%% MATPOWER Case Format : Version 2
function mpc = RTS_GMLC
mpc.version = '2';

%%-----  Power Flow Data  -----%%
%% system MVA base
mpc.baseMVA = 100.0;
%% bus data
%    bus_i    type    Pd    Qd    Gs    Bs    area    Vm    Va    baseKV    zone    Vmax    Vmin
mpc.bus = [
	101	2	86.31716972210526	17.583127165614034	0.0	0.0	1	1.0314224169986401	-4.785938787629606	138.0	11	1.05	0.95				
	102	2	77.52560613929825	15.984661059649124	0.0	0.0	1	1.0314355589083788	-4.844749584297606	138.0	12	1.05	0.95				
	103	1	143.8619495368421	29.57162296035088	0.0	0.0	1	1.0175879534634378	-4.893072939947753	138.0	11	1.05	0.95				
	104	1	59.14324592070176	11.988495794736842	0.0	0.0	1	1.0148575644725326	-7.385504130857613	138.0	11	1.05	0.95				
	105	1	56.74554676175438	11.189262741754387	0.0	0.0	1	1.0301524734571597	-7.477471125878014	138.0	11	1.05	0.95				
	106	1	108.69569520561404	22.378525483508774	0.0	-100.0	1	1.0345903207495113	-9.70899667415775	138.0	12	1.05	0.95				
	107	2	99.90413162280703	19.980826324561406	0.0	0.0	1	1.05	-6.128855168589727	138.0	12	1.05	0.95				
	108	1	136.66885206	27.973156854385966	0.0	0.0	1	1.0242014088914213	-8.935495026065666	138.0	12	1.05	0.95				
	109	1	139.86578427192984	28.772389907368424	0.0	0.0	1	1.0270805237791216	-6.22370715582095	138.0	13	1.05	0.95				
	110	1	155.85044533157895	31.969322119298248	0.0	0.0	1	1.05	-7.676170839790746	138.0	13	1.05	0.95				
	111	1	0.0	0.0	0.0	0.0	1	1.0165213804572757	-2.695682255111389	230.0	13	1.05	0.95				
	112	1	0.0	0.0	0.0	0.0	1	1.0183247498949175	-1.5475556884849746	230.0	13	1.05	0.95				
	113	3	211.79675904035088	43.15858486105263	0.0	0.0	1	1.0221009313076457	-4.918291409071886e-26	230.0	14	1.05	0.95				
	114	2	155.0512122785965	31.170089066315793	0.0	0.0	1	1.0202242439295797	-0.794916848922663	230.0	16	1.05	0.95				
	115	2	253.3568777954386	51.150915390877195	0.0	0.0	1	1.0450506841576477	6.950316949835491	230.0	16	1.05	0.95				
	116	2	79.92330529824562	15.984661059649124	0.0	0.0	1	1.0451800662336388	6.720478346579241	230.0	16	1.05	0.95				
	117	1	0.0	0.0	0.0	0.0	1	1.0478994703037	9.643655768288053	230.0	17	1.05	0.95				
	118	2	266.1446066431579	54.34784760280702	0.0	0.0	1	1.0494181897327588	10.240749316324063	230.0	17	1.05	0.95				
	119	1	144.66118258982456	29.57162296035088	0.0	0.0	1	1.0407621972122245	5.849957269072079	230.0	15	1.05	0.95				
	120	1	102.30183078175439	20.78005937754386	0.0	0.0	1	1.0441097231521055	6.59353950280456	230.0	15	1.05	0.95				
	121	2	0.0	0.0	0.0	0.0	1	1.05	11.034713549079113	230.0	17	1.05	0.95				
	122	2	0.0	0.0	0.0	0.0	1	1.05	17.0655562317237	230.0	17	1.05	0.95				
	123	2	0.0	0.0	0.0	0.0	1	1.0484184121530697	7.58270346926649	230.0	15	1.05	0.95				
	124	1	0.0	0.0	0.0	0.0	1	1.0199032625915367	2.5830634784119564	230.0	16	1.05	0.95				
	201	2	96.3211081263158	19.62096647017544	0.0	0.0	2	1.05	-15.168440091226516	138.0	21	1.05	0.95				
	202	2	86.51062489122808	17.83724224561404	0.0	0.0	2	1.05	-15.223725631338661	138.0	22	1.05	0.95				
	203	1	160.53518021052633	32.99889815438596	0.0	0.0	2	1.021961846110682	-11.114338861599048	138.0	21	1.05	0.95				
	204	1	65.99779630877192	13.377931684210525	0.0	0.0	2	1.018338896495208	-16.92812875742761	138.0	21	1.05	0.95				
	205	1	63.32220997192982	12.486069571929827	0.0	0.0	2	1.036561545974939	-17.464932036168335	138.0	21	1.05	0.95				
	206	1	121.29324727017546	24.972139143859653	0.0	-100.0	2	1.0333874164794887	-19.58208587512164	138.0	22	1.05	0.95				
	207	2	111.48276403508773	22.296552807017544	0.0	0.0	2	0.95	-29.559428211508802	138.0	22	1.05	0.95				
	208	1	152.50842120000002	31.21517392982456	0.0	0.0	2	0.952815627883505	-26.610484041018694	138.0	22	1.05	0.95				
	209	1	156.0758696491228	32.107036042105264	0.0	0.0	2	1.0214265655320325	-14.73271524225863	138.0	23	1.05	0.95				
	210	1	173.91311189473683	35.67448449122808	0.0	0.0	2	1.045947638897083	-17.027085382440116	138.0	23	1.05	0.95				
	211	1	0.0	0.0	0.0	0.0	2	1.0298329838953604	-9.082496049235921	230.0	23	1.05	0.95				
	212	1	0.0	0.0	0.0	0.0	2	1.0203332513417762	-7.703132812333681	230.0	23	1.05	0.95				
	213	2	236.34345975438595	48.1605540631579	0.0	0.0	2	1.05	-4.568910557269888	230.0	24	1.05	0.95				
	214	2	173.02124978245615	34.78262237894737	0.0	0.0	2	1.05	-6.573297866835711	230.0	26	1.05	0.95				
	215	2	282.72028959298245	57.079175185964914	0.0	0.0	2	1.0433423252614413	2.816564779634427	230.0	26	1.05	0.95				
	216	2	89.18621122807018	17.83724224561404	0.0	0.0	2	1.047622701441173	2.5244718213533837	230.0	26	1.05	0.95				
	217	1	0.0	0.0	0.0	0.0	2	1.0492851758992807	6.095096271283712	230.0	27	1.05	0.95				
	218	2	296.9900833894737	60.64662363508773	0.0	0.0	2	1.05	6.783261662551285	230.0	27	1.05	0.95				
	219	1	161.427042322807	32.99889815438596	0.0	0.0	2	1.04186901410701	1.8242154572263947	230.0	25	1.05	0.95				
	220	1	114.15835037192983	23.188414919298246	0.0	0.0	2	1.0451434762981187	2.8836400423833113	230.0	25	1.05	0.95				
	221	2	0.0	0.0	0.0	0.0	2	1.05	7.448559072387983	230.0	27	1.05	0.95				
	222	2	0.0	0.0	0.0	0.0	2	1.05	13.429323025530415	230.0	27	1.05	0.95				
	223	2	0.0	0.0	0.0	0.0	2	1.05	4.110025022261822	230.0	25	1.05	0.95				
	224	1	0.0	0.0	0.0	0.0	2	1.0175448857148184	-2.354082833179241	230.0	26	1.05	0.95				
	301	2	78.20689653473684	15.931034479298248	0.0	0.0	3	1.017279646539468	-17.576766052883848	138.0	31	1.05	0.95				
	302	2	70.24137929508773	14.482758617543862	0.0	0.0	3	1.0156593494793464	-17.99685587585525	138.0	32	1.05	0.95				
	303	1	130.34482755789475	26.79310344245614	0.0	0.0	3	1.0290365044264471	-9.681523640464	138.0	31	1.05	0.95				
	304	1	53.58620688491228	10.862068963157895	0.0	0.0	3	1.0091017482283149	-16.60915811253132	138.0	31	1.05	0.95				
	305	1	51.4137930922807	10.137931032280703	0.0	0.0	3	1.0240108404577983	-17.557239362312522	138.0	31	1.05	0.95				
	306	1	98.48275859929826	20.275862064561405	0.0	-100.0	3	1.0335372656209663	-18.34801519501384	138.0	32	1.05	0.95				
	307	2	90.51724135964912	18.103448271929825	0.0	0.0	3	1.0102543625013247	-19.777786810646507	138.0	32	1.05	0.95				
	308	1	123.82758618	25.344827580701757	0.0	0.0	3	1.0020834527913576	-19.562256000632424	138.0	32	1.05	0.95				
	309	1	126.72413790350878	26.068965511578945	0.0	0.0	3	1.0288655458603824	-12.523446830875518	138.0	33	1.05	0.95				
	310	1	141.2068965210526	28.965517235087724	0.0	0.0	3	1.05	-15.220984190781191	138.0	33	1.05	0.95				
	311	1	0.0	0.0	0.0	0.0	3	1.0227023334354284	-7.972228299779724	230.0	33	1.05	0.95				
	312	1	0.0	0.0	0.0	0.0	3	1.0194864682299791	-6.500851706620167	230.0	33	1.05	0.95				
	313	2	191.89655168245613	39.10344826736842	0.0	0.0	3	1.0350296333610067	-3.335432034915315	230.0	34	1.05	0.95				
	314	2	140.48275859017545	28.24137930421053	0.0	0.0	3	1.033482514251587	-6.237026100597344	230.0	36	1.05	0.95				
	315	2	229.5517240880702	46.34482757614036	0.0	0.0	3	1.0483119800836334	0.7419784407924057	230.0	36	1.05	0.95				
	316	2	72.4137930877193	14.482758617543862	0.0	0.0	3	1.0470658358615412	0.6377297164172824	230.0	36	1.05	0.95				
	317	1	0.0	0.0	0.0	0.0	3	1.0485407487130662	2.6811607943375697	230.0	37	1.05	0.95				
	318	2	241.1379309821053	49.24137929964913	0.0	0.0	3	1.0482245939616022	2.7835702242267146	230.0	37	1.05	0.95				
	319	1	131.06896548877194	26.79310344245614	0.0	0.0	3	1.0430246347592007	0.8376675502968307	230.0	35	1.05	0.95				
	320	1	92.68965515228072	18.82758620280702	0.0	0.0	3	1.0459110959309308	2.36770287561961	230.0	35	1.05	0.95				
	321	2	0.0	0.0	0.0	0.0	3	1.05	4.025283369195321	230.0	37	1.05	0.95				
	322	2	0.0	0.0	0.0	0.0	3	1.05	9.273322564036224	230.0	37	1.05	0.95				
	323	2	0.0	0.0	0.0	0.0	3	1.05	3.7319855845263423	230.0	35	1.05	0.95				
	324	1	0.0	0.0	0.0	0.0	3	1.027997759954902	-3.1291066503588625	230.0	36	1.05	0.95				
	325	1	0.0	0.0	0.0	0.0	3	1.0489561088926178	4.338741357832553	230.0	35	1.05	0.95				
];

%% generator data
%    bus    Pg    Qg    Qmax    Qmin    Vg    mBase    status    Pmax    Pmin    Pc1    Pc2    Qc1min    Qc1max    Qc2min    Qc2max    ramp_agc    ramp_10    ramp_30    ramp_q    apf
