%% MATPOWER Case Format : Version 2
function mpc = RTS_GMLC
mpc.version = '2';

%%-----  Power Flow Data  -----%%
%% system MVA base
mpc.baseMVA = 100.0;
%% bus data
%    bus_i    type    Pd    Qd    Gs    Bs    area    Vm    Va    baseKV    zone    Vmax    Vmin
mpc.bus = [
	101	2	80.94656110736842	16.48911429964912	0.0	0.0	1	1.0318104535859716	-3.078249466844847	138.0	11	1.05	0.95				
	102	2	72.70200395754385	14.990103908771928	0.0	0.0	1	1.0318242038502978	-3.1350947834803713	138.0	12	1.05	0.95				
	103	1	134.91093517894734	27.731692231228067	0.0	0.0	1	1.019587098472853	-3.4975059563360236	138.0	11	1.05	0.95				
	104	1	55.46338446245613	11.242577931578946	0.0	0.0	1	1.015837602798222	-5.8796785597244705	138.0	11	1.05	0.95				
	105	1	53.21486887614034	10.49307273614035	0.0	0.0	1	1.030952105265078	-5.929949799218618	138.0	11	1.05	0.95				
	106	1	101.93270657964912	20.9861454722807	0.0	-100.0	1	1.036071930245046	-8.207572408950222	138.0	12	1.05	0.95				
	107	2	93.68814942982455	18.73762988596491	0.0	0.0	1	1.05	-4.636508349478142	138.0	12	1.05	0.95				
	108	1	128.16538841999997	26.232681840350875	0.0	0.0	1	1.0256253572658298	-7.42048028125333	138.0	12	1.05	0.95				
	109	1	131.16340920175438	26.98218703578947	0.0	0.0	1	1.0267992810370243	-5.088146204861707	138.0	13	1.05	0.95				
	110	1	146.1535131105263	29.980207817543857	0.0	0.0	1	1.05	-6.450516259505671	138.0	13	1.05	0.95				
	111	1	0.0	0.0	0.0	0.0	1	1.0140719668217124	-2.003977211827441	230.0	13	1.05	0.95				
	112	1	0.0	0.0	0.0	0.0	1	1.0163971730346542	-1.0677621460300575	230.0	13	1.05	0.95				
	113	3	198.61887679122802	40.47328055368421	0.0	0.0	1	1.016226072125423	-1.78866937407823e-27	230.0	14	1.05	0.95				
	114	2	145.4040079150877	29.23070262210526	0.0	0.0	1	1.0165969290311359	0.04825120869528261	230.0	16	1.05	0.95				
	115	2	237.59314695403506	47.96833250807017	0.0	0.0	1	1.044927631682176	7.7890768847041665	230.0	16	1.05	0.95				
	116	2	74.95051954385964	14.990103908771928	0.0	0.0	1	1.0434584390908805	7.462245458407412	230.0	16	1.05	0.95				
	117	1	0.0	0.0	0.0	0.0	1	1.0472104187462843	10.405661859304855	230.0	17	1.05	0.95				
	118	2	249.5852300810526	50.96635328982456	0.0	0.0	1	1.0491828435324082	11.02438614224004	230.0	17	1.05	0.95				
	119	1	135.66044037438596	27.731692231228067	0.0	0.0	1	1.0379103960508964	6.320304192768951	230.0	15	1.05	0.95				
	120	1	95.93666501614034	19.487135081403505	0.0	0.0	1	1.0397741630961326	6.7422319803016695	230.0	15	1.05	0.95				
	121	2	0.0	0.0	0.0	0.0	1	1.05	11.726144332271595	230.0	17	1.05	0.95				
	122	2	0.0	0.0	0.0	0.0	1	1.05	17.721816449358407	230.0	17	1.05	0.95				
	123	2	0.0	0.0	0.0	0.0	1	1.042930947108011	7.526067460578146	230.0	15	1.05	0.95				
	124	1	0.0	0.0	0.0	0.0	1	1.0213025467165597	3.6201764101735163	230.0	16	1.05	0.95				
	201	2	88.07618448000001	17.941444986666667	0.0	0.0	2	1.046758477429059	-11.364740926847826	138.0	21	1.05	0.95				
	202	2	79.10546198666667	16.310404533333333	0.0	0.0	2	1.0480591530844376	-11.412197924494787	138.0	22	1.05	0.95				
	203	1	146.79364080000002	30.17424838666667	0.0	0.0	2	1.0266736131193153	-8.555353302139482	138.0	21	1.05	0.95				
	204	1	60.34849677333334	12.2328034	0.0	0.0	2	1.0214541814265135	-13.428448706110256	138.0	21	1.05	0.95				
	205	1	57.901936093333326	11.417283173333335	0.0	0.0	2	1.037908577877039	-13.832220786151506	138.0	21	1.05	0.95				
	206	1	110.91075082666669	22.83456634666667	0.0	-100.0	2	1.0383306536561427	-15.963681180758998	138.0	22	1.05	0.95				
	207	2	101.94002833333333	20.38800566666667	0.0	0.0	2	0.95	-27.67108187490404	138.0	22	1.05	0.95				
	208	1	139.45395876	28.54320793333333	0.0	0.0	2	0.9559270709668739	-23.903727469612846	138.0	22	1.05	0.95				
	209	1	142.71603966666666	29.35872816	0.0	0.0	2	1.0257262655141723	-11.81576477661092	138.0	23	1.05	0.95				
	210	1	159.02644420000001	32.620809066666666	0.0	0.0	2	1.05	-13.80721112433508	138.0	23	1.05	0.95				
	211	1	0.0	0.0	0.0	0.0	2	1.0321031950860744	-6.535252292249207	230.0	23	1.05	0.95				
	212	1	0.0	0.0	0.0	0.0	2	1.0237284284470076	-5.2016613040599635	230.0	23	1.05	0.95				
	213	2	216.11286006666668	44.038092240000005	0.0	0.0	2	1.05	-2.2682448090757448	230.0	24	1.05	0.95				
	214	2	158.21092397333334	31.805288840000003	0.0	0.0	2	1.05	-4.27343630695853	230.0	26	1.05	0.95				
	215	2	258.5199118533333	52.19329450666667	0.0	0.0	2	1.0448965629588731	4.057979784514985	230.0	26	1.05	0.95				
	216	2	81.55202266666667	16.310404533333333	0.0	0.0	2	1.0492675660516948	3.9703904547625464	230.0	26	1.05	0.95				
	217	1	0.0	0.0	0.0	0.0	2	1.0494353399371954	7.1105399656841755	230.0	27	1.05	0.95				
	218	2	271.56823548	55.45537541333334	0.0	0.0	2	1.05	7.789529467813367	230.0	27	1.05	0.95				
	219	1	147.60916102666667	30.17424838666667	0.0	0.0	2	1.0435725785371879	3.509759237881126	230.0	25	1.05	0.95				
	220	1	104.38658901333334	21.20352589333333	0.0	0.0	2	1.045968595903753	4.632246556517896	230.0	25	1.05	0.95				
	221	2	0.0	0.0	0.0	0.0	2	1.05	8.271110609451846	230.0	27	1.05	0.95				
	222	2	0.0	0.0	0.0	0.0	2	1.05	14.32769294058858	230.0	27	1.05	0.95				
	223	2	0.0	0.0	0.0	0.0	2	1.05	5.839358191241111	230.0	25	1.05	0.95				
	224	1	0.0	0.0	0.0	0.0	2	1.022142086422979	-0.635706670116335	230.0	26	1.05	0.95				
	301	2	65.66782664842106	13.37677950245614	0.0	0.0	3	1.0127735491142051	-15.525596317424428	138.0	31	1.05	0.95				
	302	2	58.97943689719298	12.16070863859649	0.0	0.0	3	1.0115062971085056	-15.853248035530045	138.0	32	1.05	0.95				
	303	1	109.44637774736843	22.49731098140351	0.0	0.0	3	1.0229892676454528	-10.265295507301078	138.0	31	1.05	0.95				
	304	1	44.99462196280702	9.120531478947367	0.0	0.0	3	1.0092208057841108	-14.704357398476782	138.0	31	1.05	0.95				
	305	1	43.17051566701754	8.512496047017546	0.0	0.0	3	1.0233710971016041	-15.338249652536105	138.0	31	1.05	0.95				
	306	1	82.69281874245614	17.024992094035092	0.0	-100.0	3	1.0360196332388716	-15.92542706828626	138.0	32	1.05	0.95				
	307	2	76.00442899122807	15.200885798245615	0.0	0.0	3	1.0052569475926423	-17.734890677117942	138.0	32	1.05	0.95				
	308	1	103.97405886	21.28124011754386	0.0	0.0	3	1.002659914257896	-17.324802210562797	138.0	32	1.05	0.95				
	309	1	106.4062005877193	21.889275549473684	0.0	0.0	3	1.0275296506909248	-11.279806961726042	138.0	33	1.05	0.95				
	310	1	118.56690922631579	24.32141727719298	0.0	0.0	3	1.05	-13.200519206079838	138.0	33	1.05	0.95				
	311	1	0.0	0.0	0.0	0.0	3	1.0162070378049297	-6.75480699826849	230.0	33	1.05	0.95				
	312	1	0.0	0.0	0.0	0.0	3	1.016737741652483	-5.521060333570785	230.0	33	1.05	0.95				
	313	2	161.1293894614035	32.83391332421053	0.0	0.0	3	1.024947535084352	-2.225857625921621	230.0	34	1.05	0.95				
	314	2	117.95887379438597	23.71338184526316	0.0	0.0	3	1.0223919208839964	-5.249952691268346	230.0	36	1.05	0.95				
	315	2	192.74723192175438	38.91426764350877	0.0	0.0	3	1.045333671710166	0.67833217069921	230.0	36	1.05	0.95				
	316	2	60.80354319298246	12.16070863859649	0.0	0.0	3	1.0431548782548292	0.5585247335656953	230.0	36	1.05	0.95				
	317	1	0.0	0.0	0.0	0.0	3	1.046493820927556	2.590077696510333	230.0	37	1.05	0.95				
	318	2	202.4757988326316	41.34640937122807	0.0	0.0	3	1.047269461146094	2.8077328544694775	230.0	37	1.05	0.95				
	319	1	110.05441317929825	22.49731098140351	0.0	0.0	3	1.0404273014534993	0.6951447382139864	230.0	35	1.05	0.95				
	320	1	77.82853528701754	15.808921230175441	0.0	0.0	3	1.04303490616199	1.9610638527339244	230.0	35	1.05	0.95				
	321	2	0.0	0.0	0.0	0.0	3	1.05	4.00850090361022	230.0	37	1.05	0.95				
	322	2	0.0	0.0	0.0	0.0	3	1.05	9.226615467573627	230.0	37	1.05	0.95				
	323	2	0.0	0.0	0.0	0.0	3	1.0462660995419364	3.101541987770837	230.0	35	1.05	0.95				
	324	1	0.0	0.0	0.0	0.0	3	1.0232599437558354	-3.3748345377210374	230.0	36	1.05	0.95				
	325	1	0.0	0.0	0.0	0.0	3	1.0450465180430852	3.8211296629180986	230.0	35	1.05	0.95				
];

%% generator data
%    bus    Pg    Qg    Qmax    Qmin    Vg    mBase    status    Pmax    Pmin    Pc1    Pc2    Qc1min    Qc1max    Qc2min    Qc2max    ramp_agc    ramp_10    ramp_30    ramp_q    apf
