%% MATPOWER Case Format : Version 2
function mpc = RTS_GMLC
mpc.version = '2';

%%-----  Power Flow Data  -----%%
%% system MVA base
mpc.baseMVA = 100.0;
%% bus data
%    bus_i    type    Pd    Qd    Gs    Bs    area    Vm    Va    baseKV    zone    Vmax    Vmin
mpc.bus = [
	101	2	88.96239485052632	18.12196932140351	0.0	0.0	1	1.0499664340615318	-1.4087160443418971	138.0	11	1.05	0.95				
	102	2	79.90141018982456	16.474517564912283	0.0	0.0	1	1.0491702177526019	-1.704753008466243	138.0	12	1.05	0.95				
	103	1	148.27065808421054	30.47785749508772	0.0	0.0	1	1.0243709251813469	-1.679506544455167	138.0	11	1.05	0.95				
	104	1	60.95571499017544	12.35588817368421	0.0	0.0	1	1.0243858088614968	-4.9997018917937766	138.0	11	1.05	0.95				
	105	1	58.48453735543859	11.532162295438598	0.0	0.0	1	1.0383532440570884	-5.543111332172622	138.0	11	1.05	0.95				
	106	1	112.02671944140351	23.064324590877195	0.0	-100.0	1	1.0372918461469167	-8.66376417393826	138.0	12	1.05	0.95				
	107	2	102.96573478070177	20.59314695614035	0.0	0.0	1	1.0176573187853282	-11.226042174929027	138.0	12	1.05	0.95				
	108	1	140.85712518	28.830405738596486	0.0	0.0	1	1.0032452329853085	-11.762653769117433	138.0	12	1.05	0.95				
	109	1	144.15202869298244	29.654131616842104	0.0	0.0	1	1.0261178454410205	-5.455973747419038	138.0	13	1.05	0.95				
	110	1	160.62654625789474	32.949035129824566	0.0	0.0	1	1.05	-7.225366659662036	138.0	13	1.05	0.95				
	111	1	0.0	0.0	0.0	0.0	1	1.0190396388729193	-2.126281160520445	230.0	13	1.05	0.95				
	112	1	0.0	0.0	0.0	0.0	1	1.018616708308627	-1.626305061347091	230.0	13	1.05	0.95				
	113	3	218.2873577350877	44.48119742526316	0.0	0.0	1	1.0219798974036938	-1.5541427753954676e-29	230.0	14	1.05	0.95				
	114	2	159.80282037964912	32.12530925157895	0.0	0.0	1	1.027819196532135	0.20232934057381033	230.0	16	1.05	0.95				
	115	2	261.12110340385965	52.7184562077193	0.0	0.0	1	1.0419738500339601	9.757138788411945	230.0	16	1.05	0.95				
	116	2	82.3725878245614	16.474517564912283	0.0	0.0	1	1.0419038348184544	8.562921693081824	230.0	16	1.05	0.95				
	117	1	0.0	0.0	0.0	0.0	1	1.045500654286776	12.719920441877488	230.0	17	1.05	0.95				
	118	2	274.3007174557895	56.01335972070176	0.0	0.0	1	1.0496086306702395	13.498313543147725	230.0	17	1.05	0.95				
	119	1	149.09438396245616	30.47785749508772	0.0	0.0	1	1.0361623136243545	6.42228910090962	230.0	15	1.05	0.95				
	120	1	105.4369124154386	21.416872834385966	0.0	0.0	1	1.0382905144543444	5.6585937395683725	230.0	15	1.05	0.95				
	121	2	0.0	0.0	0.0	0.0	1	1.05	15.67738207507275	230.0	17	1.05	0.95				
	122	2	0.0	0.0	0.0	0.0	1	1.05	23.719532165374996	230.0	17	1.05	0.95				
	123	2	0.0	0.0	0.0	0.0	1	1.0417529230388607	5.84788718773045	230.0	15	1.05	0.95				
	124	1	0.0	0.0	0.0	0.0	1	1.0210797982591198	5.50090078587077	230.0	16	1.05	0.95				
	201	2	80.46025499368422	16.390051943157896	0.0	0.0	2	1.0368780285055736	-11.293317843947484	138.0	21	1.05	0.95				
	202	2	72.26522902210527	14.900047221052635	0.0	0.0	2	1.0374220345333043	-11.26851180106156	138.0	22	1.05	0.95				
	203	1	134.1004249894737	27.56508735894737	0.0	0.0	2	1.0206502090184026	-9.748499472321486	138.0	21	1.05	0.95				
	204	1	55.13017471789474	11.175035415789473	0.0	0.0	2	1.0182079579539647	-12.35618662555959	138.0	21	1.05	0.95				
	205	1	52.895167634736836	10.430033054736844	0.0	0.0	2	1.034040979535422	-12.680547035390823	138.0	21	1.05	0.95				
	206	1	101.32032110315792	20.86006610947369	0.0	-100.0	2	1.0382014919588374	-14.143073381683955	138.0	22	1.05	0.95				
	207	2	93.12529513157895	18.62505902631579	0.0	0.0	2	0.9606154337801522	-25.15477085040328	138.0	22	1.05	0.95				
	208	1	127.39540374	26.075082636842104	0.0	0.0	2	0.9653499329343339	-21.443058228524418	138.0	22	1.05	0.95				
	209	1	130.37541318421054	26.82008499789474	0.0	0.0	2	1.0260879226210777	-10.229890370747412	138.0	23	1.05	0.95				
	210	1	145.27546040526315	29.80009444210527	0.0	0.0	2	1.05	-11.738863677795669	138.0	23	1.05	0.95				
	211	1	0.0	0.0	0.0	0.0	2	1.0275263905612706	-6.182555619224339	230.0	23	1.05	0.95				
	212	1	0.0	0.0	0.0	0.0	2	1.0236251888749295	-0.9456831059554656	230.0	23	1.05	0.95				
	213	2	197.42562567894737	40.23012749684211	0.0	0.0	2	1.0378877863969336	-3.0686044952617824	230.0	24	1.05	0.95				
	214	2	144.53045804421055	29.055092081052635	0.0	0.0	2	1.0406358012135284	-4.251692016763916	230.0	26	1.05	0.95				
	215	2	236.16574845368424	47.680151107368424	0.0	0.0	2	1.044784584339781	2.7090246793339685	230.0	26	1.05	0.95				
	216	2	74.50023610526316	14.900047221052635	0.0	0.0	2	1.0462352778044253	3.071164897434965	230.0	26	1.05	0.95				
	217	1	0.0	0.0	0.0	0.0	2	1.0481340970588842	5.213672003040364	230.0	27	1.05	0.95				
	218	2	248.08578623052634	50.66016055157896	0.0	0.0	2	1.048467113279736	5.399748356265811	230.0	27	1.05	0.95				
	219	1	134.84542735052634	27.56508735894737	0.0	0.0	2	1.0418511123220202	3.9781363477788876	230.0	25	1.05	0.95				
	220	1	95.36030221473685	19.370061387368423	0.0	0.0	2	1.045126661616296	6.164700220452185	230.0	25	1.05	0.95				
	221	2	0.0	0.0	0.0	0.0	2	1.0485606376769039	5.262488850065744	230.0	27	1.05	0.95				
	222	2	0.0	0.0	0.0	0.0	2	1.05	11.754542361502159	230.0	27	1.05	0.95				
	223	2	0.0	0.0	0.0	0.0	2	1.05	7.9018099049477435	230.0	25	1.05	0.95				
	224	1	0.0	0.0	0.0	0.0	2	1.0200488949875475	-1.90083902917002	230.0	26	1.05	0.95				
	301	2	71.93736159157895	14.653906990877195	0.0	0.0	3	1.000005767837601	13.178303959637352	138.0	31	1.05	0.95				
	302	2	64.61040809614035	13.321733628070175	0.0	0.0	3	1.0014266632301605	13.065395425544555	138.0	32	1.05	0.95				
	303	1	119.8956026526316	24.645207211929826	0.0	0.0	3	1.0249723088074618	18.341247448548085	138.0	31	1.05	0.95				
	304	1	49.29041442385965	9.991300221052631	0.0	0.0	3	1.0033254753603762	15.354856857418046	138.0	31	1.05	0.95				
	305	1	47.29215437964912	9.325213539649123	0.0	0.0	3	1.0148186085063982	15.017911815400518	138.0	31	1.05	0.95				
	306	1	90.5877886708772	18.650427079298247	0.0	-100.0	3	1.031284257320721	15.307187838569824	138.0	32	1.05	0.95				
	307	2	83.2608351754386	16.65216703508772	0.0	0.0	3	0.9838178704619772	10.974893973884505	138.0	32	1.05	0.95				
	308	1	113.90082252	23.313033849122807	0.0	0.0	3	0.9948713400408462	14.008052573020993	138.0	32	1.05	0.95				
	309	1	116.56516924561404	23.979120530526316	0.0	0.0	3	1.0291860260559036	19.92482343074727	138.0	33	1.05	0.95				
	310	1	129.88690287368422	26.64346725614035	0.0	0.0	3	1.05	18.986061048872447	138.0	33	1.05	0.95				
	311	1	0.0	0.0	0.0	0.0	3	1.0184873201408542	25.831601779872603	230.0	33	1.05	0.95				
	312	1	0.0	0.0	0.0	0.0	3	1.0248791962266806	26.93497081220233	230.0	33	1.05	0.95				
	313	2	176.51297057192983	35.968680795789474	0.0	0.0	3	1.0473965672978212	34.524255001553726	230.0	34	1.05	0.95				
	314	2	129.2208161922807	25.97738057473684	0.0	0.0	3	1.0195995782362561	24.4010881850639	230.0	36	1.05	0.95				
	315	2	211.1494780049123	42.62954760982456	0.0	0.0	3	1.041583928433009	19.473354808442537	230.0	36	1.05	0.95				
	316	2	66.60866814035089	13.321733628070175	0.0	0.0	3	1.0422323335978172	20.73916119573732	230.0	36	1.05	0.95				
	317	1	0.0	0.0	0.0	0.0	3	1.05	21.16839189029805	230.0	37	1.05	0.95				
	318	2	221.80686490736844	45.2938943354386	0.0	0.0	3	1.047717094862008	18.896868396911735	230.0	37	1.05	0.95				
	319	1	120.56168933403511	24.645207211929826	0.0	0.0	3	1.0417141064118878	22.73770056708041	230.0	35	1.05	0.95				
	320	1	85.25909521964913	17.31825371649123	0.0	0.0	3	1.0439997462363555	24.23670398010202	230.0	35	1.05	0.95				
	321	2	0.0	0.0	0.0	0.0	3	1.0462750209030558	19.704041075659454	230.0	37	1.05	0.95				
	322	2	0.0	0.0	0.0	0.0	3	1.05	24.621208716297083	230.0	37	1.05	0.95				
	323	2	0.0	0.0	0.0	0.0	3	1.0451983258137607	24.73174989009754	230.0	35	1.05	0.95				
	324	1	0.0	0.0	0.0	0.0	3	1.0332104161807263	20.995559818447422	230.0	36	1.05	0.95				
	325	1	0.0	0.0	0.0	0.0	3	1.047041276108064	23.968270721992496	230.0	35	1.05	0.95				
];
