%% MATPOWER Case Format : Version 2
function mpc = RTS_GMLC
mpc.version = '2';

%%-----  Power Flow Data  -----%%
%% system MVA base
mpc.baseMVA = 100.0;
%% bus data
%    bus_i    type    Pd    Qd    Gs    Bs    area    Vm    Va    baseKV    zone    Vmax    Vmin
mpc.bus = [
	101	2	92.89015340210527	18.922068285614035	0.0	0.0	1	1.0349010906798504	-5.999054294326649	138.0	11	1.05	0.95				
	102	2	83.42911925929825	17.201880259649123	0.0	0.0	1	1.0349414383292412	-6.052909051780011	138.0	12	1.05	0.95				
	103	1	154.8169223368421	31.823478480350875	0.0	0.0	1	1.0149476035889953	-5.800217430871035	138.0	11	1.05	0.95				
	104	1	63.64695696070175	12.901410194736842	0.0	0.0	1	1.0156168256921054	-8.469259299993658	138.0	11	1.05	0.95				
	105	1	61.066674921754384	12.041316181754388	0.0	0.0	1	1.031099936148915	-8.7008891495704	138.0	11	1.05	0.95				
	106	1	116.97278576561405	24.082632363508775	0.0	-100.0	1	1.033622616849594	-10.990319500600105	138.0	12	1.05	0.95				
	107	2	107.51175162280701	21.502350324561405	0.0	0.0	1	1.05	-7.048914626917985	138.0	12	1.05	0.95				
	108	1	147.07607622	30.103290454385963	0.0	0.0	1	1.0222916600646084	-10.072655252679917	138.0	12	1.05	0.95				
	109	1	150.51645227192984	30.96338446736842	0.0	0.0	1	1.0269182175733533	-7.136072618835403	138.0	13	1.05	0.95				
	110	1	167.71833253157894	34.403760519298245	0.0	0.0	1	1.05	-8.730400851489936	138.0	13	1.05	0.95				
	111	1	0.0	0.0	0.0	0.0	1	1.019409316458176	-3.189395782370978	230.0	13	1.05	0.95				
	112	1	0.0	0.0	0.0	0.0	1	1.0191691373930587	-2.118913682092934	230.0	13	1.05	0.95				
	113	3	227.92491344035088	46.445076701052635	0.0	0.0	1	1.0264935002685887	1.8136804089208712e-27	230.0	14	1.05	0.95				
	114	2	166.8582385185965	33.54366650631579	0.0	0.0	1	1.0267449296652287	-1.2766495747982796	230.0	16	1.05	0.95				
	115	2	272.6498021154386	55.0460168308772	0.0	0.0	1	1.0432219988662395	7.030192447488013	230.0	16	1.05	0.95				
	116	2	86.00940129824562	17.201880259649123	0.0	0.0	1	1.0443350600913954	6.688509569518062	230.0	16	1.05	0.95				
	117	1	0.0	0.0	0.0	0.0	1	1.0470930614217853	10.224121509535943	230.0	17	1.05	0.95				
	118	2	286.4113063231579	58.486392882807024	0.0	0.0	1	1.0499999860563176	10.78015310959103	230.0	17	1.05	0.95				
	119	1	155.67701634982456	31.823478480350875	0.0	0.0	1	1.0392992389448106	5.392282925912591	230.0	15	1.05	0.95				
	120	1	110.0920336617544	22.36244433754386	0.0	0.0	1	1.042930058070057	5.8792168308223856	230.0	15	1.05	0.95				
	121	2	0.0	0.0	0.0	0.0	1	1.05	11.67942909213858	230.0	17	1.05	0.95				
	122	2	0.0	0.0	0.0	0.0	1	1.05	20.427700509723532	230.0	17	1.05	0.95				
	123	2	0.0	0.0	0.0	0.0	1	1.0475942726552463	6.772598343567874	230.0	15	1.05	0.95				
	124	1	0.0	0.0	0.0	0.0	1	1.0164535311130614	2.300112184736955	230.0	16	1.05	0.95				
	201	2	91.15315597894737	18.568235477192978	0.0	0.0	2	1.0474564135216398	-11.235885108380595	138.0	21	1.05	0.95				
	202	2	81.86903824035086	16.880214070175438	0.0	0.0	2	1.0488418037238272	-11.263199409777435	138.0	22	1.05	0.95				
	203	1	151.92192663157894	31.228396029824555	0.0	0.0	2	1.0273745924442697	-8.996188810596067	138.0	21	1.05	0.95				
	204	1	62.45679205964911	12.660160552631577	0.0	0.0	2	1.021767585103905	-13.091527975162442	138.0	21	1.05	0.95				
	205	1	59.924759949122794	11.816149849122807	0.0	0.0	2	1.0379555467240575	-13.456800997727967	138.0	21	1.05	0.95				
	206	1	114.78545567719299	23.632299698245614	0.0	-100.0	2	1.0377791862305386	-15.47239923535456	138.0	22	1.05	0.95				
	207	2	105.50133793859648	21.100267587719294	0.0	0.0	2	0.95	-26.817919188004808	138.0	22	1.05	0.95				
	208	1	144.32583029999998	29.540374622807015	0.0	0.0	2	0.9554107466164113	-23.233699188340236	138.0	22	1.05	0.95				
	209	1	147.70187311403507	30.384385326315783	0.0	0.0	2	1.0266892411536517	-11.211912166746112	138.0	23	1.05	0.95				
	210	1	164.5820871842105	33.760428140350875	0.0	0.0	2	1.05	-13.090137662864654	138.0	23	1.05	0.95				
	211	1	0.0	0.0	0.0	0.0	2	1.032520873393989	-6.0595649073272275	230.0	23	1.05	0.95				
	212	1	0.0	0.0	0.0	0.0	2	1.0257981907376215	-3.3465598273536408	230.0	23	1.05	0.95				
	213	2	223.66283642982455	45.576577989473684	0.0	0.0	2	1.05	-1.6980520781523547	230.0	24	1.05	0.95				
	214	2	163.73807648070172	32.9164174368421	0.0	0.0	2	1.05	-4.054595829184144	230.0	26	1.05	0.95				
	215	2	267.5513930122807	54.0166850245614	0.0	0.0	2	1.0463675183337735	4.080608050150566	230.0	26	1.05	0.95				
	216	2	84.40107035087718	16.880214070175438	0.0	0.0	2	1.0499999908555822	3.9902398456399353	230.0	26	1.05	0.95				
	217	1	0.0	0.0	0.0	0.0	2	1.05	6.942022919429161	230.0	27	1.05	0.95				
	218	2	281.055564268421	57.39272783859649	0.0	0.0	2	1.049646807351332	7.626214620495848	230.0	27	1.05	0.95				
	219	1	152.7659373350877	31.228396029824555	0.0	0.0	2	1.043659428430319	3.648025500477934	230.0	25	1.05	0.95				
	220	1	108.0333700491228	21.944278291228066	0.0	0.0	2	1.0458552855963754	4.92615479973865	230.0	25	1.05	0.95				
	221	2	0.0	0.0	0.0	0.0	2	1.05	8.169102808239728	230.0	27	1.05	0.95				
	222	2	0.0	0.0	0.0	0.0	2	1.05	14.199619513249925	230.0	27	1.05	0.95				
	223	2	0.0	0.0	0.0	0.0	2	1.05	6.238988781023067	230.0	25	1.05	0.95				
	224	1	0.0	0.0	0.0	0.0	2	1.0226499950817893	-0.7828440912980831	230.0	26	1.05	0.95				
	301	2	84.16893387789474	17.145523567719298	0.0	0.0	3	1.0170874258079332	-17.790412021291456	138.0	31	1.05	0.95				
	302	2	75.59617209403508	15.586839607017545	0.0	0.0	3	1.0154481084740754	-18.21926380202541	138.0	32	1.05	0.95				
	303	1	140.2815564631579	28.83565327298246	0.0	0.0	3	1.0268629320184983	-9.792651215416598	138.0	31	1.05	0.95				
	304	1	57.67130654596492	11.690129705263159	0.0	0.0	3	1.0070138997222549	-16.794054364349854	138.0	31	1.05	0.95				
	305	1	55.33328060491228	10.910787724912282	0.0	0.0	3	1.0229102139776545	-17.425938039418607	138.0	31	1.05	0.95				
	306	1	105.99050932771932	21.821575449824564	0.0	-100.0	3	1.0317153796320628	-18.07857218828362	138.0	32	1.05	0.95				
	307	2	97.41774754385966	19.48354950877193	0.0	0.0	3	1.0092506634247305	-20.34512236083496	138.0	32	1.05	0.95				
	308	1	133.26747863999998	27.276969312280702	0.0	0.0	3	0.9994291734491159	-19.848090765853303	138.0	32	1.05	0.95				
	309	1	136.3848465614035	28.05631129263158	0.0	0.0	3	1.0276102349733667	-12.443744192542237	138.0	33	1.05	0.95				
	310	1	151.97168616842106	31.17367921403509	0.0	0.0	3	1.05	-14.5659472505165	138.0	33	1.05	0.95				
	311	1	0.0	0.0	0.0	0.0	3	1.0237877882569386	-7.123779690724351	230.0	33	1.05	0.95				
	312	1	0.0	0.0	0.0	0.0	3	1.0209440790433966	-5.770452687664634	230.0	33	1.05	0.95				
	313	2	206.52562479298246	42.08446693894737	0.0	0.0	3	1.0388377800797342	-2.329743756811018	230.0	34	1.05	0.95				
	314	2	151.19234418807017	30.39433723368421	0.0	0.0	3	1.0358826513367776	-5.0955531104419745	230.0	36	1.05	0.95				
	315	2	247.05140777122807	49.87788674245614	0.0	0.0	3	1.0478506375896028	0.34995978881186957	230.0	36	1.05	0.95				
	316	2	77.93419803508772	15.586839607017545	0.0	0.0	3	1.0464386211326955	0.31572762788853764	230.0	36	1.05	0.95				
	317	1	0.0	0.0	0.0	0.0	3	1.0485049094229608	2.5606230099971774	230.0	37	1.05	0.95				
	318	2	259.5208794568421	52.99525466385966	0.0	0.0	3	1.0477933601866973	2.4789966647851687	230.0	37	1.05	0.95				
	319	1	141.06089844350876	28.83565327298246	0.0	0.0	3	1.0432796743057486	0.9570627707087365	230.0	35	1.05	0.95				
	320	1	99.75577348491228	20.262891489122808	0.0	0.0	3	1.046104656117416	2.355099895723016	230.0	35	1.05	0.95				
	321	2	0.0	0.0	0.0	0.0	3	1.05	3.6982742691578085	230.0	37	1.05	0.95				
	322	2	0.0	0.0	0.0	0.0	3	1.05	9.027409345998038	230.0	37	1.05	0.95				
	323	2	0.0	0.0	0.0	0.0	3	1.05	3.566784481477851	230.0	35	1.05	0.95				
	324	1	0.0	0.0	0.0	0.0	3	1.0286525029197713	-2.4734926112198017	230.0	36	1.05	0.95				
	325	1	0.0	0.0	0.0	0.0	3	1.0486629905595886	4.240105666478622	230.0	35	1.05	0.95				
];
