%% MATPOWER Case Format : Version 2
function mpc = RTS_GMLC
mpc.version = '2';

%%-----  Power Flow Data  -----%%
%% system MVA base
mpc.baseMVA = 100.0;
%% bus data
%    bus_i    type    Pd    Qd    Gs    Bs    area    Vm    Va    baseKV    zone    Vmax    Vmin
mpc.bus = [
	101	2	62.082632349473684	12.646462145263158	0.0	0.0	1	1.0241575027136776	-0.9259840750798677	138.0	11	1.05	0.95				
	102	2	55.759401276842105	11.496783768421054	0.0	0.0	1	1.023056687684254	-1.274988782994128	138.0	12	1.05	0.95				
	103	1	103.47105391578948	21.269049971578944	0.0	0.0	1	1.0150313351843108	1.2505213225944645	138.0	11	1.05	0.95				
	104	1	42.53809994315789	8.622587826315788	0.0	0.0	1	1.0131556562140072	-3.8320754191151414	138.0	11	1.05	0.95				
	105	1	40.81358237789473	8.047748637894738	0.0	0.0	1	1.0292355637820612	-3.9868450089205747	138.0	11	1.05	0.95				
	106	1	78.17812962526315	16.095497275789477	0.0	-100.0	1	1.0389528813067332	-6.3000607876655605	138.0	12	1.05	0.95				
	107	2	71.85489855263158	14.370979710526315	0.0	0.0	1	0.9932947366799681	-13.591432168817487	138.0	12	1.05	0.95				
	108	1	98.29750122	20.11937159473684	0.0	0.0	1	0.993590226394506	-11.489352117807343	138.0	12	1.05	0.95				
	109	1	100.59685797368421	20.694210783157892	0.0	0.0	1	1.0228225181354818	-3.561032377276943	138.0	13	1.05	0.95				
	110	1	112.09364174210525	22.993567536842107	0.0	0.0	1	1.05	-5.242764879496777	138.0	13	1.05	0.95				
	111	1	0.0	0.0	0.0	0.0	1	1.0195753153637854	-0.1287792203486517	230.0	13	1.05	0.95				
	112	1	0.0	0.0	0.0	0.0	1	1.0156170328001335	-1.0212861746203918	230.0	13	1.05	0.95				
	113	3	152.33238493157896	31.041316174736842	0.0	0.0	1	1.0107852620836313	-1.6371753224913293e-30	230.0	14	1.05	0.95				
	114	2	111.51880255368421	22.418728348421055	0.0	0.0	1	1.0418655129168115	3.927972970921874	230.0	16	1.05	0.95				
	115	2	182.2240227294737	36.78970805894737	0.0	0.0	1	1.0289923038362634	15.673713989777731	230.0	16	1.05	0.95				
	116	2	57.48391884210526	11.496783768421054	0.0	0.0	1	1.0297156439809012	13.464172951272436	230.0	16	1.05	0.95				
	117	1	0.0	0.0	0.0	0.0	1	1.0305713709020212	20.529009642630125	230.0	17	1.05	0.95				
	118	2	191.42144974421055	39.08906481263158	0.0	0.0	1	1.0415317982079126	21.50107953717633	230.0	17	1.05	0.95				
	119	1	104.04589310421053	21.269049971578944	0.0	0.0	1	1.0266436550322042	8.798695356675518	230.0	15	1.05	0.95				
	120	1	73.57941611789474	14.945818898947369	0.0	0.0	1	1.0331455529760374	5.871980064739466	230.0	15	1.05	0.95				
	121	2	0.0	0.0	0.0	0.0	1	1.0401861123603213	23.817878767484764	230.0	17	1.05	0.95				
	122	2	0.0	0.0	0.0	0.0	1	1.05	41.80421285404976	230.0	17	1.05	0.95				
	123	2	0.0	0.0	0.0	0.0	1	1.0385495017376893	4.707721089277004	230.0	15	1.05	0.95				
	124	1	0.0	0.0	0.0	0.0	1	1.005458920014542	10.285224547481297	230.0	16	1.05	0.95				
	201	2	56.847473621052636	11.580040922807019	0.0	0.0	2	1.0137196777494584	-15.764176420432843	138.0	21	1.05	0.95				
	202	2	51.05745315964912	10.527309929824563	0.0	0.0	2	1.013597759182432	-15.885255683959361	138.0	22	1.05	0.95				
	203	1	94.74578936842106	19.47552337017544	0.0	0.0	2	1.0135813569468648	-12.273890456401572	138.0	21	1.05	0.95				
	204	1	38.95104674035088	7.895482447368421	0.0	0.0	2	1.010728685384615	-15.741237276105167	138.0	21	1.05	0.95				
	205	1	37.3719502508772	7.369116950877194	0.0	0.0	2	1.02522927476413	-16.21333024964892	138.0	21	1.05	0.95				
	206	1	71.58570752280703	14.738233901754388	0.0	-100.0	2	1.0389699029551727	-17.02714214784766	138.0	22	1.05	0.95				
	207	2	65.79568706140351	13.159137412280703	0.0	0.0	2	0.991330688021691	-23.871792886850344	138.0	22	1.05	0.95				
	208	1	90.0084999	18.42279237719298	0.0	0.0	2	0.993947000216391	-21.402241050597056	138.0	22	1.05	0.95				
	209	1	92.11396188596493	18.94915787368421	0.0	0.0	2	1.024469035890912	-13.453109435330521	138.0	23	1.05	0.95				
	210	1	102.64127181578948	21.054619859649126	0.0	0.0	2	1.05	-14.973555190199017	138.0	23	1.05	0.95				
	211	1	0.0	0.0	0.0	0.0	2	1.0150891013520558	-9.473768223732993	230.0	23	1.05	0.95				
	212	1	0.0	0.0	0.0	0.0	2	1.0136863088479362	-7.708266503894351	230.0	23	1.05	0.95				
	213	2	139.48685657017543	28.423736810526318	0.0	0.0	2	1.0220568392169416	-6.975856892689314	230.0	24	1.05	0.95				
	214	2	102.11490631929824	20.528254363157895	0.0	0.0	2	1.0192033407145993	-6.921646055045913	230.0	26	1.05	0.95				
	215	2	166.8578623877193	33.6873917754386	0.0	0.0	2	1.0336210703066278	-0.5807440738791292	230.0	26	1.05	0.95				
	216	2	52.63654964912281	10.527309929824563	0.0	0.0	2	1.0366685277218695	-0.13077555351010287	230.0	26	1.05	0.95				
	217	1	0.0	0.0	0.0	0.0	2	1.0386426508858433	1.1860813213871466	230.0	27	1.05	0.95				
	218	2	175.27971033157897	35.792853761403514	0.0	0.0	2	1.0364384892923373	0.4017008361646795	230.0	27	1.05	0.95				
	219	1	95.27215486491228	19.47552337017544	0.0	0.0	2	1.0381724472390528	1.478318989325879	230.0	25	1.05	0.95				
	220	1	67.3747835508772	13.685502908771932	0.0	0.0	2	1.044418237421074	3.8636263786287266	230.0	25	1.05	0.95				
	221	2	0.0	0.0	0.0	0.0	2	1.0377924692625473	0.8840838540724358	230.0	27	1.05	0.95				
	222	2	0.0	0.0	0.0	0.0	2	1.05	7.503700397983229	230.0	27	1.05	0.95				
	223	2	0.0	0.0	0.0	0.0	2	1.05	5.5475641354628555	230.0	25	1.05	0.95				
	224	1	0.0	0.0	0.0	0.0	2	1.0115995942251321	-4.922116316238778	230.0	26	1.05	0.95				
	301	2	43.579247077894735	8.877254034385965	0.0	0.0	3	1.0230253966574718	27.70369520561716	138.0	31	1.05	0.95				
	302	2	39.14062006070175	8.070230940350877	0.0	0.0	3	1.021156070563819	27.353705007654987	138.0	32	1.05	0.95				
	303	1	72.6320784631579	14.929927239649121	0.0	0.0	3	1.05	42.38898126551626	138.0	31	1.05	0.95				
	304	1	29.859854479298242	6.052673205263157	0.0	0.0	3	1.0132370741074754	28.51566950127106	138.0	31	1.05	0.95				
	305	1	28.649319838245614	5.649161658245614	0.0	0.0	3	1.0304522381202803	26.123709486378168	138.0	31	1.05	0.95				
	306	1	54.87757039438597	11.298323316491228	0.0	-100.0	3	1.042241269721443	24.738779962611225	138.0	32	1.05	0.95				
	307	2	50.43894337719298	10.087788675438595	0.0	0.0	3	0.95	21.516332664003183	138.0	32	1.05	0.95				
	308	1	69.00047453999998	14.122904145614031	0.0	0.0	3	0.9731224053319713	23.20409556580346	138.0	32	1.05	0.95				
	309	1	70.61452072807018	14.526415692631577	0.0	0.0	3	1.0189007934325787	31.15049197622104	138.0	33	1.05	0.95				
	310	1	78.68475166842104	16.140461880701753	0.0	0.0	3	1.0475816515660088	25.82411211086637	138.0	33	1.05	0.95				
	311	1	0.0	0.0	0.0	0.0	3	1.007100319266204	29.301258407544392	230.0	33	1.05	0.95				
	312	1	0.0	0.0	0.0	0.0	3	1.0130776269810449	29.34868798960158	230.0	33	1.05	0.95				
	313	2	106.9305599596491	21.789623538947367	0.0	0.0	3	1.010099958073317	30.97241660179754	230.0	34	1.05	0.95				
	314	2	78.2812401214035	15.736950333684211	0.0	0.0	3	1.0001756630782	28.745587965733833	230.0	36	1.05	0.95				
	315	2	127.9131604045614	25.824739009122805	0.0	0.0	3	1.0465169758494126	30.823596883987076	230.0	36	1.05	0.95				
	316	2	40.35115470175438	8.070230940350877	0.0	0.0	3	1.029111033650238	30.37846901556067	230.0	36	1.05	0.95				
	317	1	0.0	0.0	0.0	0.0	3	1.05	33.88877148050577	230.0	37	1.05	0.95				
	318	2	134.3693451568421	27.438785197192985	0.0	0.0	3	1.05	30.400164703054326	230.0	37	1.05	0.95				
	319	1	73.03559001017544	14.929927239649121	0.0	0.0	3	1.0219642403616902	28.82275407138523	230.0	35	1.05	0.95				
	320	1	51.64947801824561	10.49130022245614	0.0	0.0	3	1.0187747935757199	28.254328654243867	230.0	35	1.05	0.95				
	321	2	0.0	0.0	0.0	0.0	3	1.05	31.205740522121147	230.0	37	1.05	0.95				
	322	2	0.0	0.0	0.0	0.0	3	1.05	36.606892871579944	230.0	37	1.05	0.95				
	323	2	0.0	0.0	0.0	0.0	3	1.0174310524740937	28.257407596015504	230.0	35	1.05	0.95				
	324	1	0.0	0.0	0.0	0.0	3	1.0441790008882674	35.244689033074856	230.0	36	1.05	0.95				
	325	1	0.0	0.0	0.0	0.0	3	1.0207165194199606	27.88816781035517	230.0	35	1.05	0.95				
];
