%% MATPOWER Case Format : Version 2
function mpc = RTS_GMLC
mpc.version = '2';

%%-----  Power Flow Data  -----%%
%% system MVA base
mpc.baseMVA = 100.0;
%% bus data
%    bus_i    type    Pd    Qd    Gs    Bs    area    Vm    Va    baseKV    zone    Vmax    Vmin
mpc.bus = [
	101	2	52.91786243368421	10.779564569824561	0.0	0.0	1	1.031133581204247	0.18128682505059576	138.0	11	1.05	0.95				
	102	2	47.528080148771934	9.799604154385966	0.0	0.0	1	1.0301181660647385	-0.12496870141119083	138.0	12	1.05	0.95				
	103	1	88.19643738947369	18.129267685614035	0.0	0.0	1	1.0267285787731804	0.605152228030811	138.0	11	1.05	0.95				
	104	1	36.25853537122807	7.349703115789474	0.0	0.0	1	1.0187732534325804	-2.8597680408685338	138.0	11	1.05	0.95				
	105	1	34.78859474807018	6.859722908070176	0.0	0.0	1	1.0339342751176912	-2.846952991662355	138.0	11	1.05	0.95				
	106	1	66.63730824982457	13.719445816140352	0.0	-100.0	1	1.0430913808386513	-5.073251199794487	138.0	12	1.05	0.95				
	107	2	61.247525964912285	12.249505192982458	0.0	0.0	1	0.9986099291642715	-11.568147820942636	138.0	12	1.05	0.95				
	108	1	83.78661552000001	17.14930727017544	0.0	0.0	1	1.0004836944039581	-9.769822411732047	138.0	12	1.05	0.95				
	109	1	85.74653635087721	17.63928747789474	0.0	0.0	1	1.0242895733857125	-3.101955941883913	138.0	13	1.05	0.95				
	110	1	95.54614050526317	19.59920830877193	0.0	0.0	1	1.05	-4.364026187298406	138.0	13	1.05	0.95				
	111	1	0.0	0.0	0.0	0.0	1	1.0088895871759467	-0.3972258294037059	230.0	13	1.05	0.95				
	112	1	0.0	0.0	0.0	0.0	1	1.011039899361315	-0.9684286351069175	230.0	13	1.05	0.95				
	113	3	129.84475504561402	26.458931216842107	0.0	0.0	1	1.0023127473784645	-3.677274778206687e-28	230.0	14	1.05	0.95				
	114	2	95.05616029754387	19.109228101052633	0.0	0.0	1	1.014005791967232	2.6652167601082395	230.0	16	1.05	0.95				
	115	2	155.32372584701756	31.35873329403509	0.0	0.0	1	1.0405831362424303	11.451133964410161	230.0	16	1.05	0.95				
	116	2	48.99802077192983	9.799604154385966	0.0	0.0	1	1.0355106824358817	9.925766766743093	230.0	16	1.05	0.95				
	117	1	0.0	0.0	0.0	0.0	1	1.0404904874918703	15.358087628164716	230.0	17	1.05	0.95				
	118	2	163.16340917052634	33.318654124912285	0.0	0.0	1	1.05	15.913449379501111	230.0	17	1.05	0.95				
	119	1	88.68641759719299	18.129267685614035	0.0	0.0	1	1.0260114419320492	6.46992713179594	230.0	15	1.05	0.95				
	120	1	62.71746658807018	12.739485400701756	0.0	0.0	1	1.0238466259062282	4.390283968583436	230.0	15	1.05	0.95				
	121	2	0.0	0.0	0.0	0.0	1	1.05	17.609765896287325	230.0	17	1.05	0.95				
	122	2	0.0	0.0	0.0	0.0	1	1.05	33.17960045694589	230.0	17	1.05	0.95				
	123	2	0.0	0.0	0.0	0.0	1	1.0237244186254373	3.6208309895288	230.0	15	1.05	0.95				
	124	1	0.0	0.0	0.0	0.0	1	1.021864302623446	7.40116695285713	230.0	16	1.05	0.95				
	201	2	49.70753973473684	10.12560994596491	0.0	0.0	2	1.0144657332671427	-13.51134971381067	138.0	21	1.05	0.95				
	202	2	44.644734761754385	9.205099950877194	0.0	0.0	2	1.014218500640743	-13.628548348005507	138.0	22	1.05	0.95				
	203	1	82.84589955789473	17.029434909122806	0.0	0.0	2	1.0152688996226473	-10.586459884584437	138.0	21	1.05	0.95				
	204	1	34.05886981824561	6.903824963157894	0.0	0.0	2	1.0121856209018252	-13.723301666467394	138.0	21	1.05	0.95				
	205	1	32.67810482561403	6.443569965614035	0.0	0.0	2	1.0265778216365469	-14.125142470032324	138.0	21	1.05	0.95				
	206	1	62.59467966596491	12.88713993122807	0.0	-100.0	2	1.0410257997615782	-14.974889705177912	138.0	22	1.05	0.95				
	207	2	57.531874692982456	11.50637493859649	0.0	0.0	2	0.9915275661219382	-20.89493537841652	138.0	22	1.05	0.95				
	208	1	78.70360458	16.108924914035086	0.0	0.0	2	0.9968744381899581	-18.790674077829177	138.0	22	1.05	0.95				
	209	1	80.54462457017544	16.569179911578946	0.0	0.0	2	1.0239577856359248	-11.897363697656235	138.0	23	1.05	0.95				
	210	1	89.74972452105263	18.41019990175439	0.0	0.0	2	1.05	-13.261007935229033	138.0	23	1.05	0.95				
	211	1	0.0	0.0	0.0	0.0	2	1.0096692303944872	-8.500518165831094	230.0	23	1.05	0.95				
	212	1	0.0	0.0	0.0	0.0	2	1.011466663500322	-7.122794369241415	230.0	23	1.05	0.95				
	213	2	121.9675743491228	24.85376986736842	0.0	0.0	2	1.010356350920839	-6.4703391440906755	230.0	24	1.05	0.95				
	214	2	89.28946952350877	17.949944904210525	0.0	0.0	2	1.0115921699051977	-6.126129832211528	230.0	26	1.05	0.95				
	215	2	145.9008342214035	29.456319842807016	0.0	0.0	2	1.0274149434369175	-0.21291903463154255	230.0	26	1.05	0.95				
	216	2	46.02549975438596	9.205099950877194	0.0	0.0	2	1.0300035263858633	0.016307611985165116	230.0	26	1.05	0.95				
	217	1	0.0	0.0	0.0	0.0	2	1.0324740090509972	1.282491480336995	230.0	27	1.05	0.95				
	218	2	153.26491418210526	31.297339832982455	0.0	0.0	2	1.031157782021882	0.6771732354398002	230.0	27	1.05	0.95				
	219	1	83.3061545554386	17.029434909122806	0.0	0.0	2	1.0335486395267843	1.0039495911730354	230.0	25	1.05	0.95				
	220	1	58.91263968561403	11.96662993614035	0.0	0.0	2	1.0402428719234962	2.7354014612990416	230.0	25	1.05	0.95				
	221	2	0.0	0.0	0.0	0.0	2	1.032882709201165	1.1853769923218682	230.0	27	1.05	0.95				
	222	2	0.0	0.0	0.0	0.0	2	1.05	7.718838333902639	230.0	27	1.05	0.95				
	223	2	0.0	0.0	0.0	0.0	2	1.0452830011827603	4.018919946101817	230.0	25	1.05	0.95				
	224	1	0.0	0.0	0.0	0.0	2	1.0100868036764776	-4.091586603753964	230.0	26	1.05	0.95				
	301	2	40.128440362105266	8.174311925614035	0.0	0.0	3	1.0132611424151519	3.683450647070948	138.0	31	1.05	0.95				
	302	2	36.04128439929825	7.431192659649123	0.0	0.0	3	1.013118532237008	3.5449845856047926	138.0	32	1.05	0.95				
	303	1	66.8807339368421	13.747706420350877	0.0	0.0	3	1.0326577955838259	10.164678353531436	138.0	31	1.05	0.95				
	304	1	27.495412840701754	5.573394494736842	0.0	0.0	3	1.0146417575426392	4.912348507817343	138.0	31	1.05	0.95				
	305	1	26.380733941754386	5.201834861754386	0.0	0.0	3	1.0271530832026983	3.6512439868989928	138.0	31	1.05	0.95				
	306	1	50.532110085614036	10.403669723508772	0.0	-100.0	3	1.0433635347913643	3.1748876194050393	138.0	32	1.05	0.95				
	307	2	46.44495412280702	9.288990824561404	0.0	0.0	3	0.9727842875176175	-0.15892674033542817	138.0	32	1.05	0.95				
	308	1	63.536697239999995	13.004587154385963	0.0	0.0	3	0.9902609644760721	1.3824969325442042	138.0	32	1.05	0.95				
	309	1	65.02293577192982	13.37614678736842	0.0	0.0	3	1.0269711293830432	7.554736734880276	138.0	33	1.05	0.95				
	310	1	72.45412843157895	14.862385319298246	0.0	0.0	3	1.05	4.817291405695707	138.0	33	1.05	0.95				
	311	1	0.0	0.0	0.0	0.0	3	1.005017402689476	9.340886892540246	230.0	33	1.05	0.95				
	312	1	0.0	0.0	0.0	0.0	3	1.0118250967345301	9.568201831062854	230.0	33	1.05	0.95				
	313	2	98.46330274035088	20.064220181052633	0.0	0.0	3	1.0087498017169938	12.092864599760277	230.0	34	1.05	0.95				
	314	2	72.0825687985965	14.49082568631579	0.0	0.0	3	0.9956128028847919	10.22830638269754	230.0	36	1.05	0.95				
	315	2	117.78440365543858	23.779816510877193	0.0	0.0	3	1.0241159667344846	13.602774803548376	230.0	36	1.05	0.95				
	316	2	37.15596329824562	7.431192659649123	0.0	0.0	3	1.0205670017920165	13.66829506858938	230.0	36	1.05	0.95				
	317	1	0.0	0.0	0.0	0.0	3	1.041819353453161	18.326819919368432	230.0	37	1.05	0.95				
	318	2	123.7293577831579	25.266055042807018	0.0	0.0	3	1.041932130377654	15.705699369559389	230.0	37	1.05	0.95				
	319	1	67.25229356982456	13.747706420350877	0.0	0.0	3	1.0169813890070012	12.564598078737498	230.0	35	1.05	0.95				
	320	1	47.55963302175439	9.66055045754386	0.0	0.0	3	1.0162994962490552	12.342661227994995	230.0	35	1.05	0.95				
	321	2	0.0	0.0	0.0	0.0	3	1.037771897492922	15.65273301137947	230.0	37	1.05	0.95				
	322	2	0.0	0.0	0.0	0.0	3	1.05	21.019978202431425	230.0	37	1.05	0.95				
	323	2	0.0	0.0	0.0	0.0	3	1.016213868323957	12.513849092319358	230.0	35	1.05	0.95				
	324	1	0.0	0.0	0.0	0.0	3	1.0212994809468225	12.288961934563266	230.0	36	1.05	0.95				
	325	1	0.0	0.0	0.0	0.0	3	1.018697970580935	12.969300930845924	230.0	35	1.05	0.95				
];
