%% MATPOWER Case Format : Version 2
function mpc = RTS_GMLC
mpc.version = '2';

%%-----  Power Flow Data  -----%%
%% system MVA base
mpc.baseMVA = 100.0;
%% bus data
%    bus_i    type    Pd    Qd    Gs    Bs    area    Vm    Va    baseKV    zone    Vmax    Vmin
mpc.bus = [
	101	2	87.96041564210527	17.917862445614034	0.0	0.0	1	1.0499998905197196	0.42135887387373294	138.0	11	1.05	0.95				
	102	2	79.00148441929824	16.288965859649124	0.0	0.0	1	1.0496455224086834	0.2351242289424384	138.0	12	1.05	0.95				
	103	1	146.60069273684212	30.134586840350874	0.0	0.0	1	1.0260952734307316	-1.3956138188532143	138.0	11	1.05	0.95				
	104	1	60.26917368070175	12.216724394736842	0.0	0.0	1	1.0251478576185666	-3.493748561827209	138.0	11	1.05	0.95				
	105	1	57.82582880175438	11.402276101754387	0.0	0.0	1	1.0382649580886512	-3.9431575836906614	138.0	11	1.05	0.95				
	106	1	110.76496784561405	22.804552203508774	0.0	-100.0	1	1.0374199660577137	-7.155769283928407	138.0	12	1.05	0.95				
	107	2	101.80603662280703	20.361207324561402	0.0	0.0	1	1.043745938003645	-5.4050065065802695	138.0	12	1.05	0.95				
	108	1	139.2706581	28.50569025438596	0.0	0.0	1	1.0200804495774567	-7.816963607203142	138.0	12	1.05	0.95				
	109	1	142.5284512719298	29.32013854736842	0.0	0.0	1	1.027107156332979	-4.3856871946059846	138.0	13	1.05	0.95				
	110	1	158.81741713157896	32.57793171929825	0.0	0.0	1	1.05	-5.892122817135363	138.0	13	1.05	0.95				
	111	1	0.0	0.0	0.0	0.0	1	1.014719915508542	-1.8515616157520847	230.0	13	1.05	0.95				
	112	1	0.0	0.0	0.0	0.0	1	1.0172921661455983	-1.1453969546426581	230.0	13	1.05	0.95				
	113	3	215.82879764035087	43.98020782105264	0.0	0.0	1	1.0160126617642877	-8.629895000886231e-29	230.0	14	1.05	0.95				
	114	2	158.00296883859647	31.76348342631579	0.0	0.0	1	1.0168930979079454	-0.14232045941872787	230.0	16	1.05	0.95				
	115	2	258.18010887543863	52.12469075087719	0.0	0.0	1	1.0441479005262508	8.078684504807715	230.0	16	1.05	0.95				
	116	2	81.44482929824561	16.288965859649124	0.0	0.0	1	1.0422392011636261	7.220880400922361	230.0	16	1.05	0.95				
	117	1	0.0	0.0	0.0	0.0	1	1.0454740730896563	10.387614887503172	230.0	17	1.05	0.95				
	118	2	271.2112815631579	55.382483922807026	0.0	0.0	1	1.047693379481353	10.88196662797974	230.0	17	1.05	0.95				
	119	1	147.41514102982455	30.134586840350874	0.0	0.0	1	1.0353029908109292	5.609496362754137	230.0	15	1.05	0.95				
	120	1	104.24938150175439	21.17565561754386	0.0	0.0	1	1.0359099410821961	5.293215413520043	230.0	15	1.05	0.95				
	121	2	0.0	0.0	0.0	0.0	1	1.05	12.743835116893734	230.0	17	1.05	0.95				
	122	2	0.0	0.0	0.0	0.0	1	1.05	19.540693685250194	230.0	17	1.05	0.95				
	123	2	0.0	0.0	0.0	0.0	1	1.0385352861604384	5.724220403932365	230.0	15	1.05	0.95				
	124	1	0.0	0.0	0.0	0.0	1	1.0254798448442053	4.558594925570563	230.0	16	1.05	0.95				
	201	2	84.3022194063158	17.172674323508772	0.0	0.0	2	1.0410362620231108	-12.924357448108504	138.0	21	1.05	0.95				
	202	2	75.7158822445614	15.611522112280705	0.0	0.0	2	1.0413547906199212	-13.007008683000722	138.0	22	1.05	0.95				
	203	1	140.50369901052633	28.8813159077193	0.0	0.0	2	1.0252869576510788	-9.775273582138375	138.0	21	1.05	0.95				
	204	1	57.7626318154386	11.708641584210525	0.0	0.0	2	1.0192346398516847	-14.333147659328429	138.0	21	1.05	0.95				
	205	1	55.42090349859649	10.928065478596492	0.0	0.0	2	1.0356239315093845	-14.77251723295074	138.0	21	1.05	0.95				
	206	1	106.15835036350877	21.856130957192985	0.0	-100.0	2	1.037985376822535	-16.542869333841132	138.0	22	1.05	0.95				
	207	2	97.57201320175439	19.514402640350877	0.0	0.0	2	0.9517098222723637	-28.197001950087174	138.0	22	1.05	0.95				
	208	1	133.47851406	27.320163696491228	0.0	0.0	2	0.9580323252434253	-24.26011716432242	138.0	22	1.05	0.95				
	209	1	136.60081848245616	28.100739802105263	0.0	0.0	2	1.025982524523535	-12.26910705215895	138.0	23	1.05	0.95				
	210	1	152.21234059473684	31.22304422456141	0.0	0.0	2	1.05	-14.201907334654521	138.0	23	1.05	0.95				
	211	1	0.0	0.0	0.0	0.0	2	1.0304568778664618	-8.528397285729113	230.0	23	1.05	0.95				
	212	1	0.0	0.0	0.0	0.0	2	1.0258059822319157	-3.5198124435500446	230.0	23	1.05	0.95				
	213	2	206.85266798771931	42.1511097031579	0.0	0.0	2	1.041351337210845	-5.764881938466194	230.0	24	1.05	0.95				
	214	2	151.4317644891228	30.442468118947367	0.0	0.0	2	1.0456539368783573	-6.4146755414026035	230.0	26	1.05	0.95				
	215	2	247.44262547964914	49.95687075929825	0.0	0.0	2	1.0442351171187456	1.4470480188227612	230.0	26	1.05	0.95				
	216	2	78.05761056140351	15.611522112280705	0.0	0.0	2	1.0461584014389285	1.4142614576784005	230.0	26	1.05	0.95				
	217	1	0.0	0.0	0.0	0.0	2	1.0472578073350776	3.9872031194848745	230.0	27	1.05	0.95				
	218	2	259.9318431694737	53.07917518175439	0.0	0.0	2	1.0478457531054146	4.189766619406151	230.0	27	1.05	0.95				
	219	1	141.28427511614038	28.8813159077193	0.0	0.0	2	1.0418623232959632	1.6589992286290014	230.0	25	1.05	0.95				
	220	1	99.9137415185965	20.294978745964915	0.0	0.0	2	1.04525826158351	3.335019215910784	230.0	25	1.05	0.95				
	221	2	0.0	0.0	0.0	0.0	2	1.0480988928930188	4.149539889944729	230.0	27	1.05	0.95				
	222	2	0.0	0.0	0.0	0.0	2	1.05	10.596371006935751	230.0	27	1.05	0.95				
	223	2	0.0	0.0	0.0	0.0	2	1.05	4.818611171959525	230.0	25	1.05	0.95				
	224	1	0.0	0.0	0.0	0.0	2	1.0230866276680546	-2.723734524911561	230.0	26	1.05	0.95				
	301	2	74.63650744421054	15.203732997894736	0.0	0.0	3	0.9897041689241644	0.18511967192243897	138.0	31	1.05	0.95				
	302	2	67.03464094526316	13.82157545263158	0.0	0.0	3	0.9915284949396346	0.09353295049154055	138.0	32	1.05	0.95				
	303	1	124.3941790736842	25.56991458736842	0.0	0.0	3	1.0067289653611928	4.697442115749265	138.0	31	1.05	0.95				
	304	1	51.13982917473684	10.366181589473683	0.0	0.0	3	0.9888199309114245	2.6523490797380243	138.0	31	1.05	0.95				
	305	1	49.0665928568421	9.675102816842106	0.0	0.0	3	1.0007039977817311	2.465276063934779	138.0	31	1.05	0.95				
	306	1	93.98671307789473	19.35020563368421	0.0	-100.0	3	1.015225069350094	2.961077799985898	138.0	32	1.05	0.95				
	307	2	86.38484657894736	17.276969315789472	0.0	0.0	3	0.9680424682892953	-1.9135399927484038	138.0	32	1.05	0.95				
	308	1	118.17447012	24.18775704210526	0.0	0.0	3	0.9776342952742172	1.3752609523061385	138.0	32	1.05	0.95				
	309	1	120.9387852105263	24.878835814736842	0.0	0.0	3	1.0129151051269356	7.638160960013956	138.0	33	1.05	0.95				
	310	1	134.76036066315788	27.64315090526316	0.0	0.0	3	1.033998607139386	7.026460684744926	138.0	33	1.05	0.95				
	311	1	0.0	0.0	0.0	0.0	3	1.004907579351366	14.625955809113018	230.0	33	1.05	0.95				
	312	1	0.0	0.0	0.0	0.0	3	1.0100509091219205	16.019491721201746	230.0	33	1.05	0.95				
	313	2	183.1358747473684	37.31825372210527	0.0	0.0	3	1.0366410650614246	23.957556012559923	230.0	34	1.05	0.95				
	314	2	134.06928189052633	26.952072132631578	0.0	0.0	3	1.0103550298453041	13.476963201456432	230.0	36	1.05	0.95				
	315	2	219.07197092421052	44.22904144842105	0.0	0.0	3	1.035735469215889	8.89216730675929	230.0	36	1.05	0.95				
	316	2	69.10787726315789	13.82157545263158	0.0	0.0	3	1.0360978776873633	10.589128102773985	230.0	36	1.05	0.95				
	317	1	0.0	0.0	0.0	0.0	3	1.041009171269139	9.934238474282415	230.0	37	1.05	0.95				
	318	2	230.12923128631576	46.99335653894737	0.0	0.0	3	1.039142228959967	8.488302900170904	230.0	37	1.05	0.95				
	319	1	125.08525784631578	25.56991458736842	0.0	0.0	3	1.033686421615888	12.990212948574761	230.0	35	1.05	0.95				
	320	1	88.4580828968421	17.96804808842105	0.0	0.0	3	1.0351951616755957	14.92604839084649	230.0	35	1.05	0.95				
	321	2	0.0	0.0	0.0	0.0	3	1.0395742608966971	9.202254045300462	230.0	37	1.05	0.95				
	322	2	0.0	0.0	0.0	0.0	3	1.05	13.807194036521675	230.0	37	1.05	0.95				
	323	2	0.0	0.0	0.0	0.0	3	1.036319580278505	15.671357529149581	230.0	35	1.05	0.95				
	324	1	0.0	0.0	0.0	0.0	3	1.0206457632597088	9.275314404893816	230.0	36	1.05	0.95				
	325	1	0.0	0.0	0.0	0.0	3	1.0387390630205537	15.429130828224075	230.0	35	1.05	0.95				
];
