%% MATPOWER Case Format : Version 2
function mpc = RTS_GMLC
mpc.version = '2';

%%-----  Power Flow Data  -----%%
%% system MVA base
mpc.baseMVA = 100.0;
%% bus data
%    bus_i    type    Pd    Qd    Gs    Bs    area    Vm    Va    baseKV    zone    Vmax    Vmin
mpc.bus = [
	101	2	80.75952500210526	16.4510143522807	0.0	0.0	1	1.044478418143034	0.9698539825009912	138.0	11	1.05	0.95				
	102	2	72.53401782596491	14.955467592982458	0.0	0.0	1	1.0437894810084125	0.6713326757771106	138.0	12	1.05	0.95				
	103	1	134.5992083368421	27.667615047017545	0.0	0.0	1	1.0265187548970838	-0.12206593389194947	138.0	11	1.05	0.95				
	104	1	55.33523009403509	11.216600694736842	0.0	0.0	1	1.0234750691394057	-3.0660480782604527	138.0	11	1.05	0.95				
	105	1	53.091909955087715	10.46882731508772	0.0	0.0	1	1.036115929838457	-3.5560633192118702	138.0	11	1.05	0.95				
	106	1	101.69717963228071	20.93765463017544	0.0	-100.0	1	1.0378200919160083	-6.820731792125326	138.0	12	1.05	0.95				
	107	2	93.47167245614035	18.69433449122807	0.0	0.0	1	1.0350658833368485	-11.726345962752264	138.0	12	1.05	0.95				
	108	1	127.86924792	26.1720682877193	0.0	0.0	1	1.0151496658762107	-11.230669664867111	138.0	12	1.05	0.95				
	109	1	130.8603414385965	26.91984166736842	0.0	0.0	1	1.0264934660855627	-4.249525154919623	138.0	13	1.05	0.95				
	110	1	145.81580903157897	29.910935185964917	0.0	0.0	1	1.05	-5.850707323310133	138.0	13	1.05	0.95				
	111	1	0.0	0.0	0.0	0.0	1	1.0144463970730229	-1.3883369716648786	230.0	13	1.05	0.95				
	112	1	0.0	0.0	0.0	0.0	1	1.0173305692306334	-1.0821227210013695	230.0	13	1.05	0.95				
	113	3	198.15994560701756	40.37976250105263	0.0	0.0	1	1.0157506150735869	4.800344493864329e-30	230.0	14	1.05	0.95				
	114	2	145.06803565192982	29.16316180631579	0.0	0.0	1	1.017941141056599	1.095409551437575	230.0	16	1.05	0.95				
	115	2	237.04416134877192	47.85749629754386	0.0	0.0	1	1.0431510292635233	10.257182978595665	230.0	16	1.05	0.95				
	116	2	74.77733796491228	14.955467592982458	0.0	0.0	1	1.0411753015020644	9.137075174180199	230.0	16	1.05	0.95				
	117	1	0.0	0.0	0.0	0.0	1	1.0446689610284081	13.28078392942751	230.0	17	1.05	0.95				
	118	2	249.00853542315792	50.848589816140354	0.0	0.0	1	1.049472762683161	13.79962373929983	230.0	17	1.05	0.95				
	119	1	135.34698171649126	27.667615047017545	0.0	0.0	1	1.0355461965207604	6.859899041800261	230.0	15	1.05	0.95				
	120	1	95.71499259508772	19.442107870877194	0.0	0.0	1	1.037090058327915	5.8449241735259845	230.0	15	1.05	0.95				
	121	2	0.0	0.0	0.0	0.0	1	1.05	15.588798245402362	230.0	17	1.05	0.95				
	122	2	0.0	0.0	0.0	0.0	1	1.05	26.19848404692631	230.0	17	1.05	0.95				
	123	2	0.0	0.0	0.0	0.0	1	1.0398918702000128	5.842616174255697	230.0	15	1.05	0.95				
	124	1	0.0	0.0	0.0	0.0	1	1.0239434699330514	6.392856350073257	230.0	16	1.05	0.95				
	201	2	85.62820714105264	17.442782936140354	0.0	0.0	2	1.0343355637946363	-16.087729623927604	138.0	21	1.05	0.95				
	202	2	76.90681567298246	15.85707539649123	0.0	0.0	2	1.0380059941502355	-16.20012530284125	138.0	22	1.05	0.95				
	203	1	142.71367856842107	29.335589483508773	0.0	0.0	2	1.0228896445793723	-13.285969957385417	138.0	21	1.05	0.95				
	204	1	58.671178967017546	11.892806547368421	0.0	0.0	2	1.0178987344591623	-17.47934497759905	138.0	21	1.05	0.95				
	205	1	56.292617657543865	11.099952777543862	0.0	0.0	2	1.0320114400320253	-17.879835434283148	138.0	21	1.05	0.95				
	206	1	107.82811269614037	22.199905555087724	0.0	-100.0	2	1.0368115120633916	-19.62730156024757	138.0	22	1.05	0.95				
	207	2	99.10672122807019	19.821344245614036	0.0	0.0	2	0.95	-31.370572505362066	138.0	22	1.05	0.95				
	208	1	135.57799464	27.74988194385965	0.0	0.0	2	0.9566309060000471	-27.40684429232647	138.0	22	1.05	0.95				
	209	1	138.74940971929826	28.542735713684213	0.0	0.0	2	1.0268099023761235	-15.32141554497616	138.0	23	1.05	0.95				
	210	1	154.60648511578947	31.71415079298246	0.0	0.0	2	1.05	-17.193344797593685	138.0	23	1.05	0.95				
	211	1	0.0	0.0	0.0	0.0	2	1.0342559190968057	-11.18336817032313	230.0	23	1.05	0.95				
	212	1	0.0	0.0	0.0	0.0	2	1.028149205524843	-6.42098308473883	230.0	23	1.05	0.95				
	213	2	210.1062490035088	42.81410357052632	0.0	0.0	2	1.05	-8.446339395919127	230.0	24	1.05	0.95				
	214	2	153.81363134596492	30.921297023157894	0.0	0.0	2	1.05	-8.741353663548756	230.0	26	1.05	0.95				
	215	2	251.33464503438597	50.74264126877194	0.0	0.0	2	1.0457598731569602	-0.2649624222299767	230.0	26	1.05	0.95				
	216	2	79.28537698245614	15.85707539649123	0.0	0.0	2	1.0494106574423094	-0.3971702180689234	230.0	26	1.05	0.95				
	217	1	0.0	0.0	0.0	0.0	2	1.0493064808448824	2.427893836650257	230.0	27	1.05	0.95				
	218	2	264.02030535157894	53.91405634807018	0.0	0.0	2	1.049999995426768	2.47705222346587	230.0	27	1.05	0.95				
	219	1	143.50653233824562	29.335589483508773	0.0	0.0	2	1.0436640715057541	-0.2518108795676958	230.0	25	1.05	0.95				
	220	1	101.48528253754388	20.614198015438596	0.0	0.0	2	1.0458887458844341	1.3570759508349093	230.0	25	1.05	0.95				
	221	2	0.0	0.0	0.0	0.0	2	1.05	2.326688030556167	230.0	27	1.05	0.95				
	222	2	0.0	0.0	0.0	0.0	2	1.05	8.87901523363731	230.0	27	1.05	0.95				
	223	2	0.0	0.0	0.0	0.0	2	1.05	2.8143508755907685	230.0	25	1.05	0.95				
	224	1	0.0	0.0	0.0	0.0	2	1.0206910289202613	-5.090254447547568	230.0	26	1.05	0.95				
	301	2	81.11104082526316	16.522619427368422	0.0	0.0	3	0.9792208740233502	-4.07137897421342	138.0	31	1.05	0.95				
	302	2	72.84973111157895	15.020563115789475	0.0	0.0	3	0.9799920235963887	-4.222402632437292	138.0	32	1.05	0.95				
	303	1	135.18506804210526	27.788041764210526	0.0	0.0	3	1.0021983128960474	2.9278931737715634	138.0	31	1.05	0.95				
	304	1	55.57608352842105	11.265422336842104	0.0	0.0	3	0.9739358485008085	-1.4483759329824595	138.0	31	1.05	0.95				
	305	1	53.322999061052634	10.514394181052634	0.0	0.0	3	0.9860353268654161	-1.9269124640292232	138.0	31	1.05	0.95				
	306	1	102.13982918736843	21.028788362105267	0.0	-100.0	3	0.9971709145610045	-1.5817310111673677	138.0	32	1.05	0.95				
	307	2	93.87851947368421	18.775703894736843	0.0	0.0	3	0.95	-8.316092948283982	138.0	32	1.05	0.95				
	308	1	128.42581464	26.28598545263158	0.0	0.0	3	0.9550975566308311	-4.495120587072357	138.0	32	1.05	0.95				
	309	1	131.4299272631579	27.037013608421052	0.0	0.0	3	0.9988175738131263	4.059798332637136	138.0	33	1.05	0.95				
	310	1	146.45049037894736	30.04112623157895	0.0	0.0	3	1.0171201784629684	2.788220335167831	138.0	33	1.05	0.95				
	311	1	0.0	0.0	0.0	0.0	3	0.9946510555137078	11.672047926742431	230.0	33	1.05	0.95				
	312	1	0.0	0.0	0.0	0.0	3	0.9973083163792185	12.705204760908044	230.0	33	1.05	0.95				
	313	2	199.02246128421052	40.55552041263158	0.0	0.0	3	1.0243203609473484	20.09433207781604	230.0	34	1.05	0.95				
	314	2	145.6994622231579	29.290098075789473	0.0	0.0	3	1.0078030850690491	12.201223679023778	230.0	36	1.05	0.95				
	315	2	238.07592538526316	48.065801970526316	0.0	0.0	3	1.0475341433424368	10.75960742806756	230.0	36	1.05	0.95				
	316	2	75.10281557894737	15.020563115789475	0.0	0.0	3	1.0436468726145658	12.34687803379112	230.0	36	1.05	0.95				
	317	1	0.0	0.0	0.0	0.0	3	1.05	14.715153169408984	230.0	37	1.05	0.95				
	318	2	250.09237587789474	51.06991459368422	0.0	0.0	3	1.0440092129661611	11.934115264675375	230.0	37	1.05	0.95				
	319	1	135.93609619789476	27.788041764210526	0.0	0.0	3	1.0364110773655393	13.525634944398474	230.0	35	1.05	0.95				
	320	1	96.13160394105263	19.526732050526316	0.0	0.0	3	1.0335473207992312	14.550685801046757	230.0	35	1.05	0.95				
	321	2	0.0	0.0	0.0	0.0	3	1.049058416996897	12.165690669565983	230.0	37	1.05	0.95				
	322	2	0.0	0.0	0.0	0.0	3	1.05	17.513242127677557	230.0	37	1.05	0.95				
	323	2	0.0	0.0	0.0	0.0	3	1.032500865955183	14.985092897933814	230.0	35	1.05	0.95				
	324	1	0.0	0.0	0.0	0.0	3	1.0228125256669527	9.712272837455282	230.0	36	1.05	0.95				
	325	1	0.0	0.0	0.0	0.0	3	1.034724520767866	15.045167359844621	230.0	35	1.05	0.95				
];
