%% MATPOWER Case Format : Version 2
function mpc = RTS_GMLC
mpc.version = '2';

%%-----  Power Flow Data  -----%%
%% system MVA base
mpc.baseMVA = 100.0;
%% bus data
%    bus_i    type    Pd    Qd    Gs    Bs    area    Vm    Va    baseKV    zone    Vmax    Vmin
mpc.bus = [
	101	2	99.58337458105264	20.285502229473686	0.0	0.0	1	1.0416807258598315	-6.09407840246766	138.0	11	1.05	0.95				
	102	2	89.4406234663158	18.441365663157896	0.0	0.0	1	1.041555652420295	-6.193320458124692	138.0	12	1.05	0.95				
	103	1	165.97229096842108	34.116526476842104	0.0	0.0	1	1.014356057658884	-7.1597905701553275	138.0	11	1.05	0.95				
	104	1	68.23305295368421	13.83102424736842	0.0	0.0	1	1.0178853469451317	-9.005414884722658	138.0	11	1.05	0.95				
	105	1	65.46684810421053	12.908955964210527	0.0	0.0	1	1.0335645201203896	-9.165200727524146	138.0	11	1.05	0.95				
	106	1	125.4012865094737	25.817911928421054	0.0	-100.0	1	1.033190018770701	-11.725705690364705	138.0	12	1.05	0.95				
	107	2	115.25853539473685	23.05170707894737	0.0	0.0	1	1.05	-6.8886721311165235	138.0	12	1.05	0.95				
	108	1	157.67367642000002	32.272389910526314	0.0	0.0	1	1.0203450523262723	-10.482254866482933	138.0	12	1.05	0.95				
	109	1	161.3619495526316	33.19445819368421	0.0	0.0	1	1.0272127873942967	-7.921447353110052	138.0	13	1.05	0.95				
	110	1	179.80331521578947	36.88273132631579	0.0	0.0	1	1.05	-9.403751442162159	138.0	13	1.05	0.95				
	111	1	0.0	0.0	0.0	0.0	1	1.0209869447699702	-3.8919604192919333	230.0	13	1.05	0.95				
	112	1	0.0	0.0	0.0	0.0	1	1.0208059035896255	-2.482866557575397	230.0	13	1.05	0.95				
	113	3	244.3480950368421	49.79168729052632	0.0	0.0	1	1.0312686114965315	-4.709909529041705e-33	230.0	14	1.05	0.95				
	114	2	178.8812469326316	35.9606630431579	0.0	0.0	1	1.027475919418691	-2.5914867519592115	230.0	16	1.05	0.95				
	115	2	292.29564576105264	59.012370122105274	0.0	0.0	1	1.0434464940639172	5.012821048528078	230.0	16	1.05	0.95				
	116	2	92.20682831578948	18.441365663157896	0.0	0.0	1	1.0452388183395063	4.893128287379	230.0	16	1.05	0.95				
	117	1	0.0	0.0	0.0	0.0	1	1.048039933983341	7.918740801074567	230.0	17	1.05	0.95				
	118	2	307.04873829157896	62.70064325473685	0.0	0.0	1	1.0497474465603243	8.553083098532202	230.0	17	1.05	0.95				
	119	1	166.89435925157895	34.116526476842104	0.0	0.0	1	1.0405128108562347	4.244347566988057	230.0	15	1.05	0.95				
	120	1	118.02474024421055	23.973775362105265	0.0	0.0	1	1.0445903527102098	5.227693232941342	230.0	15	1.05	0.95				
	121	2	0.0	0.0	0.0	0.0	1	1.05	9.477522015682585	230.0	17	1.05	0.95				
	122	2	0.0	0.0	0.0	0.0	1	1.05	15.472833594917663	230.0	17	1.05	0.95				
	123	2	0.0	0.0	0.0	0.0	1	1.05	6.433475244165599	230.0	15	1.05	0.95				
	124	1	0.0	0.0	0.0	0.0	1	1.017275074206449	0.5304023578932872	230.0	16	1.05	0.95				
	201	2	104.27703445894738	21.241618130526316	0.0	0.0	2	1.05	-13.075985547182322	138.0	21	1.05	0.95				
	202	2	93.65622539368421	19.310561936842106	0.0	0.0	2	1.05	-13.089820035420095	138.0	22	1.05	0.95				
	203	1	173.79505743157895	35.72453958315789	0.0	0.0	2	1.0217810318057312	-10.064489652307984	138.0	21	1.05	0.95				
	204	1	71.44907916631578	14.482921452631578	0.0	0.0	2	1.0167533315793973	-14.34516334196721	138.0	21	1.05	0.95				
	205	1	68.55249487578948	13.517393355789476	0.0	0.0	2	1.0344708393813469	-14.823485220222658	138.0	21	1.05	0.95				
	206	1	131.31182117052634	27.034786711578953	0.0	-100.0	2	1.0294862926758794	-16.695978085024723	138.0	22	1.05	0.95				
	207	2	120.69101210526316	24.138202421052632	0.0	0.0	2	0.95	-25.336227427993638	138.0	22	1.05	0.95				
	208	1	165.10530455999998	33.793483389473685	0.0	0.0	2	0.9507241380494611	-23.038197491078908	138.0	22	1.05	0.95				
	209	1	168.96741694736843	34.759011486315785	0.0	0.0	2	1.0215351830767907	-11.469703764501766	138.0	23	1.05	0.95				
	210	1	188.2779788842105	38.62112387368421	0.0	0.0	2	1.0436596515086214	-13.575170530273368	138.0	23	1.05	0.95				
	211	1	0.0	0.0	0.0	0.0	2	1.0299474605762013	-6.199013274804489	230.0	23	1.05	0.95				
	212	1	0.0	0.0	0.0	0.0	2	1.023339268360439	-1.5357847769564865	230.0	23	1.05	0.95				
	213	2	255.86494566315787	52.13851722947369	0.0	0.0	2	1.05	-0.9274781507490226	230.0	24	1.05	0.95				
	214	2	187.31245078736842	37.655595776842105	0.0	0.0	2	1.05	-4.814915852728634	230.0	26	1.05	0.95				
	215	2	306.07240669894736	61.79379819789473	0.0	0.0	2	1.0454253406512701	3.17971509495847	230.0	26	1.05	0.95				
	216	2	96.55280968421053	19.310561936842106	0.0	0.0	2	1.0489282598777925	3.133067608400698	230.0	26	1.05	0.95				
	217	1	0.0	0.0	0.0	0.0	2	1.05	5.950811194851027	230.0	27	1.05	0.95				
	218	2	321.52085624842107	65.65591058526317	0.0	0.0	2	1.049603601945824	6.444344923137335	230.0	27	1.05	0.95				
	219	1	174.76058552842107	35.72453958315789	0.0	0.0	2	1.041596187104379	3.076460427210673	230.0	25	1.05	0.95				
	220	1	123.58759639578946	25.10373051789474	0.0	0.0	2	1.0445364980784537	4.834450929484626	230.0	25	1.05	0.95				
	221	2	0.0	0.0	0.0	0.0	2	1.05	7.087841644210963	230.0	27	1.05	0.95				
	222	2	0.0	0.0	0.0	0.0	2	1.05	13.153757597320867	230.0	27	1.05	0.95				
	223	2	0.0	0.0	0.0	0.0	2	1.05	6.495430384785583	230.0	25	1.05	0.95				
	224	1	0.0	0.0	0.0	0.0	2	1.01975568294426	-1.7251357836128551	230.0	26	1.05	0.95				
	301	2	81.48687123789475	16.599177474385964	0.0	0.0	3	1.0123113934099597	-13.484434909489666	138.0	31	1.05	0.95				
	302	2	73.18728250070176	15.09016134035088	0.0	0.0	3	1.0109710096319608	-13.841646526366121	138.0	32	1.05	0.95				
	303	1	135.8114520631579	27.916798479649124	0.0	0.0	3	1.0181351043508833	-8.113145991798957	138.0	31	1.05	0.95				
	304	1	55.83359695929825	11.317621005263158	0.0	0.0	3	1.0053365387069277	-12.353313380350965	138.0	31	1.05	0.95				
	305	1	53.570072758245615	10.563112938245615	0.0	0.0	3	1.0205800108562235	-12.692714276502812	138.0	31	1.05	0.95				
	306	1	102.61309711438598	21.12622587649123	0.0	-100.0	3	1.031269110757731	-13.081049482044461	138.0	32	1.05	0.95				
	307	2	94.31350837719299	18.862701675438597	0.0	0.0	3	1.0073254240411091	-14.955993125388709	138.0	32	1.05	0.95				
	308	1	129.02087946	26.407782345614034	0.0	0.0	3	1.003671899083252	-13.852313524124039	138.0	32	1.05	0.95				
	309	1	132.0389117280702	27.162290412631577	0.0	0.0	3	1.0273533903983705	-8.051536177351116	138.0	33	1.05	0.95				
	310	1	147.12907306842106	30.18032268070176	0.0	0.0	3	1.05	-9.48072508525659	138.0	33	1.05	0.95				
	311	1	0.0	0.0	0.0	0.0	3	1.0210657740336853	-2.285549196878364	230.0	33	1.05	0.95				
	312	1	0.0	0.0	0.0	0.0	3	1.0219373130073124	-0.9125880610872485	230.0	33	1.05	0.95				
	313	2	199.9446377596491	40.74343561894737	0.0	0.0	3	1.0400213308505544	3.8253694788168437	230.0	34	1.05	0.95				
	314	2	146.3745650014035	29.425814613684214	0.0	0.0	3	1.0290144990517796	-1.303105110036397	230.0	36	1.05	0.95				
	315	2	239.17905724456142	48.28851628912281	0.0	0.0	3	1.0454401686140757	2.156760471806835	230.0	36	1.05	0.95				
	316	2	75.45080670175439	15.09016134035088	0.0	0.0	3	1.0431657530203153	2.098783899973322	230.0	36	1.05	0.95				
	317	1	0.0	0.0	0.0	0.0	3	1.0464688747676452	3.8405950829942306	230.0	37	1.05	0.95				
	318	2	251.2511863168421	51.30654855719299	0.0	0.0	3	1.0468184383354027	3.8263467348422577	230.0	37	1.05	0.95				
	319	1	136.56596013017545	27.916798479649124	0.0	0.0	3	1.0398000571416985	2.4414415345254366	230.0	35	1.05	0.95				
	320	1	96.57703257824562	19.617209742456144	0.0	0.0	3	1.042931391193779	3.865292926025964	230.0	35	1.05	0.95				
	321	2	0.0	0.0	0.0	0.0	3	1.0499999892268463	5.18850774510757	230.0	37	1.05	0.95				
	322	2	0.0	0.0	0.0	0.0	3	1.05	10.434280842702247	230.0	37	1.05	0.95				
	323	2	0.0	0.0	0.0	0.0	3	1.0464780061046284	4.926945750830338	230.0	35	1.05	0.95				
	324	1	0.0	0.0	0.0	0.0	3	1.0244440878029375	-0.13952224406316402	230.0	36	1.05	0.95				
	325	1	0.0	0.0	0.0	0.0	3	1.046604440034657	5.309198047172543	230.0	35	1.05	0.95				
];
