%% MATPOWER Case Format : Version 2
function mpc = RTS_GMLC
mpc.version = '2';

%%-----  Power Flow Data  -----%%
%% system MVA base
mpc.baseMVA = 100.0;
%% bus data
%    bus_i    type    Pd    Qd    Gs    Bs    area    Vm    Va    baseKV    zone    Vmax    Vmin
mpc.bus = [
	101	2	69.16328549052632	14.088817414736843	0.0	0.0	1	1.0492641224448127	1.0296578382230142	138.0	11	1.05	0.95				
	102	2	62.118876783157894	12.808015831578947	0.0	0.0	1	1.0481090239805864	0.6492606061013328	138.0	12	1.05	0.95				
	103	1	115.27214248421053	23.69482928842105	0.0	0.0	1	1.0315093405119955	-0.6599001316792334	138.0	11	1.05	0.95				
	104	1	47.3896585768421	9.60601187368421	0.0	0.0	1	1.0271951272705258	-2.9009240132990253	138.0	11	1.05	0.95				
	105	1	45.46845620210526	8.965611082105264	0.0	0.0	1	1.0401404634996647	-3.2777472841774795	138.0	11	1.05	0.95				
	106	1	87.09450765473686	17.931222164210528	0.0	-100.0	1	1.0421955103892924	-6.363730719169711	138.0	12	1.05	0.95				
	107	2	80.05009894736843	16.010019789473684	0.0	0.0	1	1.000012258221904	-14.724055335365922	138.0	12	1.05	0.95				
	108	1	109.50853536	22.414027705263155	0.0	0.0	1	0.9958245521170747	-12.619725119008004	138.0	12	1.05	0.95				
	109	1	112.07013852631577	23.054428496842107	0.0	0.0	1	1.0258409659222056	-4.379778498750378	138.0	13	1.05	0.95				
	110	1	124.87815435789473	25.616031663157894	0.0	0.0	1	1.05	-5.710900314454487	138.0	13	1.05	0.95				
	111	1	0.0	0.0	0.0	0.0	1	1.0120446512304007	-1.7027671260653183	230.0	13	1.05	0.95				
	112	1	0.0	0.0	0.0	0.0	1	1.0152781705403386	-1.2906459264020227	230.0	13	1.05	0.95				
	113	3	169.70620976842105	34.58164274526316	0.0	0.0	1	1.012255583491079	2.5755215159361266e-27	230.0	14	1.05	0.95				
	114	2	124.23775356631579	24.975630871578947	0.0	0.0	1	1.013258293965765	0.21195617480146334	230.0	16	1.05	0.95				
	115	2	203.0070509305263	40.98565066105263	0.0	0.0	1	1.043251581187241	7.537853003159447	230.0	16	1.05	0.95				
	116	2	64.04007915789474	12.808015831578947	0.0	0.0	1	1.0404075482159447	6.757765496728052	230.0	16	1.05	0.95				
	117	1	0.0	0.0	0.0	0.0	1	1.0450602530184452	9.782147995366351	230.0	17	1.05	0.95				
	118	2	213.2534635957895	43.54725382736843	0.0	0.0	1	1.047443148933982	10.371843088766656	230.0	17	1.05	0.95				
	119	1	115.91254327578949	23.69482928842105	0.0	0.0	1	1.0337960478663213	5.205637212659968	230.0	15	1.05	0.95				
	120	1	81.97130132210526	16.650420581052632	0.0	0.0	1	1.0327381150322636	4.6331078458794765	230.0	15	1.05	0.95				
	121	2	0.0	0.0	0.0	0.0	1	1.05	11.950370335722576	230.0	17	1.05	0.95				
	122	2	0.0	0.0	0.0	0.0	1	1.05	17.611323238116615	230.0	17	1.05	0.95				
	123	2	0.0	0.0	0.0	0.0	1	1.0336232872693296	4.799720894931743	230.0	15	1.05	0.95				
	124	1	0.0	0.0	0.0	0.0	1	1.02838566651447	4.475191591263246	230.0	16	1.05	0.95				
	201	2	72.43632928421053	14.755548557894738	0.0	0.0	2	1.0265047033914383	-14.55034484623161	138.0	21	1.05	0.95				
	202	2	65.05855500526316	13.414135052631579	0.0	0.0	2	1.0275904070947712	-14.362642580432304	138.0	22	1.05	0.95				
	203	1	120.72721547368421	24.816149847368422	0.0	0.0	2	1.014864136499928	-12.413822335935293	138.0	21	1.05	0.95				
	204	1	49.632299694736844	10.060601289473684	0.0	0.0	2	1.014742160124272	-15.042094669972712	138.0	21	1.05	0.95				
	205	1	47.6201794368421	9.389894536842107	0.0	0.0	2	1.0297664610829613	-15.507443044620326	138.0	21	1.05	0.95				
	206	1	91.21611835789474	18.779789073684213	0.0	-100.0	2	1.0380665945465233	-16.635081513130306	138.0	22	1.05	0.95				
	207	2	83.83834407894737	16.767668815789474	0.0	0.0	2	0.9774735238510804	-26.207979525577223	138.0	22	1.05	0.95				
	208	1	114.6908547	23.474736342105263	0.0	0.0	2	0.9790385566704362	-22.9331286368207	138.0	22	1.05	0.95				
	209	1	117.37368171052631	24.145443094736844	0.0	0.0	2	1.025272453549376	-12.858773833341262	138.0	23	1.05	0.95				
	210	1	130.7878167631579	26.828270105263158	0.0	0.0	2	1.05	-14.34055815063828	138.0	23	1.05	0.95				
	211	1	0.0	0.0	0.0	0.0	2	1.0210574168298479	-9.088913601590887	230.0	23	1.05	0.95				
	212	1	0.0	0.0	0.0	0.0	2	1.0219497149917949	-4.3077089202407715	230.0	23	1.05	0.95				
	213	2	177.73728944736843	36.218164642105265	0.0	0.0	2	1.027719165885921	-6.390715029310651	230.0	24	1.05	0.95				
	214	2	130.11711001052632	26.15756335263158	0.0	0.0	2	1.0301303307494378	-7.002282566747286	230.0	26	1.05	0.95				
	215	2	212.61404058421053	42.925232168421054	0.0	0.0	2	1.0393600870342428	0.2070817830670138	230.0	26	1.05	0.95				
	216	2	67.0706752631579	13.414135052631579	0.0	0.0	2	1.0408299176409264	0.07892934593135091	230.0	26	1.05	0.95				
	217	1	0.0	0.0	0.0	0.0	2	1.042651755515683	2.524088602832985	230.0	27	1.05	0.95				
	218	2	223.3453486263158	45.60805917894737	0.0	0.0	2	1.0430139798670153	2.563656570563917	230.0	27	1.05	0.95				
	219	1	121.3979222263158	24.816149847368422	0.0	0.0	2	1.0400242137359488	0.21015718393015473	230.0	25	1.05	0.95				
	220	1	85.85046433684211	17.438375568421055	0.0	0.0	2	1.0450710751671044	1.5861687720397009	230.0	25	1.05	0.95				
	221	2	0.0	0.0	0.0	0.0	2	1.0435372332021633	2.5486769752589673	230.0	27	1.05	0.95				
	222	2	0.0	0.0	0.0	0.0	2	1.05	9.045009626159633	230.0	27	1.05	0.95				
	223	2	0.0	0.0	0.0	0.0	2	1.049999995289443	2.8255253357622996	230.0	25	1.05	0.95				
	224	1	0.0	0.0	0.0	0.0	2	1.0143470341212397	-4.461445402655516	230.0	26	1.05	0.95				
	301	2	66.72698514947368	13.592534011929825	0.0	0.0	3	0.9923680558057548	-0.2380611601808305	138.0	31	1.05	0.95				
	302	2	59.93071814350876	12.356849101754385	0.0	0.0	3	0.9923495745404993	-0.2670720669219169	138.0	32	1.05	0.95				
	303	1	111.21164191578947	22.860170838245615	0.0	0.0	3	1.0130421258362232	2.6137791551221055	138.0	31	1.05	0.95				
	304	1	45.72034167649123	9.267636826315789	0.0	0.0	3	0.9994378739402855	1.924207752517168	138.0	31	1.05	0.95				
	305	1	43.86681431122807	8.649794371228072	0.0	0.0	3	1.0114296678559482	1.8605621060432396	138.0	31	1.05	0.95				
	306	1	84.02657389192983	17.299588742456145	0.0	-100.0	3	1.0304318601212872	2.3360749822986353	138.0	32	1.05	0.95				
	307	2	77.23030688596491	15.446061377192983	0.0	0.0	3	0.989550516411181	-1.7971751596096255	138.0	32	1.05	0.95				
	308	1	105.65105982	21.624485928070175	0.0	0.0	3	0.9990510390018578	0.9970565587686783	138.0	32	1.05	0.95				
	309	1	108.12242964035089	22.242328383157894	0.0	0.0	3	1.0274904960332145	6.220856731861194	138.0	33	1.05	0.95				
	310	1	120.47927874210527	24.71369820350877	0.0	0.0	3	1.05	5.920699375790325	138.0	33	1.05	0.95				
	311	1	0.0	0.0	0.0	0.0	3	1.0190541067214458	12.362887104621374	230.0	33	1.05	0.95				
	312	1	0.0	0.0	0.0	0.0	3	1.02401271278362	13.832605580988908	230.0	33	1.05	0.95				
	313	2	163.7282505982456	33.36349257473684	0.0	0.0	3	1.0475592729532845	21.06193578664838	230.0	34	1.05	0.95				
	314	2	119.86143628701753	24.09585574842105	0.0	0.0	3	1.0216071145616297	10.828532539433382	230.0	36	1.05	0.95				
	315	2	195.856058262807	39.541917125614034	0.0	0.0	3	1.035364783745605	5.553347161145154	230.0	36	1.05	0.95				
	316	2	61.78424550877193	12.356849101754385	0.0	0.0	3	1.0371524929818092	6.9000664352515635	230.0	36	1.05	0.95				
	317	1	0.0	0.0	0.0	0.0	3	1.0405204769178145	6.160259569615839	230.0	37	1.05	0.95				
	318	2	205.74153754421053	42.013286945964914	0.0	0.0	3	1.0388022328752105	5.092105474938886	230.0	37	1.05	0.95				
	319	1	111.82948437087718	22.860170838245615	0.0	0.0	3	1.0372143410819892	9.921079986485289	230.0	35	1.05	0.95				
	320	1	79.08383425122807	16.0639038322807	0.0	0.0	3	1.0405927090451716	12.219002512578145	230.0	35	1.05	0.95				
	321	2	0.0	0.0	0.0	0.0	3	1.0392410860704029	5.807586609617135	230.0	37	1.05	0.95				
	322	2	0.0	0.0	0.0	0.0	3	1.05	10.262128357179382	230.0	37	1.05	0.95				
	323	2	0.0	0.0	0.0	0.0	3	1.0427088752064482	13.145135516048766	230.0	35	1.05	0.95				
	324	1	0.0	0.0	0.0	0.0	3	1.023743836367673	6.420044414844401	230.0	36	1.05	0.95				
	325	1	0.0	0.0	0.0	0.0	3	1.0443843055893811	13.047544371042628	230.0	35	1.05	0.95				
];
