%% MATPOWER Case Format : Version 2
function mpc = RTS_GMLC
mpc.version = '2';

%%-----  Power Flow Data  -----%%
%% system MVA base
mpc.baseMVA = 100.0;
%% bus data
%    bus_i    type    Pd    Qd    Gs    Bs    area    Vm    Va    baseKV    zone    Vmax    Vmin
mpc.bus = [
	101	2	56.40475013052632	11.489856508070176	0.0	0.0	1	1.0122729273669298	-0.17218526423438965	138.0	11	1.05	0.95				
	102	2	50.65982187649123	10.445324098245615	0.0	0.0	1	1.0113172724440032	-0.4922727381220957	138.0	12	1.05	0.95				
	103	1	94.00791688421053	19.323849581754384	0.0	0.0	1	1.022093506201383	0.27895017883174794	138.0	11	1.05	0.95				
	104	1	38.64769916350877	7.83399307368421	0.0	0.0	1	1.0105786449823186	-3.3195808916577287	138.0	11	1.05	0.95				
	105	1	37.08090054877193	7.311726868771931	0.0	0.0	1	1.023786778656787	-3.319642424192996	138.0	11	1.05	0.95				
	106	1	71.02820386807018	14.623453737543862	0.0	-100.0	1	1.0375112971968554	-5.617846390718216	138.0	12	1.05	0.95				
	107	2	65.28327561403509	13.056655122807017	0.0	0.0	1	0.9891097958567755	-11.964726074525345	138.0	12	1.05	0.95				
	108	1	89.30752104	18.279317171929822	0.0	0.0	1	0.9943455594721771	-10.263197707934097	138.0	12	1.05	0.95				
	109	1	91.39658585964912	18.801583376842103	0.0	0.0	1	1.026122781407562	-3.4492293785792216	138.0	13	1.05	0.95				
	110	1	101.84190995789473	20.89064819649123	0.0	0.0	1	1.05	-4.783582636962144	138.0	13	1.05	0.95				
	111	1	0.0	0.0	0.0	0.0	1	1.0230738662040206	-0.5258171479338635	230.0	13	1.05	0.95				
	112	1	0.0	0.0	0.0	0.0	1	1.0177227781443698	-0.9742005972661522	230.0	13	1.05	0.95				
	113	3	138.4005443017544	28.20237506526316	0.0	0.0	1	1.0076028082986443	-5.93781208846674e-31	230.0	14	1.05	0.95				
	114	2	101.31964375298246	20.36838199157895	0.0	0.0	1	1.05	2.503781790362342	230.0	16	1.05	0.95				
	115	2	165.558386957193	33.425037114385965	0.0	0.0	1	1.0417461439513014	11.63667421640943	230.0	16	1.05	0.95				
	116	2	52.22662049122807	10.445324098245615	0.0	0.0	1	1.044053166278952	10.142006510864467	230.0	16	1.05	0.95				
	117	1	0.0	0.0	0.0	0.0	1	1.0411185526361426	15.861771069147387	230.0	17	1.05	0.95				
	118	2	173.91464623578946	35.51410193403509	0.0	0.0	1	1.0485771697352837	16.31043421427095	230.0	17	1.05	0.95				
	119	1	94.53018308912281	19.323849581754384	0.0	0.0	1	1.0420835794384873	6.813259647761179	230.0	15	1.05	0.95				
	120	1	66.85007422877193	13.578921327719298	0.0	0.0	1	1.0464966537639153	4.911947020257562	230.0	15	1.05	0.95				
	121	2	0.0	0.0	0.0	0.0	1	1.0431039538223434	18.01553029303548	230.0	17	1.05	0.95				
	122	2	0.0	0.0	0.0	0.0	1	1.05	35.978060365027225	230.0	17	1.05	0.95				
	123	2	0.0	0.0	0.0	0.0	1	1.05	4.255022085815569	230.0	15	1.05	0.95				
	124	1	0.0	0.0	0.0	0.0	1	1.020193522289122	7.418336009676463	230.0	16	1.05	0.95				
	201	2	53.17550765052632	10.832047854736842	0.0	0.0	2	1.0237498964380412	-11.528323491995538	138.0	21	1.05	0.95				
	202	2	47.75948372315789	9.847316231578947	0.0	0.0	2	1.0247785978434245	-11.340033434421912	138.0	22	1.05	0.95				
	203	1	88.62584608421052	18.217535028421054	0.0	0.0	2	1.0145700792881522	-10.510551587847353	138.0	21	1.05	0.95				
	204	1	36.43507005684211	7.3854871736842105	0.0	0.0	2	1.016110773313302	-12.74310403220375	138.0	21	1.05	0.95				
	205	1	34.95797262210526	6.893121362105265	0.0	0.0	2	1.0308174913662693	-13.05213016263668	138.0	21	1.05	0.95				
	206	1	66.96175037473685	13.78624272421053	0.0	-100.0	2	1.0424079207291395	-14.343541187510846	138.0	22	1.05	0.95				
	207	2	61.54572644736842	12.309145289473685	0.0	0.0	2	0.9906813911180504	-21.41155224336042	138.0	22	1.05	0.95				
	208	1	84.19455378	17.23280340526316	0.0	0.0	2	0.9948626619554645	-19.129545189343236	138.0	22	1.05	0.95				
	209	1	86.16401702631579	17.725169216842104	0.0	0.0	2	1.0233531304005006	-11.867905777216	138.0	23	1.05	0.95				
	210	1	96.01133325789473	19.694632463157895	0.0	0.0	2	1.05	-13.017094440934484	138.0	23	1.05	0.95				
	211	1	0.0	0.0	0.0	0.0	2	1.0099682579067315	-8.65024301682196	230.0	23	1.05	0.95				
	212	1	0.0	0.0	0.0	0.0	2	1.010427881610224	-7.2811057142716615	230.0	23	1.05	0.95				
	213	2	130.47694006842104	26.58775382526316	0.0	0.0	2	1.008331954485023	-6.78751489691102	230.0	24	1.05	0.95				
	214	2	95.51896744631578	19.20226665157895	0.0	0.0	2	1.013449392355053	-6.421308401191729	230.0	26	1.05	0.95				
	215	2	156.07996227052632	31.511411941052632	0.0	0.0	2	1.0307058721525377	-0.4865421512869302	230.0	26	1.05	0.95				
	216	2	49.23658115789474	9.847316231578947	0.0	0.0	2	1.0329025668980245	-0.2876286508926466	230.0	26	1.05	0.95				
	217	1	0.0	0.0	0.0	0.0	2	1.0388075976213273	1.1167606850675704	230.0	27	1.05	0.95				
	218	2	163.95781525578948	33.480875187368426	0.0	0.0	2	1.0365827300818384	0.43132037048955507	230.0	27	1.05	0.95				
	219	1	89.11821189578947	18.217535028421054	0.0	0.0	2	1.0330864192899742	0.5764190198131627	230.0	25	1.05	0.95				
	220	1	63.022823882105264	12.801511101052633	0.0	0.0	2	1.03719039896928	2.2684842898278643	230.0	25	1.05	0.95				
	221	2	0.0	0.0	0.0	0.0	2	1.0369994505027509	0.9313505939875639	230.0	27	1.05	0.95				
	222	2	0.0	0.0	0.0	0.0	2	1.05	7.50475182604638	230.0	27	1.05	0.95				
	223	2	0.0	0.0	0.0	0.0	2	1.040948593850721	3.5605680346943345	230.0	25	1.05	0.95				
	224	1	0.0	0.0	0.0	0.0	2	1.0122658755808218	-4.21889975807186	230.0	26	1.05	0.95				
	301	2	43.15216702736842	8.790256246315789	0.0	0.0	3	1.011616429740585	-1.3521513245052383	138.0	31	1.05	0.95				
	302	2	38.757038904210525	7.991142042105263	0.0	0.0	3	1.0113643351325694	-1.5298847919523837	138.0	32	1.05	0.95				
	303	1	71.92027837894737	14.783612777894737	0.0	0.0	3	1.0369426244610378	5.832572627102612	138.0	31	1.05	0.95				
	304	1	29.567225555789474	5.9933565315789465	0.0	0.0	3	1.0129322668888587	-0.4141402613927894	138.0	31	1.05	0.95				
	305	1	28.368554249473682	5.593799429473685	0.0	0.0	3	1.025890711453278	-1.3094429790001358	138.0	31	1.05	0.95				
	306	1	54.339765886315796	11.18759885894737	0.0	-100.0	3	1.042132221748769	-1.7767358088230032	138.0	32	1.05	0.95				
	307	2	49.94463776315789	9.988927552631578	0.0	0.0	3	0.98735621368544	-5.95682306626474	138.0	32	1.05	0.95				
	308	1	68.32426446	13.98449857368421	0.0	0.0	3	0.9974328140933117	-4.206932273182294	138.0	32	1.05	0.95				
	309	1	69.92249286842105	14.384055675789472	0.0	0.0	3	1.0261584517513507	2.1402712763729403	138.0	33	1.05	0.95				
	310	1	77.91363491052631	15.982284084210526	0.0	0.0	3	1.05	0.021065943928840418	138.0	33	1.05	0.95				
	311	1	0.0	0.0	0.0	0.0	3	1.005882842650444	5.03413293498624	230.0	33	1.05	0.95				
	312	1	0.0	0.0	0.0	0.0	3	1.01039940810359	5.29187179453944	230.0	33	1.05	0.95				
	313	2	105.88263205789472	21.57608351368421	0.0	0.0	3	1.008205133285992	8.044333299942378	230.0	34	1.05	0.95				
	314	2	77.51407780842105	15.582726982105264	0.0	0.0	3	1.001489889352008	6.483806079025215	230.0	36	1.05	0.95				
	315	2	126.6596013673684	25.571654534736844	0.0	0.0	3	1.0372142388689989	10.746548417340268	230.0	36	1.05	0.95				
	316	2	39.95571021052631	7.991142042105263	0.0	0.0	3	1.0350291521181236	10.818340095556788	230.0	36	1.05	0.95				
	317	1	0.0	0.0	0.0	0.0	3	1.0499999930806676	16.01135183122464	230.0	37	1.05	0.95				
	318	2	133.05251500105263	27.169882943157898	0.0	0.0	3	1.0475591821128287	13.413959127317915	230.0	37	1.05	0.95				
	319	1	72.31983548105264	14.783612777894737	0.0	0.0	3	1.025807038777713	9.690734604811404	230.0	35	1.05	0.95				
	320	1	51.14330906947369	10.388484654736843	0.0	0.0	3	1.0205083850308956	9.48154934254377	230.0	35	1.05	0.95				
	321	2	0.0	0.0	0.0	0.0	3	1.0453198914377781	13.166906108171064	230.0	37	1.05	0.95				
	322	2	0.0	0.0	0.0	0.0	3	1.05	18.625745102104407	230.0	37	1.05	0.95				
	323	2	0.0	0.0	0.0	0.0	3	1.0180002788526883	9.680076343549496	230.0	35	1.05	0.95				
	324	1	0.0	0.0	0.0	0.0	3	1.0298430602650441	8.891812801105608	230.0	36	1.05	0.95				
	325	1	0.0	0.0	0.0	0.0	3	1.0186790803667154	10.400724865424916	230.0	35	1.05	0.95				
];
