%% MATPOWER Case Format : Version 2
function mpc = RTS_GMLC
mpc.version = '2';

%%-----  Power Flow Data  -----%%
%% system MVA base
mpc.baseMVA = 100.0;
%% bus data
%    bus_i    type    Pd    Qd    Gs    Bs    area    Vm    Va    baseKV    zone    Vmax    Vmin
mpc.bus = [
	101	2	65.0084116926316	13.242454233684212	0.0	0.0	1	1.034235219095359	-2.161189687412621	138.0	11	1.05	0.95				
	102	2	58.387184575789476	12.038594757894739	0.0	0.0	1	1.0337731093285714	-2.330560732327669	138.0	12	1.05	0.95				
	103	1	108.34735282105265	22.271400302105267	0.0	0.0	1	1.0245694133803518	-2.6195812045502307	138.0	11	1.05	0.95				
	104	1	44.542800604210534	9.028946068421053	0.0	0.0	1	1.0190616298326982	-5.06846258457248	138.0	11	1.05	0.95				
	105	1	42.73701139052632	8.427016330526317	0.0	0.0	1	1.0341359049650465	-5.07056061615703	138.0	11	1.05	0.95				
	106	1	81.86244435368423	16.854032661052635	0.0	-100.0	1	1.040844239576742	-7.290591671648109	138.0	12	1.05	0.95				
	107	2	75.24121723684212	15.048243447368423	0.0	0.0	1	1.0099991444207619	-11.029732953789097	138.0	12	1.05	0.95				
	108	1	102.92998518	21.067540826315792	0.0	0.0	1	1.005215762358218	-10.592811381610332	138.0	12	1.05	0.95				
	109	1	105.33770413157897	21.669470564210528	0.0	0.0	1	1.025485348544024	-4.925285981715317	138.0	13	1.05	0.95				
	110	1	117.3762988894737	24.077189515789478	0.0	0.0	1	1.05	-6.1254808126841045	138.0	13	1.05	0.95				
	111	1	0.0	0.0	0.0	0.0	1	1.0101754770068982	-1.968969267923054	230.0	13	1.05	0.95				
	112	1	0.0	0.0	0.0	0.0	1	1.0134538403012638	-1.3247738021665036	230.0	13	1.05	0.95				
	113	3	159.5113805421053	32.5042058463158	0.0	0.0	1	1.0102972074812544	-1.410729590335396e-28	230.0	14	1.05	0.95				
	114	2	116.77436915157895	23.475259777894742	0.0	0.0	1	1.0104971584814102	-0.05749157658822721	230.0	16	1.05	0.95				
	115	2	190.8117269126316	38.52350322526316	0.0	0.0	1	1.038999519700698	6.761032661783994	230.0	16	1.05	0.95				
	116	2	60.19297378947369	12.038594757894739	0.0	0.0	1	1.036570202408674	6.264858433956087	230.0	16	1.05	0.95				
	117	1	0.0	0.0	0.0	0.0	1	1.041238931864121	8.634912017948183	230.0	17	1.05	0.95				
	118	2	200.44260271894737	40.93122217684211	0.0	0.0	1	1.042532988256624	8.902437880396041	230.0	17	1.05	0.95				
	119	1	108.94928255894737	22.271400302105267	0.0	0.0	1	1.0314582382982813	5.151699717453814	230.0	15	1.05	0.95				
	120	1	77.04700645052633	15.65017318526316	0.0	0.0	1	1.0317895532275851	5.233869793365693	230.0	15	1.05	0.95				
	121	2	0.0	0.0	0.0	0.0	1	1.0452590997477011	10.423128721842783	230.0	17	1.05	0.95				
	122	2	0.0	0.0	0.0	0.0	1	1.05	16.228289699736823	230.0	17	1.05	0.95				
	123	2	0.0	0.0	0.0	0.0	1	1.0333453697109047	5.732835001701054	230.0	15	1.05	0.95				
	124	1	0.0	0.0	0.0	0.0	1	1.0218546433210223	3.263241695216674	230.0	16	1.05	0.95				
	201	2	64.80339995368422	13.200692583157894	0.0	0.0	2	1.031074157313764	-11.493880468494856	138.0	21	1.05	0.95				
	202	2	58.20305366210526	12.000629621052633	0.0	0.0	2	1.0314767419567614	-11.482036380467292	138.0	22	1.05	0.95				
	203	1	108.00566658947368	22.201164798947367	0.0	0.0	2	1.019487241114845	-10.184532128872387	138.0	21	1.05	0.95				
	204	1	44.402329597894735	9.000472215789474	0.0	0.0	2	1.0175121547453494	-13.296532751559079	138.0	21	1.05	0.95				
	205	1	42.60223515473684	8.400440734736843	0.0	0.0	2	1.0329475067264238	-13.555180818865034	138.0	21	1.05	0.95				
	206	1	81.6042814231579	16.800881469473687	0.0	-100.0	2	1.040761700482973	-15.267170256434607	138.0	22	1.05	0.95				
	207	2	75.00393513157894	15.00078702631579	0.0	0.0	2	0.9899637733801391	-24.220892986225685	138.0	22	1.05	0.95				
	208	1	102.60538326	21.001101836842103	0.0	0.0	2	0.9896612622863424	-21.33629850998259	138.0	22	1.05	0.95				
	209	1	105.00550918421052	21.601133317894735	0.0	0.0	2	1.0243503995129053	-12.339981931883317	138.0	23	1.05	0.95				
	210	1	117.00613880526316	24.001259242105267	0.0	0.0	2	1.05	-13.743071369766586	138.0	23	1.05	0.95				
	211	1	0.0	0.0	0.0	0.0	2	1.0144715853743431	-8.803813203427756	230.0	23	1.05	0.95				
	212	1	0.0	0.0	0.0	0.0	2	1.0143534654449646	-6.856020147369653	230.0	23	1.05	0.95				
	213	2	159.00834247894738	32.40169997684211	0.0	0.0	2	1.0143303957297944	-7.1354898404870815	230.0	24	1.05	0.95				
	214	2	116.40610732421052	23.401227761052635	0.0	0.0	2	1.0223341020275238	-6.013750029839352	230.0	26	1.05	0.95				
	215	2	190.20997949368422	38.40201478736842	0.0	0.0	2	1.0370715747979462	1.7003322850875597	230.0	26	1.05	0.95				
	216	2	60.00314810526316	12.000629621052633	0.0	0.0	2	1.0382658012548909	1.5954336755129779	230.0	26	1.05	0.95				
	217	1	0.0	0.0	0.0	0.0	2	1.0418681165616341	4.397820840073652	230.0	27	1.05	0.95				
	218	2	199.81048319052633	40.80214071157895	0.0	0.0	2	1.0432084097528744	4.79312386664038	230.0	27	1.05	0.95				
	219	1	108.60569807052632	22.201164798947367	0.0	0.0	2	1.0360041988844784	1.1611497641062973	230.0	25	1.05	0.95				
	220	1	76.80402957473684	15.600818507368421	0.0	0.0	2	1.0388732027315826	1.9255867900156085	230.0	25	1.05	0.95				
	221	2	0.0	0.0	0.0	0.0	2	1.043071279292714	4.519338920957148	230.0	27	1.05	0.95				
	222	2	0.0	0.0	0.0	0.0	2	1.05	10.977001329090049	230.0	27	1.05	0.95				
	223	2	0.0	0.0	0.0	0.0	2	1.0419941943968403	2.7890493604323505	230.0	25	1.05	0.95				
	224	1	0.0	0.0	0.0	0.0	2	1.0156627559400528	-2.7232673299468155	230.0	26	1.05	0.95				
	301	2	50.275862071578956	10.241379310877194	0.0	0.0	3	1.0062133664668151	-2.201832776170445	138.0	31	1.05	0.95				
	302	2	45.15517241614035	9.310344828070177	0.0	0.0	3	1.0057928957725273	-2.3257428128888162	138.0	32	1.05	0.95				
	303	1	83.79310345263158	17.224137931929825	0.0	0.0	3	1.028581760733012	3.6137835725026872	138.0	31	1.05	0.95				
	304	1	34.44827586385965	6.982758621052632	0.0	0.0	3	1.0091716951352632	-0.8271308251317274	138.0	31	1.05	0.95				
	305	1	33.051724139649124	6.517241379649123	0.0	0.0	3	1.021940343951716	-1.553915941479891	138.0	31	1.05	0.95				
	306	1	63.310344830877206	13.034482759298246	0.0	-100.0	3	1.0388048400412533	-1.739142827252918	138.0	32	1.05	0.95				
	307	2	58.1896551754386	11.63793103508772	0.0	0.0	3	0.993861338323605	-6.069567298920782	138.0	32	1.05	0.95				
	308	1	79.60344828	16.293103449122807	0.0	0.0	3	1.00093195509364	-3.980211923436507	138.0	32	1.05	0.95				
	309	1	81.46551724561404	16.758620690526314	0.0	0.0	3	1.0269035424126003	2.2998734267730905	138.0	33	1.05	0.95				
	310	1	90.77586207368421	18.620689656140353	0.0	0.0	3	1.05	0.5908043218464565	138.0	33	1.05	0.95				
	311	1	0.0	0.0	0.0	0.0	3	1.0067367647812349	5.447651168564026	230.0	33	1.05	0.95				
	312	1	0.0	0.0	0.0	0.0	3	1.01202708621328	6.027449608333253	230.0	33	1.05	0.95				
	313	2	123.36206897192983	25.137931035789478	0.0	0.0	3	1.0114587640023531	9.861408907841373	230.0	34	1.05	0.95				
	314	2	90.3103448322807	18.155172414736846	0.0	0.0	3	1.0020320977471937	5.6958052346645145	230.0	36	1.05	0.95				
	315	2	147.5689655249123	29.793103449824564	0.0	0.0	3	1.0231942491581172	4.518882237791691	230.0	36	1.05	0.95				
	316	2	46.55172414035088	9.310344828070177	0.0	0.0	3	1.0215050901507874	5.206014130140168	230.0	36	1.05	0.95				
	317	1	0.0	0.0	0.0	0.0	3	1.028104923512743	5.222487828107847	230.0	37	1.05	0.95				
	318	2	155.01724138736844	31.655172415438603	0.0	0.0	3	1.0275025227941363	4.4465052038784725	230.0	37	1.05	0.95				
	319	1	84.25862069403509	17.224137931929825	0.0	0.0	3	1.019197449498744	6.2304574680245395	230.0	35	1.05	0.95				
	320	1	59.58620689964913	12.10344827649123	0.0	0.0	3	1.0181948272109649	6.967281067153934	230.0	35	1.05	0.95				
	321	2	0.0	0.0	0.0	0.0	3	1.0280071188836835	5.0292421444372595	230.0	37	1.05	0.95				
	322	2	0.0	0.0	0.0	0.0	3	1.0414627749713732	9.48304857470553	230.0	37	1.05	0.95				
	323	2	0.0	0.0	0.0	0.0	3	1.0178245261432164	7.440002187188089	230.0	35	1.05	0.95				
	324	1	0.0	0.0	0.0	0.0	3	1.0227432716997862	5.566968488903176	230.0	36	1.05	0.95				
	325	1	0.0	0.0	0.0	0.0	3	1.0203547015248524	7.709664884115739	230.0	35	1.05	0.95				
];
