%% MATPOWER Case Format : Version 2
function mpc = RTS_GMLC
mpc.version = '2';

%%-----  Power Flow Data  -----%%
%% system MVA base
mpc.baseMVA = 100.0;
%% bus data
%    bus_i    type    Pd    Qd    Gs    Bs    area    Vm    Va    baseKV    zone    Vmax    Vmin
mpc.bus = [
	101	2	67.61355764210528	13.7731321122807	0.0	0.0	1	1.0320762703111837	0.5411874979260115	138.0	11	1.05	0.95				
	102	2	60.72699158596491	12.521029192982455	0.0	0.0	1	1.032112882144424	0.49228479105962897	138.0	12	1.05	0.95				
	103	1	112.6892627368421	23.163904007017543	0.0	0.0	1	1.0234725691346833	-0.7545456328697983	138.0	11	1.05	0.95				
	104	1	46.327808014035085	9.390771894736842	0.0	0.0	1	1.0178560021966967	-2.7534053427704714	138.0	11	1.05	0.95				
	105	1	44.449653635087714	8.76472043508772	0.0	0.0	1	1.0324998313379525	-2.689438417723443	138.0	11	1.05	0.95				
	106	1	85.14299851228071	17.52944087017544	0.0	-100.0	1	1.0394816403834735	-5.071466342371368	138.0	12	1.05	0.95				
	107	2	78.25643245614035	15.65128649122807	0.0	0.0	1	1.042677000323296	-3.039065475104473	138.0	12	1.05	0.95				
	108	1	107.0547996	21.911801087719297	0.0	0.0	1	1.0249405617739549	-5.1443156120752835	138.0	12	1.05	0.95				
	109	1	109.55900543859649	22.53785254736842	0.0	0.0	1	1.0261524233223636	-2.8737820502867897	138.0	13	1.05	0.95				
	110	1	122.08003463157895	25.04205838596491	0.0	0.0	1	1.05	-3.9864940227781296	138.0	13	1.05	0.95				
	111	1	0.0	0.0	0.0	0.0	1	1.0090439538244975	-0.6879842888745389	230.0	13	1.05	0.95				
	112	1	0.0	0.0	0.0	0.0	1	1.0135029239165392	-0.14171881755153684	230.0	13	1.05	0.95				
	113	3	165.90363680701753	33.80677882105264	0.0	0.0	1	1.0060914679707824	7.838611872531945e-30	230.0	14	1.05	0.95				
	114	2	121.45398317192982	24.416006926315788	0.0	0.0	1	1.0080521481042937	1.54540568622227	230.0	16	1.05	0.95				
	115	2	198.45831270877193	40.06729341754386	0.0	0.0	1	1.0428489067625488	8.983549688962935	230.0	16	1.05	0.95				
	116	2	62.60514596491228	12.521029192982455	0.0	0.0	1	1.0400653593722395	8.411314724748713	230.0	16	1.05	0.95				
	117	1	0.0	0.0	0.0	0.0	1	1.044829302268713	11.38107832119192	230.0	17	1.05	0.95				
	118	2	208.47513606315792	42.571499256140356	0.0	0.0	1	1.0479032105057924	11.662241254390354	230.0	17	1.05	0.95				
	119	1	113.31531419649123	23.163904007017543	0.0	0.0	1	1.0337892708264071	6.905129224097375	230.0	15	1.05	0.95				
	120	1	80.13458683508772	16.277337950877193	0.0	0.0	1	1.0337761258085116	6.786350582625928	230.0	15	1.05	0.95				
	121	2	0.0	0.0	0.0	0.0	1	1.05	12.49153789715385	230.0	17	1.05	0.95				
	122	2	0.0	0.0	0.0	0.0	1	1.05	21.31419835765041	230.0	17	1.05	0.95				
	123	2	0.0	0.0	0.0	0.0	1	1.0352105572275128	7.190960042818244	230.0	15	1.05	0.95				
	124	1	0.0	0.0	0.0	0.0	1	1.0233913656043476	5.369636951842645	230.0	16	1.05	0.95				
	201	2	72.53832834947369	14.776326145263157	0.0	0.0	2	1.0349553945344208	-12.64051388893881	138.0	21	1.05	0.95				
	202	2	65.1501652768421	13.433023768421053	0.0	0.0	2	1.035086029395127	-12.754481846006907	138.0	22	1.05	0.95				
	203	1	120.89721391578946	24.851093971578948	0.0	0.0	2	1.0249532765387712	-8.979487665162385	138.0	21	1.05	0.95				
	204	1	49.702187943157895	10.074767826315789	0.0	0.0	2	1.0176397376508957	-14.703031444954016	138.0	21	1.05	0.95				
	205	1	47.68723437789474	9.403116637894737	0.0	0.0	2	1.0337856373548737	-15.154364328266565	138.0	21	1.05	0.95				
	206	1	91.34456162526317	18.806233275789474	0.0	-100.0	2	1.0393702743007278	-17.201873029513486	138.0	22	1.05	0.95				
	207	2	83.95639855263158	16.791279710526315	0.0	0.0	2	0.9766045199573999	-27.229753467029862	138.0	22	1.05	0.95				
	208	1	114.85235322	23.50779159473684	0.0	0.0	2	0.9782127103668162	-23.945129838385913	138.0	22	1.05	0.95				
	209	1	117.5389579736842	24.179442783157896	0.0	0.0	2	1.024250513205597	-13.575754091845772	138.0	23	1.05	0.95				
	210	1	130.97198174210527	26.866047536842107	0.0	0.0	2	1.05	-15.588982526474886	138.0	23	1.05	0.95				
	211	1	0.0	0.0	0.0	0.0	2	1.022009957147574	-9.726038919301814	230.0	23	1.05	0.95				
	212	1	0.0	0.0	0.0	0.0	2	1.0177132830052604	-8.751097380658484	230.0	23	1.05	0.95				
	213	2	177.98756493157896	36.269164174736844	0.0	0.0	2	1.0264756020365156	-7.870032982131287	230.0	24	1.05	0.95				
	214	2	130.3003305536842	26.194396348421055	0.0	0.0	2	1.0358854887291356	-6.58714040199561	230.0	26	1.05	0.95				
	215	2	212.91342672947366	42.98567605894737	0.0	0.0	2	1.042935843883652	2.2458972071791825	230.0	26	1.05	0.95				
	216	2	67.16511884210526	13.433023768421053	0.0	0.0	2	1.0457122419517126	1.9662774164637402	230.0	26	1.05	0.95				
	217	1	0.0	0.0	0.0	0.0	2	1.0472236404663282	5.438378677878056	230.0	27	1.05	0.95				
	218	2	223.65984574421054	45.672280812631584	0.0	0.0	2	1.0495137530436436	6.0722917569360195	230.0	27	1.05	0.95				
	219	1	121.56886510421052	24.851093971578948	0.0	0.0	2	1.0430523284825408	1.2123202210526955	230.0	25	1.05	0.95				
	220	1	85.97135211789474	17.462930898947366	0.0	0.0	2	1.046377965051752	1.8160709069952559	230.0	25	1.05	0.95				
	221	2	0.0	0.0	0.0	0.0	2	1.0499999769575281	6.1919514167250025	230.0	27	1.05	0.95				
	222	2	0.0	0.0	0.0	0.0	2	1.05	12.407952801839958	230.0	27	1.05	0.95				
	223	2	0.0	0.0	0.0	0.0	2	1.05	2.6358357988975127	230.0	25	1.05	0.95				
	224	1	0.0	0.0	0.0	0.0	2	1.0221611208370025	-1.9298390387080657	230.0	26	1.05	0.95				
	301	2	63.20784562105264	12.875672256140353	0.0	0.0	3	1.0133810932150602	-15.614391233901616	138.0	31	1.05	0.95				
	302	2	56.77000949298245	11.705156596491229	0.0	0.0	3	1.012204266328384	-15.85529865248221	138.0	32	1.05	0.95				
	303	1	105.34640936842106	21.654539703508775	0.0	0.0	3	1.043885254451529	-3.958646917805755	138.0	31	1.05	0.95				
	304	1	43.30907940701755	8.778867447368421	0.0	0.0	3	1.0109167887961013	-13.606248751127472	138.0	31	1.05	0.95				
	305	1	41.55330591754386	8.19360961754386	0.0	0.0	3	1.0241537564813026	-15.844196961381742	138.0	31	1.05	0.95				
	306	1	79.59506485614037	16.38721923508772	0.0	-100.0	3	1.0368994773394364	-16.615847106429822	138.0	32	1.05	0.95				
	307	2	73.15722872807018	14.631445745614036	0.0	0.0	3	0.9924919067164032	-22.631021688228962	138.0	32	1.05	0.95				
	308	1	100.07908890000002	20.484024043859648	0.0	0.0	3	0.9928889767459128	-19.84499121321255	138.0	32	1.05	0.95				
	309	1	102.42012021929825	21.06928187368421	0.0	0.0	3	1.0306087890489757	-9.400503318777425	138.0	33	1.05	0.95				
	310	1	114.12527681578948	23.410313192982457	0.0	0.0	3	1.05	-14.197079987057062	138.0	33	1.05	0.95				
	311	1	0.0	0.0	0.0	0.0	3	1.0172720868164975	-7.510246023764909	230.0	33	1.05	0.95				
	312	1	0.0	0.0	0.0	0.0	3	1.0178462394129557	-7.091692289833297	230.0	33	1.05	0.95				
	313	2	155.09332490350877	31.60392281052632	0.0	0.0	3	1.0192028582585164	-4.618586755066083	230.0	34	1.05	0.95				
	314	2	113.5400189859649	22.825055363157894	0.0	0.0	3	1.0243063751028376	-5.715066583631422	230.0	36	1.05	0.95				
	315	2	185.52673205438597	37.45650110877193	0.0	0.0	3	1.0465680442099083	0.36556238588225826	230.0	36	1.05	0.95				
	316	2	58.52578298245614	11.705156596491229	0.0	0.0	3	1.0446289627032463	0.34877370874961344	230.0	36	1.05	0.95				
	317	1	0.0	0.0	0.0	0.0	3	1.05	3.6211150673618393	230.0	37	1.05	0.95				
	318	2	194.89085733157896	39.797532428070184	0.0	0.0	3	1.0478344356650409	2.9055957352012616	230.0	37	1.05	0.95				
	319	1	105.93166719824563	21.654539703508775	0.0	0.0	3	1.0379685598199313	-1.2227214209255068	230.0	35	1.05	0.95				
	320	1	74.91300221754386	15.216703575438597	0.0	0.0	3	1.0371586510148534	-1.4853774819845411	230.0	35	1.05	0.95				
	321	2	0.0	0.0	0.0	0.0	3	1.049999998989925	3.586465099352554	230.0	37	1.05	0.95				
	322	2	0.0	0.0	0.0	0.0	3	1.05	7.9476450280272415	230.0	37	1.05	0.95				
	323	2	0.0	0.0	0.0	0.0	3	1.03792846278623	-1.1922515136536074	230.0	35	1.05	0.95				
	324	1	0.0	0.0	0.0	0.0	3	1.0387033691940257	-1.2593905972771684	230.0	36	1.05	0.95				
	325	1	0.0	0.0	0.0	0.0	3	1.0351572864385332	-0.04848123708610981	230.0	35	1.05	0.95				
];
