%% MATPOWER Case Format : Version 2
function mpc = RTS_GMLC
mpc.version = '2';

%%-----  Power Flow Data  -----%%
%% system MVA base
mpc.baseMVA = 100.0;
%% bus data
%    bus_i    type    Pd    Qd    Gs    Bs    area    Vm    Va    baseKV    zone    Vmax    Vmin
mpc.bus = [
	101	2	72.54329540210527	14.7773379522807	0.0	0.0	1	1.0328428384494175	-0.4510056067753203	138.0	11	1.05	0.95				
	102	2	65.1546264259649	13.433943592982455	0.0	0.0	1	1.0328521125806998	-0.5035120201216879	138.0	12	1.05	0.95				
	103	1	120.90549233684212	24.85279564701754	0.0	0.0	1	1.0223352145786633	-1.3825671620983229	138.0	11	1.05	0.95				
	104	1	49.70559129403508	10.075457694736842	0.0	0.0	1	1.0174689038577618	-3.5561520821377792	138.0	11	1.05	0.95				
	105	1	47.690499755087714	9.40376051508772	0.0	0.0	1	1.0323871497477828	-3.5386611108472534	138.0	11	1.05	0.95				
	106	1	91.3508164322807	18.80752103017544	0.0	-100.0	1	1.038449034590577	-5.881406568650046	138.0	12	1.05	0.95				
	107	2	83.96214745614034	16.79242949122807	0.0	0.0	1	1.046039621967194	-2.218432077009049	138.0	12	1.05	0.95				
	108	1	114.86021772	23.509401287719296	0.0	0.0	1	1.025459326647767	-5.022451560076351	138.0	12	1.05	0.95				
	109	1	117.54700643859648	24.181098467368418	0.0	0.0	1	1.0262979266349668	-3.336048022714252	138.0	13	1.05	0.95				
	110	1	130.98095003157894	26.86788718596491	0.0	0.0	1	1.05	-4.549313924532113	138.0	13	1.05	0.95				
	111	1	0.0	0.0	0.0	0.0	1	1.0109340892334449	-0.9542591058061288	230.0	13	1.05	0.95				
	112	1	0.0	0.0	0.0	0.0	1	1.0143102947688185	-0.32292301995714207	230.0	13	1.05	0.95				
	113	3	177.9997526070175	36.271647701052636	0.0	0.0	1	1.008851428891171	-7.134071325133043e-30	230.0	14	1.05	0.95				
	114	2	130.3092528519298	26.19619000631579	0.0	0.0	1	1.0117267744151763	1.2745004857595486	230.0	16	1.05	0.95				
	115	2	212.92800594877193	42.98861949754386	0.0	0.0	1	1.0438403646408776	8.979463351456788	230.0	16	1.05	0.95				
	116	2	67.16971796491228	13.433943592982455	0.0	0.0	1	1.041343370508388	8.436035265347586	230.0	16	1.05	0.95				
	117	1	0.0	0.0	0.0	0.0	1	1.0461068538316711	11.648458317001392	230.0	17	1.05	0.95				
	118	2	223.67516082315788	45.67540821614035	0.0	0.0	1	1.049078113444857	12.242201584957447	230.0	17	1.05	0.95				
	119	1	121.57718951649123	24.85279564701754	0.0	0.0	1	1.0348060458038124	6.932030457578836	230.0	15	1.05	0.95				
	120	1	85.97723899508772	17.464126670877192	0.0	0.0	1	1.0350800378083993	6.898607837967435	230.0	15	1.05	0.95				
	121	2	0.0	0.0	0.0	0.0	1	1.05	12.74912710312643	230.0	17	1.05	0.95				
	122	2	0.0	0.0	0.0	0.0	1	1.05	20.209110840959053	230.0	17	1.05	0.95				
	123	2	0.0	0.0	0.0	0.0	1	1.0368973655817542	7.382113088802197	230.0	15	1.05	0.95				
	124	1	0.0	0.0	0.0	0.0	1	1.022824437295052	5.140256157147666	230.0	16	1.05	0.95				
	201	2	67.84637180210527	13.820557218947368	0.0	0.0	2	1.032831720699485	-10.18997776827998	138.0	21	1.05	0.95				
	202	2	60.93609319263158	12.564142926315789	0.0	0.0	2	1.0328960020377995	-10.290563346226634	138.0	22	1.05	0.95				
	203	1	113.0772863368421	23.243664413684208	0.0	0.0	2	1.0275063780833031	-7.218587921771237	138.0	21	1.05	0.95				
	204	1	46.487328827368415	9.423107194736842	0.0	0.0	2	1.0177834711848288	-12.415125395656084	138.0	21	1.05	0.95				
	205	1	44.602707388421045	8.794900048421054	0.0	0.0	2	1.0332363167870897	-12.797971568708952	138.0	21	1.05	0.95				
	206	1	85.43617189894736	17.589800096842108	0.0	-100.0	2	1.0400375206997345	-14.856907714674112	138.0	22	1.05	0.95				
	207	2	78.52589328947369	15.705178657894736	0.0	0.0	2	0.9865045184086494	-24.284036975491542	138.0	22	1.05	0.95				
	208	1	107.42342201999999	21.98725012105263	0.0	0.0	2	0.9863310795928499	-21.244153351443614	138.0	22	1.05	0.95				
	209	1	109.93625060526315	22.61545726736842	0.0	0.0	2	1.024778883346164	-11.604595195850735	138.0	23	1.05	0.95				
	210	1	122.50039353157894	25.128285852631578	0.0	0.0	2	1.05	-13.458255919706092	138.0	23	1.05	0.95				
	211	1	0.0	0.0	0.0	0.0	2	1.0177095867455697	-8.119267397808095	230.0	23	1.05	0.95				
	212	1	0.0	0.0	0.0	0.0	2	1.0160617366209932	-7.252707193918163	230.0	23	1.05	0.95				
	213	2	166.47489377368422	33.92318590105263	0.0	0.0	2	1.0185881705591073	-6.707209932383978	230.0	24	1.05	0.95				
	214	2	121.87218638526316	24.50007870631579	0.0	0.0	2	1.028515591134833	-4.97079067091987	230.0	26	1.05	0.95				
	215	2	199.14166538210526	40.205257364210524	0.0	0.0	2	1.042859726031909	3.530140137132144	230.0	26	1.05	0.95				
	216	2	62.820714631578944	12.564142926315789	0.0	0.0	2	1.0449117118413083	3.281030545294532	230.0	26	1.05	0.95				
	217	1	0.0	0.0	0.0	0.0	2	1.0472988194941553	6.667552535032687	230.0	27	1.05	0.95				
	218	2	209.1929797231579	42.71808594947368	0.0	0.0	2	1.0496986358388796	7.434371303517862	230.0	27	1.05	0.95				
	219	1	113.70549348315788	23.243664413684208	0.0	0.0	2	1.043030918366571	2.4441168634665984	230.0	25	1.05	0.95				
	220	1	80.41051472842105	16.333385804210526	0.0	0.0	2	1.04653672462339	2.8960931530450376	230.0	25	1.05	0.95				
	221	2	0.0	0.0	0.0	0.0	2	1.0499999986118462	7.57949233780683	230.0	27	1.05	0.95				
	222	2	0.0	0.0	0.0	0.0	2	1.05	13.73335651274995	230.0	27	1.05	0.95				
	223	2	0.0	0.0	0.0	0.0	2	1.05	3.601673051603532	230.0	25	1.05	0.95				
	224	1	0.0	0.0	0.0	0.0	2	1.0236742809416535	-0.47758514321282075	230.0	26	1.05	0.95				
	301	2	52.87250868631579	10.770325843508772	0.0	0.0	3	1.012631574939128	-13.05890431797729	138.0	31	1.05	0.95				
	302	2	47.4873457645614	9.7912053122807	0.0	0.0	3	1.0114412537958084	-13.330116530249338	138.0	32	1.05	0.95				
	303	1	88.1208478105263	18.113729827719297	0.0	0.0	3	1.0450877950208162	-2.197232861177522	138.0	31	1.05	0.95				
	304	1	36.227459655438594	7.343403984210525	0.0	0.0	3	1.01078520046474	-12.107858416957248	138.0	31	1.05	0.95				
	305	1	34.758778858596486	6.853843718596492	0.0	0.0	3	1.025179207097341	-13.35763368288692	138.0	31	1.05	0.95				
	306	1	66.58019612350877	13.707687437192984	0.0	-100.0	3	1.0395311730852115	-14.098502681058909	138.0	32	1.05	0.95				
	307	2	61.19503320175438	12.239006640350876	0.0	0.0	3	0.9907965061181152	-19.48988024181765	138.0	32	1.05	0.95				
	308	1	83.71480541999999	17.134609296491227	0.0	0.0	3	0.9954718322629263	-17.230526660387746	138.0	32	1.05	0.95				
	309	1	85.67304648245613	17.62416956210526	0.0	0.0	3	1.0258197062774734	-9.100122915024572	138.0	33	1.05	0.95				
	310	1	95.46425179473684	19.5824106245614	0.0	0.0	3	1.05	-12.083237971039338	138.0	33	1.05	0.95				
	311	1	0.0	0.0	0.0	0.0	3	1.0115846707344411	-6.426405479643157	230.0	33	1.05	0.95				
	312	1	0.0	0.0	0.0	0.0	3	1.0137935247683818	-5.9475834785044	230.0	33	1.05	0.95				
	313	2	129.73347038771928	26.436254343157895	0.0	0.0	3	1.0131071733649635	-3.3031575666285304	230.0	34	1.05	0.95				
	314	2	94.9746915291228	19.092850358947366	0.0	0.0	3	1.0147047984232747	-4.9215144875848065	230.0	36	1.05	0.95				
	315	2	155.1906041996491	31.331856999298243	0.0	0.0	3	1.0427684003890962	0.24826642311202135	230.0	36	1.05	0.95				
	316	2	48.956026561403505	9.7912053122807	0.0	0.0	3	1.0395053203360678	0.1282556354114312	230.0	36	1.05	0.95				
	317	1	0.0	0.0	0.0	0.0	3	1.0449333625087018	1.9608789141136322	230.0	37	1.05	0.95				
	318	2	163.0235684494737	33.290098061754385	0.0	0.0	3	1.0452785765467898	1.9763615371472922	230.0	37	1.05	0.95				
	319	1	88.61040807614035	18.113729827719297	0.0	0.0	3	1.0333868990806172	-0.9082909430640687	230.0	35	1.05	0.95				
	320	1	62.663713998596485	12.728566905964911	0.0	0.0	3	1.0317332340027854	-0.8738179080577788	230.0	35	1.05	0.95				
	321	2	0.0	0.0	0.0	0.0	3	1.0475353684739395	2.896646763358161	230.0	37	1.05	0.95				
	322	2	0.0	0.0	0.0	0.0	3	1.05	6.86613463760771	230.0	37	1.05	0.95				
	323	2	0.0	0.0	0.0	0.0	3	1.0316545458246893	-0.4823735141517783	230.0	35	1.05	0.95				
	324	1	0.0	0.0	0.0	0.0	3	1.0381764354355603	-0.6736593996701284	230.0	36	1.05	0.95				
	325	1	0.0	0.0	0.0	0.0	3	1.0296321803591446	0.6342312415702067	230.0	35	1.05	0.95				
];
