%% MATPOWER Case Format : Version 2
function mpc = RTS_GMLC
mpc.version = '2';

%%-----  Power Flow Data  -----%%
%% system MVA base
mpc.baseMVA = 100.0;
%% bus data
%    bus_i    type    Pd    Qd    Gs    Bs    area    Vm    Va    baseKV    zone    Vmax    Vmin
mpc.bus = [
	101	2	46.73231075368422	9.519544783157894	0.0	0.0	1	1.042178561301877	3.958193121700799	138.0	11	1.05	0.95				
	102	2	41.97253836210527	8.654131621052633	0.0	0.0	1	1.0411821342166996	3.6635550937997814	138.0	12	1.05	0.95				
	103	1	77.88718458947369	16.010143498947368	0.0	0.0	1	1.0285905895577259	1.2595726609999354	138.0	11	1.05	0.95				
	104	1	32.020286997894736	6.490598715789473	0.0	0.0	1	1.0256626848944717	0.16579397266080728	138.0	11	1.05	0.95				
	105	1	30.722167254736842	6.057892134736843	0.0	0.0	1	1.0396984182167028	0.22203476477380946	138.0	11	1.05	0.95				
	106	1	58.848095023157896	12.115784269473686	0.0	-100.0	1	1.046797627736519	-2.3554535044509772	138.0	12	1.05	0.95				
	107	2	54.08832263157895	10.81766452631579	0.0	0.0	1	1.0005684313017198	-8.717862380430153	138.0	12	1.05	0.95				
	108	1	73.99282536	15.144730336842105	0.0	0.0	1	1.0038977762873162	-7.15883389339356	138.0	12	1.05	0.95				
	109	1	75.72365168421054	15.577436917894738	0.0	0.0	1	1.0242672202263412	-1.4973956266538242	138.0	13	1.05	0.95				
	110	1	84.37778330526316	17.308263242105266	0.0	0.0	1	1.05	-2.241075429054665	138.0	13	1.05	0.95				
	111	1	0.0	0.0	0.0	0.0	1	1.0031223392942952	0.04316165646864994	230.0	13	1.05	0.95				
	112	1	0.0	0.0	0.0	0.0	1	1.0081168343059326	0.24989988866148297	230.0	13	1.05	0.95				
	113	3	114.66724397894737	23.36615537684211	0.0	0.0	1	0.9947558221027717	-7.2090095629998475e-31	230.0	14	1.05	0.95				
	114	2	83.94507672421054	16.87555666105263	0.0	0.0	1	0.999596238982829	2.1215713212379343	230.0	16	1.05	0.95				
	115	2	137.16798619368421	27.693221187368422	0.0	0.0	1	1.034020636288246	8.275242045577098	230.0	16	1.05	0.95				
	116	2	43.27065810526316	8.654131621052633	0.0	0.0	1	1.030201670438	7.579252913455929	230.0	16	1.05	0.95				
	117	1	0.0	0.0	0.0	0.0	1	1.037272881901775	9.799647511915166	230.0	17	1.05	0.95				
	118	2	144.09129149052632	29.424047511578948	0.0	0.0	1	1.0391685016788077	10.00855842360053	230.0	17	1.05	0.95				
	119	1	78.31989117052632	16.010143498947368	0.0	0.0	1	1.023809064048615	6.135905102979639	230.0	15	1.05	0.95				
	120	1	55.386442374736845	11.250371107368421	0.0	0.0	1	1.0215105591165667	5.714653136069	230.0	15	1.05	0.95				
	121	2	0.0	0.0	0.0	0.0	1	1.0422215779999926	11.19477787799682	230.0	17	1.05	0.95				
	122	2	0.0	0.0	0.0	0.0	1	1.05	17.16842698323329	230.0	17	1.05	0.95				
	123	2	0.0	0.0	0.0	0.0	1	1.020790495606581	5.819327343749258	230.0	15	1.05	0.95				
	124	1	0.0	0.0	0.0	0.0	1	1.0228266323553306	5.638614429012466	230.0	16	1.05	0.95				
	201	2	48.381552037894735	9.85550134105263	0.0	0.0	2	1.0272007690038172	-8.807935121677625	138.0	21	1.05	0.95				
	202	2	43.45380136736841	8.95954667368421	0.0	0.0	2	1.0282016472490727	-8.6148575102844	138.0	22	1.05	0.95				
	203	1	80.6359200631579	16.575161346315788	0.0	0.0	2	1.0168028569125185	-7.891524236680348	138.0	21	1.05	0.95				
	204	1	33.150322692631576	6.719660005263157	0.0	0.0	2	1.0181863692393502	-10.2416096779957	138.0	21	1.05	0.95				
	205	1	31.806390691578944	6.271682671578947	0.0	0.0	2	1.03314007750989	-10.531120654609039	138.0	21	1.05	0.95				
	206	1	60.92491738105264	12.543365343157895	0.0	-100.0	2	1.0444217127337116	-11.895806952673459	138.0	22	1.05	0.95				
	207	2	55.997166710526315	11.199433342105262	0.0	0.0	2	0.9930077588462669	-18.382715027497476	138.0	22	1.05	0.95				
	208	1	76.60412405999999	15.679206678947367	0.0	0.0	2	0.9979925902899421	-16.33702844905897	138.0	22	1.05	0.95				
	209	1	78.39603339473685	16.127184012631577	0.0	0.0	2	1.0227413006714066	-9.73585373279132	138.0	23	1.05	0.95				
	210	1	87.35558006842105	17.91909334736842	0.0	0.0	2	1.05	-10.845449868801532	138.0	23	1.05	0.95				
	211	1	0.0	0.0	0.0	0.0	2	1.005823424551718	-6.966792400124018	230.0	23	1.05	0.95				
	212	1	0.0	0.0	0.0	0.0	2	1.007701316252744	-6.074073864791774	230.0	23	1.05	0.95				
	213	2	118.7139934263158	24.190776018947368	0.0	0.0	2	1.0010461996126803	-5.693910874730034	230.0	24	1.05	0.95				
	214	2	86.90760273473683	17.47111601368421	0.0	0.0	2	1.006653915452286	-4.647059325776689	230.0	26	1.05	0.95				
	215	2	142.00881477789474	28.670549355789472	0.0	0.0	2	1.0228817103583812	1.52033637553653	230.0	26	1.05	0.95				
	216	2	44.79773336842105	8.95954667368421	0.0	0.0	2	1.0238249695690254	1.3741999302535681	230.0	26	1.05	0.95				
	217	1	0.0	0.0	0.0	0.0	2	1.0286958822331926	3.2090476433975024	230.0	27	1.05	0.95				
	218	2	149.17645211684209	30.46245869052632	0.0	0.0	2	1.0283265499033543	2.845026895686383	230.0	27	1.05	0.95				
	219	1	81.0838973968421	16.575161346315788	0.0	0.0	2	1.0233109135659042	1.2790573685411815	230.0	25	1.05	0.95				
	220	1	57.341098711578944	11.647410675789473	0.0	0.0	2	1.0259924581963311	2.0741781124791494	230.0	25	1.05	0.95				
	221	2	0.0	0.0	0.0	0.0	2	1.0299028190770612	3.2010139699374243	230.0	27	1.05	0.95				
	222	2	0.0	0.0	0.0	0.0	2	1.04999999791089	9.696050667500646	230.0	27	1.05	0.95				
	223	2	0.0	0.0	0.0	0.0	2	1.0283372610901984	2.853128464834525	230.0	25	1.05	0.95				
	224	1	0.0	0.0	0.0	0.0	2	1.009010342505488	-2.019007019664513	230.0	26	1.05	0.95				
	301	2	40.828851625263155	8.316988294035086	0.0	0.0	3	1.008661999951129	-10.129830143322883	138.0	31	1.05	0.95				
	302	2	36.670357478245606	7.560898449122806	0.0	0.0	3	1.0086660172540933	-10.206493685274697	138.0	32	1.05	0.95				
	303	1	68.04808604210525	13.98766213087719	0.0	0.0	3	1.0174596028767038	-6.474224039351704	138.0	31	1.05	0.95				
	304	1	27.97532426175438	5.670673836842104	0.0	0.0	3	1.0106422102694368	-9.044970813038796	138.0	31	1.05	0.95				
	305	1	26.841189494385958	5.292628914385965	0.0	0.0	3	1.0244296229886858	-9.335879547741298	138.0	31	1.05	0.95				
	306	1	51.414109454035085	10.58525782877193	0.0	-100.0	3	1.0420474649024882	-9.364404964813149	138.0	32	1.05	0.95				
	307	2	47.25561530701754	9.451123061403507	0.0	0.0	3	0.9942607397297396	-13.581230302306112	138.0	32	1.05	0.95				
	308	1	64.64568174	13.23157228596491	0.0	0.0	3	1.0018394117987082	-11.916174657935624	138.0	32	1.05	0.95				
	309	1	66.15786142982455	13.609617208421051	0.0	0.0	3	1.0234611701854532	-6.532678751291585	138.0	33	1.05	0.95				
	310	1	73.71875987894737	15.121796898245613	0.0	0.0	3	1.05	-7.3239943969300105	138.0	33	1.05	0.95				
	311	1	0.0	0.0	0.0	0.0	3	1.001895509028046	-2.691490012373112	230.0	33	1.05	0.95				
	312	1	0.0	0.0	0.0	0.0	3	1.0075704710669808	-2.2319160182930617	230.0	33	1.05	0.95				
	313	2	100.18190445087718	20.414425812631578	0.0	0.0	3	1.00539374773792	0.8367657757381047	230.0	34	1.05	0.95				
	314	2	73.34071495649121	14.74375197578947	0.0	0.0	3	0.9948760898506535	-1.396564811754385	230.0	36	1.05	0.95				
	315	2	119.84024041859647	24.19487503719298	0.0	0.0	3	1.0148546377243914	-0.446935146007782	230.0	36	1.05	0.95				
	316	2	37.80449224561403	7.560898449122806	0.0	0.0	3	1.014125211957794	0.33749356920375206	230.0	36	1.05	0.95				
	317	1	0.0	0.0	0.0	0.0	3	1.0195837703683779	0.8368045157514405	230.0	37	1.05	0.95				
	318	2	125.88895917789473	25.707054727017542	0.0	0.0	3	1.0188503634955894	0.4604753999921195	230.0	37	1.05	0.95				
	319	1	68.4261309645614	13.98766213087719	0.0	0.0	3	1.013020100404814	0.8377806137320905	230.0	35	1.05	0.95				
	320	1	48.38975007438596	9.829167983859648	0.0	0.0	3	1.0127438252816992	1.3024952108039252	230.0	35	1.05	0.95				
	321	2	0.0	0.0	0.0	0.0	3	1.0195607698231732	0.7099238903241039	230.0	37	1.05	0.95				
	322	2	0.0	0.0	0.0	0.0	3	1.0330835693123726	5.209707102268209	230.0	37	1.05	0.95				
	323	2	0.0	0.0	0.0	0.0	3	1.0127655841016365	1.7457271903177103	230.0	35	1.05	0.95				
	324	1	0.0	0.0	0.0	0.0	3	1.0091326583281526	-1.8108642166997686	230.0	36	1.05	0.95				
	325	1	0.0	0.0	0.0	0.0	3	1.013377442384576	2.5651467437765003	230.0	35	1.05	0.95				
];
