%% MATPOWER Case Format : Version 2
function mpc = RTS_GMLC
mpc.version = '2';

%%-----  Power Flow Data  -----%%
%% system MVA base
mpc.baseMVA = 100.0;
%% bus data
%    bus_i    type    Pd    Qd    Gs    Bs    area    Vm    Va    baseKV    zone    Vmax    Vmin
mpc.bus = [
	101	2	68.29490349473684	13.911924785964914	0.0	0.0	1	1.0353811318987056	-0.9103281285696592	138.0	11	1.05	0.95				
	102	2	61.338941101754386	12.647204350877193	0.0	0.0	1	1.0354258573755832	-0.9458316396574167	138.0	12	1.05	0.95				
	103	1	113.82483915789474	23.397328049122805	0.0	0.0	1	1.0219944880162273	-2.5394806255068896	138.0	11	1.05	0.95				
	104	1	46.79465609824561	9.485403263157895	0.0	0.0	1	1.0190458851019673	-4.08499652884651	138.0	11	1.05	0.95				
	105	1	44.89757544561403	8.853043045614035	0.0	0.0	1	1.0342122796688629	-3.9906973487186717	138.0	11	1.05	0.95				
	106	1	86.00098958596492	17.70608609122807	0.0	-100.0	1	1.0402153514394974	-6.296608143690365	138.0	12	1.05	0.95				
	107	2	79.04502719298246	15.80900543859649	0.0	0.0	1	1.0349032727611587	-4.654098651941307	138.0	12	1.05	0.95				
	108	1	108.1335972	22.132607614035084	0.0	0.0	1	1.0201069904647628	-6.614161837181861	138.0	12	1.05	0.95				
	109	1	110.66303807017543	22.764967831578943	0.0	0.0	1	1.0257087413902488	-4.1037641430484255	138.0	13	1.05	0.95				
	110	1	123.31024242105262	25.294408701754385	0.0	0.0	1	1.05	-5.1282261733334105	138.0	13	1.05	0.95				
	111	1	0.0	0.0	0.0	0.0	1	1.008640239868669	-1.6709698777871114	230.0	13	1.05	0.95				
	112	1	0.0	0.0	0.0	0.0	1	1.0128701297064995	-0.9606598074126896	230.0	13	1.05	0.95				
	113	3	167.5754576491228	34.14745174736842	0.0	0.0	1	1.0072097659535757	7.11819378539318e-32	230.0	14	1.05	0.95				
	114	2	122.67788220350877	24.662048484210526	0.0	0.0	1	1.0066573800032825	-0.09204820128966645	230.0	16	1.05	0.95				
	115	2	200.4581889614035	40.471053922807016	0.0	0.0	1	1.0381061619565188	6.467336689792526	230.0	16	1.05	0.95				
	116	2	63.23602175438596	12.647204350877193	0.0	0.0	1	1.0350665347212398	5.953051340495091	230.0	16	1.05	0.95				
	117	1	0.0	0.0	0.0	0.0	1	1.0404517516149259	8.25063804341285	230.0	17	1.05	0.95				
	118	2	210.57595244210526	43.00049479298246	0.0	0.0	1	1.042134164694862	8.407857543620095	230.0	17	1.05	0.95				
	119	1	114.45719937543859	23.397328049122805	0.0	0.0	1	1.029142154650394	4.801019626028209	230.0	15	1.05	0.95				
	120	1	80.94210784561403	16.44136565614035	0.0	0.0	1	1.0293944913274444	5.014835537130543	230.0	15	1.05	0.95				
	121	2	0.0	0.0	0.0	0.0	1	1.0452276082826146	9.803385102946693	230.0	17	1.05	0.95				
	122	2	0.0	0.0	0.0	0.0	1	1.05	16.36288333198706	230.0	17	1.05	0.95				
	123	2	0.0	0.0	0.0	0.0	1	1.0310924650707582	5.610682773767141	230.0	15	1.05	0.95				
	124	1	0.0	0.0	0.0	0.0	1	1.020766936787065	3.1158824253322646	230.0	16	1.05	0.95				
	201	2	64.24240517052631	13.086415868070175	0.0	0.0	2	1.0326529588063247	-10.465055109671429	138.0	21	1.05	0.95				
	202	2	57.69919723649123	11.896741698245615	0.0	0.0	2	1.032804437508009	-10.541296126786142	138.0	22	1.05	0.95				
	203	1	107.07067528421052	22.008972141754384	0.0	0.0	2	1.0245776159778053	-8.433215598725834	138.0	21	1.05	0.95				
	204	1	44.01794428350877	8.922556273684211	0.0	0.0	2	1.0181631699714977	-12.737347987221032	138.0	21	1.05	0.95				
	205	1	42.23343302877193	8.32771918877193	0.0	0.0	2	1.0336165528270065	-13.024051552073887	138.0	21	1.05	0.95				
	206	1	80.89784354807018	16.65543837754386	0.0	-100.0	2	1.0409989767672134	-15.02384008001609	138.0	22	1.05	0.95				
	207	2	74.35463561403509	14.870927122807018	0.0	0.0	2	0.9879245010444031	-23.991009761273062	138.0	22	1.05	0.95				
	208	1	101.71714152	20.819297971929824	0.0	0.0	2	0.9887223897691122	-21.139823912732016	138.0	22	1.05	0.95				
	209	1	104.09648985964913	21.414135056842103	0.0	0.0	2	1.0243658281764072	-12.119904112533352	138.0	23	1.05	0.95				
	210	1	115.99323155789475	23.79348339649123	0.0	0.0	2	1.05	-13.739191357063389	138.0	23	1.05	0.95				
	211	1	0.0	0.0	0.0	0.0	2	1.014975566046685	-8.850003766047973	230.0	23	1.05	0.95				
	212	1	0.0	0.0	0.0	0.0	2	1.014620089834895	-7.779517846752425	230.0	23	1.05	0.95				
	213	2	157.63182750175437	32.121202585263156	0.0	0.0	2	1.0155233914400101	-7.422173997559793	230.0	24	1.05	0.95				
	214	2	115.39839447298246	23.198646311578948	0.0	0.0	2	1.0222149667891611	-6.00922675790556	230.0	26	1.05	0.95				
	215	2	188.56335591719298	38.069573434385966	0.0	0.0	2	1.036038111515457	1.6409587231310412	230.0	26	1.05	0.95				
	216	2	59.48370849122807	11.896741698245615	0.0	0.0	2	1.0386752233369816	1.628854223247464	230.0	26	1.05	0.95				
	217	1	0.0	0.0	0.0	0.0	2	1.0415180617076882	4.384911021330171	230.0	27	1.05	0.95				
	218	2	198.0807492757895	40.44892177403509	0.0	0.0	2	1.0427209602371388	4.778917412132825	230.0	27	1.05	0.95				
	219	1	107.66551236912281	22.008972141754384	0.0	0.0	2	1.0389316212574518	1.3677595497051667	230.0	25	1.05	0.95				
	220	1	76.13914686877193	15.465764207719298	0.0	0.0	2	1.0439079732055492	2.26595396305889	230.0	25	1.05	0.95				
	221	2	0.0	0.0	0.0	0.0	2	1.0424682868694997	4.491087769903064	230.0	27	1.05	0.95				
	222	2	0.0	0.0	0.0	0.0	2	1.05	10.954262499902777	230.0	27	1.05	0.95				
	223	2	0.0	0.0	0.0	0.0	2	1.0481986622899677	3.192024030596828	230.0	25	1.05	0.95				
	224	1	0.0	0.0	0.0	0.0	2	1.019222099048156	-2.128221972099226	230.0	26	1.05	0.95				
	301	2	48.61879150736843	9.903827899649123	0.0	0.0	3	1.013394714580964	-3.84412044379537	138.0	31	1.05	0.95				
	302	2	43.666877557543856	9.003479908771931	0.0	0.0	3	1.012515608944176	-4.141111208433721	138.0	32	1.05	0.95				
	303	1	81.03131917894737	16.656437831228068	0.0	0.0	3	1.0493427706711203	8.313553419969658	138.0	31	1.05	0.95				
	304	1	33.312875662456136	6.752609931578947	0.0	0.0	3	1.0123001015909798	-2.8196568992034976	138.0	31	1.05	0.95				
	305	1	31.96235367614035	6.302435936140352	0.0	0.0	3	1.0261750607274207	-4.7553710084852066	138.0	31	1.05	0.95				
	306	1	61.22366337964913	12.604871872280704	0.0	-100.0	3	1.0408609686162338	-5.798585120743539	138.0	32	1.05	0.95				
	307	2	56.27174942982456	11.254349885964912	0.0	0.0	3	0.9894480344101064	-10.15616615205079	138.0	32	1.05	0.95				
	308	1	76.97975322	15.756089840350876	0.0	0.0	3	0.9963132686549999	-8.117470832901118	138.0	32	1.05	0.95				
	309	1	78.7804492017544	16.20626383578947	0.0	0.0	3	1.0262371853057022	0.10666141751358256	138.0	33	1.05	0.95				
	310	1	87.78392911052632	18.006959817543862	0.0	0.0	3	1.05	-4.219298818745999	138.0	33	1.05	0.95				
	311	1	0.0	0.0	0.0	0.0	3	1.0092832014518665	0.32128708725217386	230.0	33	1.05	0.95				
	312	1	0.0	0.0	0.0	0.0	3	1.013938925775446	0.7553552347056857	230.0	33	1.05	0.95				
	313	2	119.29610879122808	24.309395753684214	0.0	0.0	3	1.0110251822972462	2.8648080173949855	230.0	34	1.05	0.95				
	314	2	87.33375511508771	17.556785822105265	0.0	0.0	3	1.0044471322797828	0.5825231523904468	230.0	36	1.05	0.95				
	315	2	142.70515655403509	28.811135708070175	0.0	0.0	3	1.0410699311011717	4.08314110237047	230.0	36	1.05	0.95				
	316	2	45.017399543859646	9.003479908771931	0.0	0.0	3	1.0341701684627234	3.6250155106661075	230.0	36	1.05	0.95				
	317	1	0.0	0.0	0.0	0.0	3	1.042619730409927	5.541463848898755	230.0	37	1.05	0.95				
	318	2	149.90794048105263	30.611831689824566	0.0	0.0	3	1.0428142807640877	5.068432104995196	230.0	37	1.05	0.95				
	319	1	81.48149317438596	16.656437831228068	0.0	0.0	3	1.025774383317291	2.7164173288110622	230.0	35	1.05	0.95				
	320	1	57.62227141614035	11.704523881403508	0.0	0.0	3	1.0216970625209965	2.7987356769943488	230.0	35	1.05	0.95				
	321	2	0.0	0.0	0.0	0.0	3	1.044675994445077	5.892934970502252	230.0	37	1.05	0.95				
	322	2	0.0	0.0	0.0	0.0	3	1.05	10.083588354910272	230.0	37	1.05	0.95				
	323	2	0.0	0.0	0.0	0.0	3	1.0201418736311278	3.1956247620069704	230.0	35	1.05	0.95				
	324	1	0.0	0.0	0.0	0.0	3	1.0414447004662726	5.702845719676906	230.0	36	1.05	0.95				
	325	1	0.0	0.0	0.0	0.0	3	1.0214276989668831	3.7708656933042377	230.0	35	1.05	0.95				
];
