%% MATPOWER Case Format : Version 2
function mpc = RTS_GMLC
mpc.version = '2';

%%-----  Power Flow Data  -----%%
%% system MVA base
mpc.baseMVA = 100.0;
%% bus data
%    bus_i    type    Pd    Qd    Gs    Bs    area    Vm    Va    baseKV    zone    Vmax    Vmin
mpc.bus = [
	101	2	66.50470064842105	13.547253835789475	0.0	0.0	1	1.048708880859735	1.3787815366314944	138.0	11	1.05	0.95				
	102	2	59.73107373052632	12.315685305263157	0.0	0.0	1	1.047535787566203	1.00361015137929	138.0	12	1.05	0.95				
	103	1	110.84116774736843	22.784017814736842	0.0	0.0	1	1.0312484719551904	-0.18651618005172446	138.0	11	1.05	0.95				
	104	1	45.568035629473684	9.236763978947367	0.0	0.0	1	1.0270774380630174	-2.480088230511127	138.0	11	1.05	0.95				
	105	1	43.72068283368421	8.62097971368421	0.0	0.0	1	1.0402685644010345	-2.83068195639311	138.0	11	1.05	0.95				
	106	1	83.74666007578948	17.24195942736842	0.0	-100.0	1	1.0428439371104388	-5.8409541504775575	138.0	12	1.05	0.95				
	107	2	76.97303315789473	15.394606631578947	0.0	0.0	1	0.9985459079479011	-13.587741100950868	138.0	12	1.05	0.95				
	108	1	105.29910936	21.552449284210525	0.0	0.0	1	0.9961314417573417	-11.694474661383122	138.0	12	1.05	0.95				
	109	1	107.76224642105264	22.168233549473683	0.0	0.0	1	1.0254866564724563	-3.931893850157861	138.0	13	1.05	0.95				
	110	1	120.07793172631578	24.631370610526314	0.0	0.0	1	1.05	-5.237232952513559	138.0	13	1.05	0.95				
	111	1	0.0	0.0	0.0	0.0	1	1.0111931391488982	-1.3264196322715733	230.0	13	1.05	0.95				
	112	1	0.0	0.0	0.0	0.0	1	1.0140253871425222	-1.20717770612933	230.0	13	1.05	0.95				
	113	3	163.18283029473685	33.252350324210525	0.0	0.0	1	1.0091861286735964	-1.4021844497079794e-28	230.0	14	1.05	0.95				
	114	2	119.46214746105264	24.015586345263156	0.0	0.0	1	1.0134049286781563	0.8396766111721783	230.0	16	1.05	0.95				
	115	2	195.20361208842104	39.410192976842104	0.0	0.0	1	1.043401396418354	8.485501944751153	230.0	16	1.05	0.95				
	116	2	61.57842652631579	12.315685305263157	0.0	0.0	1	1.0406244600520287	7.581206518044319	230.0	16	1.05	0.95				
	117	1	0.0	0.0	0.0	0.0	1	1.0450079624047035	11.175329268022772	230.0	17	1.05	0.95				
	118	2	205.05616033263158	41.87333003789474	0.0	0.0	1	1.0478774092867984	12.026133551892295	230.0	17	1.05	0.95				
	119	1	111.45695201263158	22.784017814736842	0.0	0.0	1	1.0320281297166791	5.4145077997606466	230.0	15	1.05	0.95				
	120	1	78.82038595368421	16.010390896842104	0.0	0.0	1	1.0296881141571126	4.35271647404455	230.0	15	1.05	0.95				
	121	2	0.0	0.0	0.0	0.0	1	1.05	13.887272018628687	230.0	17	1.05	0.95				
	122	2	0.0	0.0	0.0	0.0	1	1.05	19.33507273655994	230.0	17	1.05	0.95				
	123	2	0.0	0.0	0.0	0.0	1	1.0297788840635367	4.234014319712958	230.0	15	1.05	0.95				
	124	1	0.0	0.0	0.0	0.0	1	1.0278627867354873	5.245771916159191	230.0	16	1.05	0.95				
	201	2	65.72139146526315	13.387690854035087	0.0	0.0	2	1.0213127125591768	-12.823922023671056	138.0	21	1.05	0.95				
	202	2	59.02754603824562	12.170628049122808	0.0	0.0	2	1.0219433533586413	-12.725677893278206	138.0	22	1.05	0.95				
	203	1	109.53565244210526	22.51566189087719	0.0	0.0	2	1.0136833125984055	-11.094264923234714	138.0	21	1.05	0.95				
	204	1	45.03132378175438	9.127971036842105	0.0	0.0	2	1.013357114790051	-13.047124867384028	138.0	21	1.05	0.95				
	205	1	43.20572957438596	8.519439634385966	0.0	0.0	2	1.027961539526223	-13.431425036030252	138.0	21	1.05	0.95				
	206	1	82.76027073403509	17.038879268771932	0.0	-100.0	2	1.0385796520667867	-14.342565469416552	138.0	22	1.05	0.95				
	207	2	76.06642530701755	15.213285061403509	0.0	0.0	2	0.9910328734074051	-22.806183201201605	138.0	22	1.05	0.95				
	208	1	104.05886981999998	21.298599085964913	0.0	0.0	2	0.9900697280885091	-19.87469178446187	138.0	22	1.05	0.95				
	209	1	106.49299542982456	21.90713048842105	0.0	0.0	2	1.025217602599075	-10.814729029561887	138.0	23	1.05	0.95				
	210	1	118.66362347894737	24.341256098245616	0.0	0.0	2	1.05	-12.09975413363038	138.0	23	1.05	0.95				
	211	1	0.0	0.0	0.0	0.0	2	1.0157240607517326	-7.331314763455134	230.0	23	1.05	0.95				
	212	1	0.0	0.0	0.0	0.0	2	1.0188798864561652	-2.4112857985703458	230.0	23	1.05	0.95				
	213	2	161.26082165087718	32.86069573263158	0.0	0.0	2	1.0209189466493582	-4.322846411322628	230.0	24	1.05	0.95				
	214	2	118.05509207649123	23.732724695789475	0.0	0.0	2	1.019518802949955	-5.831955006145708	230.0	26	1.05	0.95				
	215	2	192.90445457859647	38.94600975719298	0.0	0.0	2	1.0323772881663087	-0.14015687111396213	230.0	26	1.05	0.95				
	216	2	60.853140245614036	12.170628049122808	0.0	0.0	2	1.0340294447449796	0.04101094896102552	230.0	26	1.05	0.95				
	217	1	0.0	0.0	0.0	0.0	2	1.0357976522238481	1.15819190546973	230.0	27	1.05	0.95				
	218	2	202.64095701789472	41.380135367017544	0.0	0.0	2	1.0340882995569656	0.34112523781031784	230.0	27	1.05	0.95				
	219	1	110.14418384456141	22.51566189087719	0.0	0.0	2	1.0351120043339257	1.2004359707146903	230.0	25	1.05	0.95				
	220	1	77.89201951438596	15.821816463859651	0.0	0.0	2	1.0416625031392017	3.3572849748369844	230.0	25	1.05	0.95				
	221	2	0.0	0.0	0.0	0.0	2	1.0360673259194808	0.9915944932212322	230.0	27	1.05	0.95				
	222	2	0.0	0.0	0.0	0.0	2	1.05	7.555697523647864	230.0	27	1.05	0.95				
	223	2	0.0	0.0	0.0	0.0	2	1.047646802744427	4.976896632726385	230.0	25	1.05	0.95				
	224	1	0.0	0.0	0.0	0.0	2	1.0118231086047251	-4.210817804231659	230.0	26	1.05	0.95				
	301	2	48.77254034526316	9.93514710736842	0.0	0.0	3	1.0021778401516914	14.94415268657031	138.0	31	1.05	0.95				
	302	2	43.80496679157895	9.031951915789474	0.0	0.0	3	1.002016334129704	14.94250583817603	138.0	32	1.05	0.95				
	303	1	81.28756724210527	16.709111044210527	0.0	0.0	3	1.0166037501934528	16.178907490314696	138.0	31	1.05	0.95				
	304	1	33.418222088421054	6.7739639368421045	0.0	0.0	3	1.0066076865976614	16.456714767445217	138.0	31	1.05	0.95				
	305	1	32.06342930105263	6.322366341052632	0.0	0.0	3	1.0194490909619178	16.62304093974629	138.0	31	1.05	0.95				
	306	1	61.417273027368424	12.644732682105264	0.0	-100.0	3	1.0380445881704692	17.02084054938317	138.0	32	1.05	0.95				
	307	2	56.44969947368421	11.289939894736841	0.0	0.0	3	0.9818494159527439	14.42673946797241	138.0	32	1.05	0.95				
	308	1	77.22318888	15.805915852631577	0.0	0.0	3	0.9987763347895422	16.330982510109383	138.0	32	1.05	0.95				
	309	1	79.02957926315788	16.25751344842105	0.0	0.0	3	1.0248558296064296	19.546185346193994	138.0	33	1.05	0.95				
	310	1	88.06153117894736	18.063903831578948	0.0	0.0	3	1.05	19.744490865326146	138.0	33	1.05	0.95				
	311	1	0.0	0.0	0.0	0.0	3	1.0054382995154534	24.337155394287123	230.0	33	1.05	0.95				
	312	1	0.0	0.0	0.0	0.0	3	1.0137676373810465	25.326741027166257	230.0	33	1.05	0.95				
	313	2	119.6733628842105	24.38627017263158	0.0	0.0	3	1.0189741927429043	31.80897965543172	230.0	34	1.05	0.95				
	314	2	87.6099335831579	17.612306235789475	0.0	0.0	3	1.0003573554771985	22.521682072427556	230.0	36	1.05	0.95				
	315	2	143.15643786526314	28.902246130526315	0.0	0.0	3	1.0291733564131316	16.33957906498838	230.0	36	1.05	0.95				
	316	2	45.159759578947366	9.031951915789474	0.0	0.0	3	1.0295895727523348	17.40882543039506	230.0	36	1.05	0.95				
	317	1	0.0	0.0	0.0	0.0	3	1.036985894278749	16.031683104016242	230.0	37	1.05	0.95				
	318	2	150.38199939789473	30.708636513684212	0.0	0.0	3	1.03735591237112	14.73624774420873	230.0	37	1.05	0.95				
	319	1	81.73916483789473	16.709111044210527	0.0	0.0	3	1.0288923869346358	20.01498095698776	230.0	35	1.05	0.95				
	320	1	57.80449226105263	11.741537490526316	0.0	0.0	3	1.0291853040090568	21.69866095863071	230.0	35	1.05	0.95				
	321	2	0.0	0.0	0.0	0.0	3	1.036489689040058	15.83680749668865	230.0	37	1.05	0.95				
	322	2	0.0	0.0	0.0	0.0	3	1.0499998819699687	20.219665174207467	230.0	37	1.05	0.95				
	323	2	0.0	0.0	0.0	0.0	3	1.0288395110827613	22.304633321072714	230.0	35	1.05	0.95				
	324	1	0.0	0.0	0.0	0.0	3	1.0228149263031032	18.184727849726364	230.0	36	1.05	0.95				
	325	1	0.0	0.0	0.0	0.0	3	1.032067022111288	21.59339304204217	230.0	35	1.05	0.95				
];
