%% MATPOWER Case Format : Version 2
function mpc = RTS_GMLC
mpc.version = '2';

%%-----  Power Flow Data  -----%%
%% system MVA base
mpc.baseMVA = 100.0;
%% bus data
%    bus_i    type    Pd    Qd    Gs    Bs    area    Vm    Va    baseKV    zone    Vmax    Vmin
mpc.bus = [
	101	2	55.87036120421052	11.380999504561402	0.0	0.0	1	1.0336131585061892	0.9237925305664316	138.0	11	1.05	0.95				
	102	2	50.17986145192982	10.346363185964911	0.0	0.0	1	1.033178450768721	0.7767600917060493	138.0	12	1.05	0.95				
	103	1	93.1172686736842	19.140771894035087	0.0	0.0	1	1.0251729030650343	-0.6479241784832023	138.0	11	1.05	0.95				
	104	1	38.281543788070174	7.759772389473683	0.0	0.0	1	1.0199600165123524	-2.277053934652345	138.0	11	1.05	0.95				
	105	1	36.729589310175434	7.242454230175438	0.0	0.0	1	1.034832845324822	-2.1249928990209224	138.0	11	1.05	0.95				
	106	1	70.35526966456139	14.484908460350876	0.0	-100.0	1	1.042999883287941	-4.3479688352559345	138.0	12	1.05	0.95				
	107	2	64.66476991228069	12.932953982456139	0.0	0.0	1	1.0175299550006844	-5.82534364032993	138.0	12	1.05	0.95				
	108	1	88.46140523999999	18.106135575438593	0.0	0.0	1	1.0129745828200818	-6.317969989009046	138.0	12	1.05	0.95				
	109	1	90.53067787719297	18.623453734736838	0.0	0.0	1	1.0251302563545885	-2.6816865509660084	138.0	13	1.05	0.95				
	110	1	100.87704106315786	20.692726371929822	0.0	0.0	1	1.05	-3.586042603135696	138.0	13	1.05	0.95				
	111	1	0.0	0.0	0.0	0.0	1	1.0058136185017128	-0.6945210132621235	230.0	13	1.05	0.95				
	112	1	0.0	0.0	0.0	0.0	1	1.0104428352108452	-0.12139079149946738	230.0	13	1.05	0.95				
	113	3	137.08931221403506	27.93518060210526	0.0	0.0	1	1.0006166499248563	-5.229896437647689e-31	230.0	14	1.05	0.95				
	114	2	100.35972290385963	20.175408212631577	0.0	0.0	1	1.0030950477194944	1.2543408528248154	230.0	16	1.05	0.95				
	115	2	163.98985649754383	33.108362195087714	0.0	0.0	1	1.0366425380077966	7.445490195258862	230.0	16	1.05	0.95				
	116	2	51.731815929824556	10.346363185964911	0.0	0.0	1	1.0334939547580717	7.068319275109451	230.0	16	1.05	0.95				
	117	1	0.0	0.0	0.0	0.0	1	1.0396578549546116	9.11145263108049	230.0	17	1.05	0.95				
	118	2	172.26694704631578	35.177634832280695	0.0	0.0	1	1.041476499917439	9.135891862062667	230.0	17	1.05	0.95				
	119	1	93.63458683298245	19.140771894035087	0.0	0.0	1	1.0281387340132355	6.08263450756466	230.0	15	1.05	0.95				
	120	1	66.21672439017543	13.450272141754386	0.0	0.0	1	1.0274936255351454	6.224944916511227	230.0	15	1.05	0.95				
	121	2	0.0	0.0	0.0	0.0	1	1.0448513743972456	10.346500239733269	230.0	17	1.05	0.95				
	122	2	0.0	0.0	0.0	0.0	1	1.05	17.180767103375047	230.0	17	1.05	0.95				
	123	2	0.0	0.0	0.0	0.0	1	1.0281395341294157	6.69873762512687	230.0	15	1.05	0.95				
	124	1	0.0	0.0	0.0	0.0	1	1.0220560376049792	4.421443022884193	230.0	16	1.05	0.95				
	201	2	57.25546984421052	11.663151264561403	0.0	0.0	2	1.0319259722672312	-8.604698302590347	138.0	21	1.05	0.95				
	202	2	51.42389421192982	10.602864785964911	0.0	0.0	2	1.0323083320878954	-8.603154740388524	138.0	22	1.05	0.95				
	203	1	95.42578307368422	19.615299854035086	0.0	0.0	2	1.0216160891589965	-7.297416472521288	138.0	21	1.05	0.95				
	204	1	39.23059970807017	7.9521485894736825	0.0	0.0	2	1.0187780657822285	-10.73668595720007	138.0	21	1.05	0.95				
	205	1	37.64016999017544	7.422005350175438	0.0	0.0	2	1.034201456811005	-10.975257840446307	138.0	21	1.05	0.95				
	206	1	72.0994805445614	14.844010700350877	0.0	-100.0	2	1.042814173485014	-12.802608418040165	138.0	22	1.05	0.95				
	207	2	66.2679049122807	13.253580982456139	0.0	0.0	2	0.9897406618854613	-20.75094803926196	138.0	22	1.05	0.95				
	208	1	90.65449392	18.555013375438595	0.0	0.0	2	0.9926535531173765	-18.26046351204271	138.0	22	1.05	0.95				
	209	1	92.77506687719298	19.08515661473684	0.0	0.0	2	1.0235479249658175	-10.326859316649912	138.0	23	1.05	0.95				
	210	1	103.3779316631579	21.205729571929822	0.0	0.0	2	1.05	-11.70036541462591	138.0	23	1.05	0.95				
	211	1	0.0	0.0	0.0	0.0	2	1.0107475843896838	-7.283427198397408	230.0	23	1.05	0.95				
	212	1	0.0	0.0	0.0	0.0	2	1.0111755926917563	-6.526353398467514	230.0	23	1.05	0.95				
	213	2	140.48795841403506	28.62773492210526	0.0	0.0	2	1.0075805985740443	-6.167889443231573	230.0	24	1.05	0.95				
	214	2	102.84778842385964	20.67558633263158	0.0	0.0	2	1.016190746377797	-4.473715859329191	230.0	26	1.05	0.95				
	215	2	168.05540685754386	33.92916731508772	0.0	0.0	2	1.0318210228951696	2.7695903517178544	230.0	26	1.05	0.95				
	216	2	53.014323929824556	10.602864785964911	0.0	0.0	2	1.0336546969131617	2.727862785520955	230.0	26	1.05	0.95				
	217	1	0.0	0.0	0.0	0.0	2	1.0381607430391522	5.61866716508312	230.0	27	1.05	0.95				
	218	2	176.5376986863158	36.0497402722807	0.0	0.0	2	1.0398509993719587	6.103924691778974	230.0	27	1.05	0.95				
	219	1	95.95592631298246	19.615299854035086	0.0	0.0	2	1.032004958187552	2.040410116813411	230.0	25	1.05	0.95				
	220	1	67.85833463017543	13.783724221754385	0.0	0.0	2	1.0346287902050832	2.4620742698662212	230.0	25	1.05	0.95				
	221	2	0.0	0.0	0.0	0.0	2	1.039581031339697	5.7496862226424525	230.0	27	1.05	0.95				
	222	2	0.0	0.0	0.0	0.0	2	1.05	12.199987343276774	230.0	27	1.05	0.95				
	223	2	0.0	0.0	0.0	0.0	2	1.0371796288186366	3.0908318416642246	230.0	25	1.05	0.95				
	224	1	0.0	0.0	0.0	0.0	2	1.0155341098273496	-1.0014807855010472	230.0	26	1.05	0.95				
	301	2	42.878835814736846	8.734577665964913	0.0	0.0	3	1.0103778123693228	-11.7146260577438	138.0	31	1.05	0.95				
	302	2	38.511546981754385	7.9405251508771935	0.0	0.0	3	1.010241601614003	-11.856636056931487	138.0	32	1.05	0.95				
	303	1	71.46472635789475	14.689971529122808	0.0	0.0	3	1.0301181515153333	-5.350302294162427	138.0	31	1.05	0.95				
	304	1	29.379943058245615	5.955393863157895	0.0	0.0	3	1.0125288994407518	-10.540380213873442	138.0	31	1.05	0.95				
	305	1	28.188864285614034	5.558367605614036	0.0	0.0	3	1.0252613994028383	-11.548783913597276	138.0	31	1.05	0.95				
	306	1	53.995571025964914	11.116735211228072	0.0	-100.0	3	1.0419298569420408	-11.940479213230415	138.0	32	1.05	0.95				
	307	2	49.62828219298246	9.925656438596492	0.0	0.0	3	0.9931105165015072	-16.003155499768333	138.0	32	1.05	0.95				
	308	1	67.89149004000001	13.895919014035089	0.0	0.0	3	1.00091036618326	-14.247916259169072	138.0	32	1.05	0.95				
	309	1	69.47959507017545	14.292945271578947	0.0	0.0	3	1.0264467000273856	-7.835510193963375	138.0	33	1.05	0.95				
	310	1	77.42012022105264	15.881050301754387	0.0	0.0	3	1.05	-10.102858985232226	138.0	33	1.05	0.95				
	311	1	0.0	0.0	0.0	0.0	3	1.0051418849414986	-5.120304451075333	230.0	33	1.05	0.95				
	312	1	0.0	0.0	0.0	0.0	3	1.0098903588383967	-4.701329684957882	230.0	33	1.05	0.95				
	313	2	105.21195824912282	21.439417907368423	0.0	0.0	3	1.0074862241406903	-1.9633569385155027	230.0	34	1.05	0.95				
	314	2	77.02309396350877	15.484024044210528	0.0	0.0	3	0.9996182662656996	-3.894360927183326	230.0	36	1.05	0.95				
	315	2	125.85732364140353	25.40968048280702	0.0	0.0	3	1.0259371407997429	-0.2395545790654541	230.0	36	1.05	0.95				
	316	2	39.70262575438597	7.9405251508771935	0.0	0.0	3	1.024282430610174	0.19480955318754384	230.0	36	1.05	0.95				
	317	1	0.0	0.0	0.0	0.0	3	1.0316494992471532	1.6569958895583097	230.0	37	1.05	0.95				
	318	2	132.2097437621053	26.997785512982457	0.0	0.0	3	1.031110739483222	1.3312921256969243	230.0	37	1.05	0.95				
	319	1	71.8617526154386	14.689971529122808	0.0	0.0	3	1.019313957397514	-0.5959843739720225	230.0	35	1.05	0.95				
	320	1	50.81936096561404	10.322682696140353	0.0	0.0	3	1.0176017568894917	-0.4998797964455653	230.0	35	1.05	0.95				
	321	2	0.0	0.0	0.0	0.0	3	1.032338868120346	1.731821434655021	230.0	37	1.05	0.95				
	322	2	0.0	0.0	0.0	0.0	3	1.0454117873151327	6.047005851491117	230.0	37	1.05	0.95				
	323	2	0.0	0.0	0.0	0.0	3	1.0171117311640292	-0.134262369431809	230.0	35	1.05	0.95				
	324	1	0.0	0.0	0.0	0.0	3	1.0201605287284055	-2.1806985099018505	230.0	36	1.05	0.95				
	325	1	0.0	0.0	0.0	0.0	3	1.0171497595355057	0.7690641141028707	230.0	35	1.05	0.95				
];
