%% MATPOWER Case Format : Version 2
function mpc = RTS_GMLC
mpc.version = '2';

%%-----  Power Flow Data  -----%%
%% system MVA base
mpc.baseMVA = 100.0;
%% bus data
%    bus_i    type    Pd    Qd    Gs    Bs    area    Vm    Va    baseKV    zone    Vmax    Vmin
mpc.bus = [
	101	2	55.4428500631579	11.293913901754387	0.0	0.0	1	1.0324869598911792	0.07890629826381186	138.0	11	1.05	0.95				
	102	2	49.7958931122807	10.267194456140352	0.0	0.0	1	1.032060652698431	-0.08216367224356999	138.0	12	1.05	0.95				
	103	1	92.40475010526316	18.99430974385965	0.0	0.0	1	1.0270849812315959	-1.116982553994464	138.0	11	1.05	0.95				
	104	1	37.9886194877193	7.700395842105263	0.0	0.0	1	1.019616238003871	-3.2067562203033417	138.0	11	1.05	0.95				
	105	1	36.448540319298246	7.187036119298247	0.0	0.0	1	1.0342242720308885	-3.085946930627663	138.0	11	1.05	0.95				
	106	1	69.81692230175439	14.374072238596494	0.0	-100.0	1	1.0427584821316924	-5.3709065212534455	138.0	12	1.05	0.95				
	107	2	64.1699653508772	12.83399307017544	0.0	0.0	1	1.005675261294477	-11.241220796463189	138.0	12	1.05	0.95				
	108	1	87.78451260000001	17.967590298245614	0.0	0.0	1	1.0045851578243907	-9.848912379435086	138.0	12	1.05	0.95				
	109	1	89.83795149122807	18.480950021052635	0.0	0.0	1	1.0253542208096231	-3.681957343975391	138.0	13	1.05	0.95				
	110	1	100.10514594736844	20.534388912280704	0.0	0.0	1	1.05	-4.673242527895739	138.0	13	1.05	0.95				
	111	1	0.0	0.0	0.0	0.0	1	1.0073798886479381	-1.1334571641299394	230.0	13	1.05	0.95				
	112	1	0.0	0.0	0.0	0.0	1	1.0121661988727466	-0.8510957693470216	230.0	13	1.05	0.95				
	113	3	136.04032654385963	27.72142503157895	0.0	0.0	1	1.004598467644079	-1.1637511383537814e-31	230.0	14	1.05	0.95				
	114	2	99.5917862245614	20.021029189473687	0.0	0.0	1	1.0058276202151282	1.0252177973336942	230.0	16	1.05	0.95				
	115	2	162.73503212982456	32.855022259649125	0.0	0.0	1	1.0415227495231494	7.734924697753121	230.0	16	1.05	0.95				
	116	2	51.33597228070176	10.267194456140352	0.0	0.0	1	1.0381292870213985	7.073712850052265	230.0	16	1.05	0.95				
	117	1	0.0	0.0	0.0	0.0	1	1.0433095035103337	9.874793175853435	230.0	17	1.05	0.95				
	118	2	170.94878769473684	34.908461150877194	0.0	0.0	1	1.0467042715684276	9.92568561680185	230.0	17	1.05	0.95				
	119	1	92.91810982807019	18.99430974385965	0.0	0.0	1	1.031383158360944	5.465053354167804	230.0	15	1.05	0.95				
	120	1	65.71004451929825	13.34735279298246	0.0	0.0	1	1.0297575148006206	5.046709431458518	230.0	15	1.05	0.95				
	121	2	0.0	0.0	0.0	0.0	1	1.05	11.151561556696985	230.0	17	1.05	0.95				
	122	2	0.0	0.0	0.0	0.0	1	1.05	20.848248720188465	230.0	17	1.05	0.95				
	123	2	0.0	0.0	0.0	0.0	1	1.0297567282675737	5.207303696683847	230.0	15	1.05	0.95				
	124	1	0.0	0.0	0.0	0.0	1	1.02494747438843	4.435563664678918	230.0	16	1.05	0.95				
	201	2	63.81740910315791	12.99984259508772	0.0	0.0	2	1.0293301211807124	-14.197815249722925	138.0	21	1.05	0.95				
	202	2	57.31748780561404	11.81803872280702	0.0	0.0	2	1.0297704418085023	-14.210547288561983	138.0	22	1.05	0.95				
	203	1	106.36234850526316	21.863371637192984	0.0	0.0	2	1.0176703278125514	-12.137508388051836	138.0	21	1.05	0.95				
	204	1	43.72674327438597	8.863529042105263	0.0	0.0	2	1.016453138073589	-16.147969573631528	138.0	21	1.05	0.95				
	205	1	41.95403746596491	8.272627105964913	0.0	0.0	2	1.0320987199413953	-16.467587978765103	138.0	21	1.05	0.95				
	206	1	80.36266331508773	16.545254211929826	0.0	-100.0	2	1.0405092267149054	-18.28964569411074	138.0	22	1.05	0.95				
	207	2	73.86274201754387	14.772548403508774	0.0	0.0	2	0.9881644131779553	-27.099205969653916	138.0	22	1.05	0.95				
	208	1	101.04423108	20.68156776491228	0.0	0.0	2	0.9888692464215832	-24.26678785462952	138.0	22	1.05	0.95				
	209	1	103.40783882456141	21.272469701052632	0.0	0.0	2	1.023549200225261	-15.32361777732215	138.0	23	1.05	0.95				
	210	1	115.22587754736841	23.63607744561404	0.0	0.0	2	1.05	-16.8907197931006	138.0	23	1.05	0.95				
	211	1	0.0	0.0	0.0	0.0	2	1.0157809672809626	-11.708412217096853	230.0	23	1.05	0.95				
	212	1	0.0	0.0	0.0	0.0	2	1.0146401202823105	-10.820362690754504	230.0	23	1.05	0.95				
	213	2	156.589013077193	31.908704551578953	0.0	0.0	2	1.0166409491875477	-10.36324195032636	230.0	24	1.05	0.95				
	214	2	114.63497561122809	23.045175509473687	0.0	0.0	2	1.0252071275924175	-8.499970377518972	230.0	26	1.05	0.95				
	215	2	187.31591375649123	37.81772391298246	0.0	0.0	2	1.0366164664200832	-0.1282597548592207	230.0	26	1.05	0.95				
	216	2	59.090193614035094	11.81803872280702	0.0	0.0	2	1.0397657589473674	-0.3588807455811227	230.0	26	1.05	0.95				
	217	1	0.0	0.0	0.0	0.0	2	1.0417986861450523	2.75365843777274	230.0	27	1.05	0.95				
	218	2	196.77034473473688	40.181331657543865	0.0	0.0	2	1.0432701816150076	3.1169971282277094	230.0	27	1.05	0.95				
	219	1	106.95325044140351	21.863371637192984	0.0	0.0	2	1.039730211518267	-1.0224988733656653	230.0	25	1.05	0.95				
	220	1	75.63544782596492	15.363450339649123	0.0	0.0	2	1.0444042780286216	-0.4814306728115872	230.0	25	1.05	0.95				
	221	2	0.0	0.0	0.0	0.0	2	1.0430131270733185	2.7943944609674025	230.0	27	1.05	0.95				
	222	2	0.0	0.0	0.0	0.0	2	1.05	9.283721386523505	230.0	27	1.05	0.95				
	223	2	0.0	0.0	0.0	0.0	2	1.0483716799366642	0.24689816043487472	230.0	25	1.05	0.95				
	224	1	0.0	0.0	0.0	0.0	2	1.014541040371366	-4.592542217325152	230.0	26	1.05	0.95				
	301	2	46.31255931789474	9.434039861052632	0.0	0.0	3	1.0064568335712332	-15.75917633312723	138.0	31	1.05	0.95				
	302	2	41.59553938736842	8.576399873684212	0.0	0.0	3	1.0063340817694097	-15.872097934032777	138.0	32	1.05	0.95				
	303	1	77.1875988631579	15.86633976631579	0.0	0.0	3	1.0238464023311213	-10.405949742105811	138.0	31	1.05	0.95				
	304	1	31.73267953263158	6.432299905263157	0.0	0.0	3	1.0098675871877867	-14.458162466798656	138.0	31	1.05	0.95				
	305	1	30.446219551578945	6.003479911578948	0.0	0.0	3	1.0226451737043933	-15.187402480399987	138.0	31	1.05	0.95				
	306	1	58.31951914105263	12.006959823157896	0.0	-100.0	3	1.0400240580771236	-15.38215954088375	138.0	32	1.05	0.95				
	307	2	53.60249921052631	10.720499842105264	0.0	0.0	3	0.9926088790010872	-20.05485827705038	138.0	32	1.05	0.95				
	308	1	73.32821892	15.008699778947369	0.0	0.0	3	0.9993033198618582	-18.128039012008735	138.0	32	1.05	0.95				
	309	1	75.04349889473684	15.437519772631578	0.0	0.0	3	1.0261855204891996	-11.545785848411043	138.0	33	1.05	0.95				
	310	1	83.61989876842105	17.152799747368423	0.0	0.0	3	1.05	-13.235346820515229	138.0	33	1.05	0.95				
	311	1	0.0	0.0	0.0	0.0	3	1.009206204173976	-7.387719011842751	230.0	33	1.05	0.95				
	312	1	0.0	0.0	0.0	0.0	3	1.0115123250055387	-7.111386326375374	230.0	33	1.05	0.95				
	313	2	113.6372983263158	23.15627965894737	0.0	0.0	3	1.0113626050735953	-4.067702643099606	230.0	34	1.05	0.95				
	314	2	83.19107877473684	16.723979753684212	0.0	0.0	3	1.0121213318222888	-5.2084594234165245	230.0	36	1.05	0.95				
	315	2	135.93593799789474	27.444479595789474	0.0	0.0	3	1.0400633819950458	-0.1450504596314617	230.0	36	1.05	0.95				
	316	2	42.881999368421056	8.576399873684212	0.0	0.0	3	1.0391666323141147	0.37532792933182213	230.0	36	1.05	0.95				
	317	1	0.0	0.0	0.0	0.0	3	1.05	5.1806706717153554	230.0	37	1.05	0.95				
	318	2	142.79705789684212	29.159759570526315	0.0	0.0	3	1.0466559997242968	3.194347360095336	230.0	37	1.05	0.95				
	319	1	77.6164188568421	15.86633976631579	0.0	0.0	3	1.032505888192762	-0.8777189057670346	230.0	35	1.05	0.95				
	320	1	54.88895919157895	11.149319835789475	0.0	0.0	3	1.0297837219112733	-1.147490159510418	230.0	35	1.05	0.95				
	321	2	0.0	0.0	0.0	0.0	3	1.04572063157352	2.694970799816894	230.0	37	1.05	0.95				
	322	2	0.0	0.0	0.0	0.0	3	1.05	8.013194672150147	230.0	37	1.05	0.95				
	323	2	0.0	0.0	0.0	0.0	3	1.0287951354282654	-0.9670933556179079	230.0	35	1.05	0.95				
	324	1	0.0	0.0	0.0	0.0	3	1.0211940567216689	-3.966437080267764	230.0	36	1.05	0.95				
	325	1	0.0	0.0	0.0	0.0	3	1.0275450975006004	0.06256610510910521	230.0	35	1.05	0.95				
];
