%% MATPOWER Case Format : Version 2
function mpc = RTS_GMLC
mpc.version = '2';

%%-----  Power Flow Data  -----%%
%% system MVA base
mpc.baseMVA = 100.0;
%% bus data
%    bus_i    type    Pd    Qd    Gs    Bs    area    Vm    Va    baseKV    zone    Vmax    Vmin
mpc.bus = [
	101	2	83.08411677473686	16.924542305964916	0.0	0.0	1	1.0316396675117026	-3.987572166448181	138.0	11	1.05	0.95				
	102	2	74.62184562175439	15.385947550877196	0.0	0.0	1	1.0316571572205402	-4.046172497232421	138.0	12	1.05	0.95				
	103	1	138.47352795789476	28.46400296912281	0.0	0.0	1	1.0186836047423808	-4.2521967343590825	138.0	11	1.05	0.95				
	104	1	56.92800593824562	11.539460663157895	0.0	0.0	1	1.0154233431603743	-6.71259247336686	138.0	11	1.05	0.95				
	105	1	54.62011380561403	10.770163285614037	0.0	0.0	1	1.0306250345865042	-6.781638407941012	138.0	11	1.05	0.95				
	106	1	104.62444334596492	21.540326571228075	0.0	-100.0	1	1.0354791745311616	-9.044385880573412	138.0	12	1.05	0.95				
	107	2	96.16217219298247	19.232434438596492	0.0	0.0	1	1.05	-5.940624111878841	138.0	12	1.05	0.95				
	108	1	131.54985156	26.92540821403509	0.0	0.0	1	1.0250850005962604	-8.534392416103051	138.0	12	1.05	0.95				
	109	1	134.62704107017544	27.69470559157895	0.0	0.0	1	1.026872553964408	-5.776007431010048	138.0	13	1.05	0.95				
	110	1	150.01298862105267	30.771895101754392	0.0	0.0	1	1.05	-7.180266991907161	138.0	13	1.05	0.95				
	111	1	0.0	0.0	0.0	0.0	1	1.0148460403344628	-2.420120687673242	230.0	13	1.05	0.95				
	112	1	0.0	0.0	0.0	0.0	1	1.0170467275909576	-1.475637005145289	230.0	13	1.05	0.95				
	113	3	203.86380504912282	41.54205838736843	0.0	0.0	1	1.0186409026348553	-1.382527132414962e-27	230.0	14	1.05	0.95				
	114	2	149.24369124350878	30.002597724210535	0.0	0.0	1	1.0177654324459633	-0.45210693200764696	230.0	16	1.05	0.95				
	115	2	243.86726868140354	49.23503216280702	0.0	0.0	1	1.044758504369348	7.317378327275436	230.0	16	1.05	0.95				
	116	2	76.92973775438597	15.385947550877196	0.0	0.0	1	1.0438866581656814	6.971286959045232	230.0	16	1.05	0.95				
	117	1	0.0	0.0	0.0	0.0	1	1.0473285674563584	9.995196759516048	230.0	17	1.05	0.95				
	118	2	256.1760267221053	52.31222167298246	0.0	0.0	1	1.0492616910460242	10.637630176009369	230.0	17	1.05	0.95				
	119	1	139.24282533543862	28.46400296912281	0.0	0.0	1	1.038263180873227	5.7698199445267235	230.0	15	1.05	0.95				
	120	1	98.47006432561405	20.001731816140353	0.0	0.0	1	1.040307380565256	6.175780142367952	230.0	15	1.05	0.95				
	121	2	0.0	0.0	0.0	0.0	1	1.05	11.406754302338845	230.0	17	1.05	0.95				
	122	2	0.0	0.0	0.0	0.0	1	1.05	17.464174167367712	230.0	17	1.05	0.95				
	123	2	0.0	0.0	0.0	0.0	1	1.043650305163181	6.964372172169814	230.0	15	1.05	0.95				
	124	1	0.0	0.0	0.0	0.0	1	1.0204938218280033	3.0461826418243234	230.0	16	1.05	0.95				
	201	2	91.52715251368421	18.64441995649123	0.0	0.0	2	1.05	-13.332153708127406	138.0	21	1.05	0.95				
	202	2	82.20494253543859	16.9494726877193	0.0	0.0	2	1.05	-13.370436369536998	138.0	22	1.05	0.95				
	203	1	152.5452541894737	31.3565244722807	0.0	0.0	2	1.0255018470757542	-10.106686552714386	138.0	21	1.05	0.95				
	204	1	62.7130489445614	12.712104515789473	0.0	0.0	2	1.0209539778704688	-15.237654598344841	138.0	21	1.05	0.95				
	205	1	60.1706280414035	11.86463088140351	0.0	0.0	2	1.03861843654613	-15.690567120928696	138.0	21	1.05	0.95				
	206	1	115.25641427649123	23.72926176280702	0.0	-100.0	2	1.0370186106901615	-17.794039481000098	138.0	22	1.05	0.95				
	207	2	105.9342042982456	21.186840859649124	0.0	0.0	2	0.95	-28.857592309422017	138.0	22	1.05	0.95				
	208	1	144.91799147999998	29.66157720350877	0.0	0.0	2	0.9547958366397352	-25.396461920028894	138.0	22	1.05	0.95				
	209	1	148.30788601754386	30.509050837894737	0.0	0.0	2	1.0244179415945753	-13.371736178145232	138.0	23	1.05	0.95				
	210	1	165.25735870526316	33.8989453754386	0.0	0.0	2	1.048880548553744	-15.462196513799537	138.0	23	1.05	0.95				
	211	1	0.0	0.0	0.0	0.0	2	1.0312619642975744	-7.896612583636187	230.0	23	1.05	0.95				
	212	1	0.0	0.0	0.0	0.0	2	1.0224733425514354	-6.516034083692832	230.0	23	1.05	0.95				
	213	2	224.5805131122807	45.76357625684211	0.0	0.0	2	1.05	-3.37858290141691	230.0	24	1.05	0.95				
	214	2	164.40988507087718	33.05147174105264	0.0	0.0	2	1.05	-5.629582912626184	230.0	26	1.05	0.95				
	215	2	268.64914210035084	54.238312600701754	0.0	0.0	2	1.0445901622364886	2.9843727620071654	230.0	26	1.05	0.95				
	216	2	84.7473634385965	16.9494726877193	0.0	0.0	2	1.04881984099733	2.828641559566929	230.0	26	1.05	0.95				
	217	1	0.0	0.0	0.0	0.0	2	1.0493544357680316	6.038051905703023	230.0	27	1.05	0.95				
	218	2	282.2087202505263	57.628207138245614	0.0	0.0	2	1.05	6.660053380680327	230.0	27	1.05	0.95				
	219	1	153.39272782385964	31.3565244722807	0.0	0.0	2	1.0429839398220526	2.3348148597193488	230.0	25	1.05	0.95				
	220	1	108.47662520140351	22.034314494035087	0.0	0.0	2	1.0456479675965928	3.4889178149362228	230.0	25	1.05	0.95				
	221	2	0.0	0.0	0.0	0.0	2	1.05	7.1624339708179985	230.0	27	1.05	0.95				
	222	2	0.0	0.0	0.0	0.0	2	1.05	13.233225528620794	230.0	27	1.05	0.95				
	223	2	0.0	0.0	0.0	0.0	2	1.05	4.735894623879485	230.0	25	1.05	0.95				
	224	1	0.0	0.0	0.0	0.0	2	1.0208451599713568	-1.8838310481174652	230.0	26	1.05	0.95				
	301	2	75.61024992	15.402087946666665	0.0	0.0	3	1.0171394267591083	-15.104503913449264	138.0	31	1.05	0.95				
	302	2	67.90920594666666	14.001898133333333	0.0	0.0	3	1.0153395078163236	-15.559086068702848	138.0	32	1.05	0.95				
	303	1	126.0170832	25.903511546666664	0.0	0.0	3	1.036535399616203	-6.3367505402959905	138.0	31	1.05	0.95				
	304	1	51.80702309333333	10.501423599999999	0.0	0.0	3	1.009684344888674	-14.411605981626634	138.0	31	1.05	0.95				
	305	1	49.70673837333332	9.801328693333334	0.0	0.0	3	1.0244069646603815	-15.40310623297355	138.0	31	1.05	0.95				
	306	1	95.21290730666666	19.602657386666667	0.0	-100.0	3	1.0342193569266822	-16.353290562700384	138.0	32	1.05	0.95				
	307	2	87.51186333333332	17.502372666666666	0.0	0.0	3	1.0089209836074462	-17.459862389277315	138.0	32	1.05	0.95				
	308	1	119.71622903999999	24.50332173333333	0.0	0.0	3	1.0022437759929679	-17.37775468212839	138.0	32	1.05	0.95				
	309	1	122.51660866666666	25.203416639999997	0.0	0.0	3	1.0288847827529266	-10.619411826020041	138.0	33	1.05	0.95				
	310	1	136.51850679999998	28.003796266666665	0.0	0.0	3	1.05	-13.463216581285748	138.0	33	1.05	0.95				
	311	1	0.0	0.0	0.0	0.0	3	1.020390638928848	-6.790680856231727	230.0	33	1.05	0.95				
	312	1	0.0	0.0	0.0	0.0	3	1.0196312534245686	-5.2839721216066415	230.0	33	1.05	0.95				
	313	2	185.52515026666666	37.80512496	0.0	0.0	3	1.0309068666850507	-2.261578561388334	230.0	34	1.05	0.95				
	314	2	135.81841189333332	27.303701359999998	0.0	0.0	3	1.0278606060945916	-5.556628179988458	230.0	36	1.05	0.95				
	315	2	221.9300854133333	44.806074026666664	0.0	0.0	3	1.0465843836951008	0.6075578263026412	230.0	36	1.05	0.95				
	316	2	70.00949066666666	14.001898133333333	0.0	0.0	3	1.0450096923529406	0.4576765101222937	230.0	36	1.05	0.95				
	317	1	0.0	0.0	0.0	0.0	3	1.0472708839055809	2.2523445039830343	230.0	37	1.05	0.95				
	318	2	233.13160391999998	47.60645365333333	0.0	0.0	3	1.047356949542076	2.3213051442195303	230.0	37	1.05	0.95				
	319	1	126.71717810666667	25.903511546666664	0.0	0.0	3	1.0419999884972733	0.8398410869857243	230.0	35	1.05	0.95				
	320	1	89.61214805333333	18.202467573333333	0.0	0.0	3	1.0455754575801548	2.4852993870089084	230.0	35	1.05	0.95				
	321	2	0.0	0.0	0.0	0.0	3	1.05	3.668185738098902	230.0	37	1.05	0.95				
	322	2	0.0	0.0	0.0	0.0	3	1.05	8.887593036387639	230.0	37	1.05	0.95				
	323	2	0.0	0.0	0.0	0.0	3	1.05	3.894569651854675	230.0	35	1.05	0.95				
	324	1	0.0	0.0	0.0	0.0	3	1.0336130128989163	-1.9883697620182534	230.0	36	1.05	0.95				
	325	1	0.0	0.0	0.0	0.0	3	1.0488818182738935	4.518558301385578	230.0	35	1.05	0.95				
];

%% generator data
%    bus    Pg    Qg    Qmax    Qmin    Vg    mBase    status    Pmax    Pmin    Pc1    Pc2    Qc1min    Qc1max    Qc2min    Qc2max    ramp_agc    ramp_10    ramp_30    ramp_q    apf
