%% MATPOWER Case Format : Version 2
function mpc = RTS_GMLC
mpc.version = '2';

%%-----  Power Flow Data  -----%%
%% system MVA base
mpc.baseMVA = 100.0;
%% bus data
%    bus_i    type    Pd    Qd    Gs    Bs    area    Vm    Va    baseKV    zone    Vmax    Vmin
mpc.bus = [
	101	2	55.79020288421053	11.364670957894738	0.0	0.0	1	1.0444571481429175	2.087417189823834	138.0	11	1.05	0.95				
	102	2	50.107867405263164	10.33151905263158	0.0	0.0	1	1.0434092254109635	1.7599643995315046	138.0	12	1.05	0.95				
	103	1	92.98367147368421	19.11331024736842	0.0	0.0	1	1.0273215280014774	-0.6433014324853542	138.0	11	1.05	0.95				
	104	1	38.22662049473684	7.748639289473684	0.0	0.0	1	1.0260648854718584	-1.7743689852387226	138.0	11	1.05	0.95				
	105	1	36.676892636842105	7.232063336842106	0.0	0.0	1	1.0395805493044161	-1.885666716383874	138.0	11	1.05	0.95				
	106	1	70.25432955789475	14.464126673684213	0.0	-100.0	1	1.0448198079865945	-4.6694654395248385	138.0	12	1.05	0.95				
	107	2	64.57199407894737	12.914398815789474	0.0	0.0	1	0.9997350009127329	-12.930196000075766	138.0	12	1.05	0.95				
	108	1	88.3344879	18.080158342105264	0.0	0.0	1	0.9996688623965387	-10.696555851023978	138.0	12	1.05	0.95				
	109	1	90.40079171052632	18.59673429473684	0.0	0.0	1	1.0247215046425193	-3.441093275457373	138.0	13	1.05	0.95				
	110	1	100.7323107631579	20.66303810526316	0.0	0.0	1	1.05	-4.339440744151068	138.0	13	1.05	0.95				
	111	1	0.0	0.0	0.0	0.0	1	1.0063485831913457	-1.1899087479681376	230.0	13	1.05	0.95				
	112	1	0.0	0.0	0.0	0.0	1	1.011590544392874	-0.9136467164088801	230.0	13	1.05	0.95				
	113	3	136.8926274473684	27.895101442105265	0.0	0.0	1	1.003686051392731	-2.351788863396454e-31	230.0	14	1.05	0.95				
	114	2	100.21573481052633	20.14646215263158	0.0	0.0	1	1.0028626232683027	0.5821681302783004	230.0	16	1.05	0.95				
	115	2	163.75457698421053	33.06086096842105	0.0	0.0	1	1.0339707649504972	6.687667306688493	230.0	16	1.05	0.95				
	116	2	51.657595263157894	10.33151905263158	0.0	0.0	1	1.0315073526589698	6.161341938862543	230.0	16	1.05	0.95				
	117	1	0.0	0.0	0.0	0.0	1	1.0373966949755884	8.975217713986295	230.0	17	1.05	0.95				
	118	2	172.01979222631581	35.127164778947375	0.0	0.0	1	1.0392915231866262	9.422143766703128	230.0	17	1.05	0.95				
	119	1	93.5002474263158	19.11331024736842	0.0	0.0	1	1.0258614642293522	4.593781588342711	230.0	15	1.05	0.95				
	120	1	66.1217219368421	13.430974768421052	0.0	0.0	1	1.0249987820697843	4.114593882659392	230.0	15	1.05	0.95				
	121	2	0.0	0.0	0.0	0.0	1	1.0416362626176703	10.914164801986804	230.0	17	1.05	0.95				
	122	2	0.0	0.0	0.0	0.0	1	1.05	16.955900697188287	230.0	17	1.05	0.95				
	123	2	0.0	0.0	0.0	0.0	1	1.0254478995708245	4.247434015161066	230.0	15	1.05	0.95				
	124	1	0.0	0.0	0.0	0.0	1	1.0220061114689623	3.9356582651960497	230.0	16	1.05	0.95				
	201	2	57.88446404210526	11.7912797122807	0.0	0.0	2	1.0250478581884033	-14.882112563306467	138.0	21	1.05	0.95				
	202	2	51.9888241859649	10.719345192982455	0.0	0.0	2	1.0260556548874518	-14.715853071963233	138.0	22	1.05	0.95				
	203	1	96.47410673684209	19.830788607017542	0.0	0.0	2	1.0156807855647805	-12.664036883727054	138.0	21	1.05	0.95				
	204	1	39.661577214035084	8.03950889473684	0.0	0.0	2	1.0158075752599955	-16.060672973098708	138.0	21	1.05	0.95				
	205	1	38.05367543508771	7.5035416350877195	0.0	0.0	2	1.0308629391340045	-16.4916987143672	138.0	21	1.05	0.95				
	206	1	72.8915473122807	15.007083270175439	0.0	-100.0	2	1.041441356026322	-17.868983418209574	138.0	22	1.05	0.95				
	207	2	66.99590745614034	13.399181491228068	0.0	0.0	2	0.9908863720794114	-25.554331207637777	138.0	22	1.05	0.95				
	208	1	91.65040139999998	18.758854087719296	0.0	0.0	2	0.9929987525790414	-23.02741295803407	138.0	22	1.05	0.95				
	209	1	93.79427043859647	19.29482134736842	0.0	0.0	2	1.0233372268968963	-14.96327076502042	138.0	23	1.05	0.95				
	210	1	104.51361563157893	21.43869038596491	0.0	0.0	2	1.05	-16.40846435952786	138.0	23	1.05	0.95				
	211	1	0.0	0.0	0.0	0.0	2	1.0124580288942109	-11.498151667114218	230.0	23	1.05	0.95				
	212	1	0.0	0.0	0.0	0.0	2	1.0117833194172765	-10.346131579444208	230.0	23	1.05	0.95				
	213	2	142.03132380701754	28.94223202105263	0.0	0.0	2	1.0128656068790205	-9.81462963420236	230.0	24	1.05	0.95				
	214	2	103.9776483719298	20.902723126315788	0.0	0.0	2	1.0181422312222586	-8.750578243797523	230.0	26	1.05	0.95				
	215	2	169.90162130877192	34.301904617543855	0.0	0.0	2	1.0304595689439844	-1.2523549759419805	230.0	26	1.05	0.95				
	216	2	53.596725964912274	10.719345192982455	0.0	0.0	2	1.0322376946749103	-1.5702177977510732	230.0	26	1.05	0.95				
	217	1	0.0	0.0	0.0	0.0	2	1.034340670564257	0.37810960237232166	230.0	27	1.05	0.95				
	218	2	178.47709746315786	36.44577365614035	0.0	0.0	2	1.0336914763167389	-0.14525214724404398	230.0	27	1.05	0.95				
	219	1	97.01007399649122	19.830788607017542	0.0	0.0	2	1.0328605038202487	-1.4052848051392266	230.0	25	1.05	0.95				
	220	1	68.60380923508771	13.935148750877191	0.0	0.0	2	1.0375749610321188	-0.23632837069057747	230.0	25	1.05	0.95				
	221	2	0.0	0.0	0.0	0.0	2	1.0352934597590329	0.2854839114287827	230.0	27	1.05	0.95				
	222	2	0.0	0.0	0.0	0.0	2	1.05	6.819425741619194	230.0	27	1.05	0.95				
	223	2	0.0	0.0	0.0	0.0	2	1.041586959825964	0.8004902857420929	230.0	25	1.05	0.95				
	224	1	0.0	0.0	0.0	0.0	2	1.010809155195547	-5.510113731271046	230.0	26	1.05	0.95				
	301	2	43.493831052631585	8.859854473684212	0.0	0.0	3	1.0068032723790188	0.26467042786732065	138.0	31	1.05	0.95				
	302	2	39.06390381578947	8.054413157894738	0.0	0.0	3	1.0067469581851636	0.21077878814960568	138.0	32	1.05	0.95				
	303	1	72.48971842105264	14.900664342105262	0.0	0.0	3	1.0175802390461373	3.252651738761941	138.0	31	1.05	0.95				
	304	1	29.801328684210525	6.040809868421053	0.0	0.0	3	1.0095856919176458	1.513874741738715	138.0	31	1.05	0.95				
	305	1	28.59316671052632	5.638089210526317	0.0	0.0	3	1.0229828322807055	1.3088477577871587	138.0	31	1.05	0.95				
	306	1	54.770009473684226	11.276178421052634	0.0	-100.0	3	1.0408178623302342	1.3987347183827952	138.0	32	1.05	0.95				
	307	2	50.34008223684211	10.068016447368421	0.0	0.0	3	0.9884948850310993	-2.214935646957808	138.0	32	1.05	0.95				
	308	1	68.8652325	14.09522302631579	0.0	0.0	3	0.9999794150552909	-0.47798392287403446	138.0	32	1.05	0.95				
	309	1	70.47611513157895	14.497943684210526	0.0	0.0	3	1.0242146050836818	4.237927166953853	138.0	33	1.05	0.95				
	310	1	78.5305282894737	16.108826315789475	0.0	0.0	3	1.05	3.6476150967701546	138.0	33	1.05	0.95				
	311	1	0.0	0.0	0.0	0.0	3	1.0024710307606262	8.06445258526568	230.0	33	1.05	0.95				
	312	1	0.0	0.0	0.0	0.0	3	1.0096617290793588	8.624145317664281	230.0	33	1.05	0.95				
	313	2	106.72097434210528	21.746915526315792	0.0	0.0	3	1.0089560953481387	12.71155580018309	230.0	34	1.05	0.95				
	314	2	78.12780763157895	15.706105657894739	0.0	0.0	3	0.9937782763928771	8.240182884379209	230.0	36	1.05	0.95				
	315	2	127.66244855263157	25.77412210526316	0.0	0.0	3	1.015544534350995	6.406611252890258	230.0	36	1.05	0.95				
	316	2	40.272065789473686	8.054413157894738	0.0	0.0	3	1.0138129958021271	7.0161330328073115	230.0	36	1.05	0.95				
	317	1	0.0	0.0	0.0	0.0	3	1.0247417982997826	7.914975863406771	230.0	37	1.05	0.95				
	318	2	134.1059790789474	27.385004736842113	0.0	0.0	3	1.0243572908635696	6.63019061127766	230.0	37	1.05	0.95				
	319	1	72.89243907894738	14.900664342105262	0.0	0.0	3	1.0137499604929634	8.358232056472676	230.0	35	1.05	0.95				
	320	1	51.54824421052632	10.470737105263158	0.0	0.0	3	1.0138532942271659	9.144319613207767	230.0	35	1.05	0.95				
	321	2	0.0	0.0	0.0	0.0	3	1.0234028890016174	7.1433986609203215	230.0	37	1.05	0.95				
	322	2	0.0	0.0	0.0	0.0	3	1.0376027485219563	11.857011422079932	230.0	37	1.05	0.95				
	323	2	0.0	0.0	0.0	0.0	3	1.0137819747828578	9.582261094605519	230.0	35	1.05	0.95				
	324	1	0.0	0.0	0.0	0.0	3	1.012537173988501	6.657470343586862	230.0	36	1.05	0.95				
	325	1	0.0	0.0	0.0	0.0	3	1.0167171601321974	9.711000113114663	230.0	35	1.05	0.95				
];
