%% MATPOWER Case Format : Version 2
function mpc = RTS_GMLC
mpc.version = '2';

%%-----  Power Flow Data  -----%%
%% system MVA base
mpc.baseMVA = 100.0;
%% bus data
%    bus_i    type    Pd    Qd    Gs    Bs    area    Vm    Va    baseKV    zone    Vmax    Vmin
mpc.bus = [
	101	2	58.047996050526315	11.824591788070176	0.0	0.0	1	1.0141327943914427	0.1911503192041061	138.0	11	1.05	0.95				
	102	2	52.135700156491225	10.749628898245614	0.0	0.0	1	1.0131641085213738	-0.13816215481757543	138.0	12	1.05	0.95				
	103	1	96.74666008421052	19.886813461754386	0.0	0.0	1	1.0219619252638008	1.0748594702458238	138.0	11	1.05	0.95				
	104	1	39.77362692350877	8.06222167368421	0.0	0.0	1	1.01096324555332	-2.905327731552129	138.0	11	1.05	0.95				
	105	1	38.16118258877192	7.52474022877193	0.0	0.0	1	1.024544409524784	-2.947460393368245	138.0	11	1.05	0.95				
	106	1	73.09747650807019	15.04948045754386	0.0	-100.0	1	1.037539517576027	-5.257076775424049	138.0	12	1.05	0.95				
	107	2	67.18518061403509	13.437036122807017	0.0	0.0	1	0.9910241975577131	-12.02417175435944	138.0	12	1.05	0.95				
	108	1	91.90932708	18.811850571929824	0.0	0.0	1	0.9945992757076352	-10.143446739697165	138.0	12	1.05	0.95				
	109	1	94.0592528596491	19.3493320168421	0.0	0.0	1	1.025793920912647	-2.9301074910386764	138.0	13	1.05	0.95				
	110	1	104.80888175789474	21.49925779649123	0.0	0.0	1	1.05	-4.361345557631509	138.0	13	1.05	0.95				
	111	1	0.0	0.0	0.0	0.0	1	1.0230418259814458	0.032014293331890493	230.0	13	1.05	0.95				
	112	1	0.0	0.0	0.0	0.0	1	1.017120061318627	-0.285122069548334	230.0	13	1.05	0.95				
	113	3	142.4325829017544	29.023998025263158	0.0	0.0	1	1.0085420038205979	6.350990972967855e-30	230.0	14	1.05	0.95				
	114	2	104.27140031298245	20.961776351578948	0.0	0.0	1	1.05	3.6137740401136593	230.0	16	1.05	0.95				
	115	2	170.38161803719296	34.39881247438596	0.0	0.0	1	1.0429069644748412	13.191061211747053	230.0	16	1.05	0.95				
	116	2	53.74814449122807	10.749628898245614	0.0	0.0	1	1.0457899988422015	12.098954435658328	230.0	16	1.05	0.95				
	117	1	0.0	0.0	0.0	0.0	1	1.0427465362896056	17.36274594826049	230.0	17	1.05	0.95				
	118	2	178.98132115578946	36.548738254035094	0.0	0.0	1	1.0495112695096043	17.616320680413796	230.0	17	1.05	0.95				
	119	1	97.2841415291228	19.886813461754386	0.0	0.0	1	1.0431955510595663	8.994213662499359	230.0	15	1.05	0.95				
	120	1	68.79762494877193	13.974517567719296	0.0	0.0	1	1.0468916174083502	7.309995719314577	230.0	15	1.05	0.95				
	121	2	0.0	0.0	0.0	0.0	1	1.0435977106902716	19.172425072852615	230.0	17	1.05	0.95				
	122	2	0.0	0.0	0.0	0.0	1	1.05	37.1307939571554	230.0	17	1.05	0.95				
	123	2	0.0	0.0	0.0	0.0	1	1.05	6.7817076095648865	230.0	15	1.05	0.95				
	124	1	0.0	0.0	0.0	0.0	1	1.019851810694847	8.694847315790144	230.0	16	1.05	0.95				
	201	2	57.37446875368421	11.687391783157896	0.0	0.0	2	1.0235679061503193	-12.460761822407308	138.0	21	1.05	0.95				
	202	2	51.53077286210526	10.624901621052633	0.0	0.0	2	1.0246082709206448	-12.279061749269564	138.0	22	1.05	0.95				
	203	1	95.62411458947369	19.656067998947368	0.0	0.0	2	1.0150054717121917	-10.771600359361363	138.0	21	1.05	0.95				
	204	1	39.312135997894735	7.968676215789474	0.0	0.0	2	1.0154120167155056	-13.617119536260425	138.0	21	1.05	0.95				
	205	1	37.71840075473684	7.437431134736842	0.0	0.0	2	1.0301840639975621	-14.000356482347932	138.0	21	1.05	0.95				
	206	1	72.24933102315791	14.874862269473685	0.0	-100.0	2	1.0412459544079045	-15.332021600704616	138.0	22	1.05	0.95				
	207	2	66.40563513157895	13.28112702631579	0.0	0.0	2	0.9898224684402283	-22.953393492541036	138.0	22	1.05	0.95				
	208	1	90.84290886	18.593577836842105	0.0	0.0	2	0.9926734260896609	-20.456918928645074	138.0	22	1.05	0.95				
	209	1	92.96788918421053	19.124822917894736	0.0	0.0	2	1.023639592929625	-12.531093757386193	138.0	23	1.05	0.95				
	210	1	103.59279080526316	21.249803242105266	0.0	0.0	2	1.05	-13.85795530647353	138.0	23	1.05	0.95				
	211	1	0.0	0.0	0.0	0.0	2	1.0129275052497293	-8.992495057823373	230.0	23	1.05	0.95				
	212	1	0.0	0.0	0.0	0.0	2	1.0119968912500215	-7.720257758864517	230.0	23	1.05	0.95				
	213	2	140.77994647894735	28.687234376842106	0.0	0.0	2	1.0125450182961249	-7.179269648089953	230.0	24	1.05	0.95				
	214	2	103.06154572421052	20.718558161052634	0.0	0.0	2	1.019639066782345	-6.349060656489848	230.0	26	1.05	0.95				
	215	2	168.4046906936842	33.99968518736842	0.0	0.0	2	1.0349779643207908	0.4407591456219787	230.0	26	1.05	0.95				
	216	2	53.12450810526316	10.624901621052633	0.0	0.0	2	1.0375722437061439	0.6069616160328952	230.0	26	1.05	0.95				
	217	1	0.0	0.0	0.0	0.0	2	1.042481936719418	2.833738786256381	230.0	27	1.05	0.95				
	218	2	176.90461199052632	36.124665511578954	0.0	0.0	2	1.0414597456615093	2.4485428123493698	230.0	27	1.05	0.95				
	219	1	96.15535967052632	19.656067998947368	0.0	0.0	2	1.0373301637619328	1.0824351272416006	230.0	25	1.05	0.95				
	220	1	67.99937037473684	13.81237210736842	0.0	0.0	2	1.041307987193228	2.503552093623962	230.0	25	1.05	0.95				
	221	2	0.0	0.0	0.0	0.0	2	1.041256894192639	2.5714288597051724	230.0	27	1.05	0.95				
	222	2	0.0	0.0	0.0	0.0	2	1.05	9.179143716795544	230.0	27	1.05	0.95				
	223	2	0.0	0.0	0.0	0.0	2	1.0450115793450692	3.673036614666737	230.0	25	1.05	0.95				
	224	1	0.0	0.0	0.0	0.0	2	1.0135849207716703	-3.7214415330019244	230.0	26	1.05	0.95				
	301	2	44.587155978947365	9.082568810526316	0.0	0.0	3	1.0085496811178118	-5.93300063931741	138.0	31	1.05	0.95				
	302	2	40.0458715736842	8.256880736842104	0.0	0.0	3	1.0084036263721008	-6.049856677611972	138.0	32	1.05	0.95				
	303	1	74.31192663157896	15.275229363157894	0.0	0.0	3	1.0269938802196708	-0.510465492640361	138.0	31	1.05	0.95				
	304	1	30.55045872631579	6.192660552631579	0.0	0.0	3	1.0112683155564035	-4.696331164052096	138.0	31	1.05	0.95				
	305	1	29.311926615789467	5.779816515789474	0.0	0.0	3	1.0239912599672378	-5.455791901125523	138.0	31	1.05	0.95				
	306	1	56.14678901052632	11.559633031578947	0.0	-100.0	3	1.0410066910212648	-5.688649719386987	138.0	32	1.05	0.95				
	307	2	51.60550460526315	10.321100921052631	0.0	0.0	3	0.9927209606636288	-10.11658988535179	138.0	32	1.05	0.95				
	308	1	70.5963303	14.449541289473682	0.0	0.0	3	1.0000542274763315	-8.276977887275438	138.0	32	1.05	0.95				
	309	1	72.24770644736842	14.862385326315788	0.0	0.0	3	1.0263296714469474	-1.89739566054561	138.0	33	1.05	0.95				
	310	1	80.50458718421052	16.51376147368421	0.0	0.0	3	1.05	-3.648816403515925	138.0	33	1.05	0.95				
	311	1	0.0	0.0	0.0	0.0	3	1.0078816199588605	1.9056670179099695	230.0	33	1.05	0.95				
	312	1	0.0	0.0	0.0	0.0	3	1.0095465886406494	2.198783375312014	230.0	33	1.05	0.95				
	313	2	109.4036697631579	22.293577989473683	0.0	0.0	3	1.00860805922809	5.178614633366758	230.0	34	1.05	0.95				
	314	2	80.0917431473684	16.100917436842106	0.0	0.0	3	1.0094169259654984	3.8253343521557013	230.0	36	1.05	0.95				
	315	2	130.87155967894736	26.42201835789474	0.0	0.0	3	1.0392057061610231	8.402429821920874	230.0	36	1.05	0.95				
	316	2	41.284403684210524	8.256880736842104	0.0	0.0	3	1.0378580009166047	8.940846273773174	230.0	36	1.05	0.95				
	317	1	0.0	0.0	0.0	0.0	3	1.05	13.602509928032044	230.0	37	1.05	0.95				
	318	2	137.47706426842106	28.07339450526316	0.0	0.0	3	1.0466206310281625	11.228679924457396	230.0	37	1.05	0.95				
	319	1	74.72477066842104	15.275229363157894	0.0	0.0	3	1.0283099317636029	7.821780903114801	230.0	35	1.05	0.95				
	320	1	52.84403671578948	10.733944957894737	0.0	0.0	3	1.0228610758335193	7.641505876376739	230.0	35	1.05	0.95				
	321	2	0.0	0.0	0.0	0.0	3	1.0454744276109273	10.916910351518107	230.0	37	1.05	0.95				
	322	2	0.0	0.0	0.0	0.0	3	1.05	16.31345538448031	230.0	37	1.05	0.95				
	323	2	0.0	0.0	0.0	0.0	3	1.0203284982806604	7.864716580920423	230.0	35	1.05	0.95				
	324	1	0.0	0.0	0.0	0.0	3	1.0234213164111263	5.072477745556307	230.0	36	1.05	0.95				
	325	1	0.0	0.0	0.0	0.0	3	1.0196372212690472	8.830609205106757	230.0	35	1.05	0.95				
];
