%% MATPOWER Case Format : Version 2
function mpc = RTS_GMLC
mpc.version = '2';

%%-----  Power Flow Data  -----%%
%% system MVA base
mpc.baseMVA = 100.0;
%% bus data
%    bus_i    type    Pd    Qd    Gs    Bs    area    Vm    Va    baseKV    zone    Vmax    Vmin
mpc.bus = [
	101	2	53.826323608421056	10.964621475789473	0.0	0.0	1	1.0475684731950459	2.2227101542653807	138.0	11	1.05	0.95				
	102	2	48.344012870526306	9.967837705263157	0.0	0.0	1	1.0465076089334144	1.9081878465879865	138.0	12	1.05	0.95				
	103	1	89.71053934736841	18.44049975473684	0.0	0.0	1	1.0271861231034796	-0.7202223277621317	138.0	11	1.05	0.95				
	104	1	36.88099950947368	7.475878278947368	0.0	0.0	1	1.0274698420151305	-1.6005409944074225	138.0	11	1.05	0.95				
	105	1	35.38582385368421	6.977486393684211	0.0	0.0	1	1.0414712918737377	-1.6730810498865532	138.0	11	1.05	0.95				
	106	1	67.78129639578947	13.954972787368423	0.0	-100.0	1	1.0461424935647712	-4.40151919586209	138.0	12	1.05	0.95				
	107	2	62.29898565789473	12.459797131578947	0.0	0.0	1	1.00032773648839	-11.13656664519259	138.0	12	1.05	0.95				
	108	1	85.22501238	17.443715984210524	0.0	0.0	1	1.0014698060877116	-9.540939597465309	138.0	12	1.05	0.95				
	109	1	87.21857992105264	17.942107869473684	0.0	0.0	1	1.0242164334002182	-3.3009756259308034	138.0	13	1.05	0.95				
	110	1	97.18641762631577	19.935675410526315	0.0	0.0	1	1.05	-4.118482196894161	138.0	13	1.05	0.95				
	111	1	0.0	0.0	0.0	0.0	1	1.004534348746877	-1.2370566797567446	230.0	13	1.05	0.95				
	112	1	0.0	0.0	0.0	0.0	1	1.0089123376515476	-1.145694287891776	230.0	13	1.05	0.95				
	113	3	132.07384959473683	26.913161804210528	0.0	0.0	1	0.9994028352718332	1.6649916343741386e-30	230.0	14	1.05	0.95				
	114	2	96.68802574105261	19.437283525263158	0.0	0.0	1	1.0009562181023408	0.2794675893887364	230.0	16	1.05	0.95				
	115	2	157.99022762842102	31.897080656842103	0.0	0.0	1	1.030996451705396	6.028642712606379	230.0	16	1.05	0.95				
	116	2	49.83918852631579	9.967837705263157	0.0	0.0	1	1.027873700071038	5.41584437559912	230.0	16	1.05	0.95				
	117	1	0.0	0.0	0.0	0.0	1	1.0346499783865681	8.24126819821442	230.0	17	1.05	0.95				
	118	2	165.9644977926316	33.890648197894734	0.0	0.0	1	1.0365955246218257	8.722331115906226	230.0	17	1.05	0.95				
	119	1	90.20893123263157	18.44049975473684	0.0	0.0	1	1.0197910252460585	3.5227113223886395	230.0	15	1.05	0.95				
	120	1	63.79416131368421	12.958189016842105	0.0	0.0	1	1.0168949593949579	2.7322795924259724	230.0	15	1.05	0.95				
	121	2	0.0	0.0	0.0	0.0	1	1.0389383270143115	10.214882168872908	230.0	17	1.05	0.95				
	122	2	0.0	0.0	0.0	0.0	1	1.05	15.978164330184358	230.0	17	1.05	0.95				
	123	2	0.0	0.0	0.0	0.0	1	1.0161668628403844	2.685778245561312	230.0	15	1.05	0.95				
	124	1	0.0	0.0	0.0	0.0	1	1.0206968242996217	3.48808239208134	230.0	16	1.05	0.95				
	201	2	52.17251691789474	10.627734927719299	0.0	0.0	2	1.0193159624233583	-11.766149006937258	138.0	21	1.05	0.95				
	202	2	46.85864945403509	9.661577207017546	0.0	0.0	2	1.0191576103345756	-11.846878264762351	138.0	22	1.05	0.95				
	203	1	86.9541948631579	17.873917832982457	0.0	0.0	2	1.0144399425611204	-9.47295624501802	138.0	21	1.05	0.95				
	204	1	35.747835665964914	7.246182905263159	0.0	0.0	2	1.0138786755738718	-11.809145143344356	138.0	21	1.05	0.95				
	205	1	34.298599084912276	6.763104044912281	0.0	0.0	2	1.028716437234214	-12.163177154525378	138.0	21	1.05	0.95				
	206	1	65.6987250077193	13.526208089824562	0.0	-100.0	2	1.0416042728573767	-12.905975217127201	138.0	22	1.05	0.95				
	207	2	60.38485754385965	12.07697150877193	0.0	0.0	2	0.9961148947533153	-19.21351151648445	138.0	22	1.05	0.95				
	208	1	82.60648512	16.9077601122807	0.0	0.0	2	0.9985277987924003	-16.969922332276127	138.0	22	1.05	0.95				
	209	1	84.53880056140352	17.390838972631578	0.0	0.0	2	1.023877885042455	-9.786544779965707	138.0	23	1.05	0.95				
	210	1	94.20037776842105	19.32315441403509	0.0	0.0	2	1.05	-11.014790095501041	138.0	23	1.05	0.95				
	211	1	0.0	0.0	0.0	0.0	2	1.0076485544799887	-6.830338285680567	230.0	23	1.05	0.95				
	212	1	0.0	0.0	0.0	0.0	2	1.0108421282636093	-3.3958502691589167	230.0	23	1.05	0.95				
	213	2	128.01589799298245	26.08625845894737	0.0	0.0	2	1.005664507246217	-4.563645997419016	230.0	24	1.05	0.95				
	214	2	93.71729890807018	18.840075553684212	0.0	0.0	2	1.0081748381748354	-5.144212268075019	230.0	26	1.05	0.95				
	215	2	153.13599873122809	30.91704706245614	0.0	0.0	2	1.0224164661942992	0.2421914275357698	230.0	26	1.05	0.95				
	216	2	48.30788603508772	9.661577207017546	0.0	0.0	2	1.0225678713164235	0.23844852177617873	230.0	26	1.05	0.95				
	217	1	0.0	0.0	0.0	0.0	2	1.0268602941110576	1.31628118367239	230.0	27	1.05	0.95				
	218	2	160.8652604968421	32.84936250385965	0.0	0.0	2	1.0260095591424034	0.7710436514467555	230.0	27	1.05	0.95				
	219	1	87.43727372350878	17.873917832982457	0.0	0.0	2	1.0212929566611284	0.8089259541080959	230.0	25	1.05	0.95				
	220	1	61.83409412491228	12.560050369122807	0.0	0.0	2	1.0239517884660378	2.2527986450077266	230.0	25	1.05	0.95				
	221	2	0.0	0.0	0.0	0.0	2	1.0283669845859034	1.3990956548682525	230.0	27	1.05	0.95				
	222	2	0.0	0.0	0.0	0.0	2	1.0499985292741292	7.856752981590998	230.0	27	1.05	0.95				
	223	2	0.0	0.0	0.0	0.0	2	1.0267662167529379	3.4142348215808513	230.0	25	1.05	0.95				
	224	1	0.0	0.0	0.0	0.0	2	1.0074903225096454	-3.4044815755773286	230.0	26	1.05	0.95				
	301	2	39.70136031157895	8.08731413754386	0.0	0.0	3	1.0085272419595939	0.6177532542538827	138.0	31	1.05	0.95				
	302	2	35.65770324280702	7.35210376140351	0.0	0.0	3	1.0085696102766628	0.5701387783276457	138.0	32	1.05	0.95				
	303	1	66.16893385263158	13.601391958596492	0.0	0.0	3	1.014110771143854	3.13313138596557	138.0	31	1.05	0.95				
	304	1	27.202783917192985	5.514077821052632	0.0	0.0	3	1.010346252852939	1.6937759158558428	138.0	31	1.05	0.95				
	305	1	26.099968352982454	5.146472632982457	0.0	0.0	3	1.0243997441958477	1.6455897782673767	138.0	31	1.05	0.95				
	306	1	49.99430557754386	10.292945265964914	0.0	-100.0	3	1.0422906131775338	1.7560128191507158	138.0	32	1.05	0.95				
	307	2	45.95064850877193	9.190129701754387	0.0	0.0	3	0.9902439515447273	-1.5073752764196824	138.0	32	1.05	0.95				
	308	1	62.86048716	12.866181582456141	0.0	0.0	3	1.0019373272015928	0.053042298347867445	138.0	32	1.05	0.95				
	309	1	64.3309079122807	13.233786770526315	0.0	0.0	3	1.0225731157783022	4.135721582057661	138.0	33	1.05	0.95				
	310	1	71.68301167368422	14.70420752280702	0.0	0.0	3	1.05	3.8572520731227593	138.0	33	1.05	0.95				
	311	1	0.0	0.0	0.0	0.0	3	0.9994135521596588	7.82040963598272	230.0	33	1.05	0.95				
	312	1	0.0	0.0	0.0	0.0	3	1.0075003057501801	8.457758888105971	230.0	33	1.05	0.95				
	313	2	97.41537483859649	19.850680155789476	0.0	0.0	3	1.00610359229282	12.529193859684362	230.0	34	1.05	0.95				
	314	2	71.31540648561403	14.336602334736842	0.0	0.0	3	0.9874676790961772	7.656749255586202	230.0	36	1.05	0.95				
	315	2	116.53084461824561	23.52673203649123	0.0	0.0	3	1.0040210949117296	5.314253787770286	230.0	36	1.05	0.95				
	316	2	36.76051880701755	7.35210376140351	0.0	0.0	3	1.0028029076521636	5.8208822056986325	230.0	36	1.05	0.95				
	317	1	0.0	0.0	0.0	0.0	3	1.009694230492966	5.940414352234499	230.0	37	1.05	0.95				
	318	2	122.41252762736843	24.99715278877193	0.0	0.0	3	1.0096148239347635	5.325475066944143	230.0	37	1.05	0.95				
	319	1	66.53653904070175	13.601391958596492	0.0	0.0	3	1.0051667205818928	7.474562723955013	230.0	35	1.05	0.95				
	320	1	47.05346407298246	9.557734889824562	0.0	0.0	3	1.0071802514108539	8.463244194549537	230.0	35	1.05	0.95				
	321	2	0.0	0.0	0.0	0.0	3	1.0097224844971986	5.891910745726472	230.0	37	1.05	0.95				
	322	2	0.0	0.0	0.0	0.0	3	1.0234967311872993	10.445071477940253	230.0	37	1.05	0.95				
	323	2	0.0	0.0	0.0	0.0	3	1.0080933911266192	8.9907394912861	230.0	35	1.05	0.95				
	324	1	0.0	0.0	0.0	0.0	3	1.0047927230593634	5.9656608388818055	230.0	36	1.05	0.95				
	325	1	0.0	0.0	0.0	0.0	3	1.011297305437864	9.112220101583068	230.0	35	1.05	0.95				
];
