%% MATPOWER Case Format : Version 2
function mpc = RTS_GMLC
mpc.version = '2';

%%-----  Power Flow Data  -----%%
%% system MVA base
mpc.baseMVA = 100.0;
%% bus data
%    bus_i    type    Pd    Qd    Gs    Bs    area    Vm    Va    baseKV    zone    Vmax    Vmin
mpc.bus = [
	101	2	59.17021275789474	12.053191487719298	0.0	0.0	1	1.0337712560582122	2.2784220307015866	138.0	11	1.05	0.95				
	102	2	53.14361701403508	10.957446807017543	0.0	0.0	1	1.0338364521409666	2.2424202985774953	138.0	12	1.05	0.95				
	103	1	98.6170212631579	20.271276592982453	0.0	0.0	1	1.025202617818761	0.20778529143847677	138.0	11	1.05	0.95				
	104	1	40.542553185964906	8.218085105263158	0.0	0.0	1	1.0197021970870759	-1.275702096462418	138.0	11	1.05	0.95				
	105	1	38.89893616491228	7.67021276491228	0.0	0.0	1	1.0342563357933547	-1.1184015170757429	138.0	11	1.05	0.95				
	106	1	74.5106382877193	15.34042552982456	0.0	-100.0	1	1.0419930462838554	-3.527530842713545	138.0	12	1.05	0.95				
	107	2	68.48404254385964	13.69680850877193	0.0	0.0	1	1.0352144543554642	-2.8501799571641664	138.0	12	1.05	0.95				
	108	1	93.68617019999999	19.1755319122807	0.0	0.0	1	1.0227827897899757	-4.365474157421776	138.0	12	1.05	0.95				
	109	1	95.8776595614035	19.72340425263158	0.0	0.0	1	1.0256332243467183	-1.9418116278943531	138.0	13	1.05	0.95				
	110	1	106.83510636842104	21.914893614035087	0.0	0.0	1	1.05	-2.837970835449333	138.0	13	1.05	0.95				
	111	1	0.0	0.0	0.0	0.0	1	1.0058962444608253	-0.244080508991789	230.0	13	1.05	0.95				
	112	1	0.0	0.0	0.0	0.0	1	1.0113964024874063	0.22547735599334376	230.0	13	1.05	0.95				
	113	3	145.18617019298244	29.58510637894737	0.0	0.0	1	1.000577268848151	6.443012952668839e-30	230.0	14	1.05	0.95				
	114	2	106.28723402807016	21.367021273684212	0.0	0.0	1	1.0023819684545072	1.8041315021213942	230.0	16	1.05	0.95				
	115	2	173.67553189122808	35.06382978245614	0.0	0.0	1	1.0395048784553442	8.49756849761864	230.0	16	1.05	0.95				
	116	2	54.78723403508772	10.957446807017543	0.0	0.0	1	1.0359328161636059	7.918664147266641	230.0	16	1.05	0.95				
	117	1	0.0	0.0	0.0	0.0	1	1.042516012674643	10.22964716713456	230.0	17	1.05	0.95				
	118	2	182.4414893368421	37.25531914385965	0.0	0.0	1	1.0449607570519384	10.466556910865641	230.0	17	1.05	0.95				
	119	1	99.16489360350877	20.271276592982453	0.0	0.0	1	1.0298917715904703	6.572687544583473	230.0	15	1.05	0.95				
	120	1	70.12765956491228	14.244680849122807	0.0	0.0	1	1.0291354896817961	6.4541246645096715	230.0	15	1.05	0.95				
	121	2	0.0	0.0	0.0	0.0	1	1.0480916031987515	11.435630223058391	230.0	17	1.05	0.95				
	122	2	0.0	0.0	0.0	0.0	1	1.05	17.793325725168536	230.0	17	1.05	0.95				
	123	2	0.0	0.0	0.0	0.0	1	1.029810779398858	6.805644270100798	230.0	15	1.05	0.95				
	124	1	0.0	0.0	0.0	0.0	1	1.0236173881283852	5.409006130806898	230.0	16	1.05	0.95				
	201	2	67.31937666947368	13.71320635859649	0.0	0.0	2	1.032496490289308	-11.671857415047242	138.0	21	1.05	0.95				
	202	2	60.46277349017544	12.466551235087719	0.0	0.0	2	1.032658814781839	-11.775272652460046	138.0	22	1.05	0.95				
	203	1	112.19896111578949	23.06311978491228	0.0	0.0	2	1.0228129704012523	-8.599690823525783	138.0	21	1.05	0.95				
	204	1	46.12623956982456	9.349913426315789	0.0	0.0	2	1.017178900168842	-13.924316199543389	138.0	21	1.05	0.95				
	205	1	44.2562568845614	8.726585864561406	0.0	0.0	2	1.0331155027118548	-14.307914494213884	138.0	21	1.05	0.95				
	206	1	84.7725483985965	17.45317172912281	0.0	-100.0	2	1.040104878689683	-16.378371079418066	138.0	22	1.05	0.95				
	207	2	77.91594521929824	15.58318904385965	0.0	0.0	2	0.9869717634498893	-25.749143843266054	138.0	22	1.05	0.95				
	208	1	106.58901306	21.816464661403508	0.0	0.0	2	0.9866037246704427	-22.7323069521077	138.0	22	1.05	0.95				
	209	1	109.08232330701755	22.439792223157895	0.0	0.0	2	1.023721947332465	-13.15086768628033	138.0	23	1.05	0.95				
	210	1	121.54887454210525	24.933102470175438	0.0	0.0	2	1.05	-15.010975412932325	138.0	23	1.05	0.95				
	211	1	0.0	0.0	0.0	0.0	2	1.0176200755361584	-9.782978867356846	230.0	23	1.05	0.95				
	212	1	0.0	0.0	0.0	0.0	2	1.0159529188671759	-8.851039457993886	230.0	23	1.05	0.95				
	213	2	165.18180386491227	33.65968833473684	0.0	0.0	2	1.0191037085963945	-8.49297663914392	230.0	24	1.05	0.95				
	214	2	120.92554698035087	24.30977490842105	0.0	0.0	2	1.027907404153546	-6.643401972164259	230.0	26	1.05	0.95				
	215	2	197.59483707614035	39.8929639522807	0.0	0.0	2	1.0377568706841531	1.8369241421200468	230.0	26	1.05	0.95				
	216	2	62.3327561754386	12.466551235087719	0.0	0.0	2	1.041251250259326	1.606199995366076	230.0	26	1.05	0.95				
	217	1	0.0	0.0	0.0	0.0	2	1.0430386282685358	4.855557120250435	230.0	27	1.05	0.95				
	218	2	207.56807806421054	42.38627419929825	0.0	0.0	2	1.044898690408498	5.359716663451184	230.0	27	1.05	0.95				
	219	1	112.82228867754387	23.06311978491228	0.0	0.0	2	1.0409612566721478	0.9147435823178773	230.0	25	1.05	0.95				
	220	1	79.7859279045614	16.206516605614034	0.0	0.0	2	1.0457887010358116	1.4890507144293779	230.0	25	1.05	0.95				
	221	2	0.0	0.0	0.0	0.0	2	1.0450137037269505	5.243914036290247	230.0	27	1.05	0.95				
	222	2	0.0	0.0	0.0	0.0	2	1.05	11.598485311323289	230.0	27	1.05	0.95				
	223	2	0.0	0.0	0.0	0.0	2	1.0499999871135084	2.2573153104601937	230.0	25	1.05	0.95				
	224	1	0.0	0.0	0.0	0.0	2	1.0191770813635983	-2.055095287749963	230.0	26	1.05	0.95				
	301	2	47.440050631578956	9.66371401754386	0.0	0.0	3	1.0079320971569	-12.481210708076667	138.0	31	1.05	0.95				
	302	2	42.60819362280702	8.785194561403511	0.0	0.0	3	1.0077009985396046	-12.61172768988461	138.0	32	1.05	0.95				
	303	1	79.06675105263159	16.252609938596493	0.0	0.0	3	1.0309197292272043	-5.820338363267033	138.0	31	1.05	0.95				
	304	1	32.505219877192985	6.588895921052631	0.0	0.0	3	1.011568950000359	-10.900935190668783	138.0	31	1.05	0.95				
	305	1	31.18744069298246	6.149636192982458	0.0	0.0	3	1.0233847630879342	-12.290495467355978	138.0	31	1.05	0.95				
	306	1	59.73932301754387	12.299272385964915	0.0	-100.0	3	1.0400818559929952	-12.699272024876691	138.0	32	1.05	0.95				
	307	2	54.907466008771934	10.981493201754388	0.0	0.0	3	0.9930889391262765	-17.05705455078362	138.0	32	1.05	0.95				
	308	1	75.11341350000001	15.37409048245614	0.0	0.0	3	0.9996392485500001	-15.080107590815825	138.0	32	1.05	0.95				
	309	1	76.87045241228071	15.813350210526316	0.0	0.0	3	1.0288756480713526	-7.71717047033129	138.0	33	1.05	0.95				
	310	1	85.65564697368421	17.570389122807022	0.0	0.0	3	1.05	-10.68456711942022	138.0	33	1.05	0.95				
	311	1	0.0	0.0	0.0	0.0	3	1.0087287870939288	-5.249388723562999	230.0	33	1.05	0.95				
	312	1	0.0	0.0	0.0	0.0	3	1.0125981834629878	-4.820196297136415	230.0	33	1.05	0.95				
	313	2	116.40382793859649	23.720025315789478	0.0	0.0	3	1.0107290575863663	-2.1406655068916702	230.0	34	1.05	0.95				
	314	2	85.21638724561404	17.131129394736845	0.0	0.0	3	1.0063784628789647	-3.900170020394973	230.0	36	1.05	0.95				
	315	2	139.2453337982456	28.11262259649123	0.0	0.0	3	1.0345014647845638	0.4009902841407108	230.0	36	1.05	0.95				
	316	2	43.92597280701755	8.785194561403511	0.0	0.0	3	1.0321742175953565	0.6115719668529335	230.0	36	1.05	0.95				
	317	1	0.0	0.0	0.0	0.0	3	1.039495098365625	2.1255569116360506	230.0	37	1.05	0.95				
	318	2	146.27348944736843	29.869661508771934	0.0	0.0	3	1.040277900117725	2.088009158867131	230.0	37	1.05	0.95				
	319	1	79.50601078070176	16.252609938596493	0.0	0.0	3	1.026316841730234	-0.3258047949052797	230.0	35	1.05	0.95				
	320	1	56.22524519298246	11.420752929824564	0.0	0.0	3	1.024323014726901	-0.28812548290833007	230.0	35	1.05	0.95				
	321	2	0.0	0.0	0.0	0.0	3	1.0421529676251682	3.0369418952478084	230.0	37	1.05	0.95				
	322	2	0.0	0.0	0.0	0.0	3	1.05	6.999261503921498	230.0	37	1.05	0.95				
	323	2	0.0	0.0	0.0	0.0	3	1.02384577670295	0.07298877976564151	230.0	35	1.05	0.95				
	324	1	0.0	0.0	0.0	0.0	3	1.0247554478163048	-1.94053865023082	230.0	36	1.05	0.95				
	325	1	0.0	0.0	0.0	0.0	3	1.0232000180693266	1.0446542269488548	230.0	35	1.05	0.95				
];
