%% MATPOWER Case Format : Version 2
function mpc = RTS_GMLC
mpc.version = '2';

%%-----  Power Flow Data  -----%%
%% system MVA base
mpc.baseMVA = 100.0;
%% bus data
%    bus_i    type    Pd    Qd    Gs    Bs    area    Vm    Va    baseKV    zone    Vmax    Vmin
mpc.bus = [
	101	2	52.18307768842105	10.629886195789474	0.0	0.0	1	1.0482284027266886	2.5312314710116337	138.0	11	1.05	0.95				
	102	2	46.86813459052632	9.663532905263159	0.0	0.0	1	1.0471769829896571	2.225258074543368	138.0	12	1.05	0.95				
	103	1	86.97179614736842	17.877535874736843	0.0	0.0	1	1.0273102102856366	-0.874941785191133	138.0	11	1.05	0.95				
	104	1	35.755071749473686	7.247649678947369	0.0	0.0	1	1.0279885786422391	-1.3798956004476532	138.0	11	1.05	0.95				
	105	1	34.30554181368421	6.764473033684211	0.0	0.0	1	1.0419536666868388	-1.405851063781031	138.0	11	1.05	0.95				
	106	1	65.71202375578949	13.528946067368421	0.0	-100.0	1	1.046682389776308	-4.143914462244742	138.0	12	1.05	0.95				
	107	2	60.39708065789474	12.079416131578947	0.0	0.0	1	1.0002959022856532	-10.8164294660964	138.0	12	1.05	0.95				
	108	1	82.62320634	16.911182584210525	0.0	0.0	1	1.0020216087381284	-9.256312334140043	138.0	12	1.05	0.95				
	109	1	84.55591292105264	17.394359229473682	0.0	0.0	1	1.0242238474244558	-3.2294393518222946	138.0	13	1.05	0.95				
	110	1	94.21944582631579	19.327065810526317	0.0	0.0	1	1.05	-3.944383327485671	138.0	13	1.05	0.95				
	111	1	0.0	0.0	0.0	0.0	1	1.0036622225110245	-1.3080851724458478	230.0	13	1.05	0.95				
	112	1	0.0	0.0	0.0	0.0	1	1.0084216435078355	-1.134722356690693	230.0	13	1.05	0.95				
	113	3	128.04181099473684	26.091538844210525	0.0	0.0	1	0.9981939247803043	4.196561566855581e-31	230.0	14	1.05	0.95				
	114	2	93.73626918105263	18.843889165263157	0.0	0.0	1	0.998949728616571	-0.041772507036677106	230.0	16	1.05	0.95				
	115	2	153.16699654842105	30.92330529684211	0.0	0.0	1	1.0303135785350184	5.106214602563378	230.0	16	1.05	0.95				
	116	2	48.31766452631579	9.663532905263159	0.0	0.0	1	1.0268512174912836	4.644196810941122	230.0	16	1.05	0.95				
	117	1	0.0	0.0	0.0	0.0	1	1.0344263600615293	7.178821682761965	230.0	17	1.05	0.95				
	118	2	160.8978228726316	32.856011877894744	0.0	0.0	1	1.0364843933570789	7.530803093993395	230.0	17	1.05	0.95				
	119	1	87.45497279263158	17.877535874736843	0.0	0.0	1	1.0189955448758217	3.010903026684816	230.0	15	1.05	0.95				
	120	1	61.84661059368422	12.562592776842104	0.0	0.0	1	1.0159328832797005	2.4193693853324687	230.0	15	1.05	0.95				
	121	2	0.0	0.0	0.0	0.0	1	1.0392993247291875	8.866784240033908	230.0	17	1.05	0.95				
	122	2	0.0	0.0	0.0	0.0	1	1.05	14.70519532015341	230.0	17	1.05	0.95				
	123	2	0.0	0.0	0.0	0.0	1	1.0150434167087916	2.471970787041035	230.0	15	1.05	0.95				
	124	1	0.0	0.0	0.0	0.0	1	1.0210383173893605	2.8540543165573014	230.0	16	1.05	0.95				
	201	2	50.013536930526314	10.187942708070176	0.0	0.0	2	1.0181632500028652	-11.73152478935707	138.0	21	1.05	0.95				
	202	2	44.91956557649123	9.261766098245614	0.0	0.0	2	1.0178520572932779	-11.848753001022663	138.0	22	1.05	0.95				
	203	1	83.35589488421053	17.134267281754386	0.0	0.0	2	1.014592490375333	-9.274447778988103	138.0	21	1.05	0.95				
	204	1	34.26853456350877	6.946324573684211	0.0	0.0	2	1.0136117395123412	-11.730895205965265	138.0	21	1.05	0.95				
	205	1	32.87926964877193	6.483236268771931	0.0	0.0	2	1.0284061384773286	-12.085501299280962	138.0	21	1.05	0.95				
	206	1	62.98000946807017	12.966472537543861	0.0	-100.0	2	1.0418686042632348	-12.798496304954273	138.0	22	1.05	0.95				
	207	2	57.88603811403509	11.577207622807018	0.0	0.0	2	0.9960636064951339	-18.748544298228694	138.0	22	1.05	0.95				
	208	1	79.18810013999999	16.208090671929824	0.0	0.0	2	0.9993363447470414	-16.614526477116232	138.0	22	1.05	0.95				
	209	1	81.04045335964912	16.671178976842103	0.0	0.0	2	1.0237571557678105	-9.722839278337219	138.0	23	1.05	0.95				
	210	1	90.30221945789474	18.523532196491228	0.0	0.0	2	1.05	-10.955941871207198	138.0	23	1.05	0.95				
	211	1	0.0	0.0	0.0	0.0	2	1.0065530072653617	-6.887339526465985	230.0	23	1.05	0.95				
	212	1	0.0	0.0	0.0	0.0	2	1.0105230279567516	-3.629282756748218	230.0	23	1.05	0.95				
	213	2	122.71840080175438	25.006768465263157	0.0	0.0	2	1.0035440016320916	-4.803548787385604	230.0	24	1.05	0.95				
	214	2	89.83913115298246	18.06044389157895	0.0	0.0	2	1.0065156485673339	-5.1476993782798255	230.0	26	1.05	0.95				
	215	2	146.798992657193	29.637651514385965	0.0	0.0	2	1.0217128850208383	0.3404137096584397	230.0	26	1.05	0.95				
	216	2	46.30883049122807	9.261766098245614	0.0	0.0	2	1.0216982347875845	0.1777728308644263	230.0	26	1.05	0.95				
	217	1	0.0	0.0	0.0	0.0	2	1.0260719965095388	1.3114726655062288	230.0	27	1.05	0.95				
	218	2	154.20840553578947	31.490004734035086	0.0	0.0	2	1.0253326709461257	0.8281456200465918	230.0	27	1.05	0.95				
	219	1	83.8189831891228	17.134267281754386	0.0	0.0	2	1.0206218554815771	0.4296234787504056	230.0	25	1.05	0.95				
	220	1	59.27530302877193	12.040295927719297	0.0	0.0	2	1.0230896302784325	1.559674300656334	230.0	25	1.05	0.95				
	221	2	0.0	0.0	0.0	0.0	2	1.0276752529841418	1.4679368342378294	230.0	27	1.05	0.95				
	222	2	0.0	0.0	0.0	0.0	2	1.0493310739706891	7.9050363299569355	230.0	27	1.05	0.95				
	223	2	0.0	0.0	0.0	0.0	2	1.025542558141902	2.5354320866464977	230.0	25	1.05	0.95				
	224	1	0.0	0.0	0.0	0.0	2	1.00723161723979	-3.2716301073294543	230.0	26	1.05	0.95				
	301	2	43.476747877894745	8.856374567719298	0.0	0.0	3	1.0058120824386023	-6.012465749664749	138.0	31	1.05	0.95				
	302	2	39.04856059403509	8.051249607017546	0.0	0.0	3	1.005807737276498	-6.064479766911667	138.0	32	1.05	0.95				
	303	1	72.4612464631579	14.894811772982457	0.0	0.0	3	1.0146869120699449	-3.2033959611403624	138.0	31	1.05	0.95				
	304	1	29.789623545964915	6.038437205263158	0.0	0.0	3	1.0087594721290698	-4.809833695095064	138.0	31	1.05	0.95				
	305	1	28.58193610491228	5.635874724912282	0.0	0.0	3	1.022441292389664	-4.90325395869699	138.0	31	1.05	0.95				
	306	1	54.748497327719306	11.271749449824563	0.0	-100.0	3	1.0405785519372124	-4.77892522112674	138.0	32	1.05	0.95				
	307	2	50.32031004385965	10.06406200877193	0.0	0.0	3	0.9960018505770318	-8.55656661411371	138.0	32	1.05	0.95				
	308	1	68.83818414000001	14.089686812280702	0.0	0.0	3	1.0041125387096361	-6.791014518072783	138.0	32	1.05	0.95				
	309	1	70.4484340614035	14.492249292631579	0.0	0.0	3	1.0234417226917434	-2.123069887223103	138.0	33	1.05	0.95				
	310	1	78.49968366842106	16.10249921403509	0.0	0.0	3	1.05	-2.5008338711333096	138.0	33	1.05	0.95				
	311	1	0.0	0.0	0.0	0.0	3	1.0025297163143836	1.9986777202140373	230.0	33	1.05	0.95				
	312	1	0.0	0.0	0.0	0.0	3	1.0083425248654696	2.6994300210418745	230.0	33	1.05	0.95				
	313	2	106.67905729298246	21.738373938947372	0.0	0.0	3	1.0080795722374976	6.860671766462227	230.0	34	1.05	0.95				
	314	2	78.09712118807018	15.699936733684211	0.0	0.0	3	0.9959263470482365	2.1734903398814134	230.0	36	1.05	0.95				
	315	2	127.61230627122808	25.76399874245614	0.0	0.0	3	1.0116197314348827	0.4812533924740133	230.0	36	1.05	0.95				
	316	2	40.25624803508772	8.051249607017546	0.0	0.0	3	1.0107141616014925	1.0213899792014334	230.0	36	1.05	0.95				
	317	1	0.0	0.0	0.0	0.0	3	1.0163444534204074	1.5241243783363159	230.0	37	1.05	0.95				
	318	2	134.0533059568421	27.374248663859653	0.0	0.0	3	1.015544487941538	1.0722874776120463	230.0	37	1.05	0.95				
	319	1	72.86380894350877	14.894811772982457	0.0	0.0	3	1.0112276104683042	2.686361480053674	230.0	35	1.05	0.95				
	320	1	51.52799748491228	10.466624489122808	0.0	0.0	3	1.0120992219467644	3.779447078745698	230.0	35	1.05	0.95				
	321	2	0.0	0.0	0.0	0.0	3	1.0162667912541854	1.433075517760755	230.0	37	1.05	0.95				
	322	2	0.0	0.0	0.0	0.0	3	1.029888811698259	5.946601567337751	230.0	37	1.05	0.95				
	323	2	0.0	0.0	0.0	0.0	3	1.0125604872685285	4.384005861884128	230.0	35	1.05	0.95				
	324	1	0.0	0.0	0.0	0.0	3	1.0086642432083899	0.5461498056792559	230.0	36	1.05	0.95				
	325	1	0.0	0.0	0.0	0.0	3	1.0146381679788443	4.781008733985847	230.0	35	1.05	0.95				
];
