%% MATPOWER Case Format : Version 2
function mpc = RTS_GMLC
mpc.version = '2';

%%-----  Power Flow Data  -----%%
%% system MVA base
mpc.baseMVA = 100.0;
%% bus data
%    bus_i    type    Pd    Qd    Gs    Bs    area    Vm    Va    baseKV    zone    Vmax    Vmin
mpc.bus = [
	101	2	74.50717467789474	15.177387434385963	0.0	0.0	1	1.048641009099636	-0.33793388062445073	138.0	11	1.05	0.95				
	102	2	66.91848096070176	13.797624940350877	0.0	0.0	1	1.0474206727481699	-0.7305283745769311	138.0	12	1.05	0.95				
	103	1	124.17862446315789	25.52560613964912	0.0	0.0	1	1.0283153599467714	-1.125097196014682	138.0	11	1.05	0.95				
	104	1	51.05121227929824	10.348218705263157	0.0	0.0	1	1.025863613342445	-3.9479991767566154	138.0	11	1.05	0.95				
	105	1	48.981568538245604	9.658337458245615	0.0	0.0	1	1.0394637358315826	-4.389145281566174	138.0	11	1.05	0.95				
	106	1	93.82384959438596	19.31667491649123	0.0	-100.0	1	1.040863422445069	-7.376190755613692	138.0	12	1.05	0.95				
	107	2	86.23515587719298	17.247031175438597	0.0	0.0	1	0.9994693750076551	-14.492813930260896	138.0	12	1.05	0.95				
	108	1	117.96969324	24.145843645614033	0.0	0.0	1	0.9944867253645059	-12.910204728479513	138.0	12	1.05	0.95				
	109	1	120.72921822807017	24.83572489263158	0.0	0.0	1	1.0255147801893136	-4.886893049003347	138.0	13	1.05	0.95				
	110	1	134.52684316842104	27.595249880701754	0.0	0.0	1	1.05	-6.399725166682793	138.0	13	1.05	0.95				
	111	1	0.0	0.0	0.0	0.0	1	1.0148133860068367	-1.7782929099237115	230.0	13	1.05	0.95				
	112	1	0.0	0.0	0.0	0.0	1	1.0158731171398938	-1.4884852624326612	230.0	13	1.05	0.95				
	113	3	182.8185304596491	37.25358733894737	0.0	0.0	1	1.015103125604714	1.418052392494549e-31	230.0	14	1.05	0.95				
	114	2	133.8369619214035	26.905368633684212	0.0	0.0	1	1.0206936601064713	0.5550653931867835	230.0	16	1.05	0.95				
	115	2	218.6923553045614	44.152399809122805	0.0	0.0	1	1.0426669542867526	8.962164563682627	230.0	16	1.05	0.95				
	116	2	68.98812470175439	13.797624940350877	0.0	0.0	1	1.0415338654483977	8.039150927616408	230.0	16	1.05	0.95				
	117	1	0.0	0.0	0.0	0.0	1	1.0453892848067199	11.975757702110563	230.0	17	1.05	0.95				
	118	2	229.73045525684208	46.91192479719298	0.0	0.0	1	1.0487230883856395	12.868347567710654	230.0	17	1.05	0.95				
	119	1	124.86850571017544	25.52560613964912	0.0	0.0	1	1.0343539095083256	5.941246413530497	230.0	15	1.05	0.95				
	120	1	88.30479961824561	17.936912422456142	0.0	0.0	1	1.0339271982555291	5.057351073395699	230.0	15	1.05	0.95				
	121	2	0.0	0.0	0.0	0.0	1	1.05	14.934415131002424	230.0	17	1.05	0.95				
	122	2	0.0	0.0	0.0	0.0	1	1.05	21.213379441434093	230.0	17	1.05	0.95				
	123	2	0.0	0.0	0.0	0.0	1	1.0353842018922803	5.087692727938099	230.0	15	1.05	0.95				
	124	1	0.0	0.0	0.0	0.0	1	1.0246738734874952	5.1986682073150705	230.0	16	1.05	0.95				
	201	2	68.0843695831579	13.869038248421054	0.0	0.0	2	1.0250108359497712	-10.759254903447014	138.0	21	1.05	0.95				
	202	2	61.14985045894736	12.608216589473683	0.0	0.0	2	1.0260819129857182	-10.529426294575654	138.0	22	1.05	0.95				
	203	1	113.47394930526316	23.325200690526316	0.0	0.0	2	1.014641465010543	-10.17293057566282	138.0	21	1.05	0.95				
	204	1	46.65040138105263	9.456162442105263	0.0	0.0	2	1.0150263906631707	-11.284519275428341	138.0	21	1.05	0.95				
	205	1	44.75916889263158	8.82575161263158	0.0	0.0	2	1.0295707989682243	-11.6017709713716	138.0	21	1.05	0.95				
	206	1	85.73587280842105	17.65150322526316	0.0	-100.0	2	1.0389075477176564	-12.625471698491676	138.0	22	1.05	0.95				
	207	2	78.80135368421053	15.760270736842106	0.0	0.0	2	0.9865079673230305	-21.666121407345386	138.0	22	1.05	0.95				
	208	1	107.80025183999999	22.064379031578945	0.0	0.0	2	0.9864216967887163	-18.61713983401252	138.0	22	1.05	0.95				
	209	1	110.32189515789474	22.69478986105263	0.0	0.0	2	1.0254738238607881	-9.325370846629857	138.0	23	1.05	0.95				
	210	1	122.93011174736841	25.216433178947366	0.0	0.0	2	1.05	-10.443954089842501	138.0	23	1.05	0.95				
	211	1	0.0	0.0	0.0	0.0	2	1.0169886800058339	-5.674340032535237	230.0	23	1.05	0.95				
	212	1	0.0	0.0	0.0	0.0	2	1.0192229675684257	-0.6352180844939591	230.0	23	1.05	0.95				
	213	2	167.05886981052632	34.04218479157895	0.0	0.0	2	1.02311092161507	-2.4737855921983947	230.0	24	1.05	0.95				
	214	2	122.29970091789473	24.586022349473684	0.0	0.0	2	1.0214809695169937	-4.275533351742549	230.0	26	1.05	0.95				
	215	2	199.8402329431579	40.34629308631579	0.0	0.0	2	1.0361826404933778	1.1531990131410597	230.0	26	1.05	0.95				
	216	2	63.04108294736842	12.608216589473683	0.0	0.0	2	1.0373299314922129	1.5723883831168195	230.0	26	1.05	0.95				
	217	1	0.0	0.0	0.0	0.0	2	1.0391771929747315	2.6045106010485846	230.0	27	1.05	0.95				
	218	2	209.92680621473684	42.867936404210525	0.0	0.0	2	1.0373933337519243	1.855237580003703	230.0	27	1.05	0.95				
	219	1	114.10436013473684	23.325200690526316	0.0	0.0	2	1.0373893781321395	3.154823330962517	230.0	25	1.05	0.95				
	220	1	80.69258617263158	16.39068156631579	0.0	0.0	2	1.0437092503388483	5.7143595914042535	230.0	25	1.05	0.95				
	221	2	0.0	0.0	0.0	0.0	2	1.0391428641133478	2.427255894566056	230.0	27	1.05	0.95				
	222	2	0.0	0.0	0.0	0.0	2	1.05	8.998830168635687	230.0	27	1.05	0.95				
	223	2	0.0	0.0	0.0	0.0	2	1.05	7.566764912955737	230.0	25	1.05	0.95				
	224	1	0.0	0.0	0.0	0.0	2	1.0140423804112144	-3.045162213523151	230.0	26	1.05	0.95				
	301	2	59.70578930526317	12.16229041403509	0.0	0.0	3	0.9988093224174109	20.130654282631507	138.0	31	1.05	0.95				
	302	2	53.62464409824561	11.056627649122808	0.0	0.0	3	0.9983376854889486	20.006480262645315	138.0	32	1.05	0.95				
	303	1	99.50964884210526	20.454761150877193	0.0	0.0	3	1.0339433750281595	26.03831072308972	138.0	31	1.05	0.95				
	304	1	40.909522301754386	8.292470736842105	0.0	0.0	3	1.0052935098549756	21.798525551014517	138.0	31	1.05	0.95				
	305	1	39.25102815438596	7.739639354385966	0.0	0.0	3	1.0166315804778818	21.12992466822571	138.0	31	1.05	0.95				
	306	1	75.1850680140351	15.479278708771933	0.0	-100.0	3	1.0342989106290525	21.059503520645535	138.0	32	1.05	0.95				
	307	2	69.10392280701755	13.82078456140351	0.0	0.0	3	0.981878369959923	17.47540454385517	138.0	32	1.05	0.95				
	308	1	94.5341664	19.349098385964915	0.0	0.0	3	0.9959055651003249	19.917950913503134	138.0	32	1.05	0.95				
	309	1	96.74549192982457	19.901929768421052	0.0	0.0	3	1.0298581804032325	25.500915788313133	138.0	33	1.05	0.95				
	310	1	107.80211957894737	22.113255298245615	0.0	0.0	3	1.05	23.901656673385848	138.0	33	1.05	0.95				
	311	1	0.0	0.0	0.0	0.0	3	1.0126567350439748	29.03357901336895	230.0	33	1.05	0.95				
	312	1	0.0	0.0	0.0	0.0	3	1.0205393410338668	29.859022383650384	230.0	33	1.05	0.95				
	313	2	146.5003163508772	29.852894652631583	0.0	0.0	3	1.0277083901035455	35.978253089759775	230.0	34	1.05	0.95				
	314	2	107.24928819649122	21.560423915789475	0.0	0.0	3	1.0090390998963816	27.283082461378424	230.0	36	1.05	0.95				
	315	2	175.2475482385965	35.381208477192985	0.0	0.0	3	1.0401664753364752	21.817018056810287	230.0	36	1.05	0.95				
	316	2	55.28313824561404	11.056627649122808	0.0	0.0	3	1.0387342584869392	22.649012294011346	230.0	36	1.05	0.95				
	317	1	0.0	0.0	0.0	0.0	3	1.0468801110978119	21.94791800226853	230.0	37	1.05	0.95				
	318	2	184.09285035789475	37.59253400701755	0.0	0.0	3	1.0467716034376673	20.10584661235162	230.0	37	1.05	0.95				
	319	1	100.06248022456141	20.454761150877193	0.0	0.0	3	1.037276045764614	24.5871125479862	230.0	35	1.05	0.95				
	320	1	70.76241695438597	14.37361594385965	0.0	0.0	3	1.0372833610042638	25.80721258371296	230.0	35	1.05	0.95				
	321	2	0.0	0.0	0.0	0.0	3	1.0452940007997742	21.265714527037485	230.0	37	1.05	0.95				
	322	2	0.0	0.0	0.0	0.0	3	1.05	25.869050176177623	230.0	37	1.05	0.95				
	323	2	0.0	0.0	0.0	0.0	3	1.0369725737596867	26.212056978561428	230.0	35	1.05	0.95				
	324	1	0.0	0.0	0.0	0.0	3	1.037643447022454	25.35973909327204	230.0	36	1.05	0.95				
	325	1	0.0	0.0	0.0	0.0	3	1.039327473362723	25.25795433680604	230.0	35	1.05	0.95				
];
