%% MATPOWER Case Format : Version 2
function mpc = RTS_GMLC
mpc.version = '2';

%%-----  Power Flow Data  -----%%
%% system MVA base
mpc.baseMVA = 100.0;
%% bus data
%    bus_i    type    Pd    Qd    Gs    Bs    area    Vm    Va    baseKV    zone    Vmax    Vmin
mpc.bus = [
	101	2	61.94903513684211	12.619247898245614	0.0	0.0	1	1.0485003936407107	1.786257668629499	138.0	11	1.05	0.95				
	102	2	55.639411187719304	11.47204354385965	0.0	0.0	1	1.0473759319662461	1.4385133596082254	138.0	12	1.05	0.95				
	103	1	103.24839189473684	21.22328055614035	0.0	0.0	1	1.029521829732091	-0.6470051417542679	138.0	11	1.05	0.95				
	104	1	42.4465611122807	8.604032657894736	0.0	0.0	1	1.027485928349787	-2.0883641522875087	138.0	11	1.05	0.95				
	105	1	40.725754580701754	8.030430480701757	0.0	0.0	1	1.0407831259768527	-2.3320964111454305	138.0	11	1.05	0.95				
	106	1	78.00989609824562	16.060860961403513	0.0	-100.0	1	1.0440650362969484	-5.251677408264981	138.0	12	1.05	0.95				
	107	2	71.7002721491228	14.340054429824562	0.0	0.0	1	0.9986279094472164	-12.639486599267308	138.0	12	1.05	0.95				
	108	1	98.08597230000001	20.076076201754383	0.0	0.0	1	0.9978143436917579	-10.869620820988485	138.0	12	1.05	0.95				
	109	1	100.38038100877193	20.649678378947367	0.0	0.0	1	1.0251705066966585	-3.710172972267083	138.0	13	1.05	0.95				
	110	1	111.85242455263158	22.9440870877193	0.0	0.0	1	1.05	-4.77588595130911	138.0	13	1.05	0.95				
	111	1	0.0	0.0	0.0	0.0	1	1.0086023020107109	-1.356494423417807	230.0	13	1.05	0.95				
	112	1	0.0	0.0	0.0	0.0	1	1.0124042585168609	-1.0374299358951762	230.0	13	1.05	0.95				
	113	3	152.00457695614034	30.974517568421057	0.0	0.0	1	1.0057189654126897	9.06763079016235e-30	230.0	14	1.05	0.95				
	114	2	111.27882237543861	22.37048491052632	0.0	0.0	1	1.0079204330129385	0.4372198111749469	230.0	16	1.05	0.95				
	115	2	181.83189017017543	36.71053934035088	0.0	0.0	1	1.0388944279000412	7.024783679645815	230.0	16	1.05	0.95				
	116	2	57.36021771929825	11.47204354385965	0.0	0.0	1	1.0358469134888324	6.406757477522407	230.0	16	1.05	0.95				
	117	1	0.0	0.0	0.0	0.0	1	1.0416576524323282	9.449056283460179	230.0	17	1.05	0.95				
	118	2	191.00952500526316	39.00494804912281	0.0	0.0	1	1.0442337020268113	10.038963897560203	230.0	17	1.05	0.95				
	119	1	103.82199407192982	21.22328055614035	0.0	0.0	1	1.0285878770648496	4.741974591757863	230.0	15	1.05	0.95				
	120	1	73.42107868070175	14.913656607017545	0.0	0.0	1	1.0269101465748636	4.229265254707233	230.0	15	1.05	0.95				
	121	2	0.0	0.0	0.0	0.0	1	1.047006674897472	11.662845480280826	230.0	17	1.05	0.95				
	122	2	0.0	0.0	0.0	0.0	1	1.05	17.302972429457032	230.0	17	1.05	0.95				
	123	2	0.0	0.0	0.0	0.0	1	1.0271687075110991	4.384683080507201	230.0	15	1.05	0.95				
	124	1	0.0	0.0	0.0	0.0	1	1.0255140172360557	4.152668053841865	230.0	16	1.05	0.95				
	201	2	62.27042343157896	12.684715884210526	0.0	0.0	2	1.0252586006692097	-11.137549799246136	138.0	21	1.05	0.95				
	202	2	55.92806548947369	11.531559894736843	0.0	0.0	2	1.026350796470213	-10.919579660605397	138.0	22	1.05	0.95				
	203	1	103.78403905263158	21.33338580526316	0.0	0.0	2	1.013961903491408	-10.419811058138608	138.0	21	1.05	0.95				
	204	1	42.66677161052632	8.648669921052631	0.0	0.0	2	1.0157248707305668	-11.93847423348868	138.0	21	1.05	0.95				
	205	1	40.937037626315785	8.07209192631579	0.0	0.0	2	1.0304696714360482	-12.248885958501521	138.0	21	1.05	0.95				
	206	1	78.41460728421053	16.14418385263158	0.0	-100.0	2	1.04049518628158	-13.377575261015684	138.0	22	1.05	0.95				
	207	2	72.07224934210527	14.414449868421054	0.0	0.0	2	0.9926681303287228	-21.674163056330983	138.0	22	1.05	0.95				
	208	1	98.59483709999999	20.180229815789474	0.0	0.0	2	0.9923955312779221	-18.918672528522517	138.0	22	1.05	0.95				
	209	1	100.90114907894736	20.756807810526315	0.0	0.0	2	1.0244458052575331	-10.41193623142204	138.0	23	1.05	0.95				
	210	1	112.4327089736842	23.063119789473685	0.0	0.0	2	1.05	-11.533942263731948	138.0	23	1.05	0.95				
	211	1	0.0	0.0	0.0	0.0	2	1.0119472714288598	-7.281855181400092	230.0	23	1.05	0.95				
	212	1	0.0	0.0	0.0	0.0	2	1.015746506083317	-2.9533777329446185	230.0	23	1.05	0.95				
	213	2	152.79316860526316	31.13521171578948	0.0	0.0	2	1.0137558099232813	-4.656030016205661	230.0	24	1.05	0.95				
	214	2	111.85613097894738	22.486541794736844	0.0	0.0	2	1.0136636939505814	-5.837062972015736	230.0	26	1.05	0.95				
	215	2	182.77522433157895	36.900991663157896	0.0	0.0	2	1.0277991919849456	-0.4211191867940937	230.0	26	1.05	0.95				
	216	2	57.657799473684214	11.531559894736843	0.0	0.0	2	1.0291693044800345	-0.22691676465730232	230.0	26	1.05	0.95				
	217	1	0.0	0.0	0.0	0.0	2	1.0323326881404964	1.0214047740658627	230.0	27	1.05	0.95				
	218	2	192.00047224736844	39.207303642105266	0.0	0.0	2	1.0308589217152773	0.21938147929177898	230.0	27	1.05	0.95				
	219	1	104.36061704736844	21.33338580526316	0.0	0.0	2	1.029405713333899	0.6815302827382286	230.0	25	1.05	0.95				
	220	1	73.80198332631579	14.991027863157896	0.0	0.0	2	1.0346796630411728	2.576551471444778	230.0	25	1.05	0.95				
	221	2	0.0	0.0	0.0	0.0	2	1.0328223166079689	0.8190642703473663	230.0	27	1.05	0.95				
	222	2	0.0	0.0	0.0	0.0	2	1.05	7.393771242177093	230.0	27	1.05	0.95				
	223	2	0.0	0.0	0.0	0.0	2	1.0396382636701318	4.039455134417332	230.0	25	1.05	0.95				
	224	1	0.0	0.0	0.0	0.0	2	1.0102837716603164	-4.1525557216926	230.0	26	1.05	0.95				
	301	2	54.59791206315789	11.121796901754385	0.0	0.0	3	1.0009368916908679	5.126742409954485	138.0	31	1.05	0.95				
	302	2	49.037013612280695	10.11072445614035	0.0	0.0	3	1.0006081924911054	5.015198311387714	138.0	32	1.05	0.95				
	303	1	90.99652010526314	18.704840243859646	0.0	0.0	3	1.0274021332643732	10.247811833812746	138.0	31	1.05	0.95				
	304	1	37.40968048771929	7.583043342105262	0.0	0.0	3	1.0060837877002824	6.547288433081323	138.0	31	1.05	0.95				
	305	1	35.89307181929824	7.077507119298246	0.0	0.0	3	1.018431248115597	6.15254286991194	138.0	31	1.05	0.95				
	306	1	68.75292630175439	14.155014238596491	0.0	-100.0	3	1.0362712747220926	6.136927931238751	138.0	32	1.05	0.95				
	307	2	63.19202785087719	12.638405570175436	0.0	0.0	3	0.9914709218454951	2.0025887604475368	138.0	32	1.05	0.95				
	308	1	86.44669409999999	17.69376779824561	0.0	0.0	3	1.0004347610391442	4.259989905567425	138.0	32	1.05	0.95				
	309	1	88.46883899122805	18.19930402105263	0.0	0.0	3	1.0272084008575693	9.861560761464075	138.0	33	1.05	0.95				
	310	1	98.57956344736841	20.2214489122807	0.0	0.0	3	1.05	8.79924742251402	138.0	33	1.05	0.95				
	311	1	0.0	0.0	0.0	0.0	3	1.0097826667026093	13.900972081774015	230.0	33	1.05	0.95				
	312	1	0.0	0.0	0.0	0.0	3	1.0154405489534322	14.696691990329969	230.0	33	1.05	0.95				
	313	2	133.96709904385963	27.298956031578946	0.0	0.0	3	1.020269717379709	19.858694934598084	230.0	34	1.05	0.95				
	314	2	98.07402722456139	19.715912689473683	0.0	0.0	3	1.0069428349188159	13.299453142454809	230.0	36	1.05	0.95				
	315	2	160.25498262982453	32.35431825964912	0.0	0.0	3	1.028846690955475	10.156748350869274	230.0	36	1.05	0.95				
	316	2	50.553622280701745	10.11072445614035	0.0	0.0	3	1.0274408358592146	10.860783254203875	230.0	36	1.05	0.95				
	317	1	0.0	0.0	0.0	0.0	3	1.0354109862155507	11.078137714669676	230.0	37	1.05	0.95				
	318	2	168.34356219473682	34.37646315087719	0.0	0.0	3	1.0340748427872166	9.7811101978034	230.0	37	1.05	0.95				
	319	1	91.50205632807017	18.704840243859646	0.0	0.0	3	1.0258444827117015	12.594490582048211	230.0	35	1.05	0.95				
	320	1	64.70863651929824	13.143941792982455	0.0	0.0	3	1.0255105446463797	13.714291331080357	230.0	35	1.05	0.95				
	321	2	0.0	0.0	0.0	0.0	3	1.0343097918985957	10.481348741087272	230.0	37	1.05	0.95				
	322	2	0.0	0.0	0.0	0.0	3	1.048131025366281	15.03763023979243	230.0	37	1.05	0.95				
	323	2	0.0	0.0	0.0	0.0	3	1.0252479381170685	14.20772921752777	230.0	35	1.05	0.95				
	324	1	0.0	0.0	0.0	0.0	3	1.0266028755898775	11.869802535606421	230.0	36	1.05	0.95				
	325	1	0.0	0.0	0.0	0.0	3	1.0282938974130522	14.000866975936194	230.0	35	1.05	0.95				
];
