%% MATPOWER Case Format : Version 2
function mpc = RTS_GMLC
mpc.version = '2';

%%-----  Power Flow Data  -----%%
%% system MVA base
mpc.baseMVA = 100.0;
%% bus data
%    bus_i    type    Pd    Qd    Gs    Bs    area    Vm    Va    baseKV    zone    Vmax    Vmin
mpc.bus = [
	101	2	69.77783277473685	14.21400297263158	0.0	0.0	1	1.0483291537768675	0.8036455514056977	138.0	11	1.05	0.95				
	102	2	62.67083128842105	12.921820884210527	0.0	0.0	1	1.047389170288539	0.4871162352236765	138.0	12	1.05	0.95				
	103	1	116.29638795789474	23.905368635789472	0.0	0.0	1	1.0301091815548151	-1.0040510279389157	138.0	11	1.05	0.95				
	104	1	47.810737271578944	9.691365663157894	0.0	0.0	1	1.0265651157058273	-3.0386176384629158	138.0	11	1.05	0.95				
	105	1	45.872464138947365	9.045274618947369	0.0	0.0	1	1.0397251369933782	-3.378184693051704	138.0	11	1.05	0.95				
	106	1	87.86838201263159	18.090549237894738	0.0	-100.0	1	1.0419502854105929	-6.382577192045341	138.0	12	1.05	0.95				
	107	2	80.76138052631579	16.15227610526316	0.0	0.0	1	1.003461995840248	-13.152730165163232	138.0	12	1.05	0.95				
	108	1	110.48156856	22.613186547368418	0.0	0.0	1	0.9987339780252044	-11.730824283020576	138.0	12	1.05	0.95				
	109	1	113.06593273684211	23.259277591578947	0.0	0.0	1	1.0258550637809267	-4.3753489496226665	138.0	13	1.05	0.95				
	110	1	125.98775362105263	25.843641768421055	0.0	0.0	1	1.05	-5.65928194956999	138.0	13	1.05	0.95				
	111	1	0.0	0.0	0.0	0.0	1	1.0116319331615342	-1.7236055699325485	230.0	13	1.05	0.95				
	112	1	0.0	0.0	0.0	0.0	1	1.0148328513821059	-1.2842548306460988	230.0	13	1.05	0.95				
	113	3	171.21412671578946	34.888916387368425	0.0	0.0	1	1.0113982768043466	3.413626898999913e-30	230.0	14	1.05	0.95				
	114	2	125.3416625768421	25.197550724210526	0.0	0.0	1	1.0126511837555847	0.1285551517363357	230.0	16	1.05	0.95				
	115	2	204.81086101473682	41.349826829473685	0.0	0.0	1	1.043211165840964	7.480528062704747	230.0	16	1.05	0.95				
	116	2	64.60910442105263	12.921820884210527	0.0	0.0	1	1.0399976501150716	6.625284129653122	230.0	16	1.05	0.95				
	117	1	0.0	0.0	0.0	0.0	1	1.0448257849918445	9.537670308505685	230.0	17	1.05	0.95				
	118	2	215.14831772210528	43.93419100631579	0.0	0.0	1	1.0471725235766207	10.067836051795087	230.0	17	1.05	0.95				
	119	1	116.94247900210526	23.905368635789472	0.0	0.0	1	1.0330011719074803	5.0549987419722955	230.0	15	1.05	0.95				
	120	1	82.69965365894737	16.798367149473684	0.0	0.0	1	1.0318723871884719	4.564985809061935	230.0	15	1.05	0.95				
	121	2	0.0	0.0	0.0	0.0	1	1.0499999961349455	11.679168860564788	230.0	17	1.05	0.95				
	122	2	0.0	0.0	0.0	0.0	1	1.05	17.35929186254335	230.0	17	1.05	0.95				
	123	2	0.0	0.0	0.0	0.0	1	1.0327532356852247	4.782041697047956	230.0	15	1.05	0.95				
	124	1	0.0	0.0	0.0	0.0	1	1.027524922650479	4.314532778173771	230.0	16	1.05	0.95				
	201	2	73.18432235368422	14.907917516491228	0.0	0.0	2	1.0321155107103788	-12.453954423705726	138.0	21	1.05	0.95				
	202	2	65.73036359543859	13.5526522877193	0.0	0.0	2	1.0326485438149373	-12.422901588245052	138.0	22	1.05	0.95				
	203	1	121.97387058947369	25.0724067322807	0.0	0.0	2	1.0162890133803861	-11.405752913569358	138.0	21	1.05	0.95				
	204	1	50.1448134645614	10.164489215789473	0.0	0.0	2	1.0168262580348473	-13.831227700475699	138.0	21	1.05	0.95				
	205	1	48.111915621403504	9.48685660140351	0.0	0.0	2	1.0325166123702567	-14.087632150502163	138.0	21	1.05	0.95				
	206	1	92.15803555649124	18.97371320280702	0.0	-100.0	2	1.038950427494094	-15.625893044248556	138.0	22	1.05	0.95				
	207	2	84.70407679824561	16.94081535964912	0.0	0.0	2	0.9757524106324009	-25.668798833913428	138.0	22	1.05	0.95				
	208	1	115.87517705999998	23.71714150350877	0.0	0.0	2	0.9776069236155692	-22.353277284808048	138.0	22	1.05	0.95				
	209	1	118.58570751754385	24.394774117894734	0.0	0.0	2	1.0249635647944257	-12.229215577137852	138.0	23	1.05	0.95				
	210	1	132.13835980526315	27.1053045754386	0.0	0.0	2	1.05	-13.598382558907705	138.0	23	1.05	0.95				
	211	1	0.0	0.0	0.0	0.0	2	1.020068615019074	-8.64786538930317	230.0	23	1.05	0.95				
	212	1	0.0	0.0	0.0	0.0	2	1.0213622234927198	-4.155307934959609	230.0	23	1.05	0.95				
	213	2	179.5726428122807	36.59216117684211	0.0	0.0	2	1.025737065670317	-6.129762631283845	230.0	24	1.05	0.95				
	214	2	131.46072719087718	26.427671961052635	0.0	0.0	2	1.0282170534841393	-6.632433523282321	230.0	26	1.05	0.95				
	215	2	214.80953876035085	43.36848732070175	0.0	0.0	2	1.0381565608456793	0.5732526232122962	230.0	26	1.05	0.95				
	216	2	67.76326143859649	13.5526522877193	0.0	0.0	2	1.0396275000233697	0.3940449690873779	230.0	26	1.05	0.95				
	217	1	0.0	0.0	0.0	0.0	2	1.0417341301804117	2.7878399878202593	230.0	27	1.05	0.95				
	218	2	225.65166059052632	46.07901777824562	0.0	0.0	2	1.0420642801288849	2.8475522711627326	230.0	27	1.05	0.95				
	219	1	122.65150320385965	25.0724067322807	0.0	0.0	2	1.0388443482986374	0.48500567086189145	230.0	25	1.05	0.95				
	220	1	86.7369746414035	17.618447974035085	0.0	0.0	2	1.0439950801509525	1.841767078651873	230.0	25	1.05	0.95				
	221	2	0.0	0.0	0.0	0.0	2	1.0425989948058925	2.859785508800554	230.0	27	1.05	0.95				
	222	2	0.0	0.0	0.0	0.0	2	1.05	9.336573038653967	230.0	27	1.05	0.95				
	223	2	0.0	0.0	0.0	0.0	2	1.049008398930912	3.076356636513899	230.0	25	1.05	0.95				
	224	1	0.0	0.0	0.0	0.0	2	1.015011338676511	-3.86745067665656	230.0	26	1.05	0.95				
	301	2	63.13951280842106	12.861752609122806	0.0	0.0	3	0.9957032514916069	-0.8869792682234908	138.0	31	1.05	0.95				
	302	2	56.708636503859644	11.692502371929825	0.0	0.0	3	0.9956110012159975	-0.9276586433902753	138.0	32	1.05	0.95				
	303	1	105.23252134736842	21.631129388070175	0.0	0.0	3	1.0145130765030557	2.175667308241354	138.0	31	1.05	0.95				
	304	1	43.26225877614035	8.769376778947368	0.0	0.0	3	1.001389507323421	1.070144449513885	138.0	31	1.05	0.95				
	305	1	41.508383420350874	8.184751660350878	0.0	0.0	3	1.0138479141116676	1.0249039515823082	138.0	31	1.05	0.95				
	306	1	79.50901612912281	16.369503320701757	0.0	-100.0	3	1.0323474992657733	1.4284688104285554	138.0	32	1.05	0.95				
	307	2	73.0781398245614	14.615627964912282	0.0	0.0	3	0.9907572645173587	-3.0205618668717693	138.0	32	1.05	0.95				
	308	1	99.97089528000001	20.461879150877195	0.0	0.0	3	0.9990726487878535	-0.37077582134168313	138.0	32	1.05	0.95				
	309	1	102.30939575438596	21.046504269473683	0.0	0.0	3	1.026669927685825	5.081844660339355	138.0	33	1.05	0.95				
	310	1	114.00189812631578	23.38500474385965	0.0	0.0	3	1.05	4.797490857672299	138.0	33	1.05	0.95				
	311	1	0.0	0.0	0.0	0.0	3	1.0158834026438563	10.998432319472148	230.0	33	1.05	0.95				
	312	1	0.0	0.0	0.0	0.0	3	1.0206520876250642	12.210422303306212	230.0	33	1.05	0.95				
	313	2	154.92565642807017	31.56975640421053	0.0	0.0	3	1.038364947158872	18.752029627533453	230.0	34	1.05	0.95				
	314	2	113.41727300771929	22.800379625263158	0.0	0.0	3	1.0175087042238706	10.144979770548295	230.0	36	1.05	0.95				
	315	2	185.3261625950877	37.41600759017544	0.0	0.0	3	1.033383286881193	5.801118509439154	230.0	36	1.05	0.95				
	316	2	58.462511859649126	11.692502371929825	0.0	0.0	3	1.0345506661074013	7.1807384808359265	230.0	36	1.05	0.95				
	317	1	0.0	0.0	0.0	0.0	3	1.0385077635456703	6.341010242995857	230.0	37	1.05	0.95				
	318	2	194.6801644926316	39.754508064561406	0.0	0.0	3	1.0371526951293464	5.3447497516200455	230.0	37	1.05	0.95				
	319	1	105.81714646596492	21.631129388070175	0.0	0.0	3	1.0339764010796382	9.670859272527126	230.0	35	1.05	0.95				
	320	1	74.83201518035088	15.200253083508771	0.0	0.0	3	1.0358494331997166	11.48664062926246	230.0	35	1.05	0.95				
	321	2	0.0	0.0	0.0	0.0	3	1.0376845870794922	6.055528630212341	230.0	37	1.05	0.95				
	322	2	0.0	0.0	0.0	0.0	3	1.049999993325661	10.478179995239644	230.0	37	1.05	0.95				
	323	2	0.0	0.0	0.0	0.0	3	1.0369873996673662	12.233177318132585	230.0	35	1.05	0.95				
	324	1	0.0	0.0	0.0	0.0	3	1.0224723622772272	6.2867445971850096	230.0	36	1.05	0.95				
	325	1	0.0	0.0	0.0	0.0	3	1.039040347900589	12.192498297091207	230.0	35	1.05	0.95				
];
