%% MATPOWER Case Format : Version 2
function mpc = RTS_GMLC
mpc.version = '2';

%%-----  Power Flow Data  -----%%
%% system MVA base
mpc.baseMVA = 100.0;
%% bus data
%    bus_i    type    Pd    Qd    Gs    Bs    area    Vm    Va    baseKV    zone    Vmax    Vmin
mpc.bus = [
	101	2	94.11924789473684	19.172439385964914	0.0	0.0	1	1.047849410723509	-1.1044770374487725	138.0	11	1.05	0.95				
	102	2	84.53302820175438	17.429490350877195	0.0	0.0	1	1.047618469446917	-1.2719365638334128	138.0	12	1.05	0.95				
	103	1	156.86541315789472	32.244557149122805	0.0	0.0	1	1.0226255643899214	-2.2247938800898712	138.0	11	1.05	0.95				
	104	1	64.48911429824561	13.072117763157895	0.0	0.0	1	1.0230300683233844	-4.859032565073117	138.0	11	1.05	0.95				
	105	1	61.87469074561404	12.200643245614035	0.0	0.0	1	1.0365553665129494	-5.342606355779152	138.0	11	1.05	0.95				
	106	1	118.52053438596492	24.40128649122807	0.0	-100.0	1	1.0353546109204692	-8.524862695686027	138.0	12	1.05	0.95				
	107	2	108.93431469298245	21.786862938596492	0.0	0.0	1	1.05	-7.196776972895138	138.0	12	1.05	0.95				
	108	1	149.0221425	30.501608114035083	0.0	0.0	1	1.0219935422631508	-9.43359090315454	138.0	12	1.05	0.95				
	109	1	152.50804057017544	31.373082631578946	0.0	0.0	1	1.0271686947184682	-5.299191088905619	138.0	13	1.05	0.95				
	110	1	169.93753092105263	34.85898070175439	0.0	0.0	1	1.05	-6.969872636597251	138.0	13	1.05	0.95				
	111	1	0.0	0.0	0.0	0.0	1	1.0173787252100142	-2.230343348726872	230.0	13	1.05	0.95				
	112	1	0.0	0.0	0.0	0.0	1	1.01870341076056	-1.4273170261755455	230.0	13	1.05	0.95				
	113	3	230.9407471491228	47.05962394736842	0.0	0.0	1	1.0213105315048459	-8.869436144534952e-31	230.0	14	1.05	0.95				
	114	2	169.06605640350875	33.987506184210524	0.0	0.0	1	1.022014663157561	-0.2723785647761199	230.0	16	1.05	0.95				
	115	2	276.2574220614035	55.77436912280702	0.0	0.0	1	1.042829953091709	8.6930052765453	230.0	16	1.05	0.95				
	116	2	87.14745175438597	17.429490350877195	0.0	0.0	1	1.0424891067242446	7.823190543704727	230.0	16	1.05	0.95				
	117	1	0.0	0.0	0.0	0.0	1	1.046575890752553	11.456088814712341	230.0	17	1.05	0.95				
	118	2	290.2010143421053	59.26026719298246	0.0	0.0	1	1.0494803440381082	12.355758368481467	230.0	17	1.05	0.95				
	119	1	157.7368876754386	32.244557149122805	0.0	0.0	1	1.0367526193679952	6.143642402879999	230.0	15	1.05	0.95				
	120	1	111.54873824561405	22.65833745614035	0.0	0.0	1	1.0391618439984232	5.913788591300163	230.0	15	1.05	0.95				
	121	2	0.0	0.0	0.0	0.0	1	1.05	13.843968377506878	230.0	17	1.05	0.95				
	122	2	0.0	0.0	0.0	0.0	1	1.05	19.420765082271203	230.0	17	1.05	0.95				
	123	2	0.0	0.0	0.0	0.0	1	1.0430440067169147	6.428850805274246	230.0	15	1.05	0.95				
	124	1	0.0	0.0	0.0	0.0	1	1.0216205650227743	4.64117258739144	230.0	16	1.05	0.95				
	201	2	93.80513144842106	19.10845270245614	0.0	0.0	2	1.0483609198032158	-15.372870427089781	138.0	21	1.05	0.95				
	202	2	84.25090509719298	17.371320638596494	0.0	0.0	2	1.05	-15.491018204647265	138.0	22	1.05	0.95				
	203	1	156.34188574736842	32.13694318140351	0.0	0.0	2	1.024900122878096	-11.041803342734772	138.0	21	1.05	0.95				
	204	1	64.27388636280702	13.028490478947369	0.0	0.0	2	1.021243511415251	-16.411725578873433	138.0	21	1.05	0.95				
	205	1	61.66818826701754	12.159924447017547	0.0	0.0	2	1.0381828170332223	-16.973190506071155	138.0	21	1.05	0.95				
	206	1	118.12498034245615	24.319848894035093	0.0	-100.0	2	1.0375501025762344	-18.691111890986726	138.0	22	1.05	0.95				
	207	2	108.57075399122809	21.714150798245615	0.0	0.0	2	0.95	-29.183187991662415	138.0	22	1.05	0.95				
	208	1	148.52479146000002	30.399811117543862	0.0	0.0	2	0.9547009368720583	-25.807022995052986	138.0	22	1.05	0.95				
	209	1	151.9990555877193	31.268377149473686	0.0	0.0	2	1.0259512791852012	-13.671753674251773	138.0	23	1.05	0.95				
	210	1	169.37037622631578	34.74264127719299	0.0	0.0	2	1.05	-15.890858887239146	138.0	23	1.05	0.95				
	211	1	0.0	0.0	0.0	0.0	2	1.0335068638150182	-9.309583724207389	230.0	23	1.05	0.95				
	212	1	0.0	0.0	0.0	0.0	2	1.0270478362817634	-4.343835547930713	230.0	23	1.05	0.95				
	213	2	230.16999846140354	46.90256572421053	0.0	0.0	2	1.05	-6.336922336939599	230.0	24	1.05	0.95				
	214	2	168.50181019438597	33.874075245263164	0.0	0.0	2	1.05	-6.69032071808162	230.0	26	1.05	0.95				
	215	2	275.3354321217544	55.58822604350878	0.0	0.0	2	1.0444168084096808	2.5902951180180773	230.0	26	1.05	0.95				
	216	2	86.85660319298246	17.371320638596494	0.0	0.0	2	1.0482283921325872	2.3901841919644236	230.0	26	1.05	0.95				
	217	1	0.0	0.0	0.0	0.0	2	1.0491412323772196	5.556216410704441	230.0	27	1.05	0.95				
	218	2	289.2324886326316	59.06249017122808	0.0	0.0	2	1.05	6.162283019779476	230.0	27	1.05	0.95				
	219	1	157.21045177929827	32.13694318140351	0.0	0.0	2	1.0423185563613004	2.1858188411718134	230.0	25	1.05	0.95				
	220	1	111.17645208701757	22.582716830175443	0.0	0.0	2	1.0452358727395994	3.6330360093090768	230.0	25	1.05	0.95				
	221	2	0.0	0.0	0.0	0.0	2	1.05	6.699498238223447	230.0	27	1.05	0.95				
	222	2	0.0	0.0	0.0	0.0	2	1.05	12.762831975611393	230.0	27	1.05	0.95				
	223	2	0.0	0.0	0.0	0.0	2	1.05	5.0550567703975124	230.0	25	1.05	0.95				
	224	1	0.0	0.0	0.0	0.0	2	1.0197330989070639	-2.477771332352402	230.0	26	1.05	0.95				
	301	2	80.70104398736842	16.439101552982454	0.0	0.0	3	0.991586332394447	3.1331001102746896	138.0	31	1.05	0.95				
	302	2	72.48149321087719	14.944637775438597	0.0	0.0	3	0.9933669631406785	2.935381051124512	138.0	32	1.05	0.95				
	303	1	134.50173997894737	27.647579884561402	0.0	0.0	3	1.0186382817765667	11.143993996234537	138.0	31	1.05	0.95				
	304	1	55.295159769122805	11.208478331578947	0.0	0.0	3	0.9872500331383239	5.484051961057342	138.0	31	1.05	0.95				
	305	1	53.05346410280701	10.461246442807019	0.0	0.0	3	0.9992147859108546	4.963432171747216	138.0	31	1.05	0.95				
	306	1	101.62353687298247	20.922492885614037	0.0	-100.0	3	1.0109565926197297	5.149593995117056	138.0	32	1.05	0.95				
	307	2	93.40398609649124	18.680797219298245	0.0	0.0	3	0.9619401575707086	-0.3831394664512696	138.0	32	1.05	0.95				
	308	1	127.77665298000001	26.153116107017542	0.0	0.0	3	0.9704761252962278	3.2549024200621473	138.0	32	1.05	0.95				
	309	1	130.7655805350877	26.90034799578947	0.0	0.0	3	1.0109962965000683	10.715449951944564	138.0	33	1.05	0.95				
	310	1	145.7102183105263	29.889275550877194	0.0	0.0	3	1.0300088548224258	9.286649556120812	138.0	33	1.05	0.95				
	311	1	0.0	0.0	0.0	0.0	3	1.002433206813002	17.05718006380487	230.0	33	1.05	0.95				
	312	1	0.0	0.0	0.0	0.0	3	1.0078571854511573	18.48804158088188	230.0	33	1.05	0.95				
	313	2	198.01645052456138	40.35052199368421	0.0	0.0	3	1.0336226791372274	26.33239100210997	230.0	34	1.05	0.95				
	314	2	144.96298642175438	29.142043662105266	0.0	0.0	3	1.0077892575305605	15.730771930827993	230.0	36	1.05	0.95				
	315	2	236.87250874070176	47.82284088140351	0.0	0.0	3	1.0369694314286921	11.256380747756685	230.0	36	1.05	0.95				
	316	2	74.72318887719298	14.944637775438597	0.0	0.0	3	1.0357336893283122	12.641808863173653	230.0	36	1.05	0.95				
	317	1	0.0	0.0	0.0	0.0	3	1.0406616334912708	11.585325464366212	230.0	37	1.05	0.95				
	318	2	248.82821896105264	50.811768436491235	0.0	0.0	3	1.0398160516128185	10.301933063455737	230.0	37	1.05	0.95				
	319	1	135.2489718677193	27.647579884561402	0.0	0.0	3	1.0323151845940195	14.976000892221053	230.0	35	1.05	0.95				
	320	1	95.64568176280702	19.428029108070174	0.0	0.0	3	1.0334259696119714	16.901917685188238	230.0	35	1.05	0.95				
	321	2	0.0	0.0	0.0	0.0	3	1.0409793590963548	11.49805615475217	230.0	37	1.05	0.95				
	322	2	0.0	0.0	0.0	0.0	3	1.05	15.851639116640929	230.0	37	1.05	0.95				
	323	2	0.0	0.0	0.0	0.0	3	1.0345204707329807	17.653530382703412	230.0	35	1.05	0.95				
	324	1	0.0	0.0	0.0	0.0	3	1.028537644386353	13.228471431426625	230.0	36	1.05	0.95				
	325	1	0.0	0.0	0.0	0.0	3	1.0371695463609336	17.336592896467856	230.0	35	1.05	0.95				
];
