%% MATPOWER Case Format : Version 2
function mpc = RTS_GMLC
mpc.version = '2';

%%-----  Power Flow Data  -----%%
%% system MVA base
mpc.baseMVA = 100.0;
%% bus data
%    bus_i    type    Pd    Qd    Gs    Bs    area    Vm    Va    baseKV    zone    Vmax    Vmin
mpc.bus = [
	101	2	83.09747648842107	16.927263729122807	0.0	0.0	1	1.0331375514117163	-3.5692636076737134	138.0	11	1.05	0.95				
	102	2	74.63384462385964	15.388421571929825	0.0	0.0	1	1.0331313437468093	-3.6237736256973205	138.0	12	1.05	0.95				
	103	1	138.49579414736843	28.468579908070176	0.0	0.0	1	1.019178386296192	-3.9364398210684977	138.0	11	1.05	0.95				
	104	1	56.93715981614035	11.541316178947367	0.0	0.0	1	1.0160815487596047	-6.2610687998608245	138.0	11	1.05	0.95				
	105	1	54.62889658035087	10.771895100350878	0.0	0.0	1	1.0314130129106056	-6.3222856689782265	138.0	11	1.05	0.95				
	106	1	104.64126668912282	21.543790200701757	0.0	-100.0	1	1.0358617071908658	-8.563420821622133	138.0	12	1.05	0.95				
	107	2	96.17763482456141	19.23552696491228	0.0	0.0	1	1.047473165890282	-3.899009592739204	138.0	12	1.05	0.95				
	108	1	131.57100444	26.92973775087719	0.0	0.0	1	1.023409122994997	-7.160182480978423	138.0	12	1.05	0.95				
	109	1	134.64868875438597	27.699158829473685	0.0	0.0	1	1.02683440592689	-5.305089071779158	138.0	13	1.05	0.95				
	110	1	150.0371103263158	30.77684314385965	0.0	0.0	1	1.05	-6.684586711108496	138.0	13	1.05	0.95				
	111	1	0.0	0.0	0.0	0.0	1	1.0153806600636432	-2.177645656949348	230.0	13	1.05	0.95				
	112	1	0.0	0.0	0.0	0.0	1	1.016982020384178	-1.113011916602809	230.0	13	1.05	0.95				
	113	3	203.8965858280702	41.54873824421053	0.0	0.0	1	1.0181081680824273	1.0562055155513798e-26	230.0	14	1.05	0.95				
	114	2	149.2676892477193	30.007422065263157	0.0	0.0	1	1.0188902788090488	-0.24044255990403143	230.0	16	1.05	0.95				
	115	2	243.9064819150877	49.24294903017544	0.0	0.0	1	1.045048176350612	7.389226434645392	230.0	16	1.05	0.95				
	116	2	76.94210785964913	15.388421571929825	0.0	0.0	1	1.044035759933059	7.146055144612013	230.0	16	1.05	0.95				
	117	1	0.0	0.0	0.0	0.0	1	1.0474625641847262	10.005038293856	230.0	17	1.05	0.95				
	118	2	256.2172191726316	52.32063334456141	0.0	0.0	1	1.0492142662062105	10.582683945246	230.0	17	1.05	0.95				
	119	1	139.2652152259649	28.468579908070176	0.0	0.0	1	1.038686565420206	6.2152976304638985	230.0	15	1.05	0.95				
	120	1	98.48589806035088	20.004948043508772	0.0	0.0	1	1.0409024507345896	6.856486485888471	230.0	15	1.05	0.95				
	121	2	0.0	0.0	0.0	0.0	1	1.05	11.290790316422273	230.0	17	1.05	0.95				
	122	2	0.0	0.0	0.0	0.0	1	1.05	17.29795557750232	230.0	17	1.05	0.95				
	123	2	0.0	0.0	0.0	0.0	1	1.044420177044965	7.773149038081506	230.0	15	1.05	0.95				
	124	1	0.0	0.0	0.0	0.0	1	1.0211735721231876	3.207921704482132	230.0	16	1.05	0.95				
	201	2	79.69526207999999	16.23422005333333	0.0	0.0	2	1.0404060611662345	-8.96684212365257	138.0	21	1.05	0.95				
	202	2	71.57815205333333	14.758381866666667	0.0	0.0	2	1.040381418918355	-9.09922241351463	138.0	22	1.05	0.95				
	203	1	132.82543679999998	27.303006453333328	0.0	0.0	2	1.0280973556259554	-6.4498010819109775	138.0	21	1.05	0.95				
	204	1	54.606012906666656	11.068786399999999	0.0	0.0	2	1.0197087719431932	-10.888483102253163	138.0	21	1.05	0.95				
	205	1	52.39225562666666	10.330867306666667	0.0	0.0	2	1.0357835848366788	-11.225012762493565	138.0	21	1.05	0.95				
	206	1	100.35699669333333	20.661734613333333	0.0	-100.0	2	1.0388601694471735	-13.19602799510111	138.0	22	1.05	0.95				
	207	2	92.23988666666666	18.44797733333333	0.0	0.0	2	0.9622341012210776	-24.314671380768786	138.0	22	1.05	0.95				
	208	1	126.18416495999998	25.82716826666666	0.0	0.0	2	0.9666591054273674	-20.64579980111101	138.0	22	1.05	0.95				
	209	1	129.1358413333333	26.565087359999996	0.0	0.0	2	1.0260177543701734	-9.379882227656456	138.0	23	1.05	0.95				
	210	1	143.89422319999997	29.516763733333335	0.0	0.0	2	1.05	-11.207540847138633	138.0	23	1.05	0.95				
	211	1	0.0	0.0	0.0	0.0	2	1.0262980096644705	-4.458240142958348	230.0	23	1.05	0.95				
	212	1	0.0	0.0	0.0	0.0	2	1.0207461587212245	-3.252735580743994	230.0	23	1.05	0.95				
	213	2	195.54855973333332	39.847631039999996	0.0	0.0	2	1.0382974427365308	-0.6917591870077163	230.0	24	1.05	0.95				
	214	2	143.15630410666665	28.778844640000003	0.0	0.0	2	1.0412541014445897	-2.09211269691271	230.0	26	1.05	0.95				
	215	2	233.92035258666667	47.22682197333333	0.0	0.0	2	1.0452505435931572	5.779357486016397	230.0	26	1.05	0.95				
	216	2	73.79190933333332	14.758381866666667	0.0	0.0	2	1.048420481448548	5.784124899188083	230.0	26	1.05	0.95				
	217	1	0.0	0.0	0.0	0.0	2	1.0493515667864097	8.750271939125321	230.0	27	1.05	0.95				
	218	2	245.72705808	50.178498346666665	0.0	0.0	2	1.05	9.585998646893561	230.0	27	1.05	0.95				
	219	1	133.56335589333332	27.303006453333328	0.0	0.0	2	1.0438961696507743	5.3270625899588415	230.0	25	1.05	0.95				
	220	1	94.45364394666666	19.185896426666666	0.0	0.0	2	1.0463714486875135	6.308773038068009	230.0	25	1.05	0.95				
	221	2	0.0	0.0	0.0	0.0	2	1.05	10.035895445113576	230.0	27	1.05	0.95				
	222	2	0.0	0.0	0.0	0.0	2	1.05	16.043324653055073	230.0	27	1.05	0.95				
	223	2	0.0	0.0	0.0	0.0	2	1.05	7.383345078960288	230.0	25	1.05	0.95				
	224	1	0.0	0.0	0.0	0.0	2	1.0234189295128766	1.2246128014951247	230.0	26	1.05	0.95				
	301	2	72.85985446736842	14.841822206315788	0.0	0.0	3	1.0149793072197826	-16.216860845745202	138.0	31	1.05	0.95				
	302	2	65.43894336421052	13.492565642105264	0.0	0.0	3	1.013494960375976	-16.599083698711617	138.0	32	1.05	0.95				
	303	1	121.43309077894737	24.961246437894737	0.0	0.0	3	1.027780130760169	-9.490861652521682	138.0	31	1.05	0.95				
	304	1	49.92249287578947	10.119424231578947	0.0	0.0	3	1.0098295423858574	-15.17489342500923	138.0	31	1.05	0.95				
	305	1	47.898608029473685	9.444795949473685	0.0	0.0	3	1.023604094558236	-16.288292041719004	138.0	31	1.05	0.95				
	306	1	91.7494463663158	18.88959189894737	0.0	-100.0	3	1.0345230597896835	-17.079259822759923	138.0	32	1.05	0.95				
	307	2	84.32853526315789	16.865707052631578	0.0	0.0	3	1.0068115820375496	-18.684379359143882	138.0	32	1.05	0.95				
	308	1	115.36143623999999	23.61198987368421	0.0	0.0	3	1.0017862677777452	-18.290828943456845	138.0	32	1.05	0.95				
	309	1	118.05994936842106	24.286618155789473	0.0	0.0	3	1.029987699194552	-11.267940098250875	138.0	33	1.05	0.95				
	310	1	131.55251501052632	26.985131284210528	0.0	0.0	3	1.05	-14.199112926165906	138.0	33	1.05	0.95				
	311	1	0.0	0.0	0.0	0.0	3	1.0194793755214187	-7.4086718320342575	230.0	33	1.05	0.95				
	312	1	0.0	0.0	0.0	0.0	3	1.019398703222453	-6.143361645305715	230.0	33	1.05	0.95				
	313	2	178.7764947578947	36.42992723368421	0.0	0.0	3	1.0288709187219867	-3.048320902580047	230.0	34	1.05	0.95				
	314	2	130.87788672842103	26.31050300210526	0.0	0.0	3	1.0266339641560562	-5.934656812168592	230.0	36	1.05	0.95				
	315	2	213.85716542736844	43.17621005473684	0.0	0.0	3	1.0464110175325132	0.3582262046775462	230.0	36	1.05	0.95				
	316	2	67.46282821052631	13.492565642105264	0.0	0.0	3	1.0449246824458815	0.24871598388357083	230.0	36	1.05	0.95				
	317	1	0.0	0.0	0.0	0.0	3	1.0472500278973542	2.347491548643552	230.0	37	1.05	0.95				
	318	2	224.65121794105266	45.8747231831579	0.0	0.0	3	1.0476055870543117	2.597496983458562	230.0	37	1.05	0.95				
	319	1	122.10771906105265	24.961246437894737	0.0	0.0	3	1.04197844444696	0.18436109653730848	230.0	35	1.05	0.95				
	320	1	86.35242010947368	17.54033533473684	0.0	0.0	3	1.0451382631484945	1.3951923348635338	230.0	35	1.05	0.95				
	321	2	0.0	0.0	0.0	0.0	3	1.05	3.7627845651430043	230.0	37	1.05	0.95				
	322	2	0.0	0.0	0.0	0.0	3	1.05	8.982399569966692	230.0	37	1.05	0.95				
	323	2	0.0	0.0	0.0	0.0	3	1.048957786389849	2.5502581964820825	230.0	35	1.05	0.95				
	324	1	0.0	0.0	0.0	0.0	3	1.0270587351884906	-3.3002277692855935	230.0	36	1.05	0.95				
	325	1	0.0	0.0	0.0	0.0	3	1.0474694363747352	3.276254135731175	230.0	35	1.05	0.95				
];
