%% MATPOWER Case Format : Version 2
function mpc = RTS_GMLC
mpc.version = '2';

%%-----  Power Flow Data  -----%%
%% system MVA base
mpc.baseMVA = 100.0;
%% bus data
%    bus_i    type    Pd    Qd    Gs    Bs    area    Vm    Va    baseKV    zone    Vmax    Vmin
mpc.bus = [
	101	2	66.83869371789474	13.615289461052631	0.0	0.0	1	1.0427905455488662	1.536695801860717	138.0	11	1.05	0.95				
	102	2	60.03104898736842	12.377535873684211	0.0	0.0	1	1.0416109913919935	1.1332456545656466	138.0	12	1.05	0.95				
	103	1	111.39782286315791	22.89844136631579	0.0	0.0	1	1.029542918910854	0.8673565212605509	138.0	11	1.05	0.95				
	104	1	45.79688273263158	9.283151905263159	0.0	0.0	1	1.0241373654730817	-2.324043631629391	138.0	11	1.05	0.95				
	105	1	43.94025235157895	8.664275111578949	0.0	0.0	1	1.0371512708586579	-2.728217651274414	138.0	11	1.05	0.95				
	106	1	84.16724394105263	17.328550223157897	0.0	-100.0	1	1.0412749553623502	-5.7687912787245414	138.0	12	1.05	0.95				
	107	2	77.35959921052633	15.471919842105263	0.0	0.0	1	0.9997288672629017	-15.47945962250647	138.0	12	1.05	0.95				
	108	1	105.82793172	21.66068777894737	0.0	0.0	1	0.9950953868571045	-12.706305889656273	138.0	12	1.05	0.95				
	109	1	108.30343889473686	22.27956457263158	0.0	0.0	1	1.0253372373884035	-3.6646308778403536	138.0	13	1.05	0.95				
	110	1	120.68097476842105	24.755071747368422	0.0	0.0	1	1.05	-5.1522003496090205	138.0	13	1.05	0.95				
	111	1	0.0	0.0	0.0	0.0	1	1.0137634837850273	-0.8114374028865553	230.0	13	1.05	0.95				
	112	1	0.0	0.0	0.0	0.0	1	1.016776257748634	-0.9363336564049803	230.0	13	1.05	0.95				
	113	3	164.0023503263158	33.41934685894737	0.0	0.0	1	1.0133658397251215	-2.3753380793889876e-31	230.0	14	1.05	0.95				
	114	2	120.06209797473684	24.13619495368421	0.0	0.0	1	1.0185681571712188	2.110196512902568	230.0	16	1.05	0.95				
	115	2	196.18394359789474	39.608114795789476	0.0	0.0	1	1.043317654131848	11.026428969797855	230.0	16	1.05	0.95				
	116	2	61.887679368421054	12.377535873684211	0.0	0.0	1	1.0414157771909576	9.949048953234584	230.0	16	1.05	0.95				
	117	1	0.0	0.0	0.0	0.0	1	1.0446719999042255	14.4461564208785	230.0	17	1.05	0.95				
	118	2	206.08597229684213	42.083621970526316	0.0	0.0	1	1.049915486635159	15.108594753217094	230.0	17	1.05	0.95				
	119	1	112.0166996568421	22.89844136631579	0.0	0.0	1	1.0354789774902056	7.18576047811647	230.0	15	1.05	0.95				
	120	1	79.21622959157895	16.090796635789477	0.0	0.0	1	1.0360820317283077	5.586646806648124	230.0	15	1.05	0.95				
	121	2	0.0	0.0	0.0	0.0	1	1.05	16.950276878168825	230.0	17	1.05	0.95				
	122	2	0.0	0.0	0.0	0.0	1	1.05	27.71152209872691	230.0	17	1.05	0.95				
	123	2	0.0	0.0	0.0	0.0	1	1.0378708847117473	5.170202630615866	230.0	15	1.05	0.95				
	124	1	0.0	0.0	0.0	0.0	1	1.0254452887834882	7.233771972782161	230.0	16	1.05	0.95				
	201	2	79.5592633263158	16.20651660350877	0.0	0.0	2	1.0320044536007371	-18.15581178756095	138.0	21	1.05	0.95				
	202	2	71.45600502456139	14.733196912280702	0.0	0.0	2	1.0331685922124894	-18.00794078599815	138.0	22	1.05	0.95				
	203	1	132.5987722105263	27.2564142877193	0.0	0.0	2	1.0137350518713963	-15.11530332446571	138.0	21	1.05	0.95				
	204	1	54.5128285754386	11.049897684210526	0.0	0.0	2	1.0156628552400846	-18.486774224998225	138.0	21	1.05	0.95				
	205	1	52.30284903859649	10.313237838596493	0.0	0.0	2	1.0316362175296085	-19.034704507736937	138.0	21	1.05	0.95				
	206	1	100.18573900350877	20.626475677192985	0.0	-100.0	2	1.0374896424716675	-20.183411009461143	138.0	22	1.05	0.95				
	207	2	92.08248070175439	18.416496140350876	0.0	0.0	2	0.9619400866255107	-30.743228084874126	138.0	22	1.05	0.95				
	208	1	125.9688336	25.783094596491225	0.0	0.0	2	0.9663158470423086	-27.07755234833735	138.0	22	1.05	0.95				
	209	1	128.91547298245612	26.519754442105263	0.0	0.0	2	1.0249535060824835	-15.877626430906352	138.0	23	1.05	0.95				
	210	1	143.64866989473683	29.466393824561404	0.0	0.0	2	1.05	-17.58986426727096	138.0	23	1.05	0.95				
	211	1	0.0	0.0	0.0	0.0	2	1.0290735762525633	-11.67933008524188	230.0	23	1.05	0.95				
	212	1	0.0	0.0	0.0	0.0	2	1.0234539095539898	-6.571997323002511	230.0	23	1.05	0.95				
	213	2	195.2148590877193	39.7796316631579	0.0	0.0	2	1.042003042625436	-8.410129984791812	230.0	24	1.05	0.95				
	214	2	142.91201004912278	28.72973397894737	0.0	0.0	2	1.0430812235828506	-9.667820257990376	230.0	26	1.05	0.95				
	215	2	233.5211710596491	47.146230119298245	0.0	0.0	2	1.039858482846722	-2.285515653046676	230.0	26	1.05	0.95				
	216	2	73.6659845614035	14.733196912280702	0.0	0.0	2	1.0427382792235715	-2.2283684593961697	230.0	26	1.05	0.95				
	217	1	0.0	0.0	0.0	0.0	2	1.042378144290448	-0.4814673695823949	230.0	27	1.05	0.95				
	218	2	245.30772858947367	50.092869501754386	0.0	0.0	2	1.0410207917075291	-1.4166538023383228	230.0	27	1.05	0.95				
	219	1	133.33543205614035	27.2564142877193	0.0	0.0	2	1.0395879543585322	-0.9444408342357015	230.0	25	1.05	0.95				
	220	1	94.29246023859649	19.15315598596491	0.0	0.0	2	1.0441790335338301	1.5565730947349135	230.0	25	1.05	0.95				
	221	2	0.0	0.0	0.0	0.0	2	1.0425657072984964	-0.8951346561064722	230.0	27	1.05	0.95				
	222	2	0.0	0.0	0.0	0.0	2	1.05	5.7727186043020415	230.0	27	1.05	0.95				
	223	2	0.0	0.0	0.0	0.0	2	1.05	3.4564834017328456	230.0	25	1.05	0.95				
	224	1	0.0	0.0	0.0	0.0	2	1.0139427249753952	-7.024551833508322	230.0	26	1.05	0.95				
	301	2	68.07655803789473	13.867447007719298	0.0	0.0	3	1.0055869622649167	4.753703675537946	138.0	31	1.05	0.95				
	302	2	61.14283453403508	12.606770007017543	0.0	0.0	3	1.005242923144509	4.653774889641425	138.0	32	1.05	0.95				
	303	1	113.46093006315789	23.322524512982454	0.0	0.0	3	1.0218325772360306	10.857289730726011	138.0	31	1.05	0.95				
	304	1	46.64504902596491	9.455077505263157	0.0	0.0	3	1.0056379401840359	7.058489485020654	138.0	31	1.05	0.95				
	305	1	44.75403352491227	8.824739004912281	0.0	0.0	3	1.0186402513956014	6.136898747777974	138.0	31	1.05	0.95				
	306	1	85.7260360477193	17.649478009824563	0.0	-100.0	3	1.0335304449586937	6.219335235094444	138.0	32	1.05	0.95				
	307	2	78.79231254385964	15.758462508771927	0.0	0.0	3	0.9894005502189167	-1.0333621892503742	138.0	32	1.05	0.95				
	308	1	107.78788356	22.061847512280696	0.0	0.0	3	0.9893006068082838	1.9975812323713533	138.0	32	1.05	0.95				
	309	1	110.30923756140349	22.692186012631577	0.0	0.0	3	1.0289379513004582	11.578048268804835	138.0	33	1.05	0.95				
	310	1	122.91600756842102	25.213540014035086	0.0	0.0	3	1.05	9.540306400256595	138.0	33	1.05	0.95				
	311	1	0.0	0.0	0.0	0.0	3	1.0175129134275878	16.62730695735768	230.0	33	1.05	0.95				
	312	1	0.0	0.0	0.0	0.0	3	1.0202741499867582	17.066981368287532	230.0	33	1.05	0.95				
	313	2	167.03970259298245	34.038279018947364	0.0	0.0	3	1.0311307779661254	21.783718192213065	230.0	34	1.05	0.95				
	314	2	122.28566906807016	24.58320151368421	0.0	0.0	3	1.0230142995768536	18.127635258934973	230.0	36	1.05	0.95				
	315	2	199.81730461122805	40.341664022456136	0.0	0.0	3	1.038866365133836	17.538067955640503	230.0	36	1.05	0.95				
	316	2	63.03385003508771	12.606770007017543	0.0	0.0	3	1.037495992144531	18.565011901862146	230.0	36	1.05	0.95				
	317	1	0.0	0.0	0.0	0.0	3	1.05	21.9325586564463	230.0	37	1.05	0.95				
	318	2	209.9027206168421	42.86301802385965	0.0	0.0	3	1.0457534415824605	18.641948563529805	230.0	37	1.05	0.95				
	319	1	114.09126856350878	23.322524512982454	0.0	0.0	3	1.0352853431475733	19.109130696753024	230.0	35	1.05	0.95				
	320	1	80.68332804491227	16.388801009122805	0.0	0.0	3	1.0349319804846053	19.252253248976533	230.0	35	1.05	0.95				
	321	2	0.0	0.0	0.0	0.0	3	1.0444853087345207	18.943026256790073	230.0	37	1.05	0.95				
	322	2	0.0	0.0	0.0	0.0	3	1.05	24.457951692314357	230.0	37	1.05	0.95				
	323	2	0.0	0.0	0.0	0.0	3	1.0345249373002947	19.123653812729838	230.0	35	1.05	0.95				
	324	1	0.0	0.0	0.0	0.0	3	1.0262281294114564	17.039442250811504	230.0	36	1.05	0.95				
	325	1	0.0	0.0	0.0	0.0	3	1.0370096455476947	18.946291599132124	230.0	35	1.05	0.95				
];
