%% MATPOWER Case Format : Version 2
function mpc = RTS_GMLC
mpc.version = '2';

%%-----  Power Flow Data  -----%%
%% system MVA base
mpc.baseMVA = 100.0;
%% bus data
%    bus_i    type    Pd    Qd    Gs    Bs    area    Vm    Va    baseKV    zone    Vmax    Vmin
mpc.bus = [
	101	2	63.99307273263158	13.035625927017543	0.0	0.0	1	1.0431281854026737	0.6961839883963503	138.0	11	1.05	0.95				
	102	2	57.47525976912281	11.850569024561404	0.0	0.0	1	1.0420429923443766	0.341932274340597	138.0	12	1.05	0.95				
	103	1	106.65512122105262	21.923552695438598	0.0	0.0	1	1.0295916116679664	-0.8856972449714359	138.0	11	1.05	0.95				
	104	1	43.847105390877196	8.887926768421051	0.0	0.0	1	1.0244986689715274	-3.0621540691168927	138.0	11	1.05	0.95				
	105	1	42.06952003719298	8.295398317192983	0.0	0.0	1	1.0379675206199355	-3.262162676338728	138.0	11	1.05	0.95				
	106	1	80.58386936701754	16.590796634385967	0.0	-100.0	1	1.042387207576762	-6.1025152381722485	138.0	12	1.05	0.95				
	107	2	74.06605640350877	14.813211280701754	0.0	0.0	1	1.0001560833628447	-14.588733496091626	138.0	12	1.05	0.95				
	108	1	101.32236515999999	20.738495792982455	0.0	0.0	1	0.9972906695802028	-12.302577887423796	138.0	12	1.05	0.95				
	109	1	103.6924789649123	21.331024244210525	0.0	0.0	1	1.0256124017437585	-4.249114932441939	138.0	13	1.05	0.95				
	110	1	115.54304798947368	23.701138049122807	0.0	0.0	1	1.05	-5.456275593865484	138.0	13	1.05	0.95				
	111	1	0.0	0.0	0.0	0.0	1	1.0107336876128437	-1.482650981983271	230.0	13	1.05	0.95				
	112	1	0.0	0.0	0.0	0.0	1	1.014542451881269	-1.2147895497835368	230.0	13	1.05	0.95				
	113	3	157.0200395754386	31.99653636631579	0.0	0.0	1	1.0102951502017992	1.5976194782898423e-29	230.0	14	1.05	0.95				
	114	2	114.95051953824562	23.108609597894738	0.0	0.0	1	1.0114050080992143	0.663441547030091	230.0	16	1.05	0.95				
	115	2	187.83151903929826	37.92182087859649	0.0	0.0	1	1.0427134407722274	7.8074243557661385	230.0	16	1.05	0.95				
	116	2	59.25284512280702	11.850569024561404	0.0	0.0	1	1.0405299291063088	7.212539760663627	230.0	16	1.05	0.95				
	117	1	0.0	0.0	0.0	0.0	1	1.0442118196204222	10.763649719380858	230.0	17	1.05	0.95				
	118	2	197.31197425894737	40.29193468350877	0.0	0.0	1	1.0477843709142611	11.152036777176479	230.0	17	1.05	0.95				
	119	1	107.24764967228072	21.923552695438598	0.0	0.0	1	1.033592868346118	5.402761914916979	230.0	15	1.05	0.95				
	120	1	75.84364175719298	15.405739731929827	0.0	0.0	1	1.032308947358106	4.710211349375441	230.0	15	1.05	0.95				
	121	2	0.0	0.0	0.0	0.0	1	1.05	12.655279736746659	230.0	17	1.05	0.95				
	122	2	0.0	0.0	0.0	0.0	1	1.05	22.25562351625982	230.0	17	1.05	0.95				
	123	2	0.0	0.0	0.0	0.0	1	1.0328459828103402	4.775905956853708	230.0	15	1.05	0.95				
	124	1	0.0	0.0	0.0	0.0	1	1.026795448375555	4.5631158771625495	230.0	16	1.05	0.95				
	201	2	72.6063277263158	14.79017787017544	0.0	0.0	2	1.02794830630776	-15.832472116017696	138.0	21	1.05	0.95				
	202	2	65.21123879122808	13.445616245614037	0.0	0.0	2	1.0288856208452384	-15.704472123878812	138.0	22	1.05	0.95				
	203	1	121.01054621052634	24.874390054385966	0.0	0.0	2	1.0148558004174861	-13.393449766639591	138.0	21	1.05	0.95				
	204	1	49.74878010877193	10.084212184210527	0.0	0.0	2	1.0150769939943074	-16.62937557417919	138.0	21	1.05	0.95				
	205	1	47.73193767192983	9.411931371929825	0.0	0.0	2	1.0304883685978552	-17.090054495974584	138.0	21	1.05	0.95				
	206	1	91.43019047017546	18.82386274385965	0.0	-100.0	2	1.0382780149447306	-18.39562645029166	138.0	22	1.05	0.95				
	207	2	84.03510153508773	16.807020307017545	0.0	0.0	2	0.9768349053524253	-28.082467079449103	138.0	22	1.05	0.95				
	208	1	114.96001890000001	23.529828429824562	0.0	0.0	2	0.9784670762215152	-24.796738494754955	138.0	22	1.05	0.95				
	209	1	117.64914214912281	24.202109242105262	0.0	0.0	2	1.0247905910432347	-14.642193844398976	138.0	23	1.05	0.95				
	210	1	131.09475839473686	26.891232491228074	0.0	0.0	2	1.05	-16.22569885015809	138.0	23	1.05	0.95				
	211	1	0.0	0.0	0.0	0.0	2	1.0214302858115154	-10.787747481585887	230.0	23	1.05	0.95				
	212	1	0.0	0.0	0.0	0.0	2	1.0209343458103053	-6.83544496013487	230.0	23	1.05	0.95				
	213	2	178.15441525438598	36.3031638631579	0.0	0.0	2	1.0279064516726988	-8.313671929936087	230.0	24	1.05	0.95				
	214	2	130.42247758245617	26.218951678947374	0.0	0.0	2	1.0317535730384522	-8.380690952919482	230.0	26	1.05	0.95				
	215	2	213.11301749298246	43.025971985964915	0.0	0.0	2	1.0390271350053848	-0.561081906527543	230.0	26	1.05	0.95				
	216	2	67.22808122807018	13.445616245614037	0.0	0.0	2	1.0409141569532847	-0.8279204638812807	230.0	26	1.05	0.95				
	217	1	0.0	0.0	0.0	0.0	2	1.0422224858049567	1.7024938250968593	230.0	27	1.05	0.95				
	218	2	223.86951048947373	45.71509523508773	0.0	0.0	2	1.0424761659711106	1.6428343968986305	230.0	27	1.05	0.95				
	219	1	121.68282702280703	24.874390054385966	0.0	0.0	2	1.0400843307711958	-0.7642441335903499	230.0	25	1.05	0.95				
	220	1	86.05194397192983	17.479301119298245	0.0	0.0	2	1.0451077119123595	0.5560979702063671	230.0	25	1.05	0.95				
	221	2	0.0	0.0	0.0	0.0	2	1.043100854592438	1.683271769826876	230.0	27	1.05	0.95				
	222	2	0.0	0.0	0.0	0.0	2	1.05	8.196375650910598	230.0	27	1.05	0.95				
	223	2	0.0	0.0	0.0	0.0	2	1.05	1.7662527106483792	230.0	25	1.05	0.95				
	224	1	0.0	0.0	0.0	0.0	2	1.0138462628601468	-5.309685601938056	230.0	26	1.05	0.95				
	301	2	62.45618475789474	12.722556154385964	0.0	0.0	3	1.0021396001902108	-5.297138848593595	138.0	31	1.05	0.95				
	302	2	56.09490668070175	11.565960140350878	0.0	0.0	3	1.0018625308528653	-5.375783009349386	138.0	32	1.05	0.95				
	303	1	104.0936412631579	21.39702625964912	0.0	0.0	3	1.018553245692252	-0.8381643552543878	138.0	31	1.05	0.95				
	304	1	42.79405251929824	8.674470105263158	0.0	0.0	3	1.0043401066800752	-3.440830092504996	138.0	31	1.05	0.95				
	305	1	41.059158498245615	8.096172098245615	0.0	0.0	3	1.017523026077846	-3.705682923586766	138.0	31	1.05	0.95				
	306	1	78.64852895438597	16.19234419649123	0.0	-100.0	3	1.034210906895286	-3.4697124112721225	138.0	32	1.05	0.95				
	307	2	72.28725087719299	14.457450175438597	0.0	0.0	3	0.9931698784651551	-8.747774525030708	138.0	32	1.05	0.95				
	308	1	98.88895919999999	20.240430245614032	0.0	0.0	3	0.9980929936481712	-6.080605991146704	138.0	32	1.05	0.95				
	309	1	101.20215122807016	20.818728252631576	0.0	0.0	3	1.026505068802803	0.49858892297840685	138.0	33	1.05	0.95				
	310	1	112.76811136842105	23.131920280701756	0.0	0.0	3	1.05	-0.26461677081648516	138.0	33	1.05	0.95				
	311	1	0.0	0.0	0.0	0.0	3	1.0140991119313982	6.125592191032234	230.0	33	1.05	0.95				
	312	1	0.0	0.0	0.0	0.0	3	1.0175294407131599	6.950741299208787	230.0	33	1.05	0.95				
	313	2	153.24897185964912	31.22809237894737	0.0	0.0	3	1.0290654241296338	12.311396751527365	230.0	34	1.05	0.95				
	314	2	112.1898133614035	22.553622273684212	0.0	0.0	3	1.0171724759197238	6.674794891764351	230.0	36	1.05	0.95				
	315	2	183.3204682245614	37.01107244912281	0.0	0.0	3	1.0359138580014737	5.2576968065914444	230.0	36	1.05	0.95				
	316	2	57.82980070175439	11.565960140350878	0.0	0.0	3	1.0355495009681162	6.213473137697293	230.0	36	1.05	0.95				
	317	1	0.0	0.0	0.0	0.0	3	1.0449528548333957	8.107569504648485	230.0	37	1.05	0.95				
	318	2	192.57323633684211	39.32426447719298	0.0	0.0	3	1.0424752672188775	6.321074368021486	230.0	37	1.05	0.95				
	319	1	104.67193927017544	21.39702625964912	0.0	0.0	3	1.0331360533501825	7.6135808490480485	230.0	35	1.05	0.95				
	320	1	74.02214489824561	15.03574818245614	0.0	0.0	3	1.0329104959774174	8.654803825898059	230.0	35	1.05	0.95				
	321	2	0.0	0.0	0.0	0.0	3	1.0416263373758385	6.566845474833462	230.0	37	1.05	0.95				
	322	2	0.0	0.0	0.0	0.0	3	1.05	11.499070965627903	230.0	37	1.05	0.95				
	323	2	0.0	0.0	0.0	0.0	3	1.033018604383774	9.16483124291909	230.0	35	1.05	0.95				
	324	1	0.0	0.0	0.0	0.0	3	1.0234401748950726	4.7210373935236865	230.0	36	1.05	0.95				
	325	1	0.0	0.0	0.0	0.0	3	1.0345526890869705	9.4692865377245	230.0	35	1.05	0.95				
];
