%% MATPOWER Case Format : Version 2
function mpc = RTS_GMLC
mpc.version = '2';

%%-----  Power Flow Data  -----%%
%% system MVA base
mpc.baseMVA = 100.0;
%% bus data
%    bus_i    type    Pd    Qd    Gs    Bs    area    Vm    Va    baseKV    zone    Vmax    Vmin
mpc.bus = [
	101	2	71.22068283789474	14.507916874385964	0.0	0.0	1	1.044811446716778	-0.5210591272151865	138.0	11	1.05	0.95				
	102	2	63.96672440070176	13.18901534035088	0.0	0.0	1	1.0435925364211696	-0.9102557934682185	138.0	12	1.05	0.95				
	103	1	118.7011380631579	24.399678379649124	0.0	0.0	1	1.0283516319369834	-1.3928865917313238	138.0	11	1.05	0.95				
	104	1	48.79935675929825	9.891761505263158	0.0	0.0	1	1.0240485686793415	-4.128726216490166	138.0	11	1.05	0.95				
	105	1	46.82100445824561	9.232310738245616	0.0	0.0	1	1.0380678926808335	-4.386803883132621	138.0	11	1.05	0.95				
	106	1	89.68530431438599	18.46462147649123	0.0	-100.0	1	1.0409603039138735	-7.240991599682997	138.0	12	1.05	0.95				
	107	2	82.43134587719298	16.486269175438597	0.0	0.0	1	1.00094516733667	-14.610285529351307	138.0	12	1.05	0.95				
	108	1	112.76608116	23.080776845614036	0.0	0.0	1	0.9962073633119265	-12.849521650072795	138.0	12	1.05	0.95				
	109	1	115.40388422807017	23.74022761263158	0.0	0.0	1	1.025648330359249	-4.881547588530141	138.0	13	1.05	0.95				
	110	1	128.59289956842105	26.37803068070176	0.0	0.0	1	1.05	-6.28354191859165	138.0	13	1.05	0.95				
	111	1	0.0	0.0	0.0	0.0	1	1.0136657423388282	-1.7402854576426978	230.0	13	1.05	0.95				
	112	1	0.0	0.0	0.0	0.0	1	1.015500531436997	-1.4396409242746877	230.0	13	1.05	0.95				
	113	3	174.75445325964913	35.61034141894737	0.0	0.0	1	1.0139846108033026	-1.5334439897470082e-28	230.0	14	1.05	0.95				
	114	2	127.93344880140351	25.718579913684213	0.0	0.0	1	1.0182222900207156	0.6167150298718406	230.0	16	1.05	0.95				
	115	2	209.04589314456143	42.20484908912281	0.0	0.0	1	1.0453247444376268	8.808246019802299	230.0	16	1.05	0.95				
	116	2	65.94507670175439	13.18901534035088	0.0	0.0	1	1.042476286069565	7.912129471226296	230.0	16	1.05	0.95				
	117	1	0.0	0.0	0.0	0.0	1	1.044677099128237	11.672949953228471	230.0	17	1.05	0.95				
	118	2	219.59710541684214	44.842652157192994	0.0	0.0	1	1.04868408818434	11.920367798536873	230.0	17	1.05	0.95				
	119	1	119.36058883017544	24.399678379649124	0.0	0.0	1	1.0351208374894671	5.891348793978505	230.0	15	1.05	0.95				
	120	1	84.40969817824562	17.145719942456143	0.0	0.0	1	1.0343720102797762	5.135369213965803	230.0	15	1.05	0.95				
	121	2	0.0	0.0	0.0	0.0	1	1.05	13.437819323388082	230.0	17	1.05	0.95				
	122	2	0.0	0.0	0.0	0.0	1	1.05	25.13417133948542	230.0	17	1.05	0.95				
	123	2	0.0	0.0	0.0	0.0	1	1.0355057736097386	5.213389120997516	230.0	15	1.05	0.95				
	124	1	0.0	0.0	0.0	0.0	1	1.0261809681321716	5.011812449331835	230.0	16	1.05	0.95				
	201	2	59.839445936842104	12.18951676491228	0.0	0.0	2	1.030252119751466	-12.518787184920164	138.0	21	1.05	0.95				
	202	2	53.74468755438596	11.081378877192982	0.0	0.0	2	1.0306102682853029	-12.496817840935524	138.0	22	1.05	0.95				
	203	1	99.73240989473683	20.50055092280702	0.0	0.0	2	1.0186014589718089	-11.7314641512776	138.0	21	1.05	0.95				
	204	1	41.00110184561404	8.311034157894737	0.0	0.0	2	1.0177395722201312	-14.49061285953669	138.0	21	1.05	0.95				
	205	1	39.33889501403509	7.756965214035088	0.0	0.0	2	1.033110154885237	-14.688739249926387	138.0	21	1.05	0.95				
	206	1	75.35337636491228	15.513930428070177	0.0	-100.0	2	1.0418172867021063	-16.420352905283497	138.0	22	1.05	0.95				
	207	2	69.25861798245614	13.851723596491228	0.0	0.0	2	0.9884832556954656	-24.71595149894586	138.0	22	1.05	0.95				
	208	1	94.74578939999999	19.39241303508772	0.0	0.0	2	0.9908953818403775	-22.094549320694163	138.0	22	1.05	0.95				
	209	1	96.9620651754386	19.946481978947368	0.0	0.0	2	1.023867549941502	-13.864866319693588	138.0	23	1.05	0.95				
	210	1	108.04344405263157	22.162757754385964	0.0	0.0	2	1.05	-15.129623071380449	138.0	23	1.05	0.95				
	211	1	0.0	0.0	0.0	0.0	2	1.0127553798978437	-10.284945001394082	230.0	23	1.05	0.95				
	212	1	0.0	0.0	0.0	0.0	2	1.0123574069353392	-9.426423797035062	230.0	23	1.05	0.95				
	213	2	146.82827012280703	29.919722968421052	0.0	0.0	2	1.0112810751087964	-8.918888647586304	230.0	24	1.05	0.95				
	214	2	107.48937510877192	21.608688810526317	0.0	0.0	2	1.0202836244758522	-7.24161448046204	230.0	26	1.05	0.95				
	215	2	175.63985520350874	35.46041240701754	0.0	0.0	2	1.038651837287857	0.8662362247287964	230.0	26	1.05	0.95				
	216	2	55.40689438596491	11.081378877192982	0.0	0.0	2	1.038992449753265	0.4077719252792985	230.0	26	1.05	0.95				
	217	1	0.0	0.0	0.0	0.0	2	1.0423248512318168	3.1828014558791264	230.0	27	1.05	0.95				
	218	2	184.50495830526316	37.67668818245614	0.0	0.0	2	1.043279149418766	3.4307594368921928	230.0	27	1.05	0.95				
	219	1	100.2864788385965	20.50055092280702	0.0	0.0	2	1.0373989543927857	-0.15017261023108106	230.0	25	1.05	0.95				
	220	1	70.92082481403509	14.405792540350879	0.0	0.0	2	1.0402939520618932	0.418231775013067	230.0	25	1.05	0.95				
	221	2	0.0	0.0	0.0	0.0	2	1.0434908242123793	3.3378180005640603	230.0	27	1.05	0.95				
	222	2	0.0	0.0	0.0	0.0	2	1.05	9.782762053850346	230.0	27	1.05	0.95				
	223	2	0.0	0.0	0.0	0.0	2	1.043132362556677	1.1401380127040066	230.0	25	1.05	0.95				
	224	1	0.0	0.0	0.0	0.0	2	1.0153348638430715	-3.813121142716331	230.0	26	1.05	0.95				
	301	2	62.199936720000004	12.67035748	0.0	0.0	3	1.0041320433967036	-9.576419008645207	138.0	31	1.05	0.95				
	302	2	55.86475797999999	11.5185068	0.0	0.0	3	1.003828568227207	-9.667900720603138	138.0	32	1.05	0.95				
	303	1	103.66656119999999	21.309237579999998	0.0	0.0	3	1.0218254722832598	-4.297062710393048	138.0	31	1.05	0.95				
	304	1	42.618475159999996	8.638880099999998	0.0	0.0	3	1.0060370650663624	-7.601185586708638	138.0	31	1.05	0.95				
	305	1	40.890699139999995	8.06295476	0.0	0.0	3	1.018787573479375	-8.25212472435742	138.0	31	1.05	0.95				
	306	1	78.32584623999999	16.12590952	0.0	-100.0	3	1.034863325555748	-8.157414949562629	138.0	32	1.05	0.95				
	307	2	71.9906675	14.398133499999998	0.0	0.0	3	0.9950360975418919	-13.096217267900947	138.0	32	1.05	0.95				
	308	1	98.48323314	20.157386899999995	0.0	0.0	3	0.9997089895099586	-10.446033791916987	138.0	32	1.05	0.95				
	309	1	100.7869345	20.73331224	0.0	0.0	3	1.0280390859008244	-3.5725592899363785	138.0	33	1.05	0.95				
	310	1	112.3054413	23.0370136	0.0	0.0	3	1.05	-5.082628952814505	138.0	33	1.05	0.95				
	311	1	0.0	0.0	0.0	0.0	3	1.0144463706116678	1.3763734263066303	230.0	33	1.05	0.95				
	312	1	0.0	0.0	0.0	0.0	3	1.0180817857634723	2.711603152574441	230.0	33	1.05	0.95				
	313	2	152.6202151	31.099968360000002	0.0	0.0	3	1.0305619246800064	7.989447134230966	230.0	34	1.05	0.95				
	314	2	111.72951595999999	22.461088259999997	0.0	0.0	3	1.0159010402560473	1.2528643013867167	230.0	36	1.05	0.95				
	315	2	182.56833277999996	36.85922176	0.0	0.0	3	1.0339599187249846	1.3599341977478334	230.0	36	1.05	0.95				
	316	2	57.59253399999999	11.5185068	0.0	0.0	3	1.034301055889479	2.591317230153665	230.0	36	1.05	0.95				
	317	1	0.0	0.0	0.0	0.0	3	1.041451094166872	3.9259153459508522	230.0	37	1.05	0.95				
	318	2	191.78313821999998	39.162923119999995	0.0	0.0	3	1.0386769221828214	2.523070455582783	230.0	37	1.05	0.95				
	319	1	104.24248653999999	21.309237579999998	0.0	0.0	3	1.0327627931938346	4.024430012229163	230.0	35	1.05	0.95				
	320	1	73.71844352	14.974058839999998	0.0	0.0	3	1.033657123621369	5.228433653790533	230.0	35	1.05	0.95				
	321	2	0.0	0.0	0.0	0.0	3	1.0388634585432062	2.7184242068804654	230.0	37	1.05	0.95				
	322	2	0.0	0.0	0.0	0.0	3	1.05	7.5098205492874	230.0	37	1.05	0.95				
	323	2	0.0	0.0	0.0	0.0	3	1.0346534637892426	5.907354844150373	230.0	35	1.05	0.95				
	324	1	0.0	0.0	0.0	0.0	3	1.022430857882547	-0.14599180096377734	230.0	36	1.05	0.95				
	325	1	0.0	0.0	0.0	0.0	3	1.0348059602863913	6.5494295714260815	230.0	35	1.05	0.95				
];
