%% MATPOWER Case Format : Version 2
function mpc = RTS_GMLC
mpc.version = '2';

%%-----  Power Flow Data  -----%%
%% system MVA base
mpc.baseMVA = 100.0;
%% bus data
%    bus_i    type    Pd    Qd    Gs    Bs    area    Vm    Va    baseKV    zone    Vmax    Vmin
mpc.bus = [
	101	2	66.81197425263157	13.609846607017543	0.0	0.0	1	1.0478351618427952	1.0940341650748024	138.0	11	1.05	0.95				
	102	2	60.0070509491228	12.372587824561403	0.0	0.0	1	1.0466832338373553	0.7212845211191758	138.0	12	1.05	0.95				
	103	1	111.35329042105262	22.889287475438593	0.0	0.0	1	1.030705210705712	-0.7490799959459878	138.0	11	1.05	0.95				
	104	1	45.778574950877186	9.279440868421052	0.0	0.0	1	1.0268130398886743	-2.778997144621403	138.0	11	1.05	0.95				
	105	1	43.92268677719298	8.660811477192983	0.0	0.0	1	1.0397834333798388	-3.1190654027832814	138.0	11	1.05	0.95				
	106	1	84.13359720701754	17.321622954385965	0.0	-100.0	1	1.04255159300294	-6.131634400007174	138.0	12	1.05	0.95				
	107	2	77.32867390350877	15.465734780701753	0.0	0.0	1	0.9996415822875244	-14.55459234890695	138.0	12	1.05	0.95				
	108	1	105.7856259	21.65202869298245	0.0	0.0	1	0.996258711040183	-12.38367720049312	138.0	12	1.05	0.95				
	109	1	108.26014346491229	22.270658084210524	0.0	0.0	1	1.0257027631938733	-4.258614271409801	138.0	13	1.05	0.95				
	110	1	120.63273128947367	24.745175649122807	0.0	0.0	1	1.05	-5.516057112995998	138.0	13	1.05	0.95				
	111	1	0.0	0.0	0.0	0.0	1	1.0112139132550888	-1.606334666435065	230.0	13	1.05	0.95				
	112	1	0.0	0.0	0.0	0.0	1	1.014699793618676	-1.2255366250488675	230.0	13	1.05	0.95				
	113	3	163.9367886754386	33.405987126315786	0.0	0.0	1	1.0108730964670358	9.582721557828405e-30	230.0	14	1.05	0.95				
	114	2	120.0141018982456	24.126546257894738	0.0	0.0	1	1.0119363373996533	0.3391008862408771	230.0	16	1.05	0.95				
	115	2	196.10551701929825	39.59228103859649	0.0	0.0	1	1.0427777745954618	7.55746986116192	230.0	16	1.05	0.95				
	116	2	61.86293912280701	12.372587824561403	0.0	0.0	1	1.0398108251278346	6.7874489877285855	230.0	16	1.05	0.95				
	117	1	0.0	0.0	0.0	0.0	1	1.0447503377749767	9.826476241931589	230.0	17	1.05	0.95				
	118	2	206.00358727894735	42.06679860350877	0.0	0.0	1	1.0472670857461166	10.419333988966617	230.0	17	1.05	0.95				
	119	1	111.9719198122807	22.889287475438593	0.0	0.0	1	1.033029282288349	5.16786552214353	230.0	15	1.05	0.95				
	120	1	79.18456207719298	16.084364171929824	0.0	0.0	1	1.0319054246252823	4.628084361173788	230.0	15	1.05	0.95				
	121	2	0.0	0.0	0.0	0.0	1	1.0499999886379696	12.039565688296154	230.0	17	1.05	0.95				
	122	2	0.0	0.0	0.0	0.0	1	1.05	17.68295950406693	230.0	17	1.05	0.95				
	123	2	0.0	0.0	0.0	0.0	1	1.0326576581331675	4.7974996502506775	230.0	15	1.05	0.95				
	124	1	0.0	0.0	0.0	0.0	1	1.0276755672403195	4.454985393196351	230.0	16	1.05	0.95				
	201	2	67.16637807157896	13.68203997754386	0.0	0.0	2	1.0250449801270525	-14.958034834126801	138.0	21	1.05	0.95				
	202	2	60.32535808280702	12.43821816140351	0.0	0.0	2	1.0259785357708082	-14.805610795267746	138.0	22	1.05	0.95				
	203	1	111.94396345263158	23.01070359859649	0.0	0.0	2	1.0154866519917203	-12.73079532616563	138.0	21	1.05	0.95				
	204	1	46.02140719719298	9.32866362105263	0.0	0.0	2	1.0147274207584092	-15.867939614192842	138.0	21	1.05	0.95				
	205	1	44.155674472982454	8.706752712982457	0.0	0.0	2	1.0297031956840528	-16.311386598890092	138.0	21	1.05	0.95				
	206	1	84.57988349754388	17.413505425964914	0.0	-100.0	2	1.0390161842897727	-17.621767276278945	138.0	22	1.05	0.95				
	207	2	77.73886350877193	15.547772701754386	0.0	0.0	2	0.9878319517142582	-26.569703485580632	138.0	22	1.05	0.95				
	208	1	106.34676528	21.766881782456142	0.0	0.0	2	0.9874050352316882	-23.56395118490831	138.0	22	1.05	0.95				
	209	1	108.83440891228071	22.388792690526316	0.0	0.0	2	1.024635103196662	-14.192567331572459	138.0	23	1.05	0.95				
	210	1	121.2726270736842	24.87643632280702	0.0	0.0	2	1.05	-15.697162978388471	138.0	23	1.05	0.95				
	211	1	0.0	0.0	0.0	0.0	2	1.0172488849688663	-10.36061280404404	230.0	23	1.05	0.95				
	212	1	0.0	0.0	0.0	0.0	2	1.0174286230373497	-7.542627148701143	230.0	23	1.05	0.95				
	213	2	164.8063906385965	33.58318903578948	0.0	0.0	2	1.0206966462658373	-8.181422400672691	230.0	24	1.05	0.95				
	214	2	120.65071616561404	24.254525414736843	0.0	0.0	2	1.0258848728852175	-7.7071871296255265	230.0	26	1.05	0.95				
	215	2	197.14575785824562	39.80229811649123	0.0	0.0	2	1.038313104735505	0.06905996805138448	230.0	26	1.05	0.95				
	216	2	62.191090807017545	12.43821816140351	0.0	0.0	2	1.0398604444491746	-0.14870046662541955	230.0	26	1.05	0.95				
	217	1	0.0	0.0	0.0	0.0	2	1.0419921490755626	2.4581725584479854	230.0	27	1.05	0.95				
	218	2	207.09633238736842	42.28994174877194	0.0	0.0	2	1.042617342555097	2.5699850064573626	230.0	27	1.05	0.95				
	219	1	112.56587436070176	23.01070359859649	0.0	0.0	2	1.0394747509557711	-0.16473420700314267	230.0	25	1.05	0.95				
	220	1	79.60459623298246	16.169683609824563	0.0	0.0	2	1.0442545546911968	0.9946708391147847	230.0	25	1.05	0.95				
	221	2	0.0	0.0	0.0	0.0	2	1.0430117158071894	2.504500419218744	230.0	27	1.05	0.95				
	222	2	0.0	0.0	0.0	0.0	2	1.05	8.991707663484558	230.0	27	1.05	0.95				
	223	2	0.0	0.0	0.0	0.0	2	1.0486877153303267	2.0824617326705352	230.0	25	1.05	0.95				
	224	1	0.0	0.0	0.0	0.0	2	1.0136885833892044	-4.67335533624916	230.0	26	1.05	0.95				
	301	2	59.72287251789474	12.165770327719299	0.0	0.0	3	0.9952880827302292	3.265001171402806	138.0	31	1.05	0.95				
	302	2	53.63998735403509	11.059791207017543	0.0	0.0	3	0.9950258250900812	3.204344382408745	138.0	32	1.05	0.95				
	303	1	99.5381208631579	20.46061373298246	0.0	0.0	3	1.0209408486540867	6.9954767266213596	138.0	31	1.05	0.95				
	304	1	40.92122746596492	8.294843405263158	0.0	0.0	3	1.002720346449993	5.072365106043602	138.0	31	1.05	0.95				
	305	1	39.26225878491228	7.741853844912281	0.0	0.0	3	1.01444968152932	4.8031532564185335	138.0	31	1.05	0.95				
	306	1	75.20658020771931	15.483707689824563	0.0	-100.0	3	1.0333197935538625	5.029227809624019	138.0	32	1.05	0.95				
	307	2	69.12369504385964	13.82473900877193	0.0	0.0	3	0.9895070804946607	1.0600649292047721	138.0	32	1.05	0.95				
	308	1	94.56121482	19.3546346122807	0.0	0.0	3	0.9996631492351573	3.5325156676445566	138.0	32	1.05	0.95				
	309	1	96.77317306140351	19.90762417263158	0.0	0.0	3	1.0280631317186282	8.843079690458104	138.0	33	1.05	0.95				
	310	1	107.83296426842107	22.119582414035087	0.0	0.0	3	1.05	8.105199442462471	138.0	33	1.05	0.95				
	311	1	0.0	0.0	0.0	0.0	3	1.0141772252433268	13.709669675626996	230.0	33	1.05	0.95				
	312	1	0.0	0.0	0.0	0.0	3	1.0198902942334644	14.936807399881488	230.0	33	1.05	0.95				
	313	2	146.54223349298246	29.86143625894737	0.0	0.0	3	1.0330822496075867	21.207009169425643	230.0	34	1.05	0.95				
	314	2	107.27997470807018	21.56659285368421	0.0	0.0	3	1.013345753220983	12.319894891813105	230.0	36	1.05	0.95				
	315	2	175.29769063122808	35.39133186245614	0.0	0.0	3	1.0324044152537803	7.511870507187918	230.0	36	1.05	0.95				
	316	2	55.29895603508772	11.059791207017543	0.0	0.0	3	1.0326791556239705	8.586510326251474	230.0	36	1.05	0.95				
	317	1	0.0	0.0	0.0	0.0	3	1.0380728855850245	7.81104977680622	230.0	37	1.05	0.95				
	318	2	184.1455235968421	37.603290103859656	0.0	0.0	3	1.0370968668009537	6.698823382505041	230.0	37	1.05	0.95				
	319	1	100.09111042350878	20.46061373298246	0.0	0.0	3	1.0318946663245971	11.277858712060917	230.0	35	1.05	0.95				
	320	1	70.78266372491228	14.377728569122809	0.0	0.0	3	1.033381481835188	13.193969138888912	230.0	35	1.05	0.95				
	321	2	0.0	0.0	0.0	0.0	3	1.0373431856054047	7.532294710745697	230.0	37	1.05	0.95				
	322	2	0.0	0.0	0.0	0.0	3	1.0499999865752736	11.951108574843834	230.0	37	1.05	0.95				
	323	2	0.0	0.0	0.0	0.0	3	1.0342608457384417	13.988323284817609	230.0	35	1.05	0.95				
	324	1	0.0	0.0	0.0	0.0	3	1.0262023885777438	9.141474287640811	230.0	36	1.05	0.95				
	325	1	0.0	0.0	0.0	0.0	3	1.0367398189509733	13.830206038165045	230.0	35	1.05	0.95				
];
