%% MATPOWER Case Format : Version 2
function mpc = RTS_GMLC
mpc.version = '2';

%%-----  Power Flow Data  -----%%
%% system MVA base
mpc.baseMVA = 100.0;
%% bus data
%    bus_i    type    Pd    Qd    Gs    Bs    area    Vm    Va    baseKV    zone    Vmax    Vmin
mpc.bus = [
	101	2	93.79861453894736	19.10712518385965	0.0	0.0	1	1.0477254541509124	-0.6515413922778633	138.0	11	1.05	0.95				
	102	2	84.24505194701753	17.370113803508772	0.0	0.0	1	1.04750078220435	-0.8252808088591818	138.0	12	1.05	0.95				
	103	1	156.33102423157894	32.13471053649123	0.0	0.0	1	1.0228001436063578	-1.6929122399854148	138.0	11	1.05	0.95				
	104	1	64.26942107298245	13.027585352631576	0.0	0.0	1	1.0231351016854489	-4.487396803654519	138.0	11	1.05	0.95				
	105	1	61.663904002456135	12.15907966245614	0.0	0.0	1	1.0364067434122017	-5.0179055093180605	138.0	11	1.05	0.95				
	106	1	118.11677386385966	24.31815932491228	0.0	-100.0	1	1.035298479892402	-8.269430294345122	138.0	12	1.05	0.95				
	107	2	108.56321127192983	21.712642254385965	0.0	0.0	1	1.05	-7.780427140465266	138.0	12	1.05	0.95				
	108	1	148.51447301999997	30.397699156140344	0.0	0.0	1	1.021982648712605	-9.675884004520144	138.0	12	1.05	0.95				
	109	1	151.98849578070175	31.266204846315787	0.0	0.0	1	1.0271016586458712	-5.075544424607694	138.0	13	1.05	0.95				
	110	1	169.3586095842105	34.740227607017545	0.0	0.0	1	1.05	-6.78579470695191	138.0	13	1.05	0.95				
	111	1	0.0	0.0	0.0	0.0	1	1.017490170312199	-2.0190615608344227	230.0	13	1.05	0.95				
	112	1	0.0	0.0	0.0	0.0	1	1.0188488396917608	-1.3119941295128512	230.0	13	1.05	0.95				
	113	3	230.1540078964912	46.89930726947368	0.0	0.0	1	1.021181994185136	-2.4962149878193255e-28	230.0	14	1.05	0.95				
	114	2	168.49010389403506	33.871721916842105	0.0	0.0	1	1.0224879897078547	0.1295368785823198	230.0	16	1.05	0.95				
	115	2	275.316303785614	55.584364171228074	0.0	0.0	1	1.0426786120719116	9.41092775367726	230.0	16	1.05	0.95				
	116	2	86.85056901754386	17.370113803508772	0.0	0.0	1	1.042397301417469	8.477325317795039	230.0	16	1.05	0.95				
	117	1	0.0	0.0	0.0	0.0	1	1.0466309577911106	12.30433809267667	230.0	17	1.05	0.95				
	118	2	289.21239482842105	59.05838693192983	0.0	0.0	1	1.0499550659563939	13.248257755443923	230.0	17	1.05	0.95				
	119	1	157.1995299217544	32.13471053649123	0.0	0.0	1	1.0369565142041657	6.631878261052885	230.0	15	1.05	0.95				
	120	1	111.16872834245615	22.5811479445614	0.0	0.0	1	1.039541023910424	6.179755526906415	230.0	15	1.05	0.95				
	121	2	0.0	0.0	0.0	0.0	1	1.05	14.673978381793798	230.0	17	1.05	0.95				
	122	2	0.0	0.0	0.0	0.0	1	1.05	20.713003055898994	230.0	17	1.05	0.95				
	123	2	0.0	0.0	0.0	0.0	1	1.0434746225935632	6.570484574531339	230.0	15	1.05	0.95				
	124	1	0.0	0.0	0.0	0.0	1	1.0213561462121767	5.288291616097763	230.0	16	1.05	0.95				
	201	2	94.5191248294737	19.253895798596492	0.0	0.0	2	1.05	-17.72109345933936	138.0	21	1.05	0.95				
	202	2	84.89217693017544	17.50354163508772	0.0	0.0	2	1.05	-17.842768716729154	138.0	22	1.05	0.95				
	203	1	157.53187471578948	32.38155202491228	0.0	0.0	2	1.022613278135493	-12.52701110091289	138.0	21	1.05	0.95				
	204	1	64.76310404982456	13.12765622631579	0.0	0.0	2	1.0192023456248205	-18.77817477226467	138.0	21	1.05	0.95				
	205	1	62.1375728045614	12.252479144561406	0.0	0.0	2	1.0376537923580234	-19.42018061583632	138.0	21	1.05	0.95				
	206	1	119.02408311859651	24.50495828912281	0.0	-100.0	2	1.0353021989141973	-21.207221712611823	138.0	22	1.05	0.95				
	207	2	109.39713521929826	21.87942704385965	0.0	0.0	2	0.95	-31.204957917721305	138.0	22	1.05	0.95				
	208	1	149.65528098000001	30.631197861403507	0.0	0.0	2	0.9536138014395803	-28.051522963357964	138.0	22	1.05	0.95				
	209	1	153.15598930701753	31.506374943157894	0.0	0.0	2	1.022562235247848	-16.00810607894205	138.0	23	1.05	0.95				
	210	1	170.65953094210528	35.00708327017544	0.0	0.0	2	1.0474437642463075	-18.41803346859566	138.0	23	1.05	0.95				
	211	1	0.0	0.0	0.0	0.0	2	1.0305717776345786	-10.552316148190322	230.0	23	1.05	0.95				
	212	1	0.0	0.0	0.0	0.0	2	1.0210744028973804	-8.29380365538055	230.0	23	1.05	0.95				
	213	2	231.92192666491226	47.25956241473685	0.0	0.0	2	1.05	-6.532870028091108	230.0	24	1.05	0.95				
	214	2	169.78435386035088	34.131906188421056	0.0	0.0	2	1.05	-7.729357133859157	230.0	26	1.05	0.95				
	215	2	277.43113491614037	56.011333232280705	0.0	0.0	2	1.0436724298287139	1.962940483340449	230.0	26	1.05	0.95				
	216	2	87.5177081754386	17.50354163508772	0.0	0.0	2	1.0476470169129264	1.7051634458962612	230.0	26	1.05	0.95				
	217	1	0.0	0.0	0.0	0.0	2	1.0489395285882925	5.028089315745386	230.0	27	1.05	0.95				
	218	2	291.43396822421056	59.512041559298254	0.0	0.0	2	1.05	5.59576808069846	230.0	27	1.05	0.95				
	219	1	158.4070517975439	32.38155202491228	0.0	0.0	2	1.0419549194131326	1.3837359487151935	230.0	25	1.05	0.95				
	220	1	112.02266646456141	22.754604125614037	0.0	0.0	2	1.045120108608345	2.742103501472381	230.0	25	1.05	0.95				
	221	2	0.0	0.0	0.0	0.0	2	1.05	6.113963726450313	230.0	27	1.05	0.95				
	222	2	0.0	0.0	0.0	0.0	2	1.05	12.19982145726072	230.0	27	1.05	0.95				
	223	2	0.0	0.0	0.0	0.0	2	1.05	4.120011995420352	230.0	25	1.05	0.95				
	224	1	0.0	0.0	0.0	0.0	2	1.0171470196158452	-3.417374990586395	230.0	26	1.05	0.95				
	301	2	73.4748497431579	14.967099021754388	0.0	0.0	3	1.0009104199553118	2.8813609306707146	138.0	31	1.05	0.95				
	302	2	65.99130023228071	13.606453656140353	0.0	0.0	3	1.0023335253861911	2.78126536265395	138.0	32	1.05	0.95				
	303	1	122.45808290526317	25.17193926385965	0.0	0.0	3	1.017604947683026	7.747296226713503	138.0	31	1.05	0.95				
	304	1	50.3438785277193	10.204840242105263	0.0	0.0	3	0.9999615758711898	5.194272667246637	138.0	31	1.05	0.95				
	305	1	48.30291047929825	9.524517559298246	0.0	0.0	3	1.0123560051430007	4.955326050598751	138.0	31	1.05	0.95				
	306	1	92.5238848617544	19.049035118596493	0.0	-100.0	3	1.0270485494006112	5.360685081003356	138.0	32	1.05	0.95				
	307	2	85.0403353508772	17.00806707017544	0.0	0.0	3	0.9822520698061321	0.8644744769801239	138.0	32	1.05	0.95				
	308	1	116.33517876000002	23.811293898245616	0.0	0.0	3	0.9913631833231988	4.012876602643123	138.0	32	1.05	0.95				
	309	1	119.05646949122809	24.491616581052632	0.0	0.0	3	1.0232589109191272	9.959042328310538	138.0	33	1.05	0.95				
	310	1	132.66292314736842	27.212907312280706	0.0	0.0	3	1.0450460123725545	9.228336738351869	138.0	33	1.05	0.95				
	311	1	0.0	0.0	0.0	0.0	3	1.0133244218183977	16.46327115001112	230.0	33	1.05	0.95				
	312	1	0.0	0.0	0.0	0.0	3	1.0182680162386255	17.779730836082717	230.0	33	1.05	0.95				
	313	2	180.28551094385966	36.73742487157895	0.0	0.0	3	1.0409576731791872	25.122049878388008	230.0	34	1.05	0.95				
	314	2	131.98260046456141	26.53258462947369	0.0	0.0	3	1.0171068324473647	15.555118209251923	230.0	36	1.05	0.95				
	315	2	215.66229044982458	43.540651699649125	0.0	0.0	3	1.0404240552579835	11.82076417449723	230.0	36	1.05	0.95				
	316	2	68.03226828070176	13.606453656140353	0.0	0.0	3	1.040074494695317	13.13559083362771	230.0	36	1.05	0.95				
	317	1	0.0	0.0	0.0	0.0	3	1.0445178544769798	12.346059873595882	230.0	37	1.05	0.95				
	318	2	226.54745337473688	46.2619424308772	0.0	0.0	3	1.0440154546614722	11.212974091709858	230.0	37	1.05	0.95				
	319	1	123.13840558807019	25.17193926385965	0.0	0.0	3	1.037708095276284	15.285200781909454	230.0	35	1.05	0.95				
	320	1	87.08130339929825	17.68838975298246	0.0	0.0	3	1.0390349019116523	17.053864841653258	230.0	35	1.05	0.95				
	321	2	0.0	0.0	0.0	0.0	3	1.0451662984117522	12.616752595407586	230.0	37	1.05	0.95				
	322	2	0.0	0.0	0.0	0.0	3	1.05	16.842283970888428	230.0	37	1.05	0.95				
	323	2	0.0	0.0	0.0	0.0	3	1.0398195760599604	17.669225906929412	230.0	35	1.05	0.95				
	324	1	0.0	0.0	0.0	0.0	3	1.0276814150299118	12.169369698367984	230.0	36	1.05	0.95				
	325	1	0.0	0.0	0.0	0.0	3	1.0419552890946928	17.420165298577306	230.0	35	1.05	0.95				
];
