%% MATPOWER Case Format : Version 2
function mpc = RTS_GMLC
mpc.version = '2';

%%-----  Power Flow Data  -----%%
%% system MVA base
mpc.baseMVA = 100.0;
%% bus data
%    bus_i    type    Pd    Qd    Gs    Bs    area    Vm    Va    baseKV    zone    Vmax    Vmin
mpc.bus = [
	101	2	60.800098964210534	12.385205344561404	0.0	0.0	1	1.0347663621427987	1.3305982610154823	138.0	11	1.05	0.95				
	102	2	54.60749629192983	11.259277585964913	0.0	0.0	1	1.0348332871304562	1.2983980362031744	138.0	12	1.05	0.95				
	103	1	101.33349827368423	20.829663534035088	0.0	0.0	1	1.0240863477986233	-0.7648573593128155	138.0	11	1.05	0.95				
	104	1	41.659327068070176	8.444458189473684	0.0	0.0	1	1.0198460976172459	-2.132276626770468	138.0	11	1.05	0.95				
	105	1	39.970435430175435	7.881494310175439	0.0	0.0	1	1.0346412979261614	-1.9760978945316492	138.0	11	1.05	0.95				
	106	1	76.56308758456142	15.762988620350878	0.0	-100.0	1	1.0418802606505957	-4.348408485856417	138.0	12	1.05	0.95				
	107	2	70.3704849122807	14.07409698245614	0.0	0.0	1	1.0333950957310607	-3.7530388824956926	138.0	12	1.05	0.95				
	108	1	96.26682336	19.703735775438595	0.0	0.0	1	1.0212367079042306	-5.243077245657555	138.0	12	1.05	0.95				
	109	1	98.51867887719298	20.26669965473684	0.0	0.0	1	1.0255006521905485	-2.669169418713793	138.0	13	1.05	0.95				
	110	1	109.77795646315789	22.518555171929826	0.0	0.0	1	1.05	-3.5604543890152662	138.0	13	1.05	0.95				
	111	1	0.0	0.0	0.0	0.0	1	1.006095050391396	-0.7673591759798233	230.0	13	1.05	0.95				
	112	1	0.0	0.0	0.0	0.0	1	1.0114176790927987	-0.2174303466341008	230.0	13	1.05	0.95				
	113	3	149.1854280140351	30.400049482105267	0.0	0.0	1	1.0018098579427996	4.7613092912327497e-29	230.0	14	1.05	0.95				
	114	2	109.21499258385965	21.95559129263158	0.0	0.0	1	1.0023874360286373	1.025049442439445	230.0	16	1.05	0.95				
	115	2	178.45954973754388	36.02968827508772	0.0	0.0	1	1.0376177557941095	7.434751928010913	230.0	16	1.05	0.95				
	116	2	56.29638792982456	11.259277585964913	0.0	0.0	1	1.0342072135757838	6.9009819316844485	230.0	16	1.05	0.95				
	117	1	0.0	0.0	0.0	0.0	1	1.0403747738847686	9.065243876456034	230.0	17	1.05	0.95				
	118	2	187.4669718063158	38.28154379228071	0.0	0.0	1	1.042395792195764	9.142998103402178	230.0	17	1.05	0.95				
	119	1	101.89646215298247	20.829663534035088	0.0	0.0	1	1.028358466033037	5.6761133619037984	230.0	15	1.05	0.95				
	120	1	72.05937655017544	14.637060861754387	0.0	0.0	1	1.0279015269343572	5.695657386653815	230.0	15	1.05	0.95				
	121	2	0.0	0.0	0.0	0.0	1	1.045787660853604	10.360655756864546	230.0	17	1.05	0.95				
	122	2	0.0	0.0	0.0	0.0	1	1.05	17.225950887958522	230.0	17	1.05	0.95				
	123	2	0.0	0.0	0.0	0.0	1	1.0288416560960945	6.1352022139029385	230.0	15	1.05	0.95				
	124	1	0.0	0.0	0.0	0.0	1	1.0221349977016745	4.377581861666771	230.0	16	1.05	0.95				
	201	2	65.2623957094737	13.294191718596494	0.0	0.0	2	1.0327738501144799	-11.39103772066884	138.0	21	1.05	0.95				
	202	2	58.61529985017544	12.085628835087721	0.0	0.0	2	1.0329505739624718	-11.481412753165506	138.0	22	1.05	0.95				
	203	1	108.77065951578948	22.358413344912282	0.0	0.0	2	1.0227418395891223	-8.834235643689915	138.0	21	1.05	0.95				
	204	1	44.716826689824565	9.06422162631579	0.0	0.0	2	1.017699006237474	-13.672104227655264	138.0	21	1.05	0.95				
	205	1	42.90398236456141	8.459940184561406	0.0	0.0	2	1.0335240775094379	-14.004875723394527	138.0	21	1.05	0.95				
	206	1	82.1822760785965	16.91988036912281	0.0	-100.0	2	1.040735110324435	-16.04528283452526	138.0	22	1.05	0.95				
	207	2	75.53518021929825	15.107036043859651	0.0	0.0	2	0.988152938383275	-25.150076357295266	138.0	22	1.05	0.95				
	208	1	103.33212654000002	21.14985046140351	0.0	0.0	2	0.9882461556423355	-22.241479901471227	138.0	22	1.05	0.95				
	209	1	105.74925230701754	21.754131903157898	0.0	0.0	2	1.0237487545477648	-13.011189232434015	138.0	23	1.05	0.95				
	210	1	117.83488114210527	24.171257670175443	0.0	0.0	2	1.05	-14.746410191899242	138.0	23	1.05	0.95				
	211	1	0.0	0.0	0.0	0.0	2	1.0158226357968374	-9.755191338001472	230.0	23	1.05	0.95				
	212	1	0.0	0.0	0.0	0.0	2	1.0149570918387425	-8.763357941534894	230.0	23	1.05	0.95				
	213	2	160.13458206491228	32.63119785473685	0.0	0.0	2	1.0167025371856406	-8.418999211926849	230.0	24	1.05	0.95				
	214	2	117.23059970035088	23.566976228421055	0.0	0.0	2	1.0241235686794599	-6.804308038538284	230.0	26	1.05	0.95				
	215	2	191.55721703614037	38.674012272280706	0.0	0.0	2	1.0349893869754454	1.1884568061734524	230.0	26	1.05	0.95				
	216	2	60.428144175438604	12.085628835087721	0.0	0.0	2	1.038323353700655	1.0674444184967828	230.0	26	1.05	0.95				
	217	1	0.0	0.0	0.0	0.0	2	1.040677342794434	4.0370968863896355	230.0	27	1.05	0.95				
	218	2	201.22572010421055	41.09113803929825	0.0	0.0	2	1.0419829317732454	4.388313401896256	230.0	27	1.05	0.95				
	219	1	109.37494095754387	22.358413344912282	0.0	0.0	2	1.038523579749743	0.5855018555172643	230.0	25	1.05	0.95				
	220	1	77.34802454456141	15.711317485614037	0.0	0.0	2	1.0435596885988832	1.3111491826679036	230.0	25	1.05	0.95				
	221	2	0.0	0.0	0.0	0.0	2	1.0417451269553741	4.082597085794097	230.0	27	1.05	0.95				
	222	2	0.0	0.0	0.0	0.0	2	1.05	10.568825863914547	230.0	27	1.05	0.95				
	223	2	0.0	0.0	0.0	0.0	2	1.0478596340013113	2.1500464706773923	230.0	25	1.05	0.95				
	224	1	0.0	0.0	0.0	0.0	2	1.0179534707651041	-2.558357736009801	230.0	26	1.05	0.95				
	301	2	44.09174311578948	8.981651375438597	0.0	0.0	3	1.0104801368549032	-10.915800010420725	138.0	31	1.05	0.95				
	302	2	39.600917428070176	8.165137614035089	0.0	0.0	3	1.010257165871058	-11.111696850864044	138.0	32	1.05	0.95				
	303	1	73.48623852631579	15.105504585964912	0.0	0.0	3	1.037114238187893	-3.078000728457187	138.0	31	1.05	0.95				
	304	1	30.211009171929824	6.123853210526316	0.0	0.0	3	1.0122023987343298	-9.989509902096394	138.0	31	1.05	0.95				
	305	1	28.986238529824565	5.715596329824563	0.0	0.0	3	1.0252078650964171	-10.985172863735833	138.0	31	1.05	0.95				
	306	1	55.52293577543861	11.431192659649126	0.0	-100.0	3	1.0416072382411041	-11.523241863008707	138.0	32	1.05	0.95				
	307	2	51.0321100877193	10.206422017543861	0.0	0.0	3	0.991578762078526	-15.817101063962884	138.0	32	1.05	0.95				
	308	1	69.8119266	14.288990824561404	0.0	0.0	3	0.9994860086495938	-14.00469361403658	138.0	32	1.05	0.95				
	309	1	71.44495412280702	14.697247705263159	0.0	0.0	3	1.026089989696486	-7.394560565428442	138.0	33	1.05	0.95				
	310	1	79.61009173684211	16.330275228070178	0.0	0.0	3	1.05	-9.738273254180585	138.0	33	1.05	0.95				
	311	1	0.0	0.0	0.0	0.0	3	1.00634761339184	-4.805115677442112	230.0	33	1.05	0.95				
	312	1	0.0	0.0	0.0	0.0	3	1.0108746577448864	-4.38643736997295	230.0	33	1.05	0.95				
	313	2	108.18807338596493	22.04587155789474	0.0	0.0	3	1.0087179307803886	-1.7078997676730456	230.0	34	1.05	0.95				
	314	2	79.20183485614035	15.922018347368422	0.0	0.0	3	1.0018709018723442	-3.6283707839529438	230.0	36	1.05	0.95				
	315	2	129.41743118245614	26.12844036491228	0.0	0.0	3	1.032412808951694	0.5648940781784204	230.0	36	1.05	0.95				
	316	2	40.825688070175445	8.165137614035089	0.0	0.0	3	1.0289409906153908	0.4414716708264966	230.0	36	1.05	0.95				
	317	1	0.0	0.0	0.0	0.0	3	1.0371599281429913	2.0384213113706564	230.0	37	1.05	0.95				
	318	2	135.94954127368422	27.761467887719306	0.0	0.0	3	1.0383769447585396	2.1065965882158944	230.0	37	1.05	0.95				
	319	1	73.89449540701756	15.105504585964912	0.0	0.0	3	1.0228750403980933	-0.38198923251373773	230.0	35	1.05	0.95				
	320	1	52.25688072982456	10.614678898245614	0.0	0.0	3	1.0203265084268338	-0.2990695748516248	230.0	35	1.05	0.95				
	321	2	0.0	0.0	0.0	0.0	3	1.0403872961842922	3.1025887300039665	230.0	37	1.05	0.95				
	322	2	0.0	0.0	0.0	0.0	3	1.05	6.998841231165015	230.0	37	1.05	0.95				
	323	2	0.0	0.0	0.0	0.0	3	1.0194180652406974	0.06660558567075073	230.0	35	1.05	0.95				
	324	1	0.0	0.0	0.0	0.0	3	1.0279469560764918	-0.8183016414611559	230.0	36	1.05	0.95				
	325	1	0.0	0.0	0.0	0.0	3	1.0194189795180635	0.9525022862847018	230.0	35	1.05	0.95				
];
