%% MATPOWER Case Format : Version 2
function mpc = RTS_GMLC
mpc.version = '2';

%%-----  Power Flow Data  -----%%
%% system MVA base
mpc.baseMVA = 100.0;
%% bus data
%    bus_i    type    Pd    Qd    Gs    Bs    area    Vm    Va    baseKV    zone    Vmax    Vmin
mpc.bus = [
	101	2	53.01138050526316	10.798614547368421	0.0	0.0	1	1.0418555015013247	1.2089866105557039	138.0	11	1.05	0.95				
	102	2	47.61207323157895	9.816922315789474	0.0	0.0	1	1.0408525536336632	0.9121148743989761	138.0	12	1.05	0.95				
	103	1	88.35230084210527	18.16130628421053	0.0	0.0	1	1.0264674060531822	-0.9637010392172669	138.0	11	1.05	0.95				
	104	1	36.32261256842106	7.362691736842105	0.0	0.0	1	1.0246037835457844	-2.313225049800889	138.0	11	1.05	0.95				
	105	1	34.85007422105264	6.871845621052633	0.0	0.0	1	1.0390113366110854	-2.3072239651898654	138.0	11	1.05	0.95				
	106	1	66.75507174736843	13.743691242105266	0.0	-100.0	1	1.045304954495416	-4.809899108746551	138.0	12	1.05	0.95				
	107	2	61.35576447368422	12.271152894736844	0.0	0.0	1	1.0003224458722488	-11.09862209697413	138.0	12	1.05	0.95				
	108	1	83.93468580000001	17.17961405263158	0.0	0.0	1	1.001855436853222	-9.587708519818468	138.0	12	1.05	0.95				
	109	1	85.8980702631579	17.670460168421055	0.0	0.0	1	1.0243230322920973	-3.4879889902543826	138.0	13	1.05	0.95				
	110	1	95.71499257894737	19.63384463157895	0.0	0.0	1	1.05	-4.361297109136045	138.0	13	1.05	0.95				
	111	1	0.0	0.0	0.0	0.0	1	1.005139995362507	-1.1903036532650564	230.0	13	1.05	0.95				
	112	1	0.0	0.0	0.0	0.0	1	1.0092807103415173	-1.2031051966738975	230.0	13	1.05	0.95				
	113	3	130.07422068421053	26.50569025263158	0.0	0.0	1	1.000220244932179	6.224140812093247e-33	230.0	14	1.05	0.95				
	114	2	95.2241464631579	19.142998515789476	0.0	0.0	1	1.0027204221488193	0.6250401179310063	230.0	16	1.05	0.95				
	115	2	155.59821870526318	31.41415141052632	0.0	0.0	1	1.0334073790703502	6.854280319495481	230.0	16	1.05	0.95				
	116	2	49.084611578947374	9.816922315789474	0.0	0.0	1	1.030304513578314	6.11654907822723	230.0	16	1.05	0.95				
	117	1	0.0	0.0	0.0	0.0	1	1.0364635843854721	9.21325470798238	230.0	17	1.05	0.95				
	118	2	163.45175655789475	33.37753587368422	0.0	0.0	1	1.0387683158378862	9.744376999878785	230.0	17	1.05	0.95				
	119	1	88.84314695789475	18.16130628421053	0.0	0.0	1	1.0216011757602241	3.9500255084025855	230.0	15	1.05	0.95				
	120	1	62.82830282105264	12.761999010526317	0.0	0.0	1	1.018513811512036	3.0051007875234905	230.0	15	1.05	0.95				
	121	2	0.0	0.0	0.0	0.0	1	1.0410937207516853	11.372267850424898	230.0	17	1.05	0.95				
	122	2	0.0	0.0	0.0	0.0	1	1.05	17.681594854953595	230.0	17	1.05	0.95				
	123	2	0.0	0.0	0.0	0.0	1	1.0176475402562273	2.8662404609976706	230.0	15	1.05	0.95				
	124	1	0.0	0.0	0.0	0.0	1	1.0208417043184752	3.9192886888428218	230.0	16	1.05	0.95				
	201	2	48.41555172631579	9.862427203508773	0.0	0.0	2	1.0157592504542226	-11.739793403040384	138.0	21	1.05	0.95				
	202	2	43.4843381245614	8.965842912280703	0.0	0.0	2	1.0155952048702708	-11.820538737572885	138.0	22	1.05	0.95				
	203	1	80.69258621052631	16.5868093877193	0.0	0.0	2	1.0159857036761453	-9.349218420938456	138.0	21	1.05	0.95				
	204	1	33.1736187754386	6.724382184210525	0.0	0.0	2	1.0131037601129858	-12.069271870466094	138.0	21	1.05	0.95				
	205	1	31.828742338596488	6.276090038596492	0.0	0.0	2	1.0274142060040967	-12.426623128821515	138.0	21	1.05	0.95				
	206	1	60.96773180350878	12.552180077192984	0.0	-100.0	2	1.041693760873794	-13.297677853455937	138.0	22	1.05	0.95				
	207	2	56.03651820175438	11.207303640350878	0.0	0.0	2	0.9918714449915966	-19.121891135986	138.0	22	1.05	0.95				
	208	1	76.6579569	15.690225096491226	0.0	0.0	2	0.9975913907321186	-17.08261949573532	138.0	22	1.05	0.95				
	209	1	78.45112548245613	16.138517242105262	0.0	0.0	2	1.0239749341881248	-10.41841903441459	138.0	23	1.05	0.95				
	210	1	87.41696839473684	17.931685824561406	0.0	0.0	2	1.05	-11.67522011272814	138.0	23	1.05	0.95				
	211	1	0.0	0.0	0.0	0.0	2	1.008362695384677	-7.118733540516143	230.0	23	1.05	0.95				
	212	1	0.0	0.0	0.0	0.0	2	1.0105810442614553	-5.742979813178677	230.0	23	1.05	0.95				
	213	2	118.79741858771928	24.207775863157895	0.0	0.0	2	1.008117834259349	-5.109803277241753	230.0	24	1.05	0.95				
	214	2	86.9686762491228	17.48339367894737	0.0	0.0	2	1.0092341897073087	-4.860295648010595	230.0	26	1.05	0.95				
	215	2	142.10861015964912	28.69069731929825	0.0	0.0	2	1.0262461443424638	0.8820523279952078	230.0	26	1.05	0.95				
	216	2	44.82921456140351	8.965842912280703	0.0	0.0	2	1.0281781445929115	1.0444907669792585	230.0	26	1.05	0.95				
	217	1	0.0	0.0	0.0	0.0	2	1.0305334561267196	2.02352025992288	230.0	27	1.05	0.95				
	218	2	149.28128448947368	30.48386590175439	0.0	0.0	2	1.0294620867595248	1.5284751524824012	230.0	27	1.05	0.95				
	219	1	81.14087835614036	16.5868093877193	0.0	0.0	2	1.031545394721643	2.083358899913607	230.0	25	1.05	0.95				
	220	1	57.3813946385965	11.655595785964913	0.0	0.0	2	1.0379841290399314	3.8401981137506747	230.0	25	1.05	0.95				
	221	2	0.0	0.0	0.0	0.0	2	1.031525030592806	2.1130297373760842	230.0	27	1.05	0.95				
	222	2	0.0	0.0	0.0	0.0	2	1.05	8.571524486048187	230.0	27	1.05	0.95				
	223	2	0.0	0.0	0.0	0.0	2	1.0428481463456618	5.1308214959658525	230.0	25	1.05	0.95				
	224	1	0.0	0.0	0.0	0.0	2	1.0098091650657024	-2.950383152593792	230.0	26	1.05	0.95				
	301	2	44.33090794105263	9.03037013614035	0.0	0.0	3	1.0078566410439644	2.365673961980359	138.0	31	1.05	0.95				
	302	2	39.815722872982455	8.209427396491229	0.0	0.0	3	1.007773198005616	2.2872759751603122	138.0	32	1.05	0.95				
	303	1	73.88484656842105	15.187440683508772	0.0	0.0	3	1.0226156588327922	6.937401757817174	138.0	31	1.05	0.95				
	304	1	30.374881367017544	6.157070547368421	0.0	0.0	3	1.0111621665832682	3.882777747541747	138.0	31	1.05	0.95				
	305	1	29.143467257543858	5.74659917754386	0.0	0.0	3	1.0236282515264448	2.9513519033577826	138.0	31	1.05	0.95				
	306	1	55.82410629614035	11.49319835508772	0.0	-100.0	3	1.0409124766524442	2.786637353291095	138.0	32	1.05	0.95				
	307	2	51.30892122807017	10.261784245614034	0.0	0.0	3	0.9779801859195445	-1.2666506590999955	138.0	32	1.05	0.95				
	308	1	70.19060424	14.366497943859649	0.0	0.0	3	0.9918322183885551	0.5068801250995953	138.0	32	1.05	0.95				
	309	1	71.83248971929824	14.77696931368421	0.0	0.0	3	1.0268261939520458	6.864944258736473	138.0	33	1.05	0.95				
	310	1	80.04191711578947	16.418854792982458	0.0	0.0	3	1.05	4.858815525243259	138.0	33	1.05	0.95				
	311	1	0.0	0.0	0.0	0.0	3	1.0059882498578405	9.848124059433747	230.0	33	1.05	0.95				
	312	1	0.0	0.0	0.0	0.0	3	1.012511628287552	9.678380226288551	230.0	33	1.05	0.95				
	313	2	108.77491300350877	22.165453970526315	0.0	0.0	3	1.0100173972112727	12.534375501574806	230.0	34	1.05	0.95				
	314	2	79.63144574596491	16.008383423157895	0.0	0.0	3	0.9998400964712046	11.615055997435391	230.0	36	1.05	0.95				
	315	2	130.11942423438597	26.270167668771933	0.0	0.0	3	1.0284336871043416	13.86589743631756	230.0	36	1.05	0.95				
	316	2	41.04713698245614	8.209427396491229	0.0	0.0	3	1.0257442878140728	14.122422520794768	230.0	36	1.05	0.95				
	317	1	0.0	0.0	0.0	0.0	3	1.044719511118667	18.72481602531187	230.0	37	1.05	0.95				
	318	2	136.68696615157893	27.912053148070175	0.0	0.0	3	1.0439218586832713	16.083416461293115	230.0	37	1.05	0.95				
	319	1	74.29531793824562	15.187440683508772	0.0	0.0	3	1.0214126928863732	13.037660413239584	230.0	35	1.05	0.95				
	320	1	52.540335337543866	10.672255615438598	0.0	0.0	3	1.01908608982177	12.219925759171714	230.0	35	1.05	0.95				
	321	2	0.0	0.0	0.0	0.0	3	1.0403084732867707	15.991681263423901	230.0	37	1.05	0.95				
	322	2	0.0	0.0	0.0	0.0	3	1.05	21.390731691451325	230.0	37	1.05	0.95				
	323	2	0.0	0.0	0.0	0.0	3	1.0179854091449132	11.9766560341754	230.0	35	1.05	0.95				
	324	1	0.0	0.0	0.0	0.0	3	1.0186045326638382	12.187779362255613	230.0	36	1.05	0.95				
	325	1	0.0	0.0	0.0	0.0	3	1.0208766078282059	11.936734311644276	230.0	35	1.05	0.95				
];
