%% MATPOWER Case Format : Version 2
function mpc = RTS_GMLC
mpc.version = '2';

%%-----  Power Flow Data  -----%%
%% system MVA base
mpc.baseMVA = 100.0;
%% bus data
%    bus_i    type    Pd    Qd    Gs    Bs    area    Vm    Va    baseKV    zone    Vmax    Vmin
mpc.bus = [
	101	2	96.21672438315791	19.59970311508772	0.0	0.0	1	1.0359992158631128	-6.584489043417038	138.0	11	1.05	0.95				
	102	2	86.41687282561404	17.817911922807017	0.0	0.0	1	1.0359562585952344	-6.652770967423603	138.0	12	1.05	0.95				
	103	1	160.36120730526315	32.96313705719298	0.0	0.0	1	1.0141025846700822	-6.3938194027035316	138.0	11	1.05	0.95				
	104	1	65.92627411438596	13.363433942105264	0.0	0.0	1	1.0157255530116842	-8.95004633876988	138.0	11	1.05	0.95				
	105	1	63.25358732596491	12.472538345964914	0.0	0.0	1	1.0312688712138276	-9.211340584669074	138.0	11	1.05	0.95				
	106	1	121.16180107508771	24.945076691929827	0.0	-100.0	1	1.032982623726616	-11.4902602877275	138.0	12	1.05	0.95				
	107	2	111.36194951754386	22.27238990350877	0.0	0.0	1	1.05	-6.295607431840345	138.0	12	1.05	0.95				
	108	1	152.34314694	31.18134586491228	0.0	0.0	1	1.0212538452540014	-9.87255518500379	138.0	12	1.05	0.95				
	109	1	155.9067293245614	32.07224146105263	0.0	0.0	1	1.0271234676130432	-7.449194610424773	138.0	13	1.05	0.95				
	110	1	173.72464124736842	35.635823845614034	0.0	0.0	1	1.05	-9.07094088271221	138.0	13	1.05	0.95				
	111	1	0.0	0.0	0.0	0.0	1	1.0210943563648498	-3.442188870127313	230.0	13	1.05	0.95				
	112	1	0.0	0.0	0.0	0.0	1	1.0203263440243455	-2.167786549965639	230.0	13	1.05	0.95				
	113	3	236.08733297719294	48.108362191578955	0.0	0.0	1	1.0301229444463165	-3.893845262601205e-29	230.0	14	1.05	0.95				
	114	2	172.83374565122807	34.74492824947368	0.0	0.0	1	1.0287143667806746	-1.6998019463383514	230.0	16	1.05	0.95				
	115	2	282.4139039764912	57.017318152982455	0.0	0.0	1	1.0434210828321948	6.518549202420524	230.0	16	1.05	0.95				
	116	2	89.08955961403508	17.817911922807017	0.0	0.0	1	1.0451813914053079	6.216171143359486	230.0	16	1.05	0.95				
	117	1	0.0	0.0	0.0	0.0	1	1.0478650111550547	9.457243195198602	230.0	17	1.05	0.95				
	118	2	296.66823351473687	60.580900537543855	0.0	0.0	1	1.0499168094852172	10.099874385570475	230.0	17	1.05	0.95				
	119	1	161.2521029014035	32.96313705719298	0.0	0.0	1	1.0405076253253434	5.2596566612705535	230.0	15	1.05	0.95				
	120	1	114.03463630596491	23.16328549964912	0.0	0.0	1	1.0447311804463069	6.095619771532191	230.0	15	1.05	0.95				
	121	2	0.0	0.0	0.0	0.0	1	1.05	11.146650350607873	230.0	17	1.05	0.95				
	122	2	0.0	0.0	0.0	0.0	1	1.05	17.82052134066755	230.0	17	1.05	0.95				
	123	2	0.0	0.0	0.0	0.0	1	1.05	7.1985364609121945	230.0	15	1.05	0.95				
	124	1	0.0	0.0	0.0	0.0	1	1.0161466918043953	1.7626977849022254	230.0	16	1.05	0.95				
	201	2	101.43806074105264	20.663308669473682	0.0	0.0	2	1.05	-16.538188185874617	138.0	21	1.05	0.95				
	202	2	91.10640640631577	18.784826063157894	0.0	0.0	2	1.05	-16.60312786732046	138.0	22	1.05	0.95				
	203	1	169.06343456842103	34.7519282168421	0.0	0.0	2	1.018967270894896	-11.890192957032758	138.0	21	1.05	0.95				
	204	1	69.5038564336842	14.08861954736842	0.0	0.0	2	1.0155754500096836	-18.10641314070677	138.0	21	1.05	0.95				
	205	1	66.68613252421052	13.149378244210528	0.0	0.0	2	1.034199933419221	-18.709760609794973	138.0	21	1.05	0.95				
	206	1	127.73681722947367	26.298756488421056	0.0	-100.0	2	1.0292393653037923	-20.808606535076848	138.0	22	1.05	0.95				
	207	2	117.40516289473683	23.481032578947367	0.0	0.0	2	0.95	-29.56133058302001	138.0	22	1.05	0.95				
	208	1	160.61026284	32.87344561052631	0.0	0.0	2	0.9506508385359759	-27.18796433210803	138.0	22	1.05	0.95				
	209	1	164.3672280526316	33.81268691368421	0.0	0.0	2	1.018345760422542	-15.53329870311448	138.0	23	1.05	0.95				
	210	1	183.15205411578944	37.56965212631579	0.0	0.0	2	1.0424794647988669	-17.98432791319106	138.0	23	1.05	0.95				
	211	1	0.0	0.0	0.0	0.0	2	1.028253532784676	-9.693255944462958	230.0	23	1.05	0.95				
	212	1	0.0	0.0	0.0	0.0	2	1.0172710293141292	-8.088600372457293	230.0	23	1.05	0.95				
	213	2	248.89894533684208	50.71903037052632	0.0	0.0	2	1.05	-4.954863135428048	230.0	24	1.05	0.95				
	214	2	182.21281281263154	36.630410823157895	0.0	0.0	2	1.05	-7.155490403833261	230.0	26	1.05	0.95				
	215	2	297.7394931010526	60.11144340210526	0.0	0.0	2	1.0436649421220046	2.5696662633625467	230.0	26	1.05	0.95				
	216	2	93.92413031578947	18.784826063157894	0.0	0.0	2	1.0473824841271313	2.287595782890221	230.0	26	1.05	0.95				
	217	1	0.0	0.0	0.0	0.0	2	1.0494375434143408	5.744366032469735	230.0	27	1.05	0.95				
	218	2	312.76735395157897	63.868408614736836	0.0	0.0	2	1.05	6.37668251361212	230.0	27	1.05	0.95				
	219	1	170.00267587157893	34.7519282168421	0.0	0.0	2	1.041137662388212	1.891640211732931	230.0	25	1.05	0.95				
	220	1	120.22288680421052	24.420273882105263	0.0	0.0	2	1.044604246617743	3.3060120846476173	230.0	25	1.05	0.95				
	221	2	0.0	0.0	0.0	0.0	2	1.05	7.097515337177995	230.0	27	1.05	0.95				
	222	2	0.0	0.0	0.0	0.0	2	1.05	13.078417350437528	230.0	27	1.05	0.95				
	223	2	0.0	0.0	0.0	0.0	2	1.05	4.75994601712507	230.0	25	1.05	0.95				
	224	1	0.0	0.0	0.0	0.0	2	1.0158384984211173	-2.781934109747511	230.0	26	1.05	0.95				
	301	2	79.28313824842105	16.15026890245614	0.0	0.0	3	1.0164308489736615	-13.772606326766532	138.0	31	1.05	0.95				
	302	2	71.20800379719299	14.682062638596491	0.0	0.0	3	1.0148080973370486	-14.203383876613499	138.0	32	1.05	0.95				
	303	1	132.13856374736844	27.161815881403513	0.0	0.0	3	1.0178381094421936	-8.016052792949383	138.0	31	1.05	0.95				
	304	1	54.323631762807025	11.011546978947369	0.0	0.0	3	1.007400949591846	-13.067977041223962	138.0	31	1.05	0.95				
	305	1	52.12132236701754	10.277443847017546	0.0	0.0	3	1.0233205262416945	-13.519095255652756	138.0	31	1.05	0.95				
	306	1	99.83802594245614	20.55488769403509	0.0	-100.0	3	1.0329812254872976	-14.19512972455011	138.0	32	1.05	0.95				
	307	2	91.76289149122807	18.352578298245614	0.0	0.0	3	1.0094813473849773	-16.009750347779566	138.0	32	1.05	0.95				
	308	1	125.53163556	25.69360961754386	0.0	0.0	3	1.001129201420025	-15.745125817353351	138.0	32	1.05	0.95				
	309	1	128.4680480877193	26.427712749473685	0.0	0.0	3	1.0265942416076226	-9.133620199915688	138.0	33	1.05	0.95				
	310	1	143.15011072631577	29.364125277192983	0.0	0.0	3	1.05	-10.914976293389829	138.0	33	1.05	0.95				
	311	1	0.0	0.0	0.0	0.0	3	1.0217395302676522	-3.8203591654786324	230.0	33	1.05	0.95				
	312	1	0.0	0.0	0.0	0.0	3	1.019314437213069	-2.3765071221003957	230.0	33	1.05	0.95				
	313	2	194.53732996140351	39.64156912421053	0.0	0.0	3	1.0351782328267063	0.9492065095801436	230.0	34	1.05	0.95				
	314	2	142.41600759438597	28.630022145263155	0.0	0.0	3	1.0328541913121942	-1.9181314817751547	230.0	36	1.05	0.95				
	315	2	232.71069282175438	46.98260044350877	0.0	0.0	3	1.0480069155315244	5.094250597574271	230.0	36	1.05	0.95				
	316	2	73.41031319298246	14.682062638596491	0.0	0.0	3	1.0464978335840622	4.764329492880793	230.0	36	1.05	0.95				
	317	1	0.0	0.0	0.0	0.0	3	1.0484151548547844	7.405905698601556	230.0	37	1.05	0.95				
	318	2	244.4563429326316	49.91901297122807	0.0	0.0	3	1.0490714383411706	7.92705402559903	230.0	37	1.05	0.95				
	319	1	132.87266687929824	27.161815881403513	0.0	0.0	3	1.043199179141503	4.876370281787958	230.0	35	1.05	0.95				
	320	1	93.96520088701755	19.08668143017544	0.0	0.0	3	1.0460740096311236	6.072869568433884	230.0	35	1.05	0.95				
	321	2	0.0	0.0	0.0	0.0	3	1.05	8.89003802187136	230.0	37	1.05	0.95				
	322	2	0.0	0.0	0.0	0.0	3	1.05	14.083029374363079	230.0	37	1.05	0.95				
	323	2	0.0	0.0	0.0	0.0	3	1.0499831516963307	7.251567317405217	230.0	35	1.05	0.95				
	324	1	0.0	0.0	0.0	0.0	3	1.0210927196000352	0.9391937727317483	230.0	36	1.05	0.95				
	325	1	0.0	0.0	0.0	0.0	3	1.05	7.576375249062293	230.0	35	1.05	0.95				
];

%% generator data
%    bus    Pg    Qg    Qmax    Qmin    Vg    mBase    status    Pmax    Pmin    Pc1    Pc2    Qc1min    Qc1max    Qc2min    Qc2max    ramp_agc    ramp_10    ramp_30    ramp_q    apf
