%% MATPOWER Case Format : Version 2
function mpc = RTS_GMLC
mpc.version = '2';

%%-----  Power Flow Data  -----%%
%% system MVA base
mpc.baseMVA = 100.0;
%% bus data
%    bus_i    type    Pd    Qd    Gs    Bs    area    Vm    Va    baseKV    zone    Vmax    Vmin
mpc.bus = [
	101	2	77.66006926736844	15.819643739649125	0.0	0.0	1	1.0326488184494018	-1.811738626023722	138.0	11	1.05	0.95				
	102	2	69.75024739754386	14.381494308771932	0.0	0.0	1	1.0326544173492123	-1.8638181128068005	138.0	12	1.05	0.95				
	103	1	129.43344877894737	26.60576447122807	0.0	0.0	1	1.0208914006147287	-2.523261790209145	138.0	11	1.05	0.95				
	104	1	53.21152894245614	10.786120731578947	0.0	0.0	1	1.0167014346158998	-4.715535205668186	138.0	11	1.05	0.95				
	105	1	51.05430479614036	10.067046016140353	0.0	0.0	1	1.031755856933842	-4.731855106507235	138.0	11	1.05	0.95				
	106	1	97.79416129964915	20.134092032280705	0.0	-100.0	1	1.037128667830513	-7.021622407774275	138.0	12	1.05	0.95				
	107	2	89.88433942982456	17.976867885964914	0.0	0.0	1	1.0472721685939423	-2.689959730950637	138.0	12	1.05	0.95				
	108	1	122.96177634	25.167615040350878	0.0	0.0	1	1.024774272764627	-5.792474588010298	138.0	12	1.05	0.95				
	109	1	125.8380752017544	25.886689755789476	0.0	0.0	1	1.026633078354473	-4.138141242021631	138.0	13	1.05	0.95				
	110	1	140.21956951052633	28.762988617543865	0.0	0.0	1	1.05	-5.42158850592006	138.0	13	1.05	0.95				
	111	1	0.0	0.0	0.0	0.0	1	1.0131445159126555	-1.4545834616631286	230.0	13	1.05	0.95				
	112	1	0.0	0.0	0.0	0.0	1	1.0156236188843826	-0.5116619445951437	230.0	13	1.05	0.95				
	113	3	190.5547995912281	38.83003463368422	0.0	0.0	1	1.0131928601395594	-3.075132397841398e-28	230.0	14	1.05	0.95				
	114	2	139.50049479508772	28.043913902105267	0.0	0.0	1	1.0151542518415315	0.6514095739912489	230.0	16	1.05	0.95				
	115	2	227.9466847940351	46.02078178807018	0.0	0.0	1	1.0446923244420634	8.20972537801183	230.0	16	1.05	0.95				
	116	2	71.90747154385966	14.381494308771932	0.0	0.0	1	1.0427884416622912	7.946920513353623	230.0	16	1.05	0.95				
	117	1	0.0	0.0	0.0	0.0	1	1.0470068939712165	10.726057175218749	230.0	17	1.05	0.95				
	118	2	239.45188024105266	48.897080649824574	0.0	0.0	1	1.049032405974534	11.27089943438645	230.0	17	1.05	0.95				
	119	1	130.15252349438597	26.60576447122807	0.0	0.0	1	1.0374538015013903	6.943640745214538	230.0	15	1.05	0.95				
	120	1	92.04156357614036	18.695942601403512	0.0	0.0	1	1.0391144368815486	7.430976753930005	230.0	15	1.05	0.95				
	121	2	0.0	0.0	0.0	0.0	1	1.05	11.83434972958964	230.0	17	1.05	0.95				
	122	2	0.0	0.0	0.0	0.0	1	1.05	17.92626945793003	230.0	17	1.05	0.95				
	123	2	0.0	0.0	0.0	0.0	1	1.0420385522456588	8.22960743980136	230.0	15	1.05	0.95				
	124	1	0.0	0.0	0.0	0.0	1	1.0223486575018161	4.240947316303007	230.0	16	1.05	0.95				
	201	2	78.13127656421052	15.91563041122807	0.0	0.0	2	1.0396081966349293	-8.889764846629808	138.0	21	1.05	0.95				
	202	2	70.17346135859648	14.468754919298247	0.0	0.0	2	1.0395875307252413	-9.02742102250009	138.0	22	1.05	0.95				
	203	1	130.2187942736842	26.767196600701755	0.0	0.0	2	1.0275886603085826	-6.274794069069525	138.0	21	1.05	0.95				
	204	1	53.53439320140351	10.851566189473685	0.0	0.0	2	1.0194524928644053	-10.900647532215629	138.0	21	1.05	0.95				
	205	1	51.36407996350877	10.128128443508773	0.0	0.0	2	1.0355385734515035	-11.240605363725377	138.0	21	1.05	0.95				
	206	1	98.38753345122808	20.256256887017546	0.0	-100.0	2	1.0390497258712328	-13.250979179812559	138.0	22	1.05	0.95				
	207	2	90.42971824561403	18.085943649122807	0.0	0.0	2	0.9654943887618517	-24.153685503779815	138.0	22	1.05	0.95				
	208	1	123.70785456	25.320321108771925	0.0	0.0	2	0.9692919304908277	-20.571297160171135	138.0	22	1.05	0.95				
	209	1	126.60160554385965	26.043758854736843	0.0	0.0	2	1.0256867223085555	-9.517237543880073	138.0	23	1.05	0.95				
	210	1	141.0703604631579	28.937509838596494	0.0	0.0	2	1.05	-11.36109538532179	138.0	23	1.05	0.95				
	211	1	0.0	0.0	0.0	0.0	2	1.0250702096321371	-4.854080885796788	230.0	23	1.05	0.95				
	212	1	0.0	0.0	0.0	0.0	2	1.020059575663667	-3.6567163937199156	230.0	23	1.05	0.95				
	213	2	191.71100268070177	39.06563828210526	0.0	0.0	2	1.0354388187642598	-1.4223776854092263	230.0	24	1.05	0.95				
	214	2	140.34692271719297	28.214072092631582	0.0	0.0	2	1.0392056051271314	-2.419377957620907	230.0	26	1.05	0.95				
	215	2	229.3297654708772	46.300015741754386	0.0	0.0	2	1.0439679853826642	5.333700246361342	230.0	26	1.05	0.95				
	216	2	72.34377459649123	14.468754919298247	0.0	0.0	2	1.0473267642882895	5.4643537673061005	230.0	26	1.05	0.95				
	217	1	0.0	0.0	0.0	0.0	2	1.0487758937932439	8.56225522016625	230.0	27	1.05	0.95				
	218	2	240.90476940631578	49.19376672561404	0.0	0.0	2	1.049999995731362	9.354188757089371	230.0	27	1.05	0.95				
	219	1	130.9422320196491	26.767196600701755	0.0	0.0	2	1.0434078988682811	5.036952231033327	230.0	25	1.05	0.95				
	220	1	92.60003148350877	18.80938139508772	0.0	0.0	2	1.0462426263536988	6.018972608780618	230.0	25	1.05	0.95				
	221	2	0.0	0.0	0.0	0.0	2	1.05	9.734314406312361	230.0	27	1.05	0.95				
	222	2	0.0	0.0	0.0	0.0	2	1.05	15.786290452365929	230.0	27	1.05	0.95				
	223	2	0.0	0.0	0.0	0.0	2	1.05	7.083063972015679	230.0	25	1.05	0.95				
	224	1	0.0	0.0	0.0	0.0	2	1.0232769297429956	1.007998428970903	230.0	26	1.05	0.95				
	301	2	65.17241378526316	13.275862067368422	0.0	0.0	3	1.0118879744903542	-17.721190752590083	138.0	31	1.05	0.95				
	302	2	58.53448275157894	12.068965515789474	0.0	0.0	3	1.0107615755255115	-18.002755323121747	138.0	32	1.05	0.95				
	303	1	108.62068964210528	22.327586204210526	0.0	0.0	3	1.0223669673387195	-11.635187245440013	138.0	31	1.05	0.95				
	304	1	44.65517240842105	9.051724136842106	0.0	0.0	3	1.008623914210427	-16.61682130169915	138.0	31	1.05	0.95				
	305	1	42.84482758105263	8.448275861052633	0.0	0.0	3	1.0229072676605362	-17.348146218884928	138.0	31	1.05	0.95				
	306	1	82.06896550736843	16.896551722105265	0.0	-100.0	3	1.0359520369688329	-17.821944443283666	138.0	32	1.05	0.95				
	307	2	75.4310344736842	15.086206894736842	0.0	0.0	3	1.005895147415292	-19.44491339339147	138.0	32	1.05	0.95				
	308	1	103.18965516	21.120689652631576	0.0	0.0	3	1.0031222947348082	-19.053877446380003	138.0	32	1.05	0.95				
	309	1	105.6034482631579	21.724137928421055	0.0	0.0	3	1.027172729164666	-13.017551618761557	138.0	33	1.05	0.95				
	310	1	117.67241377894737	24.137931031578947	0.0	0.0	3	1.05	-15.03876709118632	138.0	33	1.05	0.95				
	311	1	0.0	0.0	0.0	0.0	3	1.0165183841960617	-8.29742086002722	230.0	33	1.05	0.95				
	312	1	0.0	0.0	0.0	0.0	3	1.0161911338894507	-7.503707156957935	230.0	33	1.05	0.95				
	313	2	159.9137930842105	32.58620689263158	0.0	0.0	3	1.0239088690163893	-4.139583228524633	230.0	34	1.05	0.95				
	314	2	117.06896550315788	23.534482755789472	0.0	0.0	3	1.0250616542376056	-6.231114252222314	230.0	36	1.05	0.95				
	315	2	191.29310342526315	38.620689650526316	0.0	0.0	3	1.0467439815310358	0.43937840908392983	230.0	36	1.05	0.95				
	316	2	60.34482757894737	12.068965515789474	0.0	0.0	3	1.0447864550979353	0.33303318481700084	230.0	36	1.05	0.95				
	317	1	0.0	0.0	0.0	0.0	3	1.0472359025959939	2.514648504332264	230.0	37	1.05	0.95				
	318	2	200.94827583789476	41.034482753684216	0.0	0.0	3	1.0477394384522671	2.817972064115802	230.0	37	1.05	0.95				
	319	1	109.22413791789474	22.327586204210526	0.0	0.0	3	1.040142377137208	-0.501631466815369	230.0	35	1.05	0.95				
	320	1	77.24137930105263	15.689655170526319	0.0	0.0	3	1.040983017860134	-0.08891358174099433	230.0	35	1.05	0.95				
	321	2	0.0	0.0	0.0	0.0	3	1.05	3.9355147880503076	230.0	37	1.05	0.95				
	322	2	0.0	0.0	0.0	0.0	3	1.05	9.152936823763255	230.0	37	1.05	0.95				
	323	2	0.0	0.0	0.0	0.0	3	1.042872804040272	0.584595113503935	230.0	35	1.05	0.95				
	324	1	0.0	0.0	0.0	0.0	3	1.0224113400824506	-4.027080701653131	230.0	36	1.05	0.95				
	325	1	0.0	0.0	0.0	0.0	3	1.040845871034998	1.5233845680798792	230.0	35	1.05	0.95				
];
