%% MATPOWER Case Format : Version 2
function mpc = RTS_GMLC
mpc.version = '2';

%%-----  Power Flow Data  -----%%
%% system MVA base
mpc.baseMVA = 100.0;
%% bus data
%    bus_i    type    Pd    Qd    Gs    Bs    area    Vm    Va    baseKV    zone    Vmax    Vmin
mpc.bus = [
	101	2	101.33349828631579	20.642008910175438	0.0	0.0	1	1.0481198481622374	-2.2209290744071337	138.0	11	1.05	0.95				
	102	2	91.01249383122807	18.765462645614036	0.0	0.0	1	1.0478348595315172	-2.410258093246979	138.0	12	1.05	0.95				
	103	1	168.88916381052633	34.71610589438596	0.0	0.0	1	1.018297707745912	-2.385387827117248	138.0	11	1.05	0.95				
	104	1	69.43221178877192	14.074096984210527	0.0	0.0	1	1.0218585359324075	-5.803950135311221	138.0	11	1.05	0.95				
	105	1	66.61739239192983	13.135823851929826	0.0	0.0	1	1.035869351643208	-6.411024489332104	138.0	11	1.05	0.95				
	106	1	127.60514599017544	26.271647703859653	0.0	-100.0	1	1.03346795383867	-9.62870440363136	138.0	12	1.05	0.95				
	107	2	117.28414153508773	23.456828307017545	0.0	0.0	1	1.05	-8.20838002929324	138.0	12	1.05	0.95				
	108	1	160.44470562	32.839559629824564	0.0	0.0	1	1.0197992053080238	-10.51809993165648	138.0	12	1.05	0.95				
	109	1	164.1977981491228	33.77783276210526	0.0	0.0	1	1.026802137089093	-5.860245633704295	138.0	13	1.05	0.95				
	110	1	182.96326079473684	37.53092529122807	0.0	0.0	1	1.05	-7.779353247526285	138.0	13	1.05	0.95				
	111	1	0.0	0.0	0.0	0.0	1	1.021853515821811	-2.2927596368321344	230.0	13	1.05	0.95				
	112	1	0.0	0.0	0.0	0.0	1	1.0204429826674013	-1.5982405465090415	230.0	13	1.05	0.95				
	113	3	248.64238005438594	50.666749143157894	0.0	0.0	1	1.0268915383812567	4.892632104753822e-30	230.0	14	1.05	0.95				
	114	2	182.02498766245614	36.59265215894737	0.0	0.0	1	1.032475040506423	0.16565895457890115	230.0	16	1.05	0.95				
	115	2	297.4325829329825	60.04948046596491	0.0	0.0	1	1.04016884929968	10.512613739850623	230.0	16	1.05	0.95				
	116	2	93.82731322807018	18.765462645614036	0.0	0.0	1	1.0415609339613936	9.46016372947846	230.0	16	1.05	0.95				
	117	1	0.0	0.0	0.0	0.0	1	1.0455054608162104	14.086439717573649	230.0	17	1.05	0.95				
	118	2	312.44495304947367	63.80257299508772	0.0	0.0	1	1.05	15.235100396653845	230.0	17	1.05	0.95				
	119	1	169.82743694280703	34.71610589438596	0.0	0.0	1	1.0373170130503988	7.232118584253157	230.0	15	1.05	0.95				
	120	1	120.09896093192982	24.395101439298248	0.0	0.0	1	1.042137923609649	6.636933949659232	230.0	15	1.05	0.95				
	121	2	0.0	0.0	0.0	0.0	1	1.05	16.52138241950181	230.0	17	1.05	0.95				
	122	2	0.0	0.0	0.0	0.0	1	1.05	24.163195752099934	230.0	17	1.05	0.95				
	123	2	0.0	0.0	0.0	0.0	1	1.047603009768144	6.995852996545132	230.0	15	1.05	0.95				
	124	1	0.0	0.0	0.0	0.0	1	1.0157330883758384	5.7292118941389765	230.0	16	1.05	0.95				
	201	2	93.87313078736842	19.122304419649122	0.0	0.0	2	1.05	-15.332570662593174	138.0	21	1.05	0.95				
	202	2	84.31197857754385	17.38391310877193	0.0	0.0	2	1.05	-15.429463707784869	138.0	22	1.05	0.95				
	203	1	156.45521797894736	32.16023925122807	0.0	0.0	2	1.0248948226674375	-11.037245080312276	138.0	21	1.05	0.95				
	204	1	64.32047850245614	13.037934831578946	0.0	0.0	2	1.0202596707070795	-16.328109738012877	138.0	21	1.05	0.95				
	205	1	61.71289153614035	12.16873917614035	0.0	0.0	2	1.038150541883035	-16.89455257333649	138.0	21	1.05	0.95				
	206	1	118.21060913964914	24.3374783522807	0.0	-100.0	2	1.036155730386487	-18.593711961465594	138.0	22	1.05	0.95				
	207	2	108.64945692982455	21.729891385964912	0.0	0.0	2	0.95	-28.86019573097439	138.0	22	1.05	0.95				
	208	1	148.63245708	30.421847940350872	0.0	0.0	2	0.954150560103342	-25.587614188135333	138.0	22	1.05	0.95				
	209	1	152.10923970175438	31.291043595789468	0.0	0.0	2	1.0242337059788291	-13.559187994045109	138.0	23	1.05	0.95				
	210	1	169.4931528105263	34.76782621754386	0.0	0.0	2	1.0482509194104812	-15.770957087512034	138.0	23	1.05	0.95				
	211	1	0.0	0.0	0.0	0.0	2	1.031153430972082	-8.130135801404492	230.0	23	1.05	0.95				
	212	1	0.0	0.0	0.0	0.0	2	1.0222280999182654	-5.234809248433936	230.0	23	1.05	0.95				
	213	2	230.33684869122806	46.93656539368421	0.0	0.0	2	1.05	-3.866523841257799	230.0	24	1.05	0.95				
	214	2	168.6239571550877	33.89863056210526	0.0	0.0	2	1.05	-5.630710707685704	230.0	26	1.05	0.95				
	215	2	275.53502277403504	55.62852194807017	0.0	0.0	2	1.0450420337768938	3.3059685990450016	230.0	26	1.05	0.95				
	216	2	86.91956554385965	17.38391310877193	0.0	0.0	2	1.0487800311603892	3.2902635800139532	230.0	26	1.05	0.95				
	217	1	0.0	0.0	0.0	0.0	2	1.0498206220805173	6.344191564017938	230.0	27	1.05	0.95				
	218	2	289.4421532610526	59.10530456982457	0.0	0.0	2	1.05	6.934703423398511	230.0	27	1.05	0.95				
	219	1	157.32441363438596	32.16023925122807	0.0	0.0	2	1.0425201500927648	3.3290800218093115	230.0	25	1.05	0.95				
	220	1	111.25704389614035	22.59908704140351	0.0	0.0	2	1.0452171295387602	4.989111157405096	230.0	25	1.05	0.95				
	221	2	0.0	0.0	0.0	0.0	2	1.05	7.4544515296724105	230.0	27	1.05	0.95				
	222	2	0.0	0.0	0.0	0.0	2	1.05	13.530863710347107	230.0	27	1.05	0.95				
	223	2	0.0	0.0	0.0	0.0	2	1.05	6.528157231565995	230.0	25	1.05	0.95				
	224	1	0.0	0.0	0.0	0.0	2	1.0190531206903353	-2.024211790120896	230.0	26	1.05	0.95				
	301	2	82.99019296421054	16.90540967789474	0.0	0.0	3	0.9774244692658548	2.3708324860785717	138.0	31	1.05	0.95				
	302	2	74.53748812526317	15.368554252631583	0.0	0.0	3	0.9792226215430235	2.1660830131626296	138.0	32	1.05	0.95				
	303	1	138.31698827368425	28.431825367368425	0.0	0.0	3	1.0062424384153241	9.475608968496017	138.0	31	1.05	0.95				
	304	1	56.86365073473685	11.526415689473685	0.0	0.0	3	0.9726066995652537	4.850780416466125	138.0	31	1.05	0.95				
	305	1	54.5583675968421	10.757987976842108	0.0	0.0	3	0.9836779428199037	4.392789963816373	138.0	31	1.05	0.95				
	306	1	104.50616891789475	21.515975953684215	0.0	-100.0	3	0.9944548171602541	4.64261630271693	138.0	32	1.05	0.95				
	307	2	96.05346407894739	19.210692815789475	0.0	0.0	3	0.95	-1.5634592402482386	138.0	32	1.05	0.95				
	308	1	131.40113886000003	26.894969942105263	0.0	0.0	3	0.9558307728021517	2.3340799819270197	138.0	32	1.05	0.95				
	309	1	134.4748497105263	27.663397654736844	0.0	0.0	3	0.9976634615746329	10.371158200023565	138.0	33	1.05	0.95				
	310	1	149.84340396315793	30.737108505263166	0.0	0.0	3	1.0145804861754024	9.058752883056794	138.0	33	1.05	0.95				
	311	1	0.0	0.0	0.0	0.0	3	0.9906197704597077	17.635685053047116	230.0	33	1.05	0.95				
	312	1	0.0	0.0	0.0	0.0	3	0.9951829308190936	18.917006976003833	230.0	33	1.05	0.95				
	313	2	203.63334384736845	41.49509648210527	0.0	0.0	3	1.0214068656710196	26.961622979508164	230.0	34	1.05	0.95				
	314	2	149.07497625052633	29.968680792631584	0.0	0.0	3	1.0014516476733095	17.0759204944886	230.0	36	1.05	0.95				
	315	2	243.59158490421055	49.17937360842106	0.0	0.0	3	1.048409697133795	14.12295586944696	230.0	36	1.05	0.95				
	316	2	76.8427712631579	15.368554252631583	0.0	0.0	3	1.0432604939376287	15.412320236074038	230.0	36	1.05	0.95				
	317	1	0.0	0.0	0.0	0.0	3	1.049382160930945	15.60896944863317	230.0	37	1.05	0.95				
	318	2	255.88642830631585	52.25308445894738	0.0	0.0	3	1.0482839133729938	14.100854797170587	230.0	37	1.05	0.95				
	319	1	139.0854159863158	28.431825367368425	0.0	0.0	3	1.0353617891814382	17.09009715039628	230.0	35	1.05	0.95				
	320	1	98.35874721684212	19.979120528421056	0.0	0.0	3	1.0325943700704137	18.631570741490943	230.0	35	1.05	0.95				
	321	2	0.0	0.0	0.0	0.0	3	1.05	15.399560341833663	230.0	37	1.05	0.95				
	322	2	0.0	0.0	0.0	0.0	3	1.05	19.82863778618794	230.0	37	1.05	0.95				
	323	2	0.0	0.0	0.0	0.0	3	1.0315911078010263	19.243646933247128	230.0	35	1.05	0.95				
	324	1	0.0	0.0	0.0	0.0	3	1.0279941902691125	14.426985671512771	230.0	36	1.05	0.95				
	325	1	0.0	0.0	0.0	0.0	3	1.0343817940589346	19.02044763282593	230.0	35	1.05	0.95				
];

%% generator data
%    bus    Pg    Qg    Qmax    Qmin    Vg    mBase    status    Pmax    Pmin    Pc1    Pc2    Qc1min    Qc1max    Qc2min    Qc2max    ramp_agc    ramp_10    ramp_30    ramp_q    apf
