%% MATPOWER Case Format : Version 2
function mpc = RTS_GMLC
mpc.version = '2';

%%-----  Power Flow Data  -----%%
%% system MVA base
mpc.baseMVA = 100.0;
%% bus data
%    bus_i    type    Pd    Qd    Gs    Bs    area    Vm    Va    baseKV    zone    Vmax    Vmin
mpc.bus = [
	101	2	91.44730330105264	18.62815437614035	0.0	0.0	1	1.046076613641422	-0.08821793728844984	138.0	11	1.05	0.95				
	102	2	82.13322611298246	16.93468579649123	0.0	0.0	1	1.045717446407268	-0.2914716452622331	138.0	12	1.05	0.95				
	103	1	152.41217216842108	31.329168723508772	0.0	0.0	1	1.022304745333751	-0.9724837913192994	138.0	11	1.05	0.95				
	104	1	62.658337447017544	12.701014347368423	0.0	0.0	1	1.0224902389012256	-3.925756477696566	138.0	11	1.05	0.95				
	105	1	60.118134577543856	11.854280057543862	0.0	0.0	1	1.0358622097289536	-4.4341402616623675	138.0	11	1.05	0.95				
	106	1	115.15586341614036	23.708560115087725	0.0	-100.0	1	1.0355355624425586	-7.660925185011778	138.0	12	1.05	0.95				
	107	2	105.84178622807019	21.168357245614036	0.0	0.0	1	1.05	-6.636627083249331	138.0	12	1.05	0.95				
	108	1	144.79156356000001	29.63570014385965	0.0	0.0	1	1.022657113902452	-8.717163506880619	138.0	12	1.05	0.95				
	109	1	148.17850071929826	30.48243443368421	0.0	0.0	1	1.0268080272636646	-4.5310958327181	138.0	13	1.05	0.95				
	110	1	165.11318651578947	33.86937159298246	0.0	0.0	1	1.05	-6.240615583714946	138.0	13	1.05	0.95				
	111	1	0.0	0.0	0.0	0.0	1	1.0171696104075627	-1.6190188189848804	230.0	13	1.05	0.95				
	112	1	0.0	0.0	0.0	0.0	1	1.018520750038573	-1.1388552742446016	230.0	13	1.05	0.95				
	113	3	224.38458680350877	45.72365165052632	0.0	0.0	1	1.0191748852890716	3.33855386726737e-28	230.0	14	1.05	0.95				
	114	2	164.2664522259649	33.0226373031579	0.0	0.0	1	1.0229589182898307	0.7386481263571283	230.0	16	1.05	0.95				
	115	2	268.41476987438597	54.19099454877193	0.0	0.0	1	1.0411385914026752	10.290334050893039	230.0	16	1.05	0.95				
	116	2	84.67342898245614	16.93468579649123	0.0	0.0	1	1.0405961664783088	9.270584961114574	230.0	16	1.05	0.95				
	117	1	0.0	0.0	0.0	0.0	1	1.0442776445306357	13.555339788809603	230.0	17	1.05	0.95				
	118	2	281.962518511579	57.57793170807018	0.0	0.0	1	1.0497283803828295	14.036148773905666	230.0	17	1.05	0.95				
	119	1	153.25890645824563	31.329168723508772	0.0	0.0	1	1.0352011386836157	6.9522309748623865	230.0	15	1.05	0.95				
	120	1	108.38198909754387	22.0150915354386	0.0	0.0	1	1.0381095297478249	6.1070990198071575	230.0	15	1.05	0.95				
	121	2	0.0	0.0	0.0	0.0	1	1.05	16.017185953105116	230.0	17	1.05	0.95				
	122	2	0.0	0.0	0.0	0.0	1	1.05	27.3309276503842	230.0	17	1.05	0.95				
	123	2	0.0	0.0	0.0	0.0	1	1.0421093176194256	6.268678059483215	230.0	15	1.05	0.95				
	124	1	0.0	0.0	0.0	0.0	1	1.020022331823928	6.1041769365165095	230.0	16	1.05	0.95				
	201	2	90.4221627536842	18.419329449824563	0.0	0.0	2	1.0424156660552812	-15.039706495223665	138.0	21	1.05	0.95				
	202	2	81.21249802877193	16.744844954385965	0.0	0.0	2	1.0453567509086632	-15.16612546709384	138.0	22	1.05	0.95				
	203	1	150.70360458947368	30.977963165614035	0.0	0.0	2	1.0256148109026297	-11.19712195967966	138.0	21	1.05	0.95				
	204	1	61.95592633122807	12.558633715789473	0.0	0.0	2	1.0201465457029828	-16.246944249596424	138.0	21	1.05	0.95				
	205	1	59.44419958807017	11.721391468070177	0.0	0.0	2	1.035554501803389	-16.754641621724943	138.0	21	1.05	0.95				
	206	1	113.86494568982457	23.442782936140354	0.0	-100.0	2	1.0373194107483175	-18.505830506707706	138.0	22	1.05	0.95				
	207	2	104.65528096491228	20.931056192982457	0.0	0.0	2	0.95	-29.531074659138678	138.0	22	1.05	0.95				
	208	1	143.16842436	29.303478670175437	0.0	0.0	2	0.9555352913890052	-25.902828835333647	138.0	22	1.05	0.95				
	209	1	146.5173933508772	30.140720917894736	0.0	0.0	2	1.0265374328220749	-13.760128092971959	138.0	23	1.05	0.95				
	210	1	163.26223830526314	33.48968990877193	0.0	0.0	2	1.05	-15.872258241458942	138.0	23	1.05	0.95				
	211	1	0.0	0.0	0.0	0.0	2	1.0341363981708922	-9.711225058328704	230.0	23	1.05	0.95				
	212	1	0.0	0.0	0.0	0.0	2	1.0273637038465915	-4.519242046736329	230.0	23	1.05	0.95				
	213	2	221.869195645614	45.2110813768421	0.0	0.0	2	1.05	-6.778421011411296	230.0	24	1.05	0.95				
	214	2	162.42499605754386	32.65244766105263	0.0	0.0	2	1.05	-7.409469962980446	230.0	26	1.05	0.95				
	215	2	265.4057925270175	53.58350385403509	0.0	0.0	2	1.045961684296971	1.0448548062742307	230.0	26	1.05	0.95				
	216	2	83.72422477192983	16.744844954385965	0.0	0.0	2	1.0492128541162766	1.0121544852825544	230.0	26	1.05	0.95				
	217	1	0.0	0.0	0.0	0.0	2	1.0495474969321152	3.7724826771204065	230.0	27	1.05	0.95				
	218	2	278.8016684905263	56.93247284491228	0.0	0.0	2	1.049999992455238	3.932248724612751	230.0	27	1.05	0.95				
	219	1	151.540846837193	30.977963165614035	0.0	0.0	2	1.0429001529472823	1.4327848970093082	230.0	25	1.05	0.95				
	220	1	107.16700770807017	21.768298440701756	0.0	0.0	2	1.0453295809603136	3.3659684228052695	230.0	25	1.05	0.95				
	221	2	0.0	0.0	0.0	0.0	2	1.05	3.98330979153786	230.0	27	1.05	0.95				
	222	2	0.0	0.0	0.0	0.0	2	1.05	10.413133049877624	230.0	27	1.05	0.95				
	223	2	0.0	0.0	0.0	0.0	2	1.05	5.031884874282985	230.0	25	1.05	0.95				
	224	1	0.0	0.0	0.0	0.0	2	1.0229133177677037	-3.5010984790861426	230.0	26	1.05	0.95				
	301	2	78.78772538526316	16.04935146736842	0.0	0.0	3	0.9993033286425769	0.9767123492168834	138.0	31	1.05	0.95				
	302	2	70.76304965157895	14.590319515789474	0.0	0.0	3	1.0005297303651954	0.8389419535836969	138.0	32	1.05	0.95				
	303	1	131.31287564210527	26.992091104210523	0.0	0.0	3	1.0182025524969625	7.969729256781322	138.0	31	1.05	0.95				
	304	1	53.984182208421046	10.942739636842106	0.0	0.0	3	0.9957229983121091	3.6687550626929006	138.0	31	1.05	0.95				
	305	1	51.79563428105263	10.213223661052632	0.0	0.0	3	1.0077148054252183	2.776689091599159	138.0	31	1.05	0.95				
	306	1	99.21417270736843	20.426447322105265	0.0	-100.0	3	1.0199922601268536	2.9847784855205597	138.0	32	1.05	0.95				
	307	2	91.18949697368421	18.237899394736843	0.0	0.0	3	0.9785084473062361	-1.6942151012136877	138.0	32	1.05	0.95				
	308	1	124.74723186000001	25.533059152631576	0.0	0.0	3	0.9852588963105902	1.765593728542177	138.0	32	1.05	0.95				
	309	1	127.6652957631579	26.26257512842105	0.0	0.0	3	1.0200401740671494	8.995623844475572	138.0	33	1.05	0.95				
	310	1	142.25561527894737	29.18063903157895	0.0	0.0	3	1.038453686328555	6.9703115107089495	138.0	33	1.05	0.95				
	311	1	0.0	0.0	0.0	0.0	3	1.0103955028697271	14.928177248800164	230.0	33	1.05	0.95				
	312	1	0.0	0.0	0.0	0.0	3	1.0148031056835136	16.627231086050692	230.0	33	1.05	0.95				
	313	2	193.3217335842105	39.39386269263158	0.0	0.0	3	1.0402642974700527	23.88990167960438	230.0	34	1.05	0.95				
	314	2	141.5260993031579	28.451123055789473	0.0	0.0	3	1.0153167418741822	13.794172192271617	230.0	36	1.05	0.95				
	315	2	231.25656432526313	46.689022450526316	0.0	0.0	3	1.0417426059199264	12.929393493345598	230.0	36	1.05	0.95				
	316	2	72.95159757894737	14.590319515789474	0.0	0.0	3	1.040989057176011	14.345151107470107	230.0	36	1.05	0.95				
	317	1	0.0	0.0	0.0	0.0	3	1.05	15.902736195765826	230.0	37	1.05	0.95				
	318	2	242.92881993789473	49.60708635368422	0.0	0.0	3	1.0468218871426247	13.451508973313084	230.0	37	1.05	0.95				
	319	1	132.04239161789474	26.992091104210523	0.0	0.0	3	1.0371869328037795	15.719391883721782	230.0	35	1.05	0.95				
	320	1	93.37804490105263	18.967415370526318	0.0	0.0	3	1.03789432945945	17.147389107857308	230.0	35	1.05	0.95				
	321	2	0.0	0.0	0.0	0.0	3	1.0458979739437921	13.905069460284802	230.0	37	1.05	0.95				
	322	2	0.0	0.0	0.0	0.0	3	1.05	19.031535777566514	230.0	37	1.05	0.95				
	323	2	0.0	0.0	0.0	0.0	3	1.0384742353041774	17.6365263469759	230.0	35	1.05	0.95				
	324	1	0.0	0.0	0.0	0.0	3	1.0281019032297207	13.028913909338272	230.0	36	1.05	0.95				
	325	1	0.0	0.0	0.0	0.0	3	1.0405604943874145	17.50475839636052	230.0	35	1.05	0.95				
];
