%% MATPOWER Case Format : Version 2
function mpc = RTS_GMLC
mpc.version = '2';

%%-----  Power Flow Data  -----%%
%% system MVA base
mpc.baseMVA = 100.0;
%% bus data
%    bus_i    type    Pd    Qd    Gs    Bs    area    Vm    Va    baseKV    zone    Vmax    Vmin
mpc.bus = [
	101	2	57.87431965894737	11.789213263859649	0.0	0.0	1	1.0348180695489158	2.8925921266968273	138.0	11	1.05	0.95				
	102	2	51.97971302701754	10.717466603508772	0.0	0.0	1	1.0348677611155528	2.857621805569907	138.0	12	1.05	0.95				
	103	1	96.45719943157894	19.827313216491227	0.0	0.0	1	1.0264019629229997	0.7455853131712834	138.0	11	1.05	0.95				
	104	1	39.654626432982454	8.03809995263158	0.0	0.0	1	1.0203715062358674	-0.6954967994945181	138.0	11	1.05	0.95				
	105	1	38.04700644245614	7.502226622456141	0.0	0.0	1	1.034925421277617	-0.5287766922840014	138.0	11	1.05	0.95				
	106	1	72.87877290385966	15.004453244912282	0.0	-100.0	1	1.042561792455635	-2.942811342733454	138.0	12	1.05	0.95				
	107	2	66.98416627192982	13.396833254385964	0.0	0.0	1	1.0336843693433617	-1.809943472056533	138.0	12	1.05	0.95				
	108	1	91.63433945999999	18.755566556140348	0.0	0.0	1	1.0222443384573363	-3.5160917846777617	138.0	12	1.05	0.95				
	109	1	93.77783278070176	19.29143988631579	0.0	0.0	1	1.0256245395557082	-1.4426773870705132	138.0	13	1.05	0.95				
	110	1	104.49529938421051	21.434933207017544	0.0	0.0	1	1.05	-2.315430861582649	138.0	13	1.05	0.95				
	111	1	0.0	0.0	0.0	0.0	1	1.0057510140087862	0.07460702305082147	230.0	13	1.05	0.95				
	112	1	0.0	0.0	0.0	0.0	1	1.0108274901746683	0.5211007531095968	230.0	13	1.05	0.95				
	113	3	142.00643249649124	28.937159829473686	0.0	0.0	1	0.9988876762266731	1.5773929214953827e-30	230.0	14	1.05	0.95				
	114	2	103.95942605403508	20.899059876842106	0.0	0.0	1	1.0030158034743368	2.206319739692459	230.0	16	1.05	0.95				
	115	2	169.87184566561402	34.29589313122807	0.0	0.0	1	1.0409321922351553	8.865653043169576	230.0	16	1.05	0.95				
	116	2	53.587333017543855	10.717466603508772	0.0	0.0	1	1.03711092709818	8.353627673490074	230.0	16	1.05	0.95				
	117	1	0.0	0.0	0.0	0.0	1	1.0442699638412696	10.758408986678772	230.0	17	1.05	0.95				
	118	2	178.44581894842108	36.43938645192983	0.0	0.0	1	1.0472659027383902	11.073117079502085	230.0	17	1.05	0.95				
	119	1	96.99307276175439	19.827313216491227	0.0	0.0	1	1.0304271295428042	7.011631504501287	230.0	15	1.05	0.95				
	120	1	68.59178626245614	13.932706584561405	0.0	0.0	1	1.0289684883103365	6.871621430222106	230.0	15	1.05	0.95				
	121	2	0.0	0.0	0.0	0.0	1	1.05	11.623296985873813	230.0	17	1.05	0.95				
	122	2	0.0	0.0	0.0	0.0	1	1.05	18.115951150394107	230.0	17	1.05	0.95				
	123	2	0.0	0.0	0.0	0.0	1	1.029197771822893	7.202906599949335	230.0	15	1.05	0.95				
	124	1	0.0	0.0	0.0	0.0	1	1.0251262044212852	5.841555250336749	230.0	16	1.05	0.95				
	201	2	61.59042970105264	12.546198642807019	0.0	0.0	2	1.0328525034235267	-8.95334362044885	138.0	21	1.05	0.95				
	202	2	55.317330379649135	11.405635129824564	0.0	0.0	2	1.0330131158946585	-9.036503754674373	138.0	22	1.05	0.95				
	203	1	102.65071616842107	21.10042499017544	0.0	0.0	2	1.0236136182854079	-6.795544631939295	138.0	21	1.05	0.95				
	204	1	42.20084998035088	8.554226347368422	0.0	0.0	2	1.0183071846789558	-11.352220576578539	138.0	21	1.05	0.95				
	205	1	40.490004710877194	7.983944590877194	0.0	0.0	2	1.033977336047066	-11.640871810148294	138.0	21	1.05	0.95				
	206	1	77.55831888280703	15.967889181754389	0.0	-100.0	2	1.041678743884812	-13.692697048706114	138.0	22	1.05	0.95				
	207	2	71.28521956140352	14.257043912280704	0.0	0.0	2	0.9877789999965166	-22.30708011377405	138.0	22	1.05	0.95				
	208	1	97.51818036	19.959861477192984	0.0	0.0	2	0.9896504099588328	-19.593639541289523	138.0	22	1.05	0.95				
	209	1	99.79930738596492	20.53014323368421	0.0	0.0	2	1.0236335775722063	-10.93225749809507	138.0	23	1.05	0.95				
	210	1	111.2049425157895	22.811270259649127	0.0	0.0	2	1.05	-12.564844217302026	138.0	23	1.05	0.95				
	211	1	0.0	0.0	0.0	0.0	2	1.0134466267375433	-7.949458289651988	230.0	23	1.05	0.95				
	212	1	0.0	0.0	0.0	0.0	2	1.0140889430195326	-7.149949499106425	230.0	23	1.05	0.95				
	213	2	151.12466547017544	30.79521485052632	0.0	0.0	2	1.0121750850375635	-6.84996625138647	230.0	24	1.05	0.95				
	214	2	110.63466075929827	22.2409885031579	0.0	0.0	2	1.0201670190491336	-5.085295570682239	230.0	26	1.05	0.95				
	215	2	180.77931680771934	36.4980324154386	0.0	0.0	2	1.0339988271300455	2.572703568701363	230.0	26	1.05	0.95				
	216	2	57.028175649122815	11.405635129824564	0.0	0.0	2	1.0370290904054034	2.436144555669927	230.0	26	1.05	0.95				
	217	1	0.0	0.0	0.0	0.0	2	1.0402106009478533	5.494354102085344	230.0	27	1.05	0.95				
	218	2	189.90382491157897	38.779159441403515	0.0	0.0	2	1.0418134357881121	5.952802884413586	230.0	27	1.05	0.95				
	219	1	103.22099792491231	21.10042499017544	0.0	0.0	2	1.0369536035732605	1.6642235613140828	230.0	25	1.05	0.95				
	220	1	72.9960648308772	14.827325668771932	0.0	0.0	2	1.041390803626787	2.078974490307509	230.0	25	1.05	0.95				
	221	2	0.0	0.0	0.0	0.0	2	1.0415645967131641	5.669094164670442	230.0	27	1.05	0.95				
	222	2	0.0	0.0	0.0	0.0	2	1.05	12.104268771473114	230.0	27	1.05	0.95				
	223	2	0.0	0.0	0.0	0.0	2	1.0451023757169648	2.726179519964573	230.0	25	1.05	0.95				
	224	1	0.0	0.0	0.0	0.0	2	1.0184392251750773	-0.9348573454426868	230.0	26	1.05	0.95				
	301	2	48.10629546947369	9.799430558596493	0.0	0.0	3	1.0071301376417057	-19.993816024563884	138.0	31	1.05	0.95				
	302	2	43.206580190175444	8.90857323508772	0.0	0.0	3	1.006772383003778	-20.10582823139694	138.0	32	1.05	0.95				
	303	1	80.1771591157895	16.48086048491228	0.0	0.0	3	1.0232254070046898	-14.483207961064753	138.0	31	1.05	0.95				
	304	1	32.96172096982456	6.681429926315789	0.0	0.0	3	1.0096485255989514	-18.620938279656425	138.0	31	1.05	0.95				
	305	1	31.62543498456141	6.236001264561405	0.0	0.0	3	1.0227184632710233	-19.364695603757834	138.0	31	1.05	0.95				
	306	1	60.5782979985965	12.47200252912281	0.0	-100.0	3	1.039639050528554	-19.54129145584198	138.0	32	1.05	0.95				
	307	2	55.678582719298255	11.13571654385965	0.0	0.0	3	0.9931441820105307	-24.44652281700457	138.0	32	1.05	0.95				
	308	1	76.16830116000001	15.590003161403509	0.0	0.0	3	0.9989104568014392	-22.427008973727805	138.0	32	1.05	0.95				
	309	1	77.95001580701755	16.035431823157893	0.0	0.0	3	1.0261593608701312	-15.583513581683967	138.0	33	1.05	0.95				
	310	1	86.85858904210527	17.81714647017544	0.0	0.0	3	1.05	-17.302716075534672	138.0	33	1.05	0.95				
	311	1	0.0	0.0	0.0	0.0	3	1.009837172601049	-11.30217342609774	230.0	33	1.05	0.95				
	312	1	0.0	0.0	0.0	0.0	3	1.01205115952757	-10.839464714776128	230.0	33	1.05	0.95				
	313	2	118.03859536491228	24.053147734736847	0.0	0.0	3	1.0123647482675093	-7.771976430408245	230.0	34	1.05	0.95				
	314	2	86.41316038035089	17.371717808421057	0.0	0.0	3	1.0137033312692998	-9.17882269328889	230.0	36	1.05	0.95				
	315	2	141.20088577614035	28.507434352280704	0.0	0.0	3	1.0398103719278013	-3.9837347546724993	230.0	36	1.05	0.95				
	316	2	44.5428661754386	8.90857323508772	0.0	0.0	3	1.0382906593856258	-3.5437413379559217	230.0	36	1.05	0.95				
	317	1	0.0	0.0	0.0	0.0	3	1.0429492731360392	-1.8629265051634243	230.0	37	1.05	0.95				
	318	2	148.32774436421056	30.28914899929825	0.0	0.0	3	1.0433701993917905	-1.6150633060810784	230.0	37	1.05	0.95				
	319	1	80.62258777754387	16.48086048491228	0.0	0.0	3	1.0339939157639586	-4.467967749573063	230.0	35	1.05	0.95				
	320	1	57.01486870456141	11.581145205614037	0.0	0.0	3	1.0333698368928916	-4.417989942026699	230.0	35	1.05	0.95				
	321	2	0.0	0.0	0.0	0.0	3	1.045690391988963	-0.9115629722218553	230.0	37	1.05	0.95				
	322	2	0.0	0.0	0.0	0.0	3	1.05	3.06331076563997	230.0	37	1.05	0.95				
	323	2	0.0	0.0	0.0	0.0	3	1.0336470037894465	-4.052058739120566	230.0	35	1.05	0.95				
	324	1	0.0	0.0	0.0	0.0	3	1.0205142469055604	-7.893075707498486	230.0	36	1.05	0.95				
	325	1	0.0	0.0	0.0	0.0	3	1.030183800553528	-2.740607815486843	230.0	35	1.05	0.95				
];
