%% MATPOWER Case Format : Version 2
function mpc = RTS_GMLC
mpc.version = '2';

%%-----  Power Flow Data  -----%%
%% system MVA base
mpc.baseMVA = 100.0;
%% bus data
%    bus_i    type    Pd    Qd    Gs    Bs    area    Vm    Va    baseKV    zone    Vmax    Vmin
mpc.bus = [
	101	2	56.57842652210526	11.525235032280703	0.0	0.0	1	1.0291006061953778	-1.1340760582788851	138.0	11	1.05	0.95				
	102	2	50.81580900596491	10.477486392982456	0.0	0.0	1	1.028149077506612	-1.4344670156105424	138.0	12	1.05	0.95				
	103	1	94.2973775368421	19.383349827017543	0.0	0.0	1	1.0267420187872478	-0.8329375290513951	138.0	11	1.05	0.95				
	104	1	38.76669965403509	7.858114794736841	0.0	0.0	1	1.0177557333391474	-4.028556441020793	138.0	11	1.05	0.95				
	105	1	37.195076695087714	7.33424047508772	0.0	0.0	1	1.0325521698286866	-4.015462677309651	138.0	11	1.05	0.95				
	106	1	71.24690747228071	14.66848095017544	0.0	-100.0	1	1.041752107442678	-6.185177828379337	138.0	12	1.05	0.95				
	107	2	65.48428995614034	13.09685799122807	0.0	0.0	1	1.0001716498916131	-13.566047327147333	138.0	12	1.05	0.95				
	108	1	89.58250865999999	18.3356011877193	0.0	0.0	1	0.999863152352045	-11.406272697671406	138.0	12	1.05	0.95				
	109	1	91.67800593859648	18.85947550736842	0.0	0.0	1	1.0251490286909561	-4.0131806693227805	138.0	13	1.05	0.95				
	110	1	102.15549233157894	20.954972785964912	0.0	0.0	1	1.05	-5.269395592211799	138.0	13	1.05	0.95				
	111	1	0.0	0.0	0.0	0.0	1	1.0098639369459153	-0.9804358405270391	230.0	13	1.05	0.95				
	112	1	0.0	0.0	0.0	0.0	1	1.013217071834684	-0.9752439319413494	230.0	13	1.05	0.95				
	113	3	138.82669470701754	28.28921326105263	0.0	0.0	1	1.0076762523342915	-1.1070504373276671e-30	230.0	14	1.05	0.95				
	114	2	101.63161801192982	20.431098466315788	0.0	0.0	1	1.0125888913326637	1.8976620460575992	230.0	16	1.05	0.95				
	115	2	166.0681593287719	33.52795645754386	0.0	0.0	1	1.044007307128886	9.771581700182358	230.0	16	1.05	0.95				
	116	2	52.38743196491228	10.477486392982456	0.0	0.0	1	1.041043251973261	9.033355087073819	230.0	16	1.05	0.95				
	117	1	0.0	0.0	0.0	0.0	1	1.043811946396355	13.075421280165424	230.0	17	1.05	0.95				
	118	2	174.4501484431579	35.623453736140355	0.0	0.0	1	1.0486448977795004	13.384444701212844	230.0	17	1.05	0.95				
	119	1	94.82125185649123	19.383349827017543	0.0	0.0	1	1.0338660416111636	6.7375714387939665	230.0	15	1.05	0.95				
	120	1	67.05591291508772	13.620732310877193	0.0	0.0	1	1.032527894575444	5.732307162797002	230.0	15	1.05	0.95				
	121	2	0.0	0.0	0.0	0.0	1	1.05	14.892313336760111	230.0	17	1.05	0.95				
	122	2	0.0	0.0	0.0	0.0	1	1.05	27.193053339151934	230.0	17	1.05	0.95				
	123	2	0.0	0.0	0.0	0.0	1	1.0327308760246954	5.574903145842516	230.0	15	1.05	0.95				
	124	1	0.0	0.0	0.0	0.0	1	1.0242736160117545	5.825278903784499	230.0	16	1.05	0.95				
	201	2	62.763418875789476	12.785140882105264	0.0	0.0	2	1.024272111282906	-15.503473110395582	138.0	21	1.05	0.95				
	202	2	56.37084843473684	11.622855347368422	0.0	0.0	2	1.0251886992055332	-15.369484503110943	138.0	22	1.05	0.95				
	203	1	104.60569812631579	21.50228239263158	0.0	0.0	2	1.0159194731868118	-13.012762257451536	138.0	21	1.05	0.95				
	204	1	43.00456478526316	8.717141510526316	0.0	0.0	2	1.0148340893039025	-16.67730160272717	138.0	21	1.05	0.95				
	205	1	41.2611364831579	8.135998743157897	0.0	0.0	2	1.029835982813807	-17.128983688713355	138.0	21	1.05	0.95				
	206	1	79.03541636210527	16.271997486315794	0.0	-100.0	2	1.039921970686362	-18.55769457150061	138.0	22	1.05	0.95				
	207	2	72.64284592105264	14.528569184210527	0.0	0.0	2	0.989312508752892	-26.929692641307703	138.0	22	1.05	0.95				
	208	1	99.37541322	20.33999685789474	0.0	0.0	2	0.9900976484290057	-24.15255401988135	138.0	22	1.05	0.95				
	209	1	101.69998428947369	20.92113962526316	0.0	0.0	2	1.023949255122952	-15.365619254725878	138.0	23	1.05	0.95				
	210	1	113.3228396368421	23.245710694736843	0.0	0.0	2	1.05	-16.91707393169769	138.0	23	1.05	0.95				
	211	1	0.0	0.0	0.0	0.0	2	1.0161335990643996	-11.50804358248896	230.0	23	1.05	0.95				
	212	1	0.0	0.0	0.0	0.0	2	1.014276392980989	-10.270630914590262	230.0	23	1.05	0.95				
	213	2	154.0028333526316	31.381709437894738	0.0	0.0	2	1.018981111669593	-9.700166611057227	230.0	24	1.05	0.95				
	214	2	112.74169686947369	22.664567927368424	0.0	0.0	2	1.0247717949724453	-8.473922887294476	230.0	26	1.05	0.95				
	215	2	184.22225725578946	37.19313711157895	0.0	0.0	2	1.036266793100513	-0.5878233363844294	230.0	26	1.05	0.95				
	216	2	58.11427673684211	11.622855347368422	0.0	0.0	2	1.0390383659274287	-0.6360327184492269	230.0	26	1.05	0.95				
	217	1	0.0	0.0	0.0	0.0	2	1.041051067459055	2.091208262399738	230.0	27	1.05	0.95				
	218	2	193.52054153368422	39.51770818105263	0.0	0.0	2	1.0415220702565504	2.066963491251355	230.0	27	1.05	0.95				
	219	1	105.18684089368422	21.50228239263158	0.0	0.0	2	1.0399286791203763	-0.4690362612486088	230.0	25	1.05	0.95				
	220	1	74.3862742231579	15.10971195157895	0.0	0.0	2	1.045365211843734	0.7712818656810929	230.0	25	1.05	0.95				
	221	2	0.0	0.0	0.0	0.0	2	1.041788577087345	1.95807140845254	230.0	27	1.05	0.95				
	222	2	0.0	0.0	0.0	0.0	2	1.05	8.514655497840367	230.0	27	1.05	0.95				
	223	2	0.0	0.0	0.0	0.0	2	1.05	1.8722939323851164	230.0	25	1.05	0.95				
	224	1	0.0	0.0	0.0	0.0	2	1.013112927850492	-5.201224853214347	230.0	26	1.05	0.95				
	301	2	50.63460930947369	10.314457451929824	0.0	0.0	3	1.0114835507481432	1.3070340545091672	138.0	31	1.05	0.95				
	302	2	45.47738058350877	9.376779501754386	0.0	0.0	3	1.010692318087546	1.0454859454019838	138.0	32	1.05	0.95				
	303	1	84.39101551578946	17.34704207824561	0.0	0.0	3	1.0488439535936576	12.958040885304504	138.0	31	1.05	0.95				
	304	1	34.69408415649122	7.0325846263157885	0.0	0.0	3	1.0123678066906125	2.789142666323116	138.0	31	1.05	0.95				
	305	1	33.28756723122807	6.56374565122807	0.0	0.0	3	1.024933199949051	0.45091458133226936	138.0	31	1.05	0.95				
	306	1	63.76210061192983	13.12749130245614	0.0	-100.0	3	1.0398823783678874	-0.5685864323664563	138.0	32	1.05	0.95				
	307	2	58.604871885964904	11.72097437719298	0.0	0.0	3	0.9891703605048963	-4.835172475506278	138.0	32	1.05	0.95				
	308	1	80.17146474	16.409364128070173	0.0	0.0	3	0.9958726984002357	-2.7030963995803887	138.0	32	1.05	0.95				
	309	1	82.04682064035087	16.878203103157894	0.0	0.0	3	1.0290699813219293	6.120267516361595	138.0	33	1.05	0.95				
	310	1	91.42360014210526	18.753559003508773	0.0	0.0	3	1.05	1.104204013126611	138.0	33	1.05	0.95				
	311	1	0.0	0.0	0.0	0.0	3	1.010712373221136	5.8297533144084746	230.0	33	1.05	0.95				
	312	1	0.0	0.0	0.0	0.0	3	1.0157237967387582	6.269208723085921	230.0	33	1.05	0.95				
	313	2	124.2423283982456	25.317304654736844	0.0	0.0	3	1.0126013036012884	8.283449477843034	230.0	34	1.05	0.95				
	314	2	90.95476116701754	18.284720028421052	0.0	0.0	3	1.0056016876162173	6.008982001318419	230.0	36	1.05	0.95				
	315	2	148.621955102807	30.005694405614037	0.0	0.0	3	1.0423431524691193	9.277344911428473	230.0	36	1.05	0.95				
	316	2	46.88389750877192	9.376779501754386	0.0	0.0	3	1.0367708413690773	9.038386221264567	230.0	36	1.05	0.95				
	317	1	0.0	0.0	0.0	0.0	3	1.05	13.080151186405123	230.0	37	1.05	0.95				
	318	2	156.12337870421052	31.881050305964916	0.0	0.0	3	1.0478079986034208	10.821642533202107	230.0	37	1.05	0.95				
	319	1	84.85985449087718	17.34704207824561	0.0	0.0	3	1.0281797433491275	8.074396751186622	230.0	35	1.05	0.95				
	320	1	60.01138881122807	12.189813352280702	0.0	0.0	3	1.024150741611895	8.139582126189232	230.0	35	1.05	0.95				
	321	2	0.0	0.0	0.0	0.0	3	1.0466889437252422	10.928719304605956	230.0	37	1.05	0.95				
	322	2	0.0	0.0	0.0	0.0	3	1.05	16.116761132099526	230.0	37	1.05	0.95				
	323	2	0.0	0.0	0.0	0.0	3	1.0226990745390792	8.5392769840127	230.0	35	1.05	0.95				
	324	1	0.0	0.0	0.0	0.0	3	1.041944704510343	10.687717555894341	230.0	36	1.05	0.95				
	325	1	0.0	0.0	0.0	0.0	3	1.0242500103387853	9.095179085445642	230.0	35	1.05	0.95				
];
