%% MATPOWER Case Format : Version 2
function mpc = RTS_GMLC
mpc.version = '2';

%%-----  Power Flow Data  -----%%
%% system MVA base
mpc.baseMVA = 100.0;
%% bus data
%    bus_i    type    Pd    Qd    Gs    Bs    area    Vm    Va    baseKV    zone    Vmax    Vmin
mpc.bus = [
	101	2	84.5536863031579	17.223899061754388	0.0	0.0	1	1.048081334707465	0.756434826280485	138.0	11	1.05	0.95				
	102	2	75.9417367722807	15.658090056140352	0.0	0.0	1	1.0475883840684483	0.5426269076904675	138.0	12	1.05	0.95				
	103	1	140.9228105052632	28.967466603859656	0.0	0.0	1	1.0270432115066883	-1.1628856187629624	138.0	11	1.05	0.95				
	104	1	57.93493320771931	11.743567542105264	0.0	0.0	1	1.024879935560241	-3.151516746079182	138.0	11	1.05	0.95				
	105	1	55.58621969929825	10.960663039298248	0.0	0.0	1	1.037712648370308	-3.5806398639750143	138.0	11	1.05	0.95				
	106	1	106.47501238175441	21.921326078596497	0.0	-100.0	1	1.0378746235743783	-6.755895996681744	138.0	12	1.05	0.95				
	107	2	97.8630628508772	19.57261257017544	0.0	0.0	1	1.043980463241401	-5.536482850536209	138.0	12	1.05	0.95				
	108	1	133.87666998	27.401657598245617	0.0	0.0	1	1.0211898524363356	-7.676670709831692	138.0	12	1.05	0.95				
	109	1	137.0082879912281	28.184562101052634	0.0	0.0	1	1.0271805059120838	-4.138608910035991	138.0	13	1.05	0.95				
	110	1	152.66637804736843	31.316180112280705	0.0	0.0	1	1.05	-5.59023296132058	138.0	13	1.05	0.95				
	111	1	0.0	0.0	0.0	0.0	1	1.0133377677287896	-1.7512072016932234	230.0	13	1.05	0.95				
	112	1	0.0	0.0	0.0	0.0	1	1.0167814719715211	-1.031086899231511	230.0	13	1.05	0.95				
	113	3	207.46969324385964	42.27684315157895	0.0	0.0	1	1.014305248872455	1.1152192552101862e-30	230.0	14	1.05	0.95				
	114	2	151.8834735445614	30.533275609473687	0.0	0.0	1	1.0138086729062281	-0.11267476746615565	230.0	16	1.05	0.95				
	115	2	248.18072738982457	50.10588817964913	0.0	0.0	1	1.0441046523814907	7.711742855893539	230.0	16	1.05	0.95				
	116	2	78.29045028070176	15.658090056140352	0.0	0.0	1	1.0415065314225769	6.9421192258654445	230.0	16	1.05	0.95				
	117	1	0.0	0.0	0.0	0.0	1	1.0452703487310846	9.838964051870066	230.0	17	1.05	0.95				
	118	2	260.7071994347369	53.237506190877205	0.0	0.0	1	1.0472828685284628	10.279487422993173	230.0	17	1.05	0.95				
	119	1	141.7057150080702	28.967466603859656	0.0	0.0	1	1.0349441729333764	5.515967961762854	230.0	15	1.05	0.95				
	120	1	100.21177635929826	20.355517072982458	0.0	0.0	1	1.0353438502544476	5.271227711130327	230.0	15	1.05	0.95				
	121	2	0.0	0.0	0.0	0.0	1	1.05	12.017042071050579	230.0	17	1.05	0.95				
	122	2	0.0	0.0	0.0	0.0	1	1.05	18.296340423690932	230.0	17	1.05	0.95				
	123	2	0.0	0.0	0.0	0.0	1	1.037719085661677	5.719291445514719	230.0	15	1.05	0.95				
	124	1	0.0	0.0	0.0	0.0	1	1.0264929590598848	4.412865525791102	230.0	16	1.05	0.95				
	201	2	80.35825592842104	16.36927435578947	0.0	0.0	2	1.0387140135875477	-14.901874023377209	138.0	21	1.05	0.95				
	202	2	72.17361875052632	14.881158505263157	0.0	0.0	2	1.0389216603399234	-15.012351953519353	138.0	22	1.05	0.95				
	203	1	133.93042654736843	27.530143234736844	0.0	0.0	2	1.0247147690392182	-10.985897398339278	138.0	21	1.05	0.95				
	204	1	55.06028646947369	11.160868878947367	0.0	0.0	2	1.0183003753917206	-16.59989036200478	138.0	21	1.05	0.95				
	205	1	52.828112693684204	10.41681095368421	0.0	0.0	2	1.0348511057193959	-17.09378491720556	138.0	21	1.05	0.95				
	206	1	101.19187783578947	20.83362190736842	0.0	-100.0	2	1.0383425047862314	-19.026835390636396	138.0	22	1.05	0.95				
	207	2	93.00724065789473	18.601448131578945	0.0	0.0	2	0.9600683804692284	-30.112394597622885	138.0	22	1.05	0.95				
	208	1	127.23390522	26.042027384210524	0.0	0.0	2	0.9647692252905269	-26.400564171582083	138.0	22	1.05	0.95				
	209	1	130.21013692105262	26.786085309473684	0.0	0.0	2	1.0249164928071526	-14.891553877893461	138.0	23	1.05	0.95				
	210	1	145.09129542631578	29.762317010526314	0.0	0.0	2	1.05	-16.983557528185177	138.0	23	1.05	0.95				
	211	1	0.0	0.0	0.0	0.0	2	1.0282420858325674	-10.96616592407915	230.0	23	1.05	0.95				
	212	1	0.0	0.0	0.0	0.0	2	1.0219800485395427	-8.082990196618619	230.0	23	1.05	0.95				
	213	2	197.1753501947368	40.17912796421052	0.0	0.0	2	1.0362641031231608	-8.831574960047696	230.0	24	1.05	0.95				
	214	2	144.34723750105263	29.018259085263153	0.0	0.0	2	1.0452941948011674	-8.031529257848877	230.0	26	1.05	0.95				
	215	2	235.86636230842103	47.6197072168421	0.0	0.0	2	1.0444246229611467	0.9378092826220197	230.0	26	1.05	0.95				
	216	2	74.40579252631578	14.881158505263157	0.0	0.0	2	1.047612857930766	0.7199617652091335	230.0	26	1.05	0.95				
	217	1	0.0	0.0	0.0	0.0	2	1.0482811342633278	3.9580099320693765	230.0	27	1.05	0.95				
	218	2	247.77128911263156	50.595938917894735	0.0	0.0	2	1.0497526594012412	4.473094393296931	230.0	27	1.05	0.95				
	219	1	134.67448447263158	27.530143234736844	0.0	0.0	2	1.0433131750956073	0.4579614787445879	230.0	25	1.05	0.95				
	220	1	95.2394144336842	19.345506056842105	0.0	0.0	2	1.0460860669017447	1.6221976340822724	230.0	25	1.05	0.95				
	221	2	0.0	0.0	0.0	0.0	2	1.05	4.644645255646207	230.0	27	1.05	0.95				
	222	2	0.0	0.0	0.0	0.0	2	1.05	10.887179908740949	230.0	27	1.05	0.95				
	223	2	0.0	0.0	0.0	0.0	2	1.05	2.800765108598188	230.0	25	1.05	0.95				
	224	1	0.0	0.0	0.0	0.0	2	1.022066655198563	-3.4919080871482806	230.0	26	1.05	0.95				
	301	2	75.66149952	15.412527679999998	0.0	0.0	3	0.9858054172258135	-3.5881821043485917	138.0	31	1.05	0.95				
	302	2	67.95523567999999	14.011388799999999	0.0	0.0	3	0.9873221399227758	-3.679258497643806	138.0	32	1.05	0.95				
	303	1	126.10249920000001	25.921069279999998	0.0	0.0	3	1.001231613672495	1.1405835371911097	138.0	31	1.05	0.95				
	304	1	51.842138559999995	10.508541600000001	0.0	0.0	3	0.9839193725617668	-1.0437702277061858	138.0	31	1.05	0.95				
	305	1	49.740430239999995	9.80797216	0.0	0.0	3	0.9960706393939006	-1.2641782152973928	138.0	31	1.05	0.95				
	306	1	95.27744384	19.61594432	0.0	-100.0	3	1.0100219194026903	-0.7573966189548699	138.0	32	1.05	0.95				
	307	2	87.57118	17.514236	0.0	0.0	3	0.9656111316784232	-5.761357288728059	138.0	32	1.05	0.95				
	308	1	119.79737423999998	24.519930399999996	0.0	0.0	3	0.9738120948618	-2.380988519770735	138.0	32	1.05	0.95				
	309	1	122.599652	25.22049984	0.0	0.0	3	1.0081590359406725	4.072876939086521	138.0	33	1.05	0.95				
	310	1	136.61104079999998	28.022777599999998	0.0	0.0	3	1.0291351350744846	3.3953778677413147	138.0	33	1.05	0.95				
	311	1	0.0	0.0	0.0	0.0	3	1.0010948699410833	11.204473813147505	230.0	33	1.05	0.95				
	312	1	0.0	0.0	0.0	0.0	3	1.0056558088739131	12.634835045971137	230.0	33	1.05	0.95				
	313	2	185.6509016	37.83074976	0.0	0.0	3	1.0322127326382795	20.31519246438554	230.0	34	1.05	0.95				
	314	2	135.91047135999997	27.32220816	0.0	0.0	3	1.0078452835315008	10.416817004072538	230.0	36	1.05	0.95				
	315	2	222.08051248	44.83644416	0.0	0.0	3	1.035934406326839	7.446587585537132	230.0	36	1.05	0.95				
	316	2	70.056944	14.011388799999999	0.0	0.0	3	1.0344969751857906	8.660183251466423	230.0	36	1.05	0.95				
	317	1	0.0	0.0	0.0	0.0	3	1.0402792401715109	8.280188898068895	230.0	37	1.05	0.95				
	318	2	233.28962352000002	47.63872192	0.0	0.0	3	1.040245506490441	7.453091503605512	230.0	37	1.05	0.95				
	319	1	126.80306863999999	25.921069279999998	0.0	0.0	3	1.0310441445204126	10.594693971745235	230.0	35	1.05	0.95				
	320	1	89.67288832	18.21480544	0.0	0.0	3	1.032248813524416	12.47558695828274	230.0	35	1.05	0.95				
	321	2	0.0	0.0	0.0	0.0	3	1.0422058364499036	8.884798226982838	230.0	37	1.05	0.95				
	322	2	0.0	0.0	0.0	0.0	3	1.05	12.968521539543229	230.0	37	1.05	0.95				
	323	2	0.0	0.0	0.0	0.0	3	1.0331558815140771	13.170387444520678	230.0	35	1.05	0.95				
	324	1	0.0	0.0	0.0	0.0	3	1.0168565350106034	7.00309681891139	230.0	36	1.05	0.95				
	325	1	0.0	0.0	0.0	0.0	3	1.0356186772339653	13.080525409554154	230.0	35	1.05	0.95				
];

%% generator data
%    bus    Pg    Qg    Qmax    Qmin    Vg    mBase    status    Pmax    Pmin    Pc1    Pc2    Qc1min    Qc1max    Qc2min    Qc2max    ramp_agc    ramp_10    ramp_30    ramp_q    apf
