%% MATPOWER Case Format : Version 2
function mpc = RTS_GMLC
mpc.version = '2';

%%-----  Power Flow Data  -----%%
%% system MVA base
mpc.baseMVA = 100.0;
%% bus data
%    bus_i    type    Pd    Qd    Gs    Bs    area    Vm    Va    baseKV    zone    Vmax    Vmin
mpc.bus = [
	101	2	101.8278080336842	20.74270163649123	0.0	0.0	1	1.047353959919221	-2.4530956198503433	138.0	11	1.05	0.95				
	102	2	91.45645721543859	18.857001487719298	0.0	0.0	1	1.0470867619330118	-2.6368334216854503	138.0	12	1.05	0.95				
	103	1	169.7130133894737	34.8854527522807	0.0	0.0	1	1.0176697425038124	-2.4766205760319493	138.0	11	1.05	0.95				
	104	1	69.7709055045614	14.142751115789473	0.0	0.0	1	1.0214190870156137	-5.959933900731442	138.0	11	1.05	0.95				
	105	1	66.94235528140351	13.19990104140351	0.0	0.0	1	1.035474342987999	-6.577048582080573	138.0	11	1.05	0.95				
	106	1	128.22761011649123	26.39980208280702	0.0	-100.0	1	1.0332002566061944	-9.759681091244705	138.0	12	1.05	0.95				
	107	2	117.85625929824562	23.571251859649124	0.0	0.0	1	1.05	-8.128774331096652	138.0	12	1.05	0.95				
	108	1	161.22736272	32.99975260350877	0.0	0.0	1	1.0196700910370404	-10.51562808676504	138.0	12	1.05	0.95				
	109	1	164.99876301754387	33.94260267789473	0.0	0.0	1	1.0268041971340363	-5.918929887848646	138.0	13	1.05	0.95				
	110	1	183.85576450526315	37.714002975438596	0.0	0.0	1	1.05	-7.858663092251844	138.0	13	1.05	0.95				
	111	1	0.0	0.0	0.0	0.0	1	1.022346906639749	-2.300340869603362	230.0	13	1.05	0.95				
	112	1	0.0	0.0	0.0	0.0	1	1.0207358492715473	-1.5932338172286877	230.0	13	1.05	0.95				
	113	3	249.85526971228072	50.9139040168421	0.0	0.0	1	1.027687936921278	1.2369883342006149e-29	230.0	14	1.05	0.95				
	114	2	182.91291443087718	36.77115290105263	0.0	0.0	1	1.0334327690939016	0.20504121527879285	230.0	16	1.05	0.95				
	115	2	298.8834735803509	60.342404760701754	0.0	0.0	1	1.0400573972430536	10.637765968912676	230.0	16	1.05	0.95				
	116	2	94.2850074385965	18.857001487719298	0.0	0.0	1	1.0416841486238637	9.598200432191808	230.0	16	1.05	0.95				
	117	1	0.0	0.0	0.0	0.0	1	1.0454842381215157	14.282299736630906	230.0	17	1.05	0.95				
	118	2	313.96907477052633	64.11380505824562	0.0	0.0	1	1.05	15.451645136758406	230.0	17	1.05	0.95				
	119	1	170.65586346385965	34.8854527522807	0.0	0.0	1	1.0377967855787475	7.384357518984764	230.0	15	1.05	0.95				
	120	1	120.68480952140351	24.514101934035086	0.0	0.0	1	1.0429344224163213	6.797041758274081	230.0	15	1.05	0.95				
	121	2	0.0	0.0	0.0	0.0	1	1.05	16.681351909269143	230.0	17	1.05	0.95				
	122	2	0.0	0.0	0.0	0.0	1	1.05	24.439149144739616	230.0	17	1.05	0.95				
	123	2	0.0	0.0	0.0	0.0	1	1.0485913304976857	7.162432573505884	230.0	15	1.05	0.95				
	124	1	0.0	0.0	0.0	0.0	1	1.015125969532153	5.776094466402479	230.0	16	1.05	0.95				
	201	2	98.75208562105264	20.116165589473685	0.0	0.0	2	1.05	-14.706176940700551	138.0	21	1.05	0.95				
	202	2	88.69400282631578	18.287423263157898	0.0	0.0	2	1.05	-14.788038790591303	138.0	22	1.05	0.95				
	203	1	164.5868093684211	33.8317330368421	0.0	0.0	2	1.0236509324534766	-10.684651297602604	138.0	21	1.05	0.95				
	204	1	67.6634660736842	13.715567447368421	0.0	0.0	2	1.0189579820858874	-15.438200174059752	138.0	21	1.05	0.95				
	205	1	64.92035258421053	12.801196284210528	0.0	0.0	2	1.0367773205061792	-15.997951697895536	138.0	21	1.05	0.95				
	206	1	124.3544781894737	25.602392568421056	0.0	-100.0	2	1.033675025921889	-17.58566245154135	138.0	22	1.05	0.95				
	207	2	114.29639539473686	22.85927907894737	0.0	0.0	2	0.95	-27.019828656376333	138.0	22	1.05	0.95				
	208	1	156.3574689	32.00299071052631	0.0	0.0	2	0.9527892326634263	-24.150149353893298	138.0	22	1.05	0.95				
	209	1	160.01495355263157	32.91736187368421	0.0	0.0	2	1.0238006726282753	-12.273649282820005	138.0	23	1.05	0.95				
	210	1	178.3023768157895	36.574846526315795	0.0	0.0	2	1.046804558364097	-14.446914257103785	138.0	23	1.05	0.95				
	211	1	0.0	0.0	0.0	0.0	2	1.031664624866849	-7.353931918102034	230.0	23	1.05	0.95				
	212	1	0.0	0.0	0.0	0.0	2	1.0243466357082	-2.173692376930912	230.0	23	1.05	0.95				
	213	2	242.3083582368421	49.37604281052632	0.0	0.0	2	1.05	-3.215601135086631	230.0	24	1.05	0.95				
	214	2	177.38800565263156	35.6604753631579	0.0	0.0	2	1.05	-5.261879067903139	230.0	26	1.05	0.95				
	215	2	289.85565872105263	58.51975444210527	0.0	0.0	2	1.044667021530202	3.2618198688512994	230.0	26	1.05	0.95				
	216	2	91.43711631578948	18.287423263157898	0.0	0.0	2	1.0484704687553819	3.36251757434318	230.0	26	1.05	0.95				
	217	1	0.0	0.0	0.0	0.0	2	1.0498839141158176	6.319719971335684	230.0	27	1.05	0.95				
	218	2	304.48559733157896	62.17723909473685	0.0	0.0	2	1.05	6.826018017119261	230.0	27	1.05	0.95				
	219	1	165.50118053157897	33.8317330368421	0.0	0.0	2	1.041738835734097	3.5842669878072906	230.0	25	1.05	0.95				
	220	1	117.03950888421053	23.773650242105266	0.0	0.0	2	1.0446822288761348	5.489771798656401	230.0	25	1.05	0.95				
	221	2	0.0	0.0	0.0	0.0	2	1.05	7.370608913319914	230.0	27	1.05	0.95				
	222	2	0.0	0.0	0.0	0.0	2	1.05	13.47036812326188	230.0	27	1.05	0.95				
	223	2	0.0	0.0	0.0	0.0	2	1.05	7.194761902311248	230.0	25	1.05	0.95				
	224	1	0.0	0.0	0.0	0.0	2	1.018958829066232	-1.916457106469188	230.0	26	1.05	0.95				
	301	2	86.61183169263157	17.643150900350875	0.0	0.0	3	0.9874141402954977	2.962486216212758	138.0	31	1.05	0.95				
	302	2	77.79025624245612	16.03922809122807	0.0	0.0	3	0.9889714802659436	2.658860102287336	138.0	32	1.05	0.95				
	303	1	144.35305282105261	29.672571968771926	0.0	0.0	3	1.0177589672466905	11.615798793163725	138.0	31	1.05	0.95				
	304	1	59.34514393754385	12.029421068421051	0.0	0.0	3	0.9796614119316973	5.085813928656088	138.0	31	1.05	0.95				
	305	1	56.939259723859635	11.227459663859648	0.0	0.0	3	0.9915347218251107	4.494748567357716	138.0	31	1.05	0.95				
	306	1	109.06675102035088	22.454919327719296	0.0	-100.0	3	1.0004395913221376	4.441679452804987	138.0	32	1.05	0.95				
	307	2	100.24517557017543	20.049035114035085	0.0	0.0	3	0.95	-2.0436596705000607	138.0	32	1.05	0.95				
	308	1	137.13540017999998	28.068649159649116	0.0	0.0	3	0.9568032522106074	1.9223401364688297	138.0	32	1.05	0.95				
	309	1	140.3432457982456	28.87061056421052	0.0	0.0	3	1.003213458914859	10.507908289665348	138.0	33	1.05	0.95				
	310	1	156.38247388947366	32.07845618245614	0.0	0.0	3	1.0201764730261087	8.756189501270649	138.0	33	1.05	0.95				
	311	1	0.0	0.0	0.0	0.0	3	0.996721271405606	17.23566646951993	230.0	33	1.05	0.95				
	312	1	0.0	0.0	0.0	0.0	3	1.0009439324371578	18.5380969795681	230.0	33	1.05	0.95				
	313	2	212.51977220877188	43.305915846315784	0.0	0.0	3	1.027152145491047	26.299586734859048	230.0	34	1.05	0.95				
	314	2	155.58051248491225	31.276494777894737	0.0	0.0	3	1.0068266604594651	16.59962030189196	230.0	36	1.05	0.95				
	315	2	254.2217652459649	51.32552989192982	0.0	0.0	3	1.0495966621586414	14.006398806220503	230.0	36	1.05	0.95				
	316	2	80.19614045614034	16.03922809122807	0.0	0.0	3	1.0441223670901438	15.07677878024327	230.0	36	1.05	0.95				
	317	1	0.0	0.0	0.0	0.0	3	1.0487645481265087	15.070244791226562	230.0	37	1.05	0.95				
	318	2	267.05314771894734	54.53337551017544	0.0	0.0	3	1.0478057975658757	13.852540243908068	230.0	37	1.05	0.95				
	319	1	145.15501422561402	29.672571968771926	0.0	0.0	3	1.036793082182651	16.719441123582996	230.0	35	1.05	0.95				
	320	1	102.65105978385964	20.85099651859649	0.0	0.0	3	1.0347865269985816	18.250756817313295	230.0	35	1.05	0.95				
	321	2	0.0	0.0	0.0	0.0	3	1.05	15.379273386160836	230.0	37	1.05	0.95				
	322	2	0.0	0.0	0.0	0.0	3	1.05	19.603952636395032	230.0	37	1.05	0.95				
	323	2	0.0	0.0	0.0	0.0	3	1.0343529185428075	18.88222997383997	230.0	35	1.05	0.95				
	324	1	0.0	0.0	0.0	0.0	3	1.0346381918512848	15.04827659916016	230.0	36	1.05	0.95				
	325	1	0.0	0.0	0.0	0.0	3	1.0368552126302033	18.702586662418895	230.0	35	1.05	0.95				
];

%% generator data
%    bus    Pg    Qg    Qmax    Qmin    Vg    mBase    status    Pmax    Pmin    Pc1    Pc2    Qc1min    Qc1max    Qc2min    Qc2max    ramp_agc    ramp_10    ramp_30    ramp_q    apf
