%% MATPOWER Case Format : Version 2
function mpc = RTS_GMLC
mpc.version = '2';

%%-----  Power Flow Data  -----%%
%% system MVA base
mpc.baseMVA = 100.0;
%% bus data
%    bus_i    type    Pd    Qd    Gs    Bs    area    Vm    Va    baseKV    zone    Vmax    Vmin
mpc.bus = [
	101	2	99.03562594105264	20.17392380280702	0.0	0.0	1	1.0423029682637914	-4.95741426496935	138.0	11	1.05	0.95				
	102	2	88.94866403964913	18.339930729824562	0.0	0.0	1	1.0419442599065487	-5.120286468655427	138.0	12	1.05	0.95				
	103	1	165.05937656842107	33.92887185017544	0.0	0.0	1	1.0177837499201798	-5.295752069634805	138.0	11	1.05	0.95				
	104	1	67.85774370035088	13.754948047368421	0.0	0.0	1	1.019697046257445	-7.723748520602088	138.0	11	1.05	0.95				
	105	1	65.10675409087719	12.837951510877197	0.0	0.0	1	1.0338548358263082	-8.208444132279226	138.0	11	1.05	0.95				
	106	1	124.71152896280704	25.675903021754394	0.0	-100.0	1	1.0333484376933597	-10.87928669238824	138.0	12	1.05	0.95				
	107	2	114.62456706140351	22.924913412280702	0.0	0.0	1	1.05	-6.298949948440168	138.0	12	1.05	0.95				
	108	1	156.80640774	32.09487877719298	0.0	0.0	1	1.0206186733565437	-9.75989404840423	138.0	12	1.05	0.95				
	109	1	160.47439388596493	33.011875313684214	0.0	0.0	1	1.0276249381227374	-6.9434477821804705	138.0	13	1.05	0.95				
	110	1	178.81432461578947	36.679861459649125	0.0	0.0	1	1.05	-8.650251778667803	138.0	13	1.05	0.95				
	111	1	0.0	0.0	0.0	0.0	1	1.0210929891732838	-3.247221172146138	230.0	13	1.05	0.95				
	112	1	0.0	0.0	0.0	0.0	1	1.0203276431915014	-1.9710685485353863	230.0	13	1.05	0.95				
	113	3	243.00408217017545	49.51781297052632	0.0	0.0	1	1.028740736019785	6.4201955923334e-28	230.0	14	1.05	0.95				
	114	2	177.89732807929826	35.7628649231579	0.0	0.0	1	1.0286042981914563	-1.5898137779664594	230.0	16	1.05	0.95				
	115	2	290.68790206771934	58.6877783354386	0.0	0.0	1	1.0436704325717192	6.602514361824855	230.0	16	1.05	0.95				
	116	2	91.69965364912281	18.339930729824562	0.0	0.0	1	1.0451110726270896	6.371240572331117	230.0	16	1.05	0.95				
	117	1	0.0	0.0	0.0	0.0	1	1.0477597484876862	9.695087016771248	230.0	17	1.05	0.95				
	118	2	305.35984665157895	62.35576448140352	0.0	0.0	1	1.049999988852319	10.321880559472019	230.0	17	1.05	0.95				
	119	1	165.97637310491228	33.92887185017544	0.0	0.0	1	1.0403469836179497	5.485460211306968	230.0	15	1.05	0.95				
	120	1	117.3755566708772	23.841909948771935	0.0	0.0	1	1.0441418924762431	6.172732520236192	230.0	15	1.05	0.95				
	121	2	0.0	0.0	0.0	0.0	1	1.05	11.16985720742607	230.0	17	1.05	0.95				
	122	2	0.0	0.0	0.0	0.0	1	1.05	18.512734072476377	230.0	17	1.05	0.95				
	123	2	0.0	0.0	0.0	0.0	1	1.0492397161423819	7.214371117263559	230.0	15	1.05	0.95				
	124	1	0.0	0.0	0.0	0.0	1	1.0190567178758771	2.208365316146698	230.0	16	1.05	0.95				
	201	2	89.3851723705263	18.208090668070174	0.0	0.0	2	1.0412014741782303	-8.260412838467118	138.0	21	1.05	0.95				
	202	2	80.28112703649121	16.552809698245614	0.0	0.0	2	1.0424799848268216	-8.37520893768969	138.0	22	1.05	0.95				
	203	1	148.9752872842105	30.622697941754385	0.0	0.0	2	1.0277146977103022	-6.396278761281101	138.0	21	1.05	0.95				
	204	1	61.24539588350877	12.414607273684208	0.0	0.0	2	1.0198007932257247	-9.667985217438618	138.0	21	1.05	0.95				
	205	1	58.76247442877192	11.58696678877193	0.0	0.0	2	1.0350655748973634	-9.972596561464929	138.0	21	1.05	0.95				
	206	1	112.55910594807017	23.17393357754386	0.0	-100.0	2	1.0368944815523922	-11.71365585679101	138.0	22	1.05	0.95				
	207	2	103.45506061403506	20.691012122807013	0.0	0.0	2	0.95	-23.13063428393996	138.0	22	1.05	0.95				
	208	1	141.52652292	28.967416971929822	0.0	0.0	2	0.9559810510059514	-19.391675066720268	138.0	22	1.05	0.95				
	209	1	144.8370848596491	29.795057456842102	0.0	0.0	2	1.0278476995875623	-7.395167008483432	138.0	23	1.05	0.95				
	210	1	161.3898945578947	33.10561939649123	0.0	0.0	2	1.05	-9.114210531015443	138.0	23	1.05	0.95				
	211	1	0.0	0.0	0.0	0.0	2	1.033274191912852	-2.5510775700967163	230.0	23	1.05	0.95				
	212	1	0.0	0.0	0.0	0.0	2	1.0280673618221727	1.7979878782753023	230.0	23	1.05	0.95				
	213	2	219.32472850175432	44.69258618526315	0.0	0.0	2	1.05	1.8058624941769068	230.0	24	1.05	0.95				
	214	2	160.56225407298243	32.27797891157894	0.0	0.0	2	1.05	-0.9119333469607112	230.0	26	1.05	0.95				
	215	2	262.36203371719296	52.96899103438596	0.0	0.0	2	1.0468919671022503	6.430419878265136	230.0	26	1.05	0.95				
	216	2	82.76404849122805	16.552809698245614	0.0	0.0	2	1.0499999981718702	6.51343372672841	230.0	26	1.05	0.95				
	217	1	0.0	0.0	0.0	0.0	2	1.05	9.062596011906468	230.0	27	1.05	0.95				
	218	2	275.60428147578943	56.279552974035084	0.0	0.0	2	1.0492270245978055	9.83740931798233	230.0	27	1.05	0.95				
	219	1	149.8029277691228	30.622697941754385	0.0	0.0	2	1.0437081347088044	6.493437047695909	230.0	25	1.05	0.95				
	220	1	105.93798206877192	21.518652607719297	0.0	0.0	2	1.0458272002567646	8.022409578710718	230.0	25	1.05	0.95				
	221	2	0.0	0.0	0.0	0.0	2	1.05	10.421013772385876	230.0	27	1.05	0.95				
	222	2	0.0	0.0	0.0	0.0	2	1.05	16.399899534098285	230.0	27	1.05	0.95				
	223	2	0.0	0.0	0.0	0.0	2	1.05	9.46091095471798	230.0	25	1.05	0.95				
	224	1	0.0	0.0	0.0	0.0	2	1.0234527237311422	1.6610872392639067	230.0	26	1.05	0.95				
	301	2	90.28472002105265	18.391331856140354	0.0	0.0	3	0.9976982599064035	-14.929992591994576	138.0	31	1.05	0.95				
	302	2	81.08905409298247	16.719392596491232	0.0	0.0	3	0.9980900756179757	-15.344656383237037	138.0	32	1.05	0.95				
	303	1	150.47453336842108	30.930876303508775	0.0	0.0	3	1.0018003879261477	-8.260448835865851	138.0	31	1.05	0.95				
	304	1	61.86175260701755	12.539544447368423	0.0	0.0	3	0.9844891027207515	-13.395146504482648	138.0	31	1.05	0.95				
	305	1	59.35384371754387	11.703574817543862	0.0	0.0	3	0.9991033406561937	-13.868428652062633	138.0	31	1.05	0.95				
	306	1	113.69186965614037	23.407149635087723	0.0	-100.0	3	1.0056316866851114	-14.220342058986416	138.0	32	1.05	0.95				
	307	2	104.49620372807018	20.899240745614037	0.0	0.0	3	0.976207356429176	-16.998739612372525	138.0	32	1.05	0.95				
	308	1	142.9508067	29.25893704385965	0.0	0.0	3	0.9722291747959516	-15.416162849420838	138.0	32	1.05	0.95				
	309	1	146.29468521929826	30.094906673684214	0.0	0.0	3	1.0049439863954899	-8.226341431468597	138.0	33	1.05	0.95				
	310	1	163.0140778157895	33.438785192982465	0.0	0.0	3	1.0250308869006632	-9.993604871842068	138.0	33	1.05	0.95				
	311	1	0.0	0.0	0.0	0.0	3	1.0018510345282539	-1.0413192457429348	230.0	33	1.05	0.95				
	312	1	0.0	0.0	0.0	0.0	3	1.0021951070948054	-0.22115675953689884	230.0	33	1.05	0.95				
	313	2	221.5319519035088	45.142360010526325	0.0	0.0	3	1.0273301168915416	6.030858219726961	230.0	34	1.05	0.95				
	314	2	162.17810818596493	32.6028155631579	0.0	0.0	3	1.0158678775496826	0.5313692366280118	230.0	36	1.05	0.95				
	315	2	265.00237265438597	53.50205630877194	0.0	0.0	3	1.0415772001278774	2.5791294518632557	230.0	36	1.05	0.95				
	316	2	83.59696298245615	16.719392596491232	0.0	0.0	3	1.0373531564622078	2.846943860049564	230.0	36	1.05	0.95				
	317	1	0.0	0.0	0.0	0.0	3	1.0427364387232039	4.5494227650398935	230.0	37	1.05	0.95				
	318	2	278.377886731579	56.845934828070185	0.0	0.0	3	1.04372336771556	4.532623606492695	230.0	37	1.05	0.95				
	319	1	151.31050299824562	30.930876303508775	0.0	0.0	3	1.0319149953455349	3.3455411653835747	230.0	35	1.05	0.95				
	320	1	107.00411261754388	21.735210375438598	0.0	0.0	3	1.0315723368319583	3.9970266072544787	230.0	35	1.05	0.95				
	321	2	0.0	0.0	0.0	0.0	3	1.0472921719396613	5.8081905948973445	230.0	37	1.05	0.95				
	322	2	0.0	0.0	0.0	0.0	3	1.05	11.083909373424918	230.0	37	1.05	0.95				
	323	2	0.0	0.0	0.0	0.0	3	1.0324558788825808	4.384222416400828	230.0	35	1.05	0.95				
	324	1	0.0	0.0	0.0	0.0	3	1.0156422547618458	0.47117692371006675	230.0	36	1.05	0.95				
	325	1	0.0	0.0	0.0	0.0	3	1.0330506012830964	4.966417080388772	230.0	35	1.05	0.95				
];
