%% MATPOWER Case Format : Version 2
function mpc = RTS_GMLC
mpc.version = '2';

%%-----  Power Flow Data  -----%%
%% system MVA base
mpc.baseMVA = 100.0;
%% bus data
%    bus_i    type    Pd    Qd    Gs    Bs    area    Vm    Va    baseKV    zone    Vmax    Vmin
mpc.bus = [
	101	2	75.08164274526317	15.29440870736842	0.0	0.0	1	1.0493575660360142	0.7045087484251314	138.0	11	1.05	0.95				
	102	2	67.43443839157894	13.904007915789474	0.0	0.0	1	1.0486596198292006	0.44456947440588884	138.0	12	1.05	0.95				
	103	1	125.13607124210526	25.722414644210527	0.0	0.0	1	1.0294034135936374	-1.0891077237551257	138.0	11	1.05	0.95				
	104	1	51.444829288421055	10.428005936842105	0.0	0.0	1	1.0265073357012764	-3.16833824128793	138.0	11	1.05	0.95				
	105	1	49.35922810105263	9.732805541052631	0.0	0.0	1	1.0395333446872468	-3.5742958275631684	138.0	11	1.05	0.95				
	106	1	94.54725382736842	19.465611082105262	0.0	-100.0	1	1.040742121915616	-6.659336277944252	138.0	12	1.05	0.95				
	107	2	86.90004947368422	17.38000989473684	0.0	0.0	1	1.0118210223717439	-11.464609951915628	138.0	12	1.05	0.95				
	108	1	118.87926767999998	24.332013852631576	0.0	0.0	1	1.0032060569851802	-10.967940118072883	138.0	12	1.05	0.95				
	109	1	121.6600692631579	25.027214248421053	0.0	0.0	1	1.026208252569517	-4.442711629861696	138.0	13	1.05	0.95				
	110	1	135.56407717894737	27.80801583157895	0.0	0.0	1	1.05	-5.806443094759128	138.0	13	1.05	0.95				
	111	1	0.0	0.0	0.0	0.0	1	1.0126407615861281	-1.800533215331653	230.0	13	1.05	0.95				
	112	1	0.0	0.0	0.0	0.0	1	1.0156950913129505	-1.2900987332742542	230.0	13	1.05	0.95				
	113	3	184.2281048842105	37.540821372631584	0.0	0.0	1	1.0131780081308952	-2.4505972310625978e-29	230.0	14	1.05	0.95				
	114	2	134.86887678315787	27.11281543578947	0.0	0.0	1	1.0139341262699921	0.0060987524172079486	230.0	16	1.05	0.95				
	115	2	220.37852546526312	44.492825330526315	0.0	0.0	1	1.0436914521912126	7.622768849911242	230.0	16	1.05	0.95				
	116	2	69.52003957894736	13.904007915789474	0.0	0.0	1	1.0407402748082675	6.750091615714728	230.0	16	1.05	0.95				
	117	1	0.0	0.0	0.0	0.0	1	1.0451137522652412	9.795751947537378	230.0	17	1.05	0.95				
	118	2	231.50173179789473	47.27362691368421	0.0	0.0	1	1.0473948279690004	10.387206136810265	230.0	17	1.05	0.95				
	119	1	125.83127163789473	25.722414644210527	0.0	0.0	1	1.0338092624904582	5.184435082381437	230.0	15	1.05	0.95				
	120	1	88.98565066105263	18.075210290526318	0.0	0.0	1	1.0331156898590554	4.712039707682057	230.0	15	1.05	0.95				
	121	2	0.0	0.0	0.0	0.0	1	1.05	12.092784777494511	230.0	17	1.05	0.95				
	122	2	0.0	0.0	0.0	0.0	1	1.05	17.703232856509697	230.0	17	1.05	0.95				
	123	2	0.0	0.0	0.0	0.0	1	1.0344619165122777	4.973561401496296	230.0	15	1.05	0.95				
	124	1	0.0	0.0	0.0	0.0	1	1.027305135558311	4.375382688359444	230.0	16	1.05	0.95				
	201	2	78.11427672	15.912167480000003	0.0	0.0	2	1.0346455761507278	-13.333225392197662	138.0	21	1.05	0.95				
	202	2	70.15819298	14.465606800000003	0.0	0.0	2	1.0352008817679532	-13.324851014320933	138.0	22	1.05	0.95				
	203	1	130.19046120000002	26.761372580000003	0.0	0.0	2	1.0183298064360895	-11.34349135350985	138.0	21	1.05	0.95				
	204	1	53.52274516000001	10.8492051	0.0	0.0	2	1.0172268405847462	-14.573253865118211	138.0	21	1.05	0.95				
	205	1	51.35290414	10.125924760000002	0.0	0.0	2	1.0331816335144428	-14.927221048256358	138.0	21	1.05	0.95				
	206	1	98.36612624000001	20.251849520000004	0.0	-100.0	2	1.0382438131541964	-16.487301240638114	138.0	22	1.05	0.95				
	207	2	90.4100425	18.0820085	0.0	0.0	2	0.9653501265399617	-27.174792951059413	138.0	22	1.05	0.95				
	208	1	123.68093814000001	25.314811900000002	0.0	0.0	2	0.9691424739914319	-23.592015458530046	138.0	22	1.05	0.95				
	209	1	126.5740595	26.038092239999997	0.0	0.0	2	1.0253041114963597	-12.66055323302222	138.0	23	1.05	0.95				
	210	1	141.03966630000002	28.931213600000007	0.0	0.0	2	1.05	-14.25977312658288	138.0	23	1.05	0.95				
	211	1	0.0	0.0	0.0	0.0	2	1.0249939545406859	-8.87406057986631	230.0	23	1.05	0.95				
	212	1	0.0	0.0	0.0	0.0	2	1.0235866339851072	-4.153031136155482	230.0	23	1.05	0.95				
	213	2	191.6692901	39.05713836	0.0	0.0	2	1.0330978799097514	-6.270413052641134	230.0	24	1.05	0.95				
	214	2	140.31638596	28.207933260000008	0.0	0.0	2	1.036978393836482	-6.6779022405779935	230.0	26	1.05	0.95				
	215	2	229.27986778	46.289941760000005	0.0	0.0	2	1.0415848870107636	0.9965213164231732	230.0	26	1.05	0.95				
	216	2	72.328034	14.465606800000003	0.0	0.0	2	1.0434295940871516	0.896878404150786	230.0	26	1.05	0.95				
	217	1	0.0	0.0	0.0	0.0	2	1.0448654694376867	3.454554225838671	230.0	27	1.05	0.95				
	218	2	240.85235322000003	49.18306312000001	0.0	0.0	2	1.045604240438179	3.6928931450014	230.0	27	1.05	0.95				
	219	1	130.91374154000002	26.761372580000003	0.0	0.0	2	1.0410318744037335	0.8667320070069512	230.0	25	1.05	0.95				
	220	1	92.57988352000001	18.805288840000003	0.0	0.0	2	1.045280460367474	2.1988091591229315	230.0	25	1.05	0.95				
	221	2	0.0	0.0	0.0	0.0	2	1.0457561259502508	3.554682785155247	230.0	27	1.05	0.95				
	222	2	0.0	0.0	0.0	0.0	2	1.05	10.023578676407137	230.0	27	1.05	0.95				
	223	2	0.0	0.0	0.0	0.0	2	1.05	3.452665111763304	230.0	25	1.05	0.95				
	224	1	0.0	0.0	0.0	0.0	2	1.0173854284650372	-3.57308470694975	230.0	26	1.05	0.95				
	301	2	68.77696930105263	14.010123376140351	0.0	0.0	3	0.998143269442035	0.749386039322816	138.0	31	1.05	0.95				
	302	2	61.77190761298246	12.736475796491229	0.0	0.0	3	0.9991621883642422	0.6978823495625638	138.0	32	1.05	0.95				
	303	1	114.62828216842107	23.56248022350877	0.0	0.0	3	1.0143445295374318	3.968255493291224	138.0	31	1.05	0.95				
	304	1	47.12496044701754	9.552356847368422	0.0	0.0	3	1.001736653823512	2.951509556141069	138.0	31	1.05	0.95				
	305	1	45.21448907754386	8.915533057543861	0.0	0.0	3	1.01401613305375	2.9155554166795747	138.0	31	1.05	0.95				
	306	1	86.60803541614037	17.831066115087722	0.0	-100.0	3	1.0314811811152558	3.4127107319184544	138.0	32	1.05	0.95				
	307	2	79.60297372807018	15.920594745614036	0.0	0.0	3	0.9880109934576295	-0.9896521762458848	138.0	32	1.05	0.95				
	308	1	108.89686806	22.28883264385965	0.0	0.0	3	0.9972786293899681	1.9090168951938253	138.0	32	1.05	0.95				
	309	1	111.44416321929826	22.92565643368421	0.0	0.0	3	1.026931220257286	7.38379888114178	138.0	33	1.05	0.95				
	310	1	124.18063901578948	25.472951592982458	0.0	0.0	3	1.05	7.11045963996931	138.0	33	1.05	0.95				
	311	1	0.0	0.0	0.0	0.0	3	1.0179059683245262	13.861139786945694	230.0	33	1.05	0.95				
	312	1	0.0	0.0	0.0	0.0	3	1.022882609044002	15.211407468929691	230.0	33	1.05	0.95				
	313	2	168.75830430350877	34.388484650526316	0.0	0.0	3	1.0463191149183513	22.557388336580495	230.0	34	1.05	0.95				
	314	2	123.54381522596492	24.836127803157897	0.0	0.0	3	1.0206815184115723	12.655594986582138	230.0	36	1.05	0.95				
	315	2	201.873141374386	40.75672254877193	0.0	0.0	3	1.036980472943485	7.7028490899615925	230.0	36	1.05	0.95				
	316	2	63.68237898245614	12.736475796491229	0.0	0.0	3	1.0387627295367594	9.343035191662489	230.0	36	1.05	0.95				
	317	1	0.0	0.0	0.0	0.0	3	1.041494871541469	8.146746310056876	230.0	37	1.05	0.95				
	318	2	212.06232201157897	43.304017708070184	0.0	0.0	3	1.0398953377552453	6.965334814434864	230.0	37	1.05	0.95				
	319	1	115.26510595824561	23.56248022350877	0.0	0.0	3	1.0380987202391232	11.93074555160566	230.0	35	1.05	0.95				
	320	1	81.51344509754387	16.557418535438597	0.0	0.0	3	1.0405610970889285	13.901165087506783	230.0	35	1.05	0.95				
	321	2	0.0	0.0	0.0	0.0	3	1.0403652513923443	7.776862289255665	230.0	37	1.05	0.95				
	322	2	0.0	0.0	0.0	0.0	3	1.05	12.24148239378025	230.0	37	1.05	0.95				
	323	2	0.0	0.0	0.0	0.0	3	1.0420647871402515	14.665788817068973	230.0	35	1.05	0.95				
	324	1	0.0	0.0	0.0	0.0	3	1.0246143996653672	8.21574037161796	230.0	36	1.05	0.95				
	325	1	0.0	0.0	0.0	0.0	3	1.0439695688005537	14.451822970378297	230.0	35	1.05	0.95				
];
