%% MATPOWER Case Format : Version 2
function mpc = RTS_GMLC
mpc.version = '2';

%%-----  Power Flow Data  -----%%
%% system MVA base
mpc.baseMVA = 100.0;
%% bus data
%    bus_i    type    Pd    Qd    Gs    Bs    area    Vm    Va    baseKV    zone    Vmax    Vmin
mpc.bus = [
	101	2	98.02028698105264	19.967095496140352	0.0	0.0	1	1.0425587840700057	-4.779165265242242	138.0	11	1.05	0.95				
	102	2	88.03673923298246	18.15190499649123	0.0	0.0	1	1.0421370555492673	-4.9539625392001465	138.0	12	1.05	0.95				
	103	1	163.36714496842106	33.58102424350877	0.0	0.0	1	1.0206095629404959	-4.837224265003689	138.0	11	1.05	0.95				
	104	1	67.16204848701754	13.61392874736842	0.0	0.0	1	1.0200629139148216	-7.50478201337631	138.0	11	1.05	0.95				
	105	1	64.43926273754386	12.706333497543861	0.0	0.0	1	1.0341319454633333	-7.999190129631313	138.0	11	1.05	0.95				
	106	1	123.43295397614035	25.412666995087722	0.0	-100.0	1	1.0337040354523201	-10.648456935517853	138.0	12	1.05	0.95				
	107	2	113.44940622807019	22.689881245614036	0.0	0.0	1	1.045465091196883	-5.600670702987209	138.0	12	1.05	0.95				
	108	1	155.19878771999998	31.765833743859645	0.0	0.0	1	1.0182125234703054	-9.246152011032574	138.0	12	1.05	0.95				
	109	1	158.82916871929825	32.67342899368421	0.0	0.0	1	1.0278985694450864	-6.69148617972696	138.0	13	1.05	0.95				
	110	1	176.98107371578945	36.30380999298246	0.0	0.0	1	1.05	-8.440133466789014	138.0	13	1.05	0.95				
	111	1	0.0	0.0	0.0	0.0	1	1.0211014664973832	-3.1788549756649256	230.0	13	1.05	0.95				
	112	1	0.0	0.0	0.0	0.0	1	1.0206114084829079	-1.8746766782297077	230.0	13	1.05	0.95				
	113	3	240.51274120350877	49.01014349052632	0.0	0.0	1	1.0283093148682716	-1.8236506575113916e-28	230.0	14	1.05	0.95				
	114	2	176.0734784659649	35.39621474315789	0.0	0.0	1	1.028264814147239	-1.6179309397808221	230.0	16	1.05	0.95				
	115	2	287.70769419438597	58.08609598877194	0.0	0.0	1	1.044824079239618	6.304537507114004	230.0	16	1.05	0.95				
	116	2	90.75952498245614	18.15190499649123	0.0	0.0	1	1.0460330457498472	6.135151045659588	230.0	16	1.05	0.95				
	117	1	0.0	0.0	0.0	0.0	1	1.048236673807813	9.262639680926373	230.0	17	1.05	0.95				
	118	2	302.229218191579	61.71647698807018	0.0	0.0	1	1.0499999217796727	9.835625223698813	230.0	17	1.05	0.95				
	119	1	164.27474021824563	33.58102424350877	0.0	0.0	1	1.0413587620232352	5.415782427837699	230.0	15	1.05	0.95				
	120	1	116.17219197754387	23.597476495438595	0.0	0.0	1	1.0448784272558809	6.143556308355284	230.0	15	1.05	0.95				
	121	2	0.0	0.0	0.0	0.0	1	1.05	10.62229833262399	230.0	17	1.05	0.95				
	122	2	0.0	0.0	0.0	0.0	1	1.05	17.704848733970223	230.0	17	1.05	0.95				
	123	2	0.0	0.0	0.0	0.0	1	1.0497923689412194	7.200051893790089	230.0	15	1.05	0.95				
	124	1	0.0	0.0	0.0	0.0	1	1.0218066521790796	2.1850273946704166	230.0	16	1.05	0.95				
	201	2	83.99622224842106	17.110341569122806	0.0	0.0	2	1.040098892999519	-7.088940650907325	138.0	21	1.05	0.95				
	202	2	75.44105146385964	15.554855971929825	0.0	0.0	2	1.0403475603718368	-7.124071378818784	138.0	22	1.05	0.95				
	203	1	139.99370374736841	28.776483548070175	0.0	0.0	2	1.0278921187113503	-5.535172081102807	138.0	21	1.05	0.95				
	204	1	57.55296709614035	11.666141978947367	0.0	0.0	2	1.0196675325732962	-8.34368262498172	138.0	21	1.05	0.95				
	205	1	55.219738700350874	10.888399180350877	0.0	0.0	2	1.0352215386943184	-8.648280792444922	138.0	21	1.05	0.95				
	206	1	105.77302060912281	21.776798360701754	0.0	-100.0	2	1.0379046495196087	-10.247221895511798	138.0	22	1.05	0.95				
	207	2	97.2178498245614	19.44356996491228	0.0	0.0	2	0.9533711435291451	-21.865231416766008	138.0	22	1.05	0.95				
	208	1	132.99401856	27.22099795087719	0.0	0.0	2	0.959553953807675	-17.95428361986651	138.0	22	1.05	0.95				
	209	1	136.10498975438597	27.998740749473683	0.0	0.0	2	1.0274965830551661	-6.20585426673252	138.0	23	1.05	0.95				
	210	1	151.65984572631578	31.10971194385965	0.0	0.0	2	1.05	-7.787659855919457	138.0	23	1.05	0.95				
	211	1	0.0	0.0	0.0	0.0	2	1.0282452337673955	-1.6932405718731238	230.0	23	1.05	0.95				
	212	1	0.0	0.0	0.0	0.0	2	1.0269617255018175	2.933890224664399	230.0	23	1.05	0.95				
	213	2	206.10184162807016	41.99811112421053	0.0	0.0	2	1.0417599608594061	2.5765299831779873	230.0	24	1.05	0.95				
	214	2	150.88210292771927	30.33196914526316	0.0	0.0	2	1.0412932894881617	-0.29579555140818653	230.0	26	1.05	0.95				
	215	2	246.5444671550877	49.77553911017544	0.0	0.0	2	1.0462260332078899	6.260274302279392	230.0	26	1.05	0.95				
	216	2	77.77427985964913	15.554855971929825	0.0	0.0	2	1.0484643224374146	6.458655872219204	230.0	26	1.05	0.95				
	217	1	0.0	0.0	0.0	0.0	2	1.05	9.069198082503114	230.0	27	1.05	0.95				
	218	2	258.9883519326316	52.886510304561405	0.0	0.0	2	1.049999999157235	9.880146178302683	230.0	27	1.05	0.95				
	219	1	140.77144654596492	28.776483548070175	0.0	0.0	2	1.0434552755352888	6.177727755718742	230.0	25	1.05	0.95				
	220	1	99.55107822035087	20.221312763508774	0.0	0.0	2	1.0460154847532674	7.387390655416692	230.0	25	1.05	0.95				
	221	2	0.0	0.0	0.0	0.0	2	1.05	10.393814677616353	230.0	27	1.05	0.95				
	222	2	0.0	0.0	0.0	0.0	2	1.05	16.38598829216533	230.0	27	1.05	0.95				
	223	2	0.0	0.0	0.0	0.0	2	1.05	8.61507142624885	230.0	25	1.05	0.95				
	224	1	0.0	0.0	0.0	0.0	2	1.024526526494937	1.8725836877267947	230.0	26	1.05	0.95				
	301	2	89.82347358315789	18.297374248421054	0.0	0.0	3	0.9780523730912484	-17.559716368828443	138.0	31	1.05	0.95				
	302	2	80.67478645894737	16.633976589473686	0.0	0.0	3	0.978811686622996	-17.92921269165047	138.0	32	1.05	0.95				
	303	1	149.70578930526318	30.772856690526318	0.0	0.0	3	0.9868830235856555	-11.119705189332915	138.0	31	1.05	0.95				
	304	1	61.545713381052636	12.475482442105262	0.0	0.0	3	0.9659905574636896	-15.750064335000944	138.0	31	1.05	0.95				
	305	1	59.05061689263158	11.64378361263158	0.0	0.0	3	0.9798389250357797	-16.02798253866037	138.0	31	1.05	0.95				
	306	1	113.11104080842107	23.28756722526316	0.0	-100.0	3	0.9868027236585734	-16.13951097791488	138.0	32	1.05	0.95				
	307	2	103.96235368421051	20.792470736842105	0.0	0.0	3	0.95	-20.543407816342132	138.0	32	1.05	0.95				
	308	1	142.22049984	29.109459031578943	0.0	0.0	3	0.9510871351455662	-17.723840510852746	138.0	32	1.05	0.95				
	309	1	145.54729515789475	29.94115786105263	0.0	0.0	3	0.9880713586485435	-10.287667677687127	138.0	33	1.05	0.95				
	310	1	162.18127174736844	33.26795317894737	0.0	0.0	3	1.0074252981812308	-11.592639831342895	138.0	33	1.05	0.95				
	311	1	0.0	0.0	0.0	0.0	3	0.9861955287556847	-2.6930563059777426	230.0	33	1.05	0.95				
	312	1	0.0	0.0	0.0	0.0	3	0.9874298209556885	-1.612373853181142	230.0	33	1.05	0.95				
	313	2	220.40018981052629	44.911736791578946	0.0	0.0	3	1.012111096435059	4.655987288410676	230.0	34	1.05	0.95				
	314	2	161.34957291789473	32.436254349473685	0.0	0.0	3	1.0017566526121677	-1.2222794901895617	230.0	36	1.05	0.95				
	315	2	263.6485289431579	53.228725086315784	0.0	0.0	3	1.035774895297068	-0.6785551649501439	230.0	36	1.05	0.95				
	316	2	83.16988294736842	16.633976589473686	0.0	0.0	3	1.0313156117810898	0.16687938328733506	230.0	36	1.05	0.95				
	317	1	0.0	0.0	0.0	0.0	3	1.038396272698733	1.5860425024349634	230.0	37	1.05	0.95				
	318	2	276.9557102147369	56.55552040421053	0.0	0.0	3	1.0396755342416568	1.505106402520376	230.0	37	1.05	0.95				
	319	1	150.53748813473683	30.772856690526318	0.0	0.0	3	1.024766727797662	1.1343923547639845	230.0	35	1.05	0.95				
	320	1	106.45745017263157	21.62416956631579	0.0	0.0	3	1.023153741987164	2.003128578208179	230.0	35	1.05	0.95				
	321	2	0.0	0.0	0.0	0.0	3	1.042780254976934	2.4569269886942022	230.0	37	1.05	0.95				
	322	2	0.0	0.0	0.0	0.0	3	1.05	7.877060516921014	230.0	37	1.05	0.95				
	323	2	0.0	0.0	0.0	0.0	3	1.023695173317827	2.6146923417391577	230.0	35	1.05	0.95				
	324	1	0.0	0.0	0.0	0.0	3	1.0072371700155738	-2.344483393522888	230.0	36	1.05	0.95				
	325	1	0.0	0.0	0.0	0.0	3	1.0245867062827836	3.309021362465474	230.0	35	1.05	0.95				
];
