%% MATPOWER Case Format : Version 2
function mpc = RTS_GMLC
mpc.version = '2';

%%-----  Power Flow Data  -----%%
%% system MVA base
mpc.baseMVA = 100.0;
%% bus data
%    bus_i    type    Pd    Qd    Gs    Bs    area    Vm    Va    baseKV    zone    Vmax    Vmin
mpc.bus = [
	101	2	58.80950026105264	11.979713016140352	0.0	0.0	1	1.0317935465067458	0.6531186742027507	138.0	11	1.05	0.95				
	102	2	52.81964375298246	10.89064819649123	0.0	0.0	1	1.0292046469461416	-0.06440254691813481	138.0	12	1.05	0.95				
	103	1	98.01583376842106	20.147699163508772	0.0	0.0	1	1.0233305494017757	1.9042248258802363	138.0	11	1.05	0.95				
	104	1	40.295398327017544	8.16798614736842	0.0	0.0	1	1.0195159069006303	-2.4060939259664287	138.0	11	1.05	0.95				
	105	1	38.66180109754386	7.62345373754386	0.0	0.0	1	1.033191126787729	-2.8622622394982735	138.0	11	1.05	0.95				
	106	1	74.05640773614036	15.24690747508772	0.0	-100.0	1	1.0411236132904378	-5.495782259371709	138.0	12	1.05	0.95				
	107	2	68.06655122807017	13.613310245614036	0.0	0.0	1	0.9968631399334847	-13.545149303364187	138.0	12	1.05	0.95				
	108	1	93.11504208	19.058634343859648	0.0	0.0	1	0.9964500813717185	-11.133716000216879	138.0	12	1.05	0.95				
	109	1	95.29317171929826	19.60316675368421	0.0	0.0	1	1.0237299356323242	-3.042477069969006	138.0	13	1.05	0.95				
	110	1	106.18381991578947	21.78129639298246	0.0	0.0	1	1.05	-4.704593305319611	138.0	13	1.05	0.95				
	111	1	0.0	0.0	0.0	0.0	1	1.0138724682250828	-0.0789545742720654	230.0	13	1.05	0.95				
	112	1	0.0	0.0	0.0	0.0	1	1.014311817585332	-1.1449536556868134	230.0	13	1.05	0.95				
	113	3	144.30108860350876	29.40475013052632	0.0	0.0	1	1.0081632304889478	1.7694683654179186e-31	230.0	14	1.05	0.95				
	114	2	105.63928750596492	21.236763983157896	0.0	0.0	1	1.0254828908925453	3.647922357661453	230.0	16	1.05	0.95				
	115	2	172.61677391438596	34.85007422877193	0.0	0.0	1	1.035993289782115	14.471776396960363	230.0	16	1.05	0.95				
	116	2	54.453240982456144	10.89064819649123	0.0	0.0	1	1.031944181545431	12.336761899194643	230.0	16	1.05	0.95				
	117	1	0.0	0.0	0.0	0.0	1	1.0370203463938024	19.086405831881567	230.0	17	1.05	0.95				
	118	2	181.32929247157895	37.02820386807018	0.0	0.0	1	1.05	19.98484756208399	230.0	17	1.05	0.95				
	119	1	98.56036617824562	20.147699163508772	0.0	0.0	1	1.0240359152046719	7.548587781029442	230.0	15	1.05	0.95				
	120	1	69.70014845754386	14.157842655438596	0.0	0.0	1	1.0261948579922635	4.30163891895961	230.0	15	1.05	0.95				
	121	2	0.0	0.0	0.0	0.0	1	1.05	22.007611472476576	230.0	17	1.05	0.95				
	122	2	0.0	0.0	0.0	0.0	1	1.05	39.59931009203483	230.0	17	1.05	0.95				
	123	2	0.0	0.0	0.0	0.0	1	1.0293044250960126	2.9374141504135105	230.0	15	1.05	0.95				
	124	1	0.0	0.0	0.0	0.0	1	1.015506236127908	9.771536091971976	230.0	16	1.05	0.95				
	201	2	59.82244609263159	12.18605383368421	0.0	0.0	2	1.0111949666684412	-18.262306202516374	138.0	21	1.05	0.95				
	202	2	53.72941917578948	11.078230757894739	0.0	0.0	2	1.0103817476854897	-18.55368737381994	138.0	22	1.05	0.95				
	203	1	99.70407682105264	20.494726902105263	0.0	0.0	2	1.0129815408844203	-13.345648260800886	138.0	21	1.05	0.95				
	204	1	40.98945380421053	8.308673068421053	0.0	0.0	2	1.0085083530831223	-17.476663224111604	138.0	21	1.05	0.95				
	205	1	39.32771919052632	7.754761530526317	0.0	0.0	2	1.0233571483196726	-18.04695677595114	138.0	21	1.05	0.95				
	206	1	75.33196915368421	15.509523061052635	0.0	-100.0	2	1.037360285403319	-18.568269805494577	138.0	22	1.05	0.95				
	207	2	69.23894223684212	13.847788447368423	0.0	0.0	2	0.9930728571566494	-25.418715032005455	138.0	22	1.05	0.95				
	208	1	94.71887298000001	19.38690382631579	0.0	0.0	2	0.9937854210569625	-22.7920339609189	138.0	22	1.05	0.95				
	209	1	96.93451913157895	19.94081536421053	0.0	0.0	2	1.0249627856304941	-14.32004194235179	138.0	23	1.05	0.95				
	210	1	108.0127498894737	22.156461515789477	0.0	0.0	2	1.05	-16.05288359880468	138.0	23	1.05	0.95				
	211	1	0.0	0.0	0.0	0.0	2	1.0156660539101645	-10.589945361222995	230.0	23	1.05	0.95				
	212	1	0.0	0.0	0.0	0.0	2	1.0178457156925833	-6.999728231325611	230.0	23	1.05	0.95				
	213	2	146.78655754210527	29.911223046315794	0.0	0.0	2	1.0204076185486826	-7.939959170995456	230.0	24	1.05	0.95				
	214	2	107.45883835157896	21.60254997789474	0.0	0.0	2	1.0215645065233654	-8.312363660358107	230.0	26	1.05	0.95				
	215	2	175.5899575126316	35.45033842526316	0.0	0.0	2	1.0335729141340606	-1.5419173104860102	230.0	26	1.05	0.95				
	216	2	55.39115378947369	11.078230757894739	0.0	0.0	2	1.0356585604827184	-1.6964616239364791	230.0	26	1.05	0.95				
	217	1	0.0	0.0	0.0	0.0	2	1.036797834229166	-0.3027020466640099	230.0	27	1.05	0.95				
	218	2	184.4525421189474	37.665984576842106	0.0	0.0	2	1.035304390414539	-1.0062788392507307	230.0	27	1.05	0.95				
	219	1	100.25798835894739	20.494726902105263	0.0	0.0	2	1.0380145943488102	-1.0169857069197907	230.0	25	1.05	0.95				
	220	1	70.90067685052632	14.40169998526316	0.0	0.0	2	1.0446246058219892	0.6169545777952575	230.0	25	1.05	0.95				
	221	2	0.0	0.0	0.0	0.0	2	1.037125158032076	-0.3797669789039617	230.0	27	1.05	0.95				
	222	2	0.0	0.0	0.0	0.0	2	1.05	6.1502126390753515	230.0	27	1.05	0.95				
	223	2	0.0	0.0	0.0	0.0	2	1.05	1.9113754377917342	230.0	25	1.05	0.95				
	224	1	0.0	0.0	0.0	0.0	2	1.0112012595131767	-5.922244157903567	230.0	26	1.05	0.95				
	301	2	51.659601385263166	10.52325213403509	0.0	0.0	3	1.003517854571386	11.403900210723759	138.0	31	1.05	0.95				
	302	2	46.397975318245614	9.566592849122808	0.0	0.0	3	1.0031435247370852	11.317546321935497	138.0	32	1.05	0.95				
	303	1	86.09933564210527	17.698196770877196	0.0	0.0	3	1.023464617349946	15.734401247062916	138.0	31	1.05	0.95				
	304	1	35.39639354175439	7.174944636842105	0.0	0.0	3	1.0072874336421789	12.820417616634918	138.0	31	1.05	0.95				
	305	1	33.96140461438596	6.696614994385966	0.0	0.0	3	1.020130255207771	12.494028805876328	138.0	31	1.05	0.95				
	306	1	65.05283137403511	13.393229988771932	0.0	-100.0	3	1.0376922169920375	12.540811212673397	138.0	32	1.05	0.95				
	307	2	59.79120530701755	11.95824106140351	0.0	0.0	3	0.9928381767595237	7.985438544561193	138.0	32	1.05	0.95				
	308	1	81.79436886	16.741537485964912	0.0	0.0	3	1.0001747954670621	10.135501712422032	138.0	32	1.05	0.95				
	309	1	83.70768742982457	17.219867128421054	0.0	0.0	3	1.0261918330362398	16.00512908805104	138.0	33	1.05	0.95				
	310	1	93.27428027894737	19.133185698245615	0.0	0.0	3	1.05	15.118251807646612	138.0	33	1.05	0.95				
	311	1	0.0	0.0	0.0	0.0	3	1.0084506534797346	20.57798300186295	230.0	33	1.05	0.95				
	312	1	0.0	0.0	0.0	0.0	3	1.0128057770327787	20.90855919283939	230.0	33	1.05	0.95				
	313	2	126.75735525087721	25.829800692631583	0.0	0.0	3	1.014063794049301	25.275133165846324	230.0	34	1.05	0.95				
	314	2	92.79595063649123	18.654856055789477	0.0	0.0	3	1.0085610693730025	21.559291328744877	230.0	36	1.05	0.95				
	315	2	151.6304966585965	30.61309711719299	0.0	0.0	3	1.0355292297289342	21.27571364599132	230.0	36	1.05	0.95				
	316	2	47.83296424561404	9.566592849122808	0.0	0.0	3	1.0329053200418785	22.14984570201315	230.0	36	1.05	0.95				
	317	1	0.0	0.0	0.0	0.0	3	1.05	25.24046942491692	230.0	37	1.05	0.95				
	318	2	159.28377093789476	32.526415687017554	0.0	0.0	3	1.0482642290281894	21.849371138908523	230.0	37	1.05	0.95				
	319	1	86.5776652845614	17.698196770877196	0.0	0.0	3	1.0289071571932944	22.60057166955422	230.0	35	1.05	0.95				
	320	1	61.22619423438598	12.436570703859651	0.0	0.0	3	1.0259686542866433	22.67999953094941	230.0	35	1.05	0.95				
	321	2	0.0	0.0	0.0	0.0	3	1.044794284389784	22.330425802207877	230.0	37	1.05	0.95				
	322	2	0.0	0.0	0.0	0.0	3	1.05	27.814440156634824	230.0	37	1.05	0.95				
	323	2	0.0	0.0	0.0	0.0	3	1.02424221222652	22.727846847565708	230.0	35	1.05	0.95				
	324	1	0.0	0.0	0.0	0.0	3	1.0251854284394986	20.61612124919403	230.0	36	1.05	0.95				
	325	1	0.0	0.0	0.0	0.0	3	1.0273800242193962	22.679192201810622	230.0	35	1.05	0.95				
];
