%% MATPOWER Case Format : Version 2
function mpc = RTS_GMLC
mpc.version = '2';

%%-----  Power Flow Data  -----%%
%% system MVA base
mpc.baseMVA = 100.0;
%% bus data
%    bus_i    type    Pd    Qd    Gs    Bs    area    Vm    Va    baseKV    zone    Vmax    Vmin
mpc.bus = [
	101	2	53.23849578947368	10.844878771929825	0.0	0.0	1	1.0334211705504768	1.5201816156323322	138.0	11	1.05	0.95				
	102	2	47.81605640350877	9.858980701754385	0.0	0.0	1	1.033006538602762	1.3742479758351371	138.0	12	1.05	0.95				
	103	1	88.73082631578947	18.239114298245614	0.0	0.0	1	1.025225262960363	-0.2116748448660216	138.0	11	1.05	0.95				
	104	1	36.47822859649123	7.394235526315788	0.0	0.0	1	1.020181799732469	-1.7809467630192	138.0	11	1.05	0.95				
	105	1	34.999381491228064	6.9012864912280705	0.0	0.0	1	1.0349935794203946	-1.6064522498603189	138.0	11	1.05	0.95				
	106	1	67.04106877192983	13.802572982456141	0.0	-100.0	1	1.0435847870549457	-3.8521212758711454	138.0	12	1.05	0.95				
	107	2	61.61862938596491	12.323725877192981	0.0	0.0	1	1.016724443411749	-6.134522549822355	138.0	12	1.05	0.95				
	108	1	84.29428499999999	17.253216228070173	0.0	0.0	1	1.0130370728324298	-6.272334035601735	138.0	12	1.05	0.95				
	109	1	86.26608114035086	17.74616526315789	0.0	0.0	1	1.0249290300534173	-2.366587429992192	138.0	13	1.05	0.95				
	110	1	96.12506184210525	19.71796140350877	0.0	0.0	1	1.05	-3.222678981780078	138.0	13	1.05	0.95				
	111	1	0.0	0.0	0.0	0.0	1	1.004804504749511	-0.4979740635430776	230.0	13	1.05	0.95				
	112	1	0.0	0.0	0.0	0.0	1	1.0100146438714939	0.012372926344683254	230.0	13	1.05	0.95				
	113	3	130.6314942982456	26.61924789473684	0.0	0.0	1	0.9993004533324207	-1.4213063508153056e-25	230.0	14	1.05	0.95				
	114	2	95.63211280701753	19.22501236842105	0.0	0.0	1	1.0010665111028476	1.487304867015053	230.0	16	1.05	0.95				
	115	2	156.264844122807	31.548738245614032	0.0	0.0	1	1.0348503864678749	7.609358682522705	230.0	16	1.05	0.95				
	116	2	49.294903508771924	9.858980701754385	0.0	0.0	1	1.031816294653141	7.196040913605286	230.0	16	1.05	0.95				
	117	1	0.0	0.0	0.0	0.0	1	1.038214175931095	9.14566103915791	230.0	17	1.05	0.95				
	118	2	164.1520286842105	33.520534385964915	0.0	0.0	1	1.0396879215547836	9.216666449932424	230.0	17	1.05	0.95				
	119	1	89.22377535087719	18.239114298245614	0.0	0.0	1	1.0269346131334534	6.166412236317082	230.0	15	1.05	0.95				
	120	1	63.097476491228065	12.816674912280702	0.0	0.0	1	1.0264404494157275	6.226433475829803	230.0	15	1.05	0.95				
	121	2	0.0	0.0	0.0	0.0	1	1.0428612168818665	10.416627866688538	230.0	17	1.05	0.95				
	122	2	0.0	0.0	0.0	0.0	1	1.05	16.47890940200613	230.0	17	1.05	0.95				
	123	2	0.0	0.0	0.0	0.0	1	1.0270407256220782	6.637522014170234	230.0	15	1.05	0.95				
	124	1	0.0	0.0	0.0	0.0	1	1.0212593937677794	4.681914573006584	230.0	16	1.05	0.95				
	201	2	59.10845271157896	12.040610737543862	0.0	0.0	2	1.0320336894938549	-10.10602427804678	138.0	21	1.05	0.95				
	202	2	53.08814734280703	10.946009761403511	0.0	0.0	2	1.032430565581966	-10.116316526784754	138.0	22	1.05	0.95				
	203	1	98.51408785263159	20.250118058596495	0.0	0.0	2	1.0205987108714192	-8.340559717372251	138.0	21	1.05	0.95				
	204	1	40.50023611719299	8.209507321052632	0.0	0.0	2	1.0183583458587167	-12.207517172752935	138.0	21	1.05	0.95				
	205	1	38.85833465298246	7.6622068329824575	0.0	0.0	2	1.0340210003822494	-12.48982317364122	138.0	21	1.05	0.95				
	206	1	74.43286637754387	15.324413665964915	0.0	-100.0	2	1.0423510170735875	-14.340672765255928	138.0	22	1.05	0.95				
	207	2	68.41256100877193	13.682512201754388	0.0	0.0	2	0.989922805198241	-22.531596252006835	138.0	22	1.05	0.95				
	208	1	93.58838346000002	19.155517082456143	0.0	0.0	2	0.9919026983691863	-19.942736048648253	138.0	22	1.05	0.95				
	209	1	95.77758541228071	19.702817570526317	0.0	0.0	2	1.0232848157842194	-11.693211842625109	138.0	23	1.05	0.95				
	210	1	106.72359517368422	21.892019522807022	0.0	0.0	2	1.05	-13.174671599360101	138.0	23	1.05	0.95				
	211	1	0.0	0.0	0.0	0.0	2	1.0120101230366114	-8.5612831458523	230.0	23	1.05	0.95				
	212	1	0.0	0.0	0.0	0.0	2	1.0116197357931007	-7.81235456186831	230.0	23	1.05	0.95				
	213	2	145.0346293385965	29.55422635578948	0.0	0.0	2	1.009593220644666	-7.445742394978235	230.0	24	1.05	0.95				
	214	2	106.17629468561405	21.344719034736844	0.0	0.0	2	1.0187226539742773	-5.626452552856144	230.0	26	1.05	0.95				
	215	2	173.49425471824563	35.02723123649123	0.0	0.0	2	1.0318514878071123	2.0055830694449694	230.0	26	1.05	0.95				
	216	2	54.73004880701755	10.946009761403511	0.0	0.0	2	1.0341019019548296	1.8749394480145987	230.0	26	1.05	0.95				
	217	1	0.0	0.0	0.0	0.0	2	1.0380702987075234	4.904186660694696	230.0	27	1.05	0.95				
	218	2	182.25106252736845	37.21643318877194	0.0	0.0	2	1.0397805938843674	5.346240110763043	230.0	27	1.05	0.95				
	219	1	99.06138834070177	20.250118058596495	0.0	0.0	2	1.0322893691208002	1.0944803797855165	230.0	25	1.05	0.95				
	220	1	70.05446247298246	14.229812689824564	0.0	0.0	2	1.034988052348675	1.4671438752786845	230.0	25	1.05	0.95				
	221	2	0.0	0.0	0.0	0.0	2	1.0395573456134275	4.9918154271428845	230.0	27	1.05	0.95				
	222	2	0.0	0.0	0.0	0.0	2	1.05	11.45910598436027	230.0	27	1.05	0.95				
	223	2	0.0	0.0	0.0	0.0	2	1.0376463524350328	2.081210480723493	230.0	25	1.05	0.95				
	224	1	0.0	0.0	0.0	0.0	2	1.014835336777458	-1.866443612547256	230.0	26	1.05	0.95				
	301	2	40.98260042526316	8.348307494035087	0.0	0.0	3	1.0122208202459262	-9.616201457146595	138.0	31	1.05	0.95				
	302	2	36.80844667824561	7.589370449122806	0.0	0.0	3	1.0120750558766882	-9.780416510573623	138.0	32	1.05	0.95				
	303	1	68.30433404210527	14.040335330877191	0.0	0.0	3	1.0330052951869113	-2.6586618655653473	138.0	31	1.05	0.95				
	304	1	28.080670661754382	5.6920278368421044	0.0	0.0	3	1.013499418656205	-8.603205717207377	138.0	31	1.05	0.95				
	305	1	26.942265094385963	5.3125593143859655	0.0	0.0	3	1.026506498174859	-9.64735482432845	138.0	31	1.05	0.95				
	306	1	51.60771905403509	10.625118628771931	0.0	-100.0	3	1.042881743132076	-10.135378461701318	138.0	32	1.05	0.95				
	307	2	47.43356530701754	9.486713061403508	0.0	0.0	3	0.9926861473243568	-13.955241602069488	138.0	32	1.05	0.95				
	308	1	64.88911733999998	13.28139828596491	0.0	0.0	3	1.0012338008002084	-12.29425909130581	138.0	32	1.05	0.95				
	309	1	66.40699142982456	13.660866808421051	0.0	0.0	3	1.0258862448087362	-6.079454732413435	138.0	33	1.05	0.95				
	310	1	73.99636187894735	15.178740898245612	0.0	0.0	3	1.05	-8.45463773126582	138.0	33	1.05	0.95				
	311	1	0.0	0.0	0.0	0.0	3	1.0034081398060675	-3.8979613958762256	230.0	33	1.05	0.95				
	312	1	0.0	0.0	0.0	0.0	3	1.0091806375633945	-3.408355201320339	230.0	33	1.05	0.95				
	313	2	100.55915845087718	20.49130021263158	0.0	0.0	3	1.0060319289559518	-0.7908942600797569	230.0	34	1.05	0.95				
	314	2	73.61689335649122	14.799272375789474	0.0	0.0	3	0.9946754329329551	-3.096714859146596	230.0	36	1.05	0.95				
	315	2	120.29152161859649	24.28598543719298	0.0	0.0	3	1.0213715618889196	-0.11284430801510698	230.0	36	1.05	0.95				
	316	2	37.94685224561403	7.589370449122806	0.0	0.0	3	1.019327946342449	0.2880862065028188	230.0	36	1.05	0.95				
	317	1	0.0	0.0	0.0	0.0	3	1.0260949115974105	1.0780977090226318	230.0	37	1.05	0.95				
	318	2	126.36301797789473	25.803859527017543	0.0	0.0	3	1.026173528368725	0.8577416690124315	230.0	37	1.05	0.95				
	319	1	68.6838025645614	14.040335330877191	0.0	0.0	3	1.0148818430051518	-0.2544228556382468	230.0	35	1.05	0.95				
	320	1	48.57197087438596	9.866181583859648	0.0	0.0	3	1.0133923340029218	0.031384848780212936	230.0	35	1.05	0.95				
	321	2	0.0	0.0	0.0	0.0	3	1.0272519629340524	1.3896321487278773	230.0	37	1.05	0.95				
	322	2	0.0	0.0	0.0	0.0	3	1.0402198332761678	5.6557114414718574	230.0	37	1.05	0.95				
	323	2	0.0	0.0	0.0	0.0	3	1.0129944940827795	0.490647637575274	230.0	35	1.05	0.95				
	324	1	0.0	0.0	0.0	0.0	3	1.0203499853391085	-1.0920257437217433	230.0	36	1.05	0.95				
	325	1	0.0	0.0	0.0	0.0	3	1.0134459465297923	1.350534971358555	230.0	35	1.05	0.95				
];
