%% MATPOWER Case Format : Version 2
function mpc = RTS_GMLC
mpc.version = '2';

%%-----  Power Flow Data  -----%%
%% system MVA base
mpc.baseMVA = 100.0;
%% bus data
%    bus_i    type    Pd    Qd    Gs    Bs    area    Vm    Va    baseKV    zone    Vmax    Vmin
mpc.bus = [
	101	2	75.41563581473683	15.362444332631577	0.0	0.0	1	1.0339427495808422	-2.0074147573926875	138.0	11	1.05	0.95				
	102	2	67.73441364842104	13.965858484210525	0.0	0.0	1	1.0339497715718957	-2.0544318905392087	138.0	12	1.05	0.95				
	103	1	125.69272635789473	25.83683819578947	0.0	0.0	1	1.0215208160325921	-2.965057679435292	138.0	11	1.05	0.95				
	104	1	51.67367639157894	10.474393863157893	0.0	0.0	1	1.0175614967157578	-4.965127392352796	138.0	11	1.05	0.95				
	105	1	49.57879761894736	9.77610093894737	0.0	0.0	1	1.0326839382299766	-4.952740263375341	138.0	11	1.05	0.95				
	106	1	94.96783769263158	19.55220187789474	0.0	-100.0	1	1.038037767121423	-7.2395163521305514	138.0	12	1.05	0.95				
	107	2	87.28661552631579	17.457323105263157	0.0	0.0	1	1.0440859062047403	-3.6438064317697103	138.0	12	1.05	0.95				
	108	1	119.40809003999999	24.440252347368414	0.0	0.0	1	1.0235697108181272	-6.435588090472253	138.0	12	1.05	0.95				
	109	1	122.2012617368421	25.138545271578945	0.0	0.0	1	1.0264095203749275	-4.524664392733986	138.0	13	1.05	0.95				
	110	1	136.1671202210526	27.93171696842105	0.0	0.0	1	1.05	-5.738916292102917	138.0	13	1.05	0.95				
	111	1	0.0	0.0	0.0	0.0	1	1.0116452259586133	-1.80098180635287	230.0	13	1.05	0.95				
	112	1	0.0	0.0	0.0	0.0	1	1.0146932063619274	-1.0572544584383463	230.0	13	1.05	0.95				
	113	3	185.04762491578944	37.707817907368415	0.0	0.0	1	1.0113150198624457	2.7399040175844297e-30	230.0	14	1.05	0.95				
	114	2	135.46882729684208	27.233424044210526	0.0	0.0	1	1.012613430274226	0.022371018528158513	230.0	16	1.05	0.95				
	115	2	221.3588569747368	44.69074714947368	0.0	0.0	1	1.04356517547426	7.28538751173645	230.0	16	1.05	0.95				
	116	2	69.82929242105263	13.965858484210525	0.0	0.0	1	1.0407924931944834	6.802654337063382	230.0	16	1.05	0.95				
	117	1	0.0	0.0	0.0	0.0	1	1.0460681938831056	9.798415750616492	230.0	17	1.05	0.95				
	118	2	232.53154376210526	47.48391884631579	0.0	0.0	1	1.048744536666311	10.445413680101444	230.0	17	1.05	0.95				
	119	1	126.39101928210525	25.83683819578947	0.0	0.0	1	1.0339899134242856	5.455143840440709	230.0	15	1.05	0.95				
	120	1	89.38149429894736	18.155616029473684	0.0	0.0	1	1.034276720178197	5.610358440621195	230.0	15	1.05	0.95				
	121	2	0.0	0.0	0.0	0.0	1	1.05	11.057903959700122	230.0	17	1.05	0.95				
	122	2	0.0	0.0	0.0	0.0	1	1.05	17.075212656272647	230.0	17	1.05	0.95				
	123	2	0.0	0.0	0.0	0.0	1	1.036271807870514	6.217673512343311	230.0	15	1.05	0.95				
	124	1	0.0	0.0	0.0	0.0	1	1.022487365873472	3.489942252312041	230.0	16	1.05	0.95				
	201	2	66.65638282105265	13.578152056140352	0.0	0.0	2	1.0329280791116768	-10.281444126171275	138.0	21	1.05	0.95				
	202	2	59.867306792982454	12.34377459649123	0.0	0.0	2	1.0330320314855224	-10.364444325984058	138.0	22	1.05	0.95				
	203	1	111.09397136842105	22.835983003508773	0.0	0.0	2	1.0268834851314572	-7.938160083989015	138.0	21	1.05	0.95				
	204	1	45.671966007017545	9.257830947368422	0.0	0.0	2	1.0181582729598908	-12.484638265813986	138.0	21	1.05	0.95				
	205	1	43.82039981754386	8.64064221754386	0.0	0.0	2	1.0334737979839905	-12.808415261647939	138.0	21	1.05	0.95				
	206	1	83.93766725614036	17.28128443508772	0.0	-100.0	2	1.0404308945152316	-14.810509010988554	138.0	22	1.05	0.95				
	207	2	77.14859122807017	15.429718245614035	0.0	0.0	2	0.9879970892273492	-24.092057989741253	138.0	22	1.05	0.95				
	208	1	105.53927279999999	21.601605543859648	0.0	0.0	2	0.9877942562306468	-21.114404207763656	138.0	22	1.05	0.95				
	209	1	108.00802771929825	22.21879427368421	0.0	0.0	2	1.0249422611337782	-11.715883389788347	138.0	23	1.05	0.95				
	210	1	120.35180231578948	24.68754919298246	0.0	0.0	2	1.05	-13.421388938090205	138.0	23	1.05	0.95				
	211	1	0.0	0.0	0.0	0.0	2	1.0165683175936868	-8.315405000566653	230.0	23	1.05	0.95				
	212	1	0.0	0.0	0.0	0.0	2	1.015103192924554	-7.095460815846196	230.0	23	1.05	0.95				
	213	2	163.55501340350878	33.32819141052632	0.0	0.0	2	1.0180702853083503	-6.718675453707236	230.0	24	1.05	0.95				
	214	2	119.73461358596491	24.070360463157897	0.0	0.0	2	1.0249113557210545	-5.466727558587912	230.0	26	1.05	0.95				
	215	2	195.64882735438596	39.50007870877193	0.0	0.0	2	1.0388639039941951	2.2146356401856258	230.0	26	1.05	0.95				
	216	2	61.71887298245614	12.34377459649123	0.0	0.0	2	1.0412301723325226	2.3119071249563206	230.0	26	1.05	0.95				
	217	1	0.0	0.0	0.0	0.0	2	1.044137030665752	5.045521412832185	230.0	27	1.05	0.95				
	218	2	205.52384703157895	41.96883362807018	0.0	0.0	2	1.0452225724000523	5.435113518290089	230.0	27	1.05	0.95				
	219	1	111.71116009824561	22.835983003508773	0.0	0.0	2	1.0408777607760678	2.3064519793013143	230.0	25	1.05	0.95				
	220	1	79.00015741754386	16.046906975438596	0.0	0.0	2	1.045618120785033	3.4631813053866702	230.0	25	1.05	0.95				
	221	2	0.0	0.0	0.0	0.0	2	1.044955390327249	5.197041283330704	230.0	27	1.05	0.95				
	222	2	0.0	0.0	0.0	0.0	2	1.05	11.644968764817126	230.0	27	1.05	0.95				
	223	2	0.0	0.0	0.0	0.0	2	1.05	4.545078291643484	230.0	25	1.05	0.95				
	224	1	0.0	0.0	0.0	0.0	2	1.0217242942564808	-1.5822466477148702	230.0	26	1.05	0.95				
	301	2	58.54413160421053	11.925656437894737	0.0	0.0	3	1.013191121612727	-14.01527168033262	138.0	31	1.05	0.95				
	302	2	52.581303385263155	10.84150585263158	0.0	0.0	3	1.0120551987739899	-14.261764536150247	138.0	32	1.05	0.95				
	303	1	97.57355267368422	20.05678582736842	0.0	0.0	3	1.038011694617366	-3.420570911453567	138.0	31	1.05	0.95				
	304	1	40.11357165473684	8.131129389473683	0.0	0.0	3	1.0099925215824828	-12.670740021058863	138.0	31	1.05	0.95				
	305	1	38.487345776842105	7.589054096842106	0.0	0.0	3	1.0246227121890588	-13.994450136484225	138.0	31	1.05	0.95				
	306	1	73.72223979789474	15.178108193684212	0.0	-100.0	3	1.038139398661526	-14.599693234455971	138.0	32	1.05	0.95				
	307	2	67.75941157894736	13.551882315789474	0.0	0.0	3	0.9925836015780477	-20.672619274173314	138.0	32	1.05	0.95				
	308	1	92.69487504	18.972635242105262	0.0	0.0	3	0.9942586296295147	-18.117359228653488	138.0	32	1.05	0.95				
	309	1	94.86317621052632	19.51471053473684	0.0	0.0	3	1.0263925471444237	-9.152477097299641	138.0	33	1.05	0.95				
	310	1	105.70468206315789	21.68301170526316	0.0	0.0	3	1.05	-12.23391109598162	138.0	33	1.05	0.95				
	311	1	0.0	0.0	0.0	0.0	3	1.0152854860234553	-5.466974377462108	230.0	33	1.05	0.95				
	312	1	0.0	0.0	0.0	0.0	3	1.0145167102166845	-5.4368749087264465	230.0	33	1.05	0.95				
	313	2	143.6499525473684	29.272065802105264	0.0	0.0	3	1.0170495945644067	-2.5838354541003885	230.0	34	1.05	0.95				
	314	2	105.16260677052631	21.140936412631582	0.0	0.0	3	1.0255592409237875	-2.7558690173695095	230.0	36	1.05	0.95				
	315	2	171.83786776421053	34.69281872842105	0.0	0.0	3	1.0452207710829893	4.6222171751557175	230.0	36	1.05	0.95				
	316	2	54.207529263157895	10.84150585263158	0.0	0.0	3	1.0429846006301102	4.350380630855107	230.0	36	1.05	0.95				
	317	1	0.0	0.0	0.0	0.0	3	1.05	10.064228946566628	230.0	37	1.05	0.95				
	318	2	180.51107244631578	36.86111989894737	0.0	0.0	3	1.0455169156328772	8.484497806976488	230.0	37	1.05	0.95				
	319	1	98.11562796631578	20.05678582736842	0.0	0.0	3	1.0352585117430153	2.058092163725208	230.0	35	1.05	0.95				
	320	1	69.3856374568421	14.093957608421054	0.0	0.0	3	1.033630951220446	1.086145499861401	230.0	35	1.05	0.95				
	321	2	0.0	0.0	0.0	0.0	3	1.048876111669611	8.708049140013314	230.0	37	1.05	0.95				
	322	2	0.0	0.0	0.0	0.0	3	1.05	13.58666386847854	230.0	37	1.05	0.95				
	323	2	0.0	0.0	0.0	0.0	3	1.0337511249534697	0.9595896899466407	230.0	35	1.05	0.95				
	324	1	0.0	0.0	0.0	0.0	3	1.0322023042882589	1.6029734899498411	230.0	36	1.05	0.95				
	325	1	0.0	0.0	0.0	0.0	3	1.0329823764585861	1.8158852619071901	230.0	35	1.05	0.95				
];
