%% MATPOWER Case Format : Version 2
function mpc = RTS_GMLC
mpc.version = '2';

%%-----  Power Flow Data  -----%%
%% system MVA base
mpc.baseMVA = 100.0;
%% bus data
%    bus_i    type    Pd    Qd    Gs    Bs    area    Vm    Va    baseKV    zone    Vmax    Vmin
mpc.bus = [
	101	2	53.23849578947368	10.844878771929825	0.0	0.0	1	1.0117180541920396	0.8744031185212037	138.0	11	1.05	0.95				
	102	2	47.81605640350877	9.858980701754385	0.0	0.0	1	1.0106179571581304	0.5500896079233432	138.0	12	1.05	0.95				
	103	1	88.73082631578947	18.239114298245614	0.0	0.0	1	1.0222799554906492	1.3399691781131307	138.0	11	1.05	0.95				
	104	1	36.47822859649123	7.394235526315788	0.0	0.0	1	1.0105298084798608	-2.4583159240153276	138.0	11	1.05	0.95				
	105	1	34.999381491228064	6.9012864912280705	0.0	0.0	1	1.0237545352599338	-2.4499511625950725	138.0	11	1.05	0.95				
	106	1	67.04106877192983	13.802572982456141	0.0	-100.0	1	1.0380438288248617	-4.820483310007579	138.0	12	1.05	0.95				
	107	2	61.61862938596491	12.323725877192981	0.0	0.0	1	0.987535445920354	-11.64195597762796	138.0	12	1.05	0.95				
	108	1	84.29428499999999	17.253216228070173	0.0	0.0	1	0.9940616569099143	-9.723478195827381	138.0	12	1.05	0.95				
	109	1	86.26608114035086	17.74616526315789	0.0	0.0	1	1.0257297927545441	-2.8504040491659017	138.0	13	1.05	0.95				
	110	1	96.12506184210525	19.71796140350877	0.0	0.0	1	1.05	-4.181208970871317	138.0	13	1.05	0.95				
	111	1	0.0	0.0	0.0	0.0	1	1.0224559565554565	-0.0774070174985533	230.0	13	1.05	0.95				
	112	1	0.0	0.0	0.0	0.0	1	1.017871408992551	-0.9622496160768437	230.0	13	1.05	0.95				
	113	3	130.6314942982456	26.61924789473684	0.0	0.0	1	1.0054859610427431	-5.8741669452623624e-33	230.0	14	1.05	0.95				
	114	2	95.63211280701753	19.22501236842105	0.0	0.0	1	1.05	3.184639906469689	230.0	16	1.05	0.95				
	115	2	156.264844122807	31.548738245614032	0.0	0.0	1	1.0404916330111373	12.853390072146077	230.0	16	1.05	0.95				
	116	2	49.294903508771924	9.858980701754385	0.0	0.0	1	1.0421794546684888	10.994638521015478	230.0	16	1.05	0.95				
	117	1	0.0	0.0	0.0	0.0	1	1.039686716429575	17.18562385382962	230.0	17	1.05	0.95				
	118	2	164.1520286842105	33.520534385964915	0.0	0.0	1	1.0481003380897391	17.838379189580106	230.0	17	1.05	0.95				
	119	1	89.22377535087719	18.239114298245614	0.0	0.0	1	1.0400881980845706	6.793917434006556	230.0	15	1.05	0.95				
	120	1	63.097476491228065	12.816674912280702	0.0	0.0	1	1.045638771705651	4.089583791132748	230.0	15	1.05	0.95				
	121	2	0.0	0.0	0.0	0.0	1	1.0431291777314569	19.668070789069912	230.0	17	1.05	0.95				
	122	2	0.0	0.0	0.0	0.0	1	1.05	37.63038921594114	230.0	17	1.05	0.95				
	123	2	0.0	0.0	0.0	0.0	1	1.0499999791006864	2.9756195425243215	230.0	15	1.05	0.95				
	124	1	0.0	0.0	0.0	0.0	1	1.0192908112854797	8.57104381963302	230.0	16	1.05	0.95				
	201	2	51.15252637894737	10.419959077192981	0.0	0.0	2	1.0131344960215936	-14.627461161198541	138.0	21	1.05	0.95				
	202	2	45.94254684035087	9.472690070175439	0.0	0.0	2	1.0127837232088068	-14.790853481878553	138.0	22	1.05	0.95				
	203	1	85.25421063157894	17.52447662982456	0.0	0.0	2	1.013108654975354	-11.1481651404148	138.0	21	1.05	0.95				
	204	1	35.04895325964912	7.104517552631578	0.0	0.0	2	1.0110548710089342	-14.65250370402953	138.0	21	1.05	0.95				
	205	1	33.6280497491228	6.630883049122807	0.0	0.0	2	1.0256913322006562	-15.096532566348756	138.0	21	1.05	0.95				
	206	1	64.41429247719299	13.261766098245614	0.0	-100.0	2	1.0403075213957582	-15.890162281419608	138.0	22	1.05	0.95				
	207	2	59.204312938596495	11.840862587719297	0.0	0.0	2	0.9917268209021662	-21.90518110785254	138.0	22	1.05	0.95				
	208	1	80.9915001	16.577207622807016	0.0	0.0	2	0.9963545125287346	-19.72539796916294	138.0	22	1.05	0.95				
	209	1	82.88603811403507	17.05084212631579	0.0	0.0	2	1.0237181931418977	-12.581024112464654	138.0	23	1.05	0.95				
	210	1	92.35872818421052	18.945380140350878	0.0	0.0	2	1.05	-14.043562669782714	138.0	23	1.05	0.95				
	211	1	0.0	0.0	0.0	0.0	2	1.011695897700747	-9.037028911858194	230.0	23	1.05	0.95				
	212	1	0.0	0.0	0.0	0.0	2	1.0115469564509696	-7.5846288724347515	230.0	23	1.05	0.95				
	213	2	125.51314342982455	25.576263189473686	0.0	0.0	2	1.0123445225353105	-6.892423397874829	230.0	24	1.05	0.95				
	214	2	91.88509368070174	18.471745636842105	0.0	0.0	2	1.0165224203645846	-6.593371462840884	230.0	26	1.05	0.95				
	215	2	150.1421376122807	30.312608224561405	0.0	0.0	2	1.031942194666072	-0.49048749738391456	230.0	26	1.05	0.95				
	216	2	47.36345035087719	9.472690070175439	0.0	0.0	2	1.0348643245895492	-0.27868692385286264	230.0	26	1.05	0.95				
	217	1	0.0	0.0	0.0	0.0	2	1.0400516936944741	0.9154027356192211	230.0	27	1.05	0.95				
	218	2	157.72028966842103	32.20714623859649	0.0	0.0	2	1.0375954465911796	0.31598362250857986	230.0	27	1.05	0.95				
	219	1	85.72784513508772	17.52447662982456	0.0	0.0	2	1.0364597594845537	0.8393938125741003	230.0	25	1.05	0.95				
	220	1	60.62521644912281	12.31449709122807	0.0	0.0	2	1.0416980266329028	2.707257548884204	230.0	25	1.05	0.95				
	221	2	0.0	0.0	0.0	0.0	2	1.0379383599573189	0.8481409544579264	230.0	27	1.05	0.95				
	222	2	0.0	0.0	0.0	0.0	2	1.05	7.376148444832336	230.0	27	1.05	0.95				
	223	2	0.0	0.0	0.0	0.0	2	1.046088200697989	4.076514575229144	230.0	25	1.05	0.95				
	224	1	0.0	0.0	0.0	0.0	2	1.0117107483359444	-4.449708464191565	230.0	26	1.05	0.95				
	301	2	41.76842771368422	8.508383423157897	0.0	0.0	3	1.0128320096091405	5.6985116751150064	138.0	31	1.05	0.95				
	302	2	37.514236002105264	7.734894021052634	0.0	0.0	3	1.0125813865626678	5.475439531412209	138.0	32	1.05	0.95				
	303	1	69.6140461894737	14.309553938947369	0.0	0.0	3	1.0414901174109263	14.230808464369867	138.0	31	1.05	0.95				
	304	1	28.619107877894738	5.801170515789474	0.0	0.0	3	1.0133967780354458	6.418785004487151	138.0	31	1.05	0.95				
	305	1	27.458873774736848	5.414425814736844	0.0	0.0	3	1.026759775164481	5.395555473943434	138.0	31	1.05	0.95				
	306	1	52.59727934315791	10.828851629473688	0.0	-100.0	3	1.0427813616857071	4.743348946230149	138.0	32	1.05	0.95				
	307	2	48.34308763157896	9.66861752631579	0.0	0.0	3	0.9774861921805538	0.8534146950075145	138.0	32	1.05	0.95				
	308	1	66.13334388000001	13.536064536842108	0.0	0.0	3	0.992044355994916	2.501582173949431	138.0	32	1.05	0.95				
	309	1	67.68032268421054	13.92280923789474	0.0	0.0	3	1.02535910497013	8.784478039642458	138.0	33	1.05	0.95				
	310	1	75.41521670526316	15.469788042105268	0.0	0.0	3	1.05	6.339283831888871	138.0	33	1.05	0.95				
	311	1	0.0	0.0	0.0	0.0	3	1.0062604478121508	10.908403722005598	230.0	33	1.05	0.95				
	312	1	0.0	0.0	0.0	0.0	3	1.0118883564743384	11.102058502319345	230.0	33	1.05	0.95				
	313	2	102.48734577894739	20.88421385684211	0.0	0.0	3	1.0094279203760548	13.655762353394334	230.0	34	1.05	0.95				
	314	2	75.02847200421053	15.083043341052635	0.0	0.0	3	0.9998738383410927	11.973496594500567	230.0	36	1.05	0.95				
	315	2	122.59807023368423	24.751660867368425	0.0	0.0	3	1.0333960379653802	15.768774293908237	230.0	36	1.05	0.95				
	316	2	38.67447010526316	7.734894021052634	0.0	0.0	3	1.0296371582061337	15.722153329830894	230.0	36	1.05	0.95				
	317	1	0.0	0.0	0.0	0.0	3	1.0481081894649904	20.51702812180845	230.0	37	1.05	0.95				
	318	2	128.78598545052634	26.298639671578954	0.0	0.0	3	1.047057067251967	17.693147631839285	230.0	37	1.05	0.95				
	319	1	70.00079089052633	14.309553938947369	0.0	0.0	3	1.0228743948187762	14.499345271252869	230.0	35	1.05	0.95				
	320	1	49.50332173473685	10.055362227368423	0.0	0.0	3	1.019628200898578	14.189629588641086	230.0	35	1.05	0.95				
	321	2	0.0	0.0	0.0	0.0	3	1.0436518279391462	17.70401607106686	230.0	37	1.05	0.95				
	322	2	0.0	0.0	0.0	0.0	3	1.05	23.144929116062343	230.0	37	1.05	0.95				
	323	2	0.0	0.0	0.0	0.0	3	1.0181834480322582	14.322685791486432	230.0	35	1.05	0.95				
	324	1	0.0	0.0	0.0	0.0	3	1.03159699888309	15.18211821733017	230.0	36	1.05	0.95				
	325	1	0.0	0.0	0.0	0.0	3	1.0198598217054768	14.791138062241952	230.0	35	1.05	0.95				
];
