%% MATPOWER Case Format : Version 2
function mpc = RTS_GMLC
mpc.version = '2';

%%-----  Power Flow Data  -----%%
%% system MVA base
mpc.baseMVA = 100.0;
%% bus data
%    bus_i    type    Pd    Qd    Gs    Bs    area    Vm    Va    baseKV    zone    Vmax    Vmin
mpc.bus = [
	101	2	79.83770411368421	16.263236023157894	0.0	0.0	1	1.0436902785900122	0.9841127775877939	138.0	11	1.05	0.95				
	102	2	71.70608610210525	14.784760021052632	0.0	0.0	1	1.0430281582353265	0.6980943408902972	138.0	12	1.05	0.95				
	103	1	133.06284018947366	27.351806038947363	0.0	0.0	1	1.0274955240363053	-0.31899317790227055	138.0	11	1.05	0.95				
	104	1	54.703612077894725	11.088570015789472	0.0	0.0	1	1.023407392331579	-3.0065518735841295	138.0	11	1.05	0.95				
	105	1	52.48589807473684	10.349332014736842	0.0	0.0	1	1.0359094843911667	-3.459619546010536	138.0	11	1.05	0.95				
	106	1	100.5363681431579	20.698664029473683	0.0	-100.0	1	1.0379556261068765	-6.667915591846029	138.0	12	1.05	0.95				
	107	2	92.40475013157894	18.48095002631579	0.0	0.0	1	1.0393978854006625	-10.545828314291828	138.0	12	1.05	0.95				
	108	1	126.40969817999999	25.873330036842102	0.0	0.0	1	1.018542288852719	-10.463197170276393	138.0	12	1.05	0.95				
	109	1	129.36665018421053	26.612568037894736	0.0	0.0	1	1.026837259000016	-4.154298337948727	138.0	13	1.05	0.95				
	110	1	144.15141020526315	29.569520042105264	0.0	0.0	1	1.05	-5.692579435018182	138.0	13	1.05	0.95				
	111	1	0.0	0.0	0.0	0.0	1	1.0129437746651717	-1.4516086106486223	230.0	13	1.05	0.95				
	112	1	0.0	0.0	0.0	0.0	1	1.016867338723256	-1.0216533180021636	230.0	13	1.05	0.95				
	113	3	195.89807027894736	39.918852056842105	0.0	0.0	1	1.0145177322991725	1.0112777859604023e-28	230.0	14	1.05	0.95				
	114	2	143.4121722042105	28.83028204105263	0.0	0.0	1	1.0138578182726283	0.8077056349917995	230.0	16	1.05	0.95				
	115	2	234.33844633368417	47.311232067368415	0.0	0.0	1	1.0443523416809048	9.409595291158828	230.0	16	1.05	0.95				
	116	2	73.92380010526315	14.784760021052632	0.0	0.0	1	1.0422968874292757	8.43929094403053	230.0	16	1.05	0.95				
	117	1	0.0	0.0	0.0	0.0	1	1.0458293529565097	11.77447974348769	230.0	17	1.05	0.95				
	118	2	246.16625435052632	50.26818407157895	0.0	0.0	1	1.0480755270495437	12.498673926167191	230.0	17	1.05	0.95				
	119	1	133.8020781905263	27.351806038947363	0.0	0.0	1	1.0361626974133675	6.524575849610544	230.0	15	1.05	0.95				
	120	1	94.62246413473683	19.22018802736842	0.0	0.0	1	1.0367500105486347	5.760915510538964	230.0	15	1.05	0.95				
	121	2	0.0	0.0	0.0	0.0	1	1.05	14.38193842027024	230.0	17	1.05	0.95				
	122	2	0.0	0.0	0.0	0.0	1	1.05	19.870546783016074	230.0	17	1.05	0.95				
	123	2	0.0	0.0	0.0	0.0	1	1.0389790053122494	5.890606329074696	230.0	15	1.05	0.95				
	124	1	0.0	0.0	0.0	0.0	1	1.0258311412042669	5.78984504487723	230.0	16	1.05	0.95				
	201	2	87.14119312421053	17.750983784561402	0.0	0.0	2	1.0364254606117693	-16.24489829117145	138.0	21	1.05	0.95				
	202	2	78.26570123192982	16.137257985964915	0.0	0.0	2	1.039974936715207	-16.36318934256708	138.0	22	1.05	0.95				
	203	1	145.23532187368423	29.853927274035087	0.0	0.0	2	1.0235793772430264	-13.113929023734183	138.0	21	1.05	0.95				
	204	1	59.70785454807017	12.102943489473683	0.0	0.0	2	1.01846289491574	-17.583274217250402	138.0	21	1.05	0.95				
	205	1	57.28726585017544	11.296080590175439	0.0	0.0	2	1.0328922873556954	-18.017308792335044	138.0	21	1.05	0.95				
	206	1	109.73335430456142	22.592161180350878	0.0	-100.0	2	1.03688451754948	-19.768383497243548	138.0	22	1.05	0.95				
	207	2	100.8578624122807	20.171572482456142	0.0	0.0	2	0.95	-31.28871941844749	138.0	22	1.05	0.95				
	208	1	137.97355578	28.240201475438592	0.0	0.0	2	0.9562893148939545	-27.42940800366733	138.0	22	1.05	0.95				
	209	1	141.20100737719298	29.04706437473684	0.0	0.0	2	1.0267470688814873	-15.323889636941596	138.0	23	1.05	0.95				
	210	1	157.3382653631579	32.27451597192983	0.0	0.0	2	1.05	-17.27244908261976	138.0	23	1.05	0.95				
	211	1	0.0	0.0	0.0	0.0	2	1.034270915400051	-11.247940131180737	230.0	23	1.05	0.95				
	212	1	0.0	0.0	0.0	0.0	2	1.0282258013228225	-6.287611827077368	230.0	23	1.05	0.95				
	213	2	213.81866831403505	43.570596562105266	0.0	0.0	2	1.05	-8.469408703503918	230.0	24	1.05	0.95				
	214	2	156.53140246385965	31.46765307263158	0.0	0.0	2	1.05	-8.864768401769284	230.0	26	1.05	0.95				
	215	2	255.77553907754384	51.63922555508772	0.0	0.0	2	1.0455283660289227	-0.3700724250294047	230.0	26	1.05	0.95				
	216	2	80.68628992982457	16.137257985964915	0.0	0.0	2	1.0491715171470546	-0.5148118369826089	230.0	26	1.05	0.95				
	217	1	0.0	0.0	0.0	0.0	2	1.0491271134759852	2.317487101808502	230.0	27	1.05	0.95				
	218	2	268.68534546631577	54.86667715228071	0.0	0.0	2	1.0499999725811133	2.3421444351538434	230.0	27	1.05	0.95				
	219	1	146.04218477298247	29.853927274035087	0.0	0.0	2	1.0433751396638686	-0.37356309225873474	230.0	25	1.05	0.95				
	220	1	103.27845111017544	20.978435381754387	0.0	0.0	2	1.0457317763147065	1.2583016046477058	230.0	25	1.05	0.95				
	221	2	0.0	0.0	0.0	0.0	2	1.05	2.202418802227651	230.0	27	1.05	0.95				
	222	2	0.0	0.0	0.0	0.0	2	1.05	8.760114687918017	230.0	27	1.05	0.95				
	223	2	0.0	0.0	0.0	0.0	2	1.05	2.73795334240994	230.0	25	1.05	0.95				
	224	1	0.0	0.0	0.0	0.0	2	1.0211963927898429	-5.096194008268359	230.0	26	1.05	0.95				
	301	2	62.55868395789474	12.743435621052631	0.0	0.0	3	0.9901836678225681	9.864371528442694	138.0	31	1.05	0.95				
	302	2	56.18696614736842	11.584941473684212	0.0	0.0	3	0.9899231106471159	9.856541829311064	138.0	32	1.05	0.95				
	303	1	104.26447326315791	21.43214172631579	0.0	0.0	3	1.0140814487525607	11.859255445739151	138.0	31	1.05	0.95				
	304	1	42.86428345263158	8.688706105263158	0.0	0.0	3	0.9993181883675314	11.881038286968064	138.0	31	1.05	0.95				
	305	1	41.12654223157895	8.109459031578949	0.0	0.0	3	1.0109527482309681	11.94077427978934	138.0	31	1.05	0.95				
	306	1	78.77760202105264	16.218918063157897	0.0	-100.0	3	1.0310412027136886	12.43719049488693	138.0	32	1.05	0.95				
	307	2	72.40588421052632	14.481176842105265	0.0	0.0	3	0.9850228732509967	9.230494674152364	138.0	32	1.05	0.95				
	308	1	99.0512496	20.27364757894737	0.0	0.0	3	0.9989902983853889	11.78477170038433	138.0	32	1.05	0.95				
	309	1	101.36823789473685	20.85289465263158	0.0	0.0	3	1.0274205149282853	15.884760128343409	138.0	33	1.05	0.95				
	310	1	112.95317936842106	23.169882947368425	0.0	0.0	3	1.05	15.851573252412125	138.0	33	1.05	0.95				
	311	1	0.0	0.0	0.0	0.0	3	1.017412099825414	21.812087640575058	230.0	33	1.05	0.95				
	312	1	0.0	0.0	0.0	0.0	3	1.0237486457873355	23.18657373147098	230.0	33	1.05	0.95				
	313	2	153.5004745263158	31.27934197894737	0.0	0.0	3	1.0453418753453214	30.758671546042805	230.0	34	1.05	0.95				
	314	2	112.37393229473685	22.590635873684214	0.0	0.0	3	1.0185147309498448	19.73355818895696	230.0	36	1.05	0.95				
	315	2	183.62132235789474	37.07181271578948	0.0	0.0	3	1.0386869600237645	13.375123056402241	230.0	36	1.05	0.95				
	316	2	57.92470736842106	11.584941473684212	0.0	0.0	3	1.040950043414532	14.937096994271963	230.0	36	1.05	0.95				
	317	1	0.0	0.0	0.0	0.0	3	1.044570995769426	13.28140521190544	230.0	37	1.05	0.95				
	318	2	192.88927553684212	39.38880101052632	0.0	0.0	3	1.0438141863250672	11.792187067477608	230.0	37	1.05	0.95				
	319	1	104.84372033684213	21.43214172631579	0.0	0.0	3	1.0403779595011473	17.800941825801367	230.0	35	1.05	0.95				
	320	1	74.14362543157895	15.060423915789475	0.0	0.0	3	1.0426788912468534	19.958829170354235	230.0	35	1.05	0.95				
	321	2	0.0	0.0	0.0	0.0	3	1.0431367090239942	12.894767787899854	230.0	37	1.05	0.95				
	322	2	0.0	0.0	0.0	0.0	3	1.05	17.374995947473625	230.0	37	1.05	0.95				
	323	2	0.0	0.0	0.0	0.0	3	1.0439082824634474	20.778411203303737	230.0	35	1.05	0.95				
	324	1	0.0	0.0	0.0	0.0	3	1.0270621416558356	14.760381949569675	230.0	36	1.05	0.95				
	325	1	0.0	0.0	0.0	0.0	3	1.0459025484386566	20.24001704908355	230.0	35	1.05	0.95				
];
