%% MATPOWER Case Format : Version 2
function mpc = RTS_GMLC
mpc.version = '2';

%%-----  Power Flow Data  -----%%
%% system MVA base
mpc.baseMVA = 100.0;
%% bus data
%    bus_i    type    Pd    Qd    Gs    Bs    area    Vm    Va    baseKV    zone    Vmax    Vmin
mpc.bus = [
	101	2	73.73231075368422	15.019544783157896	0.0	0.0	1	1.0298192570900067	-0.6922544210574146	138.0	11	1.05	0.95				
	102	2	66.22253836210527	13.654131621052631	0.0	0.0	1	1.0297317154421426	-0.7911349773023743	138.0	12	1.05	0.95				
	103	1	122.88718458947369	25.260143498947368	0.0	0.0	1	1.019450439316745	-0.3993138476337468	138.0	11	1.05	0.95				
	104	1	50.520286997894736	10.240598715789474	0.0	0.0	1	1.0153925062417892	-3.865438402244081	138.0	11	1.05	0.95				
	105	1	48.472167254736846	9.557892134736843	0.0	0.0	1	1.0305784855858402	-3.950672238162501	138.0	11	1.05	0.95				
	106	1	92.84809502315791	19.115784269473686	0.0	-100.0	1	1.0372603412090777	-6.4025297920519515	138.0	12	1.05	0.95				
	107	2	85.33832263157895	17.06766452631579	0.0	0.0	1	1.0358536312656623	-6.600662810892487	138.0	12	1.05	0.95				
	108	1	116.74282536	23.894730336842105	0.0	0.0	1	1.018911728480286	-7.775526577732315	138.0	12	1.05	0.95				
	109	1	119.47365168421054	24.577436917894737	0.0	0.0	1	1.0255333235876036	-3.6057755609822464	138.0	13	1.05	0.95				
	110	1	133.12778330526316	27.308263242105262	0.0	0.0	1	1.05	-5.087375377786579	138.0	13	1.05	0.95				
	111	1	0.0	0.0	0.0	0.0	1	1.0139216760855483	-0.6349186048006603	230.0	13	1.05	0.95				
	112	1	0.0	0.0	0.0	0.0	1	1.016192612629711	-0.6050094647251396	230.0	13	1.05	0.95				
	113	3	180.91724397894737	36.86615537684211	0.0	0.0	1	1.0126061855436428	-1.5567493479589597e-30	230.0	14	1.05	0.95				
	114	2	132.44507672421054	26.625556661052634	0.0	0.0	1	1.0201154751208288	2.549947950163569	230.0	16	1.05	0.95				
	115	2	216.41798619368421	43.69322118736842	0.0	0.0	1	1.0417766749599664	12.300052940154785	230.0	16	1.05	0.95				
	116	2	68.27065810526317	13.654131621052631	0.0	0.0	1	1.0398365205044495	11.198183340511676	230.0	16	1.05	0.95				
	117	1	0.0	0.0	0.0	0.0	1	1.0421310048010164	15.903254424479478	230.0	17	1.05	0.95				
	118	2	227.34129149052632	46.424047511578955	0.0	0.0	1	1.05	16.00915535160832	230.0	17	1.05	0.95				
	119	1	123.56989117052632	25.260143498947368	0.0	0.0	1	1.0344967600868054	8.235279659048842	230.0	15	1.05	0.95				
	120	1	87.38644237473684	17.750371107368423	0.0	0.0	1	1.037218742383992	6.955477835900069	230.0	15	1.05	0.95				
	121	2	0.0	0.0	0.0	0.0	1	1.05	17.722221256123	230.0	17	1.05	0.95				
	122	2	0.0	0.0	0.0	0.0	1	1.05	34.32977985963829	230.0	17	1.05	0.95				
	123	2	0.0	0.0	0.0	0.0	1	1.0403982932386808	6.760939705168734	230.0	15	1.05	0.95				
	124	1	0.0	0.0	0.0	0.0	1	1.0174244828073296	7.59251842066225	230.0	16	1.05	0.95				
	201	2	75.73429875789475	15.427357154385964	0.0	0.0	2	1.036523161731284	-16.97722925975223	138.0	21	1.05	0.95				
	202	2	68.02062018070175	14.02487014035088	0.0	0.0	2	1.036735254976853	-17.100225743936175	138.0	22	1.05	0.95				
	203	1	126.2238312631579	25.946009759649126	0.0	0.0	2	1.0222895151361542	-12.84227584207628	138.0	21	1.05	0.95				
	204	1	51.89201951929825	10.518652605263158	0.0	0.0	2	1.017496607258226	-18.92547250672155	138.0	21	1.05	0.95				
	205	1	49.78828899824562	9.817409098245616	0.0	0.0	2	1.034219163545897	-19.421941068072133	138.0	21	1.05	0.95				
	206	1	95.36911695438597	19.63481819649123	0.0	-100.0	2	1.0389490954897294	-21.459036000261893	138.0	22	1.05	0.95				
	207	2	87.65543837719298	17.5310876754386	0.0	0.0	2	0.9695124219320003	-31.91387603394365	138.0	22	1.05	0.95				
	208	1	119.91263970000001	24.543522745614034	0.0	0.0	2	0.9723680237697409	-28.455230507217536	138.0	22	1.05	0.95				
	209	1	122.71761372807018	25.244766252631578	0.0	0.0	2	1.0237029919369027	-17.57887922443397	138.0	23	1.05	0.95				
	210	1	136.74248386842106	28.04974028070176	0.0	0.0	2	1.05	-19.697988572847375	138.0	23	1.05	0.95				
	211	1	0.0	0.0	0.0	0.0	2	1.0262249978488172	-13.594193701656687	230.0	23	1.05	0.95				
	212	1	0.0	0.0	0.0	0.0	2	1.0178097749675132	-12.304706560617236	230.0	23	1.05	0.95				
	213	2	185.82952935964914	37.867149378947374	0.0	0.0	2	1.0329671314115492	-11.866349686357209	230.0	24	1.05	0.95				
	214	2	136.0412403614035	27.34849677368421	0.0	0.0	2	1.0433901773540637	-10.219948757934084	230.0	26	1.05	0.95				
	215	2	222.29419172456141	44.87958444912281	0.0	0.0	2	1.0434185852477358	-0.9693562561906311	230.0	26	1.05	0.95				
	216	2	70.1243507017544	14.02487014035088	0.0	0.0	2	1.0468018285047052	-1.111129326343712	230.0	26	1.05	0.95				
	217	1	0.0	0.0	0.0	0.0	2	1.047534186051911	2.200994304504056	230.0	27	1.05	0.95				
	218	2	233.51408783684212	47.68455847719299	0.0	0.0	2	1.0486294584015352	2.301563579789715	230.0	27	1.05	0.95				
	219	1	126.92507477017546	25.946009759649126	0.0	0.0	2	1.0432583953014758	-1.2536947454555651	230.0	25	1.05	0.95				
	220	1	89.75916889824562	18.23233118245614	0.0	0.0	2	1.0461921049221057	-0.06457130195584365	230.0	25	1.05	0.95				
	221	2	0.0	0.0	0.0	0.0	2	1.0482111796674887	1.9941177563471486	230.0	27	1.05	0.95				
	222	2	0.0	0.0	0.0	0.0	2	1.05	8.586176006958238	230.0	27	1.05	0.95				
	223	2	0.0	0.0	0.0	0.0	2	1.05	1.096894164801357	230.0	25	1.05	0.95				
	224	1	0.0	0.0	0.0	0.0	2	1.0206143800714715	-5.374069754052062	230.0	26	1.05	0.95				
	301	2	56.2549825894737	11.459348305263159	0.0	0.0	3	1.014333419762663	-1.39838823428318	138.0	31	1.05	0.95				
	302	2	50.52530843684211	10.417589368421055	0.0	0.0	3	1.0128554618781864	-1.6937712994513228	138.0	32	1.05	0.95				
	303	1	93.75830431578949	19.27254033157895	0.0	0.0	3	1.05	11.6919379858968	138.0	31	1.05	0.95				
	304	1	38.5450806631579	7.81319202631579	0.0	0.0	3	1.011533834664672	0.08725151507535431	138.0	31	1.05	0.95				
	305	1	36.98244225789474	7.292312557894738	0.0	0.0	3	1.0256554111539982	-2.2294680362988872	138.0	31	1.05	0.95				
	306	1	70.83960770526318	14.584625115789477	0.0	-100.0	3	1.0389108471943558	-3.2850504161802845	138.0	32	1.05	0.95				
	307	2	65.10993355263159	13.021986710526317	0.0	0.0	3	0.9907655644327512	-8.399844344266192	138.0	32	1.05	0.95				
	308	1	89.07038910000001	18.230781394736844	0.0	0.0	3	0.994230260371427	-5.968866299693782	138.0	32	1.05	0.95				
	309	1	91.15390697368422	18.751660863157895	0.0	0.0	3	1.0279119821051075	3.666281825196203	138.0	33	1.05	0.95				
	310	1	101.57149634210528	20.83517873684211	0.0	0.0	3	1.05	-1.390175343997279	138.0	33	1.05	0.95				
	311	1	0.0	0.0	0.0	0.0	3	1.0132167334061652	3.9622424862739436	230.0	33	1.05	0.95				
	312	1	0.0	0.0	0.0	0.0	3	1.0160576923115792	4.4660878878063635	230.0	33	1.05	0.95				
	313	2	138.03305913157897	28.12749129473685	0.0	0.0	3	1.0139897281477743	6.589495736198352	230.0	34	1.05	0.95				
	314	2	101.05061687368422	20.314299268421056	0.0	0.0	3	1.0138560980195954	4.57547722631273	230.0	36	1.05	0.95				
	315	2	165.1187914894737	33.33628597894737	0.0	0.0	3	1.04386040163115	8.485916147677992	230.0	36	1.05	0.95				
	316	2	52.08794684210527	10.417589368421055	0.0	0.0	3	1.0395114093545836	8.57545013947989	230.0	36	1.05	0.95				
	317	1	0.0	0.0	0.0	0.0	3	1.05	12.017954774436081	230.0	37	1.05	0.95				
	318	2	173.45286298421055	35.41980385263159	0.0	0.0	3	1.0466661930559602	9.77325858285688	230.0	37	1.05	0.95				
	319	1	94.27918378421055	19.27254033157895	0.0	0.0	3	1.03173093079891	7.508975274087949	230.0	35	1.05	0.95				
	320	1	66.67257195789475	13.54286617894737	0.0	0.0	3	1.0290193700966612	7.577930464416674	230.0	35	1.05	0.95				
	321	2	0.0	0.0	0.0	0.0	3	1.0464841935482676	9.964125718863754	230.0	37	1.05	0.95				
	322	2	0.0	0.0	0.0	0.0	3	1.05	15.113501899285675	230.0	37	1.05	0.95				
	323	2	0.0	0.0	0.0	0.0	3	1.0285231893293716	8.014087001677622	230.0	35	1.05	0.95				
	324	1	0.0	0.0	0.0	0.0	3	1.043218723696341	9.715084053723405	230.0	36	1.05	0.95				
	325	1	0.0	0.0	0.0	0.0	3	1.0283514768705035	8.844727711364563	230.0	35	1.05	0.95				
];
