%% MATPOWER Case Format : Version 2
function mpc = RTS_GMLC
mpc.version = '2';

%%-----  Power Flow Data  -----%%
%% system MVA base
mpc.baseMVA = 100.0;
%% bus data
%    bus_i    type    Pd    Qd    Gs    Bs    area    Vm    Va    baseKV    zone    Vmax    Vmin
mpc.bus = [
	101	2	61.441365675789484	12.515833748771932	0.0	0.0	1	1.0392224311158587	0.9682501560549606	138.0	11	1.05	0.95				
	102	2	55.183448801403514	11.378030680701755	0.0	0.0	1	1.0387318340049305	0.8066404569126862	138.0	12	1.05	0.95				
	103	1	102.40227612631581	21.04935675929825	0.0	0.0	1	1.02357978231883	-1.8133998221151577	138.0	11	1.05	0.95				
	104	1	42.0987135185965	8.533523010526316	0.0	0.0	1	1.0225049029572755	-2.5291587125301827	138.0	11	1.05	0.95				
	105	1	40.392008916491235	7.964621476491231	0.0	0.0	1	1.0367218455101925	-2.490906747147165	138.0	11	1.05	0.95				
	106	1	77.37060862877195	15.929242952982461	0.0	-100.0	1	1.0425930483087527	-4.987753279764253	138.0	12	1.05	0.95				
	107	2	71.11269175438596	14.222538350877196	0.0	0.0	1	1.0227234328853285	-6.042095813457185	138.0	12	1.05	0.95				
	108	1	97.28216232000001	19.91155369122807	0.0	0.0	1	1.0146093759264279	-6.890307955966607	138.0	12	1.05	0.95				
	109	1	99.55776845614037	20.48045522526316	0.0	0.0	1	1.0253332422024264	-3.4009390153640617	138.0	13	1.05	0.95				
	110	1	110.93579913684212	22.75606136140351	0.0	0.0	1	1.05	-4.230556229244107	138.0	13	1.05	0.95				
	111	1	0.0	0.0	0.0	0.0	1	1.0062405745548362	-1.3662331009951196	230.0	13	1.05	0.95				
	112	1	0.0	0.0	0.0	0.0	1	1.0114130874873275	-0.611700239797319	230.0	13	1.05	0.95				
	113	3	150.75890651929825	30.720682837894742	0.0	0.0	1	1.0031184057312255	-2.2750397889385428e-28	230.0	14	1.05	0.95				
	114	2	110.36689760280703	22.187159827368426	0.0	0.0	1	1.0020050973446686	0.002576298308694481	230.0	16	1.05	0.95				
	115	2	180.34178628912284	36.40969817824562	0.0	0.0	1	1.0349763874539961	5.629670386633047	230.0	16	1.05	0.95				
	116	2	56.89015340350878	11.378030680701755	0.0	0.0	1	1.0318897164295904	5.350676002102691	230.0	16	1.05	0.95				
	117	1	0.0	0.0	0.0	0.0	1	1.0383079396458124	7.1751751863661495	230.0	17	1.05	0.95				
	118	2	189.44421083368422	38.685304314385974	0.0	0.0	1	1.0397232841013453	7.18296658219147	230.0	17	1.05	0.95				
	119	1	102.97117766035089	21.04935675929825	0.0	0.0	1	1.0267526632243058	4.574468878307444	230.0	15	1.05	0.95				
	120	1	72.81939635649124	14.791439884912283	0.0	0.0	1	1.0268489084805492	4.99483025662311	230.0	15	1.05	0.95				
	121	2	0.0	0.0	0.0	0.0	1	1.0432371119949608	8.493289334490123	230.0	17	1.05	0.95				
	122	2	0.0	0.0	0.0	0.0	1	1.05	14.480685303730763	230.0	17	1.05	0.95				
	123	2	0.0	0.0	0.0	0.0	1	1.02822386972048	5.659701782799523	230.0	15	1.05	0.95				
	124	1	0.0	0.0	0.0	0.0	1	1.0211058130201551	2.850323243636959	230.0	16	1.05	0.95				
	201	2	61.420431296842104	12.511569338245613	0.0	0.0	2	1.0334421288002253	-10.166047638784942	138.0	21	1.05	0.95				
	202	2	55.16464662771929	11.37415394385965	0.0	0.0	2	1.0336265599956835	-10.233611337913377	138.0	22	1.05	0.95				
	203	1	102.36738549473682	21.042184796140347	0.0	0.0	2	1.022391140594328	-8.505849875653533	138.0	21	1.05	0.95				
	204	1	42.084369592280694	8.530615457894736	0.0	0.0	2	1.0186513153554955	-12.504936174231824	138.0	21	1.05	0.95				
	205	1	40.37824650070175	7.961907760701754	0.0	0.0	2	1.0343577623656781	-12.74795237627536	138.0	21	1.05	0.95				
	206	1	77.34424681824561	15.923815521403508	0.0	-100.0	2	1.0419338310724024	-14.738047940262199	138.0	22	1.05	0.95				
	207	2	71.0884621491228	14.217692429824561	0.0	0.0	2	0.988733300816844	-23.34354207276115	138.0	22	1.05	0.95				
	208	1	97.24901622	19.904769401754383	0.0	0.0	2	0.990293911600295	-20.63736866016474	138.0	22	1.05	0.95				
	209	1	99.52384700877192	20.473477098947367	0.0	0.0	2	1.0236722458481717	-12.05651435255312	138.0	23	1.05	0.95				
	210	1	110.89800095263156	22.7483078877193	0.0	0.0	2	1.05	-13.571422341415532	138.0	23	1.05	0.95				
	211	1	0.0	0.0	0.0	0.0	2	1.013161793483524	-8.88104467254377	230.0	23	1.05	0.95				
	212	1	0.0	0.0	0.0	0.0	2	1.0129094454931495	-8.08305718107919	230.0	23	1.05	0.95				
	213	2	150.70753975614033	30.710215648421052	0.0	0.0	2	1.0114984265066649	-7.735275867374608	230.0	24	1.05	0.95				
	214	2	110.32929325543859	22.179600190526315	0.0	0.0	2	1.020392108276832	-5.923963073703702	230.0	26	1.05	0.95				
	215	2	180.28034001017542	36.397292620350875	0.0	0.0	2	1.0344812655938034	2.00967148806951	230.0	26	1.05	0.95				
	216	2	56.870769719298245	11.37415394385965	0.0	0.0	2	1.0365363709837372	1.7272456150845121	230.0	26	1.05	0.95				
	217	1	0.0	0.0	0.0	0.0	2	1.0398311528037705	4.6033638599696065	230.0	27	1.05	0.95				
	218	2	189.37966316526317	38.672123409122804	0.0	0.0	2	1.041389308453991	5.082878221267714	230.0	27	1.05	0.95				
	219	1	102.93609319192983	21.042184796140347	0.0	0.0	2	1.0352818554267256	0.9651088816826848	230.0	25	1.05	0.95				
	220	1	72.79458524070175	14.786400127017544	0.0	0.0	2	1.0386886623224976	1.3881828458267147	230.0	25	1.05	0.95				
	221	2	0.0	0.0	0.0	0.0	2	1.041214463973525	4.813597832691424	230.0	27	1.05	0.95				
	222	2	0.0	0.0	0.0	0.0	2	1.05	11.234466379311444	230.0	27	1.05	0.95				
	223	2	0.0	0.0	0.0	0.0	2	1.0418386851116002	2.0418554919595056	230.0	25	1.05	0.95				
	224	1	0.0	0.0	0.0	0.0	2	1.0169118276603668	-1.9228680526654807	230.0	26	1.05	0.95				
	301	2	47.986713056842106	9.775071178245614	0.0	0.0	3	1.0076235501858943	-13.699888469580197	138.0	31	1.05	0.95				
	302	2	43.099177467719294	8.886428343859649	0.0	0.0	3	1.007165510399073	-13.809423286824973	138.0	32	1.05	0.95				
	303	1	79.97785509473685	16.43989243614035	0.0	0.0	3	1.0223545609930547	-8.574333617982758	138.0	31	1.05	0.95				
	304	1	32.8797848722807	6.664821257894736	0.0	0.0	3	1.0091965820690483	-12.46382153895652	138.0	31	1.05	0.95				
	305	1	31.546820620701755	6.220499840701755	0.0	0.0	3	1.0229173672017433	-12.920378499448233	138.0	31	1.05	0.95				
	306	1	60.42771273824562	12.44099968140351	0.0	-100.0	3	1.0397460945988597	-13.01543379243447	138.0	32	1.05	0.95				
	307	2	55.540177149122805	11.108035429824561	0.0	0.0	3	0.9936850472964687	-18.096833054796175	138.0	32	1.05	0.95				
	308	1	75.97896234	15.551249601754385	0.0	0.0	3	0.9990681339123512	-16.0782300985658	138.0	32	1.05	0.95				
	309	1	77.75624800877193	15.995571018947368	0.0	0.0	3	1.0248302861362129	-9.53789729446997	138.0	33	1.05	0.95				
	310	1	86.64267635263158	17.772856687719297	0.0	0.0	3	1.05	-10.712229783518632	138.0	33	1.05	0.95				
	311	1	0.0	0.0	0.0	0.0	3	1.007394799282307	-5.163455159094103	230.0	33	1.05	0.95				
	312	1	0.0	0.0	0.0	0.0	3	1.010243395334564	-4.954603803994455	230.0	33	1.05	0.95				
	313	2	117.74517555614035	23.993356528421053	0.0	0.0	3	1.0095182282392794	-1.8170170303707032	230.0	34	1.05	0.95				
	314	2	86.19835493543859	17.328535270526316	0.0	0.0	3	1.0089633748780948	-3.037156324524213	230.0	36	1.05	0.95				
	315	2	140.84988925017544	28.436570700350877	0.0	0.0	3	1.033510913658488	0.18486751922574232	230.0	36	1.05	0.95				
	316	2	44.432141719298244	8.886428343859649	0.0	0.0	3	1.0309490392167064	0.43388551753219645	230.0	36	1.05	0.95				
	317	1	0.0	0.0	0.0	0.0	3	1.0382088044705844	2.0386102695445407	230.0	37	1.05	0.95				
	318	2	147.95903192526316	30.21385636912281	0.0	0.0	3	1.038503128164107	1.933623411400357	230.0	37	1.05	0.95				
	319	1	80.42217651192983	16.43989243614035	0.0	0.0	3	1.0260481178332552	-0.038194695814941323	230.0	35	1.05	0.95				
	320	1	56.873141400701755	11.552356847017546	0.0	0.0	3	1.0233923714593134	-0.22263815454154978	230.0	35	1.05	0.95				
	321	2	0.0	0.0	0.0	0.0	3	1.0408141011330463	2.8421873710821797	230.0	37	1.05	0.95				
	322	2	0.0	0.0	0.0	0.0	3	1.05	6.842711425950068	230.0	37	1.05	0.95				
	323	2	0.0	0.0	0.0	0.0	3	1.0222803495517643	-0.08548396830098262	230.0	35	1.05	0.95				
	324	1	0.0	0.0	0.0	0.0	3	1.0196399654558042	-2.2342979737690776	230.0	36	1.05	0.95				
	325	1	0.0	0.0	0.0	0.0	3	1.0225220193116715	0.6505936721498258	230.0	35	1.05	0.95				
];
