%% MATPOWER Case Format : Version 2
function mpc = RTS_GMLC
mpc.version = '2';

%%-----  Power Flow Data  -----%%
%% system MVA base
mpc.baseMVA = 100.0;
%% bus data
%    bus_i    type    Pd    Qd    Gs    Bs    area    Vm    Va    baseKV    zone    Vmax    Vmin
mpc.bus = [
	101	2	50.86046512421053	10.360465117894737	0.0	0.0	1	1.0349951680948666	1.6576952355662236	138.0	11	1.05	0.95				
	102	2	45.680232565263154	9.41860465263158	0.0	0.0	1	1.0345862767835918	1.5050666124678722	138.0	12	1.05	0.95				
	103	1	84.76744187368422	17.424418607368423	0.0	0.0	1	1.0268147008554374	0.05462819528810014	138.0	11	1.05	0.95				
	104	1	34.84883721473685	7.063953489473684	0.0	0.0	1	1.0211158417100477	-1.7437993471031707	138.0	11	1.05	0.95				
	105	1	33.436046516842104	6.593023256842106	0.0	0.0	1	1.036000857910342	-1.5727605285793047	138.0	11	1.05	0.95				
	106	1	64.04651163789474	13.186046513684213	0.0	-100.0	1	1.044507723104101	-3.8609228285845707	138.0	12	1.05	0.95				
	107	2	58.86627907894737	11.773255815789474	0.0	0.0	1	1.0044289714725378	-9.256445681917656	138.0	12	1.05	0.95				
	108	1	80.52906978	16.482558142105262	0.0	0.0	1	1.0053592143957637	-8.04822450929501	138.0	12	1.05	0.95				
	109	1	82.41279071052632	16.953488374736843	0.0	0.0	1	1.0246638506975247	-2.5005846926456945	138.0	13	1.05	0.95				
	110	1	91.8313953631579	18.83720930526316	0.0	0.0	1	1.05	-3.3699059200695953	138.0	13	1.05	0.95				
	111	1	0.0	0.0	0.0	0.0	1	1.0051136074558948	-0.45544332095234125	230.0	13	1.05	0.95				
	112	1	0.0	0.0	0.0	0.0	1	1.0098899287745324	-0.06892948745161129	230.0	13	1.05	0.95				
	113	3	124.79651164736842	25.430232562105264	0.0	0.0	1	0.9994732436584695	-3.1567269694182776e-28	230.0	14	1.05	0.95				
	114	2	91.36046513052631	18.36627907263158	0.0	0.0	1	1.0025076888304651	1.7465491301548692	230.0	16	1.05	0.95				
	115	2	149.2848837442105	30.139534888421053	0.0	0.0	1	1.0360578474022426	8.107434025753962	230.0	16	1.05	0.95				
	116	2	47.093023263157896	9.41860465263158	0.0	0.0	1	1.0329216033932718	7.614522619864061	230.0	16	1.05	0.95				
	117	1	0.0	0.0	0.0	0.0	1	1.0391250920468194	9.695093784837361	230.0	17	1.05	0.95				
	118	2	156.8197674663158	32.02325581894737	0.0	0.0	1	1.0407777886621088	9.799710579241708	230.0	17	1.05	0.95				
	119	1	85.2383721063158	17.424418607368423	0.0	0.0	1	1.0275811289878496	6.39860672105185	230.0	15	1.05	0.95				
	120	1	60.27906977684211	12.244186048421053	0.0	0.0	1	1.0265036088689787	6.251927477884843	230.0	15	1.05	0.95				
	121	2	0.0	0.0	0.0	0.0	1	1.0438674940262604	10.979069124552995	230.0	17	1.05	0.95				
	122	2	0.0	0.0	0.0	0.0	1	1.05	17.30978584192842	230.0	17	1.05	0.95				
	123	2	0.0	0.0	0.0	0.0	1	1.0266444836327628	6.533034050185972	230.0	15	1.05	0.95				
	124	1	0.0	0.0	0.0	0.0	1	1.0223557256145444	5.091333083625398	230.0	16	1.05	0.95				
	201	2	57.25546984421052	11.663151264561403	0.0	0.0	2	1.0318724235275416	-9.849674226504897	138.0	21	1.05	0.95				
	202	2	51.42389421192982	10.602864785964911	0.0	0.0	2	1.032291067728211	-9.837311657835622	138.0	22	1.05	0.95				
	203	1	95.42578307368422	19.615299854035086	0.0	0.0	2	1.018530562254442	-8.865746823628259	138.0	21	1.05	0.95				
	204	1	39.23059970807017	7.9521485894736825	0.0	0.0	2	1.018562153512533	-11.938030659719443	138.0	21	1.05	0.95				
	205	1	37.64016999017544	7.422005350175438	0.0	0.0	2	1.034209071961178	-12.144807928463333	138.0	21	1.05	0.95				
	206	1	72.0994805445614	14.844010700350877	0.0	-100.0	2	1.0428492024614624	-13.928658830459062	138.0	22	1.05	0.95				
	207	2	66.2679049122807	13.253580982456139	0.0	0.0	2	0.990161989466119	-21.891524275628587	138.0	22	1.05	0.95				
	208	1	90.65449392	18.555013375438595	0.0	0.0	2	0.9928137635026827	-19.39852757373862	138.0	22	1.05	0.95				
	209	1	92.77506687719298	19.08515661473684	0.0	0.0	2	1.0231596237584768	-11.500490508802745	138.0	23	1.05	0.95				
	210	1	103.3779316631579	21.205729571929822	0.0	0.0	2	1.05	-12.793074113603623	138.0	23	1.05	0.95				
	211	1	0.0	0.0	0.0	0.0	2	1.0108135321677156	-8.285749495990915	230.0	23	1.05	0.95				
	212	1	0.0	0.0	0.0	0.0	2	1.0106705391105317	-7.5680160608472615	230.0	23	1.05	0.95				
	213	2	140.48795841403506	28.62773492210526	0.0	0.0	2	1.0076909530647877	-7.170129805538217	230.0	24	1.05	0.95				
	214	2	102.84778842385964	20.67558633263158	0.0	0.0	2	1.0169468538787942	-5.351191487426249	230.0	26	1.05	0.95				
	215	2	168.05540685754386	33.92916731508772	0.0	0.0	2	1.0315911792949617	2.1278037077371463	230.0	26	1.05	0.95				
	216	2	53.014323929824556	10.602864785964911	0.0	0.0	2	1.0333669660946416	2.0360808882388803	230.0	26	1.05	0.95				
	217	1	0.0	0.0	0.0	0.0	2	1.037697377367435	5.038041004428814	230.0	27	1.05	0.95				
	218	2	176.5376986863158	36.0497402722807	0.0	0.0	2	1.0395261154718636	5.507794819611421	230.0	27	1.05	0.95				
	219	1	95.95592631298246	19.615299854035086	0.0	0.0	2	1.0312331326994313	1.2591338077881957	230.0	25	1.05	0.95				
	220	1	67.85833463017543	13.783724221754385	0.0	0.0	2	1.0334586754993862	1.6043072579069257	230.0	25	1.05	0.95				
	221	2	0.0	0.0	0.0	0.0	2	1.0393492020173705	5.139156758760527	230.0	27	1.05	0.95				
	222	2	0.0	0.0	0.0	0.0	2	1.05	11.600874409278507	230.0	27	1.05	0.95				
	223	2	0.0	0.0	0.0	0.0	2	1.0357730925310507	2.1923657066979954	230.0	25	1.05	0.95				
	224	1	0.0	0.0	0.0	0.0	2	1.0131002671367595	-1.9802260433560475	230.0	26	1.05	0.95				
	301	2	40.55552041263158	8.261309713684211	0.0	0.0	3	1.012649610907342	-8.575119899097063	138.0	31	1.05	0.95				
	302	2	36.424865555789474	7.5102815578947375	0.0	0.0	3	1.0125030695677548	-8.75686579534354	138.0	32	1.05	0.95				
	303	1	67.59253402105263	13.894020882105263	0.0	0.0	3	1.0347725443454157	-1.0743177059759943	138.0	31	1.05	0.95				
	304	1	27.788041764210526	5.632711168421052	0.0	0.0	3	1.013682514650216	-7.635845811139156	138.0	31	1.05	0.95				
	305	1	26.661499530526317	5.257197090526317	0.0	0.0	3	1.0268077193436396	-8.742889159484612	138.0	31	1.05	0.95				
	306	1	51.06991459368422	10.514394181052634	0.0	-100.0	3	1.0430928268545454	-9.304763236063847	138.0	32	1.05	0.95				
	307	2	46.939259736842104	9.387851947368421	0.0	0.0	3	0.9925055592552974	-13.048264588233241	138.0	32	1.05	0.95				
	308	1	64.21290732	13.14299272631579	0.0	0.0	3	1.0012237678476603	-11.408249724163877	138.0	32	1.05	0.95				
	309	1	65.71496363157895	13.518506804210526	0.0	0.0	3	1.0256634609649615	-5.172772651471206	138.0	33	1.05	0.95				
	310	1	73.22524518947368	15.020563115789475	0.0	0.0	3	1.05	-7.6994826599550805	138.0	33	1.05	0.95				
	311	1	0.0	0.0	0.0	0.0	3	1.0031028000954538	-3.3574704724307365	230.0	33	1.05	0.95				
	312	1	0.0	0.0	0.0	0.0	3	1.0093266176506324	-2.7897984723890326	230.0	33	1.05	0.95				
	313	2	99.51123064210526	20.27776020631579	0.0	0.0	3	1.0059403862408791	-0.2596122901673826	230.0	34	1.05	0.95				
	314	2	72.84973111157895	14.645049037894736	0.0	0.0	3	0.9931723702000502	-2.840024797897153	230.0	36	1.05	0.95				
	315	2	119.03796269263158	24.032900985263158	0.0	0.0	3	1.0193692558319676	-0.39625527134749217	230.0	36	1.05	0.95				
	316	2	37.551407789473686	7.5102815578947375	0.0	0.0	3	1.0173575300504727	0.12640846988079696	230.0	36	1.05	0.95				
	317	1	0.0	0.0	0.0	0.0	3	1.0234651247158435	0.6086306967123182	230.0	37	1.05	0.95				
	318	2	125.04618793894737	25.53495729684211	0.0	0.0	3	1.0231658262989909	0.26561865776068344	230.0	37	1.05	0.95				
	319	1	67.96804809894738	13.894020882105263	0.0	0.0	3	1.0134974329086188	-0.21260647258027698	230.0	35	1.05	0.95				
	320	1	48.065801970526316	9.763366025263158	0.0	0.0	3	1.0124583134154992	0.2454208045809778	230.0	35	1.05	0.95				
	321	2	0.0	0.0	0.0	0.0	3	1.023859522096784	0.5904061423164325	230.0	37	1.05	0.95				
	322	2	0.0	0.0	0.0	0.0	3	1.0371536630961746	5.012309013447893	230.0	37	1.05	0.95				
	323	2	0.0	0.0	0.0	0.0	3	1.0123367594070123	0.7967976597671677	230.0	35	1.05	0.95				
	324	1	0.0	0.0	0.0	0.0	3	1.0208728042184152	-0.6660873836212235	230.0	36	1.05	0.95				
	325	1	0.0	0.0	0.0	0.0	3	1.0128185866496144	1.680314015256657	230.0	35	1.05	0.95				
];
