%% MATPOWER Case Format : Version 2
function mpc = RTS_GMLC
mpc.version = '2';

%%-----  Power Flow Data  -----%%
%% system MVA base
mpc.baseMVA = 100.0;
%% bus data
%    bus_i    type    Pd    Qd    Gs    Bs    area    Vm    Va    baseKV    zone    Vmax    Vmin
mpc.bus = [
	101	2	92.86343393684213	18.91662543157895	0.0	0.0	1	1.0427106120061627	-2.339692327567326	138.0	11	1.05	0.95				
	102	2	83.40512122105264	17.196932210526317	0.0	0.0	1	1.0427754471790203	-2.4230430438984434	138.0	12	1.05	0.95				
	103	1	154.77238989473685	31.814324589473685	0.0	0.0	1	1.0216509991800664	-2.9309604567792653	138.0	11	1.05	0.95				
	104	1	63.62864917894737	12.897699157894738	0.0	0.0	1	1.020936483533747	-5.644263572501109	138.0	11	1.05	0.95				
	105	1	61.04910934736842	12.037852547368423	0.0	0.0	1	1.0344493514309683	-6.14212383433094	138.0	11	1.05	0.95				
	106	1	116.93913903157895	24.075705094736847	0.0	-100.0	1	1.0348450933826214	-9.04750176951896	138.0	12	1.05	0.95				
	107	2	107.48082631578949	21.496165263157895	0.0	0.0	1	1.05	-7.70691278460008	138.0	12	1.05	0.95				
	108	1	147.0337704	30.094631368421055	0.0	0.0	1	1.0223793774744672	-9.842072647234426	138.0	12	1.05	0.95				
	109	1	150.47315684210528	30.95447797894737	0.0	0.0	1	1.0273584522601042	-5.649118658393199	138.0	13	1.05	0.95				
	110	1	167.6700890526316	34.39386442105263	0.0	0.0	1	1.05	-7.33188047868963	138.0	13	1.05	0.95				
	111	1	0.0	0.0	0.0	0.0	1	1.0176100956526717	-2.360987947542134	230.0	13	1.05	0.95				
	112	1	0.0	0.0	0.0	0.0	1	1.0187755214960972	-1.4442071485834669	230.0	13	1.05	0.95				
	113	3	227.85935178947366	46.431716968421064	0.0	0.0	1	1.022072378199849	9.389214890238937e-29	230.0	14	1.05	0.95				
	114	2	166.81024244210528	33.534017810526315	0.0	0.0	1	1.022744554753111	-0.2981048633842768	230.0	16	1.05	0.95				
	115	2	272.5713755368421	55.03018307368421	0.0	0.0	1	1.0441236135271954	8.338350872488775	230.0	16	1.05	0.95				
	116	2	85.98466105263158	17.196932210526317	0.0	0.0	1	1.044253131916372	7.852855154869038	230.0	16	1.05	0.95				
	117	1	0.0	0.0	0.0	0.0	1	1.0474910739675996	11.357952826247297	230.0	17	1.05	0.95				
	118	2	286.3289213052632	58.46956951578947	0.0	0.0	1	1.0499999956267054	12.160654877536787	230.0	17	1.05	0.95				
	119	1	155.63223650526317	31.814324589473685	0.0	0.0	1	1.0392123262874968	6.441897980062296	230.0	15	1.05	0.95				
	120	1	110.06036614736843	22.35601187368421	0.0	0.0	1	1.042036540831783	6.470406228289565	230.0	15	1.05	0.95				
	121	2	0.0	0.0	0.0	0.0	1	1.05	12.946275281283748	230.0	17	1.05	0.95				
	122	2	0.0	0.0	0.0	0.0	1	1.05	19.56462682694088	230.0	17	1.05	0.95				
	123	2	0.0	0.0	0.0	0.0	1	1.0461270613965152	7.114808330605039	230.0	15	1.05	0.95				
	124	1	0.0	0.0	0.0	0.0	1	1.021601346753288	4.164303061641434	230.0	16	1.05	0.95				
	201	2	98.54808752842106	20.07461042245614	0.0	0.0	2	1.05	-16.043359267988084	138.0	21	1.05	0.95				
	202	2	88.51078231719298	18.249645838596493	0.0	0.0	2	1.05	-16.097412885193627	138.0	22	1.05	0.95				
	203	1	164.24681254736842	33.761844801403505	0.0	0.0	2	1.0212606336788552	-11.923768664304385	138.0	21	1.05	0.95				
	204	1	67.52368960280701	13.68723437894737	0.0	0.0	2	1.0172833931858623	-17.69956088339999	138.0	21	1.05	0.95				
	205	1	64.78624272701754	12.774752087017546	0.0	0.0	2	1.0355464856858094	-18.250012486355047	138.0	21	1.05	0.95				
	206	1	124.09759170245616	25.549504174035093	0.0	-100.0	2	1.0316019437305732	-20.338237096857448	138.0	22	1.05	0.95				
	207	2	114.06028649122808	22.812057298245612	0.0	0.0	2	0.95	-29.811100270111833	138.0	22	1.05	0.95				
	208	1	156.03447192	31.936880217543855	0.0	0.0	2	0.951919128258309	-27.10130053358721	138.0	22	1.05	0.95				
	209	1	159.6844010877193	32.849362509473686	0.0	0.0	2	1.0203426268718503	-15.32889908533109	138.0	23	1.05	0.95				
	210	1	177.93404692631577	36.499291677192986	0.0	0.0	2	1.0444414888504314	-17.65044766760878	138.0	23	1.05	0.95				
	211	1	0.0	0.0	0.0	0.0	2	1.029081230841098	-9.514333727496906	230.0	23	1.05	0.95				
	212	1	0.0	0.0	0.0	0.0	2	1.0189684031169386	-8.04776221809599	230.0	23	1.05	0.95				
	213	2	241.8078073614035	49.27404376421053	0.0	0.0	2	1.05	-4.843177492819542	230.0	24	1.05	0.95				
	214	2	177.02156463438595	35.58680938526316	0.0	0.0	2	1.05	-6.985223266568664	230.0	26	1.05	0.95				
	215	2	289.25688654175434	58.39886668350878	0.0	0.0	2	1.0440362257952693	2.716397804841167	230.0	26	1.05	0.95				
	216	2	91.24822919298245	18.249645838596493	0.0	0.0	2	1.0477948353791964	2.269918104520592	230.0	26	1.05	0.95				
	217	1	0.0	0.0	0.0	0.0	2	1.0492547275884698	5.578317411267142	230.0	27	1.05	0.95				
	218	2	303.85660321263157	62.04879585122808	0.0	0.0	2	1.05	6.134019443189833	230.0	27	1.05	0.95				
	219	1	165.15929483929824	33.761844801403505	0.0	0.0	2	1.0417248346414285	1.6789404073576069	230.0	25	1.05	0.95				
	220	1	116.79773336701756	23.72453959017544	0.0	0.0	2	1.0449812822315594	2.8720883437633273	230.0	25	1.05	0.95				
	221	2	0.0	0.0	0.0	0.0	2	1.05	6.724183525853358	230.0	27	1.05	0.95				
	222	2	0.0	0.0	0.0	0.0	2	1.05	12.786518291706917	230.0	27	1.05	0.95				
	223	2	0.0	0.0	0.0	0.0	2	1.05	4.186298950770408	230.0	25	1.05	0.95				
	224	1	0.0	0.0	0.0	0.0	2	1.016639081674429	-2.7115310440462035	230.0	26	1.05	0.95				
	301	2	82.18728250105264	16.741853842807018	0.0	0.0	3	1.0163126349300056	-10.6255303873884	138.0	31	1.05	0.95				
	302	2	73.81635557964913	15.219867129824562	0.0	0.0	3	1.0166354180980035	-10.930459961804189	138.0	32	1.05	0.95				
	303	1	136.97880416842108	28.15675419017544	0.0	0.0	3	1.018829750117329	-5.497946382150985	138.0	31	1.05	0.95				
	304	1	56.31350838035088	11.414900347368421	0.0	0.0	3	1.0078441728319298	-9.016120895764788	138.0	31	1.05	0.95				
	305	1	54.03052831087719	10.653906990877195	0.0	0.0	3	1.0222791596420138	-9.474390893200551	138.0	31	1.05	0.95				
	306	1	103.49509648280704	21.30781398175439	0.0	-100.0	3	1.0323532372846924	-9.660597174356571	138.0	32	1.05	0.95				
	307	2	95.12416956140352	19.0248339122807	0.0	0.0	3	1.005787062974095	-10.564624719576127	138.0	32	1.05	0.95				
	308	1	130.12986396000002	26.634767477192984	0.0	0.0	3	1.0052540479130079	-9.375139192021457	138.0	32	1.05	0.95				
	309	1	133.1738373859649	27.395760833684214	0.0	0.0	3	1.0281331903495075	-4.346332973086354	138.0	33	1.05	0.95				
	310	1	148.3937045157895	30.439734259649125	0.0	0.0	3	1.05	-5.881382720819562	138.0	33	1.05	0.95				
	311	1	0.0	0.0	0.0	0.0	3	1.0197960540902968	1.8220075069726873	230.0	33	1.05	0.95				
	312	1	0.0	0.0	0.0	0.0	3	1.0218606079225168	3.1293514210761413	230.0	33	1.05	0.95				
	313	2	201.66323947017543	41.09364125052632	0.0	0.0	3	1.0450975745704443	9.576980425434733	230.0	34	1.05	0.95				
	314	2	147.63271115929825	29.678740903157895	0.0	0.0	3	1.025475366506017	1.782089141812959	230.0	36	1.05	0.95				
	315	2	241.2348940077193	48.7035748154386	0.0	0.0	3	1.044097167139944	3.233436927711481	230.0	36	1.05	0.95				
	316	2	76.0993356491228	15.219867129824562	0.0	0.0	3	1.042165247532582	3.8280191571432933	230.0	36	1.05	0.95				
	317	1	0.0	0.0	0.0	0.0	3	1.0457215632453878	4.875911046839308	230.0	37	1.05	0.95				
	318	2	253.410787711579	51.74754824140352	0.0	0.0	3	1.0459233169996394	4.568607462056994	230.0	37	1.05	0.95				
	319	1	137.7397975249123	28.15675419017544	0.0	0.0	3	1.0398527984334858	5.156087976134136	230.0	35	1.05	0.95				
	320	1	97.4071496308772	19.785827268771932	0.0	0.0	3	1.041667150367724	6.405082291055755	230.0	35	1.05	0.95				
	321	2	0.0	0.0	0.0	0.0	3	1.0492142234442494	6.056561274266583	230.0	37	1.05	0.95				
	322	2	0.0	0.0	0.0	0.0	3	1.05	11.366640379983702	230.0	37	1.05	0.95				
	323	2	0.0	0.0	0.0	0.0	3	1.043192792351052	6.923109173241143	230.0	35	1.05	0.95				
	324	1	0.0	0.0	0.0	0.0	3	1.0260483803517801	1.8424603987392743	230.0	36	1.05	0.95				
	325	1	0.0	0.0	0.0	0.0	3	1.0431459471716273	7.430882767457779	230.0	35	1.05	0.95				
];

%% generator data
%    bus    Pg    Qg    Qmax    Qmin    Vg    mBase    status    Pmax    Pmin    Pc1    Pc2    Qc1min    Qc1max    Qc2min    Qc2max    ramp_agc    ramp_10    ramp_30    ramp_q    apf
