%% MATPOWER Case Format : Version 2
function mpc = RTS_GMLC
mpc.version = '2';

%%-----  Power Flow Data  -----%%
%% system MVA base
mpc.baseMVA = 100.0;
%% bus data
%    bus_i    type    Pd    Qd    Gs    Bs    area    Vm    Va    baseKV    zone    Vmax    Vmin
mpc.bus = [
	101	2	99.08906483368422	20.184809503157894	0.0	0.0	1	1.0395354569831887	-7.0855595299326035	138.0	11	1.05	0.95				
	102	2	88.99666008210525	18.34982682105263	0.0	0.0	1	1.0396809368114264	-7.109944430057896	138.0	12	1.05	0.95				
	103	1	165.14844138947367	33.94717961894737	0.0	0.0	1	1.016221502815927	-7.217514550798163	138.0	11	1.05	0.95				
	104	1	67.89435923789473	13.762370115789471	0.0	0.0	1	1.0169361736731743	-9.556372271460862	138.0	11	1.05	0.95				
	105	1	65.14188521473685	12.844878774736843	0.0	0.0	1	1.032698648348889	-9.770240493923529	138.0	11	1.05	0.95				
	106	1	124.77882238315789	25.689757549473686	0.0	-100.0	1	1.033057595660184	-12.095500565027741	138.0	12	1.05	0.95				
	107	2	114.68641763157893	22.937283526315788	0.0	0.0	1	1.047374982782551	-6.177576028260142	138.0	12	1.05	0.95				
	108	1	156.89101931999997	32.1121969368421	0.0	0.0	1	1.018836340327486	-10.13569551403227	138.0	12	1.05	0.95				
	109	1	160.56098468421052	33.02968827789473	0.0	0.0	1	1.0275399428109788	-8.027012027096859	138.0	13	1.05	0.95				
	110	1	178.91081150526313	36.69965364210526	0.0	0.0	1	1.05	-9.618519440186585	138.0	13	1.05	0.95				
	111	1	0.0	0.0	0.0	0.0	1	1.0219346122707154	-4.014444598568328	230.0	13	1.05	0.95				
	112	1	0.0	0.0	0.0	0.0	1	1.0209068814562274	-2.515650869215258	230.0	13	1.05	0.95				
	113	3	243.13520537894732	49.54453241684211	0.0	0.0	1	1.0322496461222455	-1.6612052833676866e-28	230.0	14	1.05	0.95				
	114	2	177.9933201642105	35.78216230105264	0.0	0.0	1	1.0294342448215756	-2.792650578162398	230.0	16	1.05	0.95				
	115	2	290.8447551136842	58.719445827368425	0.0	0.0	1	1.04425971445743	4.592270727080083	230.0	16	1.05	0.95				
	116	2	91.74913410526315	18.34982682105263	0.0	0.0	1	1.0460122460711654	4.55380181920206	230.0	16	1.05	0.95				
	117	1	0.0	0.0	0.0	0.0	1	1.0483595674411534	7.416065440296686	230.0	17	1.05	0.95				
	118	2	305.5246165705263	62.389411191578944	0.0	0.0	1	1.0496807432074504	7.984724826472872	230.0	17	1.05	0.95				
	119	1	166.06593273052633	33.94717961894737	0.0	0.0	1	1.0408794847130731	4.109167014347242	230.0	15	1.05	0.95				
	120	1	117.43889165473685	23.85477486736842	0.0	0.0	1	1.0446647071347837	5.301623420806606	230.0	15	1.05	0.95				
	121	2	0.0	0.0	0.0	0.0	1	1.05	8.863842300432156	230.0	17	1.05	0.95				
	122	2	0.0	0.0	0.0	0.0	1	1.05	14.816136268412759	230.0	17	1.05	0.95				
	123	2	0.0	0.0	0.0	0.0	1	1.05	6.618527066361413	230.0	15	1.05	0.95				
	124	1	0.0	0.0	0.0	0.0	1	1.0189538234097975	0.24001216443861617	230.0	16	1.05	0.95				
	201	2	83.65622540210528	17.041082952280703	0.0	0.0	2	1.0424105310400344	-6.172606237179141	138.0	21	1.05	0.95				
	202	2	75.13568392596491	15.491893592982459	0.0	0.0	2	1.0424260643304113	-6.2560281045698565	138.0	22	1.05	0.95				
	203	1	139.4270423368421	28.660003147017548	0.0	0.0	2	1.0289840803605008	-5.080373253951219	138.0	21	1.05	0.95				
	204	1	57.320006294035096	11.618920194736843	0.0	0.0	2	1.020668776646931	-7.730358822491599	138.0	21	1.05	0.95				
	205	1	54.99622225508772	10.844325515087721	0.0	0.0	2	1.0364267096484936	-7.95557575977771	138.0	21	1.05	0.95				
	206	1	105.34487643228073	21.688651030175443	0.0	-100.0	2	1.0384524704762563	-9.686950332890424	138.0	22	1.05	0.95				
	207	2	96.82433495614036	19.364866991228073	0.0	0.0	2	0.9541225279937956	-21.38038008809744	138.0	22	1.05	0.95				
	208	1	132.45569022	27.1108137877193	0.0	0.0	2	0.9601639696088976	-17.489249710316617	138.0	22	1.05	0.95				
	209	1	135.5540689385965	27.88540846736842	0.0	0.0	2	1.0274214185912105	-5.821648170494339	138.0	23	1.05	0.95				
	210	1	151.04596253157897	30.983787185964918	0.0	0.0	2	1.05	-7.3409024908649885	138.0	23	1.05	0.95				
	211	1	0.0	0.0	0.0	0.0	2	1.027731829263844	-1.077204440991365	230.0	23	1.05	0.95				
	212	1	0.0	0.0	0.0	0.0	2	1.0249415790924505	2.786401999653557	230.0	23	1.05	0.95				
	213	2	205.26759010701755	41.82811270105264	0.0	0.0	2	1.0410976723412224	3.198624417623644	230.0	24	1.05	0.95				
	214	2	150.27136785192982	30.20919250631579	0.0	0.0	2	1.041194971784096	0.5129183564844405	230.0	26	1.05	0.95				
	215	2	245.54651344877195	49.574059497543864	0.0	0.0	2	1.0469823185500566	7.301129266742507	230.0	26	1.05	0.95				
	216	2	77.45946796491229	15.491893592982459	0.0	0.0	2	1.0487669765363667	7.516245657315918	230.0	26	1.05	0.95				
	217	1	0.0	0.0	0.0	0.0	2	1.05	9.824781233740588	230.0	27	1.05	0.95				
	218	2	257.94002832315795	52.672438216140364	0.0	0.0	2	1.049876500457042	10.715263454020612	230.0	27	1.05	0.95				
	219	1	140.20163701649125	28.660003147017548	0.0	0.0	2	1.0435098445900408	7.620907117912088	230.0	25	1.05	0.95				
	220	1	99.14811899508773	20.139461670877196	0.0	0.0	2	1.0459202625296624	9.160707350382168	230.0	25	1.05	0.95				
	221	2	0.0	0.0	0.0	0.0	2	1.05	11.293622566855786	230.0	27	1.05	0.95				
	222	2	0.0	0.0	0.0	0.0	2	1.05	17.229098369873757	230.0	27	1.05	0.95				
	223	2	0.0	0.0	0.0	0.0	2	1.05	10.566926226545899	230.0	25	1.05	0.95				
	224	1	0.0	0.0	0.0	0.0	2	1.0246012691451536	2.692929523719948	230.0	26	1.05	0.95				
	301	2	81.24770641263159	16.55045871368421	0.0	0.0	3	1.0125503688390651	-14.499021906227673	138.0	31	1.05	0.95				
	302	2	72.97247705578947	15.045871557894738	0.0	0.0	3	1.0114567752819554	-14.81647031358212	138.0	32	1.05	0.95				
	303	1	135.41284402105262	27.834862382105264	0.0	0.0	3	1.0173921385516393	-8.323844238934514	138.0	31	1.05	0.95				
	304	1	55.66972476421053	11.284403668421051	0.0	0.0	3	1.004895310438364	-13.148264117117828	138.0	31	1.05	0.95				
	305	1	53.41284403052631	10.532110090526317	0.0	0.0	3	1.0205788551436383	-13.478584932771264	138.0	31	1.05	0.95				
	306	1	102.31192659368422	21.064220181052633	0.0	-100.0	3	1.0313877426073474	-13.733385613125115	138.0	32	1.05	0.95				
	307	2	94.0366972368421	18.80733944736842	0.0	0.0	3	1.0061257703683217	-16.238277221615864	138.0	32	1.05	0.95				
	308	1	128.64220182	26.330275226315784	0.0	0.0	3	1.0010173526546677	-15.118768632147493	138.0	32	1.05	0.95				
	309	1	131.65137613157896	27.082568804210528	0.0	0.0	3	1.0263510164993273	-8.703857644621438	138.0	33	1.05	0.95				
	310	1	146.69724768947367	30.091743115789477	0.0	0.0	3	1.05	-10.044570513456254	138.0	33	1.05	0.95				
	311	1	0.0	0.0	0.0	0.0	3	1.0208882304531874	-2.4983735972333085	230.0	33	1.05	0.95				
	312	1	0.0	0.0	0.0	0.0	3	1.0207984368358574	-1.8718743047675925	230.0	33	1.05	0.95				
	313	2	199.35779814210525	40.62385320631579	0.0	0.0	3	1.0379168254652624	2.902784404538068	230.0	34	1.05	0.95				
	314	2	145.94495411157894	29.339449537894737	0.0	0.0	3	1.0315595073961497	-0.5077476506839665	230.0	36	1.05	0.95				
	315	2	238.47706419263156	48.14678898526316	0.0	0.0	3	1.0462945649486293	2.988888602257601	230.0	36	1.05	0.95				
	316	2	75.22935778947368	15.045871557894738	0.0	0.0	3	1.0435778657709878	2.8299228988504526	230.0	36	1.05	0.95				
	317	1	0.0	0.0	0.0	0.0	3	1.046654652575107	4.90304303380256	230.0	37	1.05	0.95				
	318	2	250.5137614389474	51.15596329684211	0.0	0.0	3	1.047213929276009	5.099374375191284	230.0	37	1.05	0.95				
	319	1	136.16513759894738	27.834862382105264	0.0	0.0	3	1.03954003894846	2.7128516287460127	230.0	35	1.05	0.95				
	320	1	96.29357797052631	19.55963302526316	0.0	0.0	3	1.0399047103060526	2.912239413165928	230.0	35	1.05	0.95				
	321	2	0.0	0.0	0.0	0.0	3	1.05	6.308318504761072	230.0	37	1.05	0.95				
	322	2	0.0	0.0	0.0	0.0	3	1.05	11.531650458261103	230.0	37	1.05	0.95				
	323	2	0.0	0.0	0.0	0.0	3	1.0411308935674681	3.176775350153849	230.0	35	1.05	0.95				
	324	1	0.0	0.0	0.0	0.0	3	1.023481392362366	0.39717840185520614	230.0	36	1.05	0.95				
	325	1	0.0	0.0	0.0	0.0	3	1.0413620773169947	3.6585397841985574	230.0	35	1.05	0.95				
];
