%% MATPOWER Case Format : Version 2
function mpc = RTS_GMLC
mpc.version = '2';

%%-----  Power Flow Data  -----%%
%% system MVA base
mpc.baseMVA = 100.0;
%% bus data
%    bus_i    type    Pd    Qd    Gs    Bs    area    Vm    Va    baseKV    zone    Vmax    Vmin
mpc.bus = [
	101	2	51.52845126315789	10.496536368421053	0.0	0.0	1	1.013580065550622	0.9606197400116282	138.0	11	1.05	0.95				
	102	2	46.28018307894737	9.542305789473685	0.0	0.0	1	1.0124473604086919	0.6473247723174541	138.0	12	1.05	0.95				
	103	1	85.88075210526316	17.653265710526313	0.0	0.0	1	1.0244658052631272	1.062319174720842	138.0	11	1.05	0.95				
	104	1	35.306531421052625	7.156729342105263	0.0	0.0	1	1.0118132596132607	-2.3524474749282778	138.0	11	1.05	0.95				
	105	1	33.87518555263158	6.67961405263158	0.0	0.0	1	1.0249526773897806	-2.3098891681449683	138.0	11	1.05	0.95				
	106	1	64.88767936842106	13.35922810526316	0.0	-100.0	1	1.038970655239821	-4.6390573948394	138.0	12	1.05	0.95				
	107	2	59.63941118421052	11.927882236842105	0.0	0.0	1	0.9862816268985416	-11.328769701153508	138.0	12	1.05	0.95				
	108	1	81.5867145	16.699035131578945	0.0	0.0	1	0.9940039757810144	-9.454639146494378	138.0	12	1.05	0.95				
	109	1	83.49517565789473	17.17615042105263	0.0	0.0	1	1.0259871752666243	-2.8080441044619087	138.0	13	1.05	0.95				
	110	1	93.03748144736842	19.08461157894737	0.0	0.0	1	1.05	-4.045139301439469	138.0	13	1.05	0.95				
	111	1	0.0	0.0	0.0	0.0	1	1.0214130703972424	-0.17594149028888525	230.0	13	1.05	0.95				
	112	1	0.0	0.0	0.0	0.0	1	1.0160786797372376	-0.881551711601192	230.0	13	1.05	0.95				
	113	3	126.43555171052631	25.764225631578945	0.0	0.0	1	1.001790370762483	-1.0448394760244866e-29	230.0	14	1.05	0.95				
	114	2	92.56036615789473	18.607496289473684	0.0	0.0	1	1.0493438466730627	2.831360675313328	230.0	16	1.05	0.95				
	115	2	151.2455467631579	30.53537852631579	0.0	0.0	1	1.042566559327648	11.771030438159283	230.0	16	1.05	0.95				
	116	2	47.71152894736842	9.542305789473685	0.0	0.0	1	1.0441258443387376	10.161248351011986	230.0	16	1.05	0.95				
	117	1	0.0	0.0	0.0	0.0	1	1.0413683618864045	15.922005380177103	230.0	17	1.05	0.95				
	118	2	158.87939139473684	32.44383968421053	0.0	0.0	1	1.04897334308114	16.398228499242276	230.0	17	1.05	0.95				
	119	1	86.35786739473684	17.653265710526313	0.0	0.0	1	1.0410662448768904	6.4583523615759715	230.0	15	1.05	0.95				
	120	1	61.07075705263158	12.404997526315789	0.0	0.0	1	1.044692743880754	4.145801559223313	230.0	15	1.05	0.95				
	121	2	0.0	0.0	0.0	0.0	1	1.0429957186509953	18.028801143065778	230.0	17	1.05	0.95				
	122	2	0.0	0.0	0.0	0.0	1	1.05	35.992238238366184	230.0	17	1.05	0.95				
	123	2	0.0	0.0	0.0	0.0	1	1.0477324574920426	3.2319861525169533	230.0	15	1.05	0.95				
	124	1	0.0	0.0	0.0	0.0	1	1.0224091312710855	7.7890877185062894	230.0	16	1.05	0.95				
	201	2	48.27955297263158	9.83472375368421	0.0	0.0	2	1.0147870492311595	-14.282417624450826	138.0	21	1.05	0.95				
	202	2	43.36219109578947	8.940657957894738	0.0	0.0	2	1.0144532819511174	-14.439557321539873	138.0	22	1.05	0.95				
	203	1	80.46592162105263	16.540217222105262	0.0	0.0	2	1.0128675991716285	-10.97035223829447	138.0	21	1.05	0.95				
	204	1	33.080434444210525	6.705493468421052	0.0	0.0	2	1.0120683051650061	-14.428119480822712	138.0	21	1.05	0.95				
	205	1	31.739335750526315	6.258460570526315	0.0	0.0	2	1.0269277154563083	-14.849279290571898	138.0	21	1.05	0.95				
	206	1	60.79647411368422	12.51692114105263	0.0	-100.0	2	1.0414747074104458	-15.67317789822277	138.0	22	1.05	0.95				
	207	2	55.8791122368421	11.17582244736842	0.0	0.0	2	0.9932686656045518	-21.347104475582366	138.0	22	1.05	0.95				
	208	1	76.44262554	15.646151426315788	0.0	0.0	2	0.998251532270385	-19.306973720094835	138.0	22	1.05	0.95				
	209	1	78.23075713157894	16.093184324210526	0.0	0.0	2	1.0231075696488576	-12.567581910147883	138.0	23	1.05	0.95				
	210	1	87.17141508947368	17.881315915789475	0.0	0.0	2	1.05	-13.980475364114994	138.0	23	1.05	0.95				
	211	1	0.0	0.0	0.0	0.0	2	1.0094666584682401	-9.255934462817228	230.0	23	1.05	0.95				
	212	1	0.0	0.0	0.0	0.0	2	1.009444269067515	-8.05235660143904	230.0	23	1.05	0.95				
	213	2	118.46371794210526	24.13977648631579	0.0	0.0	2	1.0075423829278938	-7.4021939455127574	230.0	24	1.05	0.95				
	214	2	86.72438219157894	17.434283017894735	0.0	0.0	2	1.0136706612490765	-6.789657926966407	230.0	26	1.05	0.95				
	215	2	141.70942863263156	28.610105465263157	0.0	0.0	2	1.0288387887427983	-0.6687294227205174	230.0	26	1.05	0.95				
	216	2	44.70328978947368	8.940657957894738	0.0	0.0	2	1.031244454359035	-0.592933867550623	230.0	26	1.05	0.95				
	217	1	0.0	0.0	0.0	0.0	2	1.0374819943817717	0.7954454393026953	230.0	27	1.05	0.95				
	218	2	148.86195499894737	30.39823705684211	0.0	0.0	2	1.0353281721766654	0.22522169991398802	230.0	27	1.05	0.95				
	219	1	80.91295451894737	16.540217222105262	0.0	0.0	2	1.0313413242439018	0.08495290704199862	230.0	25	1.05	0.95				
	220	1	57.220210930526314	11.622855345263158	0.0	0.0	2	1.0347140013813159	1.5342208300445812	230.0	25	1.05	0.95				
	221	2	0.0	0.0	0.0	0.0	2	1.0356948154967114	0.7289239610207778	230.0	27	1.05	0.95				
	222	2	0.0	0.0	0.0	0.0	2	1.05	7.254205966967955	230.0	27	1.05	0.95				
	223	2	0.0	0.0	0.0	0.0	2	1.037712353705909	2.6638815933467477	230.0	25	1.05	0.95				
	224	1	0.0	0.0	0.0	0.0	2	1.0101504562050196	-4.505651112880647	230.0	26	1.05	0.95				
	301	2	40.726352425263165	8.296108827368421	0.0	0.0	3	1.0120352142183644	-2.991732882676255	138.0	31	1.05	0.95				
	302	2	36.578298011578944	7.541917115789475	0.0	0.0	3	1.0119107000268486	-3.097152172330165	138.0	32	1.05	0.95				
	303	1	67.87725404210526	13.952546664210526	0.0	0.0	3	1.0281256264305092	2.228523138067728	138.0	31	1.05	0.95				
	304	1	27.905093328421053	5.656437836842105	0.0	0.0	3	1.0137380116963826	-1.7273946019638236	138.0	31	1.05	0.95				
	305	1	26.773805761052632	5.279341981052632	0.0	0.0	3	1.0263568556364246	-2.6789405204294563	138.0	31	1.05	0.95				
	306	1	51.28503638736842	10.558683962105263	0.0	-100.0	3	1.0429108133242138	-2.968141878527787	138.0	32	1.05	0.95				
	307	2	47.136981973684215	9.427396394736842	0.0	0.0	3	0.9860017779073034	-6.675878608451608	138.0	32	1.05	0.95				
	308	1	64.48339134	13.198354952631577	0.0	0.0	3	0.9976364869713654	-5.05488420802513	138.0	32	1.05	0.95				
	309	1	65.99177476315789	13.575450808421053	0.0	0.0	3	1.0265462690725458	0.9402413262513375	138.0	33	1.05	0.95				
	310	1	73.53369187894737	15.08383423157895	0.0	0.0	3	1.05	-1.1500148044171201	138.0	33	1.05	0.95				
	311	1	0.0	0.0	0.0	0.0	3	1.0042426709666339	3.7321205942097837	230.0	33	1.05	0.95				
	312	1	0.0	0.0	0.0	0.0	3	1.0090934001862895	4.103937018512266	230.0	33	1.05	0.95				
	313	2	99.93040178421052	20.363176212631583	0.0	0.0	3	1.006497410598776	6.8782179809638695	230.0	34	1.05	0.95				
	314	2	73.15659602315789	14.706738375789474	0.0	0.0	3	0.9977732076222968	4.964536403204822	230.0	36	1.05	0.95				
	315	2	119.53938628526315	24.134134770526316	0.0	0.0	3	1.029757828460133	8.661044679541602	230.0	36	1.05	0.95				
	316	2	37.70958557894737	7.541917115789475	0.0	0.0	3	1.0273572884212057	8.891792353238793	230.0	36	1.05	0.95				
	317	1	0.0	0.0	0.0	0.0	3	1.0433514983435825	13.65766221319903	230.0	37	1.05	0.95				
	318	2	125.57291997789474	25.64251819368421	0.0	0.0	3	1.0412196286626332	11.280788158503766	230.0	37	1.05	0.95				
	319	1	68.25434989789474	13.952546664210526	0.0	0.0	3	1.0199773232885105	8.103017960821447	230.0	35	1.05	0.95				
	320	1	48.26826954105263	9.804492250526316	0.0	0.0	3	1.0159310755099598	8.158976063499907	230.0	35	1.05	0.95				
	321	2	0.0	0.0	0.0	0.0	3	1.0393932827459642	11.041752320256021	230.0	37	1.05	0.95				
	322	2	0.0	0.0	0.0	0.0	3	1.05	16.39101392461869	230.0	37	1.05	0.95				
	323	2	0.0	0.0	0.0	0.0	3	1.0140584546834344	8.489603219498472	230.0	35	1.05	0.95				
	324	1	0.0	0.0	0.0	0.0	3	1.0205880751616239	6.23387105189245	230.0	36	1.05	0.95				
	325	1	0.0	0.0	0.0	0.0	3	1.014589571999922	9.315885812442042	230.0	35	1.05	0.95				
];
