%% MATPOWER Case Format : Version 2
function mpc = RTS_GMLC
mpc.version = '2';

%%-----  Power Flow Data  -----%%
%% system MVA base
mpc.baseMVA = 100.0;
%% bus data
%    bus_i    type    Pd    Qd    Gs    Bs    area    Vm    Va    baseKV    zone    Vmax    Vmin
mpc.bus = [
	101	2	69.17664524210527	14.091538845614036	0.0	0.0	1	1.0271547025031307	-1.0073850199621728	138.0	11	1.05	0.95				
	102	2	62.13087581929825	12.810489859649124	0.0	0.0	1	1.0266194004885432	-1.2131836791406427	138.0	12	1.05	0.95				
	103	1	115.29440873684212	23.69940624035088	0.0	0.0	1	1.0207118107382573	-0.1816628054317103	138.0	11	1.05	0.95				
	104	1	47.39881248070176	9.607867394736843	0.0	0.0	1	1.0148223375103282	-3.9810062551060525	138.0	11	1.05	0.95				
	105	1	45.47723900175439	8.967342901754387	0.0	0.0	1	1.0298976380140863	-4.076015389727029	138.0	11	1.05	0.95				
	106	1	87.11133104561405	17.934685803508774	0.0	-100.0	1	1.037885415600763	-6.414330942336978	138.0	12	1.05	0.95				
	107	2	80.06556162280702	16.013112324561405	0.0	0.0	1	1.0233950271598748	-8.728503772492083	138.0	12	1.05	0.95				
	108	1	109.5296883	22.418357254385963	0.0	0.0	1	1.012301738276292	-8.900490008642546	138.0	12	1.05	0.95				
	109	1	112.09178627192983	23.05888174736842	0.0	0.0	1	1.0253560049607364	-3.6305256060069246	138.0	13	1.05	0.95				
	110	1	124.90227613157896	25.620979719298248	0.0	0.0	1	1.05	-5.143396255873054	138.0	13	1.05	0.95				
	111	1	0.0	0.0	0.0	0.0	1	1.0138648141737312	-0.5477450224522817	230.0	13	1.05	0.95				
	112	1	0.0	0.0	0.0	0.0	1	1.01627421605584	-0.6158835677440531	230.0	13	1.05	0.95				
	113	3	169.73899064035086	34.58832262105263	0.0	0.0	1	1.0127518144651373	3.5508388606245495e-28	230.0	14	1.05	0.95				
	114	2	124.2617516385965	24.980455226315794	0.0	0.0	1	1.0204628297422857	2.837797882043673	230.0	16	1.05	0.95				
	115	2	203.0462642754386	40.993567550877195	0.0	0.0	1	1.0427381100037318	12.57455169444164	230.0	16	1.05	0.95				
	116	2	64.05244929824562	12.810489859649124	0.0	0.0	1	1.040538120057588	11.492572602585708	230.0	16	1.05	0.95				
	117	1	0.0	0.0	0.0	0.0	1	1.0419980436536895	16.230314432398963	230.0	17	1.05	0.95				
	118	2	213.2946561631579	43.555665522807026	0.0	0.0	1	1.05	16.262411437988533	230.0	17	1.05	0.95				
	119	1	115.93493322982458	23.69940624035088	0.0	0.0	1	1.035514466948859	8.482788850224285	230.0	15	1.05	0.95				
	120	1	81.98713510175439	16.65363681754386	0.0	0.0	1	1.0381108254792635	7.081074251157905	230.0	15	1.05	0.95				
	121	2	0.0	0.0	0.0	0.0	1	1.05	17.812107158146894	230.0	17	1.05	0.95				
	122	2	0.0	0.0	0.0	0.0	1	1.05	35.39479695606538	230.0	17	1.05	0.95				
	123	2	0.0	0.0	0.0	0.0	1	1.0410454329693206	6.788189237663289	230.0	15	1.05	0.95				
	124	1	0.0	0.0	0.0	0.0	1	1.018403290045727	7.844424935252167	230.0	16	1.05	0.95				
	201	2	70.90634345684211	14.443884778245616	0.0	0.0	2	1.0333086170147605	-17.089687093230456	138.0	21	1.05	0.95				
	202	2	63.6844010677193	13.130804343859651	0.0	0.0	2	1.0335298357574634	-17.200888584808233	138.0	22	1.05	0.95				
	203	1	118.17723909473685	24.291988036140353	0.0	0.0	2	1.0206375287159668	-13.581487397920489	138.0	21	1.05	0.95				
	204	1	48.583976072280706	9.848103257894737	0.0	0.0	2	1.0167744826119247	-19.216845762205498	138.0	21	1.05	0.95				
	205	1	46.614355420701756	9.191563040701755	0.0	0.0	2	1.0331255796981857	-19.644868792232668	138.0	21	1.05	0.95				
	206	1	89.28946953824563	18.38312608140351	0.0	-100.0	2	1.039404366058762	-21.70045219264098	138.0	22	1.05	0.95				
	207	2	82.06752714912281	16.413505429824564	0.0	0.0	2	0.9795391417073654	-31.5287780180851	138.0	22	1.05	0.95				
	208	1	112.26837714	22.978907601754386	0.0	0.0	2	0.9805241670899872	-28.326919876313795	138.0	22	1.05	0.95				
	209	1	114.89453800877195	23.63544781894737	0.0	0.0	2	1.0234417513736251	-18.200381483784856	138.0	23	1.05	0.95				
	210	1	128.02534235263158	26.261608687719303	0.0	0.0	2	1.05	-20.163612654948874	138.0	23	1.05	0.95				
	211	1	0.0	0.0	0.0	0.0	2	1.0216418949588766	-14.452390540494736	230.0	23	1.05	0.95				
	212	1	0.0	0.0	0.0	0.0	2	1.016947074046502	-13.575211162655215	230.0	23	1.05	0.95				
	213	2	173.98315755614036	35.453171728421054	0.0	0.0	2	1.0246592058509951	-13.155442053298485	230.0	24	1.05	0.95				
	214	2	127.3688021354386	25.60506847052632	0.0	0.0	2	1.0364812365421054	-10.953280224481954	230.0	26	1.05	0.95				
	215	2	208.12324885017546	42.01857390035088	0.0	0.0	2	1.0427662064467185	-1.5688669944878655	230.0	26	1.05	0.95				
	216	2	65.65402171929826	13.130804343859651	0.0	0.0	2	1.0461222868048528	-1.986009093111625	230.0	26	1.05	0.95				
	217	1	0.0	0.0	0.0	0.0	2	1.0471951648649596	1.637504902954964	230.0	27	1.05	0.95				
	218	2	218.6278923252632	44.64473476912281	0.0	0.0	2	1.048670931020632	1.7922213226883228	230.0	27	1.05	0.95				
	219	1	118.83377931192985	24.291988036140353	0.0	0.0	2	1.0434440577333375	-2.9063055945732597	230.0	25	1.05	0.95				
	220	1	84.03714780070176	17.070045647017544	0.0	0.0	2	1.046601529039743	-2.4758285760725105	230.0	25	1.05	0.95				
	221	2	0.0	0.0	0.0	0.0	2	1.0480180275048645	1.4366314485681073	230.0	27	1.05	0.95				
	222	2	0.0	0.0	0.0	0.0	2	1.05	8.026071670988069	230.0	27	1.05	0.95				
	223	2	0.0	0.0	0.0	0.0	2	1.05	-1.7616028659924514	230.0	25	1.05	0.95				
	224	1	0.0	0.0	0.0	0.0	2	1.019412005694713	-6.021408888981351	230.0	26	1.05	0.95				
	301	2	56.118317002105265	11.431509018947368	0.0	0.0	3	1.0140963625258193	-2.7432858181767115	138.0	31	1.05	0.95				
	302	2	50.402562492631574	10.392280926315788	0.0	0.0	3	1.0124614617564707	-3.1168172717083142	138.0	32	1.05	0.95				
	303	1	93.5305283368421	19.225719713684207	0.0	0.0	3	1.05	13.08367914965465	138.0	31	1.05	0.95				
	304	1	38.45143942736841	7.794210694736842	0.0	0.0	3	1.009273200844	-1.5368338058324411	138.0	31	1.05	0.95				
	305	1	36.892597288421044	7.274596648421053	0.0	0.0	3	1.0255182903293272	-4.110065902423517	138.0	31	1.05	0.95				
	306	1	70.66751029894736	14.549193296842105	0.0	-100.0	3	1.0387426730469058	-5.46934050818772	138.0	32	1.05	0.95				
	307	2	64.95175578947368	12.990351157894736	0.0	0.0	3	0.9888553328318405	-10.529156757773322	138.0	32	1.05	0.95				
	308	1	88.85400191999999	18.18649162105263	0.0	0.0	3	0.9921480890966324	-8.091666906288275	138.0	32	1.05	0.95				
	309	1	90.93245810526315	18.70610566736842	0.0	0.0	3	1.0238700396211058	1.8922228788903455	138.0	33	1.05	0.95				
	310	1	101.32473903157894	20.784561852631576	0.0	0.0	3	1.05	-3.810292623579589	138.0	33	1.05	0.95				
	311	1	0.0	0.0	0.0	0.0	3	1.014332874100284	0.8336644648163867	230.0	33	1.05	0.95				
	312	1	0.0	0.0	0.0	0.0	3	1.0180851079144122	1.7681934081213857	230.0	33	1.05	0.95				
	313	2	137.6977222736842	28.059158501052632	0.0	0.0	3	1.0166001980817736	3.5550475569741162	230.0	34	1.05	0.95				
	314	2	100.80512498526315	20.26494780631579	0.0	0.0	3	1.0146033526331255	0.31759744899969083	230.0	36	1.05	0.95				
	315	2	164.71765268210527	33.255298964210525	0.0	0.0	3	1.0494619767955855	2.846082980430782	230.0	36	1.05	0.95				
	316	2	51.961404631578944	10.392280926315788	0.0	0.0	3	1.0427793120786144	2.737956934442186	230.0	36	1.05	0.95				
	317	1	0.0	0.0	0.0	0.0	3	1.0495652976095857	4.058553261180856	230.0	37	1.05	0.95				
	318	2	173.0314774231579	35.33375514947368	0.0	0.0	3	1.0481222977729812	2.801233403107864	230.0	37	1.05	0.95				
	319	1	94.05014238315789	19.225719713684207	0.0	0.0	3	1.0360534157325116	2.6875556135986467	230.0	35	1.05	0.95				
	320	1	66.51059792842105	13.509965204210525	0.0	0.0	3	1.0341088371270561	3.6373476509881466	230.0	35	1.05	0.95				
	321	2	0.0	0.0	0.0	0.0	3	1.0489252808287415	3.3861224606214724	230.0	37	1.05	0.95				
	322	2	0.0	0.0	0.0	0.0	3	1.05	7.995491221301567	230.0	37	1.05	0.95				
	323	2	0.0	0.0	0.0	0.0	3	1.034288742961051	4.554135585351538	230.0	35	1.05	0.95				
	324	1	0.0	0.0	0.0	0.0	3	1.0464557442755158	6.758022258142338	230.0	36	1.05	0.95				
	325	1	0.0	0.0	0.0	0.0	3	1.0320335688642035	5.668892666892093	230.0	35	1.05	0.95				
];
