%% MATPOWER Case Format : Version 2
function mpc = RTS_GMLC
mpc.version = '2';

%%-----  Power Flow Data  -----%%
%% system MVA base
mpc.baseMVA = 100.0;
%% bus data
%    bus_i    type    Pd    Qd    Gs    Bs    area    Vm    Va    baseKV    zone    Vmax    Vmin
mpc.bus = [
	101	2	73.50519543157895	14.973280550877194	0.0	0.0	1	1.0317383705876397	-0.6279192080642592	138.0	11	1.05	0.95				
	102	2	66.01855515614035	13.612073228070177	0.0	0.0	1	1.0317442610888714	-0.6887543784201037	138.0	12	1.05	0.95				
	103	1	122.5086590526316	25.18233547192982	0.0	0.0	1	1.0220764842580106	-1.2652584047667697	138.0	11	1.05	0.95				
	104	1	50.36467094385964	10.209054921052632	0.0	0.0	1	1.0168185223069959	-3.740651376254314	138.0	11	1.05	0.95				
	105	1	48.32285995964912	9.528451259649124	0.0	0.0	1	1.0316798296543852	-3.7513996014782296	138.0	11	1.05	0.95				
	106	1	92.5620979508772	19.056902519298248	0.0	-100.0	1	1.037896817212895	-6.121500562708104	138.0	12	1.05	0.95				
	107	2	85.0754576754386	17.01509153508772	0.0	0.0	1	1.0467562471332628	-3.3153214021584714	138.0	12	1.05	0.95				
	108	1	116.3832261	23.821128149122806	0.0	0.0	1	1.0257217188363814	-5.756854988825205	138.0	12	1.05	0.95				
	109	1	119.10564074561405	24.501731810526316	0.0	0.0	1	1.02635208924609	-3.4799068494711967	138.0	13	1.05	0.95				
	110	1	132.71771397368423	27.224146456140353	0.0	0.0	1	1.05	-4.76582337174878	138.0	13	1.05	0.95				
	111	1	0.0	0.0	0.0	0.0	1	1.0115203039367648	-0.9311978642460113	230.0	13	1.05	0.95				
	112	1	0.0	0.0	0.0	0.0	1	1.0146684569450883	-0.4020329342270228	230.0	13	1.05	0.95				
	113	3	180.35997027192983	36.75259771578948	0.0	0.0	1	1.0096816126453927	-1.3086306527973212e-28	230.0	14	1.05	0.95				
	114	2	132.0371103122807	26.543542794736847	0.0	0.0	1	1.0133546790465002	1.5139486766083388	230.0	16	1.05	0.95				
	115	2	215.75136066491228	43.558634329824564	0.0	0.0	1	1.044885091622643	9.683317582468925	230.0	16	1.05	0.95				
	116	2	68.06036614035088	13.612073228070177	0.0	0.0	1	1.0419392038908852	9.037586399466857	230.0	16	1.05	0.95				
	117	1	0.0	0.0	0.0	0.0	1	1.0440439596943099	12.596241575465761	230.0	17	1.05	0.95				
	118	2	226.64101924736846	46.2810489754386	0.0	0.0	1	1.0486295649884216	12.532061568984233	230.0	17	1.05	0.95				
	119	1	123.1892627140351	25.18233547192982	0.0	0.0	1	1.0354244626970956	7.2578912352129334	230.0	15	1.05	0.95				
	120	1	87.11726865964913	17.69569519649123	0.0	0.0	1	1.0359734641133433	6.998977983647416	230.0	15	1.05	0.95				
	121	2	0.0	0.0	0.0	0.0	1	1.05	13.752385629407604	230.0	17	1.05	0.95				
	122	2	0.0	0.0	0.0	0.0	1	1.05	27.617388782515086	230.0	17	1.05	0.95				
	123	2	0.0	0.0	0.0	0.0	1	1.0379442099432077	7.364076649403428	230.0	15	1.05	0.95				
	124	1	0.0	0.0	0.0	0.0	1	1.0226377272422347	5.630191494221638	230.0	16	1.05	0.95				
	201	2	75.78529829052633	15.437745948070175	0.0	0.0	2	1.0367203870982316	-13.035188657279749	138.0	21	1.05	0.95				
	202	2	68.06642531649123	14.034314498245614	0.0	0.0	2	1.0368439581273083	-13.152423085202978	138.0	22	1.05	0.95				
	203	1	126.30883048421053	25.963481821754385	0.0	0.0	2	1.025622217418116	-9.106666071253649	138.0	21	1.05	0.95				
	204	1	51.92696364350877	10.52573587368421	0.0	0.0	2	1.0179926598925046	-14.964040740074127	138.0	21	1.05	0.95				
	205	1	49.82181646877193	9.82402014877193	0.0	0.0	2	1.0343272446623923	-15.44795441761844	138.0	21	1.05	0.95				
	206	1	95.43333858807019	19.64804029754386	0.0	-100.0	2	1.0389768176061616	-17.467021687206902	138.0	22	1.05	0.95				
	207	2	87.71446561403509	17.54289312280702	0.0	0.0	2	0.9698730517481032	-27.921527567546118	138.0	22	1.05	0.95				
	208	1	119.99338896	24.560050371929822	0.0	0.0	2	0.972745164772473	-24.4634301526243	138.0	22	1.05	0.95				
	209	1	122.80025185964914	25.261766096842102	0.0	0.0	2	1.024517478978012	-13.606835676292988	138.0	23	1.05	0.95				
	210	1	136.83456635789474	28.068628996491228	0.0	0.0	2	1.05	-15.69056544648088	138.0	23	1.05	0.95				
	211	1	0.0	0.0	0.0	0.0	2	1.024682515240029	-9.419527209983638	230.0	23	1.05	0.95				
	212	1	0.0	0.0	0.0	0.0	2	1.018920493998141	-8.40304087711399	230.0	23	1.05	0.95				
	213	2	185.95466710175438	37.892649145263164	0.0	0.0	2	1.0315905753157384	-7.128727726992225	230.0	24	1.05	0.95				
	214	2	136.13285063298247	27.36691327157895	0.0	0.0	2	1.0404318902969314	-6.332043570532684	230.0	26	1.05	0.95				
	215	2	222.44388479719296	44.90980639438597	0.0	0.0	2	1.0436907780717959	2.644516515223255	230.0	26	1.05	0.95				
	216	2	70.17157249122808	14.034314498245614	0.0	0.0	2	1.047161021905822	2.3491817430327813	230.0	26	1.05	0.95				
	217	1	0.0	0.0	0.0	0.0	2	1.0481050875004216	5.93484862976318	230.0	27	1.05	0.95				
	218	2	233.6713363957895	47.71666929403509	0.0	0.0	2	1.049999732211511	6.670807879526504	230.0	27	1.05	0.95				
	219	1	127.01054620912282	25.963481821754385	0.0	0.0	2	1.0435844444390503	1.584024841039844	230.0	25	1.05	0.95				
	220	1	89.81961278877193	18.2446088477193	0.0	0.0	2	1.0464643308368404	2.2318654515427077	230.0	25	1.05	0.95				
	221	2	0.0	0.0	0.0	0.0	2	1.05	6.954083878091811	230.0	27	1.05	0.95				
	222	2	0.0	0.0	0.0	0.0	2	1.05	13.065976625156388	230.0	27	1.05	0.95				
	223	2	0.0	0.0	0.0	0.0	2	1.05	3.0975072821527245	230.0	25	1.05	0.95				
	224	1	0.0	0.0	0.0	0.0	2	1.0221850661360472	-1.7275474945782083	230.0	26	1.05	0.95				
	301	2	62.9003479831579	12.813033848421055	0.0	0.0	3	1.013135788573255	-18.42642281740466	138.0	31	1.05	0.95				
	302	2	56.49383105894737	11.648212589473687	0.0	0.0	3	1.0119004118624098	-18.695067740908947	138.0	32	1.05	0.95				
	303	1	104.83391330526317	21.54919329052632	0.0	0.0	3	1.0402589399157174	-6.860083562360374	138.0	31	1.05	0.95				
	304	1	43.09838658105264	8.736159442105263	0.0	0.0	3	1.0092269302512824	-16.966789346763647	138.0	31	1.05	0.95				
	305	1	41.35115469263158	8.153748812631582	0.0	0.0	3	1.0240056759457645	-18.428794571228106	138.0	31	1.05	0.95				
	306	1	79.20784560842107	16.307497625263164	0.0	-100.0	3	1.036902967126228	-19.083267606178914	138.0	32	1.05	0.95				
	307	2	72.80132868421053	14.560265736842107	0.0	0.0	3	0.9916200428624702	-25.673273815580746	138.0	32	1.05	0.95				
	308	1	99.59221764000002	20.38437203157895	0.0	0.0	3	0.9918918343642756	-22.893729550954607	138.0	32	1.05	0.95				
	309	1	101.92186015789476	20.966782661052633	0.0	0.0	3	1.0269361750816142	-13.175135392200575	138.0	33	1.05	0.95				
	310	1	113.57007274736843	23.296425178947374	0.0	0.0	3	1.05	-16.562925563119844	138.0	33	1.05	0.95				
	311	1	0.0	0.0	0.0	0.0	3	1.0179779423079864	-9.499758413960045	230.0	33	1.05	0.95				
	312	1	0.0	0.0	0.0	0.0	3	1.017215391582853	-9.177437754360028	230.0	33	1.05	0.95				
	313	2	154.33881681052634	31.45017399157895	0.0	0.0	3	1.0225378679142774	-6.363294073008976	230.0	34	1.05	0.95				
	314	2	112.98766211789474	22.71401454947369	0.0	0.0	3	1.0289418648686448	-6.901944701425101	230.0	36	1.05	0.95				
	315	2	184.6241695431579	37.27428028631579	0.0	0.0	3	1.0470845522448176	0.31827311510238615	230.0	36	1.05	0.95				
	316	2	58.24106294736843	11.648212589473687	0.0	0.0	3	1.04546463756281	0.29152652799320555	230.0	36	1.05	0.95				
	317	1	0.0	0.0	0.0	0.0	3	1.05	4.604829577945896	230.0	37	1.05	0.95				
	318	2	193.94273961473687	39.603922804210534	0.0	0.0	3	1.0460918136435147	3.620308999210943	230.0	37	1.05	0.95				
	319	1	105.41632393473685	21.54919329052632	0.0	0.0	3	1.0401943293357743	-1.5219040198922398	230.0	35	1.05	0.95				
	320	1	74.54856057263159	15.142676366315792	0.0	0.0	3	1.040700528693751	-2.0031062984454504	230.0	35	1.05	0.95				
	321	2	0.0	0.0	0.0	0.0	3	1.0497240326477888	4.057563975237313	230.0	37	1.05	0.95				
	322	2	0.0	0.0	0.0	0.0	3	1.05	8.619701252321832	230.0	37	1.05	0.95				
	323	2	0.0	0.0	0.0	0.0	3	1.0421485224923952	-1.835538459318766	230.0	35	1.05	0.95				
	324	1	0.0	0.0	0.0	0.0	3	1.035087743864797	-2.375802135465805	230.0	36	1.05	0.95				
	325	1	0.0	0.0	0.0	0.0	3	1.0380233250768793	-0.5453770968073586	230.0	35	1.05	0.95				
];
