%% MATPOWER Case Format : Version 2
function mpc = RTS_GMLC
mpc.version = '2';

%%-----  Power Flow Data  -----%%
%% system MVA base
mpc.baseMVA = 100.0;
%% bus data
%    bus_i    type    Pd    Qd    Gs    Bs    area    Vm    Va    baseKV    zone    Vmax    Vmin
mpc.bus = [
	101	2	56.31123205894737	11.470806530526314	0.0	0.0	1	1.039263970756612	2.189806249518288	138.0	11	1.05	0.95				
	102	2	50.57582879368421	10.428005936842105	0.0	0.0	1	1.0382158531849115	1.86419178690688	138.0	12	1.05	0.95				
	103	1	93.85205343157894	19.29181098315789	0.0	0.0	1	1.0290454192699494	0.9470435873984673	138.0	11	1.05	0.95				
	104	1	38.58362196631578	7.821004452631578	0.0	0.0	1	1.023304254923667	-1.3653173534669583	138.0	11	1.05	0.95				
	105	1	37.01942107578947	7.299604155789474	0.0	0.0	1	1.0371640120952865	-1.4808443967560845	138.0	11	1.05	0.95				
	106	1	70.91044037052632	14.599208311578948	0.0	-100.0	1	1.043692864969522	-4.095437811474163	138.0	12	1.05	0.95				
	107	2	65.17503710526316	13.03500742105263	0.0	0.0	1	0.9991745262411031	-11.176672307632833	138.0	12	1.05	0.95				
	108	1	89.15945076	18.24901038947368	0.0	0.0	1	0.9998229573171308	-9.341182772402071	138.0	12	1.05	0.95				
	109	1	91.24505194736841	18.770410686315785	0.0	0.0	1	1.0249637666610083	-2.4579445556137234	138.0	13	1.05	0.95				
	110	1	101.67305788421051	20.85601187368421	0.0	0.0	1	1.05	-3.5862037997247693	138.0	13	1.05	0.95				
	111	1	0.0	0.0	0.0	0.0	1	1.0086905168249853	-0.0998661629993015	230.0	13	1.05	0.95				
	112	1	0.0	0.0	0.0	0.0	1	1.0116198562831098	-0.13420192781591736	230.0	13	1.05	0.95				
	113	3	138.17107866315789	28.155616029473684	0.0	0.0	1	1.0023775648249016	-3.632385279769942e-30	230.0	14	1.05	0.95				
	114	2	101.15165758736842	20.334611576842104	0.0	0.0	1	1.0117526686321596	2.8162604153012323	230.0	16	1.05	0.95				
	115	2	165.28389409894734	33.36961899789473	0.0	0.0	1	1.0439151641418676	10.695130902009861	230.0	16	1.05	0.95				
	116	2	52.14002968421052	10.428005936842105	0.0	0.0	1	1.0401059144752338	9.997058208624024	230.0	16	1.05	0.95				
	117	1	0.0	0.0	0.0	0.0	1	1.0428432866324842	14.191916065670659	230.0	17	1.05	0.95				
	118	2	173.62629884842104	35.45522018526316	0.0	0.0	1	1.0490518907911666	14.291493953401977	230.0	17	1.05	0.95				
	119	1	94.37345372842104	19.29181098315789	0.0	0.0	1	1.0319786838096836	7.6312733541975035	230.0	15	1.05	0.95				
	120	1	66.73923799578947	13.556407717894736	0.0	0.0	1	1.029855897350796	6.5520486926706605	230.0	15	1.05	0.95				
	121	2	0.0	0.0	0.0	0.0	1	1.05	15.604006831897808	230.0	17	1.05	0.95				
	122	2	0.0	0.0	0.0	0.0	1	1.05	30.54491005409166	230.0	17	1.05	0.95				
	123	2	0.0	0.0	0.0	0.0	1	1.029632785830452	6.353769021834461	230.0	15	1.05	0.95				
	124	1	0.0	0.0	0.0	0.0	1	1.026119482494033	7.060770957000685	230.0	16	1.05	0.95				
	201	2	52.17251691789474	10.627734927719299	0.0	0.0	2	1.02611105253487	-11.338505889367068	138.0	21	1.05	0.95				
	202	2	46.85864945403509	9.661577207017546	0.0	0.0	2	1.0270827283179425	-11.156776013711038	138.0	22	1.05	0.95				
	203	1	86.9541948631579	17.873917832982457	0.0	0.0	2	1.0170328776604154	-9.879870844810235	138.0	21	1.05	0.95				
	204	1	35.747835665964914	7.246182905263159	0.0	0.0	2	1.017202830357207	-12.677931881812006	138.0	21	1.05	0.95				
	205	1	34.298599084912276	6.763104044912281	0.0	0.0	2	1.0321143975223201	-13.026926138782287	138.0	21	1.05	0.95				
	206	1	65.6987250077193	13.526208089824562	0.0	-100.0	2	1.0431707814528792	-14.402304268745118	138.0	22	1.05	0.95				
	207	2	60.38485754385965	12.07697150877193	0.0	0.0	2	0.9915957915245137	-21.35739961268155	138.0	22	1.05	0.95				
	208	1	82.60648512	16.9077601122807	0.0	0.0	2	0.9957425044522498	-19.123478464829518	138.0	22	1.05	0.95				
	209	1	84.53880056140352	17.390838972631578	0.0	0.0	2	1.0231160951851592	-11.941531449716347	138.0	23	1.05	0.95				
	210	1	94.20037776842105	19.32315441403509	0.0	0.0	2	1.05	-13.192890281638032	138.0	23	1.05	0.95				
	211	1	0.0	0.0	0.0	0.0	2	1.0086633287163282	-8.81331863171228	230.0	23	1.05	0.95				
	212	1	0.0	0.0	0.0	0.0	2	1.009332798168322	-8.011421596376755	230.0	23	1.05	0.95				
	213	2	128.01589799298245	26.08625845894737	0.0	0.0	2	1.0050530338448178	-7.5432689663032075	230.0	24	1.05	0.95				
	214	2	93.71729890807018	18.840075553684212	0.0	0.0	2	1.0126553241697733	-6.093504019611204	230.0	26	1.05	0.95				
	215	2	153.13599873122809	30.91704706245614	0.0	0.0	2	1.0290689857398565	0.9377031407018834	230.0	26	1.05	0.95				
	216	2	48.30788603508772	9.661577207017546	0.0	0.0	2	1.030024224104617	0.6952821546233388	230.0	26	1.05	0.95				
	217	1	0.0	0.0	0.0	0.0	2	1.0346191250761547	3.1169234879874153	230.0	27	1.05	0.95				
	218	2	160.8652604968421	32.84936250385965	0.0	0.0	2	1.0347621593275345	2.9565053065018483	230.0	27	1.05	0.95				
	219	1	87.43727372350878	17.873917832982457	0.0	0.0	2	1.0287394126191647	0.3061875938501838	230.0	25	1.05	0.95				
	220	1	61.83409412491228	12.560050369122807	0.0	0.0	2	1.0311202090244393	0.9039249750820094	230.0	25	1.05	0.95				
	221	2	0.0	0.0	0.0	0.0	2	1.0355814418843583	3.0694109212445424	230.0	27	1.05	0.95				
	222	2	0.0	0.0	0.0	0.0	2	1.05	9.58592399160357	230.0	27	1.05	0.95				
	223	2	0.0	0.0	0.0	0.0	2	1.0333803367176857	1.597514411129532	230.0	25	1.05	0.95				
	224	1	0.0	0.0	0.0	0.0	2	1.0112144392968063	-3.108243172447393	230.0	26	1.05	0.95				
	301	2	44.53590634105263	9.072129069473684	0.0	0.0	3	1.007735199200052	-9.433438482283375	138.0	31	1.05	0.95				
	302	2	39.999841806315786	8.247390063157894	0.0	0.0	3	1.0076155129970736	-9.5446830573233	138.0	32	1.05	0.95				
	303	1	74.22651056842106	15.257671616842106	0.0	0.0	3	1.024348749073526	-4.361619487258697	138.0	31	1.05	0.95				
	304	1	30.515343233684213	6.185542547368421	0.0	0.0	3	1.0104032398287175	-8.253590930202867	138.0	31	1.05	0.95				
	305	1	29.278234724210524	5.773173044210527	0.0	0.0	3	1.023536758578062	-8.844852157618824	138.0	31	1.05	0.95				
	306	1	56.08225242947369	11.546346088421053	0.0	-100.0	3	1.0408164815403376	-9.017175128015552	138.0	32	1.05	0.95				
	307	2	51.54618789473684	10.309237578947368	0.0	0.0	3	0.9927008603514936	-13.502902175548298	138.0	32	1.05	0.95				
	308	1	70.51518503999999	14.432932610526313	0.0	0.0	3	1.0000025439909301	-11.664928244767106	138.0	32	1.05	0.95				
	309	1	72.16466305263157	14.845302113684209	0.0	0.0	3	1.0253357654367152	-5.503610251409183	138.0	33	1.05	0.95				
	310	1	80.41205311578948	16.49478012631579	0.0	0.0	3	1.05	-6.9284563787829025	138.0	33	1.05	0.95				
	311	1	0.0	0.0	0.0	0.0	3	1.0042167665276418	-2.2448985901326406	230.0	33	1.05	0.95				
	312	1	0.0	0.0	0.0	0.0	3	1.0104133985284902	-1.5178396374452843	230.0	33	1.05	0.95				
	313	2	109.2779183368421	22.267953170526315	0.0	0.0	3	1.0083907437876547	1.3894349869450167	230.0	34	1.05	0.95				
	314	2	79.99968361263157	16.082410623157894	0.0	0.0	3	0.9972985519776205	-1.3232150488934846	230.0	36	1.05	0.95				
	315	2	130.7211325010526	26.391648202105262	0.0	0.0	3	1.0189370710985894	-0.4897156047080133	230.0	36	1.05	0.95				
	316	2	41.23695031578947	8.247390063157894	0.0	0.0	3	1.0183140635980246	0.29283299958929804	230.0	36	1.05	0.95				
	317	1	0.0	0.0	0.0	0.0	3	1.0235995299096305	0.5661212618236743	230.0	37	1.05	0.95				
	318	2	137.31904455157894	28.041126214736845	0.0	0.0	3	1.0227910161985496	0.10139405971346159	230.0	37	1.05	0.95				
	319	1	74.63888007157895	15.257671616842106	0.0	0.0	3	1.0179796959829106	1.1492398158158947	230.0	35	1.05	0.95				
	320	1	52.783296404210525	10.721607082105262	0.0	0.0	3	1.0189231131220253	2.0136120092992336	230.0	35	1.05	0.95				
	321	2	0.0	0.0	0.0	0.0	3	1.0235027262199803	0.45540825997192125	230.0	37	1.05	0.95				
	322	2	0.0	0.0	0.0	0.0	3	1.03698129585642	4.915185942903312	230.0	37	1.05	0.95				
	323	2	0.0	0.0	0.0	0.0	3	1.0199415119546904	2.7179278326934933	230.0	35	1.05	0.95				
	324	1	0.0	0.0	0.0	0.0	3	1.0159104433417792	-1.1226112895189688	230.0	36	1.05	0.95				
	325	1	0.0	0.0	0.0	0.0	3	1.019065023898196	3.8240437006067407	230.0	35	1.05	0.95				
];
