%% MATPOWER Case Format : Version 2
function mpc = RTS_GMLC
mpc.version = '2';

%%-----  Power Flow Data  -----%%
%% system MVA base
mpc.baseMVA = 100.0;
%% bus data
%    bus_i    type    Pd    Qd    Gs    Bs    area    Vm    Va    baseKV    zone    Vmax    Vmin
mpc.bus = [
	101	2	84.11281544842105	17.13409203578947	0.0	0.0	1	1.0374745574776243	-2.5281574434034892	138.0	11	1.05	0.95				
	102	2	75.5457694305263	15.576447305263159	0.0	0.0	1	1.0374190082198722	-2.590173680426307	138.0	12	1.05	0.95				
	103	1	140.1880257473684	28.81642751473684	0.0	0.0	1	1.0199151155064872	-3.8178684099559677	138.0	11	1.05	0.95				
	104	1	57.63285502947368	11.682335478947367	0.0	0.0	1	1.0185071740654361	-5.4653259551971765	138.0	11	1.05	0.95				
	105	1	55.2963879336842	10.90351311368421	0.0	0.0	1	1.0333618203167376	-5.568170910151228	138.0	11	1.05	0.95				
	106	1	105.91984167578947	21.80702622736842	0.0	-100.0	1	1.036469742132702	-7.979287004230704	138.0	12	1.05	0.95				
	107	2	97.35279565789473	19.470559131578945	0.0	0.0	1	1.045775474587957	-2.2811695752362477	138.0	12	1.05	0.95				
	108	1	133.17862445999998	27.258782784210524	0.0	0.0	1	1.0218827232633318	-6.083103562771437	138.0	12	1.05	0.95				
	109	1	136.29391392105262	28.03760514947368	0.0	0.0	1	1.0269278598194251	-4.9296797225861875	138.0	13	1.05	0.95				
	110	1	151.8703612263158	31.152894610526317	0.0	0.0	1	1.05	-6.210427284301274	138.0	13	1.05	0.95				
	111	1	0.0	0.0	0.0	0.0	1	1.0154561890332945	-2.099359053652378	230.0	13	1.05	0.95				
	112	1	0.0	0.0	0.0	0.0	1	1.0172509716833917	-0.8914845194682313	230.0	13	1.05	0.95				
	113	3	206.38792679473684	42.05640772421052	0.0	0.0	1	1.0177743093489655	4.991353892214556e-28	230.0	14	1.05	0.95				
	114	2	151.0915388610526	30.374072245263157	0.0	0.0	1	1.018159080396928	-0.4362631498038588	230.0	16	1.05	0.95				
	115	2	246.88668978842102	49.8446313768421	0.0	0.0	1	1.0450823930253292	6.722940365518181	230.0	16	1.05	0.95				
	116	2	77.88223652631578	15.576447305263159	0.0	0.0	1	1.0434679304619894	6.628860123652965	230.0	16	1.05	0.95				
	117	1	0.0	0.0	0.0	0.0	1	1.0472607234730593	9.2465329620699	230.0	17	1.05	0.95				
	118	2	259.3478476326316	52.959920837894735	0.0	0.0	1	1.048951401028122	9.710103931774496	230.0	17	1.05	0.95				
	119	1	140.9668481126316	28.81642751473684	0.0	0.0	1	1.0383439324156307	5.991987148350371	230.0	15	1.05	0.95				
	120	1	99.6892627536842	20.249381496842105	0.0	0.0	1	1.0408327241234154	6.902469446027078	230.0	15	1.05	0.95				
	121	2	0.0	0.0	0.0	0.0	1	1.05	10.316559617515331	230.0	17	1.05	0.95				
	122	2	0.0	0.0	0.0	0.0	1	1.05	16.417036494736966	230.0	17	1.05	0.95				
	123	2	0.0	0.0	0.0	0.0	1	1.044659318343539	7.972941793866001	230.0	15	1.05	0.95				
	124	1	0.0	0.0	0.0	0.0	1	1.0224625982194686	2.8311063537979666	230.0	16	1.05	0.95				
	201	2	77.11128602526317	15.707854560701756	0.0	0.0	2	1.0380193987376323	-4.287747061471962	138.0	21	1.05	0.95				
	202	2	69.2573587449123	14.279867782456144	0.0	0.0	2	1.0380165099565908	-4.3762159678503245	138.0	22	1.05	0.95				
	203	1	128.5188100421053	26.417755397543864	0.0	0.0	2	1.0286984206507144	-3.370129292085281	138.0	21	1.05	0.95				
	204	1	52.83551079508773	10.709900836842106	0.0	0.0	2	1.0196756878328739	-6.169937895418418	138.0	21	1.05	0.95				
	205	1	50.6935306277193	9.9959074477193	0.0	0.0	2	1.0349450961644722	-6.361493808627692	138.0	21	1.05	0.95				
	206	1	97.10310092070176	19.9918148954386	0.0	-100.0	2	1.0390557318817972	-8.200475307802607	138.0	22	1.05	0.95				
	207	2	89.24917364035089	17.849834728070178	0.0	0.0	2	0.9685372672388483	-18.9798545310653	138.0	22	1.05	0.95				
	208	1	122.09286954000001	24.989768619298246	0.0	0.0	2	0.9719214132937133	-15.459972508356781	138.0	22	1.05	0.95				
	209	1	124.94884309649123	25.703762008421055	0.0	0.0	2	1.0270172888125002	-4.758478108145738	138.0	23	1.05	0.95				
	210	1	139.22871087894737	28.559735564912287	0.0	0.0	2	1.05	-6.223074804319005	138.0	23	1.05	0.95				
	211	1	0.0	0.0	0.0	0.0	2	1.0218676143034908	-0.44859552568007927	230.0	23	1.05	0.95				
	212	1	0.0	0.0	0.0	0.0	2	1.0219952146182558	2.516007469596773	230.0	23	1.05	0.95				
	213	2	189.20824811754386	38.555643012631585	0.0	0.0	2	1.0312056086823627	3.471033022777539	230.0	24	1.05	0.95				
	214	2	138.5147174898246	27.84574217578948	0.0	0.0	2	1.0311586550442922	1.0829169924980329	230.0	26	1.05	0.95				
	215	2	226.33590435192983	45.69557690385965	0.0	0.0	2	1.043804313223371	7.067695787590128	230.0	26	1.05	0.95				
	216	2	71.39933891228071	14.279867782456144	0.0	0.0	2	1.0459854924003547	7.60701019319425	230.0	26	1.05	0.95				
	217	1	0.0	0.0	0.0	0.0	2	1.0487574334489278	10.163165005531761	230.0	27	1.05	0.95				
	218	2	237.75979857789474	48.55155046035088	0.0	0.0	2	1.0499999982201536	11.005315080494146	230.0	27	1.05	0.95				
	219	1	129.2328034312281	26.417755397543864	0.0	0.0	2	1.042585380035979	7.638323281423255	230.0	25	1.05	0.95				
	220	1	91.3911538077193	18.563828117192983	0.0	0.0	2	1.0458502330288255	9.003585732164764	230.0	25	1.05	0.95				
	221	2	0.0	0.0	0.0	0.0	2	1.05	11.410390892837135	230.0	27	1.05	0.95				
	222	2	0.0	0.0	0.0	0.0	2	1.05	17.432836776315238	230.0	27	1.05	0.95				
	223	2	0.0	0.0	0.0	0.0	2	1.05	10.270089841607192	230.0	25	1.05	0.95				
	224	1	0.0	0.0	0.0	0.0	2	1.0250867669133032	3.1755107051281994	230.0	26	1.05	0.95				
	301	2	71.11736791578947	14.486871242105263	0.0	0.0	3	1.0112505051863825	-18.308986441579346	138.0	31	1.05	0.95				
	302	2	63.87393229473683	13.169882947368421	0.0	0.0	3	1.0101612942061364	-18.57637522859505	138.0	32	1.05	0.95				
	303	1	118.52894652631578	24.36428345263158	0.0	0.0	3	1.022285377242006	-11.376879771508863	138.0	31	1.05	0.95				
	304	1	48.72856690526316	9.877412210526316	0.0	0.0	3	1.006575194988793	-16.959722543424053	138.0	31	1.05	0.95				
	305	1	46.75308446315789	9.218918063157895	0.0	0.0	3	1.0215455359042072	-17.557724479059658	138.0	31	1.05	0.95				
	306	1	89.55520404210526	18.43783612631579	0.0	-100.0	3	1.0340573967026931	-17.87012420813527	138.0	32	1.05	0.95				
	307	2	82.31176842105263	16.462353684210527	0.0	0.0	3	1.0052287856184166	-20.065994491330546	138.0	32	1.05	0.95				
	308	1	112.60249920000001	23.047295157894734	0.0	0.0	3	1.001086082243942	-19.39726666675041	138.0	32	1.05	0.95				
	309	1	115.23647578947369	23.705789305263156	0.0	0.0	3	1.0265133893720078	-12.944641757915367	138.0	33	1.05	0.95				
	310	1	128.4063587368421	26.339765894736843	0.0	0.0	3	1.05	-14.693846494787795	138.0	33	1.05	0.95				
	311	1	0.0	0.0	0.0	0.0	3	1.017453640125337	-7.746971007599246	230.0	33	1.05	0.95				
	312	1	0.0	0.0	0.0	0.0	3	1.0172865717374837	-7.310926013549691	230.0	33	1.05	0.95				
	313	2	174.50094905263157	35.558683957894736	0.0	0.0	3	1.0258043071538594	-3.7985016020920095	230.0	34	1.05	0.95				
	314	2	127.74786458947366	25.681271747368424	0.0	0.0	3	1.027671918817987	-5.18731409141488	230.0	36	1.05	0.95				
	315	2	208.74264471578945	42.14362543157895	0.0	0.0	3	1.0456451240876559	-0.24206892833514007	230.0	36	1.05	0.95				
	316	2	65.8494147368421	13.169882947368421	0.0	0.0	3	1.044134387424937	-0.033469618442322234	230.0	36	1.05	0.95				
	317	1	0.0	0.0	0.0	0.0	3	1.0472654428435524	2.444846054252188	230.0	37	1.05	0.95				
	318	2	219.27855107368418	44.77760202105263	0.0	0.0	3	1.0479912552638695	2.79590974039217	230.0	37	1.05	0.95				
	319	1	119.18744067368421	24.36428345263158	0.0	0.0	3	1.038288699807911	-1.1489001575921571	230.0	35	1.05	0.95				
	320	1	84.2872508631579	17.12084783157895	0.0	0.0	3	1.0381295668629058	-1.1737639615749322	230.0	35	1.05	0.95				
	321	2	0.0	0.0	0.0	0.0	3	1.05	3.692757714339703	230.0	37	1.05	0.95				
	322	2	0.0	0.0	0.0	0.0	3	1.05	8.978086151198752	230.0	37	1.05	0.95				
	323	2	0.0	0.0	0.0	0.0	3	1.0395086359722656	-0.745574449438034	230.0	35	1.05	0.95				
	324	1	0.0	0.0	0.0	0.0	3	1.0243932018095965	-3.3903680376265344	230.0	36	1.05	0.95				
	325	1	0.0	0.0	0.0	0.0	3	1.0378454089768412	0.18241680279391795	230.0	35	1.05	0.95				
];
