%% MATPOWER Case Format : Version 2
function mpc = RTS_GMLC
mpc.version = '2';

%%-----  Power Flow Data  -----%%
%% system MVA base
mpc.baseMVA = 100.0;
%% bus data
%    bus_i    type    Pd    Qd    Gs    Bs    area    Vm    Va    baseKV    zone    Vmax    Vmin
mpc.bus = [
	101	2	61.70856010105263	12.570262242807019	0.0	0.0	1	1.0320510958385614	1.875916945895199	138.0	11	1.05	0.95				
	102	2	55.423428979649124	11.427511129824563	0.0	0.0	1	1.0321296635264572	1.8501354192657435	138.0	12	1.05	0.95				
	103	1	102.84760016842105	21.140895590175436	0.0	0.0	1	1.0244336347697613	-0.4382304852714884	138.0	11	1.05	0.95				
	104	1	42.28179118035087	8.570633347368421	0.0	0.0	1	1.0188295462306034	-1.5616819324788551	138.0	11	1.05	0.95				
	105	1	40.56766451087719	7.999257790877194	0.0	0.0	1	1.0331731927176555	-1.3918612833816677	138.0	11	1.05	0.95				
	106	1	77.70707568280703	15.998515581754388	0.0	-100.0	1	1.0410092699889852	-3.745095720535736	138.0	12	1.05	0.95				
	107	2	71.4219445614035	14.284388912280702	0.0	0.0	1	1.0455514603686769	-0.7037686052150003	138.0	12	1.05	0.95				
	108	1	97.70522016	19.99814447719298	0.0	0.0	1	1.0281236524473694	-3.215367949775596	138.0	12	1.05	0.95				
	109	1	99.99072238596492	20.56952003368421	0.0	0.0	1	1.0261522009559918	-2.0395091581325553	138.0	13	1.05	0.95				
	110	1	111.41823351578948	22.855022259649125	0.0	0.0	1	1.05	-2.899152087433473	138.0	13	1.05	0.95				
	111	1	0.0	0.0	0.0	0.0	1	1.0064619807626338	-0.4320550446210487	230.0	13	1.05	0.95				
	112	1	0.0	0.0	0.0	0.0	1	1.0120760086537315	0.3055207954217019	230.0	13	1.05	0.95				
	113	3	151.41452247017543	30.854280050526317	0.0	0.0	1	1.0017136692639468	-2.1976979242546997e-29	230.0	14	1.05	0.95				
	114	2	110.84685795929825	22.283646703157896	0.0	0.0	1	1.0023778081259147	1.3400381664822874	230.0	16	1.05	0.95				
	115	2	181.1260514077193	36.568035615438596	0.0	0.0	1	1.0406840357919735	7.397928613314665	230.0	16	1.05	0.95				
	116	2	57.13755564912281	11.427511129824563	0.0	0.0	1	1.037254534688365	7.207703060003899	230.0	16	1.05	0.95				
	117	1	0.0	0.0	0.0	0.0	1	1.044913950367115	9.454996843763297	230.0	17	1.05	0.95				
	118	2	190.26806031157895	38.853537841403515	0.0	0.0	1	1.0479841534514027	9.769952786543918	230.0	17	1.05	0.95				
	119	1	103.41897572491227	21.140895590175436	0.0	0.0	1	1.0316964816498588	6.375776847312517	230.0	15	1.05	0.95				
	120	1	73.13607123087719	14.855764468771932	0.0	0.0	1	1.0314396954810856	6.748029615124606	230.0	15	1.05	0.95				
	121	2	0.0	0.0	0.0	0.0	1	1.05	9.784504574521604	230.0	17	1.05	0.95				
	122	2	0.0	0.0	0.0	0.0	1	1.05	16.174832586538628	230.0	17	1.05	0.95				
	123	2	0.0	0.0	0.0	0.0	1	1.032599597261137	7.384838197266895	230.0	15	1.05	0.95				
	124	1	0.0	0.0	0.0	0.0	1	1.0245334642550945	4.486125716255509	230.0	16	1.05	0.95				
	201	2	70.88934361263158	14.440421847017545	0.0	0.0	2	1.0334020407689135	-10.20092356870944	138.0	21	1.05	0.95				
	202	2	63.66913268912281	13.127656224561404	0.0	0.0	2	1.0334994886246904	-10.310059659048786	138.0	22	1.05	0.95				
	203	1	118.14890602105264	24.286164015438597	0.0	0.0	2	1.0258325371513786	-6.79629331652415	138.0	21	1.05	0.95				
	204	1	48.572328030877195	9.845742168421053	0.0	0.0	2	1.0173754039205294	-12.329197775705012	138.0	21	1.05	0.95				
	205	1	46.60317959719298	9.189359357192984	0.0	0.0	2	1.0331757869697955	-12.755785047817234	138.0	21	1.05	0.95				
	206	1	89.26806232701755	18.37871871438597	0.0	-100.0	2	1.0394009721277546	-14.810883187042537	138.0	22	1.05	0.95				
	207	2	82.04785140350877	16.409570280701754	0.0	0.0	2	0.9801879211977504	-24.625268032541257	138.0	22	1.05	0.95				
	208	1	112.24146072	22.973398392982457	0.0	0.0	2	0.9811633121100504	-21.428286189711997	138.0	22	1.05	0.95				
	209	1	114.86699196491227	23.629781204210527	0.0	0.0	2	1.024538557097104	-11.318551129609213	138.0	23	1.05	0.95				
	210	1	127.99464818947368	26.25531244912281	0.0	0.0	2	1.05	-13.275023411156255	138.0	23	1.05	0.95				
	211	1	0.0	0.0	0.0	0.0	2	1.0195396447267753	-7.4143944175725975	230.0	23	1.05	0.95				
	212	1	0.0	0.0	0.0	0.0	2	1.0186458488837633	-6.845811823442438	230.0	23	1.05	0.95				
	213	2	173.9414449754386	35.44467180631579	0.0	0.0	2	1.0236270006044466	-5.157304654768153	230.0	24	1.05	0.95				
	214	2	127.33826537824562	25.59892963789474	0.0	0.0	2	1.0311936329186067	-4.5656456469713405	230.0	26	1.05	0.95				
	215	2	208.07335115929826	42.00849991859649	0.0	0.0	2	1.0425294231354112	3.843597556329442	230.0	26	1.05	0.95				
	216	2	65.63828112280702	13.127656224561404	0.0	0.0	2	1.0455591420095083	3.453715907073531	230.0	26	1.05	0.95				
	217	1	0.0	0.0	0.0	0.0	2	1.0468390809756094	7.033214855285126	230.0	27	1.05	0.95				
	218	2	218.57547613894738	44.63403116350877	0.0	0.0	2	1.0495721427464877	7.945691981231847	230.0	27	1.05	0.95				
	219	1	118.8052888322807	24.286164015438597	0.0	0.0	2	1.042997826306716	1.846674396784853	230.0	25	1.05	0.95				
	220	1	84.01699983719298	17.065953091929824	0.0	0.0	2	1.0465323205543409	1.681877968834629	230.0	25	1.05	0.95				
	221	2	0.0	0.0	0.0	0.0	2	1.05	8.290566441746705	230.0	27	1.05	0.95				
	222	2	0.0	0.0	0.0	0.0	2	1.05	14.308805379806595	230.0	27	1.05	0.95				
	223	2	0.0	0.0	0.0	0.0	2	1.05	2.0701175764476436	230.0	25	1.05	0.95				
	224	1	0.0	0.0	0.0	0.0	2	1.0229827623765184	-0.11807221126950432	230.0	26	1.05	0.95				
	301	2	59.34704206736843	12.089212272982456	0.0	0.0	3	1.0058614054221902	-31.13992766689323	138.0	31	1.05	0.95				
	302	2	53.3024359308772	10.990192975438598	0.0	0.0	3	1.0052783871892814	-31.271834992780096	138.0	32	1.05	0.95				
	303	1	98.91173677894739	20.331857004561403	0.0	0.0	3	1.0209656531076143	-24.37554564085061	138.0	31	1.05	0.95				
	304	1	40.663714009122806	8.242644731578947	0.0	0.0	3	1.0068650446939862	-29.38306345529366	138.0	31	1.05	0.95				
	305	1	39.01518506280702	7.693135082807019	0.0	0.0	3	1.0203716530588902	-30.260667066305764	138.0	31	1.05	0.95				
	306	1	74.73331223298246	15.386270165614038	0.0	-100.0	3	1.036137995667633	-30.390050944715945	138.0	32	1.05	0.95				
	307	2	68.68870609649123	13.737741219298247	0.0	0.0	3	0.9994518407347005	-32.99552811937563	138.0	32	1.05	0.95				
	308	1	93.96614994000001	19.232837707017545	0.0	0.0	3	1.0005143181024252	-32.01487828367871	138.0	32	1.05	0.95				
	309	1	96.16418853508773	19.782347355789476	0.0	0.0	3	1.0270160102508878	-25.599746942499703	138.0	33	1.05	0.95				
	310	1	107.15438151052632	21.980385950877196	0.0	0.0	3	1.05	-27.617618437372368	138.0	33	1.05	0.95				
	311	1	0.0	0.0	0.0	0.0	3	1.0158969089352556	-20.766000348525505	230.0	33	1.05	0.95				
	312	1	0.0	0.0	0.0	0.0	3	1.0167593416183023	-20.157092497982973	230.0	33	1.05	0.95				
	313	2	145.62005692456142	29.673521033684214	0.0	0.0	3	1.0221768216488767	-17.097774762573383	230.0	34	1.05	0.95				
	314	2	106.6048718617544	21.430876302105265	0.0	0.0	3	1.0250817378945671	-18.15507080418749	230.0	36	1.05	0.95				
	315	2	174.19455866070177	35.16861752140351	0.0	0.0	3	1.0475917311887477	-11.592387746757828	230.0	36	1.05	0.95				
	316	2	54.95096487719299	10.990192975438598	0.0	0.0	3	1.047467500872893	-11.2012555613781	230.0	36	1.05	0.95				
	317	1	0.0	0.0	0.0	0.0	3	1.048950917131859	-8.660438391790555	230.0	37	1.05	0.95				
	318	2	182.98671304105264	37.36665611649123	0.0	0.0	3	1.049371516287734	-8.128608658804678	230.0	37	1.05	0.95				
	319	1	99.4612464277193	20.331857004561403	0.0	0.0	3	1.0450164950379306	-12.253990359957596	230.0	35	1.05	0.95				
	320	1	70.33723504280702	14.287250868070178	0.0	0.0	3	1.0471556676219984	-12.139289012427938	230.0	35	1.05	0.95				
	321	2	0.0	0.0	0.0	0.0	3	1.05	-7.63725091796022	230.0	37	1.05	0.95				
	322	2	0.0	0.0	0.0	0.0	3	1.05	-2.2629523917471603	230.0	37	1.05	0.95				
	323	2	0.0	0.0	0.0	0.0	3	1.0494049769976672	-11.673794995584494	230.0	35	1.05	0.95				
	324	1	0.0	0.0	0.0	0.0	3	1.0214340931109676	-16.312735644887145	230.0	36	1.05	0.95				
	325	1	0.0	0.0	0.0	0.0	3	1.0410569196801123	-9.93806531050505	230.0	35	1.05	0.95				
];
