%% MATPOWER Case Format : Version 2
function mpc = RTS_GMLC
mpc.version = '2';

%%-----  Power Flow Data  -----%%
%% system MVA base
mpc.baseMVA = 100.0;
%% bus data
%    bus_i    type    Pd    Qd    Gs    Bs    area    Vm    Va    baseKV    zone    Vmax    Vmin
mpc.bus = [
	101	2	93.90549232421054	19.128896584561407	0.0	0.0	1	1.0419019277261463	-2.2549021937520237	138.0	11	1.05	0.95				
	102	2	84.34104403192983	17.389905985964916	0.0	0.0	1	1.0417110614860876	-2.4003629142674536	138.0	12	1.05	0.95				
	103	1	156.50915387368423	32.171326074035086	0.0	0.0	1	1.016032900586542	-2.7397377546670056	138.0	11	1.05	0.95				
	104	1	64.34265214807017	13.042429489473683	0.0	0.0	1	1.0194492133362694	-5.640680069619623	138.0	11	1.05	0.95				
	105	1	61.734166250175434	12.17293419017544	0.0	0.0	1	1.0339085122204033	-6.05550225083154	138.0	11	1.05	0.95				
	106	1	118.25136070456142	24.34586838035088	0.0	-100.0	1	1.0343209649608596	-8.98203593220866	138.0	12	1.05	0.95				
	107	2	108.6869124122807	21.73738248245614	0.0	0.0	1	1.05	-7.228971360132742	138.0	12	1.05	0.95				
	108	1	148.68369618000003	30.43233547543859	0.0	0.0	1	1.0218927749054683	-9.544090886802403	138.0	12	1.05	0.95				
	109	1	152.161677377193	31.301830774736842	0.0	0.0	1	1.0263719535042937	-5.519558734281889	138.0	13	1.05	0.95				
	110	1	169.5515833631579	34.77981197192983	0.0	0.0	1	1.05	-7.208809310104315	138.0	13	1.05	0.95				
	111	1	0.0	0.0	0.0	0.0	1	1.019251198164962	-2.0177407997755292	230.0	13	1.05	0.95				
	112	1	0.0	0.0	0.0	0.0	1	1.018986562344065	-1.4222975802749527	230.0	13	1.05	0.95				
	113	3	230.4162543140351	46.95274616210527	0.0	0.0	1	1.0229554397451703	-4.899075368043356e-30	230.0	14	1.05	0.95				
	114	2	168.68208806385965	33.91031667263158	0.0	0.0	1	1.027934637128748	0.5319286902265326	230.0	16	1.05	0.95				
	115	2	275.63000987754384	55.64769915508773	0.0	0.0	1	1.0402726597135172	10.442816735027591	230.0	16	1.05	0.95				
	116	2	86.94952992982456	17.389905985964916	0.0	0.0	1	1.0404641969918718	9.511453545684796	230.0	16	1.05	0.95				
	117	1	0.0	0.0	0.0	0.0	1	1.043613028892848	14.228435818927036	230.0	17	1.05	0.95				
	118	2	289.5419346663158	59.12568035228071	0.0	0.0	1	1.05	14.751201010607874	230.0	17	1.05	0.95				
	119	1	157.37864917298248	32.171326074035086	0.0	0.0	1	1.0358204424416317	7.1506670755793555	230.0	15	1.05	0.95				
	120	1	111.29539831017546	22.606877781754385	0.0	0.0	1	1.0402569029954778	6.601121131626983	230.0	15	1.05	0.95				
	121	2	0.0	0.0	0.0	0.0	1	1.05	16.042047435577878	230.0	17	1.05	0.95				
	122	2	0.0	0.0	0.0	0.0	1	1.05	29.456919327027524	230.0	17	1.05	0.95				
	123	2	0.0	0.0	0.0	0.0	1	1.0452027576851186	6.937959837261818	230.0	15	1.05	0.95				
	124	1	0.0	0.0	0.0	0.0	1	1.0145530221224959	5.564129648589069	230.0	16	1.05	0.95				
	201	2	94.16212813894738	19.18117425052632	0.0	0.0	2	1.05	-15.14245821256144	138.0	21	1.05	0.95				
	202	2	84.5715410136842	17.437431136842108	0.0	0.0	2	1.05	-15.237799503637763	138.0	22	1.05	0.95				
	203	1	156.93688023157895	32.259247603157895	0.0	0.0	2	1.0251109459890073	-10.890482017571488	138.0	21	1.05	0.95				
	204	1	64.51849520631579	13.078073352631577	0.0	0.0	2	1.0209081239800242	-16.130358672520618	138.0	21	1.05	0.95				
	205	1	61.90288053578947	12.206201795789475	0.0	0.0	2	1.038755871103669	-16.69296558425054	138.0	21	1.05	0.95				
	206	1	118.57453173052632	24.41240359157895	0.0	-100.0	2	1.0370971887922382	-18.385249809321948	138.0	22	1.05	0.95				
	207	2	108.98394460526315	21.79678892105263	0.0	0.0	2	0.95	-28.771022151910614	138.0	22	1.05	0.95				
	208	1	149.09003622	30.51550448947368	0.0	0.0	2	0.9544825801848206	-25.44570622965428	138.0	22	1.05	0.95				
	209	1	152.5775224473684	31.38737604631579	0.0	0.0	2	1.0254939410142172	-13.35121408044121	138.0	23	1.05	0.95				
	210	1	170.01495358421053	34.874862273684215	0.0	0.0	2	1.0495429785734725	-15.552169713282009	138.0	23	1.05	0.95				
	211	1	0.0	0.0	0.0	0.0	2	1.0324696453296744	-8.450990388581065	230.0	23	1.05	0.95				
	212	1	0.0	0.0	0.0	0.0	2	1.0256599018544998	-4.405747520108966	230.0	23	1.05	0.95				
	213	2	231.04596256315787	47.08106406947369	0.0	0.0	2	1.05	-4.599223778617258	230.0	24	1.05	0.95				
	214	2	169.1430820273684	34.002990716842106	0.0	0.0	2	1.05	-6.09383952032202	230.0	26	1.05	0.95				
	215	2	276.38328351894734	55.799779637894744	0.0	0.0	2	1.0445403453310642	2.696405500134494	230.0	26	1.05	0.95				
	216	2	87.18715568421052	17.437431136842108	0.0	0.0	2	1.0485375183735186	2.6378395019344603	230.0	26	1.05	0.95				
	217	1	0.0	0.0	0.0	0.0	2	1.0494553325971563	5.806967956339727	230.0	27	1.05	0.95				
	218	2	290.3332284284211	59.28726586526316	0.0	0.0	2	1.05	6.372167701686112	230.0	27	1.05	0.95				
	219	1	157.80875178842106	32.259247603157895	0.0	0.0	2	1.0424567111687475	2.4463887752633253	230.0	25	1.05	0.95				
	220	1	111.59955927578949	22.668660477894736	0.0	0.0	2	1.0452677671691177	3.9106480170853875	230.0	25	1.05	0.95				
	221	2	0.0	0.0	0.0	0.0	2	1.05	6.877075309695006	230.0	27	1.05	0.95				
	222	2	0.0	0.0	0.0	0.0	2	1.05	12.969210850115976	230.0	27	1.05	0.95				
	223	2	0.0	0.0	0.0	0.0	2	1.05	5.344469915868162	230.0	25	1.05	0.95				
	224	1	0.0	0.0	0.0	0.0	2	1.0199531563906743	-2.3552138934595317	230.0	26	1.05	0.95				
	301	2	77.55773490947368	15.798797851929825	0.0	0.0	3	1.0117368533039894	-9.5086166538292	138.0	31	1.05	0.95				
	302	2	69.65833598350876	14.362543501754384	0.0	0.0	3	1.0108906401451734	-9.721908321309552	138.0	32	1.05	0.95				
	303	1	129.26289151578948	26.570705478245614	0.0	0.0	3	1.0318011761717947	0.2395040572531504	138.0	31	1.05	0.95				
	304	1	53.14141095649123	10.77190762631579	0.0	0.0	3	1.0057007153308588	-7.4564601451271075	138.0	31	1.05	0.95				
	305	1	50.98702943122807	10.053780451228072	0.0	0.0	3	1.0205840568221858	-8.336678957875094	138.0	31	1.05	0.95				
	306	1	97.66529581192984	20.107560902456143	0.0	-100.0	3	1.0322752151594208	-8.459074145105605	138.0	32	1.05	0.95				
	307	2	89.7658968859649	17.95317937719298	0.0	0.0	3	0.9801885737413806	-15.686368519759952	138.0	32	1.05	0.95				
	308	1	122.79974694	25.13445112807017	0.0	0.0	3	0.9836447305893715	-12.23191561952706	138.0	32	1.05	0.95				
	309	1	125.67225564035087	25.85257830315789	0.0	0.0	3	1.027827392987479	-2.6778513063273124	138.0	33	1.05	0.95				
	310	1	140.03479914210527	28.72508700350877	0.0	0.0	3	1.05	-4.860592885850424	138.0	33	1.05	0.95				
	311	1	0.0	0.0	0.0	0.0	3	1.023836435345752	3.0363884002559414	230.0	33	1.05	0.95				
	312	1	0.0	0.0	0.0	0.0	3	1.0235206702928263	3.644630056548272	230.0	33	1.05	0.95				
	313	2	190.3037013982456	38.77886745473684	0.0	0.0	3	1.0425767651370819	8.465503059477287	230.0	34	1.05	0.95				
	314	2	139.31667196701753	28.006959828421053	0.0	0.0	3	1.0351151489765897	4.904643423461796	230.0	36	1.05	0.95				
	315	2	227.646314502807	45.960139205614034	0.0	0.0	3	1.0458875712390336	7.321569066737348	230.0	36	1.05	0.95				
	316	2	71.81271750877193	14.362543501754384	0.0	0.0	3	1.044408917996631	7.799375570002571	230.0	36	1.05	0.95				
	317	1	0.0	0.0	0.0	0.0	3	1.05	10.490726702199858	230.0	37	1.05	0.95				
	318	2	239.1363493042105	48.83264790596492	0.0	0.0	3	1.046948830799801	9.220573423135981	230.0	37	1.05	0.95				
	319	1	129.9810186908772	26.570705478245614	0.0	0.0	3	1.0413159658957292	7.767570619109366	230.0	35	1.05	0.95				
	320	1	91.92027841122807	18.671306552280704	0.0	0.0	3	1.0422392946198284	8.041237222709439	230.0	35	1.05	0.95				
	321	2	0.0	0.0	0.0	0.0	3	1.0495724418169639	10.138472145369462	230.0	37	1.05	0.95				
	322	2	0.0	0.0	0.0	0.0	3	1.05	14.623706831499383	230.0	37	1.05	0.95				
	323	2	0.0	0.0	0.0	0.0	3	1.0436099744195317	8.316969591407256	230.0	35	1.05	0.95				
	324	1	0.0	0.0	0.0	0.0	3	1.0334470131972917	6.228358657005841	230.0	36	1.05	0.95				
	325	1	0.0	0.0	0.0	0.0	3	1.0429470298314416	8.965401780905237	230.0	35	1.05	0.95				
];

%% generator data
%    bus    Pg    Qg    Qmax    Qmin    Vg    mBase    status    Pmax    Pmin    Pc1    Pc2    Qc1min    Qc1max    Qc2min    Qc2max    ramp_agc    ramp_10    ramp_30    ramp_q    apf
