%% MATPOWER Case Format : Version 2
function mpc = RTS_GMLC
mpc.version = '2';

%%-----  Power Flow Data  -----%%
%% system MVA base
mpc.baseMVA = 100.0;
%% bus data
%    bus_i    type    Pd    Qd    Gs    Bs    area    Vm    Va    baseKV    zone    Vmax    Vmin
mpc.bus = [
	101	2	79.35675408000002	16.16526472	0.0	0.0	1	1.0426214477803744	0.2063158800767091	138.0	11	1.05	0.95				
	102	2	71.27412172000001	14.6956952	0.0	0.0	1	1.0420447951853111	-0.013319418291476787	138.0	12	1.05	0.95				
	103	1	132.2612568	27.187036120000002	0.0	0.0	1	1.0265186004167544	-1.1974037548434768	138.0	11	1.05	0.95				
	104	1	54.374072240000004	11.0217714	0.0	0.0	1	1.0231562490633603	-3.3059809173253383	138.0	11	1.05	0.95				
	105	1	52.16971795999999	10.28698664	0.0	0.0	1	1.0359136324522529	-3.735691996401208	138.0	11	1.05	0.95				
	106	1	99.93072736000002	20.57397328	0.0	-100.0	1	1.0382761036980523	-6.64804024563201	138.0	12	1.05	0.95				
	107	2	91.848095	18.369619	0.0	0.0	1	1.0403042170792502	-5.672250356402028	138.0	12	1.05	0.95				
	108	1	125.64819396	25.717466599999998	0.0	0.0	1	1.0204299731346478	-7.563293658948826	138.0	12	1.05	0.95				
	109	1	128.587333	26.45225136	0.0	0.0	1	1.0269838732448098	-4.029786149764306	138.0	13	1.05	0.95				
	110	1	143.28302820000002	29.3913904	0.0	0.0	1	1.05	-5.462914189844422	138.0	13	1.05	0.95				
	111	1	0.0	0.0	0.0	0.0	1	1.012339728824237	-1.6169603456872381	230.0	13	1.05	0.95				
	112	1	0.0	0.0	0.0	0.0	1	1.0159858606257133	-1.0134729786612142	230.0	13	1.05	0.95				
	113	3	194.7179614	39.67837704000001	0.0	0.0	1	1.0125256928477595	-4.155632430487486e-28	230.0	14	1.05	0.95				
	114	2	142.54824344000002	28.656605640000006	0.0	0.0	1	1.0126339653609258	0.16435941488309203	230.0	16	1.05	0.95				
	115	2	232.92676892	47.02622464	0.0	0.0	1	1.043700753028276	7.908876936402452	230.0	16	1.05	0.95				
	116	2	73.478476	14.6956952	0.0	0.0	1	1.0409803498937886	7.112446392970638	230.0	16	1.05	0.95				
	117	1	0.0	0.0	0.0	0.0	1	1.0451503018303707	10.048311964942377	230.0	17	1.05	0.95				
	118	2	244.68332508	49.96536368000001	0.0	0.0	1	1.0472817309133793	10.558733512978813	230.0	17	1.05	0.95				
	119	1	132.99604156	27.187036120000002	0.0	0.0	1	1.0341513446992663	5.510167582872956	230.0	15	1.05	0.95				
	120	1	94.05244928	19.104403760000004	0.0	0.0	1	1.0342512349393786	5.191928199474392	230.0	15	1.05	0.95				
	121	2	0.0	0.0	0.0	0.0	1	1.05	12.271833310879467	230.0	17	1.05	0.95				
	122	2	0.0	0.0	0.0	0.0	1	1.05	18.127923826357378	230.0	17	1.05	0.95				
	123	2	0.0	0.0	0.0	0.0	1	1.0362301051045448	5.565812213333641	230.0	15	1.05	0.95				
	124	1	0.0	0.0	0.0	0.0	1	1.0257868578788238	4.52359645604589	230.0	16	1.05	0.95				
	201	2	83.75822446736842	17.06186053964912	0.0	0.0	2	1.0405205382637488	-13.966027969985843	138.0	21	1.05	0.95				
	202	2	75.22729419754384	15.510782308771931	0.0	0.0	2	1.0408621402055342	-14.053891917715065	138.0	22	1.05	0.95				
	203	1	139.59704077894736	28.694947271228067	0.0	0.0	2	1.0235090108863492	-10.656375652769622	138.0	21	1.05	0.95				
	204	1	57.38989454245613	11.633086731578945	0.0	0.0	2	1.0188427836481977	-15.418997535819884	138.0	21	1.05	0.95				
	205	1	55.06327719614035	10.857547616140351	0.0	0.0	2	1.0354184931485715	-15.868266449795112	138.0	21	1.05	0.95				
	206	1	105.47331969964912	21.715095232280703	0.0	-100.0	2	1.037995988086746	-17.6648582799617	138.0	22	1.05	0.95				
	207	2	96.94238942982456	19.38847788596491	0.0	0.0	2	0.9526783088121746	-29.243918206252395	138.0	22	1.05	0.95				
	208	1	132.61718874	27.14386904035087	0.0	0.0	2	0.9587768027214795	-25.33696627175064	138.0	22	1.05	0.95				
	209	1	135.71934520175438	27.919408155789473	0.0	0.0	2	1.0254906027597628	-13.404810741491813	138.0	23	1.05	0.95				
	210	1	151.2301275105263	31.021564617543863	0.0	0.0	2	1.05	-15.367505018433807	138.0	23	1.05	0.95				
	211	1	0.0	0.0	0.0	0.0	2	1.029980976526303	-9.719399428334855	230.0	23	1.05	0.95				
	212	1	0.0	0.0	0.0	0.0	2	1.025726859840375	-4.8682038840606525	230.0	23	1.05	0.95				
	213	2	205.51786559122806	41.87911223368421	0.0	0.0	2	1.0406649879448895	-7.056998719901978	230.0	24	1.05	0.95				
	214	2	150.45458839508768	30.24602550210526	0.0	0.0	2	1.0449522625815806	-7.5528899077294165	230.0	26	1.05	0.95				
	215	2	245.84589959403505	49.63450338807017	0.0	0.0	2	1.0423401032249702	0.4246506067274051	230.0	26	1.05	0.95				
	216	2	77.55391154385964	15.510782308771931	0.0	0.0	2	1.0449040513222128	0.3312472264637112	230.0	26	1.05	0.95				
	217	1	0.0	0.0	0.0	0.0	2	1.0457392749806376	3.003348717804833	230.0	27	1.05	0.95				
	218	2	258.2545254410526	52.73665984982456	0.0	0.0	2	1.046257034748956	3.1188175194845402	230.0	27	1.05	0.95				
	219	1	140.37257989438595	28.694947271228067	0.0	0.0	2	1.0412690989431728	0.42351583276307914	230.0	25	1.05	0.95				
	220	1	99.26900677614034	20.164017001403508	0.0	0.0	2	1.0451219558245497	1.9586108507679962	230.0	25	1.05	0.95				
	221	2	0.0	0.0	0.0	0.0	2	1.0463558289918946	2.9865287502885347	230.0	27	1.05	0.95				
	222	2	0.0	0.0	0.0	0.0	2	1.05	9.502081999936443	230.0	27	1.05	0.95				
	223	2	0.0	0.0	0.0	0.0	2	1.05	3.361055858908724	230.0	25	1.05	0.95				
	224	1	0.0	0.0	0.0	0.0	2	1.021442123225117	-3.6936396574644306	230.0	26	1.05	0.95				
	301	2	73.74818095578946	15.022777602105261	0.0	0.0	3	0.9882957579152852	-1.6812022820978454	138.0	31	1.05	0.95				
	302	2	66.23679215473683	13.657070547368418	0.0	0.0	3	0.9902499211256847	-1.7537891479162442	138.0	32	1.05	0.95				
	303	1	122.91363492631578	25.265580512631576	0.0	0.0	3	1.0040125697006745	2.1896036234956258	138.0	31	1.05	0.95				
	304	1	50.53116102526315	10.242802910526315	0.0	0.0	3	0.988087636988624	0.8374472678783351	138.0	31	1.05	0.95				
	305	1	48.482600443157885	9.559949383157896	0.0	0.0	3	0.9998328046524457	0.6920853693694865	138.0	31	1.05	0.95				
	306	1	92.86807972210525	19.119898766315792	0.0	-100.0	3	1.0148319354818156	1.2469211757533711	138.0	32	1.05	0.95				
	307	2	85.35669092105263	17.071338184210525	0.0	0.0	3	0.9674715909756357	-3.308422376023577	138.0	32	1.05	0.95				
	308	1	116.76795317999999	23.89987345789473	0.0	0.0	3	0.9779795145333696	-0.07433618164658827	138.0	32	1.05	0.95				
	309	1	119.49936728947368	24.582726985263154	0.0	0.0	3	1.0123625391152662	5.817007638416341	138.0	33	1.05	0.95				
	310	1	133.1564378368421	27.314141094736836	0.0	0.0	3	1.0336311710950352	5.318897870868039	138.0	33	1.05	0.95				
	311	1	0.0	0.0	0.0	0.0	3	1.004595979243711	12.873732518013785	230.0	33	1.05	0.95				
	312	1	0.0	0.0	0.0	0.0	3	1.0097563018114357	14.366092868491604	230.0	33	1.05	0.95				
	313	2	180.95618475263154	36.87409047789473	0.0	0.0	3	1.0370850747180818	22.44258878339698	230.0	34	1.05	0.95				
	314	2	132.47358430947367	26.631287567368418	0.0	0.0	3	1.0102748124041945	11.517890368895758	230.0	36	1.05	0.95				
	315	2	216.46456817578942	43.70262575157894	0.0	0.0	3	1.035456978016261	6.510557338654472	230.0	36	1.05	0.95				
	316	2	68.2853527368421	13.657070547368418	0.0	0.0	3	1.0361680096446406	8.282729803624187	230.0	36	1.05	0.95				
	317	1	0.0	0.0	0.0	0.0	3	1.0398529059207857	7.179957282169496	230.0	37	1.05	0.95				
	318	2	227.3902246136842	46.434039861052625	0.0	0.0	3	1.038283309316469	5.947396432028524	230.0	37	1.05	0.95				
	319	1	123.5964884536842	25.265580512631576	0.0	0.0	3	1.033864619164485	11.054351513189221	230.0	35	1.05	0.95				
	320	1	87.40525150315788	17.754191711578944	0.0	0.0	3	1.0356684824158315	13.25001294217006	230.0	35	1.05	0.95				
	321	2	0.0	0.0	0.0	0.0	3	1.0389872684461476	6.704097059453585	230.0	37	1.05	0.95				
	322	2	0.0	0.0	0.0	0.0	3	1.05	11.205725671952113	230.0	37	1.05	0.95				
	323	2	0.0	0.0	0.0	0.0	3	1.03700095212852	14.105187213201518	230.0	35	1.05	0.95				
	324	1	0.0	0.0	0.0	0.0	3	1.0193408268576416	6.845009383058654	230.0	36	1.05	0.95				
	325	1	0.0	0.0	0.0	0.0	3	1.039237686018772	13.955827988669435	230.0	35	1.05	0.95				
];

%% generator data
%    bus    Pg    Qg    Qmax    Qmin    Vg    mBase    status    Pmax    Pmin    Pc1    Pc2    Qc1min    Qc1max    Qc2min    Qc2max    ramp_agc    ramp_10    ramp_30    ramp_q    apf
