%% MATPOWER Case Format : Version 2
function mpc = RTS_GMLC
mpc.version = '2';

%%-----  Power Flow Data  -----%%
%% system MVA base
mpc.baseMVA = 100.0;
%% bus data
%    bus_i    type    Pd    Qd    Gs    Bs    area    Vm    Va    baseKV    zone    Vmax    Vmin
mpc.bus = [
	101	2	92.28896586947369	18.799604158596487	0.0	0.0	1	1.031540494852176	-4.656273965791032	138.0	11	1.05	0.95				
	102	2	82.88916379017543	17.090549235087718	0.0	0.0	1	1.0314765980027625	-4.764583183708595	138.0	12	1.05	0.95				
	103	1	153.81494311578948	31.61751608491228	0.0	0.0	1	1.010002195699298	-2.7525515259212794	138.0	11	1.05	0.95				
	104	1	63.23503216982456	12.817911926315787	0.0	0.0	1	1.012777231231638	-7.203729592044458	138.0	11	1.05	0.95				
	105	1	60.671449784561396	11.963384464561404	0.0	0.0	1	1.029395303691308	-7.476168052003323	138.0	11	1.05	0.95				
	106	1	116.21573479859649	23.926768929122808	0.0	-100.0	1	1.0328834193358583	-9.834735949427523	138.0	12	1.05	0.95				
	107	2	106.81593271929823	21.363186543859648	0.0	0.0	1	1.05	-7.538092573499168	138.0	12	1.05	0.95				
	108	1	146.12419595999998	29.908461161403505	0.0	0.0	1	1.0221134023008305	-9.810714404389687	138.0	12	1.05	0.95				
	109	1	149.54230580701753	30.762988623157888	0.0	0.0	1	1.0253337634688342	-5.72742012518743	138.0	13	1.05	0.95				
	110	1	166.63285504210523	34.181098470175435	0.0	0.0	1	1.05	-7.630042746706731	138.0	13	1.05	0.95				
	111	1	0.0	0.0	0.0	0.0	1	1.021214423970394	-1.6614603989327983	230.0	13	1.05	0.95				
	112	1	0.0	0.0	0.0	0.0	1	1.0193158914813756	-1.2531821116007047	230.0	13	1.05	0.95				
	113	3	226.44977736491225	46.14448293473684	0.0	0.0	1	1.0258483633533646	-7.184356189183233e-28	230.0	14	1.05	0.95				
	114	2	165.77832758035086	33.326571008421055	0.0	0.0	1	1.0343625703647468	1.8165568179192335	230.0	16	1.05	0.95				
	115	2	270.88520537614033	54.689757552280696	0.0	0.0	1	1.0384486413574443	13.025782349313609	230.0	16	1.05	0.95				
	116	2	85.45274617543859	17.090549235087718	0.0	0.0	1	1.039843747845661	12.070660275567358	230.0	16	1.05	0.95				
	117	1	0.0	0.0	0.0	0.0	1	1.0420156569427403	17.47041023920303	230.0	17	1.05	0.95				
	118	2	284.5576447642105	58.10786739929824	0.0	0.0	1	1.05	18.056694984320814	230.0	17	1.05	0.95				
	119	1	154.66947057754385	31.61751608491228	0.0	0.0	1	1.0371114357354196	9.198903599761161	230.0	15	1.05	0.95				
	120	1	109.37951510456139	22.217714005614035	0.0	0.0	1	1.0438314114682326	8.32430400990031	230.0	15	1.05	0.95				
	121	2	0.0	0.0	0.0	0.0	1	1.05	19.014036405387554	230.0	17	1.05	0.95				
	122	2	0.0	0.0	0.0	0.0	1	1.05	35.02548728118958	230.0	17	1.05	0.95				
	123	2	0.0	0.0	0.0	0.0	1	1.0499369623764165	8.468816715901792	230.0	15	1.05	0.95				
	124	1	0.0	0.0	0.0	0.0	1	1.0072765832673956	7.204918685835619	230.0	16	1.05	0.95				
	201	2	87.15819296842106	17.75444671578947	0.0	0.0	2	1.0459673194793102	-15.494371958397998	138.0	21	1.05	0.95				
	202	2	78.28096961052631	16.140406105263157	0.0	0.0	2	1.0474705431753921	-15.675927010638599	138.0	22	1.05	0.95				
	203	1	145.26365494736842	29.859751294736842	0.0	0.0	2	1.0259587167616244	-11.495502187784775	138.0	21	1.05	0.95				
	204	1	59.719502589473684	12.105304578947367	0.0	0.0	2	1.021041090683779	-17.185333760470044	138.0	21	1.05	0.95				
	205	1	57.298441673684195	11.29828427368421	0.0	0.0	2	1.0377183987325245	-17.660221749604876	138.0	21	1.05	0.95				
	206	1	109.75476151578947	22.59656854736842	0.0	-100.0	2	1.0386065148791728	-19.650573099254245	138.0	22	1.05	0.95				
	207	2	100.87753815789473	20.175507631578945	0.0	0.0	2	0.95	-31.162808156423324	138.0	22	1.05	0.95				
	208	1	138.0004722	28.245710684210522	0.0	0.0	2	0.9560305655565972	-27.35023949391148	138.0	22	1.05	0.95				
	209	1	141.22855342105262	29.05273098947368	0.0	0.0	2	1.025160146385012	-15.179380988613	138.0	23	1.05	0.95				
	210	1	157.3689595263158	32.280812210526314	0.0	0.0	2	1.05	-17.348349343520006	138.0	23	1.05	0.95				
	211	1	0.0	0.0	0.0	0.0	2	1.0319614652744444	-9.893671533617923	230.0	23	1.05	0.95				
	212	1	0.0	0.0	0.0	0.0	2	1.0225455920385031	-8.56838102161579	230.0	23	1.05	0.95				
	213	2	213.8603808947368	43.57909648421053	0.0	0.0	2	1.05	-6.3018170286223425	230.0	24	1.05	0.95				
	214	2	156.56193922105263	31.473791905263155	0.0	0.0	2	1.05	-6.953759177406883	230.0	26	1.05	0.95				
	215	2	255.82543676842104	51.64929953684209	0.0	0.0	2	1.044816676743234	2.2126557742997277	230.0	26	1.05	0.95				
	216	2	80.70203052631578	16.140406105263157	0.0	0.0	2	1.0488311202547203	2.202412400652281	230.0	26	1.05	0.95				
	217	1	0.0	0.0	0.0	0.0	2	1.0497543677634897	5.841399894892314	230.0	27	1.05	0.95				
	218	2	268.73776165263155	54.877380757894734	0.0	0.0	2	1.05	6.390383780493061	230.0	27	1.05	0.95				
	219	1	146.0706752526316	29.859751294736842	0.0	0.0	2	1.0434086354188334	1.7451642180823341	230.0	25	1.05	0.95				
	220	1	103.29859907368419	20.982527936842104	0.0	0.0	2	1.0459409929881378	2.8553562935549133	230.0	25	1.05	0.95				
	221	2	0.0	0.0	0.0	0.0	2	1.05	6.730335436602046	230.0	27	1.05	0.95				
	222	2	0.0	0.0	0.0	0.0	2	1.05	12.893727340774385	230.0	27	1.05	0.95				
	223	2	0.0	0.0	0.0	0.0	2	1.05	4.049540505369381	230.0	25	1.05	0.95				
	224	1	0.0	0.0	0.0	0.0	2	1.0202589007155136	-2.8868474457435878	230.0	26	1.05	0.95				
	301	2	69.03321733894737	14.062322050526316	0.0	0.0	3	1.0282474666841672	-3.412271100696774	138.0	31	1.05	0.95				
	302	2	62.00205631368421	12.783929136842106	0.0	0.0	3	1.0232251983743714	-3.768122434303235	138.0	32	1.05	0.95				
	303	1	115.05536223157895	23.650268903157894	0.0	0.0	3	1.05	13.978408262758284	138.0	31	1.05	0.95				
	304	1	47.30053780631579	9.587946852631578	0.0	0.0	3	1.007321797331599	-1.6540974246190567	138.0	31	1.05	0.95				
	305	1	45.38294843578947	8.948750395789475	0.0	0.0	3	1.0276531461203187	-4.328230886066428	138.0	31	1.05	0.95				
	306	1	86.93071813052632	17.89750079157895	0.0	-100.0	3	1.032508840363357	-5.552663640141932	138.0	32	1.05	0.95				
	307	2	79.89955710526316	15.97991142105263	0.0	0.0	3	0.9824574491172586	-4.378040279864117	138.0	32	1.05	0.95				
	308	1	109.30259411999998	22.371875989473683	0.0	0.0	3	0.9845188968277943	-4.722076670539385	138.0	32	1.05	0.95				
	309	1	111.85937994736841	23.01107244631579	0.0	0.0	3	1.0171886597464688	2.744516145061116	138.0	33	1.05	0.95				
	310	1	124.64330908421053	25.567858273684212	0.0	0.0	3	1.0430273594897321	-3.2081983309939144	138.0	33	1.05	0.95				
	311	1	0.0	0.0	0.0	0.0	3	1.0063473680191044	2.197733090965253	230.0	33	1.05	0.95				
	312	1	0.0	0.0	0.0	0.0	3	1.0094839617637807	3.0386802081757547	230.0	33	1.05	0.95				
	313	2	169.3870610631579	34.51660866947368	0.0	0.0	3	1.007406945907313	5.180544038131371	230.0	34	1.05	0.95				
	314	2	124.00411262736841	24.928661816842105	0.0	0.0	3	1.008140521999385	2.1028642970451403	230.0	36	1.05	0.95				
	315	2	202.62527681894738	40.908573237894736	0.0	0.0	3	1.05	6.4216794716384475	230.0	36	1.05	0.95				
	316	2	63.91964568421052	12.783929136842106	0.0	0.0	3	1.0443797484040382	5.846173187234151	230.0	36	1.05	0.95				
	317	1	0.0	0.0	0.0	0.0	3	1.0494175194123638	8.07049637700035	230.0	37	1.05	0.95				
	318	2	212.85242012842107	43.46535906526316	0.0	0.0	3	1.0479097420105963	7.374011428820975	230.0	37	1.05	0.95				
	319	1	115.69455868842104	23.650268903157894	0.0	0.0	3	1.0327410301664848	5.061738988357975	230.0	35	1.05	0.95				
	320	1	81.81714647578947	16.619107877894738	0.0	0.0	3	1.0279844529877262	5.598611400452865	230.0	35	1.05	0.95				
	321	2	0.0	0.0	0.0	0.0	3	1.05	8.584448496859721	230.0	37	1.05	0.95				
	322	2	0.0	0.0	0.0	0.0	3	1.05	12.72934547890418	230.0	37	1.05	0.95				
	323	2	0.0	0.0	0.0	0.0	3	1.0270590500886212	6.383548450733962	230.0	35	1.05	0.95				
	324	1	0.0	0.0	0.0	0.0	3	1.0473110886771748	9.312191298320005	230.0	36	1.05	0.95				
	325	1	0.0	0.0	0.0	0.0	3	1.0257119284570473	7.457850052482086	230.0	35	1.05	0.95				
];

%% generator data
%    bus    Pg    Qg    Qmax    Qmin    Vg    mBase    status    Pmax    Pmin    Pc1    Pc2    Qc1min    Qc1max    Qc2min    Qc2max    ramp_agc    ramp_10    ramp_30    ramp_q    apf
