%% MATPOWER Case Format : Version 2
function mpc = RTS_GMLC
mpc.version = '2';

%%-----  Power Flow Data  -----%%
%% system MVA base
mpc.baseMVA = 100.0;
%% bus data
%    bus_i    type    Pd    Qd    Gs    Bs    area    Vm    Va    baseKV    zone    Vmax    Vmin
mpc.bus = [
	101	2	60.038594753684215	12.230084116491229	0.0	0.0	1	1.025515779750966	-0.9977752190461733	138.0	11	1.05	0.95				
	102	2	53.923552695438595	11.118258287719298	0.0	0.0	1	1.0229100275479814	-1.6952738124557136	138.0	12	1.05	0.95				
	103	1	100.0643245894737	20.568777832280702	0.0	0.0	1	1.0207258298359707	1.3785569218355438	138.0	11	1.05	0.95				
	104	1	41.137555664561404	8.338693715789473	0.0	0.0	1	1.016397392601788	-3.4721936552786783	138.0	11	1.05	0.95				
	105	1	39.469816921403506	7.782780801403509	0.0	0.0	1	1.0302078158779786	-4.0162748810508395	138.0	11	1.05	0.95				
	106	1	75.60415635649123	15.565561602807017	0.0	-100.0	1	1.0395951389437614	-6.377309018836967	138.0	12	1.05	0.95				
	107	2	69.48911429824561	13.897822859649123	0.0	0.0	1	0.9963953667928301	-13.225042958604579	138.0	12	1.05	0.95				
	108	1	95.06110836	19.45695200350877	0.0	0.0	1	0.9964231830673933	-11.212017227696915	138.0	12	1.05	0.95				
	109	1	97.28476001754386	20.012864917894735	0.0	0.0	1	1.0237778437543263	-3.4825156012485032	138.0	13	1.05	0.95				
	110	1	108.40301830526316	22.236516575438596	0.0	0.0	1	1.05	-5.294525622004399	138.0	13	1.05	0.95				
	111	1	0.0	0.0	0.0	0.0	1	1.016380566821679	-0.2562820972426288	230.0	13	1.05	0.95				
	112	1	0.0	0.0	0.0	0.0	1	1.0148607742798637	-1.3248899395413152	230.0	13	1.05	0.95				
	113	3	147.3169223122807	30.019297376842108	0.0	0.0	1	1.00916593108491	1.357449046173498e-29	230.0	14	1.05	0.95				
	114	2	107.84710539087719	21.680603661052633	0.0	0.0	1	1.0330022016852771	3.610216366477062	230.0	16	1.05	0.95				
	115	2	176.22439386035086	35.578426520701754	0.0	0.0	1	1.0356200643538995	14.84370736075608	230.0	16	1.05	0.95				
	116	2	55.59129143859649	11.118258287719298	0.0	0.0	1	1.0329128763699114	12.627295620879764	230.0	16	1.05	0.95				
	117	1	0.0	0.0	0.0	0.0	1	1.0372499979958179	19.527982003682293	230.0	17	1.05	0.95				
	118	2	185.11900049052633	37.802078178245615	0.0	0.0	1	1.05	20.52644440416892	230.0	17	1.05	0.95				
	119	1	100.62023750385964	20.568777832280702	0.0	0.0	1	1.0259353309335704	7.7708905528496555	230.0	15	1.05	0.95				
	120	1	71.15685304140351	14.453735774035087	0.0	0.0	1	1.0291764106503392	4.505684648553585	230.0	15	1.05	0.95				
	121	2	0.0	0.0	0.0	0.0	1	1.05	22.690330823958597	230.0	17	1.05	0.95				
	122	2	0.0	0.0	0.0	0.0	1	1.05	39.90825180180637	230.0	17	1.05	0.95				
	123	2	0.0	0.0	0.0	0.0	1	1.0329342061130995	3.139879979585042	230.0	15	1.05	0.95				
	124	1	0.0	0.0	0.0	0.0	1	1.013040542097196	9.817408820033723	230.0	16	1.05	0.95				
	201	2	53.7875019663158	10.956713363508772	0.0	0.0	2	1.0127943532662276	-15.947221416100307	138.0	21	1.05	0.95				
	202	2	48.3091452845614	9.960648512280702	0.0	0.0	2	1.0119208549905927	-16.218845719267343	138.0	22	1.05	0.95				
	203	1	89.64583661052632	18.427199747719296	0.0	0.0	2	1.014320701968038	-11.902657235446465	138.0	21	1.05	0.95				
	204	1	36.85439949543859	7.470486384210526	0.0	0.0	2	1.0102944305551051	-15.335113822336874	138.0	21	1.05	0.95				
	205	1	35.36030221859649	6.972453958596492	0.0	0.0	2	1.025031930449168	-15.811807956992677	138.0	21	1.05	0.95				
	206	1	67.73240988350878	13.944907917192984	0.0	-100.0	2	1.0393997410521516	-16.32737065309303	138.0	22	1.05	0.95				
	207	2	62.25405320175439	12.450810640350877	0.0	0.0	2	0.9943275289758227	-22.417141659656135	138.0	22	1.05	0.95				
	208	1	85.16354478	17.431134896491226	0.0	0.0	2	0.9969707014385789	-20.098173232974236	138.0	22	1.05	0.95				
	209	1	87.15567448245615	17.929167322105265	0.0	0.0	2	1.0245404373429345	-12.56207874174199	138.0	23	1.05	0.95				
	210	1	97.11632299473685	19.921297024561404	0.0	0.0	2	1.05	-14.076507403180274	138.0	23	1.05	0.95				
	211	1	0.0	0.0	0.0	0.0	2	1.011129067909901	-9.21332954732572	230.0	23	1.05	0.95				
	212	1	0.0	0.0	0.0	0.0	2	1.0138350704832424	-5.882763305665227	230.0	23	1.05	0.95				
	213	2	131.9785927877193	26.8937509831579	0.0	0.0	2	1.0104215277947313	-6.895087064641603	230.0	24	1.05	0.95				
	214	2	96.6182905691228	19.42326459894737	0.0	0.0	2	1.0155819853227346	-7.075470366919978	230.0	26	1.05	0.95				
	215	2	157.87627891964914	31.87407523929825	0.0	0.0	2	1.0311320687198335	-0.8036974460114675	230.0	26	1.05	0.95				
	216	2	49.80324256140351	9.960648512280702	0.0	0.0	2	1.03180890914279	-1.0043973378139797	230.0	26	1.05	0.95				
	217	1	0.0	0.0	0.0	0.0	2	1.03547393676251	0.41930194913393054	230.0	27	1.05	0.95				
	218	2	165.8447977294737	33.86620494175439	0.0	0.0	2	1.0341586058640257	-0.18281003839433757	230.0	27	1.05	0.95				
	219	1	90.14386903614036	18.427199747719296	0.0	0.0	2	1.0313720997364733	-0.7099410631341483	230.0	25	1.05	0.95				
	220	1	63.7481504785965	12.948843065964914	0.0	0.0	2	1.03475279535254	0.5037116521486141	230.0	25	1.05	0.95				
	221	2	0.0	0.0	0.0	0.0	2	1.0357252963763666	0.41195427416367203	230.0	27	1.05	0.95				
	222	2	0.0	0.0	0.0	0.0	2	1.05	6.913135265945565	230.0	27	1.05	0.95				
	223	2	0.0	0.0	0.0	0.0	2	1.03787923096943	1.5415443609447879	230.0	25	1.05	0.95				
	224	1	0.0	0.0	0.0	0.0	2	1.0111141891010382	-4.936066986711882	230.0	26	1.05	0.95				
	301	2	50.15627965894737	10.217019930526316	0.0	0.0	3	1.0062484418754278	18.923334042738663	138.0	31	1.05	0.95				
	302	2	45.04776969368421	9.288199936842107	0.0	0.0	3	1.0059118096668052	18.764582762250264	138.0	32	1.05	0.95				
	303	1	83.59379943157896	17.183169883157895	0.0	0.0	3	1.0356706445941404	25.760787237578644	138.0	31	1.05	0.95				
	304	1	34.36633976631579	6.966149952631579	0.0	0.0	3	1.0097088902862255	20.188824759868705	138.0	31	1.05	0.95				
	305	1	32.973109775789474	6.501739955789475	0.0	0.0	3	1.0220845415002722	19.30946806350798	138.0	31	1.05	0.95				
	306	1	63.15975957052632	13.00347991157895	0.0	-100.0	3	1.0388948298876097	18.97806739532661	138.0	32	1.05	0.95				
	307	2	58.05124960526315	11.610249921052631	0.0	0.0	3	0.9641314401000147	15.044038050889094	138.0	32	1.05	0.95				
	308	1	79.41410946	16.254349889473684	0.0	0.0	3	0.9841366669301151	17.03343521617412	138.0	32	1.05	0.95				
	309	1	81.27174944736842	16.71875988631579	0.0	0.0	3	1.0276427979971983	23.24860724025265	138.0	33	1.05	0.95				
	310	1	90.55994938421053	18.576399873684213	0.0	0.0	3	1.05	21.190453592792544	138.0	33	1.05	0.95				
	311	1	0.0	0.0	0.0	0.0	3	1.0106320299576568	25.91647464391325	230.0	33	1.05	0.95				
	312	1	0.0	0.0	0.0	0.0	3	1.0167684626709759	25.9828024678544	230.0	33	1.05	0.95				
	313	2	123.0686491631579	25.078139829473685	0.0	0.0	3	1.0159971898671203	29.220349536614865	230.0	34	1.05	0.95				
	314	2	90.09553938736842	18.111989876842106	0.0	0.0	3	1.006941324406324	26.801082752393572	230.0	36	1.05	0.95				
	315	2	147.21796899894736	29.72223979789474	0.0	0.0	3	1.033849816488048	26.47668741756853	230.0	36	1.05	0.95				
	316	2	46.440999684210524	9.288199936842107	0.0	0.0	3	1.0348096569596061	27.01264199761447	230.0	36	1.05	0.95				
	317	1	0.0	0.0	0.0	0.0	3	1.0465508838995043	30.087326863592015	230.0	37	1.05	0.95				
	318	2	154.64852894842105	31.57987978526316	0.0	0.0	3	1.0410367584061295	26.390613824309177	230.0	37	1.05	0.95				
	319	1	84.05820942842107	17.183169883157895	0.0	0.0	3	1.0304552490529857	26.927113161319035	230.0	35	1.05	0.95				
	320	1	59.44447959578948	12.074659917894737	0.0	0.0	3	1.027310866988551	26.618788013212825	230.0	35	1.05	0.95				
	321	2	0.0	0.0	0.0	0.0	3	1.041746897307157	27.09336174536617	230.0	37	1.05	0.95				
	322	2	0.0	0.0	0.0	0.0	3	1.05	32.60021212874438	230.0	37	1.05	0.95				
	323	2	0.0	0.0	0.0	0.0	3	1.0255223770173731	26.504594582671825	230.0	35	1.05	0.95				
	324	1	0.0	0.0	0.0	0.0	3	1.0320778736383818	27.569022495100825	230.0	36	1.05	0.95				
	325	1	0.0	0.0	0.0	0.0	3	1.0289188997494807	26.189474208876057	230.0	35	1.05	0.95				
];
