%% MATPOWER Case Format : Version 2
function mpc = RTS_GMLC
mpc.version = '2';

%%-----  Power Flow Data  -----%%
%% system MVA base
mpc.baseMVA = 100.0;
%% bus data
%    bus_i    type    Pd    Qd    Gs    Bs    area    Vm    Va    baseKV    zone    Vmax    Vmin
mpc.bus = [
	101	2	57.019297376842104	11.615042058245614	0.0	0.0	1	1.0493040489047112	2.9295572893572714	138.0	11	1.05	0.95				
	102	2	51.211776347719294	10.55912914385965	0.0	0.0	1	1.048160918807215	2.58075606951428	138.0	12	1.05	0.95				
	103	1	95.03216229473685	19.53438891614035	0.0	0.0	1	1.0319829116721353	0.24623931493974902	138.0	11	1.05	0.95				
	104	1	39.0687778322807	7.919346857894737	0.0	0.0	1	1.028394378147494	-1.158293707518592	138.0	11	1.05	0.95				
	105	1	37.48490846070175	7.391390400701756	0.0	0.0	1	1.0415789512352251	-1.3511132031409598	138.0	11	1.05	0.95				
	106	1	71.80207817824562	14.782780801403511	0.0	-100.0	1	1.0453669265852523	-4.325354087464864	138.0	12	1.05	0.95				
	107	2	65.99455714912281	13.19891142982456	0.0	0.0	1	0.9986958083416857	-11.87711750629431	138.0	12	1.05	0.95				
	108	1	90.28055418	18.478476001754384	0.0	0.0	1	0.9993074492631486	-10.015590699496977	138.0	12	1.05	0.95				
	109	1	92.39238000877192	19.006432458947366	0.0	0.0	1	1.0250823971998746	-3.119264964720819	138.0	13	1.05	0.95				
	110	1	102.95150915263159	21.1182582877193	0.0	0.0	1	1.05	-4.109153007378779	138.0	13	1.05	0.95				
	111	1	0.0	0.0	0.0	0.0	1	1.0068719799016543	-1.07349301399754	230.0	13	1.05	0.95				
	112	1	0.0	0.0	0.0	0.0	1	1.011003843308468	-1.165741740564631	230.0	13	1.05	0.95				
	113	3	139.90846115614036	28.509648688421052	0.0	0.0	1	1.0020533195327337	-3.8232231406082454e-31	230.0	14	1.05	0.95				
	114	2	102.42355269543859	20.590301830526318	0.0	0.0	1	1.0051511263457575	0.6369707282802277	230.0	16	1.05	0.95				
	115	2	167.36219693017546	33.78921326035088	0.0	0.0	1	1.0407618729484764	7.439674524050072	230.0	16	1.05	0.95				
	116	2	52.79564571929824	10.55912914385965	0.0	0.0	1	1.0360795940335712	6.178850287831123	230.0	16	1.05	0.95				
	117	1	0.0	0.0	0.0	0.0	1	1.042866697308293	10.004570079530806	230.0	17	1.05	0.95				
	118	2	175.80950024526317	35.90103908912281	0.0	0.0	1	1.0471083231600264	10.913164561206816	230.0	17	1.05	0.95				
	119	1	95.56011875192982	19.53438891614035	0.0	0.0	1	1.0257906368570457	3.873977144911223	230.0	15	1.05	0.95				
	120	1	67.57842652070175	13.726867887017544	0.0	0.0	1	1.0213690331620593	2.612800985124182	230.0	15	1.05	0.95				
	121	2	0.0	0.0	0.0	0.0	1	1.0499999934884372	12.72392099312516	230.0	17	1.05	0.95				
	122	2	0.0	0.0	0.0	0.0	1	1.05	18.585963443058063	230.0	17	1.05	0.95				
	123	2	0.0	0.0	0.0	0.0	1	1.019966111480507	2.3243341581259567	230.0	15	1.05	0.95				
	124	1	0.0	0.0	0.0	0.0	1	1.028072734141781	4.74606083665379	230.0	16	1.05	0.95				
	201	2	59.10845271157896	12.040610737543862	0.0	0.0	2	1.0136613265135472	-13.879829427782646	138.0	21	1.05	0.95				
	202	2	53.08814734280703	10.946009761403511	0.0	0.0	2	1.013228920746155	-14.053825676207213	138.0	22	1.05	0.95				
	203	1	98.51408785263159	20.250118058596495	0.0	0.0	2	1.0131821561495935	-10.505580117241008	138.0	21	1.05	0.95				
	204	1	40.50023611719299	8.209507321052632	0.0	0.0	2	1.0102339765203767	-13.36434306532857	138.0	21	1.05	0.95				
	205	1	38.85833465298246	7.6622068329824575	0.0	0.0	2	1.0247735137215153	-13.815827636893692	138.0	21	1.05	0.95				
	206	1	74.43286637754387	15.324413665964915	0.0	-100.0	2	1.0382737331568144	-14.384569843619035	138.0	22	1.05	0.95				
	207	2	68.41256100877193	13.682512201754388	0.0	0.0	2	0.9934658759586933	-21.366645531536623	138.0	22	1.05	0.95				
	208	1	93.58838346000002	19.155517082456143	0.0	0.0	2	0.9943668148966824	-18.777103921485605	138.0	22	1.05	0.95				
	209	1	95.77758541228071	19.702817570526317	0.0	0.0	2	1.0250944175323011	-10.55019375212797	138.0	23	1.05	0.95				
	210	1	106.72359517368422	21.892019522807022	0.0	0.0	2	1.05	-11.995782548614006	138.0	23	1.05	0.95				
	211	1	0.0	0.0	0.0	0.0	2	1.0135405115122453	-7.10487344013723	230.0	23	1.05	0.95				
	212	1	0.0	0.0	0.0	0.0	2	1.0175313341417949	-2.7592650460479664	230.0	23	1.05	0.95				
	213	2	145.0346293385965	29.55422635578948	0.0	0.0	2	1.0178652257751557	-4.20928681848772	230.0	24	1.05	0.95				
	214	2	106.17629468561405	21.344719034736844	0.0	0.0	2	1.0160975943903703	-5.439198378146328	230.0	26	1.05	0.95				
	215	2	173.49425471824563	35.02723123649123	0.0	0.0	2	1.0289811354720444	0.16829597492034132	230.0	26	1.05	0.95				
	216	2	54.73004880701755	10.946009761403511	0.0	0.0	2	1.0310985807747324	0.285747853914344	230.0	26	1.05	0.95				
	217	1	0.0	0.0	0.0	0.0	2	1.032480602909731	1.1342424894382355	230.0	27	1.05	0.95				
	218	2	182.25106252736845	37.21643318877194	0.0	0.0	2	1.0310448903918625	0.5080819886176451	230.0	27	1.05	0.95				
	219	1	99.06138834070177	20.250118058596495	0.0	0.0	2	1.0339618039938567	1.4515699653881375	230.0	25	1.05	0.95				
	220	1	70.05446247298246	14.229812689824564	0.0	0.0	2	1.0412914517219234	3.4985459298482695	230.0	25	1.05	0.95				
	221	2	0.0	0.0	0.0	0.0	2	1.03325819348995	1.198634262546139	230.0	27	1.05	0.95				
	222	2	0.0	0.0	0.0	0.0	2	1.05	7.6688731013822	230.0	27	1.05	0.95				
	223	2	0.0	0.0	0.0	0.0	2	1.0473199063153367	5.0134915640396205	230.0	25	1.05	0.95				
	224	1	0.0	0.0	0.0	0.0	2	1.0099009069500582	-3.808799500536237	230.0	26	1.05	0.95				
	301	2	56.596646614736855	11.528946532631581	0.0	0.0	3	0.9984308774902491	10.339861754676201	138.0	31	1.05	0.95				
	302	2	50.83217334842106	10.48086048421053	0.0	0.0	3	0.9981578943356588	10.290036339541597	138.0	32	1.05	0.95				
	303	1	94.32774435789474	19.389591895789476	0.0	0.0	3	1.0225786867922437	14.224214630349254	138.0	31	1.05	0.95				
	304	1	38.77918379157895	7.8606453631578965	0.0	0.0	3	1.0054000968541459	12.31758700963101	138.0	31	1.05	0.95				
	305	1	37.207054718947376	7.336602338947371	0.0	0.0	3	1.0167149376009608	11.59736839814557	138.0	31	1.05	0.95				
	306	1	71.26985129263159	14.673204677894741	0.0	-100.0	3	1.0350600260184275	11.70261425913964	138.0	32	1.05	0.95				
	307	2	65.5053780263158	13.10107560526316	0.0	0.0	3	0.9894562441257525	7.702151804106448	138.0	32	1.05	0.95				
	308	1	89.61135714000001	18.341505847368424	0.0	0.0	3	0.9991040369946358	10.045495826093454	138.0	32	1.05	0.95				
	309	1	91.70752923684212	18.865548871578948	0.0	0.0	3	1.0293726891873398	16.092081793147237	138.0	33	1.05	0.95				
	310	1	102.18838972105264	20.96172096842106	0.0	0.0	3	1.05	14.531478516798506	138.0	33	1.05	0.95				
	311	1	0.0	0.0	0.0	0.0	3	1.0116825734774906	20.07852613811682	230.0	33	1.05	0.95				
	312	1	0.0	0.0	0.0	0.0	3	1.01753204572847	20.5252472330801	230.0	33	1.05	0.95				
	313	2	138.87140141578948	28.298323307368427	0.0	0.0	3	1.021559235611665	25.718590813740146	230.0	34	1.05	0.95				
	314	2	101.66434669684212	20.43767794421053	0.0	0.0	3	1.010332990829706	19.95095075323217	230.0	36	1.05	0.95				
	315	2	166.12163867473686	33.53875354947369	0.0	0.0	3	1.037665895502283	17.30551238180236	230.0	36	1.05	0.95				
	316	2	52.40430242105264	10.48086048421053	0.0	0.0	3	1.036976182484707	18.126810724230715	230.0	36	1.05	0.95				
	317	1	0.0	0.0	0.0	0.0	3	1.049325067464566	19.819099167931054	230.0	37	1.05	0.95				
	318	2	174.5063270621053	35.63492564631579	0.0	0.0	3	1.0479421996145388	17.440920985333538	230.0	37	1.05	0.95				
	319	1	94.85178738210529	19.389591895789476	0.0	0.0	3	1.033525886001717	18.927891912266272	230.0	35	1.05	0.95				
	320	1	67.07750709894738	13.625118629473686	0.0	0.0	3	1.0316260559675279	19.399561141949107	230.0	35	1.05	0.95				
	321	2	0.0	0.0	0.0	0.0	3	1.0452016766224077	18.019052401655124	230.0	37	1.05	0.95				
	322	2	0.0	0.0	0.0	0.0	3	1.05	23.065650224218565	230.0	37	1.05	0.95				
	323	2	0.0	0.0	0.0	0.0	3	1.0303745529587576	19.551031741660587	230.0	35	1.05	0.95				
	324	1	0.0	0.0	0.0	0.0	3	1.0284825157541622	17.916950838568347	230.0	36	1.05	0.95				
	325	1	0.0	0.0	0.0	0.0	3	1.033497005631162	18.976363466648007	230.0	35	1.05	0.95				
];
