%% MATPOWER Case Format : Version 2
function mpc = RTS_GMLC
mpc.version = '2';

%%-----  Power Flow Data  -----%%
%% system MVA base
mpc.baseMVA = 100.0;
%% bus data
%    bus_i    type    Pd    Qd    Gs    Bs    area    Vm    Va    baseKV    zone    Vmax    Vmin
mpc.bus = [
	101	2	87.89361703578948	17.904255322105264	0.0	0.0	1	1.0448817459485849	-1.1745444228363346	138.0	11	1.05	0.95				
	102	2	78.94148937473685	16.27659574736842	0.0	0.0	1	1.0447049955885392	-1.2837519644195574	138.0	12	1.05	0.95				
	103	1	146.4893617263158	30.111702132631578	0.0	0.0	1	1.0216007371601323	-3.1319069117322673	138.0	11	1.05	0.95				
	104	1	60.223404265263156	12.207446810526315	0.0	0.0	1	1.0221136312353847	-4.619356066918636	138.0	11	1.05	0.95				
	105	1	57.7819149031579	11.393617023157896	0.0	0.0	1	1.0362528494661476	-4.86973672005474	138.0	11	1.05	0.95				
	106	1	110.68085108210528	22.787234046315792	0.0	-100.0	1	1.0367778305126445	-7.687927614167329	138.0	12	1.05	0.95				
	107	2	101.72872342105263	20.345744684210526	0.0	0.0	1	1.044158596807816	-3.3820126940977926	138.0	12	1.05	0.95				
	108	1	139.16489364	28.484042557894735	0.0	0.0	1	1.0201491866257235	-6.776371780220042	138.0	12	1.05	0.95				
	109	1	142.42021278947368	29.297872345263155	0.0	0.0	1	1.0270218964030449	-4.7741496845636915	138.0	13	1.05	0.95				
	110	1	158.6968085368421	32.55319149473684	0.0	0.0	1	1.05	-6.105484166251616	138.0	13	1.05	0.95				
	111	1	0.0	0.0	0.0	0.0	1	1.0157313043482163	-2.032372544494619	230.0	13	1.05	0.95				
	112	1	0.0	0.0	0.0	0.0	1	1.0175036518144815	-0.8847456714184169	230.0	13	1.05	0.95				
	113	3	215.66489365263158	43.94680851789474	0.0	0.0	1	1.017830705705506	6.036596081250285e-28	230.0	14	1.05	0.95				
	114	2	157.8829787494737	31.739361707368424	0.0	0.0	1	1.0186404536333242	-0.3750438877685813	230.0	16	1.05	0.95				
	115	2	257.98404259578945	52.08510639157895	0.0	0.0	1	1.0449945437655517	7.100306395846468	230.0	16	1.05	0.95				
	116	2	81.3829787368421	16.27659574736842	0.0	0.0	1	1.0437397640536386	6.90298438784027	230.0	16	1.05	0.95				
	117	1	0.0	0.0	0.0	0.0	1	1.047345345466411	9.753351965891905	230.0	17	1.05	0.95				
	118	2	271.0053191936842	55.34042554105264	0.0	0.0	1	1.0492151113744819	10.30361385322267	230.0	17	1.05	0.95				
	119	1	147.3031915136842	30.111702132631578	0.0	0.0	1	1.03813199820056	6.052726830658451	230.0	15	1.05	0.95				
	120	1	104.1702127831579	21.15957447157895	0.0	0.0	1	1.0403819141227086	6.742330980627834	230.0	15	1.05	0.95				
	121	2	0.0	0.0	0.0	0.0	1	1.05	10.932977083672439	230.0	17	1.05	0.95				
	122	2	0.0	0.0	0.0	0.0	1	1.05	17.213568183390148	230.0	17	1.05	0.95				
	123	2	0.0	0.0	0.0	0.0	1	1.0441535615655066	7.717880953278015	230.0	15	1.05	0.95				
	124	1	0.0	0.0	0.0	0.0	1	1.0234169595709839	3.316702725793688	230.0	16	1.05	0.95				
	201	2	78.64127185263158	16.019518340350874	0.0	0.0	2	1.0368658424170403	-6.977150470537904	138.0	21	1.05	0.95				
	202	2	70.63151268245613	14.563198491228068	0.0	0.0	2	1.037071358378918	-7.027182830069731	138.0	22	1.05	0.95				
	203	1	131.0687864210526	26.941917208771926	0.0	0.0	2	1.0274792259172643	-5.186115511471468	138.0	21	1.05	0.95				
	204	1	53.88383441754385	10.922398868421052	0.0	0.0	2	1.018862524115437	-8.53633428040083	138.0	21	1.05	0.95				
	205	1	51.69935464385964	10.194238943859649	0.0	0.0	2	1.0342075714595964	-8.846299535085262	138.0	21	1.05	0.95				
	206	1	99.02974974035087	20.388477887719297	0.0	-100.0	2	1.0384764999162768	-10.575313361203317	138.0	22	1.05	0.95				
	207	2	91.01999057017542	18.203998114035087	0.0	0.0	2	0.9650786556010501	-21.435290083965196	138.0	22	1.05	0.95				
	208	1	124.51534709999999	25.48559735964912	0.0	0.0	2	0.9690741941048532	-17.82961391501868	138.0	22	1.05	0.95				
	209	1	127.42798679824561	26.21375728421052	0.0	0.0	2	1.0268507662509534	-6.829140795954968	138.0	23	1.05	0.95				
	210	1	141.99118528947366	29.126396982456136	0.0	0.0	2	1.05	-8.45051878739756	138.0	23	1.05	0.95				
	211	1	0.0	0.0	0.0	0.0	2	1.0236883007542503	-2.7221487606043278	230.0	23	1.05	0.95				
	212	1	0.0	0.0	0.0	0.0	2	1.0237637972280795	0.9699498602348677	230.0	23	1.05	0.95				
	213	2	192.9623800087719	39.32063592631579	0.0	0.0	2	1.0326247976559728	0.7738380495225148	230.0	24	1.05	0.95				
	214	2	141.26302536491227	28.398237057894736	0.0	0.0	2	1.034502334210635	-0.9613659687714745	230.0	26	1.05	0.95				
	215	2	230.8266960859649	46.60223517192982	0.0	0.0	2	1.0440066305187745	5.684018788055715	230.0	26	1.05	0.95				
	216	2	72.81599245614035	14.563198491228068	0.0	0.0	2	1.0464124846827265	5.9844507003385266	230.0	26	1.05	0.95				
	217	1	0.0	0.0	0.0	0.0	2	1.0487954481539068	8.836161159890121	230.0	27	1.05	0.95				
	218	2	242.47725487894735	49.51487487017543	0.0	0.0	2	1.049999993740567	9.639355142476996	230.0	27	1.05	0.95				
	219	1	131.79694634561403	26.941917208771926	0.0	0.0	2	1.0428143334216196	5.620425641036719	230.0	25	1.05	0.95				
	220	1	93.20447034385964	18.932158038596487	0.0	0.0	2	1.0459964069027516	6.667687319401165	230.0	25	1.05	0.95				
	221	2	0.0	0.0	0.0	0.0	2	1.05	10.04052710355965	230.0	27	1.05	0.95				
	222	2	0.0	0.0	0.0	0.0	2	1.05	16.079814620097082	230.0	27	1.05	0.95				
	223	2	0.0	0.0	0.0	0.0	2	1.05	7.7705290687897595	230.0	25	1.05	0.95				
	224	1	0.0	0.0	0.0	0.0	2	1.0242147779962605	1.6353602985464206	230.0	26	1.05	0.95				
	301	2	75.74691554526318	15.429927240701758	0.0	0.0	3	1.0088374705872443	-18.96352494327657	138.0	31	1.05	0.95				
	302	2	68.03195192491228	14.027206582456142	0.0	0.0	3	1.0084775094426717	-19.10605836774682	138.0	32	1.05	0.95				
	303	1	126.24485924210529	25.95033217754386	0.0	0.0	3	1.018448748410039	-11.702962071980231	138.0	31	1.05	0.95				
	304	1	51.90066435508772	10.520404936842107	0.0	0.0	3	1.004167972167288	-16.747435935437206	138.0	31	1.05	0.95				
	305	1	49.7965833677193	9.8190446077193	0.0	0.0	3	1.0189464978249605	-17.295752584905582	138.0	31	1.05	0.95				
	306	1	95.38500476070178	19.6380892154386	0.0	-100.0	3	1.0320044343805748	-17.125573620507787	138.0	32	1.05	0.95				
	307	2	87.67004114035089	17.534008228070178	0.0	0.0	3	0.9945703393981088	-22.714343505755007	138.0	32	1.05	0.95				
	308	1	119.93261628	24.547611519298247	0.0	0.0	3	0.9935780412853354	-20.089979154302643	138.0	32	1.05	0.95				
	309	1	122.73805759649123	25.248971848421053	0.0	0.0	3	1.02653251550889	-11.955803431198197	138.0	33	1.05	0.95				
	310	1	136.76526417894738	28.054413164912283	0.0	0.0	3	1.05	-13.378538658204922	138.0	33	1.05	0.95				
	311	1	0.0	0.0	0.0	0.0	3	1.021719367184462	-5.405443116629654	230.0	33	1.05	0.95				
	312	1	0.0	0.0	0.0	0.0	3	1.0213573911134057	-4.7454810143373605	230.0	33	1.05	0.95				
	313	2	185.86048721754386	37.87345777263159	0.0	0.0	3	1.040367672150759	0.19301427794195788	230.0	34	1.05	0.95				
	314	2	136.06390384982456	27.353052835789477	0.0	0.0	3	1.0336694063072671	-3.233259205476002	230.0	36	1.05	0.95				
	315	2	222.33122433192983	44.887061063859655	0.0	0.0	3	1.0466125212268609	-0.5175005032125388	230.0	36	1.05	0.95				
	316	2	70.13603291228071	14.027206582456142	0.0	0.0	3	1.0455590050929	0.15916791037151015	230.0	36	1.05	0.95				
	317	1	0.0	0.0	0.0	0.0	3	1.047641813092243	1.7740075828177264	230.0	37	1.05	0.95				
	318	2	233.55298959789476	47.69250238035089	0.0	0.0	3	1.0475660913693232	1.810999686089003	230.0	37	1.05	0.95				
	319	1	126.94621957122808	25.95033217754386	0.0	0.0	3	1.0423711518891563	0.18231787590378787	230.0	35	1.05	0.95				
	320	1	89.77412212771931	18.235368557192984	0.0	0.0	3	1.043106345260057	0.5132301395366247	230.0	35	1.05	0.95				
	321	2	0.0	0.0	0.0	0.0	3	1.05	2.693434182080265	230.0	37	1.05	0.95				
	322	2	0.0	0.0	0.0	0.0	3	1.05	8.107882718764737	230.0	37	1.05	0.95				
	323	2	0.0	0.0	0.0	0.0	3	1.0443554736832446	0.8279609749888013	230.0	35	1.05	0.95				
	324	1	0.0	0.0	0.0	0.0	3	1.0241035623633303	-3.1783840449992984	230.0	36	1.05	0.95				
	325	1	0.0	0.0	0.0	0.0	3	1.042700513477277	1.671281505296174	230.0	35	1.05	0.95				
];
