%% MATPOWER Case Format : Version 2
function mpc = RTS_GMLC
mpc.version = '2';

%%-----  Power Flow Data  -----%%
%% system MVA base
mpc.baseMVA = 100.0;
%% bus data
%    bus_i    type    Pd    Qd    Gs    Bs    area    Vm    Va    baseKV    zone    Vmax    Vmin
mpc.bus = [
	101	2	51.287976265263154	10.447550720701754	0.0	0.0	1	1.0309406576477	-0.27317703064554516	138.0	11	1.05	0.95				
	102	2	46.06420090491227	9.49777338245614	0.0	0.0	1	1.030018372132402	-0.5479071606219266	138.0	12	1.05	0.95				
	103	1	85.47996044210525	17.570880757543858	0.0	0.0	1	1.0278140459587402	-0.986587589274185	138.0	11	1.05	0.95				
	104	1	35.141761515087715	7.123330036842105	0.0	0.0	1	1.0194757680225761	-3.2600246093079717	138.0	11	1.05	0.95				
	105	1	33.71709550771929	6.648441367719299	0.0	0.0	1	1.0341405303692488	-3.1428859649830794	138.0	11	1.05	0.95				
	106	1	64.58485900070175	13.296882735438597	0.0	-100.0	1	1.0435887613819215	-5.263738239622177	138.0	12	1.05	0.95				
	107	2	59.36108364035088	11.872216728070175	0.0	0.0	1	1.0004332466481156	-11.534260346369498	138.0	12	1.05	0.95				
	108	1	81.20596241999999	16.621103419298244	0.0	0.0	1	1.0023846429039056	-9.834558649900883	138.0	12	1.05	0.95				
	109	1	83.10551709649123	17.09599208842105	0.0	0.0	1	1.0250957853621243	-3.5447990714432875	138.0	13	1.05	0.95				
	110	1	92.60329047894736	18.99554676491228	0.0	0.0	1	1.05	-4.545836699688625	138.0	13	1.05	0.95				
	111	1	0.0	0.0	0.0	0.0	1	1.0064707841330967	-1.0017611322349531	230.0	13	1.05	0.95				
	112	1	0.0	0.0	0.0	0.0	1	1.0106056416341858	-0.8103932677042668	230.0	13	1.05	0.95				
	113	3	125.84549731754385	25.643988132631577	0.0	0.0	1	1.0017350622795071	2.790832354799958e-29	230.0	14	1.05	0.95				
	114	2	92.12840180982454	18.52065809578947	0.0	0.0	1	1.0058767301567755	1.2783406007473752	230.0	16	1.05	0.95				
	115	2	150.5397081119298	30.392874823859646	0.0	0.0	1	1.0405590339818724	7.678023388758748	230.0	16	1.05	0.95				
	116	2	47.4888669122807	9.49777338245614	0.0	0.0	1	1.0375320443992284	7.259819657034104	230.0	16	1.05	0.95				
	117	1	0.0	0.0	0.0	0.0	1	1.0427604424530905	10.463605231064498	230.0	17	1.05	0.95				
	118	2	158.13792681789474	32.29242950035088	0.0	0.0	1	1.0469879624767344	10.56993187721699	230.0	17	1.05	0.95				
	119	1	85.95484911122806	17.570880757543858	0.0	0.0	1	1.03009196436759	5.61142122431582	230.0	15	1.05	0.95				
	120	1	60.78574964771929	12.347105397192982	0.0	0.0	1	1.0274647953430025	5.085665093308074	230.0	15	1.05	0.95				
	121	2	0.0	0.0	0.0	0.0	1	1.0499999953957944	11.76597790430261	230.0	17	1.05	0.95				
	122	2	0.0	0.0	0.0	0.0	1	1.05	22.64423625036883	230.0	17	1.05	0.95				
	123	2	0.0	0.0	0.0	0.0	1	1.0267357369151555	5.160229800887963	230.0	15	1.05	0.95				
	124	1	0.0	0.0	0.0	0.0	1	1.0248365433589155	4.443229629126877	230.0	16	1.05	0.95				
	201	2	52.971509520000005	10.790492680000002	0.0	0.0	2	1.0254615967303977	-11.943681724544854	138.0	21	1.05	0.95				
	202	2	47.57626318	9.8095388	0.0	0.0	2	1.02645151248318	-11.760527364902952	138.0	22	1.05	0.95				
	203	1	88.28584920000002	18.147646780000002	0.0	0.0	2	1.0167607759135944	-10.500022256440953	138.0	21	1.05	0.95				
	204	1	36.295293560000005	7.357154100000001	0.0	0.0	2	1.016853986469991	-13.252522490548591	138.0	21	1.05	0.95				
	205	1	34.82386274	6.866677160000001	0.0	0.0	2	1.0316884256668766	-13.602486732806337	138.0	21	1.05	0.95				
	206	1	66.70486384	13.733354320000002	0.0	-100.0	2	1.0428178026494015	-14.967022747271615	138.0	22	1.05	0.95				
	207	2	61.3096175	12.2619235	0.0	0.0	2	0.9911506633441396	-22.02330852456594	138.0	22	1.05	0.95				
	208	1	83.87155674	17.1666929	0.0	0.0	2	0.9951935209195297	-19.750110200400076	138.0	22	1.05	0.95				
	209	1	85.8334645	17.65716984	0.0	0.0	2	1.0232658304066369	-12.461159127388983	138.0	23	1.05	0.95				
	210	1	95.6430033	19.6190776	0.0	0.0	2	1.05	-13.713646862886428	138.0	23	1.05	0.95				
	211	1	0.0	0.0	0.0	0.0	2	1.0091099668580992	-9.296334767184497	230.0	23	1.05	0.95				
	212	1	0.0	0.0	0.0	0.0	2	1.0101404410845574	-8.33307871185514	230.0	23	1.05	0.95				
	213	2	129.9763891	26.485754760000003	0.0	0.0	2	1.0067374780045304	-7.861195139444007	230.0	24	1.05	0.95				
	214	2	95.15252636	19.128600660000004	0.0	0.0	2	1.0124839913162462	-6.686624426158999	230.0	26	1.05	0.95				
	215	2	155.48118998	31.390524160000005	0.0	0.0	2	1.0279918430274957	0.08149431465321713	230.0	26	1.05	0.95				
	216	2	49.047694	9.8095388	0.0	0.0	2	1.0296688354134103	-0.004316104427521167	230.0	26	1.05	0.95				
	217	1	0.0	0.0	0.0	0.0	2	1.0337830958764107	2.2545802262946166	230.0	27	1.05	0.95				
	218	2	163.32882102000002	33.35243192	0.0	0.0	2	1.0337872513898376	2.071441411086814	230.0	27	1.05	0.95				
	219	1	88.77632614000001	18.147646780000002	0.0	0.0	2	1.0298960187630346	-0.06952130593241493	230.0	25	1.05	0.95				
	220	1	62.78104832000001	12.75240044	0.0	0.0	2	1.0336890831016687	0.8206359986155948	230.0	25	1.05	0.95				
	221	2	0.0	0.0	0.0	0.0	2	1.0346908282420808	2.1956345422244694	230.0	27	1.05	0.95				
	222	2	0.0	0.0	0.0	0.0	2	1.05	8.71574640974451	230.0	27	1.05	0.95				
	223	2	0.0	0.0	0.0	0.0	2	1.0368619916484783	1.67629622150133	230.0	25	1.05	0.95				
	224	1	0.0	0.0	0.0	0.0	2	1.0107442226980128	-3.8789118925054464	230.0	26	1.05	0.95				
	301	2	38.33470421052632	7.808921228070174	0.0	0.0	3	1.0123739407823509	-11.604219185546272	138.0	31	1.05	0.95				
	302	2	34.43024359649122	7.099019298245614	0.0	0.0	3	1.012341204086536	-11.68673875986856	138.0	32	1.05	0.95				
	303	1	63.89117368421052	13.133185701754385	0.0	0.0	3	1.022714958915268	-7.383811707012499	138.0	31	1.05	0.95				
	304	1	26.26637140350877	5.32426447368421	0.0	0.0	3	1.0136353059277483	-10.429088436236817	138.0	31	1.05	0.95				
	305	1	25.201518508771926	4.96931350877193	0.0	0.0	3	1.0267972764752045	-11.123931202723215	138.0	31	1.05	0.95				
	306	1	48.27333122807018	9.93862701754386	0.0	-100.0	3	1.0436455364512773	-11.301536147565571	138.0	32	1.05	0.95				
	307	2	44.36887061403508	8.873774122807017	0.0	0.0	3	0.9876710290842569	-14.874442753409419	138.0	32	1.05	0.95				
	308	1	60.696615	12.423283771929823	0.0	0.0	3	0.99917122790973	-13.36252939510873	138.0	32	1.05	0.95				
	309	1	62.116418859649116	12.778234736842103	0.0	0.0	3	1.025051727676552	-7.936799191923067	138.0	33	1.05	0.95				
	310	1	69.21543815789472	14.198038596491228	0.0	0.0	3	1.05	-9.497825210366347	138.0	33	1.05	0.95				
	311	1	0.0	0.0	0.0	0.0	3	1.0023406238572408	-4.745509566947542	230.0	33	1.05	0.95				
	312	1	0.0	0.0	0.0	0.0	3	1.0075894414041933	-4.2669482645723145	230.0	33	1.05	0.95				
	313	2	94.06200570175439	19.16735210526316	0.0	0.0	3	1.005089543451536	-1.3893367134201757	230.0	34	1.05	0.95				
	314	2	68.86048719298245	13.843087631578946	0.0	0.0	3	0.9947480068821154	-3.5543724944882107	230.0	36	1.05	0.95				
	315	2	112.51945587719297	22.716861754385963	0.0	0.0	3	1.024086973227078	-0.028039971824088124	230.0	36	1.05	0.95				
	316	2	35.49509649122807	7.099019298245614	0.0	0.0	3	1.0219663018092786	0.1966421658105249	230.0	36	1.05	0.95				
	317	1	0.0	0.0	0.0	0.0	3	1.035781887859603	4.224877057450076	230.0	37	1.05	0.95				
	318	2	118.19867131578947	24.13666561403509	0.0	0.0	3	1.0341361125351687	2.799085382568418	230.0	37	1.05	0.95				
	319	1	64.2461246491228	13.133185701754385	0.0	0.0	3	1.0165592360128362	-0.27242091329953444	230.0	35	1.05	0.95				
	320	1	45.433723508771926	9.228725087719297	0.0	0.0	3	1.0139214180249567	0.02680070804505349	230.0	35	1.05	0.95				
	321	2	0.0	0.0	0.0	0.0	3	1.033284921191935	2.4503889395197156	230.0	37	1.05	0.95				
	322	2	0.0	0.0	0.0	0.0	3	1.0483155025540334	7.466457243271289	230.0	37	1.05	0.95				
	323	2	0.0	0.0	0.0	0.0	3	1.0127745467948979	0.47536512549490756	230.0	35	1.05	0.95				
	324	1	0.0	0.0	0.0	0.0	3	1.0141712525922524	-2.8059292530732023	230.0	36	1.05	0.95				
	325	1	0.0	0.0	0.0	0.0	3	1.0132381376328616	1.4593237025188779	230.0	35	1.05	0.95				
];
