%% MATPOWER Case Format : Version 2
function mpc = RTS_GMLC
mpc.version = '2';

%%-----  Power Flow Data  -----%%
%% system MVA base
mpc.baseMVA = 100.0;
%% bus data
%    bus_i    type    Pd    Qd    Gs    Bs    area    Vm    Va    baseKV    zone    Vmax    Vmin
mpc.bus = [
	101	2	76.47105391578948	15.57743690877193	0.0	0.0	1	1.0462913589966945	-0.29936859826392337	138.0	11	1.05	0.95				
	102	2	68.68233546140351	14.161306280701755	0.0	0.0	1	1.0456774244759335	-0.5357492427545743	138.0	12	1.05	0.95				
	103	1	127.45175652631579	26.19841661929825	0.0	0.0	1	1.027616315094648	-1.6573994338013256	138.0	11	1.05	0.95				
	104	1	52.3968332385965	10.620979710526317	0.0	0.0	1	1.0242833166489038	-3.9993724343665704	138.0	11	1.05	0.95				
	105	1	50.272637296491226	9.91291439649123	0.0	0.0	1	1.0380888560830805	-4.290049895853141	138.0	11	1.05	0.95				
	106	1	96.29688270877195	19.82582879298246	0.0	-100.0	1	1.0399014870537022	-7.216742493344466	138.0	12	1.05	0.95				
	107	2	88.50816425438597	17.701632850877193	0.0	0.0	1	1.0131019799256802	-11.282794338866912	138.0	12	1.05	0.95				
	108	1	121.0791687	24.782285991228072	0.0	0.0	1	1.0038101448335877	-11.055943564582154	138.0	12	1.05	0.95				
	109	1	123.91142995614035	25.49035130526316	0.0	0.0	1	1.0261975764557862	-4.785586205589177	138.0	13	1.05	0.95				
	110	1	138.0727362368421	28.32261256140351	0.0	0.0	1	1.05	-6.169515172065964	138.0	13	1.05	0.95				
	111	1	0.0	0.0	0.0	0.0	1	1.0135536089843422	-1.8914761535348998	230.0	13	1.05	0.95				
	112	1	0.0	0.0	0.0	0.0	1	1.0160789430183947	-1.3260999488247232	230.0	13	1.05	0.95				
	113	3	187.63730821929826	38.23552695789474	0.0	0.0	1	1.0147070944485128	1.437476187456619e-29	230.0	14	1.05	0.95				
	114	2	137.36467092280702	27.614547247368428	0.0	0.0	1	1.0161051128086458	0.08517831431014738	230.0	16	1.05	0.95				
	115	2	224.4567045491228	45.31618009824562	0.0	0.0	1	1.0444356937102888	7.8994648071276385	230.0	16	1.05	0.95				
	116	2	70.80653140350877	14.161306280701755	0.0	0.0	1	1.041992994769781	7.147120065151411	230.0	16	1.05	0.95				
	117	1	0.0	0.0	0.0	0.0	1	1.0456597903598144	10.136525425277343	230.0	17	1.05	0.95				
	118	2	235.78574957368423	48.14844135438597	0.0	0.0	1	1.0476052251251884	10.69043386784445	230.0	17	1.05	0.95				
	119	1	128.15982184035087	26.19841661929825	0.0	0.0	1	1.0353389746671826	5.577357195119252	230.0	15	1.05	0.95				
	120	1	90.63236019649123	18.40969816491228	0.0	0.0	1	1.0352347864253881	5.2242439613881615	230.0	15	1.05	0.95				
	121	2	0.0	0.0	0.0	0.0	1	1.05	12.398086638467053	230.0	17	1.05	0.95				
	122	2	0.0	0.0	0.0	0.0	1	1.05	18.117769188675513	230.0	17	1.05	0.95				
	123	2	0.0	0.0	0.0	0.0	1	1.0369669740290721	5.558528770488393	230.0	15	1.05	0.95				
	124	1	0.0	0.0	0.0	0.0	1	1.0261296190461817	4.343935242302682	230.0	16	1.05	0.95				
	201	2	77.36628365052633	15.759798521403509	0.0	0.0	2	1.0342698514265343	-12.831062795618854	138.0	21	1.05	0.95				
	202	2	69.48638438982456	14.327089564912281	0.0	0.0	2	1.0348042280668783	-12.820185223209531	138.0	22	1.05	0.95				
	203	1	128.9438060842105	26.50511569508772	0.0	0.0	2	1.018966088253618	-10.960590937364827	138.0	21	1.05	0.95				
	204	1	53.01023139017544	10.74531717368421	0.0	0.0	2	1.0172614945000118	-14.096837995530548	138.0	21	1.05	0.95				
	205	1	50.86116795543859	10.028962695438597	0.0	0.0	2	1.0330841116901293	-14.439233032291774	138.0	21	1.05	0.95				
	206	1	97.42420904140351	20.057925390877195	0.0	-100.0	2	1.0383470122379466	-16.0006606065931	138.0	22	1.05	0.95				
	207	2	89.54430978070175	17.908861956140353	0.0	0.0	2	0.9670591726300355	-26.58560498769605	138.0	22	1.05	0.95				
	208	1	122.49661578	25.07240673859649	0.0	0.0	2	0.9705523733379533	-23.04494760749164	138.0	22	1.05	0.95				
	209	1	125.36203369298246	25.788761216842104	0.0	0.0	2	1.0254279366883263	-12.235167812542967	138.0	23	1.05	0.95				
	210	1	139.68912325789472	28.654179129824563	0.0	0.0	2	1.05	-13.807161090863584	138.0	23	1.05	0.95				
	211	1	0.0	0.0	0.0	0.0	2	1.0242822738686859	-8.449563555084291	230.0	23	1.05	0.95				
	212	1	0.0	0.0	0.0	0.0	2	1.023081634153173	-3.8538340872923764	230.0	23	1.05	0.95				
	213	2	189.83393673508772	38.683141825263164	0.0	0.0	2	1.0318526264024848	-5.862110026419621	230.0	24	1.05	0.95				
	214	2	138.97276877964913	27.937824651578946	0.0	0.0	2	1.0359050670981835	-6.244194440682196	230.0	26	1.05	0.95				
	215	2	227.0843696038596	45.8466866077193	0.0	0.0	2	1.041981233929226	1.3220588773528883	230.0	26	1.05	0.95				
	216	2	71.63544782456141	14.327089564912281	0.0	0.0	2	1.0437038376137093	1.2910908213012866	230.0	26	1.05	0.95				
	217	1	0.0	0.0	0.0	0.0	2	1.0455024693413493	3.8764747673587583	230.0	27	1.05	0.95				
	218	2	238.54604125578948	48.71210452070176	0.0	0.0	2	1.0461906330151525	4.101675670205842	230.0	27	1.05	0.95				
	219	1	129.66016056245616	26.50511569508772	0.0	0.0	2	1.04124864313173	1.3010294917462513	230.0	25	1.05	0.95				
	220	1	91.6933732154386	18.625216434385965	0.0	0.0	2	1.0453714926854834	2.6546153623146216	230.0	25	1.05	0.95				
	221	2	0.0	0.0	0.0	0.0	2	1.0462292603406629	3.9362067897588346	230.0	27	1.05	0.95				
	222	2	0.0	0.0	0.0	0.0	2	1.05	10.42151272512321	230.0	27	1.05	0.95				
	223	2	0.0	0.0	0.0	0.0	2	1.05	3.9154146339418094	230.0	25	1.05	0.95				
	224	1	0.0	0.0	0.0	0.0	2	1.0179433495035877	-3.2272542373933293	230.0	26	1.05	0.95				
	301	2	69.34071497684211	14.124960458245614	0.0	0.0	3	0.9985175235567717	0.8362070041074045	138.0	31	1.05	0.95				
	302	2	62.278234747719296	12.840873143859652	0.0	0.0	3	0.9993561336668475	0.7769097738812	138.0	32	1.05	0.95				
	303	1	115.56785829473685	23.755615316140354	0.0	0.0	3	1.0154942947646786	4.436008376104264	138.0	31	1.05	0.95				
	304	1	47.51123063228071	9.630654857894736	0.0	0.0	3	1.001884750248936	3.0462595067259417	138.0	31	1.05	0.95				
	305	1	45.58509966070176	8.988611200701756	0.0	0.0	3	1.014190547807576	2.936085460518742	138.0	31	1.05	0.95				
	306	1	87.31793737824563	17.977222401403512	0.0	-100.0	3	1.0314005375961333	3.3926915449412682	138.0	32	1.05	0.95				
	307	2	80.2554571491228	16.051091429824563	0.0	0.0	3	0.9890373388578875	-1.0131658784396322	138.0	32	1.05	0.95				
	308	1	109.78946538000001	22.471528001754386	0.0	0.0	3	0.997819195681276	1.913233281423381	138.0	32	1.05	0.95				
	309	1	112.35764000877194	23.113571658947368	0.0	0.0	3	1.0272781822055514	7.510824747408947	138.0	33	1.05	0.95				
	310	1	125.19851315263159	25.681746287719303	0.0	0.0	3	1.05	7.082732636071351	138.0	33	1.05	0.95				
	311	1	0.0	0.0	0.0	0.0	3	1.0182809871855543	13.953515267672625	230.0	33	1.05	0.95				
	312	1	0.0	0.0	0.0	0.0	3	1.0230535600758066	15.239497343465745	230.0	33	1.05	0.95				
	313	2	170.14156915614035	34.670357488421054	0.0	0.0	3	1.0466800834267902	22.55962012311162	230.0	34	1.05	0.95				
	314	2	124.55646949543859	25.039702630526318	0.0	0.0	3	1.0211821306114337	12.868862104724883	230.0	36	1.05	0.95				
	315	2	203.52783933017545	41.09079406035088	0.0	0.0	3	1.03718515561957	8.298373513648949	230.0	36	1.05	0.95				
	316	2	64.20436571929825	12.840873143859652	0.0	0.0	3	1.038791212543647	9.878286751269126	230.0	36	1.05	0.95				
	317	1	0.0	0.0	0.0	0.0	3	1.0421981519614314	9.006633064110003	230.0	37	1.05	0.95				
	318	2	213.80053784526316	43.658968689122815	0.0	0.0	3	1.0403568177943285	7.721704062458857	230.0	37	1.05	0.95				
	319	1	116.20990195192984	23.755615316140354	0.0	0.0	3	1.038180385778454	12.346278392375536	230.0	35	1.05	0.95				
	320	1	82.18158812070176	16.693135087017545	0.0	0.0	3	1.0406028643984642	14.217351063699109	230.0	35	1.05	0.95				
	321	2	0.0	0.0	0.0	0.0	3	1.0406971919701564	8.484972361918292	230.0	37	1.05	0.95				
	322	2	0.0	0.0	0.0	0.0	3	1.05	13.010805266423002	230.0	37	1.05	0.95				
	323	2	0.0	0.0	0.0	0.0	3	1.0420460400323714	14.929084001560241	230.0	35	1.05	0.95				
	324	1	0.0	0.0	0.0	0.0	3	1.0251222279439707	8.799950907950889	230.0	36	1.05	0.95				
	325	1	0.0	0.0	0.0	0.0	3	1.0439477101009647	14.71868269154805	230.0	35	1.05	0.95				
];
