%% MATPOWER Case Format : Version 2
function mpc = RTS_GMLC
mpc.version = '2';

%%-----  Power Flow Data  -----%%
%% system MVA base
mpc.baseMVA = 100.0;
%% bus data
%    bus_i    type    Pd    Qd    Gs    Bs    area    Vm    Va    baseKV    zone    Vmax    Vmin
mpc.bus = [
	101	2	60.01187532631579	12.224641270175438	0.0	0.0	1	1.0389247719607333	0.6131258472739063	138.0	11	1.05	0.95				
	102	2	53.89955469122807	11.113310245614034	0.0	0.0	1	1.0379222440921427	0.28768941736350356	138.0	12	1.05	0.95				
	103	1	100.0197922105263	20.559623954385962	0.0	0.0	1	1.0286365362742529	-0.7967579034659993	138.0	11	1.05	0.95				
	104	1	41.119247908771925	8.334982684210525	0.0	0.0	1	1.0230109369537297	-2.947301654858608	138.0	11	1.05	0.95				
	105	1	39.45225137192982	7.779317171929824	0.0	0.0	1	1.0365179473851316	-3.100703190230637	138.0	11	1.05	0.95				
	106	1	75.57050967017544	15.558634343859648	0.0	-100.0	1	1.0426238083030346	-5.765300214274388	138.0	12	1.05	0.95				
	107	2	69.45818903508771	13.891637807017542	0.0	0.0	1	0.9996713946120701	-14.269283401219683	138.0	12	1.05	0.95				
	108	1	95.0188026	19.44829292982456	0.0	0.0	1	0.9981242826366897	-11.876603255095773	138.0	12	1.05	0.95				
	109	1	97.2414646491228	20.00395844210526	0.0	0.0	1	1.0254601007783715	-3.9914989099233287	138.0	13	1.05	0.95				
	110	1	108.35477489473683	22.22662049122807	0.0	0.0	1	1.05	-5.141031404365212	138.0	13	1.05	0.95				
	111	1	0.0	0.0	0.0	0.0	1	1.009775563674384	-1.2369114186047085	230.0	13	1.05	0.95				
	112	1	0.0	0.0	0.0	0.0	1	1.0139419337071465	-1.080791425207995	230.0	13	1.05	0.95				
	113	3	147.25136075438593	30.005937663157894	0.0	0.0	1	1.0085168745770905	1.245102516409978e-31	230.0	14	1.05	0.95				
	114	2	107.79910938245614	21.670954978947368	0.0	0.0	1	1.0101760455639301	1.0922337325719147	230.0	16	1.05	0.95				
	115	2	176.14596739298244	35.56259278596491	0.0	0.0	1	1.0427044580415183	8.27415569249511	230.0	16	1.05	0.95				
	116	2	55.56655122807017	11.113310245614034	0.0	0.0	1	1.0403954692008608	7.653695024526209	230.0	16	1.05	0.95				
	117	1	0.0	0.0	0.0	0.0	1	1.0438157238114742	11.336300356915018	230.0	17	1.05	0.95				
	118	2	185.03661558947366	37.78525483508772	0.0	0.0	1	1.0479447928708454	11.623262666103079	230.0	17	1.05	0.95				
	119	1	100.575457722807	20.559623954385962	0.0	0.0	1	1.0332774023969682	5.652865910037036	230.0	15	1.05	0.95				
	120	1	71.12518557192982	14.447303319298243	0.0	0.0	1	1.0318603353453997	4.859778382576391	230.0	15	1.05	0.95				
	121	2	0.0	0.0	0.0	0.0	1	1.05	13.072443406786622	230.0	17	1.05	0.95				
	122	2	0.0	0.0	0.0	0.0	1	1.05	24.13793801401777	230.0	17	1.05	0.95				
	123	2	0.0	0.0	0.0	0.0	1	1.0321562673683657	4.84327885083237	230.0	15	1.05	0.95				
	124	1	0.0	0.0	0.0	0.0	1	1.0260083294006928	4.8911850034183715	230.0	16	1.05	0.95				
	201	2	67.55737445052632	13.761687388070175	0.0	0.0	2	1.0261298376595167	-16.452009636088945	138.0	21	1.05	0.95				
	202	2	60.67653075649123	12.510624898245615	0.0	0.0	2	1.026959941956892	-16.353070032273646	138.0	22	1.05	0.95				
	203	1	112.59562408421053	23.144656061754386	0.0	0.0	2	1.0151775736563158	-13.862518136783805	138.0	21	1.05	0.95				
	204	1	46.28931212350877	9.38296867368421	0.0	0.0	2	1.0148303775539882	-17.62009126133042	138.0	21	1.05	0.95				
	205	1	44.412718388771935	8.757437428771931	0.0	0.0	2	1.0301730158379387	-18.069312991136904	138.0	21	1.05	0.95				
	206	1	85.0722493080702	17.514874857543862	0.0	-100.0	2	1.039073163686924	-19.53790851821285	138.0	22	1.05	0.95				
	207	2	78.19140561403509	15.638281122807019	0.0	0.0	2	0.9867585475169126	-28.610730068491566	138.0	22	1.05	0.95				
	208	1	106.96584288	21.893593571929824	0.0	0.0	2	0.9864783374987225	-25.58347524245736	138.0	22	1.05	0.95				
	209	1	109.46796785964912	22.51912481684211	0.0	0.0	2	1.0241280622405065	-16.098529642700406	138.0	23	1.05	0.95				
	210	1	121.97859275789473	25.02124979649123	0.0	0.0	2	1.05	-17.713123540190693	138.0	23	1.05	0.95				
	211	1	0.0	0.0	0.0	0.0	2	1.0181481653210973	-12.243616419302018	230.0	23	1.05	0.95				
	212	1	0.0	0.0	0.0	0.0	2	1.017030039616716	-10.04307997420264	230.0	23	1.05	0.95				
	213	2	165.76577990175437	33.77868722526316	0.0	0.0	2	1.021985198845892	-10.264867517280345	230.0	24	1.05	0.95				
	214	2	121.35306151298246	24.39571855157895	0.0	0.0	2	1.0279224509213651	-9.353356096307134	230.0	26	1.05	0.95				
	215	2	198.293404637193	40.03399967438597	0.0	0.0	2	1.0377798481600968	-1.059112093657689	230.0	26	1.05	0.95				
	216	2	62.553124491228075	12.510624898245615	0.0	0.0	2	1.0400434196213098	-1.4266785004286855	230.0	26	1.05	0.95				
	217	1	0.0	0.0	0.0	0.0	2	1.041333117150668	1.206326884385326	230.0	27	1.05	0.95				
	218	2	208.3019045557895	42.5361246540351	0.0	0.0	2	1.0415887929511298	1.0980783294534262	230.0	27	1.05	0.95				
	219	1	113.22115532912282	23.144656061754386	0.0	0.0	2	1.0401288516484704	-1.508675788979229	230.0	25	1.05	0.95				
	220	1	80.06799934877193	16.2638123677193	0.0	0.0	2	1.0453415283217138	-0.40138586261319964	230.0	25	1.05	0.95				
	221	2	0.0	0.0	0.0	0.0	2	1.042200289973807	1.1570535573437601	230.0	27	1.05	0.95				
	222	2	0.0	0.0	0.0	0.0	2	1.05	7.68105451993355	230.0	27	1.05	0.95				
	223	2	0.0	0.0	0.0	0.0	2	1.05	0.659007475364378	230.0	25	1.05	0.95				
	224	1	0.0	0.0	0.0	0.0	2	1.013241996434462	-5.8037946531101055	230.0	26	1.05	0.95				
	301	2	56.86997786526317	11.584625120701753	0.0	0.0	3	1.0051804299525917	-7.844572633334015	138.0	31	1.05	0.95				
	302	2	51.07766530491228	10.53147738245614	0.0	0.0	3	1.0047602660975523	-7.945608548105177	138.0	32	1.05	0.95				
	303	1	94.78329644210527	19.483233157543857	0.0	0.0	3	1.0219973388613925	-2.804164268697094	138.0	31	1.05	0.95				
	304	1	38.966466315087715	7.898608036842105	0.0	0.0	3	1.0067011546510973	-6.276273057728878	138.0	31	1.05	0.95				
	305	1	37.386744707719295	7.372034167719299	0.0	0.0	3	1.0201682127935214	-6.634934195850372	138.0	31	1.05	0.95				
	306	1	71.61404620070176	14.744068335438598	0.0	-100.0	3	1.03661618198424	-6.564283865568808	138.0	32	1.05	0.95				
	307	2	65.82173364035087	13.164346728070175	0.0	0.0	3	0.9931517001193051	-12.015234318674707	138.0	32	1.05	0.95				
	308	1	90.04413162	18.430085419298244	0.0	0.0	3	0.9977126068372968	-9.588329960734576	138.0	32	1.05	0.95				
	309	1	92.15042709649123	18.95665928842105	0.0	0.0	3	1.0259326658432582	-2.75858994136044	138.0	33	1.05	0.95				
	310	1	102.68190447894736	21.06295476491228	0.0	0.0	3	1.05	-3.7370306251543903	138.0	33	1.05	0.95				
	311	1	0.0	0.0	0.0	0.0	3	1.0114314457723843	2.383454541073521	230.0	33	1.05	0.95				
	312	1	0.0	0.0	0.0	0.0	3	1.014091398242088	2.8428025194234077	230.0	33	1.05	0.95				
	313	2	139.54207531754386	28.434988932631583	0.0	0.0	3	1.0184132952186227	7.031776638815557	230.0	34	1.05	0.95				
	314	2	102.15533060982456	20.536380895789474	0.0	0.0	3	1.0156946807166172	3.9743121795224776	230.0	36	1.05	0.95				
	315	2	166.9239165119298	33.70072762385965	0.0	0.0	3	1.039238304113544	4.992663330150599	230.0	36	1.05	0.95				
	316	2	52.6573869122807	10.53147738245614	0.0	0.0	3	1.0382412614307337	5.686842984160273	230.0	36	1.05	0.95				
	317	1	0.0	0.0	0.0	0.0	3	1.0499999800467315	9.104888122830992	230.0	37	1.05	0.95				
	318	2	175.34909841789474	35.80702310035088	0.0	0.0	3	1.0474507547290992	6.925696902968774	230.0	37	1.05	0.95				
	319	1	95.30987031122807	19.483233157543857	0.0	0.0	3	1.033786561923419	6.132507235844044	230.0	35	1.05	0.95				
	320	1	67.4014552477193	13.690920597192981	0.0	0.0	3	1.0313024367596841	6.437509865888443	230.0	35	1.05	0.95				
	321	2	0.0	0.0	0.0	0.0	3	1.0456164335628697	6.901810688449894	230.0	37	1.05	0.95				
	322	2	0.0	0.0	0.0	0.0	3	1.05	12.108709718044683	230.0	37	1.05	0.95				
	323	2	0.0	0.0	0.0	0.0	3	1.0302408373016627	6.711352433056749	230.0	35	1.05	0.95				
	324	1	0.0	0.0	0.0	0.0	3	1.024751166586045	3.4890248015966465	230.0	36	1.05	0.95				
	325	1	0.0	0.0	0.0	0.0	3	1.0311616645166428	7.260219842718742	230.0	35	1.05	0.95				
];
