%% MATPOWER Case Format : Version 2
function mpc = RTS_GMLC
mpc.version = '2';

%%-----  Power Flow Data  -----%%
%% system MVA base
mpc.baseMVA = 100.0;
%% bus data
%    bus_i    type    Pd    Qd    Gs    Bs    area    Vm    Va    baseKV    zone    Vmax    Vmin
mpc.bus = [
	101	2	57.86095990736841	11.786491832982456	0.0	0.0	1	1.0305880148563327	-0.5827750333050934	138.0	11	1.05	0.95				
	102	2	51.967713990877186	10.714992575438597	0.0	0.0	1	1.0295203811916263	-0.9065249853259548	138.0	12	1.05	0.95				
	103	1	96.43493317894736	19.822736264561403	0.0	0.0	1	1.0230477206359463	0.6705839283527065	138.0	11	1.05	0.95				
	104	1	39.645472529122806	8.036244431578947	0.0	0.0	1	1.01735453867323	-3.5000582274566034	138.0	11	1.05	0.95				
	105	1	38.03822364280701	7.500494802807017	0.0	0.0	1	1.0330876644208382	-3.570596487457997	138.0	11	1.05	0.95				
	106	1	72.86194951298246	15.000989605614034	0.0	-100.0	1	1.0416879211548267	-5.814480574645937	138.0	12	1.05	0.95				
	107	2	66.96870359649122	13.393740719298245	0.0	0.0	1	0.9978807775783047	-12.257197416512886	138.0	12	1.05	0.95				
	108	1	91.61318651999999	18.75123700701754	0.0	0.0	1	0.998393491242117	-10.500726766919932	138.0	12	1.05	0.95				
	109	1	93.75618503508771	19.28698663578947	0.0	0.0	1	1.023721592138633	-3.438623460268035	138.0	13	1.05	0.95				
	110	1	104.47117761052631	21.429985150877194	0.0	0.0	1	1.05	-4.900403337065128	138.0	13	1.05	0.95				
	111	1	0.0	0.0	0.0	0.0	1	1.0119932418840434	-0.38694049390600455	230.0	13	1.05	0.95				
	112	1	0.0	0.0	0.0	0.0	1	1.0125092510064635	-1.0673759618102523	230.0	13	1.05	0.95				
	113	3	141.9736516245614	28.930479953684205	0.0	0.0	1	1.0061166287255647	-4.278846339208537e-31	230.0	14	1.05	0.95				
	114	2	103.93542798175437	20.894235522105262	0.0	0.0	1	1.0215672606868205	3.0850318511850574	230.0	16	1.05	0.95				
	115	2	169.83263232070175	34.287976241403506	0.0	0.0	1	1.0378728143956548	13.101343311737772	230.0	16	1.05	0.95				
	116	2	53.57496287719298	10.714992575438597	0.0	0.0	1	1.0340874601423977	11.29640617872759	230.0	16	1.05	0.95				
	117	1	0.0	0.0	0.0	0.0	1	1.0391290217845963	17.349573600040973	230.0	17	1.05	0.95				
	118	2	178.40462638105262	36.43097475649123	0.0	0.0	1	1.05	18.109255143771644	230.0	17	1.05	0.95				
	119	1	96.97068280771929	19.822736264561403	0.0	0.0	1	1.025824917673905	7.362015616436164	230.0	15	1.05	0.95				
	120	1	68.57595248280701	13.929490348070175	0.0	0.0	1	1.0260157492143593	4.96096750977953	230.0	15	1.05	0.95				
	121	2	0.0	0.0	0.0	0.0	1	1.05	20.107061118495164	230.0	17	1.05	0.95				
	122	2	0.0	0.0	0.0	0.0	1	1.05	36.11066049317345	230.0	17	1.05	0.95				
	123	2	0.0	0.0	0.0	0.0	1	1.0275222106324688	4.05037749341423	230.0	15	1.05	0.95				
	124	1	0.0	0.0	0.0	0.0	1	1.0167413919404633	8.461646865062654	230.0	16	1.05	0.95				
	201	2	50.31953408842106	10.250275462456141	0.0	0.0	2	1.0130709802755649	-13.365212450717886	138.0	21	1.05	0.95				
	202	2	45.194396357192986	9.318432238596492	0.0	0.0	2	1.0127845903122852	-13.485540300584178	138.0	22	1.05	0.95				
	203	1	83.86589014736843	17.239099641403506	0.0	0.0	2	1.0155043510493813	-10.55428828383705	138.0	21	1.05	0.95				
	204	1	34.47819928280701	6.988824178947368	0.0	0.0	2	1.011623053181141	-13.50931216972989	138.0	21	1.05	0.95				
	205	1	33.080434447017545	6.522902567017544	0.0	0.0	2	1.0257760943071144	-13.901701424725065	138.0	21	1.05	0.95				
	206	1	63.36533922245614	13.045805134035088	0.0	-100.0	2	1.0405206765860715	-14.71526129023632	138.0	22	1.05	0.95				
	207	2	58.24020149122807	11.648040298245615	0.0	0.0	2	0.9904156271057941	-20.68837127320557	138.0	22	1.05	0.95				
	208	1	79.67259564	16.307256417543858	0.0	0.0	2	0.9960803541467045	-18.557698854721135	138.0	22	1.05	0.95				
	209	1	81.5362820877193	16.773178029473684	0.0	0.0	2	1.0243647715699724	-11.602625138869884	138.0	23	1.05	0.95				
	210	1	90.85471432631579	18.636864477192983	0.0	0.0	2	1.05	-12.940553854981479	138.0	23	1.05	0.95				
	211	1	0.0	0.0	0.0	0.0	2	1.0104044368018659	-8.086148670345157	230.0	23	1.05	0.95				
	212	1	0.0	0.0	0.0	0.0	2	1.012535513927479	-6.618611823300341	230.0	23	1.05	0.95				
	213	2	123.46922716140352	25.15976704421053	0.0	0.0	2	1.0120114066814796	-5.936342303073513	230.0	24	1.05	0.95				
	214	2	90.38879271438597	18.17094286526316	0.0	0.0	2	1.0124493906353802	-5.717635448542026	230.0	26	1.05	0.95				
	215	2	147.6971509817544	29.818983163508772	0.0	0.0	2	1.0299343549511724	0.10053627899071206	230.0	26	1.05	0.95				
	216	2	46.59216119298246	9.318432238596492	0.0	0.0	2	1.0326642934788461	0.4294368789792603	230.0	26	1.05	0.95				
	217	1	0.0	0.0	0.0	0.0	2	1.0347854150960127	1.6605559904878047	230.0	27	1.05	0.95				
	218	2	155.1518967726316	31.68266961122807	0.0	0.0	2	1.033290487244417	1.0311256081879858	230.0	27	1.05	0.95				
	219	1	84.33181175929825	17.239099641403506	0.0	0.0	2	1.0369256608387813	1.5917881391878252	230.0	25	1.05	0.95				
	220	1	59.637966327017544	12.113961910175439	0.0	0.0	2	1.0444099010387349	3.4766933611608906	230.0	25	1.05	0.95				
	221	2	0.0	0.0	0.0	0.0	2	1.0348821536436872	1.5255206076969812	230.0	27	1.05	0.95				
	222	2	0.0	0.0	0.0	0.0	2	1.05	8.076081575406395	230.0	27	1.05	0.95				
	223	2	0.0	0.0	0.0	0.0	2	1.05	4.8434417160246	230.0	25	1.05	0.95				
	224	1	0.0	0.0	0.0	0.0	2	1.01137673857013	-3.874886185728947	230.0	26	1.05	0.95				
	301	2	41.665928513684214	8.487503956491228	0.0	0.0	3	1.009968255524357	19.113547426254407	138.0	31	1.05	0.95				
	302	2	37.422176535438595	7.7159126877193	0.0	0.0	3	1.009954593158147	18.79882668047852	138.0	32	1.05	0.95				
	303	1	69.4432141894737	14.274438472280702	0.0	0.0	3	1.0476544630841285	31.695222817031155	138.0	31	1.05	0.95				
	304	1	28.548876944561403	5.786934515789474	0.0	0.0	3	1.0119942876757329	20.00966405455241	138.0	31	1.05	0.95				
	305	1	27.39149004140351	5.40113888140351	0.0	0.0	3	1.0252494843927649	17.70363489850538	138.0	31	1.05	0.95				
	306	1	52.46820627649124	10.80227776280702	0.0	-100.0	3	1.0419353211341464	16.44165248573804	138.0	32	1.05	0.95				
	307	2	48.22445429824562	9.644890859649124	0.0	0.0	3	0.9685745334800946	13.417358054334658	138.0	32	1.05	0.95				
	308	1	65.97105348	13.502847203508772	0.0	0.0	3	0.9865554380130189	15.034870707215736	138.0	32	1.05	0.95				
	309	1	67.51423601754387	13.888642837894738	0.0	0.0	3	1.0251845415955594	22.588003609658017	138.0	33	1.05	0.95				
	310	1	75.23014870526316	15.4318253754386	0.0	0.0	3	1.05	17.54383996588868	138.0	33	1.05	0.95				
	311	1	0.0	0.0	0.0	0.0	3	1.0110599567683496	20.880058644904842	230.0	33	1.05	0.95				
	312	1	0.0	0.0	0.0	0.0	3	1.0176683766723633	21.193719816239525	230.0	33	1.05	0.95				
	313	2	102.2358431122807	20.832964256842107	0.0	0.0	3	1.014996241786531	22.855172072093534	230.0	34	1.05	0.95				
	314	2	74.84435307087719	15.046029741052633	0.0	0.0	3	1.0031398922641945	20.048140285689048	230.0	36	1.05	0.95				
	315	2	122.29721610035087	24.690920600701755	0.0	0.0	3	1.0410466189783585	21.59000856045094	230.0	36	1.05	0.95				
	316	2	38.579563438596495	7.7159126877193	0.0	0.0	3	1.0300622002864428	21.17705852255271	230.0	36	1.05	0.95				
	317	1	0.0	0.0	0.0	0.0	3	1.0488170312149765	23.79380447067863	230.0	37	1.05	0.95				
	318	2	128.46994625052633	26.23410313824562	0.0	0.0	3	1.05	21.33097641814204	230.0	37	1.05	0.95				
	319	1	69.82900982385965	14.274438472280702	0.0	0.0	3	1.025307123064113	20.312772336737414	230.0	35	1.05	0.95				
	320	1	49.38184120140351	10.03068649403509	0.0	0.0	3	1.0236318386002086	20.314203122284734	230.0	35	1.05	0.95				
	321	2	0.0	0.0	0.0	0.0	3	1.0473913980395861	22.041615891103792	230.0	37	1.05	0.95				
	322	2	0.0	0.0	0.0	0.0	3	1.05	27.071747026975096	230.0	37	1.05	0.95				
	323	2	0.0	0.0	0.0	0.0	3	1.0230724542371565	20.615621422984127	230.0	35	1.05	0.95				
	324	1	0.0	0.0	0.0	0.0	3	1.0404085436963602	25.45674515720191	230.0	36	1.05	0.95				
	325	1	0.0	0.0	0.0	0.0	3	1.0262738499212731	20.585726617357672	230.0	35	1.05	0.95				
];
