%% MATPOWER Case Format : Version 2
function mpc = RTS_GMLC
mpc.version = '2';

%%-----  Power Flow Data  -----%%
%% system MVA base
mpc.baseMVA = 100.0;
%% bus data
%    bus_i    type    Pd    Qd    Gs    Bs    area    Vm    Va    baseKV    zone    Vmax    Vmin
mpc.bus = [
	101	2	84.5536863031579	17.223899061754388	0.0	0.0	1	1.0422926376653763	-1.9607474561731542	138.0	11	1.05	0.95				
	102	2	75.9417367722807	15.658090056140352	0.0	0.0	1	1.0420350865897106	-2.080012085614313	138.0	12	1.05	0.95				
	103	1	140.9228105052632	28.967466603859656	0.0	0.0	1	1.0220005097712255	-3.2611161293684487	138.0	11	1.05	0.95				
	104	1	57.93493320771931	11.743567542105264	0.0	0.0	1	1.0212870265977543	-5.088041485279807	138.0	11	1.05	0.95				
	105	1	55.58621969929825	10.960663039298248	0.0	0.0	1	1.035555163454893	-5.354923158723358	138.0	11	1.05	0.95				
	106	1	106.47501238175441	21.921326078596497	0.0	-100.0	1	1.0372639889536246	-7.982116430525212	138.0	12	1.05	0.95				
	107	2	97.8630628508772	19.57261257017544	0.0	0.0	1	1.0435334323722767	-3.708090667987702	138.0	12	1.05	0.95				
	108	1	133.87666998	27.401657598245617	0.0	0.0	1	1.0206887897995025	-6.971671563667858	138.0	12	1.05	0.95				
	109	1	137.0082879912281	28.184562101052634	0.0	0.0	1	1.0267963268963511	-4.994189353392126	138.0	13	1.05	0.95				
	110	1	152.66637804736843	31.316180112280705	0.0	0.0	1	1.05	-6.367329924535254	138.0	13	1.05	0.95				
	111	1	0.0	0.0	0.0	0.0	1	1.0145123623710641	-2.167613896473866	230.0	13	1.05	0.95				
	112	1	0.0	0.0	0.0	0.0	1	1.0162484251217734	-1.318922959327161	230.0	13	1.05	0.95				
	113	3	207.46969324385964	42.27684315157895	0.0	0.0	1	1.01554034424889	4.0387436010056297e-29	230.0	14	1.05	0.95				
	114	2	151.8834735445614	30.533275609473687	0.0	0.0	1	1.0176341740550592	-0.5113484410878212	230.0	16	1.05	0.95				
	115	2	248.18072738982457	50.10588817964913	0.0	0.0	1	1.0443617929741025	7.103275204200134	230.0	16	1.05	0.95				
	116	2	78.29045028070176	15.658090056140352	0.0	0.0	1	1.0424800102721794	6.583445809928313	230.0	16	1.05	0.95				
	117	1	0.0	0.0	0.0	0.0	1	1.0462846844252136	9.836797746930504	230.0	17	1.05	0.95				
	118	2	260.7071994347369	53.237506190877205	0.0	0.0	1	1.0488850518292454	10.420862737487036	230.0	17	1.05	0.95				
	119	1	141.7057150080702	28.967466603859656	0.0	0.0	1	1.0351107838242706	5.2116707529000195	230.0	15	1.05	0.95				
	120	1	100.21177635929826	20.355517072982458	0.0	0.0	1	1.0355984890993248	5.376464483429708	230.0	15	1.05	0.95				
	121	2	0.0	0.0	0.0	0.0	1	1.05	11.300240940498734	230.0	17	1.05	0.95				
	122	2	0.0	0.0	0.0	0.0	1	1.05	18.65690323293727	230.0	17	1.05	0.95				
	123	2	0.0	0.0	0.0	0.0	1	1.0381034442262342	6.04909359532498	230.0	15	1.05	0.95				
	124	1	0.0	0.0	0.0	0.0	1	1.0230165703625151	3.2664380179581016	230.0	16	1.05	0.95				
	201	2	68.73036362526315	14.000629627368422	0.0	0.0	2	1.034078929374534	-7.473360084715658	138.0	21	1.05	0.95				
	202	2	61.73004881157894	12.727845115789474	0.0	0.0	2	1.0342214764815019	-7.518884514057882	138.0	22	1.05	0.95				
	203	1	114.55060604210527	23.546513464210523	0.0	0.0	2	1.027343476840524	-6.262600296677033	138.0	21	1.05	0.95				
	204	1	47.09302692842105	9.545883836842105	0.0	0.0	2	1.018937508985539	-9.440448556417017	138.0	21	1.05	0.95				
	205	1	45.18385016105263	8.909491581052633	0.0	0.0	2	1.0339448482064388	-9.671327164158313	138.0	21	1.05	0.95				
	206	1	86.54934678736844	17.818983162105265	0.0	-100.0	2	1.0403297579071138	-11.50227359620216	138.0	22	1.05	0.95				
	207	2	79.54903197368421	15.909806394736842	0.0	0.0	2	0.985464166281611	-21.062121403930774	138.0	22	1.05	0.95				
	208	1	108.82307573999998	22.27372895263158	0.0	0.0	2	0.9856189525264765	-17.981906347056285	138.0	22	1.05	0.95				
	209	1	111.36864476315789	22.910121208421053	0.0	0.0	2	1.0259991562118365	-8.435740229434666	138.0	23	1.05	0.95				
	210	1	124.09648987894737	25.45569023157895	0.0	0.0	2	1.05	-9.892468448403267	138.0	23	1.05	0.95				
	211	1	0.0	0.0	0.0	0.0	2	1.015074651988321	-5.470329403165779	230.0	23	1.05	0.95				
	212	1	0.0	0.0	0.0	0.0	2	1.018044171809244	-1.8564911905959993	230.0	23	1.05	0.95				
	213	2	168.64394778421052	34.365181812631576	0.0	0.0	2	1.015471853510617	-3.467621489304742	230.0	24	1.05	0.95				
	214	2	123.46009762315788	24.81929797578947	0.0	0.0	2	1.0202818968775644	-3.5012421864365773	230.0	26	1.05	0.95				
	215	2	201.73634508526317	40.729104370526315	0.0	0.0	2	1.0377248407202764	3.08004295201545	230.0	26	1.05	0.95				
	216	2	63.63922557894737	12.727845115789474	0.0	0.0	2	1.0384421386177403	3.167038933295157	230.0	26	1.05	0.95				
	217	1	0.0	0.0	0.0	0.0	2	1.0428448701700679	5.618161603842317	230.0	27	1.05	0.95				
	218	2	211.91862117789472	43.27467339368422	0.0	0.0	2	1.043757649030537	5.990716688935248	230.0	27	1.05	0.95				
	219	1	115.18699829789473	23.546513464210523	0.0	0.0	2	1.0363409769771688	2.970951797338497	230.0	25	1.05	0.95				
	220	1	81.45820874105263	16.546198650526318	0.0	0.0	2	1.0398024086679525	4.009256851918873	230.0	25	1.05	0.95				
	221	2	0.0	0.0	0.0	0.0	2	1.0435179588379575	5.778182329657346	230.0	27	1.05	0.95				
	222	2	0.0	0.0	0.0	0.0	2	1.05	12.221372477615759	230.0	27	1.05	0.95				
	223	2	0.0	0.0	0.0	0.0	2	1.0435393570474096	5.047059690929705	230.0	25	1.05	0.95				
	224	1	0.0	0.0	0.0	0.0	2	1.0221541402182424	-0.4180300128026523	230.0	26	1.05	0.95				
	301	2	66.8807339494737	13.623853211929827	0.0	0.0	3	1.0081264560650165	-11.553908427134111	138.0	31	1.05	0.95				
	302	2	60.06880734350878	12.385321101754387	0.0	0.0	3	1.007402661390609	-11.734179630004046	138.0	32	1.05	0.95				
	303	1	111.46788991578948	22.912844038245616	0.0	0.0	3	1.0297299174887238	-3.5999123582038277	138.0	31	1.05	0.95				
	304	1	45.82568807649123	9.288990826315791	0.0	0.0	3	1.0060695927562568	-9.908350083459183	138.0	31	1.05	0.95				
	305	1	43.96788991122808	8.669724771228072	0.0	0.0	3	1.020342753528149	-10.482802153181252	138.0	31	1.05	0.95				
	306	1	84.22018349192984	17.339449542456144	0.0	-100.0	3	1.0344947940920641	-10.574820359573522	138.0	32	1.05	0.95				
	307	2	77.40825688596492	15.481651377192984	0.0	0.0	3	0.9942523226782439	-16.69808404674298	138.0	32	1.05	0.95				
	308	1	105.89449542	21.67431192807018	0.0	0.0	3	0.9959992772360595	-13.78376935990058	138.0	32	1.05	0.95				
	309	1	108.3715596403509	22.293577983157896	0.0	0.0	3	1.026576442412295	-5.886375912693857	138.0	33	1.05	0.95				
	310	1	120.75688074210527	24.770642203508775	0.0	0.0	3	1.05	-7.425068195986904	138.0	33	1.05	0.95				
	311	1	0.0	0.0	0.0	0.0	3	1.0152885996929704	-0.7176080321018569	230.0	33	1.05	0.95				
	312	1	0.0	0.0	0.0	0.0	3	1.0176428235174986	-0.08634575349608035	230.0	33	1.05	0.95				
	313	2	164.10550459824563	33.44036697473685	0.0	0.0	3	1.028083815947838	4.589235385009622	230.0	34	1.05	0.95				
	314	2	120.13761468701756	24.151376148421054	0.0	0.0	3	1.019989506141948	0.5373644818847373	230.0	36	1.05	0.95				
	315	2	196.30733946280702	39.63302752561404	0.0	0.0	3	1.0372693614899893	1.7304176589630995	230.0	36	1.05	0.95				
	316	2	61.926605508771935	12.385321101754387	0.0	0.0	3	1.0349632651912428	1.9166208365380877	230.0	36	1.05	0.95				
	317	1	0.0	0.0	0.0	0.0	3	1.0408831408941266	3.4972379803006675	230.0	37	1.05	0.95				
	318	2	206.21559634421055	42.11009174596492	0.0	0.0	3	1.040540297766528	3.2843918029993997	230.0	37	1.05	0.95				
	319	1	112.08715597087722	22.912844038245616	0.0	0.0	3	1.030662067505019	1.7752879466049918	230.0	35	1.05	0.95				
	320	1	79.26605505122808	16.100917432280703	0.0	0.0	3	1.0312745564243238	2.531228331059273	230.0	35	1.05	0.95				
	321	2	0.0	0.0	0.0	0.0	3	1.0431634202160194	4.282435733828557	230.0	37	1.05	0.95				
	322	2	0.0	0.0	0.0	0.0	3	1.05	8.29784111579854	230.0	37	1.05	0.95				
	323	2	0.0	0.0	0.0	0.0	3	1.0326420110006667	3.179371349043262	230.0	35	1.05	0.95				
	324	1	0.0	0.0	0.0	0.0	3	1.028959947998998	1.2664277427787085	230.0	36	1.05	0.95				
	325	1	0.0	0.0	0.0	0.0	3	1.0327468611073527	3.8729085176435722	230.0	35	1.05	0.95				
];
