%% MATPOWER Case Format : Version 2
function mpc = RTS_GMLC
mpc.version = '2';

%%-----  Power Flow Data  -----%%
%% system MVA base
mpc.baseMVA = 100.0;
%% bus data
%    bus_i    type    Pd    Qd    Gs    Bs    area    Vm    Va    baseKV    zone    Vmax    Vmin
mpc.bus = [
	101	2	54.06679860631579	11.013607123508772	0.0	0.0	1	1.0286393843919162	0.7042385733993227	138.0	11	1.05	0.95				
	102	2	48.559995044561404	10.012370112280703	0.0	0.0	1	1.0275645711781587	0.37113292603213077	138.0	12	1.05	0.95				
	103	1	90.11133101052631	18.522884707719296	0.0	0.0	1	1.0229447411819272	2.0384073193259225	138.0	11	1.05	0.95				
	104	1	37.04576941543859	7.509277584210526	0.0	0.0	1	1.0168311954154041	-2.4175709795227185	138.0	11	1.05	0.95				
	105	1	35.54391389859649	7.008659078596493	0.0	0.0	1	1.032405104298754	-2.483870226166988	138.0	11	1.05	0.95				
	106	1	68.08411676350877	14.017318157192985	0.0	-100.0	1	1.0420645019633146	-4.808748939226287	138.0	12	1.05	0.95				
	107	2	62.57731320175439	12.515462640350878	0.0	0.0	1	0.9970787524923078	-12.287838265175822	138.0	12	1.05	0.95				
	108	1	85.60576446	17.52164769649123	0.0	0.0	1	0.9983667624055508	-10.065390983339245	138.0	12	1.05	0.95				
	109	1	87.60823848245613	18.022266202105264	0.0	0.0	1	1.023294808433864	-2.652305042201365	138.0	13	1.05	0.95				
	110	1	97.62060859473684	20.024740224561405	0.0	0.0	1	1.05	-4.120150376810731	138.0	13	1.05	0.95				
	111	1	0.0	0.0	0.0	0.0	1	1.0118814135924645	0.2328486527813737	230.0	13	1.05	0.95				
	112	1	0.0	0.0	0.0	0.0	1	1.0125997468314236	-0.8628353628698553	230.0	13	1.05	0.95				
	113	3	132.6639039877193	27.033399303157896	0.0	0.0	1	1.0044815143598849	2.38576826797026e-31	230.0	14	1.05	0.95				
	114	2	97.11999008912281	19.524121718947367	0.0	0.0	1	1.0227722392523908	4.072500181468551	230.0	16	1.05	0.95				
	115	2	158.69606627964913	32.039584359298246	0.0	0.0	1	1.0365192617100518	14.731084868475698	230.0	16	1.05	0.95				
	116	2	50.06185056140351	10.012370112280703	0.0	0.0	1	1.0319564954962308	12.61761253891756	230.0	16	1.05	0.95				
	117	1	0.0	0.0	0.0	0.0	1	1.0373020856155126	19.21183796006705	230.0	17	1.05	0.95				
	118	2	166.7059623694737	34.04205838175439	0.0	0.0	1	1.05	20.063966089140965	230.0	17	1.05	0.95				
	119	1	90.61194951614036	18.522884707719296	0.0	0.0	1	1.0233109638627997	7.87199569689091	230.0	15	1.05	0.95				
	120	1	64.07916871859649	13.016081145964915	0.0	0.0	1	1.0244721022442975	4.700440602408354	230.0	15	1.05	0.95				
	121	2	0.0	0.0	0.0	0.0	1	1.05	22.078048587098216	230.0	17	1.05	0.95				
	122	2	0.0	0.0	0.0	0.0	1	1.05	39.44153379364165	230.0	17	1.05	0.95				
	123	2	0.0	0.0	0.0	0.0	1	1.0267963732065886	3.3437537303041216	230.0	15	1.05	0.95				
	124	1	0.0	0.0	0.0	0.0	1	1.0155114742820448	9.98792646917757	230.0	16	1.05	0.95				
	201	2	51.866519759999996	10.565402173333332	0.0	0.0	2	1.0100758880680687	-16.82142121675941	138.0	21	1.05	0.95				
	202	2	46.583818673333326	9.604911066666666	0.0	0.0	2	1.009214643973215	-17.114695571467184	138.0	22	1.05	0.95				
	203	1	86.44419959999999	17.76908547333333	0.0	0.0	2	1.0140844362453174	-12.231342304813962	138.0	21	1.05	0.95				
	204	1	35.53817094666666	7.2036833	0.0	0.0	2	1.0093177159316444	-16.386213484135794	138.0	21	1.05	0.95				
	205	1	34.09743428666666	6.723437746666666	0.0	0.0	2	1.0239592756865876	-16.90554450010569	138.0	21	1.05	0.95				
	206	1	65.31339525333333	13.446875493333332	0.0	-100.0	2	1.0392610446766601	-17.529894109074323	138.0	22	1.05	0.95				
	207	2	60.03069416666666	12.006138833333333	0.0	0.0	2	0.9917895774862886	-23.35025831996281	138.0	22	1.05	0.95				
	208	1	82.12198962	16.808594366666664	0.0	0.0	2	0.9961966029886337	-21.1353209726943	138.0	22	1.05	0.95				
	209	1	84.04297183333333	17.288839919999997	0.0	0.0	2	1.0241775166960578	-13.809542397143824	138.0	23	1.05	0.95				
	210	1	93.64788289999998	19.209822133333333	0.0	0.0	2	1.05	-15.444269461464767	138.0	23	1.05	0.95				
	211	1	0.0	0.0	0.0	0.0	2	1.012753607262124	-10.055462576887141	230.0	23	1.05	0.95				
	212	1	0.0	0.0	0.0	0.0	2	1.0128524350687902	-8.571570480011198	230.0	23	1.05	0.95				
	213	2	127.26507163333332	25.933259879999998	0.0	0.0	2	1.0160021224642088	-7.7996034533166885	230.0	24	1.05	0.95				
	214	2	93.16763734666665	18.72957658	0.0	0.0	2	1.0172959301975457	-7.427298430020161	230.0	26	1.05	0.95				
	215	2	152.23784040666666	30.73571541333333	0.0	0.0	2	1.030516288441328	-1.0102398612715195	230.0	26	1.05	0.95				
	216	2	48.02455533333333	9.604911066666666	0.0	0.0	2	1.0335872231781822	-0.7967588998754017	230.0	26	1.05	0.95				
	217	1	0.0	0.0	0.0	0.0	2	1.0351203713583432	0.5353018896153745	230.0	27	1.05	0.95				
	218	2	159.92176926	32.65669762666666	0.0	0.0	2	1.033658108628372	-0.11613701766994802	230.0	27	1.05	0.95				
	219	1	86.92444515333332	17.76908547333333	0.0	0.0	2	1.0373190830711763	0.3400135632135203	230.0	25	1.05	0.95				
	220	1	61.47143082666666	12.486384386666666	0.0	0.0	2	1.0445022202099408	2.229915501670091	230.0	25	1.05	0.95				
	221	2	0.0	0.0	0.0	0.0	2	1.0352720939473514	0.39098834922052805	230.0	27	1.05	0.95				
	222	2	0.0	0.0	0.0	0.0	2	1.05	6.945571552816022	230.0	27	1.05	0.95				
	223	2	0.0	0.0	0.0	0.0	2	1.05	3.610089983955506	230.0	25	1.05	0.95				
	224	1	0.0	0.0	0.0	0.0	2	1.0104930091950814	-5.189837186369016	230.0	26	1.05	0.95				
	301	2	39.27428029894737	8.000316357192983	0.0	0.0	3	1.0144614297942058	18.54595984593369	138.0	31	1.05	0.95				
	302	2	35.274122120350874	7.273014870175438	0.0	0.0	3	1.0143051404394543	18.316256430886718	138.0	32	1.05	0.95				
	303	1	65.45713383157896	13.455077509824562	0.0	0.0	3	1.0437690948592426	28.203288959160876	138.0	31	1.05	0.95				
	304	1	26.910155019649125	5.454761152631579	0.0	0.0	3	1.0152435925015364	19.577104832763975	138.0	31	1.05	0.95				
	305	1	25.8192027891228	5.091110409122807	0.0	0.0	3	1.027937260441531	17.713183353650248	138.0	31	1.05	0.95				
	306	1	49.456501117192985	10.182220818245614	0.0	-100.0	3	1.0437770956880685	16.79425826994734	138.0	32	1.05	0.95				
	307	2	45.45634293859649	9.091268587719298	0.0	0.0	3	0.9559603515461355	14.021054988253574	138.0	32	1.05	0.95				
	308	1	62.18427714	12.727776022807017	0.0	0.0	3	0.980631908966387	15.459170194368893	138.0	32	1.05	0.95				
	309	1	63.63888011403509	13.09142676631579	0.0	0.0	3	1.0266778241025258	22.102717720720342	138.0	33	1.05	0.95				
	310	1	70.91189498421052	14.546029740350876	0.0	0.0	3	1.05	18.0521701835512	138.0	33	1.05	0.95				
	311	1	0.0	0.0	0.0	0.0	3	1.0081499735461317	21.708628990329693	230.0	33	1.05	0.95				
	312	1	0.0	0.0	0.0	0.0	3	1.01557772311825	21.893005499125668	230.0	33	1.05	0.95				
	313	2	96.36744702982455	19.637140149473684	0.0	0.0	3	1.0123699148020773	23.88196752685254	230.0	34	1.05	0.95				
	314	2	70.54824424070175	14.182378996842104	0.0	0.0	3	0.9977027806937391	21.543447741332265	230.0	36	1.05	0.95				
	315	2	115.27728569228069	23.273647584561402	0.0	0.0	3	1.0282578428076383	23.610206051019954	230.0	36	1.05	0.95				
	316	2	36.365074350877194	7.273014870175438	0.0	0.0	3	1.0202957255235	23.473571440406666	230.0	36	1.05	0.95				
	317	1	0.0	0.0	0.0	0.0	3	1.0456840888195078	27.08017586071311	230.0	37	1.05	0.95				
	318	2	121.09569758842105	24.728250558596493	0.0	0.0	3	1.0480955300794506	23.937555036662747	230.0	37	1.05	0.95				
	319	1	65.82078457508771	13.455077509824562	0.0	0.0	3	1.0179344502433403	22.35941578490111	230.0	35	1.05	0.95				
	320	1	46.547295169122805	9.454919331228071	0.0	0.0	3	1.0182233767332256	22.113283060614194	230.0	35	1.05	0.95				
	321	2	0.0	0.0	0.0	0.0	3	1.044510626350059	24.474189513549245	230.0	37	1.05	0.95				
	322	2	0.0	0.0	0.0	0.0	3	1.05	29.830343234656397	230.0	37	1.05	0.95				
	323	2	0.0	0.0	0.0	0.0	3	1.0186265686141687	22.263805053010785	230.0	35	1.05	0.95				
	324	1	0.0	0.0	0.0	0.0	3	1.0314671328930316	25.365862139126857	230.0	36	1.05	0.95				
	325	1	0.0	0.0	0.0	0.0	3	1.0221439413158522	22.26399891965694	230.0	35	1.05	0.95				
];
