%% MATPOWER Case Format : Version 2
function mpc = RTS_GMLC
mpc.version = '2';

%%-----  Power Flow Data  -----%%
%% system MVA base
mpc.baseMVA = 100.0;
%% bus data
%    bus_i    type    Pd    Qd    Gs    Bs    area    Vm    Va    baseKV    zone    Vmax    Vmin
mpc.bus = [
	101	2	65.42256308210527	13.326818405614036	0.0	0.0	1	1.018450678573241	-1.6553667820010998	138.0	11	1.05	0.95				
	102	2	58.75915387929824	12.115289459649125	0.0	0.0	1	1.017540817744764	-2.0100487685719743	138.0	12	1.05	0.95				
	103	1	109.0376051368421	22.413285500350877	0.0	0.0	1	1.0131074771785207	0.6166433508805239	138.0	11	1.05	0.95				
	104	1	44.826571000701755	9.086467094736843	0.0	0.0	1	1.0104767381444173	-4.49753159018019	138.0	11	1.05	0.95				
	105	1	43.00927758175438	8.480702621754386	0.0	0.0	1	1.0259350504338152	-4.669251648222822	138.0	11	1.05	0.95				
	106	1	82.38396832561405	16.96140524350877	0.0	-100.0	1	1.0367458867236188	-6.97634447426555	138.0	12	1.05	0.95				
	107	2	75.72055912280702	15.144111824561405	0.0	0.0	1	0.9922989339764146	-14.455116477734874	138.0	12	1.05	0.95				
	108	1	103.58572488	21.201756554385966	0.0	0.0	1	0.9919539145310745	-12.292621134978852	138.0	12	1.05	0.95				
	109	1	106.00878277192982	21.80752102736842	0.0	0.0	1	1.0235913592051953	-4.027862086133155	138.0	13	1.05	0.95				
	110	1	118.12407223157895	24.23057891929825	0.0	0.0	1	1.05	-5.7579051466404385	138.0	13	1.05	0.95				
	111	1	0.0	0.0	0.0	0.0	1	1.0238733358964438	-0.38597400338627413	230.0	13	1.05	0.95				
	112	1	0.0	0.0	0.0	0.0	1	1.018738468764237	-0.9610360230153688	230.0	13	1.05	0.95				
	113	3	160.52758534035087	32.711281541052635	0.0	0.0	1	1.0160055723329127	1.5937873157080768e-31	230.0	14	1.05	0.95				
	114	2	117.51830775859648	23.624814446315792	0.0	0.0	1	1.05	3.626173975919729	230.0	16	1.05	0.95				
	115	2	192.0273379354386	38.768926270877195	0.0	0.0	1	1.0301662882372626	15.326429142436698	230.0	16	1.05	0.95				
	116	2	60.57644729824562	12.115289459649125	0.0	0.0	1	1.033642171274018	13.3082715853033	230.0	16	1.05	0.95				
	117	1	0.0	0.0	0.0	0.0	1	1.0317351277445883	20.175982345687537	230.0	17	1.05	0.95				
	118	2	201.7195695031579	41.191984162807024	0.0	0.0	1	1.041013507412943	21.0688332698014	230.0	17	1.05	0.95				
	119	1	109.64336960982457	22.413285500350877	0.0	0.0	1	1.0344478078888848	9.220025763019018	230.0	15	1.05	0.95				
	120	1	77.53785254175439	15.74987629754386	0.0	0.0	1	1.0434248099795458	6.8535581195332895	230.0	15	1.05	0.95				
	121	2	0.0	0.0	0.0	0.0	1	1.0385300258569292	23.38516770171903	230.0	17	1.05	0.95				
	122	2	0.0	0.0	0.0	0.0	1	1.05	41.38441235596477	230.0	17	1.05	0.95				
	123	2	0.0	0.0	0.0	0.0	1	1.05	6.011216998308933	230.0	15	1.05	0.95				
	124	1	0.0	0.0	0.0	0.0	1	1.005030746054541	9.845950549403826	230.0	16	1.05	0.95				
	201	2	61.14843382736842	12.45616244631579	0.0	0.0	2	1.0205380220400722	-15.16154628247327	138.0	21	1.05	0.95				
	202	2	54.92035260421052	11.323784042105263	0.0	0.0	2	1.0213400239071937	-15.050776798859488	138.0	22	1.05	0.95				
	203	1	101.91405637894736	20.949000477894735	0.0	0.0	2	1.0142371234803196	-12.895908782263959	138.0	21	1.05	0.95				
	204	1	41.89800095578947	8.492838031578946	0.0	0.0	2	1.0135668900467678	-15.886769804630267	138.0	21	1.05	0.95				
	205	1	40.19943334947368	7.9266488294736845	0.0	0.0	2	1.028190928104229	-16.315380793244742	138.0	21	1.05	0.95				
	206	1	77.00173148631579	15.853297658947369	0.0	-100.0	2	1.0395665475904936	-17.483161265853752	138.0	22	1.05	0.95				
	207	2	70.77365026315789	14.154730052631578	0.0	0.0	2	0.9903265571521194	-25.43158049406688	138.0	22	1.05	0.95				
	208	1	96.81835355999999	19.816622073684208	0.0	0.0	2	0.9914893055020912	-22.73913723933887	138.0	22	1.05	0.95				
	209	1	99.08311036842105	20.38281127578947	0.0	0.0	2	1.0243223163198982	-14.243554065904153	138.0	23	1.05	0.95				
	210	1	110.40689441052632	22.647568084210526	0.0	0.0	2	1.05	-15.667108358333893	138.0	23	1.05	0.95				
	211	1	0.0	0.0	0.0	0.0	2	1.016168380367909	-10.290160639515658	230.0	23	1.05	0.95				
	212	1	0.0	0.0	0.0	0.0	2	1.013751924650611	-8.528077478219119	230.0	23	1.05	0.95				
	213	2	150.04013855789472	30.57421691368421	0.0	0.0	2	1.021989923618492	-7.897817036711243	230.0	24	1.05	0.95				
	214	2	109.84070520842104	22.081378882105263	0.0	0.0	2	1.0221125127400144	-7.733024805114047	230.0	26	1.05	0.95				
	215	2	179.4819770673684	36.23610893473684	0.0	0.0	2	1.0364906762554653	-1.0923826973162045	230.0	26	1.05	0.95				
	216	2	56.61892021052631	11.323784042105263	0.0	0.0	2	1.0391800737424914	-0.6864785794733543	230.0	26	1.05	0.95				
	217	1	0.0	0.0	0.0	0.0	2	1.0420187558577403	0.9219992621252835	230.0	27	1.05	0.95				
	218	2	188.54100430105262	38.500865743157895	0.0	0.0	2	1.0397259436926252	0.005530615384904606	230.0	27	1.05	0.95				
	219	1	102.48024558105261	20.949000477894735	0.0	0.0	2	1.0393262370124081	0.7580670426575092	230.0	25	1.05	0.95				
	220	1	72.47221786947368	14.720919254736842	0.0	0.0	2	1.0447354366542174	3.0764681130413787	230.0	25	1.05	0.95				
	221	2	0.0	0.0	0.0	0.0	2	1.040593125599662	0.45362593771967	230.0	27	1.05	0.95				
	222	2	0.0	0.0	0.0	0.0	2	1.05	7.141811846061551	230.0	27	1.05	0.95				
	223	2	0.0	0.0	0.0	0.0	2	1.05	4.754063628573314	230.0	25	1.05	0.95				
	224	1	0.0	0.0	0.0	0.0	2	1.0134585471670492	-5.465874050919497	230.0	26	1.05	0.95				
	301	2	46.85922178105264	9.545397029473685	0.0	0.0	3	1.0281171088866636	26.296465720954917	138.0	31	1.05	0.95				
	302	2	42.08652326631579	8.677633663157897	0.0	0.0	3	1.025394012616135	25.954000099174063	138.0	32	1.05	0.95				
	303	1	78.09870296842107	16.053622276842106	0.0	0.0	3	1.05	41.54184910744675	138.0	31	1.05	0.95				
	304	1	32.10724455368421	6.508225247368421	0.0	0.0	3	1.0140284690495716	27.34979850396949	138.0	31	1.05	0.95				
	305	1	30.80559950421053	6.074343564210528	0.0	0.0	3	1.0323843884849346	24.763503355139953	138.0	31	1.05	0.95				
	306	1	59.00790890947369	12.148687128421056	0.0	-100.0	3	1.0420040364129006	23.378286966838857	138.0	32	1.05	0.95				
	307	2	54.235210394736846	10.84704207894737	0.0	0.0	3	0.95	21.45190017408054	138.0	32	1.05	0.95				
	308	1	74.19376782	15.185858910526315	0.0	0.0	3	0.9723316133789408	22.600280776533992	138.0	32	1.05	0.95				
	309	1	75.92929455263159	15.619740593684211	0.0	0.0	3	1.0182753715832795	30.304943702696054	138.0	33	1.05	0.95				
	310	1	84.60692821578948	17.355267326315793	0.0	0.0	3	1.047028617873506	24.597111512269823	138.0	33	1.05	0.95				
	311	1	0.0	0.0	0.0	0.0	3	1.005915313754547	28.186491177996956	230.0	33	1.05	0.95				
	312	1	0.0	0.0	0.0	0.0	3	1.0119396466982444	28.27073913841933	230.0	33	1.05	0.95				
	313	2	114.97864603684211	23.42961089052632	0.0	0.0	3	1.0084503419978366	29.818533300488504	230.0	34	1.05	0.95				
	314	2	84.17304653263157	16.921385643157898	0.0	0.0	3	0.9987926194599994	27.593760482839862	230.0	36	1.05	0.95				
	315	2	137.54049356105264	27.768427722105265	0.0	0.0	3	1.0459418132557177	29.802760392494076	230.0	36	1.05	0.95				
	316	2	43.38816831578948	8.677633663157897	0.0	0.0	3	1.0286278966638585	29.370990542003796	230.0	36	1.05	0.95				
	317	1	0.0	0.0	0.0	0.0	3	1.05	33.0628370114672	230.0	37	1.05	0.95				
	318	2	144.48260049157898	29.503954454736846	0.0	0.0	3	1.05	29.481346370146944	230.0	37	1.05	0.95				
	319	1	78.53258465157896	16.053622276842106	0.0	0.0	3	1.0208173958997757	27.767348933248922	230.0	35	1.05	0.95				
	320	1	55.53685544421053	11.280923762105264	0.0	0.0	3	1.017435021761745	27.21652475364704	230.0	35	1.05	0.95				
	321	2	0.0	0.0	0.0	0.0	3	1.05	30.2563648398208	230.0	37	1.05	0.95				
	322	2	0.0	0.0	0.0	0.0	3	1.05	35.705945325209285	230.0	37	1.05	0.95				
	323	2	0.0	0.0	0.0	0.0	3	1.0161325863437658	27.253197198266708	230.0	35	1.05	0.95				
	324	1	0.0	0.0	0.0	0.0	3	1.0437542463206493	34.29081466089926	230.0	36	1.05	0.95				
	325	1	0.0	0.0	0.0	0.0	3	1.0193457105501116	26.933002834753115	230.0	35	1.05	0.95				
];
