%% MATPOWER Case Format : Version 2
function mpc = RTS_GMLC
mpc.version = '2';

%%-----  Power Flow Data  -----%%
%% system MVA base
mpc.baseMVA = 100.0;
%% bus data
%    bus_i    type    Pd    Qd    Gs    Bs    area    Vm    Va    baseKV    zone    Vmax    Vmin
mpc.bus = [
	101	2	69.17664524210527	14.091538845614036	0.0	0.0	1	1.049536412827341	0.5873766071199137	138.0	11	1.05	0.95				
	102	2	62.13087581929825	12.810489859649124	0.0	0.0	1	1.0483705300438284	0.21853865639601583	138.0	12	1.05	0.95				
	103	1	115.29440873684212	23.69940624035088	0.0	0.0	1	1.0309251041239933	-1.0343507983011697	138.0	11	1.05	0.95				
	104	1	47.39881248070176	9.607867394736843	0.0	0.0	1	1.0271770921584789	-3.1792948378558097	138.0	11	1.05	0.95				
	105	1	45.47723900175439	8.967342901754387	0.0	0.0	1	1.0404795126620665	-3.5280812992408035	138.0	11	1.05	0.95				
	106	1	87.11133104561405	17.934685803508774	0.0	-100.0	1	1.0424336077639864	-6.50623545508807	138.0	12	1.05	0.95				
	107	2	80.06556162280702	16.013112324561405	0.0	0.0	1	0.9990083369784671	-13.53540504150143	138.0	12	1.05	0.95				
	108	1	109.5296883	22.418357254385963	0.0	0.0	1	0.9960779695571322	-11.972674286078165	138.0	12	1.05	0.95				
	109	1	112.09178627192983	23.05888174736842	0.0	0.0	1	1.0257156167450872	-4.457704216518275	138.0	13	1.05	0.95				
	110	1	124.90227613157896	25.620979719298248	0.0	0.0	1	1.05	-5.7642357330972445	138.0	13	1.05	0.95				
	111	1	0.0	0.0	0.0	0.0	1	1.0116872747896446	-1.7737122661054474	230.0	13	1.05	0.95				
	112	1	0.0	0.0	0.0	0.0	1	1.0142241001363625	-1.365096771034354	230.0	13	1.05	0.95				
	113	3	169.73899064035086	34.58832262105263	0.0	0.0	1	1.0106060764547329	4.523177481904478e-28	230.0	14	1.05	0.95				
	114	2	124.2617516385965	24.980455226315794	0.0	0.0	1	1.013718757783861	0.07702051315956655	230.0	16	1.05	0.95				
	115	2	203.0462642754386	40.993567550877195	0.0	0.0	1	1.0425985502280222	7.165077789077793	230.0	16	1.05	0.95				
	116	2	64.05244929824562	12.810489859649124	0.0	0.0	1	1.0397940096457585	6.548857783410794	230.0	16	1.05	0.95				
	117	1	0.0	0.0	0.0	0.0	1	1.0447316035476035	9.794169937772372	230.0	17	1.05	0.95				
	118	2	213.2946561631579	43.555665522807026	0.0	0.0	1	1.0474598167364715	10.484667035320278	230.0	17	1.05	0.95				
	119	1	115.93493322982458	23.69940624035088	0.0	0.0	1	1.0324133261911912	4.998195811781176	230.0	15	1.05	0.95				
	120	1	81.98713510175439	16.65363681754386	0.0	0.0	1	1.0306851233404186	4.421203905190839	230.0	15	1.05	0.95				
	121	2	0.0	0.0	0.0	0.0	1	1.05	12.162300035745622	230.0	17	1.05	0.95				
	122	2	0.0	0.0	0.0	0.0	1	1.05	17.7449252078927	230.0	17	1.05	0.95				
	123	2	0.0	0.0	0.0	0.0	1	1.031210487230425	4.587406682952435	230.0	15	1.05	0.95				
	124	1	0.0	0.0	0.0	0.0	1	1.0277632002560229	4.101581605997684	230.0	16	1.05	0.95				
	201	2	65.17739648842105	13.27687706245614	0.0	0.0	2	1.025002540246325	-10.26462375510651	138.0	21	1.05	0.95				
	202	2	58.538957957192984	12.069888238596493	0.0	0.0	2	1.0260814441297161	-10.033053803980506	138.0	22	1.05	0.95				
	203	1	108.62899414736842	22.32929324140351	0.0	0.0	2	1.0141598202586342	-9.85816986408474	138.0	21	1.05	0.95				
	204	1	44.65858648280702	9.052416178947368	0.0	0.0	2	1.015368951811551	-10.900389860188508	138.0	21	1.05	0.95				
	205	1	42.84810324701754	8.448921767017545	0.0	0.0	2	1.029956703873097	-11.192566470750368	138.0	21	1.05	0.95				
	206	1	82.07524002245614	16.89784353403509	0.0	-100.0	2	1.0396836679843862	-12.240520933213896	138.0	22	1.05	0.95				
	207	2	75.43680149122807	15.087360298245613	0.0	0.0	2	0.992030023596886	-20.923238080847	138.0	22	1.05	0.95				
	208	1	103.19754444	21.12230441754386	0.0	0.0	2	0.9908668515061843	-18.018278623120896	138.0	22	1.05	0.95				
	209	1	105.6115220877193	21.725798829473682	0.0	0.0	2	1.0250527618649445	-9.141402910215199	138.0	23	1.05	0.95				
	210	1	117.68141032631578	24.139776477192985	0.0	0.0	2	1.05	-10.206445635381757	138.0	23	1.05	0.95				
	211	1	0.0	0.0	0.0	0.0	2	1.0137371030416595	-5.870640901196924	230.0	23	1.05	0.95				
	212	1	0.0	0.0	0.0	0.0	2	1.017715107116069	-0.7428962620834038	230.0	23	1.05	0.95				
	213	2	159.9260191614035	32.588698244210526	0.0	0.0	2	1.017089652120703	-2.923949687791849	230.0	24	1.05	0.95				
	214	2	117.07791591438597	23.53628206526316	0.0	0.0	2	1.0161071635714234	-4.6139683280921675	230.0	26	1.05	0.95				
	215	2	191.3077285817544	38.62364236350877	0.0	0.0	2	1.031670168471353	0.6594387506457688	230.0	26	1.05	0.95				
	216	2	60.349441192982454	12.069888238596493	0.0	0.0	2	1.0324753341568838	0.8847315409085011	230.0	26	1.05	0.95				
	217	1	0.0	0.0	0.0	0.0	2	1.0353456383821606	1.97707770662422	230.0	27	1.05	0.95				
	218	2	200.9636391726316	41.03762001122807	0.0	0.0	2	1.0337262588477771	1.2288148552399034	230.0	27	1.05	0.95				
	219	1	109.23248855929826	22.32929324140351	0.0	0.0	2	1.032446266326987	1.966740559774259	230.0	25	1.05	0.95				
	220	1	77.24728472701754	15.69085471017544	0.0	0.0	2	1.0379311024249644	4.056005867182287	230.0	25	1.05	0.95				
	221	2	0.0	0.0	0.0	0.0	2	1.035643389056751	1.8473483837025984	230.0	27	1.05	0.95				
	222	2	0.0	0.0	0.0	0.0	2	1.05	8.396516363293719	230.0	27	1.05	0.95				
	223	2	0.0	0.0	0.0	0.0	2	1.0432671454366549	5.640822637789126	230.0	25	1.05	0.95				
	224	1	0.0	0.0	0.0	0.0	2	1.0121086725437296	-3.2525628476802817	230.0	26	1.05	0.95				
	301	2	61.4482758568421	12.517241378245615	0.0	0.0	3	0.9908098274384634	5.5427447023541	138.0	31	1.05	0.95				
	302	2	55.18965516771929	11.379310343859649	0.0	0.0	3	0.9906008945953576	5.525295514509199	138.0	32	1.05	0.95				
	303	1	102.41379309473683	21.051724136140347	0.0	0.0	3	1.0129272651411592	7.844438479260279	138.0	31	1.05	0.95				
	304	1	42.103448272280694	8.534482757894736	0.0	0.0	3	0.9997050659590168	7.50007513935996	138.0	31	1.05	0.95				
	305	1	40.396551720701744	7.965517240701754	0.0	0.0	3	1.0115477128272952	7.501253253561866	138.0	31	1.05	0.95				
	306	1	77.37931033824562	15.931034481403508	0.0	-100.0	3	1.031577421189654	7.942117267399132	138.0	32	1.05	0.95				
	307	2	71.1206896491228	14.22413792982456	0.0	0.0	3	0.9885871764351998	4.473895038410973	138.0	32	1.05	0.95				
	308	1	97.29310343999998	19.913793101754383	0.0	0.0	3	1.0003982730025642	6.998175197011184	138.0	32	1.05	0.95				
	309	1	99.56896550877192	20.482758618947365	0.0	0.0	3	1.0270703422108762	11.424094485487657	138.0	33	1.05	0.95				
	310	1	110.94827585263157	22.758620687719297	0.0	0.0	3	1.05	11.263902386697396	138.0	33	1.05	0.95				
	311	1	0.0	0.0	0.0	0.0	3	1.0166911758753394	17.263873026146502	230.0	33	1.05	0.95				
	312	1	0.0	0.0	0.0	0.0	3	1.0225953868667002	18.53502054324678	230.0	33	1.05	0.95				
	313	2	150.77586205614034	30.72413792842105	0.0	0.0	3	1.0431982886525444	25.790305503332096	230.0	34	1.05	0.95				
	314	2	110.37931033543857	22.189655170526315	0.0	0.0	3	1.0171114541470343	15.550960312016741	230.0	36	1.05	0.95				
	315	2	180.36206895017543	36.41379310035087	0.0	0.0	3	1.0328901794624092	9.949122459797405	230.0	36	1.05	0.95				
	316	2	56.89655171929824	11.379310343859649	0.0	0.0	3	1.0345178358352005	11.190437208525198	230.0	36	1.05	0.95				
	317	1	0.0	0.0	0.0	0.0	3	1.0381093792887497	10.271513155946776	230.0	37	1.05	0.95				
	318	2	189.46551722526314	38.68965516912281	0.0	0.0	3	1.0365141072506059	9.22894246089079	230.0	37	1.05	0.95				
	319	1	102.98275861192982	21.051724136140347	0.0	0.0	3	1.0351941458133993	14.007792525877667	230.0	35	1.05	0.95				
	320	1	72.82758620070175	14.793103447017542	0.0	0.0	3	1.0384284343380301	16.10657564687375	230.0	35	1.05	0.95				
	321	2	0.0	0.0	0.0	0.0	3	1.0371659487402	10.028884426128819	230.0	37	1.05	0.95				
	322	2	0.0	0.0	0.0	0.0	3	1.0499999822888424	14.433218266751197	230.0	37	1.05	0.95				
	323	2	0.0	0.0	0.0	0.0	3	1.0401107525491182	16.88908062151976	230.0	35	1.05	0.95				
	324	1	0.0	0.0	0.0	0.0	3	1.0226720576154082	11.087641622215687	230.0	36	1.05	0.95				
	325	1	0.0	0.0	0.0	0.0	3	1.0423587746729972	16.492840799056683	230.0	35	1.05	0.95				
];
