%% MATPOWER Case Format : Version 2
function mpc = RTS_GMLC
mpc.version = '2';

%%-----  Power Flow Data  -----%%
%% system MVA base
mpc.baseMVA = 100.0;
%% bus data
%    bus_i    type    Pd    Qd    Gs    Bs    area    Vm    Va    baseKV    zone    Vmax    Vmin
mpc.bus = [
	101	2	61.281048997894736	12.483176647719299	0.0	0.0	1	1.0348453902015755	1.5674583859572173	138.0	11	1.05	0.95				
	102	2	55.03946067403509	11.348342407017546	0.0	0.0	1	1.0348963960987432	1.5321057418230568	138.0	12	1.05	0.95				
	103	1	102.1350816631579	20.994433452982456	0.0	0.0	1	1.024751271105256	-0.40559175977510475	138.0	11	1.05	0.95				
	104	1	41.98886690596491	8.511256805263159	0.0	0.0	1	1.0198603971313605	-1.8883685957630225	138.0	11	1.05	0.95				
	105	1	40.28661554491228	7.943839684912282	0.0	0.0	1	1.0346193582632615	-1.745459417062023	138.0	11	1.05	0.95				
	106	1	77.16872836771931	15.887679369824564	0.0	-100.0	1	1.0417659937439459	-4.125533919359115	138.0	12	1.05	0.95				
	107	2	70.92714004385965	14.18542800877193	0.0	0.0	1	1.0345615441838198	-2.9947944047521187	138.0	12	1.05	0.95				
	108	1	97.02832758000001	19.859599212280703	0.0	0.0	1	1.0218235558220978	-4.711341257010102	138.0	12	1.05	0.95				
	109	1	99.29799606140351	20.427016332631577	0.0	0.0	1	1.0256168105767494	-2.39920535675979	138.0	13	1.05	0.95				
	110	1	110.64633846842105	22.69668481403509	0.0	0.0	1	1.05	-3.322444575489415	138.0	13	1.05	0.95				
	111	1	0.0	0.0	0.0	0.0	1	1.0064827615823704	-0.5546719882744455	230.0	13	1.05	0.95				
	112	1	0.0	0.0	0.0	0.0	1	1.0114286863720883	-0.03471767740317198	230.0	13	1.05	0.95				
	113	3	150.36553689298248	30.640524498947368	0.0	0.0	1	1.001464716522353	8.868233310462733e-31	230.0	14	1.05	0.95				
	114	2	110.07892134807018	22.129267693684213	0.0	0.0	1	1.003674303117765	1.3784291975424592	230.0	16	1.05	0.95				
	115	2	179.87122715122808	36.31469570245614	0.0	0.0	1	1.0395246664762652	8.018566128944913	230.0	16	1.05	0.95				
	116	2	56.74171203508772	11.348342407017546	0.0	0.0	1	1.035927515780339	7.469942319593573	230.0	16	1.05	0.95				
	117	1	0.0	0.0	0.0	0.0	1	1.0425405964948262	9.806942224102343	230.0	17	1.05	0.95				
	118	2	188.9499010768421	38.584364183859655	0.0	0.0	1	1.0449697386252055	10.082652167300115	230.0	17	1.05	0.95				
	119	1	102.70249878350879	20.994433452982456	0.0	0.0	1	1.0295360758782992	6.159982631347277	230.0	15	1.05	0.95				
	120	1	72.62939140491228	14.752845129122807	0.0	0.0	1	1.0286866961385557	6.110443247018284	230.0	15	1.05	0.95				
	121	2	0.0	0.0	0.0	0.0	1	1.0479745972206023	11.019616285185881	230.0	17	1.05	0.95				
	122	2	0.0	0.0	0.0	0.0	1	1.05	17.183421123541407	230.0	17	1.05	0.95				
	123	2	0.0	0.0	0.0	0.0	1	1.029416168064954	6.514823508671475	230.0	15	1.05	0.95				
	124	1	0.0	0.0	0.0	0.0	1	1.0233152605426699	4.881112539426132	230.0	16	1.05	0.95				
	201	2	63.9704076631579	13.031008968421053	0.0	0.0	2	1.032939374988088	-10.265059150129966	138.0	21	1.05	0.95				
	202	2	57.45490317894737	11.846371789473684	0.0	0.0	2	1.0331060511062933	-10.350562348873241	138.0	22	1.05	0.95				
	203	1	106.61734610526317	21.915787810526314	0.0	0.0	2	1.023414691830472	-7.926674046689996	138.0	21	1.05	0.95				
	204	1	43.83157562105263	8.884778842105263	0.0	0.0	2	1.0180413699929927	-12.577838563653463	138.0	21	1.05	0.95				
	205	1	42.054619852631575	8.29246025263158	0.0	0.0	2	1.0337634946008776	-12.888738262736112	138.0	21	1.05	0.95				
	206	1	80.55532816842106	16.58492050526316	0.0	-100.0	2	1.0411099386201235	-14.924002038062408	138.0	22	1.05	0.95				
	207	2	74.03982368421053	14.807964736842106	0.0	0.0	2	0.9881412566889627	-23.856029876251966	138.0	22	1.05	0.95				
	208	1	101.2864788	20.731150631578945	0.0	0.0	2	0.9888429636010254	-21.0165532687843	138.0	22	1.05	0.95				
	209	1	103.65575315789472	21.32346922105263	0.0	0.0	2	1.0238235213926024	-11.996198312351911	138.0	23	1.05	0.95				
	210	1	115.50212494736843	23.69274357894737	0.0	0.0	2	1.05	-13.678584628902744	138.0	23	1.05	0.95				
	211	1	0.0	0.0	0.0	0.0	2	1.014878248489491	-8.83085309509382	230.0	23	1.05	0.95				
	212	1	0.0	0.0	0.0	0.0	2	1.0145050190338256	-7.856953134409574	230.0	23	1.05	0.95				
	213	2	156.9644262105263	31.98520383157895	0.0	0.0	2	1.0150737688433087	-7.526076393944023	230.0	24	1.05	0.95				
	214	2	114.90980635789474	23.100424989473687	0.0	0.0	2	1.0223595868646105	-5.956100747875476	230.0	26	1.05	0.95				
	215	2	187.7649928631579	37.90838972631579	0.0	0.0	2	1.0344979346628547	1.7987450357996047	230.0	26	1.05	0.95				
	216	2	59.23185894736842	11.846371789473684	0.0	0.0	2	1.037617676411568	1.7284819280305006	230.0	26	1.05	0.95				
	217	1	0.0	0.0	0.0	0.0	2	1.040423264481453	4.65555757182521	230.0	27	1.05	0.95				
	218	2	197.24209029473684	40.27766408421053	0.0	0.0	2	1.0417308843877415	5.026343251906735	230.0	27	1.05	0.95				
	219	1	107.20966469473684	21.915787810526314	0.0	0.0	2	1.0377371701817928	1.2577841736018769	230.0	25	1.05	0.95				
	220	1	75.81677945263158	15.400283326315789	0.0	0.0	2	1.042567582884874	1.9726036032888739	230.0	25	1.05	0.95				
	221	2	0.0	0.0	0.0	0.0	2	1.0414526413448524	4.710913763657033	230.0	27	1.05	0.95				
	222	2	0.0	0.0	0.0	0.0	2	1.05	11.192989545277648	230.0	27	1.05	0.95				
	223	2	0.0	0.0	0.0	0.0	2	1.0466970884517384	2.7980925776648653	230.0	25	1.05	0.95				
	224	1	0.0	0.0	0.0	0.0	2	1.0182560583485296	-1.8406538106764014	230.0	26	1.05	0.95				
	301	2	47.388800993684214	9.653274276491228	0.0	0.0	3	1.0097325609116379	-11.625331373549981	138.0	31	1.05	0.95				
	302	2	42.5621638554386	8.775703887719299	0.0	0.0	3	1.0093359360267389	-11.817718217426675	138.0	32	1.05	0.95				
	303	1	78.98133498947368	16.2350521922807	0.0	0.0	3	1.0375627135484584	-3.37039661396459	138.0	31	1.05	0.95				
	304	1	32.4701043845614	6.581777915789473	0.0	0.0	3	1.0117707105881943	-10.426586168494605	138.0	31	1.05	0.95				
	305	1	31.15374880140351	6.14299272140351	0.0	0.0	3	1.0243855361394363	-11.70657525794626	138.0	31	1.05	0.95				
	306	1	59.67478643649123	12.28598544280702	0.0	-100.0	3	1.040497822664069	-12.27374048682298	138.0	32	1.05	0.95				
	307	2	54.848149298245616	10.969629859649123	0.0	0.0	3	0.9923137302881775	-16.792223715488344	138.0	32	1.05	0.95				
	308	1	75.03226824	15.35748180350877	0.0	0.0	3	0.9989178172063038	-14.815285003542602	138.0	32	1.05	0.95				
	309	1	76.78740901754387	15.796266997894737	0.0	0.0	3	1.0275159117201917	-7.496036096890269	138.0	33	1.05	0.95				
	310	1	85.56311290526317	17.551407775438598	0.0	0.0	3	1.05	-10.374040931248649	138.0	33	1.05	0.95				
	311	1	0.0	0.0	0.0	0.0	3	1.0084635324091198	-5.150963661969686	230.0	33	1.05	0.95				
	312	1	0.0	0.0	0.0	0.0	3	1.0123807637929743	-4.705185170308283	230.0	33	1.05	0.95				
	313	2	116.2780765122807	23.694400496842107	0.0	0.0	3	1.0104586589460363	-2.0821161762716556	230.0	34	1.05	0.95				
	314	2	85.1243277108772	17.112622581052634	0.0	0.0	3	1.0059141978427386	-3.937790853091461	230.0	36	1.05	0.95				
	315	2	139.09490662035086	28.082252440701755	0.0	0.0	3	1.0345048383830147	0.41081624643985837	230.0	36	1.05	0.95				
	316	2	43.87851943859649	8.775703887719299	0.0	0.0	3	1.0314942691513573	0.38608687467220304	230.0	36	1.05	0.95				
	317	1	0.0	0.0	0.0	0.0	3	1.038527876226037	1.880553537265366	230.0	37	1.05	0.95				
	318	2	146.1154697305263	29.837393218245616	0.0	0.0	3	1.0394317013445533	1.9712114519849888	230.0	37	1.05	0.95				
	319	1	79.42012018385965	16.2350521922807	0.0	0.0	3	1.0256439182984418	-0.5080256426070231	230.0	35	1.05	0.95				
	320	1	56.16450488140351	11.408415054035089	0.0	0.0	3	1.0236415804006027	-0.4322724041522987	230.0	35	1.05	0.95				
	321	2	0.0	0.0	0.0	0.0	3	1.0416407262331162	2.956938367317437	230.0	37	1.05	0.95				
	322	2	0.0	0.0	0.0	0.0	3	1.05	6.852424528196048	230.0	37	1.05	0.95				
	323	2	0.0	0.0	0.0	0.0	3	1.023166764815223	-0.0500522138149194	230.0	35	1.05	0.95				
	324	1	0.0	0.0	0.0	0.0	3	1.0293027685270528	-1.021296463679588	230.0	36	1.05	0.95				
	325	1	0.0	0.0	0.0	0.0	3	1.0226982803359923	0.8981261530394471	230.0	35	1.05	0.95				
];
