%% MATPOWER Case Format : Version 2
function mpc = RTS_GMLC
mpc.version = '2';

%%-----  Power Flow Data  -----%%
%% system MVA base
mpc.baseMVA = 100.0;
%% bus data
%    bus_i    type    Pd    Qd    Gs    Bs    area    Vm    Va    baseKV    zone    Vmax    Vmin
mpc.bus = [
	101	2	54.45423056842106	11.092528449122808	0.0	0.0	1	1.0365161209101248	0.13671493711145158	138.0	11	1.05	0.95				
	102	2	48.90796634385965	10.084116771929825	0.0	0.0	1	1.0356127081386748	-0.183281475185014	138.0	12	1.05	0.95				
	103	1	90.75705094736844	18.655616028070177	0.0	0.0	1	1.0201557437036126	1.2901650959374422	138.0	11	1.05	0.95				
	104	1	37.311232056140355	7.563087578947368	0.0	0.0	1	1.0197642138430776	-2.82997337415152	138.0	11	1.05	0.95				
	105	1	35.798614540350876	7.058881740350878	0.0	0.0	1	1.036512944802927	-2.875257125760053	138.0	11	1.05	0.95				
	106	1	68.57199404912282	14.117763480701756	0.0	-100.0	1	1.044049449146342	-5.112538078666414	138.0	12	1.05	0.95				
	107	2	63.0257298245614	12.605145964912282	0.0	0.0	1	1.0004033655431777	-12.7525637402703	138.0	12	1.05	0.95				
	108	1	86.21919840000001	17.647204350877193	0.0	0.0	1	0.9997891139117671	-10.459991703754836	138.0	12	1.05	0.95				
	109	1	88.23602175438597	18.151410189473687	0.0	0.0	1	1.0220062991302008	-2.95659819495649	138.0	13	1.05	0.95				
	110	1	98.32013852631579	20.16823354385965	0.0	0.0	1	1.05	-4.350754876562628	138.0	13	1.05	0.95				
	111	1	0.0	0.0	0.0	0.0	1	1.006683829690604	-0.05122046653791817	230.0	13	1.05	0.95				
	112	1	0.0	0.0	0.0	0.0	1	1.0099116698638653	-0.7354882737764028	230.0	13	1.05	0.95				
	113	3	133.6145472280702	27.22711528421053	0.0	0.0	1	1.0042920546833427	1.845737984007503e-27	230.0	14	1.05	0.95				
	114	2	97.8159326877193	19.66402770526316	0.0	0.0	1	1.0083423634812807	3.5995548306814045	230.0	16	1.05	0.95				
	115	2	159.83325083508774	32.26917367017544	0.0	0.0	1	1.0249486241157022	13.482459447616382	230.0	16	1.05	0.95				
	116	2	50.42058385964913	10.084116771929825	0.0	0.0	1	1.022438921646016	11.888234504886615	230.0	16	1.05	0.95				
	117	1	0.0	0.0	0.0	0.0	1	1.0257323259483153	17.54777287319343	230.0	17	1.05	0.95				
	118	2	167.9005442526316	34.28599702456141	0.0	0.0	1	1.032365009577099	18.248180151486658	230.0	17	1.05	0.95				
	119	1	91.26125678596492	18.655616028070177	0.0	0.0	1	1.0155566395650493	8.003311903217854	230.0	15	1.05	0.95				
	120	1	64.53834734035088	13.109351803508773	0.0	0.0	1	1.0165626509426993	5.611156486097528	230.0	15	1.05	0.95				
	121	2	0.0	0.0	0.0	0.0	1	1.0312904208759843	20.140757767479474	230.0	17	1.05	0.95				
	122	2	0.0	0.0	0.0	0.0	1	1.05	34.985591485076284	230.0	17	1.05	0.95				
	123	2	0.0	0.0	0.0	0.0	1	1.0184032376272247	4.690082231260327	230.0	15	1.05	0.95				
	124	1	0.0	0.0	0.0	0.0	1	1.0080679859770716	8.889536067117614	230.0	16	1.05	0.95				
	201	2	54.280497410526316	11.057138361403508	0.0	0.0	2	1.015326925465562	-16.022626712487803	138.0	21	1.05	0.95				
	202	2	48.75192822982456	10.05194396491228	0.0	0.0	2	1.0154548919538857	-16.080545910936863	138.0	22	1.05	0.95				
	203	1	90.46749568421052	18.596096335087715	0.0	0.0	2	1.0144426740115793	-12.743217190391839	138.0	21	1.05	0.95				
	204	1	37.19219267017543	7.53895797368421	0.0	0.0	2	1.0118841675952936	-16.447806098805103	138.0	21	1.05	0.95				
	205	1	35.68440107543859	7.036360775438596	0.0	0.0	2	1.0264255139933531	-16.911212831618105	138.0	21	1.05	0.95				
	206	1	68.3532189614035	14.072721550877192	0.0	-100.0	2	1.0400501402478213	-17.92644270599544	138.0	22	1.05	0.95				
	207	2	62.82464978070175	12.56492995614035	0.0	0.0	2	0.9901440323353792	-24.60132626003703	138.0	22	1.05	0.95				
	208	1	85.94412089999999	17.590901938596488	0.0	0.0	2	0.9941987105388003	-22.265479324271872	138.0	22	1.05	0.95				
	209	1	87.95450969298246	18.0934991368421	0.0	0.0	2	1.023880348013878	-14.671901975452197	138.0	23	1.05	0.95				
	210	1	98.00645365789474	20.10388792982456	0.0	0.0	2	1.05	-16.189122708020296	138.0	23	1.05	0.95				
	211	1	0.0	0.0	0.0	0.0	2	1.0119794869932848	-11.123647662519767	230.0	23	1.05	0.95				
	212	1	0.0	0.0	0.0	0.0	2	1.0142154888404957	-9.812030304625022	230.0	23	1.05	0.95				
	213	2	133.1882575350877	27.140248705263158	0.0	0.0	2	1.0165984591964434	-9.188843970026621	230.0	24	1.05	0.95				
	214	2	97.50385645964911	19.601290731578946	0.0	0.0	2	1.0136758997582493	-8.467087669139238	230.0	26	1.05	0.95				
	215	2	159.32331184385964	32.166220687719296	0.0	0.0	2	1.0276868325828423	-1.697006863780381	230.0	26	1.05	0.95				
	216	2	50.2597198245614	10.05194396491228	0.0	0.0	2	1.0306578398329536	-1.6559080432204862	230.0	26	1.05	0.95				
	217	1	0.0	0.0	0.0	0.0	2	1.0311807315708847	0.08355659281838748	230.0	27	1.05	0.95				
	218	2	167.36486701578946	34.17660948070175	0.0	0.0	2	1.0300594928688287	-0.67142872157748	230.0	27	1.05	0.95				
	219	1	90.97009288245613	18.596096335087715	0.0	0.0	2	1.0357091662000917	-1.0221148221862335	230.0	25	1.05	0.95				
	220	1	64.33244137543859	13.067527154385964	0.0	0.0	2	1.0440181256067746	0.4777466914314731	230.0	25	1.05	0.95				
	221	2	0.0	0.0	0.0	0.0	2	1.0323388736657422	-0.20079645564674994	230.0	27	1.05	0.95				
	222	2	0.0	0.0	0.0	0.0	2	1.05	6.405309571640716	230.0	27	1.05	0.95				
	223	2	0.0	0.0	0.0	0.0	2	1.05	1.6603103596662447	230.0	25	1.05	0.95				
	224	1	0.0	0.0	0.0	0.0	2	1.0091126157516062	-5.823853736655953	230.0	26	1.05	0.95				
	301	2	41.59759570105263	8.473584309473683	0.0	0.0	3	1.0312609696707211	17.633210216633145	138.0	31	1.05	0.95				
	302	2	37.360803546315786	7.703258463157894	0.0	0.0	3	1.0289383016846816	17.295349721948913	138.0	32	1.05	0.95				
	303	1	69.32932616842105	14.251028156842102	0.0	0.0	3	1.048354653442131	32.22444366983583	138.0	31	1.05	0.95				
	304	1	28.502056313684204	5.77744384736842	0.0	0.0	3	1.0174593396549956	18.41777924129346	138.0	31	1.05	0.95				
	305	1	27.346567544210522	5.392280924210526	0.0	0.0	3	1.036112479255051	16.06095378806153	138.0	31	1.05	0.95				
	306	1	52.38215754947368	10.784561848421053	0.0	-100.0	3	1.046543842005065	14.69544651192199	138.0	32	1.05	0.95				
	307	2	48.14536539473684	9.629073078947368	0.0	0.0	3	0.95	11.76248176009392	138.0	32	1.05	0.95				
	308	1	65.86285985999999	13.480702310526313	0.0	0.0	3	0.9745304440253163	13.33263480046861	138.0	32	1.05	0.95				
	309	1	67.40351155263157	13.865865233684207	0.0	0.0	3	1.019398279303986	20.9452908384143	138.0	33	1.05	0.95				
	310	1	75.10677001578946	15.406516926315788	0.0	0.0	3	1.05	15.69340086339429	138.0	33	1.05	0.95				
	311	1	0.0	0.0	0.0	0.0	3	1.0066010886516243	18.645532774237246	230.0	33	1.05	0.95				
	312	1	0.0	0.0	0.0	0.0	3	1.0129287711658186	19.2071078553336	230.0	33	1.05	0.95				
	313	2	102.06817463684207	20.798797850526316	0.0	0.0	3	1.0094798326375902	20.741447973442412	230.0	34	1.05	0.95				
	314	2	74.72160709263157	15.021354003157894	0.0	0.0	3	0.9974199226166839	17.23213641295167	230.0	36	1.05	0.95				
	315	2	122.09664664105262	24.65042708210526	0.0	0.0	3	1.0429175901482945	18.045951720997273	230.0	36	1.05	0.95				
	316	2	38.51629231578947	7.703258463157894	0.0	0.0	3	1.0234069920920796	17.57950024303235	230.0	36	1.05	0.95				
	317	1	0.0	0.0	0.0	0.0	3	1.0455750243016306	19.0603592026698	230.0	37	1.05	0.95				
	318	2	128.25925341157892	26.19107877473684	0.0	0.0	3	1.05	16.992880619315557	230.0	37	1.05	0.95				
	319	1	69.71448909157894	14.251028156842102	0.0	0.0	3	1.017801546992569	17.285773894688624	230.0	35	1.05	0.95				
	320	1	49.30085416421052	10.014236002105262	0.0	0.0	3	1.0153313935720825	17.795776599696854	230.0	35	1.05	0.95				
	321	2	0.0	0.0	0.0	0.0	3	1.05	17.931814520044842	230.0	37	1.05	0.95				
	322	2	0.0	0.0	0.0	0.0	3	1.05	22.716234632437583	230.0	37	1.05	0.95				
	323	2	0.0	0.0	0.0	0.0	3	1.0144746436262444	18.38284512934366	230.0	35	1.05	0.95				
	324	1	0.0	0.0	0.0	0.0	3	1.040047379416637	23.46692314718922	230.0	36	1.05	0.95				
	325	1	0.0	0.0	0.0	0.0	3	1.0163979263839567	18.540721125062852	230.0	35	1.05	0.95				
];
