%% MATPOWER Case Format : Version 2
function mpc = RTS_GMLC
mpc.version = '2';

%%-----  Power Flow Data  -----%%
%% system MVA base
mpc.baseMVA = 100.0;
%% bus data
%    bus_i    type    Pd    Qd    Gs    Bs    area    Vm    Va    baseKV    zone    Vmax    Vmin
mpc.bus = [
	101	2	67.7872340336842	13.808510636491228	0.0	0.0	1	1.0453053880825391	1.0930012462690362	138.0	11	1.05	0.95				
	102	2	60.8829787154386	12.553191487719298	0.0	0.0	1	1.0441440975696228	0.7142903271187948	138.0	12	1.05	0.95				
	103	1	112.97872338947369	23.223404252280698	0.0	0.0	1	1.0305128887006734	-0.3857598865011336	138.0	11	1.05	0.95				
	104	1	46.446808504561396	9.414893615789472	0.0	0.0	1	1.0255325383769036	-2.7390068197694473	138.0	11	1.05	0.95				
	105	1	44.563829781403506	8.78723404140351	0.0	0.0	1	1.0384069697998166	-3.093999812176983	138.0	11	1.05	0.95				
	106	1	85.36170211649123	17.57446808280702	0.0	-100.0	1	1.041705849630695	-6.096965020077583	138.0	12	1.05	0.95				
	107	2	78.45744679824561	15.691489359649122	0.0	0.0	1	1.004532483441588	-13.722126376525273	138.0	12	1.05	0.95				
	108	1	107.32978722	21.96808510350877	0.0	0.0	1	0.9993883430935623	-11.882335380664905	138.0	12	1.05	0.95				
	109	1	109.84042551754385	22.595744677894736	0.0	0.0	1	1.025897867710751	-4.089268630343569	138.0	13	1.05	0.95				
	110	1	122.39361700526314	25.106382975438596	0.0	0.0	1	1.05	-5.423104061248112	138.0	13	1.05	0.95				
	111	1	0.0	0.0	0.0	0.0	1	1.0115650779434984	-1.4464198033439302	230.0	13	1.05	0.95				
	112	1	0.0	0.0	0.0	0.0	1	1.0153685520130995	-1.1578979794090238	230.0	13	1.05	0.95				
	113	3	166.32978721228068	33.8936170168421	0.0	0.0	1	1.011611690943571	-2.9268873945475795e-28	230.0	14	1.05	0.95				
	114	2	121.7659574308772	24.47872340105263	0.0	0.0	1	1.0123166365610514	0.6651440313359034	230.0	16	1.05	0.95				
	115	2	198.96808508035087	40.17021276070175	0.0	0.0	1	1.0437412681706164	8.334624182741363	230.0	16	1.05	0.95				
	116	2	62.76595743859649	12.553191487719298	0.0	0.0	1	1.0409569948414228	7.389731398505859	230.0	16	1.05	0.95				
	117	1	0.0	0.0	0.0	0.0	1	1.04503813763783	10.54327468177303	230.0	17	1.05	0.95				
	118	2	209.0106382705263	42.680851058245615	0.0	0.0	1	1.0475714924195292	11.05564009604088	230.0	17	1.05	0.95				
	119	1	113.60638296385966	23.223404252280698	0.0	0.0	1	1.0341608442237622	5.557295401971292	230.0	15	1.05	0.95				
	120	1	80.3404255214035	16.319148934035088	0.0	0.0	1	1.033159626132583	4.790732408198677	230.0	15	1.05	0.95				
	121	2	0.0	0.0	0.0	0.0	1	1.05	12.62904345820011	230.0	17	1.05	0.95				
	122	2	0.0	0.0	0.0	0.0	1	1.05	19.48660263870159	230.0	17	1.05	0.95				
	123	2	0.0	0.0	0.0	0.0	1	1.034012279983657	4.840719850578486	230.0	15	1.05	0.95				
	124	1	0.0	0.0	0.0	0.0	1	1.027742229120125	5.080389564354618	230.0	16	1.05	0.95				
	201	2	78.36927434526316	15.964111440701757	0.0	0.0	2	1.0346315761560345	-15.773667492662941	138.0	21	1.05	0.95				
	202	2	70.38721862491228	14.512828582456141	0.0	0.0	2	1.03521484944351	-15.772050436445062	138.0	22	1.05	0.95				
	203	1	130.6154572421053	26.848732877543863	0.0	0.0	2	1.0159724674049078	-13.526585477128828	138.0	21	1.05	0.95				
	204	1	53.69746575508773	10.884621436842105	0.0	0.0	2	1.016861687064725	-17.026163981889553	138.0	21	1.05	0.95				
	205	1	51.5205414677193	10.1589800077193	0.0	0.0	2	1.0331368373577878	-17.40015810397484	138.0	21	1.05	0.95				
	206	1	98.68723436070177	20.3179600154386	0.0	-100.0	2	1.0381676795591352	-18.981327373318518	138.0	22	1.05	0.95				
	207	2	90.70517864035088	18.141035728070175	0.0	0.0	2	0.9644507266016592	-29.707266743854152	138.0	22	1.05	0.95				
	208	1	124.08468438	25.397450019298244	0.0	0.0	2	0.9683482659116828	-26.107727037739792	138.0	22	1.05	0.95				
	209	1	126.98725009649124	26.123091448421054	0.0	0.0	2	1.024727018516176	-15.106633629912906	138.0	23	1.05	0.95				
	210	1	141.50007867894738	29.025657164912282	0.0	0.0	2	1.05	-16.758357758696597	138.0	23	1.05	0.95				
	211	1	0.0	0.0	0.0	0.0	2	1.025750276641313	-11.18443382920048	230.0	23	1.05	0.95				
	212	1	0.0	0.0	0.0	0.0	2	1.023290060998448	-6.841387983805236	230.0	23	1.05	0.95				
	213	2	192.29497871754387	39.18463717263158	0.0	0.0	2	1.0342484911098877	-8.672071455871517	230.0	24	1.05	0.95				
	214	2	140.77443724982456	28.300015735789476	0.0	0.0	2	1.0390314336821505	-8.764975351511358	230.0	26	1.05	0.95				
	215	2	230.02833303192983	46.44105146385965	0.0	0.0	2	1.0409652920188832	-0.601357889380954	230.0	26	1.05	0.95				
	216	2	72.5641429122807	14.512828582456141	0.0	0.0	2	1.043507129241054	-0.8473658030836096	230.0	26	1.05	0.95				
	217	1	0.0	0.0	0.0	0.0	2	1.0441574472192459	1.7622643664802018	230.0	27	1.05	0.95				
	218	2	241.63859589789473	49.34361718035088	0.0	0.0	2	1.044512265267505	1.7478652471918972	230.0	27	1.05	0.95				
	219	1	131.34109867122808	26.848732877543863	0.0	0.0	2	1.0410859925484608	-0.9694540830220465	230.0	25	1.05	0.95				
	220	1	92.8821029277193	18.866677157192985	0.0	0.0	2	1.0453193325070322	0.2871077090322624	230.0	25	1.05	0.95				
	221	2	0.0	0.0	0.0	0.0	2	1.0449987466095734	1.7359925655743695	230.0	27	1.05	0.95				
	222	2	0.0	0.0	0.0	0.0	2	1.05	8.253799135585487	230.0	27	1.05	0.95				
	223	2	0.0	0.0	0.0	0.0	2	1.05	1.5014484275043452	230.0	25	1.05	0.95				
	224	1	0.0	0.0	0.0	0.0	2	1.0153187463298539	-5.381037655638272	230.0	26	1.05	0.95				
	301	2	68.2644732631579	13.905726035087717	0.0	0.0	3	0.9984006953534114	-3.5847494612277866	138.0	31	1.05	0.95				
	302	2	61.311610245614034	12.641569122807017	0.0	0.0	3	0.9982436509568096	-3.6471226355543838	138.0	32	1.05	0.95				
	303	1	113.77412210526316	23.38690287719298	0.0	0.0	3	1.015742946277141	0.4432479192014143	138.0	31	1.05	0.95				
	304	1	46.77380575438596	9.481176842105263	0.0	0.0	3	1.0015585993551679	-1.475145068197475	138.0	31	1.05	0.95				
	305	1	44.87757038596491	8.849098385964913	0.0	0.0	3	1.0144280267097157	-1.6254403459695304	138.0	31	1.05	0.95				
	306	1	85.96267003508771	17.698196771929826	0.0	-100.0	3	1.0315064931405964	-1.2363024088988648	138.0	32	1.05	0.95				
	307	2	79.00980701754385	15.801961403508772	0.0	0.0	3	0.9921884297236152	-6.4043937405538856	138.0	32	1.05	0.95				
	308	1	108.085416	22.122745964912276	0.0	0.0	3	0.9977408573977582	-3.4858915218796285	138.0	32	1.05	0.95				
	309	1	110.61372982456139	22.75482442105263	0.0	0.0	3	1.0270324292441888	2.8710555067257775	138.0	33	1.05	0.95				
	310	1	123.25529894736842	25.283138245614033	0.0	0.0	3	1.05	2.349883347006628	138.0	33	1.05	0.95				
	311	1	0.0	0.0	0.0	0.0	3	1.0182474454173076	9.194828162328474	230.0	33	1.05	0.95				
	312	1	0.0	0.0	0.0	0.0	3	1.0218227879592063	10.318250631930347	230.0	33	1.05	0.95				
	313	2	167.50079087719297	34.13223663157895	0.0	0.0	3	1.0419533921478061	16.77678637533639	230.0	34	1.05	0.95				
	314	2	122.62322049122807	24.651059789473685	0.0	0.0	3	1.02245973573356	8.979064756381543	230.0	36	1.05	0.95				
	315	2	200.36887059649123	40.453021192982455	0.0	0.0	3	1.0375126343788739	5.774151548506793	230.0	36	1.05	0.95				
	316	2	63.20784561403509	12.641569122807017	0.0	0.0	3	1.0385071211331611	7.175440571039193	230.0	36	1.05	0.95				
	317	1	0.0	0.0	0.0	0.0	3	1.0444781132929861	7.544518785206248	230.0	37	1.05	0.95				
	318	2	210.48212589473684	42.981335017543856	0.0	0.0	3	1.0420367729287356	5.948818197396599	230.0	37	1.05	0.95				
	319	1	114.40620056140351	23.38690287719298	0.0	0.0	3	1.0371843511229826	9.228935951311867	230.0	35	1.05	0.95				
	320	1	80.90604238596491	16.434039859649122	0.0	0.0	3	1.0386249832574477	10.785438577379246	230.0	35	1.05	0.95				
	321	2	0.0	0.0	0.0	0.0	3	1.0417936929825429	6.478615335565702	230.0	37	1.05	0.95				
	322	2	0.0	0.0	0.0	0.0	3	1.05	11.223589514538913	230.0	37	1.05	0.95				
	323	2	0.0	0.0	0.0	0.0	3	1.0396570573344457	11.443633536646427	230.0	35	1.05	0.95				
	324	1	0.0	0.0	0.0	0.0	3	1.0241421787667373	5.629895278740168	230.0	36	1.05	0.95				
	325	1	0.0	0.0	0.0	0.0	3	1.0411722748897283	11.5487189533517	230.0	35	1.05	0.95				
];
