%% MATPOWER Case Format : Version 2
function mpc = RTS_GMLC
mpc.version = '2';

%%-----  Power Flow Data  -----%%
%% system MVA base
mpc.baseMVA = 100.0;
%% bus data
%    bus_i    type    Pd    Qd    Gs    Bs    area    Vm    Va    baseKV    zone    Vmax    Vmin
mpc.bus = [
	101	2	90.7258782694737	18.481197425263158	0.0	0.0	1	1.0439341090738945	-0.9935826660058819	138.0	11	1.05	0.95				
	102	2	81.4852795568421	16.80108856842105	0.0	0.0	1	1.0438590357952988	-1.1148356589476536	138.0	12	1.05	0.95				
	103	1	151.20979711578948	31.082013851578942	0.0	0.0	1	1.0194442364318415	-2.5289934151353237	138.0	11	1.05	0.95				
	104	1	62.164027703157885	12.60081642631579	0.0	0.0	1	1.021705007874569	-4.657406346591345	138.0	11	1.05	0.95				
	105	1	59.64386441789473	11.760761997894738	0.0	0.0	1	1.03507292059402	-5.104833877399674	138.0	11	1.05	0.95				
	106	1	114.24740226526315	23.521523995789476	0.0	-100.0	1	1.0354531597255208	-8.17392650166968	138.0	12	1.05	0.95				
	107	2	105.00680355263157	21.001360710526313	0.0	0.0	1	1.05	-7.7839613374106005	138.0	12	1.05	0.95				
	108	1	143.64930725999997	29.40190499473684	0.0	0.0	1	1.0228080709323955	-9.582134249723984	138.0	12	1.05	0.95				
	109	1	147.0095249736842	30.241959423157894	0.0	0.0	1	1.0268463429209302	-5.1491429542437865	138.0	13	1.05	0.95				
	110	1	163.81061354210524	33.6021771368421	0.0	0.0	1	1.05	-6.680004898187055	138.0	13	1.05	0.95				
	111	1	0.0	0.0	0.0	0.0	1	1.0164910352669345	-1.9643206012479504	230.0	13	1.05	0.95				
	112	1	0.0	0.0	0.0	0.0	1	1.018449814687407	-1.1913180001254966	230.0	13	1.05	0.95				
	113	3	222.61442353157892	45.36293913473685	0.0	0.0	1	1.020249627168979	2.9418211790828804e-30	230.0	14	1.05	0.95				
	114	2	162.9705591136842	32.76212270842105	0.0	0.0	1	1.0206694025330838	0.2786170848866806	230.0	16	1.05	0.95				
	115	2	266.29725380947366	53.76348341894737	0.0	0.0	1	1.0429579504238453	9.262115252007472	230.0	16	1.05	0.95				
	116	2	84.00544284210525	16.80108856842105	0.0	0.0	1	1.0427465761272243	8.563557170287542	230.0	16	1.05	0.95				
	117	1	0.0	0.0	0.0	0.0	1	1.0466376931073844	12.453013938650871	230.0	17	1.05	0.95				
	118	2	279.7381246642105	57.123701132631574	0.0	0.0	1	1.05	13.364999983880743	230.0	17	1.05	0.95				
	119	1	152.04985154421053	31.082013851578942	0.0	0.0	1	1.038187372207911	6.9187906166258175	230.0	15	1.05	0.95				
	120	1	107.52696683789473	21.84141513894737	0.0	0.0	1	1.0412568299395024	6.6729638791787815	230.0	15	1.05	0.95				
	121	2	0.0	0.0	0.0	0.0	1	1.05	14.18161686669534	230.0	17	1.05	0.95				
	122	2	0.0	0.0	0.0	0.0	1	1.05	21.362619976073358	230.0	17	1.05	0.95				
	123	2	0.0	0.0	0.0	0.0	1	1.0453408820676433	7.153873102615182	230.0	15	1.05	0.95				
	124	1	0.0	0.0	0.0	0.0	1	1.0193808525479995	4.897950561486823	230.0	16	1.05	0.95				
	201	2	93.14213756210528	18.973398392280703	0.0	0.0	2	1.05	-18.07413225226314	138.0	21	1.05	0.95				
	202	2	83.65543836596491	17.248543992982455	0.0	0.0	2	1.05	-18.254494516162975	138.0	22	1.05	0.95				
	203	1	155.2368959368421	31.909806387017547	0.0	0.0	2	1.0228579261452468	-13.13425371476602	138.0	21	1.05	0.95				
	204	1	63.81961277403509	12.936407994736843	0.0	0.0	2	1.0198595301265931	-19.53641728116703	138.0	21	1.05	0.95				
	205	1	61.232331175087715	12.07398079508772	0.0	0.0	2	1.0382954891017995	-20.11117043133705	138.0	21	1.05	0.95				
	206	1	117.29009915228073	24.14796159017544	0.0	-100.0	2	1.0364070931709453	-22.08528115228822	138.0	22	1.05	0.95				
	207	2	107.80339995614034	21.56067999122807	0.0	0.0	2	0.95	-32.51007247356746	138.0	22	1.05	0.95				
	208	1	147.47505114	30.184951987719298	0.0	0.0	2	0.9541619423068699	-29.21353631941381	138.0	22	1.05	0.95				
	209	1	150.9247599385965	31.047379187368424	0.0	0.0	2	1.0231131526681159	-17.11260920888529	138.0	23	1.05	0.95				
	210	1	168.17330393157894	34.49708798596491	0.0	0.0	2	1.0484750695642993	-19.502013868838183	138.0	23	1.05	0.95				
	211	1	0.0	0.0	0.0	0.0	2	1.0311477311081085	-11.814960164299338	230.0	23	1.05	0.95				
	212	1	0.0	0.0	0.0	0.0	2	1.0224521851745296	-9.941944154455415	230.0	23	1.05	0.95				
	213	2	228.54320790701755	46.57106878105264	0.0	0.0	2	1.05	-8.128871408443633	230.0	24	1.05	0.95				
	214	2	167.31087673192982	33.63466078631579	0.0	0.0	2	1.05	-8.854867578749076	230.0	26	1.05	0.95				
	215	2	273.3894222887719	55.19534077754387	0.0	0.0	2	1.043391492088175	1.0801565511788378	230.0	26	1.05	0.95				
	216	2	86.24271996491228	17.248543992982455	0.0	0.0	2	1.0474464698449197	0.6951573031214116	230.0	26	1.05	0.95				
	217	1	0.0	0.0	0.0	0.0	2	1.0488487891717433	4.372595292711511	230.0	27	1.05	0.95				
	218	2	287.1882574831579	58.645049576140366	0.0	0.0	2	1.05	4.904230613257417	230.0	27	1.05	0.95				
	219	1	156.09932313649125	31.909806387017547	0.0	0.0	2	1.0420901909686178	-0.08473523667414139	230.0	25	1.05	0.95				
	220	1	110.39068155508774	22.423107190877197	0.0	0.0	2	1.0453541519654304	0.8503728221144461	230.0	25	1.05	0.95				
	221	2	0.0	0.0	0.0	0.0	2	1.05	5.360660897292018	230.0	27	1.05	0.95				
	222	2	0.0	0.0	0.0	0.0	2	1.05	11.484927337340649	230.0	27	1.05	0.95				
	223	2	0.0	0.0	0.0	0.0	2	1.05	1.987773940237603	230.0	25	1.05	0.95				
	224	1	0.0	0.0	0.0	0.0	2	1.017483271063576	-4.200060150240137	230.0	26	1.05	0.95				
	301	2	82.9560265768421	16.898449858245616	0.0	0.0	3	0.9911244748051188	-10.321300820366073	138.0	31	1.05	0.95				
	302	2	74.5068016477193	15.362227143859652	0.0	0.0	3	0.9916844858813149	-10.50282638692894	138.0	32	1.05	0.95				
	303	1	138.26004429473687	28.420120216140354	0.0	0.0	3	1.0122744717839247	-1.5807283326763841	138.0	31	1.05	0.95				
	304	1	56.84024043228071	11.521670357894736	0.0	0.0	3	0.9842423562267482	-7.6025436097251395	138.0	31	1.05	0.95				
	305	1	54.53590636070176	10.753559000701756	0.0	0.0	3	0.9968517822857627	-8.575302828803212	138.0	31	1.05	0.95				
	306	1	104.46314457824563	21.507118001403512	0.0	-100.0	3	1.0069661410906685	-8.450427887603672	138.0	32	1.05	0.95				
	307	2	96.01391964912281	19.202783929824562	0.0	0.0	3	0.9607239439224289	-14.38187824673051	138.0	32	1.05	0.95				
	308	1	131.34704208000002	26.883897501754383	0.0	0.0	3	0.9664173996309972	-10.571433248366512	138.0	32	1.05	0.95				
	309	1	134.41948750877197	27.65200885894737	0.0	0.0	3	1.00862512508037	-1.9805436128922138	138.0	33	1.05	0.95				
	310	1	149.7817146526316	30.724454287719304	0.0	0.0	3	1.0262784646479532	-4.246195800646916	138.0	33	1.05	0.95				
	311	1	0.0	0.0	0.0	0.0	3	1.0037329150419545	4.565031548174696	230.0	33	1.05	0.95				
	312	1	0.0	0.0	0.0	0.0	3	1.0059642894357246	6.058602460998865	230.0	33	1.05	0.95				
	313	2	203.54950965614034	41.47801328842105	0.0	0.0	3	1.0340035962442609	12.95099681593923	230.0	34	1.05	0.95				
	314	2	149.0136032954386	29.95634293052632	0.0	0.0	3	1.0141776391114772	4.58711804484789	230.0	36	1.05	0.95				
	315	2	243.49130023017545	49.15912686035088	0.0	0.0	3	1.040246636246869	4.648995190182955	230.0	36	1.05	0.95				
	316	2	76.81113571929825	15.362227143859652	0.0	0.0	3	1.0376323694352612	5.503488342886895	230.0	36	1.05	0.95				
	317	1	0.0	0.0	0.0	0.0	3	1.0442499842639332	6.543453495843931	230.0	37	1.05	0.95				
	318	2	255.7810819452632	52.231572289122816	0.0	0.0	3	1.043691170277357	5.5863802568305605	230.0	37	1.05	0.95				
	319	1	139.02815565192984	28.420120216140354	0.0	0.0	3	1.0332364324936587	6.770729559293781	230.0	35	1.05	0.95				
	320	1	98.31825372070176	19.970895287017544	0.0	0.0	3	1.0339309715298681	8.20533378116245	230.0	35	1.05	0.95				
	321	2	0.0	0.0	0.0	0.0	3	1.0459637769323455	6.90491233463106	230.0	37	1.05	0.95				
	322	2	0.0	0.0	0.0	0.0	3	1.05	11.85366024987274	230.0	37	1.05	0.95				
	323	2	0.0	0.0	0.0	0.0	3	1.0352307174581274	8.9239110350922	230.0	35	1.05	0.95				
	324	1	0.0	0.0	0.0	0.0	3	1.023659873611405	4.127320892020706	230.0	36	1.05	0.95				
	325	1	0.0	0.0	0.0	0.0	3	1.0360846797486498	9.375282740397436	230.0	35	1.05	0.95				
];
