%% MATPOWER Case Format : Version 2
function mpc = RTS_GMLC
mpc.version = '2';

%%-----  Power Flow Data  -----%%
%% system MVA base
mpc.baseMVA = 100.0;
%% bus data
%    bus_i    type    Pd    Qd    Gs    Bs    area    Vm    Va    baseKV    zone    Vmax    Vmin
mpc.bus = [
	101	2	53.7194458231579	10.94285007508772	0.0	0.0	1	1.0317266963073788	1.8673791544485898	138.0	11	1.05	0.95				
	102	2	48.24802078561403	9.948045522807018	0.0	0.0	1	1.0312795250051836	1.6981698863709482	138.0	12	1.05	0.95				
	103	1	89.53240970526316	18.40388421719298	0.0	0.0	1	1.02774376203497	0.842387284389283	138.0	11	1.05	0.95				
	104	1	36.80776843438596	7.461034142105263	0.0	0.0	1	1.0194539030251224	-1.5256615934991444	138.0	11	1.05	0.95				
	105	1	35.31556160596491	6.963631865964913	0.0	0.0	1	1.0339499404387162	-1.4167071928235084	138.0	11	1.05	0.95				
	106	1	67.64670955508772	13.927263731929825	0.0	-100.0	1	1.0429278302575702	-3.754966520713311	138.0	12	1.05	0.95				
	107	2	62.17528451754386	12.435056903508771	0.0	0.0	1	1.0098828339099661	-8.412683690723433	138.0	12	1.05	0.95				
	108	1	85.05578922	17.40907966491228	0.0	0.0	1	1.0081370377568748	-7.53174631949954	138.0	12	1.05	0.95				
	109	1	87.0453983245614	17.906481941052633	0.0	0.0	1	1.0252498181791043	-2.1440364810999544	138.0	13	1.05	0.95				
	110	1	96.99344384736843	19.896091045614035	0.0	0.0	1	1.05	-3.172447854341977	138.0	13	1.05	0.95				
	111	1	0.0	0.0	0.0	0.0	1	1.0069449776011155	-0.02649911187429447	230.0	13	1.05	0.95				
	112	1	0.0	0.0	0.0	0.0	1	1.0116874762682946	0.17095759439682742	230.0	13	1.05	0.95				
	113	3	131.81160317719298	26.85972291157895	0.0	0.0	1	1.0015920571714665	-1.35228294371048e-28	230.0	14	1.05	0.95				
	114	2	96.49604157122806	19.398688769473686	0.0	0.0	1	1.0063458318068574	2.686377530832458	230.0	16	1.05	0.95				
	115	2	157.67652153649124	31.833745672982456	0.0	0.0	1	1.0422965453894375	10.063393500949717	230.0	16	1.05	0.95				
	116	2	49.740227614035085	9.948045522807018	0.0	0.0	1	1.039434667520416	9.391013738369386	230.0	16	1.05	0.95				
	117	1	0.0	0.0	0.0	0.0	1	1.0438917533926289	12.238450447802078	230.0	17	1.05	0.95				
	118	2	165.63495795473685	33.82335477754386	0.0	0.0	1	1.0470695566874422	12.298679267400475	230.0	17	1.05	0.95				
	119	1	90.02981198140351	18.40388421719298	0.0	0.0	1	1.0331169600891308	7.635305598196388	230.0	15	1.05	0.95				
	120	1	63.66749134596491	12.932459179649122	0.0	0.0	1	1.0317721355603062	7.0555952350246045	230.0	15	1.05	0.95				
	121	2	0.0	0.0	0.0	0.0	1	1.05	13.496918866353813	230.0	17	1.05	0.95				
	122	2	0.0	0.0	0.0	0.0	1	1.05	23.34766888160783	230.0	17	1.05	0.95				
	123	2	0.0	0.0	0.0	0.0	1	1.031837065802038	7.113915953684135	230.0	15	1.05	0.95				
	124	1	0.0	0.0	0.0	0.0	1	1.0252521835853443	6.625800149412494	230.0	16	1.05	0.95				
	201	2	62.763418875789476	12.785140882105264	0.0	0.0	2	1.0305297853207582	-12.995817232238002	138.0	21	1.05	0.95				
	202	2	56.37084843473684	11.622855347368422	0.0	0.0	2	1.0309641752956216	-13.017621190188152	138.0	22	1.05	0.95				
	203	1	104.60569812631579	21.50228239263158	0.0	0.0	2	1.018425747952778	-10.67914188002261	138.0	21	1.05	0.95				
	204	1	43.00456478526316	8.717141510526316	0.0	0.0	2	1.0169908829222691	-15.008853114458715	138.0	21	1.05	0.95				
	205	1	41.2611364831579	8.135998743157897	0.0	0.0	2	1.0328104154808673	-15.347945054787376	138.0	21	1.05	0.95				
	206	1	79.03541636210527	16.271997486315794	0.0	-100.0	2	1.0410422940787583	-17.209853383172316	138.0	22	1.05	0.95				
	207	2	72.64284592105264	14.528569184210527	0.0	0.0	2	0.9889933714381868	-25.87827204388971	138.0	22	1.05	0.95				
	208	1	99.37541322	20.33999685789474	0.0	0.0	2	0.9897387774511189	-23.098600467667264	138.0	22	1.05	0.95				
	209	1	101.69998428947369	20.92113962526316	0.0	0.0	2	1.0232025345470566	-14.270864872928852	138.0	23	1.05	0.95				
	210	1	113.3228396368421	23.245710694736843	0.0	0.0	2	1.05	-15.889183665668307	138.0	23	1.05	0.95				
	211	1	0.0	0.0	0.0	0.0	2	1.014986196651268	-10.840154500586602	230.0	23	1.05	0.95				
	212	1	0.0	0.0	0.0	0.0	2	1.0135533605262221	-10.08072570999632	230.0	23	1.05	0.95				
	213	2	154.0028333526316	31.381709437894738	0.0	0.0	2	1.0144644106332148	-9.664356187977647	230.0	24	1.05	0.95				
	214	2	112.74169686947369	22.664567927368424	0.0	0.0	2	1.0244463460373838	-7.632689213131567	230.0	26	1.05	0.95				
	215	2	184.22225725578946	37.19313711157895	0.0	0.0	2	1.0352858840807473	0.6970778303227291	230.0	26	1.05	0.95				
	216	2	58.11427673684211	11.622855347368422	0.0	0.0	2	1.038373268702637	0.45874064710130863	230.0	26	1.05	0.95				
	217	1	0.0	0.0	0.0	0.0	2	1.0412095545084088	3.794620232588457	230.0	27	1.05	0.95				
	218	2	193.52054153368422	39.51770818105263	0.0	0.0	2	1.04282013595257	4.119943961839968	230.0	27	1.05	0.95				
	219	1	105.18684089368422	21.50228239263158	0.0	0.0	2	1.0368602973967482	-0.44286419871857247	230.0	25	1.05	0.95				
	220	1	74.3862742231579	15.10971195157895	0.0	0.0	2	1.0402041604739205	-0.12090009475712164	230.0	25	1.05	0.95				
	221	2	0.0	0.0	0.0	0.0	2	1.042385858235545	3.741229344753072	230.0	27	1.05	0.95				
	222	2	0.0	0.0	0.0	0.0	2	1.05	10.266905079849892	230.0	27	1.05	0.95				
	223	2	0.0	0.0	0.0	0.0	2	1.0433435655651428	0.48526736171709134	230.0	25	1.05	0.95				
	224	1	0.0	0.0	0.0	0.0	2	1.014838982281071	-3.539141477329788	230.0	26	1.05	0.95				
	301	2	42.520088576842106	8.66149952491228	0.0	0.0	3	1.0110270633443232	-10.958175209104647	138.0	31	1.05	0.95				
	302	2	38.18933881438596	7.874090477192983	0.0	0.0	3	1.0108555719707248	-11.110103951873196	138.0	32	1.05	0.95				
	303	1	70.86681429473684	14.567067382807016	0.0	0.0	3	1.0318863331662207	-4.475859166121843	138.0	31	1.05	0.95				
	304	1	29.134134765614032	5.905567857894736	0.0	0.0	3	1.0127074386759845	-9.90519266152829	138.0	31	1.05	0.95				
	305	1	27.95302119403508	5.5118633340350875	0.0	0.0	3	1.0256445881973602	-10.801175474418221	138.0	31	1.05	0.95				
	306	1	53.54381524491229	11.023726668070175	0.0	-100.0	3	1.0421763347227448	-11.197201375580947	138.0	32	1.05	0.95				
	307	2	49.21306548245614	9.842613096491228	0.0	0.0	3	0.990912177023922	-15.290393828310084	138.0	32	1.05	0.95				
	308	1	67.32347358	13.779658335087719	0.0	0.0	3	0.9996969536930689	-13.559560192658015	138.0	32	1.05	0.95				
	309	1	68.8982916754386	14.173362858947366	0.0	0.0	3	1.0260291527144643	-7.3021236031541825	138.0	33	1.05	0.95				
	310	1	76.77238215263156	15.748180954385965	0.0	0.0	3	1.05	-9.374864076195129	138.0	33	1.05	0.95				
	311	1	0.0	0.0	0.0	0.0	3	1.0045967878635633	-4.488262111360583	230.0	33	1.05	0.95				
	312	1	0.0	0.0	0.0	0.0	3	1.010237393426321	-3.9289546952435592	230.0	33	1.05	0.95				
	313	2	104.33169882280701	21.260044288421053	0.0	0.0	3	1.0079555135028104	-1.1771683185345692	230.0	34	1.05	0.95				
	314	2	76.37867762877192	15.354476430526315	0.0	0.0	3	0.997910943471176	-3.396599979502936	230.0	36	1.05	0.95				
	315	2	124.80433406350878	25.197089527017543	0.0	0.0	3	1.0265666628313845	-0.25928021712800153	230.0	36	1.05	0.95				
	316	2	39.37045238596491	7.874090477192983	0.0	0.0	3	1.0254913548835864	0.45935237542252183	230.0	36	1.05	0.95				
	317	1	0.0	0.0	0.0	0.0	3	1.0339956330261268	1.8522886182711045	230.0	37	1.05	0.95				
	318	2	131.10360644526315	26.771907622456144	0.0	0.0	3	1.0327019164271298	0.9680286723386394	230.0	37	1.05	0.95				
	319	1	71.26051881859648	14.567067382807016	0.0	0.0	3	1.0212263718995158	0.006228318847012994	230.0	35	1.05	0.95				
	320	1	50.394179054035085	10.236317620350876	0.0	0.0	3	1.0200102456522997	0.38857961166983773	230.0	35	1.05	0.95				
	321	2	0.0	0.0	0.0	0.0	3	1.0327253290237255	1.122463851636732	230.0	37	1.05	0.95				
	322	2	0.0	0.0	0.0	0.0	3	1.0465972066945617	5.743986585723465	230.0	37	1.05	0.95				
	323	2	0.0	0.0	0.0	0.0	3	1.0198343764113116	0.9078284148876172	230.0	35	1.05	0.95				
	324	1	0.0	0.0	0.0	0.0	3	1.0219371887204411	-1.8626460508209421	230.0	36	1.05	0.95				
	325	1	0.0	0.0	0.0	0.0	3	1.019109613740656	1.9895482074408561	230.0	35	1.05	0.95				
];
