%% MATPOWER Case Format : Version 2
function mpc = RTS_GMLC
mpc.version = '2';

%%-----  Power Flow Data  -----%%
%% system MVA base
mpc.baseMVA = 100.0;
%% bus data
%    bus_i    type    Pd    Qd    Gs    Bs    area    Vm    Va    baseKV    zone    Vmax    Vmin
mpc.bus = [
	101	2	100.49183571789473	20.470559127719294	0.0	0.0	1	1.0419166210780704	-5.817315257275804	138.0	11	1.05	0.95				
	102	2	90.25655615403507	18.609599207017542	0.0	0.0	1	1.0418748851241917	-5.908717092699232	138.0	12	1.05	0.95				
	103	1	167.48639286315787	34.42775853298245	0.0	0.0	1	1.0174710244619194	-5.865004080618148	138.0	11	1.05	0.95				
	104	1	68.8555170659649	13.957199405263157	0.0	0.0	1	1.017549879965318	-8.713211659603543	138.0	11	1.05	0.95				
	105	1	66.06407718491228	13.02671944491228	0.0	0.0	1	1.0335698817424332	-8.890333087358835	138.0	11	1.05	0.95				
	106	1	126.54527460771929	26.05343888982456	0.0	-100.0	1	1.033010114520965	-11.457175122495793	138.0	12	1.05	0.95				
	107	2	116.30999504385964	23.261999008771927	0.0	0.0	1	1.05	-6.227258635711145	138.0	12	1.05	0.95				
	108	1	159.11207321999998	32.56679861228069	0.0	0.0	1	1.020083817022101	-9.960173805807573	138.0	12	1.05	0.95				
	109	1	162.8339930614035	33.49727857263157	0.0	0.0	1	1.0274582928982057	-7.4295877724656645	138.0	13	1.05	0.95				
	110	1	181.44359226842104	37.219198414035084	0.0	0.0	1	1.05	-9.105210743135643	138.0	13	1.05	0.95				
	111	1	0.0	0.0	0.0	0.0	1	1.0219571368132758	-3.552171444509429	230.0	13	1.05	0.95				
	112	1	0.0	0.0	0.0	0.0	1	1.020760882709049	-2.1988533777129	230.0	13	1.05	0.95				
	113	3	246.57718949298243	50.245917858947365	0.0	0.0	1	1.030842251953963	3.096383416771784e-29	230.0	14	1.05	0.95				
	114	2	180.51311230807013	36.28871845368421	0.0	0.0	1	1.0300990881057315	-2.013241434132874	230.0	16	1.05	0.95				
	115	2	294.962147431228	59.550717462456134	0.0	0.0	1	1.0437354661144738	6.087533969872168	230.0	16	1.05	0.95				
	116	2	93.0479960350877	18.609599207017542	0.0	0.0	1	1.045568163488179	5.867626460281796	230.0	16	1.05	0.95				
	117	1	0.0	0.0	0.0	0.0	1	1.048217999864584	9.048971977199106	230.0	17	1.05	0.95				
	118	2	309.8498267968421	63.272637303859646	0.0	0.0	1	1.0499999847962407	9.772472442828219	230.0	17	1.05	0.95				
	119	1	168.41687282350875	34.42775853298245	0.0	0.0	1	1.0408096033612373	5.114182044808715	230.0	15	1.05	0.95				
	120	1	119.10143492491227	24.192478969122806	0.0	0.0	1	1.0447212568401067	5.928651292184501	230.0	15	1.05	0.95				
	121	2	0.0	0.0	0.0	0.0	1	1.05	10.700497582285871	230.0	17	1.05	0.95				
	122	2	0.0	0.0	0.0	0.0	1	1.05	16.564101646873898	230.0	17	1.05	0.95				
	123	2	0.0	0.0	0.0	0.0	1	1.049999988143405	7.048387609403765	230.0	15	1.05	0.95				
	124	1	0.0	0.0	0.0	0.0	1	1.0189076666455466	1.6747895235545678	230.0	16	1.05	0.95				
	201	2	85.76420589473685	17.47048638596491	0.0	0.0	2	1.037778681055151	-6.42009593072751	138.0	21	1.05	0.95				
	202	2	77.0289627017544	15.882260350877194	0.0	0.0	2	1.0391453937558612	-6.515588515007478	138.0	22	1.05	0.95				
	203	1	142.94034315789474	29.382181649122806	0.0	0.0	2	1.0284498833957643	-5.442397830775972	138.0	21	1.05	0.95				
	204	1	58.76436329824561	11.911695263157894	0.0	0.0	2	1.01923587804516	-7.9296101150720455	138.0	21	1.05	0.95				
	205	1	56.38202424561404	11.117582245614036	0.0	0.0	2	1.0337759105621016	-8.147318581584834	138.0	21	1.05	0.95				
	206	1	107.99937038596492	22.235164491228073	0.0	-100.0	2	1.0370729822612395	-9.862359051305916	138.0	22	1.05	0.95				
	207	2	99.26412719298246	19.85282543859649	0.0	0.0	2	0.95	-21.830065918908495	138.0	22	1.05	0.95				
	208	1	135.793326	27.793955614035088	0.0	0.0	2	0.9568426532347186	-17.832734022888648	138.0	22	1.05	0.95				
	209	1	138.96977807017544	28.588068631578945	0.0	0.0	2	1.0282854232063514	-5.886599393893349	138.0	23	1.05	0.95				
	210	1	154.85203842105264	31.76452070175439	0.0	0.0	2	1.05	-7.400527993325809	138.0	23	1.05	0.95				
	211	1	0.0	0.0	0.0	0.0	2	1.0322719074867288	-1.1491472167221537	230.0	23	1.05	0.95				
	212	1	0.0	0.0	0.0	0.0	2	1.0279795025085543	3.3258530843311402	230.0	23	1.05	0.95				
	213	2	210.4399496491228	42.88210294736842	0.0	0.0	2	1.0484961709168668	3.3348178981001215	230.0	24	1.05	0.95				
	214	2	154.0579254035088	30.970407684210528	0.0	0.0	2	1.0475005288090968	0.19386069697430638	230.0	26	1.05	0.95				
	215	2	251.73382656140348	50.82323312280702	0.0	0.0	2	1.0467061817872083	6.526330113562342	230.0	26	1.05	0.95				
	216	2	79.41130175438596	15.882260350877194	0.0	0.0	2	1.0496050171787739	6.9880083671318705	230.0	26	1.05	0.95				
	217	1	0.0	0.0	0.0	0.0	2	1.05	9.370413502180359	230.0	27	1.05	0.95				
	218	2	264.4396348421053	53.99968519298246	0.0	0.0	2	1.049242123102555	10.149913107979435	230.0	27	1.05	0.95				
	219	1	143.7344561754386	29.382181649122806	0.0	0.0	2	1.0436531040963533	7.330811814791817	230.0	25	1.05	0.95				
	220	1	101.64646624561404	20.64693845614035	0.0	0.0	2	1.0458048124715826	9.11441924593001	230.0	25	1.05	0.95				
	221	2	0.0	0.0	0.0	0.0	2	1.05	10.661482075658379	230.0	27	1.05	0.95				
	222	2	0.0	0.0	0.0	0.0	2	1.05	16.666843964691918	230.0	27	1.05	0.95				
	223	2	0.0	0.0	0.0	0.0	2	1.05	10.668262286435441	230.0	25	1.05	0.95				
	224	1	0.0	0.0	0.0	0.0	2	1.0247961666775764	2.073510517147812	230.0	26	1.05	0.95				
	301	2	85.31350836631579	17.37867763017544	0.0	0.0	3	1.0037694016657983	-9.686201831163165	138.0	31	1.05	0.95				
	302	2	76.62416955122806	15.798797845614034	0.0	0.0	3	1.0042314541385853	-10.051972197704867	138.0	32	1.05	0.95				
	303	1	142.18918061052634	29.227776014385963	0.0	0.0	3	1.0058113499681338	-4.871659337933843	138.0	31	1.05	0.95				
	304	1	58.455552028771926	11.849098384210526	0.0	0.0	3	0.9932606732992652	-8.352594145986371	138.0	31	1.05	0.95				
	305	1	56.08573235192982	11.059158491929825	0.0	0.0	3	1.0081285057215266	-8.453674071728644	138.0	31	1.05	0.95				
	306	1	107.43182535017543	22.11831698385965	0.0	-100.0	3	1.0169664739338753	-8.651058671114107	138.0	32	1.05	0.95				
	307	2	98.74248653508772	19.748497307017544	0.0	0.0	3	0.9870052355991428	-10.748336426821012	138.0	32	1.05	0.95				
	308	1	135.07972157999998	27.64789622982456	0.0	0.0	3	0.9851392355348344	-9.458059535335488	138.0	32	1.05	0.95				
	309	1	138.2394811491228	28.43783612210526	0.0	0.0	3	1.0131502493734938	-3.642099637292023	138.0	33	1.05	0.95				
	310	1	154.03827899473683	31.59759569122807	0.0	0.0	3	1.0356261102346282	-4.614866545909478	138.0	33	1.05	0.95				
	311	1	0.0	0.0	0.0	0.0	3	1.0067775778879624	3.13930230421052	230.0	33	1.05	0.95				
	312	1	0.0	0.0	0.0	0.0	3	1.008948549514934	4.111095396287215	230.0	33	1.05	0.95				
	313	2	209.33407145438596	42.656754183157894	0.0	0.0	3	1.0301263744032672	10.309308772529832	230.0	34	1.05	0.95				
	314	2	153.24833910245613	30.80765579894737	0.0	0.0	3	1.0151969297287948	3.9261762949907215	230.0	36	1.05	0.95				
	315	2	250.41094585298245	50.55615310596491	0.0	0.0	3	1.0376026807773384	4.17539734686642	230.0	36	1.05	0.95				
	316	2	78.99398922807018	15.798797845614034	0.0	0.0	3	1.0349409907888907	4.891239628518931	230.0	36	1.05	0.95				
	317	1	0.0	0.0	0.0	0.0	3	1.0405651805712939	6.281648268990466	230.0	37	1.05	0.95				
	318	2	263.04998412947367	53.715912675087715	0.0	0.0	3	1.0411335676982225	6.107028022169689	230.0	37	1.05	0.95				
	319	1	142.979120502807	29.227776014385963	0.0	0.0	3	1.0306128352745623	5.704102455140257	230.0	35	1.05	0.95				
	320	1	101.11230621192982	20.538437199298247	0.0	0.0	3	1.0308982693657196	6.586354952490208	230.0	35	1.05	0.95				
	321	2	0.0	0.0	0.0	0.0	3	1.044057632348989	7.183664757049865	230.0	37	1.05	0.95				
	322	2	0.0	0.0	0.0	0.0	3	1.05	12.594226671460456	230.0	37	1.05	0.95				
	323	2	0.0	0.0	0.0	0.0	3	1.0319237541519188	7.042359393717979	230.0	35	1.05	0.95				
	324	1	0.0	0.0	0.0	0.0	3	1.0168228968783062	2.705963749330604	230.0	36	1.05	0.95				
	325	1	0.0	0.0	0.0	0.0	3	1.0335050410386621	7.361865828571878	230.0	35	1.05	0.95				
];
