%% MATPOWER Case Format : Version 2
function mpc = RTS_GMLC
mpc.version = '2';

%%-----  Power Flow Data  -----%%
%% system MVA base
mpc.baseMVA = 100.0;
%% bus data
%    bus_i    type    Pd    Qd    Gs    Bs    area    Vm    Va    baseKV    zone    Vmax    Vmin
mpc.bus = [
	101	2	79.98466104000002	16.293171693333335	0.0	0.0	1	1.0484913793400648	-1.4653329159267776	138.0	11	1.05	0.95				
	102	2	71.83807519333334	14.811974266666668	0.0	0.0	1	1.0472590005148112	-1.8703291506118358	138.0	12	1.05	0.95				
	103	1	133.30776840000001	27.402152393333335	0.0	0.0	1	1.0273122162654864	-1.5448531868161748	138.0	11	1.05	0.95				
	104	1	54.80430478666667	11.1089807	0.0	0.0	1	1.0250238169593633	-4.9296088583935225	138.0	11	1.05	0.95				
	105	1	52.58250864666667	10.368381986666668	0.0	0.0	1	1.0388022806194939	-5.45207077115506	138.0	11	1.05	0.95				
	106	1	100.72142501333335	20.736763973333336	0.0	-100.0	1	1.039423433171511	-8.447678830819326	138.0	12	1.05	0.95				
	107	2	92.57483916666666	18.514967833333333	0.0	0.0	1	1.0013350125751639	-15.503801433548047	138.0	12	1.05	0.95				
	108	1	126.64237998000002	25.920954966666663	0.0	0.0	1	0.9938392883219522	-13.973078580818123	138.0	12	1.05	0.95				
	109	1	129.60477483333335	26.66155368	0.0	0.0	1	1.0256621208462635	-5.538653200529711	138.0	13	1.05	0.95				
	110	1	144.4167491	29.623948533333337	0.0	0.0	1	1.05	-7.236094174937559	138.0	13	1.05	0.95				
	111	1	0.0	0.0	0.0	0.0	1	1.017431983461731	-2.104288732963517	230.0	13	1.05	0.95				
	112	1	0.0	0.0	0.0	0.0	1	1.017398639480886	-1.7273306582286836	230.0	13	1.05	0.95				
	113	3	196.25865903333334	39.99233052000001	0.0	0.0	1	1.0198308313389446	-1.08287221195886e-28	230.0	14	1.05	0.95				
	114	2	143.67615038666668	28.883349820000003	0.0	0.0	1	1.0255522244313477	0.3262151225568036	230.0	16	1.05	0.95				
	115	2	234.76979212666666	47.398317653333336	0.0	0.0	1	1.0435726413968434	9.446763200123145	230.0	16	1.05	0.95				
	116	2	74.05987133333333	14.811974266666668	0.0	0.0	1	1.042936173215363	8.280327258502357	230.0	16	1.05	0.95				
	117	1	0.0	0.0	0.0	0.0	1	1.046305036278234	12.095104128627737	230.0	17	1.05	0.95				
	118	2	246.61937154000003	50.36071250666667	0.0	0.0	1	1.0491187390823382	13.030113031733967	230.0	17	1.05	0.95				
	119	1	134.04836711333334	27.402152393333335	0.0	0.0	1	1.036422032171956	6.215136664948154	230.0	15	1.05	0.95				
	120	1	94.79663530666667	19.25556654666667	0.0	0.0	1	1.0369218949104517	5.3715143117679895	230.0	15	1.05	0.95				
	121	2	0.0	0.0	0.0	0.0	1	1.05	15.17085559161673	230.0	17	1.05	0.95				
	122	2	0.0	0.0	0.0	0.0	1	1.05	20.5406741625418	230.0	17	1.05	0.95				
	123	2	0.0	0.0	0.0	0.0	1	1.0391089777263371	5.458087416477534	230.0	15	1.05	0.95				
	124	1	0.0	0.0	0.0	0.0	1	1.023731781152575	5.351575853219707	230.0	16	1.05	0.95				
	201	2	72.43632928421053	14.755548557894738	0.0	0.0	2	1.0277220020551545	-11.257480896256224	138.0	21	1.05	0.95				
	202	2	65.05855500526316	13.414135052631579	0.0	0.0	2	1.028773697768739	-11.032966506283477	138.0	22	1.05	0.95				
	203	1	120.72721547368421	24.816149847368422	0.0	0.0	2	1.0154773932611183	-10.318235471818866	138.0	21	1.05	0.95				
	204	1	49.632299694736844	10.060601289473684	0.0	0.0	2	1.015536096160903	-11.598203988356419	138.0	21	1.05	0.95				
	205	1	47.6201794368421	9.389894536842107	0.0	0.0	2	1.0303677195253973	-11.959255284000502	138.0	21	1.05	0.95				
	206	1	91.21611835789474	18.779789073684213	0.0	-100.0	2	1.0383992091788974	-12.94073546915185	138.0	22	1.05	0.95				
	207	2	83.83834407894737	16.767668815789474	0.0	0.0	2	0.9777859925201238	-22.529267128971828	138.0	22	1.05	0.95				
	208	1	114.6908547	23.474736342105263	0.0	0.0	2	0.9793491868284463	-19.256498452652455	138.0	22	1.05	0.95				
	209	1	117.37368171052631	24.145443094736844	0.0	0.0	2	1.025771166904726	-9.324796218713653	138.0	23	1.05	0.95				
	210	1	130.7878167631579	26.828270105263158	0.0	0.0	2	1.05	-10.535714674692807	138.0	23	1.05	0.95				
	211	1	0.0	0.0	0.0	0.0	2	1.0213098174389343	-5.313856695674477	230.0	23	1.05	0.95				
	212	1	0.0	0.0	0.0	0.0	2	1.020603806083616	-0.014717042133467006	230.0	23	1.05	0.95				
	213	2	177.73728944736843	36.218164642105265	0.0	0.0	2	1.0295883230018845	-1.968024274757943	230.0	24	1.05	0.95				
	214	2	130.11711001052632	26.15756335263158	0.0	0.0	2	1.0295982514450575	-3.6945613670932294	230.0	26	1.05	0.95				
	215	2	212.61404058421053	42.925232168421054	0.0	0.0	2	1.04151485575204	2.242528891967814	230.0	26	1.05	0.95				
	216	2	67.0706752631579	13.414135052631579	0.0	0.0	2	1.0420045503939201	2.7139516130500607	230.0	26	1.05	0.95				
	217	1	0.0	0.0	0.0	0.0	2	1.0440445297172367	4.230576560066487	230.0	27	1.05	0.95				
	218	2	223.3453486263158	45.60805917894737	0.0	0.0	2	1.0432869008173287	3.9730726302003316	230.0	27	1.05	0.95				
	219	1	121.3979222263158	24.816149847368422	0.0	0.0	2	1.0396976197537044	4.2241620447001145	230.0	25	1.05	0.95				
	220	1	85.85046433684211	17.438375568421055	0.0	0.0	2	1.0443904649012818	6.7974178253914435	230.0	25	1.05	0.95				
	221	2	0.0	0.0	0.0	0.0	2	1.0443002752173416	4.177853750141424	230.0	27	1.05	0.95				
	222	2	0.0	0.0	0.0	0.0	2	1.05	10.705592976931289	230.0	27	1.05	0.95				
	223	2	0.0	0.0	0.0	0.0	2	1.05	8.689494391833891	230.0	25	1.05	0.95				
	224	1	0.0	0.0	0.0	0.0	2	1.0159786464344183	-2.3970889347614843	230.0	26	1.05	0.95				
	301	2	64.96741538526317	13.234103134035088	0.0	0.0	3	0.9941611875976164	20.14830716142397	138.0	31	1.05	0.95				
	302	2	58.35036381824561	12.031002849122807	0.0	0.0	3	0.9936403111067815	20.003850895335983	138.0	32	1.05	0.95				
	303	1	108.27902564210528	22.257355270877195	0.0	0.0	3	1.0338714143565377	26.504889683870974	138.0	31	1.05	0.95				
	304	1	44.51471054175439	9.023252136842105	0.0	0.0	3	1.0020597522539665	21.786617288190737	138.0	31	1.05	0.95				
	305	1	42.71006011438596	8.421701994385966	0.0	0.0	3	1.0133693746900407	21.335427776009382	138.0	31	1.05	0.95				
	306	1	81.81081937403509	16.843403988771932	0.0	-100.0	3	1.0316061047024145	21.31868317752023	138.0	32	1.05	0.95				
	307	2	75.19376780701754	15.038753561403508	0.0	0.0	3	0.9818831497436258	17.636252390775066	138.0	32	1.05	0.95				
	308	1	102.86507436000001	21.054254985964914	0.0	0.0	3	0.9958736692357867	20.315065263236928	138.0	32	1.05	0.95				
	309	1	105.27127492982456	21.65580512842105	0.0	0.0	3	1.0298474164102482	25.67972252522982	138.0	33	1.05	0.95				
	310	1	117.30227777894737	24.062005698245613	0.0	0.0	3	1.05	24.4480765361616	138.0	33	1.05	0.95				
	311	1	0.0	0.0	0.0	0.0	3	1.0169116396465572	30.086954219041367	230.0	33	1.05	0.95				
	312	1	0.0	0.0	0.0	0.0	3	1.0246079483651924	31.077800531394868	230.0	33	1.05	0.95				
	313	2	159.41078775087718	32.48370769263158	0.0	0.0	3	1.0396448421291618	37.98182788417164	230.0	34	1.05	0.95				
	314	2	116.70072763649122	23.460455555789476	0.0	0.0	3	1.0152123363932593	28.09091909612039	230.0	36	1.05	0.95				
	315	2	190.6913951585965	38.49920911719298	0.0	0.0	3	1.0432022214560912	22.32301796429214	230.0	36	1.05	0.95				
	316	2	60.15501424561403	12.031002849122807	0.0	0.0	3	1.042504448791253	23.274483374336413	230.0	36	1.05	0.95				
	317	1	0.0	0.0	0.0	0.0	3	1.0491190679619198	22.541162033732803	230.0	37	1.05	0.95				
	318	2	200.31619743789471	40.905409687017546	0.0	0.0	3	1.0484108261412677	20.655795144914247	230.0	37	1.05	0.95				
	319	1	108.8805757845614	22.257355270877195	0.0	0.0	3	1.0420811496499296	25.37702394756581	230.0	35	1.05	0.95				
	320	1	76.99841823438597	15.64030370385965	0.0	0.0	3	1.0436612761452668	26.81680921153087	230.0	35	1.05	0.95				
	321	2	0.0	0.0	0.0	0.0	3	1.0471742763943426	21.803346750447208	230.0	37	1.05	0.95				
	322	2	0.0	0.0	0.0	0.0	3	1.05	26.43484297282583	230.0	37	1.05	0.95				
	323	2	0.0	0.0	0.0	0.0	3	1.0442405480249763	27.270757638525712	230.0	35	1.05	0.95				
	324	1	0.0	0.0	0.0	0.0	3	1.0394819701887568	25.845470626340298	230.0	36	1.05	0.95				
	325	1	0.0	0.0	0.0	0.0	3	1.0458978114366966	26.249442475752556	230.0	35	1.05	0.95				
];
