%% MATPOWER Case Format : Version 2
function mpc = RTS_GMLC
mpc.version = '2';

%%-----  Power Flow Data  -----%%
%% system MVA base
mpc.baseMVA = 100.0;
%% bus data
%    bus_i    type    Pd    Qd    Gs    Bs    area    Vm    Va    baseKV    zone    Vmax    Vmin
mpc.bus = [
	101	2	76.85848591578947	15.656358242105265	0.0	0.0	1	1.0302675575722882	-1.4827343260246342	138.0	11	1.05	0.95				
	102	2	69.03030679473684	14.23305294736842	0.0	0.0	1	1.0302841476855862	-1.5504113696860078	138.0	12	1.05	0.95				
	103	1	128.0974765263158	26.33114795263158	0.0	0.0	1	1.0206314387440172	-1.768407998442729	138.0	11	1.05	0.95				
	104	1	52.66229590526316	10.674789710526316	0.0	0.0	1	1.0156718892705756	-4.506255578902756	138.0	11	1.05	0.95				
	105	1	50.52733796315789	9.963137063157895	0.0	0.0	1	1.0305434323721867	-4.55640168932812	138.0	11	1.05	0.95				
	106	1	96.78476004210526	19.92627412631579	0.0	-100.0	1	1.0366688897611886	-6.924523660130948	138.0	12	1.05	0.95				
	107	2	88.95658092105263	17.791316184210526	0.0	0.0	1	1.05	-4.8158611122786805	138.0	12	1.05	0.95				
	108	1	121.6926027	24.907842657894737	0.0	0.0	1	1.0267651618072455	-6.966018048566416	138.0	12	1.05	0.95				
	109	1	124.53921328947368	25.619495305263158	0.0	0.0	1	1.0265282701250877	-4.035738886224814	138.0	13	1.05	0.95				
	110	1	138.77226623684209	28.46610589473684	0.0	0.0	1	1.05	-5.416008355107793	138.0	13	1.05	0.95				
	111	1	0.0	0.0	0.0	0.0	1	1.0127180832726044	-1.1709745041554267	230.0	13	1.05	0.95				
	112	1	0.0	0.0	0.0	0.0	1	1.0156734209111793	-0.5377465215882159	230.0	13	1.05	0.95				
	113	3	188.58795155263158	38.429242957894736	0.0	0.0	1	1.012824741340263	-7.467936099773375e-28	230.0	14	1.05	0.95				
	114	2	138.0606135894737	27.75445324736842	0.0	0.0	1	1.0151678063858582	1.414301073395078	230.0	16	1.05	0.95				
	115	2	225.59388921578946	45.54576943157895	0.0	0.0	1	1.0453214110103737	9.864544486575378	230.0	16	1.05	0.95				
	116	2	71.1652647368421	14.23305294736842	0.0	0.0	1	1.043864280032065	9.317347990596868	230.0	16	1.05	0.95				
	117	1	0.0	0.0	0.0	0.0	1	1.0471671391081818	12.697966821498811	230.0	17	1.05	0.95				
	118	2	236.98033157368423	48.39238002105263	0.0	0.0	1	1.0497087526787854	13.363107887084949	230.0	17	1.05	0.95				
	119	1	128.8091291736842	26.33114795263158	0.0	0.0	1	1.0380149990355825	7.6340837925315	230.0	15	1.05	0.95				
	120	1	91.0915388631579	18.502968831578947	0.0	0.0	1	1.0394123866995415	7.512447737471829	230.0	15	1.05	0.95				
	121	2	0.0	0.0	0.0	0.0	1	1.05	14.02856701022065	230.0	17	1.05	0.95				
	122	2	0.0	0.0	0.0	0.0	1	1.05	21.43694352025526	230.0	17	1.05	0.95				
	123	2	0.0	0.0	0.0	0.0	1	1.0420010121741672	7.971693668015854	230.0	15	1.05	0.95				
	124	1	0.0	0.0	0.0	0.0	1	1.021481750033689	5.563964350855413	230.0	16	1.05	0.95				
	201	2	95.31811743157895	19.416653550877193	0.0	0.0	2	1.05	-14.909086429513964	138.0	21	1.05	0.95				
	202	2	85.60979065614035	17.651503228070176	0.0	0.0	2	1.05	-14.966891636538932	138.0	22	1.05	0.95				
	203	1	158.86352905263158	32.65528097192983	0.0	0.0	2	1.0218477559482508	-10.811432917372903	138.0	21	1.05	0.95				
	204	1	65.31056194385965	13.238627421052632	0.0	0.0	2	1.0187145392142585	-16.722165848201016	138.0	21	1.05	0.95				
	205	1	62.66283645964912	12.356052259649124	0.0	0.0	2	1.0369927910799952	-17.258406623212306	138.0	21	1.05	0.95				
	206	1	120.0302219508772	24.712104519298247	0.0	-100.0	2	1.0341518790665807	-19.39598952551275	138.0	22	1.05	0.95				
	207	2	110.3218951754386	22.06437903508772	0.0	0.0	2	0.95	-29.582183373445996	138.0	22	1.05	0.95				
	208	1	150.9203526	30.890130649122803	0.0	0.0	2	0.953184173547052	-26.533311165454975	138.0	22	1.05	0.95				
	209	1	154.45065324561403	31.772705810526315	0.0	0.0	2	1.021741147681261	-14.608846021861924	138.0	23	1.05	0.95				
	210	1	172.1021564736842	35.30300645614035	0.0	0.0	2	1.0465854282155784	-16.905954337485518	138.0	23	1.05	0.95				
	211	1	0.0	0.0	0.0	0.0	2	1.0301959925226116	-9.090720618000512	230.0	23	1.05	0.95				
	212	1	0.0	0.0	0.0	0.0	2	1.0208717021647247	-7.689573841396811	230.0	23	1.05	0.95				
	213	2	233.88241777192982	47.65905871578948	0.0	0.0	2	1.05	-4.577927204414682	230.0	24	1.05	0.95				
	214	2	171.2195813122807	34.420431294736844	0.0	0.0	2	1.05	-6.7010062312350955	230.0	26	1.05	0.95				
	215	2	279.77632616491223	56.48481032982456	0.0	0.0	2	1.042687960136895	2.3944594435922797	230.0	26	1.05	0.95				
	216	2	88.25751614035087	17.651503228070176	0.0	0.0	2	1.0473159874266884	2.1725895529531707	230.0	26	1.05	0.95				
	217	1	0.0	0.0	0.0	0.0	2	1.0486033641414172	5.641694153772252	230.0	27	1.05	0.95				
	218	2	293.8975287473684	60.0151109754386	0.0	0.0	2	1.0499999964801394	6.14768115203763	230.0	27	1.05	0.95				
	219	1	159.7461042140351	32.65528097192983	0.0	0.0	2	1.0417697692321832	1.5621473209627637	230.0	25	1.05	0.95				
	220	1	112.96962065964912	22.94695419649123	0.0	0.0	2	1.0451167083594026	2.682957384507765	230.0	25	1.05	0.95				
	221	2	0.0	0.0	0.0	0.0	2	1.05	6.628066424207245	230.0	27	1.05	0.95				
	222	2	0.0	0.0	0.0	0.0	2	1.05	12.752953631202827	230.0	27	1.05	0.95				
	223	2	0.0	0.0	0.0	0.0	2	1.05	3.936178112090598	230.0	25	1.05	0.95				
	224	1	0.0	0.0	0.0	0.0	2	1.0181586437892083	-2.5085320601677616	230.0	26	1.05	0.95				
	301	2	76.87440682105265	15.659601389473684	0.0	0.0	3	1.0170504821869473	-16.40067793355552	138.0	31	1.05	0.95				
	302	2	69.04460612631578	14.236001263157897	0.0	0.0	3	1.0153645344664755	-16.83471166768856	138.0	32	1.05	0.95				
	303	1	128.12401136842107	26.33660233684211	0.0	0.0	3	1.0323474715762786	-8.211911157128448	138.0	31	1.05	0.95				
	304	1	52.67320467368422	10.677000947368422	0.0	0.0	3	1.009326846522803	-15.570025378591165	138.0	31	1.05	0.95				
	305	1	50.537804484210525	9.965200884210528	0.0	0.0	3	1.024125463437944	-16.506968515770048	138.0	31	1.05	0.95				
	306	1	96.8048085894737	19.930401768421056	0.0	-100.0	3	1.0338553256253715	-17.358581670749228	138.0	32	1.05	0.95				
	307	2	88.97500789473685	17.79500157894737	0.0	0.0	3	1.0096597651228971	-18.64162931293367	138.0	32	1.05	0.95				
	308	1	121.71781080000001	24.913002210526315	0.0	0.0	3	1.0022209210346562	-18.49403981586648	138.0	32	1.05	0.95				
	309	1	124.56501105263158	25.62480227368421	0.0	0.0	3	1.0288452610101428	-11.634576442452651	138.0	33	1.05	0.95				
	310	1	138.80101231578948	28.472002526315794	0.0	0.0	3	1.05	-14.336349607675476	138.0	33	1.05	0.95				
	311	1	0.0	0.0	0.0	0.0	3	1.0216126259517324	-7.339625081846231	230.0	33	1.05	0.95				
	312	1	0.0	0.0	0.0	0.0	3	1.019473073128722	-5.8606142322462595	230.0	33	1.05	0.95				
	313	2	188.62701673684214	38.43720341052632	0.0	0.0	3	1.0331329943039096	-2.744191729775694	230.0	34	1.05	0.95				
	314	2	138.08921225263157	27.760202463157896	0.0	0.0	3	1.0309745565342963	-5.798260404279586	230.0	36	1.05	0.95				
	315	2	225.64062002105265	45.55520404210527	0.0	0.0	3	1.0472786801027443	0.6588446819925626	230.0	36	1.05	0.95				
	316	2	71.18000631578948	14.236001263157897	0.0	0.0	3	1.0463185500428176	0.7222447050214562	230.0	36	1.05	0.95				
	317	1	0.0	0.0	0.0	0.0	3	1.0482646738920545	2.585883723301711	230.0	37	1.05	0.95				
	318	2	237.02942103157895	48.40240429473685	0.0	0.0	3	1.047707329208324	2.4746451308951847	230.0	37	1.05	0.95				
	319	1	128.83581143157897	26.33660233684211	0.0	0.0	3	1.0426911488710673	0.9907136616532425	230.0	35	1.05	0.95				
	320	1	91.11040808421053	18.506801642105263	0.0	0.0	3	1.0458164348682182	2.558019128336449	230.0	35	1.05	0.95				
	321	2	0.0	0.0	0.0	0.0	3	1.05	3.7980109488401124	230.0	37	1.05	0.95				
	322	2	0.0	0.0	0.0	0.0	3	1.05	9.097792267453412	230.0	37	1.05	0.95				
	323	2	0.0	0.0	0.0	0.0	3	1.05	3.9335609065725756	230.0	35	1.05	0.95				
	324	1	0.0	0.0	0.0	0.0	3	1.0304355859739815	-2.646159870343225	230.0	36	1.05	0.95				
	325	1	0.0	0.0	0.0	0.0	3	1.0478790462703327	4.768967388653723	230.0	35	1.05	0.95				
];

%% generator data
%    bus    Pg    Qg    Qmax    Qmin    Vg    mBase    status    Pmax    Pmin    Pc1    Pc2    Qc1min    Qc1max    Qc2min    Qc2max    ramp_agc    ramp_10    ramp_30    ramp_q    apf
