%% MATPOWER Case Format : Version 2
function mpc = RTS_GMLC
mpc.version = '2';

%%-----  Power Flow Data  -----%%
%% system MVA base
mpc.baseMVA = 100.0;
%% bus data
%    bus_i    type    Pd    Qd    Gs    Bs    area    Vm    Va    baseKV    zone    Vmax    Vmin
mpc.bus = [
	101	2	60.46610589473684	12.317169719298246	0.0	0.0	1	1.02786928266178	0.12852051176358806	138.0	11	1.05	0.95				
	102	2	54.30752103508772	11.197427017543859	0.0	0.0	1	1.027431916588433	-0.03783579257080964	138.0	12	1.05	0.95				
	103	1	100.77684315789475	20.71523998245614	0.0	0.0	1	1.0247101049925196	-0.7589622802571276	138.0	11	1.05	0.95				
	104	1	41.43047996491228	8.398070263157894	0.0	0.0	1	1.0170127726375104	-3.0316982880010896	138.0	11	1.05	0.95				
	105	1	39.750865912280695	7.838198912280703	0.0	0.0	1	1.0313161651497111	-2.9549601131897947	138.0	11	1.05	0.95				
	106	1	76.14250371929825	15.676397824561406	0.0	-100.0	1	1.0403735352907657	-5.228675798778715	138.0	12	1.05	0.95				
	107	2	69.98391885964912	13.996783771929824	0.0	0.0	1	1.0289485896293886	-6.803254552927246	138.0	12	1.05	0.95				
	108	1	95.738001	19.595497280701753	0.0	0.0	1	1.0184831258300648	-7.259340157093928	138.0	12	1.05	0.95				
	109	1	97.97748640350878	20.155368631578945	0.0	0.0	1	1.0259510601649249	-3.196668465532485	138.0	13	1.05	0.95				
	110	1	109.17491342105264	22.394854035087718	0.0	0.0	1	1.05	-4.29530866110222	138.0	13	1.05	0.95				
	111	1	0.0	0.0	0.0	0.0	1	1.0077249101375751	-0.8100772180668016	230.0	13	1.05	0.95				
	112	1	0.0	0.0	0.0	0.0	1	1.013307728286007	-0.5368952688948491	230.0	13	1.05	0.95				
	113	3	148.36590798245612	30.23305294736842	0.0	0.0	1	1.0054958087317722	-3.2213750222590135e-29	230.0	14	1.05	0.95				
	114	2	108.61504207017543	21.834982684210527	0.0	0.0	1	1.0054808554194015	1.523673549058615	230.0	16	1.05	0.95				
	115	2	177.47921822807018	35.83176645614035	0.0	0.0	1	1.0420251464191805	8.757795017472732	230.0	16	1.05	0.95				
	116	2	55.987135087719295	11.197427017543859	0.0	0.0	1	1.0393175273977664	8.09365647842194	230.0	16	1.05	0.95				
	117	1	0.0	0.0	0.0	0.0	1	1.0435712731319016	11.081045108304824	230.0	17	1.05	0.95				
	118	2	186.43715984210527	38.071251859649124	0.0	0.0	1	1.0469621877706592	11.142383462213076	230.0	17	1.05	0.95				
	119	1	101.33671450877193	20.71523998245614	0.0	0.0	1	1.0329734661694483	6.253671028070226	230.0	15	1.05	0.95				
	120	1	71.6635329122807	14.556655122807019	0.0	0.0	1	1.0323688111417462	5.719309403878105	230.0	15	1.05	0.95				
	121	2	0.0	0.0	0.0	0.0	1	1.05	12.485826163933579	230.0	17	1.05	0.95				
	122	2	0.0	0.0	0.0	0.0	1	1.05	22.751080253735154	230.0	17	1.05	0.95				
	123	2	0.0	0.0	0.0	0.0	1	1.0331311972554809	5.848059214863438	230.0	15	1.05	0.95				
	124	1	0.0	0.0	0.0	0.0	1	1.023608036289989	5.21924672168459	230.0	16	1.05	0.95				
	201	2	72.11333228210526	14.689752872280701	0.0	0.0	2	1.0344407158979168	-16.756414327578703	138.0	21	1.05	0.95				
	202	2	64.7684558459649	13.354320792982454	0.0	0.0	2	1.03467019814693	-16.87477750388623	138.0	22	1.05	0.95				
	203	1	120.1888871368421	24.705493467017543	0.0	0.0	2	1.0202192317254302	-12.937262667816242	138.0	21	1.05	0.95				
	204	1	49.41098693403509	10.01574059473684	0.0	0.0	2	1.0169244040437109	-18.84986329303601	138.0	21	1.05	0.95				
	205	1	47.40783881508771	9.348024555087719	0.0	0.0	2	1.0335578252206072	-19.30681772549507	138.0	21	1.05	0.95				
	206	1	90.8093813922807	18.696049110175437	0.0	-100.0	2	1.0393640369095716	-21.371428275827228	138.0	22	1.05	0.95				
	207	2	83.46450495614035	16.69290099122807	0.0	0.0	2	0.9768804128675326	-31.35435816065275	138.0	22	1.05	0.95				
	208	1	114.17944277999999	23.370061387719293	0.0	0.0	2	0.978328572583006	-28.08812092915059	138.0	22	1.05	0.95				
	209	1	116.85030693859647	24.037777427368418	0.0	0.0	2	1.0231723934259398	-17.75665668330053	138.0	23	1.05	0.95				
	210	1	130.20462773157894	26.70864158596491	0.0	0.0	2	1.05	-19.789328089698397	138.0	23	1.05	0.95				
	211	1	0.0	0.0	0.0	0.0	2	1.0225843314938599	-14.032551745011212	230.0	23	1.05	0.95				
	212	1	0.0	0.0	0.0	0.0	2	1.017242878941564	-12.992000201939884	230.0	23	1.05	0.95				
	213	2	176.94475050701752	36.05666614105263	0.0	0.0	2	1.027089828093391	-12.588788716530233	230.0	24	1.05	0.95				
	214	2	129.5369116919298	26.040925546315783	0.0	0.0	2	1.0371723116670055	-10.661166259304231	230.0	26	1.05	0.95				
	215	2	211.66598456877193	42.733826537543855	0.0	0.0	2	1.039777181955801	-1.4278025777925123	230.0	26	1.05	0.95				
	216	2	66.77160396491227	13.354320792982454	0.0	0.0	2	1.0436806227854407	-1.768311070986527	230.0	26	1.05	0.95				
	217	1	0.0	0.0	0.0	0.0	2	1.0442994677825739	1.6032468865538811	230.0	27	1.05	0.95				
	218	2	222.34944120315788	45.40469069614035	0.0	0.0	2	1.0456582100731968	1.7889328276920327	230.0	27	1.05	0.95				
	219	1	120.85660317649123	24.705493467017543	0.0	0.0	2	1.041905391227636	-2.3736421127797884	230.0	25	1.05	0.95				
	220	1	85.46765307508771	17.360617030877194	0.0	0.0	2	1.0459513290541111	-1.6452319549848915	230.0	25	1.05	0.95				
	221	2	0.0	0.0	0.0	0.0	2	1.0453408223234024	1.4817945559379928	230.0	27	1.05	0.95				
	222	2	0.0	0.0	0.0	0.0	2	1.05	8.03724859452328	230.0	27	1.05	0.95				
	223	2	0.0	0.0	0.0	0.0	2	1.05	-0.7605685586884174	230.0	25	1.05	0.95				
	224	1	0.0	0.0	0.0	0.0	2	1.018089536379622	-5.703065250953676	230.0	26	1.05	0.95				
	301	2	52.308763048421056	10.655488769122808	0.0	0.0	3	1.0134742376176242	-6.487424780687556	138.0	31	1.05	0.95				
	302	2	46.98101866385965	9.686807971929825	0.0	0.0	3	1.0121962264183302	-6.825824302420913	138.0	32	1.05	0.95				
	303	1	87.18127174736843	17.920594748070176	0.0	0.0	3	1.05	7.141145498895433	138.0	31	1.05	0.95				
	304	1	35.84118949614035	7.265105978947369	0.0	0.0	3	1.010567577283525	-5.563006614528927	138.0	31	1.05	0.95				
	305	1	34.38816830035088	6.780765580350878	0.0	0.0	3	1.0257306090084444	-7.486369039890568	138.0	31	1.05	0.95				
	306	1	65.87029420912282	13.561531160701756	0.0	-100.0	3	1.0397833616837935	-8.612876949276004	138.0	32	1.05	0.95				
	307	2	60.54254982456141	12.108509964912281	0.0	0.0	3	0.9898814638594393	-13.55473310348357	138.0	32	1.05	0.95				
	308	1	82.82220816	16.95191395087719	0.0	0.0	3	0.9947264774007377	-11.319131117662216	138.0	32	1.05	0.95				
	309	1	84.75956975438596	17.436254349473685	0.0	0.0	3	1.0246527980648	-2.538939313989829	138.0	33	1.05	0.95				
	310	1	94.44637772631579	19.37361594385965	0.0	0.0	3	1.05	-6.929659983421054	138.0	33	1.05	0.95				
	311	1	0.0	0.0	0.0	0.0	3	1.0116853205046148	-2.1298893008250466	230.0	33	1.05	0.95				
	312	1	0.0	0.0	0.0	0.0	3	1.0153369952696778	-1.4978293731919894	230.0	33	1.05	0.95				
	313	2	128.35020562807017	26.154381524210528	0.0	0.0	3	1.0135266164264218	0.6267672788782455	230.0	34	1.05	0.95				
	314	2	93.9620373277193	18.88927554526316	0.0	0.0	3	1.0106897285466376	-1.8523134545312667	230.0	36	1.05	0.95				
	315	2	153.53590635508772	30.99778551017544	0.0	0.0	3	1.043103671910429	1.8743580934438961	230.0	36	1.05	0.95				
	316	2	48.434039859649126	9.686807971929825	0.0	0.0	3	1.0376444119760118	1.4504605041991507	230.0	36	1.05	0.95				
	317	1	0.0	0.0	0.0	0.0	3	1.0453973294675238	3.2597752462726914	230.0	37	1.05	0.95				
	318	2	161.2853527326316	32.93514710456141	0.0	0.0	3	1.0452651418482064	2.628778113103222	230.0	37	1.05	0.95				
	319	1	87.66561214596493	17.920594748070176	0.0	0.0	3	1.0307615596203628	0.8336233499010797	230.0	35	1.05	0.95				
	320	1	61.99557102035088	12.592850363508774	0.0	0.0	3	1.0282966623402492	1.229983760209313	230.0	35	1.05	0.95				
	321	2	0.0	0.0	0.0	0.0	3	1.0467546784499169	3.5726081158771303	230.0	37	1.05	0.95				
	322	2	0.0	0.0	0.0	0.0	3	1.05	7.785669485790664	230.0	37	1.05	0.95				
	323	2	0.0	0.0	0.0	0.0	3	1.0278433737121895	1.8202882240065412	230.0	35	1.05	0.95				
	324	1	0.0	0.0	0.0	0.0	3	1.0430710614723455	3.89104796703112	230.0	36	1.05	0.95				
	325	1	0.0	0.0	0.0	0.0	3	1.027325563836442	2.7312899355004383	230.0	35	1.05	0.95				
];
