%% MATPOWER Case Format : Version 2
function mpc = RTS_GMLC
mpc.version = '2';

%%-----  Power Flow Data  -----%%
%% system MVA base
mpc.baseMVA = 100.0;
%% bus data
%    bus_i    type    Pd    Qd    Gs    Bs    area    Vm    Va    baseKV    zone    Vmax    Vmin
mpc.bus = [
	101	2	79.11627908210527	16.1162790722807	0.0	0.0	1	1.0499999883602409	-0.19662573655301668	138.0	11	1.05	0.95				
	102	2	71.0581395459649	14.651162792982456	0.0	0.0	1	1.0493117774451208	-0.49243814184321694	138.0	12	1.05	0.95				
	103	1	131.8604651368421	27.10465116701754	0.0	0.0	1	1.0287390665926597	-1.0069050273261357	138.0	11	1.05	0.95				
	104	1	54.20930233403508	10.98837209473684	0.0	0.0	1	1.0258814211386553	-3.9813095017492377	138.0	11	1.05	0.95				
	105	1	52.01162791508771	10.255813955087719	0.0	0.0	1	1.0394263786307707	-4.440910008951332	138.0	11	1.05	0.95				
	106	1	99.6279069922807	20.511627910175438	0.0	-100.0	1	1.0398788958853553	-7.546821043031288	138.0	12	1.05	0.95				
	107	2	91.56976745614034	18.31395349122807	0.0	0.0	1	1.0055036159121453	-13.689584894940962	138.0	12	1.05	0.95				
	108	1	125.26744187999998	25.639534887719297	0.0	0.0	1	0.9973674752184025	-12.627448335352343	138.0	12	1.05	0.95				
	109	1	128.1976744385965	26.37209302736842	0.0	0.0	1	1.0259107078665617	-4.942633802388349	138.0	13	1.05	0.95				
	110	1	142.84883723157893	29.302325585964912	0.0	0.0	1	1.05	-6.523452302777721	138.0	13	1.05	0.95				
	111	1	0.0	0.0	0.0	0.0	1	1.0159489733545537	-1.8656801655144102	230.0	13	1.05	0.95				
	112	1	0.0	0.0	0.0	0.0	1	1.0170159554893825	-1.4750059946604386	230.0	13	1.05	0.95				
	113	3	194.1279070070175	39.55813954105263	0.0	0.0	1	1.0174217661808602	-6.427443285314774e-30	230.0	14	1.05	0.95				
	114	2	142.1162790919298	28.569767446315787	0.0	0.0	1	1.021747335561721	0.38376260940086365	230.0	16	1.05	0.95				
	115	2	232.2209302687719	46.883720937543856	0.0	0.0	1	1.0444490717899695	9.157853992134234	230.0	16	1.05	0.95				
	116	2	73.25581396491228	14.651162792982456	0.0	0.0	1	1.0428587410368513	8.008383265227483	230.0	16	1.05	0.95				
	117	1	0.0	0.0	0.0	0.0	1	1.046159617947471	11.59706610444349	230.0	17	1.05	0.95				
	118	2	243.9418605031579	49.81395349614035	0.0	0.0	1	1.048618589836685	12.438831907153455	230.0	17	1.05	0.95				
	119	1	132.59302327649124	27.10465116701754	0.0	0.0	1	1.0358399317915463	6.017558885571417	230.0	15	1.05	0.95				
	120	1	93.76744187508771	19.04651163087719	0.0	0.0	1	1.0357511530478127	5.222312938293647	230.0	15	1.05	0.95				
	121	2	0.0	0.0	0.0	0.0	1	1.05	14.439319322993219	230.0	17	1.05	0.95				
	122	2	0.0	0.0	0.0	0.0	1	1.05	19.8357540401327	230.0	17	1.05	0.95				
	123	2	0.0	0.0	0.0	0.0	1	1.0375816277253047	5.330804449893797	230.0	15	1.05	0.95				
	124	1	0.0	0.0	0.0	0.0	1	1.0258324720036467	5.370320740529353	230.0	16	1.05	0.95				
	201	2	76.77128914105263	15.638595936140351	0.0	0.0	2	1.0344203574524051	-11.413333596800939	138.0	21	1.05	0.95				
	202	2	68.95199117298245	14.216905396491228	0.0	0.0	2	1.0349732162369278	-11.367211857899571	138.0	22	1.05	0.95				
	203	1	127.95214856842105	26.301274983508772	0.0	0.0	2	1.0170098148864288	-10.698755344507939	138.0	21	1.05	0.95				
	204	1	52.602549967017545	10.662679047368421	0.0	0.0	2	1.0174864920324307	-12.56500855908759	138.0	21	1.05	0.95				
	205	1	50.470014157543865	9.951833777543861	0.0	0.0	2	1.0332616153551286	-12.803052051335309	138.0	21	1.05	0.95				
	206	1	96.67495669614036	19.903667555087722	0.0	-100.0	2	1.038612503435662	-14.233244695957602	138.0	22	1.05	0.95				
	207	2	88.85565872807018	17.771131745614035	0.0	0.0	2	0.9684261983299298	-24.757236103603233	138.0	22	1.05	0.95				
	208	1	121.55454114	24.87958444385965	0.0	0.0	2	0.9716824955768973	-21.249960163780298	138.0	22	1.05	0.95				
	209	1	124.39792221929824	25.59042971368421	0.0	0.0	2	1.025499334255415	-10.661144606194254	138.0	23	1.05	0.95				
	210	1	138.61482761578947	28.433810792982456	0.0	0.0	2	1.05	-11.965946125930857	138.0	23	1.05	0.95				
	211	1	0.0	0.0	0.0	0.0	2	1.0235471301927628	-6.8260769485591934	230.0	23	1.05	0.95				
	212	1	0.0	0.0	0.0	0.0	2	1.0226372814373412	-1.5236199039985219	230.0	23	1.05	0.95				
	213	2	188.37399650350878	38.38564457052632	0.0	0.0	2	1.0322241366454379	-3.7719656228300344	230.0	24	1.05	0.95				
	214	2	137.9039823459649	27.722965523157896	0.0	0.0	2	1.0332417954424498	-5.103431428549177	230.0	26	1.05	0.95				
	215	2	225.33795053438595	45.49409726877193	0.0	0.0	2	1.0412229937615065	1.5115098522983486	230.0	26	1.05	0.95				
	216	2	71.08452698245614	14.216905396491228	0.0	0.0	2	1.0422045326863678	1.718056771218803	230.0	26	1.05	0.95				
	217	1	0.0	0.0	0.0	0.0	2	1.044280018675184	3.796247069312483	230.0	27	1.05	0.95				
	218	2	236.71147485157897	48.33747834807018	0.0	0.0	2	1.0442433050479512	3.779598571545072	230.0	27	1.05	0.95				
	219	1	128.66299383824563	26.301274983508772	0.0	0.0	2	1.039935942834967	2.5848737431475066	230.0	25	1.05	0.95				
	220	1	90.98819453754386	18.4819770154386	0.0	0.0	2	1.0446048389755376	4.674119129340831	230.0	25	1.05	0.95				
	221	2	0.0	0.0	0.0	0.0	2	1.0447950002166877	3.7953984070619593	230.0	27	1.05	0.95				
	222	2	0.0	0.0	0.0	0.0	2	1.05	10.303145883748272	230.0	27	1.05	0.95				
	223	2	0.0	0.0	0.0	0.0	2	1.05	6.331336841553039	230.0	25	1.05	0.95				
	224	1	0.0	0.0	0.0	0.0	2	1.0168487356077822	-3.0056182030852536	230.0	26	1.05	0.95				
	301	2	59.620373317894746	12.144890861052634	0.0	0.0	3	0.9921713157724633	13.908300939254339	138.0	31	1.05	0.95				
	302	2	53.54792788736843	11.040809873684212	0.0	0.0	3	0.9919560058357926	13.912719916585512	138.0	32	1.05	0.95				
	303	1	99.36728886315791	20.425498266315792	0.0	0.0	3	1.0130057914719834	15.38047579767418	138.0	31	1.05	0.95				
	304	1	40.850996532631584	8.280607405263158	0.0	0.0	3	1.0004675034765902	15.84815291712976	138.0	31	1.05	0.95				
	305	1	39.19487505157895	7.728566911578949	0.0	0.0	3	1.0124099026897928	15.98111468976351	138.0	31	1.05	0.95				
	306	1	75.07750714105265	15.457133823157898	0.0	-100.0	3	1.0323799868723127	16.50151830302303	138.0	32	1.05	0.95				
	307	2	69.00506171052633	13.801012342105265	0.0	0.0	3	0.9818948960743789	13.816613175457158	138.0	32	1.05	0.95				
	308	1	94.39892442000001	19.32141727894737	0.0	0.0	3	0.9984048152473604	16.21132685359613	138.0	32	1.05	0.95				
	309	1	96.60708639473685	19.873457772631582	0.0	0.0	3	1.026589682556912	19.674229259226056	138.0	33	1.05	0.95				
	310	1	107.64789626842106	22.081619747368425	0.0	0.0	3	1.05	19.80282014879895	138.0	33	1.05	0.95				
	311	1	0.0	0.0	0.0	0.0	3	1.0146829877111179	25.375871684546304	230.0	33	1.05	0.95				
	312	1	0.0	0.0	0.0	0.0	3	1.0223163394685695	26.741412615293243	230.0	33	1.05	0.95				
	313	2	146.2907308263158	29.810186658947373	0.0	0.0	3	1.0417930493735876	34.43528162773475	230.0	34	1.05	0.95				
	314	2	107.09585577473686	21.529579253684215	0.0	0.0	3	1.0136188036722746	22.919713050476695	230.0	36	1.05	0.95				
	315	2	174.99683649789475	35.33059159578948	0.0	0.0	3	1.0351928339470304	15.990987711040223	230.0	36	1.05	0.95				
	316	2	55.20404936842106	11.040809873684212	0.0	0.0	3	1.037401753156292	17.337020025149535	230.0	36	1.05	0.95				
	317	1	0.0	0.0	0.0	0.0	3	1.0416135525871302	15.84861329676626	230.0	37	1.05	0.95				
	318	2	183.82948439684213	37.538753570526325	0.0	0.0	3	1.0408897247894926	14.501882808112994	230.0	37	1.05	0.95				
	319	1	99.91932935684213	20.425498266315792	0.0	0.0	3	1.038016582347754	20.33369842813401	230.0	35	1.05	0.95				
	320	1	70.66118319157896	14.353052835789477	0.0	0.0	3	1.0411716366252508	22.546591102407568	230.0	35	1.05	0.95				
	321	2	0.0	0.0	0.0	0.0	3	1.040373419367263	15.567509136970816	230.0	37	1.05	0.95				
	322	2	0.0	0.0	0.0	0.0	3	1.05	19.99739032287107	230.0	37	1.05	0.95				
	323	2	0.0	0.0	0.0	0.0	3	1.0426833914328844	23.339809955592045	230.0	35	1.05	0.95				
	324	1	0.0	0.0	0.0	0.0	3	1.0249609147507543	17.691339235098173	230.0	36	1.05	0.95				
	325	1	0.0	0.0	0.0	0.0	3	1.044742448731916	22.58900889758442	230.0	35	1.05	0.95				
];
