%% MATPOWER Case Format : Version 2
function mpc = RTS_GMLC
mpc.version = '2';

%%-----  Power Flow Data  -----%%
%% system MVA base
mpc.baseMVA = 100.0;
%% bus data
%    bus_i    type    Pd    Qd    Gs    Bs    area    Vm    Va    baseKV    zone    Vmax    Vmin
mpc.bus = [
	101	2	90.76595744842106	18.489361702456144	0.0	0.0	1	1.0351225584815569	-3.36307983723604	138.0	11	1.05	0.95				
	102	2	81.52127659719298	16.808510638596495	0.0	0.0	1	1.034992465427075	-3.4796026303686105	138.0	12	1.05	0.95				
	103	1	151.27659574736842	31.09574468140351	0.0	0.0	1	1.0130870130119993	-2.842195605787887	138.0	11	1.05	0.95				
	104	1	62.19148936280702	12.60638297894737	0.0	0.0	1	1.0156836509564762	-6.308427627102261	138.0	11	1.05	0.95				
	105	1	59.67021276701755	11.765957447017545	0.0	0.0	1	1.0312089061620515	-6.597247628530063	138.0	11	1.05	0.95				
	106	1	114.29787234245616	23.53191489403509	0.0	-100.0	1	1.0339301657177515	-9.175043608057802	138.0	12	1.05	0.95				
	107	2	105.05319149122808	21.010638298245617	0.0	0.0	1	1.05	-6.826822665559717	138.0	12	1.05	0.95				
	108	1	143.71276596	29.414893617543857	0.0	0.0	1	1.0226884992413112	-9.225332222814872	138.0	12	1.05	0.95				
	109	1	147.0744680877193	30.255319149473685	0.0	0.0	1	1.025849812010949	-5.513617495691369	138.0	13	1.05	0.95				
	110	1	163.8829787263158	33.61702127719299	0.0	0.0	1	1.05	-7.2322884725351715	138.0	13	1.05	0.95				
	111	1	0.0	0.0	0.0	0.0	1	1.0195206337881342	-1.8119164131430305	230.0	13	1.05	0.95				
	112	1	0.0	0.0	0.0	0.0	1	1.0185319627080545	-1.3544611282473416	230.0	13	1.05	0.95				
	113	3	222.71276596140353	45.38297872421053	0.0	0.0	1	1.0224347758078642	-4.491828080967494e-29	230.0	14	1.05	0.95				
	114	2	163.04255319438596	32.77659574526316	0.0	0.0	1	1.0302813437935785	1.1182733254630497	230.0	16	1.05	0.95				
	115	2	266.4148936217544	53.78723404350878	0.0	0.0	1	1.0394348090578067	11.465483657501712	230.0	16	1.05	0.95				
	116	2	84.04255319298247	16.808510638596495	0.0	0.0	1	1.0397192275484592	10.48000698124697	230.0	16	1.05	0.95				
	117	1	0.0	0.0	0.0	0.0	1	1.0423041543694747	15.596257462993357	230.0	17	1.05	0.95				
	118	2	279.8617021326316	57.14893617122808	0.0	0.0	1	1.05	16.06721288833913	230.0	17	1.05	0.95				
	119	1	152.11702127929826	31.09574468140351	0.0	0.0	1	1.035534946809225	7.8170673826203	230.0	15	1.05	0.95				
	120	1	107.57446808701756	21.85106383017544	0.0	0.0	1	1.0406222283473732	7.091396815485008	230.0	15	1.05	0.95				
	121	2	0.0	0.0	0.0	0.0	1	1.05	17.205687459430436	230.0	17	1.05	0.95				
	122	2	0.0	0.0	0.0	0.0	1	1.05	32.86968104703467	230.0	17	1.05	0.95				
	123	2	0.0	0.0	0.0	0.0	1	1.0457806139801735	7.310682956024279	230.0	15	1.05	0.95				
	124	1	0.0	0.0	0.0	0.0	1	1.0113024817720924	6.17881113980189	230.0	16	1.05	0.95				
	201	2	91.34015426526317	18.606327720701753	0.0	0.0	2	1.0474035731256883	-14.751467973878876	138.0	21	1.05	0.95				
	202	2	82.03699040491227	16.91484338245614	0.0	0.0	2	1.0498916743531161	-14.877368025365076	138.0	22	1.05	0.95				
	203	1	152.23359044210525	31.29246025754386	0.0	0.0	2	1.0255981190420158	-10.628541903962386	138.0	21	1.05	0.95				
	204	1	62.58492051508772	12.686132536842104	0.0	0.0	2	1.0216746124696303	-15.891111846799083	138.0	21	1.05	0.95				
	205	1	60.047694007719286	11.840390367719298	0.0	0.0	2	1.0380082947803424	-16.42476016247456	138.0	21	1.05	0.95				
	206	1	115.02093500070177	23.680780735438596	0.0	-100.0	2	1.0381999046900685	-18.16364205694868	138.0	22	1.05	0.95				
	207	2	105.71777114035088	21.143554228070176	0.0	0.0	2	0.95	-29.007720214172032	138.0	22	1.05	0.95				
	208	1	144.62191091999998	29.600975919298243	0.0	0.0	2	0.9552337980507846	-25.461159198733448	138.0	22	1.05	0.95				
	209	1	148.00487959649124	30.446718088421047	0.0	0.0	2	1.025897631772397	-13.321456058936988	138.0	23	1.05	0.95				
	210	1	164.91972297894733	33.82968676491228	0.0	0.0	2	1.05	-15.487079051523821	138.0	23	1.05	0.95				
	211	1	0.0	0.0	0.0	0.0	2	1.0322623847435883	-8.1969251101125	230.0	23	1.05	0.95				
	212	1	0.0	0.0	0.0	0.0	2	1.024919235518839	-5.122050757592923	230.0	23	1.05	0.95				
	213	2	224.12167481754386	45.67007713263158	0.0	0.0	2	1.05	-4.111762683657384	230.0	24	1.05	0.95				
	214	2	164.07398080982455	32.983944595789474	0.0	0.0	2	1.05	-5.8408559947834275	230.0	26	1.05	0.95				
	215	2	268.10026761192984	54.127498823859646	0.0	0.0	2	1.044561211387909	2.6817044677347894	230.0	26	1.05	0.95				
	216	2	84.5742169122807	16.91484338245614	0.0	0.0	2	1.0487796645595324	2.726762009787607	230.0	26	1.05	0.95				
	217	1	0.0	0.0	0.0	0.0	2	1.0495527963791822	5.965880260467668	230.0	27	1.05	0.95				
	218	2	281.6321423178947	57.510467500350885	0.0	0.0	2	1.05	6.533325791566501	230.0	27	1.05	0.95				
	219	1	153.07933261122807	31.29246025754386	0.0	0.0	2	1.0428855142635494	2.5188828768174076	230.0	25	1.05	0.95				
	220	1	108.25499764771929	21.98929639719298	0.0	0.0	2	1.045528267013125	3.919354721816364	230.0	25	1.05	0.95				
	221	2	0.0	0.0	0.0	0.0	2	1.05	6.980029386117856	230.0	27	1.05	0.95				
	222	2	0.0	0.0	0.0	0.0	2	1.05	13.094172237533167	230.0	27	1.05	0.95				
	223	2	0.0	0.0	0.0	0.0	2	1.05	5.299850985783173	230.0	25	1.05	0.95				
	224	1	0.0	0.0	0.0	0.0	2	1.020548657538139	-2.2688499258525963	230.0	26	1.05	0.95				
	301	2	71.4419487663158	14.552989563508772	0.0	0.0	3	1.0161057401818998	-9.52541316780567	138.0	31	1.05	0.95				
	302	2	64.16545398456141	13.229990512280704	0.0	0.0	3	1.0145712005067768	-9.838411074703101	138.0	32	1.05	0.95				
	303	1	119.06991461052631	24.475482447719298	0.0	0.0	3	1.0461175905598727	3.8026634441351748	138.0	31	1.05	0.95				
	304	1	48.950964895438595	9.922492884210527	0.0	0.0	3	1.008393041915806	-7.923886070202375	138.0	31	1.05	0.95				
	305	1	46.966466318596495	9.260993358596492	0.0	0.0	3	1.0243389018929572	-9.482550473875767	138.0	31	1.05	0.95				
	306	1	89.96393548350878	18.521986717192984	0.0	-100.0	3	1.035180300486795	-10.185626225490033	138.0	32	1.05	0.95				
	307	2	82.68744070175438	16.537488140350877	0.0	0.0	3	0.9820666906608998	-17.609070024937054	138.0	32	1.05	0.95				
	308	1	113.11641888000001	23.152483396491228	0.0	0.0	3	0.9832368353372452	-14.402946994449401	138.0	32	1.05	0.95				
	309	1	115.76241698245614	23.813982922105264	0.0	0.0	3	1.026729545760694	-3.6550021425567545	138.0	33	1.05	0.95				
	310	1	128.99240749473682	26.459981024561408	0.0	0.0	3	1.05	-7.321722469409079	138.0	33	1.05	0.95				
	311	1	0.0	0.0	0.0	0.0	3	1.0203399443165615	-0.3119875972159373	230.0	33	1.05	0.95				
	312	1	0.0	0.0	0.0	0.0	3	1.0201683130729764	0.06603339413469393	230.0	33	1.05	0.95				
	313	2	175.2973742877193	35.7209743831579	0.0	0.0	3	1.0277807096597051	3.029534781611471	230.0	34	1.05	0.95				
	314	2	128.33090796912282	25.798481498947375	0.0	0.0	3	1.0305973270220377	1.888534171776676	230.0	36	1.05	0.95				
	315	2	209.69534961964916	42.33596963929825	0.0	0.0	3	1.0481578307450927	6.586074875591138	230.0	36	1.05	0.95				
	316	2	66.14995256140351	13.229990512280704	0.0	0.0	3	1.0445557211851206	6.454949900869271	230.0	36	1.05	0.95				
	317	1	0.0	0.0	0.0	0.0	3	1.05	9.873121738533928	230.0	37	1.05	0.95				
	318	2	220.2793420294737	44.98196774175439	0.0	0.0	3	1.0466971770167965	8.720832578310292	230.0	37	1.05	0.95				
	319	1	119.73141413614037	24.475482447719298	0.0	0.0	3	1.0396009109747582	5.528803537951311	230.0	35	1.05	0.95				
	320	1	84.6719392785965	17.198987665964914	0.0	0.0	3	1.0393918716535315	5.327801187433735	230.0	35	1.05	0.95				
	321	2	0.0	0.0	0.0	0.0	3	1.0499999810276899	9.554028029746005	230.0	37	1.05	0.95				
	322	2	0.0	0.0	0.0	0.0	3	1.05	14.026988148700857	230.0	37	1.05	0.95				
	323	2	0.0	0.0	0.0	0.0	3	1.0404863725375644	5.5676632953261604	230.0	35	1.05	0.95				
	324	1	0.0	0.0	0.0	0.0	3	1.0431856804425859	6.551678813091275	230.0	36	1.05	0.95				
	325	1	0.0	0.0	0.0	0.0	3	1.0384832327369713	6.54138804934704	230.0	35	1.05	0.95				
];

%% generator data
%    bus    Pg    Qg    Qmax    Qmin    Vg    mBase    status    Pmax    Pmin    Pc1    Pc2    Qc1min    Qc1max    Qc2min    Qc2max    ramp_agc    ramp_10    ramp_30    ramp_q    apf
