%% MATPOWER Case Format : Version 2
function mpc = RTS_GMLC
mpc.version = '2';

%%-----  Power Flow Data  -----%%
%% system MVA base
mpc.baseMVA = 100.0;
%% bus data
%    bus_i    type    Pd    Qd    Gs    Bs    area    Vm    Va    baseKV    zone    Vmax    Vmin
mpc.bus = [
	101	2	70.52597723368422	14.366402769824562	0.0	0.0	1	1.0329962007234732	-0.21377489146976728	138.0	11	1.05	0.95				
	102	2	63.34277584877193	13.060366154385965	0.0	0.0	1	1.0331011253669478	-0.28217190251578694	138.0	12	1.05	0.95				
	103	1	117.54329538947368	24.161677385614038	0.0	0.0	1	1.0207452704266882	-0.7368621685311441	138.0	11	1.05	0.95				
	104	1	48.323354771228075	9.795274615789474	0.0	0.0	1	1.0174194760219495	-3.4517132637261096	138.0	11	1.05	0.95				
	105	1	46.364299848070175	9.142256308070177	0.0	0.0	1	1.0326064561267598	-3.459345024914993	138.0	11	1.05	0.95				
	106	1	88.81048984982456	18.284512616140354	0.0	-100.0	1	1.038944372623949	-5.87651401755541	138.0	12	1.05	0.95				
	107	2	81.62728846491228	16.325457692982457	0.0	0.0	1	1.047162483955401	-5.523223952938868	138.0	12	1.05	0.95				
	108	1	111.66613061999999	22.855640770175437	0.0	0.0	1	1.0265427745639837	-6.913119669765465	138.0	12	1.05	0.95				
	109	1	114.27820385087719	23.508659077894738	0.0	0.0	1	1.0254393357514915	-3.40299477083388	138.0	13	1.05	0.95				
	110	1	127.33857000526316	26.12073230877193	0.0	0.0	1	1.05	-4.690165253338732	138.0	13	1.05	0.95				
	111	1	0.0	0.0	0.0	0.0	1	1.0081717610004401	-0.7649661265566317	230.0	13	1.05	0.95				
	112	1	0.0	0.0	0.0	0.0	1	1.0136698667442283	-0.49853176112876607	230.0	13	1.05	0.95				
	113	3	173.04985154561402	35.26298861684211	0.0	0.0	1	1.0089260164899163	-1.2329728876057052e-27	230.0	14	1.05	0.95				
	114	2	126.68555169754386	25.467714001052634	0.0	0.0	1	1.0052332869835887	1.95085706721985	230.0	16	1.05	0.95				
	115	2	207.0068035470175	41.793171694035095	0.0	0.0	1	1.0389588431858032	10.466653121462668	230.0	16	1.05	0.95				
	116	2	65.30183077192983	13.060366154385965	0.0	0.0	1	1.0359485141489617	9.685720411943743	230.0	16	1.05	0.95				
	117	1	0.0	0.0	0.0	0.0	1	1.0423913801529952	13.613494165628065	230.0	17	1.05	0.95				
	118	2	217.4550964705263	44.40524492491228	0.0	0.0	1	1.0476298146213243	14.175829077941618	230.0	17	1.05	0.95				
	119	1	118.19631369719299	24.161677385614038	0.0	0.0	1	1.0297303848652053	7.390670240032179	230.0	15	1.05	0.95				
	120	1	83.58634338807019	16.978476000701757	0.0	0.0	1	1.0306778963987164	6.644239583681883	230.0	15	1.05	0.95				
	121	2	0.0	0.0	0.0	0.0	1	1.05	14.61638203014858	230.0	17	1.05	0.95				
	122	2	0.0	0.0	0.0	0.0	1	1.05	25.22752145542804	230.0	17	1.05	0.95				
	123	2	0.0	0.0	0.0	0.0	1	1.0327323776030501	6.726263245768014	230.0	15	1.05	0.95				
	124	1	0.0	0.0	0.0	0.0	1	1.0181796653592416	6.300311322418327	230.0	16	1.05	0.95				
	201	2	81.51424522105263	16.604753656140353	0.0	0.0	2	1.0391495088511455	-20.197017370165746	138.0	21	1.05	0.95				
	202	2	73.21186839298247	15.09523059649123	0.0	0.0	2	1.039400153388976	-20.364285864299784	138.0	22	1.05	0.95				
	203	1	135.85707536842108	27.92617660350877	0.0	0.0	2	1.0198845148515112	-14.263595393763397	138.0	21	1.05	0.95				
	204	1	55.85235320701754	11.321422947368422	0.0	0.0	2	1.0168815673032914	-22.05293400415754	138.0	21	1.05	0.95				
	205	1	53.58806861754386	10.56666141754386	0.0	0.0	2	1.0348088077793716	-22.7133746671138	138.0	21	1.05	0.95				
	206	1	102.64756805614037	21.13332283508772	0.0	-100.0	2	1.0380023950191095	-24.845539631016745	138.0	22	1.05	0.95				
	207	2	94.34519122807018	18.869038245614036	0.0	0.0	2	0.9558931873125411	-36.096980867298	138.0	22	1.05	0.95				
	208	1	129.06422160000002	26.416653543859645	0.0	0.0	2	0.9610835435063628	-32.30633098402279	138.0	22	1.05	0.95				
	209	1	132.08326771929825	27.171415073684212	0.0	0.0	2	1.0223841022761024	-20.378037443430514	138.0	23	1.05	0.95				
	210	1	147.17849831578948	30.19046119298246	0.0	0.0	2	1.05	-22.902866153318378	138.0	23	1.05	0.95				
	211	1	0.0	0.0	0.0	0.0	2	1.0305998010476567	-15.965936556746499	230.0	23	1.05	0.95				
	212	1	0.0	0.0	0.0	0.0	2	1.0225698147235038	-15.269408328514855	230.0	23	1.05	0.95				
	213	2	200.0118054035088	40.75712261052632	0.0	0.0	2	1.0436697329585476	-14.088595352733211	230.0	24	1.05	0.95				
	214	2	146.42373678596493	29.435699663157898	0.0	0.0	2	1.05	-12.182713462587266	230.0	26	1.05	0.95				
	215	2	239.25940495438596	48.30473790877193	0.0	0.0	2	1.041469113204725	-1.1661084753469249	230.0	26	1.05	0.95				
	216	2	75.47615298245614	15.09523059649123	0.0	0.0	2	1.0454472509442851	-2.0968057833698044	230.0	26	1.05	0.95				
	217	1	0.0	0.0	0.0	0.0	2	1.0459512173600716	2.3299728368232655	230.0	27	1.05	0.95				
	218	2	251.33558943157897	51.323784028070186	0.0	0.0	2	1.0491112514761192	2.9683858330431345	230.0	27	1.05	0.95				
	219	1	136.61183689824563	27.92617660350877	0.0	0.0	2	1.0419415633124673	-3.8170179908118733	230.0	25	1.05	0.95				
	220	1	96.60947581754387	19.6237997754386	0.0	0.0	2	1.0458495700036259	-3.896577233916473	230.0	25	1.05	0.95				
	221	2	0.0	0.0	0.0	0.0	2	1.05	3.2847260344594593	230.0	27	1.05	0.95				
	222	2	0.0	0.0	0.0	0.0	2	1.05	9.421532756188316	230.0	27	1.05	0.95				
	223	2	0.0	0.0	0.0	0.0	2	1.05	-3.3912129828454107	230.0	25	1.05	0.95				
	224	1	0.0	0.0	0.0	0.0	2	1.0168374427232254	-6.025236959976347	230.0	26	1.05	0.95				
	301	2	66.33407148631579	13.512496043508774	0.0	0.0	3	1.0464421235018375	-12.257419980773568	138.0	31	1.05	0.95				
	302	2	59.577823464561405	12.284087312280704	0.0	0.0	3	1.043970027088228	-12.634998512954889	138.0	32	1.05	0.95				
	303	1	110.55678581052632	22.7255615277193	0.0	0.0	3	1.05	5.0208595369149265	138.0	31	1.05	0.95				
	304	1	45.4511230554386	9.213065484210526	0.0	0.0	3	1.0135623254072956	-10.527053153640066	138.0	31	1.05	0.95				
	305	1	43.60850995859649	8.598861118596494	0.0	0.0	3	1.0352209263956442	-13.064275129868337	138.0	31	1.05	0.95				
	306	1	83.53179372350878	17.197722237192988	0.0	-100.0	3	1.035026450062898	-14.219947161644816	138.0	32	1.05	0.95				
	307	2	76.77554570175438	15.355109140350878	0.0	0.0	3	0.953906346188608	-11.788905766103353	138.0	32	1.05	0.95				
	308	1	105.02894652	21.49715279649123	0.0	0.0	3	0.9665230160445812	-12.731112515625385	138.0	32	1.05	0.95				
	309	1	107.48576398245615	22.111357162105264	0.0	0.0	3	1.0104257027828376	-6.186747778078982	138.0	33	1.05	0.95				
	310	1	119.76985129473685	24.568174624561408	0.0	0.0	3	1.0387270575389012	-11.93447510707345	138.0	33	1.05	0.95				
	311	1	0.0	0.0	0.0	0.0	3	0.9958767861177957	-7.078919199723873	230.0	33	1.05	0.95				
	312	1	0.0	0.0	0.0	0.0	3	0.9981550094398087	-5.792820137424793	230.0	33	1.05	0.95				
	313	2	162.7641568877193	33.167035743157896	0.0	0.0	3	0.9945148753075257	-3.558393222005717	230.0	34	1.05	0.95				
	314	2	119.15564692912281	23.953970258947372	0.0	0.0	3	0.9942029532354002	-8.043510387365801	230.0	36	1.05	0.95				
	315	2	194.70278389964912	39.30907939929825	0.0	0.0	3	1.05	-5.589617148414456	230.0	36	1.05	0.95				
	316	2	61.42043656140351	12.284087312280704	0.0	0.0	3	1.038676488426976	-5.621932560848848	230.0	36	1.05	0.95				
	317	1	0.0	0.0	0.0	0.0	3	1.0466707908634028	-4.399594639495078	230.0	37	1.05	0.95				
	318	2	204.5300537494737	41.76589686175439	0.0	0.0	3	1.046704329736134	-5.209258536279807	230.0	37	1.05	0.95				
	319	1	111.17099017614036	22.7255615277193	0.0	0.0	3	1.0199408620071002	-5.302190226551915	230.0	35	1.05	0.95				
	320	1	78.6181587985965	15.969313505964914	0.0	0.0	3	1.0089829797721055	-3.7991059550938853	230.0	35	1.05	0.95				
	321	2	0.0	0.0	0.0	0.0	3	1.05	-4.797505021463335	230.0	37	1.05	0.95				
	322	2	0.0	0.0	0.0	0.0	3	1.05	-0.2979321283010068	230.0	37	1.05	0.95				
	323	2	0.0	0.0	0.0	0.0	3	1.005054452704474	-2.4690386730103007	230.0	35	1.05	0.95				
	324	1	0.0	0.0	0.0	0.0	3	1.0466723120848087	-1.5361808281187561	230.0	36	1.05	0.95				
	325	1	0.0	0.0	0.0	0.0	3	1.00318291909746	-0.9918738450952316	230.0	35	1.05	0.95				
];
