%% MATPOWER Case Format : Version 2
function mpc = RTS_GMLC
mpc.version = '2';

%%-----  Power Flow Data  -----%%
%% system MVA base
mpc.baseMVA = 100.0;
%% bus data
%    bus_i    type    Pd    Qd    Gs    Bs    area    Vm    Va    baseKV    zone    Vmax    Vmin
mpc.bus = [
	101	2	93.9589312168421	19.13978228491228	0.0	0.0	1	1.0478671930428147	-0.3989184329911859	138.0	11	1.05	0.95				
	102	2	84.38904007438596	17.399802077192984	0.0	0.0	1	1.0476001616109294	-0.5846150083738355	138.0	12	1.05	0.95				
	103	1	156.59821869473683	32.18963384280701	0.0	0.0	1	1.0222119471486348	-1.1405496374064088	138.0	11	1.05	0.95				
	104	1	64.37926768561402	13.049851557894735	0.0	0.0	1	1.0229533117794707	-4.24863673155954	138.0	11	1.05	0.95				
	105	1	61.769297374035084	12.179861454035088	0.0	0.0	1	1.0364293230024741	-4.796564912528873	138.0	11	1.05	0.95				
	106	1	118.31865412491227	24.359722908070175	0.0	-100.0	1	1.0352550703678631	-8.069691406346465	138.0	12	1.05	0.95				
	107	2	108.74876298245613	21.749752596491227	0.0	0.0	1	1.05	-7.293800000793219	138.0	12	1.05	0.95				
	108	1	148.76830775999997	30.449653635087714	0.0	0.0	1	1.021900943356362	-9.30540748406536	138.0	12	1.05	0.95				
	109	1	152.24826817543857	31.319643738947363	0.0	0.0	1	1.0267982967174147	-4.821167392706681	138.0	13	1.05	0.95				
	110	1	169.64807025263156	34.79960415438597	0.0	0.0	1	1.05	-6.592740729135272	138.0	13	1.05	0.95				
	111	1	0.0	0.0	0.0	0.0	1	1.0179402973791665	-1.7975170324567542	230.0	13	1.05	0.95				
	112	1	0.0	0.0	0.0	0.0	1	1.0187805496763702	-1.2585332031820666	230.0	13	1.05	0.95				
	113	3	230.54737752280698	46.97946560842105	0.0	0.0	1	1.0205762256090551	-4.2273422956032694e-32	230.0	14	1.05	0.95				
	114	2	168.77808014877192	33.92961405052631	0.0	0.0	1	1.0244560297243477	0.5360117735925104	230.0	16	1.05	0.95				
	115	2	275.78686292350875	55.67936664701754	0.0	0.0	1	1.041200541779621	10.360242524727548	230.0	16	1.05	0.95				
	116	2	86.99901038596491	17.399802077192984	0.0	0.0	1	1.041046937288008	9.184325188945534	230.0	16	1.05	0.95				
	117	1	0.0	0.0	0.0	0.0	1	1.0451183038828649	13.261231769411907	230.0	17	1.05	0.95				
	118	2	289.70670458526314	59.159327062456136	0.0	0.0	1	1.0494171306496043	13.971173683691735	230.0	17	1.05	0.95				
	119	1	157.4682087985965	32.18963384280701	0.0	0.0	1	1.0355639334213447	6.914315716012768	230.0	15	1.05	0.95				
	120	1	111.35873329403508	22.619742700350876	0.0	0.0	1	1.0385717707632809	6.138056958232052	230.0	15	1.05	0.95				
	121	2	0.0	0.0	0.0	0.0	1	1.05	16.189776101475914	230.0	17	1.05	0.95				
	122	2	0.0	0.0	0.0	0.0	1	1.05	24.441139561244082	230.0	17	1.05	0.95				
	123	2	0.0	0.0	0.0	0.0	1	1.042732155823361	6.353594799521172	230.0	15	1.05	0.95				
	124	1	0.0	0.0	0.0	0.0	1	1.0197167757477696	6.0857638880568405	230.0	16	1.05	0.95				
	201	2	85.83220527157896	17.484338110877193	0.0	0.0	2	1.0407103558341457	-16.087870884465957	138.0	21	1.05	0.95				
	202	2	77.09003621614036	15.894852828070178	0.0	0.0	2	1.0432881472889786	-16.23180188356097	138.0	22	1.05	0.95				
	203	1	143.05367545263158	29.405477731929825	0.0	0.0	2	1.0256259179823997	-11.747868035113028	138.0	21	1.05	0.95				
	204	1	58.81095546385965	11.921139621052632	0.0	0.0	2	1.0195788081918826	-17.57552836111252	138.0	21	1.05	0.95				
	205	1	56.42672753964912	11.126396979649124	0.0	0.0	2	1.035220360293831	-18.113178007867468	138.0	21	1.05	0.95				
	206	1	108.0849992308772	22.25279395929825	0.0	-100.0	2	1.0379872253168658	-20.00217881413458	138.0	22	1.05	0.95				
	207	2	99.3428301754386	19.86856603508772	0.0	0.0	2	0.95	-31.598980824652838	138.0	22	1.05	0.95				
	208	1	135.90099168	27.815992449122806	0.0	0.0	2	0.956375211217827	-27.686547939194742	138.0	22	1.05	0.95				
	209	1	139.07996224561404	28.61073509052632	0.0	0.0	2	1.0255416335234342	-15.471722658356846	138.0	23	1.05	0.95				
	210	1	154.97481507368423	31.789705656140356	0.0	0.0	2	1.05	-17.67857888039474	138.0	23	1.05	0.95				
	211	1	0.0	0.0	0.0	0.0	2	1.0332879863995137	-10.99550452824467	230.0	23	1.05	0.95				
	212	1	0.0	0.0	0.0	0.0	2	1.023867948773636	-8.062391320631717	230.0	23	1.05	0.95				
	213	2	210.60679997192983	42.91610263578948	0.0	0.0	2	1.05	-8.487367898023109	230.0	24	1.05	0.95				
	214	2	154.18007243228072	30.994963014736843	0.0	0.0	2	1.05	-7.867793954951847	230.0	26	1.05	0.95				
	215	2	251.93341732491228	50.863529049824564	0.0	0.0	2	1.0458419864589188	1.6487322996247329	230.0	26	1.05	0.95				
	216	2	79.47426414035088	15.894852828070178	0.0	0.0	2	1.0489474549965394	1.470566228279296	230.0	26	1.05	0.95				
	217	1	0.0	0.0	0.0	0.0	2	1.049434704276609	4.466398613101505	230.0	27	1.05	0.95				
	218	2	264.64929958736843	54.0424996154386	0.0	0.0	2	1.05	4.841133766600178	230.0	27	1.05	0.95				
	219	1	143.8484180940351	29.405477731929825	0.0	0.0	2	1.043280130862923	1.7886793317671155	230.0	25	1.05	0.95				
	220	1	101.72705809964913	20.66330867649123	0.0	0.0	2	1.0456790059030934	3.552541467701215	230.0	25	1.05	0.95				
	221	2	0.0	0.0	0.0	0.0	2	1.05	4.994374614851777	230.0	27	1.05	0.95				
	222	2	0.0	0.0	0.0	0.0	2	1.05	11.299541000593605	230.0	27	1.05	0.95				
	223	2	0.0	0.0	0.0	0.0	2	1.05	5.095668897871007	230.0	25	1.05	0.95				
	224	1	0.0	0.0	0.0	0.0	2	1.0212184779438116	-3.3284555834653475	230.0	26	1.05	0.95				
	301	2	75.67858273263158	15.416007593684212	0.0	0.0	3	0.9946875724923184	11.70143937561617	138.0	31	1.05	0.95				
	302	2	67.97057893578948	14.014552357894736	0.0	0.0	3	0.9969817030131165	11.572714637367296	138.0	32	1.05	0.95				
	303	1	126.13097122105263	25.926921862105264	0.0	0.0	3	1.0175248973328215	17.174583408800355	138.0	31	1.05	0.95				
	304	1	51.85384372421053	10.510914268421052	0.0	0.0	3	0.9940061705572242	14.074321107064266	138.0	31	1.05	0.95				
	305	1	49.75166087052631	9.810186650526315	0.0	0.0	3	1.005364535221677	13.76890725192817	138.0	31	1.05	0.95				
	306	1	95.2989560336842	19.62037330105263	0.0	-100.0	3	1.0195964641562139	14.14089778841261	138.0	32	1.05	0.95				
	307	2	87.5909522368421	17.51819044736842	0.0	0.0	3	0.9680624931318479	9.535280174064809	138.0	32	1.05	0.95				
	308	1	119.82442266	24.525466626315787	0.0	0.0	3	0.9800037534538432	12.827644191325966	138.0	32	1.05	0.95				
	309	1	122.62733313157894	25.226194244210525	0.0	0.0	3	1.0180163297600802	19.02554826567332	138.0	33	1.05	0.95				
	310	1	136.64188548947368	28.029104715789472	0.0	0.0	3	1.0380838407258894	18.133053215912618	138.0	33	1.05	0.95				
	311	1	0.0	0.0	0.0	0.0	3	1.0080289354527754	25.606404880115758	230.0	33	1.05	0.95				
	312	1	0.0	0.0	0.0	0.0	3	1.0144554735572766	26.76079393978834	230.0	33	1.05	0.95				
	313	2	185.69281874210526	37.83929136631579	0.0	0.0	3	1.0388338606315723	34.82636042658791	230.0	34	1.05	0.95				
	314	2	135.94115787157895	27.328377097894734	0.0	0.0	3	1.011776868674428	24.321822154903806	230.0	36	1.05	0.95				
	315	2	222.13065487263157	44.846567545263156	0.0	0.0	3	1.0422300392691453	19.26836433512078	230.0	36	1.05	0.95				
	316	2	70.07276178947367	14.014552357894736	0.0	0.0	3	1.0421809477528883	20.976826219457735	230.0	36	1.05	0.95				
	317	1	0.0	0.0	0.0	0.0	3	1.05	20.672067458336176	230.0	37	1.05	0.95				
	318	2	233.34229675894736	47.6494780168421	0.0	0.0	3	1.0482006202946978	18.20530450709959	230.0	37	1.05	0.95				
	319	1	126.83169883894736	25.926921862105264	0.0	0.0	3	1.039585974802375	22.905415775899915	230.0	35	1.05	0.95				
	320	1	89.69313509052631	18.218918065263157	0.0	0.0	3	1.0404947403963174	24.429133458560962	230.0	35	1.05	0.95				
	321	2	0.0	0.0	0.0	0.0	3	1.0467616291302113	19.181177297227926	230.0	37	1.05	0.95				
	322	2	0.0	0.0	0.0	0.0	3	1.05	24.109525310150932	230.0	37	1.05	0.95				
	323	2	0.0	0.0	0.0	0.0	3	1.0410065300953721	24.92054720515547	230.0	35	1.05	0.95				
	324	1	0.0	0.0	0.0	0.0	3	1.0302387432982725	20.460383718548975	230.0	36	1.05	0.95				
	325	1	0.0	0.0	0.0	0.0	3	1.043212191992651	24.183933259489933	230.0	35	1.05	0.95				
];
