%% MATPOWER Case Format : Version 2
function mpc = RTS_GMLC
mpc.version = '2';

%%-----  Power Flow Data  -----%%
%% system MVA base
mpc.baseMVA = 100.0;
%% bus data
%    bus_i    type    Pd    Qd    Gs    Bs    area    Vm    Va    baseKV    zone    Vmax    Vmin
mpc.bus = [
	101	2	92.79663533052633	18.903018308070177	0.0	0.0	1	1.0369559494487064	-5.812621789423102	138.0	11	1.05	0.95				
	102	2	83.34512617649122	17.184562098245614	0.0	0.0	1	1.0369001386065002	-5.887079422866577	138.0	12	1.05	0.95				
	103	1	154.66105888421055	31.791439881754386	0.0	0.0	1	1.0161388301971424	-6.392534527805016	138.0	11	1.05	0.95				
	104	1	63.58287976350877	12.88842157368421	0.0	0.0	1	1.01687264982462	-8.450956829877104	138.0	11	1.05	0.95				
	105	1	61.00519544877193	12.02919346877193	0.0	0.0	1	1.0321153137189896	-8.636401019671846	138.0	11	1.05	0.95				
	106	1	116.85502226807019	24.05838693754386	0.0	-100.0	1	1.0340734243956762	-10.998503380487621	138.0	12	1.05	0.95				
	107	2	107.40351311403509	21.48070262280702	0.0	0.0	1	1.05	-6.734258634875415	138.0	12	1.05	0.95				
	108	1	146.92800594	30.072983671929826	0.0	0.0	1	1.022337104498549	-9.943993585619989	138.0	12	1.05	0.95				
	109	1	150.36491835964912	30.932211776842106	0.0	0.0	1	1.0271712571422058	-7.331078877186677	138.0	13	1.05	0.95				
	110	1	167.54948045789476	34.36912419649123	0.0	0.0	1	1.05	-8.801211553293989	138.0	13	1.05	0.95				
	111	1	0.0	0.0	0.0	0.0	1	1.018426685300739	-3.5082095904163935	230.0	13	1.05	0.95				
	112	1	0.0	0.0	0.0	0.0	1	1.0191255322471144	-2.272097993902226	230.0	13	1.05	0.95				
	113	3	227.69544780175437	46.398317665263164	0.0	0.0	1	1.0261847090348102	-3.836491688504162e-26	230.0	14	1.05	0.95				
	114	2	166.69025235298244	33.50989609157895	0.0	0.0	1	1.023552477247637	-2.0454565743216393	230.0	16	1.05	0.95				
	115	2	272.375309257193	54.990598714385975	0.0	0.0	1	1.044069597401773	5.472803859613585	230.0	16	1.05	0.95				
	116	2	85.92281049122808	17.184562098245614	0.0	0.0	1	1.0447813862282493	5.260864977755513	230.0	16	1.05	0.95				
	117	1	0.0	0.0	0.0	0.0	1	1.0476510417723186	8.250115412207899	230.0	17	1.05	0.95				
	118	2	286.1229589357895	58.42751113403509	0.0	0.0	1	1.049344535771935	8.84848757403575	230.0	17	1.05	0.95				
	119	1	155.5202869891228	31.791439881754386	0.0	0.0	1	1.0392021231518618	4.363397387878674	230.0	15	1.05	0.95				
	120	1	109.98119742877195	22.339930727719302	0.0	0.0	1	1.0422669690366706	5.194759120598282	230.0	15	1.05	0.95				
	121	2	0.0	0.0	0.0	0.0	1	1.05	9.77181203854421	230.0	17	1.05	0.95				
	122	2	0.0	0.0	0.0	0.0	1	1.05	15.92463189048097	230.0	17	1.05	0.95				
	123	2	0.0	0.0	0.0	0.0	1	1.0467563742239823	6.277107511922853	230.0	15	1.05	0.95				
	124	1	0.0	0.0	0.0	0.0	1	1.0187326751573231	1.0994755933534601	230.0	16	1.05	0.95				
	201	2	87.65118841263158	17.85487171368421	0.0	0.0	2	1.0460934263871062	-11.136270819267112	138.0	21	1.05	0.95				
	202	2	78.72375255578947	16.23170155789474	0.0	0.0	2	1.0473568030318001	-11.168528114953949	138.0	22	1.05	0.95				
	203	1	146.08531402105265	30.028647882105265	0.0	0.0	2	1.0279540509743448	-8.85913269863598	138.0	21	1.05	0.95				
	204	1	60.05729576421053	12.173776168421051	0.0	0.0	2	1.0215639468214917	-13.168945797157802	138.0	21	1.05	0.95				
	205	1	57.62254053052631	11.362191090526318	0.0	0.0	2	1.0376483120801272	-13.528023370183794	138.0	21	1.05	0.95				
	206	1	110.37557059368422	22.724382181052636	0.0	-100.0	2	1.0383078962027277	-15.610693555159685	138.0	22	1.05	0.95				
	207	2	101.4481347368421	20.289626947368422	0.0	0.0	2	0.95	-27.426182102547727	138.0	22	1.05	0.95				
	208	1	138.78104832	28.405477726315787	0.0	0.0	2	0.9561209555845905	-23.611733752019234	138.0	22	1.05	0.95				
	209	1	142.02738863157896	29.217062804210524	0.0	0.0	2	1.0263507688722335	-11.558907195396419	138.0	23	1.05	0.95				
	210	1	158.25909018947368	32.46340311578948	0.0	0.0	2	1.05	-13.434989066330086	138.0	23	1.05	0.95				
	211	1	0.0	0.0	0.0	0.0	2	1.0320060064239316	-6.1211854004291055	230.0	23	1.05	0.95				
	212	1	0.0	0.0	0.0	0.0	2	1.0237172735800877	-4.774880087483275	230.0	23	1.05	0.95				
	213	2	215.07004564210524	43.82559420631579	0.0	0.0	2	1.05	-1.6142672844269599	230.0	24	1.05	0.95				
	214	2	157.44750511157895	31.651818037894742	0.0	0.0	2	1.05	-3.970923239197701	230.0	26	1.05	0.95				
	215	2	257.2724696926316	51.94144498526316	0.0	0.0	2	1.046606420893549	4.218310055765248	230.0	26	1.05	0.95				
	216	2	81.15850778947369	16.23170155789474	0.0	0.0	2	1.0499999941976383	4.0830893670514845	230.0	26	1.05	0.95				
	217	1	0.0	0.0	0.0	0.0	2	1.05	6.99643800406964	230.0	27	1.05	0.95				
	218	2	270.2578309389474	55.18778529684211	0.0	0.0	2	1.0498359840154003	7.757399969111507	230.0	27	1.05	0.95				
	219	1	146.8968990989474	30.028647882105265	0.0	0.0	2	1.0440245969161692	3.6733758747121312	230.0	25	1.05	0.95				
	220	1	103.88288997052632	21.10121202526316	0.0	0.0	2	1.046129647766929	4.831822865438652	230.0	25	1.05	0.95				
	221	2	0.0	0.0	0.0	0.0	2	1.05	8.299834803623384	230.0	27	1.05	0.95				
	222	2	0.0	0.0	0.0	0.0	2	1.05	14.300350272943044	230.0	27	1.05	0.95				
	223	2	0.0	0.0	0.0	0.0	2	1.05	6.056088650101246	230.0	25	1.05	0.95				
	224	1	0.0	0.0	0.0	0.0	2	1.0230106846561142	-0.6469219966104298	230.0	26	1.05	0.95				
	301	2	76.05441314526317	15.492565640701756	0.0	0.0	3	1.0133524660674718	-15.833068041746643	138.0	31	1.05	0.95				
	302	2	68.30813032491228	14.084150582456143	0.0	0.0	3	1.0119165593573782	-16.21265172157834	138.0	32	1.05	0.95				
	303	1	126.75735524210528	26.055678577543862	0.0	0.0	3	1.0225453195101943	-9.939170709020722	138.0	31	1.05	0.95				
	304	1	52.111357155087724	10.563112936842105	0.0	0.0	3	1.0069355071707078	-15.003599881008606	138.0	31	1.05	0.95				
	305	1	49.998734567719296	9.8589054077193	0.0	0.0	3	1.0221083762032892	-15.410498650755555	138.0	31	1.05	0.95				
	306	1	95.77222396070177	19.7178108154386	0.0	-100.0	3	1.0331551293253716	-15.960584604597845	138.0	32	1.05	0.95				
	307	2	88.02594114035088	17.605188228070176	0.0	0.0	3	1.0074590897653959	-17.719728049298382	138.0	32	1.05	0.95				
	308	1	120.41948748	24.647263519298246	0.0	0.0	3	1.001258634648679	-17.405973417967036	138.0	32	1.05	0.95				
	309	1	123.23631759649123	25.351471048421054	0.0	0.0	3	1.02701612184714	-11.133611272687629	138.0	33	1.05	0.95				
	310	1	137.32046817894735	28.168301164912286	0.0	0.0	3	1.05	-12.730170610788065	138.0	33	1.05	0.95				
	311	1	0.0	0.0	0.0	0.0	3	1.01932500509898	-6.200208944409105	230.0	33	1.05	0.95				
	312	1	0.0	0.0	0.0	0.0	3	1.0192302792912407	-4.543200090061055	230.0	33	1.05	0.95				
	313	2	186.61499521754385	38.027206572631584	0.0	0.0	3	1.0320084563953238	-1.2107136699520067	230.0	34	1.05	0.95				
	314	2	136.61626064982457	27.464093635789478	0.0	0.0	3	1.0267835051454586	-4.913894531031639	230.0	36	1.05	0.95				
	315	2	223.23378673192985	45.06928186385965	0.0	0.0	3	1.045941183389408	0.47708116385440386	230.0	36	1.05	0.95				
	316	2	70.4207529122807	14.084150582456143	0.0	0.0	3	1.0441491624167512	0.4326116937555228	230.0	36	1.05	0.95				
	317	1	0.0	0.0	0.0	0.0	3	1.046847181806818	2.301080713818654	230.0	37	1.05	0.95				
	318	2	234.50110719789475	47.88611198035088	0.0	0.0	3	1.0472075556827924	2.4309444473566693	230.0	37	1.05	0.95				
	319	1	127.46156277122809	26.055678577543862	0.0	0.0	3	1.041406992981606	0.998126052256375	230.0	35	1.05	0.95				
	320	1	90.1385637277193	18.309395757192984	0.0	0.0	3	1.0453656077552878	2.810238414978256	230.0	35	1.05	0.95				
	321	2	0.0	0.0	0.0	0.0	3	1.05	3.6943276449531	230.0	37	1.05	0.95				
	322	2	0.0	0.0	0.0	0.0	3	1.05	8.922450269669307	230.0	37	1.05	0.95				
	323	2	0.0	0.0	0.0	0.0	3	1.05	4.268098193167602	230.0	35	1.05	0.95				
	324	1	0.0	0.0	0.0	0.0	3	1.0251458894662924	-2.7131420883615602	230.0	36	1.05	0.95				
	325	1	0.0	0.0	0.0	0.0	3	1.0495504918339957	4.726353580590432	230.0	35	1.05	0.95				
];

%% generator data
%    bus    Pg    Qg    Qmax    Qmin    Vg    mBase    status    Pmax    Pmin    Pc1    Pc2    Qc1min    Qc1max    Qc2min    Qc2max    ramp_agc    ramp_10    ramp_30    ramp_q    apf
