%% MATPOWER Case Format : Version 2
function mpc = RTS_GMLC
mpc.version = '2';

%%-----  Power Flow Data  -----%%
%% system MVA base
mpc.baseMVA = 100.0;
%% bus data
%    bus_i    type    Pd    Qd    Gs    Bs    area    Vm    Va    baseKV    zone    Vmax    Vmin
mpc.bus = [
	101	2	65.56952004631579	13.35675408350877	0.0	0.0	1	1.047543560920146	1.2727718541443525	138.0	11	1.05	0.95				
	102	2	58.8911430045614	12.142503712280702	0.0	0.0	1	1.0469359176126571	1.0650307107611319	138.0	12	1.05	0.95				
	103	1	109.28253341052631	22.463631867719297	0.0	0.0	1	1.0263369388654957	-1.6662420997308187	138.0	11	1.05	0.95				
	104	1	44.92726373543859	9.106877784210525	0.0	0.0	1	1.0262405516097417	-2.550382505740651	138.0	11	1.05	0.95				
	105	1	43.10588817859649	8.49975259859649	0.0	0.0	1	1.0400326133845574	-2.6913745622220735	138.0	11	1.05	0.95				
	106	1	82.56902524350878	16.99950519719298	0.0	-100.0	1	1.0430970071861634	-5.517220443362235	138.0	12	1.05	0.95				
	107	2	75.89064820175439	15.178129640350877	0.0	0.0	1	1.0071132617624585	-10.147765573982063	138.0	12	1.05	0.95				
	108	1	103.81840674	21.249381496491225	0.0	0.0	1	1.0032318376326748	-9.620241704488931	138.0	12	1.05	0.95				
	109	1	106.24690748245614	21.856506682105262	0.0	0.0	1	1.025332088572797	-3.9117121171840683	138.0	13	1.05	0.95				
	110	1	118.38941119473682	24.285007424561403	0.0	0.0	1	1.05	-4.866589859888246	138.0	13	1.05	0.95				
	111	1	0.0	0.0	0.0	0.0	1	1.0086715976842107	-1.5807069814131918	230.0	13	1.05	0.95				
	112	1	0.0	0.0	0.0	0.0	1	1.012558752467295	-0.8584384102176702	230.0	13	1.05	0.95				
	113	3	160.88817418771927	32.784760023157894	0.0	0.0	1	1.0065413194094364	-1.1113763140511708e-25	230.0	14	1.05	0.95				
	114	2	117.7822860091228	23.67788223894737	0.0	0.0	1	1.0070789799942617	-0.06181166730539955	230.0	16	1.05	0.95				
	115	2	192.4586838396491	38.856011879298244	0.0	0.0	1	1.0380491199498707	6.112205787868586	230.0	16	1.05	0.95				
	116	2	60.712518561403506	12.142503712280702	0.0	0.0	1	1.0349951007141287	5.742845556467984	230.0	16	1.05	0.95				
	117	1	0.0	0.0	0.0	0.0	1	1.0405977137123366	7.885464319949826	230.0	17	1.05	0.95				
	118	2	202.17268680947367	41.28451262175439	0.0	0.0	1	1.0422993190647283	7.965649327505165	230.0	17	1.05	0.95				
	119	1	109.88965859614035	22.463631867719297	0.0	0.0	1	1.0291412955172972	4.800140891481324	230.0	15	1.05	0.95				
	120	1	77.71202375859649	15.785254825964913	0.0	0.0	1	1.028851425238575	5.043946493223429	230.0	15	1.05	0.95				
	121	2	0.0	0.0	0.0	0.0	1	1.0456218602675091	9.325282399704827	230.0	17	1.05	0.95				
	122	2	0.0	0.0	0.0	0.0	1	1.05	15.951005107147326	230.0	17	1.05	0.95				
	123	2	0.0	0.0	0.0	0.0	1	1.0301400721104919	5.638595707442547	230.0	15	1.05	0.95				
	124	1	0.0	0.0	0.0	0.0	1	1.0236878676752592	3.207474633935248	230.0	16	1.05	0.95				
	201	2	62.95041712421053	12.82323311789474	0.0	0.0	2	1.0312382125215378	-9.328347254516713	138.0	21	1.05	0.95				
	202	2	56.53880056526316	11.657484652631581	0.0	0.0	2	1.0316482786830983	-9.300820334313299	138.0	22	1.05	0.95				
	203	1	104.91736187368423	21.566346607368423	0.0	0.0	2	1.0188486006936603	-8.601145547314433	138.0	21	1.05	0.95				
	204	1	43.13269321473685	8.743113489473684	0.0	0.0	2	1.0178931015561996	-11.142952419649669	138.0	21	1.05	0.95				
	205	1	41.38407051684211	8.160239256842107	0.0	0.0	2	1.03328102291448	-11.344544705450241	138.0	21	1.05	0.95				
	206	1	79.27089563789474	16.320478513684215	0.0	-100.0	2	1.0413174858049503	-13.014930595712265	138.0	22	1.05	0.95				
	207	2	72.85927907894738	14.571855815789474	0.0	0.0	2	0.9902249207963333	-21.73210193944724	138.0	22	1.05	0.95				
	208	1	99.67149378	20.400598142105263	0.0	0.0	2	0.9906338973876233	-18.944919588927867	138.0	22	1.05	0.95				
	209	1	102.00299071052632	20.983472374736845	0.0	0.0	2	1.024280867509409	-10.27900215923885	138.0	23	1.05	0.95				
	210	1	113.66047536315791	23.314969305263162	0.0	0.0	2	1.05	-11.541218444222887	138.0	23	1.05	0.95				
	211	1	0.0	0.0	0.0	0.0	2	1.0123580299989525	-7.0198200655313165	230.0	23	1.05	0.95				
	212	1	0.0	0.0	0.0	0.0	2	1.014303534210627	-4.563921194266735	230.0	23	1.05	0.95				
	213	2	154.46167164736843	31.475208562105266	0.0	0.0	2	1.010743766688697	-5.384621073398588	230.0	24	1.05	0.95				
	214	2	113.07760113052632	22.73209507263158	0.0	0.0	2	1.018130102466553	-4.51823492599938	230.0	26	1.05	0.95				
	215	2	184.77113174421055	37.303950888421056	0.0	0.0	2	1.0349705477179834	2.7512555019167975	230.0	26	1.05	0.95				
	216	2	58.2874232631579	11.657484652631581	0.0	0.0	2	1.035604652932598	2.578981179075928	230.0	26	1.05	0.95				
	217	1	0.0	0.0	0.0	0.0	2	1.0398253285383476	5.236572737241868	230.0	27	1.05	0.95				
	218	2	194.0971194663158	39.63544781894737	0.0	0.0	2	1.0413511713535382	5.716337379807643	230.0	27	1.05	0.95				
	219	1	105.50023610631581	21.566346607368423	0.0	0.0	2	1.0330275416430221	1.947576915348614	230.0	25	1.05	0.95				
	220	1	74.60790177684211	15.154730048421056	0.0	0.0	2	1.0354541096558698	2.5149095816053486	230.0	25	1.05	0.95				
	221	2	0.0	0.0	0.0	0.0	2	1.041326353498852	5.482457524058941	230.0	27	1.05	0.95				
	222	2	0.0	0.0	0.0	0.0	2	1.05	11.889396804946683	230.0	27	1.05	0.95				
	223	2	0.0	0.0	0.0	0.0	2	1.0381909611395452	3.2613546396794555	230.0	25	1.05	0.95				
	224	1	0.0	0.0	0.0	0.0	2	1.0148340041663162	-1.4790543050793061	230.0	26	1.05	0.95				
	301	2	53.572919949473686	10.913002211929825	0.0	0.0	3	1.0087822649408948	-10.882698286877492	138.0	31	1.05	0.95				
	302	2	48.116418843508775	9.920911101754387	0.0	0.0	3	1.0082256163863348	-11.018058779706443	138.0	32	1.05	0.95				
	303	1	89.28819991578948	18.353685538245614	0.0	0.0	3	1.028192508265011	-4.438598160956965	138.0	31	1.05	0.95				
	304	1	36.70737107649123	7.4406833263157885	0.0	0.0	3	1.0094691862351515	-9.397946060554885	138.0	31	1.05	0.95				
	305	1	35.219234411228065	6.944637771228071	0.0	0.0	3	1.0227814095388397	-10.196152957209897	138.0	31	1.05	0.95				
	306	1	67.46219549192983	13.889275542456142	0.0	-100.0	3	1.038495279865805	-10.385904499634266	138.0	32	1.05	0.95				
	307	2	62.005694385964915	12.401138877192983	0.0	0.0	3	0.995776189068778	-15.142272244542625	138.0	32	1.05	0.95				
	308	1	84.82378992000001	17.361594428070173	0.0	0.0	3	1.0006971047161586	-12.879441856328695	138.0	32	1.05	0.95				
	309	1	86.80797214035087	17.857639983157895	0.0	0.0	3	1.0267971106267402	-6.047220415332667	138.0	33	1.05	0.95				
	310	1	96.72888324210525	19.841822203508773	0.0	0.0	3	1.05	-7.915682044665821	138.0	33	1.05	0.95				
	311	1	0.0	0.0	0.0	0.0	3	1.008643690689379	-2.3668917589724368	230.0	33	1.05	0.95				
	312	1	0.0	0.0	0.0	0.0	3	1.0124052520740237	-1.6523001306767504	230.0	33	1.05	0.95				
	313	2	131.45207209824562	26.786459974736843	0.0	0.0	3	1.0138089935400967	2.1722092915505575	230.0	34	1.05	0.95				
	314	2	96.23283768701755	19.345776648421054	0.0	0.0	3	1.0076253764962397	-1.6362711388731352	230.0	36	1.05	0.95				
	315	2	157.24644096280701	31.746915525614032	0.0	0.0	3	1.026134900911611	-0.7471600141477707	230.0	36	1.05	0.95				
	316	2	49.60455550877193	9.920911101754387	0.0	0.0	3	1.0254476355131552	0.15674051300047237	230.0	36	1.05	0.95				
	317	1	0.0	0.0	0.0	0.0	3	1.030697144257058	0.6168823612357076	230.0	37	1.05	0.95				
	318	2	165.18316984421054	33.73109774596492	0.0	0.0	3	1.029468255096219	0.08876592914885861	230.0	37	1.05	0.95				
	319	1	89.7842454708772	18.353685538245614	0.0	0.0	3	1.0235823843384824	0.8745118850555097	230.0	35	1.05	0.95				
	320	1	63.493831051228064	12.897184432280703	0.0	0.0	3	1.0231628826127377	1.3842337726838356	230.0	35	1.05	0.95				
	321	2	0.0	0.0	0.0	0.0	3	1.0303804392751814	0.3578745873303774	230.0	37	1.05	0.95				
	322	2	0.0	0.0	0.0	0.0	3	1.0437977885657426	4.818076247894347	230.0	37	1.05	0.95				
	323	2	0.0	0.0	0.0	0.0	3	1.023358949529297	1.8233311248206103	230.0	35	1.05	0.95				
	324	1	0.0	0.0	0.0	0.0	3	1.021850805616562	-1.3664470477608837	230.0	36	1.05	0.95				
	325	1	0.0	0.0	0.0	0.0	3	1.0241019080268452	2.470739012643347	230.0	35	1.05	0.95				
];
