%% MATPOWER Case Format : Version 2
function mpc = RTS_GMLC
mpc.version = '2';

%%-----  Power Flow Data  -----%%
%% system MVA base
mpc.baseMVA = 100.0;
%% bus data
%    bus_i    type    Pd    Qd    Gs    Bs    area    Vm    Va    baseKV    zone    Vmax    Vmin
mpc.bus = [
	101	2	47.98812467368421	9.77535872982456	0.0	0.0	1	1.0370456377308903	2.2850669948917073	138.0	11	1.05	0.95				
	102	2	43.10044530877193	8.886689754385966	0.0	0.0	1	1.036632139849642	2.1415538232980316	138.0	12	1.05	0.95				
	103	1	79.98020778947368	16.440376045614038	0.0	0.0	1	1.027814452198218	0.30868397027061034	138.0	11	1.05	0.95				
	104	1	32.880752091228075	6.665017315789473	0.0	0.0	1	1.0224088820588546	-1.1696740066259685	138.0	11	1.05	0.95				
	105	1	31.54774862807017	6.220682828070176	0.0	0.0	1	1.0373768929784768	-0.957860304670839	138.0	11	1.05	0.95				
	106	1	60.42949032982457	12.441365656140352	0.0	-100.0	1	1.045730287988388	-3.2322322352009234	138.0	12	1.05	0.95				
	107	2	55.54181096491227	11.108362192982456	0.0	0.0	1	1.001598921265777	-8.209202685123213	138.0	12	1.05	0.95				
	108	1	75.9811974	15.55170707017544	0.0	0.0	1	1.004733556717103	-7.169460181068461	138.0	12	1.05	0.95				
	109	1	77.7585353508772	15.996041557894735	0.0	0.0	1	1.0244890797270052	-2.0918956267827715	138.0	13	1.05	0.95				
	110	1	86.64522510526315	17.77337950877193	0.0	0.0	1	1.05	-2.859055247294085	138.0	13	1.05	0.95				
	111	1	0.0	0.0	0.0	0.0	1	1.0039268134566481	-0.30271348805172843	230.0	13	1.05	0.95				
	112	1	0.0	0.0	0.0	0.0	1	1.0084193312970937	0.09157530638572275	230.0	13	1.05	0.95				
	113	3	117.74863924561403	23.994062336842106	0.0	0.0	1	0.9962959497660057	3.105075364343269e-29	230.0	14	1.05	0.95				
	114	2	86.20089061754386	17.32904502105263	0.0	0.0	1	1.0010747243021938	1.7314833061512591	230.0	16	1.05	0.95				
	115	2	140.85403260701753	28.437407214035087	0.0	0.0	1	1.0354687486552239	7.60623928288718	230.0	16	1.05	0.95				
	116	2	44.433448771929825	8.886689754385966	0.0	0.0	1	1.0317277217109724	7.199559462783522	230.0	16	1.05	0.95				
	117	1	0.0	0.0	0.0	0.0	1	1.038839000991521	9.029821190993138	230.0	17	1.05	0.95				
	118	2	147.96338441052632	30.214745164912284	0.0	0.0	1	1.0406601736572785	9.05945168575609	230.0	17	1.05	0.95				
	119	1	80.42454227719298	16.440376045614038	0.0	0.0	1	1.0255875389212072	6.127414696059567	230.0	15	1.05	0.95				
	120	1	56.874814428070174	11.552696680701754	0.0	0.0	1	1.0234608709433863	6.057744474652237	230.0	15	1.05	0.95				
	121	2	0.0	0.0	0.0	0.0	1	1.044127253144109	10.106795874527762	230.0	17	1.05	0.95				
	122	2	0.0	0.0	0.0	0.0	1	1.05	16.18955705892082	230.0	17	1.05	0.95				
	123	2	0.0	0.0	0.0	0.0	1	1.022919865382319	6.364006277912374	230.0	15	1.05	0.95				
	124	1	0.0	0.0	0.0	0.0	1	1.023146196828929	4.869963763589002	230.0	16	1.05	0.95				
	201	2	48.51755075368421	9.883204783157895	0.0	0.0	2	1.031823256352949	-5.43939251081891	138.0	21	1.05	0.95				
	202	2	43.575948362105265	8.984731621052633	0.0	0.0	2	1.032304074483662	-5.366348085038281	138.0	22	1.05	0.95				
	203	1	80.86258458947368	16.62175349894737	0.0	0.0	2	1.0188654328936932	-5.90717721681816	138.0	21	1.05	0.95				
	204	1	33.24350699789474	6.738548715789474	0.0	0.0	2	1.0200355943063566	-7.591561013590926	138.0	21	1.05	0.95				
	205	1	31.89579725473684	6.289312134736842	0.0	0.0	2	1.0352957729860313	-7.662730083747488	138.0	21	1.05	0.95				
	206	1	61.096175023157905	12.578624269473684	0.0	-100.0	2	1.0451625604522086	-9.330182725530001	138.0	22	1.05	0.95				
	207	2	56.154572631578944	11.23091452631579	0.0	0.0	2	0.9912372608314721	-16.136539321318498	138.0	22	1.05	0.95				
	208	1	76.81945536	15.723280336842105	0.0	0.0	2	0.996984146039229	-14.090554049864766	138.0	22	1.05	0.95				
	209	1	78.61640168421053	16.172516917894736	0.0	0.0	2	1.0230152224197218	-7.583654894221804	138.0	23	1.05	0.95				
	210	1	87.60113330526316	17.969463242105267	0.0	0.0	2	1.05	-8.492427891895654	138.0	23	1.05	0.95				
	211	1	0.0	0.0	0.0	0.0	2	1.0052329460191491	-4.869473840089705	230.0	23	1.05	0.95				
	212	1	0.0	0.0	0.0	0.0	2	1.0078423722465812	-4.213826711620728	230.0	23	1.05	0.95				
	213	2	119.04769397894736	24.258775376842106	0.0	0.0	2	0.9988701468104922	-3.8760778092489185	230.0	24	1.05	0.95				
	214	2	87.15189672421053	17.520226661052632	0.0	0.0	2	1.0062463537572075	-2.4567066610170616	230.0	26	1.05	0.95				
	215	2	142.4079961936842	28.75114118736842	0.0	0.0	2	1.0265024429567837	3.622660179475696	230.0	26	1.05	0.95				
	216	2	44.92365810526316	8.984731621052633	0.0	0.0	2	1.0271248102567117	3.665856609480498	230.0	26	1.05	0.95				
	217	1	0.0	0.0	0.0	0.0	2	1.0330468106258273	6.1230859868551795	230.0	27	1.05	0.95				
	218	2	149.59578149052632	30.548087511578952	0.0	0.0	2	1.034522585185594	6.521625204471572	230.0	27	1.05	0.95				
	219	1	81.31182117052631	16.62175349894737	0.0	0.0	2	1.025504469002707	3.1001526667301604	230.0	25	1.05	0.95				
	220	1	57.50228237473684	11.680151107368422	0.0	0.0	2	1.0272293981255993	3.485511139120775	230.0	25	1.05	0.95				
	221	2	0.0	0.0	0.0	0.0	2	1.0348010917448656	6.319074587159105	230.0	27	1.05	0.95				
	222	2	0.0	0.0	0.0	0.0	2	1.05	12.73884052657786	230.0	27	1.05	0.95				
	223	2	0.0	0.0	0.0	0.0	2	1.028915788876497	4.040918701854275	230.0	25	1.05	0.95				
	224	1	0.0	0.0	0.0	0.0	2	1.0118708692389111	0.044450103057210574	230.0	26	1.05	0.95				
	301	2	38.88136667368421	7.920278396491229	0.0	0.0	3	1.011045616297626	-15.08462033214037	138.0	31	1.05	0.95				
	302	2	34.92122747543859	7.200253087719298	0.0	0.0	3	1.0110587155404789	-15.169349405048582	138.0	32	1.05	0.95				
	303	1	64.80227778947368	13.320468212280701	0.0	0.0	3	1.0200578711724186	-10.879705970405308	138.0	31	1.05	0.95				
	304	1	26.640936424561403	5.400189815789473	0.0	0.0	3	1.0126152542581928	-13.946344233549993	138.0	31	1.05	0.95				
	305	1	25.560898461403507	5.040177161403509	0.0	0.0	3	1.0260253473027203	-14.554338886474241	138.0	31	1.05	0.95				
	306	1	48.96172099649123	10.080354322807018	0.0	-100.0	3	1.0431823416312282	-14.71021038136429	138.0	32	1.05	0.95				
	307	2	45.00158179824562	9.000316359649123	0.0	0.0	3	0.9938111156615916	-18.48112716818666	138.0	32	1.05	0.95				
	308	1	61.5621639	12.600442903508771	0.0	0.0	3	1.0023882991940019	-16.916452324422437	138.0	32	1.05	0.95				
	309	1	63.00221451754386	12.960455557894738	0.0	0.0	3	1.0244240451368414	-11.460039053143957	138.0	33	1.05	0.95				
	310	1	70.20246760526315	14.400506175438595	0.0	0.0	3	1.05	-12.862273145992381	138.0	33	1.05	0.95				
	311	1	0.0	0.0	0.0	0.0	3	1.0020728109128043	-7.990699263016388	230.0	33	1.05	0.95				
	312	1	0.0	0.0	0.0	0.0	3	1.0075175649421135	-7.486247131120084	230.0	33	1.05	0.95				
	313	2	95.4033534122807	19.440683336842106	0.0	0.0	3	1.0052624474641845	-4.549510051888959	230.0	34	1.05	0.95				
	314	2	69.84245495087718	14.040493521052632	0.0	0.0	3	0.9948251793644054	-6.6766721887255285	230.0	36	1.05	0.95				
	315	2	114.12401144035087	23.040809880701755	0.0	0.0	3	1.0184957665091046	-3.550419312728493	230.0	36	1.05	0.95				
	316	2	36.00126543859649	7.200253087719298	0.0	0.0	3	1.0180237671612637	-2.6853118806946696	230.0	36	1.05	0.95				
	317	1	0.0	0.0	0.0	0.0	3	1.0233567744132952	-1.8186357540735487	230.0	37	1.05	0.95				
	318	2	119.88421391052633	24.480860498245615	0.0	0.0	3	1.0228100266982902	-1.9357028410856438	230.0	37	1.05	0.95				
	319	1	65.16229044385965	13.320468212280701	0.0	0.0	3	1.015200230006609	-3.1467646576372683	230.0	35	1.05	0.95				
	320	1	46.08161976140351	9.360329014035088	0.0	0.0	3	1.0148753691992587	-2.8280902516929776	230.0	35	1.05	0.95				
	321	2	0.0	0.0	0.0	0.0	3	1.0234774982924113	-1.936026913294064	230.0	37	1.05	0.95				
	322	2	0.0	0.0	0.0	0.0	3	1.036852754032627	2.5275325644648743	230.0	37	1.05	0.95				
	323	2	0.0	0.0	0.0	0.0	3	1.0150282072624541	-2.3672201641099595	230.0	35	1.05	0.95				
	324	1	0.0	0.0	0.0	0.0	3	1.0097603370312178	-6.32754452544227	230.0	36	1.05	0.95				
	325	1	0.0	0.0	0.0	0.0	3	1.01428707599727	-1.2963782366926853	230.0	35	1.05	0.95				
];
