%% MATPOWER Case Format : Version 2
function mpc = RTS_GMLC
mpc.version = '2';

%%-----  Power Flow Data  -----%%
%% system MVA base
mpc.baseMVA = 100.0;
%% bus data
%    bus_i    type    Pd    Qd    Gs    Bs    area    Vm    Va    baseKV    zone    Vmax    Vmin
mpc.bus = [
	101	2	51.341415157894744	10.458436421052633	0.0	0.0	1	1.0304536873291568	0.8363524147864357	138.0	11	1.05	0.95				
	102	2	46.112196947368425	9.507669473684212	0.0	0.0	1	1.0294811491369606	0.5370685153425706	138.0	12	1.05	0.95				
	103	1	85.56902526315791	17.58918852631579	0.0	0.0	1	1.0274745670815542	1.0166518964058575	138.0	11	1.05	0.95				
	104	1	35.17837705263158	7.1307521052631575	0.0	0.0	1	1.0192332784885723	-2.252540299086385	138.0	11	1.05	0.95				
	105	1	33.75222663157895	6.655368631578949	0.0	0.0	1	1.0336896360698271	-2.3091443587490486	138.0	11	1.05	0.95				
	106	1	64.65215242105265	13.310737263157899	0.0	-100.0	1	1.0432582543727953	-4.58516396878681	138.0	12	1.05	0.95				
	107	2	59.42293421052632	11.884586842105264	0.0	0.0	1	0.9982574977277197	-11.712211473469381	138.0	12	1.05	0.95				
	108	1	81.290574	16.63842157894737	0.0	0.0	1	1.0004457690914001	-9.64673227402986	138.0	12	1.05	0.95				
	109	1	83.19210789473685	17.11380505263158	0.0	0.0	1	1.024482068734993	-2.7516713551340284	138.0	13	1.05	0.95				
	110	1	92.69977736842107	19.015338947368424	0.0	0.0	1	1.05	-3.988667284078168	138.0	13	1.05	0.95				
	111	1	0.0	0.0	0.0	0.0	1	1.0085530559185123	-0.18153592261204712	230.0	13	1.05	0.95				
	112	1	0.0	0.0	0.0	0.0	1	1.011456972841799	-0.7461575105069312	230.0	13	1.05	0.95				
	113	3	125.9766205263158	25.670707578947372	0.0	0.0	1	1.0020837448793516	5.510250936918487e-30	230.0	14	1.05	0.95				
	114	2	92.22439389473685	18.539955473684213	0.0	0.0	1	1.0127524669114865	2.927058498045519	230.0	16	1.05	0.95				
	115	2	150.69656115789476	30.424542315789477	0.0	0.0	1	1.0412681216328679	11.588252542902062	230.0	16	1.05	0.95				
	116	2	47.53834736842106	9.507669473684212	0.0	0.0	1	1.0359453835926835	10.140900642053028	230.0	16	1.05	0.95				
	117	1	0.0	0.0	0.0	0.0	1	1.0401596325279494	15.571805607490344	230.0	17	1.05	0.95				
	118	2	158.3026967368421	32.326076210526324	0.0	0.0	1	1.05	15.990957147391455	230.0	17	1.05	0.95				
	119	1	86.04440873684212	17.58918852631579	0.0	0.0	1	1.0271790756355386	6.7565972011881845	230.0	15	1.05	0.95				
	120	1	60.849084631578954	12.359970315789475	0.0	0.0	1	1.0253785150580972	4.712609698940585	230.0	15	1.05	0.95				
	121	2	0.0	0.0	0.0	0.0	1	1.05	17.531072105068457	230.0	17	1.05	0.95				
	122	2	0.0	0.0	0.0	0.0	1	1.05	34.473576266870815	230.0	17	1.05	0.95				
	123	2	0.0	0.0	0.0	0.0	1	1.0253729418904498	3.9512126678952297	230.0	15	1.05	0.95				
	124	1	0.0	0.0	0.0	0.0	1	1.0229070335499466	7.64095226126658	230.0	16	1.05	0.95				
	201	2	54.280497410526316	11.057138361403508	0.0	0.0	2	1.021710988641334	-13.557549499283079	138.0	21	1.05	0.95				
	202	2	48.75192822982456	10.05194396491228	0.0	0.0	2	1.0225166350634518	-13.434638970936218	138.0	22	1.05	0.95				
	203	1	90.46749568421052	18.596096335087715	0.0	0.0	2	1.015167289115794	-11.611593548761318	138.0	21	1.05	0.95				
	204	1	37.19219267017543	7.53895797368421	0.0	0.0	2	1.0149500476193085	-14.617314531606516	138.0	21	1.05	0.95				
	205	1	35.68440107543859	7.036360775438596	0.0	0.0	2	1.0296469767108014	-15.001617518462336	138.0	21	1.05	0.95				
	206	1	68.3532189614035	14.072721550877192	0.0	-100.0	2	1.0416020152041998	-16.273015146843345	138.0	22	1.05	0.95				
	207	2	62.82464978070175	12.56492995614035	0.0	0.0	2	0.9901419843636716	-23.357357575169104	138.0	22	1.05	0.95				
	208	1	85.94412089999999	17.590901938596488	0.0	0.0	2	0.9941150716289663	-21.02006013163227	138.0	22	1.05	0.95				
	209	1	87.95450969298246	18.0934991368421	0.0	0.0	2	1.0234720347938142	-13.516025766789257	138.0	23	1.05	0.95				
	210	1	98.00645365789474	20.10388792982456	0.0	0.0	2	1.05	-14.849423508497061	138.0	23	1.05	0.95				
	211	1	0.0	0.0	0.0	0.0	2	1.010694062697514	-10.253013133604655	230.0	23	1.05	0.95				
	212	1	0.0	0.0	0.0	0.0	2	1.0122490448606474	-8.964221367557768	230.0	23	1.05	0.95				
	213	2	133.1882575350877	27.140248705263158	0.0	0.0	2	1.0112560332556193	-8.455538593140869	230.0	24	1.05	0.95				
	214	2	97.50385645964911	19.601290731578946	0.0	0.0	2	1.0134364062753507	-7.8374063743592055	230.0	26	1.05	0.95				
	215	2	159.32331184385964	32.166220687719296	0.0	0.0	2	1.0277602738660332	-1.3574036051913527	230.0	26	1.05	0.95				
	216	2	50.2597198245614	10.05194396491228	0.0	0.0	2	1.0305247736324041	-1.356635214428861	230.0	26	1.05	0.95				
	217	1	0.0	0.0	0.0	0.0	2	1.0327918780933323	0.20940035956125938	230.0	27	1.05	0.95				
	218	2	167.36486701578946	34.17660948070175	0.0	0.0	2	1.031529590296882	-0.4913060895005215	230.0	27	1.05	0.95				
	219	1	90.97009288245613	18.596096335087715	0.0	0.0	2	1.033622410437683	-0.7511693025943063	230.0	25	1.05	0.95				
	220	1	64.33244137543859	13.067527154385964	0.0	0.0	2	1.0402378139083799	0.7310529265543484	230.0	25	1.05	0.95				
	221	2	0.0	0.0	0.0	0.0	2	1.033204894510407	0.028978567666783157	230.0	27	1.05	0.95				
	222	2	0.0	0.0	0.0	0.0	2	1.05	6.595503757608585	230.0	27	1.05	0.95				
	223	2	0.0	0.0	0.0	0.0	2	1.0452908822103562	1.909537476259028	230.0	25	1.05	0.95				
	224	1	0.0	0.0	0.0	0.0	2	1.0104051443003477	-5.18952943784679	230.0	26	1.05	0.95				
	301	2	41.93925972631579	8.543182536842107	0.0	0.0	3	1.010528339481722	-4.458965009235403	138.0	31	1.05	0.95				
	302	2	37.667668457894735	7.766529578947369	0.0	0.0	3	1.0104164203393247	-4.555671918501282	138.0	32	1.05	0.95				
	303	1	69.89876621052632	14.368079721052633	0.0	0.0	3	1.025902813472627	0.4039555855761967	138.0	31	1.05	0.95				
	304	1	28.736159442105265	5.824897184210527	0.0	0.0	3	1.0126854824410274	-3.1746492645876483	138.0	31	1.05	0.95				
	305	1	27.57118000526316	5.436570705263159	0.0	0.0	3	1.0253702338839927	-3.995606684222474	138.0	31	1.05	0.95				
	306	1	52.81240113684211	10.873141410526317	0.0	-100.0	3	1.042212983228891	-4.211660480294518	138.0	32	1.05	0.95				
	307	2	48.54080986842105	9.708161973684211	0.0	0.0	3	0.9882606190081573	-8.182027875810327	138.0	32	1.05	0.95				
	308	1	66.4038279	13.591426763157893	0.0	0.0	3	0.9984615057721137	-6.491171174807577	138.0	32	1.05	0.95				
	309	1	67.95713381578948	13.979753242105264	0.0	0.0	3	1.0263166065994058	-0.45224158302527706	138.0	33	1.05	0.95				
	310	1	75.72366339473685	15.533059157894739	0.0	0.0	3	1.05	-2.2805029320729786	138.0	33	1.05	0.95				
	311	1	0.0	0.0	0.0	0.0	3	1.0049523828122366	2.9527083900471456	230.0	33	1.05	0.95				
	312	1	0.0	0.0	0.0	0.0	3	1.0096467101001934	3.21624851164485	230.0	33	1.05	0.95				
	313	2	102.90651692105264	20.969629863157895	0.0	0.0	3	1.0076762293254184	6.1209049355186735	230.0	34	1.05	0.95				
	314	2	75.33533691578947	15.14473267894737	0.0	0.0	3	1.0004929142271501	4.637994256009994	230.0	36	1.05	0.95				
	315	2	123.0994938263158	24.85289465263158	0.0	0.0	3	1.0358504907934192	8.946224245694406	230.0	36	1.05	0.95				
	316	2	38.832647894736844	7.766529578947369	0.0	0.0	3	1.0339385752249202	9.22878684651915	230.0	36	1.05	0.95				
	317	1	0.0	0.0	0.0	0.0	3	1.05	14.777392110974933	230.0	37	1.05	0.95				
	318	2	129.31271748947367	26.406200568421056	0.0	0.0	3	1.047735730296717	12.02664292912454	230.0	37	1.05	0.95				
	319	1	70.28709268947368	14.368079721052633	0.0	0.0	3	1.025524180546514	8.146237527882223	230.0	35	1.05	0.95				
	320	1	49.70578930526316	10.09648845263158	0.0	0.0	3	1.0207798053708015	7.956536241956359	230.0	35	1.05	0.95				
	321	2	0.0	0.0	0.0	0.0	3	1.0449686977456418	11.651960921266912	230.0	37	1.05	0.95				
	322	2	0.0	0.0	0.0	0.0	3	1.05	17.22091371831323	230.0	37	1.05	0.95				
	323	2	0.0	0.0	0.0	0.0	3	1.0185251157521837	8.157056343987998	230.0	35	1.05	0.95				
	324	1	0.0	0.0	0.0	0.0	3	1.0213604125114601	5.748055249558667	230.0	36	1.05	0.95				
	325	1	0.0	0.0	0.0	0.0	3	1.019321543300652	8.972460610553325	230.0	35	1.05	0.95				
];
