%% MATPOWER Case Format : Version 2
function mpc = RTS_GMLC
mpc.version = '2';

%%-----  Power Flow Data  -----%%
%% system MVA base
mpc.baseMVA = 100.0;
%% bus data
%    bus_i    type    Pd    Qd    Gs    Bs    area    Vm    Va    baseKV    zone    Vmax    Vmin
mpc.bus = [
	101	2	65.58287976	13.359475506666666	0.0	0.0	1	1.04620339359264	0.054533274890618405	138.0	11	1.05	0.95				
	102	2	58.90314200666666	12.144977733333334	0.0	0.0	1	1.0451053452945516	-0.2865493530682382	138.0	12	1.05	0.95				
	103	1	109.3047996	22.468208806666663	0.0	0.0	1	1.0282916977754815	-1.9442463734916131	138.0	11	1.05	0.95				
	104	1	44.936417613333326	9.108733299999999	0.0	0.0	1	1.0259940789849555	-3.5512375490892825	138.0	11	1.05	0.95				
	105	1	43.11467095333333	8.501484413333333	0.0	0.0	1	1.0394460133784562	-3.806450555240456	138.0	11	1.05	0.95				
	106	1	82.58584858666667	17.002968826666667	0.0	-100.0	1	1.0427985815192977	-6.606484474896337	138.0	12	1.05	0.95				
	107	2	75.90611083333333	15.181222166666666	0.0	0.0	1	1.0005905482858637	-13.71715543196483	138.0	12	1.05	0.95				
	108	1	103.83955962	21.25371103333333	0.0	0.0	1	0.9979844712269554	-12.04707630259025	138.0	12	1.05	0.95				
	109	1	106.26855516666667	21.86095992	0.0	0.0	1	1.0254738573699855	-4.727282091558623	138.0	13	1.05	0.95				
	110	1	118.41353289999998	24.28995546666667	0.0	0.0	1	1.05	-5.868767390708294	138.0	13	1.05	0.95				
	111	1	0.0	0.0	0.0	0.0	1	1.009925322144175	-2.0306570122544287	230.0	13	1.05	0.95				
	112	1	0.0	0.0	0.0	0.0	1	1.0133660579298578	-1.4605380278371307	230.0	13	1.05	0.95				
	113	3	160.92095496666664	32.79143988	0.0	0.0	1	1.009527639293289	-3.257821885523614e-26	230.0	14	1.05	0.95				
	114	2	117.80628401333333	23.68270658	0.0	0.0	1	1.0095132736050356	-0.45822402129193257	230.0	16	1.05	0.95				
	115	2	192.49789707333335	38.863928746666666	0.0	0.0	1	1.0392686022327264	6.05819291323734	230.0	16	1.05	0.95				
	116	2	60.724888666666665	12.144977733333334	0.0	0.0	1	1.0360291102282477	5.4262806652725795	230.0	16	1.05	0.95				
	117	1	0.0	0.0	0.0	0.0	1	1.0415722415894577	7.914620843366744	230.0	17	1.05	0.95				
	118	2	202.21387926	41.292924293333336	0.0	0.0	1	1.04346779788724	8.243849593698355	230.0	17	1.05	0.95				
	119	1	109.91204848666666	22.468208806666663	0.0	0.0	1	1.0297846799072699	4.239969884523756	230.0	15	1.05	0.95				
	120	1	77.72785749333333	15.788471053333334	0.0	0.0	1	1.0289175852775965	4.127657026658245	230.0	15	1.05	0.95				
	121	2	0.0	0.0	0.0	0.0	1	1.0464526311738336	9.693501035380779	230.0	17	1.05	0.95				
	122	2	0.0	0.0	0.0	0.0	1	1.05	15.507876483119247	230.0	17	1.05	0.95				
	123	2	0.0	0.0	0.0	0.0	1	1.0298146968057602	4.526701161538699	230.0	15	1.05	0.95				
	124	1	0.0	0.0	0.0	0.0	1	1.024937263843603	3.0666790214737127	230.0	16	1.05	0.95				
	201	2	65.1093971494737	13.263025345263157	0.0	0.0	2	1.0257101086150249	-12.24954816879462	138.0	21	1.05	0.95				
	202	2	58.4778844768421	12.057295768421053	0.0	0.0	2	1.0267136087906577	-12.050918999486008	138.0	22	1.05	0.95				
	203	1	108.51566191578948	22.305997171578948	0.0	0.0	2	1.0155983658710157	-10.767137784456436	138.0	21	1.05	0.95				
	204	1	44.611994343157896	9.042971826315789	0.0	0.0	2	1.0155147425303526	-13.009122706209904	138.0	21	1.05	0.95				
	205	1	42.803399977894735	8.440107037894737	0.0	0.0	2	1.0303281256419452	-13.396810557682802	138.0	21	1.05	0.95				
	206	1	81.98961122526316	16.880214075789475	0.0	-100.0	2	1.0398086946046718	-14.570350778581581	138.0	22	1.05	0.95				
	207	2	75.35809855263157	15.071619710526315	0.0	0.0	2	0.9919745653843313	-23.224160915416544	138.0	22	1.05	0.95				
	208	1	103.08987882	21.10026759473684	0.0	0.0	2	0.9907868839870433	-20.3214608222465	138.0	22	1.05	0.95				
	209	1	105.50133797368422	21.703132383157893	0.0	0.0	2	1.0247546187388115	-11.32750999913533	138.0	23	1.05	0.95				
	210	1	117.55863374210527	24.114591536842106	0.0	0.0	2	1.05	-12.635884167737162	138.0	23	1.05	0.95				
	211	1	0.0	0.0	0.0	0.0	2	1.0140772261256406	-7.890938238073366	230.0	23	1.05	0.95				
	212	1	0.0	0.0	0.0	0.0	2	1.0164677335565366	-3.9977710616737645	230.0	23	1.05	0.95				
	213	2	159.75916893157893	32.55469857473685	0.0	0.0	2	1.0150998351874227	-5.646379180122561	230.0	24	1.05	0.95				
	214	2	116.9557689536842	23.51172674842105	0.0	0.0	2	1.0197483605644708	-5.7391162507318825	230.0	26	1.05	0.95				
	215	2	191.10813792947368	38.58334645894737	0.0	0.0	2	1.0349412853527729	1.2364680646292368	230.0	26	1.05	0.95				
	216	2	60.28647884210526	12.057295768421053	0.0	0.0	2	1.0351281204616172	1.0092960901634378	230.0	26	1.05	0.95				
	217	1	0.0	0.0	0.0	0.0	2	1.0388635208726589	3.398101237137743	230.0	27	1.05	0.95				
	218	2	200.75397454421054	40.99480561263158	0.0	0.0	2	1.0396686492991876	3.6032824067263745	230.0	27	1.05	0.95				
	219	1	109.11852670421052	22.305997171578948	0.0	0.0	2	1.0330742359164207	0.8164266714609146	230.0	25	1.05	0.95				
	220	1	77.16669291789474	15.674484498947368	0.0	0.0	2	1.0362020063487225	1.802118597326823	230.0	25	1.05	0.95				
	221	2	0.0	0.0	0.0	0.0	2	1.0402495302618735	3.5802343732575284	230.0	27	1.05	0.95				
	222	2	0.0	0.0	0.0	0.0	2	1.05	10.011156168782293	230.0	27	1.05	0.95				
	223	2	0.0	0.0	0.0	0.0	2	1.0395835824119901	2.790545891932683	230.0	25	1.05	0.95				
	224	1	0.0	0.0	0.0	0.0	2	1.0127499066266812	-3.223885787040159	230.0	26	1.05	0.95				
	301	2	57.2287251031579	11.657703261754387	0.0	0.0	3	1.0006036273711987	-6.6866571987046	138.0	31	1.05	0.95				
	302	2	51.3998734722807	10.597912056140352	0.0	0.0	3	1.0004739135583733	-6.729644780555592	138.0	32	1.05	0.95				
	303	1	95.38120850526316	19.606137303859647	0.0	0.0	3	1.0141980325219686	-3.46735055825357	138.0	31	1.05	0.95				
	304	1	39.212274607719294	7.948434042105262	0.0	0.0	3	1.0045650094533063	-4.861157933527355	138.0	31	1.05	0.95				
	305	1	37.62258779929824	7.418538439298246	0.0	0.0	3	1.0174944618553206	-5.096161305641067	138.0	31	1.05	0.95				
	306	1	72.06580198175439	14.837076878596491	0.0	-100.0	3	1.0353439350444087	-4.816152329669007	138.0	32	1.05	0.95				
	307	2	66.2369503508772	13.247390070175438	0.0	0.0	3	0.9936275383225387	-9.301075028225235	138.0	32	1.05	0.95				
	308	1	90.61214808	18.54634609824561	0.0	0.0	3	1.0005202599905303	-6.901880197218727	138.0	32	1.05	0.95				
	309	1	92.73173049122806	19.07624170105263	0.0	0.0	3	1.0260000220976813	-1.1722203530824418	138.0	33	1.05	0.95				
	310	1	103.32964254736841	21.195824112280704	0.0	0.0	3	1.05	-1.8127031217091472	138.0	33	1.05	0.95				
	311	1	0.0	0.0	0.0	0.0	3	1.0108822402279327	3.8031526534422375	230.0	33	1.05	0.95				
	312	1	0.0	0.0	0.0	0.0	3	1.0158151970179947	4.92301151116353	230.0	33	1.05	0.95				
	313	2	140.42233474385964	28.61436255157895	0.0	0.0	3	1.0254189745087527	10.334721333777255	230.0	34	1.05	0.95				
	314	2	102.7997469445614	20.665928509473687	0.0	0.0	3	1.0094976498709534	3.376199233830528	230.0	36	1.05	0.95				
	315	2	167.97690608982455	33.91331857964912	0.0	0.0	3	1.0238891838995303	0.36319927855437983	230.0	36	1.05	0.95				
	316	2	52.98956028070175	10.597912056140352	0.0	0.0	3	1.0240209473514201	1.3096722673090724	230.0	36	1.05	0.95				
	317	1	0.0	0.0	0.0	0.0	3	1.028635391501632	1.280888431032332	230.0	37	1.05	0.95				
	318	2	176.45523573473685	36.032900990877195	0.0	0.0	3	1.027507948659483	0.6999146285593092	230.0	37	1.05	0.95				
	319	1	95.91110410807018	19.606137303859647	0.0	0.0	3	1.0242247749934563	3.63876635831014	230.0	35	1.05	0.95				
	320	1	67.82663715929824	13.777285672982456	0.0	0.0	3	1.0261655344515876	5.278617804506036	230.0	35	1.05	0.95				
	321	2	0.0	0.0	0.0	0.0	3	1.0282924707987486	1.1383593591302266	230.0	37	1.05	0.95				
	322	2	0.0	0.0	0.0	0.0	3	1.0417756606908561	5.569790746033448	230.0	37	1.05	0.95				
	323	2	0.0	0.0	0.0	0.0	3	1.0274826539852537	6.063258005725235	230.0	35	1.05	0.95				
	324	1	0.0	0.0	0.0	0.0	3	1.01623578727432	0.6558944377461463	230.0	36	1.05	0.95				
	325	1	0.0	0.0	0.0	0.0	3	1.0291452816441202	6.381181369079493	230.0	35	1.05	0.95				
];
