%% MATPOWER Case Format : Version 2
function mpc = RTS_GMLC
mpc.version = '2';

%%-----  Power Flow Data  -----%%
%% system MVA base
mpc.baseMVA = 100.0;
%% bus data
%    bus_i    type    Pd    Qd    Gs    Bs    area    Vm    Va    baseKV    zone    Vmax    Vmin
mpc.bus = [
	101	2	85.92973776000001	17.50420584	0.0	0.0	1	1.0321343949024124	-4.981410298929783	138.0	11	1.05	0.95				
	102	2	77.17763484	15.9129144	0.0	0.0	1	1.032142964962933	-5.040140586384118	138.0	12	1.05	0.95				
	103	1	143.2162296	29.438891639999998	0.0	0.0	1	1.017809072505913	-5.1814232844221	138.0	11	1.05	0.95				
	104	1	58.877783279999996	11.9346858	0.0	0.0	1	1.0152181115463081	-7.592601460057283	138.0	11	1.05	0.95				
	105	1	56.49084611999999	11.139040080000001	0.0	0.0	1	1.0305674012654868	-7.673688697424598	138.0	11	1.05	0.95				
	106	1	108.20781792000001	22.278080160000002	0.0	-100.0	1	1.0348719267037254	-9.90334209139362	138.0	12	1.05	0.95				
	107	2	99.455715	19.891143	0.0	0.0	1	1.05	-6.382330478785266	138.0	12	1.05	0.95				
	108	1	136.05541811999998	27.8476002	0.0	0.0	1	1.0243005100596099	-9.164646424864848	138.0	12	1.05	0.95				
	109	1	139.238001	28.64324592	0.0	0.0	1	1.0270189608670202	-6.457293751056216	138.0	13	1.05	0.95				
	110	1	155.1509154	31.8258288	0.0	0.0	1	1.05	-7.887251587803486	138.0	13	1.05	0.95				
	111	1	0.0	0.0	0.0	0.0	1	1.0160412604476106	-2.8883411500351768	230.0	13	1.05	0.95				
	112	1	0.0	0.0	0.0	0.0	1	1.0178316129165061	-1.8408796925413875	230.0	13	1.05	0.95				
	113	3	210.84611579999998	42.964868880000004	0.0	0.0	1	1.0214965651597177	-3.2899921221296353e-28	230.0	14	1.05	0.95				
	114	2	154.35526968	31.03018308	0.0	0.0	1	1.0195755766530894	-1.1220770193925593	230.0	16	1.05	0.95				
	115	2	252.21969324	50.92132607999999	0.0	0.0	1	1.0446748758620235	6.473650392314549	230.0	16	1.05	0.95				
	116	2	79.564572	15.9129144	0.0	0.0	1	1.044339462705532	6.19129490915579	230.0	16	1.05	0.95				
	117	1	0.0	0.0	0.0	0.0	1	1.047531356527314	9.161256390722523	230.0	17	1.05	0.95				
	118	2	264.95002476	54.103908960000005	0.0	0.0	1	1.0492849820587655	9.787583017295587	230.0	17	1.05	0.95				
	119	1	144.01187532	29.438891639999998	0.0	0.0	1	1.0387782852452387	5.123147431100144	230.0	15	1.05	0.95				
	120	1	101.84265215999999	20.686788720000003	0.0	0.0	1	1.0411356288025264	5.6888185514292	230.0	15	1.05	0.95				
	121	2	0.0	0.0	0.0	0.0	1	1.05	10.588663727257517	230.0	17	1.05	0.95				
	122	2	0.0	0.0	0.0	0.0	1	1.05	16.540228893855428	230.0	17	1.05	0.95				
	123	2	0.0	0.0	0.0	0.0	1	1.0448276326069614	6.582547023898923	230.0	15	1.05	0.95				
	124	1	0.0	0.0	0.0	0.0	1	1.0200043105337904	2.1739450447053486	230.0	16	1.05	0.95				
	201	2	94.77412245473685	19.305839759298244	0.0	0.0	2	1.05	-12.507477778180144	138.0	21	1.05	0.95				
	202	2	85.12120257508772	17.55076341754386	0.0	0.0	2	1.05	-12.528050291388679	138.0	22	1.05	0.95				
	203	1	157.95687075789476	32.46891232245614	0.0	0.0	2	1.0253892089762504	-9.730645624561092	138.0	21	1.05	0.95				
	204	1	64.93782464491228	13.163072563157893	0.0	0.0	2	1.0205425712299423	-14.214398313637803	138.0	21	1.05	0.95				
	205	1	62.3052101322807	12.285534392280702	0.0	0.0	2	1.0380056455140905	-14.64032884296544	138.0	21	1.05	0.95				
	206	1	119.34519123929826	24.571068784561405	0.0	-100.0	2	1.0357920885215122	-16.64181071139118	138.0	22	1.05	0.95				
	207	2	109.69227135964911	21.938454271929825	0.0	0.0	2	0.95	-27.240923572040018	138.0	22	1.05	0.95				
	208	1	150.05902722	30.713835980701752	0.0	0.0	2	0.9540711190586804	-24.01004769235523	138.0	22	1.05	0.95				
	209	1	153.56917990350877	31.59137415157895	0.0	0.0	2	1.0248168401404818	-12.075942733504522	138.0	23	1.05	0.95				
	210	1	171.11994332105263	35.10152683508772	0.0	0.0	2	1.048361564791371	-14.082532604908458	138.0	23	1.05	0.95				
	211	1	0.0	0.0	0.0	0.0	2	1.0314450608851349	-6.748816869856708	230.0	23	1.05	0.95				
	212	1	0.0	0.0	0.0	0.0	2	1.0242276165153756	-4.019674355918127	230.0	23	1.05	0.95				
	213	2	232.54761528245615	47.38706122736843	0.0	0.0	2	1.05	-1.9328611570829848	230.0	24	1.05	0.95				
	214	2	170.24240515017544	34.22398866421052	0.0	0.0	2	1.05	-4.9248851010975105	230.0	26	1.05	0.95				
	215	2	278.1796001680702	56.16244293614036	0.0	0.0	2	1.0448773350443703	3.112883945992645	230.0	26	1.05	0.95				
	216	2	87.7538170877193	17.55076341754386	0.0	0.0	2	1.0490660578148574	3.089470884658045	230.0	26	1.05	0.95				
	217	1	0.0	0.0	0.0	0.0	2	1.0496426251444364	6.089279258377751	230.0	27	1.05	0.95				
	218	2	292.22021090210524	59.67259561964913	0.0	0.0	2	1.05	6.679834838898434	230.0	27	1.05	0.95				
	219	1	158.83440892877195	32.46891232245614	0.0	0.0	2	1.0427310912040704	2.824494055896321	230.0	25	1.05	0.95				
	220	1	112.32488587228072	22.81599244280702	0.0	0.0	2	1.0453689793822527	4.234415718386372	230.0	25	1.05	0.95				
	221	2	0.0	0.0	0.0	0.0	2	1.05	7.219851159705394	230.0	27	1.05	0.95				
	222	2	0.0	0.0	0.0	0.0	2	1.05	13.288253066519736	230.0	27	1.05	0.95				
	223	2	0.0	0.0	0.0	0.0	2	1.05	5.6427861601758735	230.0	25	1.05	0.95				
	224	1	0.0	0.0	0.0	0.0	2	1.0213302286178716	-1.6611951210718456	230.0	26	1.05	0.95				
	301	2	75.72983233263159	15.426447327017545	0.0	0.0	3	1.0133870239910505	-15.952135212117236	138.0	31	1.05	0.95				
	302	2	68.0166086691228	14.024043024561403	0.0	0.0	3	1.0119247427064972	-16.336198198811832	138.0	32	1.05	0.95				
	303	1	126.21638722105264	25.944479595438597	0.0	0.0	3	1.0227979763687285	-9.896905687473446	138.0	31	1.05	0.95				
	304	1	51.888959190877195	10.518032268421052	0.0	0.0	3	1.0070035367098225	-15.145593495490974	138.0	31	1.05	0.95				
	305	1	49.78535273719298	9.816830117192984	0.0	0.0	3	1.0221985558881057	-15.582035902479943	138.0	31	1.05	0.95				
	306	1	95.36349256701754	19.633660234385967	0.0	-100.0	3	1.0332598048885506	-16.1588144143448	138.0	32	1.05	0.95				
	307	2	87.65026890350877	17.530053780701753	0.0	0.0	3	1.0064410215240245	-18.129640034113457	138.0	32	1.05	0.95				
	308	1	119.90556785999999	24.542075292982453	0.0	0.0	3	1.0005302576685138	-17.739598642747264	138.0	32	1.05	0.95				
	309	1	122.71037646491227	25.243277444210527	0.0	0.0	3	1.0269867412029465	-11.302756855542814	138.0	33	1.05	0.95				
	310	1	136.73441948947368	28.048086049122805	0.0	0.0	3	1.05	-12.963926631204789	138.0	33	1.05	0.95				
	311	1	0.0	0.0	0.0	0.0	3	1.019258172337997	-6.377143210807863	230.0	33	1.05	0.95				
	312	1	0.0	0.0	0.0	0.0	3	1.0194617802006114	-4.854870277529421	230.0	33	1.05	0.95				
	313	2	185.81857007543857	37.864916166315794	0.0	0.0	3	1.031648418695996	-1.4898248374331227	230.0	34	1.05	0.95				
	314	2	136.0332173382456	27.346883897894735	0.0	0.0	3	1.0269147677863462	-4.97532711345541	230.0	36	1.05	0.95				
	315	2	222.28108193929822	44.87693767859649	0.0	0.0	3	1.0462305259535118	0.596422130607161	230.0	36	1.05	0.95				
	316	2	70.12021512280701	14.024043024561403	0.0	0.0	3	1.04452628474709	0.5037770704835144	230.0	36	1.05	0.95				
	317	1	0.0	0.0	0.0	0.0	3	1.0469962640654842	2.3361254627309553	230.0	37	1.05	0.95				
	318	2	233.5003163589474	47.68174628350877	0.0	0.0	3	1.047252012302914	2.4520732155113247	230.0	37	1.05	0.95				
	319	1	126.9175893722807	25.944479595438597	0.0	0.0	3	1.0424139783867357	0.9818714111478442	230.0	35	1.05	0.95				
	320	1	89.75387535719298	18.231255931929823	0.0	0.0	3	1.0459750171176507	2.4056512311296583	230.0	35	1.05	0.95				
	321	2	0.0	0.0	0.0	0.0	3	1.05	3.74907897377312	230.0	37	1.05	0.95				
	322	2	0.0	0.0	0.0	0.0	3	1.05	8.969520954954406	230.0	37	1.05	0.95				
	323	2	0.0	0.0	0.0	0.0	3	1.0499995438321534	3.6051798423627694	230.0	35	1.05	0.95				
	324	1	0.0	0.0	0.0	0.0	3	1.025728874288145	-2.330804447962076	230.0	36	1.05	0.95				
	325	1	0.0	0.0	0.0	0.0	3	1.0490668729123662	4.185646944910943	230.0	35	1.05	0.95				
];

%% generator data
%    bus    Pg    Qg    Qmax    Qmin    Vg    mBase    status    Pmax    Pmin    Pc1    Pc2    Qc1min    Qc1max    Qc2min    Qc2max    ramp_agc    ramp_10    ramp_30    ramp_q    apf
