%% MATPOWER Case Format : Version 2
function mpc = RTS_GMLC
mpc.version = '2';

%%-----  Power Flow Data  -----%%
%% system MVA base
mpc.baseMVA = 100.0;
%% bus data
%    bus_i    type    Pd    Qd    Gs    Bs    area    Vm    Va    baseKV    zone    Vmax    Vmin
mpc.bus = [
	101	2	52.142998509473685	10.62172191859649	0.0	0.0	1	1.0131276708429213	1.1187172742126317	138.0	11	1.05	0.95				
	102	2	46.83213755017543	9.65611083508772	0.0	0.0	1	1.0119941867252953	0.8050005981105598	138.0	12	1.05	0.95				
	103	1	86.90499751578947	17.86380504491228	0.0	0.0	1	1.0242527330649758	1.2496617392093354	138.0	11	1.05	0.95				
	104	1	35.72761008982456	7.242083126315789	0.0	0.0	1	1.0115513441770458	-2.1758409129349934	138.0	11	1.05	0.95				
	105	1	34.2791934645614	6.759277584561405	0.0	0.0	1	1.0246582962803576	-2.1380607993774587	138.0	11	1.05	0.95				
	106	1	65.66155367859649	13.51855516912281	0.0	-100.0	1	1.0387106035245932	-4.46386543173741	138.0	12	1.05	0.95				
	107	2	60.35069271929825	12.070138543859649	0.0	0.0	1	0.9871698491175592	-10.420109254024277	138.0	12	1.05	0.95				
	108	1	82.55974764	16.898193961403507	0.0	0.0	1	0.9947669266998033	-8.868623257058065	138.0	12	1.05	0.95				
	109	1	84.49096980701754	17.38099950315789	0.0	0.0	1	1.0260669393728565	-2.591659783294979	138.0	13	1.05	0.95				
	110	1	94.14708064210527	19.31222167017544	0.0	0.0	1	1.05	-3.8397724072792188	138.0	13	1.05	0.95				
	111	1	0.0	0.0	0.0	0.0	1	1.0217999277602463	-0.0358156047261228	230.0	13	1.05	0.95				
	112	1	0.0	0.0	0.0	0.0	1	1.0162381554797686	-0.6698921728599899	230.0	13	1.05	0.95				
	113	3	127.94346856491228	26.071499254736842	0.0	0.0	1	1.0020835986206653	1.4945489167246318e-31	230.0	14	1.05	0.95				
	114	2	93.66427510035086	18.82941612842105	0.0	0.0	1	1.0499999950869365	3.0168830031982647	230.0	16	1.05	0.95				
	115	2	153.04935673614034	30.8995546722807	0.0	0.0	1	1.0427785394061844	12.017523646303115	230.0	16	1.05	0.95				
	116	2	48.280554175438596	9.65611083508772	0.0	0.0	1	1.044524542321238	10.445832215865188	230.0	16	1.05	0.95				
	117	1	0.0	0.0	0.0	0.0	1	1.0416266785535349	16.166547830240955	230.0	17	1.05	0.95				
	118	2	160.77424540421052	32.830776839298245	0.0	0.0	1	1.0491206169041876	16.62541534459511	230.0	17	1.05	0.95				
	119	1	87.38780305754386	17.86380504491228	0.0	0.0	1	1.0416917866878899	6.877488612580553	230.0	15	1.05	0.95				
	120	1	61.7991093445614	12.552944085614035	0.0	0.0	1	1.0453398538529513	4.691891571688936	230.0	15	1.05	0.95				
	121	2	0.0	0.0	0.0	0.0	1	1.0431204305424644	18.252143172401926	230.0	17	1.05	0.95				
	122	2	0.0	0.0	0.0	0.0	1	1.05	36.21453500560122	230.0	17	1.05	0.95				
	123	2	0.0	0.0	0.0	0.0	1	1.0483592247925486	3.8511863807108413	230.0	15	1.05	0.95				
	124	1	0.0	0.0	0.0	0.0	1	1.0223855021083281	8.01510685364484	230.0	16	1.05	0.95				
	201	2	47.87155674947369	9.751613411929824	0.0	0.0	2	1.021184343671742	-10.603801285975345	138.0	21	1.05	0.95				
	202	2	42.99575004350877	8.865103101754386	0.0	0.0	2	1.021694159639638	-10.537217378480706	138.0	22	1.05	0.95				
	203	1	79.78592791578947	16.400440738245614	0.0	0.0	2	1.0139584220619908	-9.167819581767514	138.0	21	1.05	0.95				
	204	1	32.80088147649123	6.648827326315788	0.0	0.0	2	1.0154743190429691	-11.506199008965384	138.0	21	1.05	0.95				
	205	1	31.471116011228066	6.205572171228071	0.0	0.0	2	1.0302378017326856	-11.807375777786719	138.0	21	1.05	0.95				
	206	1	60.28270109192982	12.411144342456142	0.0	-100.0	2	1.0431880939912248	-12.917093167951274	138.0	22	1.05	0.95				
	207	2	55.40689438596491	11.081378877192982	0.0	0.0	2	0.992873474598391	-19.02738893860791	138.0	22	1.05	0.95				
	208	1	75.79663152	15.513930428070175	0.0	0.0	2	0.9981553893256668	-17.008739277850157	138.0	22	1.05	0.95				
	209	1	77.56965214035088	15.957185583157893	0.0	0.0	2	1.022928413671347	-10.468470922574012	138.0	23	1.05	0.95				
	210	1	86.43475524210525	17.73020620350877	0.0	0.0	2	1.05	-11.599483180465084	138.0	23	1.05	0.95				
	211	1	0.0	0.0	0.0	0.0	2	1.0073913678936544	-7.463249176207596	230.0	23	1.05	0.95				
	212	1	0.0	0.0	0.0	0.0	2	1.008248722165542	-6.263285403769498	230.0	23	1.05	0.95				
	213	2	117.4626160982456	23.935778374736845	0.0	0.0	2	1.003637441832878	-5.750013047040161	230.0	24	1.05	0.95				
	214	2	85.99150008701754	17.286951048421052	0.0	0.0	2	1.0095961544199323	-5.297026521903401	230.0	26	1.05	0.95				
	215	2	140.511884162807	28.368329925614034	0.0	0.0	2	1.0270545640146254	0.2823889714722608	230.0	26	1.05	0.95				
	216	2	44.32551550877193	8.865103101754386	0.0	0.0	2	1.0289003353535646	0.44962005719845205	230.0	26	1.05	0.95				
	217	1	0.0	0.0	0.0	0.0	2	1.0362135854197214	1.7414701761037434	230.0	27	1.05	0.95				
	218	2	147.60396664421052	30.14135054596491	0.0	0.0	2	1.034031407588411	1.1783669788905002	230.0	27	1.05	0.95				
	219	1	80.2291830708772	16.400440738245614	0.0	0.0	2	1.0282140817340375	1.1484091348089283	230.0	25	1.05	0.95				
	220	1	56.73665985122807	11.524634032280701	0.0	0.0	2	1.0308937440748256	2.6149737091833964	230.0	25	1.05	0.95				
	221	2	0.0	0.0	0.0	0.0	2	1.0344008177889308	1.6821253877798077	230.0	27	1.05	0.95				
	222	2	0.0	0.0	0.0	0.0	2	1.05	8.203267063513477	230.0	27	1.05	0.95				
	223	2	0.0	0.0	0.0	0.0	2	1.0335140394916555	3.7549116178119846	230.0	25	1.05	0.95				
	224	1	0.0	0.0	0.0	0.0	2	1.010464582530239	-3.2458186771289963	230.0	26	1.05	0.95				
	301	2	42.46883897684211	8.651059791578948	0.0	0.0	3	1.0114342336540232	-2.4323961353274615	138.0	31	1.05	0.95				
	302	2	38.14330908105263	7.864599810526316	0.0	0.0	3	1.0112713528750068	-2.554725531322324	138.0	32	1.05	0.95				
	303	1	70.78139829473685	14.549509649473686	0.0	0.0	3	1.0312770960465427	3.6036709187271145	138.0	31	1.05	0.95				
	304	1	29.099019298947372	5.898449857894737	0.0	0.0	3	1.013645779837628	-1.069807061087841	138.0	31	1.05	0.95				
	305	1	27.91932932736842	5.505219867368422	0.0	0.0	3	1.0258599799465364	-2.275326837663319	138.0	31	1.05	0.95				
	306	1	53.47927871157895	11.010439734736844	0.0	-100.0	3	1.0422921200707207	-2.6639406330811006	138.0	32	1.05	0.95				
	307	2	49.15374881578948	9.830749763157895	0.0	0.0	3	0.9899653287035398	-6.468969210943989	138.0	32	1.05	0.95				
	308	1	67.24232838	13.76304966842105	0.0	0.0	3	0.9994831129098901	-4.74934607965847	138.0	32	1.05	0.95				
	309	1	68.81524834210526	14.15627965894737	0.0	0.0	3	1.0276444925645747	1.7520691767792334	138.0	33	1.05	0.95				
	310	1	76.67984815263158	15.729199621052633	0.0	0.0	3	1.05	-0.8506077246880632	138.0	33	1.05	0.95				
	311	1	0.0	0.0	0.0	0.0	3	1.004915939237779	4.02391848082484	230.0	33	1.05	0.95				
	312	1	0.0	0.0	0.0	0.0	3	1.0098313690292888	4.4464034000386	230.0	33	1.05	0.95				
	313	2	104.20594748947369	21.234419488421054	0.0	0.0	3	1.0068945300161245	7.101269388788517	230.0	34	1.05	0.95				
	314	2	76.28661816210526	15.335969630526316	0.0	0.0	3	0.9980527819358516	5.053139175239128	230.0	36	1.05	0.95				
	315	2	124.65390699684211	25.16671939368421	0.0	0.0	3	1.0296700911681085	8.529772898301058	230.0	36	1.05	0.95				
	316	2	39.32299905263158	7.864599810526316	0.0	0.0	3	1.0274585475883267	8.802315752176513	230.0	36	1.05	0.95				
	317	1	0.0	0.0	0.0	0.0	3	1.0413299666937181	12.884235561380102	230.0	37	1.05	0.95				
	318	2	130.94558684526316	26.739639355789475	0.0	0.0	3	1.0386982769092632	10.798646248006039	230.0	37	1.05	0.95				
	319	1	71.17462828526317	14.549509649473686	0.0	0.0	3	1.0199316031758268	8.067321517644514	230.0	35	1.05	0.95				
	320	1	50.33343878736842	10.22397975368421	0.0	0.0	3	1.0159332815886737	8.201930609170418	230.0	35	1.05	0.95				
	321	2	0.0	0.0	0.0	0.0	3	1.0378419267166048	10.661390829104377	230.0	37	1.05	0.95				
	322	2	0.0	0.0	0.0	0.0	3	1.05	15.850391872239687	230.0	37	1.05	0.95				
	323	2	0.0	0.0	0.0	0.0	3	1.0141790408495315	8.588346923838364	230.0	35	1.05	0.95				
	324	1	0.0	0.0	0.0	0.0	3	1.023050268429211	6.665595897497133	230.0	36	1.05	0.95				
	325	1	0.0	0.0	0.0	0.0	3	1.0146599661284321	9.425066192675837	230.0	35	1.05	0.95				
];
