%% MATPOWER Case Format : Version 2
function mpc = RTS_GMLC
mpc.version = '2';

%%-----  Power Flow Data  -----%%
%% system MVA base
mpc.baseMVA = 100.0;
%% bus data
%    bus_i    type    Pd    Qd    Gs    Bs    area    Vm    Va    baseKV    zone    Vmax    Vmin
mpc.bus = [
	101	2	70.76645226947369	14.41538842526316	0.0	0.0	1	1.0285638923649438	0.5672891620949977	138.0	11	1.05	0.95				
	102	2	63.5587580568421	13.104898568421053	0.0	0.0	1	1.028604238993755	0.49783919960644873	138.0	12	1.05	0.95				
	103	1	117.94408711578947	24.244062351578947	0.0	0.0	1	1.0223271572924488	0.017059926773585518	138.0	11	1.05	0.95				
	104	1	48.488124703157894	9.82867392631579	0.0	0.0	1	1.015813487407592	-2.724357811488459	138.0	11	1.05	0.95				
	105	1	46.522389917894735	9.173428997894737	0.0	0.0	1	1.030266948663322	-2.734900119663878	138.0	11	1.05	0.95				
	106	1	89.11331026526317	18.346857995789474	0.0	-100.0	1	1.0377368323964515	-5.179801727076293	138.0	12	1.05	0.95				
	107	2	81.90561605263159	16.381123210526315	0.0	0.0	1	1.05	-3.9768544574566738	138.0	12	1.05	0.95				
	108	1	112.04688275999999	22.93357249473684	0.0	0.0	1	1.0284051853977538	-5.724279534951799	138.0	12	1.05	0.95				
	109	1	114.66786247368421	23.58881742315789	0.0	0.0	1	1.026357248579385	-2.6944563685870437	138.0	13	1.05	0.95				
	110	1	127.77276104210526	26.209797136842106	0.0	0.0	1	1.05	-3.9976302762791143	138.0	13	1.05	0.95				
	111	1	0.0	0.0	0.0	0.0	1	1.0106633482406036	-0.26759759116750326	230.0	13	1.05	0.95				
	112	1	0.0	0.0	0.0	0.0	1	1.0148323016455216	0.1490791662871036	230.0	13	1.05	0.95				
	113	3	173.63990603157896	35.383226134736844	0.0	0.0	1	1.0086583328545913	2.2305323760166536e-28	230.0	14	1.05	0.95				
	114	2	127.1175161136842	25.554552208421054	0.0	0.0	1	1.0117106401326164	2.6529551988506177	230.0	16	1.05	0.95				
	115	2	207.7126423094737	41.93567541894737	0.0	0.0	1	1.045215010878701	11.254443071481013	230.0	16	1.05	0.95				
	116	2	65.52449284210526	13.104898568421053	0.0	0.0	1	1.0432327212527506	10.646981147207985	230.0	16	1.05	0.95				
	117	1	0.0	0.0	0.0	0.0	1	1.046721797315959	14.183544061498672	230.0	17	1.05	0.95				
	118	2	218.19656116421052	44.55665513263158	0.0	0.0	1	1.0499275367883614	14.753175948975157	230.0	17	1.05	0.95				
	119	1	118.59933204421054	24.244062351578947	0.0	0.0	1	1.0375506125355665	8.696992594825703	230.0	15	1.05	0.95				
	120	1	83.87135083789474	17.03636813894737	0.0	0.0	1	1.0386365532166528	8.238349054085832	230.0	15	1.05	0.95				
	121	2	0.0	0.0	0.0	0.0	1	1.05	15.207744055980818	230.0	17	1.05	0.95				
	122	2	0.0	0.0	0.0	0.0	1	1.05	24.26848141262692	230.0	17	1.05	0.95				
	123	2	0.0	0.0	0.0	0.0	1	1.04075229299217	8.472673016070784	230.0	15	1.05	0.95				
	124	1	0.0	0.0	0.0	0.0	1	1.0225643036955248	7.09389076635092	230.0	16	1.05	0.95				
	201	2	91.08515660210527	18.554383752280703	0.0	0.0	2	1.05	-16.676617000879098	138.0	21	1.05	0.95				
	202	2	81.80796472596492	16.86762159298246	0.0	0.0	2	1.05	-16.815360826718944	138.0	22	1.05	0.95				
	203	1	151.80859433684213	31.205099947017544	0.0	0.0	2	1.0214989617242372	-11.708265891224423	138.0	21	1.05	0.95				
	204	1	62.41019989403509	12.650716194736844	0.0	0.0	2	1.0199949697559556	-18.495392453964538	138.0	21	1.05	0.95				
	205	1	59.88005665508772	11.807335115087723	0.0	0.0	2	1.0387012556130657	-19.074584620756443	138.0	21	1.05	0.95				
	206	1	114.69982683228072	23.614670230175445	0.0	-100.0	2	1.0372092507072295	-21.220189936285514	138.0	22	1.05	0.95				
	207	2	105.42263495614037	21.084526991228074	0.0	0.0	2	0.95	-32.06250569824824	138.0	22	1.05	0.95				
	208	1	144.21816462	29.5183377877193	0.0	0.0	2	0.954600026051777	-28.624142031312832	138.0	22	1.05	0.95				
	209	1	147.59168893859652	30.361718867368424	0.0	0.0	2	1.0225623458102329	-16.48194699919393	138.0	23	1.05	0.95				
	210	1	164.45931053157895	33.73524318596492	0.0	0.0	2	1.0489601460791986	-18.900189275391327	138.0	23	1.05	0.95				
	211	1	0.0	0.0	0.0	0.0	2	1.031451328951448	-11.385902778443297	230.0	23	1.05	0.95				
	212	1	0.0	0.0	0.0	0.0	2	1.0220871183074405	-10.103916372331751	230.0	23	1.05	0.95				
	213	2	223.49598610701756	45.542578301052636	0.0	0.0	2	1.05	-7.904732902759093	230.0	24	1.05	0.95				
	214	2	163.61592945192984	32.89186210631579	0.0	0.0	2	1.05	-8.425999875547415	230.0	26	1.05	0.95				
	215	2	267.35180224877195	53.976389097543866	0.0	0.0	2	1.0414857104583257	1.2157913584119389	230.0	26	1.05	0.95				
	216	2	84.3381079649123	16.86762159298246	0.0	0.0	2	1.0464580960809768	1.0182830821652376	230.0	26	1.05	0.95				
	217	1	0.0	0.0	0.0	0.0	2	1.047962903617971	4.8534005399450475	230.0	27	1.05	0.95				
	218	2	280.8458995231579	57.34991341614036	0.0	0.0	2	1.05	5.324912947010905	230.0	27	1.05	0.95				
	219	1	152.65197541649124	31.205099947017544	0.0	0.0	2	1.0417084874428502	0.2916503640723573	230.0	25	1.05	0.95				
	220	1	107.95277819508773	21.927908070877198	0.0	0.0	2	1.0452739639544246	1.2391811436285067	230.0	25	1.05	0.95				
	221	2	0.0	0.0	0.0	0.0	2	1.05	5.688399102926545	230.0	27	1.05	0.95				
	222	2	0.0	0.0	0.0	0.0	2	1.05	11.872604076008454	230.0	27	1.05	0.95				
	223	2	0.0	0.0	0.0	0.0	2	1.05	2.3695129962017147	230.0	25	1.05	0.95				
	224	1	0.0	0.0	0.0	0.0	2	1.017692901809171	-3.585836059554936	230.0	26	1.05	0.95				
	301	2	67.71781083789475	13.794368874385965	0.0	0.0	3	1.0130027075543873	-14.12710201477153	138.0	31	1.05	0.95				
	302	2	60.82062640070175	12.540335340350877	0.0	0.0	3	1.0116197814577208	-14.386020736082429	138.0	32	1.05	0.95				
	303	1	112.86301806315788	23.199620379649122	0.0	0.0	3	1.0458866268197577	-1.6127299671146003	138.0	31	1.05	0.95				
	304	1	46.399240759298245	9.405251505263157	0.0	0.0	3	1.009933111477859	-11.995615778361875	138.0	31	1.05	0.95				
	305	1	44.51819045824561	8.778234738245615	0.0	0.0	3	1.0233413445594	-14.347650879586885	138.0	31	1.05	0.95				
	306	1	85.27428031438596	17.55646947649123	0.0	-100.0	3	1.0355069435748228	-15.151710809404513	138.0	32	1.05	0.95				
	307	2	78.37709587719299	15.675419175438595	0.0	0.0	3	1.0044748791912173	-15.883063227402419	138.0	32	1.05	0.95				
	308	1	107.21986715999998	21.94558684561403	0.0	0.0	3	1.0019081365460398	-15.384577763327815	138.0	32	1.05	0.95				
	309	1	109.72793422807017	22.57260361263158	0.0	0.0	3	1.0312586036327287	-7.509574368928429	138.0	33	1.05	0.95				
	310	1	122.26826956842105	25.080670680701754	0.0	0.0	3	1.05	-12.557676391103822	138.0	33	1.05	0.95				
	311	1	0.0	0.0	0.0	0.0	3	1.017367841992655	-6.288826587221985	230.0	33	1.05	0.95				
	312	1	0.0	0.0	0.0	0.0	3	1.0187859265703607	-5.68313927551353	230.0	33	1.05	0.95				
	313	2	166.1594432596491	33.85890541894737	0.0	0.0	3	1.0188808445417292	-3.4600373963528415	230.0	34	1.05	0.95				
	314	2	121.6412528014035	24.45365391368421	0.0	0.0	3	1.022762185081929	-4.969483899404269	230.0	36	1.05	0.95				
	315	2	198.76431514456138	40.129073089122805	0.0	0.0	3	1.0470472036379326	0.7055076431927365	230.0	36	1.05	0.95				
	316	2	62.70167670175438	12.540335340350877	0.0	0.0	3	1.0450467118850526	0.6777689735485714	230.0	36	1.05	0.95				
	317	1	0.0	0.0	0.0	0.0	3	1.0493082159284335	3.250047599872385	230.0	37	1.05	0.95				
	318	2	208.7965834168421	42.63714015719298	0.0	0.0	3	1.0483813404821958	2.7520992017856374	230.0	37	1.05	0.95				
	319	1	113.49003483017543	23.199620379649122	0.0	0.0	3	1.0385599309025293	-0.6331876735259415	230.0	35	1.05	0.95				
	320	1	80.25814617824561	16.30243594245614	0.0	0.0	3	1.0382389217534553	-0.5906390439139838	230.0	35	1.05	0.95				
	321	2	0.0	0.0	0.0	0.0	3	1.05	3.7557047193348625	230.0	37	1.05	0.95				
	322	2	0.0	0.0	0.0	0.0	3	1.05	9.333534150134266	230.0	37	1.05	0.95				
	323	2	0.0	0.0	0.0	0.0	3	1.0395185768090323	-0.10034184714430097	230.0	35	1.05	0.95				
	324	1	0.0	0.0	0.0	0.0	3	1.041199298493458	-0.16117765363753217	230.0	36	1.05	0.95				
	325	1	0.0	0.0	0.0	0.0	3	1.035765527547255	1.17178612976483	230.0	35	1.05	0.95				
];
