%% MATPOWER Case Format : Version 2
function mpc = RTS_GMLC
mpc.version = '2';

%%-----  Power Flow Data  -----%%
%% system MVA base
mpc.baseMVA = 100.0;
%% bus data
%    bus_i    type    Pd    Qd    Gs    Bs    area    Vm    Va    baseKV    zone    Vmax    Vmin
mpc.bus = [
	101	2	63.191489343157905	12.872340421754386	0.0	0.0	1	1.0472452450190697	2.1967220373761918	138.0	11	1.05	0.95				
	102	2	56.755319132280704	11.702127656140352	0.0	0.0	1	1.0460698191940445	1.8198310646217997	138.0	12	1.05	0.95				
	103	1	105.31914890526318	21.64893616385965	0.0	0.0	1	1.029901519964057	0.6151662386485163	138.0	11	1.05	0.95				
	104	1	43.2978723277193	8.776595742105263	0.0	0.0	1	1.0265001682446124	-1.7695198035156128	138.0	11	1.05	0.95				
	105	1	41.54255317929824	8.191489359298245	0.0	0.0	1	1.0398263327352948	-2.08370472331995	138.0	11	1.05	0.95				
	106	1	79.57446806175439	16.38297871859649	0.0	-100.0	1	1.0432815858051472	-5.1066205944732195	138.0	12	1.05	0.95				
	107	2	73.1382978508772	14.627659570175439	0.0	0.0	1	0.9976782861162611	-13.340156770976552	138.0	12	1.05	0.95				
	108	1	100.05319146000001	20.478723398245613	0.0	0.0	1	0.9962278735662647	-11.208918186238908	138.0	12	1.05	0.95				
	109	1	102.39361699122807	21.063829781052632	0.0	0.0	1	1.0249675127013642	-3.3818868630699694	138.0	13	1.05	0.95				
	110	1	114.09574464736842	23.404255312280704	0.0	0.0	1	1.05	-4.652205549016544	138.0	13	1.05	0.95				
	111	1	0.0	0.0	0.0	0.0	1	1.0109565754720355	-0.8673805510918218	230.0	13	1.05	0.95				
	112	1	0.0	0.0	0.0	0.0	1	1.0135892488788836	-1.0756630328301806	230.0	13	1.05	0.95				
	113	3	155.05319144385965	31.595744671578952	0.0	0.0	1	1.007291159992045	-3.8907695752375306e-27	230.0	14	1.05	0.95				
	114	2	113.51063826456141	22.819148929473684	0.0	0.0	1	1.0143692388148964	1.5889282777799263	230.0	16	1.05	0.95				
	115	2	185.47872334982455	37.44680849964912	0.0	0.0	1	1.0414377882641364	9.932290050416187	230.0	16	1.05	0.95				
	116	2	58.510638280701755	11.702127656140352	0.0	0.0	1	1.0372247771505076	8.587518630479208	230.0	16	1.05	0.95				
	117	1	0.0	0.0	0.0	0.0	1	1.0420830675736552	13.644576075856612	230.0	17	1.05	0.95				
	118	2	194.84042547473686	39.787234030877194	0.0	0.0	1	1.0499688770797448	14.257804467316255	230.0	17	1.05	0.95				
	119	1	105.90425528807017	21.64893616385965	0.0	0.0	1	1.0288377151632297	5.728757395818736	230.0	15	1.05	0.95				
	120	1	74.89361699929825	15.212765952982457	0.0	0.0	1	1.0273279161326367	4.100228581342711	230.0	15	1.05	0.95				
	121	2	0.0	0.0	0.0	0.0	1	1.05	15.95898800230336	230.0	17	1.05	0.95				
	122	2	0.0	0.0	0.0	0.0	1	1.05	29.49973434025642	230.0	17	1.05	0.95				
	123	2	0.0	0.0	0.0	0.0	1	1.0278418707737098	3.648624586068939	230.0	15	1.05	0.95				
	124	1	0.0	0.0	0.0	0.0	1	1.0254222707850058	6.447827573668111	230.0	16	1.05	0.95				
	201	2	65.04139777263158	13.249173620350877	0.0	0.0	2	1.0219654348067404	-13.81389333005442	138.0	21	1.05	0.95				
	202	2	58.41681096245613	12.044703291228071	0.0	0.0	2	1.02274979330112	-13.692144753903897	138.0	22	1.05	0.95				
	203	1	108.40232962105263	22.28270108877193	0.0	0.0	2	1.01348850099017	-11.88228172567252	138.0	21	1.05	0.95				
	204	1	44.56540217754386	9.03352746842105	0.0	0.0	2	1.013680808363847	-14.274260957998699	138.0	21	1.05	0.95				
	205	1	42.75869668385964	8.43129230385965	0.0	0.0	2	1.0284121424338653	-14.682357749102467	138.0	21	1.05	0.95				
	206	1	81.90398238035088	16.8625846077193	0.0	-100.0	2	1.0389218873302104	-15.723042022841026	138.0	22	1.05	0.95				
	207	2	75.27939557017544	15.055879114035086	0.0	0.0	2	0.9921214675948431	-24.187593197338924	138.0	22	1.05	0.95				
	208	1	102.98221314	21.07823075964912	0.0	0.0	2	0.990908829978976	-21.288333912412146	138.0	22	1.05	0.95				
	209	1	105.39115379824563	21.680465924210523	0.0	0.0	2	1.0247903535579816	-12.280412296981615	138.0	23	1.05	0.95				
	210	1	117.43585708947369	24.089406582456142	0.0	0.0	2	1.05	-13.634841665849963	138.0	23	1.05	0.95				
	211	1	0.0	0.0	0.0	0.0	2	1.014930824495054	-8.877167330160214	230.0	23	1.05	0.95				
	212	1	0.0	0.0	0.0	0.0	2	1.0181461933951832	-4.534250562618067	230.0	23	1.05	0.95				
	213	2	159.59231860877193	32.52069888631579	0.0	0.0	2	1.0190736693095577	-6.164733759128349	230.0	24	1.05	0.95				
	214	2	116.83362192491226	23.487171417894736	0.0	0.0	2	1.0187861451484255	-7.15501076140741	230.0	26	1.05	0.95				
	215	2	190.9085471659649	38.54305053192982	0.0	0.0	2	1.0313645412605092	-0.9522142615323216	230.0	26	1.05	0.95				
	216	2	60.223516456140345	12.044703291228071	0.0	0.0	2	1.0330996628871054	-1.0034240627749254	230.0	26	1.05	0.95				
	217	1	0.0	0.0	0.0	0.0	2	1.034827879890699	0.2748437293166576	230.0	27	1.05	0.95				
	218	2	200.54430979894735	40.95199119017544	0.0	0.0	2	1.0332765267716073	-0.5147193189431262	230.0	27	1.05	0.95				
	219	1	109.00456478561402	22.28270108877193	0.0	0.0	2	1.0344607891706799	-0.20354457879409085	230.0	25	1.05	0.95				
	220	1	77.08610106385964	15.658114278596491	0.0	0.0	2	1.0409168290133397	1.6326498835428729	230.0	25	1.05	0.95				
	221	2	0.0	0.0	0.0	0.0	2	1.0352847665231157	0.14955714957841865	230.0	27	1.05	0.95				
	222	2	0.0	0.0	0.0	0.0	2	1.05	6.6965401849686925	230.0	27	1.05	0.95				
	223	2	0.0	0.0	0.0	0.0	2	1.0465889972935585	3.074514288363738	230.0	25	1.05	0.95				
	224	1	0.0	0.0	0.0	0.0	2	1.0111591401191058	-5.017098996563323	230.0	26	1.05	0.95				
	301	2	58.0828851663158	11.831698830175439	0.0	0.0	3	1.0033206659615168	-0.6117803161603002	138.0	31	1.05	0.95				
	302	2	52.16703575122808	10.756089845614037	0.0	0.0	3	1.002965306853503	-0.6995872306794809	138.0	32	1.05	0.95				
	303	1	96.80480861052632	19.89876621438597	0.0	0.0	3	1.0225552810797505	4.179965498718197	138.0	31	1.05	0.95				
	304	1	39.79753242877194	8.067067384210528	0.0	0.0	3	1.0062643596789338	1.1218481707997094	138.0	31	1.05	0.95				
	305	1	38.18411895192983	7.529262891929826	0.0	0.0	3	1.0190048031156604	0.6522583160404385	138.0	31	1.05	0.95				
	306	1	73.14141095017546	15.058525783859652	0.0	-100.0	3	1.0358223621685076	0.74489829774478	138.0	32	1.05	0.95				
	307	2	67.22556153508773	13.445112307017546	0.0	0.0	3	0.99443128060958	-3.69560821704572	138.0	32	1.05	0.95				
	308	1	91.96456818	18.823157229824563	0.0	0.0	3	1.0010385364974148	-1.2578138391658593	138.0	32	1.05	0.95				
	309	1	94.11578614912281	19.360961722105266	0.0	0.0	3	1.0272638403633794	4.800753096493534	138.0	33	1.05	0.95				
	310	1	104.87187599473687	21.512179691228074	0.0	0.0	3	1.05	3.639310826023211	138.0	33	1.05	0.95				
	311	1	0.0	0.0	0.0	0.0	3	1.0124467963117307	9.866075810695826	230.0	33	1.05	0.95				
	312	1	0.0	0.0	0.0	0.0	3	1.0160174252160583	10.64334783114428	230.0	33	1.05	0.95				
	313	2	142.51819045438597	29.0414425831579	0.0	0.0	3	1.0245257737687283	15.811561762341835	230.0	34	1.05	0.95				
	314	2	104.33407150245615	20.97437519894737	0.0	0.0	3	1.0143485441891726	10.310299988910057	230.0	36	1.05	0.95				
	315	2	170.48402405298248	34.419487505964916	0.0	0.0	3	1.0371534782478329	10.022739282962181	230.0	36	1.05	0.95				
	316	2	53.78044922807018	10.756089845614037	0.0	0.0	3	1.0365424430111305	10.905243443998195	230.0	36	1.05	0.95				
	317	1	0.0	0.0	0.0	0.0	3	1.047518920913237	13.179256480011148	230.0	37	1.05	0.95				
	318	2	179.0888959294737	36.57070547508773	0.0	0.0	3	1.0451660361432584	11.052874241836824	230.0	37	1.05	0.95				
	319	1	97.34261310280704	19.89876621438597	0.0	0.0	3	1.0337180815717093	12.216451078770344	230.0	35	1.05	0.95				
	320	1	68.83897501192983	13.982916799298248	0.0	0.0	3	1.0322748676382616	12.97848963344068	230.0	35	1.05	0.95				
	321	2	0.0	0.0	0.0	0.0	3	1.0435409095760548	11.325135900100758	230.0	37	1.05	0.95				
	322	2	0.0	0.0	0.0	0.0	3	1.05	16.387646827796495	230.0	37	1.05	0.95				
	323	2	0.0	0.0	0.0	0.0	3	1.0313690547513583	13.283023891925547	230.0	35	1.05	0.95				
	324	1	0.0	0.0	0.0	0.0	3	1.0256730059804735	9.336396727273321	230.0	36	1.05	0.95				
	325	1	0.0	0.0	0.0	0.0	3	1.0332432893339465	13.519812939850922	230.0	35	1.05	0.95				
];
