%% MATPOWER Case Format : Version 2
function mpc = RTS_GMLC
mpc.version = '2';

%%-----  Power Flow Data  -----%%
%% system MVA base
mpc.baseMVA = 100.0;
%% bus data
%    bus_i    type    Pd    Qd    Gs    Bs    area    Vm    Va    baseKV    zone    Vmax    Vmin
mpc.bus = [
	101	2	57.29985155368422	11.672191983157896	0.0	0.0	1	1.035020143203678	0.59254649269014	138.0	11	1.05	0.95				
	102	2	51.46375556210526	10.611083621052634	0.0	0.0	1	1.0346640867988544	0.41054460754226463	138.0	12	1.05	0.95				
	103	1	95.4997525894737	19.63050469894737	0.0	0.0	1	1.0215757089382789	0.25152155651155167	138.0	11	1.05	0.95				
	104	1	39.26100939789474	7.958312715789474	0.0	0.0	1	1.019543855112284	-2.6621077503518813	138.0	11	1.05	0.95				
	105	1	37.669346854736844	7.427758534736843	0.0	0.0	1	1.0352649931546076	-2.6151700204865858	138.0	11	1.05	0.95				
	106	1	72.15536862315791	14.855517069473686	0.0	-100.0	1	1.042885813930381	-4.9444818133954405	138.0	12	1.05	0.95				
	107	2	66.31927263157895	13.263854526315791	0.0	0.0	1	1.0137504550398475	-10.747566029389244	138.0	12	1.05	0.95				
	108	1	90.72476496	18.569396336842107	0.0	0.0	1	1.0083762561600582	-9.383744503798422	138.0	12	1.05	0.95				
	109	1	92.84698168421053	19.099950517894737	0.0	0.0	1	1.0236399610228861	-3.032738557689682	138.0	13	1.05	0.95				
	110	1	103.45806530526316	21.222167242105268	0.0	0.0	1	1.05	-4.201754684383052	138.0	13	1.05	0.95				
	111	1	0.0	0.0	0.0	0.0	1	1.0056517248367574	-0.430853797356372	230.0	13	1.05	0.95				
	112	1	0.0	0.0	0.0	0.0	1	1.0115212640853186	-0.41219663387716077	230.0	13	1.05	0.95				
	113	3	140.59685797894738	28.64992577684211	0.0	0.0	1	1.0055732922925762	6.349245425156388e-29	230.0	14	1.05	0.95				
	114	2	102.92751112421053	20.691613061052635	0.0	0.0	1	1.0016233930828131	2.500300819446859	230.0	16	1.05	0.95				
	115	2	168.18567539368422	33.955467587368425	0.0	0.0	1	1.029077102857902	10.723723840352497	230.0	16	1.05	0.95				
	116	2	53.055418105263165	10.611083621052634	0.0	0.0	1	1.0273718902066111	9.81943931238168	230.0	16	1.05	0.95				
	117	1	0.0	0.0	0.0	0.0	1	1.0319493058816072	13.303369125551056	230.0	17	1.05	0.95				
	118	2	176.67454229052635	36.077684311578956	0.0	0.0	1	1.0349155052291998	13.467944318144218	230.0	17	1.05	0.95				
	119	1	96.03030677052632	19.63050469894737	0.0	0.0	1	1.0232120230991069	7.445678853536152	230.0	15	1.05	0.95				
	120	1	67.91093517473685	13.794408707368422	0.0	0.0	1	1.0247101515454362	6.415390622623961	230.0	15	1.05	0.95				
	121	2	0.0	0.0	0.0	0.0	1	1.0374147769830793	14.868715530951976	230.0	17	1.05	0.95				
	122	2	0.0	0.0	0.0	0.0	1	1.05	26.063805368189037	230.0	17	1.05	0.95				
	123	2	0.0	0.0	0.0	0.0	1	1.0265379702156492	6.255925359359149	230.0	15	1.05	0.95				
	124	1	0.0	0.0	0.0	0.0	1	1.0133434716379521	6.789829679096992	230.0	16	1.05	0.95				
	201	2	71.62033683789475	14.589327874385965	0.0	0.0	2	1.0330985707828533	-19.081539586864036	138.0	21	1.05	0.95				
	202	2	64.32567290070176	13.263025340350879	0.0	0.0	2	1.033467206048974	-19.197018309977473	138.0	22	1.05	0.95				
	203	1	119.36722806315791	24.536596879649125	0.0	0.0	2	1.015729591849067	-15.38139701883736	138.0	21	1.05	0.95				
	204	1	49.07319375929825	9.947269005263157	0.0	0.0	2	1.0160688596672953	-21.188808746672457	138.0	21	1.05	0.95				
	205	1	47.083739958245616	9.284117738245616	0.0	0.0	2	1.032932591280236	-21.628121238032243	138.0	21	1.05	0.95				
	206	1	90.18857231438598	18.568235476491232	0.0	-100.0	2	1.0392024838023834	-23.684902913756975	138.0	22	1.05	0.95				
	207	2	82.89390837719299	16.5787816754386	0.0	0.0	2	0.9775124999900172	-33.616297984787856	138.0	22	1.05	0.95				
	208	1	113.39886666000001	23.210294345614034	0.0	0.0	2	0.9787735419144282	-30.37343278092959	138.0	22	1.05	0.95				
	209	1	116.05147172807018	23.87344561263158	0.0	0.0	2	1.0224626341395409	-20.122896223244915	138.0	23	1.05	0.95				
	210	1	129.31449706842108	26.526050680701758	0.0	0.0	2	1.05	-22.116504371084627	138.0	23	1.05	0.95				
	211	1	0.0	0.0	0.0	0.0	2	1.02185161973218	-16.28058965205726	230.0	23	1.05	0.95				
	212	1	0.0	0.0	0.0	0.0	2	1.0183040153977558	-15.478000763384829	230.0	23	1.05	0.95				
	213	2	175.73508575964914	35.81016841894738	0.0	0.0	2	1.02899895026624	-15.05672272787862	230.0	24	1.05	0.95				
	214	2	128.65134580140352	25.862899413684215	0.0	0.0	2	1.0342668834400353	-12.614807222380813	230.0	26	1.05	0.95				
	215	2	210.2189516445614	42.44168108912281	0.0	0.0	2	1.036039176343748	-2.7244735649390592	230.0	26	1.05	0.95				
	216	2	66.3151267017544	13.263025340350879	0.0	0.0	2	1.0393681267946808	-3.3017421469546293	230.0	26	1.05	0.95				
	217	1	0.0	0.0	0.0	0.0	2	1.039681978883294	0.508813935989147	230.0	27	1.05	0.95				
	218	2	220.82937191684212	45.09428615719299	0.0	0.0	2	1.0414126703177062	0.6570210886859899	230.0	27	1.05	0.95				
	219	1	120.03037933017544	24.536596879649125	0.0	0.0	2	1.0394529978464566	-4.471729515408104	230.0	25	1.05	0.95				
	220	1	84.88336217824562	17.241932942456142	0.0	0.0	2	1.0451957877356144	-4.233598554837963	230.0	25	1.05	0.95				
	221	2	0.0	0.0	0.0	0.0	2	1.0417431750465662	0.2995928122525388	230.0	27	1.05	0.95				
	222	2	0.0	0.0	0.0	0.0	2	1.05	6.88541171975371	230.0	27	1.05	0.95				
	223	2	0.0	0.0	0.0	0.0	2	1.05	-3.6206739337856346	230.0	25	1.05	0.95				
	224	1	0.0	0.0	0.0	0.0	2	1.0125839358881266	-7.424559643973737	230.0	26	1.05	0.95				
	301	2	53.86333437473685	10.972160705964912	0.0	0.0	3	1.046253729154478	-0.4510746237511365	138.0	31	1.05	0.95				
	302	2	48.37725402175438	9.974691550877193	0.0	0.0	3	1.0414343904536494	-0.7788859137188514	138.0	32	1.05	0.95				
	303	1	89.77222395789474	18.453179369122807	0.0	0.0	3	1.05	15.294783174777756	138.0	31	1.05	0.95				
	304	1	36.906358738245615	7.4810186631578945	0.0	0.0	3	1.0189736853999192	0.7333283527133903	138.0	31	1.05	0.95				
	305	1	35.41015500561403	6.982284085614035	0.0	0.0	3	1.041228352688952	-1.52852116816484	138.0	31	1.05	0.95				
	306	1	67.82790254596492	13.96456817122807	0.0	-100.0	3	1.0447980632472667	-2.72071220590485	138.0	32	1.05	0.95				
	307	2	62.341822192982455	12.468364438596492	0.0	0.0	3	0.95	0.6589185193698327	138.0	32	1.05	0.95				
	308	1	85.28361276	17.455710214035086	0.0	0.0	3	0.9715363764748052	-0.7085353212052792	138.0	32	1.05	0.95				
	309	1	87.27855107017544	17.954444791578947	0.0	0.0	3	1.0167189135612376	4.062296485824343	138.0	33	1.05	0.95				
	310	1	97.25324262105262	19.949383101754385	0.0	0.0	3	1.0477703809810275	-1.0593901236539267	138.0	33	1.05	0.95				
	311	1	0.0	0.0	0.0	0.0	3	1.0040012110029355	2.2860160667680343	230.0	33	1.05	0.95				
	312	1	0.0	0.0	0.0	0.0	3	1.0088539232004723	3.4465462270722753	230.0	33	1.05	0.95				
	313	2	132.1646630491228	26.931667187368426	0.0	0.0	3	1.005580851449745	5.4389960587048	230.0	34	1.05	0.95				
	314	2	96.75450804350876	19.450648524210525	0.0	0.0	3	0.9976259322508032	0.4135055586157514	230.0	36	1.05	0.95				
	315	2	158.0988610814035	31.91901296280702	0.0	0.0	3	1.0466871033923097	1.0805751764959242	230.0	36	1.05	0.95				
	316	2	49.87345775438597	9.974691550877193	0.0	0.0	3	1.0319655080310006	0.8569647656027959	230.0	36	1.05	0.95				
	317	1	0.0	0.0	0.0	0.0	3	1.044721324459796	1.1390003665069333	230.0	37	1.05	0.95				
	318	2	166.07861432210527	33.91395127298246	0.0	0.0	3	1.0479278380526105	0.24641898036976495	230.0	37	1.05	0.95				
	319	1	90.2709585354386	18.453179369122807	0.0	0.0	3	1.0201814984933977	1.4355304327770202	230.0	35	1.05	0.95				
	320	1	63.83802592561404	12.967099016140352	0.0	0.0	3	1.0139222105817283	2.9342912909530083	230.0	35	1.05	0.95				
	321	2	0.0	0.0	0.0	0.0	3	1.05	1.0605340733768134	230.0	37	1.05	0.95				
	322	2	0.0	0.0	0.0	0.0	3	1.05	5.432404509520266	230.0	37	1.05	0.95				
	323	2	0.0	0.0	0.0	0.0	3	1.0119755665727272	4.1608820432237135	230.0	35	1.05	0.95				
	324	1	0.0	0.0	0.0	0.0	3	1.0429737793506904	6.511361478959999	230.0	36	1.05	0.95				
	325	1	0.0	0.0	0.0	0.0	3	1.011741566951381	5.0802389376495345	230.0	35	1.05	0.95				
];
