%% MATPOWER Case Format : Version 2
function mpc = RTS_GMLC
mpc.version = '2';

%%-----  Power Flow Data  -----%%
%% system MVA base
mpc.baseMVA = 100.0;
%% bus data
%    bus_i    type    Pd    Qd    Gs    Bs    area    Vm    Va    baseKV    zone    Vmax    Vmin
mpc.bus = [
	101	2	70.61949530526316	14.385452747368422	0.0	0.0	1	1.047951441567576	0.2451819873383803	138.0	11	1.05	0.95				
	102	2	63.426768931578934	13.077684315789472	0.0	0.0	1	1.0467789565176506	-0.1347985684973357	138.0	12	1.05	0.95				
	103	1	117.69915884210526	24.193715984210524	0.0	0.0	1	1.0300881634212824	-1.1389314321640358	138.0	11	1.05	0.95				
	104	1	48.38743196842105	9.808263236842105	0.0	0.0	1	1.0263005162311967	-3.498851728373749	138.0	11	1.05	0.95				
	105	1	46.42577932105262	9.154379021052632	0.0	0.0	1	1.0394946747095954	-3.8778039961920707	138.0	11	1.05	0.95				
	106	1	88.92825334736843	18.308758042105264	0.0	-100.0	1	1.0416641339401764	-6.871085643301816	138.0	12	1.05	0.95				
	107	2	81.7355269736842	16.34710539473684	0.0	0.0	1	1.0002652977473565	-14.762407366225105	138.0	12	1.05	0.95				
	108	1	111.81420089999999	22.885947552631574	0.0	0.0	1	0.9957666281074248	-12.833230698546656	138.0	12	1.05	0.95				
	109	1	114.42973776315787	23.53983176842105	0.0	0.0	1	1.025791284718939	-4.701704683246549	138.0	13	1.05	0.95				
	110	1	127.50742207894736	26.155368631578945	0.0	0.0	1	1.05	-6.0719253806209545	138.0	13	1.05	0.95				
	111	1	0.0	0.0	0.0	0.0	1	1.0127771861005355	-1.8138841379558543	230.0	13	1.05	0.95				
	112	1	0.0	0.0	0.0	0.0	1	1.0153765715064471	-1.4158088312414634	230.0	13	1.05	0.95				
	113	3	173.2793171842105	35.30974765263158	0.0	0.0	1	1.0132717998332121	6.064141451652145e-30	230.0	14	1.05	0.95				
	114	2	126.85353786315787	25.50148441578947	0.0	0.0	1	1.0152783086436297	0.2239513165831737	230.0	16	1.05	0.95				
	115	2	207.28129640526313	41.84858981052631	0.0	0.0	1	1.0442426022503188	7.973155860542583	230.0	16	1.05	0.95				
	116	2	65.38842157894736	13.077684315789472	0.0	0.0	1	1.0413083184351504	7.031250438645318	230.0	16	1.05	0.95				
	117	1	0.0	0.0	0.0	0.0	1	1.0453709865591387	10.115892056594355	230.0	17	1.05	0.95				
	118	2	217.74344385789473	44.46412667368421	0.0	0.0	1	1.0475598090659972	10.72650930369742	230.0	17	1.05	0.95				
	119	1	118.35304305789474	24.193715984210524	0.0	0.0	1	1.0342517118753933	5.3306820510634685	230.0	15	1.05	0.95				
	120	1	83.69717962105263	17.000989610526315	0.0	0.0	1	1.0332418510058794	4.741387944463092	230.0	15	1.05	0.95				
	121	2	0.0	0.0	0.0	0.0	1	1.05	12.446945952654039	230.0	17	1.05	0.95				
	122	2	0.0	0.0	0.0	0.0	1	1.05	18.044023785540023	230.0	17	1.05	0.95				
	123	2	0.0	0.0	0.0	0.0	1	1.0342135417294083	4.908189515245083	230.0	15	1.05	0.95				
	124	1	0.0	0.0	0.0	0.0	1	1.0274503470497731	4.574952975757431	230.0	16	1.05	0.95				
	201	2	71.1783409263158	14.49929167017544	0.0	0.0	2	1.026069387148318	-13.67191040674006	138.0	21	1.05	0.95				
	202	2	63.92869509122807	13.181174245614036	0.0	0.0	2	1.027131042369934	-13.476929123318245	138.0	22	1.05	0.95				
	203	1	118.63056821052633	24.385172354385965	0.0	0.0	2	1.0151239654507334	-11.821942857023709	138.0	21	1.05	0.95				
	204	1	48.77034470877193	9.885880684210527	0.0	0.0	2	1.0148169931790816	-14.193047886097126	138.0	21	1.05	0.95				
	205	1	46.79316857192982	9.226821971929827	0.0	0.0	2	1.029710187070137	-14.630235631116495	138.0	21	1.05	0.95				
	206	1	89.63198487017546	18.453643943859653	0.0	-100.0	2	1.0382983867395588	-15.747473185346033	138.0	22	1.05	0.95				
	207	2	82.38233903508772	16.476467807017546	0.0	0.0	2	0.9801166008567438	-25.161024605419357	138.0	22	1.05	0.95				
	208	1	112.6990398	23.06705492982456	0.0	0.0	2	0.9811994669436099	-21.95239242805863	138.0	22	1.05	0.95				
	209	1	115.33527464912281	23.72611364210526	0.0	0.0	2	1.0253294970017564	-12.086682037810771	138.0	23	1.05	0.95				
	210	1	128.51644889473684	26.362348491228072	0.0	0.0	2	1.05	-13.500705832439222	138.0	23	1.05	0.95				
	211	1	0.0	0.0	0.0	0.0	2	1.019926698667353	-8.296410055874972	230.0	23	1.05	0.95				
	212	1	0.0	0.0	0.0	0.0	2	1.0209759453202896	-3.68617733064908	230.0	23	1.05	0.95				
	213	2	174.65055875438597	35.5891704631579	0.0	0.0	2	1.026121529888509	-5.5616874834065655	230.0	24	1.05	0.95				
	214	2	127.85739018245614	25.70328977894737	0.0	0.0	2	1.0282072390164358	-6.24145744917971	230.0	26	1.05	0.95				
	215	2	208.92161179298245	42.179757585964914	0.0	0.0	2	1.0392430597724707	0.7745220194837994	230.0	26	1.05	0.95				
	216	2	65.90587122807018	13.181174245614036	0.0	0.0	2	1.0404005787679216	0.7153729954427911	230.0	26	1.05	0.95				
	217	1	0.0	0.0	0.0	0.0	2	1.042359258340048	2.9207584045483164	230.0	27	1.05	0.95				
	218	2	219.4665511894737	44.81599243508773	0.0	0.0	2	1.0424028814127844	2.8839491032487943	230.0	27	1.05	0.95				
	219	1	119.28962692280703	24.385172354385965	0.0	0.0	2	1.0397883110682145	1.0827602760557953	230.0	25	1.05	0.95				
	220	1	84.35951517192983	17.135526519298246	0.0	0.0	2	1.0449537315066415	2.641922789320811	230.0	25	1.05	0.95				
	221	2	0.0	0.0	0.0	0.0	2	1.0431057233270289	2.9545808019628406	230.0	27	1.05	0.95				
	222	2	0.0	0.0	0.0	0.0	2	1.05	9.446905372320835	230.0	27	1.05	0.95				
	223	2	0.0	0.0	0.0	0.0	2	1.0499999904802024	3.9726492866477363	230.0	25	1.05	0.95				
	224	1	0.0	0.0	0.0	0.0	2	1.014405667122107	-3.8865580692511177	230.0	26	1.05	0.95				
	301	2	59.68870609263159	12.158810500350878	0.0	0.0	3	0.9932451481563925	3.9043159688002347	138.0	31	1.05	0.95				
	302	2	53.60930084245614	11.053464091228072	0.0	0.0	3	0.9930974372250913	3.8768981272843974	138.0	32	1.05	0.95				
	303	1	99.48117682105264	20.44890856877193	0.0	0.0	3	1.014441470751687	6.384979616994616	138.0	31	1.05	0.95				
	304	1	40.89781713754386	8.290098068421054	0.0	0.0	3	1.0010642431577106	5.7460462386501465	138.0	31	1.05	0.95				
	305	1	39.23979752385965	7.73742486385965	0.0	0.0	3	1.013144948985375	5.761436244021757	138.0	31	1.05	0.95				
	306	1	75.1635558203509	15.4748497277193	0.0	-100.0	3	1.032732988611418	6.16162061442028	138.0	32	1.05	0.95				
	307	2	69.08415057017545	13.816830114035088	0.0	0.0	3	0.9896008823382322	2.4242431506461837	138.0	32	1.05	0.95				
	308	1	94.50711798	19.343562159649125	0.0	0.0	3	1.0004032212966967	4.883263922963638	138.0	32	1.05	0.95				
	309	1	96.71781079824562	19.896235364210526	0.0	0.0	3	1.0266597245658255	9.522295161985552	138.0	33	1.05	0.95				
	310	1	107.77127488947369	22.106928182456144	0.0	0.0	3	1.05	9.374480970453455	138.0	33	1.05	0.95				
	311	1	0.0	0.0	0.0	0.0	3	1.014458123804834	15.054721363926296	230.0	33	1.05	0.95				
	312	1	0.0	0.0	0.0	0.0	3	1.020077588235718	16.2592838505056	230.0	33	1.05	0.95				
	313	2	146.45839920877194	29.844353046315796	0.0	0.0	3	1.03542614408543	22.806484427814098	230.0	34	1.05	0.95				
	314	2	107.21860168491229	21.55425497789474	0.0	0.0	3	1.0145144384883895	13.779431948510357	230.0	36	1.05	0.95				
	315	2	175.19740584596494	35.37108509192983	0.0	0.0	3	1.0324889348652426	8.72452839941832	230.0	36	1.05	0.95				
	316	2	55.267320456140354	11.053464091228072	0.0	0.0	3	1.0333137219739916	9.884116934705457	230.0	36	1.05	0.95				
	317	1	0.0	0.0	0.0	0.0	3	1.0384792009183565	9.1788597116208	230.0	37	1.05	0.95				
	318	2	184.0401771189474	37.58177791017545	0.0	0.0	3	1.037359669497977	8.079054365799418	230.0	37	1.05	0.95				
	319	1	100.03385002561404	20.44890856877193	0.0	0.0	3	1.0329233866817933	12.562786336972923	230.0	35	1.05	0.95				
	320	1	70.74217018385966	14.369503318596493	0.0	0.0	3	1.0347233732629804	14.46465287077724	230.0	35	1.05	0.95				
	321	2	0.0	0.0	0.0	0.0	3	1.0375189282460204	8.856800640997843	230.0	37	1.05	0.95				
	322	2	0.0	0.0	0.0	0.0	3	1.0499999914398896	13.293493384559433	230.0	37	1.05	0.95				
	323	2	0.0	0.0	0.0	0.0	3	1.0356914207615684	15.224696830091087	230.0	35	1.05	0.95				
	324	1	0.0	0.0	0.0	0.0	3	1.0229444196176354	9.86054733235947	230.0	36	1.05	0.95				
	325	1	0.0	0.0	0.0	0.0	3	1.0381475344511173	14.99542716834739	230.0	35	1.05	0.95				
];
