%% MATPOWER Case Format : Version 2
function mpc = RTS_GMLC
mpc.version = '2';

%%-----  Power Flow Data  -----%%
%% system MVA base
mpc.baseMVA = 100.0;
%% bus data
%    bus_i    type    Pd    Qd    Gs    Bs    area    Vm    Va    baseKV    zone    Vmax    Vmin
mpc.bus = [
	101	2	88.06729342736843	17.93963384631579	0.0	0.0	1	1.0428581467562241	-0.6488162529556194	138.0	11	1.05	0.95				
	102	2	79.09747650421052	16.308758042105264	0.0	0.0	1	1.0421582496152513	-0.941745871895626	138.0	12	1.05	0.95				
	103	1	146.77882237894738	30.171202377894733	0.0	0.0	1	1.0234196988808615	-0.8927263016066811	138.0	11	1.05	0.95				
	104	1	60.34240475578947	12.231568531578946	0.0	0.0	1	1.0214742721237815	-4.319020277005475	138.0	11	1.05	0.95				
	105	1	57.896091049473675	11.416130629473685	0.0	0.0	1	1.0347685146803471	-4.83736910189914	138.0	11	1.05	0.95				
	106	1	110.89955468631578	22.83226125894737	0.0	-100.0	1	1.0357656294735755	-7.968767583631178	138.0	12	1.05	0.95				
	107	2	101.92973776315787	20.385947552631578	0.0	0.0	1	1.0454335756031765	-9.442475652154007	138.0	12	1.05	0.95				
	108	1	139.43988126	28.540326573684204	0.0	0.0	1	1.020410396327227	-10.374483512284083	138.0	12	1.05	0.95				
	109	1	142.70163286842106	29.35576447578947	0.0	0.0	1	1.0267075136744637	-4.789115251690246	138.0	13	1.05	0.95				
	110	1	159.01039091052633	32.61751608421053	0.0	0.0	1	1.05	-6.563849430435698	138.0	13	1.05	0.95				
	111	1	0.0	0.0	0.0	0.0	1	1.0166513135903485	-1.6835435400034602	230.0	13	1.05	0.95				
	112	1	0.0	0.0	0.0	0.0	1	1.0180290141035326	-1.2566356708181898	230.0	13	1.05	0.95				
	113	3	216.0910440578947	44.03364671368421	0.0	0.0	1	1.0188103161455488	-1.1693699112855621e-27	230.0	14	1.05	0.95				
	114	2	158.19495300842104	31.802078182105266	0.0	0.0	1	1.0226658495239154	0.8451702436656853	230.0	16	1.05	0.95				
	115	2	258.4938149673684	52.18802573473684	0.0	0.0	1	1.0418949895240166	10.475149440208405	230.0	16	1.05	0.95				
	116	2	81.54379021052631	16.308758042105264	0.0	0.0	1	1.0413425423558584	9.408702094322663	230.0	16	1.05	0.95				
	117	1	0.0	0.0	0.0	0.0	1	1.0450356563930907	13.547195652519935	230.0	17	1.05	0.95				
	118	2	271.5408214010526	55.44977734315789	0.0	0.0	1	1.0495862291399576	14.172598195232505	230.0	17	1.05	0.95				
	119	1	147.5942602810526	30.171202377894733	0.0	0.0	1	1.0359934459704008	7.1283597034804735	230.0	15	1.05	0.95				
	120	1	104.37605146947368	21.201385454736844	0.0	0.0	1	1.0384695708103187	6.212891111912607	230.0	15	1.05	0.95				
	121	2	0.0	0.0	0.0	0.0	1	1.05	16.16382806347383	230.0	17	1.05	0.95				
	122	2	0.0	0.0	0.0	0.0	1	1.05	25.62897817546987	230.0	17	1.05	0.95				
	123	2	0.0	0.0	0.0	0.0	1	1.042085716032455	6.312857940947145	230.0	15	1.05	0.95				
	124	1	0.0	0.0	0.0	0.0	1	1.0207662170962188	6.248200769521214	230.0	16	1.05	0.95				
	201	2	86.41019989894737	17.602077757192983	0.0	0.0	2	1.035115890909729	-14.036202294769593	138.0	21	1.05	0.95				
	202	2	77.60916102035087	16.001888870175442	0.0	0.0	2	1.0386819503010032	-14.142185099000539	138.0	22	1.05	0.95				
	203	1	144.01699983157894	29.60349440982456	0.0	0.0	2	1.0259702238016057	-11.405495667497528	138.0	21	1.05	0.95				
	204	1	59.20698881964912	12.001416652631578	0.0	0.0	2	1.018473667313597	-15.371381058124081	138.0	21	1.05	0.95				
	205	1	56.8067054891228	11.201322209122807	0.0	0.0	2	1.032320079931741	-15.763604389221944	138.0	21	1.05	0.95				
	206	1	108.81284431719298	22.402644418245615	0.0	-100.0	2	1.036780092648169	-17.48104856035274	138.0	22	1.05	0.95				
	207	2	100.0118054385965	20.002361087719297	0.0	0.0	2	0.95	-29.16281446987538	138.0	22	1.05	0.95				
	208	1	136.81614983999998	28.003305522807015	0.0	0.0	2	0.9565788723684586	-25.23083468620712	138.0	22	1.05	0.95				
	209	1	140.01652761403508	28.803399966315784	0.0	0.0	2	1.0275672935813487	-13.147146972865919	138.0	23	1.05	0.95				
	210	1	156.01841648421052	32.003777740350884	0.0	0.0	2	1.05	-14.990423417674908	138.0	23	1.05	0.95				
	211	1	0.0	0.0	0.0	0.0	2	1.0345362244554304	-9.119606282249794	230.0	23	1.05	0.95				
	212	1	0.0	0.0	0.0	0.0	2	1.0283791572134393	-3.8465531032549767	230.0	23	1.05	0.95				
	213	2	212.02502752982454	43.205099949473684	0.0	0.0	2	1.05	-6.162370097293419	230.0	24	1.05	0.95				
	214	2	155.21832204070174	31.203683296842105	0.0	0.0	2	1.05	-6.987890520106258	230.0	26	1.05	0.95				
	215	2	253.62993859228067	51.2060443845614	0.0	0.0	2	1.0467256480975027	0.8664750452146345	230.0	26	1.05	0.95				
	216	2	80.00944435087719	16.001888870175442	0.0	0.0	2	1.05	0.9535835627085698	230.0	26	1.05	0.95				
	217	1	0.0	0.0	0.0	0.0	2	1.049847877792912	3.5450445713205956	230.0	27	1.05	0.95				
	218	2	266.431449688421	54.40642215859649	0.0	0.0	2	1.049999879209975	3.589167786325873	230.0	27	1.05	0.95				
	219	1	144.8170942750877	29.60349440982456	0.0	0.0	2	1.043715007715342	1.454772896682824	230.0	25	1.05	0.95				
	220	1	102.4120887691228	20.80245553122807	0.0	0.0	2	1.0457384256855502	3.3877831014968973	230.0	25	1.05	0.95				
	221	2	0.0	0.0	0.0	0.0	2	1.05	3.446794981744945	230.0	27	1.05	0.95				
	222	2	0.0	0.0	0.0	0.0	2	1.05	9.998192207400585	230.0	27	1.05	0.95				
	223	2	0.0	0.0	0.0	0.0	2	1.05	5.027789989178214	230.0	25	1.05	0.95				
	224	1	0.0	0.0	0.0	0.0	2	1.0234728961419193	-3.688986774181871	230.0	26	1.05	0.95				
	301	2	76.7377412336842	15.631762103157895	0.0	0.0	3	1.0061234996294888	5.629308910680224	138.0	31	1.05	0.95				
	302	2	68.92186018210525	14.210692821052632	0.0	0.0	3	1.0076228050938825	5.502199967453222	138.0	32	1.05	0.95				
	303	1	127.89623538947367	26.289781718947363	0.0	0.0	3	1.0246881173533369	12.085981565198859	138.0	31	1.05	0.95				
	304	1	52.57956343789473	10.658019615789472	0.0	0.0	3	1.003950683003303	8.241793616600978	138.0	31	1.05	0.95				
	305	1	50.44795951473684	9.947484974736842	0.0	0.0	3	1.0157797326769318	7.378830930772116	138.0	31	1.05	0.95				
	306	1	96.6327111831579	19.894969949473683	0.0	-100.0	3	1.0290214972968823	7.5863232085636225	138.0	32	1.05	0.95				
	307	2	88.81683013157894	17.76336602631579	0.0	0.0	3	0.9860292330429058	3.596743884231324	138.0	32	1.05	0.95				
	308	1	121.50142361999998	24.868712436842102	0.0	0.0	3	0.9949181834251024	6.870729600788862	138.0	32	1.05	0.95				
	309	1	124.34356218421053	25.579247077894735	0.0	0.0	3	1.027937275510868	13.369781127595271	138.0	33	1.05	0.95				
	310	1	138.55425500526314	28.421385642105264	0.0	0.0	3	1.0468887380781822	11.421067950141978	138.0	33	1.05	0.95				
	311	1	0.0	0.0	0.0	0.0	3	1.0164219793964302	18.988109222528223	230.0	33	1.05	0.95				
	312	1	0.0	0.0	0.0	0.0	3	1.0220249108456887	20.678186792340835	230.0	33	1.05	0.95				
	313	2	188.29167987894735	38.3688706168421	0.0	0.0	3	1.046920666539513	28.14344142448433	230.0	34	1.05	0.95				
	314	2	137.8437203642105	27.71085100105263	0.0	0.0	3	1.0184087584024204	17.353618115984812	230.0	36	1.05	0.95				
	315	2	225.2394812136842	45.47421702736842	0.0	0.0	3	1.0421428666180348	15.376945629458476	230.0	36	1.05	0.95				
	316	2	71.05346410526316	14.210692821052632	0.0	0.0	3	1.0416073816649412	16.745370403242664	230.0	36	1.05	0.95				
	317	1	0.0	0.0	0.0	0.0	3	1.05	17.915913904079805	230.0	37	1.05	0.95				
	318	2	236.60803547052632	48.31635559157895	0.0	0.0	3	1.0467817618005215	15.417761586837392	230.0	37	1.05	0.95				
	319	1	128.60677003052632	26.289781718947363	0.0	0.0	3	1.0392690605542907	18.311841271464473	230.0	35	1.05	0.95				
	320	1	90.94843405473684	18.47390066736842	0.0	0.0	3	1.0413377557604955	19.939475640136376	230.0	35	1.05	0.95				
	321	2	0.0	0.0	0.0	0.0	3	1.045967747227352	16.032207965681373	230.0	37	1.05	0.95				
	322	2	0.0	0.0	0.0	0.0	3	1.05	21.11393382717658	230.0	37	1.05	0.95				
	323	2	0.0	0.0	0.0	0.0	3	1.042494142420507	20.460851451344983	230.0	35	1.05	0.95				
	324	1	0.0	0.0	0.0	0.0	3	1.032112374649012	16.111521085286824	230.0	36	1.05	0.95				
	325	1	0.0	0.0	0.0	0.0	3	1.0445173195317317	20.100645364363373	230.0	35	1.05	0.95				
];
