%% MATPOWER Case Format : Version 2
function mpc = RTS_GMLC
mpc.version = '2';

%%-----  Power Flow Data  -----%%
%% system MVA base
mpc.baseMVA = 100.0;
%% bus data
%    bus_i    type    Pd    Qd    Gs    Bs    area    Vm    Va    baseKV    zone    Vmax    Vmin
mpc.bus = [
	101	2	94.76051460631581	19.30306779017544	0.0	0.0	1	1.0470868274138476	-1.1156941818479733	138.0	11	1.05	0.95				
	102	2	85.10898071122807	17.548243445614037	0.0	0.0	1	1.0468779102967778	-1.2819058266876866	138.0	12	1.05	0.95				
	103	1	157.93419101052632	32.46425037438597	0.0	0.0	1	1.022073827034457	-1.9590601158461998	138.0	11	1.05	0.95				
	104	1	64.92850074877194	13.161182584210525	0.0	0.0	1	1.022677185830974	-4.836536793452382	138.0	11	1.05	0.95				
	105	1	62.29626423192982	12.283770411929826	0.0	0.0	1	1.0360644999173962	-5.378491600498794	138.0	11	1.05	0.95				
	106	1	119.32805543017547	24.56754082385965	0.0	-100.0	1	1.0349738933344357	-8.577692320109977	138.0	12	1.05	0.95				
	107	2	109.67652153508772	21.935304307017546	0.0	0.0	1	1.05	-7.786779234240937	138.0	12	1.05	0.95				
	108	1	150.03748146	30.70942602982456	0.0	0.0	1	1.0217339451653014	-9.795090770823913	138.0	12	1.05	0.95				
	109	1	153.54713014912284	31.586838202105262	0.0	0.0	1	1.0271060112811372	-5.268479363931946	138.0	13	1.05	0.95				
	110	1	171.09537359473686	35.096486891228075	0.0	0.0	1	1.05	-7.008221787964461	138.0	13	1.05	0.95				
	111	1	0.0	0.0	0.0	0.0	1	1.0181456586831739	-2.108739286038835	230.0	13	1.05	0.95				
	112	1	0.0	0.0	0.0	0.0	1	1.0190310052903682	-1.3874396905421418	230.0	13	1.05	0.95				
	113	3	232.51422565438594	47.380257303157904	0.0	0.0	1	1.0220319972217955	1.4545470243542164e-31	230.0	14	1.05	0.95				
	114	2	170.21796142245614	34.219074718947375	0.0	0.0	1	1.0240553425169427	0.06990815834207692	230.0	16	1.05	0.95				
	115	2	278.1396586129825	56.154379025964914	0.0	0.0	1	1.0425277749112862	9.412547578078026	230.0	16	1.05	0.95				
	116	2	87.74121722807018	17.548243445614037	0.0	0.0	1	1.0425070879562202	8.524252899027905	230.0	16	1.05	0.95				
	117	1	0.0	0.0	0.0	0.0	1	1.0466936018212156	12.488575082952087	230.0	17	1.05	0.95				
	118	2	292.17825336947374	59.664027715087734	0.0	0.0	1	1.05	13.578080008140534	230.0	17	1.05	0.95				
	119	1	158.81160318280703	32.46425037438597	0.0	0.0	1	1.037226380550683	6.675459242681664	230.0	15	1.05	0.95				
	120	1	112.30875805192983	22.81271647929825	0.0	0.0	1	1.0400383457149676	6.231594398909534	230.0	15	1.05	0.95				
	121	2	0.0	0.0	0.0	0.0	1	1.05	14.690085469186341	230.0	17	1.05	0.95				
	122	2	0.0	0.0	0.0	0.0	1	1.05	20.353001720218806	230.0	17	1.05	0.95				
	123	2	0.0	0.0	0.0	0.0	1	1.044137114482881	6.632591297080591	230.0	15	1.05	0.95				
	124	1	0.0	0.0	0.0	0.0	1	1.0206476440817356	5.192234244484108	230.0	16	1.05	0.95				
	201	2	89.06217536842107	18.142294982456143	0.0	0.0	2	1.05	-17.102962675252005	138.0	21	1.05	0.95				
	202	2	79.99102787719298	16.49299543859649	0.0	0.0	2	1.05	-17.225589132169794	138.0	22	1.05	0.95				
	203	1	148.43695894736842	30.512041561403507	0.0	0.0	2	1.0251762516459646	-12.15594888467303	138.0	21	1.05	0.95				
	204	1	61.02408312280701	12.36974657894737	0.0	0.0	2	1.0213801648378957	-18.399449515118857	138.0	21	1.05	0.95				
	205	1	58.550133807017545	11.545096807017545	0.0	0.0	2	1.0396027136625776	-19.00342351087013	138.0	21	1.05	0.95				
	206	1	112.15236898245615	23.09019361403509	0.0	-100.0	2	1.0387793953268436	-20.854276509681217	138.0	22	1.05	0.95				
	207	2	103.08122149122806	20.616244298245615	0.0	0.0	2	0.95	-31.91220370415094	138.0	22	1.05	0.95				
	208	1	141.015111	28.86274201754386	0.0	0.0	2	0.9554923097684007	-28.251910356037076	138.0	22	1.05	0.95				
	209	1	144.3137100877193	29.687391789473683	0.0	0.0	2	1.0244283948583468	-16.044009977234943	138.0	23	1.05	0.95				
	210	1	160.8067055263158	32.98599087719298	0.0	0.0	2	1.0499838086175817	-18.374748531406937	138.0	23	1.05	0.95				
	211	1	0.0	0.0	0.0	0.0	2	1.031438126900574	-10.603884776406934	230.0	23	1.05	0.95				
	212	1	0.0	0.0	0.0	0.0	2	1.0217109704339644	-9.285653954941276	230.0	23	1.05	0.95				
	213	2	218.5321895614035	44.53108768421053	0.0	0.0	2	1.05	-6.910183468654245	230.0	24	1.05	0.95				
	214	2	159.98205575438595	32.161341105263155	0.0	0.0	2	1.05	-7.528694995921928	230.0	26	1.05	0.95				
	215	2	261.4139777017544	52.77758540350877	0.0	0.0	2	1.044641271513998	2.274241947794417	230.0	26	1.05	0.95				
	216	2	82.46497719298246	16.49299543859649	0.0	0.0	2	1.0484236442487835	1.9362291583603326	230.0	26	1.05	0.95				
	217	1	0.0	0.0	0.0	0.0	2	1.0491870770810754	5.342953695309584	230.0	27	1.05	0.95				
	218	2	274.6083740526316	56.07618449122808	0.0	0.0	2	1.05	6.000376083832585	230.0	27	1.05	0.95				
	219	1	149.26160871929827	30.512041561403507	0.0	0.0	2	1.0430101566167107	1.3825850482210273	230.0	25	1.05	0.95				
	220	1	105.55517080701755	21.44089407017544	0.0	0.0	2	1.0457605140449102	2.4423787143871394	230.0	25	1.05	0.95				
	221	2	0.0	0.0	0.0	0.0	2	1.05	6.484505062806833	230.0	27	1.05	0.95				
	222	2	0.0	0.0	0.0	0.0	2	1.05	12.548525397912853	230.0	27	1.05	0.95				
	223	2	0.0	0.0	0.0	0.0	2	1.05	3.6213831133270653	230.0	25	1.05	0.95				
	224	1	0.0	0.0	0.0	0.0	2	1.0187798352240691	-3.0915646420694936	230.0	26	1.05	0.95				
	301	2	82.46061371368421	16.797532423157893	0.0	0.0	3	0.9734923308022543	-1.2521829073331194	138.0	31	1.05	0.95				
	302	2	74.06184750210527	15.270484021052633	0.0	0.0	3	0.9763213443112728	-1.4867602962995523	138.0	32	1.05	0.95				
	303	1	137.43435618947368	28.25039543894737	0.0	0.0	3	0.9941755067035146	2.881452114496554	138.0	31	1.05	0.95				
	304	1	56.50079087789474	11.452863015789472	0.0	0.0	3	0.9697184104534597	0.9284560901545108	138.0	31	1.05	0.95				
	305	1	54.21021827473683	10.689338814736843	0.0	0.0	3	0.980540340233734	0.8555155892182706	138.0	31	1.05	0.95				
	306	1	103.8392913431579	21.378677629473685	0.0	-100.0	3	0.9920835297549204	1.1440234084439815	138.0	32	1.05	0.95				
	307	2	95.44052513157895	19.088105026315787	0.0	0.0	3	0.95	-5.01814675321469	138.0	32	1.05	0.95				
	308	1	130.56263838	26.7233470368421	0.0	0.0	3	0.9556239666638326	-1.1421735485443079	138.0	32	1.05	0.95				
	309	1	133.6167351842105	27.486871237894732	0.0	0.0	3	0.9941601832828916	6.232888855281068	138.0	33	1.05	0.95				
	310	1	148.88721920526314	30.540968042105266	0.0	0.0	3	1.0123631805334135	5.60057291078033	138.0	33	1.05	0.95				
	311	1	0.0	0.0	0.0	0.0	3	0.9883829405578309	14.083467715229682	230.0	33	1.05	0.95				
	312	1	0.0	0.0	0.0	0.0	3	0.9932596428221335	15.64724143980783	230.0	33	1.05	0.95				
	313	2	202.33391327894736	41.230306856842105	0.0	0.0	3	1.022841578999284	24.248842983080863	230.0	34	1.05	0.95				
	314	2	148.12369500421053	29.77744384105263	0.0	0.0	3	0.9998764097551013	12.977815356573725	230.0	36	1.05	0.95				
	315	2	242.03717173368418	48.86554886736842	0.0	0.0	3	1.047067153517704	9.207218856414446	230.0	36	1.05	0.95				
	316	2	76.35242010526315	15.270484021052633	0.0	0.0	3	1.0427868967209506	10.600777001830663	230.0	36	1.05	0.95				
	317	1	0.0	0.0	0.0	0.0	3	1.0469349220190474	10.029081833726801	230.0	37	1.05	0.95				
	318	2	254.25355895052627	51.91964567157895	0.0	0.0	3	1.0469060672002137	9.102957488511022	230.0	37	1.05	0.95				
	319	1	138.1978803905263	28.25039543894737	0.0	0.0	3	1.0351588331172894	12.85740499811666	230.0	35	1.05	0.95				
	320	1	97.73109773473684	19.85162922736842	0.0	0.0	3	1.0331046467023186	14.891718559610176	230.0	35	1.05	0.95				
	321	2	0.0	0.0	0.0	0.0	3	1.05	10.66522953692258	230.0	37	1.05	0.95				
	322	2	0.0	0.0	0.0	0.0	3	1.05	14.759435716366465	230.0	37	1.05	0.95				
	323	2	0.0	0.0	0.0	0.0	3	1.0327712143572911	15.78229798392879	230.0	35	1.05	0.95				
	324	1	0.0	0.0	0.0	0.0	3	1.0209973630140055	8.76367407732526	230.0	36	1.05	0.95				
	325	1	0.0	0.0	0.0	0.0	3	1.0352570177094456	15.69781967270135	230.0	35	1.05	0.95				
];

%% generator data
%    bus    Pg    Qg    Qmax    Qmin    Vg    mBase    status    Pmax    Pmin    Pc1    Pc2    Qc1min    Qc1max    Qc2min    Qc2max    ramp_agc    ramp_10    ramp_30    ramp_q    apf
