%% MATPOWER Case Format : Version 2
function mpc = RTS_GMLC
mpc.version = '2';

%%-----  Power Flow Data  -----%%
%% system MVA base
mpc.baseMVA = 100.0;
%% bus data
%    bus_i    type    Pd    Qd    Gs    Bs    area    Vm    Va    baseKV    zone    Vmax    Vmin
mpc.bus = [
	101	2	62.30974763368421	12.69272636982456	0.0	0.0	1	1.0148685664315582	-1.3509673244400362	138.0	11	1.05	0.95				
	102	2	55.963384448771926	11.538842154385964	0.0	0.0	1	1.0139075030699816	-1.685154692240647	138.0	12	1.05	0.95				
	103	1	103.84957938947367	21.346857985614033	0.0	0.0	1	1.0200346982629462	-0.07771306472892471	138.0	11	1.05	0.95				
	104	1	42.693715971228066	8.654131615789474	0.0	0.0	1	1.0105220328252058	-4.285455875613862	138.0	11	1.05	0.95				
	105	1	40.962889648070174	8.077189508070177	0.0	0.0	1	1.024479290911807	-4.371437072980661	138.0	11	1.05	0.95				
	106	1	78.46412664982456	16.154379016140354	0.0	-100.0	1	1.0366740051773047	-6.650713977396861	138.0	12	1.05	0.95				
	107	2	72.11776346491227	14.423552692982454	0.0	0.0	1	0.9930413206668762	-14.092250103366752	138.0	12	1.05	0.95				
	108	1	98.65710041999999	20.19297377017544	0.0	0.0	1	0.9939155816371686	-11.937976818584918	138.0	12	1.05	0.95				
	109	1	100.96486885087718	20.769915877894736	0.0	0.0	1	1.0256799123368894	-4.017002585906333	138.0	13	1.05	0.95				
	110	1	112.50371100526316	23.07768430877193	0.0	0.0	1	1.05	-5.544635479530563	138.0	13	1.05	0.95				
	111	1	0.0	0.0	0.0	0.0	1	1.0239999211616737	-0.6028687288109121	230.0	13	1.05	0.95				
	112	1	0.0	0.0	0.0	0.0	1	1.0181570396124393	-0.8562803191955491	230.0	13	1.05	0.95				
	113	3	152.88965854561403	31.154873816842105	0.0	0.0	1	1.0134715718154792	8.863554742420805e-29	230.0	14	1.05	0.95				
	114	2	111.92676889754385	22.50074220105263	0.0	0.0	1	1.05	2.9177508721414904	230.0	16	1.05	0.95				
	115	2	182.89064814701752	36.924294894035086	0.0	0.0	1	1.0421292248190135	12.723440805882449	230.0	16	1.05	0.95				
	116	2	57.69421077192982	11.538842154385964	0.0	0.0	1	1.0450350298089193	11.565752602826937	230.0	16	1.05	0.95				
	117	1	0.0	0.0	0.0	0.0	1	1.0421592926153194	16.812519543238405	230.0	17	1.05	0.95				
	118	2	192.12172187052633	39.23206332491228	0.0	0.0	1	1.0489564806642588	17.04826059879999	230.0	17	1.05	0.95				
	119	1	104.42652149719298	21.346857985614033	0.0	0.0	1	1.0423936427970537	8.435403305995939	230.0	15	1.05	0.95				
	120	1	73.84858978807017	15.000494800701755	0.0	0.0	1	1.0465017119829185	6.804195680584696	230.0	15	1.05	0.95				
	121	2	0.0	0.0	0.0	0.0	1	1.0436308554600167	18.67576879906289	230.0	17	1.05	0.95				
	122	2	0.0	0.0	0.0	0.0	1	1.05	36.63385697486967	230.0	17	1.05	0.95				
	123	2	0.0	0.0	0.0	0.0	1	1.05	6.333769175955085	230.0	15	1.05	0.95				
	124	1	0.0	0.0	0.0	0.0	1	1.0177156315219773	7.976929266554353	230.0	16	1.05	0.95				
	201	2	65.19439633263158	13.280339993684208	0.0	0.0	2	1.0289490159028312	-14.442777222662373	138.0	21	1.05	0.95				
	202	2	58.55422633578946	12.073036357894736	0.0	0.0	2	1.029424522824183	-14.436170599867534	138.0	22	1.05	0.95				
	203	1	108.65732722105261	22.33511726210526	0.0	0.0	2	1.0157686885360853	-12.944623968619792	138.0	21	1.05	0.95				
	204	1	44.67023452421052	9.05477726842105	0.0	0.0	2	1.0161977117769327	-16.267304133319392	138.0	21	1.05	0.95				
	205	1	42.859279070526306	8.451125450526316	0.0	0.0	2	1.0317954022678015	-16.54000127923982	138.0	21	1.05	0.95				
	206	1	82.09664723368421	16.902250901052632	0.0	-100.0	2	1.040136348796379	-18.27403587795075	138.0	22	1.05	0.95				
	207	2	75.4564772368421	15.091295447368418	0.0	0.0	2	0.9884474697124157	-27.280842870020148	138.0	22	1.05	0.95				
	208	1	103.22446086	21.127813626315785	0.0	0.0	2	0.9884781064727538	-24.37589562127623	138.0	22	1.05	0.95				
	209	1	105.63906813157892	21.731465444210524	0.0	0.0	2	1.0238073432063821	-15.303363673587283	138.0	23	1.05	0.95				
	210	1	117.71210448947367	24.146072715789472	0.0	0.0	2	1.05	-16.74673958937557	138.0	23	1.05	0.95				
	211	1	0.0	0.0	0.0	0.0	2	1.0172188332489784	-11.424091887133358	230.0	23	1.05	0.95				
	212	1	0.0	0.0	0.0	0.0	2	1.0141698676167987	-10.194635667893495	230.0	23	1.05	0.95				
	213	2	159.96773174210523	32.59719816631579	0.0	0.0	2	1.0186116147776851	-9.677287039583126	230.0	24	1.05	0.95				
	214	2	117.10845267157892	23.542420897894733	0.0	0.0	2	1.0281387095649517	-8.384952752802802	230.0	26	1.05	0.95				
	215	2	191.35762627263156	38.63371634526315	0.0	0.0	2	1.0411538003383214	-0.38720621850523657	230.0	26	1.05	0.95				
	216	2	60.365181789473674	12.073036357894736	0.0	0.0	2	1.043833052800805	-0.42801842200276663	230.0	26	1.05	0.95				
	217	1	0.0	0.0	0.0	0.0	2	1.0473704027751047	2.4948413667194624	230.0	27	1.05	0.95				
	218	2	201.01605535894734	41.048323616842104	0.0	0.0	2	1.04763556941488	2.506785280294569	230.0	27	1.05	0.95				
	219	1	109.26097903894735	22.33511726210526	0.0	0.0	2	1.042493454956352	-0.3444375541029426	230.0	25	1.05	0.95				
	220	1	77.2674326905263	15.694947265263156	0.0	0.0	2	1.0462188710087874	0.8617311094745216	230.0	25	1.05	0.95				
	221	2	0.0	0.0	0.0	0.0	2	1.046865213502664	2.3136835686039428	230.0	27	1.05	0.95				
	222	2	0.0	0.0	0.0	0.0	2	1.05	8.894817402473642	230.0	27	1.05	0.95				
	223	2	0.0	0.0	0.0	0.0	2	1.05	1.9620628716530695	230.0	25	1.05	0.95				
	224	1	0.0	0.0	0.0	0.0	2	1.015870305430918	-5.028401297195516	230.0	26	1.05	0.95				
	301	2	50.70294212210526	10.328377098947369	0.0	0.0	3	1.013879030498624	-3.2614170474252906	138.0	31	1.05	0.95				
	302	2	45.53875357263158	9.38943372631579	0.0	0.0	3	1.012764477498911	-3.5329467230815452	138.0	32	1.05	0.95				
	303	1	84.50490353684211	17.37045239368421	0.0	0.0	3	1.0463938144840275	7.583973945384562	138.0	31	1.05	0.95				
	304	1	34.74090478736842	7.042075294736843	0.0	0.0	3	1.011816750941096	-2.3512155617927326	138.0	31	1.05	0.95				
	305	1	33.33248972842105	6.572603608421054	0.0	0.0	3	1.0261251948580283	-3.667969837131212	138.0	31	1.05	0.95				
	306	1	63.84814933894738	13.145207216842108	0.0	-100.0	3	1.0404346367855632	-4.450855267314936	138.0	32	1.05	0.95				
	307	2	58.68396078947369	11.736792157894737	0.0	0.0	3	0.9915536920519241	-9.509449599691832	138.0	32	1.05	0.95				
	308	1	80.27965836	16.43150902105263	0.0	0.0	3	0.996759885007625	-7.358857047563216	138.0	32	1.05	0.95				
	309	1	82.15754510526317	16.900980707368422	0.0	0.0	3	1.0257677888635888	0.5422329575036039	138.0	33	1.05	0.95				
	310	1	91.54697883157895	18.77886745263158	0.0	0.0	3	1.05	-2.566494770011361	138.0	33	1.05	0.95				
	311	1	0.0	0.0	0.0	0.0	3	1.0104358679464873	2.7721674631008764	230.0	33	1.05	0.95				
	312	1	0.0	0.0	0.0	0.0	3	1.0118236264901124	3.180602517412319	230.0	33	1.05	0.95				
	313	2	124.40999687368421	25.35147106105263	0.0	0.0	3	1.0103469544083103	5.74136173687542	230.0	34	1.05	0.95				
	314	2	91.07750714526316	18.30939576631579	0.0	0.0	3	1.012520420998371	4.049952182136788	230.0	36	1.05	0.95				
	315	2	148.8225245621053	30.04618792421053	0.0	0.0	3	1.0417608546778272	8.66603875188355	230.0	36	1.05	0.95				
	316	2	46.94716863157895	9.38943372631579	0.0	0.0	3	1.0382796042192677	8.655882219138611	230.0	36	1.05	0.95				
	317	1	0.0	0.0	0.0	0.0	3	1.05	13.48357627427635	230.0	37	1.05	0.95				
	318	2	156.3340715431579	31.92407466947369	0.0	0.0	3	1.0460988607695452	10.971566946726723	230.0	37	1.05	0.95				
	319	1	84.9743752231579	17.37045239368421	0.0	0.0	3	1.0288117965711407	7.573157163380193	230.0	35	1.05	0.95				
	320	1	60.09237584842106	12.206263844210527	0.0	0.0	3	1.0240668864218505	7.532974646844325	230.0	35	1.05	0.95				
	321	2	0.0	0.0	0.0	0.0	3	1.0458041129924054	10.837436872395426	230.0	37	1.05	0.95				
	322	2	0.0	0.0	0.0	0.0	3	1.05	16.21887254670278	230.0	37	1.05	0.95				
	323	2	0.0	0.0	0.0	0.0	3	1.0222056569619622	7.875224026198221	230.0	35	1.05	0.95				
	324	1	0.0	0.0	0.0	0.0	3	1.0388716992845957	8.25952207850778	230.0	36	1.05	0.95				
	325	1	0.0	0.0	0.0	0.0	3	1.021583043313124	8.79659797679543	230.0	35	1.05	0.95				
];
