%% MATPOWER Case Format : Version 2
function mpc = RTS_GMLC
mpc.version = '2';

%%-----  Power Flow Data  -----%%
%% system MVA base
mpc.baseMVA = 100.0;
%% bus data
%    bus_i    type    Pd    Qd    Gs    Bs    area    Vm    Va    baseKV    zone    Vmax    Vmin
mpc.bus = [
	101	2	73.11776346947369	14.894359225263157	0.0	0.0	1	1.0329567848617272	0.32129770316975953	138.0	11	1.05	0.95				
	102	2	65.6705838568421	13.540326568421055	0.0	0.0	1	1.0328984768671883	0.2352430925625834	138.0	12	1.05	0.95				
	103	1	121.86293911578947	25.049604151578947	0.0	0.0	1	1.0218570659587503	-0.29829516077428	138.0	11	1.05	0.95				
	104	1	50.099208303157894	10.155244926315788	0.0	0.0	1	1.0173113996344916	-3.018706321688618	138.0	11	1.05	0.95				
	105	1	48.06815931789474	9.478228597894738	0.0	0.0	1	1.0321789592451793	-3.052954455491649	138.0	11	1.05	0.95				
	106	1	92.07422066526317	18.956457195789476	0.0	-100.0	1	1.0381128816702512	-5.563671385944979	138.0	12	1.05	0.95				
	107	2	84.62704105263158	16.925408210526317	0.0	0.0	1	1.044055617783015	-3.6587534053488224	138.0	12	1.05	0.95				
	108	1	115.76979216000001	23.695571494736843	0.0	0.0	1	1.0241959709052004	-5.760912513977185	138.0	12	1.05	0.95				
	109	1	118.47785747368422	24.372587823157893	0.0	0.0	1	1.0260017642298578	-3.011161139494899	138.0	13	1.05	0.95				
	110	1	132.01818404210525	27.08065313684211	0.0	0.0	1	1.05	-4.338534205586744	138.0	13	1.05	0.95				
	111	1	0.0	0.0	0.0	0.0	1	1.011890439529248	-0.5085858037146694	230.0	13	1.05	0.95				
	112	1	0.0	0.0	0.0	0.0	1	1.0147555453091672	-0.22132616494077792	230.0	13	1.05	0.95				
	113	3	179.40932703157895	36.55888173473684	0.0	0.0	1	1.0091089298678708	-7.34828714647968e-28	230.0	14	1.05	0.95				
	114	2	131.3411677136842	26.403636808421055	0.0	0.0	1	1.0151783274075736	2.272244820682032	230.0	16	1.05	0.95				
	115	2	214.61417610947368	43.32904501894737	0.0	0.0	1	1.0439185542420764	11.148193543048418	230.0	16	1.05	0.95				
	116	2	67.70163284210527	13.540326568421055	0.0	0.0	1	1.0408793861693517	10.268347245818367	230.0	16	1.05	0.95				
	117	1	0.0	0.0	0.0	0.0	1	1.0429748530428542	14.284519349163226	230.0	17	1.05	0.95				
	118	2	225.44643736421054	46.037110332631585	0.0	0.0	1	1.0493750808306863	14.162061410316781	230.0	17	1.05	0.95				
	119	1	122.53995544421052	25.049604151578947	0.0	0.0	1	1.034410573082702	7.944059140931191	230.0	15	1.05	0.95				
	120	1	86.65809003789474	17.60242453894737	0.0	0.0	1	1.0353857249191059	7.200354599343396	230.0	15	1.05	0.95				
	121	2	0.0	0.0	0.0	0.0	1	1.05	15.622842364636575	230.0	17	1.05	0.95				
	122	2	0.0	0.0	0.0	0.0	1	1.05	31.64275535942116	230.0	17	1.05	0.95				
	123	2	0.0	0.0	0.0	0.0	1	1.0375459812736019	7.297025558491505	230.0	15	1.05	0.95				
	124	1	0.0	0.0	0.0	0.0	1	1.0213225212134458	6.906396310701174	230.0	16	1.05	0.95				
	201	2	75.64929953684211	15.410042498245613	0.0	0.0	2	1.0364376218786548	-13.93414575669013	138.0	21	1.05	0.95				
	202	2	67.9442782877193	14.00912954385965	0.0	0.0	2	1.0365761530685922	-14.05637259115921	138.0	22	1.05	0.95				
	203	1	126.08216589473685	25.916889656140352	0.0	0.0	2	1.024679667744304	-9.84147695570162	138.0	21	1.05	0.95				
	204	1	51.833779312280704	10.506847157894736	0.0	0.0	2	1.0177197707943144	-15.888700521178027	138.0	21	1.05	0.95				
	205	1	49.73240988070175	9.806390680701755	0.0	0.0	2	1.0341833490007541	-16.385034679822617	138.0	21	1.05	0.95				
	206	1	95.26208089824561	19.61278136140351	0.0	-100.0	2	1.0389295385450255	-18.42472966240803	138.0	22	1.05	0.95				
	207	2	87.5570596491228	17.51141192982456	0.0	0.0	2	0.9699806827051257	-28.862151134912953	138.0	22	1.05	0.95				
	208	1	119.7780576	24.515976701754383	0.0	0.0	2	0.9728006444533402	-25.41016806564328	138.0	22	1.05	0.95				
	209	1	122.57988350877191	25.216433178947366	0.0	0.0	2	1.0242047977090036	-14.552159386333726	138.0	23	1.05	0.95				
	210	1	136.58901305263157	28.0182590877193	0.0	0.0	2	1.05	-16.669579999035168	138.0	23	1.05	0.95				
	211	1	0.0	0.0	0.0	0.0	2	1.0247523124852496	-10.412676871072167	230.0	23	1.05	0.95				
	212	1	0.0	0.0	0.0	0.0	2	1.0190435715064938	-9.462085565574608	230.0	23	1.05	0.95				
	213	2	185.62096645614034	37.824649768421054	0.0	0.0	2	1.031426618420041	-8.230750488841128	230.0	24	1.05	0.95				
	214	2	135.8885565754386	27.317802610526314	0.0	0.0	2	1.0408157663634816	-7.262989454650767	230.0	26	1.05	0.95				
	215	2	222.04470327017543	44.829214540350875	0.0	0.0	2	1.044140141621952	1.9325337551856954	230.0	26	1.05	0.95				
	216	2	70.04564771929824	14.00912954385965	0.0	0.0	2	1.047287602191403	1.4996563896867157	230.0	26	1.05	0.95				
	217	1	0.0	0.0	0.0	0.0	2	1.0480684579779207	5.071689676368516	230.0	27	1.05	0.95				
	218	2	233.2520069052632	47.63104044912281	0.0	0.0	2	1.0499201763301897	5.673017034186413	230.0	27	1.05	0.95				
	219	1	126.78262237192983	25.916889656140352	0.0	0.0	2	1.0436749922976292	0.5898747100559055	230.0	25	1.05	0.95				
	220	1	89.65842908070175	18.211868407017544	0.0	0.0	2	1.0465302929316236	1.1093960787553596	230.0	25	1.05	0.95				
	221	2	0.0	0.0	0.0	0.0	2	1.05	5.8283846859682855	230.0	27	1.05	0.95				
	222	2	0.0	0.0	0.0	0.0	2	1.05	12.043357995026568	230.0	27	1.05	0.95				
	223	2	0.0	0.0	0.0	0.0	2	1.05	1.9039028129616655	230.0	25	1.05	0.95				
	224	1	0.0	0.0	0.0	0.0	2	1.0220790839574914	-2.4422967105193716	230.0	26	1.05	0.95				
	301	2	73.73109774315789	15.019297688421052	0.0	0.0	3	1.0157828323023632	-14.84555373457204	138.0	31	1.05	0.95				
	302	2	66.22144889894737	13.653906989473683	0.0	0.0	3	1.014223120478878	-15.159706379999927	138.0	32	1.05	0.95				
	303	1	122.88516290526314	25.259727930526317	0.0	0.0	3	1.0481426995329641	-1.092613400661852	138.0	31	1.05	0.95				
	304	1	50.519455861052634	10.240430242105262	0.0	0.0	3	1.0083379989358243	-13.027504372621541	138.0	31	1.05	0.95				
	305	1	48.47136981263157	9.55773489263158	0.0	0.0	3	1.0238766320857773	-14.860328433058589	138.0	31	1.05	0.95				
	306	1	92.84656752842105	19.11546978526316	0.0	-100.0	3	1.0344563513273353	-15.611516428499007	138.0	32	1.05	0.95				
	307	2	85.33691868421052	17.067383736842103	0.0	0.0	3	0.9778032206476144	-23.159386347966823	138.0	32	1.05	0.95				
	308	1	116.74090475999999	23.894337231578945	0.0	0.0	3	0.9798487472142735	-19.836461070722986	138.0	32	1.05	0.95				
	309	1	119.47168615789472	24.57703258105263	0.0	0.0	3	1.0281300215291067	-8.502926831587999	138.0	33	1.05	0.95				
	310	1	133.1255931473684	27.307813978947365	0.0	0.0	3	1.05	-12.68937970230041	138.0	33	1.05	0.95				
	311	1	0.0	0.0	0.0	0.0	3	1.0222151607251726	-5.64944340795873	230.0	33	1.05	0.95				
	312	1	0.0	0.0	0.0	0.0	3	1.0225495500078372	-5.037963259184532	230.0	33	1.05	0.95				
	313	2	180.91426761052628	36.865548871578945	0.0	0.0	3	1.0307520468494755	-2.2027518899973155	230.0	34	1.05	0.95				
	314	2	132.44289779789474	26.625118629473683	0.0	0.0	3	1.032036367528362	-3.777458383632036	230.0	36	1.05	0.95				
	315	2	216.41442578315787	43.692502366315786	0.0	0.0	3	1.0499994253113123	0.21461322769295693	230.0	36	1.05	0.95				
	316	2	68.26953494736841	13.653906989473683	0.0	0.0	3	1.0476904192467624	0.3681220813751239	230.0	36	1.05	0.95				
	317	1	0.0	0.0	0.0	0.0	3	1.0497351209495154	1.9115703815726446	230.0	37	1.05	0.95				
	318	2	227.33755137473685	46.423283764210524	0.0	0.0	3	1.0479116875572088	1.4887290285953845	230.0	37	1.05	0.95				
	319	1	123.56785825473683	25.259727930526317	0.0	0.0	3	1.0436780458405273	-0.08596246371247857	230.0	35	1.05	0.95				
	320	1	87.38500473263157	17.75007908631579	0.0	0.0	3	1.0443732920929536	0.1613737189641473	230.0	35	1.05	0.95				
	321	2	0.0	0.0	0.0	0.0	3	1.05	2.580040266255577	230.0	37	1.05	0.95				
	322	2	0.0	0.0	0.0	0.0	3	1.05	6.664546367258464	230.0	37	1.05	0.95				
	323	2	0.0	0.0	0.0	0.0	3	1.0461115668862073	0.6540386027202633	230.0	35	1.05	0.95				
	324	1	0.0	0.0	0.0	0.0	3	1.0460337236480115	0.753751578798949	230.0	36	1.05	0.95				
	325	1	0.0	0.0	0.0	0.0	3	1.0419905782935752	1.8882702822734339	230.0	35	1.05	0.95				
];
