%% MATPOWER Case Format : Version 2
function mpc = RTS_GMLC
mpc.version = '2';

%%-----  Power Flow Data  -----%%
%% system MVA base
mpc.baseMVA = 100.0;
%% bus data
%    bus_i    type    Pd    Qd    Gs    Bs    area    Vm    Va    baseKV    zone    Vmax    Vmin
mpc.bus = [
	101	2	83.4581890231579	17.00074220842105	0.0	0.0	1	1.0346801299786403	-3.4416989105572946	138.0	11	1.05	0.95				
	102	2	74.95781791894737	15.455220189473684	0.0	0.0	1	1.0347037797230685	-3.4890195155413815	138.0	12	1.05	0.95				
	103	1	139.09698170526318	28.592157350526314	0.0	0.0	1	1.0194449989243126	-4.242669858100295	138.0	11	1.05	0.95				
	104	1	57.18431470105263	11.591415142105262	0.0	0.0	1	1.0167158260185905	-6.275621743351921	138.0	11	1.05	0.95				
	105	1	54.86603167263158	10.81865413263158	0.0	0.0	1	1.032112421350207	-6.290665311193552	138.0	11	1.05	0.95				
	106	1	105.09549728842107	21.63730826526316	0.0	-100.0	1	1.0360929121999318	-8.586384274073888	138.0	12	1.05	0.95				
	107	2	96.59512618421053	19.319025236842105	0.0	0.0	1	1.0472071464408395	-3.813436143480639	138.0	12	1.05	0.95				
	108	1	132.14213261999998	27.046635331578944	0.0	0.0	1	1.0231295264402163	-7.162404130052273	138.0	12	1.05	0.95				
	109	1	135.23317665789475	27.81939634105263	0.0	0.0	1	1.0268725097442077	-5.434588403237641	138.0	13	1.05	0.95				
	110	1	150.6883968473684	30.910440378947367	0.0	0.0	1	1.05	-6.746029688720193	138.0	13	1.05	0.95				
	111	1	0.0	0.0	0.0	0.0	1	1.015102111206197	-2.3462090476846793	230.0	13	1.05	0.95				
	112	1	0.0	0.0	0.0	0.0	1	1.0170014813132777	-1.2149869964234274	230.0	13	1.05	0.95				
	113	3	204.7816675105263	41.72909451157895	0.0	0.0	1	1.0180483216886638	-5.683830664930266e-26	230.0	14	1.05	0.95				
	114	2	149.91563583789474	30.137679369473684	0.0	0.0	1	1.0179013685948721	-0.6258380518521757	230.0	16	1.05	0.95				
	115	2	244.9652400031579	49.45670460631579	0.0	0.0	1	1.0449273473729814	6.62993384247832	230.0	16	1.05	0.95				
	116	2	77.27610094736842	15.455220189473684	0.0	0.0	1	1.0434119999910352	6.481073165504867	230.0	16	1.05	0.95				
	117	1	0.0	0.0	0.0	0.0	1	1.0472159115385367	9.193681250026943	230.0	17	1.05	0.95				
	118	2	257.32941615473686	52.547748644210536	0.0	0.0	1	1.0490000122577816	9.6995381899278	230.0	17	1.05	0.95				
	119	1	139.86974271473684	28.592157350526314	0.0	0.0	1	1.0381131984650198	5.695484155196602	230.0	15	1.05	0.95				
	120	1	98.91340921263158	20.09178624631579	0.0	0.0	1	1.0403873300967859	6.465717369253613	230.0	15	1.05	0.95				
	121	2	0.0	0.0	0.0	0.0	1	1.05	10.333455154283298	230.0	17	1.05	0.95				
	122	2	0.0	0.0	0.0	0.0	1	1.05	16.428214754512467	230.0	17	1.05	0.95				
	123	2	0.0	0.0	0.0	0.0	1	1.0440073819798694	7.455877659450737	230.0	15	1.05	0.95				
	124	1	0.0	0.0	0.0	0.0	1	1.0217775261262891	2.615757411620333	230.0	16	1.05	0.95				
	201	2	82.7892334231579	16.864473475087717	0.0	0.0	2	1.0416584881084672	-8.17290564173367	138.0	21	1.05	0.95				
	202	2	74.35699668561404	15.331339522807019	0.0	0.0	2	1.0417117320435498	-8.287805088613714	138.0	22	1.05	0.95				
	203	1	137.98205570526315	28.362978117192984	0.0	0.0	2	1.0277260809542617	-6.099438959102433	138.0	21	1.05	0.95				
	204	1	56.72595623438597	11.498504642105262	0.0	0.0	2	1.0200440012211187	-9.889863724339902	138.0	21	1.05	0.95				
	205	1	54.42625530596491	10.731937665964914	0.0	0.0	2	1.0361014165441333	-10.196153719885066	138.0	21	1.05	0.95				
	206	1	104.25310875508774	21.463875331929827	0.0	-100.0	2	1.038433788402632	-12.059032303307843	138.0	22	1.05	0.95				
	207	2	95.82087201754386	19.16417440350877	0.0	0.0	2	0.9555917343512983	-23.620681875451762	138.0	22	1.05	0.95				
	208	1	131.08295292	26.829844164912274	0.0	0.0	2	0.9612793141270937	-19.77629324157268	138.0	22	1.05	0.95				
	209	1	134.1492208245614	27.59641114105263	0.0	0.0	2	1.0265821847541556	-8.115076848446588	138.0	23	1.05	0.95				
	210	1	149.4805603473684	30.662679045614038	0.0	0.0	2	1.05	-9.85134799106894	138.0	23	1.05	0.95				
	211	1	0.0	0.0	0.0	0.0	2	1.027668989406386	-3.494723965839261	230.0	23	1.05	0.95				
	212	1	0.0	0.0	0.0	0.0	2	1.0241763321308632	-0.43054290102374376	230.0	23	1.05	0.95				
	213	2	203.14024867719297	41.39461671157895	0.0	0.0	2	1.0404966130246593	0.4650902418239578	230.0	24	1.05	0.95				
	214	2	148.71399337122807	29.896112069473684	0.0	0.0	2	1.0416754112624869	-1.6447542597987097	230.0	26	1.05	0.95				
	215	2	243.0017314364912	49.060286472982455	0.0	0.0	2	1.0444791259593835	5.421729870006831	230.0	26	1.05	0.95				
	216	2	76.65669761403508	15.331339522807019	0.0	0.0	2	1.0476487295192527	5.690255954526463	230.0	26	1.05	0.95				
	217	1	0.0	0.0	0.0	0.0	2	1.049170578706027	8.487580008036721	230.0	27	1.05	0.95				
	218	2	255.26680305473684	52.12655437754387	0.0	0.0	2	1.049999998040322	9.247486404651509	230.0	27	1.05	0.95				
	219	1	138.7486226814035	28.362978117192984	0.0	0.0	2	1.0430502673891853	5.558715480930721	230.0	25	1.05	0.95				
	220	1	98.12057294596491	19.930741379649124	0.0	0.0	2	1.045866984294538	6.878749179991432	230.0	25	1.05	0.95				
	221	2	0.0	0.0	0.0	0.0	2	1.05	9.693864064517046	230.0	27	1.05	0.95				
	222	2	0.0	0.0	0.0	0.0	2	1.05	15.73244722309564	230.0	27	1.05	0.95				
	223	2	0.0	0.0	0.0	0.0	2	1.05	8.15855101413367	230.0	25	1.05	0.95				
	224	1	0.0	0.0	0.0	0.0	2	1.023756682813512	1.1302153536379025	230.0	26	1.05	0.95				
	301	2	70.67320469052632	14.396393548070174	0.0	0.0	3	1.0112860643309591	-17.631219529654935	138.0	31	1.05	0.95				
	302	2	63.47500791649122	13.087630498245614	0.0	0.0	3	1.010193247909909	-17.89986967637028	138.0	32	1.05	0.95				
	303	1	117.7886744842105	24.212116421754384	0.0	0.0	3	1.0220056584618284	-10.83690829140292	138.0	31	1.05	0.95				
	304	1	48.42423284350877	9.815722873684209	0.0	0.0	3	1.006594354274468	-16.330796971595664	138.0	31	1.05	0.95				
	305	1	46.461088268771924	9.16134134877193	0.0	0.0	3	1.0216266496347943	-16.879376238312418	138.0	31	1.05	0.95				
	306	1	88.99588738807017	18.32268269754386	0.0	-100.0	3	1.0341906950329705	-17.188483981200665	138.0	32	1.05	0.95				
	307	2	81.79769061403508	16.359538122807017	0.0	0.0	3	1.005373958874172	-19.34227094910703	138.0	32	1.05	0.95				
	308	1	111.89924076	22.90335337192982	0.0	0.0	3	1.0013556889733888	-18.694818150681463	138.0	32	1.05	0.95				
	309	1	114.51676685964911	23.557734896842103	0.0	0.0	3	1.0262891547696633	-12.369945457365697	138.0	33	1.05	0.95				
	310	1	127.60439735789473	26.17526099649123	0.0	0.0	3	1.05	-14.02809416874198	138.0	33	1.05	0.95				
	311	1	0.0	0.0	0.0	0.0	3	1.017100020836927	-7.165085689010905	230.0	33	1.05	0.95				
	312	1	0.0	0.0	0.0	0.0	3	1.017127942616505	-6.621932883816819	230.0	33	1.05	0.95				
	313	2	173.41110410175435	35.33660234526316	0.0	0.0	3	1.0259084770598148	-3.0487285328639255	230.0	34	1.05	0.95				
	314	2	126.95001583298244	25.520879471578944	0.0	0.0	3	1.0265807835648324	-4.787000275670456	230.0	36	1.05	0.95				
	315	2	207.43894339719296	41.88041759438596	0.0	0.0	3	1.045731903766688	0.3523560706518933	230.0	36	1.05	0.95				
	316	2	65.43815249122807	13.087630498245614	0.0	0.0	3	1.0432449457482578	0.1968545277182554	230.0	36	1.05	0.95				
	317	1	0.0	0.0	0.0	0.0	3	1.0465141402155995	2.420093933357032	230.0	37	1.05	0.95				
	318	2	217.90904779578946	44.49794369403509	0.0	0.0	3	1.047394741128535	2.7425725694190217	230.0	37	1.05	0.95				
	319	1	118.4430560091228	24.212116421754384	0.0	0.0	3	1.0385583003258552	-0.42664415628770225	230.0	35	1.05	0.95				
	320	1	83.76083518877192	17.013919647719298	0.0	0.0	3	1.0383808753355084	-0.389153195858357	230.0	35	1.05	0.95				
	321	2	0.0	0.0	0.0	0.0	3	1.05	3.8531202022279096	230.0	37	1.05	0.95				
	322	2	0.0	0.0	0.0	0.0	3	1.05	9.065511768789834	230.0	37	1.05	0.95				
	323	2	0.0	0.0	0.0	0.0	3	1.039513077240096	-0.017325863596694423	230.0	35	1.05	0.95				
	324	1	0.0	0.0	0.0	0.0	3	1.024356591213221	-2.7510907999293837	230.0	36	1.05	0.95				
	325	1	0.0	0.0	0.0	0.0	3	1.0381577929272603	0.8523328556054891	230.0	35	1.05	0.95				
];
