%% MATPOWER Case Format : Version 2
function mpc = RTS_GMLC
mpc.version = '2';

%%-----  Power Flow Data  -----%%
%% system MVA base
mpc.baseMVA = 100.0;
%% bus data
%    bus_i    type    Pd    Qd    Gs    Bs    area    Vm    Va    baseKV    zone    Vmax    Vmin
mpc.bus = [
	101	2	94.85403264000001	19.32211776	0.0	0.0	1	1.045412810119707	-1.5719109663281243	138.0	11	1.05	0.95				
	102	2	85.19297376	17.565561600000002	0.0	0.0	1	1.0451956132621947	-1.7319599517585702	138.0	12	1.05	0.95				
	103	1	158.0900544	32.49628896	0.0	0.0	1	1.018693215018718	-2.4854668076212367	138.0	11	1.05	0.95				
	104	1	64.99257792	13.174171200000002	0.0	0.0	1	1.0214769388989131	-5.192813800913309	138.0	11	1.05	0.95				
	105	1	62.35774368	12.295893120000002	0.0	0.0	1	1.035345725405356	-5.67004119826313	138.0	11	1.05	0.95				
	106	1	119.44581888	24.591786240000005	0.0	-100.0	1	1.0346775590495947	-8.775525304629065	138.0	12	1.05	0.95				
	107	2	109.78476000000002	21.956952	0.0	0.0	1	1.05	-7.40262746810061	138.0	12	1.05	0.95				
	108	1	150.18555168	30.739732800000002	0.0	0.0	1	1.0216823151381678	-9.63427470899156	138.0	12	1.05	0.95				
	109	1	153.698664	31.618010880000003	0.0	0.0	1	1.0267318849975902	-5.433533438595064	138.0	13	1.05	0.95				
	110	1	171.2642256	35.131123200000005	0.0	0.0	1	1.05	-7.118799239907608	138.0	13	1.05	0.95				
	111	1	0.0	0.0	0.0	0.0	1	1.0187744990536882	-2.1171642164466467	230.0	13	1.05	0.95				
	112	1	0.0	0.0	0.0	0.0	1	1.0190771242557835	-1.4292779843495664	230.0	13	1.05	0.95				
	113	3	232.7436912	47.42701632000001	0.0	0.0	1	1.0226268994612355	-7.863400256474276e-30	230.0	14	1.05	0.95				
	114	2	170.38594752	34.25284512	0.0	0.0	1	1.0259801403778914	0.1709665239397147	230.0	16	1.05	0.95				
	115	2	278.41415136	56.209797120000005	0.0	0.0	1	1.0410327008769715	9.768770522058768	230.0	16	1.05	0.95				
	116	2	87.827808	17.565561600000002	0.0	0.0	1	1.041020110992068	8.816613705841267	230.0	16	1.05	0.95				
	117	1	0.0	0.0	0.0	0.0	1	1.0439841411714144	13.051012773540112	230.0	17	1.05	0.95				
	118	2	292.46660064	59.72290944	0.0	0.0	1	1.0498878479129554	13.298041726851464	230.0	17	1.05	0.95				
	119	1	158.96833248000002	32.49628896	0.0	0.0	1	1.0361559935218612	6.730838839427765	230.0	15	1.05	0.95				
	120	1	112.41959424000001	22.835230080000002	0.0	0.0	1	1.039986741824445	6.302053479136228	230.0	15	1.05	0.95				
	121	2	0.0	0.0	0.0	0.0	1	1.05	15.28349310794722	230.0	17	1.05	0.95				
	122	2	0.0	0.0	0.0	0.0	1	1.05	28.435414476826384	230.0	17	1.05	0.95				
	123	2	0.0	0.0	0.0	0.0	1	1.0446525681065024	6.711653654235503	230.0	15	1.05	0.95				
	124	1	0.0	0.0	0.0	0.0	1	1.0172989780213477	5.227223390229453	230.0	16	1.05	0.95				
	201	2	94.70612307789474	19.291988034385966	0.0	0.0	2	1.05	-15.596483139394381	138.0	21	1.05	0.95				
	202	2	85.06012906070175	17.538170940350877	0.0	0.0	2	1.05	-15.69607093246374	138.0	22	1.05	0.95				
	203	1	157.84353846315787	32.44561623964912	0.0	0.0	2	1.0246734772876795	-11.171949178979041	138.0	21	1.05	0.95				
	204	1	64.89123247929824	13.153628205263157	0.0	0.0	2	1.0206866844078173	-16.577969493279017	138.0	21	1.05	0.95				
	205	1	62.26050683824561	12.276719658245614	0.0	0.0	2	1.0386288643901274	-17.156509903584173	138.0	21	1.05	0.95				
	206	1	119.25956239438598	24.55343931649123	0.0	-100.0	2	1.036854635226959	-18.85945139581574	138.0	22	1.05	0.95				
	207	2	109.61356837719298	21.922713675438597	0.0	0.0	2	0.95	-29.144072679927213	138.0	22	1.05	0.95				
	208	1	149.95136154	30.691799145614034	0.0	0.0	2	0.9543140655919422	-25.866134644706193	138.0	22	1.05	0.95				
	209	1	153.4589957280702	31.568707692631577	0.0	0.0	2	1.0252978047647994	-13.768469723649256	138.0	23	1.05	0.95				
	210	1	170.99716666842104	35.076341880701754	0.0	0.0	2	1.0494333017801052	-16.009421294295006	138.0	23	1.05	0.95				
	211	1	0.0	0.0	0.0	0.0	2	1.0328544737689866	-9.133871293987534	230.0	23	1.05	0.95				
	212	1	0.0	0.0	0.0	0.0	2	1.0259218442259204	-4.57981271762331	230.0	23	1.05	0.95				
	213	2	232.38076495964913	47.35306153894737	0.0	0.0	2	1.05	-5.805434711671607	230.0	24	1.05	0.95				
	214	2	170.1202581214035	34.19943333368421	0.0	0.0	2	1.05	-6.557457762713025	230.0	26	1.05	0.95				
	215	2	277.9800094045614	56.122147009122806	0.0	0.0	2	1.0444005475862306	2.654726256755268	230.0	26	1.05	0.95				
	216	2	87.69085470175439	17.538170940350877	0.0	0.0	2	1.0482496215138262	2.5171636751100848	230.0	26	1.05	0.95				
	217	1	0.0	0.0	0.0	0.0	2	1.049316303400127	5.680048747660311	230.0	27	1.05	0.95				
	218	2	292.0105461568421	59.62978119719299	0.0	0.0	2	1.05	6.257259424493777	230.0	27	1.05	0.95				
	219	1	158.72044701017543	32.44561623964912	0.0	0.0	2	1.042219477137043	2.363229797090885	230.0	25	1.05	0.95				
	220	1	112.24429401824561	22.79962222245614	0.0	0.0	2	1.0451501061505073	3.8701341349578398	230.0	25	1.05	0.95				
	221	2	0.0	0.0	0.0	0.0	2	1.05	6.785689012735709	230.0	27	1.05	0.95				
	222	2	0.0	0.0	0.0	0.0	2	1.05	12.8638394515856	230.0	27	1.05	0.95				
	223	2	0.0	0.0	0.0	0.0	2	1.05	5.330710350008317	230.0	25	1.05	0.95				
	224	1	0.0	0.0	0.0	0.0	2	1.0193525416954652	-2.4849069412291285	230.0	26	1.05	0.95				
	301	2	79.91521669894738	16.27902562385965	0.0	0.0	3	1.0036926304568459	-3.764782496021735	138.0	31	1.05	0.95				
	302	2	71.77570388701754	14.799114203508774	0.0	0.0	3	1.0039511480207723	-3.9486276888731027	138.0	32	1.05	0.95				
	303	1	133.19202783157894	27.378361276491226	0.0	0.0	3	1.0237194175842774	4.650998125268069	138.0	31	1.05	0.95				
	304	1	54.75672255298245	11.099335652631579	0.0	0.0	3	0.9973976001722956	-1.4259790024177843	138.0	31	1.05	0.95				
	305	1	52.53685542245614	10.359379942456142	0.0	0.0	3	1.0110007946893906	-2.132674433053328	138.0	31	1.05	0.95				
	306	1	100.63397658385966	20.718759884912284	0.0	-100.0	3	1.022227541884628	-2.0295111261812595	138.0	32	1.05	0.95				
	307	2	92.49446377192983	18.498892754385963	0.0	0.0	3	0.9744840063144319	-8.55026795971792	138.0	32	1.05	0.95				
	308	1	126.53242644	25.89844985614035	0.0	0.0	3	0.9788753009000757	-4.963798504668221	138.0	32	1.05	0.95				
	309	1	129.49224928070174	26.638405566315786	0.0	0.0	3	1.0200777329304238	3.6982309737636934	138.0	33	1.05	0.95				
	310	1	144.29136348421054	29.598228407017547	0.0	0.0	3	1.0405422729625697	1.9186435437141383	138.0	33	1.05	0.95				
	311	1	0.0	0.0	0.0	0.0	3	1.0133261971561418	9.98077857877073	230.0	33	1.05	0.95				
	312	1	0.0	0.0	0.0	0.0	3	1.0152995976877024	10.864511945506129	230.0	33	1.05	0.95				
	313	2	196.08826319649123	39.95760834947369	0.0	0.0	3	1.036788274151477	17.103367146245827	230.0	34	1.05	0.95				
	314	2	143.55140777403508	28.858272696842107	0.0	0.0	3	1.0221813083460833	10.712981255774046	230.0	36	1.05	0.95				
	315	2	234.56596012561403	47.35716545122807	0.0	0.0	3	1.0438069047081446	10.146960724170837	230.0	36	1.05	0.95				
	316	2	73.99557101754385	14.799114203508774	0.0	0.0	3	1.042248972355965	11.226258950878544	230.0	36	1.05	0.95				
	317	1	0.0	0.0	0.0	0.0	3	1.0499999866670984	12.934359538105793	230.0	37	1.05	0.95				
	318	2	246.40525148842104	50.31698829192983	0.0	0.0	3	1.0474297725475918	11.095124283914114	230.0	37	1.05	0.95				
	319	1	133.9319835417544	27.378361276491226	0.0	0.0	3	1.0374942705411176	12.002704766935873	230.0	35	1.05	0.95				
	320	1	94.71433090245614	19.238848464561404	0.0	0.0	3	1.0370239641637324	12.869799947792707	230.0	35	1.05	0.95				
	321	2	0.0	0.0	0.0	0.0	3	1.04780390351364	11.795498898064162	230.0	37	1.05	0.95				
	322	2	0.0	0.0	0.0	0.0	3	1.05	16.587007145496838	230.0	37	1.05	0.95				
	323	2	0.0	0.0	0.0	0.0	3	1.0373682737750385	13.280642145639927	230.0	35	1.05	0.95				
	324	1	0.0	0.0	0.0	0.0	3	1.0308816267124714	9.921016854098685	230.0	36	1.05	0.95				
	325	1	0.0	0.0	0.0	0.0	3	1.0388995484304233	13.456229327933539	230.0	35	1.05	0.95				
];

%% generator data
%    bus    Pg    Qg    Qmax    Qmin    Vg    mBase    status    Pmax    Pmin    Pc1    Pc2    Qc1min    Qc1max    Qc2min    Qc2max    ramp_agc    ramp_10    ramp_30    ramp_q    apf
