%% MATPOWER Case Format : Version 2
function mpc = RTS_GMLC
mpc.version = '2';

%%-----  Power Flow Data  -----%%
%% system MVA base
mpc.baseMVA = 100.0;
%% bus data
%    bus_i    type    Pd    Qd    Gs    Bs    area    Vm    Va    baseKV    zone    Vmax    Vmin
mpc.bus = [
	101	2	73.01088568421054	14.872587824561403	0.0	0.0	1	1.032435422016866	-0.5120253006733895	138.0	11	1.05	0.95				
	102	2	65.57459177192982	13.520534385964913	0.0	0.0	1	1.0324613547087345	-0.5552952226045785	138.0	12	1.05	0.95				
	103	1	121.68480947368423	25.012988614035088	0.0	0.0	1	1.0220343314051992	-1.7302993539563019	138.0	11	1.05	0.95				
	104	1	50.025977228070175	10.140400789473684	0.0	0.0	1	1.0173395021236566	-3.567949399756633	138.0	11	1.05	0.95				
	105	1	47.99789707017544	9.46437407017544	0.0	0.0	1	1.0321662330828907	-3.5271618514396272	138.0	11	1.05	0.95				
	106	1	91.93963382456141	18.92874814035088	0.0	-100.0	1	1.0382733472526573	-5.8314081834057045	138.0	12	1.05	0.95				
	107	2	84.50333991228071	16.90066798245614	0.0	0.0	1	1.0471597840826008	-1.3329686072825198	138.0	12	1.05	0.95				
	108	1	115.600569	23.660935175438595	0.0	0.0	1	1.0258923926521846	-4.492566847893674	138.0	12	1.05	0.95				
	109	1	118.30467587719298	24.33696189473684	0.0	0.0	1	1.0265095199498442	-3.2963960536704504	138.0	13	1.05	0.95				
	110	1	131.82521026315789	27.041068771929826	0.0	0.0	1	1.05	-4.448806107661396	138.0	13	1.05	0.95				
	111	1	0.0	0.0	0.0	0.0	1	1.011280239982433	-1.0199416092833682	230.0	13	1.05	0.95				
	112	1	0.0	0.0	0.0	0.0	1	1.014632505567125	-0.0781232229884167	230.0	13	1.05	0.95				
	113	3	179.14708061403508	36.50544284210527	0.0	0.0	1	1.0095986931160688	-5.991630730379904e-28	230.0	14	1.05	0.95				
	114	2	131.14918354385964	26.365042052631583	0.0	0.0	1	1.0115015465229649	1.013791092500803	230.0	16	1.05	0.95				
	115	2	214.3004700175439	43.26571003508772	0.0	0.0	1	1.0434914000694584	8.083209748326704	230.0	16	1.05	0.95				
	116	2	67.60267192982457	13.520534385964913	0.0	0.0	1	1.041311700141698	7.9289079641961635	230.0	16	1.05	0.95				
	117	1	0.0	0.0	0.0	0.0	1	1.0464913815730457	10.4315776566372	230.0	17	1.05	0.95				
	118	2	225.1168975263158	45.969816912280706	0.0	0.0	1	1.0486884061731385	10.85472447465827	230.0	17	1.05	0.95				
	119	1	122.36083619298246	25.012988614035088	0.0	0.0	1	1.0362479449943187	7.1028087454897575	230.0	15	1.05	0.95				
	120	1	86.53142007017544	17.576694701754388	0.0	0.0	1	1.0376136081522662	7.667276998158185	230.0	15	1.05	0.95				
	121	2	0.0	0.0	0.0	0.0	1	1.05	11.206578551246706	230.0	17	1.05	0.95				
	122	2	0.0	0.0	0.0	0.0	1	1.05	17.41400243387428	230.0	17	1.05	0.95				
	123	2	0.0	0.0	0.0	0.0	1	1.0402025451236045	8.478876367320424	230.0	15	1.05	0.95				
	124	1	0.0	0.0	0.0	0.0	1	1.0231586925106408	4.448769247640125	230.0	16	1.05	0.95				
	201	2	75.37730206736842	15.354635606315789	0.0	0.0	2	1.0378770450720576	-7.6625771582995394	138.0	21	1.05	0.95				
	202	2	67.69998426421053	13.958759642105264	0.0	0.0	2	1.03783989176815	-7.797087257360503	138.0	22	1.05	0.95				
	203	1	125.62883677894736	25.823705337894737	0.0	0.0	2	1.0277408535537735	-5.295735638386769	138.0	21	1.05	0.95				
	204	1	51.64741067578947	10.469069731578946	0.0	0.0	2	1.0191425942542842	-9.7890641334172	138.0	21	1.05	0.95				
	205	1	49.55359672947368	9.771131749473685	0.0	0.0	2	1.034962240034457	-10.100415443957036	138.0	21	1.05	0.95				
	206	1	94.91956556631578	19.54226349894737	0.0	-100.0	2	1.0393247156173053	-12.13538986284706	138.0	22	1.05	0.95				
	207	2	87.2422477631579	17.44844955263158	0.0	0.0	2	0.971444558785659	-22.666639872454834	138.0	22	1.05	0.95				
	208	1	119.34739494	24.427829373684208	0.0	0.0	2	0.9741510392938193	-19.235661931632023	138.0	22	1.05	0.95				
	209	1	122.13914686842105	25.125767355789474	0.0	0.0	2	1.0256525584741338	-8.602412425363884	138.0	23	1.05	0.95				
	210	1	136.09790651052631	27.917519284210528	0.0	0.0	2	1.05	-10.384493123379936	138.0	23	1.05	0.95				
	211	1	0.0	0.0	0.0	0.0	2	1.0223296675216955	-4.178877755411094	230.0	23	1.05	0.95				
	212	1	0.0	0.0	0.0	0.0	2	1.0194526381434572	-3.1061135432504154	230.0	23	1.05	0.95				
	213	2	184.95356525789472	37.68865103368421	0.0	0.0	2	1.030799226962599	-0.8967821146303877	230.0	24	1.05	0.95				
	214	2	135.39996852842106	27.21958130210526	0.0	0.0	2	1.0342490738020993	-1.8372189195558262	230.0	26	1.05	0.95				
	215	2	221.24634032736844	44.66803085473684	0.0	0.0	2	1.04317322773492	5.598135560715615	230.0	26	1.05	0.95				
	216	2	69.79379821052632	13.958759642105264	0.0	0.0	2	1.0461348715329168	5.740622892094969	230.0	26	1.05	0.95				
	217	1	0.0	0.0	0.0	0.0	2	1.0482218585992793	8.875447085082687	230.0	27	1.05	0.95				
	218	2	232.41334804105261	47.45978278315789	0.0	0.0	2	1.0499996195395729	9.69649292744146	230.0	27	1.05	0.95				
	219	1	126.32677476105263	25.823705337894737	0.0	0.0	2	1.0430154152768865	5.125135955639301	230.0	25	1.05	0.95				
	220	1	89.33606170947368	18.146387534736842	0.0	0.0	2	1.0462416729382213	5.897621871969655	230.0	25	1.05	0.95				
	221	2	0.0	0.0	0.0	0.0	2	1.05	10.0489083471929	230.0	27	1.05	0.95				
	222	2	0.0	0.0	0.0	0.0	2	1.05	16.100256866389632	230.0	27	1.05	0.95				
	223	2	0.0	0.0	0.0	0.0	2	1.05	6.82854841163451	230.0	25	1.05	0.95				
	224	1	0.0	0.0	0.0	0.0	2	1.0237709704590965	1.536306170717002	230.0	26	1.05	0.95				
	301	2	62.729515970526315	12.778234734736843	0.0	0.0	3	1.0096811820618805	-22.032951194572	138.0	31	1.05	0.95				
	302	2	56.340398603157894	11.616577031578949	0.0	0.0	3	1.008773683116414	-22.251031465706944	138.0	32	1.05	0.95				
	303	1	104.54919328421053	21.49066750842105	0.0	0.0	3	1.0218576989813326	-15.73864358964204	138.0	31	1.05	0.95				
	304	1	42.9813350168421	8.71243277368421	0.0	0.0	3	1.0080537250538113	-20.650704849890747	138.0	31	1.05	0.95				
	305	1	41.23884846210526	8.131603922105263	0.0	0.0	3	1.0220117042815828	-21.441636576615373	138.0	31	1.05	0.95				
	306	1	78.99272381473685	16.263207844210527	0.0	-100.0	3	1.0361103175761694	-21.767097644338097	138.0	32	1.05	0.95				
	307	2	72.60360644736842	14.520721289473684	0.0	0.0	3	1.0063046684855959	-22.95656313360391	138.0	32	1.05	0.95				
	308	1	99.32173362	20.32900980526316	0.0	0.0	3	1.0042177774389351	-22.681055016564603	138.0	32	1.05	0.95				
	309	1	101.64504902631579	20.909838656842105	0.0	0.0	3	1.0271499274884408	-16.9709268070744	138.0	33	1.05	0.95				
	310	1	113.26162605789474	23.233154063157897	0.0	0.0	3	1.05	-18.98562394911089	138.0	33	1.05	0.95				
	311	1	0.0	0.0	0.0	0.0	3	1.0156727128488403	-12.243497010452586	230.0	33	1.05	0.95				
	312	1	0.0	0.0	0.0	0.0	3	1.0157858704014897	-11.66583666667403	230.0	33	1.05	0.95				
	313	2	153.91964566842105	31.364757985263157	0.0	0.0	3	1.0219778081741702	-8.25805579982411	230.0	34	1.05	0.95				
	314	2	112.68079720631579	22.652325211578948	0.0	0.0	3	1.0242442622922097	-10.010025363799263	230.0	36	1.05	0.95				
	315	2	184.1227459505263	37.17304650105263	0.0	0.0	3	1.046153689504199	-3.6343659119813863	230.0	36	1.05	0.95				
	316	2	58.08288515789474	11.616577031578949	0.0	0.0	3	1.045051730809654	-3.362380172859491	230.0	36	1.05	0.95				
	317	1	0.0	0.0	0.0	0.0	3	1.047526098686841	-0.908464604995743	230.0	37	1.05	0.95				
	318	2	193.41600757578948	39.496361907368424	0.0	0.0	3	1.0482630403734385	-0.4492372839904106	230.0	37	1.05	0.95				
	319	1	105.13002213578947	21.49066750842105	0.0	0.0	3	1.0399113227469292	-4.588274512470575	230.0	35	1.05	0.95				
	320	1	74.34609300210526	15.101550141052634	0.0	0.0	3	1.0401811422296383	-4.559036262999244	230.0	35	1.05	0.95				
	321	2	0.0	0.0	0.0	0.0	3	1.05	0.3953799312786631	230.0	37	1.05	0.95				
	322	2	0.0	0.0	0.0	0.0	3	1.05	5.658851863851259	230.0	37	1.05	0.95				
	323	2	0.0	0.0	0.0	0.0	3	1.0415579668920285	-4.111457612446042	230.0	35	1.05	0.95				
	324	1	0.0	0.0	0.0	0.0	3	1.0218196544914728	-8.112172717645855	230.0	36	1.05	0.95				
	325	1	0.0	0.0	0.0	0.0	3	1.0376292355529269	-2.8418959348153976	230.0	35	1.05	0.95				
];
