%% MATPOWER Case Format : Version 2
function mpc = RTS_GMLC
mpc.version = '2';

%%-----  Power Flow Data  -----%%
%% system MVA base
mpc.baseMVA = 100.0;
%% bus data
%    bus_i    type    Pd    Qd    Gs    Bs    area    Vm    Va    baseKV    zone    Vmax    Vmin
mpc.bus = [
	101	2	90.63236023578949	18.462147455438597	0.0	0.0	1	1.0322862115025562	-6.136363412300859	138.0	11	1.05	0.95				
	102	2	81.40128650807019	16.78377041403509	0.0	0.0	1	1.0322749198894705	-6.203870820799671	138.0	12	1.05	0.95				
	103	1	151.0539337263158	31.049975265964914	0.0	0.0	1	1.0152285753603925	-5.721319195823475	138.0	11	1.05	0.95				
	104	1	62.09995053192983	12.587827810526317	0.0	0.0	1	1.0143413005915816	-8.586880108527538	138.0	11	1.05	0.95				
	105	1	59.58238496982457	11.748639289824563	0.0	0.0	1	1.0300855590368585	-8.734313717640758	138.0	11	1.05	0.95				
	106	1	114.12963881543861	23.497278579649127	0.0	-100.0	1	1.0336497654595034	-10.950907833270387	138.0	12	1.05	0.95				
	107	2	104.8985650877193	20.97971301754386	0.0	0.0	1	1.05	-7.416111332812307	138.0	12	1.05	0.95				
	108	1	143.50123704	29.371598224561403	0.0	0.0	1	1.0229519981714574	-10.215684088792955	138.0	12	1.05	0.95				
	109	1	146.85799112280702	30.210786745263157	0.0	0.0	1	1.0268904335180744	-7.134930197048782	138.0	13	1.05	0.95				
	110	1	163.64176153684213	33.56754082807018	0.0	0.0	1	1.05	-8.714372872699235	138.0	13	1.05	0.95				
	111	1	0.0	0.0	0.0	0.0	1	1.018642024228057	-3.1650511832020127	230.0	13	1.05	0.95				
	112	1	0.0	0.0	0.0	0.0	1	1.0191827626121235	-2.1928299644533986	230.0	13	1.05	0.95				
	113	3	222.38495798596492	45.316180117894746	0.0	0.0	1	1.0259500312179861	3.9396370927259214e-30	230.0	14	1.05	0.95				
	114	2	162.80257301614037	32.728352307368425	0.0	0.0	1	1.02507892634313	-1.207199827009486	230.0	16	1.05	0.95				
	115	2	266.02276106245614	53.70806532491228	0.0	0.0	1	1.0434387031671828	7.080977442060865	230.0	16	1.05	0.95				
	116	2	83.91885207017545	16.78377041403509	0.0	0.0	1	1.0443391340990251	6.67955811697479	230.0	16	1.05	0.95				
	117	1	0.0	0.0	0.0	0.0	1	1.0471938999418602	10.209984743885558	230.0	17	1.05	0.95				
	118	2	279.44977739368426	57.064819407719305	0.0	0.0	1	1.049999970143114	10.819469823801093	230.0	17	1.05	0.95				
	119	1	151.89312224701757	31.049975265964914	0.0	0.0	1	1.0393670076480026	5.245520262172312	230.0	15	1.05	0.95				
	120	1	107.41613064982457	21.818901538245616	0.0	0.0	1	1.0428631770453325	5.576707955294602	230.0	15	1.05	0.95				
	121	2	0.0	0.0	0.0	0.0	1	1.05	11.728558284918668	230.0	17	1.05	0.95				
	122	2	0.0	0.0	0.0	0.0	1	1.05	19.986040008176122	230.0	17	1.05	0.95				
	123	2	0.0	0.0	0.0	0.0	1	1.047302377983138	6.370294257027647	230.0	15	1.05	0.95				
	124	1	0.0	0.0	0.0	0.0	1	1.0167300315099048	2.361018553220055	230.0	16	1.05	0.95				
	201	2	94.06012907368422	19.160396663157893	0.0	0.0	2	1.05	-14.81796929111452	138.0	21	1.05	0.95				
	202	2	84.47993074210525	17.41854242105263	0.0	0.0	2	1.05	-14.85889149504429	138.0	22	1.05	0.95				
	203	1	156.7668817894737	32.22430347894737	0.0	0.0	2	1.0243901397355382	-11.379473696090646	138.0	21	1.05	0.95				
	204	1	64.44860695789474	13.063906815789473	0.0	0.0	2	1.0197051951014175	-16.62228566662721	138.0	21	1.05	0.95				
	205	1	61.83582559473684	12.192979694736843	0.0	0.0	2	1.0375030895630315	-17.101747382736082	138.0	21	1.05	0.95				
	206	1	118.44608846315789	24.385959389473687	0.0	-100.0	2	1.0350528017057485	-19.18795998130293	138.0	22	1.05	0.95				
	207	2	108.86589013157895	21.77317802631579	0.0	0.0	2	0.95	-29.697023108591853	138.0	22	1.05	0.95				
	208	1	148.92853770000002	30.4824492368421	0.0	0.0	2	0.9537768789353332	-26.499399305092687	138.0	22	1.05	0.95				
	209	1	152.41224618421052	31.353376357894735	0.0	0.0	2	1.0230693975067722	-14.568592464186745	138.0	23	1.05	0.95				
	210	1	169.83078860526314	34.83708484210526	0.0	0.0	2	1.0472458513571716	-16.719300847157992	138.0	23	1.05	0.95				
	211	1	0.0	0.0	0.0	0.0	2	1.030478725748182	-8.956212453786934	230.0	23	1.05	0.95				
	212	1	0.0	0.0	0.0	0.0	2	1.0210182316438434	-7.4878044596056705	230.0	23	1.05	0.95				
	213	2	230.79568707894737	47.03006453684211	0.0	0.0	2	1.05	-4.339673980652512	230.0	24	1.05	0.95				
	214	2	168.9598614842105	33.96615772105263	0.0	0.0	2	1.05	-6.628545777827409	230.0	26	1.05	0.95				
	215	2	276.0838973736842	55.73933574736842	0.0	0.0	2	1.0450907663141695	2.234883669459217	230.0	26	1.05	0.95				
	216	2	87.09271210526316	17.41854242105263	0.0	0.0	2	1.0489114878086816	2.0629103090953755	230.0	26	1.05	0.95				
	217	1	0.0	0.0	0.0	0.0	2	1.0497557102671335	5.269384141141088	230.0	27	1.05	0.95				
	218	2	290.01873131052633	59.223044231578946	0.0	0.0	2	1.05	5.857503303049849	230.0	27	1.05	0.95				
	219	1	157.63780891052633	32.22430347894737	0.0	0.0	2	1.0427587394439954	1.6667076797145115	230.0	25	1.05	0.95				
	220	1	111.47867149473684	22.644105147368425	0.0	0.0	2	1.0454479117777284	2.9498667030310366	230.0	25	1.05	0.95				
	221	2	0.0	0.0	0.0	0.0	2	1.05	6.379424904341823	230.0	27	1.05	0.95				
	222	2	0.0	0.0	0.0	0.0	2	1.05	12.455913325853983	230.0	27	1.05	0.95				
	223	2	0.0	0.0	0.0	0.0	2	1.05	4.284150578358931	230.0	25	1.05	0.95				
	224	1	0.0	0.0	0.0	0.0	2	1.0199825551662207	-2.821180980296111	230.0	26	1.05	0.95				
	301	2	72.22777601684211	14.71306548491228	0.0	0.0	3	1.016487786611828	-12.844155710005845	138.0	31	1.05	0.95				
	302	2	64.87124327438596	13.375514077192982	0.0	0.0	3	1.0147069113928	-13.28127630638262	138.0	32	1.05	0.95				
	303	1	120.37962669473686	24.74470104280702	0.0	0.0	3	1.0394739416327137	-3.535080678483149	138.0	31	1.05	0.95				
	304	1	49.48940208561404	10.031635557894738	0.0	0.0	3	1.0100437491801026	-12.128804139310278	138.0	31	1.05	0.95				
	305	1	47.483074974035084	9.362859854035088	0.0	0.0	3	1.0245607641013634	-13.239724587850827	138.0	31	1.05	0.95				
	306	1	90.95349572491229	18.725719708070176	0.0	-100.0	3	1.0350150844696437	-14.212636351706312	138.0	32	1.05	0.95				
	307	2	83.59696298245613	16.71939259649123	0.0	0.0	3	1.0056181942096316	-15.814080225896351	138.0	32	1.05	0.95				
	308	1	114.36064535999999	23.407149635087716	0.0	0.0	3	1.0010489089637065	-15.454836807782545	138.0	32	1.05	0.95				
	309	1	117.0357481754386	24.075925338947368	0.0	0.0	3	1.028800305076754	-8.459989251298902	138.0	33	1.05	0.95				
	310	1	130.4112622526316	26.751028154385963	0.0	0.0	3	1.05	-11.49627241090971	138.0	33	1.05	0.95				
	311	1	0.0	0.0	0.0	0.0	3	1.0187198584703632	-5.072855460657174	230.0	33	1.05	0.95				
	312	1	0.0	0.0	0.0	0.0	3	1.0192218461116884	-3.7400112215063612	230.0	33	1.05	0.95				
	313	2	177.22556152280703	36.11388800842106	0.0	0.0	3	1.027322439382292	-0.7624756121245105	230.0	34	1.05	0.95				
	314	2	129.74248654877192	26.082252450526315	0.0	0.0	3	1.0248173785958596	-3.9590568316650367	230.0	36	1.05	0.95				
	315	2	212.0018981235088	42.801645047017544	0.0	0.0	3	1.0463010709630338	2.1052487259087704	230.0	36	1.05	0.95				
	316	2	66.87757038596492	13.375514077192982	0.0	0.0	3	1.0440760094087667	1.6858276054764303	230.0	36	1.05	0.95				
	317	1	0.0	0.0	0.0	0.0	3	1.0477213704878077	3.976358676295544	230.0	37	1.05	0.95				
	318	2	222.7023093852632	45.47674786245614	0.0	0.0	3	1.0476556794691834	3.852684918022675	230.0	37	1.05	0.95				
	319	1	121.0484023985965	24.74470104280702	0.0	0.0	3	1.040976750584046	1.8117651686436858	230.0	35	1.05	0.95				
	320	1	85.60329009403509	17.388168300350877	0.0	0.0	3	1.0439957751106312	3.1796441917263714	230.0	35	1.05	0.95				
	321	2	0.0	0.0	0.0	0.0	3	1.05	5.197854313294474	230.0	37	1.05	0.95				
	322	2	0.0	0.0	0.0	0.0	3	1.05	10.493736582205969	230.0	37	1.05	0.95				
	323	2	0.0	0.0	0.0	0.0	3	1.0478000451854617	4.417624824624661	230.0	35	1.05	0.95				
	324	1	0.0	0.0	0.0	0.0	3	1.035767085523765	-0.00752661449318319	230.0	36	1.05	0.95				
	325	1	0.0	0.0	0.0	0.0	3	1.0469363281713238	5.027370765809747	230.0	35	1.05	0.95				
];
