%% MATPOWER Case Format : Version 2
function mpc = RTS_GMLC
mpc.version = '2';

%%-----  Power Flow Data  -----%%
%% system MVA base
mpc.baseMVA = 100.0;
%% bus data
%    bus_i    type    Pd    Qd    Gs    Bs    area    Vm    Va    baseKV    zone    Vmax    Vmin
mpc.bus = [
	101	2	77.79366651789475	15.846857994385966	0.0	0.0	1	1.0422109315374826	1.763037362227155	138.0	11	1.05	0.95				
	102	2	69.87023752070175	14.406234540350878	0.0	0.0	1	1.0415290397166457	1.4869454503466173	138.0	12	1.05	0.95				
	103	1	129.6561108631579	26.65153389964912	0.0	0.0	1	1.0277639365800066	-0.14707151541970964	138.0	11	1.05	0.95				
	104	1	53.30306779929824	10.804675905263156	0.0	0.0	1	1.0231324036632488	-2.283142318603287	138.0	11	1.05	0.95				
	105	1	51.14213261824562	10.084364178245615	0.0	0.0	1	1.0354207844564827	-2.6540023027943445	138.0	11	1.05	0.95				
	106	1	97.96239487438598	20.16872835649123	0.0	-100.0	1	1.0381561333151328	-5.827524114327043	138.0	12	1.05	0.95				
	107	2	90.03896587719298	18.007793175438596	0.0	0.0	1	1.05	-6.741509952106187	138.0	12	1.05	0.95				
	108	1	123.17330532	25.210910445614033	0.0	0.0	1	1.0264137076137059	-7.888681736740229	138.0	12	1.05	0.95				
	109	1	126.05455222807018	25.93122217263158	0.0	0.0	1	1.0271903170629584	-3.5153429016381117	138.0	13	1.05	0.95				
	110	1	140.46078676842103	28.812469080701756	0.0	0.0	1	1.05	-4.911297436487143	138.0	13	1.05	0.95				
	111	1	0.0	0.0	0.0	0.0	1	1.0107338060581827	-1.308720268669915	230.0	13	1.05	0.95				
	112	1	0.0	0.0	0.0	0.0	1	1.0161392304245562	-0.789850818936125	230.0	13	1.05	0.95				
	113	3	190.88260765964912	38.896833258947375	0.0	0.0	1	1.0113914591781115	1.5326654752591402e-30	230.0	14	1.05	0.95				
	114	2	139.7404750414035	28.09215735368421	0.0	0.0	1	1.0082006554394765	0.5357299299974241	230.0	16	1.05	0.95				
	115	2	228.3388174645614	46.09995052912281	0.0	0.0	1	1.0428318107551748	8.219051396602728	230.0	16	1.05	0.95				
	116	2	72.03117270175439	14.406234540350878	0.0	0.0	1	1.0402417166937428	7.456238434827208	230.0	16	1.05	0.95				
	117	1	0.0	0.0	0.0	0.0	1	1.0448509508606576	10.412924618239147	230.0	17	1.05	0.95				
	118	2	239.8638050968421	48.98119743719299	0.0	0.0	1	1.047200349448911	10.931528524066064	230.0	17	1.05	0.95				
	119	1	130.37642259017542	26.65153389964912	0.0	0.0	1	1.0342019932420337	5.842061936449584	230.0	15	1.05	0.95				
	120	1	92.19990105824562	18.728104902456142	0.0	0.0	1	1.0344246925827185	5.2955457787780595	230.0	15	1.05	0.95				
	121	2	0.0	0.0	0.0	0.0	1	1.05	12.562796888363506	230.0	17	1.05	0.95				
	122	2	0.0	0.0	0.0	0.0	1	1.05	18.504187263021166	230.0	17	1.05	0.95				
	123	2	0.0	0.0	0.0	0.0	1	1.0363821274025073	5.53317476610352	230.0	15	1.05	0.95				
	124	1	0.0	0.0	0.0	0.0	1	1.0265409731647852	5.104229935853206	230.0	16	1.05	0.95				
	201	2	92.08814733473685	18.758696679298247	0.0	0.0	2	1.0441494851178086	-18.07448837246325	138.0	21	1.05	0.95				
	202	2	82.70879899508772	17.053360617543863	0.0	0.0	2	1.0469887280338968	-18.22384367719862	138.0	22	1.05	0.95				
	203	1	153.48024555789473	31.54871714245614	0.0	0.0	2	1.0231500071518151	-13.285640706848719	138.0	21	1.05	0.95				
	204	1	63.09743428491228	12.790020463157894	0.0	0.0	2	1.0199712852437204	-19.28845463445089	138.0	21	1.05	0.95				
	205	1	60.5394301922807	11.937352432280703	0.0	0.0	2	1.0362179995288197	-19.877997548123087	138.0	21	1.05	0.95				
	206	1	115.96285219929825	23.874704864561405	0.0	-100.0	2	1.0372333793527768	-21.696874297645795	138.0	22	1.05	0.95				
	207	2	106.58350385964911	21.316700771929824	0.0	0.0	2	0.95	-32.40017192591066	138.0	22	1.05	0.95				
	208	1	145.80623328	29.843381080701754	0.0	0.0	2	0.9549980140282419	-28.918664653106134	138.0	22	1.05	0.95				
	209	1	149.21690540350878	30.69604911157895	0.0	0.0	2	1.025481321114992	-16.72470684097361	138.0	23	1.05	0.95				
	210	1	166.27026602105263	34.106721235087726	0.0	0.0	2	1.05	-19.04313397334101	138.0	23	1.05	0.95				
	211	1	0.0	0.0	0.0	0.0	2	1.0339456811512189	-12.765609791976493	230.0	23	1.05	0.95				
	212	1	0.0	0.0	0.0	0.0	2	1.0280093534519315	-7.772649397334344	230.0	23	1.05	0.95				
	213	2	225.95702818245616	46.04407366736842	0.0	0.0	2	1.05	-10.110001480095017	230.0	24	1.05	0.95				
	214	2	165.41759799017544	33.25405320421053	0.0	0.0	2	1.05	-10.211022154976124	230.0	26	1.05	0.95				
	215	2	270.2957657880702	54.57075397614035	0.0	0.0	2	1.0439752840921475	-0.88750191285635	230.0	26	1.05	0.95				
	216	2	85.2668030877193	17.053360617543863	0.0	0.0	2	1.0477034327509553	-1.3156449017999168	230.0	26	1.05	0.95				
	217	1	0.0	0.0	0.0	0.0	2	1.0481881334061516	1.8475070586328846	230.0	27	1.05	0.95				
	218	2	283.9384542821053	57.98142609964913	0.0	0.0	2	1.049874900073372	1.9995244733629496	230.0	27	1.05	0.95				
	219	1	154.33291358877196	31.54871714245614	0.0	0.0	2	1.0422106448431838	-1.584941847785466	230.0	25	1.05	0.95				
	220	1	109.1415079522807	22.169368802807018	0.0	0.0	2	1.0452811486472944	-0.22349906582332507	230.0	25	1.05	0.95				
	221	2	0.0	0.0	0.0	0.0	2	1.05	2.0865071455470137	230.0	27	1.05	0.95				
	222	2	0.0	0.0	0.0	0.0	2	1.05	8.504782929763069	230.0	27	1.05	0.95				
	223	2	0.0	0.0	0.0	0.0	2	1.05	1.1401184113601497	230.0	25	1.05	0.95				
	224	1	0.0	0.0	0.0	0.0	2	1.0205645314362592	-5.489494046219098	230.0	26	1.05	0.95				
	301	2	66.91490033684211	13.630813031578947	0.0	0.0	3	0.9928149102380691	0.5266716512040025	138.0	31	1.05	0.95				
	302	2	60.09949382105263	12.391648210526316	0.0	0.0	3	0.9928012614050038	0.49685190666790324	138.0	32	1.05	0.95				
	303	1	111.52483389473684	22.924549189473684	0.0	0.0	3	1.0143567367036288	3.432909849137472	138.0	31	1.05	0.95				
	304	1	45.84909837894737	9.293736157894736	0.0	0.0	3	0.9997895512429157	2.7100213246692215	138.0	31	1.05	0.95				
	305	1	43.990351147368415	8.674153747368422	0.0	0.0	3	1.0116430043102722	2.6126764897290666	138.0	31	1.05	0.95				
	306	1	84.26320783157895	17.348307494736844	0.0	-100.0	3	1.0304956063499482	3.080461256408558	138.0	32	1.05	0.95				
	307	2	77.44780131578948	15.489560263157895	0.0	0.0	3	0.9915034966247398	-0.5042760133038746	138.0	32	1.05	0.95				
	308	1	105.9485922	21.68538436842105	0.0	0.0	3	1.001568988131267	2.2767653135022807	138.0	32	1.05	0.95				
	309	1	108.42692184210527	22.304966778947367	0.0	0.0	3	1.02785725781298	7.029496519297174	138.0	33	1.05	0.95				
	310	1	120.81857005263157	24.783296421052633	0.0	0.0	3	1.05	6.666555260978242	138.0	33	1.05	0.95				
	311	1	0.0	0.0	0.0	0.0	3	1.01882744166999	13.001788687568087	230.0	33	1.05	0.95				
	312	1	0.0	0.0	0.0	0.0	3	1.024130237456669	14.850622947876863	230.0	33	1.05	0.95				
	313	2	164.18933878947368	33.457450168421055	0.0	0.0	3	1.05	22.79411639759401	230.0	34	1.05	0.95				
	314	2	120.19898764210527	24.163714010526316	0.0	0.0	3	1.0218233038723428	10.34765150772165	230.0	36	1.05	0.95				
	315	2	196.4076241368421	39.65327427368421	0.0	0.0	3	1.0367338340085843	5.874609855245139	230.0	36	1.05	0.95				
	316	2	61.95824105263158	12.391648210526316	0.0	0.0	3	1.038509474541016	7.255691763579778	230.0	36	1.05	0.95				
	317	1	0.0	0.0	0.0	0.0	3	1.0416273162926655	6.236740817069577	230.0	37	1.05	0.95				
	318	2	206.32094270526315	42.131603915789476	0.0	0.0	3	1.0402052740052303	5.119422901603385	230.0	37	1.05	0.95				
	319	1	112.14441630526318	22.924549189473684	0.0	0.0	3	1.0366561290110399	9.366434782767728	230.0	35	1.05	0.95				
	320	1	79.30654854736842	16.10914267368421	0.0	0.0	3	1.0414529612824175	12.25968633456696	230.0	35	1.05	0.95				
	321	2	0.0	0.0	0.0	0.0	3	1.0406203246255765	6.010238913089273	230.0	37	1.05	0.95				
	322	2	0.0	0.0	0.0	0.0	3	1.05	10.41911710139327	230.0	37	1.05	0.95				
	323	2	0.0	0.0	0.0	0.0	3	1.0446648787408452	13.46131799825476	230.0	35	1.05	0.95				
	324	1	0.0	0.0	0.0	0.0	3	1.0253769035155027	6.8901319882457	230.0	36	1.05	0.95				
	325	1	0.0	0.0	0.0	0.0	3	1.0461339474767275	13.387866305979895	230.0	35	1.05	0.95				
];
