%% MATPOWER Case Format : Version 2
function mpc = RTS_GMLC
mpc.version = '2';

%%-----  Power Flow Data  -----%%
%% system MVA base
mpc.baseMVA = 100.0;
%% bus data
%    bus_i    type    Pd    Qd    Gs    Bs    area    Vm    Va    baseKV    zone    Vmax    Vmin
mpc.bus = [
	101	2	86.77140029052633	17.675655614736844	0.0	0.0	1	1.0318624470873083	-4.8091392391192525	138.0	11	1.05	0.95				
	102	2	77.9335724831579	16.068777831578952	0.0	0.0	1	1.0318638745401754	-4.8700286040421945	138.0	12	1.05	0.95				
	103	1	144.61900048421055	29.727238988421057	0.0	0.0	1	1.0173663765131007	-4.814405374530829	138.0	11	1.05	0.95				
	104	1	59.454477976842114	12.05158337368421	0.0	0.0	1	1.0149241748075841	-7.393599475105133	138.0	11	1.05	0.95				
	105	1	57.044161302105266	11.248144482105266	0.0	0.0	1	1.030323277348914	-7.495565018288058	138.0	11	1.05	0.95				
	106	1	109.26768925473687	22.49628896421053	0.0	-100.0	1	1.0345737730605309	-9.728703821123345	138.0	12	1.05	0.95				
	107	2	100.42986144736842	20.085972289473688	0.0	0.0	1	1.05	-5.8643578314516045	138.0	12	1.05	0.95				
	108	1	137.38805046	28.120361205263155	0.0	0.0	1	1.0240325935634802	-8.791714686317388	138.0	12	1.05	0.95				
	109	1	140.6018060263158	28.923800096842108	0.0	0.0	1	1.0269964666264886	-6.201799284340845	138.0	13	1.05	0.95				
	110	1	156.67058385789474	32.137555663157904	0.0	0.0	1	1.05	-7.677413889570952	138.0	13	1.05	0.95				
	111	1	0.0	0.0	0.0	0.0	1	1.0168089907057145	-2.6589294614161574	230.0	13	1.05	0.95				
	112	1	0.0	0.0	0.0	0.0	1	1.01826476943028	-1.5820244658915867	230.0	13	1.05	0.95				
	113	3	212.91130626842104	43.385700145263165	0.0	0.0	1	1.0220749667725506	6.272107020654965e-31	230.0	14	1.05	0.95				
	114	2	155.8671449663158	31.33411677157895	0.0	0.0	1	1.021199747670563	-0.7033037039911911	230.0	16	1.05	0.95				
	115	2	254.69012863052632	51.42008906105263	0.0	0.0	1	1.044837542944711	7.211392313295786	230.0	16	1.05	0.95				
	116	2	80.34388915789475	16.068777831578952	0.0	0.0	1	1.045125546043567	6.922470984757329	230.0	16	1.05	0.95				
	117	1	0.0	0.0	0.0	0.0	1	1.0477882800839398	10.014966486294682	230.0	17	1.05	0.95				
	118	2	267.5451508957895	54.63384462736843	0.0	0.0	1	1.0495941647290923	10.616893262417433	230.0	17	1.05	0.95				
	119	1	145.42243937578948	29.727238988421057	0.0	0.0	1	1.0402807512317922	5.875031365481437	230.0	15	1.05	0.95				
	120	1	102.84017812210526	20.889411181052633	0.0	0.0	1	1.0433417138523788	6.47363234977059	230.0	15	1.05	0.95				
	121	2	0.0	0.0	0.0	0.0	1	1.05	11.428006652403718	230.0	17	1.05	0.95				
	122	2	0.0	0.0	0.0	0.0	1	1.05	18.08477776749835	230.0	17	1.05	0.95				
	123	2	0.0	0.0	0.0	0.0	1	1.0474594541627376	7.38774410790612	230.0	15	1.05	0.95				
	124	1	0.0	0.0	0.0	0.0	1	1.0194462946192393	2.7764139226268543	230.0	16	1.05	0.95				
	201	2	91.69715095578947	18.679049268771927	0.0	0.0	2	1.05	-13.217373075183662	138.0	21	1.05	0.95				
	202	2	82.3576263214035	16.980953880701755	0.0	0.0	2	1.05	-13.255598960028827	138.0	22	1.05	0.95				
	203	1	152.82858492631576	31.41476467929824	0.0	0.0	2	1.0255910445882366	-9.988026179104406	138.0	21	1.05	0.95				
	204	1	62.82952935859648	12.735715410526312	0.0	0.0	2	1.0208959862816676	-15.115366927185388	138.0	21	1.05	0.95				
	205	1	60.282386276491216	11.886667716491228	0.0	0.0	2	1.038547519407844	-15.569396876397615	138.0	21	1.05	0.95				
	206	1	115.47048638877193	23.773335432982456	0.0	-100.0	2	1.0368927901001928	-17.67087700919112	138.0	22	1.05	0.95				
	207	2	106.13096175438595	21.22619235087719	0.0	0.0	2	0.95	-28.70093656710199	138.0	22	1.05	0.95				
	208	1	145.18715568	29.716669291228065	0.0	0.0	2	0.9547357353112306	-25.255840381776252	138.0	22	1.05	0.95				
	209	1	148.58334645614033	30.56571698526315	0.0	0.0	2	1.0243729896480163	-13.23663316059009	138.0	23	1.05	0.95				
	210	1	165.56430033684208	33.96190776140351	0.0	0.0	2	1.048777513195219	-15.32928715830673	138.0	23	1.05	0.95				
	211	1	0.0	0.0	0.0	0.0	2	1.0312128629762416	-7.74759672658306	230.0	23	1.05	0.95				
	212	1	0.0	0.0	0.0	0.0	2	1.0223839410783244	-6.36362290574157	230.0	23	1.05	0.95				
	213	2	224.9976389192982	45.848575477894734	0.0	0.0	2	1.05	-3.2242369976448813	230.0	24	1.05	0.95				
	214	2	164.715252642807	33.112860067368416	0.0	0.0	2	1.05	-5.471529121469145	230.0	26	1.05	0.95				
	215	2	269.14811900912275	54.3390524182456	0.0	0.0	2	1.0450839292173808	3.138858905037527	230.0	26	1.05	0.95				
	216	2	84.90476940350877	16.980953880701755	0.0	0.0	2	1.0491443221380876	3.0052133064784887	230.0	26	1.05	0.95				
	217	1	0.0	0.0	0.0	0.0	2	1.0498192139768157	6.253932215637207	230.0	27	1.05	0.95				
	218	2	282.7328821136842	57.735243194385966	0.0	0.0	2	1.05	6.86028519083851	230.0	27	1.05	0.95				
	219	1	153.67763262035086	31.41476467929824	0.0	0.0	2	1.0431545078275655	2.5142467181723	230.0	25	1.05	0.95				
	220	1	108.6781048364912	22.075240044912277	0.0	0.0	2	1.045702048515243	3.673274119954066	230.0	25	1.05	0.95				
	221	2	0.0	0.0	0.0	0.0	2	1.05	7.348704381393837	230.0	27	1.05	0.95				
	222	2	0.0	0.0	0.0	0.0	2	1.05	13.431204030858522	230.0	27	1.05	0.95				
	223	2	0.0	0.0	0.0	0.0	2	1.05	4.924181346936265	230.0	25	1.05	0.95				
	224	1	0.0	0.0	0.0	0.0	2	1.0211295862185126	-1.7409412389714	230.0	26	1.05	0.95				
	301	2	74.68775704421053	15.214172731228071	0.0	0.0	3	1.0151943457878059	-17.94662231701868	138.0	31	1.05	0.95				
	302	2	67.08067067859649	13.831066119298246	0.0	0.0	3	1.0137929283597424	-18.31543967962014	138.0	32	1.05	0.95				
	303	1	124.47959507368421	25.587472320701753	0.0	0.0	3	1.0207485011798194	-11.984994346229417	138.0	31	1.05	0.95				
	304	1	51.174944641403506	10.373299589473683	0.0	0.0	3	1.0083990995662846	-16.967393643587364	138.0	31	1.05	0.95				
	305	1	49.10028472350877	9.681746283508772	0.0	0.0	3	1.0233104969848674	-17.6500017854436	138.0	31	1.05	0.95				
	306	1	94.05124961122807	19.363492567017545	0.0	-100.0	3	1.0340337241455266	-18.25433769758265	138.0	32	1.05	0.95				
	307	2	86.44416324561404	17.288832649122806	0.0	0.0	3	1.0109892807781458	-19.370453119274256	138.0	32	1.05	0.95				
	308	1	118.25561531999999	24.204365708771928	0.0	0.0	3	1.0035995049514197	-19.31706857430938	138.0	32	1.05	0.95				
	309	1	121.02182854385966	24.89591901473684	0.0	0.0	3	1.0277695771815618	-13.04112885994894	138.0	33	1.05	0.95				
	310	1	134.85289466315788	27.66213223859649	0.0	0.0	3	1.05	-15.137706583558163	138.0	33	1.05	0.95				
	311	1	0.0	0.0	0.0	0.0	3	1.0211472110310371	-7.990620800240862	230.0	33	1.05	0.95				
	312	1	0.0	0.0	0.0	0.0	3	1.0182615246195779	-6.520328918612094	230.0	33	1.05	0.95				
	313	2	183.26162608070175	37.343878522105264	0.0	0.0	3	1.0335876413633476	-3.219788870888367	230.0	34	1.05	0.95				
	314	2	134.16134135719298	26.97057893263158	0.0	0.0	3	1.0316057066450555	-6.171371719908552	230.0	36	1.05	0.95				
	315	2	219.22239799087717	44.259411581754385	0.0	0.0	3	1.0483554160941062	0.5655048673486597	230.0	36	1.05	0.95				
	316	2	69.15533059649123	13.831066119298246	0.0	0.0	3	1.0468922849180435	0.6120111226267378	230.0	36	1.05	0.95				
	317	1	0.0	0.0	0.0	0.0	3	1.0484657487687599	2.612727534785062	230.0	37	1.05	0.95				
	318	2	230.2872508863158	47.02562480561404	0.0	0.0	3	1.0479380325443366	2.6186659456926886	230.0	37	1.05	0.95				
	319	1	125.17114837964914	25.587472320701753	0.0	0.0	3	1.043212929985675	0.9368358248340446	230.0	35	1.05	0.95				
	320	1	88.51882316350877	17.98038595508772	0.0	0.0	3	1.0460616846599742	2.5147524196790583	230.0	35	1.05	0.95				
	321	2	0.0	0.0	0.0	0.0	3	1.05	3.860102766626108	230.0	37	1.05	0.95				
	322	2	0.0	0.0	0.0	0.0	3	1.05	9.146119357243636	230.0	37	1.05	0.95				
	323	2	0.0	0.0	0.0	0.0	3	1.05	3.882040573058426	230.0	35	1.05	0.95				
	324	1	0.0	0.0	0.0	0.0	3	1.0221456476328548	-4.064204444987026	230.0	36	1.05	0.95				
	325	1	0.0	0.0	0.0	0.0	3	1.0488697393653317	4.508807395538074	230.0	35	1.05	0.95				
];

%% generator data
%    bus    Pg    Qg    Qmax    Qmin    Vg    mBase    status    Pmax    Pmin    Pc1    Pc2    Qc1min    Qc1max    Qc2min    Qc2max    ramp_agc    ramp_10    ramp_30    ramp_q    apf
