%% MATPOWER Case Format : Version 2
function mpc = RTS_GMLC
mpc.version = '2';

%%-----  Power Flow Data  -----%%
%% system MVA base
mpc.baseMVA = 100.0;
%% bus data
%    bus_i    type    Pd    Qd    Gs    Bs    area    Vm    Va    baseKV    zone    Vmax    Vmin
mpc.bus = [
	101	2	60.46610589473684	12.317169719298246	0.0	0.0	1	1.0301395974922207	-0.36850410124846245	138.0	11	1.05	0.95				
	102	2	54.30752103508772	11.197427017543859	0.0	0.0	1	1.0297169015357908	-0.5208307985859082	138.0	12	1.05	0.95				
	103	1	100.77684315789475	20.71523998245614	0.0	0.0	1	1.023593172367837	-1.6431318539706044	138.0	11	1.05	0.95				
	104	1	41.43047996491228	8.398070263157894	0.0	0.0	1	1.017929064451253	-3.448182965619182	138.0	11	1.05	0.95				
	105	1	39.750865912280695	7.838198912280703	0.0	0.0	1	1.0325557602174522	-3.3359792495375236	138.0	11	1.05	0.95				
	106	1	76.14250371929825	15.676397824561406	0.0	-100.0	1	1.041007910020819	-5.5459848203293	138.0	12	1.05	0.95				
	107	2	69.98391885964912	13.996783771929824	0.0	0.0	1	1.028640105050006	-6.20070931214897	138.0	12	1.05	0.95				
	108	1	95.738001	19.595497280701753	0.0	0.0	1	1.018427228557368	-7.051176456009609	138.0	12	1.05	0.95				
	109	1	97.97748640350878	20.155368631578945	0.0	0.0	1	1.0256757389232964	-3.566041854448429	138.0	13	1.05	0.95				
	110	1	109.17491342105264	22.394854035087718	0.0	0.0	1	1.05	-4.567385213847054	138.0	13	1.05	0.95				
	111	1	0.0	0.0	0.0	0.0	1	1.0068314404044458	-1.2489415866281792	230.0	13	1.05	0.95				
	112	1	0.0	0.0	0.0	0.0	1	1.0122721175547558	-0.7360982942510081	230.0	13	1.05	0.95				
	113	3	148.36590798245612	30.23305294736842	0.0	0.0	1	1.0046587312761082	-4.491880903601028e-30	230.0	14	1.05	0.95				
	114	2	108.61504207017543	21.834982684210527	0.0	0.0	1	1.0033074088444214	0.5898155454245383	230.0	16	1.05	0.95				
	115	2	177.47921822807018	35.83176645614035	0.0	0.0	1	1.038053024344385	7.070938907885658	230.0	16	1.05	0.95				
	116	2	55.987135087719295	11.197427017543859	0.0	0.0	1	1.0348329039770237	6.507811980978081	230.0	16	1.05	0.95				
	117	1	0.0	0.0	0.0	0.0	1	1.0406850222227884	8.724910566128326	230.0	17	1.05	0.95				
	118	2	186.43715984210527	38.071251859649124	0.0	0.0	1	1.0426864036388273	8.801203603478536	230.0	17	1.05	0.95				
	119	1	101.33671450877193	20.71523998245614	0.0	0.0	1	1.0293468687418792	5.211311750242546	230.0	15	1.05	0.95				
	120	1	71.6635329122807	14.556655122807019	0.0	0.0	1	1.0291921625723104	5.160797081799591	230.0	15	1.05	0.95				
	121	2	0.0	0.0	0.0	0.0	1	1.046226072754999	10.155152582730286	230.0	17	1.05	0.95				
	122	2	0.0	0.0	0.0	0.0	1	1.05	17.115708894103324	230.0	17	1.05	0.95				
	123	2	0.0	0.0	0.0	0.0	1	1.0302662377266574	5.558291383750075	230.0	15	1.05	0.95				
	124	1	0.0	0.0	0.0	0.0	1	1.0216594644233097	3.8235909999758455	230.0	16	1.05	0.95				
	201	2	68.03337005052632	13.858649454736844	0.0	0.0	2	1.0327089665737923	-14.006879367355625	138.0	21	1.05	0.95				
	202	2	61.1040453231579	12.598772231578948	0.0	0.0	2	1.032917103029532	-14.104697555747478	138.0	22	1.05	0.95				
	203	1	113.38895008421052	23.30772862842105	0.0	0.0	2	1.0213440742473863	-11.07856524221934	138.0	21	1.05	0.95				
	204	1	46.6154572568421	9.449079173684211	0.0	0.0	2	1.0171283319404167	-16.204960166516038	138.0	21	1.05	0.95				
	205	1	44.72564142210526	8.819140562105265	0.0	0.0	2	1.0331695077865004	-16.576012609161037	138.0	21	1.05	0.95				
	206	1	85.67165117473685	17.63828112421053	0.0	-100.0	2	1.0400142642554817	-18.614247042578654	138.0	22	1.05	0.95				
	207	2	78.74232644736843	15.748465289473684	0.0	0.0	2	0.9855056625915198	-28.079814433411187	138.0	22	1.05	0.95				
	208	1	107.71950258000001	22.047851405263156	0.0	0.0	2	0.9854044658209924	-25.026607058687947	138.0	22	1.05	0.95				
	209	1	110.23925702631578	22.677790016842103	0.0	0.0	2	1.0236410103662907	-15.364965460189081	138.0	23	1.05	0.95				
	210	1	122.83802925789473	25.197544463157897	0.0	0.0	2	1.05	-17.19088370955505	138.0	23	1.05	0.95				
	211	1	0.0	0.0	0.0	0.0	2	1.0182693434825008	-11.867511715487133	230.0	23	1.05	0.95				
	212	1	0.0	0.0	0.0	0.0	2	1.0160186498507382	-10.85257465500067	230.0	23	1.05	0.95				
	213	2	166.93373206842102	34.01668502526316	0.0	0.0	2	1.020768226251662	-10.470152536119874	230.0	24	1.05	0.95				
	214	2	122.2080906463158	24.56760585157895	0.0	0.0	2	1.0287502801596704	-8.719777036079801	230.0	26	1.05	0.95				
	215	2	199.69053987052632	40.31607114105263	0.0	0.0	2	1.037037492708918	-0.17349549174948595	230.0	26	1.05	0.95				
	216	2	62.993861157894735	12.598772231578948	0.0	0.0	2	1.040594007186066	-0.4031565882067679	230.0	26	1.05	0.95				
	217	1	0.0	0.0	0.0	0.0	2	1.0421580616462787	2.709607961963081	230.0	27	1.05	0.95				
	218	2	209.76955765578947	42.835825587368426	0.0	0.0	2	1.043434438980328	3.0041572430582497	230.0	27	1.05	0.95				
	219	1	114.01888869578949	23.30772862842105	0.0	0.0	2	1.0404999761349705	-0.9364326741681884	230.0	25	1.05	0.95				
	220	1	80.63214228210526	16.378403901052632	0.0	0.0	2	1.0455685604235214	-0.2119965205059336	230.0	25	1.05	0.95				
	221	2	0.0	0.0	0.0	0.0	2	1.0432048960969158	2.7069489434896807	230.0	27	1.05	0.95				
	222	2	0.0	0.0	0.0	0.0	2	1.05	9.213582482629636	230.0	27	1.05	0.95				
	223	2	0.0	0.0	0.0	0.0	2	1.05	0.6427943119412504	230.0	25	1.05	0.95				
	224	1	0.0	0.0	0.0	0.0	2	1.017603905268337	-4.238120456682017	230.0	26	1.05	0.95				
	301	2	50.87377413473685	10.36317621263158	0.0	0.0	3	1.0157737591083293	-4.736963693258845	138.0	31	1.05	0.95				
	302	2	45.692186028421055	9.421069284210528	0.0	0.0	3	1.014285241793705	-5.109409331408973	138.0	32	1.05	0.95				
	303	1	84.78962355789474	17.428978175789474	0.0	0.0	3	1.05	10.128662183394074	138.0	31	1.05	0.95				
	304	1	34.85795635157895	7.065801963157894	0.0	0.0	3	1.0105028679679702	-3.9842117031409208	138.0	31	1.05	0.95				
	305	1	33.444795958947374	6.59474849894737	0.0	0.0	3	1.0270686267064333	-6.015585949505663	138.0	31	1.05	0.95				
	306	1	64.06327113263158	13.18949699789474	0.0	-100.0	3	1.0406166753877886	-7.290194119227453	138.0	32	1.05	0.95				
	307	2	58.88168302631579	11.77633660526316	0.0	0.0	3	0.9888870434487745	-12.031791448664867	138.0	32	1.05	0.95				
	308	1	80.55014238	16.48687124736842	0.0	0.0	3	0.9941311999063609	-9.862406484597818	138.0	32	1.05	0.95				
	309	1	82.4343562368421	16.957924711578947	0.0	0.0	3	1.0221705718035923	-1.1163305461640143	138.0	33	1.05	0.95				
	310	1	91.85542552105264	18.842138568421056	0.0	0.0	3	1.05	-5.78504574360994	138.0	33	1.05	0.95				
	311	1	0.0	0.0	0.0	0.0	3	1.0109874596284736	-1.3955951517390581	230.0	33	1.05	0.95				
	312	1	0.0	0.0	0.0	0.0	3	1.014640971798228	-0.7806282253739107	230.0	33	1.05	0.95				
	313	2	124.82916801578948	25.436887067368424	0.0	0.0	3	1.0125996659493577	1.1806553196389513	230.0	34	1.05	0.95				
	314	2	91.38437205684211	18.37108510421053	0.0	0.0	3	1.0093222286796133	-1.5081605716811597	230.0	36	1.05	0.95				
	315	2	149.32394815473685	30.147421709473686	0.0	0.0	3	1.0444210380356078	1.764198061062049	230.0	36	1.05	0.95				
	316	2	47.10534642105264	9.421069284210528	0.0	0.0	3	1.037076739041341	1.172279262852161	230.0	36	1.05	0.95				
	317	1	0.0	0.0	0.0	0.0	3	1.04364488520395	2.3952257474790253	230.0	37	1.05	0.95				
	318	2	156.8608035821053	32.03163556631579	0.0	0.0	3	1.04416333277976	2.1213089081881336	230.0	37	1.05	0.95				
	319	1	85.26067702210527	17.428978175789474	0.0	0.0	3	1.029111963426862	0.5914792825001209	230.0	35	1.05	0.95				
	320	1	60.29484341894737	12.247390069473687	0.0	0.0	3	1.0255575015838647	0.9965926123336651	230.0	35	1.05	0.95				
	321	2	0.0	0.0	0.0	0.0	3	1.0463587452537058	3.1243475446038165	230.0	37	1.05	0.95				
	322	2	0.0	0.0	0.0	0.0	3	1.05	7.171216826053139	230.0	37	1.05	0.95				
	323	2	0.0	0.0	0.0	0.0	3	1.024452988478021	1.5847301468079722	230.0	35	1.05	0.95				
	324	1	0.0	0.0	0.0	0.0	3	1.043765340328608	4.964941945399717	230.0	36	1.05	0.95				
	325	1	0.0	0.0	0.0	0.0	3	1.0247614993480718	2.3210102140889606	230.0	35	1.05	0.95				
];
