%% MATPOWER Case Format : Version 2
function mpc = RTS_GMLC
mpc.version = '2';

%%-----  Power Flow Data  -----%%
%% system MVA base
mpc.baseMVA = 100.0;
%% bus data
%    bus_i    type    Pd    Qd    Gs    Bs    area    Vm    Va    baseKV    zone    Vmax    Vmin
mpc.bus = [
	101	2	80.05145968421053	16.306778824561402	0.0	0.0	1	1.0311758675167617	-2.367903321087	138.0	11	1.05	0.95				
	102	2	71.89807027192981	14.824344385964913	0.0	0.0	1	1.0311611895632813	-2.4410879104145735	138.0	12	1.05	0.95				
	103	1	133.4190994736842	27.425037114035085	0.0	0.0	1	1.0195811610272725	-2.589510720160534	138.0	11	1.05	0.95				
	104	1	54.85007422807017	11.118258289473683	0.0	0.0	1	1.015560684659658	-5.302587036548344	138.0	11	1.05	0.95				
	105	1	52.626422570175436	10.377041070175439	0.0	0.0	1	1.0306605257041623	-5.361351837441214	138.0	11	1.05	0.95				
	106	1	100.8055418245614	20.754082140350878	0.0	-100.0	1	1.0360706757472706	-7.712302386148396	138.0	12	1.05	0.95				
	107	2	92.6521524122807	18.53043048245614	0.0	0.0	1	1.05	-5.046157372833838	138.0	12	1.05	0.95				
	108	1	126.74814449999998	25.942602675438593	0.0	0.0	1	1.0258861911359398	-7.451658359319751	138.0	12	1.05	0.95				
	109	1	129.71301337719296	26.68381989473684	0.0	0.0	1	1.0266112961974856	-4.6379125822913165	138.0	13	1.05	0.95				
	110	1	144.53735776315787	29.648688771929827	0.0	0.0	1	1.05	-6.049574663622881	138.0	13	1.05	0.95				
	111	1	0.0	0.0	0.0	0.0	1	1.0140000677855783	-1.5742164469016815	230.0	13	1.05	0.95				
	112	1	0.0	0.0	0.0	0.0	1	1.0163359828605738	-0.8375765474449168	230.0	13	1.05	0.95				
	113	3	196.42256311403509	40.025729842105264	0.0	0.0	1	1.0153574096269502	6.508489244549413e-30	230.0	14	1.05	0.95				
	114	2	143.79614054385962	28.90747155263158	0.0	0.0	1	1.0172758002943891	0.857628962106832	230.0	16	1.05	0.95				
	115	2	234.96585851754386	47.43790203508772	0.0	0.0	1	1.0449783856196095	9.216694994039859	230.0	16	1.05	0.95				
	116	2	74.12172192982456	14.824344385964913	0.0	0.0	1	1.0439700732774557	8.746769630296848	230.0	16	1.05	0.95				
	117	1	0.0	0.0	0.0	0.0	1	1.0471062901871069	12.158480240852407	230.0	17	1.05	0.95				
	118	2	246.8253340263158	50.4027709122807	0.0	0.0	1	1.0498067913837343	12.751546776755466	230.0	17	1.05	0.95				
	119	1	134.16031669298246	27.425037114035085	0.0	0.0	1	1.0382750176269555	7.179517409496272	230.0	15	1.05	0.95				
	120	1	94.87580407017543	19.271647701754386	0.0	0.0	1	1.040072103269854	7.210800635475504	230.0	15	1.05	0.95				
	121	2	0.0	0.0	0.0	0.0	1	1.05	13.414277283429932	230.0	17	1.05	0.95				
	122	2	0.0	0.0	0.0	0.0	1	1.05	21.571241777316924	230.0	17	1.05	0.95				
	123	2	0.0	0.0	0.0	0.0	1	1.0430465567667593	7.774333841386501	230.0	15	1.05	0.95				
	124	1	0.0	0.0	0.0	0.0	1	1.020650838667012	4.854604486088182	230.0	16	1.05	0.95				
	201	2	98.56508737263158	20.078073353684207	0.0	0.0	2	1.05	-13.620703914637483	138.0	21	1.05	0.95				
	202	2	88.52605069578946	18.252793957894735	0.0	0.0	2	1.05	-13.659843455285225	138.0	22	1.05	0.95				
	203	1	164.27514562105262	33.767668822105264	0.0	0.0	2	1.0221987104985653	-10.014830479411351	138.0	21	1.05	0.95				
	204	1	67.53533764421053	13.68959546842105	0.0	0.0	2	1.0184831263848084	-15.23263934359659	138.0	21	1.05	0.95				
	205	1	64.7974185505263	12.776955770526316	0.0	0.0	2	1.0364732942322907	-15.739272204594288	138.0	21	1.05	0.95				
	206	1	124.11899891368421	25.55391154105263	0.0	-100.0	2	1.0330731319011732	-17.771456278575315	138.0	22	1.05	0.95				
	207	2	114.07996223684209	22.81599244736842	0.0	0.0	2	0.95	-27.51298090277224	138.0	22	1.05	0.95				
	208	1	156.06138833999998	31.94238942631579	0.0	0.0	2	0.9525412543394034	-24.68473769961198	138.0	22	1.05	0.95				
	209	1	159.71194713157894	32.855029124210525	0.0	0.0	2	1.0224902613829774	-12.845886925190827	138.0	23	1.05	0.95				
	210	1	177.96474108947368	36.50558791578947	0.0	0.0	2	1.0462673592367915	-15.051391378260265	138.0	23	1.05	0.95				
	211	1	0.0	0.0	0.0	0.0	2	1.0306126989938091	-7.541113981393634	230.0	23	1.05	0.95				
	212	1	0.0	0.0	0.0	0.0	2	1.023166997752221	-4.632537573433449	230.0	23	1.05	0.95				
	213	2	241.84951994210522	49.28254368631579	0.0	0.0	2	1.05	-2.8269809834751918	230.0	24	1.05	0.95				
	214	2	177.05210139157893	35.59294821789473	0.0	0.0	2	1.05	-5.573829990897802	230.0	26	1.05	0.95				
	215	2	289.30678423263157	58.40894066526315	0.0	0.0	2	1.0432407175021716	3.03251986994598	230.0	26	1.05	0.95				
	216	2	91.26396978947368	18.252793957894735	0.0	0.0	2	1.0477240415305424	2.8804695327005647	230.0	26	1.05	0.95				
	217	1	0.0	0.0	0.0	0.0	2	1.0489660929176776	6.109937192049866	230.0	27	1.05	0.95				
	218	2	303.90901939894735	62.059499456842104	0.0	0.0	2	1.049999994303764	6.608535582757993	230.0	27	1.05	0.95				
	219	1	165.18778531894736	33.767668822105264	0.0	0.0	2	1.0416344415458303	2.45009953553965	230.0	25	1.05	0.95				
	220	1	116.8178813305263	23.728632145263155	0.0	0.0	2	1.0448968488929928	3.78377273038952	230.0	25	1.05	0.95				
	221	2	0.0	0.0	0.0	0.0	2	1.05	7.148261118362771	230.0	27	1.05	0.95				
	222	2	0.0	0.0	0.0	0.0	2	1.05	13.252804066906439	230.0	27	1.05	0.95				
	223	2	0.0	0.0	0.0	0.0	2	1.05	5.174853302908525	230.0	25	1.05	0.95				
	224	1	0.0	0.0	0.0	0.0	2	1.0188536317224004	-1.8105226520889022	230.0	26	1.05	0.95				
	301	2	81.7772856631579	16.65833596842105	0.0	0.0	3	1.0154800542424363	-17.366011627649243	138.0	31	1.05	0.95				
	302	2	73.44811767894736	15.143941789473683	0.0	0.0	3	1.0138500026178212	-17.78974404473693	138.0	32	1.05	0.95				
	303	1	136.29547610526316	28.016292310526314	0.0	0.0	3	1.026169651915788	-9.70732276290733	138.0	31	1.05	0.95				
	304	1	56.03258462105263	11.357956342105261	0.0	0.0	3	1.0067156896792675	-16.466015111701623	138.0	31	1.05	0.95				
	305	1	53.76099335263157	10.60075925263158	0.0	0.0	3	1.0224449861922877	-17.045011132984733	138.0	31	1.05	0.95				
	306	1	102.97880416842105	21.20151850526316	0.0	-100.0	3	1.0320165374277859	-17.702093575271714	138.0	32	1.05	0.95				
	307	2	94.64963618421052	18.929927236842104	0.0	0.0	3	1.0081777831783536	-19.693985441167367	138.0	32	1.05	0.95				
	308	1	129.4807023	26.501898131578944	0.0	0.0	3	0.9996375015844838	-19.3187954009385	138.0	32	1.05	0.95				
	309	1	132.50949065789473	27.259095221052625	0.0	0.0	3	1.0273379192300043	-12.287342334228745	138.0	33	1.05	0.95				
	310	1	147.6534324473684	30.287883578947365	0.0	0.0	3	1.05	-14.298371057627092	138.0	33	1.05	0.95				
	311	1	0.0	0.0	0.0	0.0	3	1.0221587868289652	-7.029021476498015	230.0	33	1.05	0.95				
	312	1	0.0	0.0	0.0	0.0	3	1.0209499250101803	-6.005366684394375	230.0	33	1.05	0.95				
	313	2	200.65722871052628	40.88864283157895	0.0	0.0	3	1.0354072717596052	-2.5694718392321962	230.0	34	1.05	0.95				
	314	2	146.8962353578947	29.530686489473684	0.0	0.0	3	1.0335514425005958	-4.796943837317544	230.0	36	1.05	0.95				
	315	2	240.03147736315788	48.460613726315785	0.0	0.0	3	1.0477643327521178	0.570607412216435	230.0	36	1.05	0.95				
	316	2	75.71970894736842	15.143941789473683	0.0	0.0	3	1.046635394356265	0.5536548496701635	230.0	36	1.05	0.95				
	317	1	0.0	0.0	0.0	0.0	3	1.04847648519825	2.611660838077597	230.0	37	1.05	0.95				
	318	2	252.14663079473684	51.489402084210525	0.0	0.0	3	1.0477414808326493	2.5081297566666496	230.0	37	1.05	0.95				
	319	1	137.05267319473683	28.016292310526314	0.0	0.0	3	1.0438666368135139	0.5955952146350147	230.0	35	1.05	0.95				
	320	1	96.92122745263157	19.68712432631579	0.0	0.0	3	1.0465608107453022	1.4287038548902657	230.0	35	1.05	0.95				
	321	2	0.0	0.0	0.0	0.0	3	1.05	3.7915539176184447	230.0	37	1.05	0.95				
	322	2	0.0	0.0	0.0	0.0	3	1.05	9.10408352638411	230.0	37	1.05	0.95				
	323	2	0.0	0.0	0.0	0.0	3	1.05	2.316188501884292	230.0	35	1.05	0.95				
	324	1	0.0	0.0	0.0	0.0	3	1.0282629498925488	-2.2355038862442904	230.0	36	1.05	0.95				
	325	1	0.0	0.0	0.0	0.0	3	1.047446560143372	3.2331188915773685	230.0	35	1.05	0.95				
];
