%% MATPOWER Case Format : Version 2
function mpc = RTS_GMLC
mpc.version = '2';

%%-----  Power Flow Data  -----%%
%% system MVA base
mpc.baseMVA = 100.0;
%% bus data
%    bus_i    type    Pd    Qd    Gs    Bs    area    Vm    Va    baseKV    zone    Vmax    Vmin
mpc.bus = [
	101	2	59.13013357894737	12.045027210526316	0.0	0.0	1	1.0405119010399515	-0.037294336627776876	138.0	11	1.05	0.95				
	102	2	53.10761997368421	10.950024736842106	0.0	0.0	1	1.0394762665304973	-0.34853793631725244	138.0	12	1.05	0.95				
	103	1	98.55022263157895	20.257545763157893	0.0	0.0	1	1.0260806912482574	-1.7133037346837767	138.0	11	1.05	0.95				
	104	1	40.515091526315786	8.212518552631579	0.0	0.0	1	1.0234177801773805	-3.381729763904678	138.0	11	1.05	0.95				
	105	1	38.87258781578947	7.665017315789474	0.0	0.0	1	1.0376913508107672	-3.452117020525542	138.0	11	1.05	0.95				
	106	1	74.46016821052632	15.330034631578949	0.0	-100.0	1	1.0434717676599123	-5.945780223349289	138.0	12	1.05	0.95				
	107	2	68.43765460526316	13.687530921052632	0.0	0.0	1	1.0002413060687214	-12.405641610698916	138.0	12	1.05	0.95				
	108	1	93.6227115	19.162543289473682	0.0	0.0	1	0.9999188780376081	-10.85181782212477	138.0	12	1.05	0.95				
	109	1	95.81271644736842	19.71004452631579	0.0	0.0	1	1.024880982739348	-4.194037496509452	138.0	13	1.05	0.95				
	110	1	106.76274118421051	21.900049473684213	0.0	0.0	1	1.05	-5.219014843334865	138.0	13	1.05	0.95				
	111	1	0.0	0.0	0.0	0.0	1	1.007998252140497	-1.5218633045553305	230.0	13	1.05	0.95				
	112	1	0.0	0.0	0.0	0.0	1	1.0115316788100952	-1.1898416120963011	230.0	13	1.05	0.95				
	113	3	145.0878277631579	29.565066789473686	0.0	0.0	1	1.0052300049903957	4.5121429791865455e-30	230.0	14	1.05	0.95				
	114	2	106.21523994736842	21.352548236842107	0.0	0.0	1	1.007700484217156	0.42943223047843454	230.0	16	1.05	0.95				
	115	2	173.55789207894736	35.04007915789474	0.0	0.0	1	1.0379024994365376	7.117745587868132	230.0	16	1.05	0.95				
	116	2	54.75012368421053	10.950024736842106	0.0	0.0	1	1.03495670747178	6.460485696458051	230.0	16	1.05	0.95				
	117	1	0.0	0.0	0.0	0.0	1	1.0398457607194755	9.412450672528498	230.0	17	1.05	0.95				
	118	2	182.31791186842105	37.23008410526316	0.0	0.0	1	1.0423181294909998	9.675117740243364	230.0	17	1.05	0.95				
	119	1	99.09772386842106	20.257545763157893	0.0	0.0	1	1.0279021288557904	4.820386216500289	230.0	15	1.05	0.95				
	120	1	70.08015831578948	14.235032157894736	0.0	0.0	1	1.026430188174381	4.440633443791019	230.0	15	1.05	0.95				
	121	2	0.0	0.0	0.0	0.0	1	1.0449054969202132	11.178084639601753	230.0	17	1.05	0.95				
	122	2	0.0	0.0	0.0	0.0	1	1.05	19.366574632602575	230.0	17	1.05	0.95				
	123	2	0.0	0.0	0.0	0.0	1	1.0266900378185737	4.650327943570242	230.0	15	1.05	0.95				
	124	1	0.0	0.0	0.0	0.0	1	1.0223697227992237	3.8172677466512566	230.0	16	1.05	0.95				
	201	2	52.5635132968421	10.707382338245614	0.0	0.0	2	1.0251853074958488	-10.88485335825313	138.0	21	1.05	0.95				
	202	2	47.2098221277193	9.733983943859648	0.0	0.0	2	1.0261603214358017	-10.68458931013655	138.0	22	1.05	0.95				
	203	1	87.60585549473684	18.00787029614035	0.0	0.0	2	1.017025353728917	-10.012200514308834	138.0	21	1.05	0.95				
	204	1	36.0157405922807	7.3004879578947355	0.0	0.0	2	1.0170053459653015	-12.150297276493719	138.0	21	1.05	0.95				
	205	1	34.55564300070175	6.813788760701754	0.0	0.0	2	1.031621949598737	-12.44932751945516	138.0	21	1.05	0.95				
	206	1	66.19109081824561	13.627577521403508	0.0	-100.0	2	1.0428900150623355	-13.756016433815809	138.0	22	1.05	0.95				
	207	2	60.8373996491228	12.16747992982456	0.0	0.0	2	0.9909630024993092	-20.76597690636423	138.0	22	1.05	0.95				
	208	1	83.22556271999999	17.034471901754383	0.0	0.0	2	0.9953395705567485	-18.515849983887424	138.0	22	1.05	0.95				
	209	1	85.17235950877192	17.521171098947367	0.0	0.0	2	1.0236358224601734	-11.352741417788332	138.0	23	1.05	0.95				
	210	1	94.90634345263157	19.467967887719297	0.0	0.0	2	1.05	-12.476428529650358	138.0	23	1.05	0.95				
	211	1	0.0	0.0	0.0	0.0	2	1.0087094710863267	-8.135529372957954	230.0	23	1.05	0.95				
	212	1	0.0	0.0	0.0	0.0	2	1.0100135495943388	-6.9350195055747585	230.0	23	1.05	0.95				
	213	2	128.97528725614035	26.28175664842105	0.0	0.0	2	1.006930067191358	-6.4427981688555755	230.0	24	1.05	0.95				
	214	2	94.4196442554386	18.981268690526313	0.0	0.0	2	1.0108894462636948	-5.756033393218283	230.0	26	1.05	0.95				
	215	2	154.28364551017543	31.148748620350876	0.0	0.0	2	1.0285118941243878	0.5613140875115811	230.0	26	1.05	0.95				
	216	2	48.66991971929824	9.733983943859648	0.0	0.0	2	1.0295690239945603	0.5665817024760829	230.0	26	1.05	0.95				
	217	1	0.0	0.0	0.0	0.0	2	1.033205181865876	2.1655874736674092	230.0	27	1.05	0.95				
	218	2	162.07083266526317	33.095545409122806	0.0	0.0	2	1.0323601625905758	1.7056306127096728	230.0	27	1.05	0.95				
	219	1	88.09255469192982	18.00787029614035	0.0	0.0	2	1.0304034105467514	1.0583108653087379	230.0	25	1.05	0.95				
	220	1	62.29749724070175	12.654179127017542	0.0	0.0	2	1.03483054806167	2.421626757386724	230.0	25	1.05	0.95				
	221	2	0.0	0.0	0.0	0.0	2	1.0339276768569856	2.1223233468997584	230.0	27	1.05	0.95				
	222	2	0.0	0.0	0.0	0.0	2	1.05	8.635568641558082	230.0	27	1.05	0.95				
	223	2	0.0	0.0	0.0	0.0	2	1.0385548461996184	3.5312620728481225	230.0	25	1.05	0.95				
	224	1	0.0	0.0	0.0	0.0	2	1.0111720791540402	-3.3951045361892933	230.0	26	1.05	0.95				
	301	2	41.2900980631579	8.410945901754385	0.0	0.0	3	1.0092901125242595	-4.918880890390535	138.0	31	1.05	0.95				
	302	2	37.0846251122807	7.6463144561403515	0.0	0.0	3	1.0092316725921067	-5.009965498226682	138.0	32	1.05	0.95				
	303	1	68.81683010526316	14.145681743859647	0.0	0.0	3	1.020914289996546	-0.7936071783044112	138.0	31	1.05	0.95				
	304	1	28.291363487719295	5.7347358421052625	0.0	0.0	3	1.0110581353280084	-3.8673038910835826	138.0	31	1.05	0.95				
	305	1	27.14441631929824	5.3524201192982455	0.0	0.0	3	1.0247270635625008	-4.211947038587769	138.0	31	1.05	0.95				
	306	1	51.99493830175439	10.704840238596491	0.0	-100.0	3	1.0420729777228257	-4.293036562820982	138.0	32	1.05	0.95				
	307	2	47.789465350877194	9.557893070175439	0.0	0.0	3	0.9856726713369586	-8.476790203813723	138.0	32	1.05	0.95				
	308	1	65.3759886	13.381050298245611	0.0	0.0	3	0.9967913867102488	-6.82096625153526	138.0	32	1.05	0.95				
	309	1	66.90525149122807	13.763366021052631	0.0	0.0	3	1.0238937431226047	-1.3541427731286784	138.0	33	1.05	0.95				
	310	1	74.55156594736842	15.292628912280703	0.0	0.0	3	1.05	-2.2730676481543926	138.0	33	1.05	0.95				
	311	1	0.0	0.0	0.0	0.0	3	1.0029236290901928	2.4808933719486097	230.0	33	1.05	0.95				
	312	1	0.0	0.0	0.0	0.0	3	1.0091778984129038	2.6372295414272355	230.0	33	1.05	0.95				
	313	2	101.31366654385965	20.64504903157895	0.0	0.0	3	1.0070262688453688	5.680154460622058	230.0	34	1.05	0.95				
	314	2	74.1692502245614	14.910313189473683	0.0	0.0	3	0.9962067788386078	4.114961459473709	230.0	36	1.05	0.95				
	315	2	121.19408412982455	24.468206259649122	0.0	0.0	3	1.0230015243620108	6.088692745224481	230.0	36	1.05	0.95				
	316	2	38.231572280701755	7.6463144561403515	0.0	0.0	3	1.0205019364622538	6.354669370632194	230.0	36	1.05	0.95				
	317	1	0.0	0.0	0.0	0.0	3	1.0353041512450987	9.932511503281301	230.0	37	1.05	0.95				
	318	2	127.31113569473685	25.997469150877194	0.0	0.0	3	1.0338105952251986	8.214014884576743	230.0	37	1.05	0.95				
	319	1	69.19914582807017	14.145681743859647	0.0	0.0	3	1.017651938987061	6.10665553893969	230.0	35	1.05	0.95				
	320	1	48.936412519298244	9.940208792982457	0.0	0.0	3	1.0159811300182604	5.967271578796702	230.0	35	1.05	0.95				
	321	2	0.0	0.0	0.0	0.0	3	1.0325587447751685	8.11170565330345	230.0	37	1.05	0.95				
	322	2	0.0	0.0	0.0	0.0	3	1.0476955370871144	13.151256955738493	230.0	37	1.05	0.95				
	323	2	0.0	0.0	0.0	0.0	3	1.0151421771100715	6.083364884115948	230.0	35	1.05	0.95				
	324	1	0.0	0.0	0.0	0.0	3	1.014657354445874	4.413129330057629	230.0	36	1.05	0.95				
	325	1	0.0	0.0	0.0	0.0	3	1.0172936453093646	6.535064687339675	230.0	35	1.05	0.95				
];
