%% MATPOWER Case Format : Version 2
function mpc = RTS_GMLC
mpc.version = '2';

%%-----  Power Flow Data  -----%%
%% system MVA base
mpc.baseMVA = 100.0;
%% bus data
%    bus_i    type    Pd    Qd    Gs    Bs    area    Vm    Va    baseKV    zone    Vmax    Vmin
mpc.bus = [
	101	2	57.233052947368435	11.658584859649125	0.0	0.0	1	1.0374773575131364	0.5459474242667787	138.0	11	1.05	0.95				
	102	2	51.40376051754386	10.598713508771931	0.0	0.0	1	1.0364641223800113	0.23025963362931098	138.0	12	1.05	0.95				
	103	1	95.38842157894737	19.607619991228074	0.0	0.0	1	1.0277816823370132	-1.1349040581330168	138.0	11	1.05	0.95				
	104	1	39.21523998245615	7.949035131578948	0.0	0.0	1	1.022560541108041	-2.9368990442840595	138.0	11	1.05	0.95				
	105	1	37.62543295614035	7.419099456140351	0.0	0.0	1	1.036251355268804	-3.003839083924872	138.0	11	1.05	0.95				
	106	1	72.07125185964914	14.838198912280703	0.0	-100.0	1	1.043124416729889	-5.5545119970781	138.0	12	1.05	0.95				
	107	2	66.24195942982458	13.248391885964914	0.0	0.0	1	1.0000869016489546	-13.496720813101728	138.0	12	1.05	0.95				
	108	1	90.6190005	18.54774864035088	0.0	0.0	1	0.9995874639534703	-11.297034748521915	138.0	12	1.05	0.95				
	109	1	92.73874320175439	19.077684315789476	0.0	0.0	1	1.0253462565199112	-3.920907360563293	138.0	13	1.05	0.95				
	110	1	103.33745671052633	21.197427017543863	0.0	0.0	1	1.05	-4.951224368094752	138.0	13	1.05	0.95				
	111	1	0.0	0.0	0.0	0.0	1	1.0083670541325456	-1.2724003977666227	230.0	13	1.05	0.95				
	112	1	0.0	0.0	0.0	0.0	1	1.0129038922759093	-1.0295165438521083	230.0	13	1.05	0.95				
	113	3	140.4329539912281	28.616526473684218	0.0	0.0	1	1.0064216601547336	1.4323716044345502e-29	230.0	14	1.05	0.95				
	114	2	102.80752103508772	20.667491342105265	0.0	0.0	1	1.0074447439785126	0.8743300509596507	230.0	16	1.05	0.95				
	115	2	167.98960911403512	33.91588322807018	0.0	0.0	1	1.0421274613969553	7.80055208045168	230.0	16	1.05	0.95				
	116	2	52.993567543859655	10.598713508771931	0.0	0.0	1	1.0387463631807334	7.017127366481684	230.0	16	1.05	0.95				
	117	1	0.0	0.0	0.0	0.0	1	1.0436613927916234	9.931157537297189	230.0	17	1.05	0.95				
	118	2	176.46857992105265	36.03562592982457	0.0	0.0	1	1.0468369550422592	10.108232810872119	230.0	17	1.05	0.95				
	119	1	95.91835725438598	19.607619991228074	0.0	0.0	1	1.0317591297986168	5.256704603764508	230.0	15	1.05	0.95				
	120	1	67.83176645614036	13.778327561403511	0.0	0.0	1	1.0301975764828504	4.7294442437246325	230.0	15	1.05	0.95				
	121	2	0.0	0.0	0.0	0.0	1	1.0499999962231894	11.482442867655319	230.0	17	1.05	0.95				
	122	2	0.0	0.0	0.0	0.0	1	1.05	20.413523370214268	230.0	17	1.05	0.95				
	123	2	0.0	0.0	0.0	0.0	1	1.030302128597655	4.8418633490370055	230.0	15	1.05	0.95				
	124	1	0.0	0.0	0.0	0.0	1	1.0254865113756886	4.469461956890496	230.0	16	1.05	0.95				
	201	2	64.00440735157896	13.037934830877196	0.0	0.0	2	1.0289976875190987	-14.665120026174156	138.0	21	1.05	0.95				
	202	2	57.48543993614036	11.852668028070177	0.0	0.0	2	1.0294466925843866	-14.666020663683433	138.0	22	1.05	0.95				
	203	1	106.6740122526316	21.92743585192983	0.0	0.0	2	1.0164780860278426	-12.972730147667901	138.0	21	1.05	0.95				
	204	1	43.85487170385966	8.889501021052633	0.0	0.0	2	1.0163238401865826	-16.566119726477044	138.0	21	1.05	0.95				
	205	1	42.076971499649126	8.296867619649124	0.0	0.0	2	1.0319372638183624	-16.853085107603125	138.0	21	1.05	0.95				
	206	1	80.5981425908772	16.593735239298248	0.0	-100.0	2	1.0404182974216014	-18.629265799049314	138.0	22	1.05	0.95				
	207	2	74.0791751754386	14.815835035087721	0.0	0.0	2	0.9881233947715046	-27.471053482941873	138.0	22	1.05	0.95				
	208	1	101.34031164000001	20.742169049122808	0.0	0.0	2	0.9887855101214104	-24.62922209339915	138.0	22	1.05	0.95				
	209	1	103.71084524561405	21.334802450526315	0.0	0.0	2	1.0236342480814178	-15.703362048308989	138.0	23	1.05	0.95				
	210	1	115.56351327368421	23.705336056140354	0.0	0.0	2	1.05	-17.186786205933313	138.0	23	1.05	0.95				
	211	1	0.0	0.0	0.0	0.0	2	1.0158455689495565	-11.989221993376134	230.0	23	1.05	0.95				
	212	1	0.0	0.0	0.0	0.0	2	1.0147094380273696	-10.937497116528062	230.0	23	1.05	0.95				
	213	2	157.04785137192985	32.00220367578948	0.0	0.0	2	1.017597215806074	-10.455001585240622	230.0	24	1.05	0.95				
	214	2	114.97087987228072	23.112702654736847	0.0	0.0	2	1.0246612004363478	-8.889330479432937	230.0	26	1.05	0.95				
	215	2	187.86478824491232	37.928537689824566	0.0	0.0	2	1.0369300715886356	-0.5162819161324567	230.0	26	1.05	0.95				
	216	2	59.263340140350884	11.852668028070177	0.0	0.0	2	1.0394593129935203	-0.8914662825054811	230.0	26	1.05	0.95				
	217	1	0.0	0.0	0.0	0.0	2	1.0411755661689266	1.9573497506902076	230.0	27	1.05	0.95				
	218	2	197.34692266736843	40.2990712954386	0.0	0.0	2	1.0420077454549428	2.098774467567019	230.0	27	1.05	0.95				
	219	1	107.2666456540351	21.92743585192983	0.0	0.0	2	1.0401917489663366	-1.1963468849692254	230.0	25	1.05	0.95				
	220	1	75.85707537964913	15.40846843649123	0.0	0.0	2	1.0455403709259912	-0.3428518538908788	230.0	25	1.05	0.95				
	221	2	0.0	0.0	0.0	0.0	2	1.0422544080813063	1.9950332686761345	230.0	27	1.05	0.95				
	222	2	0.0	0.0	0.0	0.0	2	1.05	8.484844656821815	230.0	27	1.05	0.95				
	223	2	0.0	0.0	0.0	0.0	2	1.0499999783190566	0.555490744954958	230.0	25	1.05	0.95				
	224	1	0.0	0.0	0.0	0.0	2	1.0136841798037695	-5.141038711211117	230.0	26	1.05	0.95				
	301	2	49.74628282105263	10.133502056140351	0.0	0.0	3	1.0065709883882006	-11.270379176002379	138.0	31	1.05	0.95				
	302	2	44.67953179298245	9.212274596491229	0.0	0.0	3	1.0060950180528698	-11.381524115349114	138.0	32	1.05	0.95				
	303	1	82.91047136842106	17.04270800350877	0.0	0.0	3	1.0236478479985378	-5.924031130553444	138.0	31	1.05	0.95				
	304	1	34.08541600701754	6.90920594736842	0.0	0.0	3	1.0088094387697382	-9.926400143999007	138.0	31	1.05	0.95				
	305	1	32.70357481754386	6.44859221754386	0.0	0.0	3	1.0221360988224402	-10.495261517595942	138.0	31	1.05	0.95				
	306	1	62.64346725614035	12.89718443508772	0.0	-100.0	3	1.0390045615793821	-10.606059845948284	138.0	32	1.05	0.95				
	307	2	57.57671622807017	11.515343245614035	0.0	0.0	3	0.992410046097354	-15.825355341441714	138.0	32	1.05	0.95				
	308	1	78.7649478	16.121480543859647	0.0	0.0	3	0.9978392067254854	-13.724634129049647	138.0	32	1.05	0.95				
	309	1	80.60740271929825	16.58209427368421	0.0	0.0	3	1.0257650496995012	-6.849699275740404	138.0	33	1.05	0.95				
	310	1	89.81967731578948	18.424549192982457	0.0	0.0	3	1.05	-8.239690685195004	138.0	33	1.05	0.95				
	311	1	0.0	0.0	0.0	0.0	3	1.0092434308827145	-2.409730949067887	230.0	33	1.05	0.95				
	312	1	0.0	0.0	0.0	0.0	3	1.0117309609954166	-2.2654729636051205	230.0	33	1.05	0.95				
	313	2	122.06263840350877	24.873141410526316	0.0	0.0	3	1.0115149472128686	0.8992124994934536	230.0	34	1.05	0.95				
	314	2	89.3590635859649	17.963935463157895	0.0	0.0	3	1.012765904234561	-0.09608263026661025	230.0	36	1.05	0.95				
	315	2	146.01455235438596	29.47927870877193	0.0	0.0	3	1.0390990029507141	3.3240837406116364	230.0	36	1.05	0.95				
	316	2	46.06137298245614	9.212274596491229	0.0	0.0	3	1.0377841742176415	3.810316361714113	230.0	36	1.05	0.95				
	317	1	0.0	0.0	0.0	0.0	3	1.05	8.422588635315345	230.0	37	1.05	0.95				
	318	2	153.38437203157895	31.321733628070174	0.0	0.0	3	1.0469442882341269	6.175799204826891	230.0	37	1.05	0.95				
	319	1	83.37108509824562	17.04270800350877	0.0	0.0	3	1.031753801350236	3.1413615728770115	230.0	35	1.05	0.95				
	320	1	58.95855741754386	11.975956975438597	0.0	0.0	3	1.0283570138710456	2.8239814859485333	230.0	35	1.05	0.95				
	321	2	0.0	0.0	0.0	0.0	3	1.045473528952469	5.850963389934891	230.0	37	1.05	0.95				
	322	2	0.0	0.0	0.0	0.0	3	1.05	11.202672229002951	230.0	37	1.05	0.95				
	323	2	0.0	0.0	0.0	0.0	3	1.0268871000437667	2.8983035283506857	230.0	35	1.05	0.95				
	324	1	0.0	0.0	0.0	0.0	3	1.0227649538650108	0.5590662673356206	230.0	36	1.05	0.95				
	325	1	0.0	0.0	0.0	0.0	3	1.0272964982860584	3.6372282654152874	230.0	35	1.05	0.95				
];
