%% MATPOWER Case Format : Version 2
function mpc = RTS_GMLC
mpc.version = '2';

%%-----  Power Flow Data  -----%%
%% system MVA base
mpc.baseMVA = 100.0;
%% bus data
%    bus_i    type    Pd    Qd    Gs    Bs    area    Vm    Va    baseKV    zone    Vmax    Vmin
mpc.bus = [
	101	2	87.67986146526316	17.860712520701753	0.0	0.0	1	1.0354641654821726	-4.440064045029368	138.0	11	1.05	0.95				
	102	2	78.74950520491227	16.23701138245614	0.0	0.0	1	1.035427696718513	-4.516732864603683	138.0	12	1.05	0.95				
	103	1	146.13310244210524	30.03847105754386	0.0	0.0	1	1.0178216178057293	-5.3285422900265305	138.0	11	1.05	0.95				
	104	1	60.07694211508772	12.177758536842104	0.0	0.0	1	1.0171374498335966	-7.328056812672567	138.0	11	1.05	0.95				
	105	1	57.64139040771929	11.365907967719298	0.0	0.0	1	1.0318776276639128	-7.490534212717224	138.0	11	1.05	0.95				
	106	1	110.41167740070175	22.731815935438597	0.0	-100.0	1	1.0349958163204185	-9.935686110181322	138.0	12	1.05	0.95				
	107	2	101.48132114035087	20.296264228070175	0.0	0.0	1	1.05	-7.384291059041424	138.0	12	1.05	0.95				
	108	1	138.82644731999997	28.414769919298244	0.0	0.0	1	1.023854120831516	-9.860962239307726	138.0	12	1.05	0.95				
	109	1	142.07384959649121	29.22662048842105	0.0	0.0	1	1.0270841495107277	-6.6336464432138325	138.0	13	1.05	0.95				
	110	1	158.31086097894735	32.47402276491228	0.0	0.0	1	1.05	-8.030532965613832	138.0	13	1.05	0.95				
	111	1	0.0	0.0	0.0	0.0	1	1.015846358852775	-3.047234649676252	230.0	13	1.05	0.95				
	112	1	0.0	0.0	0.0	0.0	1	1.0181340367242382	-2.0216675954757646	230.0	13	1.05	0.95				
	113	3	215.14040081754385	43.83993073263158	0.0	0.0	1	1.021974796852466	1.8134948127858401e-26	230.0	14	1.05	0.95				
	114	2	157.49901040982454	31.662172195789474	0.0	0.0	1	1.0186352167229769	-1.4179693454321147	230.0	16	1.05	0.95				
	115	2	257.35663041192976	51.958436423859645	0.0	0.0	1	1.0443532114891478	6.125039215834636	230.0	16	1.05	0.95				
	116	2	81.1850569122807	16.23701138245614	0.0	0.0	1	1.0439965281000252	5.804712713835233	230.0	16	1.05	0.95				
	117	1	0.0	0.0	0.0	0.0	1	1.04732945448627	8.825392727486191	230.0	17	1.05	0.95				
	118	2	270.34623951789473	55.205838700350874	0.0	0.0	1	1.0491889445396596	9.472465955308959	230.0	17	1.05	0.95				
	119	1	146.94495301122805	30.03847105754386	0.0	0.0	1	1.0382167831194122	4.623674411161212	230.0	15	1.05	0.95				
	120	1	103.91687284771929	21.108114797192982	0.0	0.0	1	1.0406097411559379	5.122600007060362	230.0	15	1.05	0.95				
	121	2	0.0	0.0	0.0	0.0	1	1.05	10.32567489182945	230.0	17	1.05	0.95				
	122	2	0.0	0.0	0.0	0.0	1	1.05	16.248619088234417	230.0	17	1.05	0.95				
	123	2	0.0	0.0	0.0	0.0	1	1.0443778235627454	5.991972002925663	230.0	15	1.05	0.95				
	124	1	0.0	0.0	0.0	0.0	1	1.0200753981290933	1.8989223237990929	230.0	16	1.05	0.95				
	201	2	95.43711634105264	19.440894069473686	0.0	0.0	2	1.05	-16.074172068648593	138.0	21	1.05	0.95				
	202	2	85.71666930631578	17.673540063157898	0.0	0.0	2	1.05	-16.12537219304741	138.0	22	1.05	0.95				
	203	1	159.06186056842105	32.696049116842104	0.0	0.0	2	1.0228260005762193	-12.20878453465685	138.0	21	1.05	0.95				
	204	1	65.39209823368421	13.255155047368422	0.0	0.0	2	1.0188480907538038	-17.85718799080219	138.0	21	1.05	0.95				
	205	1	62.741067224210525	12.371478044210528	0.0	0.0	2	1.036931335618213	-18.375860106744057	138.0	21	1.05	0.95				
	206	1	120.18007242947371	24.742956088421057	0.0	-100.0	2	1.0340420699616388	-20.486836334059177	138.0	22	1.05	0.95				
	207	2	110.45962539473683	22.09192507894737	0.0	0.0	2	0.95	-30.669983253095765	138.0	22	1.05	0.95				
	208	1	151.10876754	30.928695110526316	0.0	0.0	2	0.9531855700526795	-27.624455195926732	138.0	22	1.05	0.95				
	209	1	154.64347555263157	31.812372113684212	0.0	0.0	2	1.0220227645117386	-15.720745144568522	138.0	23	1.05	0.95				
	210	1	172.31701561578947	35.347080126315795	0.0	0.0	2	1.0464641996219133	-17.97027359163529	138.0	23	1.05	0.95				
	211	1	0.0	0.0	0.0	0.0	2	1.0301097024221904	-10.111249345606016	230.0	23	1.05	0.95				
	212	1	0.0	0.0	0.0	0.0	2	1.020623629567643	-8.687301396604509	230.0	23	1.05	0.95				
	213	2	234.1744058368421	47.71855817052632	0.0	0.0	2	1.05	-5.552417481740146	230.0	24	1.05	0.95				
	214	2	171.43333861263156	34.463403123157896	0.0	0.0	2	1.05	-7.696790702722601	230.0	26	1.05	0.95				
	215	2	280.1256100010527	56.55532820210527	0.0	0.0	2	1.044052698675986	1.5014351575965519	230.0	26	1.05	0.95				
	216	2	88.36770031578948	17.673540063157898	0.0	0.0	2	1.0480994070801353	1.2085999043119675	230.0	26	1.05	0.95				
	217	1	0.0	0.0	0.0	0.0	2	1.0491639038583411	4.52508607609213	230.0	27	1.05	0.95				
	218	2	294.26444205157895	60.090036214736855	0.0	0.0	2	1.05	5.10147745753108	230.0	27	1.05	0.95				
	219	1	159.94553757157897	32.696049116842104	0.0	0.0	2	1.0421994004052046	0.6498177246350536	230.0	25	1.05	0.95				
	220	1	113.11065640421054	22.975602082105265	0.0	0.0	2	1.045250427216723	1.8163891865034085	230.0	25	1.05	0.95				
	221	2	0.0	0.0	0.0	0.0	2	1.05	5.645616860222551	230.0	27	1.05	0.95				
	222	2	0.0	0.0	0.0	0.0	2	1.05	11.717893141341092	230.0	27	1.05	0.95				
	223	2	0.0	0.0	0.0	0.0	2	1.05	3.095682533341526	230.0	25	1.05	0.95				
	224	1	0.0	0.0	0.0	0.0	2	1.0186261098002292	-3.587816861474124	230.0	26	1.05	0.95				
	301	2	75.93483073263158	15.468206260350877	0.0	0.0	3	1.012809186202582	-15.234763434782023	138.0	31	1.05	0.95				
	302	2	68.20072760245614	14.062005691228071	0.0	0.0	3	1.0114383757842724	-15.598788745548372	138.0	32	1.05	0.95				
	303	1	126.55805122105264	26.01471052877193	0.0	0.0	3	1.0201879566021452	-9.888605482833677	138.0	31	1.05	0.95				
	304	1	52.02942105754386	10.546504268421051	0.0	0.0	3	1.0065843304650413	-14.363122355081906	138.0	31	1.05	0.95				
	305	1	49.920120203859646	9.84340398385965	0.0	0.0	3	1.0217820511302618	-14.692646064875705	138.0	31	1.05	0.95				
	306	1	95.62163870035089	19.6868079677193	0.0	-100.0	3	1.0330454392592208	-15.174437417318694	138.0	32	1.05	0.95				
	307	2	87.88753557017543	17.577507114035086	0.0	0.0	3	1.005896516577039	-17.445376696479105	138.0	32	1.05	0.95				
	308	1	120.23014866	24.608509959649123	0.0	0.0	3	1.000185950013316	-16.912207288919415	138.0	32	1.05	0.95				
	309	1	123.0425497982456	25.311610244210524	0.0	0.0	3	1.0267694971350452	-10.474658287285598	138.0	33	1.05	0.95				
	310	1	137.10455548947368	28.124011382456143	0.0	0.0	3	1.05	-11.895792409718686	138.0	33	1.05	0.95				
	311	1	0.0	0.0	0.0	0.0	3	1.0191769204984076	-5.072242371584556	230.0	33	1.05	0.95				
	312	1	0.0	0.0	0.0	0.0	3	1.0196179718896072	-3.820787912185879	230.0	33	1.05	0.95				
	313	2	186.32157540877193	37.96741536631579	0.0	0.0	3	1.0325568666619733	-0.16394026297585437	230.0	34	1.05	0.95				
	314	2	136.40145520491228	27.42091109789474	0.0	0.0	3	1.027402479577817	-3.3477817170366833	230.0	36	1.05	0.95				
	315	2	222.8827902059649	44.998418211929824	0.0	0.0	3	1.0457609729359514	0.7028027405951278	230.0	36	1.05	0.95				
	316	2	70.31002845614034	14.062005691228071	0.0	0.0	3	1.0439409863039575	0.7648323240858084	230.0	36	1.05	0.95				
	317	1	0.0	0.0	0.0	0.0	3	1.0467812990518828	2.2616273445953747	230.0	37	1.05	0.95				
	318	2	234.13239475894736	47.81081935017544	0.0	0.0	3	1.0470135208969085	2.2004759405039724	230.0	37	1.05	0.95				
	319	1	127.26115150561404	26.01471052877193	0.0	0.0	3	1.0423343551609194	1.6294743687022475	230.0	35	1.05	0.95				
	320	1	89.99683642385965	18.28060739859649	0.0	0.0	3	1.0455810948128432	3.038303628716995	230.0	35	1.05	0.95				
	321	2	0.0	0.0	0.0	0.0	3	1.05	3.622661037526611	230.0	37	1.05	0.95				
	322	2	0.0	0.0	0.0	0.0	3	1.05	8.86340198267799	230.0	37	1.05	0.95				
	323	2	0.0	0.0	0.0	0.0	3	1.0492949003199494	4.183176282877787	230.0	35	1.05	0.95				
	324	1	0.0	0.0	0.0	0.0	3	1.0244280507292605	-2.188355921470868	230.0	36	1.05	0.95				
	325	1	0.0	0.0	0.0	0.0	3	1.048701961505074	4.69493850879715	230.0	35	1.05	0.95				
];
