%% MATPOWER Case Format : Version 2
function mpc = RTS_GMLC
mpc.version = '2';

%%-----  Power Flow Data  -----%%
%% system MVA base
mpc.baseMVA = 100.0;
%% bus data
%    bus_i    type    Pd    Qd    Gs    Bs    area    Vm    Va    baseKV    zone    Vmax    Vmin
mpc.bus = [
	101	2	62.81741713263158	12.796140527017544	0.0	0.0	1	1.0454838920183467	0.5363284022969672	138.0	11	1.05	0.95				
	102	2	56.41934686912281	11.632855024561405	0.0	0.0	1	1.0449183661356893	0.33881007083013087	138.0	12	1.05	0.95				
	103	1	104.69569522105265	21.520781795438594	0.0	0.0	1	1.0252686450955582	-2.2250762361085865	138.0	11	1.05	0.95				
	104	1	43.04156359087719	8.724641268421053	0.0	0.0	1	1.0251689226054714	-3.1894952786738484	138.0	11	1.05	0.95				
	105	1	41.29663533719298	8.142998517192982	0.0	0.0	1	1.039490115092823	-3.230582277671615	138.0	11	1.05	0.95				
	106	1	79.10341416701755	16.285997034385964	0.0	-100.0	1	1.0434974416630824	-5.922502929399454	138.0	12	1.05	0.95				
	107	2	72.70534390350878	14.541068780701755	0.0	0.0	1	1.0045135769538258	-11.669239560051809	138.0	12	1.05	0.95				
	108	1	99.46091046	20.357496292982454	0.0	0.0	1	1.0018785004566142	-10.591675156274128	138.0	12	1.05	0.95				
	109	1	101.78748146491228	20.939139044210524	0.0	0.0	1	1.0249632662158334	-4.368382938130612	138.0	13	1.05	0.95				
	110	1	113.4203364894737	23.26571004912281	0.0	0.0	1	1.05	-5.273150426737021	138.0	13	1.05	0.95				
	111	1	0.0	0.0	0.0	0.0	1	1.007889320406264	-1.8293517675043423	230.0	13	1.05	0.95				
	112	1	0.0	0.0	0.0	0.0	1	1.0119361323560747	-1.2385236350043787	230.0	13	1.05	0.95				
	113	3	154.1353290754386	31.40870856631579	0.0	0.0	1	1.0062492442117463	1.0897065497735987e-31	230.0	14	1.05	0.95				
	114	2	112.83869373824562	22.68406729789474	0.0	0.0	1	1.0058558271053972	-0.339461412054191	230.0	16	1.05	0.95				
	115	2	184.38075213929827	37.22513607859649	0.0	0.0	1	1.0362000141863583	5.774790438285146	230.0	16	1.05	0.95				
	116	2	58.16427512280702	11.632855024561405	0.0	0.0	1	1.0330289974769395	5.274560613337275	230.0	16	1.05	0.95				
	117	1	0.0	0.0	0.0	0.0	1	1.0389106789413156	7.502994505552085	230.0	17	1.05	0.95				
	118	2	193.68703615894736	39.551707083508774	0.0	0.0	1	1.040430215005332	7.700014004603011	230.0	17	1.05	0.95				
	119	1	105.27733797228072	21.520781795438594	0.0	0.0	1	1.0269598865849572	4.137393644717125	230.0	15	1.05	0.95				
	120	1	74.45027215719298	15.122711531929825	0.0	0.0	1	1.026290192179994	4.176406278489802	230.0	15	1.05	0.95				
	121	2	0.0	0.0	0.0	0.0	1	1.043480175366496	9.11770908031239	230.0	17	1.05	0.95				
	122	2	0.0	0.0	0.0	0.0	1	1.05	15.021822081844492	230.0	17	1.05	0.95				
	123	2	0.0	0.0	0.0	0.0	1	1.0272124151665611	4.641964478654837	230.0	15	1.05	0.95				
	124	1	0.0	0.0	0.0	0.0	1	1.021918623514546	2.784202119464492	230.0	16	1.05	0.95				
	201	2	58.1904612	11.853612466666666	0.0	0.0	2	1.0316839338762913	-10.560393607420865	138.0	21	1.05	0.95				
	202	2	52.263654966666664	10.776011333333333	0.0	0.0	2	1.032068287637076	-10.537832274734399	138.0	22	1.05	0.95				
	203	1	96.984102	19.935620966666665	0.0	0.0	2	1.0189140836464352	-9.86211471805631	138.0	21	1.05	0.95				
	204	1	39.87124193333333	8.0820085	0.0	0.0	2	1.01853501328881	-12.57778631030112	138.0	21	1.05	0.95				
	205	1	38.25484023333333	7.543207933333333	0.0	0.0	2	1.0340365564246163	-12.762941559934578	138.0	21	1.05	0.95				
	206	1	73.27687706666667	15.086415866666666	0.0	-100.0	2	1.0425948605358133	-14.500969543309752	138.0	22	1.05	0.95				
	207	2	67.35007083333333	13.470014166666665	0.0	0.0	2	0.9899188647004982	-22.58765793473467	138.0	22	1.05	0.95				
	208	1	92.1348969	18.85801983333333	0.0	0.0	2	0.9923718295592063	-20.04819854856703	138.0	22	1.05	0.95				
	209	1	94.29009916666666	19.3968204	0.0	0.0	2	1.0235757410114477	-12.055162788660136	138.0	23	1.05	0.95				
	210	1	105.0661105	21.552022666666666	0.0	0.0	2	1.05	-13.289256212912086	138.0	23	1.05	0.95				
	211	1	0.0	0.0	0.0	0.0	2	1.0110220677175084	-8.726805426164503	230.0	23	1.05	0.95				
	212	1	0.0	0.0	0.0	0.0	2	1.0111178882416327	-7.7428611367116265	230.0	23	1.05	0.95				
	213	2	142.78215016666667	29.0952306	0.0	0.0	2	1.0084530062488344	-7.419730761456518	230.0	24	1.05	0.95				
	214	2	104.52730993333333	21.0132221	0.0	0.0	2	1.0169203845379375	-5.875456508531221	230.0	26	1.05	0.95				
	215	2	170.79977963333332	34.483236266666665	0.0	0.0	2	1.0335125165662797	1.7041477024296485	230.0	26	1.05	0.95				
	216	2	53.88005666666666	10.776011333333333	0.0	0.0	2	1.0342177541613673	1.4393959919230046	230.0	26	1.05	0.95				
	217	1	0.0	0.0	0.0	0.0	2	1.0379616643645957	3.900109500727751	230.0	27	1.05	0.95				
	218	2	179.4205887	36.638438533333336	0.0	0.0	2	1.039029247175353	4.211296279376693	230.0	27	1.05	0.95				
	219	1	97.52290256666667	19.935620966666665	0.0	0.0	2	1.0323207566849002	0.8841115553550458	230.0	25	1.05	0.95				
	220	1	68.96647253333333	14.008814733333333	0.0	0.0	2	1.0348136987597858	1.4361628021477317	230.0	25	1.05	0.95				
	221	2	0.0	0.0	0.0	0.0	2	1.039459648989903	4.137848647208599	230.0	27	1.05	0.95				
	222	2	0.0	0.0	0.0	0.0	2	1.05	10.546087332045907	230.0	27	1.05	0.95				
	223	2	0.0	0.0	0.0	0.0	2	1.037373613467743	2.142635799857001	230.0	25	1.05	0.95				
	224	1	0.0	0.0	0.0	0.0	2	1.0136865443381404	-2.6124583451224965	230.0	26	1.05	0.95				
	301	2	50.05378045894736	10.19614046385965	0.0	0.0	3	1.007895193491785	-7.555782259910447	138.0	31	1.05	0.95				
	302	2	44.95571022701753	9.269218603508772	0.0	0.0	3	1.0073720613604218	-7.680330329544901	138.0	32	1.05	0.95				
	303	1	83.42296743157894	17.148054416491227	0.0	0.0	3	1.0267253641863225	-1.8702494690222398	138.0	31	1.05	0.95				
	304	1	34.296108832982455	6.951913952631577	0.0	0.0	3	1.0093285286273648	-6.280873212602011	138.0	31	1.05	0.95				
	305	1	32.90572604245614	6.488453022456141	0.0	0.0	3	1.0227928019569998	-6.822927030398516	138.0	31	1.05	0.95				
	306	1	63.03068650385965	12.976906044912282	0.0	-100.0	3	1.0392406164401526	-6.960842678495652	138.0	32	1.05	0.95				
	307	2	57.93261627192982	11.586523254385964	0.0	0.0	3	0.9955338334563978	-11.443119335948598	138.0	32	1.05	0.95				
	308	1	79.25181905999999	16.221132556140347	0.0	0.0	3	1.0016694155548709	-9.354570988436748	138.0	32	1.05	0.95				
	309	1	81.10566278070175	16.684593486315787	0.0	0.0	3	1.0257031351213144	-3.236755175941433	138.0	33	1.05	0.95				
	310	1	90.37488138421051	18.538437207017544	0.0	0.0	3	1.05	-4.600213882026398	138.0	33	1.05	0.95				
	311	1	0.0	0.0	0.0	0.0	3	1.006484878349816	0.5277516747719698	230.0	33	1.05	0.95				
	312	1	0.0	0.0	0.0	0.0	3	1.0108855237789902	1.1089413879629169	230.0	33	1.05	0.95				
	313	2	122.8171464964912	25.02689022947368	0.0	0.0	3	1.0108464922812055	5.01622816521595	230.0	34	1.05	0.95				
	314	2	89.91142045403507	18.074976276842104	0.0	0.0	3	1.0038469876264136	1.1513418787502678	230.0	36	1.05	0.95				
	315	2	146.917114865614	29.66149953122807	0.0	0.0	3	1.0230879144183795	1.1470663655729194	230.0	36	1.05	0.95				
	316	2	46.34609301754386	9.269218603508772	0.0	0.0	3	1.0216695849740196	1.7675173902610257	230.0	36	1.05	0.95				
	317	1	0.0	0.0	0.0	0.0	3	1.0285278950078183	2.549989470258817	230.0	37	1.05	0.95				
	318	2	154.33248974842104	31.515343251929824	0.0	0.0	3	1.027293283820228	1.7967438360738353	230.0	37	1.05	0.95				
	319	1	83.88642836175438	17.148054416491227	0.0	0.0	3	1.019379876632882	2.4378193495221097	230.0	35	1.05	0.95				
	320	1	59.32299906245614	12.049984184561403	0.0	0.0	3	1.0189667672894276	3.1562790514538652	230.0	35	1.05	0.95				
	321	2	0.0	0.0	0.0	0.0	3	1.0279176404369037	2.1402861557487567	230.0	37	1.05	0.95				
	322	2	0.0	0.0	0.0	0.0	3	1.041554476678625	6.678490235160895	230.0	37	1.05	0.95				
	323	2	0.0	0.0	0.0	0.0	3	1.0189375985092268	3.6300039809519187	230.0	35	1.05	0.95				
	324	1	0.0	0.0	0.0	0.0	3	1.0206467938328632	1.3577414381374504	230.0	36	1.05	0.95				
	325	1	0.0	0.0	0.0	0.0	3	1.020537045132899	4.110108014090916	230.0	35	1.05	0.95				
];
