%% MATPOWER Case Format : Version 2
function mpc = RTS_GMLC
mpc.version = '2';

%%-----  Power Flow Data  -----%%
%% system MVA base
mpc.baseMVA = 100.0;
%% bus data
%    bus_i    type    Pd    Qd    Gs    Bs    area    Vm    Va    baseKV    zone    Vmax    Vmin
mpc.bus = [
	101	2	60.96041564210527	12.417862445614034	0.0	0.0	1	1.0395567283185267	2.384556650011094	138.0	11	1.05	0.95				
	102	2	54.751484419298244	11.288965859649123	0.0	0.0	1	1.0389929221894147	2.1927920735042785	138.0	12	1.05	0.95				
	103	1	101.60069273684212	20.884586840350877	0.0	0.0	1	1.0267134791228265	0.048374902116117294	138.0	11	1.05	0.95				
	104	1	41.769173680701755	8.466724394736842	0.0	0.0	1	1.0229475425399714	-1.2926009516979544	138.0	11	1.05	0.95				
	105	1	40.07582880175438	7.902276101754387	0.0	0.0	1	1.0367261315307297	-1.3327796305757367	138.0	11	1.05	0.95				
	106	1	76.76496784561404	15.804552203508774	0.0	-100.0	1	1.0425785707016142	-3.9746776252441887	138.0	12	1.05	0.95				
	107	2	70.55603662280701	14.111207324561404	0.0	0.0	1	1.0182422817030756	-6.237427702152671	138.0	12	1.05	0.95				
	108	1	96.5206581	19.755690254385964	0.0	0.0	1	1.0119290451490632	-6.588417878953078	138.0	12	1.05	0.95				
	109	1	98.77845127192982	20.32013854736842	0.0	0.0	1	1.0255922973926987	-2.386787809514459	138.0	13	1.05	0.95				
	110	1	110.06741713157895	22.577931719298245	0.0	0.0	1	1.05	-3.351889246335055	138.0	13	1.05	0.95				
	111	1	0.0	0.0	0.0	0.0	1	1.0075472483380024	-0.43029598348440873	230.0	13	1.05	0.95				
	112	1	0.0	0.0	0.0	0.0	1	1.012021622135726	0.01748241779410722	230.0	13	1.05	0.95				
	113	3	149.57879764035087	30.480207821052634	0.0	0.0	1	1.0025799079082636	-2.2230685057521504e-31	230.0	14	1.05	0.95				
	114	2	109.50296883859649	22.01348342631579	0.0	0.0	1	1.00621427245472	1.7341364604690874	230.0	16	1.05	0.95				
	115	2	178.93010887543858	36.12469075087719	0.0	0.0	1	1.0417044039390784	8.632650828156862	230.0	16	1.05	0.95				
	116	2	56.444829298245615	11.288965859649123	0.0	0.0	1	1.0385494410311702	8.117065127332332	230.0	16	1.05	0.95				
	117	1	0.0	0.0	0.0	0.0	1	1.043340407265073	10.818273855806924	230.0	17	1.05	0.95				
	118	2	187.9612815631579	38.38248392280702	0.0	0.0	1	1.046642218749544	10.762534843431682	230.0	17	1.05	0.95				
	119	1	102.16514102982457	20.884586840350877	0.0	0.0	1	1.0318133745903812	6.660961290727549	230.0	15	1.05	0.95				
	120	1	72.24938150175439	14.675655617543859	0.0	0.0	1	1.0306753031320333	6.468319486609725	230.0	15	1.05	0.95				
	121	2	0.0	0.0	0.0	0.0	1	1.05	12.003855025814902	230.0	17	1.05	0.95				
	122	2	0.0	0.0	0.0	0.0	1	1.05	22.20314018814661	230.0	17	1.05	0.95				
	123	2	0.0	0.0	0.0	0.0	1	1.0312018574236297	6.790192323041048	230.0	15	1.05	0.95				
	124	1	0.0	0.0	0.0	0.0	1	1.0252162345547862	5.43569862487399	230.0	16	1.05	0.95				
	201	2	62.27042343157896	12.684715884210526	0.0	0.0	2	1.0324642642066888	-10.521397632036079	138.0	21	1.05	0.95				
	202	2	55.92806548947369	11.531559894736843	0.0	0.0	2	1.0326751937795202	-10.592131414000638	138.0	22	1.05	0.95				
	203	1	103.78403905263158	21.33338580526316	0.0	0.0	2	1.0211698920300298	-8.729209650325997	138.0	21	1.05	0.95				
	204	1	42.66677161052632	8.648669921052631	0.0	0.0	2	1.0180155985067914	-12.847752809540346	138.0	21	1.05	0.95				
	205	1	40.937037626315785	8.07209192631579	0.0	0.0	2	1.0337517847902178	-13.103595847837433	138.0	21	1.05	0.95				
	206	1	78.41460728421053	16.14418385263158	0.0	-100.0	2	1.041476095243939	-15.09994072862838	138.0	22	1.05	0.95				
	207	2	72.07224934210527	14.414449868421054	0.0	0.0	2	0.9880876421241147	-23.816986095562058	138.0	22	1.05	0.95				
	208	1	98.59483709999999	20.180229815789474	0.0	0.0	2	0.9895223837458506	-21.0668463843255	138.0	22	1.05	0.95				
	209	1	100.90114907894736	20.756807810526315	0.0	0.0	2	1.0235817197884223	-12.351650768995185	138.0	23	1.05	0.95				
	210	1	112.4327089736842	23.063119789473685	0.0	0.0	2	1.05	-13.89927820936985	138.0	23	1.05	0.95				
	211	1	0.0	0.0	0.0	0.0	2	1.0140452123981036	-9.09779276022213	230.0	23	1.05	0.95				
	212	1	0.0	0.0	0.0	0.0	2	1.0138215865623683	-8.32168338706037	230.0	23	1.05	0.95				
	213	2	152.79316860526316	31.13521171578948	0.0	0.0	2	1.0130068237832213	-7.959677555029906	230.0	24	1.05	0.95				
	214	2	111.85613097894738	22.486541794736844	0.0	0.0	2	1.022018532736433	-6.051725315300166	230.0	26	1.05	0.95				
	215	2	182.77522433157895	36.900991663157896	0.0	0.0	2	1.035668483846027	2.0519153232091725	230.0	26	1.05	0.95				
	216	2	57.657799473684214	11.531559894736843	0.0	0.0	2	1.0382364275591445	1.765642540287451	230.0	26	1.05	0.95				
	217	1	0.0	0.0	0.0	0.0	2	1.0412341792954702	4.825385164325339	230.0	27	1.05	0.95				
	218	2	192.00047224736844	39.207303642105266	0.0	0.0	2	1.0426945388141808	5.242794020115978	230.0	27	1.05	0.95				
	219	1	104.36061704736844	21.33338580526316	0.0	0.0	2	1.0373942889038792	0.917533307431064	230.0	25	1.05	0.95				
	220	1	73.80198332631579	14.991027863157896	0.0	0.0	2	1.0412506616479802	1.2766975889288479	230.0	25	1.05	0.95				
	221	2	0.0	0.0	0.0	0.0	2	1.0423586388572619	4.936574993234014	230.0	27	1.05	0.95				
	222	2	0.0	0.0	0.0	0.0	2	1.05	11.397602125171872	230.0	27	1.05	0.95				
	223	2	0.0	0.0	0.0	0.0	2	1.044656750772919	1.8986640442052958	230.0	25	1.05	0.95				
	224	1	0.0	0.0	0.0	0.0	2	1.016854484514677	-1.9709158290080937	230.0	26	1.05	0.95				
	301	2	54.18791522526315	11.03827902736842	0.0	0.0	3	1.0105129691212498	-16.024422663361822	138.0	31	1.05	0.95				
	302	2	48.66877571157894	10.034799115789472	0.0	0.0	3	1.0096304162172607	-16.2238371727031	138.0	32	1.05	0.95				
	303	1	90.31319204210526	18.564378364210523	0.0	0.0	3	1.036159618806932	-7.355885203460474	138.0	31	1.05	0.95				
	304	1	37.128756728421045	7.526099336842104	0.0	0.0	3	1.0102319527635493	-14.719689311387366	138.0	31	1.05	0.95				
	305	1	35.62353686105262	7.024359381052631	0.0	0.0	3	1.0237807426562364	-15.809405706003842	138.0	31	1.05	0.95				
	306	1	68.2366339873684	14.048718762105262	0.0	-100.0	3	1.0387240199883443	-16.269109242087595	138.0	32	1.05	0.95				
	307	2	62.7174944736842	12.54349889473684	0.0	0.0	3	0.9924591588167618	-21.825595183537	138.0	32	1.05	0.95				
	308	1	85.79753244	17.560898452631577	0.0	0.0	3	0.996282383074204	-19.500840014850382	138.0	32	1.05	0.95				
	309	1	87.80449226315788	18.06263840842105	0.0	0.0	3	1.0271009885492253	-11.440121920392349	138.0	33	1.05	0.95				
	310	1	97.83929137894735	20.069598231578944	0.0	0.0	3	1.05	-13.981548420909817	138.0	33	1.05	0.95				
	311	1	0.0	0.0	0.0	0.0	3	1.0128617869839003	-7.638665141737436	230.0	33	1.05	0.95				
	312	1	0.0	0.0	0.0	0.0	3	1.0137810990957683	-7.331143707978146	230.0	33	1.05	0.95				
	313	2	132.9610882842105	27.093957612631574	0.0	0.0	3	1.0146420880520906	-4.34199077018168	230.0	34	1.05	0.95				
	314	2	97.33755142315788	19.567858275789472	0.0	0.0	3	1.0197279063695386	-5.405208202735297	230.0	36	1.05	0.95				
	315	2	159.05156598526312	32.11135717052631	0.0	0.0	3	1.0425776021481417	-0.47820943735155474	230.0	36	1.05	0.95				
	316	2	50.17399557894736	10.034799115789472	0.0	0.0	3	1.042690542409668	0.256161862736558	230.0	36	1.05	0.95				
	317	1	0.0	0.0	0.0	0.0	3	1.0495292123476219	3.2095464396523097	230.0	37	1.05	0.95				
	318	2	167.07940527789472	34.1183169936842	0.0	0.0	3	1.0462984253967555	1.8158214491927902	230.0	37	1.05	0.95				
	319	1	90.81493199789472	18.564378364210523	0.0	0.0	3	1.036988682165702	-0.8171962678039367	230.0	35	1.05	0.95				
	320	1	64.22271434105262	13.045238850526314	0.0	0.0	3	1.0351914970716025	-1.0829577564422086	230.0	35	1.05	0.95				
	321	2	0.0	0.0	0.0	0.0	3	1.046057247706493	1.650257133760587	230.0	37	1.05	0.95				
	322	2	0.0	0.0	0.0	0.0	3	1.05	6.603713494904942	230.0	37	1.05	0.95				
	323	2	0.0	0.0	0.0	0.0	3	1.0348784987069775	-0.912340132846693	230.0	35	1.05	0.95				
	324	1	0.0	0.0	0.0	0.0	3	1.031462788992244	-2.8181959893406887	230.0	36	1.05	0.95				
	325	1	0.0	0.0	0.0	0.0	3	1.0327414588919803	0.1736863262019938	230.0	35	1.05	0.95				
];
