%% MATPOWER Case Format : Version 2
function mpc = RTS_GMLC
mpc.version = '2';

%%-----  Power Flow Data  -----%%
%% system MVA base
mpc.baseMVA = 100.0;
%% bus data
%    bus_i    type    Pd    Qd    Gs    Bs    area    Vm    Va    baseKV    zone    Vmax    Vmin
mpc.bus = [
	101	2	85.00791687157897	17.316427510877194	0.0	0.0	1	1.034296257656471	-2.621196248378919	138.0	11	1.05	0.95				
	102	2	76.34970311614036	15.742206828070179	0.0	0.0	1	1.0342868919036237	-2.734340894576985	138.0	12	1.05	0.95				
	103	1	141.6798614526316	29.12308263192983	0.0	0.0	1	1.0123227384436415	-0.8801811983806813	138.0	11	1.05	0.95				
	104	1	58.24616526385966	11.806655121052632	0.0	0.0	1	1.0148350630774032	-5.442514858106695	138.0	11	1.05	0.95				
	105	1	55.88483423964913	11.019544779649125	0.0	0.0	1	1.0316077350739	-5.6788181411251974	138.0	11	1.05	0.95				
	106	1	107.04700643087722	22.03908955929825	0.0	-100.0	1	1.0354567112457624	-8.114779723461853	138.0	12	1.05	0.95				
	107	2	98.38879267543861	19.677758535087722	0.0	0.0	1	1.04507922890621	-7.109557084894708	138.0	12	1.05	0.95				
	108	1	134.59586838	27.54886194912281	0.0	0.0	1	1.0209756131994734	-8.819554709609218	138.0	12	1.05	0.95				
	109	1	137.74430974561403	28.335972290526318	0.0	0.0	1	1.0243329067176967	-4.470375470357366	138.0	13	1.05	0.95				
	110	1	153.48651657368424	31.484413656140358	0.0	0.0	1	1.05	-6.299609536867317	138.0	13	1.05	0.95				
	111	1	0.0	0.0	0.0	0.0	1	1.0164767107464894	-0.8360481663596201	230.0	13	1.05	0.95				
	112	1	0.0	0.0	0.0	0.0	1	1.0169768689760097	-0.8317296337114808	230.0	13	1.05	0.95				
	113	3	208.58424047192986	42.503958435789485	0.0	0.0	1	1.01967956482613	2.35890206824271e-30	230.0	14	1.05	0.95				
	114	2	152.69940623228072	30.697303314736846	0.0	0.0	1	1.0251214335231056	2.9615376953603705	230.0	16	1.05	0.95				
	115	2	249.51397822491234	50.37506184982456	0.0	0.0	1	1.0366325632715105	14.598840564644032	230.0	16	1.05	0.95				
	116	2	78.71103414035089	15.742206828070179	0.0	0.0	1	1.0354558668591645	13.24097774298309	230.0	16	1.05	0.95				
	117	1	0.0	0.0	0.0	0.0	1	1.0398465121544709	19.060584185930914	230.0	17	1.05	0.95				
	118	2	262.10774368736844	53.52350321543861	0.0	0.0	1	1.05	19.72623567298871	230.0	17	1.05	0.95				
	119	1	142.46697179403512	29.12308263192983	0.0	0.0	1	1.0307539391098637	9.71160780342475	230.0	15	1.05	0.95				
	120	1	100.75012369964912	20.46486887649123	0.0	0.0	1	1.0359445893745067	8.152359472279004	230.0	15	1.05	0.95				
	121	2	0.0	0.0	0.0	0.0	1	1.05	20.848503883349082	230.0	17	1.05	0.95				
	122	2	0.0	0.0	0.0	0.0	1	1.05	37.62744542589931	230.0	17	1.05	0.95				
	123	2	0.0	0.0	0.0	0.0	1	1.0410143243083818	7.883777905993901	230.0	15	1.05	0.95				
	124	1	0.0	0.0	0.0	0.0	1	1.0074996769254638	8.867856836200238	230.0	16	1.05	0.95				
	201	2	79.84826067789473	16.265386434385963	0.0	0.0	2	1.0378118886550358	-18.710461197568996	138.0	21	1.05	0.95				
	202	2	71.71556746070175	14.786714940350876	0.0	0.0	2	1.0380308384057904	-18.859076924982826	138.0	22	1.05	0.95				
	203	1	133.0804344631579	27.35542263964912	0.0	0.0	2	1.0225047472743216	-13.532581860666141	138.0	21	1.05	0.95				
	204	1	54.71084527929824	11.090036205263157	0.0	0.0	2	1.017162556124079	-20.579081033801423	138.0	21	1.05	0.95				
	205	1	52.4928380382456	10.350700458245614	0.0	0.0	2	1.0343531497175795	-21.175964022441093	138.0	21	1.05	0.95				
	206	1	100.54966159438597	20.701400916491227	0.0	-100.0	2	1.0381419929178721	-23.262368285756818	138.0	22	1.05	0.95				
	207	2	92.41696837719297	18.483393675438595	0.0	0.0	2	0.9602973689638934	-34.274389852608614	138.0	22	1.05	0.95				
	208	1	126.42641273999999	25.87675114561403	0.0	0.0	2	0.9647999958115213	-30.58470356484426	138.0	22	1.05	0.95				
	209	1	129.38375572807018	26.616086892631575	0.0	0.0	2	1.0234374880748323	-18.992834333522886	138.0	23	1.05	0.95				
	210	1	144.17047066842105	29.573429880701752	0.0	0.0	2	1.05	-21.35742726386335	138.0	23	1.05	0.95				
	211	1	0.0	0.0	0.0	0.0	2	1.030096791548191	-14.671361023813777	230.0	23	1.05	0.95				
	212	1	0.0	0.0	0.0	0.0	2	1.020563388494484	-13.721048880594456	230.0	23	1.05	0.95				
	213	2	195.9239729596491	39.924130338947364	0.0	0.0	2	1.0408679960168892	-13.14930142504849	230.0	24	1.05	0.95				
	214	2	143.4311349214035	28.834094133684207	0.0	0.0	2	1.049870758169986	-10.73125477578915	230.0	26	1.05	0.95				
	215	2	234.36943180456134	47.3174878091228	0.0	0.0	2	1.0438170191020661	0.056969476725333014	230.0	26	1.05	0.95				
	216	2	73.93357470175438	14.786714940350876	0.0	0.0	2	1.047281808423931	-0.5435366918465726	230.0	26	1.05	0.95				
	217	1	0.0	0.0	0.0	0.0	2	1.0479402633164394	3.6636628748628235	230.0	27	1.05	0.95				
	218	2	246.19880375684207	50.27483079719298	0.0	0.0	2	1.0499534908968078	4.22896597652962	230.0	27	1.05	0.95				
	219	1	133.81977021017545	27.35542263964912	0.0	0.0	2	1.0432749797046275	-1.6087876843025142	230.0	25	1.05	0.95				
	220	1	94.6349756182456	19.22272942245614	0.0	0.0	2	1.0462820494051517	-1.1519550347620415	230.0	25	1.05	0.95				
	221	2	0.0	0.0	0.0	0.0	2	1.05	4.441107627065721	230.0	27	1.05	0.95				
	222	2	0.0	0.0	0.0	0.0	2	1.05	10.647904355802602	230.0	27	1.05	0.95				
	223	2	0.0	0.0	0.0	0.0	2	1.05	-0.36403510524551935	230.0	25	1.05	0.95				
	224	1	0.0	0.0	0.0	0.0	2	1.018539368384621	-4.986921626460092	230.0	26	1.05	0.95				
	301	2	64.72825056	13.185384373333333	0.0	0.0	3	1.0438501181295954	2.13522470181379	138.0	31	1.05	0.95				
	302	2	58.13555837333334	11.986713066666669	0.0	0.0	3	1.0406542964363543	1.7720998108702297	138.0	32	1.05	0.95				
	303	1	107.88041760000002	22.175419173333335	0.0	0.0	3	1.05	19.501988570806592	138.0	31	1.05	0.95				
	304	1	44.35083834666667	8.9900348	0.0	0.0	3	1.0141371524859648	3.9567474492761674	138.0	31	1.05	0.95				
	305	1	42.55283138666667	8.390699146666668	0.0	0.0	3	1.0355879776956094	1.126644785667061	138.0	31	1.05	0.95				
	306	1	81.50964885333335	16.781398293333336	0.0	-100.0	3	1.0369546037762412	-0.1212789212638416	138.0	32	1.05	0.95				
	307	2	74.91695666666666	14.983391333333335	0.0	0.0	3	0.95	2.155491318900304	138.0	32	1.05	0.95				
	308	1	102.48639672000002	20.976747866666667	0.0	0.0	3	0.965892327789403	1.3769798446845463	138.0	32	1.05	0.95				
	309	1	104.88373933333335	21.57608352	0.0	0.0	3	1.0136779462027092	8.280111482890616	138.0	33	1.05	0.95				
	310	1	116.8704524	23.973426133333337	0.0	0.0	3	1.0417109617501457	1.997991900619871	138.0	33	1.05	0.95				
	311	1	0.0	0.0	0.0	0.0	3	1.0005205873202794	6.641479759552208	230.0	33	1.05	0.95				
	312	1	0.0	0.0	0.0	0.0	3	1.0047946305351299	7.655531930821274	230.0	33	1.05	0.95				
	313	2	158.82394813333335	32.36412528	0.0	0.0	3	1.0014518720333974	9.703578581890127	230.0	34	1.05	0.95				
	314	2	116.27111674666668	23.374090480000003	0.0	0.0	3	0.9972322042207501	5.578588896834652	230.0	36	1.05	0.95				
	315	2	189.9894021066667	38.35748181333334	0.0	0.0	3	1.05	7.749123326341925	230.0	36	1.05	0.95				
	316	2	59.93356533333334	11.986713066666669	0.0	0.0	3	1.038741796198213	7.753498557082656	230.0	36	1.05	0.95				
	317	1	0.0	0.0	0.0	0.0	3	1.05	9.424180576523513	230.0	37	1.05	0.95				
	318	2	199.57877256000003	40.75482442666667	0.0	0.0	3	1.0493265133545733	7.57530372982981	230.0	37	1.05	0.95				
	319	1	108.47975325333334	22.175419173333335	0.0	0.0	3	1.0241906107003227	7.547688497509411	230.0	35	1.05	0.95				
	320	1	76.71496362666667	15.582726986666668	0.0	0.0	3	1.0164981558176212	8.540205799411478	230.0	35	1.05	0.95				
	321	2	0.0	0.0	0.0	0.0	3	1.05	8.2281699030373	230.0	37	1.05	0.95				
	322	2	0.0	0.0	0.0	0.0	3	1.05	13.045615852725767	230.0	37	1.05	0.95				
	323	2	0.0	0.0	0.0	0.0	3	1.0139924188504683	9.562208370317693	230.0	35	1.05	0.95				
	324	1	0.0	0.0	0.0	0.0	3	1.046253138325733	12.237451884110886	230.0	36	1.05	0.95				
	325	1	0.0	0.0	0.0	0.0	3	1.0143564135140977	10.544068610801158	230.0	35	1.05	0.95				
];

%% generator data
%    bus    Pg    Qg    Qmax    Qmin    Vg    mBase    status    Pmax    Pmin    Pc1    Pc2    Qc1min    Qc1max    Qc2min    Qc2max    ramp_agc    ramp_10    ramp_30    ramp_q    apf
