%% MATPOWER Case Format : Version 2
function mpc = RTS_GMLC
mpc.version = '2';

%%-----  Power Flow Data  -----%%
%% system MVA base
mpc.baseMVA = 100.0;
%% bus data
%    bus_i    type    Pd    Qd    Gs    Bs    area    Vm    Va    baseKV    zone    Vmax    Vmin
mpc.bus = [
	101	2	59.811479469473696	12.183819891929826	0.0	0.0	1	1.046012728159582	1.317838039309682	138.0	11	1.05	0.95				
	102	2	53.71956952350877	11.076199901754388	0.0	0.0	1	1.0448858024844843	0.9813326710566086	138.0	12	1.05	0.95				
	103	1	99.6857991157895	20.490969818245617	0.0	0.0	1	1.0297503035105724	-0.695076150306983	138.0	11	1.05	0.95				
	104	1	40.981939636491234	8.30714992631579	0.0	0.0	1	1.0263056195301896	-2.3903246273534067	138.0	11	1.05	0.95				
	105	1	39.32050965122807	7.753339931228072	0.0	0.0	1	1.0399984556267805	-2.566488873038074	138.0	11	1.05	0.95				
	106	1	75.31815933192983	15.506679862456144	0.0	-100.0	1	1.0442262237709106	-5.335524902329656	138.0	12	1.05	0.95				
	107	2	69.2262493859649	13.845249877192984	0.0	0.0	1	0.9989982694851993	-11.832408983124115	138.0	12	1.05	0.95				
	108	1	94.70150916000001	19.383349828070177	0.0	0.0	1	0.9991299196523257	-10.364426068487015	138.0	12	1.05	0.95				
	109	1	96.91674914035089	19.937159823157895	0.0	0.0	1	1.0250787489701054	-3.74911451142275	138.0	13	1.05	0.95				
	110	1	107.99294904210525	22.152399803508775	0.0	0.0	1	1.05	-4.819498629132964	138.0	13	1.05	0.95				
	111	1	0.0	0.0	0.0	0.0	1	1.0082016830527287	-1.3167817724059945	230.0	13	1.05	0.95				
	112	1	0.0	0.0	0.0	0.0	1	1.0112471675139898	-1.3675352143442208	230.0	13	1.05	0.95				
	113	3	146.75964869824563	29.905739734736848	0.0	0.0	1	1.0037868183484855	6.377278621503815e-30	230.0	14	1.05	0.95				
	114	2	107.43913904701753	21.598589808421053	0.0	0.0	1	1.008763541882721	0.595758360821593	230.0	16	1.05	0.95				
	115	2	175.557768442807	35.44383968561404	0.0	0.0	1	1.0420705370441576	7.8455588054833365	230.0	16	1.05	0.95				
	116	2	55.380999508771936	11.076199901754388	0.0	0.0	1	1.0370805714979063	6.6010661395396495	230.0	16	1.05	0.95				
	117	1	0.0	0.0	0.0	0.0	1	1.042646710822974	10.835882320580462	230.0	17	1.05	0.95				
	118	2	184.41872836421055	37.65907966596492	0.0	0.0	1	1.0476774982139312	11.594587788485246	230.0	17	1.05	0.95				
	119	1	100.2396091108772	20.490969818245617	0.0	0.0	1	1.0265475681394802	4.175056737610245	230.0	15	1.05	0.95				
	120	1	70.88767937122807	14.399059872280704	0.0	0.0	1	1.022593383679633	3.003347255388038	230.0	15	1.05	0.95				
	121	2	0.0	0.0	0.0	0.0	1	1.05	13.466070272704028	230.0	17	1.05	0.95				
	122	2	0.0	0.0	0.0	0.0	1	1.05	22.221757915318044	230.0	17	1.05	0.95				
	123	2	0.0	0.0	0.0	0.0	1	1.0215497931693795	2.7831200854017557	230.0	15	1.05	0.95				
	124	1	0.0	0.0	0.0	0.0	1	1.0266279093142423	4.655873918731549	230.0	16	1.05	0.95				
	201	2	55.555485612631585	11.316858180350877	0.0	0.0	2	1.0141820529302774	-11.544563196346006	138.0	21	1.05	0.95				
	202	2	49.89705652245614	10.288052891228071	0.0	0.0	2	1.0138461800858338	-11.667045024052667	138.0	22	1.05	0.95				
	203	1	92.59247602105263	19.032897848771928	0.0	0.0	2	1.0142113647024165	-9.113297421927248	138.0	21	1.05	0.95				
	204	1	38.065795697543855	7.716039668421053	0.0	0.0	2	1.0113167172021642	-11.25248339650473	138.0	21	1.05	0.95				
	205	1	36.52258776385965	7.20163702385965	0.0	0.0	2	1.0255642732154133	-11.618795517847884	138.0	21	1.05	0.95				
	206	1	69.95875966035088	14.4032740477193	0.0	-100.0	2	1.039399762840868	-12.223558006898495	138.0	22	1.05	0.95				
	207	2	64.30033057017543	12.860066114035087	0.0	0.0	2	0.9928006853385706	-18.83139414583474	138.0	22	1.05	0.95				
	208	1	87.96285222	18.00409255964912	0.0	0.0	2	0.9954828399987281	-16.427623680691617	138.0	22	1.05	0.95				
	209	1	90.02046279824562	18.518495204210524	0.0	0.0	2	1.0250451995259158	-8.795766869008288	138.0	23	1.05	0.95				
	210	1	100.30851568947368	20.576105782456143	0.0	0.0	2	1.05	-10.042214327752713	138.0	23	1.05	0.95				
	211	1	0.0	0.0	0.0	0.0	2	1.011219020044568	-5.418862866575583	230.0	23	1.05	0.95				
	212	1	0.0	0.0	0.0	0.0	2	1.0154731196008127	-1.5415275853103623	230.0	23	1.05	0.95				
	213	2	136.3167008087719	27.777742806315793	0.0	0.0	2	1.0138516504834134	-2.600396690492189	230.0	24	1.05	0.95				
	214	2	99.79411304491228	20.06170313789474	0.0	0.0	2	1.0123299677831796	-3.8257522442923957	230.0	26	1.05	0.95				
	215	2	163.0656383259649	32.921769251929824	0.0	0.0	2	1.0286104664899216	1.2254051865356594	230.0	26	1.05	0.95				
	216	2	51.44026445614035	10.288052891228071	0.0	0.0	2	1.030362801353179	1.5710094024344632	230.0	26	1.05	0.95				
	217	1	0.0	0.0	0.0	0.0	2	1.0324880874317262	2.2639998109739667	230.0	27	1.05	0.95				
	218	2	171.29608063894736	34.97937983017544	0.0	0.0	2	1.0310708300673144	1.6785879105053236	230.0	27	1.05	0.95				
	219	1	93.10687866561403	19.032897848771928	0.0	0.0	2	1.0328976560115088	3.008586105889667	230.0	25	1.05	0.95				
	220	1	65.84353850385965	13.374468758596493	0.0	0.0	2	1.0397622645756197	5.2310030864278705	230.0	25	1.05	0.95				
	221	2	0.0	0.0	0.0	0.0	2	1.0331619398964949	2.3299020171007623	230.0	27	1.05	0.95				
	222	2	0.0	0.0	0.0	0.0	2	1.05	8.799489975951861	230.0	27	1.05	0.95				
	223	2	0.0	0.0	0.0	0.0	2	1.0455088026221921	6.819791942281126	230.0	25	1.05	0.95				
	224	1	0.0	0.0	0.0	0.0	2	1.0104676834640058	-2.631499319972847	230.0	26	1.05	0.95				
	301	2	49.11420437052632	10.004745334736842	0.0	0.0	3	1.0038891641014307	8.520814786084822	138.0	31	1.05	0.95				
	302	2	44.1118317031579	9.095223031578946	0.0	0.0	3	1.003731266428602	8.457763569687323	138.0	32	1.05	0.95				
	303	1	81.85700728421052	16.826162608421054	0.0	0.0	3	1.0215617874938254	12.453051791721455	138.0	31	1.05	0.95				
	304	1	33.65232521684211	6.821417273684211	0.0	0.0	3	1.008473500506634	10.132197554649757	138.0	31	1.05	0.95				
	305	1	32.288041762105266	6.3666561221052635	0.0	0.0	3	1.0207469977376267	9.491918207367586	138.0	31	1.05	0.95				
	306	1	61.84751661473684	12.733312244210527	0.0	-100.0	3	1.0385637044012532	9.499388067232633	138.0	32	1.05	0.95				
	307	2	56.84514394736841	11.369028789473685	0.0	0.0	3	0.9838970795450857	5.501996718857421	138.0	32	1.05	0.95				
	308	1	77.76415691999999	15.916640305263158	0.0	0.0	3	0.9958718535919888	7.497959035042302	138.0	32	1.05	0.95				
	309	1	79.58320152631579	16.371401456842104	0.0	0.0	3	1.0271198551088963	13.354768766958891	138.0	33	1.05	0.95				
	310	1	88.67842455789473	18.190446063157893	0.0	0.0	3	1.05	11.922894901954274	138.0	33	1.05	0.95				
	311	1	0.0	0.0	0.0	0.0	3	1.0073907204327845	17.074254000526974	230.0	33	1.05	0.95				
	312	1	0.0	0.0	0.0	0.0	3	1.0138727928866362	17.153162357346336	230.0	33	1.05	0.95				
	313	2	120.51170516842105	24.55710218526316	0.0	0.0	3	1.0137585779202403	21.182317999938128	230.0	34	1.05	0.95				
	314	2	88.2236634063158	17.735684911578947	0.0	0.0	3	1.0028041754872314	18.012817410304113	230.0	36	1.05	0.95				
	315	2	144.1592850505263	29.10471370105263	0.0	0.0	3	1.0311293957133263	17.67000175241049	230.0	36	1.05	0.95				
	316	2	45.47611515789474	9.095223031578946	0.0	0.0	3	1.0292627216615682	18.228609003083495	230.0	36	1.05	0.95				
	317	1	0.0	0.0	0.0	0.0	3	1.0453323503238416	21.169737774474463	230.0	37	1.05	0.95				
	318	2	151.43546347578948	30.92375830736842	0.0	0.0	3	1.044296453176958	18.70678657897318	230.0	37	1.05	0.95				
	319	1	82.31176843578947	16.826162608421054	0.0	0.0	3	1.0259623781425609	18.233586630597802	230.0	35	1.05	0.95				
	320	1	58.20942740210526	11.823789941052631	0.0	0.0	3	1.0235526671284891	17.948154215172163	230.0	35	1.05	0.95				
	321	2	0.0	0.0	0.0	0.0	3	1.0411780394890016	18.994082127944036	230.0	37	1.05	0.95				
	322	2	0.0	0.0	0.0	0.0	3	1.05	24.176076213803725	230.0	37	1.05	0.95				
	323	2	0.0	0.0	0.0	0.0	3	1.0221240214922391	17.834799414277413	230.0	35	1.05	0.95				
	324	1	0.0	0.0	0.0	0.0	3	1.0221006443463672	17.18439361356104	230.0	36	1.05	0.95				
	325	1	0.0	0.0	0.0	0.0	3	1.0258431853923882	17.472658723055286	230.0	35	1.05	0.95				
];
