%% MATPOWER Case Format : Version 2
function mpc = RTS_GMLC
mpc.version = '2';

%%-----  Power Flow Data  -----%%
%% system MVA base
mpc.baseMVA = 100.0;
%% bus data
%    bus_i    type    Pd    Qd    Gs    Bs    area    Vm    Va    baseKV    zone    Vmax    Vmin
mpc.bus = [
	101	2	53.265215254736844	10.850321625964913	0.0	0.0	1	1.0343552531634492	0.7564530491142337	138.0	11	1.05	0.95				
	102	2	47.84005444175438	9.863928750877193	0.0	0.0	1	1.0339258661457549	0.5917549749829074	138.0	12	1.05	0.95				
	103	1	88.77535875789474	18.248268189122804	0.0	0.0	1	1.0281995181559187	-0.3828513332470601	138.0	11	1.05	0.95				
	104	1	36.49653637824561	7.397946563157894	0.0	0.0	1	1.0206228337253438	-2.606465777281332	138.0	11	1.05	0.95				
	105	1	35.016947065614026	6.904750125614036	0.0	0.0	1	1.0353807874473406	-2.484211736265859	138.0	11	1.05	0.95				
	106	1	67.07471550596492	13.809500251228071	0.0	-100.0	1	1.043722400173585	-4.797469499880633	138.0	12	1.05	0.95				
	107	2	61.649554692982456	12.329910938596491	0.0	0.0	1	1.0009573468180382	-11.656636701098867	138.0	12	1.05	0.95				
	108	1	84.33659081999998	17.261875314035084	0.0	0.0	1	1.0018659343917633	-9.825070118828286	138.0	12	1.05	0.95				
	109	1	86.30937657017543	17.755071751578946	0.0	0.0	1	1.0250218028805915	-3.2297016270461834	138.0	13	1.05	0.95				
	110	1	96.17330532105262	19.727857501754386	0.0	0.0	1	1.05	-4.21929176122788	138.0	13	1.05	0.95				
	111	1	0.0	0.0	0.0	0.0	1	1.0069688525841918	-0.7821442720564342	230.0	13	1.05	0.95				
	112	1	0.0	0.0	0.0	0.0	1	1.011225673988751	-0.5804710906383197	230.0	13	1.05	0.95				
	113	3	130.69705594912278	26.632607627368422	0.0	0.0	1	1.002524873060342	-8.387439809447459e-29	230.0	14	1.05	0.95				
	114	2	95.68010888350877	19.234661064210528	0.0	0.0	1	1.0063759563323527	1.5826649205966072	230.0	16	1.05	0.95				
	115	2	156.3432707014035	31.56457200280702	0.0	0.0	1	1.0416842442218701	8.550296830539201	230.0	16	1.05	0.95				
	116	2	49.319643754385964	9.863928750877193	0.0	0.0	1	1.0380797264641544	7.7950586982447945	230.0	16	1.05	0.95				
	117	1	0.0	0.0	0.0	0.0	1	1.0433590783144722	10.667122117979293	230.0	17	1.05	0.95				
	118	2	164.23441370210526	33.53735775298246	0.0	0.0	1	1.0467539970815496	10.790393609624104	230.0	17	1.05	0.95				
	119	1	89.2685551954386	18.248268189122804	0.0	0.0	1	1.0308679354275496	6.0864804310970575	230.0	15	1.05	0.95				
	120	1	63.12914400561404	12.82310737614035	0.0	0.0	1	1.028681372588646	5.542124249296201	230.0	15	1.05	0.95				
	121	2	0.0	0.0	0.0	0.0	1	1.0499999739363586	12.036811805599537	230.0	17	1.05	0.95				
	122	2	0.0	0.0	0.0	0.0	1	1.05	21.377910368725733	230.0	17	1.05	0.95				
	123	2	0.0	0.0	0.0	0.0	1	1.0282754133308794	5.619109044387694	230.0	15	1.05	0.95				
	124	1	0.0	0.0	0.0	0.0	1	1.0253733465121777	5.217080009857488	230.0	16	1.05	0.95				
	201	2	58.95545411368421	12.009444356491228	0.0	0.0	2	1.0310657745921148	-12.00683776311141	138.0	21	1.05	0.95				
	202	2	52.95073193543859	10.917676687719299	0.0	0.0	2	1.0314990538243853	-11.9955850648534	138.0	22	1.05	0.95				
	203	1	98.25909018947368	20.197701872280703	0.0	0.0	2	1.0173373271792905	-10.911714550585149	138.0	21	1.05	0.95				
	204	1	40.395403744561406	8.188257515789472	0.0	0.0	2	1.0179215949570437	-14.040060886890137	138.0	21	1.05	0.95				
	205	1	38.7577522414035	7.64237368140351	0.0	0.0	2	1.0336028543946623	-14.260442564296492	138.0	21	1.05	0.95				
	206	1	74.24020147649124	15.28474736280702	0.0	-100.0	2	1.0422287365004745	-16.033841400783682	138.0	22	1.05	0.95				
	207	2	68.23547929824561	13.647095859649122	0.0	0.0	2	0.9896348875571197	-24.218763077412156	138.0	22	1.05	0.95				
	208	1	93.34613568	19.10593420350877	0.0	0.0	2	0.9917889661512687	-21.638337833220397	138.0	22	1.05	0.95				
	209	1	95.52967101754386	19.651818037894735	0.0	0.0	2	1.0231936472854846	-13.490359918324076	138.0	23	1.05	0.95				
	210	1	106.44734770526314	21.835353375438597	0.0	0.0	2	1.05	-14.81448895304156	138.0	23	1.05	0.95				
	211	1	0.0	0.0	0.0	0.0	2	1.0120449507229283	-10.119484628666633	230.0	23	1.05	0.95				
	212	1	0.0	0.0	0.0	0.0	2	1.0116553385955636	-9.316011641927266	230.0	23	1.05	0.95				
	213	2	144.6592161122807	29.477727056842106	0.0	0.0	2	1.0102215838722928	-8.889801588623042	230.0	24	1.05	0.95				
	214	2	105.90146387087718	21.28946954105263	0.0	0.0	2	1.018860316213578	-7.128223898041736	230.0	26	1.05	0.95				
	215	2	173.04517550035087	34.93656540070175	0.0	0.0	2	1.0326092872039523	0.5883647267926422	230.0	26	1.05	0.95				
	216	2	54.58838343859649	10.917676687719299	0.0	0.0	2	1.0346829078117596	0.4372940001745072	230.0	26	1.05	0.95				
	217	1	0.0	0.0	0.0	0.0	2	1.0382422327741962	3.3203544560581117	230.0	27	1.05	0.95				
	218	2	181.7793168505263	37.12010073824562	0.0	0.0	2	1.0394659212920598	3.5838007891646293	230.0	27	1.05	0.95				
	219	1	98.80497402385964	20.197701872280703	0.0	0.0	2	1.0333755864683982	-0.21937352308757266	230.0	25	1.05	0.95				
	220	1	69.8731308014035	14.192979694035088	0.0	0.0	2	1.0364670852709459	0.25613577466506093	230.0	25	1.05	0.95				
	221	2	0.0	0.0	0.0	0.0	2	1.0395458013497343	3.3513048143267947	230.0	27	1.05	0.95				
	222	2	0.0	0.0	0.0	0.0	2	1.05	9.840915311544213	230.0	27	1.05	0.95				
	223	2	0.0	0.0	0.0	0.0	2	1.0393595452422209	0.9240016102412335	230.0	25	1.05	0.95				
	224	1	0.0	0.0	0.0	0.0	2	1.0126309334966201	-3.7006017944126612	230.0	26	1.05	0.95				
	301	2	43.049667827368424	8.769376779649123	0.0	0.0	3	1.0112861935724047	-9.10941259851	138.0	31	1.05	0.95				
	302	2	38.66497943754386	7.972160708771931	0.0	0.0	3	1.0111008811952984	-9.290916444077258	138.0	32	1.05	0.95				
	303	1	71.74944637894738	14.748497311228071	0.0	0.0	3	1.0364194397856175	-1.3544203832231445	138.0	31	1.05	0.95				
	304	1	29.496994622456143	5.979120531578948	0.0	0.0	3	1.0131725966068057	-8.000930203431224	138.0	31	1.05	0.95				
	305	1	28.30117051614035	5.580512496140352	0.0	0.0	3	1.0257781488133675	-9.275915738347225	138.0	31	1.05	0.95				
	306	1	54.21069281964913	11.161024992280703	0.0	-100.0	3	1.042086988519006	-9.854856809562953	138.0	32	1.05	0.95				
	307	2	49.826004429824565	9.965200885964913	0.0	0.0	3	0.991351924639085	-13.78507594309413	138.0	32	1.05	0.95				
	308	1	68.16197406	13.951281240350877	0.0	0.0	3	0.9998879817956957	-12.02833899249375	138.0	32	1.05	0.95				
	309	1	69.7564062017544	14.349889275789474	0.0	0.0	3	1.0269369777956538	-5.3122757045199736	138.0	33	1.05	0.95				
	310	1	77.72856691052633	15.944321417543861	0.0	0.0	3	1.05	-8.157093755304878	138.0	33	1.05	0.95				
	311	1	0.0	0.0	0.0	0.0	3	1.004958205011276	-3.583022304945363	230.0	33	1.05	0.95				
	312	1	0.0	0.0	0.0	0.0	3	1.0111118002010162	-2.9781000153581663	230.0	33	1.05	0.95				
	313	2	105.63112939122807	21.524833913684212	0.0	0.0	3	1.0080623327585532	-0.47378560865770325	230.0	34	1.05	0.95				
	314	2	77.32995887508773	15.545713382105264	0.0	0.0	3	0.9963198816250515	-3.0122104881534097	230.0	36	1.05	0.95				
	315	2	126.35874723403508	25.510914268070177	0.0	0.0	3	1.0252062946466676	-0.20973342477689866	230.0	36	1.05	0.95				
	316	2	39.86080354385965	7.972160708771931	0.0	0.0	3	1.0229522790548315	0.1561349427099331	230.0	36	1.05	0.95				
	317	1	0.0	0.0	0.0	0.0	3	1.0318318729558011	1.8456894884890076	230.0	37	1.05	0.95				
	318	2	132.73647580105262	27.105346409824566	0.0	0.0	3	1.0305845684231467	1.004074668229259	230.0	37	1.05	0.95				
	319	1	72.14805441438598	14.748497311228071	0.0	0.0	3	1.0186277707650662	-0.19161446272687932	230.0	35	1.05	0.95				
	320	1	51.021828536140355	10.36380892140351	0.0	0.0	3	1.0174284749655136	0.29621182691954395	230.0	35	1.05	0.95				
	321	2	0.0	0.0	0.0	0.0	3	1.0308628060100908	1.162705812695232	230.0	37	1.05	0.95				
	322	2	0.0	0.0	0.0	0.0	3	1.0446772085550953	5.781753884609644	230.0	37	1.05	0.95				
	323	2	0.0	0.0	0.0	0.0	3	1.017323212552435	0.8788047855802539	230.0	35	1.05	0.95				
	324	1	0.0	0.0	0.0	0.0	3	1.0248487627657885	-0.6514837817898906	230.0	36	1.05	0.95				
	325	1	0.0	0.0	0.0	0.0	3	1.0174666215282622	1.8452278073563282	230.0	35	1.05	0.95				
];
