%% MATPOWER Case Format : Version 2
function mpc = RTS_GMLC
mpc.version = '2';

%%-----  Power Flow Data  -----%%
%% system MVA base
mpc.baseMVA = 100.0;
%% bus data
%    bus_i    type    Pd    Qd    Gs    Bs    area    Vm    Va    baseKV    zone    Vmax    Vmin
mpc.bus = [
	101	2	54.96190006736842	11.195942606315787	0.0	0.0	1	1.0459783130508253	2.284245609153598	138.0	11	1.05	0.95				
	102	2	49.36392876421053	10.178129642105263	0.0	0.0	1	1.0449284548743003	1.9647242337573076	138.0	12	1.05	0.95				
	103	1	91.60316677894737	18.829539837894735	0.0	0.0	1	1.0271932829889903	-0.48429468878977455	138.0	11	1.05	0.95				
	104	1	37.65907967578947	7.633597231578946	0.0	0.0	1	1.026734400245825	-1.5241913293966856	138.0	11	1.05	0.95				
	105	1	36.13236022947368	7.124690749473685	0.0	0.0	1	1.0405180024887852	-1.623401566989639	138.0	11	1.05	0.95				
	106	1	69.21128156631579	14.24938149894737	0.0	-100.0	1	1.045459013344272	-4.365557525404146	138.0	12	1.05	0.95				
	107	2	63.613310263157885	12.722662052631579	0.0	0.0	1	0.9997917774635813	-11.643352260684223	138.0	12	1.05	0.95				
	108	1	87.02300844	17.811726873684208	0.0	0.0	1	1.0005293735076692	-9.81817909497146	138.0	12	1.05	0.95				
	109	1	89.05863436842105	18.32063335578947	0.0	0.0	1	1.0244478033227333	-3.172023923515987	138.0	13	1.05	0.95				
	110	1	99.2367640105263	20.356259284210527	0.0	0.0	1	1.05	-4.040897786831373	138.0	13	1.05	0.95				
	111	1	0.0	0.0	0.0	0.0	1	1.0054576801448314	-1.0835594072133239	230.0	13	1.05	0.95				
	112	1	0.0	0.0	0.0	0.0	1	1.0102237793215123	-0.7702299943371234	230.0	13	1.05	0.95				
	113	3	134.86021775789473	27.48095003368421	0.0	0.0	1	1.0011601533653534	-2.7299711709312268e-30	230.0	14	1.05	0.95				
	114	2	98.72785752842105	19.847352802105263	0.0	0.0	1	1.0021146974993782	0.6102122317373291	230.0	16	1.05	0.95				
	115	2	161.3233548273684	32.57001485473684	0.0	0.0	1	1.0320790855333193	6.524832985131317	230.0	16	1.05	0.95				
	116	2	50.890648210526315	10.178129642105263	0.0	0.0	1	1.029486349669071	6.050016993206475	230.0	16	1.05	0.95				
	117	1	0.0	0.0	0.0	0.0	1	1.0357422893854342	8.72867260928514	230.0	17	1.05	0.95				
	118	2	169.46585854105263	34.605640783157895	0.0	0.0	1	1.0374061299839963	9.147095543947845	230.0	17	1.05	0.95				
	119	1	92.11207326105263	18.829539837894735	0.0	0.0	1	1.023613852766727	4.604781215002154	230.0	15	1.05	0.95				
	120	1	65.14002970947368	13.231568534736843	0.0	0.0	1	1.0223873176432168	4.211217443565762	230.0	15	1.05	0.95				
	121	2	0.0	0.0	0.0	0.0	1	1.0397140948940407	10.59681743938964	230.0	17	1.05	0.95				
	122	2	0.0	0.0	0.0	0.0	1	1.05	16.365002237609527	230.0	17	1.05	0.95				
	123	2	0.0	0.0	0.0	0.0	1	1.0226151931851108	4.387544154464422	230.0	15	1.05	0.95				
	124	1	0.0	0.0	0.0	0.0	1	1.0211133019416394	3.889042208539301	230.0	16	1.05	0.95				
	201	2	57.10247128421053	11.63198489122807	0.0	0.0	2	1.0252921778378767	-11.873647227068318	138.0	21	1.05	0.95				
	202	2	51.286478838596494	10.574531719298246	0.0	0.0	2	1.026042487303131	-11.74405686108706	138.0	22	1.05	0.95				
	203	1	95.17078547368422	19.562883680701752	0.0	0.0	2	1.0144993759105014	-10.43327185416315	138.0	21	1.05	0.95				
	204	1	39.125767361403504	7.930898789473684	0.0	0.0	2	1.0161177323522999	-12.623725938578945	138.0	21	1.05	0.95				
	205	1	37.53958760350877	7.402172203508773	0.0	0.0	2	1.0311621756499922	-12.965666486501142	138.0	21	1.05	0.95				
	206	1	71.90681569122808	14.804344407017545	0.0	-100.0	2	1.0418268839290292	-14.067622553932864	138.0	22	1.05	0.95				
	207	2	66.09082324561403	13.218164649122807	0.0	0.0	2	0.9946030378595568	-21.51551172559051	138.0	22	1.05	0.95				
	208	1	90.4122462	18.505430508771926	0.0	0.0	2	0.9955662462619399	-19.021760344876043	138.0	22	1.05	0.95				
	209	1	92.52715254385964	19.03415709473684	0.0	0.0	2	1.0236577185926086	-11.17458233548352	138.0	23	1.05	0.95				
	210	1	103.10168426315789	21.149063438596492	0.0	0.0	2	1.05	-12.382573234403745	138.0	23	1.05	0.95				
	211	1	0.0	0.0	0.0	0.0	2	1.009205004425951	-8.21626927649186	230.0	23	1.05	0.95				
	212	1	0.0	0.0	0.0	0.0	2	1.011854522868379	-4.851016879996007	230.0	23	1.05	0.95				
	213	2	140.11254528070177	28.551235642105265	0.0	0.0	2	1.0076867404165706	-6.081448022262955	230.0	24	1.05	0.95				
	214	2	102.57295767719299	20.620336852631578	0.0	0.0	2	1.01091999992124	-6.441386239062748	230.0	26	1.05	0.95				
	215	2	167.60632775087717	33.838501501754386	0.0	0.0	2	1.024132169253192	-0.5641466730543776	230.0	26	1.05	0.95				
	216	2	52.87265859649123	10.574531719298246	0.0	0.0	2	1.0246584709338562	-0.641469009774205	230.0	26	1.05	0.95				
	217	1	0.0	0.0	0.0	0.0	2	1.028905192759899	0.8486238781066128	230.0	27	1.05	0.95				
	218	2	176.06595312631578	35.95340784561404	0.0	0.0	2	1.0279184470678755	0.13525698406408349	230.0	27	1.05	0.95				
	219	1	95.69951205964912	19.562883680701752	0.0	0.0	2	1.0229206561604376	-0.30726004505892496	230.0	25	1.05	0.95				
	220	1	67.67700300350877	13.746891235087718	0.0	0.0	2	1.0256361580798667	1.0164614855680092	230.0	25	1.05	0.95				
	221	2	0.0	0.0	0.0	0.0	2	1.0300121043597044	0.7135537930473395	230.0	27	1.05	0.95				
	222	2	0.0	0.0	0.0	0.0	2	1.049999998984194	7.25864194405245	230.0	27	1.05	0.95				
	223	2	0.0	0.0	0.0	0.0	2	1.0286357015236205	2.1446136933614883	230.0	25	1.05	0.95				
	224	1	0.0	0.0	0.0	0.0	2	1.0083860969280491	-4.2626423962883	230.0	26	1.05	0.95				
	301	2	40.128440362105266	8.174311925614035	0.0	0.0	3	1.008219748685605	-0.01684945993731172	138.0	31	1.05	0.95				
	302	2	36.04128439929825	7.431192659649123	0.0	0.0	3	1.0082639530469222	-0.05672038378596131	138.0	32	1.05	0.95				
	303	1	66.8807339368421	13.747706420350877	0.0	0.0	3	1.0138717717143977	2.375347061819163	138.0	31	1.05	0.95				
	304	1	27.495412840701754	5.573394494736842	0.0	0.0	3	1.01032471625112	1.1473687031600406	138.0	31	1.05	0.95				
	305	1	26.380733941754386	5.201834861754386	0.0	0.0	3	1.0241714835274771	1.033148759058192	138.0	31	1.05	0.95				
	306	1	50.532110085614036	10.403669723508772	0.0	-100.0	3	1.042097507874274	1.1539632668608224	138.0	32	1.05	0.95				
	307	2	46.44495412280702	9.288990824561404	0.0	0.0	3	0.9900695075599675	-2.097256746272722	138.0	32	1.05	0.95				
	308	1	63.536697239999995	13.004587154385963	0.0	0.0	3	1.0017954124320605	-0.5180433956899254	138.0	32	1.05	0.95				
	309	1	65.02293577192982	13.37614678736842	0.0	0.0	3	1.0230091017247904	3.66900575631607	138.0	33	1.05	0.95				
	310	1	72.45412843157895	14.862385319298246	0.0	0.0	3	1.05	3.279292053825957	138.0	33	1.05	0.95				
	311	1	0.0	0.0	0.0	0.0	3	0.999773191533009	7.259671786552118	230.0	33	1.05	0.95				
	312	1	0.0	0.0	0.0	0.0	3	1.0077665697197018	7.963644656502315	230.0	33	1.05	0.95				
	313	2	98.46330274035088	20.064220181052633	0.0	0.0	3	1.0064196988373473	12.032086499946972	230.0	34	1.05	0.95				
	314	2	72.0825687985965	14.49082568631579	0.0	0.0	3	0.9880039879282684	7.0002968769278455	230.0	36	1.05	0.95				
	315	2	117.78440365543858	23.779816510877193	0.0	0.0	3	1.00490966343755	4.438980307301509	230.0	36	1.05	0.95				
	316	2	37.15596329824562	7.431192659649123	0.0	0.0	3	1.0037956859530222	5.005239694007181	230.0	36	1.05	0.95				
	317	1	0.0	0.0	0.0	0.0	3	1.0106395472263328	4.983703538215025	230.0	37	1.05	0.95				
	318	2	123.7293577831579	25.266055042807018	0.0	0.0	3	1.0106487416542362	4.352877918365131	230.0	37	1.05	0.95				
	319	1	67.25229356982456	13.747706420350877	0.0	0.0	3	1.0058113533440063	6.812223926163382	230.0	35	1.05	0.95				
	320	1	47.55963302175439	9.66055045754386	0.0	0.0	3	1.0076740039781793	7.943751485030592	230.0	35	1.05	0.95				
	321	2	0.0	0.0	0.0	0.0	3	1.010694851107985	4.951070732136157	230.0	37	1.05	0.95				
	322	2	0.0	0.0	0.0	0.0	3	1.0244475429153315	9.489487546498632	230.0	37	1.05	0.95				
	323	2	0.0	0.0	0.0	0.0	3	1.0085625540735312	8.547325584287922	230.0	35	1.05	0.95				
	324	1	0.0	0.0	0.0	0.0	3	1.0052549724806654	5.079250358914365	230.0	36	1.05	0.95				
	325	1	0.0	0.0	0.0	0.0	3	1.0116177756510571	8.739922938572224	230.0	35	1.05	0.95				
];
