%% MATPOWER Case Format : Version 2
function mpc = RTS_GMLC
mpc.version = '2';

%%-----  Power Flow Data  -----%%
%% system MVA base
mpc.baseMVA = 100.0;
%% bus data
%    bus_i    type    Pd    Qd    Gs    Bs    area    Vm    Va    baseKV    zone    Vmax    Vmin
mpc.bus = [
	101	2	76.69816923789475	15.623701141052631	0.0	0.0	1	1.0314041403329541	-1.6314773265517182	138.0	11	1.05	0.95				
	102	2	68.88631866736841	14.203364673684213	0.0	0.0	1	1.031428163708672	-1.6854387388530925	138.0	12	1.05	0.95				
	103	1	127.8302820631579	26.27622464631579	0.0	0.0	1	1.020850663357861	-2.3515157325721394	138.0	11	1.05	0.95				
	104	1	52.55244929263158	10.652523505263158	0.0	0.0	1	1.016309882511108	-4.595012383431237	138.0	11	1.05	0.95				
	105	1	50.42194459157895	9.942355271578949	0.0	0.0	1	1.031204691612681	-4.60754709445802	138.0	11	1.05	0.95				
	106	1	96.58287978105264	19.884710543157897	0.0	-100.0	1	1.0370529295325388	-6.919569830481125	138.0	12	1.05	0.95				
	107	2	88.77102921052632	17.754205842105264	0.0	0.0	1	1.05	-3.3730081381500923	138.0	12	1.05	0.95				
	108	1	121.43876795999999	24.855888178947367	0.0	0.0	1	1.0267563842869296	-6.132825223060774	138.0	12	1.05	0.95				
	109	1	124.27944089473684	25.56605641263158	0.0	0.0	1	1.0266526233460744	-4.096940832347988	138.0	13	1.05	0.95				
	110	1	138.48280556842104	28.406729347368426	0.0	0.0	1	1.05	-5.377405302024532	138.0	13	1.05	0.95				
	111	1	0.0	0.0	0.0	0.0	1	1.0124312493124545	-1.3995601346865432	230.0	13	1.05	0.95				
	112	1	0.0	0.0	0.0	0.0	1	1.0153980230939856	-0.521790040609255	230.0	13	1.05	0.95				
	113	3	188.1945819263158	38.34908461894737	0.0	0.0	1	1.012528226195486	-1.777886773758018e-27	230.0	14	1.05	0.95				
	114	2	137.77263733473683	27.696561113684215	0.0	0.0	1	1.0137276597812632	0.7744557323101932	230.0	16	1.05	0.95				
	115	2	225.12333007789476	45.450766955789476	0.0	0.0	1	1.0444505331128109	8.41254209014095	230.0	16	1.05	0.95				
	116	2	71.01682336842106	14.203364673684213	0.0	0.0	1	1.0424772386409074	8.102171451973575	230.0	16	1.05	0.95				
	117	1	0.0	0.0	0.0	0.0	1	1.04686664466136	10.933386534784942	230.0	17	1.05	0.95				
	118	2	236.48602181684214	48.29143989052632	0.0	0.0	1	1.049010462999771	11.505006385612083	230.0	17	1.05	0.95				
	119	1	128.54045029684212	26.27622464631579	0.0	0.0	1	1.0370921906837152	6.985836908153491	230.0	15	1.05	0.95				
	120	1	90.90153391157895	18.464374075789475	0.0	0.0	1	1.0386372424623271	7.358818747102061	230.0	15	1.05	0.95				
	121	2	0.0	0.0	0.0	0.0	1	1.05	12.073437101005537	230.0	17	1.05	0.95				
	122	2	0.0	0.0	0.0	0.0	1	1.05	18.13770793656056	230.0	17	1.05	0.95				
	123	2	0.0	0.0	0.0	0.0	1	1.0414209074155385	8.088924707629417	230.0	15	1.05	0.95				
	124	1	0.0	0.0	0.0	0.0	1	1.0221461336163868	4.431407970784762	230.0	16	1.05	0.95				
	201	2	85.18621122947368	17.352746731929823	0.0	0.0	2	1.041994367986896	-11.085062594534781	138.0	21	1.05	0.95				
	202	2	76.50983786350876	15.775224301754387	0.0	0.0	2	1.04310932553813	-11.207292185141261	138.0	22	1.05	0.95				
	203	1	141.97701871578948	29.184164958245614	0.0	0.0	2	1.026219068437269	-7.827823519503214	138.0	21	1.05	0.95				
	204	1	58.36832991649123	11.831418226315787	0.0	0.0	2	1.0197193501690163	-13.046706129056872	138.0	21	1.05	0.95				
	205	1	56.00204627122807	11.04265701122807	0.0	0.0	2	1.03585779252804	-13.466243657463204	138.0	21	1.05	0.95				
	206	1	107.27152525192982	22.08531402245614	0.0	-100.0	2	1.0379645790594643	-15.542683955181277	138.0	22	1.05	0.95				
	207	2	98.59515188596491	19.71903037719298	0.0	0.0	2	0.95	-27.483962765611516	138.0	22	1.05	0.95				
	208	1	134.87816777999998	27.606642528070168	0.0	0.0	2	0.9565452694280883	-23.52270877215716	138.0	22	1.05	0.95				
	209	1	138.03321264035085	28.395403743157893	0.0	0.0	2	1.0256800644813318	-11.380177606510536	138.0	23	1.05	0.95				
	210	1	153.80843694210523	31.550448603508773	0.0	0.0	2	1.05	-13.419921006603474	138.0	23	1.05	0.95				
	211	1	0.0	0.0	0.0	0.0	2	1.0323152970822382	-6.229439485702427	230.0	23	1.05	0.95				
	212	1	0.0	0.0	0.0	0.0	2	1.0240605379623562	-4.969833398413656	230.0	23	1.05	0.95				
	213	2	209.02172199824557	42.59310561473684	0.0	0.0	2	1.049999982788021	-2.274359905207638	230.0	24	1.05	0.95				
	214	2	153.01967572701753	30.76168738842105	0.0	0.0	2	1.05	-3.7971423412796828	230.0	26	1.05	0.95				
	215	2	250.037305182807	50.48071776561404	0.0	0.0	2	1.044596300422868	4.618948559074405	230.0	26	1.05	0.95				
	216	2	78.87612150877192	15.775224301754387	0.0	0.0	2	1.0491888541028342	4.522610089672666	230.0	26	1.05	0.95				
	217	1	0.0	0.0	0.0	0.0	2	1.049231330877218	7.714321867465311	230.0	27	1.05	0.95				
	218	2	262.6574846242105	53.63576262596491	0.0	0.0	2	1.05	8.428154199779328	230.0	27	1.05	0.95				
	219	1	142.7657799308772	29.184164958245614	0.0	0.0	2	1.0438228137651928	4.002647153598266	230.0	25	1.05	0.95				
	220	1	100.96143553122808	20.5077915922807	0.0	0.0	2	1.0461746250149648	5.023424603958574	230.0	25	1.05	0.95				
	221	2	0.0	0.0	0.0	0.0	2	1.05	8.88220995643232	230.0	27	1.05	0.95				
	222	2	0.0	0.0	0.0	0.0	2	1.05	14.935888178886325	230.0	27	1.05	0.95				
	223	2	0.0	0.0	0.0	0.0	2	1.05	6.155795116872581	230.0	25	1.05	0.95				
	224	1	0.0	0.0	0.0	0.0	2	1.0220200135926814	-0.011825892587285157	230.0	26	1.05	0.95				
	301	2	63.89117367157895	13.014868710877192	0.0	0.0	3	1.011268743554765	-17.07836935083733	138.0	31	1.05	0.95				
	302	2	57.38373931614035	11.831698828070175	0.0	0.0	3	1.0102108874542344	-17.34053794706725	138.0	32	1.05	0.95				
	303	1	106.48528945263156	21.888642831929822	0.0	0.0	3	1.022765493975226	-11.03571399036065	138.0	31	1.05	0.95				
	304	1	43.777285663859644	8.87377412105263	0.0	0.0	3	1.0086455350647578	-15.914906768961178	138.0	31	1.05	0.95				
	305	1	42.00253083964912	8.282189179649123	0.0	0.0	3	1.022745126842501	-16.655043944020722	138.0	31	1.05	0.95				
	306	1	80.45555203087719	16.564378359298246	0.0	-100.0	3	1.0361667014920342	-17.08830098231675	138.0	32	1.05	0.95				
	307	2	73.94811767543858	14.789623535087717	0.0	0.0	3	1.0061977130503872	-18.519169189398493	138.0	32	1.05	0.95				
	308	1	101.16102498	20.705472949122804	0.0	0.0	3	1.0037687879264898	-18.1885864854481	138.0	32	1.05	0.95				
	309	1	103.52736474561401	21.297057890526315	0.0	0.0	3	1.0272390652971513	-12.332429096428859	138.0	33	1.05	0.95				
	310	1	115.3590635736842	23.66339765614035	0.0	0.0	3	1.05	-14.332990921068992	138.0	33	1.05	0.95				
	311	1	0.0	0.0	0.0	0.0	3	1.015789797391681	-7.713975658339818	230.0	33	1.05	0.95				
	312	1	0.0	0.0	0.0	0.0	3	1.0158633847894853	-6.883489433296274	230.0	33	1.05	0.95				
	313	2	156.7700094719298	31.945586835789474	0.0	0.0	3	1.0228498053442487	-3.5249644496732673	230.0	34	1.05	0.95				
	314	2	114.7674786322807	23.07181271473684	0.0	0.0	3	1.023429205753445	-5.7735388003942045	230.0	36	1.05	0.95				
	315	2	187.53242642491225	37.86143624982456	0.0	0.0	3	1.0460868390968145	0.658175378490851	230.0	36	1.05	0.95				
	316	2	59.15849414035087	11.831698828070175	0.0	0.0	3	1.0439020943431263	0.539546103072823	230.0	36	1.05	0.95				
	317	1	0.0	0.0	0.0	0.0	3	1.0468382320069132	2.6324481330807084	230.0	37	1.05	0.95				
	318	2	196.9977854873684	40.22777601543859	0.0	0.0	3	1.0474912389137447	2.8867225131999565	230.0	37	1.05	0.95				
	319	1	107.07687439403509	21.888642831929822	0.0	0.0	3	1.0394409718853703	-0.16173001766274975	230.0	35	1.05	0.95				
	320	1	75.72287249964911	15.381208476491226	0.0	0.0	3	1.0402848964227407	0.346800897917552	230.0	35	1.05	0.95				
	321	2	0.0	0.0	0.0	0.0	3	1.05	4.054608237511181	230.0	37	1.05	0.95				
	322	2	0.0	0.0	0.0	0.0	3	1.05	9.27137987951278	230.0	37	1.05	0.95				
	323	2	0.0	0.0	0.0	0.0	3	1.0421529939524756	1.06495325492273	230.0	35	1.05	0.95				
	324	1	0.0	0.0	0.0	0.0	3	1.0226659889105865	-3.670858768342112	230.0	36	1.05	0.95				
	325	1	0.0	0.0	0.0	0.0	3	1.0402930705217897	1.9850147437935928	230.0	35	1.05	0.95				
];
