%% MATPOWER Case Format : Version 2
function mpc = RTS_GMLC
mpc.version = '2';

%%-----  Power Flow Data  -----%%
%% system MVA base
mpc.baseMVA = 100.0;
%% bus data
%    bus_i    type    Pd    Qd    Gs    Bs    area    Vm    Va    baseKV    zone    Vmax    Vmin
mpc.bus = [
	101	2	54.56110835368422	11.114299849824562	0.0	0.0	1	1.0297626638706607	1.219336157952553	138.0	11	1.05	0.95				
	102	2	49.003958428771924	10.103908954385965	0.0	0.0	1	1.029352249933504	1.0655174025962166	138.0	12	1.05	0.95				
	103	1	90.93518058947369	18.692231565614033	0.0	0.0	1	1.0257344146325496	-0.2988098061519864	138.0	11	1.05	0.95				
	104	1	37.38446313122807	7.577931715789473	0.0	0.0	1	1.0186137732828038	-2.103580146410577	138.0	11	1.05	0.95				
	105	1	35.868876788070175	7.072736268070176	0.0	0.0	1	1.0329317333738735	-1.9531208365018098	138.0	11	1.05	0.95				
	106	1	68.70658088982456	14.145472536140351	0.0	-100.0	1	1.0423187581932811	-4.231113601947619	138.0	12	1.05	0.95				
	107	2	63.14943096491228	12.629886192982456	0.0	0.0	1	1.0213058763839056	-6.967044146297947	138.0	12	1.05	0.95				
	108	1	86.38842156	17.68184067017544	0.0	0.0	1	1.0153348719017206	-6.913463540291753	138.0	12	1.05	0.95				
	109	1	88.40920335087719	18.187036117894735	0.0	0.0	1	1.0255266441514266	-2.6391342679143697	138.0	13	1.05	0.95				
	110	1	98.51311230526316	20.20781790877193	0.0	0.0	1	1.05	-3.563418046475282	138.0	13	1.05	0.95				
	111	1	0.0	0.0	0.0	0.0	1	1.0056190639103537	-0.5855762683630057	230.0	13	1.05	0.95				
	112	1	0.0	0.0	0.0	0.0	1	1.011723374499855	-0.23603650861490366	230.0	13	1.05	0.95				
	113	3	133.87679364561401	27.28055417684211	0.0	0.0	1	1.0018181264800305	-6.55120444974939e-28	230.0	14	1.05	0.95				
	114	2	98.00791685754385	19.702622461052634	0.0	0.0	1	1.001563772172892	1.5403390647490183	230.0	16	1.05	0.95				
	115	2	160.14695692701756	32.33250865403509	0.0	0.0	1	1.0388378977548667	8.020901358085549	230.0	16	1.05	0.95				
	116	2	50.51954477192982	10.103908954385965	0.0	0.0	1	1.0356261251256351	7.482781389805545	230.0	16	1.05	0.95				
	117	1	0.0	0.0	0.0	0.0	1	1.0417129152651134	9.828384577112441	230.0	17	1.05	0.95				
	118	2	168.2300840905263	34.35329044491228	0.0	0.0	1	1.044242630371385	9.903947903292561	230.0	17	1.05	0.95				
	119	1	91.44037603719298	18.692231565614033	0.0	0.0	1	1.0301869104097894	6.045143365943525	230.0	15	1.05	0.95				
	120	1	64.66501730807018	13.135081640701754	0.0	0.0	1	1.0295097570986138	5.765415387526418	230.0	15	1.05	0.95				
	121	2	0.0	0.0	0.0	0.0	1	1.0478282150785725	11.13087284340922	230.0	17	1.05	0.95				
	122	2	0.0	0.0	0.0	0.0	1	1.05	18.74586488238408	230.0	17	1.05	0.95				
	123	2	0.0	0.0	0.0	0.0	1	1.0300057191138763	5.996326334304367	230.0	15	1.05	0.95				
	124	1	0.0	0.0	0.0	0.0	1	1.0233747172714223	4.917087361081707	230.0	16	1.05	0.95				
	201	2	68.54336533894737	13.962537383859647	0.0	0.0	2	1.0325364839157913	-15.011167858195202	138.0	21	1.05	0.95				
	202	2	61.56209664701754	12.69321580350877	0.0	0.0	2	1.0327874822183467	-15.113165130298375	138.0	22	1.05	0.95				
	203	1	114.23894223157893	23.482449236491227	0.0	0.0	2	1.0191667800236996	-11.90843870208895	138.0	21	1.05	0.95				
	204	1	46.964898472982455	9.519911852631578	0.0	0.0	2	1.016716672032207	-17.203179801293814	138.0	21	1.05	0.95				
	205	1	45.06091610245613	8.88525106245614	0.0	0.0	2	1.0330138888768585	-17.587777129484007	138.0	21	1.05	0.95				
	206	1	86.31386746385965	17.77050212491228	0.0	-100.0	2	1.0398426017816444	-19.634590857675043	138.0	22	1.05	0.95				
	207	2	79.33259877192982	15.866519754385964	0.0	0.0	2	0.9842177639836863	-29.16809298267672	138.0	22	1.05	0.95				
	208	1	108.52699512	22.213127656140347	0.0	0.0	2	0.984308870290439	-26.08729371971372	138.0	22	1.05	0.95				
	209	1	111.06563828070175	22.847788446315786	0.0	0.0	2	1.0231759516094847	-16.334153067464463	138.0	23	1.05	0.95				
	210	1	123.7588540842105	25.38643160701754	0.0	0.0	2	1.05	-18.194747606329756	138.0	23	1.05	0.95				
	211	1	0.0	0.0	0.0	0.0	2	1.0190741300257162	-12.781258255696518	230.0	23	1.05	0.95				
	212	1	0.0	0.0	0.0	0.0	2	1.0163287721223109	-11.845991997823816	230.0	23	1.05	0.95				
	213	2	168.1851093964912	34.271682669473684	0.0	0.0	2	1.0217509244581806	-11.456393445988763	230.0	24	1.05	0.95				
	214	2	123.12419329403508	24.751770816842104	0.0	0.0	2	1.030747649705309	-9.512744560985858	230.0	26	1.05	0.95				
	215	2	201.18747048561403	40.618290571228066	0.0	0.0	2	1.03711028708092	-0.6684614030519627	230.0	26	1.05	0.95				
	216	2	63.466079017543855	12.69321580350877	0.0	0.0	2	1.0411583448920687	-0.9874635759614003	230.0	26	1.05	0.95				
	217	1	0.0	0.0	0.0	0.0	2	1.042293485845532	2.3270800014239645	230.0	27	1.05	0.95				
	218	2	211.342043128421	43.156933731929826	0.0	0.0	2	1.0437210455126502	2.58306388350045	230.0	27	1.05	0.95				
	219	1	114.87360302175438	23.482449236491227	0.0	0.0	2	1.0407942522064038	-1.7193403719970617	230.0	25	1.05	0.95				
	220	1	81.23658114245613	16.501180544561404	0.0	0.0	2	1.0456975206749874	-1.158686111688971	230.0	25	1.05	0.95				
	221	2	0.0	0.0	0.0	0.0	2	1.0434186690822869	2.263030538485371	230.0	27	1.05	0.95				
	222	2	0.0	0.0	0.0	0.0	2	1.05	8.79396049968952	230.0	27	1.05	0.95				
	223	2	0.0	0.0	0.0	0.0	2	1.05	-0.3898155877741913	230.0	25	1.05	0.95				
	224	1	0.0	0.0	0.0	0.0	2	1.016409983657392	-4.849406242030894	230.0	26	1.05	0.95				
	301	2	50.976273334736845	10.384055679298246	0.0	0.0	3	1.0139006857695676	-7.513052123444598	138.0	31	1.05	0.95				
	302	2	45.78424549508772	9.44005061754386	0.0	0.0	3	1.0127212623935298	-7.837181885671108	138.0	32	1.05	0.95				
	303	1	84.96045555789473	17.464093642456138	0.0	0.0	3	1.05	5.521583223999637	138.0	31	1.05	0.95				
	304	1	34.928187284912276	7.080037963157894	0.0	0.0	3	1.0113048489383183	-6.595786349490005	138.0	31	1.05	0.95				
	305	1	33.5121796922807	6.608035432280703	0.0	0.0	3	1.0261259702547139	-8.446844097586633	138.0	31	1.05	0.95				
	306	1	64.19234419929825	13.216070864561406	0.0	-100.0	3	1.040280691828501	-9.525671341240164	138.0	32	1.05	0.95				
	307	2	59.00031635964912	11.800063271929824	0.0	0.0	3	0.9893148649021306	-14.30971587913909	138.0	32	1.05	0.95				
	308	1	80.71243278	16.520088580701753	0.0	0.0	3	0.9950496056124712	-12.146260134115119	138.0	32	1.05	0.95				
	309	1	82.60044290350876	16.992091111578947	0.0	0.0	3	1.0250443931527888	-3.640871633593992	138.0	33	1.05	0.95				
	310	1	92.04049352105262	18.88010123508772	0.0	0.0	3	1.05	-7.864841028583963	138.0	33	1.05	0.95				
	311	1	0.0	0.0	0.0	0.0	3	1.0105955718883668	-3.1461121715750364	230.0	33	1.05	0.95				
	312	1	0.0	0.0	0.0	0.0	3	1.014656955753492	-2.526332228477046	230.0	33	1.05	0.95				
	313	2	125.08067068245614	25.488136667368423	0.0	0.0	3	1.0125282610457293	-0.3734861281532733	230.0	34	1.05	0.95				
	314	2	91.56849099017543	18.408098704210527	0.0	0.0	3	1.0082000811254146	-2.871358515289788	230.0	36	1.05	0.95				
	315	2	149.62480228807016	30.208161976140353	0.0	0.0	3	1.0427698368756901	0.5154377796032743	230.0	36	1.05	0.95				
	316	2	47.2002530877193	9.44005061754386	0.0	0.0	3	1.036685730049783	0.33916901438425295	230.0	36	1.05	0.95				
	317	1	0.0	0.0	0.0	0.0	3	1.043630107818977	1.6691861694482903	230.0	37	1.05	0.95				
	318	2	157.17684278210527	32.096172099649124	0.0	0.0	3	1.0434001902869716	1.1180379942289862	230.0	37	1.05	0.95				
	319	1	85.43245808877192	17.464093642456138	0.0	0.0	3	1.0293585695781189	-0.25028608593459273	230.0	35	1.05	0.95				
	320	1	60.416323952280706	12.272065802807017	0.0	0.0	3	1.02636867920834	0.1488721939229686	230.0	35	1.05	0.95				
	321	2	0.0	0.0	0.0	0.0	3	1.0450522902079833	1.870887052426893	230.0	37	1.05	0.95				
	322	2	0.0	0.0	0.0	0.0	3	1.05	6.1222590569974225	230.0	37	1.05	0.95				
	323	2	0.0	0.0	0.0	0.0	3	1.025574983487561	0.7333723948586199	230.0	35	1.05	0.95				
	324	1	0.0	0.0	0.0	0.0	3	1.0428420912483827	2.4323509580079388	230.0	36	1.05	0.95				
	325	1	0.0	0.0	0.0	0.0	3	1.0251848231719354	1.622338449086241	230.0	35	1.05	0.95				
];
