%% MATPOWER Case Format : Version 2
function mpc = RTS_GMLC
mpc.version = '2';

%%-----  Power Flow Data  -----%%
%% system MVA base
mpc.baseMVA = 100.0;
%% bus data
%    bus_i    type    Pd    Qd    Gs    Bs    area    Vm    Va    baseKV    zone    Vmax    Vmin
mpc.bus = [
	101	2	66.43790204210526	13.5336467122807	0.0	0.0	1	1.0458526150477088	-0.295849277020084	138.0	11	1.05	0.95				
	102	2	59.67107868596491	12.303315192982456	0.0	0.0	1	1.045270993588686	-0.49184359095984953	138.0	12	1.05	0.95				
	103	1	110.72983673684212	22.761133107017542	0.0	0.0	1	1.0250746056170073	-2.7585937249171457	138.0	11	1.05	0.95				
	104	1	45.522266214035085	9.227486394736841	0.0	0.0	1	1.0250848227660914	-3.8266497985370753	138.0	11	1.05	0.95				
	105	1	43.676768935087715	8.61232063508772	0.0	0.0	1	1.0393625977707872	-3.9403896508448097	138.0	11	1.05	0.95				
	106	1	83.6625433122807	17.22464127017544	0.0	-100.0	1	1.042740310098649	-6.592102270093461	138.0	12	1.05	0.95				
	107	2	76.89571995614035	15.37914399122807	0.0	0.0	1	1.0060130571461434	-10.950788778118236	138.0	12	1.05	0.95				
	108	1	105.19334489999999	21.5308015877193	0.0	0.0	1	1.0023403057740978	-10.479015014387675	138.0	12	1.05	0.95				
	109	1	107.6540079385965	22.14596734736842	0.0	0.0	1	1.0251965065278588	-4.762605190648769	138.0	13	1.05	0.95				
	110	1	119.95732313157895	24.606630385964912	0.0	0.0	1	1.05	-5.753593542241956	138.0	13	1.05	0.95				
	111	1	0.0	0.0	0.0	0.0	1	1.0090371902963386	-2.1138135528732156	230.0	13	1.05	0.95				
	112	1	0.0	0.0	0.0	0.0	1	1.0123353926653689	-1.4255063987299064	230.0	13	1.05	0.95				
	113	3	163.01892630701752	33.21895102105263	0.0	0.0	1	1.007901065881245	2.6408658840377828e-30	230.0	14	1.05	0.95				
	114	2	119.34215737192982	23.99146462631579	0.0	0.0	1	1.0081388561076479	-0.7298313809544344	230.0	16	1.05	0.95				
	115	2	195.0075458087719	39.37060861754386	0.0	0.0	1	1.03692988246121	5.362637608358191	230.0	16	1.05	0.95				
	116	2	61.51657596491228	12.303315192982456	0.0	0.0	1	1.033880735671637	4.959557356224888	230.0	16	1.05	0.95				
	117	1	0.0	0.0	0.0	0.0	1	1.0394828829191027	7.124042606426377	230.0	17	1.05	0.95				
	118	2	204.85019796315788	41.83127165614035	0.0	0.0	1	1.0409057253651042	7.278336455018721	230.0	17	1.05	0.95				
	119	1	111.34500249649122	22.761133107017542	0.0	0.0	1	1.0274901642539895	3.9193382217367847	230.0	15	1.05	0.95				
	120	1	78.74121723508772	15.994309750877193	0.0	0.0	1	1.026844249323937	4.08420118612518	230.0	15	1.05	0.95				
	121	2	0.0	0.0	0.0	0.0	1	1.044027389541549	8.726497097079497	230.0	17	1.05	0.95				
	122	2	0.0	0.0	0.0	0.0	1	1.05	14.714444707285338	230.0	17	1.05	0.95				
	123	2	0.0	0.0	0.0	0.0	1	1.0279645215349549	4.643389814888373	230.0	15	1.05	0.95				
	124	1	0.0	0.0	0.0	0.0	1	1.0221663210474938	2.3293898484848516	230.0	16	1.05	0.95				
	201	2	57.32346922105263	11.677002989473683	0.0	0.0	2	1.0320359403127846	-7.923546861465752	138.0	21	1.05	0.95				
	202	2	51.48496772631579	10.615457263157897	0.0	0.0	2	1.0324147175898426	-7.875196682258619	138.0	22	1.05	0.95				
	203	1	95.53911536842105	19.638595936842105	0.0	0.0	2	1.019298449699572	-8.098692604206558	138.0	21	1.05	0.95				
	204	1	39.27719187368421	7.961592947368421	0.0	0.0	2	1.019096281353197	-9.875142929403898	138.0	21	1.05	0.95				
	205	1	37.684873284210525	7.430820084210526	0.0	0.0	2	1.0343825189776075	-9.981485418332092	138.0	21	1.05	0.95				
	206	1	72.1851093894737	14.861640168421053	0.0	-100.0	2	1.0429767345392726	-11.629053162718575	138.0	22	1.05	0.95				
	207	2	66.34660789473685	13.269321578947368	0.0	0.0	2	0.9905413195440803	-19.616501944769855	138.0	22	1.05	0.95				
	208	1	90.7621596	18.577050210526313	0.0	0.0	2	0.9932049529846113	-17.122625427160873	138.0	22	1.05	0.95				
	209	1	92.88525105263157	19.10782307368421	0.0	0.0	2	1.023999573750704	-9.353587583048023	138.0	23	1.05	0.95				
	210	1	103.50070831578948	21.230914526315793	0.0	0.0	2	1.05	-10.387055637774049	138.0	23	1.05	0.95				
	211	1	0.0	0.0	0.0	0.0	2	1.008953361478427	-6.296016817577372	230.0	23	1.05	0.95				
	212	1	0.0	0.0	0.0	0.0	2	1.0113885626439012	-4.302187106019461	230.0	23	1.05	0.95				
	213	2	140.6548087368421	28.661734610526317	0.0	0.0	2	1.0055037317919824	-4.7226441971877176	230.0	24	1.05	0.95				
	214	2	102.96993545263157	20.700141663157893	0.0	0.0	2	1.0119382535707633	-4.01748885790297	230.0	26	1.05	0.95				
	215	2	168.25499762105264	33.96946324210526	0.0	0.0	2	1.0319450357613016	2.6126846618568793	230.0	26	1.05	0.95				
	216	2	53.07728631578947	10.615457263157897	0.0	0.0	2	1.0315656993470248	2.436127270628548	230.0	26	1.05	0.95				
	217	1	0.0	0.0	0.0	0.0	2	1.036671718298792	4.707940313841725	230.0	27	1.05	0.95				
	218	2	176.74736343157895	36.09255469473685	0.0	0.0	2	1.0378099162498795	5.0604335802964435	230.0	27	1.05	0.95				
	219	1	96.06988823157894	19.638595936842105	0.0	0.0	2	1.029342894457	2.1900638152066065	230.0	25	1.05	0.95				
	220	1	67.93892648421053	13.800094442105262	0.0	0.0	2	1.031479586686631	3.0014132273866565	230.0	25	1.05	0.95				
	221	2	0.0	0.0	0.0	0.0	2	1.0382599746814927	5.005837659254559	230.0	27	1.05	0.95				
	222	2	0.0	0.0	0.0	0.0	2	1.05	11.389195698505869	230.0	27	1.05	0.95				
	223	2	0.0	0.0	0.0	0.0	2	1.0339115390864908	3.8470004169614853	230.0	25	1.05	0.95				
	224	1	0.0	0.0	0.0	0.0	2	1.01395762833964	-1.3911030721515811	230.0	26	1.05	0.95				
	301	2	52.36001264842105	10.66592850245614	0.0	0.0	3	1.0074695491993366	-8.610091107394261	138.0	31	1.05	0.95				
	302	2	47.027048397192985	9.696298638596492	0.0	0.0	3	1.007002284717495	-8.727608585965049	138.0	32	1.05	0.95				
	303	1	87.26668774736842	17.938152481403506	0.0	0.0	3	1.023672240652401	-3.230717934771147	138.0	31	1.05	0.95				
	304	1	35.87630496280701	7.272223978947368	0.0	0.0	3	1.0082914093934054	-7.291002690633298	138.0	31	1.05	0.95				
	305	1	34.42186016701754	6.787409047017544	0.0	0.0	3	1.0221390817770666	-7.660605486756515	138.0	31	1.05	0.95				
	306	1	65.93483074245614	13.574818094035088	0.0	-100.0	3	1.0384779536577748	-7.698340007360127	138.0	32	1.05	0.95				
	307	2	60.60186649122807	12.120373298245614	0.0	0.0	3	0.9954586793522955	-12.557553471642295	138.0	32	1.05	0.95				
	308	1	82.90335336	16.968522617543858	0.0	0.0	3	1.0007112527773916	-10.352268123752925	138.0	32	1.05	0.95				
	309	1	84.8426130877193	17.453337549473684	0.0	0.0	3	1.0250213985888892	-4.1270412623601	138.0	33	1.05	0.95				
	310	1	94.53891172631579	19.392597277192984	0.0	0.0	3	1.05	-5.154160063943381	138.0	33	1.05	0.95				
	311	1	0.0	0.0	0.0	0.0	3	1.007276675451404	0.19089841176307037	230.0	33	1.05	0.95				
	312	1	0.0	0.0	0.0	0.0	3	1.0113485719868713	0.7830503606561147	230.0	33	1.05	0.95				
	313	2	128.4759569614035	26.180006324210524	0.0	0.0	3	1.0131498245181627	4.858928771107974	230.0	34	1.05	0.95				
	314	2	94.05409679438597	18.907782345263158	0.0	0.0	3	1.0058885020318333	1.021286950197418	230.0	36	1.05	0.95				
	315	2	153.68633342175437	31.02815564350877	0.0	0.0	3	1.0226140698167745	0.8092693030706896	230.0	36	1.05	0.95				
	316	2	48.481493192982455	9.696298638596492	0.0	0.0	3	1.02167111702759	1.5384086089176439	230.0	36	1.05	0.95				
	317	1	0.0	0.0	0.0	0.0	3	1.0274299511627218	2.207480851075729	230.0	37	1.05	0.95				
	318	2	161.44337233263158	32.96741537122807	0.0	0.0	3	1.0260771535197932	1.5989323991901412	230.0	37	1.05	0.95				
	319	1	87.75150267929824	17.938152481403506	0.0	0.0	3	1.0203102918376776	2.4476035045533857	230.0	35	1.05	0.95				
	320	1	62.05631128701754	12.605188230175438	0.0	0.0	3	1.0201769994044645	3.063518382531382	230.0	35	1.05	0.95				
	321	2	0.0	0.0	0.0	0.0	3	1.0269709049754845	1.8904009525272378	230.0	37	1.05	0.95				
	322	2	0.0	0.0	0.0	0.0	3	1.0405265208763639	6.401030946979298	230.0	37	1.05	0.95				
	323	2	0.0	0.0	0.0	0.0	3	1.02034516261175	3.4867246088599475	230.0	35	1.05	0.95				
	324	1	0.0	0.0	0.0	0.0	3	1.018546550924002	0.7083443591341043	230.0	36	1.05	0.95				
	325	1	0.0	0.0	0.0	0.0	3	1.021947912221392	3.945017697136021	230.0	35	1.05	0.95				
];
