%% MATPOWER Case Format : Version 2
function mpc = RTS_GMLC
mpc.version = '2';

%%-----  Power Flow Data  -----%%
%% system MVA base
mpc.baseMVA = 100.0;
%% bus data
%    bus_i    type    Pd    Qd    Gs    Bs    area    Vm    Va    baseKV    zone    Vmax    Vmin
mpc.bus = [
	101	2	95.04106878315791	19.36021771508772	0.0	0.0	1	1.0340178763998353	-7.329087180274325	138.0	11	1.05	0.95				
	102	2	85.36095992561404	17.60019792280702	0.0	0.0	1	1.0339997199959454	-7.389381906239297	138.0	12	1.05	0.95				
	103	1	158.40178130526317	32.56036615719299	0.0	0.0	1	1.0143053336183363	-6.915547518731369	138.0	11	1.05	0.95				
	104	1	65.12073231438598	13.200148442105263	0.0	0.0	1	1.0144664071034861	-9.55566898893855	138.0	11	1.05	0.95				
	105	1	62.48070262596491	12.320138545964914	0.0	0.0	1	1.0304827560656598	-9.716374067217348	138.0	11	1.05	0.95				
	106	1	119.68134587508774	24.64027709192983	0.0	-100.0	1	1.0329384292056096	-11.852371941793052	138.0	12	1.05	0.95				
	107	2	110.00123701754387	22.000247403508773	0.0	0.0	1	1.05	-6.566963066865219	138.0	12	1.05	0.95				
	108	1	150.48169224	30.800346364912283	0.0	0.0	1	1.0215985151549931	-10.12272532678832	138.0	12	1.05	0.95				
	109	1	154.00173182456143	31.680356261052633	0.0	0.0	1	1.0271783468704745	-7.7655416566506155	138.0	13	1.05	0.95				
	110	1	171.60192974736844	35.20039584561404	0.0	0.0	1	1.05	-9.35886448381129	138.0	13	1.05	0.95				
	111	1	0.0	0.0	0.0	0.0	1	1.0208488617443372	-3.6716169016591653	230.0	13	1.05	0.95				
	112	1	0.0	0.0	0.0	0.0	1	1.0201470874169052	-2.3158910398929904	230.0	13	1.05	0.95				
	113	3	233.202622477193	47.520534391578956	0.0	0.0	1	1.030440619088882	2.247098656300811e-28	230.0	14	1.05	0.95				
	114	2	170.72191985122808	34.32038594947369	0.0	0.0	1	1.0281103621070662	-2.057469601072927	230.0	16	1.05	0.95				
	115	2	278.96313707649125	56.32063335298246	0.0	0.0	1	1.0438215862259512	5.784746360190126	230.0	16	1.05	0.95				
	116	2	88.00098961403509	17.60019792280702	0.0	0.0	1	1.045552088890564	5.603187261423581	230.0	16	1.05	0.95				
	117	1	0.0	0.0	0.0	0.0	1	1.0480665446526756	8.639647688119966	230.0	17	1.05	0.95				
	118	2	293.04329541473686	59.84067293754387	0.0	0.0	1	1.0496801631561856	9.257942460075604	230.0	17	1.05	0.95				
	119	1	159.28179120140354	32.56036615719299	0.0	0.0	1	1.0407981979463854	4.880297895219531	230.0	15	1.05	0.95				
	120	1	112.64126670596492	22.880257299649127	0.0	0.0	1	1.0448118605340935	5.901494172753871	230.0	15	1.05	0.95				
	121	2	0.0	0.0	0.0	0.0	1	1.05	10.25841014793085	230.0	17	1.05	0.95				
	122	2	0.0	0.0	0.0	0.0	1	1.05	16.364440679193347	230.0	17	1.05	0.95				
	123	2	0.0	0.0	0.0	0.0	1	1.05	7.097891111822514	230.0	15	1.05	0.95				
	124	1	0.0	0.0	0.0	0.0	1	1.0167635242438413	1.1083694750083952	230.0	16	1.05	0.95				
	201	2	92.37714464842107	18.817566502456142	0.0	0.0	2	1.05	-13.325292799157488	138.0	21	1.05	0.95				
	202	2	82.96836139719298	17.10687863859649	0.0	0.0	2	1.05	-13.359789273904978	138.0	22	1.05	0.95				
	203	1	153.96190774736846	31.647725481403512	0.0	0.0	2	1.025829617624062	-10.194771106070029	138.0	21	1.05	0.95				
	204	1	63.295450962807024	12.830158978947367	0.0	0.0	2	1.0206528726959736	-15.179197386697338	138.0	21	1.05	0.95				
	205	1	60.72941916701754	11.974815047017545	0.0	0.0	2	1.0382287305883278	-15.627924032785563	138.0	21	1.05	0.95				
	206	1	116.32677474245617	23.94963009403509	0.0	-100.0	2	1.036332081024585	-17.707681194927066	138.0	22	1.05	0.95				
	207	2	106.91799149122807	21.383598298245616	0.0	0.0	2	0.95	-28.59939898917161	138.0	22	1.05	0.95				
	208	1	146.26381236	29.93703761754386	0.0	0.0	2	0.9544804715327954	-25.221329829697428	138.0	22	1.05	0.95				
	209	1	149.68518808771933	30.792381549473685	0.0	0.0	2	1.0241742980500608	-13.240245462475777	138.0	23	1.05	0.95				
	210	1	166.7920667263158	34.21375727719298	0.0	0.0	2	1.0482805536444137	-15.31599670326367	138.0	23	1.05	0.95				
	211	1	0.0	0.0	0.0	0.0	2	1.0309791675578095	-7.680512758667844	230.0	23	1.05	0.95				
	212	1	0.0	0.0	0.0	0.0	2	1.0217797752394973	-6.216889143799049	230.0	23	1.05	0.95				
	213	2	226.66614196140353	46.18857232421053	0.0	0.0	2	1.05	-3.065448082134306	230.0	24	1.05	0.95				
	214	2	165.93672279438596	33.35841334526316	0.0	0.0	2	1.05	-5.428205472342507	230.0	26	1.05	0.95				
	215	2	271.1440264217544	54.74201164350878	0.0	0.0	2	1.0461688432104157	3.127359976185413	230.0	26	1.05	0.95				
	216	2	85.53439319298246	17.10687863859649	0.0	0.0	2	1.0496440694481726	3.0486913335323513	230.0	26	1.05	0.95				
	217	1	0.0	0.0	0.0	0.0	2	1.05	6.212921458367894	230.0	27	1.05	0.95				
	218	2	284.8295293326316	58.16338737122808	0.0	0.0	2	1.0495101239865097	6.821132395608914	230.0	27	1.05	0.95				
	219	1	154.81725167929824	31.647725481403512	0.0	0.0	2	1.0433293308406488	2.7147459653528285	230.0	25	1.05	0.95				
	220	1	109.48402328701756	22.23894223017544	0.0	0.0	2	1.0456913328844504	4.02188782092319	230.0	25	1.05	0.95				
	221	2	0.0	0.0	0.0	0.0	2	1.05	7.317793072770061	230.0	27	1.05	0.95				
	222	2	0.0	0.0	0.0	0.0	2	1.05	13.396350838468026	230.0	27	1.05	0.95				
	223	2	0.0	0.0	0.0	0.0	2	1.05	5.358509866361589	230.0	25	1.05	0.95				
	224	1	0.0	0.0	0.0	0.0	2	1.021602067206393	-1.8215355908658235	230.0	26	1.05	0.95				
	301	2	72.3815248168421	14.744384684912278	0.0	0.0	3	1.0164666868328769	-11.458765447267345	138.0	31	1.05	0.95				
	302	2	65.00933247438596	13.403986077192984	0.0	0.0	3	1.0146606747186615	-11.913005407283588	138.0	32	1.05	0.95				
	303	1	120.63587469473684	24.797374242807017	0.0	0.0	3	1.0382078945816973	-2.8746925258185985	138.0	31	1.05	0.95				
	304	1	49.59474848561403	10.052989557894735	0.0	0.0	3	1.0101037772422001	-10.894058286758892	138.0	31	1.05	0.95				
	305	1	47.584150574035085	9.382790254035088	0.0	0.0	3	1.0245351812811605	-11.881295580026562	138.0	31	1.05	0.95				
	306	1	91.14710532491227	18.765580508070176	0.0	-100.0	3	1.034960861618497	-12.87380914497957	138.0	32	1.05	0.95				
	307	2	83.77491298245614	16.754982596491228	0.0	0.0	3	1.0059715326628118	-14.386070751863588	138.0	32	1.05	0.95				
	308	1	114.60408095999999	23.45697563508772	0.0	0.0	3	1.0013274789047966	-14.114044089356234	138.0	32	1.05	0.95				
	309	1	117.2848781754386	24.127174938947366	0.0	0.0	3	1.028843408786152	-7.327888546748562	138.0	33	1.05	0.95				
	310	1	130.6888642526316	26.80797215438597	0.0	0.0	3	1.05	-10.160337500297283	138.0	33	1.05	0.95				
	311	1	0.0	0.0	0.0	0.0	3	1.0186213325920528	-3.829480294018133	230.0	33	1.05	0.95				
	312	1	0.0	0.0	0.0	0.0	3	1.0194282529214878	-2.32722278342079	230.0	33	1.05	0.95				
	313	2	177.60281552280702	36.19076240842105	0.0	0.0	3	1.0280005917700776	0.6577229295844085	230.0	34	1.05	0.95				
	314	2	130.0186649487719	26.137772850526314	0.0	0.0	3	1.0240818288106237	-2.86367999755236	230.0	36	1.05	0.95				
	315	2	212.45317932350875	42.89275544701754	0.0	0.0	3	1.0458471150088835	2.905297018146569	230.0	36	1.05	0.95				
	316	2	67.01993038596491	13.403986077192984	0.0	0.0	3	1.0437846672885933	2.5820562577145743	230.0	36	1.05	0.95				
	317	1	0.0	0.0	0.0	0.0	3	1.0470666181570418	4.512408318043858	230.0	37	1.05	0.95				
	318	2	223.17636818526316	45.57355266245614	0.0	0.0	3	1.0473241773791402	4.49349594070213	230.0	37	1.05	0.95				
	319	1	121.3060739985965	24.797374242807017	0.0	0.0	3	1.0415010911140432	3.0820259884226675	230.0	35	1.05	0.95				
	320	1	85.78551089403508	17.42518190035088	0.0	0.0	3	1.0453996759429518	4.774907459897951	230.0	35	1.05	0.95				
	321	2	0.0	0.0	0.0	0.0	3	1.05	5.88489353755118	230.0	37	1.05	0.95				
	322	2	0.0	0.0	0.0	0.0	3	1.05	11.121245704835129	230.0	37	1.05	0.95				
	323	2	0.0	0.0	0.0	0.0	3	1.0498870827307614	6.188399688067095	230.0	35	1.05	0.95				
	324	1	0.0	0.0	0.0	0.0	3	1.034885735725162	0.7419564229096971	230.0	36	1.05	0.95				
	325	1	0.0	0.0	0.0	0.0	3	1.049864416937693	6.527827385677944	230.0	35	1.05	0.95				
];

%% generator data
%    bus    Pg    Qg    Qmax    Qmin    Vg    mBase    status    Pmax    Pmin    Pc1    Pc2    Qc1min    Qc1max    Qc2min    Qc2max    ramp_agc    ramp_10    ramp_30    ramp_q    apf
