%% MATPOWER Case Format : Version 2
function mpc = RTS_GMLC
mpc.version = '2';

%%-----  Power Flow Data  -----%%
%% system MVA base
mpc.baseMVA = 100.0;
%% bus data
%    bus_i    type    Pd    Qd    Gs    Bs    area    Vm    Va    baseKV    zone    Vmax    Vmin
mpc.bus = [
	101	2	68.73577438736844	14.001731819649125	0.0	0.0	1	1.0471183438191751	1.1746458894440137	138.0	11	1.05	0.95				
	102	2	61.73490847754386	12.728847108771932	0.0	0.0	1	1.0459633810860134	0.785778749170346	138.0	12	1.05	0.95				
	103	1	114.55962397894737	23.54836715122807	0.0	0.0	1	1.031378289561494	-0.022128297844680844	138.0	11	1.05	0.95				
	104	1	47.09673430245614	9.546635331578948	0.0	0.0	1	1.0261212862934577	-2.7173847310677117	138.0	11	1.05	0.95				
	105	1	45.187407236140345	8.910192976140351	0.0	0.0	1	1.0391214434855673	-3.108017590225663	138.0	11	1.05	0.95				
	106	1	86.55616033964914	17.820385952280702	0.0	-100.0	1	1.0418134034693938	-6.175791595795553	138.0	12	1.05	0.95				
	107	2	79.55529442982456	15.911058885964913	0.0	0.0	1	1.0008410803916081	-15.013783780348914	138.0	12	1.05	0.95				
	108	1	108.83164278	22.275482440350878	0.0	0.0	1	0.9960033953208621	-12.670899026949611	138.0	12	1.05	0.95				
	109	1	111.3774122017544	22.911924795789474	0.0	0.0	1	1.025729786641718	-4.103071461886512	138.0	13	1.05	0.95				
	110	1	124.10625931052633	25.457694217543864	0.0	0.0	1	1.05	-5.517092430729925	138.0	13	1.05	0.95				
	111	1	0.0	0.0	0.0	0.0	1	1.012617488574449	-1.348443207791795	230.0	13	1.05	0.95				
	112	1	0.0	0.0	0.0	0.0	1	1.0156997021841259	-1.1264803207089225	230.0	13	1.05	0.95				
	113	3	168.65722419122807	34.36788719368422	0.0	0.0	1	1.0125939836397333	-1.9057253399673014e-27	230.0	14	1.05	0.95				
	114	2	123.46981695508772	24.821251862105264	0.0	0.0	1	1.01509895985396	0.9872164371473495	230.0	16	1.05	0.95				
	115	2	201.7522266740351	40.73231074807018	0.0	0.0	1	1.0442597877944255	8.951341497717094	230.0	16	1.05	0.95				
	116	2	63.64423554385965	12.728847108771932	0.0	0.0	1	1.0421760895534384	8.085586269946665	230.0	16	1.05	0.95				
	117	1	0.0	0.0	0.0	0.0	1	1.0457417477012905	11.719371624627776	230.0	17	1.05	0.95				
	118	2	211.93530436105266	43.27808016982457	0.0	0.0	1	1.0483117166196705	12.594074636270246	230.0	17	1.05	0.95				
	119	1	115.19606633438597	23.54836715122807	0.0	0.0	1	1.035215301914558	6.104751111172452	230.0	15	1.05	0.95				
	120	1	81.46462149614035	16.54750124140351	0.0	0.0	1	1.0341583047133498	5.158667682605796	230.0	15	1.05	0.95				
	121	2	0.0	0.0	0.0	0.0	1	1.05	14.437218360866481	230.0	17	1.05	0.95				
	122	2	0.0	0.0	0.0	0.0	1	1.05	19.882547942566184	230.0	17	1.05	0.95				
	123	2	0.0	0.0	0.0	0.0	1	1.0350232194849955	5.11529920544546	230.0	15	1.05	0.95				
	124	1	0.0	0.0	0.0	0.0	1	1.028101592830685	5.600745102585089	230.0	16	1.05	0.95				
	201	2	77.89327878315791	15.86714938175439	0.0	0.0	2	1.0315586616647567	-15.737064469009992	138.0	21	1.05	0.95				
	202	2	69.9597040922807	14.424681256140353	0.0	0.0	2	1.032569915526573	-15.601803492055756	138.0	22	1.05	0.95				
	203	1	129.82213130526316	26.68566032385965	0.0	0.0	2	1.0145335296657425	-13.332794102965083	138.0	21	1.05	0.95				
	204	1	53.3713206477193	10.818510942105263	0.0	0.0	2	1.0158626412942044	-16.251932678587007	138.0	21	1.05	0.95				
	205	1	51.20761845929825	10.097276879298247	0.0	0.0	2	1.0316399336892623	-16.72294287341115	138.0	21	1.05	0.95				
	206	1	98.08783254175441	20.194553758596495	0.0	-100.0	2	1.0377884594082767	-17.92017697872567	138.0	22	1.05	0.95				
	207	2	90.1542578508772	18.03085157017544	0.0	0.0	2	0.9657341165126373	-28.31441985548342	138.0	22	1.05	0.95				
	208	1	123.33102474000002	25.243192198245616	0.0	0.0	2	0.9694389731206663	-24.743224901930922	138.0	22	1.05	0.95				
	209	1	126.21596099122809	25.96442626105263	0.0	0.0	2	1.0251269614126692	-13.846913144032582	138.0	23	1.05	0.95				
	210	1	140.64064224736842	28.849362512280706	0.0	0.0	2	1.05	-15.435054534889275	138.0	23	1.05	0.95				
	211	1	0.0	0.0	0.0	0.0	2	1.0264942069040244	-9.761290801488393	230.0	23	1.05	0.95				
	212	1	0.0	0.0	0.0	0.0	2	1.0232064891944526	-4.69176892157176	230.0	23	1.05	0.95				
	213	2	191.12702664385967	38.946639391578955	0.0	0.0	2	1.0372016595331373	-6.697720055578366	230.0	24	1.05	0.95				
	214	2	139.9194081845614	28.12812844947369	0.0	0.0	2	1.0390231959689484	-7.704644378224987	230.0	26	1.05	0.95				
	215	2	228.6311979098246	46.158980019649135	0.0	0.0	2	1.0401309247007144	-0.3320328893042914	230.0	26	1.05	0.95				
	216	2	72.12340628070176	14.424681256140353	0.0	0.0	2	1.0424084051270068	-0.31602482676493576	230.0	26	1.05	0.95				
	217	1	0.0	0.0	0.0	0.0	2	1.04320761493414	1.8604375017668537	230.0	27	1.05	0.95				
	218	2	240.17094291473686	49.043916270877205	0.0	0.0	2	1.0428782980187543	1.5861730386556405	230.0	27	1.05	0.95				
	219	1	130.5433653680702	26.68566032385965	0.0	0.0	2	1.0400008667983955	0.46727829978750623	230.0	25	1.05	0.95				
	220	1	92.31796003929827	18.75208563298246	0.0	0.0	2	1.0446206987631	2.5033999561290945	230.0	25	1.05	0.95				
	221	2	0.0	0.0	0.0	0.0	2	1.0437892932583086	1.7294252894338833	230.0	27	1.05	0.95				
	222	2	0.0	0.0	0.0	0.0	2	1.05	8.287269866970162	230.0	27	1.05	0.95				
	223	2	0.0	0.0	0.0	0.0	2	1.05	4.139168227007966	230.0	25	1.05	0.95				
	224	1	0.0	0.0	0.0	0.0	2	1.014166653632369	-5.1369905190409595	230.0	26	1.05	0.95				
	301	2	55.14457448842105	11.233154062456139	0.0	0.0	3	0.996618631133212	14.392007058628257	138.0	31	1.05	0.95				
	302	2	49.527997457192974	10.211958238596491	0.0	0.0	3	0.9964109370822812	14.39566086949205	138.0	32	1.05	0.95				
	303	1	91.90762414736841	18.892122741403504	0.0	0.0	3	1.0152341653104027	15.743590857810503	138.0	31	1.05	0.95				
	304	1	37.78424548280701	7.658968678947367	0.0	0.0	3	1.0032689730647135	16.17503703074937	138.0	31	1.05	0.95				
	305	1	36.25245174701754	7.148370767017544	0.0	0.0	3	1.0154960152611554	16.297290446359007	138.0	31	1.05	0.95				
	306	1	69.44131602245614	14.296741534035087	0.0	-100.0	3	1.0348106013727334	16.76561703854338	138.0	32	1.05	0.95				
	307	2	63.82473899122807	12.764947798245613	0.0	0.0	3	0.9808957504602663	14.109403000766626	138.0	32	1.05	0.95				
	308	1	87.31224293999999	17.870926917543855	0.0	0.0	3	0.9979604235242868	16.299508911335874	138.0	32	1.05	0.95				
	309	1	89.35463458771929	18.38152482947368	0.0	0.0	3	1.0260993284909607	19.710866616735444	138.0	33	1.05	0.95				
	310	1	99.56659282631578	20.423916477192982	0.0	0.0	3	1.05	19.82582041805986	138.0	33	1.05	0.95				
	311	1	0.0	0.0	0.0	0.0	3	1.010868241082018	24.99949205715231	230.0	33	1.05	0.95				
	312	1	0.0	0.0	0.0	0.0	3	1.0187317925619996	26.236850980032894	230.0	33	1.05	0.95				
	313	2	135.30844666140348	27.572287244210525	0.0	0.0	3	1.0320085896779223	33.48514542545777	230.0	34	1.05	0.95				
	314	2	99.05599491438595	19.913318565263157	0.0	0.0	3	1.0084005941094247	22.729610710739713	230.0	36	1.05	0.95				
	315	2	161.85953808175438	32.67826636350877	0.0	0.0	3	1.0339621874005298	15.822324188555879	230.0	36	1.05	0.95				
	316	2	51.05979119298245	10.211958238596491	0.0	0.0	3	1.0354834503598722	17.10644514594759	230.0	36	1.05	0.95				
	317	1	0.0	0.0	0.0	0.0	3	1.041115145428989	15.500582013456174	230.0	37	1.05	0.95				
	318	2	170.02910467263158	34.72065801122807	0.0	0.0	3	1.0411259687651317	14.09143945051595	230.0	37	1.05	0.95				
	319	1	92.41822205929824	18.892122741403504	0.0	0.0	3	1.0350476600939547	20.076713490640252	230.0	35	1.05	0.95				
	320	1	65.35653272701754	13.275545710175438	0.0	0.0	3	1.0367080995986175	22.18221389571935	230.0	35	1.05	0.95				
	321	2	0.0	0.0	0.0	0.0	3	1.0401343648238306	15.238713430918182	230.0	37	1.05	0.95				
	322	2	0.0	0.0	0.0	0.0	3	1.05	19.65994809481874	230.0	37	1.05	0.95				
	323	2	0.0	0.0	0.0	0.0	3	1.0372788791439738	22.937655071150637	230.0	35	1.05	0.95				
	324	1	0.0	0.0	0.0	0.0	3	1.0252725491360686	17.686036520618025	230.0	36	1.05	0.95				
	325	1	0.0	0.0	0.0	0.0	3	1.0398028961165073	22.220205784449732	230.0	35	1.05	0.95				
];
