%% MATPOWER Case Format : Version 2
function mpc = RTS_GMLC
mpc.version = '2';

%%-----  Power Flow Data  -----%%
%% system MVA base
mpc.baseMVA = 100.0;
%% bus data
%    bus_i    type    Pd    Qd    Gs    Bs    area    Vm    Va    baseKV    zone    Vmax    Vmin
mpc.bus = [
	101	2	50.66006926736842	10.319643739649123	0.0	0.0	1	1.0349408830303362	1.7922759116763713	138.0	11	1.05	0.95				
	102	2	45.500247397543866	9.38149430877193	0.0	0.0	1	1.034522725171974	1.6482495528037853	138.0	12	1.05	0.95				
	103	1	84.43344877894738	17.35576447122807	0.0	0.0	1	1.0275111854737424	-0.09948909272543809	138.0	11	1.05	0.95				
	104	1	34.71152894245614	7.036120731578947	0.0	0.0	1	1.0212966411366438	-1.5861214258278913	138.0	11	1.05	0.95				
	105	1	33.30430479614035	6.567046016140352	0.0	0.0	1	1.0360342929449702	-1.3903449796838858	138.0	11	1.05	0.95				
	106	1	63.79416129964913	13.134092032280703	0.0	-100.0	1	1.0445776809896188	-3.6489899770049705	138.0	12	1.05	0.95				
	107	2	58.634339429824564	11.726867885964912	0.0	0.0	1	1.0048089372483586	-7.9109648465693745	138.0	12	1.05	0.95				
	108	1	80.21177634	16.417615040350878	0.0	0.0	1	1.0062057660596704	-7.193070474820721	138.0	12	1.05	0.95				
	109	1	82.08807520175439	16.886689755789476	0.0	0.0	1	1.0249632966256348	-2.3382865200427583	138.0	13	1.05	0.95				
	110	1	91.46956951052631	18.76298861754386	0.0	0.0	1	1.05	-3.1443734045047647	138.0	13	1.05	0.95				
	111	1	0.0	0.0	0.0	0.0	1	1.0050230274769476	-0.45806670832323826	230.0	13	1.05	0.95				
	112	1	0.0	0.0	0.0	0.0	1	1.0097280090381253	0.11128753193436798	230.0	13	1.05	0.95				
	113	3	124.30479959122806	25.33003463368421	0.0	0.0	1	0.9986387982911687	5.123253803804843e-32	230.0	14	1.05	0.95				
	114	2	91.00049479508773	18.293913902105267	0.0	0.0	1	1.0022226468318	1.5451861006957452	230.0	16	1.05	0.95				
	115	2	148.6966847940351	30.020781788070177	0.0	0.0	1	1.0377894674563253	7.391502598829096	230.0	16	1.05	0.95				
	116	2	46.90747154385965	9.38149430877193	0.0	0.0	1	1.0341996817715933	7.111099515513721	230.0	16	1.05	0.95				
	117	1	0.0	0.0	0.0	0.0	1	1.0410296140095594	8.892710946192851	230.0	17	1.05	0.95				
	118	2	156.20188024105263	31.897080649824566	0.0	0.0	1	1.043118704876564	8.827132456280397	230.0	17	1.05	0.95				
	119	1	84.90252349438597	17.35576447122807	0.0	0.0	1	1.028867734015356	6.326529725024468	230.0	15	1.05	0.95				
	120	1	60.041563576140355	12.19594260140351	0.0	0.0	1	1.0276171487615287	6.551173057520334	230.0	15	1.05	0.95				
	121	2	0.0	0.0	0.0	0.0	1	1.0469082095396047	9.838797560511846	230.0	17	1.05	0.95				
	122	2	0.0	0.0	0.0	0.0	1	1.05	16.588927760115503	230.0	17	1.05	0.95				
	123	2	0.0	0.0	0.0	0.0	1	1.0277179078320942	7.03494325368489	230.0	15	1.05	0.95				
	124	1	0.0	0.0	0.0	0.0	1	1.0242643712666246	4.590461815584715	230.0	16	1.05	0.95				
	201	2	52.12151738526316	10.617346134035087	0.0	0.0	2	1.031834498740764	-6.871269058563691	138.0	21	1.05	0.95				
	202	2	46.81284431824561	9.652132849122808	0.0	0.0	2	1.03222807487642	-6.841310946211359	138.0	22	1.05	0.95				
	203	1	86.86919564210525	17.85644577087719	0.0	0.0	2	1.019872358048521	-6.6885316535356765	138.0	21	1.05	0.95				
	204	1	35.71289154175438	7.239099636842104	0.0	0.0	2	1.0194613161781954	-9.098499694280944	138.0	21	1.05	0.95				
	205	1	34.26507161438596	6.756492994385965	0.0	0.0	2	1.0347972357654216	-9.221882261343142	138.0	21	1.05	0.95				
	206	1	65.63450337403509	13.51298598877193	0.0	-100.0	2	1.044144324050538	-10.994484524521258	138.0	22	1.05	0.95				
	207	2	60.32583030701753	12.065166061403508	0.0	0.0	2	0.9899147858279411	-18.294624666804687	138.0	22	1.05	0.95				
	208	1	82.52573586	16.89123248596491	0.0	0.0	2	0.9948226411650788	-16.06858976704912	138.0	22	1.05	0.95				
	209	1	84.45616242982456	17.37383912842105	0.0	0.0	2	1.0232288444430078	-8.982236173896196	138.0	23	1.05	0.95				
	210	1	94.10829527894737	19.304265698245615	0.0	0.0	2	1.05	-10.076075467964495	138.0	23	1.05	0.95				
	211	1	0.0	0.0	0.0	0.0	2	1.0076604126612738	-6.09833507369551	230.0	23	1.05	0.95				
	212	1	0.0	0.0	0.0	0.0	2	1.0095472117482422	-5.55672177640211	230.0	23	1.05	0.95				
	213	2	127.89076025087718	26.06075869263158	0.0	0.0	2	1.0021090975027926	-5.2082784434954	230.0	24	1.05	0.95				
	214	2	93.62568863649122	18.82165905578947	0.0	0.0	2	1.0112417629914496	-3.3594379706551205	230.0	26	1.05	0.95				
	215	2	152.98630565859648	30.886825117192977	0.0	0.0	2	1.0305170527983543	3.478324230776483	230.0	26	1.05	0.95				
	216	2	48.26066424561403	9.652132849122808	0.0	0.0	2	1.0317246193179825	3.4233986530315987	230.0	26	1.05	0.95				
	217	1	0.0	0.0	0.0	0.0	2	1.0371432125508195	6.342722203104616	230.0	27	1.05	0.95				
	218	2	160.70801193789472	32.817251687017546	0.0	0.0	2	1.0391098820962785	6.909117021748081	230.0	27	1.05	0.95				
	219	1	87.3518022845614	17.85644577087719	0.0	0.0	2	1.0295568987309056	2.4550772836572636	230.0	25	1.05	0.95				
	220	1	61.773650234385954	12.54777270385965	0.0	0.0	2	1.0312599309700214	2.5468381784566656	230.0	25	1.05	0.95				
	221	2	0.0	0.0	0.0	0.0	2	1.0387826319652576	6.520091630649621	230.0	27	1.05	0.95				
	222	2	0.0	0.0	0.0	0.0	2	1.05	12.951293760199944	230.0	27	1.05	0.95				
	223	2	0.0	0.0	0.0	0.0	2	1.0330096126936796	2.9630404619901394	230.0	25	1.05	0.95				
	224	1	0.0	0.0	0.0	0.0	2	1.013961653801803	-0.3285786007625071	230.0	26	1.05	0.95				
	301	2	40.65801961263158	8.282189180350876	0.0	0.0	3	1.0099603526444472	-17.47136838179981	138.0	31	1.05	0.95				
	302	2	36.516925022456135	7.529262891228071	0.0	0.0	3	1.0099391930974506	-17.562856304731937	138.0	32	1.05	0.95				
	303	1	67.76336602105263	13.929136348771928	0.0	0.0	3	1.0211105417499569	-13.02168096140492	138.0	31	1.05	0.95				
	304	1	27.858272697543857	5.646947168421052	0.0	0.0	3	1.0119467409488503	-16.306371991141877	138.0	31	1.05	0.95				
	305	1	26.72888326385965	5.270484023859649	0.0	0.0	3	1.0252207148699557	-16.920368780052257	138.0	31	1.05	0.95				
	306	1	51.19898766035088	10.540968047719298	0.0	-100.0	3	1.0424319538814177	-17.07974768230233	138.0	32	1.05	0.95				
	307	2	47.05789307017544	9.411578614035088	0.0	0.0	3	0.9932316163807088	-21.078986468387257	138.0	32	1.05	0.95				
	308	1	64.37519772	13.17621005964912	0.0	0.0	3	1.001490006906308	-19.429263157759486	138.0	32	1.05	0.95				
	309	1	65.88105029824561	13.552673204210524	0.0	0.0	3	1.0247971949430934	-13.727767971024665	138.0	33	1.05	0.95				
	310	1	73.41031318947368	15.058525782456142	0.0	0.0	3	1.05	-15.155479108627011	138.0	33	1.05	0.95				
	311	1	0.0	0.0	0.0	0.0	3	1.0035844429882639	-10.083557658770301	230.0	33	1.05	0.95				
	312	1	0.0	0.0	0.0	0.0	3	1.008647223795199	-9.538854084784008	230.0	33	1.05	0.95				
	313	2	99.76273330877193	20.32900980631579	0.0	0.0	3	1.0069486357017237	-6.57499123927652	230.0	34	1.05	0.95				
	314	2	73.03385004491227	14.682062637894738	0.0	0.0	3	0.9982007713414546	-8.655501264328734	230.0	36	1.05	0.95				
	315	2	119.3388168259649	24.093641251929824	0.0	0.0	3	1.0228301025304039	-5.275089587761894	230.0	36	1.05	0.95				
	316	2	37.64631445614035	7.529262891228071	0.0	0.0	3	1.0223638459065938	-4.408194910980627	230.0	36	1.05	0.95				
	317	1	0.0	0.0	0.0	0.0	3	1.0279125183029088	-3.4029330348193745	230.0	37	1.05	0.95				
	318	2	125.36222713894738	25.59949383017544	0.0	0.0	3	1.027349971623699	-3.512244408756246	230.0	37	1.05	0.95				
	319	1	68.13982916561405	13.929136348771928	0.0	0.0	3	1.0195430229461249	-4.851249689884585	230.0	35	1.05	0.95				
	320	1	48.18728250385965	9.788041758596492	0.0	0.0	3	1.0193865872866554	-4.490597188783082	230.0	35	1.05	0.95				
	321	2	0.0	0.0	0.0	0.0	3	1.0280286668533514	-3.53457139624001	230.0	37	1.05	0.95				
	322	2	0.0	0.0	0.0	0.0	3	1.0413225027232056	0.8964514619371395	230.0	37	1.05	0.95				
	323	2	0.0	0.0	0.0	0.0	3	1.0197076787052186	-3.9967822049932398	230.0	35	1.05	0.95				
	324	1	0.0	0.0	0.0	0.0	3	1.0124000401801074	-8.199928926236522	230.0	36	1.05	0.95				
	325	1	0.0	0.0	0.0	0.0	3	1.018133608301296	-2.816825876972195	230.0	35	1.05	0.95				
];
