%% MATPOWER Case Format : Version 2
function mpc = RTS_GMLC
mpc.version = '2';

%%-----  Power Flow Data  -----%%
%% system MVA base
mpc.baseMVA = 100.0;
%% bus data
%    bus_i    type    Pd    Qd    Gs    Bs    area    Vm    Va    baseKV    zone    Vmax    Vmin
mpc.bus = [
	101	2	87.89361703578948	17.904255322105264	0.0	0.0	1	1.034885377690759	-4.781455310749419	138.0	11	1.05	0.95				
	102	2	78.94148937473685	16.27659574736842	0.0	0.0	1	1.0348490594962836	-4.833787094926539	138.0	12	1.05	0.95				
	103	1	146.4893617263158	30.111702132631578	0.0	0.0	1	1.018067242525464	-5.326946664078375	138.0	11	1.05	0.95				
	104	1	60.223404265263156	12.207446810526315	0.0	0.0	1	1.0164317245062462	-7.288838386482171	138.0	11	1.05	0.95				
	105	1	57.7819149031579	11.393617023157896	0.0	0.0	1	1.0317668328728191	-7.3939180348621605	138.0	11	1.05	0.95				
	106	1	110.68085108210528	22.787234046315792	0.0	-100.0	1	1.035037982414756	-9.596341290945542	138.0	12	1.05	0.95				
	107	2	101.72872342105263	20.345744684210526	0.0	0.0	1	1.0462316798157496	-3.048123815191684	138.0	12	1.05	0.95				
	108	1	139.16489364	28.484042557894735	0.0	0.0	1	1.0210019806192376	-7.149270222751961	138.0	12	1.05	0.95				
	109	1	142.42021278947368	29.297872345263155	0.0	0.0	1	1.027171460165552	-6.095525020410647	138.0	13	1.05	0.95				
	110	1	158.6968085368421	32.55319149473684	0.0	0.0	1	1.05	-7.4790377385135365	138.0	13	1.05	0.95				
	111	1	0.0	0.0	0.0	0.0	1	1.0177572550355485	-2.8166861895418034	230.0	13	1.05	0.95				
	112	1	0.0	0.0	0.0	0.0	1	1.0187484950890413	-1.4770469905372499	230.0	13	1.05	0.95				
	113	3	215.66489365263158	43.94680851789474	0.0	0.0	1	1.0230390640368754	2.3522042144002773e-27	230.0	14	1.05	0.95				
	114	2	157.8829787494737	31.739361707368424	0.0	0.0	1	1.021954152387793	-1.3138058937472943	230.0	16	1.05	0.95				
	115	2	257.98404259578945	52.08510639157895	0.0	0.0	1	1.04518871352286	5.768991937224094	230.0	16	1.05	0.95				
	116	2	81.3829787368421	16.27659574736842	0.0	0.0	1	1.0448513365710128	5.752225765237532	230.0	16	1.05	0.95				
	117	1	0.0	0.0	0.0	0.0	1	1.0477861424388906	8.384017942053458	230.0	17	1.05	0.95				
	118	2	271.0053191936842	55.34042554105264	0.0	0.0	1	1.0491741317884185	8.8190032762083	230.0	17	1.05	0.95				
	119	1	147.3031915136842	30.111702132631578	0.0	0.0	1	1.0400258704752348	5.272358794737244	230.0	15	1.05	0.95				
	120	1	104.1702127831579	21.15957447157895	0.0	0.0	1	1.0431945140388785	6.383910384971162	230.0	15	1.05	0.95				
	121	2	0.0	0.0	0.0	0.0	1	1.05	9.479842126961842	230.0	17	1.05	0.95				
	122	2	0.0	0.0	0.0	0.0	1	1.05	15.845332295152815	230.0	17	1.05	0.95				
	123	2	0.0	0.0	0.0	0.0	1	1.047650849154859	7.58570768370421	230.0	15	1.05	0.95				
	124	1	0.0	0.0	0.0	0.0	1	1.021140483592186	1.6782240955464256	230.0	16	1.05	0.95				
	201	2	75.8362978231579	15.448134741754387	0.0	0.0	2	1.0372720966395936	-3.3877580038643385	138.0	21	1.05	0.95				
	202	2	68.1122304522807	14.04375885614035	0.0	0.0	2	1.0372285975161084	-3.4648276197757673	138.0	22	1.05	0.95				
	203	1	126.39382970526316	25.980953883859648	0.0	0.0	2	1.0295764144207247	-2.9015472391895822	138.0	21	1.05	0.95				
	204	1	51.961907767719296	10.532819142105264	0.0	0.0	2	1.0197300236834672	-5.287580730742318	138.0	21	1.05	0.95				
	205	1	49.855343939298244	9.830631199298248	0.0	0.0	2	1.0347306113946668	-5.438980430788167	138.0	21	1.05	0.95				
	206	1	95.4975602217544	19.661262398596495	0.0	-100.0	2	1.0392169400063258	-7.2530247809761725	138.0	22	1.05	0.95				
	207	2	87.7734928508772	17.55469857017544	0.0	0.0	2	0.9714757445391515	-17.863577719630772	138.0	22	1.05	0.95				
	208	1	120.07413822	24.576577998245615	0.0	0.0	2	0.9743548908890513	-14.414808222629357	138.0	22	1.05	0.95				
	209	1	122.88288999122807	25.278765941052633	0.0	0.0	2	1.0273309613397985	-3.9466517417593425	138.0	23	1.05	0.95				
	210	1	136.92664884736843	28.0875177122807	0.0	0.0	2	1.05	-5.3125039948515855	138.0	23	1.05	0.95				
	211	1	0.0	0.0	0.0	0.0	2	1.0205180866067005	0.3531081604247558	230.0	23	1.05	0.95				
	212	1	0.0	0.0	0.0	0.0	2	1.0214455619931329	3.3116801351040595	230.0	23	1.05	0.95				
	213	2	186.07980484385965	37.91814891157895	0.0	0.0	2	1.0288586124056265	4.265724723647581	230.0	24	1.05	0.95				
	214	2	136.2244609045614	27.38532976947369	0.0	0.0	2	1.0289464862104447	1.8517438998080038	230.0	26	1.05	0.95				
	215	2	222.59357786982457	44.940028339649125	0.0	0.0	2	1.0449190099900239	7.753684355082089	230.0	26	1.05	0.95				
	216	2	70.21879428070176	14.04375885614035	0.0	0.0	2	1.0465353805222846	8.238974624559466	230.0	26	1.05	0.95				
	217	1	0.0	0.0	0.0	0.0	2	1.049168794326384	10.644149294319558	230.0	27	1.05	0.95				
	218	2	233.82858495473684	47.7487801108772	0.0	0.0	2	1.05	11.561892033592313	230.0	27	1.05	0.95				
	219	1	127.09601764807019	25.980953883859648	0.0	0.0	2	1.0430341237162966	8.259552273813183	230.0	25	1.05	0.95				
	220	1	89.88005667929825	18.256886512982458	0.0	0.0	2	1.046058747581682	9.592758265307078	230.0	25	1.05	0.95				
	221	2	0.0	0.0	0.0	0.0	2	1.05	12.00723295222885	230.0	27	1.05	0.95				
	222	2	0.0	0.0	0.0	0.0	2	1.05	17.984205229159052	230.0	27	1.05	0.95				
	223	2	0.0	0.0	0.0	0.0	2	1.05	10.833598939984839	230.0	25	1.05	0.95				
	224	1	0.0	0.0	0.0	0.0	2	1.025828454745114	3.7808443115885164	230.0	26	1.05	0.95				
	301	2	68.21322366315789	13.895286301754384	0.0	0.0	3	1.0103921239679876	-17.82294722863149	138.0	31	1.05	0.95				
	302	2	61.26558051228069	12.63207845614035	0.0	0.0	3	1.0093770879125927	-18.05113433054691	138.0	32	1.05	0.95				
	303	1	113.68870610526317	23.369345143859647	0.0	0.0	3	1.0285106330081681	-9.461686094512546	138.0	31	1.05	0.95				
	304	1	46.738690287719294	9.474058842105263	0.0	0.0	3	1.0067593191633026	-16.305674101526908	138.0	31	1.05	0.95				
	305	1	44.843878519298244	8.842454919298245	0.0	0.0	3	1.0215009848028191	-17.04423913574122	138.0	31	1.05	0.95				
	306	1	85.89813350175439	17.68490983859649	0.0	-100.0	3	1.0346816920060118	-17.311896689629453	138.0	32	1.05	0.95				
	307	2	78.95049035087719	15.790098070175437	0.0	0.0	3	1.0057428359971086	-18.95955154424851	138.0	32	1.05	0.95				
	308	1	108.00427079999999	22.10613729824561	0.0	0.0	3	1.0025278026634892	-18.43091945479053	138.0	32	1.05	0.95				
	309	1	110.53068649122805	22.73774122105263	0.0	0.0	3	1.0265807740944832	-12.297379401114153	138.0	33	1.05	0.95				
	310	1	123.1627649473684	25.2641569122807	0.0	0.0	3	1.05	-14.238856008861312	138.0	33	1.05	0.95				
	311	1	0.0	0.0	0.0	0.0	3	1.015858977147612	-7.599227143972251	230.0	33	1.05	0.95				
	312	1	0.0	0.0	0.0	0.0	3	1.0161629496699083	-7.217827121357037	230.0	33	1.05	0.95				
	313	2	167.37503954385963	34.106611831578945	0.0	0.0	3	1.0217104327901028	-3.982169195063636	230.0	34	1.05	0.95				
	314	2	122.53116102456138	24.632552989473684	0.0	0.0	3	1.0248168511207971	-5.11422025534303	230.0	36	1.05	0.95				
	315	2	200.21844352982453	40.42265105964912	0.0	0.0	3	1.0446243739673609	-0.29639955670224255	230.0	36	1.05	0.95				
	316	2	63.16039228070175	12.63207845614035	0.0	0.0	3	1.0424743176866753	-0.26410753127219294	230.0	36	1.05	0.95				
	317	1	0.0	0.0	0.0	0.0	3	1.0464603939086325	2.1604191603703997	230.0	37	1.05	0.95				
	318	2	210.32410629473682	42.94906675087719	0.0	0.0	3	1.0478125562711957	2.593509845702639	230.0	37	1.05	0.95				
	319	1	114.32031002807017	23.369345143859647	0.0	0.0	3	1.036917231163744	-1.127183089934771	230.0	35	1.05	0.95				
	320	1	80.84530211929824	16.421701992982456	0.0	0.0	3	1.0359070319306347	-1.2971362852533437	230.0	35	1.05	0.95				
	321	2	0.0	0.0	0.0	0.0	3	1.05	3.414486426533836	230.0	37	1.05	0.95				
	322	2	0.0	0.0	0.0	0.0	3	1.05	8.697079143000327	230.0	37	1.05	0.95				
	323	2	0.0	0.0	0.0	0.0	3	1.0364476031078351	-1.0558809576986834	230.0	35	1.05	0.95				
	324	1	0.0	0.0	0.0	0.0	3	1.0285614783528658	-2.6802910696987023	230.0	36	1.05	0.95				
	325	1	0.0	0.0	0.0	0.0	3	1.0352687386886326	-0.16702628066216257	230.0	35	1.05	0.95				
];
