%% MATPOWER Case Format : Version 2
function mpc = RTS_GMLC
mpc.version = '2';

%%-----  Power Flow Data  -----%%
%% system MVA base
mpc.baseMVA = 100.0;
%% bus data
%    bus_i    type    Pd    Qd    Gs    Bs    area    Vm    Va    baseKV    zone    Vmax    Vmin
mpc.bus = [
	101	2	92.52944086736844	18.84858980631579	0.0	0.0	1	1.0408381485272484	-2.2741173530167305	138.0	11	1.05	0.95				
	102	2	83.10514596421052	17.135081642105266	0.0	0.0	1	1.0406764395558217	-2.411608815689023	138.0	12	1.05	0.95				
	103	1	154.21573477894736	31.699901037894733	0.0	0.0	1	1.0176538458928475	-3.0928490921700407	138.0	11	1.05	0.95				
	104	1	63.39980207578947	12.851311231578947	0.0	0.0	1	1.019412631418392	-5.668745990265939	138.0	11	1.05	0.95				
	105	1	60.829539829473674	11.994557149473685	0.0	0.0	1	1.0335573376835463	-6.040786872439256	138.0	11	1.05	0.95				
	106	1	116.51855516631579	23.98911429894737	0.0	-100.0	1	1.0344692232798984	-8.934728093566035	138.0	12	1.05	0.95				
	107	2	107.09426026315789	21.41885205263158	0.0	0.0	1	1.05	-7.471401582657706	138.0	12	1.05	0.95				
	108	1	146.50494804000002	29.98639287368421	0.0	0.0	1	1.0223737675326101	-9.654690583422614	138.0	12	1.05	0.95				
	109	1	149.93196436842103	30.843146955789475	0.0	0.0	1	1.0268265711348945	-5.586913055330764	138.0	13	1.05	0.95				
	110	1	167.0670460105263	34.27016328421053	0.0	0.0	1	1.05	-7.194380541324133	138.0	13	1.05	0.95				
	111	1	0.0	0.0	0.0	0.0	1	1.018311395483669	-2.139900741984528	230.0	13	1.05	0.95				
	112	1	0.0	0.0	0.0	0.0	1	1.0191362200576133	-1.363983808618921	230.0	13	1.05	0.95				
	113	3	227.03983175789472	46.26472043368422	0.0	0.0	1	1.0229387851352763	-2.2778413690429956e-26	230.0	14	1.05	0.95				
	114	2	166.21029192842104	33.413409202105264	0.0	0.0	1	1.0246624769731498	0.22310512560003473	230.0	16	1.05	0.95				
	115	2	271.5910440273684	54.83226125473685	0.0	0.0	1	1.04253780591607	9.356038790146483	230.0	16	1.05	0.95				
	116	2	85.67540821052631	17.135081642105266	0.0	0.0	1	1.042774216834335	8.805653347048805	230.0	16	1.05	0.95				
	117	1	0.0	0.0	0.0	0.0	1	1.0455833106142045	12.935694206544618	230.0	17	1.05	0.95				
	118	2	285.2991093410526	58.259277583157896	0.0	0.0	1	1.05	13.484338098159432	230.0	17	1.05	0.95				
	119	1	155.07248886105262	31.699901037894733	0.0	0.0	1	1.0382365794244734	6.92241085329977	230.0	15	1.05	0.95				
	120	1	109.6645225094737	22.27560613473684	0.0	0.0	1	1.0422274621780854	6.755933823631122	230.0	15	1.05	0.95				
	121	2	0.0	0.0	0.0	0.0	1	1.05	14.235982017312832	230.0	17	1.05	0.95				
	122	2	0.0	0.0	0.0	0.0	1	1.05	25.596913443724386	230.0	17	1.05	0.95				
	123	2	0.0	0.0	0.0	0.0	1	1.0469053872116025	7.2906051358076365	230.0	15	1.05	0.95				
	124	1	0.0	0.0	0.0	0.0	1	1.0175690216204938	4.752876069254937	230.0	16	1.05	0.95				
	201	2	106.60601288842106	21.71603966245614	0.0	0.0	2	1.05	-15.35440506780726	138.0	21	1.05	0.95				
	202	2	95.74799305719299	19.741854238596492	0.0	0.0	2	1.05	-15.387004530618068	138.0	22	1.05	0.95				
	203	1	177.67668814736842	36.52243034140351	0.0	0.0	2	1.0191487155285155	-11.574836176306741	138.0	21	1.05	0.95				
	204	1	73.04486068280703	14.806390678947368	0.0	0.0	2	1.015167743649495	-16.58955772126963	138.0	21	1.05	0.95				
	205	1	70.08358254701754	13.819297967017546	0.0	0.0	2	1.0333457281021132	-17.13900772663502	138.0	21	1.05	0.95				
	206	1	134.24460882245617	27.63859593403509	0.0	-100.0	2	1.0275122660834595	-19.05872834813437	138.0	22	1.05	0.95				
	207	2	123.38658899122808	24.677317798245614	0.0	0.0	2	0.9505107337474881	-26.99453255678227	138.0	22	1.05	0.95				
	208	1	168.79285374000003	34.548244917543855	0.0	0.0	2	0.95	-25.0190745429529	138.0	22	1.05	0.95				
	209	1	172.7412245877193	35.53533762947369	0.0	0.0	2	1.019576347770198	-13.570857909639967	138.0	23	1.05	0.95				
	210	1	192.4830788263158	39.483708477192984	0.0	0.0	2	1.042031907294676	-15.85602043571361	138.0	23	1.05	0.95				
	211	1	0.0	0.0	0.0	0.0	2	1.0289930949811585	-8.125621046331966	230.0	23	1.05	0.95				
	212	1	0.0	0.0	0.0	0.0	2	1.021734524219199	-3.9577737178167136	230.0	23	1.05	0.95				
	213	2	261.5795686614035	53.30300644421053	0.0	0.0	2	1.05	-2.9472531018990216	230.0	24	1.05	0.95				
	214	2	191.49598611438597	38.49661576526316	0.0	0.0	2	1.05	-6.423849067830137	230.0	26	1.05	0.95				
	215	2	312.9083896817544	63.173933563508776	0.0	0.0	2	1.043324721985444	2.35693011112732	230.0	26	1.05	0.95				
	216	2	98.70927119298246	19.741854238596492	0.0	0.0	2	1.0473800361434729	2.1296538524837225	230.0	26	1.05	0.95				
	217	1	0.0	0.0	0.0	0.0	2	1.0492795684853324	5.299213897316658	230.0	27	1.05	0.95				
	218	2	328.7018730726316	67.12230441122809	0.0	0.0	2	1.05	5.703068226335143	230.0	27	1.05	0.95				
	219	1	178.66378085929827	36.52243034140351	0.0	0.0	2	1.0405998399513092	1.7764085981261002	230.0	25	1.05	0.95				
	220	1	126.34786712701755	25.66441051017544	0.0	0.0	2	1.0442080745926112	3.3183473231727496	230.0	25	1.05	0.95				
	221	2	0.0	0.0	0.0	0.0	2	1.05	6.323104995684412	230.0	27	1.05	0.95				
	222	2	0.0	0.0	0.0	0.0	2	1.05	12.43337216158258	230.0	27	1.05	0.95				
	223	2	0.0	0.0	0.0	0.0	2	1.05	4.875941835399749	230.0	25	1.05	0.95				
	224	1	0.0	0.0	0.0	0.0	2	1.0164899892841552	-2.80092543400389	230.0	26	1.05	0.95				
	301	2	82.17019928842106	16.738373929122808	0.0	0.0	3	1.012582090293974	-15.762160431747741	138.0	31	1.05	0.95				
	302	2	73.80101232385964	15.216703571929823	0.0	0.0	3	1.011236970650658	-16.120391465652254	138.0	32	1.05	0.95				
	303	1	136.9503321473684	28.15090160807017	0.0	0.0	3	1.0196342240361498	-9.5933380017675	138.0	31	1.05	0.95				
	304	1	56.30180321614034	11.412527678947368	0.0	0.0	3	1.0049685554558028	-14.620911365859852	138.0	31	1.05	0.95				
	305	1	54.019297680350874	10.651692500350878	0.0	0.0	3	1.0205947415156473	-14.931550488111174	138.0	31	1.05	0.95				
	306	1	103.47358428912281	21.303385000701756	0.0	-100.0	3	1.0311250492397936	-15.304349025863136	138.0	32	1.05	0.95				
	307	2	95.10439732456139	19.02087946491228	0.0	0.0	3	1.005091758493098	-18.1543716286765	138.0	32	1.05	0.95				
	308	1	130.10281554	26.62923125087719	0.0	0.0	3	0.9997256510997921	-16.988531534253408	138.0	32	1.05	0.95				
	309	1	133.14615625438594	27.39006642947368	0.0	0.0	3	1.0267559738254493	-10.280511558838207	138.0	33	1.05	0.95				
	310	1	148.3628598263158	30.433407143859647	0.0	0.0	3	1.05	-11.660362070318005	138.0	33	1.05	0.95				
	311	1	0.0	0.0	0.0	0.0	3	1.0214514795847396	-4.210960175940244	230.0	33	1.05	0.95				
	312	1	0.0	0.0	0.0	0.0	3	1.0218402444286974	-3.4037556354306373	230.0	33	1.05	0.95				
	313	2	201.62132232807016	41.08509964421053	0.0	0.0	3	1.0390635256836254	1.246524720826464	230.0	34	1.05	0.95				
	314	2	147.60202464771928	29.672571965263156	0.0	0.0	3	1.0315397910971673	-2.3883126478052255	230.0	36	1.05	0.95				
	315	2	241.1847516150877	48.693451430175436	0.0	0.0	3	1.0460967126806802	0.8329266113104782	230.0	36	1.05	0.95				
	316	2	76.08351785964912	15.216703571929823	0.0	0.0	3	1.0439348638167298	0.7542487750970536	230.0	36	1.05	0.95				
	317	1	0.0	0.0	0.0	0.0	3	1.047109667321131	2.672965427234155	230.0	37	1.05	0.95				
	318	2	253.35811447263157	51.736792144561406	0.0	0.0	3	1.04707212384927	2.5748864057506498	230.0	37	1.05	0.95				
	319	1	137.7111673259649	28.15090160807017	0.0	0.0	3	1.0407097932184926	0.8164366107039206	230.0	35	1.05	0.95				
	320	1	97.38690286035087	19.78171464350877	0.0	0.0	3	1.0425869011254225	1.4817302158106813	230.0	35	1.05	0.95				
	321	2	0.0	0.0	0.0	0.0	3	1.05	3.918589393870369	230.0	37	1.05	0.95				
	322	2	0.0	0.0	0.0	0.0	3	1.05	9.204753812242807	230.0	37	1.05	0.95				
	323	2	0.0	0.0	0.0	0.0	3	1.0448165814353665	2.014430817379297	230.0	35	1.05	0.95				
	324	1	0.0	0.0	0.0	0.0	3	1.0253014106523692	-1.4531906470813152	230.0	36	1.05	0.95				
	325	1	0.0	0.0	0.0	0.0	3	1.0421825230456345	3.029548923720745	230.0	35	1.05	0.95				
];

%% generator data
%    bus    Pg    Qg    Qmax    Qmin    Vg    mBase    status    Pmax    Pmin    Pc1    Pc2    Qc1min    Qc1max    Qc2min    Qc2max    ramp_agc    ramp_10    ramp_30    ramp_q    apf
