%% MATPOWER Case Format : Version 2
function mpc = RTS_GMLC
mpc.version = '2';

%%-----  Power Flow Data  -----%%
%% system MVA base
mpc.baseMVA = 100.0;
%% bus data
%    bus_i    type    Pd    Qd    Gs    Bs    area    Vm    Va    baseKV    zone    Vmax    Vmin
mpc.bus = [
	101	2	67.2394853936842	13.696932209824562	0.0	0.0	1	1.0366014394996856	0.24734430604626195	138.0	11	1.05	0.95				
	102	2	60.39101928877193	12.451756554385964	0.0	0.0	1	1.0367349906845151	0.1867279779551111	138.0	12	1.05	0.95				
	103	1	112.0658089894737	23.03574962561403	0.0	0.0	1	1.0180001945832753	-0.5825821290347014	138.0	11	1.05	0.95				
	104	1	46.07149925122806	9.338817415789473	0.0	0.0	1	1.0189299514431756	-3.041477583373549	138.0	11	1.05	0.95				
	105	1	44.203735768070175	8.716229588070176	0.0	0.0	1	1.034844413257259	-3.007597477814233	138.0	11	1.05	0.95				
	106	1	84.67194456982456	17.432459176140352	0.0	-100.0	1	1.0406990272124832	-5.407732882682057	138.0	12	1.05	0.95				
	107	2	77.82347846491227	15.564695692982456	0.0	0.0	1	1.040895553469715	-5.443056275666259	138.0	12	1.05	0.95				
	108	1	106.46251853999999	21.790573970175437	0.0	0.0	1	1.0234758572146399	-6.6669381543181	138.0	12	1.05	0.95				
	109	1	108.95286985087718	22.413161797894734	0.0	0.0	1	1.0241654750377542	-3.176099967899881	138.0	13	1.05	0.95				
	110	1	121.40462640526314	24.90351310877193	0.0	0.0	1	1.05	-4.358818774421123	138.0	13	1.05	0.95				
	111	1	0.0	0.0	0.0	0.0	1	1.0061939977348981	-0.7258559490706901	230.0	13	1.05	0.95				
	112	1	0.0	0.0	0.0	0.0	1	1.011974292927173	-0.4310989240912816	230.0	13	1.05	0.95				
	113	3	164.985774345614	33.6197426968421	0.0	0.0	1	1.0067235452255354	1.6124384563239642e-29	230.0	14	1.05	0.95				
	114	2	120.78203857754386	24.28092528105263	0.0	0.0	1	1.0012731251872646	1.799143949407934	230.0	16	1.05	0.95				
	115	2	197.3603413870175	39.845620974035086	0.0	0.0	1	1.0274533079534196	10.013358153364495	230.0	16	1.05	0.95				
	116	2	62.25878277192982	12.451756554385964	0.0	0.0	1	1.0257018675409988	9.165888801637283	230.0	16	1.05	0.95				
	117	1	0.0	0.0	0.0	0.0	1	1.0323344908993621	12.605824660857332	230.0	17	1.05	0.95				
	118	2	207.3217466305263	42.33597228491228	0.0	0.0	1	1.0343575168122252	13.45843832851399	230.0	17	1.05	0.95				
	119	1	112.68839681719298	23.03574962561403	0.0	0.0	1	1.0219154951271134	7.021586263883118	230.0	15	1.05	0.95				
	120	1	79.69124194807017	16.187283520701754	0.0	0.0	1	1.0245614136277323	6.372997837413436	230.0	15	1.05	0.95				
	121	2	0.0	0.0	0.0	0.0	1	1.0350651480363462	14.082388566523274	230.0	17	1.05	0.95				
	122	2	0.0	0.0	0.0	0.0	1	1.05	20.00608457961094	230.0	17	1.05	0.95				
	123	2	0.0	0.0	0.0	0.0	1	1.027436560606387	6.491737731032993	230.0	15	1.05	0.95				
	124	1	0.0	0.0	0.0	0.0	1	1.0108589508175898	6.040564238807415	230.0	16	1.05	0.95				
	201	2	72.74232644210527	14.8178813122807	0.0	0.0	2	1.034522231241851	-17.587778527027172	138.0	21	1.05	0.95				
	202	2	65.33338578596491	13.470801192982456	0.0	0.0	2	1.0347571242247746	-17.727648128991166	138.0	22	1.05	0.95				
	203	1	121.2372107368421	24.92098220701754	0.0	0.0	2	1.0208747614340279	-13.041952757439757	138.0	21	1.05	0.95				
	204	1	49.84196441403508	10.10310089473684	0.0	0.0	2	1.0166153327239114	-19.736115577329297	138.0	21	1.05	0.95				
	205	1	47.821344235087714	9.429560835087718	0.0	0.0	2	1.0334629183072488	-20.257734308486214	138.0	21	1.05	0.95				
	206	1	91.6014481122807	18.859121670175437	0.0	-100.0	2	1.039154346189499	-22.39705639962573	138.0	22	1.05	0.95				
	207	2	84.19250745614035	16.83850149122807	0.0	0.0	2	0.9753099377506821	-32.4545757715646	138.0	22	1.05	0.95				
	208	1	115.1753502	23.573902087719294	0.0	0.0	2	0.9770020543410987	-29.153308654227008	138.0	22	1.05	0.95				
	209	1	117.86951043859648	24.24744214736842	0.0	0.0	2	1.0227671510726715	-18.64605594288045	138.0	23	1.05	0.95				
	210	1	131.34031163157894	26.941602385964913	0.0	0.0	2	1.05	-20.843927476720353	138.0	23	1.05	0.95				
	211	1	0.0	0.0	0.0	0.0	2	1.0225961353158828	-14.9996621380852	230.0	23	1.05	0.95				
	212	1	0.0	0.0	0.0	0.0	2	1.0188206340011459	-14.217258487426278	230.0	23	1.05	0.95				
	213	2	178.48811580701752	36.37116322105263	0.0	0.0	2	1.029497228771469	-13.848325616916782	230.0	24	1.05	0.95				
	214	2	130.66677157192981	26.26806232631579	0.0	0.0	2	1.0354992011679613	-11.367542669293368	230.0	26	1.05	0.95				
	215	2	213.51219890877192	43.10656381754386	0.0	0.0	2	1.0379432844324585	-1.420227012159995	230.0	26	1.05	0.95				
	216	2	67.35400596491228	13.470801192982456	0.0	0.0	2	1.0407705209434077	-2.0469150268493426	230.0	26	1.05	0.95				
	217	1	0.0	0.0	0.0	0.0	2	1.0413087987070164	1.7913999430885674	230.0	27	1.05	0.95				
	218	2	224.2888398631579	45.80072405614035	0.0	0.0	2	1.0433144922083972	2.1198505642989383	230.0	27	1.05	0.95				
	219	1	121.91075079649123	24.92098220701754	0.0	0.0	2	1.0401494914867069	-3.293046942850013	230.0	25	1.05	0.95				
	220	1	86.21312763508772	17.512041550877193	0.0	0.0	2	1.0454202194636093	-3.103867292376152	230.0	25	1.05	0.95				
	221	2	0.0	0.0	0.0	0.0	2	1.0439844650084509	1.9539086810554487	230.0	27	1.05	0.95				
	222	2	0.0	0.0	0.0	0.0	2	1.05	8.395846140106835	230.0	27	1.05	0.95				
	223	2	0.0	0.0	0.0	0.0	2	1.05	-2.510080706370413	230.0	25	1.05	0.95				
	224	1	0.0	0.0	0.0	0.0	2	1.017062148171621	-5.74762869202571	230.0	26	1.05	0.95				
	301	2	49.14837075789474	10.011705154385965	0.0	0.0	3	1.0411923840527324	-0.19066052565275257	138.0	31	1.05	0.95				
	302	2	44.14251818070175	9.101550140350877	0.0	0.0	3	1.0369890939586555	-0.5258524293609309	138.0	32	1.05	0.95				
	303	1	81.9139512631579	16.83786775964912	0.0	0.0	3	1.05	14.378069328781933	138.0	31	1.05	0.95				
	304	1	33.67573551929824	6.826162605263157	0.0	0.0	3	1.017469885409836	0.4472290078713286	138.0	31	1.05	0.95				
	305	1	32.31050299824561	6.371085098245614	0.0	0.0	3	1.03910532479493	-1.134707627742774	138.0	31	1.05	0.95				
	306	1	61.89054095438596	12.742170196491228	0.0	-100.0	3	1.0447657933230112	-2.2194958490883336	138.0	32	1.05	0.95				
	307	2	56.88468837719298	11.376937675438596	0.0	0.0	3	0.9539500340307079	1.2206246103439624	138.0	32	1.05	0.95				
	308	1	77.8182537	15.927712745614034	0.0	0.0	3	0.9750607876941272	-0.3488923056572639	138.0	32	1.05	0.95				
	309	1	79.63856372807018	16.382790252631576	0.0	0.0	3	1.0153687266465339	3.1499693799589954	138.0	33	1.05	0.95				
	310	1	88.74011386842105	18.203100280701754	0.0	0.0	3	1.0474823680717709	-0.6561797357809602	138.0	33	1.05	0.95				
	311	1	0.0	0.0	0.0	0.0	3	1.0023305029062883	2.512642323300001	230.0	33	1.05	0.95				
	312	1	0.0	0.0	0.0	0.0	3	1.007579552007077	3.52959645254215	230.0	33	1.05	0.95				
	313	2	120.59553935964911	24.57418537894737	0.0	0.0	3	1.0046336073577706	5.763886500496445	230.0	34	1.05	0.95				
	314	2	88.2850363614035	17.74802277368421	0.0	0.0	3	0.9948293677958143	1.0317117649290382	230.0	36	1.05	0.95				
	315	2	144.2595697245614	29.124960449122806	0.0	0.0	3	1.0440557839516895	1.827210245432557	230.0	36	1.05	0.95				
	316	2	45.50775070175438	9.101550140350877	0.0	0.0	3	1.0257406830131413	1.746327784381842	230.0	36	1.05	0.95				
	317	1	0.0	0.0	0.0	0.0	3	1.0411310390339303	1.6264634040467854	230.0	37	1.05	0.95				
	318	2	151.5408098368421	30.94527047719298	0.0	0.0	3	1.0462065139590004	0.9074541877503325	230.0	37	1.05	0.95				
	319	1	82.36902877017543	16.83786775964912	0.0	0.0	3	1.0163426437996643	2.1682877137935397	230.0	35	1.05	0.95				
	320	1	58.24992089824561	11.832015182456141	0.0	0.0	3	1.0115718350285128	3.447816126597561	230.0	35	1.05	0.95				
	321	2	0.0	0.0	0.0	0.0	3	1.05	1.729483839510863	230.0	37	1.05	0.95				
	322	2	0.0	0.0	0.0	0.0	3	1.05	6.02593682673126	230.0	37	1.05	0.95				
	323	2	0.0	0.0	0.0	0.0	3	1.01011492193057	4.518905369440823	230.0	35	1.05	0.95				
	324	1	0.0	0.0	0.0	0.0	3	1.0422344315702896	6.627630806850362	230.0	36	1.05	0.95				
	325	1	0.0	0.0	0.0	0.0	3	1.0103185214709525	5.3423600191872405	230.0	35	1.05	0.95				
];
