%% MATPOWER Case Format : Version 2
function mpc = RTS_GMLC
mpc.version = '2';

%%-----  Power Flow Data  -----%%
%% system MVA base
mpc.baseMVA = 100.0;
%% bus data
%    bus_i    type    Pd    Qd    Gs    Bs    area    Vm    Va    baseKV    zone    Vmax    Vmin
mpc.bus = [
	101	2	82.09549728000002	16.723156853333336	0.0	0.0	1	1.0325769417590163	-3.0740387557398976	138.0	11	1.05	0.95				
	102	2	73.73391885333334	15.202869866666669	0.0	0.0	1	1.0325805995700272	-3.133344445784457	138.0	12	1.05	0.95				
	103	1	136.82582880000004	28.125309253333334	0.0	0.0	1	1.0193461446937906	-3.5737749580692237	138.0	11	1.05	0.95				
	104	1	56.25061850666667	11.402152400000002	0.0	0.0	1	1.0164763837175144	-5.851350261860574	138.0	11	1.05	0.95				
	105	1	53.97018802666666	10.64200890666667	0.0	0.0	1	1.0311655841593501	-5.99389083806515	138.0	11	1.05	0.95				
	106	1	103.37951509333337	21.28401781333334	0.0	-100.0	1	1.035903559788272	-8.318511186263498	138.0	12	1.05	0.95				
	107	2	95.01793666666669	19.003587333333336	0.0	0.0	1	1.05	-4.812051281854528	138.0	12	1.05	0.95				
	108	1	129.98453736000002	26.605022266666666	0.0	0.0	1	1.025329005833008	-7.592617193547318	138.0	12	1.05	0.95				
	109	1	133.02511133333334	27.365165760000004	0.0	0.0	1	1.0268830055534903	-5.164521061823391	138.0	13	1.05	0.95				
	110	1	148.22798120000002	30.405739733333338	0.0	0.0	1	1.05	-6.553009154029865	138.0	13	1.05	0.95				
	111	1	0.0	0.0	0.0	0.0	1	1.01446931532575	-2.055608303440092	230.0	13	1.05	0.95				
	112	1	0.0	0.0	0.0	0.0	1	1.0167101236279514	-1.1179730038250884	230.0	13	1.05	0.95				
	113	3	201.43802573333335	41.04774864000001	0.0	0.0	1	1.0169787213754407	3.1682950569462905e-27	230.0	14	1.05	0.95				
	114	2	147.46783770666667	29.645596240000003	0.0	0.0	1	1.0171779516066481	-0.01510970526433925	230.0	16	1.05	0.95				
	115	2	240.96548738666667	48.64918357333334	0.0	0.0	1	1.0449045760448037	7.797382104690518	230.0	16	1.05	0.95				
	116	2	76.01434933333334	15.202869866666669	0.0	0.0	1	1.0437503202411564	7.449479053383748	230.0	16	1.05	0.95				
	117	1	0.0	0.0	0.0	0.0	1	1.0473135864770475	10.446238473092697	230.0	17	1.05	0.95				
	118	2	253.12778328000002	51.689757546666684	0.0	0.0	1	1.0492642364155913	11.084549338734355	230.0	17	1.05	0.95				
	119	1	137.58597229333336	28.125309253333334	0.0	0.0	1	1.0381216016946473	6.2699467098178365	230.0	15	1.05	0.95				
	120	1	97.29836714666668	19.76373082666667	0.0	0.0	1	1.0400411656322937	6.675143121628708	230.0	15	1.05	0.95				
	121	2	0.0	0.0	0.0	0.0	1	1.05	11.820852915497968	230.0	17	1.05	0.95				
	122	2	0.0	0.0	0.0	0.0	1	1.05	17.834282413486196	230.0	17	1.05	0.95				
	123	2	0.0	0.0	0.0	0.0	1	1.0432728261807789	7.457135233566722	230.0	15	1.05	0.95				
	124	1	0.0	0.0	0.0	0.0	1	1.02108911526792	3.597887529805287	230.0	16	1.05	0.95				
	201	2	94.36612623157895	19.22272941754386	0.0	0.0	2	1.05	-11.434411530227287	138.0	21	1.05	0.95				
	202	2	84.75476152280702	17.47520856140351	0.0	0.0	2	1.05	-11.45732316599337	138.0	22	1.05	0.95				
	203	1	157.2768770526316	32.32913583859649	0.0	0.0	2	1.025371628796567	-8.597053229463938	138.0	21	1.05	0.95				
	204	1	64.65827167719299	13.106406421052629	0.0	0.0	2	1.020780297161235	-13.169413941770182	138.0	21	1.05	0.95				
	205	1	62.036990392982446	12.232645992982457	0.0	0.0	2	1.0382733490392901	-13.598647162306946	138.0	21	1.05	0.95				
	206	1	118.83141821754386	24.465291985964914	0.0	-100.0	2	1.0362479863558502	-15.613826903450008	138.0	22	1.05	0.95				
	207	2	109.22005350877193	21.844010701754385	0.0	0.0	2	0.95	-26.31626024546681	138.0	22	1.05	0.95				
	208	1	149.4130332	30.581614982456134	0.0	0.0	2	0.9542723891340138	-23.035870441150553	138.0	22	1.05	0.95				
	209	1	152.90807491228068	31.455375410526315	0.0	0.0	2	1.0250962001347412	-11.069033189799923	138.0	23	1.05	0.95				
	210	1	170.3832834736842	34.95041712280702	0.0	0.0	2	1.0488087499113787	-13.08613276184729	138.0	23	1.05	0.95				
	211	1	0.0	0.0	0.0	0.0	2	1.031746194693261	-5.848291841822892	230.0	23	1.05	0.95				
	212	1	0.0	0.0	0.0	0.0	2	1.024890986248674	-3.0413665977897737	230.0	23	1.05	0.95				
	213	2	231.54651343859646	47.18306311578947	0.0	0.0	2	1.05	-1.1368909143417403	230.0	24	1.05	0.95				
	214	2	169.50952304561403	34.07665669473684	0.0	0.0	2	1.05	-4.026921177236566	230.0	26	1.05	0.95				
	215	2	276.9820556982456	55.92066739649123	0.0	0.0	2	1.0445073824250646	4.016470143278885	230.0	26	1.05	0.95				
	216	2	87.37604280701754	17.47520856140351	0.0	0.0	2	1.0488785445686304	3.9609693915472093	230.0	26	1.05	0.95				
	217	1	0.0	0.0	0.0	0.0	2	1.0494215152155564	6.976157338875822	230.0	27	1.05	0.95				
	218	2	290.9622225473684	59.41570910877193	0.0	0.0	2	1.0499999993757145	7.57619363615608	230.0	27	1.05	0.95				
	219	1	158.15063748070176	32.32913583859649	0.0	0.0	2	1.0426892516214281	3.6244551281684263	230.0	25	1.05	0.95				
	220	1	111.84133479298247	22.71777112982456	0.0	0.0	2	1.0453927328292956	4.965095428031825	230.0	25	1.05	0.95				
	221	2	0.0	0.0	0.0	0.0	2	1.05	8.117824295041212	230.0	27	1.05	0.95				
	222	2	0.0	0.0	0.0	0.0	2	1.05	14.181833362815341	230.0	27	1.05	0.95				
	223	2	0.0	0.0	0.0	0.0	2	1.05	6.332816158187719	230.0	25	1.05	0.95				
	224	1	0.0	0.0	0.0	0.0	2	1.02141912676017	-0.6732762989890878	230.0	26	1.05	0.95				
	301	2	83.43435622736843	16.995887379649123	0.0	0.0	3	1.0174630415105552	-20.569956785045896	138.0	31	1.05	0.95				
	302	2	74.93641253754384	15.45080670877193	0.0	0.0	3	1.01606462894675	-20.9497206328128	138.0	32	1.05	0.95				
	303	1	139.05726037894738	28.58399241122807	0.0	0.0	3	1.0165698802890752	-14.034682122576124	138.0	31	1.05	0.95				
	304	1	57.16798482245614	11.588105031578946	0.0	0.0	3	1.007051399450638	-19.325058327454588	138.0	31	1.05	0.95				
	305	1	54.850363816140344	10.815564696140353	0.0	0.0	3	1.0230613379734925	-19.949915882499553	138.0	31	1.05	0.95				
	306	1	105.06548561964912	21.631129392280705	0.0	-100.0	3	1.0320202785140593	-20.448202940989063	138.0	32	1.05	0.95				
	307	2	96.56754192982456	19.313508385964912	0.0	0.0	3	1.0110708313689394	-22.584972594944006	138.0	32	1.05	0.95				
	308	1	132.10439735999998	27.038911740350873	0.0	0.0	3	1.0006625896774948	-22.111812701638282	138.0	32	1.05	0.95				
	309	1	135.19455870175437	27.81145207578947	0.0	0.0	3	1.0271964762654222	-14.837983004436706	138.0	33	1.05	0.95				
	310	1	150.64536541052632	30.90161341754386	0.0	0.0	3	1.05	-16.854769055166447	138.0	33	1.05	0.95				
	311	1	0.0	0.0	0.0	0.0	3	1.0261293262743323	-8.96147307384062	230.0	33	1.05	0.95				
	312	1	0.0	0.0	0.0	0.0	3	1.0197422215157297	-7.343664857259129	230.0	33	1.05	0.95				
	313	2	204.72318889122806	41.71717811368421	0.0	0.0	3	1.0431691312945046	-3.7786291126688436	230.0	34	1.05	0.95				
	314	2	149.8728250750877	30.12907308210526	0.0	0.0	3	1.041541318804117	-6.832473231507183	230.0	36	1.05	0.95				
	315	2	244.89528633403506	49.44258146807017	0.0	0.0	3	1.05	0.18913701130996285	230.0	36	1.05	0.95				
	316	2	77.25403354385965	15.45080670877193	0.0	0.0	3	1.0495603915301004	0.6168089556855985	230.0	36	1.05	0.95				
	317	1	0.0	0.0	0.0	0.0	3	1.0492627049464136	2.3601792351259294	230.0	37	1.05	0.95				
	318	2	257.25593170105265	52.53274280982456	0.0	0.0	3	1.0479123614248407	2.3290924573806917	230.0	37	1.05	0.95				
	319	1	139.82980071438595	28.58399241122807	0.0	0.0	3	1.0449520464114685	1.1675412782803922	230.0	35	1.05	0.95				
	320	1	98.88516293614035	20.08604872140351	0.0	0.0	3	1.046604884388306	2.557205651885667	230.0	35	1.05	0.95				
	321	2	0.0	0.0	0.0	0.0	3	1.05	3.545321471584908	230.0	37	1.05	0.95				
	322	2	0.0	0.0	0.0	0.0	3	1.05	8.856112790127758	230.0	37	1.05	0.95				
	323	2	0.0	0.0	0.0	0.0	3	1.05	3.8245380794727675	230.0	35	1.05	0.95				
	324	1	0.0	0.0	0.0	0.0	3	1.019196261849533	-5.026913211589065	230.0	36	1.05	0.95				
	325	1	0.0	0.0	0.0	0.0	3	1.0487060642455355	4.488310062622341	230.0	35	1.05	0.95				
];

%% generator data
%    bus    Pg    Qg    Qmax    Qmin    Vg    mBase    status    Pmax    Pmin    Pc1    Pc2    Qc1min    Qc1max    Qc2min    Qc2max    ramp_agc    ramp_10    ramp_30    ramp_q    apf
