%% MATPOWER Case Format : Version 2
function mpc = RTS_GMLC
mpc.version = '2';

%%-----  Power Flow Data  -----%%
%% system MVA base
mpc.baseMVA = 100.0;
%% bus data
%    bus_i    type    Pd    Qd    Gs    Bs    area    Vm    Va    baseKV    zone    Vmax    Vmin
mpc.bus = [
	101	2	64.2201880168421	13.081890151578948	0.0	0.0	1	1.0434244418727527	0.7259326701516882	138.0	11	1.05	0.95				
	102	2	57.67924294105262	11.892627410526316	0.0	0.0	1	1.042267785515406	0.35957924663538315	138.0	12	1.05	0.95				
	103	1	107.03364669473685	22.001360709473683	0.0	0.0	1	1.0301911163867534	-0.22386098099284205	138.0	11	1.05	0.95				
	104	1	44.00272141894737	8.919470557894735	0.0	0.0	1	1.0245450000241283	-2.877698713336823	138.0	11	1.05	0.95				
	105	1	42.218827307368414	8.324839187368422	0.0	0.0	1	1.0381779911430713	-3.1435645995555244	138.0	11	1.05	0.95				
	106	1	80.86986639157895	16.649678374736844	0.0	-100.0	1	1.0424668795100396	-5.9403715358152445	138.0	12	1.05	0.95				
	107	2	74.32892131578947	14.865784263157893	0.0	0.0	1	0.9993711378482031	-13.410747316231394	138.0	12	1.05	0.95				
	108	1	101.68196436	20.81209796842105	0.0	0.0	1	0.997358937312356	-11.522588902604824	138.0	12	1.05	0.95				
	109	1	104.06048984210526	21.40672933894737	0.0	0.0	1	1.0253897177728006	-3.9186052385212276	138.0	13	1.05	0.95				
	110	1	115.95311725263157	23.785254821052632	0.0	0.0	1	1.05	-5.2413054401063	138.0	13	1.05	0.95				
	111	1	0.0	0.0	0.0	0.0	1	1.010929279937181	-1.2345374550672072	230.0	13	1.05	0.95				
	112	1	0.0	0.0	0.0	0.0	1	1.0138518699058559	-1.1308815140445494	230.0	13	1.05	0.95				
	113	3	157.57731318947367	32.11009400842105	0.0	0.0	1	1.008833517233665	-5.076318477542087e-28	230.0	14	1.05	0.95				
	114	2	115.35848588210524	23.190623450526317	0.0	0.0	1	1.0133180510026123	1.100429701637446	230.0	16	1.05	0.95				
	115	2	188.4981444568421	38.05640771368421	0.0	0.0	1	1.0435002149451538	9.037838451473187	230.0	16	1.05	0.95				
	116	2	59.46313705263157	11.892627410526316	0.0	0.0	1	1.0405336939255252	7.942727876788419	230.0	16	1.05	0.95				
	117	1	0.0	0.0	0.0	0.0	1	1.0449810122288483	11.814517255421139	230.0	17	1.05	0.95				
	118	2	198.01224638526315	40.434933195789476	0.0	0.0	1	1.0482119841960684	12.796297614366056	230.0	17	1.05	0.95				
	119	1	107.62827806526316	22.001360709473683	0.0	0.0	1	1.0326069327148586	5.834569076737286	230.0	15	1.05	0.95				
	120	1	76.11281542736842	15.46041563368421	0.0	0.0	1	1.030515154340057	4.763115943754864	230.0	15	1.05	0.95				
	121	2	0.0	0.0	0.0	0.0	1	1.05	14.735646613835517	230.0	17	1.05	0.95				
	122	2	0.0	0.0	0.0	0.0	1	1.05	20.101443245525836	230.0	17	1.05	0.95				
	123	2	0.0	0.0	0.0	0.0	1	1.0306426448705635	4.622789846129628	230.0	15	1.05	0.95				
	124	1	0.0	0.0	0.0	0.0	1	1.0268615214378398	5.580465491375231	230.0	16	1.05	0.95				
	201	2	69.34235794105264	14.12529513614035	0.0	0.0	2	1.023952519628286	-12.953133931163629	138.0	21	1.05	0.95				
	202	2	62.27971037298246	12.84117739649123	0.0	0.0	2	1.0247889416545506	-12.818496028291449	138.0	22	1.05	0.95				
	203	1	115.57059656842105	23.756178183508773	0.0	0.0	2	1.0137230281364147	-11.180787895115186	138.0	21	1.05	0.95				
	204	1	47.512356367017546	9.63088304736842	0.0	0.0	2	1.0140037866852472	-13.193823047427044	138.0	21	1.05	0.95				
	205	1	45.58617975754385	8.988824177543862	0.0	0.0	2	1.0288377433067477	-13.60092674400642	138.0	21	1.05	0.95				
	206	1	87.32000629614035	17.977648355087723	0.0	-100.0	2	1.0382804351488164	-14.551652029710064	138.0	22	1.05	0.95				
	207	2	80.25735872807017	16.051471745614034	0.0	0.0	2	0.9838518609641197	-23.56109297946006	138.0	22	1.05	0.95				
	208	1	109.79206674	22.472060443859647	0.0	0.0	2	0.9842384710717962	-20.447259271166374	138.0	22	1.05	0.95				
	209	1	112.36030221929825	23.11411931368421	0.0	0.0	2	1.0252921970475068	-10.873181998042314	138.0	23	1.05	0.95				
	210	1	125.20147961578947	25.68235479298246	0.0	0.0	2	1.05	-12.207510810656721	138.0	23	1.05	0.95				
	211	1	0.0	0.0	0.0	0.0	2	1.0190140300357002	-7.185500002480307	230.0	23	1.05	0.95				
	212	1	0.0	0.0	0.0	0.0	2	1.0201275698387482	-2.066129035522079	230.0	23	1.05	0.95				
	213	2	170.14560050350875	34.67117897052632	0.0	0.0	2	1.02688092495837	-3.928327588909897	230.0	24	1.05	0.95				
	214	2	124.55942074596491	25.040295923157895	0.0	0.0	2	1.0246447573938544	-5.718911156670756	230.0	26	1.05	0.95				
	215	2	203.53266173438595	41.09176766877193	0.0	0.0	2	1.0336607506617037	-0.021536426571803578	230.0	26	1.05	0.95				
	216	2	64.20588698245614	12.84117739649123	0.0	0.0	2	1.0358939695244476	0.3293476412798091	230.0	26	1.05	0.95				
	217	1	0.0	0.0	0.0	0.0	2	1.03694600433087	1.3547771054777198	230.0	27	1.05	0.95				
	218	2	213.80560365157896	43.660003148070174	0.0	0.0	2	1.0350545552117705	0.45980066399492786	230.0	27	1.05	0.95				
	219	1	116.21265543824562	23.756178183508773	0.0	0.0	2	1.036408314669821	1.928960505269842	230.0	25	1.05	0.95				
	220	1	82.18353533754386	16.693530615438597	0.0	0.0	2	1.043302082620185	4.525445778083981	230.0	25	1.05	0.95				
	221	2	0.0	0.0	0.0	0.0	2	1.0370215494294333	1.1130931307187997	230.0	27	1.05	0.95				
	222	2	0.0	0.0	0.0	0.0	2	1.05	7.707770723622748	230.0	27	1.05	0.95				
	223	2	0.0	0.0	0.0	0.0	2	1.05	6.404924930052248	230.0	25	1.05	0.95				
	224	1	0.0	0.0	0.0	0.0	2	1.0123660728301422	-4.163935902516543	230.0	26	1.05	0.95				
	301	2	60.764947806315796	12.378044923508773	0.0	0.0	3	0.9930965406092437	15.169489146431113	138.0	31	1.05	0.95				
	302	2	54.575925344561405	11.252768112280704	0.0	0.0	3	0.9928254376286849	15.129190796185862	138.0	32	1.05	0.95				
	303	1	101.27491301052632	20.817621007719296	0.0	0.0	3	1.0177198101782174	18.283510706888265	138.0	31	1.05	0.95				
	304	1	41.63524201543859	8.439576084210525	0.0	0.0	3	1.0013497310732782	17.072083420311714	138.0	31	1.05	0.95				
	305	1	39.947326798596485	7.876937678596492	0.0	0.0	3	1.013025383702582	16.89264101222695	138.0	31	1.05	0.95				
	306	1	76.51882316350877	15.753875357192983	0.0	-100.0	3	1.0324162357585105	17.21151261060439	138.0	32	1.05	0.95				
	307	2	70.32980070175438	14.065960140350878	0.0	0.0	3	0.987247190704371	13.327534378535717	138.0	32	1.05	0.95				
	308	1	96.21116736	19.692344196491227	0.0	0.0	3	0.9985432533032456	15.837734967276047	138.0	32	1.05	0.95				
	309	1	98.46172098245614	20.25498260210526	0.0	0.0	3	1.027898114809927	20.94170611426848	138.0	33	1.05	0.95				
	310	1	109.71448909473685	22.505536224561407	0.0	0.0	3	1.05	20.40604423586114	138.0	33	1.05	0.95				
	311	1	0.0	0.0	0.0	0.0	3	1.0150632719555144	26.390515960551895	230.0	33	1.05	0.95				
	312	1	0.0	0.0	0.0	0.0	3	1.021603027928228	27.046447612345002	230.0	33	1.05	0.95				
	313	2	149.09917748771932	30.382473903157898	0.0	0.0	3	1.0352361221434732	33.576862440050185	230.0	34	1.05	0.95				
	314	2	109.15185068912281	21.942897818947372	0.0	0.0	3	1.0148266172200504	25.732583822979723	230.0	36	1.05	0.95				
	315	2	178.35637457964913	36.00885795929825	0.0	0.0	3	1.038788255934857	21.62919054614401	230.0	36	1.05	0.95				
	316	2	56.26384056140351	11.252768112280704	0.0	0.0	3	1.0390697887734524	22.77448387946543	230.0	36	1.05	0.95				
	317	1	0.0	0.0	0.0	0.0	3	1.05	23.852680332757476	230.0	37	1.05	0.95				
	318	2	187.35858906947368	38.259411581754385	0.0	0.0	3	1.0480630864588267	21.249716686755978	230.0	37	1.05	0.95				
	319	1	101.83755141614034	20.817621007719296	0.0	0.0	3	1.03869003646384	24.16030082053302	230.0	35	1.05	0.95				
	320	1	72.0177159185965	14.628598545964913	0.0	0.0	3	1.0394807069616667	24.954100196877683	230.0	35	1.05	0.95				
	321	2	0.0	0.0	0.0	0.0	3	1.045612748811444	22.007272032184897	230.0	37	1.05	0.95				
	322	2	0.0	0.0	0.0	0.0	3	1.05	27.073419375927163	230.0	37	1.05	0.95				
	323	2	0.0	0.0	0.0	0.0	3	1.0394514680342213	25.11314975259109	230.0	35	1.05	0.95				
	324	1	0.0	0.0	0.0	0.0	3	1.0273155886389664	22.30789189608567	230.0	36	1.05	0.95				
	325	1	0.0	0.0	0.0	0.0	3	1.0416844581201137	24.236308247702016	230.0	35	1.05	0.95				
];
