%% MATPOWER Case Format : Version 2
function mpc = RTS_GMLC
mpc.version = '2';

%%-----  Power Flow Data  -----%%
%% system MVA base
mpc.baseMVA = 100.0;
%% bus data
%    bus_i    type    Pd    Qd    Gs    Bs    area    Vm    Va    baseKV    zone    Vmax    Vmin
mpc.bus = [
	101	2	78.63532904842107	16.018307769122806	0.0	0.0	1	1.047483650385155	0.4625459045319482	138.0	11	1.05	0.95				
	102	2	70.62617516385966	14.562097971929827	0.0	0.0	1	1.0467848934112856	0.21990910853801982	138.0	12	1.05	0.95				
	103	1	131.05888174736845	26.93988124807018	0.0	0.0	1	1.026160762255944	-1.9475332572318984	138.0	11	1.05	0.95				
	104	1	53.87976249614036	10.92157347894737	0.0	0.0	1	1.0251714322545475	-3.326065454082724	138.0	11	1.05	0.95				
	105	1	51.69544780035088	10.19346858035088	0.0	0.0	1	1.0383326972164022	-3.6441818658961145	138.0	11	1.05	0.95				
	106	1	99.02226620912282	20.38693716070176	0.0	-100.0	1	1.0394928281521105	-6.654354441166503	138.0	12	1.05	0.95				
	107	2	91.01311232456142	18.20262246491228	0.0	0.0	1	1.0328765870994197	-6.288594540253352	138.0	12	1.05	0.95				
	108	1	124.50593766	25.483671450877193	0.0	0.0	1	1.0161600864248823	-8.00529620574955	138.0	12	1.05	0.95				
	109	1	127.41835725438597	26.211776349473688	0.0	0.0	1	1.0266413885256087	-4.337978602736128	138.0	13	1.05	0.95				
	110	1	141.9804552263158	29.124195943859654	0.0	0.0	1	1.05	-5.585995926143301	138.0	13	1.05	0.95				
	111	1	0.0	0.0	0.0	0.0	1	1.011548475180684	-1.9825355230055766	230.0	13	1.05	0.95				
	112	1	0.0	0.0	0.0	0.0	1	1.0154047921465879	-1.1783016052657946	230.0	13	1.05	0.95				
	113	3	192.9477981280702	39.317664524210535	0.0	0.0	1	1.0120379317904702	-3.632967660092297e-30	230.0	14	1.05	0.95				
	114	2	141.2523503277193	28.396091045263162	0.0	0.0	1	1.0105222346834848	-0.6656218867187139	230.0	16	1.05	0.95				
	115	2	230.80925285508775	46.59871351017544	0.0	0.0	1	1.0411167658042222	6.179494451116377	230.0	16	1.05	0.95				
	116	2	72.81048985964912	14.562097971929827	0.0	0.0	1	1.0381592498991568	5.6140583027457485	230.0	16	1.05	0.95				
	117	1	0.0	0.0	0.0	0.0	1	1.0431516445724323	8.017867601302623	230.0	17	1.05	0.95				
	118	2	242.4589312326316	49.51113310456141	0.0	0.0	1	1.0449118089473513	8.298038015997065	230.0	17	1.05	0.95				
	119	1	131.78698664596493	26.93988124807018	0.0	0.0	1	1.0320140530741897	4.517820363753307	230.0	15	1.05	0.95				
	120	1	93.19742702035089	18.930727363508776	0.0	0.0	1	1.0323423788903767	4.6065507478555405	230.0	15	1.05	0.95				
	121	2	0.0	0.0	0.0	0.0	1	1.0481721613400994	9.88048808914307	230.0	17	1.05	0.95				
	122	2	0.0	0.0	0.0	0.0	1	1.05	15.659415173025888	230.0	17	1.05	0.95				
	123	2	0.0	0.0	0.0	0.0	1	1.0344958231348496	5.201036065437513	230.0	15	1.05	0.95				
	124	1	0.0	0.0	0.0	0.0	1	1.025141760094823	3.1541858123089086	230.0	16	1.05	0.95				
	201	2	76.97528727157895	15.680151110877194	0.0	0.0	2	1.0359772907434501	-11.95109858013295	138.0	21	1.05	0.95				
	202	2	69.13521171614035	14.254682828070175	0.0	0.0	2	1.0362580920996889	-12.019434832830246	138.0	22	1.05	0.95				
	203	1	128.2921454526316	26.371163231929824	0.0	0.0	2	1.0230430561978094	-9.609688051450007	138.0	21	1.05	0.95				
	204	1	52.74232646385965	10.691012121052632	0.0	0.0	2	1.0180363914079085	-13.648225357983371	138.0	21	1.05	0.95				
	205	1	50.60412403964912	9.978277979649123	0.0	0.0	2	1.0339213684883233	-13.995522024488668	138.0	21	1.05	0.95				
	206	1	96.9318432308772	19.956555959298246	0.0	-100.0	2	1.0386669688945833	-15.810933565353208	138.0	22	1.05	0.95				
	207	2	89.09176767543859	17.81835353508772	0.0	0.0	2	0.9679078834612704	-26.44882349074801	138.0	22	1.05	0.95				
	208	1	121.87753818	24.945694949122803	0.0	0.0	2	0.9712457020478347	-22.92976194541856	138.0	22	1.05	0.95				
	209	1	124.72847474561404	25.65842909052631	0.0	0.0	2	1.0254673469890734	-12.096174580475726	138.0	23	1.05	0.95				
	210	1	138.9831575736842	28.50936565614035	0.0	0.0	2	1.05	-13.824867764948008	138.0	23	1.05	0.95				
	211	1	0.0	0.0	0.0	0.0	2	1.0229941439266135	-8.718125259062782	230.0	23	1.05	0.95				
	212	1	0.0	0.0	0.0	0.0	2	1.0232327683906643	-4.4436515187670835	230.0	23	1.05	0.95				
	213	2	188.87454747192982	38.487643635789475	0.0	0.0	2	1.0290384140503575	-6.453945827901746	230.0	24	1.05	0.95				
	214	2	138.2704234322807	27.79663151473684	0.0	0.0	2	1.0334034951815214	-6.532209046825873	230.0	26	1.05	0.95				
	215	2	225.9367228249123	45.61498504982456	0.0	0.0	2	1.0402796419678462	1.1986132752306842	230.0	26	1.05	0.95				
	216	2	71.27341414035088	14.254682828070175	0.0	0.0	2	1.0424042075371427	0.9525873347117192	230.0	26	1.05	0.95				
	217	1	0.0	0.0	0.0	0.0	2	1.0441620441256234	3.6051326615331485	230.0	27	1.05	0.95				
	218	2	237.34046908736843	48.4659216154386	0.0	0.0	2	1.0449233027656193	3.8756949414537	230.0	27	1.05	0.95				
	219	1	129.0048795940351	26.371163231929824	0.0	0.0	2	1.0406578983870438	0.5832358516195411	230.0	25	1.05	0.95				
	220	1	91.22997009964912	18.53108767649123	0.0	0.0	2	1.0452857041763735	1.6023789403871245	230.0	25	1.05	0.95				
	221	2	0.0	0.0	0.0	0.0	2	1.0449411022832158	3.743435885567366	230.0	27	1.05	0.95				
	222	2	0.0	0.0	0.0	0.0	2	1.05	10.196555989093605	230.0	27	1.05	0.95				
	223	2	0.0	0.0	0.0	0.0	2	1.0499999993627063	2.6775241578641342	230.0	25	1.05	0.95				
	224	1	0.0	0.0	0.0	0.0	2	1.020349516718333	-2.8238525037814934	230.0	26	1.05	0.95				
	301	2	66.04365706105263	13.453337549473684	0.0	0.0	3	1.00224592494139	-6.356197021116361	138.0	31	1.05	0.95				
	302	2	59.316988286315784	12.230306863157894	0.0	0.0	3	1.0018909106891145	-6.461090425909491	138.0	32	1.05	0.95				
	303	1	110.07276176842105	22.626067696842103	0.0	0.0	3	1.0230543534119068	-0.7752134186297426	138.0	31	1.05	0.95				
	304	1	45.252135393684206	9.17273014736842	0.0	0.0	3	1.004340633373381	-4.387766952386231	138.0	31	1.05	0.95				
	305	1	43.41758936421052	8.561214804210525	0.0	0.0	3	1.0171524401850407	-4.885449496898058	138.0	31	1.05	0.95				
	306	1	83.16608666947369	17.12242960842105	0.0	-100.0	3	1.033245496166428	-4.74539071249838	138.0	32	1.05	0.95				
	307	2	76.43941789473683	15.287883578947367	0.0	0.0	3	0.9943124746719272	-9.545627650225969	138.0	32	1.05	0.95				
	308	1	104.56912368	21.40303701052631	0.0	0.0	3	0.9997741016653245	-6.736162609994817	138.0	32	1.05	0.95				
	309	1	107.01518505263157	22.01455235368421	0.0	0.0	3	1.0280362696294645	-0.20881524462403211	138.0	33	1.05	0.95				
	310	1	119.24549191578946	24.46061372631579	0.0	0.0	3	1.05	-1.4572226945925346	138.0	33	1.05	0.95				
	311	1	0.0	0.0	0.0	0.0	3	1.0160387500473707	5.189756424480051	230.0	33	1.05	0.95				
	312	1	0.0	0.0	0.0	0.0	3	1.0197238280036083	6.179213835556435	230.0	33	1.05	0.95				
	313	2	162.05156593684208	33.021828530526314	0.0	0.0	3	1.035346265426263	12.142770112114375	230.0	34	1.05	0.95				
	314	2	118.63397657263157	23.849098383157894	0.0	0.0	3	1.018070666485088	5.04220826718302	230.0	36	1.05	0.95				
	315	2	193.8503637810526	39.13698196210526	0.0	0.0	3	1.0338843922993008	3.075771640967881	230.0	36	1.05	0.95				
	316	2	61.15153431578947	12.230306863157894	0.0	0.0	3	1.033801084037352	4.1394292096596885	230.0	36	1.05	0.95				
	317	1	0.0	0.0	0.0	0.0	3	1.0385379754283792	3.9511722004130783	230.0	37	1.05	0.95				
	318	2	203.63460927157894	41.58304333473684	0.0	0.0	3	1.037662570031553	3.2615999383503844	230.0	37	1.05	0.95				
	319	1	110.68427711157894	22.626067696842103	0.0	0.0	3	1.0325109589393755	5.8854157646422625	230.0	35	1.05	0.95				
	320	1	78.27396392421052	15.899398922105263	0.0	0.0	3	1.0336768693809275	7.201561049782506	230.0	35	1.05	0.95				
	321	2	0.0	0.0	0.0	0.0	3	1.0389007500961294	4.101790537391144	230.0	37	1.05	0.95				
	322	2	0.0	0.0	0.0	0.0	3	1.05	8.35534614002378	230.0	37	1.05	0.95				
	323	2	0.0	0.0	0.0	0.0	3	1.034550680571665	7.783538041634118	230.0	35	1.05	0.95				
	324	1	0.0	0.0	0.0	0.0	3	1.0254594529172978	3.113494706885438	230.0	36	1.05	0.95				
	325	1	0.0	0.0	0.0	0.0	3	1.0361423090008888	7.967767149258759	230.0	35	1.05	0.95				
];
