%% MATPOWER Case Format : Version 2
function mpc = RTS_GMLC
mpc.version = '2';

%%-----  Power Flow Data  -----%%
%% system MVA base
mpc.baseMVA = 100.0;
%% bus data
%    bus_i    type    Pd    Qd    Gs    Bs    area    Vm    Va    baseKV    zone    Vmax    Vmin
mpc.bus = [
	101	2	90.33844630736844	18.40227609964912	0.0	0.0	1	1.0332645155485478	-5.680099903233808	138.0	11	1.05	0.95				
	102	2	81.13730825754386	16.729341908771932	0.0	0.0	1	1.033255485218001	-5.734537447080899	138.0	12	1.05	0.95				
	103	1	150.56407717894737	30.94928253122807	0.0	0.0	1	1.0166116819494757	-5.704048796915245	138.0	11	1.05	0.95				
	104	1	61.89856506245614	12.547006431578946	0.0	0.0	1	1.015035400582305	-8.081189369794389	138.0	11	1.05	0.95				
	105	1	59.38916377614035	11.710539336140352	0.0	0.0	1	1.0306594370139395	-8.192586538833927	138.0	11	1.05	0.95				
	106	1	113.75952497964914	23.421078672280704	0.0	-100.0	1	1.034013868872884	-10.358382274348878	138.0	12	1.05	0.95				
	107	2	104.55838692982458	20.911677385964914	0.0	0.0	1	1.05	-4.661889165398773	138.0	12	1.05	0.95				
	108	1	143.03587332	29.27634834035088	0.0	0.0	1	1.0228151496133542	-8.377339746012474	138.0	12	1.05	0.95				
	109	1	146.3817417017544	30.112815435789475	0.0	0.0	1	1.027217325165232	-6.6148129189976865	138.0	13	1.05	0.95				
	110	1	163.11108361052632	33.458683817543864	0.0	0.0	1	1.05	-8.09804034066579	138.0	13	1.05	0.95				
	111	1	0.0	0.0	0.0	0.0	1	1.0186814952317476	-3.014065682321448	230.0	13	1.05	0.95				
	112	1	0.0	0.0	0.0	0.0	1	1.0191425883418548	-1.6464079874033142	230.0	13	1.05	0.95				
	113	3	221.66378029122805	45.16922315368422	0.0	0.0	1	1.0253665048168858	-7.122410868505582e-29	230.0	14	1.05	0.95				
	114	2	162.27461651508773	32.62221672210527	0.0	0.0	1	1.023940487271412	-1.330368711250832	230.0	16	1.05	0.95				
	115	2	265.1600692540351	53.53389410807018	0.0	0.0	1	1.045125344907352	6.20439491900346	230.0	16	1.05	0.95				
	116	2	83.64670954385966	16.729341908771932	0.0	0.0	1	1.0460153944209425	6.126749838734959	230.0	16	1.05	0.95				
	117	1	0.0	0.0	0.0	0.0	1	1.048212771631192	8.930702419170581	230.0	17	1.05	0.95				
	118	2	278.5435427810527	56.87976248982457	0.0	0.0	1	1.0494542392631936	9.43463861368737	230.0	17	1.05	0.95				
	119	1	151.400544274386	30.94928253122807	0.0	0.0	1	1.041481969886479	5.608184755460098	230.0	15	1.05	0.95				
	120	1	107.06778821614036	21.74814448140351	0.0	0.0	1	1.0451606165403002	6.724596678659161	230.0	15	1.05	0.95				
	121	2	0.0	0.0	0.0	0.0	1	1.05	10.226045649650604	230.0	17	1.05	0.95				
	122	2	0.0	0.0	0.0	0.0	1	1.05	16.584668341882697	230.0	17	1.05	0.95				
	123	2	0.0	0.0	0.0	0.0	1	1.0499999966319418	7.942145096994564	230.0	15	1.05	0.95				
	124	1	0.0	0.0	0.0	0.0	1	1.0194987883716662	1.8173953221795225	230.0	16	1.05	0.95				
	201	2	87.1751928126316	17.757909647017545	0.0	0.0	2	1.0453993155640715	-9.79410339316087	138.0	21	1.05	0.95				
	202	2	78.2962379891228	16.143554224561406	0.0	0.0	2	1.0465639386183918	-9.825769003536761	138.0	22	1.05	0.95				
	203	1	145.29198802105265	29.865575315438598	0.0	0.0	2	1.027768008071107	-7.523364987628689	138.0	21	1.05	0.95				
	204	1	59.731150630877195	12.107665668421053	0.0	0.0	2	1.0212727154226213	-11.855235993536487	138.0	21	1.05	0.95				
	205	1	57.30961749719299	11.300487957192985	0.0	0.0	2	1.03734220461164	-12.21273989226417	138.0	21	1.05	0.95				
	206	1	109.77616872701756	22.60097591438597	0.0	-100.0	2	1.0382300865343876	-14.305965756897947	138.0	22	1.05	0.95				
	207	2	100.89721390350878	20.179442780701756	0.0	0.0	2	0.95	-26.18703596419252	138.0	22	1.05	0.95				
	208	1	138.02738862	28.251219892982455	0.0	0.0	2	0.9562198987165513	-22.341103198027024	138.0	22	1.05	0.95				
	209	1	141.2560994649123	29.05839760421053	0.0	0.0	2	1.0263210261835323	-10.284794136180833	138.0	23	1.05	0.95				
	210	1	157.3996536894737	32.28710844912281	0.0	0.0	2	1.05	-12.158828158716851	138.0	23	1.05	0.95				
	211	1	0.0	0.0	0.0	0.0	2	1.032106509426092	-4.922048942678018	230.0	23	1.05	0.95				
	212	1	0.0	0.0	0.0	0.0	2	1.0237971691750307	-3.5303739632132065	230.0	23	1.05	0.95				
	213	2	213.90209347543862	43.5875964063158	0.0	0.0	2	1.05	-0.3849125700787112	230.0	24	1.05	0.95				
	214	2	156.5924759782456	31.47993073789474	0.0	0.0	2	1.0499999967924585	-2.8712663741004896	230.0	26	1.05	0.95				
	215	2	255.87533445929824	51.659373518596496	0.0	0.0	2	1.0461291927522434	4.954643920197358	230.0	26	1.05	0.95				
	216	2	80.71777112280702	16.143554224561406	0.0	0.0	2	1.0496242426533657	5.019844502576209	230.0	26	1.05	0.95				
	217	1	0.0	0.0	0.0	0.0	2	1.05	8.021250809226046	230.0	27	1.05	0.95				
	218	2	268.7901778389474	54.88808436350878	0.0	0.0	2	1.0494219659650177	8.719450236971442	230.0	27	1.05	0.95				
	219	1	146.0991657322807	29.865575315438598	0.0	0.0	2	1.0438166976610115	4.731090591532002	230.0	25	1.05	0.95				
	220	1	103.31874703719299	20.986620491929827	0.0	0.0	2	1.0460351349390895	5.987436579200425	230.0	25	1.05	0.95				
	221	2	0.0	0.0	0.0	0.0	2	1.05	9.188134129057113	230.0	27	1.05	0.95				
	222	2	0.0	0.0	0.0	0.0	2	1.05	15.242314701980131	230.0	27	1.05	0.95				
	223	2	0.0	0.0	0.0	0.0	2	1.05	7.2620314867933144	230.0	25	1.05	0.95				
	224	1	0.0	0.0	0.0	0.0	2	1.0234925519014453	0.3120147481326239	230.0	26	1.05	0.95				
	301	2	83.86143624	17.082885160000004	0.0	0.0	3	1.0208875302026799	-21.552824117085308	138.0	31	1.05	0.95				
	302	2	75.31999366000001	15.529895600000001	0.0	0.0	3	1.0191502977273164	-22.02037613267772	138.0	32	1.05	0.95				
	303	1	139.7690604	28.73030686	0.0	0.0	3	1.0167137766676917	-14.767779228143048	138.0	31	1.05	0.95				
	304	1	57.46061372	11.6474217	0.0	0.0	3	1.0085528688654308	-20.72626594832574	138.0	31	1.05	0.95				
	305	1	55.13112938	10.870926920000002	0.0	0.0	3	1.0250378945981333	-21.443850601724915	138.0	31	1.05	0.95				
	306	1	105.60329008000002	21.741853840000005	0.0	-100.0	3	1.0327727426040196	-22.2399066436736	138.0	32	1.05	0.95				
	307	2	97.06184750000001	19.4123695	0.0	0.0	3	1.0092674385550873	-24.626574130642517	138.0	32	1.05	0.95				
	308	1	132.78060738000002	27.1773173	0.0	0.0	3	0.9989830666953525	-24.135563072731802	138.0	32	1.05	0.95				
	309	1	135.8865865	27.953812080000002	0.0	0.0	3	1.0270286216244668	-16.492347845523344	138.0	33	1.05	0.95				
	310	1	151.4164821	31.059791200000003	0.0	0.0	3	1.05	-18.853944798137768	138.0	33	1.05	0.95				
	311	1	0.0	0.0	0.0	0.0	3	1.0271090198566784	-10.75723371817382	230.0	33	1.05	0.95				
	312	1	0.0	0.0	0.0	0.0	3	1.0195572040744598	-9.48438458357332	230.0	33	1.05	0.95				
	313	2	205.7711167	41.93071812	0.0	0.0	3	1.0426068135929134	-6.143979411001487	230.0	34	1.05	0.95				
	314	2	150.63998732000002	30.283296420000006	0.0	0.0	3	1.0446822163806733	-8.110320165896887	230.0	36	1.05	0.95				
	315	2	246.14884526000003	49.69566592	0.0	0.0	3	1.0498684760581227	0.4783412505384274	230.0	36	1.05	0.95				
	316	2	77.649478	15.529895600000001	0.0	0.0	3	1.0499999996222886	0.405729795701328	230.0	36	1.05	0.95				
	317	1	0.0	0.0	0.0	0.0	3	1.0489360110596762	3.3400819666715664	230.0	37	1.05	0.95				
	318	2	258.57276174000003	52.80164504000001	0.0	0.0	3	1.0483249969378725	4.04259115824198	230.0	37	1.05	0.95				
	319	1	140.54555518	28.73030686	0.0	0.0	3	1.0444072126443027	-0.05350700179245287	230.0	35	1.05	0.95				
	320	1	99.39133184	20.18886428	0.0	0.0	3	1.046411808949672	0.9960880939281521	230.0	35	1.05	0.95				
	321	2	0.0	0.0	0.0	0.0	3	1.05	4.754023727288059	230.0	37	1.05	0.95				
	322	2	0.0	0.0	0.0	0.0	3	1.05	9.974775988559417	230.0	37	1.05	0.95				
	323	2	0.0	0.0	0.0	0.0	3	1.05	2.135788973304605	230.0	35	1.05	0.95				
	324	1	0.0	0.0	0.0	0.0	3	1.0175821825440827	-5.123631759975434	230.0	36	1.05	0.95				
	325	1	0.0	0.0	0.0	0.0	3	1.0486713060562116	2.807272702038575	230.0	35	1.05	0.95				
];

%% generator data
%    bus    Pg    Qg    Qmax    Qmin    Vg    mBase    status    Pmax    Pmin    Pc1    Pc2    Qc1min    Qc1max    Qc2min    Qc2max    ramp_agc    ramp_10    ramp_30    ramp_q    apf
