%% MATPOWER Case Format : Version 2
function mpc = RTS_GMLC
mpc.version = '2';

%%-----  Power Flow Data  -----%%
%% system MVA base
mpc.baseMVA = 100.0;
%% bus data
%    bus_i    type    Pd    Qd    Gs    Bs    area    Vm    Va    baseKV    zone    Vmax    Vmin
mpc.bus = [
	101	2	91.0064324463158	18.53834735017544	0.0	0.0	1	1.048431879985378	-0.3148338720317563	138.0	11	1.05	0.95				
	102	2	81.73725877122807	16.853043045614037	0.0	0.0	1	1.0482010427821091	-0.4794898066587706	138.0	12	1.05	0.95				
	103	1	151.6773874105263	31.178129634385964	0.0	0.0	1	1.0249674736416745	-1.8989211240225268	138.0	11	1.05	0.95				
	104	1	62.35625926877193	12.639782284210527	0.0	0.0	1	1.0239849595583983	-4.195428919738716	138.0	11	1.05	0.95				
	105	1	59.828302811929824	11.797130131929826	0.0	0.0	1	1.0371270948722981	-4.654232987895735	138.0	11	1.05	0.95				
	106	1	114.60069271017545	23.594260263859653	0.0	-100.0	1	1.036253417796091	-7.868434380332156	138.0	12	1.05	0.95				
	107	2	105.33151903508772	21.066303807017544	0.0	0.0	1	1.05	-6.516851125195265	138.0	12	1.05	0.95				
	108	1	144.09351804000002	29.492825329824562	0.0	0.0	1	1.0229430402070343	-8.763850007456412	138.0	12	1.05	0.95				
	109	1	147.46412664912282	30.33547748210526	0.0	0.0	1	1.0273619762448394	-4.90666034081229	138.0	13	1.05	0.95				
	110	1	164.31716969473683	33.70608609122807	0.0	0.0	1	1.05	-6.479845968577767	138.0	13	1.05	0.95				
	111	1	0.0	0.0	0.0	0.0	1	1.0155088099503577	-2.148204816292361	230.0	13	1.05	0.95				
	112	1	0.0	0.0	0.0	0.0	1	1.0180470176874614	-1.3002869036614462	230.0	13	1.05	0.95				
	113	3	223.30282035438594	45.5032162231579	0.0	0.0	1	1.018728202623937	1.9929136172213896e-31	230.0	14	1.05	0.95				
	114	2	163.47451754245614	32.863433938947374	0.0	0.0	1	1.0175628607274991	-0.4511971785859324	230.0	16	1.05	0.95				
	115	2	267.1207322729825	53.929737745964914	0.0	0.0	1	1.0437890895542061	7.900221020257559	230.0	16	1.05	0.95				
	116	2	84.26521522807018	16.853043045614037	0.0	0.0	1	1.0424746516451748	7.071797787128233	230.0	16	1.05	0.95				
	117	1	0.0	0.0	0.0	0.0	1	1.0458494946225723	10.17080445210393	230.0	17	1.05	0.95				
	118	2	280.6031667094737	57.300346355087726	0.0	0.0	1	1.0477793526038048	10.775666551490032	230.0	17	1.05	0.95				
	119	1	152.52003956280703	31.178129634385964	0.0	0.0	1	1.036316551969642	5.658016225430951	230.0	15	1.05	0.95				
	120	1	107.85947549192983	21.908955959298247	0.0	0.0	1	1.037790806803929	5.562293481449893	230.0	15	1.05	0.95				
	121	2	0.0	0.0	0.0	0.0	1	1.05	12.689563119352703	230.0	17	1.05	0.95				
	122	2	0.0	0.0	0.0	0.0	1	1.05	18.217294303162557	230.0	17	1.05	0.95				
	123	2	0.0	0.0	0.0	0.0	1	1.0410529914752031	6.132148863660389	230.0	15	1.05	0.95				
	124	1	0.0	0.0	0.0	0.0	1	1.0244558200689793	4.261344140819427	230.0	16	1.05	0.95				
	201	2	90.79615928842105	18.495513929122804	0.0	0.0	2	1.042334385203377	-14.65620782754056	138.0	21	1.05	0.95				
	202	2	81.54840232385965	16.814103571929824	0.0	0.0	2	1.0451583992970117	-14.784185955051338	138.0	22	1.05	0.95				
	203	1	151.3269321473684	31.106091608070173	0.0	0.0	2	1.025145171392837	-10.69321840456223	138.0	21	1.05	0.95				
	204	1	62.212183216140346	12.610577678947369	0.0	0.0	2	1.0199263411272115	-15.859935409157838	138.0	21	1.05	0.95				
	205	1	59.690067680350865	11.769872500350878	0.0	0.0	2	1.0354625515576599	-16.37902149126515	138.0	21	1.05	0.95				
	206	1	114.33590428912281	23.539745000701757	0.0	-100.0	2	1.0371628858823796	-18.13787760272023	138.0	22	1.05	0.95				
	207	2	105.0881473245614	21.01762946491228	0.0	0.0	2	0.95	-29.102478627453014	138.0	22	1.05	0.95				
	208	1	143.76058554	29.42468125087719	0.0	0.0	2	0.9554374482102623	-25.502930666374976	138.0	22	1.05	0.95				
	209	1	147.12340625438597	30.265386429473683	0.0	0.0	2	1.026440555662755	-13.353940610711494	138.0	23	1.05	0.95				
	210	1	163.9375098263158	33.62820714385965	0.0	0.0	2	1.05	-15.493553878252573	138.0	23	1.05	0.95				
	211	1	0.0	0.0	0.0	0.0	2	1.0340691811418083	-9.275432139473361	230.0	23	1.05	0.95				
	212	1	0.0	0.0	0.0	0.0	2	1.0279015190130785	-4.162506245622138	230.0	23	1.05	0.95				
	213	2	222.78687232807016	45.398079644210526	0.0	0.0	2	1.05	-6.485797179671979	230.0	24	1.05	0.95				
	214	2	163.0968046477193	32.787501965263154	0.0	0.0	2	1.05	-6.806956740034557	230.0	26	1.05	0.95				
	215	2	266.50354161508767	53.805131430175436	0.0	0.0	2	1.0449150000819818	2.104487182244137	230.0	26	1.05	0.95				
	216	2	84.07051785964912	16.814103571929824	0.0	0.0	2	1.048519042847423	1.8812250567936233	230.0	26	1.05	0.95				
	217	1	0.0	0.0	0.0	0.0	2	1.049083845572387	4.959497264160615	230.0	27	1.05	0.95				
	218	2	279.95482447263157	57.167952144561404	0.0	0.0	2	1.05	5.481113006650809	230.0	27	1.05	0.95				
	219	1	152.1676373259649	31.106091608070173	0.0	0.0	2	1.0427050269241525	1.8684708461262334	230.0	25	1.05	0.95				
	220	1	107.61026286035087	21.858334643508773	0.0	0.0	2	1.0454153121299516	3.4301996971094435	230.0	25	1.05	0.95				
	221	2	0.0	0.0	0.0	0.0	2	1.05	5.877147558099258	230.0	27	1.05	0.95				
	222	2	0.0	0.0	0.0	0.0	2	1.05	12.029121714559922	230.0	27	1.05	0.95				
	223	2	0.0	0.0	0.0	0.0	2	1.05	4.895174945334832	230.0	25	1.05	0.95				
	224	1	0.0	0.0	0.0	0.0	2	1.0213270800617553	-2.651253308650991	230.0	26	1.05	0.95				
	301	2	78.24106296000001	15.937994306666667	0.0	0.0	3	0.9932893829894907	5.166764332178728	138.0	31	1.05	0.95				
	302	2	70.27206580666666	14.489085733333335	0.0	0.0	3	0.9955639277708526	4.997157312156239	138.0	32	1.05	0.95				
	303	1	130.4017716	26.80480860666667	0.0	0.0	3	1.0192344497996482	11.973814029344702	138.0	31	1.05	0.95				
	304	1	53.60961721333334	10.8668143	0.0	0.0	3	0.9910568907899086	7.5001937312812945	138.0	31	1.05	0.95				
	305	1	51.43625435333333	10.142360013333334	0.0	0.0	3	1.0025425896924678	7.101226557384505	138.0	31	1.05	0.95				
	306	1	98.52578298666668	20.28472002666667	0.0	-100.0	3	1.0156307826666446	7.371433190102593	138.0	32	1.05	0.95				
	307	2	90.55678583333334	18.111357166666668	0.0	0.0	3	0.9638479863108346	2.4967912325058985	138.0	32	1.05	0.95				
	308	1	123.88168302	25.355900033333334	0.0	0.0	3	0.9752558342819938	5.949031874103156	138.0	32	1.05	0.95				
	309	1	126.77950016666666	26.080354319999998	0.0	0.0	3	1.014924173575351	12.572256609952579	138.0	33	1.05	0.95				
	310	1	141.2685859	28.97817146666667	0.0	0.0	3	1.0343777942214996	11.430012766497281	138.0	33	1.05	0.95				
	311	1	0.0	0.0	0.0	0.0	3	1.0053564898623764	18.86908761185153	230.0	33	1.05	0.95				
	312	1	0.0	0.0	0.0	0.0	3	1.0116518223714546	20.34823923719458	230.0	33	1.05	0.95				
	313	2	191.98038596666666	39.120531480000004	0.0	0.0	3	1.0373971389402044	28.46984023824103	230.0	34	1.05	0.95				
	314	2	140.54413161333332	28.25371718	0.0	0.0	3	1.0092957284702322	17.074579240165487	230.0	36	1.05	0.95				
	315	2	229.65200887333333	46.36507434666667	0.0	0.0	3	1.0377866335457147	11.461132535012375	230.0	36	1.05	0.95				
	316	2	72.44542866666667	14.489085733333335	0.0	0.0	3	1.037649671666667	13.05575062860744	230.0	36	1.05	0.95				
	317	1	0.0	0.0	0.0	0.0	3	1.0413937731531324	11.592891091188338	230.0	37	1.05	0.95				
	318	2	241.24327746	49.26289149333334	0.0	0.0	3	1.0401286054818217	10.161090632621622	230.0	37	1.05	0.95				
	319	1	131.12622588666667	26.80480860666667	0.0	0.0	3	1.0350093725391192	15.66295807174742	230.0	35	1.05	0.95				
	320	1	92.73014869333333	18.835811453333335	0.0	0.0	3	1.0367684382382938	17.76970827138904	230.0	35	1.05	0.95				
	321	2	0.0	0.0	0.0	0.0	3	1.040766519812726	11.169315672770741	230.0	37	1.05	0.95				
	322	2	0.0	0.0	0.0	0.0	3	1.05	15.655626659537251	230.0	37	1.05	0.95				
	323	2	0.0	0.0	0.0	0.0	3	1.0380826690496694	18.55749957086947	230.0	35	1.05	0.95				
	324	1	0.0	0.0	0.0	0.0	3	1.029591460411648	13.70852885619656	230.0	36	1.05	0.95				
	325	1	0.0	0.0	0.0	0.0	3	1.040548534689617	18.064419153285147	230.0	35	1.05	0.95				
];
