%% MATPOWER Case Format : Version 2
function mpc = RTS_GMLC
mpc.version = '2';

%%-----  Power Flow Data  -----%%
%% system MVA base
mpc.baseMVA = 100.0;
%% bus data
%    bus_i    type    Pd    Qd    Gs    Bs    area    Vm    Va    baseKV    zone    Vmax    Vmin
mpc.bus = [
	101	2	93.25086589894738	18.995546757192987	0.0	0.0	1	1.0491034134398178	-0.6276428671251861	138.0	11	1.05	0.95				
	102	2	83.75309252035088	17.268678870175442	0.0	0.0	1	1.048864752594344	-0.7956525059810087	138.0	12	1.05	0.95				
	103	1	155.41810983157896	31.947055909824563	0.0	0.0	1	1.024053091366588	-2.075899446730692	138.0	11	1.05	0.95				
	104	1	63.894111819649126	12.95150915263158	0.0	0.0	1	1.0240043420130478	-4.468808958139607	138.0	11	1.05	0.95				
	105	1	61.303809989122804	12.08807520912281	0.0	0.0	1	1.0372053317285794	-4.965963977542637	138.0	11	1.05	0.95				
	106	1	117.42701631719301	24.17615041824562	0.0	-100.0	1	1.0358065671432433	-8.19877073099945	138.0	12	1.05	0.95				
	107	2	107.92924293859649	21.5858485877193	0.0	0.0	1	1.05	-6.682480263448861	138.0	12	1.05	0.95				
	108	1	147.64720434	30.220188022807022	0.0	0.0	1	1.0222991302764572	-9.018701564491373	138.0	12	1.05	0.95				
	109	1	151.1009401140351	31.08362196631579	0.0	0.0	1	1.0273343035888634	-5.1035022887056085	138.0	13	1.05	0.95				
	110	1	168.36961898421055	34.537357740350885	0.0	0.0	1	1.05	-6.728631125962074	138.0	13	1.05	0.95				
	111	1	0.0	0.0	0.0	0.0	1	1.016588405774578	-2.218665782615533	230.0	13	1.05	0.95				
	112	1	0.0	0.0	0.0	0.0	1	1.0184688309652237	-1.3675826774043793	230.0	13	1.05	0.95				
	113	3	228.80999502982456	46.62543294947369	0.0	0.0	1	1.0201559124357962	-1.948461062017259e-30	230.0	14	1.05	0.95				
	114	2	167.50618504070175	33.67392379684211	0.0	0.0	1	1.0199572793955565	-0.44447564999728223	230.0	16	1.05	0.95				
	115	2	273.7085600922807	55.259772384561415	0.0	0.0	1	1.0433296700549093	8.142584243325368	230.0	16	1.05	0.95				
	116	2	86.3433943508772	17.268678870175442	0.0	0.0	1	1.0424412895172257	7.331754859389148	230.0	16	1.05	0.95				
	117	1	0.0	0.0	0.0	0.0	1	1.0457841805629255	10.67151035807418	230.0	17	1.05	0.95				
	118	2	287.5235031884211	58.713508158596504	0.0	0.0	1	1.0482978048152398	11.244428444607662	230.0	17	1.05	0.95				
	119	1	156.28154377508773	31.947055909824563	0.0	0.0	1	1.0366052931251926	5.8573807119604675	230.0	15	1.05	0.95				
	120	1	110.51954476912283	22.449282531228075	0.0	0.0	1	1.0385399255422743	5.70940990707218	230.0	15	1.05	0.95				
	121	2	0.0	0.0	0.0	0.0	1	1.05	13.059880470107618	230.0	17	1.05	0.95				
	122	2	0.0	0.0	0.0	0.0	1	1.05	19.93065577808144	230.0	17	1.05	0.95				
	123	2	0.0	0.0	0.0	0.0	1	1.0421401653552194	6.264503685225796	230.0	15	1.05	0.95				
	124	1	0.0	0.0	0.0	0.0	1	1.0233281632542026	4.34854012009611	230.0	16	1.05	0.95				
	201	2	89.50417124210527	18.23233117894737	0.0	0.0	2	1.0400492920825628	-14.123092067208038	138.0	21	1.05	0.95				
	202	2	80.38800565263158	16.57484652631579	0.0	0.0	2	1.0428555154249757	-14.247359315359928	138.0	22	1.05	0.95				
	203	1	149.17361873684212	30.66346607368421	0.0	0.0	2	1.025530401482662	-10.374716976932557	138.0	21	1.05	0.95				
	204	1	61.32693214736842	12.431134894736843	0.0	0.0	2	1.0192845105047073	-15.387465540460253	138.0	21	1.05	0.95				
	205	1	58.840705168421046	11.602392568421054	0.0	0.0	2	1.0344500887879937	-15.885857112509834	138.0	21	1.05	0.95				
	206	1	112.70895637894738	23.20478513684211	0.0	-100.0	2	1.0369412761758032	-17.65442696670685	138.0	22	1.05	0.95				
	207	2	103.59279078947368	20.718558157894737	0.0	0.0	2	0.95	-28.824518874450575	138.0	22	1.05	0.95				
	208	1	141.7149378	29.005981421052628	0.0	0.0	2	0.9557620104384047	-25.128463972680922	138.0	22	1.05	0.95				
	209	1	145.02990710526316	29.834723747368418	0.0	0.0	2	1.0267052649490631	-12.979403691131225	138.0	23	1.05	0.95				
	210	1	161.60475363157894	33.14969305263158	0.0	0.0	2	1.05	-15.072519471208969	138.0	23	1.05	0.95				
	211	1	0.0	0.0	0.0	0.0	2	1.0341631935098283	-8.908287323931617	230.0	23	1.05	0.95				
	212	1	0.0	0.0	0.0	0.0	2	1.0282088126851183	-3.91600983973167	230.0	23	1.05	0.95				
	213	2	219.6167164736842	44.752085621052636	0.0	0.0	2	1.05	-6.17768130771608	230.0	24	1.05	0.95				
	214	2	160.77601130526315	32.320950726315786	0.0	0.0	2	1.05	-6.417209921301613	230.0	26	1.05	0.95				
	215	2	262.71131744210527	53.03950888421053	0.0	0.0	2	1.045389349473303	2.4701431667949567	230.0	26	1.05	0.95				
	216	2	82.87423263157895	16.57484652631579	0.0	0.0	2	1.0488928812577725	2.22397003102695	230.0	26	1.05	0.95				
	217	1	0.0	0.0	0.0	0.0	2	1.0492972279436141	5.306800282534131	230.0	27	1.05	0.95				
	218	2	275.9711946631579	56.35447818947369	0.0	0.0	2	1.05	5.867997675152325	230.0	27	1.05	0.95				
	219	1	150.0023610631579	30.66346607368421	0.0	0.0	2	1.0430822124958383	2.1428983688507537	230.0	25	1.05	0.95				
	220	1	106.07901776842105	21.547300484210528	0.0	0.0	2	1.0456211275335467	3.6220108567803986	230.0	25	1.05	0.95				
	221	2	0.0	0.0	0.0	0.0	2	1.05	6.271853175837452	230.0	27	1.05	0.95				
	222	2	0.0	0.0	0.0	0.0	2	1.05	12.40524315701965	230.0	27	1.05	0.95				
	223	2	0.0	0.0	0.0	0.0	2	1.05	5.033499507973403	230.0	25	1.05	0.95				
	224	1	0.0	0.0	0.0	0.0	2	1.021694547827393	-2.3028372587548014	230.0	26	1.05	0.95				
	301	2	79.6931350863158	16.233786776842106	0.0	0.0	3	0.9807795508047222	0.8281630963712193	138.0	31	1.05	0.95				
	302	2	71.57624169789474	14.757987978947371	0.0	0.0	3	0.9827905566232747	0.6754932344216421	138.0	32	1.05	0.95				
	303	1	132.82189181052632	27.302277761052636	0.0	0.0	3	1.004815019936312	7.3776699918971795	138.0	31	1.05	0.95				
	304	1	54.60455552210527	11.068490984210525	0.0	0.0	3	0.9776243608066146	3.37951883899419	138.0	31	1.05	0.95				
	305	1	52.39085732526315	10.330591585263159	0.0	0.0	3	0.9890276024109682	2.991478062005692	138.0	31	1.05	0.95				
	306	1	100.3543182568421	20.661183170526318	0.0	-100.0	3	1.001430253945598	3.3605636847604594	138.0	32	1.05	0.95				
	307	2	92.23742486842106	18.44748497368421	0.0	0.0	3	0.9528659441859906	-1.985185103235245	138.0	32	1.05	0.95				
	308	1	126.18079722	25.826478963157896	0.0	0.0	3	0.9622128354543996	1.659649633521777	138.0	32	1.05	0.95				
	309	1	129.1323948157895	26.564378362105263	0.0	0.0	3	1.002385303495441	8.749794430582305	138.0	33	1.05	0.95				
	310	1	143.89038279473684	29.515975957894742	0.0	0.0	3	1.0211027407641216	7.6582996107211265	138.0	33	1.05	0.95				
	311	1	0.0	0.0	0.0	0.0	3	0.995318800177285	15.755745251759732	230.0	33	1.05	0.95				
	312	1	0.0	0.0	0.0	0.0	3	1.0006820025756247	17.200365527160997	230.0	33	1.05	0.95				
	313	2	195.54334072105263	39.8465675431579	0.0	0.0	3	1.0293821111822417	25.444244668362007	230.0	34	1.05	0.95				
	314	2	143.1524833957895	28.77807655894737	0.0	0.0	3	1.002363824700544	14.499741239966577	230.0	36	1.05	0.95				
	315	2	233.91410946631578	47.22556153263158	0.0	0.0	3	1.0332457499621888	10.069293450093658	230.0	36	1.05	0.95				
	316	2	73.78993989473685	14.757987978947371	0.0	0.0	3	1.0324118787045722	11.548991867562554	230.0	36	1.05	0.95				
	317	1	0.0	0.0	0.0	0.0	3	1.0382456765671157	10.691431111636486	230.0	37	1.05	0.95				
	318	2	245.7204998494737	50.17715912842105	0.0	0.0	3	1.037470007406149	9.476273067574342	230.0	37	1.05	0.95				
	319	1	133.5597912094737	27.302277761052636	0.0	0.0	3	1.0289843714778857	13.883729823026064	230.0	35	1.05	0.95				
	320	1	94.45112306526316	19.18538437263158	0.0	0.0	3	1.0302205727824416	15.872443842719612	230.0	35	1.05	0.95				
	321	2	0.0	0.0	0.0	0.0	3	1.0386348964752468	10.618945678976456	230.0	37	1.05	0.95				
	322	2	0.0	0.0	0.0	0.0	3	1.0499999993588358	14.959303184621419	230.0	37	1.05	0.95				
	323	2	0.0	0.0	0.0	0.0	3	1.0313338018774219	16.631677482950696	230.0	35	1.05	0.95				
	324	1	0.0	0.0	0.0	0.0	3	1.0195015544428911	11.061531256178077	230.0	36	1.05	0.95				
	325	1	0.0	0.0	0.0	0.0	3	1.034227724710354	16.335875663659042	230.0	35	1.05	0.95				
];
