%% MATPOWER Case Format : Version 2
function mpc = RTS_GMLC
mpc.version = '2';

%%-----  Power Flow Data  -----%%
%% system MVA base
mpc.baseMVA = 100.0;
%% bus data
%    bus_i    type    Pd    Qd    Gs    Bs    area    Vm    Va    baseKV    zone    Vmax    Vmin
mpc.bus = [
	101	2	96.93814941473684	19.74666006596491	0.0	0.0	1	1.0450305902578447	-3.812960013440981	138.0	11	1.05	0.95				
	102	2	87.06481938175438	17.951509150877193	0.0	0.0	1	1.0449498807024478	-3.9146785164180122	138.0	12	1.05	0.95				
	103	1	161.56358235789472	33.2102919291228	0.0	0.0	1	1.0199495454820742	-5.209720599359388	138.0	11	1.05	0.95				
	104	1	66.4205838582456	13.463631863157893	0.0	0.0	1	1.0215841235798142	-7.022535565671082	138.0	11	1.05	0.95				
	105	1	63.727857485614024	12.566056405614034	0.0	0.0	1	1.0352564305953065	-7.463704288240732	138.0	11	1.05	0.95				
	106	1	122.07026222596491	25.13211281122807	0.0	-100.0	1	1.0343793145368783	-10.325399778824035	138.0	12	1.05	0.95				
	107	2	112.19693219298246	22.43938643859649	0.0	0.0	1	1.05	-7.0507937498272115	138.0	12	1.05	0.95				
	108	1	153.48540323999998	31.415141014035086	0.0	0.0	1	1.0213363769955386	-10.055659115775347	138.0	12	1.05	0.95				
	109	1	157.07570507017545	32.312716471578945	0.0	0.0	1	1.0277274691218614	-6.841337171978037	138.0	13	1.05	0.95				
	110	1	175.02721422105262	35.903018301754386	0.0	0.0	1	1.05	-8.390046649000459	138.0	13	1.05	0.95				
	111	1	0.0	0.0	0.0	0.0	1	1.0185755365116322	-3.3541254729689185	230.0	13	1.05	0.95				
	112	1	0.0	0.0	0.0	0.0	1	1.0198631552694084	-2.113776701252162	230.0	13	1.05	0.95				
	113	3	237.8574962491228	48.46907470736842	0.0	0.0	1	1.026067889291511	4.713244192475949e-28	230.0	14	1.05	0.95				
	114	2	174.12963876350875	35.00544284421053	0.0	0.0	1	1.022694932675444	-2.0446868650196866	230.0	16	1.05	0.95				
	115	2	284.53142004140346	57.44482928280702	0.0	0.0	1	1.044314264340856	5.496066189596825	230.0	16	1.05	0.95				
	116	2	89.75754575438596	17.951509150877193	0.0	0.0	1	1.04474212846151	5.282060796001549	230.0	16	1.05	0.95				
	117	1	0.0	0.0	0.0	0.0	1	1.047783957038237	8.307313680576083	230.0	17	1.05	0.95				
	118	2	298.89262736210526	61.035131112982455	0.0	0.0	1	1.0495449293193262	8.961224661852558	230.0	17	1.05	0.95				
	119	1	162.46115781543858	33.2102919291228	0.0	0.0	1	1.0392615528686566	4.3995856042636685	230.0	15	1.05	0.95				
	120	1	114.88965856561404	23.33696189614035	0.0	0.0	1	1.0422579645475452	5.073250058138522	230.0	15	1.05	0.95				
	121	2	0.0	0.0	0.0	0.0	1	1.05	9.76377024810869	230.0	17	1.05	0.95				
	122	2	0.0	0.0	0.0	0.0	1	1.05	15.706116517848093	230.0	17	1.05	0.95				
	123	2	0.0	0.0	0.0	0.0	1	1.046827624644407	6.096930588864686	230.0	15	1.05	0.95				
	124	1	0.0	0.0	0.0	0.0	1	1.0217989460563892	1.5396810723294638	230.0	16	1.05	0.95				
	201	2	98.92208406315791	20.150794901754388	0.0	0.0	2	1.05	-12.915680284275327	138.0	21	1.05	0.95				
	202	2	88.8466866122807	18.318904456140352	0.0	0.0	2	1.05	-12.934447938619966	138.0	22	1.05	0.95				
	203	1	164.87014010526318	33.88997324385965	0.0	0.0	2	1.0240793610033752	-10.00302521079825	138.0	21	1.05	0.95				
	204	1	67.7799464877193	13.739178342105262	0.0	0.0	2	1.019140757914646	-14.44012261141233	138.0	21	1.05	0.95				
	205	1	65.03211081929825	12.823233119298246	0.0	0.0	2	1.036697713477056	-14.891429652503847	138.0	21	1.05	0.95				
	206	1	124.5685503017544	25.646466238596492	0.0	-100.0	2	1.0334076877469112	-16.841845052486125	138.0	22	1.05	0.95				
	207	2	114.4931528508772	22.898630570175442	0.0	0.0	2	0.95	-26.660750762166487	138.0	22	1.05	0.95				
	208	1	156.6266331	32.058082798245614	0.0	0.0	2	0.9527506660590399	-23.803606646926593	138.0	22	1.05	0.95				
	209	1	160.29041399122806	32.97402802105263	0.0	0.0	2	1.023801434598453	-11.989108409117081	138.0	23	1.05	0.95				
	210	1	178.60931844736842	36.637808912280704	0.0	0.0	2	1.046757873304779	-14.045829590043873	138.0	23	1.05	0.95				
	211	1	0.0	0.0	0.0	0.0	2	1.0311615514505517	-6.784487224304767	230.0	23	1.05	0.95				
	212	1	0.0	0.0	0.0	0.0	2	1.0246738202005716	-3.0455000304722435	230.0	23	1.05	0.95				
	213	2	242.72548404385964	49.461042031578955	0.0	0.0	2	1.05	-2.017239407734905	230.0	24	1.05	0.95				
	214	2	177.6933732245614	35.721863689473686	0.0	0.0	2	1.05	-5.023686856357785	230.0	26	1.05	0.95				
	215	2	290.3546356298246	58.62049425964913	0.0	0.0	2	1.045547975867122	3.352834126353551	230.0	26	1.05	0.95				
	216	2	91.59452228070177	18.318904456140352	0.0	0.0	2	1.0491953307210824	3.13762595930943	230.0	26	1.05	0.95				
	217	1	0.0	0.0	0.0	0.0	2	1.0499166692994413	6.026457304343005	230.0	27	1.05	0.95				
	218	2	305.0097591947369	62.2842751508772	0.0	0.0	2	1.05	6.6284527860758224	230.0	27	1.05	0.95				
	219	1	165.7860853280702	33.88997324385965	0.0	0.0	2	1.0424143746109538	2.8128104334699278	230.0	25	1.05	0.95				
	220	1	117.24098851929826	23.81457579298246	0.0	0.0	2	1.045126656961933	4.2424661203780225	230.0	25	1.05	0.95				
	221	2	0.0	0.0	0.0	0.0	2	1.05	7.264880071514738	230.0	27	1.05	0.95				
	222	2	0.0	0.0	0.0	0.0	2	1.05	13.290927452655934	230.0	27	1.05	0.95				
	223	2	0.0	0.0	0.0	0.0	2	1.05	5.688968455267443	230.0	25	1.05	0.95				
	224	1	0.0	0.0	0.0	0.0	2	1.0205232848345458	-1.6034548176532608	230.0	26	1.05	0.95				
	301	2	84.28851629052633	17.169882948070175	0.0	0.0	3	1.0158283789632732	-14.071274385289747	138.0	31	1.05	0.95				
	302	2	75.70357481649123	15.608984498245615	0.0	0.0	3	1.0160883391790132	-14.445906971514772	138.0	32	1.05	0.95				
	303	1	140.48086048421052	28.876621321754385	0.0	0.0	3	1.0189974365936292	-8.754410945410825	138.0	31	1.05	0.95				
	304	1	57.75324264350877	11.70673837368421	0.0	0.0	3	1.0054216021846227	-12.873510639191498	138.0	31	1.05	0.95				
	305	1	55.41189496877193	10.92628914877193	0.0	0.0	3	1.0205782270955683	-13.05524404723251	138.0	31	1.05	0.95				
	306	1	106.14109458807019	21.85257829754386	0.0	-100.0	3	1.029671484707586	-13.34800457060914	138.0	32	1.05	0.95				
	307	2	97.5561531140351	19.51123062280702	0.0	0.0	3	1.0004040686535205	-15.280284912321486	138.0	32	1.05	0.95				
	308	1	133.45681746	27.315722871929825	0.0	0.0	3	0.9983696674048095	-14.065968081433658	138.0	32	1.05	0.95				
	309	1	136.57861435964912	28.096172096842103	0.0	0.0	3	1.0245218039437047	-8.38006006948788	138.0	33	1.05	0.95				
	310	1	152.18759885789476	31.21796899649123	0.0	0.0	3	1.047495771067414	-9.524096883265795	138.0	33	1.05	0.95				
	311	1	0.0	0.0	0.0	0.0	3	1.01616753345239	-2.5891850850048916	230.0	33	1.05	0.95				
	312	1	0.0	0.0	0.0	0.0	3	1.0186510289085333	-0.7665876134074749	230.0	33	1.05	0.95				
	313	2	206.81904460175437	42.144258145263166	0.0	0.0	3	1.0379626491312717	4.807595432747308	230.0	34	1.05	0.95				
	314	2	151.40714963298245	30.437519771578952	0.0	0.0	3	1.0212063425853835	-2.8449197094503478	230.0	36	1.05	0.95				
	315	2	247.40240429719302	49.94875039438597	0.0	0.0	3	1.0434714846425843	0.2563211466952152	230.0	36	1.05	0.95				
	316	2	78.04492249122808	15.608984498245615	0.0	0.0	3	1.0402965411555691	0.44650842609807767	230.0	36	1.05	0.95				
	317	1	0.0	0.0	0.0	0.0	3	1.0445088056309055	2.0589920866387654	230.0	37	1.05	0.95				
	318	2	259.88959189578947	53.070547294035094	0.0	0.0	3	1.045235397043971	2.059657343489733	230.0	37	1.05	0.95				
	319	1	141.26130970912283	28.876621321754385	0.0	0.0	3	1.0364729947589169	1.2285351965257334	230.0	35	1.05	0.95				
	320	1	99.89750078877194	20.291679847719298	0.0	0.0	3	1.0382553969502628	2.5357064328809416	230.0	35	1.05	0.95				
	321	2	0.0	0.0	0.0	0.0	3	1.0486905988501962	3.3799525383838955	230.0	37	1.05	0.95				
	322	2	0.0	0.0	0.0	0.0	3	1.05	8.633818887986354	230.0	37	1.05	0.95				
	323	2	0.0	0.0	0.0	0.0	3	1.0408574198698461	3.4550159932513766	230.0	35	1.05	0.95				
	324	1	0.0	0.0	0.0	0.0	3	1.0234233985703365	-2.7618722760711205	230.0	36	1.05	0.95				
	325	1	0.0	0.0	0.0	0.0	3	1.0409121897541345	3.9888390835073877	230.0	35	1.05	0.95				
];
