%% MATPOWER Case Format : Version 2
function mpc = RTS_GMLC
mpc.version = '2';

%%-----  Power Flow Data  -----%%
%% system MVA base
mpc.baseMVA = 100.0;
%% bus data
%    bus_i    type    Pd    Qd    Gs    Bs    area    Vm    Va    baseKV    zone    Vmax    Vmin
mpc.bus = [
	101	2	87.84017814315789	17.893369621754385	0.0	0.0	1	1.0324884110741754	-4.881372794731559	138.0	11	1.05	0.95				
	102	2	78.89349333228068	16.26669965614035	0.0	0.0	1	1.032486705718697	-4.938058177321003	138.0	12	1.05	0.95				
	103	1	146.40029690526316	30.093394363859645	0.0	0.0	1	1.0173795853386713	-4.965068330343209	138.0	11	1.05	0.95				
	104	1	60.18678872771929	12.200024742105262	0.0	0.0	1	1.015087884016336	-7.399817974249554	138.0	11	1.05	0.95				
	105	1	57.74678377929824	11.386689759298244	0.0	0.0	1	1.0305386608865215	-7.498839110909249	138.0	11	1.05	0.95				
	106	1	110.61355766175438	22.77337951859649	0.0	-100.0	1	1.0344668371816617	-9.70232602713133	138.0	12	1.05	0.95				
	107	2	101.66687285087718	20.333374570175437	0.0	0.0	1	1.05	-4.784036378861157	138.0	12	1.05	0.95				
	108	1	139.08028205999997	28.466724398245606	0.0	0.0	1	1.0236267426254169	-8.161442296029811	138.0	12	1.05	0.95				
	109	1	142.33362199122806	29.280059381052624	0.0	0.0	1	1.027120944970314	-6.119429899519159	138.0	13	1.05	0.95				
	110	1	158.6003216473684	32.5333993122807	0.0	0.0	1	1.05	-7.581580963258004	138.0	13	1.05	0.95				
	111	1	0.0	0.0	0.0	0.0	1	1.0175002065776764	-2.6612160950681933	230.0	13	1.05	0.95				
	112	1	0.0	0.0	0.0	0.0	1	1.0184893367293315	-1.3799561895929648	230.0	13	1.05	0.95				
	113	3	215.53377044385962	43.92008907157894	0.0	0.0	1	1.0228555514497475	9.739619049017184e-27	230.0	14	1.05	0.95				
	114	2	157.78698666456137	31.72006432947368	0.0	0.0	1	1.0221113972304359	-0.8045683123589725	230.0	16	1.05	0.95				
	115	2	257.82718954982454	52.053438899649116	0.0	0.0	1	1.0452580074399165	6.875361777453038	230.0	16	1.05	0.95				
	116	2	81.33349828070175	16.26669965614035	0.0	0.0	1	1.0457262541919596	6.742459284496661	230.0	16	1.05	0.95				
	117	1	0.0	0.0	0.0	0.0	1	1.0481209734067611	9.580662535645867	230.0	17	1.05	0.95				
	118	2	270.8405492747368	55.30677883087719	0.0	0.0	1	1.0494668967191623	10.11110955156049	230.0	17	1.05	0.95				
	119	1	147.21363188807015	30.093394363859645	0.0	0.0	1	1.0413809602522603	6.116133531698336	230.0	15	1.05	0.95				
	120	1	104.10687779929823	21.146709552982454	0.0	0.0	1	1.0449400678425251	7.096415767320089	230.0	15	1.05	0.95				
	121	2	0.0	0.0	0.0	0.0	1	1.05	10.87492883054253	230.0	17	1.05	0.95				
	122	2	0.0	0.0	0.0	0.0	1	1.05	17.16901211502205	230.0	17	1.05	0.95				
	123	2	0.0	0.0	0.0	0.0	1	1.0495347913019109	8.22367945865113	230.0	15	1.05	0.95				
	124	1	0.0	0.0	0.0	0.0	1	1.0199567229527882	2.510933565610534	230.0	16	1.05	0.95				
	201	2	87.73618763368421	17.87218636982456	0.0	0.0	2	1.0462920197492045	-10.219884731053646	138.0	21	1.05	0.95				
	202	2	78.80009444877193	16.247442154385965	0.0	0.0	2	1.0474551993124213	-10.254657178685576	138.0	22	1.05	0.95				
	203	1	146.22697938947368	30.057767985614035	0.0	0.0	2	1.0275242792520567	-7.807946971527075	138.0	21	1.05	0.95				
	204	1	60.11553597122807	12.185581615789474	0.0	0.0	2	1.0214883944360005	-12.26058822795767	138.0	21	1.05	0.95				
	205	1	57.67841964807017	11.373209508070177	0.0	0.0	2	1.0377326498117487	-12.631196068275505	138.0	21	1.05	0.95				
	206	1	110.48260664982456	22.746419016140354	0.0	-100.0	2	1.038299756146533	-14.726167905763104	138.0	22	1.05	0.95				
	207	2	101.54651346491228	20.309302692982456	0.0	0.0	2	0.95	-26.51599665585992	138.0	22	1.05	0.95				
	208	1	138.91563041999999	28.433023770175435	0.0	0.0	2	0.9560725640695998	-22.71267820090786	138.0	22	1.05	0.95				
	209	1	142.1651188508772	29.245395877894737	0.0	0.0	2	1.0261648510500105	-10.651650360926695	138.0	23	1.05	0.95				
	210	1	158.41256100526314	32.49488430877193	0.0	0.0	2	1.05	-12.556539837046454	138.0	23	1.05	0.95				
	211	1	0.0	0.0	0.0	0.0	2	1.0320331402099554	-5.270324674025494	230.0	23	1.05	0.95				
	212	1	0.0	0.0	0.0	0.0	2	1.0237150460318438	-3.897833639468564	230.0	23	1.05	0.95				
	213	2	215.27860854561402	43.868093816842105	0.0	0.0	2	1.05	-0.752080754790179	230.0	24	1.05	0.95				
	214	2	157.60018889754386	31.68251220105263	0.0	0.0	2	1.05	-3.170834847548071	230.0	26	1.05	0.95				
	215	2	257.52195814701753	51.991814894035095	0.0	0.0	2	1.0458006521013419	4.783961606892939	230.0	26	1.05	0.95				
	216	2	81.23721077192982	16.247442154385965	0.0	0.0	2	1.0496763053671074	4.820427373604831	230.0	26	1.05	0.95				
	217	1	0.0	0.0	0.0	0.0	2	1.05	7.908780854335467	230.0	27	1.05	0.95				
	218	2	270.51991187052636	55.24130332491228	0.0	0.0	2	1.049531944227267	8.581997424919654	230.0	27	1.05	0.95				
	219	1	147.039351497193	30.057767985614035	0.0	0.0	2	1.0438126079963472	4.465813102563308	230.0	25	1.05	0.95				
	220	1	103.98362978807019	21.121674800701758	0.0	0.0	2	1.046034347810797	5.674316551041398	230.0	25	1.05	0.95				
	221	2	0.0	0.0	0.0	0.0	2	1.05	9.040944592388184	230.0	27	1.05	0.95				
	222	2	0.0	0.0	0.0	0.0	2	1.05	15.108773680097078	230.0	27	1.05	0.95				
	223	2	0.0	0.0	0.0	0.0	2	1.05	6.926429637952964	230.0	25	1.05	0.95				
	224	1	0.0	0.0	0.0	0.0	2	1.0230423432920934	0.09844203618432515	230.0	26	1.05	0.95				
	301	2	82.42644732631578	16.790572603508767	0.0	0.0	3	1.0200066180198015	-20.778540168147988	138.0	31	1.05	0.95				
	302	2	74.03116102456138	15.264156912280702	0.0	0.0	3	1.0182936431538978	-21.239630141630546	138.0	32	1.05	0.95				
	303	1	137.3774122105263	28.238690287719294	0.0	0.0	3	1.0174186312189493	-14.327218996621848	138.0	31	1.05	0.95				
	304	1	56.47738057543859	11.448117684210523	0.0	0.0	3	1.0086008217901599	-19.991517378167515	138.0	31	1.05	0.95				
	305	1	54.18775703859649	10.68490983859649	0.0	0.0	3	1.0247893096701153	-20.67695872222768	138.0	31	1.05	0.95				
	306	1	103.79626700350877	21.36981967719298	0.0	-100.0	3	1.0329729621657564	-21.46473813315115	138.0	32	1.05	0.95				
	307	2	95.40098070175438	19.080196140350875	0.0	0.0	3	1.0111301875217118	-23.698508448026807	138.0	32	1.05	0.95				
	308	1	130.50854159999997	26.71227459649122	0.0	0.0	3	1.0006724048470623	-23.267785111166248	138.0	32	1.05	0.95				
	309	1	133.5613729824561	27.47548244210526	0.0	0.0	3	1.0272111063696185	-15.85052359821645	138.0	33	1.05	0.95				
	310	1	148.8255298947368	30.528313824561405	0.0	0.0	3	1.05	-18.136059979900256	138.0	33	1.05	0.95				
	311	1	0.0	0.0	0.0	0.0	3	1.0258404195608097	-10.221527568860552	230.0	33	1.05	0.95				
	312	1	0.0	0.0	0.0	0.0	3	1.019165386485039	-8.893576878810446	230.0	33	1.05	0.95				
	313	2	202.25007908771926	41.21322366315789	0.0	0.0	3	1.0407111052158844	-5.560259260864179	230.0	34	1.05	0.95				
	314	2	148.06232204912277	29.765105978947364	0.0	0.0	3	1.0419720246555841	-7.73333036408718	230.0	36	1.05	0.95				
	315	2	241.93688705964908	48.84530211929824	0.0	0.0	3	1.0499999966803752	0.4355293730890436	230.0	36	1.05	0.95				
	316	2	76.3207845614035	15.264156912280702	0.0	0.0	3	1.049566691874644	0.46540825201622704	230.0	36	1.05	0.95				
	317	1	0.0	0.0	0.0	0.0	3	1.0488476824744495	3.048589756271208	230.0	37	1.05	0.95				
	318	2	254.14821258947367	51.89813350175439	0.0	0.0	3	1.048120330128439	3.567800231995221	230.0	37	1.05	0.95				
	319	1	138.14062005614034	28.238690287719294	0.0	0.0	3	1.0442482877611898	0.1819282872803165	230.0	35	1.05	0.95				
	320	1	97.69060423859648	19.843403985964912	0.0	0.0	3	1.0463539974371723	1.3606657575604377	230.0	35	1.05	0.95				
	321	2	0.0	0.0	0.0	0.0	3	1.05	4.430368813319002	230.0	37	1.05	0.95				
	322	2	0.0	0.0	0.0	0.0	3	1.05	9.663727034105854	230.0	37	1.05	0.95				
	323	2	0.0	0.0	0.0	0.0	3	1.05	2.561511241266899	230.0	35	1.05	0.95				
	324	1	0.0	0.0	0.0	0.0	3	1.0186775642933439	-4.990821673159423	230.0	36	1.05	0.95				
	325	1	0.0	0.0	0.0	0.0	3	1.0485878857368098	3.251303895081643	230.0	35	1.05	0.95				
];
