%% MATPOWER Case Format : Version 2
function mpc = RTS_GMLC
mpc.version = '2';

%%-----  Power Flow Data  -----%%
%% system MVA base
mpc.baseMVA = 100.0;
%% bus data
%    bus_i    type    Pd    Qd    Gs    Bs    area    Vm    Va    baseKV    zone    Vmax    Vmin
mpc.bus = [
	101	2	49.284017810526315	10.039336961403507	0.0	0.0	1	1.0419672557391293	2.9300933242660956	138.0	11	1.05	0.95				
	102	2	44.264349329824555	9.12666996491228	0.0	0.0	1	1.040961720807193	2.633439208239288	138.0	12	1.05	0.95				
	103	1	82.14002968421052	16.884339435087718	0.0	0.0	1	1.0275366828495685	0.44360916674047657	138.0	11	1.05	0.95				
	104	1	33.768678870175435	6.84500247368421	0.0	0.0	1	1.0252329383727283	-0.7265480895485773	138.0	11	1.05	0.95				
	105	1	32.39967837543859	6.388668975438597	0.0	0.0	1	1.0394005825758945	-0.697622486401473	138.0	11	1.05	0.95				
	106	1	62.061355761403505	12.777337950877193	0.0	-100.0	1	1.0461919829046347	-3.2343950886636357	138.0	12	1.05	0.95				
	107	2	57.041687280701744	11.40833745614035	0.0	0.0	1	1.0007000257957273	-9.488829760961547	138.0	12	1.05	0.95				
	108	1	78.03302819999999	15.971672438596487	0.0	0.0	1	1.0032379864151122	-7.97926915851928	138.0	12	1.05	0.95				
	109	1	79.85836219298244	16.4280059368421	0.0	0.0	1	1.0242674079312808	-2.180125163027502	138.0	13	1.05	0.95				
	110	1	88.98503215789472	18.25333992982456	0.0	0.0	1	1.05	-2.9746345468558153	138.0	13	1.05	0.95				
	111	1	0.0	0.0	0.0	0.0	1	1.0038053433706295	-0.39187772242369484	230.0	13	1.05	0.95				
	112	1	0.0	0.0	0.0	0.0	1	1.0085235828296657	-0.13745446215351478	230.0	13	1.05	0.95				
	113	3	120.92837703508769	24.642008905263157	0.0	0.0	1	0.9966009547542872	-1.7740074320233646e-27	230.0	14	1.05	0.95				
	114	2	88.52869865964911	17.797006431578946	0.0	0.0	1	1.000575852884234	1.5784703720649638	230.0	16	1.05	0.95				
	115	2	144.65771894385963	29.205343887719295	0.0	0.0	1	1.033369803585201	7.75855733724912	230.0	16	1.05	0.95				
	116	2	45.6333498245614	9.12666996491228	0.0	0.0	1	1.029749731808777	7.051407595217262	230.0	16	1.05	0.95				
	117	1	0.0	0.0	0.0	0.0	1	1.0364803537050296	9.291683816903124	230.0	17	1.05	0.95				
	118	2	151.95905491578944	31.030677880701752	0.0	0.0	1	1.0381077984374394	9.507959630998032	230.0	17	1.05	0.95				
	119	1	82.59636318245613	16.884339435087718	0.0	0.0	1	1.0234192946152338	5.614884384647247	230.0	15	1.05	0.95				
	120	1	58.41068777543859	11.864670954385964	0.0	0.0	1	1.021442986587694	5.246143089924544	230.0	15	1.05	0.95				
	121	2	0.0	0.0	0.0	0.0	1	1.0409462722364944	10.75781289211785	230.0	17	1.05	0.95				
	122	2	0.0	0.0	0.0	0.0	1	1.05	16.68489589622675	230.0	17	1.05	0.95				
	123	2	0.0	0.0	0.0	0.0	1	1.0210152587481456	5.397553350678525	230.0	15	1.05	0.95				
	124	1	0.0	0.0	0.0	0.0	1	1.0217334072087685	5.010054415474216	230.0	16	1.05	0.95				
	201	2	47.769557684210525	9.730835824561405	0.0	0.0	2	1.0276586022497098	-8.931448138455488	138.0	21	1.05	0.95				
	202	2	42.90413977192982	8.846214385964913	0.0	0.0	2	1.028650975385399	-8.733012551000156	138.0	22	1.05	0.95				
	203	1	79.6159294736842	16.365496614035088	0.0	0.0	2	1.0170103581408603	-8.215082786095506	138.0	21	1.05	0.95				
	204	1	32.730993228070176	6.634660789473684	0.0	0.0	2	1.0185146430466654	-10.364574474863915	138.0	21	1.05	0.95				
	205	1	31.404061070175437	6.192350070175439	0.0	0.0	2	1.0334573631193416	-10.634727337386575	138.0	21	1.05	0.95				
	206	1	60.154257824561405	12.384700140350878	0.0	-100.0	2	1.0446996118411562	-11.983244286127055	138.0	22	1.05	0.95				
	207	2	55.28883991228071	11.05776798245614	0.0	0.0	2	0.9934481064497621	-18.397598312938587	138.0	22	1.05	0.95				
	208	1	75.635133	15.480875175438596	0.0	0.0	2	0.9984933838118312	-16.38174789498886	138.0	22	1.05	0.95				
	209	1	77.40437587719298	15.923185894736841	0.0	0.0	2	1.0227643017384789	-9.886664882914525	138.0	23	1.05	0.95				
	210	1	86.25059026315789	17.692428771929826	0.0	0.0	2	1.05	-10.947792483386712	138.0	23	1.05	0.95				
	211	1	0.0	0.0	0.0	0.0	2	1.0053216781331467	-7.132715885492673	230.0	23	1.05	0.95				
	212	1	0.0	0.0	0.0	0.0	2	1.0070815483925828	-6.216840318738798	230.0	23	1.05	0.95				
	213	2	117.2123406140351	23.884778842105263	0.0	0.0	2	1.0001768810801246	-5.834539365506303	230.0	24	1.05	0.95				
	214	2	85.80827954385964	17.25011805263158	0.0	0.0	2	1.0058201829522402	-4.869143805363207	230.0	26	1.05	0.95				
	215	2	140.21249801754385	28.30788603508772	0.0	0.0	2	1.022549730242215	1.1644472390783638	230.0	26	1.05	0.95				
	216	2	44.23107192982456	8.846214385964913	0.0	0.0	2	1.0231322767186284	1.037915507704864	230.0	26	1.05	0.95				
	217	1	0.0	0.0	0.0	0.0	2	1.0281910396545022	2.7444567305404486	230.0	27	1.05	0.95				
	218	2	147.2894695263158	30.077128912280703	0.0	0.0	2	1.0276603558403705	2.303433199029509	230.0	27	1.05	0.95				
	219	1	80.05824019298245	16.365496614035088	0.0	0.0	2	1.0222153079735192	1.0291579918352824	230.0	25	1.05	0.95				
	220	1	56.61577207017544	11.500078701754386	0.0	0.0	2	1.0244971208041378	1.890335129382579	230.0	25	1.05	0.95				
	221	2	0.0	0.0	0.0	0.0	2	1.0294013966316902	2.724634001278714	230.0	27	1.05	0.95				
	222	2	0.0	0.0	0.0	0.0	2	1.05	9.223778146301836	230.0	27	1.05	0.95				
	223	2	0.0	0.0	0.0	0.0	2	1.026625135192133	2.702718430703072	230.0	25	1.05	0.95				
	224	1	0.0	0.0	0.0	0.0	2	1.008921053345503	-2.364659282618527	230.0	26	1.05	0.95				
	301	2	37.873457765052635	7.714963618807018	0.0	0.0	3	1.0107492422054627	-8.505881555445955	138.0	31	1.05	0.95				
	302	2	34.015975955649125	7.0136032898245615	0.0	0.0	3	1.0107897636570966	-8.577334058110377	138.0	32	1.05	0.95				
	303	1	63.12242960842106	12.975166086175438	0.0	0.0	3	1.016872425140147	-5.124285829025853	138.0	31	1.05	0.95				
	304	1	25.950332172350876	5.260202467368421	0.0	0.0	3	1.0118711656681143	-7.509118527615484	138.0	31	1.05	0.95				
	305	1	24.89829167887719	4.9095223028771935	0.0	0.0	3	1.0259267203007647	-7.766756885394244	138.0	31	1.05	0.95				
	306	1	47.69250237080702	9.819044605754387	0.0	-100.0	3	1.0433656703009704	-7.801394038015402	138.0	32	1.05	0.95				
	307	2	43.83502056140351	8.767004112280702	0.0	0.0	3	0.9930904806027137	-11.644155811461301	138.0	32	1.05	0.95				
	308	1	59.966308128	12.273805757192982	0.0	0.0	3	1.0020902063124224	-10.128279459081797	138.0	32	1.05	0.95				
	309	1	61.36902878596491	12.624485921684212	0.0	0.0	3	1.0228099072324375	-5.181170679952656	138.0	33	1.05	0.95				
	310	1	68.38263207578947	14.027206579649123	0.0	0.0	3	1.05	-5.89585403402435	138.0	33	1.05	0.95				
	311	1	0.0	0.0	0.0	0.0	3	0.9994927850051303	-1.6970665613596454	230.0	33	1.05	0.95				
	312	1	0.0	0.0	0.0	0.0	3	1.006026962502211	-1.1839775039057963	230.0	33	1.05	0.95				
	313	2	92.93024359017544	18.936728882526317	0.0	0.0	3	1.0030271956178392	1.8201517237096079	230.0	34	1.05	0.95				
	314	2	68.03195191129825	13.676526415157895	0.0	0.0	3	0.9890506462478393	-0.7704447907432833	230.0	36	1.05	0.95				
	315	2	111.1656121437193	22.443530527438597	0.0	0.0	3	1.008082134371282	-0.30599004332251556	230.0	36	1.05	0.95				
	316	2	35.06801644912281	7.0136032898245615	0.0	0.0	3	1.0069941351253866	0.28958159598610084	230.0	36	1.05	0.95				
	317	1	0.0	0.0	0.0	0.0	3	1.0130743879962816	0.8281993834954753	230.0	37	1.05	0.95				
	318	2	116.77649477557894	23.84625118540351	0.0	0.0	3	1.012830066339051	0.5178214078865352	230.0	37	1.05	0.95				
	319	1	63.47310977291228	12.975166086175438	0.0	0.0	3	1.006466968107781	1.0137550598900813	230.0	35	1.05	0.95				
	320	1	44.887061054877194	9.11768427677193	0.0	0.0	3	1.006482733003855	1.63545091737372	230.0	35	1.05	0.95				
	321	2	0.0	0.0	0.0	0.0	3	1.0132706113558914	0.7984755040971121	230.0	37	1.05	0.95				
	322	2	0.0	0.0	0.0	0.0	3	1.0268545938458147	5.314578611849555	230.0	37	1.05	0.95				
	323	2	0.0	0.0	0.0	0.0	3	1.0066037621862312	2.1496449079393964	230.0	35	1.05	0.95				
	324	1	0.0	0.0	0.0	0.0	3	1.005783993519699	-1.2127424820495154	230.0	36	1.05	0.95				
	325	1	0.0	0.0	0.0	0.0	3	1.0079521576553598	2.9044575544005427	230.0	35	1.05	0.95				
];
