%% MATPOWER Case Format : Version 2
function mpc = RTS_GMLC
mpc.version = '2';

%%-----  Power Flow Data  -----%%
%% system MVA base
mpc.baseMVA = 100.0;
%% bus data
%    bus_i    type    Pd    Qd    Gs    Bs    area    Vm    Va    baseKV    zone    Vmax    Vmin
mpc.bus = [
	101	2	79.86442354105263	16.268678869473682	0.0	0.0	1	1.0421930576813492	1.5722070220242026	138.0	11	1.05	0.95				
	102	2	71.73008410631579	14.789708063157894	0.0	0.0	1	1.041492072340377	1.2878692532002973	138.0	12	1.05	0.95				
	103	1	133.10737256842106	27.360959916842102	0.0	0.0	1	1.028047168137615	-0.017068130886190296	138.0	11	1.05	0.95				
	104	1	54.721919833684204	11.09228104736842	0.0	0.0	1	1.0230165321855496	-2.429175514274922	138.0	11	1.05	0.95				
	105	1	52.503463624210525	10.352795644210525	0.0	0.0	1	1.03514463367	-2.8684299701689415	138.0	11	1.05	0.95				
	106	1	100.57001482947368	20.70559128842105	0.0	-100.0	1	1.0375756381101242	-6.072434143382533	138.0	12	1.05	0.95				
	107	2	92.43567539473683	18.487135078947368	0.0	0.0	1	1.05	-6.974745568272934	138.0	12	1.05	0.95				
	108	1	126.45200393999998	25.88198911052631	0.0	0.0	1	1.0258440357977576	-8.137878073840522	138.0	12	1.05	0.95				
	109	1	129.40994555263157	26.621474513684205	0.0	0.0	1	1.0273396661044132	-3.5974164019937174	138.0	13	1.05	0.95				
	110	1	144.19965361578946	29.579416126315788	0.0	0.0	1	1.05	-5.089292017117047	138.0	13	1.05	0.95				
	111	1	0.0	0.0	0.0	0.0	1	1.0118988724811755	-1.295507605904894	230.0	13	1.05	0.95				
	112	1	0.0	0.0	0.0	0.0	1	1.016809576958495	-0.8186101561803435	230.0	13	1.05	0.95				
	113	3	195.9636318368421	39.932211770526315	0.0	0.0	1	1.012842307142489	2.545811554737157e-31	230.0	14	1.05	0.95				
	114	2	143.46016821263157	28.83993072315789	0.0	0.0	1	1.0106745613689634	0.6928348966461051	230.0	16	1.05	0.95				
	115	2	234.4168728010526	47.32706580210526	0.0	0.0	1	1.044092286390486	8.747171286749662	230.0	16	1.05	0.95				
	116	2	73.94854031578947	14.789708063157894	0.0	0.0	1	1.0416805144990875	7.934194234536835	230.0	16	1.05	0.95				
	117	1	0.0	0.0	0.0	0.0	1	1.045232406156195	11.19393662734359	230.0	17	1.05	0.95				
	118	2	246.24863925157894	50.28500741473684	0.0	0.0	1	1.0478308786508235	11.678388429789994	230.0	17	1.05	0.95				
	119	1	133.84685797157894	27.360959916842102	0.0	0.0	1	1.0354195876163748	6.144374152717101	230.0	15	1.05	0.95				
	120	1	94.65413160421052	19.22662048210526	0.0	0.0	1	1.03577635069311	5.476171200263355	230.0	15	1.05	0.95				
	121	2	0.0	0.0	0.0	0.0	1	1.05	13.321867680992254	230.0	17	1.05	0.95				
	122	2	0.0	0.0	0.0	0.0	1	1.05	20.789338974563737	230.0	17	1.05	0.95				
	123	2	0.0	0.0	0.0	0.0	1	1.0378855124845217	5.659508310473049	230.0	15	1.05	0.95				
	124	1	0.0	0.0	0.0	0.0	1	1.026984877077227	5.486171115336491	230.0	16	1.05	0.95				
	201	2	94.21312767157897	19.19156304421053	0.0	0.0	2	1.0490083324484367	-18.97494805733802	138.0	21	1.05	0.95				
	202	2	84.61734614947369	17.446875494736847	0.0	0.0	2	1.05	-19.109259304067823	138.0	22	1.05	0.95				
	203	1	157.0218794526316	32.27671966526316	0.0	0.0	2	1.022706408751365	-13.77967692125351	138.0	21	1.05	0.95				
	204	1	64.55343933052632	13.085156621052633	0.0	0.0	2	1.0205801792031384	-20.078862820208602	138.0	21	1.05	0.95				
	205	1	61.93640800631579	12.212812846315792	0.0	0.0	2	1.0384509915952154	-20.713675897459087	138.0	21	1.05	0.95				
	206	1	118.63875336421054	24.425625692631584	0.0	-100.0	2	1.037399221739531	-22.515877524705996	138.0	22	1.05	0.95				
	207	2	109.04297184210527	21.808594368421055	0.0	0.0	2	0.95	-32.866226644135494	138.0	22	1.05	0.95				
	208	1	149.17078548000003	30.532032115789477	0.0	0.0	2	0.9544374951832008	-29.55075242091638	138.0	22	1.05	0.95				
	209	1	152.66016057894737	31.40437589052632	0.0	0.0	2	1.0248915262085831	-17.35979329034792	138.0	23	1.05	0.95				
	210	1	170.1070360736842	34.893750989473695	0.0	0.0	2	1.05	-19.76445811662506	138.0	23	1.05	0.95				
	211	1	0.0	0.0	0.0	0.0	2	1.0336196400186703	-13.289497601371094	230.0	23	1.05	0.95				
	212	1	0.0	0.0	0.0	0.0	2	1.0272599795166208	-8.3341240404325	230.0	23	1.05	0.95				
	213	2	231.17110030526317	47.10656383578949	0.0	0.0	2	1.05	-10.611453399653042	230.0	24	1.05	0.95				
	214	2	169.23469229894738	34.02140721473685	0.0	0.0	2	1.05	-10.607161459007504	230.0	26	1.05	0.95				
	215	2	276.532976591579	55.83000158315791	0.0	0.0	2	1.0435039757068485	-0.9225192187645619	230.0	26	1.05	0.95				
	216	2	87.23437747368422	17.446875494736847	0.0	0.0	2	1.0472093394698012	-1.4005936445978981	230.0	26	1.05	0.95				
	217	1	0.0	0.0	0.0	0.0	2	1.048187693510321	1.8907890361942246	230.0	27	1.05	0.95				
	218	2	290.4904769873684	59.31937668210527	0.0	0.0	2	1.0499999832666889	2.083930608272426	230.0	27	1.05	0.95				
	219	1	157.89422322736843	32.27671966526316	0.0	0.0	2	1.0417265305503538	-1.7076074299588104	230.0	25	1.05	0.95				
	220	1	111.66000316631582	22.680938143157896	0.0	0.0	2	1.045044749554911	-0.3413264210276847	230.0	25	1.05	0.95				
	221	2	0.0	0.0	0.0	0.0	2	1.05	2.2553593638803777	230.0	27	1.05	0.95				
	222	2	0.0	0.0	0.0	0.0	2	1.05	8.624331179203399	230.0	27	1.05	0.95				
	223	2	0.0	0.0	0.0	0.0	2	1.05	1.0387093662617197	230.0	25	1.05	0.95				
	224	1	0.0	0.0	0.0	0.0	2	1.019472428598525	-5.695772406781433	230.0	26	1.05	0.95				
	301	2	86.83391330526318	17.688389747368426	0.0	0.0	3	0.979085433637307	-3.7356924796287543	138.0	31	1.05	0.95				
	302	2	77.98971843157896	16.080354315789478	0.0	0.0	3	0.9816354025027876	-4.101197726766957	138.0	32	1.05	0.95				
	303	1	144.7231888421053	29.74865548421053	0.0	0.0	3	0.9949420981008757	-0.32517859454569653	138.0	31	1.05	0.95				
	304	1	59.49731096842106	12.060265736842107	0.0	0.0	3	0.9718930633848987	-2.1626372736917183	138.0	31	1.05	0.95				
	305	1	57.085257821052636	11.256248021052635	0.0	0.0	3	0.9835493944277901	-2.082443673412929	138.0	31	1.05	0.95				
	306	1	109.34640934736844	22.51249604210527	0.0	-100.0	3	0.9928464588539692	-2.097473269760138	138.0	32	1.05	0.95				
	307	2	100.50221447368422	20.100442894736844	0.0	0.0	3	0.95	-8.032081737420214	138.0	32	1.05	0.95				
	308	1	137.4870294	28.140620052631583	0.0	0.0	3	0.9543285975929118	-4.517623286189222	138.0	32	1.05	0.95				
	309	1	140.70310026315792	28.944637768421057	0.0	0.0	3	0.9945997509613548	2.9318768454706086	138.0	33	1.05	0.95				
	310	1	156.78345457894739	32.160708631578956	0.0	0.0	3	1.0130765696864332	2.346064447839876	138.0	33	1.05	0.95				
	311	1	0.0	0.0	0.0	0.0	3	0.9897714360631489	10.80337180408961	230.0	33	1.05	0.95				
	312	1	0.0	0.0	0.0	0.0	3	0.9942462295164118	12.440458247277833	230.0	33	1.05	0.95				
	313	2	213.06469468421056	43.41695665263159	0.0	0.0	3	1.0233035077171753	20.84844197125145	230.0	34	1.05	0.95				
	314	2	155.97943686315793	31.356690915789482	0.0	0.0	3	1.0025294216232272	9.800041034023298	230.0	36	1.05	0.95				
	315	2	254.8736159052632	51.45713381052632	0.0	0.0	3	1.048966241091861	6.115044624916985	230.0	36	1.05	0.95				
	316	2	80.40177157894738	16.080354315789478	0.0	0.0	3	1.0468244875525745	7.586399269494261	230.0	36	1.05	0.95				
	317	1	0.0	0.0	0.0	0.0	3	1.049126670061626	7.164781471211563	230.0	37	1.05	0.95				
	318	2	267.7378993578948	54.67320467368422	0.0	0.0	3	1.0477732668702704	6.087318399347055	230.0	37	1.05	0.95				
	319	1	145.52720655789474	29.74865548421053	0.0	0.0	3	1.0382793158830352	9.959006105933664	230.0	35	1.05	0.95				
	320	1	102.91426762105264	20.904460610526318	0.0	0.0	3	1.035857421253263	12.105010558475453	230.0	35	1.05	0.95				
	321	2	0.0	0.0	0.0	0.0	3	1.05	7.541730512109115	230.0	37	1.05	0.95				
	322	2	0.0	0.0	0.0	0.0	3	1.05	11.740139237449997	230.0	37	1.05	0.95				
	323	2	0.0	0.0	0.0	0.0	3	1.0353752148296633	13.013547331187466	230.0	35	1.05	0.95				
	324	1	0.0	0.0	0.0	0.0	3	1.0225465703121266	5.817249362862979	230.0	36	1.05	0.95				
	325	1	0.0	0.0	0.0	0.0	3	1.037414746952604	13.046896393032263	230.0	35	1.05	0.95				
];
