%% MATPOWER Case Format : Version 2
function mpc = RTS_GMLC
mpc.version = '2';

%%-----  Power Flow Data  -----%%
%% system MVA base
mpc.baseMVA = 100.0;
%% bus data
%    bus_i    type    Pd    Qd    Gs    Bs    area    Vm    Va    baseKV    zone    Vmax    Vmin
mpc.bus = [
	101	2	84.83424048	17.281048986666665	0.0	0.0	1	1.0486873578425449	-0.9662663623172714	138.0	11	1.05	0.95				
	102	2	76.19371598666666	15.710044533333335	0.0	0.0	1	1.0480581181836675	-1.1839863310098053	138.0	12	1.05	0.95				
	103	1	141.39040079999998	29.063582386666663	0.0	0.0	1	1.0256064498770279	-2.997038215871648	138.0	11	1.05	0.95				
	104	1	58.12716477333333	11.782533399999998	0.0	0.0	1	1.025011337012046	-4.490281685564948	138.0	11	1.05	0.95				
	105	1	55.770658093333324	10.997031173333333	0.0	0.0	1	1.0384023777645615	-4.866794698632447	138.0	11	1.05	0.95				
	106	1	106.82830282666667	21.994062346666666	0.0	-100.0	1	1.0383082109984294	-7.806372899749827	138.0	12	1.05	0.95				
	107	2	98.18777833333331	19.637555666666664	0.0	0.0	1	1.035686271552753	-5.2573313348929185	138.0	12	1.05	0.95				
	108	1	134.32088075999997	27.49257793333333	0.0	0.0	1	1.0161894982650679	-7.920528845499419	138.0	12	1.05	0.95				
	109	1	137.46288966666665	28.278080159999995	0.0	0.0	1	1.0270348592499654	-5.066081847117026	138.0	13	1.05	0.95				
	110	1	153.1729342	31.42008906666667	0.0	0.0	1	1.05	-6.421702874987808	138.0	13	1.05	0.95				
	111	1	0.0	0.0	0.0	0.0	1	1.013888641628193	-2.4792606756453606	230.0	13	1.05	0.95				
	112	1	0.0	0.0	0.0	0.0	1	1.0162944220562784	-1.4967986839135008	230.0	13	1.05	0.95				
	113	3	208.15809006666663	42.41712024	0.0	0.0	1	1.0153879095470641	6.799334888532166e-31	230.0	14	1.05	0.95				
	114	2	152.38743197333332	30.63458684	0.0	0.0	1	1.0151788855205754	-1.3344893041559605	230.0	16	1.05	0.95				
	115	2	249.0042058533333	50.27214250666666	0.0	0.0	1	1.0433193844464124	5.601581412362851	230.0	16	1.05	0.95				
	116	2	78.55022266666666	15.710044533333335	0.0	0.0	1	1.0403242471436493	5.074566191666954	230.0	16	1.05	0.95				
	117	1	0.0	0.0	0.0	0.0	1	1.044629163161113	7.618616857686353	230.0	17	1.05	0.95				
	118	2	261.57224147999995	53.414151413333336	0.0	0.0	1	1.0466397730858383	7.840151275867565	230.0	17	1.05	0.95				
	119	1	142.17590302666665	29.063582386666663	0.0	0.0	1	1.033228227057238	4.042351164226284	230.0	15	1.05	0.95				
	120	1	100.54428501333332	20.423057893333333	0.0	0.0	1	1.0337560715336735	4.457329720258343	230.0	15	1.05	0.95				
	121	2	0.0	0.0	0.0	0.0	1	1.0499999957952324	9.514143039742786	230.0	17	1.05	0.95				
	122	2	0.0	0.0	0.0	0.0	1	1.05	16.28815463591591	230.0	17	1.05	0.95				
	123	2	0.0	0.0	0.0	0.0	1	1.0363775148552645	5.271180036539775	230.0	15	1.05	0.95				
	124	1	0.0	0.0	0.0	0.0	1	1.0257779649841212	2.4084848408706576	230.0	16	1.05	0.95				
	201	2	68.91736187368421	14.038721863157896	0.0	0.0	2	1.0338140314376292	-7.859472098851615	138.0	21	1.05	0.95				
	202	2	61.898000942105256	12.762474421052634	0.0	0.0	2	1.0340041231489097	-7.894047628019379	138.0	22	1.05	0.95				
	203	1	114.86226978947369	23.61057767894737	0.0	0.0	2	1.0258135339215408	-6.72976396672735	138.0	21	1.05	0.95				
	204	1	47.22115535789474	9.571855815789473	0.0	0.0	2	1.0187143408118604	-9.762817721254851	138.0	21	1.05	0.95				
	205	1	45.30678419473684	8.933732094736843	0.0	0.0	2	1.0338093067008813	-9.990212850998285	138.0	21	1.05	0.95				
	206	1	86.78482606315791	17.867464189473687	0.0	-100.0	2	1.0402553524992133	-11.783227895712487	138.0	22	1.05	0.95				
	207	2	79.76546513157895	15.95309302631579	0.0	0.0	2	0.9849959505529821	-21.356553971241166	138.0	22	1.05	0.95				
	208	1	109.1191563	22.334330236842103	0.0	0.0	2	0.9852213550246604	-18.26623921105395	138.0	22	1.05	0.95				
	209	1	111.67165118421055	22.972453957894736	0.0	0.0	2	1.0258277851104298	-8.70658089497838	138.0	23	1.05	0.95				
	210	1	124.43412560526316	25.524948842105267	0.0	0.0	2	1.05	-10.13659839821172	138.0	23	1.05	0.95				
	211	1	0.0	0.0	0.0	0.0	2	1.0154643351328023	-5.601958327173684	230.0	23	1.05	0.95				
	212	1	0.0	0.0	0.0	0.0	2	1.0179262429536313	-2.0546725211038646	230.0	23	1.05	0.95				
	213	2	169.1027860789474	34.45868093684211	0.0	0.0	2	1.0161470944230422	-3.561228282957998	230.0	24	1.05	0.95				
	214	2	123.79600188421051	24.886825121052635	0.0	0.0	2	1.0213274510813992	-3.54777967426943	230.0	26	1.05	0.95				
	215	2	202.28521957368423	40.83991814736842	0.0	0.0	2	1.0384785554551141	3.304133739399678	230.0	26	1.05	0.95				
	216	2	63.81237210526316	12.762474421052634	0.0	0.0	2	1.0388713943513779	3.253085815365291	230.0	26	1.05	0.95				
	217	1	0.0	0.0	0.0	0.0	2	1.042914931202332	5.580200397544216	230.0	27	1.05	0.95				
	218	2	212.49519911052636	43.392413031578954	0.0	0.0	2	1.0439445509426886	6.015891572072666	230.0	27	1.05	0.95				
	219	1	115.50039351052632	23.61057767894737	0.0	0.0	2	1.0365261398029413	3.0359177975268845	230.0	25	1.05	0.95				
	220	1	81.67983629473684	16.591216747368424	0.0	0.0	2	1.0397916363459532	4.058833011686541	230.0	25	1.05	0.95				
	221	2	0.0	0.0	0.0	0.0	2	1.043815505923596	5.865882736150717	230.0	27	1.05	0.95				
	222	2	0.0	0.0	0.0	0.0	2	1.05	12.259923929072691	230.0	27	1.05	0.95				
	223	2	0.0	0.0	0.0	0.0	2	1.0434219609948492	5.089758433403011	230.0	25	1.05	0.95				
	224	1	0.0	0.0	0.0	0.0	2	1.0212310653844592	-0.445474687244709	230.0	26	1.05	0.95				
	301	2	69.05030055157894	14.065801964210525	0.0	0.0	3	1.0018387317094768	-7.979565809095376	138.0	31	1.05	0.95				
	302	2	62.017399569473675	12.787092694736844	0.0	0.0	3	1.0015602491832565	-8.071598069354998	138.0	32	1.05	0.95				
	303	1	115.08383425263158	23.656121485263157	0.0	0.0	3	1.01869870645677	-2.617288715046447	138.0	31	1.05	0.95				
	304	1	47.31224297052631	9.59031952105263	0.0	0.0	3	1.003343326599686	-5.820413319475765	138.0	31	1.05	0.95				
	305	1	45.39417906631578	8.95096488631579	0.0	0.0	3	1.016340164493315	-6.311440478883548	138.0	31	1.05	0.95				
	306	1	86.95223032421052	17.90192977263158	0.0	-100.0	3	1.0322295457913035	-6.085949969030706	138.0	32	1.05	0.95				
	307	2	79.91932934210526	15.983865868421052	0.0	0.0	3	0.9957896313138062	-10.66911605238811	138.0	32	1.05	0.95				
	308	1	109.32964254	22.377412215789473	0.0	0.0	3	1.000988476039014	-7.731081384682253	138.0	32	1.05	0.95				
	309	1	111.88706107894737	23.016766850526313	0.0	0.0	3	1.0279471746676125	-1.3839499155181514	138.0	33	1.05	0.95				
	310	1	124.67415377368421	25.574185389473687	0.0	0.0	3	1.05	-2.5980853548091085	138.0	33	1.05	0.95				
	311	1	0.0	0.0	0.0	0.0	3	1.018312131394838	4.4113707800594915	230.0	33	1.05	0.95				
	312	1	0.0	0.0	0.0	0.0	3	1.0221578304872525	6.003046858177642	230.0	33	1.05	0.95				
	313	2	169.42897820526315	34.52515027578947	0.0	0.0	3	1.0442778566303137	12.455902906992362	230.0	34	1.05	0.95				
	314	2	124.03479913894735	24.934830754736844	0.0	0.0	3	1.0207316911484643	3.601771227962036	230.0	36	1.05	0.95				
	315	2	202.67541921157894	40.91869662315789	0.0	0.0	3	1.0355339488108857	3.4114545384229276	230.0	36	1.05	0.95				
	316	2	63.93546347368421	12.787092694736844	0.0	0.0	3	1.0353390605233832	4.2512058637993535	230.0	36	1.05	0.95				
	317	1	0.0	0.0	0.0	0.0	3	1.039597614964069	4.704222982956093	230.0	37	1.05	0.95				
	318	2	212.9050933673684	43.47611516210526	0.0	0.0	3	1.0384674158579508	4.2184235586278005	230.0	37	1.05	0.95				
	319	1	115.72318888736841	23.656121485263157	0.0	0.0	3	1.0347140648883384	5.749076408831701	230.0	35	1.05	0.95				
	320	1	81.83739324631578	16.623220503157896	0.0	0.0	3	1.0370525433442235	7.066618551641165	230.0	35	1.05	0.95				
	321	2	0.0	0.0	0.0	0.0	3	1.0405538000116286	5.124540039688673	230.0	37	1.05	0.95				
	322	2	0.0	0.0	0.0	0.0	3	1.05	9.276591406047636	230.0	37	1.05	0.95				
	323	2	0.0	0.0	0.0	0.0	3	1.038693328381641	7.6678113284583285	230.0	35	1.05	0.95				
	324	1	0.0	0.0	0.0	0.0	3	1.02335315558215	2.9271905402088874	230.0	36	1.05	0.95				
	325	1	0.0	0.0	0.0	0.0	3	1.0401490997585252	7.8292949435030295	230.0	35	1.05	0.95				
];
