%% MATPOWER Case Format : Version 2
function mpc = RTS_GMLC
mpc.version = '2';

%%-----  Power Flow Data  -----%%
%% system MVA base
mpc.baseMVA = 100.0;
%% bus data
%    bus_i    type    Pd    Qd    Gs    Bs    area    Vm    Va    baseKV    zone    Vmax    Vmin
mpc.bus = [
	101	2	71.95546758315791	14.657595248421055	0.0	0.0	1	1.0318765645906292	-0.8471270705527134	138.0	11	1.05	0.95				
	102	2	64.62666995894737	13.325086589473687	0.0	0.0	1	1.0319166904534078	-0.8944288912261309	138.0	12	1.05	0.95				
	103	1	119.92577930526316	24.651410190526317	0.0	0.0	1	1.0219783290355418	-1.9962665672034363	138.0	11	1.05	0.95				
	104	1	49.30282038105263	9.993814942105264	0.0	0.0	1	1.0171925858119752	-3.9666280184813663	138.0	11	1.05	0.95				
	105	1	47.30405739263158	9.32756061263158	0.0	0.0	1	1.0319685877333453	-3.9276832564831	138.0	11	1.05	0.95				
	106	1	90.61058880842107	18.65512122526316	0.0	-100.0	1	1.0383802957848978	-6.259884989381455	138.0	12	1.05	0.95				
	107	2	83.28179118421053	16.656358236842106	0.0	0.0	1	1.0479772600111457	-3.429667761140537	138.0	12	1.05	0.95				
	108	1	113.92949034	23.31890153157895	0.0	0.0	1	1.026871697734135	-5.876544065356804	138.0	12	1.05	0.95				
	109	1	116.59450765789474	23.985155861052633	0.0	0.0	1	1.0263903723324839	-3.781400748011971	138.0	13	1.05	0.95				
	110	1	129.91959424736842	26.650173178947373	0.0	0.0	1	1.05	-4.944464585967231	138.0	13	1.05	0.95				
	111	1	0.0	0.0	0.0	0.0	1	1.0100745294504212	-1.3058369523720683	230.0	13	1.05	0.95				
	112	1	0.0	0.0	0.0	0.0	1	1.0141508119778555	-0.6099086715475371	230.0	13	1.05	0.95				
	113	3	176.5573973105263	35.977733791578956	0.0	0.0	1	1.0089143827630767	7.399761523979124e-29	230.0	14	1.05	0.95				
	114	2	129.25333991789475	25.983918849473685	0.0	0.0	1	1.0093200100450188	0.693912903226485	230.0	16	1.05	0.95				
	115	2	211.20262244315788	42.64027708631579	0.0	0.0	1	1.0428223096345364	7.9835533813033965	230.0	16	1.05	0.95				
	116	2	66.62543294736842	13.325086589473687	0.0	0.0	1	1.0400168931768565	7.500814317618657	230.0	16	1.05	0.95				
	117	1	0.0	0.0	0.0	0.0	1	1.0457761704870017	10.434542383771985	230.0	17	1.05	0.95				
	118	2	221.86269171473688	45.305294404210535	0.0	0.0	1	1.048602680802082	11.05543799341562	230.0	17	1.05	0.95				
	119	1	120.59203363473685	24.651410190526317	0.0	0.0	1	1.0338200935102355	6.1680945721433345	230.0	15	1.05	0.95				
	120	1	85.28055417263158	17.32261256631579	0.0	0.0	1	1.0342565206464591	6.27691866646787	230.0	15	1.05	0.95				
	121	2	0.0	0.0	0.0	0.0	1	1.05	11.570689796230184	230.0	17	1.05	0.95				
	122	2	0.0	0.0	0.0	0.0	1	1.05	17.6471693379865	230.0	17	1.05	0.95				
	123	2	0.0	0.0	0.0	0.0	1	1.0361708089067319	6.8352936274046145	230.0	15	1.05	0.95				
	124	1	0.0	0.0	0.0	0.0	1	1.022528824890748	4.284717193451995	230.0	16	1.05	0.95				
	201	2	78.16527625263157	15.92255627368421	0.0	0.0	2	1.0378132063481018	-13.46622298252432	138.0	21	1.05	0.95				
	202	2	70.20399811578947	14.475051157894736	0.0	0.0	2	1.0379535649703264	-13.586370903969163	138.0	22	1.05	0.95				
	203	1	130.27546042105263	26.77884464210526	0.0	0.0	2	1.0252908021600617	-9.322629135761579	138.0	21	1.05	0.95				
	204	1	53.55768928421052	10.856288368421051	0.0	0.0	2	1.01808030557663	-15.299782132405428	138.0	21	1.05	0.95				
	205	1	51.38643161052631	10.132535810526317	0.0	0.0	2	1.0346154041493671	-15.808083535812926	138.0	21	1.05	0.95				
	206	1	98.43034787368421	20.265071621052634	0.0	-100.0	2	1.0386373756334069	-17.80796476515549	138.0	22	1.05	0.95				
	207	2	90.4690697368421	18.09381394736842	0.0	0.0	2	0.9647233674090634	-28.585446983604147	138.0	22	1.05	0.95				
	208	1	123.7616874	25.331339526315787	0.0	0.0	2	0.968540704736785	-24.99602230214466	138.0	22	1.05	0.95				
	209	1	126.65669763157894	26.055092084210525	0.0	0.0	2	1.024566870249292	-13.774760842152089	138.0	23	1.05	0.95				
	210	1	141.13174878947368	28.950102315789472	0.0	0.0	2	1.05	-15.912368255493721	138.0	23	1.05	0.95				
	211	1	0.0	0.0	0.0	0.0	2	1.0266266181495827	-9.309243366565017	230.0	23	1.05	0.95				
	212	1	0.0	0.0	0.0	0.0	2	1.020187793977652	-8.332342649624668	230.0	23	1.05	0.95				
	213	2	191.79442784210525	39.082638126315786	0.0	0.0	2	1.0357233172979392	-6.629999212028957	230.0	24	1.05	0.95				
	214	2	140.40799623157895	28.226349757894738	0.0	0.0	2	1.0436533383034095	-6.292760754617954	230.0	26	1.05	0.95				
	215	2	229.42956085263154	46.320163705263155	0.0	0.0	2	1.0435438825810823	2.698738661142838	230.0	26	1.05	0.95				
	216	2	72.37525578947368	14.475051157894736	0.0	0.0	2	1.0476935996081171	2.439883798999585	230.0	26	1.05	0.95				
	217	1	0.0	0.0	0.0	0.0	2	1.0480973119841384	5.94460526419479	230.0	27	1.05	0.95				
	218	2	241.00960177894737	49.215173936842106	0.0	0.0	2	1.0499759268088356	6.728101227551746	230.0	27	1.05	0.95				
	219	1	130.99921297894736	26.77884464210526	0.0	0.0	2	1.0436737706908852	1.5051326427290082	230.0	25	1.05	0.95				
	220	1	92.64032741052631	18.81756650526316	0.0	0.0	2	1.046453537950629	2.045676704661438	230.0	25	1.05	0.95				
	221	2	0.0	0.0	0.0	0.0	2	1.05	7.105234003561499	230.0	27	1.05	0.95				
	222	2	0.0	0.0	0.0	0.0	2	1.05	13.161604283938212	230.0	27	1.05	0.95				
	223	2	0.0	0.0	0.0	0.0	2	1.05	2.8683846359071468	230.0	25	1.05	0.95				
	224	1	0.0	0.0	0.0	0.0	2	1.0216098404387957	-1.773535772073536	230.0	26	1.05	0.95				
	301	2	54.409996837894745	11.083517874385965	0.0	0.0	3	1.0145531981299956	-10.355905754018838	138.0	31	1.05	0.95				
	302	2	48.86823790070176	10.075925340350878	0.0	0.0	3	1.0130632223119858	-10.715577049129868	138.0	32	1.05	0.95				
	303	1	90.6833280631579	18.640461879649123	0.0	0.0	3	1.05	3.6120843945814105	138.0	31	1.05	0.95				
	304	1	37.28092375929825	7.5569440052631585	0.0	0.0	3	1.009729260268822	-9.649134225127279	138.0	31	1.05	0.95				
	305	1	35.769534958245615	7.053147738245615	0.0	0.0	3	1.0260116134951698	-11.214517356376628	138.0	31	1.05	0.95				
	306	1	68.51629231438598	14.10629547649123	0.0	-100.0	3	1.0394603294260059	-12.28655152200793	138.0	32	1.05	0.95				
	307	2	62.974533377192984	12.594906675438597	0.0	0.0	3	0.9905463260924743	-17.815120724879478	138.0	32	1.05	0.95				
	308	1	86.14916165999999	17.632869345614036	0.0	0.0	3	0.9939687875501839	-15.464286214949732	138.0	32	1.05	0.95				
	309	1	88.16434672807017	18.136665612631578	0.0	0.0	3	1.0229930011190436	-6.698342567494919	138.0	33	1.05	0.95				
	310	1	98.24027206842105	20.151850680701756	0.0	0.0	3	1.05	-10.45738788264038	138.0	33	1.05	0.95				
	311	1	0.0	0.0	0.0	0.0	3	1.0127559049352703	-5.176136122640276	230.0	33	1.05	0.95				
	312	1	0.0	0.0	0.0	0.0	3	1.01479166593421	-4.64188043778866	230.0	33	1.05	0.95				
	313	2	133.50601075964912	27.204998418947373	0.0	0.0	3	1.0140307413581173	-2.290906946234719	230.0	34	1.05	0.95				
	314	2	97.73647580140351	19.648054413684214	0.0	0.0	3	1.0162423873184625	-4.236590661424289	230.0	36	1.05	0.95				
	315	2	159.7034166445614	32.24296108912281	0.0	0.0	3	1.043904263844028	0.6340635516150415	230.0	36	1.05	0.95				
	316	2	50.37962670175439	10.075925340350878	0.0	0.0	3	1.03963696968944	0.13207022940875068	230.0	36	1.05	0.95				
	317	1	0.0	0.0	0.0	0.0	3	1.0447452158332118	1.7421044699998327	230.0	37	1.05	0.95				
	318	2	167.76415691684213	34.25814615719299	0.0	0.0	3	1.0453472388217178	1.8294108927050867	230.0	37	1.05	0.95				
	319	1	91.18712433017544	18.640461879649123	0.0	0.0	3	1.0333176097350742	-0.8183823843538027	230.0	35	1.05	0.95				
	320	1	64.48592217824562	13.098702942456143	0.0	0.0	3	1.0316261410086693	-0.6816453363646245	230.0	35	1.05	0.95				
	321	2	0.0	0.0	0.0	0.0	3	1.0478313288677126	2.9219625672750897	230.0	37	1.05	0.95				
	322	2	0.0	0.0	0.0	0.0	3	1.05	6.796054237970982	230.0	37	1.05	0.95				
	323	2	0.0	0.0	0.0	0.0	3	1.0316147902818795	-0.22322784994876949	230.0	35	1.05	0.95				
	324	1	0.0	0.0	0.0	0.0	3	1.0431908584428666	1.7761251884543086	230.0	36	1.05	0.95				
	325	1	0.0	0.0	0.0	0.0	3	1.0302799309681823	0.7756892422724045	230.0	35	1.05	0.95				
];
