%% MATPOWER Case Format : Version 2
function mpc = RTS_GMLC
mpc.version = '2';

%%-----  Power Flow Data  -----%%
%% system MVA base
mpc.baseMVA = 100.0;
%% bus data
%    bus_i    type    Pd    Qd    Gs    Bs    area    Vm    Va    baseKV    zone    Vmax    Vmin
mpc.bus = [
	101	2	91.38050469473686	18.61454725263158	0.0	0.0	1	1.0453397359444663	-2.2339371405969235	138.0	11	1.05	0.95				
	102	2	82.07323106842107	16.922315684210528	0.0	0.0	1	1.0451366400109023	-2.3489404330962986	138.0	12	1.05	0.95				
	103	1	152.30084115789475	31.306284015789476	0.0	0.0	1	1.0181240398707239	-3.6414735541965624	138.0	11	1.05	0.95				
	104	1	62.61256803157895	12.691736763157897	0.0	0.0	1	1.0220117213295357	-5.454462813495939	138.0	11	1.05	0.95				
	105	1	60.07422067894736	11.84562097894737	0.0	0.0	1	1.0361050584726355	-5.874132664183125	138.0	11	1.05	0.95				
	106	1	115.0717466526316	23.69124195789474	0.0	-100.0	1	1.035973804259479	-8.690968729963235	138.0	12	1.05	0.95				
	107	2	105.7644730263158	21.15289460526316	0.0	0.0	1	1.0431732835597383	-4.912497022562401	138.0	12	1.05	0.95				
	108	1	144.68579910000003	29.614052447368422	0.0	0.0	1	1.0185751953157496	-8.090777429739612	138.0	12	1.05	0.95				
	109	1	148.07026223684213	30.460168231578947	0.0	0.0	1	1.0265676337718586	-5.471912674299316	138.0	13	1.05	0.95				
	110	1	164.99257792105263	33.844631368421055	0.0	0.0	1	1.05	-6.953700972192104	138.0	13	1.05	0.95				
	111	1	0.0	0.0	0.0	0.0	1	1.0174808001057314	-2.2816880708328835	230.0	13	1.05	0.95				
	112	1	0.0	0.0	0.0	0.0	1	1.0179983566201922	-1.4457232342075146	230.0	13	1.05	0.95				
	113	3	224.22068281578947	45.69025234736843	0.0	0.0	1	1.0203520147067269	-9.482011620387179e-29	230.0	14	1.05	0.95				
	114	2	164.14646213684213	32.99851558421053	0.0	0.0	1	1.0235086790051728	-0.3471248792534424	230.0	16	1.05	0.95				
	115	2	268.21870359473684	54.151410189473694	0.0	0.0	1	1.0428617484296019	8.278298842148248	230.0	16	1.05	0.95				
	116	2	84.61157842105264	16.922315684210528	0.0	0.0	1	1.0429865668522005	7.56145031988164	230.0	16	1.05	0.95				
	117	1	0.0	0.0	0.0	0.0	1	1.0468536029043953	11.116330226049268	230.0	17	1.05	0.95				
	118	2	281.7565561421053	57.5358733263158	0.0	0.0	1	1.0496232165841977	11.962761045654632	230.0	17	1.05	0.95				
	119	1	153.14695694210528	31.306284015789476	0.0	0.0	1	1.0371198441584522	6.0637438090898135	230.0	15	1.05	0.95				
	120	1	108.30282037894739	21.999010389473685	0.0	0.0	1	1.0390383408119794	5.952178961004919	230.0	15	1.05	0.95				
	121	2	0.0	0.0	0.0	0.0	1	1.05	13.267057583959284	230.0	17	1.05	0.95				
	122	2	0.0	0.0	0.0	0.0	1	1.05	19.17523816334666	230.0	17	1.05	0.95				
	123	2	0.0	0.0	0.0	0.0	1	1.0425518713197224	6.514131574899118	230.0	15	1.05	0.95				
	124	1	0.0	0.0	0.0	0.0	1	1.018658884624159	3.871378378813639	230.0	16	1.05	0.95				
	201	2	77.75728002947369	15.839445931929822	0.0	0.0	2	1.0369984551577904	-8.60978981325424	138.0	21	1.05	0.95				
	202	2	69.83755706350875	14.399496301754386	0.0	0.0	2	1.0372257862923009	-8.657655318001593	138.0	22	1.05	0.95				
	203	1	129.59546671578946	26.63906815824561	0.0	0.0	2	1.0273471638214933	-6.9314636741895415	138.0	21	1.05	0.95				
	204	1	53.27813631649122	10.799622226315787	0.0	0.0	2	1.0190385594181541	-10.193377196021437	138.0	21	1.05	0.95				
	205	1	51.118211871228056	10.07964741122807	0.0	0.0	2	1.0343872895810935	-10.490531381332302	138.0	21	1.05	0.95				
	206	1	97.91657485192982	20.15929482245614	0.0	-100.0	2	1.03875295007517	-12.218743508404618	138.0	22	1.05	0.95				
	207	2	89.9968518859649	17.99937037719298	0.0	0.0	2	0.9669533810383049	-22.958923978451516	138.0	22	1.05	0.95				
	208	1	123.11569338	25.19911852807017	0.0	0.0	2	0.9705959465790875	-19.402040375226093	138.0	22	1.05	0.95				
	209	1	125.99559264035088	25.91909334315789	0.0	0.0	2	1.026735316859621	-8.541347109270477	138.0	23	1.05	0.95				
	210	1	140.39508894210525	28.798992603508772	0.0	0.0	2	1.05	-10.132835494794248	138.0	23	1.05	0.95				
	211	1	0.0	0.0	0.0	0.0	2	1.0233784616834383	-5.11580393423366	230.0	23	1.05	0.95				
	212	1	0.0	0.0	0.0	0.0	2	1.023153361734298	-0.21047314322835783	230.0	23	1.05	0.95				
	213	2	190.7933259982456	38.878640014736845	0.0	0.0	2	1.0298313057435573	-2.481435766736537	230.0	24	1.05	0.95				
	214	2	139.6751141270175	28.07901778842105	0.0	0.0	2	1.033183661889037	-3.27194792366376	230.0	26	1.05	0.95				
	215	2	228.23201638280696	46.07838816561403	0.0	0.0	2	1.0435879804537906	3.5572584951801596	230.0	26	1.05	0.95				
	216	2	71.99748150877193	14.399496301754386	0.0	0.0	2	1.0444741188758353	3.7504828356606255	230.0	26	1.05	0.95				
	217	1	0.0	0.0	0.0	0.0	2	1.047336101893988	6.0796606989980795	230.0	27	1.05	0.95				
	218	2	239.7516134242105	48.95828742596491	0.0	0.0	2	1.0479387107383542	6.386875368331924	230.0	27	1.05	0.95				
	219	1	130.31544153087717	26.63906815824561	0.0	0.0	2	1.041501642944373	4.081926634055116	230.0	25	1.05	0.95				
	220	1	92.15677633122806	18.719345192280702	0.0	0.0	2	1.0453378907449205	5.721076524397172	230.0	25	1.05	0.95				
	221	2	0.0	0.0	0.0	0.0	2	1.0479358328205928	6.3062114225907315	230.0	27	1.05	0.95				
	222	2	0.0	0.0	0.0	0.0	2	1.05	12.727738151741493	230.0	27	1.05	0.95				
	223	2	0.0	0.0	0.0	0.0	2	1.05	7.140706446518889	230.0	25	1.05	0.95				
	224	1	0.0	0.0	0.0	0.0	2	1.0243861534739094	-0.34961734536293504	230.0	26	1.05	0.95				
	301	2	79.00980703578946	16.09459032210526	0.0	0.0	3	0.9754370453538568	-3.556744875547811	138.0	31	1.05	0.95				
	302	2	70.96251187473683	14.631445747368419	0.0	0.0	3	0.9769073763771096	-3.6690754943637467	138.0	32	1.05	0.95				
	303	1	131.68301172631578	27.068174632631575	0.0	0.0	3	0.9927598685948732	2.121020280067177	138.0	31	1.05	0.95				
	304	1	54.13634926526315	10.973584310526315	0.0	0.0	3	0.9718285157511048	-0.8275686161211444	138.0	31	1.05	0.95				
	305	1	51.94163240315789	10.242012023157894	0.0	0.0	3	0.9837334103346012	-1.1909397075902266	138.0	31	1.05	0.95				
	306	1	99.49383108210526	20.48402404631579	0.0	-100.0	3	0.9962193656372804	-0.706030920014766	138.0	32	1.05	0.95				
	307	2	91.44653592105261	18.289307184210525	0.0	0.0	3	0.9520021107880887	-6.586113829548482	138.0	32	1.05	0.95				
	308	1	125.09886113999997	25.605030057894734	0.0	0.0	3	0.9581901952701333	-2.9048503438959266	138.0	32	1.05	0.95				
	309	1	128.0251502894737	26.336602345263156	0.0	0.0	3	0.9968664242023065	4.661361959351484	138.0	33	1.05	0.95				
	310	1	142.65659603684207	29.262891494736838	0.0	0.0	3	1.0162304364950936	3.680088464520173	138.0	33	1.05	0.95				
	311	1	0.0	0.0	0.0	0.0	3	0.9920446363057849	12.25273406903102	230.0	33	1.05	0.95				
	312	1	0.0	0.0	0.0	0.0	3	0.995921870055273	13.466764849309019	230.0	33	1.05	0.95				
	313	2	193.86665615263155	39.50490351789473	0.0	0.0	3	1.0252226914150633	21.39707158159944	230.0	34	1.05	0.95				
	314	2	141.92502374947367	28.531319207368416	0.0	0.0	3	1.0019425417179428	11.973427198795498	230.0	36	1.05	0.95				
	315	2	231.90841509578942	46.82062639157894	0.0	0.0	3	1.0330197752551247	9.204516113650431	230.0	36	1.05	0.95				
	316	2	73.1572287368421	14.631445747368419	0.0	0.0	3	1.0307894197974976	10.402649935536386	230.0	36	1.05	0.95				
	317	1	0.0	0.0	0.0	0.0	3	1.0374348052591023	10.286521413289586	230.0	37	1.05	0.95				
	318	2	243.61357169368415	49.74691554105263	0.0	0.0	3	1.037441391360303	9.567769880425496	230.0	37	1.05	0.95				
	319	1	132.4145840136842	27.068174632631575	0.0	0.0	3	1.0268428973086237	12.192967220334712	230.0	35	1.05	0.95				
	320	1	93.64125278315788	19.020879471578944	0.0	0.0	3	1.0270803171997593	13.711474736238618	230.0	35	1.05	0.95				
	321	2	0.0	0.0	0.0	0.0	3	1.0397728251860734	10.894360218101598	230.0	37	1.05	0.95				
	322	2	0.0	0.0	0.0	0.0	3	1.05	14.968766946943111	230.0	37	1.05	0.95				
	323	2	0.0	0.0	0.0	0.0	3	1.0277732121499388	14.358722459241472	230.0	35	1.05	0.95				
	324	1	0.0	0.0	0.0	0.0	3	1.0112592514992622	8.612345867111497	230.0	36	1.05	0.95				
	325	1	0.0	0.0	0.0	0.0	3	1.0306740246153003	14.276556642797743	230.0	35	1.05	0.95				
];
