%% MATPOWER Case Format : Version 2
function mpc = RTS_GMLC
mpc.version = '2';

%%-----  Power Flow Data  -----%%
%% system MVA base
mpc.baseMVA = 100.0;
%% bus data
%    bus_i    type    Pd    Qd    Gs    Bs    area    Vm    Va    baseKV    zone    Vmax    Vmin
mpc.bus = [
	101	2	75.09500245894738	15.297130130526316	0.0	0.0	1	1.0476726362611164	-0.24759207836638333	138.0	11	1.05	0.95				
	102	2	67.4464373936842	13.906481936842106	0.0	0.0	1	1.0463868125203903	-0.663910882172026	138.0	12	1.05	0.95				
	103	1	125.15833743157896	25.726991583157893	0.0	0.0	1	1.0275458914824243	-0.4357352933896296	138.0	11	1.05	0.95				
	104	1	51.45398316631579	10.42986145263158	0.0	0.0	1	1.0250999429361811	-3.8549643302672996	138.0	11	1.05	0.95				
	105	1	49.36801087578947	9.734537355789474	0.0	0.0	1	1.0388543649064372	-4.345299467459199	138.0	11	1.05	0.95				
	106	1	94.56407717052633	19.469074711578948	0.0	-100.0	1	1.0404232740302293	-7.366606744802856	138.0	12	1.05	0.95				
	107	2	86.91551210526316	17.383102421052634	0.0	0.0	1	0.9998206784998666	-14.834993904608732	138.0	12	1.05	0.95				
	108	1	118.90042056000001	24.336343389473683	0.0	0.0	1	0.9941461909040333	-13.088650089618872	138.0	12	1.05	0.95				
	109	1	121.68171694736843	25.03166748631579	0.0	0.0	1	1.0251656695575504	-4.74092869025676	138.0	13	1.05	0.95				
	110	1	135.58819888421053	27.81296387368421	0.0	0.0	1	1.05	-6.381839782798208	138.0	13	1.05	0.95				
	111	1	0.0	0.0	0.0	0.0	1	1.0158923602680687	-1.62732254151349	230.0	13	1.05	0.95				
	112	1	0.0	0.0	0.0	0.0	1	1.0163921798960815	-1.463585049621302	230.0	13	1.05	0.95				
	113	3	184.2608856631579	37.54750122947369	0.0	0.0	1	1.015966879434951	2.798024217139469e-31	230.0	14	1.05	0.95				
	114	2	134.8928747873684	27.117639776842108	0.0	0.0	1	1.0234853630774976	0.8914873790853931	230.0	16	1.05	0.95				
	115	2	220.41773869894737	44.50074219789474	0.0	0.0	1	1.040311455878728	10.172228953752105	230.0	16	1.05	0.95				
	116	2	69.53240968421053	13.906481936842106	0.0	0.0	1	1.0391929724309967	8.71831703760413	230.0	16	1.05	0.95				
	117	1	0.0	0.0	0.0	0.0	1	1.0443569874400025	13.597045410368382	230.0	17	1.05	0.95				
	118	2	231.54292424842106	47.282038585263166	0.0	0.0	1	1.0499999769443151	14.758177449921856	230.0	17	1.05	0.95				
	119	1	125.85366152842106	25.726991583157893	0.0	0.0	1	1.033242282970129	6.349858911187648	230.0	15	1.05	0.95				
	120	1	89.00148439578948	18.078426517894737	0.0	0.0	1	1.034040139410809	5.154531219958791	230.0	15	1.05	0.95				
	121	2	0.0	0.0	0.0	0.0	1	1.05	17.020615858711636	230.0	17	1.05	0.95				
	122	2	0.0	0.0	0.0	0.0	1	1.05	24.549852049188615	230.0	17	1.05	0.95				
	123	2	0.0	0.0	0.0	0.0	1	1.0362206521627844	5.017843637645533	230.0	15	1.05	0.95				
	124	1	0.0	0.0	0.0	0.0	1	1.0223012742238538	6.207330627104673	230.0	16	1.05	0.95				
	201	2	71.07634189894738	14.478514090526314	0.0	0.0	2	1.0245399624566438	-12.445034455396637	138.0	21	1.05	0.95				
	202	2	63.8370848536842	13.162285536842106	0.0	0.0	2	1.0251942543405892	-12.335865568445852	138.0	22	1.05	0.95				
	203	1	118.46056983157894	24.350228243157893	0.0	0.0	2	1.0142986639257132	-10.838691788295112	138.0	21	1.05	0.95				
	204	1	48.70045648631579	9.871714152631577	0.0	0.0	2	1.0140033950959753	-12.375876370999356	138.0	21	1.05	0.95				
	205	1	46.72611365578947	9.213599875789475	0.0	0.0	2	1.0288401473357682	-12.764906805047044	138.0	21	1.05	0.95				
	206	1	89.50354165052632	18.42719975157895	0.0	-100.0	2	1.0379292562227405	-13.558140774502709	138.0	22	1.05	0.95				
	207	2	82.26428460526314	16.452856921052632	0.0	0.0	2	0.9805878204399138	-22.69429722515228	138.0	22	1.05	0.95				
	208	1	112.53754133999998	23.03399968947368	0.0	0.0	2	0.9816304235274947	-19.492678486149494	138.0	22	1.05	0.95				
	209	1	115.16999844736841	23.692113966315787	0.0	0.0	2	1.025767385958047	-9.717213635696368	138.0	23	1.05	0.95				
	210	1	128.3322839842105	26.32457107368421	0.0	0.0	2	1.05	-10.98972248482688	138.0	23	1.05	0.95				
	211	1	0.0	0.0	0.0	0.0	2	1.021375139642317	-5.7599266109735145	230.0	23	1.05	0.95				
	212	1	0.0	0.0	0.0	0.0	2	1.0204610314620195	-0.11892850421814803	230.0	23	1.05	0.95				
	213	2	174.40028336315788	35.53817094947369	0.0	0.0	2	1.0310108810943333	-2.1093807112027725	230.0	24	1.05	0.95				
	214	2	127.6741697073684	25.666456796842102	0.0	0.0	2	1.0286685879481576	-4.432345250196264	230.0	26	1.05	0.95				
	215	2	208.62222575894737	42.119313717894734	0.0	0.0	2	1.0378034252168378	0.912407632422214	230.0	26	1.05	0.95				
	216	2	65.81142768421053	13.162285536842106	0.0	0.0	2	1.0392327381829343	1.5107106039402456	230.0	26	1.05	0.95				
	217	1	0.0	0.0	0.0	0.0	2	1.0402113952795842	2.295804015317622	230.0	27	1.05	0.95				
	218	2	219.15205418842106	44.75177082526316	0.0	0.0	2	1.0380909403475356	1.3764146205847418	230.0	27	1.05	0.95				
	219	1	119.11868410842106	24.350228243157893	0.0	0.0	2	1.037508303617136	3.6573809930172083	230.0	25	1.05	0.95				
	220	1	84.23862743578947	17.110971197894738	0.0	0.0	2	1.0433260176006183	6.760366526658191	230.0	25	1.05	0.95				
	221	2	0.0	0.0	0.0	0.0	2	1.040035968739015	2.0342403816478742	230.0	27	1.05	0.95				
	222	2	0.0	0.0	0.0	0.0	2	1.05	8.639926048267592	230.0	27	1.05	0.95				
	223	2	0.0	0.0	0.0	0.0	2	1.05	8.928521180520045	230.0	25	1.05	0.95				
	224	1	0.0	0.0	0.0	0.0	2	1.0143556432190217	-3.4363996938066617	230.0	26	1.05	0.95				
	301	2	66.48782032421052	13.54381525122807	0.0	0.0	3	0.9893973889127446	21.91249288916913	138.0	31	1.05	0.95				
	302	2	59.71591269859648	12.312559319298245	0.0	0.0	3	0.9892921440234027	21.86875431349786	138.0	32	1.05	0.95				
	303	1	110.81303387368419	22.778234740701752	0.0	0.0	3	1.0158041964665534	25.46278034079911	138.0	31	1.05	0.95				
	304	1	45.556469481403504	9.234419489473684	0.0	0.0	3	0.9989859419997129	24.09947250316008	138.0	31	1.05	0.95				
	305	1	43.70958558350876	8.618791523508772	0.0	0.0	3	1.0101740956451124	23.764115603801333	138.0	31	1.05	0.95				
	306	1	83.72540337122807	17.237583047017544	0.0	-100.0	3	1.0298630986288801	24.105306993401598	138.0	32	1.05	0.95				
	307	2	76.95349574561403	15.390699149122804	0.0	0.0	3	0.9866667150217222	20.44792176252446	138.0	32	1.05	0.95				
	308	1	105.27238218	21.54697880877193	0.0	0.0	3	0.9984396653098547	23.207201342215807	138.0	32	1.05	0.95				
	309	1	107.73489404385963	22.16260677473684	0.0	0.0	3	1.0291436271513572	28.407089839150707	138.0	33	1.05	0.95				
	310	1	120.04745336315787	24.62511863859649	0.0	0.0	3	1.05	27.57166284560694	138.0	33	1.05	0.95				
	311	1	0.0	0.0	0.0	0.0	3	1.0188258036382376	34.09967198488331	230.0	33	1.05	0.95				
	312	1	0.0	0.0	0.0	0.0	3	1.0265711607207266	34.70546490626169	230.0	33	1.05	0.95				
	313	2	163.14141098070175	33.24391016210526	0.0	0.0	3	1.0467350212289734	41.93458317823886	230.0	34	1.05	0.95				
	314	2	119.43182539719297	24.009490672631575	0.0	0.0	3	1.0179593972277952	33.17001608519475	230.0	36	1.05	0.95				
	315	2	195.15406521087718	39.40018982175438	0.0	0.0	3	1.038103339146069	28.774857734590576	230.0	36	1.05	0.95				
	316	2	61.56279659649122	12.312559319298245	0.0	0.0	3	1.0384678644317167	30.049643025631735	230.0	36	1.05	0.95				
	317	1	0.0	0.0	0.0	0.0	3	1.05	31.650883528216752	230.0	37	1.05	0.95				
	318	2	205.00411266631576	41.862701685614034	0.0	0.0	3	1.0465948485461622	28.356962561652555	230.0	37	1.05	0.95				
	319	1	111.4286618396491	22.778234740701752	0.0	0.0	3	1.0416333966152116	31.10463076573759	230.0	35	1.05	0.95				
	320	1	78.80037964350876	16.006327115087718	0.0	0.0	3	1.0460182125392485	31.726758046403177	230.0	35	1.05	0.95				
	321	2	0.0	0.0	0.0	0.0	3	1.04461121887787	29.159362082204662	230.0	37	1.05	0.95				
	322	2	0.0	0.0	0.0	0.0	3	1.05	34.47844623565392	230.0	37	1.05	0.95				
	323	2	0.0	0.0	0.0	0.0	3	1.0479426498534352	31.746406387404036	230.0	35	1.05	0.95				
	324	1	0.0	0.0	0.0	0.0	3	1.026253552546542	29.529317236052783	230.0	36	1.05	0.95				
	325	1	0.0	0.0	0.0	0.0	3	1.0488801958028011	30.50572210966563	230.0	35	1.05	0.95				
];
