%% MATPOWER Case Format : Version 2
function mpc = RTS_GMLC
mpc.version = '2';

%%-----  Power Flow Data  -----%%
%% system MVA base
mpc.baseMVA = 100.0;
%% bus data
%    bus_i    type    Pd    Qd    Gs    Bs    area    Vm    Va    baseKV    zone    Vmax    Vmin
mpc.bus = [
	101	2	50.66006926736842	10.319643739649123	0.0	0.0	1	1.0310224271531094	-0.5282170274267683	138.0	11	1.05	0.95				
	102	2	45.500247397543866	9.38149430877193	0.0	0.0	1	1.030127823749536	-0.7958776511540827	138.0	12	1.05	0.95				
	103	1	84.43344877894738	17.35576447122807	0.0	0.0	1	1.0266259354557365	-1.4885213153311265	138.0	11	1.05	0.95				
	104	1	34.71152894245614	7.036120731578947	0.0	0.0	1	1.019540391424897	-3.5105963758095555	138.0	11	1.05	0.95				
	105	1	33.30430479614035	6.567046016140352	0.0	0.0	1	1.0342775457784656	-3.368348509180053	138.0	11	1.05	0.95				
	106	1	63.79416129964913	13.134092032280703	0.0	-100.0	1	1.043795961606158	-5.46701954639366	138.0	12	1.05	0.95				
	107	2	58.634339429824564	11.726867885964912	0.0	0.0	1	1.0011877577240738	-11.809773062400115	138.0	12	1.05	0.95				
	108	1	80.21177634	16.417615040350878	0.0	0.0	1	1.002945890978563	-10.078283489165734	138.0	12	1.05	0.95				
	109	1	82.08807520175439	16.886689755789476	0.0	0.0	1	1.0249238628916562	-3.821154865407858	138.0	13	1.05	0.95				
	110	1	91.46956951052631	18.76298861754386	0.0	0.0	1	1.05	-4.759852010399887	138.0	13	1.05	0.95				
	111	1	0.0	0.0	0.0	0.0	1	1.0056691842595595	-1.3158129740623807	230.0	13	1.05	0.95				
	112	1	0.0	0.0	0.0	0.0	1	1.0104359775354774	-0.9700864046134319	230.0	13	1.05	0.95				
	113	3	124.30479959122806	25.33003463368421	0.0	0.0	1	1.002086850827413	-3.546800448922973e-28	230.0	14	1.05	0.95				
	114	2	91.00049479508773	18.293913902105267	0.0	0.0	1	1.0030700149279768	0.6292796550665174	230.0	16	1.05	0.95				
	115	2	148.6966847940351	30.020781788070177	0.0	0.0	1	1.0370969906521441	6.709874985976642	230.0	16	1.05	0.95				
	116	2	46.90747154385965	9.38149430877193	0.0	0.0	1	1.03349785574419	6.127203636392388	230.0	16	1.05	0.95				
	117	1	0.0	0.0	0.0	0.0	1	1.0399690194034743	8.417717608949845	230.0	17	1.05	0.95				
	118	2	156.20188024105263	31.897080649824566	0.0	0.0	1	1.04224539680885	8.536409991269235	230.0	17	1.05	0.95				
	119	1	84.90252349438597	17.35576447122807	0.0	0.0	1	1.027518613014499	4.845724664217856	230.0	15	1.05	0.95				
	120	1	60.041563576140355	12.19594260140351	0.0	0.0	1	1.0258964428477078	4.637322043019342	230.0	15	1.05	0.95				
	121	2	0.0	0.0	0.0	0.0	1	1.045570545524317	9.724065097770959	230.0	17	1.05	0.95				
	122	2	0.0	0.0	0.0	0.0	1	1.05	16.77016822964775	230.0	17	1.05	0.95				
	123	2	0.0	0.0	0.0	0.0	1	1.025723055311743	4.8836350116290985	230.0	15	1.05	0.95				
	124	1	0.0	0.0	0.0	0.0	1	1.0227690909482414	3.642958418996579	230.0	16	1.05	0.95				
	201	2	55.41948685894737	11.289154730526317	0.0	0.0	2	1.0245677666761424	-12.779266315461674	138.0	21	1.05	0.95				
	202	2	49.77490949368421	10.262867936842108	0.0	0.0	2	1.0255445511825874	-12.60554319501232	138.0	22	1.05	0.95				
	203	1	92.36581143157896	18.986305683157894	0.0	0.0	2	1.0168622715856963	-10.918286323850179	138.0	21	1.05	0.95				
	204	1	37.97261136631579	7.697150952631579	0.0	0.0	2	1.0161154923963664	-14.036493358908338	138.0	21	1.05	0.95				
	205	1	36.43318117578948	7.184007555789475	0.0	0.0	2	1.03092127659348	-14.430806684575563	138.0	21	1.05	0.95				
	206	1	69.78750197052632	14.36801511157895	0.0	-100.0	2	1.041952542741794	-15.810934558333638	138.0	22	1.05	0.95				
	207	2	64.14292460526316	12.828584921052633	0.0	0.0	2	0.990142474869668	-23.172250033398967	138.0	22	1.05	0.95				
	208	1	87.74752086000001	17.960018889473684	0.0	0.0	2	0.993645354952532	-20.776002176664402	138.0	22	1.05	0.95				
	209	1	89.80009444736842	18.473162286315787	0.0	0.0	2	1.023489174182306	-13.101688067958195	138.0	23	1.05	0.95				
	210	1	100.06296238421054	20.525735873684216	0.0	0.0	2	1.05	-14.46096162395891	138.0	23	1.05	0.95				
	211	1	0.0	0.0	0.0	0.0	2	1.01094475329777	-9.749759563620936	230.0	23	1.05	0.95				
	212	1	0.0	0.0	0.0	0.0	2	1.0115925420309908	-8.8139225093149	230.0	23	1.05	0.95				
	213	2	135.9830001631579	27.709743429473686	0.0	0.0	2	1.0096745702663357	-8.311360162175827	230.0	24	1.05	0.95				
	214	2	99.54981898736843	20.01259247684211	0.0	0.0	2	1.0159758072351899	-6.925016649436682	230.0	26	1.05	0.95				
	215	2	162.66645679894737	32.84117739789474	0.0	0.0	2	1.0308171380944215	0.33985325033182934	230.0	26	1.05	0.95				
	216	2	51.31433968421053	10.262867936842108	0.0	0.0	2	1.0328498266995951	0.19467283242662928	230.0	26	1.05	0.95				
	217	1	0.0	0.0	0.0	0.0	2	1.0363177489163053	2.784438693425645	230.0	27	1.05	0.95				
	218	2	170.87675114842108	34.89375098526316	0.0	0.0	2	1.0371179295214905	2.925504298807015	230.0	27	1.05	0.95				
	219	1	92.87895482842107	18.986305683157894	0.0	0.0	2	1.0334344949473908	-0.03621594594744977	230.0	25	1.05	0.95				
	220	1	65.68235479578948	13.341728317894738	0.0	0.0	2	1.0377654245221042	0.7466565495330105	230.0	25	1.05	0.95				
	221	2	0.0	0.0	0.0	0.0	2	1.0375663157541613	2.8355946322972745	230.0	27	1.05	0.95				
	222	2	0.0	0.0	0.0	0.0	2	1.05	9.31526963092955	230.0	27	1.05	0.95				
	223	2	0.0	0.0	0.0	0.0	2	1.0412858126601816	1.5566250180738128	230.0	25	1.05	0.95				
	224	1	0.0	0.0	0.0	0.0	2	1.0116664766209333	-3.863757574935941	230.0	26	1.05	0.95				
	301	2	41.47801328842105	8.449224929122808	0.0	0.0	3	1.0102237412357993	-13.836565029306245	138.0	31	1.05	0.95				
	302	2	37.25340082385965	7.681113571929826	0.0	0.0	3	1.0101391164846707	-13.935745220166604	138.0	32	1.05	0.95				
	303	1	69.13002214736844	14.210060108070177	0.0	0.0	3	1.024130176319067	-9.124676618445449	138.0	31	1.05	0.95				
	304	1	28.420120216140354	5.760835178947368	0.0	0.0	3	1.0121695360300043	-12.669500126072327	138.0	31	1.05	0.95				
	305	1	27.26795318035088	5.376779500350878	0.0	0.0	3	1.0252549780265763	-13.314216742835036	138.0	31	1.05	0.95				
	306	1	52.231572289122816	10.753559000701756	0.0	-100.0	3	1.0422637811576523	-13.496311000941125	138.0	32	1.05	0.95				
	307	2	48.006959824561406	9.601391964912281	0.0	0.0	3	0.9902154870162824	-17.56008186998192	138.0	32	1.05	0.95				
	308	1	65.67352104000001	13.441948750877192	0.0	0.0	3	0.9995629398900961	-15.882126142143568	138.0	32	1.05	0.95				
	309	1	67.20974375438598	13.826004429473684	0.0	0.0	3	1.0253356364277584	-10.053900170132387	138.0	33	1.05	0.95				
	310	1	74.8908573263158	15.362227143859652	0.0	0.0	3	1.05	-11.553801489330127	138.0	33	1.05	0.95				
	311	1	0.0	0.0	0.0	0.0	3	1.0046553088629702	-6.29635427401821	230.0	33	1.05	0.95				
	312	1	0.0	0.0	0.0	0.0	3	1.009049741323558	-6.002961753793447	230.0	33	1.05	0.95				
	313	2	101.77475482807017	20.739006644210527	0.0	0.0	3	1.0074197517117378	-3.0226776736785377	230.0	34	1.05	0.95				
	314	2	74.5068016477193	14.97817146526316	0.0	0.0	3	1.001009671395748	-4.519717738922611	230.0	36	1.05	0.95				
	315	2	121.74565011508773	24.57956343017544	0.0	0.0	3	1.0340732688327126	-0.07767846416711767	230.0	36	1.05	0.95				
	316	2	38.405567859649125	7.681113571929826	0.0	0.0	3	1.0324361509995414	0.1910891803397944	230.0	36	1.05	0.95				
	317	1	0.0	0.0	0.0	0.0	3	1.0453927724704652	4.95820782355927	230.0	37	1.05	0.95				
	318	2	127.8905409726316	26.115786144561408	0.0	0.0	3	1.0432357117718685	3.2338995558400345	230.0	37	1.05	0.95				
	319	1	69.51407782596492	14.210060108070177	0.0	0.0	3	1.024980176164595	-0.8198462270502563	230.0	35	1.05	0.95				
	320	1	49.15912686035088	9.985447643508772	0.0	0.0	3	1.0209928164319386	-0.9528218937433743	230.0	35	1.05	0.95				
	321	2	0.0	0.0	0.0	0.0	3	1.0418925555012686	2.7345039497118986	230.0	37	1.05	0.95				
	322	2	0.0	0.0	0.0	0.0	3	1.05	7.936479601863243	230.0	37	1.05	0.95				
	323	2	0.0	0.0	0.0	0.0	3	1.0191409272357792	-0.7244844881766457	230.0	35	1.05	0.95				
	324	1	0.0	0.0	0.0	0.0	3	1.0190440452366705	-3.4658917223374104	230.0	36	1.05	0.95				
	325	1	0.0	0.0	0.0	0.0	3	1.0190819303204108	0.17436915751757717	230.0	35	1.05	0.95				
];
