%% MATPOWER Case Format : Version 2
function mpc = RTS_GMLC
mpc.version = '2';

%%-----  Power Flow Data  -----%%
%% system MVA base
mpc.baseMVA = 100.0;
%% bus data
%    bus_i    type    Pd    Qd    Gs    Bs    area    Vm    Va    baseKV    zone    Vmax    Vmin
mpc.bus = [
	101	2	67.98762989052632	13.849332014736843	0.0	0.0	1	1.0353347353500357	-0.9088075028012669	138.0	11	1.05	0.95				
	102	2	61.06296388315789	12.590301831578948	0.0	0.0	1	1.0353757496188178	-0.9425198228557432	138.0	12	1.05	0.95				
	103	1	113.31271648421053	23.29205838842105	0.0	0.0	1	1.0226556536588258	-2.6154852989733417	138.0	11	1.05	0.95				
	104	1	46.5841167768421	9.44272637368421	0.0	0.0	1	1.0191517144554614	-4.089934079375903	138.0	11	1.05	0.95				
	105	1	44.69557150210526	8.813211282105264	0.0	0.0	1	1.034226370160757	-3.988566195020794	138.0	11	1.05	0.95				
	106	1	85.61405245473685	17.62642256421053	0.0	-100.0	1	1.0402846387609228	-6.291408854092026	138.0	12	1.05	0.95				
	107	2	78.68938644736842	15.737877289473683	0.0	0.0	1	1.0337540625422315	-4.718196176490734	138.0	12	1.05	0.95				
	108	1	107.64708066	22.033028205263154	0.0	0.0	1	1.0195484493109692	-6.65062656052705	138.0	12	1.05	0.95				
	109	1	110.16514102631578	22.662543296842106	0.0	0.0	1	1.025847116009933	-4.127005176816826	138.0	13	1.05	0.95				
	110	1	122.75544285789472	25.180603663157896	0.0	0.0	1	1.05	-5.134263257696705	138.0	13	1.05	0.95				
	111	1	0.0	0.0	0.0	0.0	1	1.0086834873292396	-1.7010355805203552	230.0	13	1.05	0.95				
	112	1	0.0	0.0	0.0	0.0	1	1.0128859422896506	-0.9743750486473011	230.0	13	1.05	0.95				
	113	3	166.82149926842104	33.99381494526316	0.0	0.0	1	1.0070397099682091	1.4177401765097442e-28	230.0	14	1.05	0.95				
	114	2	122.12592776631578	24.551088571578948	0.0	0.0	1	1.0068178812112558	-0.16370301287751565	230.0	16	1.05	0.95				
	115	2	199.55628403052629	40.28896586105263	0.0	0.0	1	1.0395076480436374	6.240061561436053	230.0	16	1.05	0.95				
	116	2	62.95150915789473	12.590301831578948	0.0	0.0	1	1.0362179335080401	5.794712759038858	230.0	16	1.05	0.95				
	117	1	0.0	0.0	0.0	0.0	1	1.041888621625008	8.091680860170095	230.0	17	1.05	0.95				
	118	2	209.62852549578946	42.807026227368425	0.0	0.0	1	1.044051029855963	8.19373496178905	230.0	17	1.05	0.95				
	119	1	113.94223157578946	23.29205838842105	0.0	0.0	1	1.0299435569653546	4.699250520060124	230.0	15	1.05	0.95				
	120	1	80.57793172210526	16.367392381052632	0.0	0.0	1	1.0298325969475222	4.954865151796673	230.0	15	1.05	0.95				
	121	2	0.0	0.0	0.0	0.0	1	1.0473746633996568	9.429559786772227	230.0	17	1.05	0.95				
	122	2	0.0	0.0	0.0	0.0	1	1.05	16.62195910213001	230.0	17	1.05	0.95				
	123	2	0.0	0.0	0.0	0.0	1	1.0313257114660137	5.571488620168012	230.0	15	1.05	0.95				
	124	1	0.0	0.0	0.0	0.0	1	1.022045103649192	2.947869287249181	230.0	16	1.05	0.95				
	201	2	62.86541790315789	12.805918461754388	0.0	0.0	2	1.0327827885347851	-10.118381242208992	138.0	21	1.05	0.95				
	202	2	56.462458672280704	11.641744056140352	0.0	0.0	2	1.0329320514388123	-10.191144516091054	138.0	22	1.05	0.95				
	203	1	104.77569650526316	21.53722650385965	0.0	0.0	2	1.0246593830500672	-8.256976118256096	138.0	21	1.05	0.95				
	204	1	43.0744530077193	8.731308042105262	0.0	0.0	2	1.0184146934632383	-12.43054201463319	138.0	21	1.05	0.95				
	205	1	41.32819139929824	8.149220839298247	0.0	0.0	2	1.0338426196719632	-12.698447066830475	138.0	21	1.05	0.95				
	206	1	79.1638595817544	16.298441678596493	0.0	-100.0	2	1.041383009561753	-14.698850638824846	138.0	22	1.05	0.95				
	207	2	72.7609003508772	14.552180070175439	0.0	0.0	2	0.9879201149115528	-23.483783286177026	138.0	22	1.05	0.95				
	208	1	99.53691167999999	20.373052098245612	0.0	0.0	2	0.9893178818691384	-20.705338960139684	138.0	22	1.05	0.95				
	209	1	101.86526049122806	20.95513930105263	0.0	0.0	2	1.024276727588952	-11.900673996833541	138.0	23	1.05	0.95				
	210	1	113.50700454736841	23.283488112280704	0.0	0.0	2	1.05	-13.475661513146987	138.0	23	1.05	0.95				
	211	1	0.0	0.0	0.0	0.0	2	1.0140528820900376	-8.715939648937127	230.0	23	1.05	0.95				
	212	1	0.0	0.0	0.0	0.0	2	1.0141592434459532	-7.72948245069857	230.0	23	1.05	0.95				
	213	2	154.25310874385966	31.432708951578945	0.0	0.0	2	1.0137324881447258	-7.38487115297376	230.0	24	1.05	0.95				
	214	2	112.92491734456141	22.701400909473683	0.0	0.0	2	1.0207947118782679	-5.8865487106497945	230.0	26	1.05	0.95				
	215	2	184.52164328982454	37.25358097964912	0.0	0.0	2	1.0355734667354761	1.705479639981651	230.0	26	1.05	0.95				
	216	2	58.208720280701755	11.641744056140352	0.0	0.0	2	1.038019280421925	1.652762445113572	230.0	26	1.05	0.95				
	217	1	0.0	0.0	0.0	0.0	2	1.0412111672210531	4.4334227902933145	230.0	27	1.05	0.95				
	218	2	193.83503853473684	39.5819297908772	0.0	0.0	2	1.042480552043227	4.854168456748231	230.0	27	1.05	0.95				
	219	1	105.35778370807019	21.53722650385965	0.0	0.0	2	1.038036533426759	1.2561756500629022	230.0	25	1.05	0.95				
	220	1	74.50716195929824	15.134267272982457	0.0	0.0	2	1.0426533275942462	2.0154443247520333	230.0	25	1.05	0.95				
	221	2	0.0	0.0	0.0	0.0	2	1.042187422826249	4.561905408663557	230.0	27	1.05	0.95				
	222	2	0.0	0.0	0.0	0.0	2	1.05	11.016023218257645	230.0	27	1.05	0.95				
	223	2	0.0	0.0	0.0	0.0	2	1.04663317124589	2.858056633342074	230.0	25	1.05	0.95				
	224	1	0.0	0.0	0.0	0.0	2	1.0191012756756517	-2.0237364023981637	230.0	26	1.05	0.95				
	301	2	47.74754823157895	9.72635241754386	0.0	0.0	3	1.0135815427960213	-8.7208712795775	138.0	31	1.05	0.95				
	302	2	42.884372022807014	8.842138561403509	0.0	0.0	3	1.0126963679183438	-9.035578262397264	138.0	32	1.05	0.95				
	303	1	79.57924705263157	16.35795633859649	0.0	0.0	3	1.0488343108729177	3.1568010600283496	138.0	31	1.05	0.95				
	304	1	32.71591267719298	6.631603921052632	0.0	0.0	3	1.0115231526149986	-8.127147148309756	138.0	31	1.05	0.95				
	305	1	31.389591892982455	6.189496992982456	0.0	0.0	3	1.026386770004274	-9.45493939121872	138.0	31	1.05	0.95				
	306	1	60.126542217543864	12.378993985964913	0.0	-100.0	3	1.0411714977167204	-10.401497099731987	138.0	32	1.05	0.95				
	307	2	55.26336600877193	11.052673201754386	0.0	0.0	3	0.989451395622403	-15.11558357026875	138.0	32	1.05	0.95				
	308	1	75.6002847	15.47374248245614	0.0	0.0	3	0.9963021989652115	-13.115244651282357	138.0	32	1.05	0.95				
	309	1	77.3687124122807	15.915849410526315	0.0	0.0	3	1.0239811936011474	-5.560209828983275	138.0	33	1.05	0.95				
	310	1	86.2108509736842	17.684277122807018	0.0	0.0	3	1.05	-8.767561323237565	138.0	33	1.05	0.95				
	311	1	0.0	0.0	0.0	0.0	3	1.0087259880578228	-4.065150755852905	230.0	33	1.05	0.95				
	312	1	0.0	0.0	0.0	0.0	3	1.0127302604325432	-3.588755136526776	230.0	33	1.05	0.95				
	313	2	117.15833593859648	23.873774115789477	0.0	0.0	3	1.0107252022097326	-1.2126990889129445	230.0	34	1.05	0.95				
	314	2	85.76874404561403	17.242170194736843	0.0	0.0	3	1.0060029942603166	-3.362276189403391	230.0	36	1.05	0.95				
	315	2	140.1478961982456	28.294843396491228	0.0	0.0	3	1.0410991824935756	0.8809928366504058	230.0	36	1.05	0.95				
	316	2	44.210692807017544	8.842138561403509	0.0	0.0	3	1.034459415023756	0.25409489247414757	230.0	36	1.05	0.95				
	317	1	0.0	0.0	0.0	0.0	3	1.0414717636242343	2.0383019482298077	230.0	37	1.05	0.95				
	318	2	147.22160704736842	30.063271108771932	0.0	0.0	3	1.0426968629595024	2.1847090361085284	230.0	37	1.05	0.95				
	319	1	80.02135398070176	16.35795633859649	0.0	0.0	3	1.027006548498197	-0.5502218733479114	230.0	35	1.05	0.95				
	320	1	56.589686792982455	11.49478012982456	0.0	0.0	3	1.0236156364106903	-0.39300729631739983	230.0	35	1.05	0.95				
	321	2	0.0	0.0	0.0	0.0	3	1.0454841686616778	3.243568261406859	230.0	37	1.05	0.95				
	322	2	0.0	0.0	0.0	0.0	3	1.05	7.0995480290092745	230.0	37	1.05	0.95				
	323	2	0.0	0.0	0.0	0.0	3	1.02240837678958	0.037596814075536646	230.0	35	1.05	0.95				
	324	1	0.0	0.0	0.0	0.0	3	1.0408229726309028	1.7532002219654446	230.0	36	1.05	0.95				
	325	1	0.0	0.0	0.0	0.0	3	1.0226600772362702	0.8463750482158975	230.0	35	1.05	0.95				
];
