%% MATPOWER Case Format : Version 2
function mpc = RTS_GMLC
mpc.version = '2';

%%-----  Power Flow Data  -----%%
%% system MVA base
mpc.baseMVA = 100.0;
%% bus data
%    bus_i    type    Pd    Qd    Gs    Bs    area    Vm    Va    baseKV    zone    Vmax    Vmin
mpc.bus = [
	101	2	61.200890640000004	12.466848093333333	0.0	0.0	1	1.0188560180062338	0.5520398123322231	138.0	11	1.05	0.95				
	102	2	54.96746659333333	11.333498266666666	0.0	0.0	1	1.0172800553013224	0.06505421624418996	138.0	12	1.05	0.95				
	103	1	102.00148440000001	20.966971793333332	0.0	0.0	1	1.0179811195933777	1.3399540601944495	138.0	11	1.05	0.95				
	104	1	41.933943586666665	8.5001237	0.0	0.0	1	1.0129705849798143	-2.7979863735182464	138.0	11	1.05	0.95				
	105	1	40.23391884666666	7.933448786666666	0.0	0.0	1	1.0262075253618597	-3.068037485040925	138.0	11	1.05	0.95				
	106	1	77.06778821333333	15.866897573333333	0.0	-100.0	1	1.0374192155828021	-5.702410783372092	138.0	12	1.05	0.95				
	107	2	70.83436416666666	14.166872833333333	0.0	0.0	1	0.9897310863817567	-13.108630371160421	138.0	12	1.05	0.95				
	108	1	96.90141017999998	19.833621966666666	0.0	0.0	1	0.9923015019160691	-11.056574690022725	138.0	12	1.05	0.95				
	109	1	99.16810983333333	20.40029688	0.0	0.0	1	1.0247197814205373	-3.324604725293268	138.0	13	1.05	0.95				
	110	1	110.50160809999998	22.666996533333332	0.0	0.0	1	1.05	-4.8902009620879054	138.0	13	1.05	0.95				
	111	1	0.0	0.0	0.0	0.0	1	1.0234132530173052	-0.18505998430137816	230.0	13	1.05	0.95				
	112	1	0.0	0.0	0.0	0.0	1	1.0193171154499785	-1.1915141165981449	230.0	13	1.05	0.95				
	113	3	150.1688520333333	30.600445320000002	0.0	0.0	1	1.0112680450198872	-3.239340505140955e-30	230.0	14	1.05	0.95				
	114	2	109.93493318666665	22.10032162	0.0	0.0	1	1.05	3.4432993614790637	230.0	16	1.05	0.95				
	115	2	179.63594752666665	36.26719445333333	0.0	0.0	1	1.0351453058660056	14.519636096883202	230.0	16	1.05	0.95				
	116	2	56.66749133333333	11.333498266666666	0.0	0.0	1	1.036738252971927	12.29309683117658	230.0	16	1.05	0.95				
	117	1	0.0	0.0	0.0	0.0	1	1.035609317312577	19.23133178208187	230.0	17	1.05	0.95				
	118	2	188.70274614	38.533894106666665	0.0	0.0	1	1.0459048609089268	20.174177584729783	230.0	17	1.05	0.95				
	119	1	102.56815931333334	20.966971793333332	0.0	0.0	1	1.0353571750324948	7.452354496700926	230.0	15	1.05	0.95				
	120	1	72.53438890666666	14.733547746666668	0.0	0.0	1	1.0435961561880158	4.346530721093903	230.0	15	1.05	0.95				
	121	2	0.0	0.0	0.0	0.0	1	1.043829334556378	22.430050496638906	230.0	17	1.05	0.95				
	122	2	0.0	0.0	0.0	0.0	1	1.05	40.386454095804616	230.0	17	1.05	0.95				
	123	2	0.0	0.0	0.0	0.0	1	1.05	3.0738944731866527	230.0	15	1.05	0.95				
	124	1	0.0	0.0	0.0	0.0	1	1.0121399323134441	9.610421437514605	230.0	16	1.05	0.95				
	201	2	50.96552809263157	10.38186683368421	0.0	0.0	2	1.0095746529395104	-16.179247864462983	138.0	21	1.05	0.95				
	202	2	45.77459467578947	9.438060757894737	0.0	0.0	2	1.0086945680281934	-16.464997745231233	138.0	22	1.05	0.95				
	203	1	84.94254682105262	17.460412402105263	0.0	0.0	2	1.0141076405207958	-11.881586523530935	138.0	21	1.05	0.95				
	204	1	34.920824804210525	7.078545568421052	0.0	0.0	2	1.0093264033303588	-15.757470068813706	138.0	21	1.05	0.95				
	205	1	33.50511569052631	6.606642530526316	0.0	0.0	2	1.023820348385535	-16.248623017866606	138.0	21	1.05	0.95				
	206	1	64.17881315368422	13.213285061052632	0.0	-100.0	2	1.0393769638869772	-16.857010822775653	138.0	22	1.05	0.95				
	207	2	58.987879736842096	11.79757594736842	0.0	0.0	2	0.9912351052664804	-22.563026921903944	138.0	22	1.05	0.95				
	208	1	80.69541948	16.516606326315788	0.0	0.0	2	0.9962654015554991	-20.39633922939384	138.0	22	1.05	0.95				
	209	1	82.58303163157893	16.988509364210525	0.0	0.0	2	1.0242805116507339	-13.232028772616271	138.0	23	1.05	0.95				
	210	1	92.02109238947368	18.876121515789475	0.0	0.0	2	1.05	-14.798816471530179	138.0	23	1.05	0.95				
	211	1	0.0	0.0	0.0	0.0	2	1.012733324616011	-9.455674434036126	230.0	23	1.05	0.95				
	212	1	0.0	0.0	0.0	0.0	2	1.0124340968109693	-8.047282005754537	230.0	23	1.05	0.95				
	213	2	125.05430504210524	25.482764046315786	0.0	0.0	2	1.0140546106826678	-7.2583270892787	230.0	24	1.05	0.95				
	214	2	91.54918935157895	18.404218477894734	0.0	0.0	2	1.0188362112774236	-6.787808924399329	230.0	26	1.05	0.95				
	215	2	149.59326301263155	30.201794425263156	0.0	0.0	2	1.0358597015989814	-0.2725106898364119	230.0	26	1.05	0.95				
	216	2	47.19030378947368	9.438060757894737	0.0	0.0	2	1.038175365747078	-0.18928040870786994	230.0	26	1.05	0.95				
	217	1	0.0	0.0	0.0	0.0	2	1.042286072598887	1.0451260351647191	230.0	27	1.05	0.95				
	218	2	157.14371161894735	32.08940657684211	0.0	0.0	2	1.0399822638889635	0.4735208397347523	230.0	27	1.05	0.95				
	219	1	85.41444985894736	17.460412402105263	0.0	0.0	2	1.0401429339176014	0.8286939469667072	230.0	25	1.05	0.95				
	220	1	60.40358885052631	12.269478985263158	0.0	0.0	2	1.0455829609174798	2.600084400903712	230.0	25	1.05	0.95				
	221	2	0.0	0.0	0.0	0.0	2	1.0405060715382568	1.0222553382701807	230.0	27	1.05	0.95				
	222	2	0.0	0.0	0.0	0.0	2	1.05	7.535268505698188	230.0	27	1.05	0.95				
	223	2	0.0	0.0	0.0	0.0	2	1.05	3.912716290812447	230.0	25	1.05	0.95				
	224	1	0.0	0.0	0.0	0.0	2	1.0132786362829107	-4.575534164315054	230.0	26	1.05	0.95				
	301	2	44.10882632842106	8.985131289122808	0.0	0.0	3	1.0108099079424535	22.455430652184248	138.0	31	1.05	0.95				
	302	2	39.61626068385965	8.168301171929826	0.0	0.0	3	1.01058872034737	22.215866992306246	138.0	32	1.05	0.95				
	303	1	73.51471054736842	15.111357168070175	0.0	0.0	3	1.0441482120693166	32.324754507843096	138.0	31	1.05	0.95				
	304	1	30.22271433614035	6.126225878947368	0.0	0.0	3	1.0126683707216018	23.52043954593884	138.0	31	1.05	0.95				
	305	1	28.997469160350875	5.717810820350878	0.0	0.0	3	1.0254417500167574	21.805849901585248	138.0	31	1.05	0.95				
	306	1	55.544447969122814	11.435621640701756	0.0	-100.0	3	1.0416288180033995	20.948535257081293	138.0	32	1.05	0.95				
	307	2	51.051882324561404	10.210376464912281	0.0	0.0	3	0.9609509206586763	17.389774267511417	138.0	32	1.05	0.95				
	308	1	69.83897502	14.294527050877193	0.0	0.0	3	0.981868814039252	19.097718571318875	138.0	32	1.05	0.95				
	309	1	71.47263525438596	14.702942109473685	0.0	0.0	3	1.0268408150214674	26.260800674932792	138.0	33	1.05	0.95				
	310	1	79.64093642631579	16.336602343859653	0.0	0.0	3	1.05	22.474251610987057	138.0	33	1.05	0.95				
	311	1	0.0	0.0	0.0	0.0	3	1.0094094737310118	26.175643125800406	230.0	33	1.05	0.95				
	312	1	0.0	0.0	0.0	0.0	3	1.016247959724076	26.252169200810197	230.0	33	1.05	0.95				
	313	2	108.22999052807019	22.05441316421053	0.0	0.0	3	1.013156431425326	28.348563346469255	230.0	34	1.05	0.95				
	314	2	79.2325213677193	15.92818728526316	0.0	0.0	3	1.000859263309575	26.180921784788612	230.0	36	1.05	0.95				
	315	2	129.46757357508773	26.138563750175443	0.0	0.0	3	1.0310959740963566	26.27677280655183	230.0	36	1.05	0.95				
	316	2	40.841505859649125	8.168301171929826	0.0	0.0	3	1.023165125886365	26.2865082255251	230.0	36	1.05	0.95				
	317	1	0.0	0.0	0.0	0.0	3	1.0450401616940497	28.655444720658277	230.0	37	1.05	0.95				
	318	2	136.00221451263158	27.772223984561407	0.0	0.0	3	1.0464608551739332	25.592504114162843	230.0	37	1.05	0.95				
	319	1	73.92312560596491	15.111357168070175	0.0	0.0	3	1.0205242805657395	25.864754031328964	230.0	35	1.05	0.95				
	320	1	52.277127500350886	10.618791523508772	0.0	0.0	3	1.0193169807162346	25.60342844079484	230.0	35	1.05	0.95				
	321	2	0.0	0.0	0.0	0.0	3	1.0433750479980313	26.46358812510295	230.0	37	1.05	0.95				
	322	2	0.0	0.0	0.0	0.0	3	1.05	31.654457265595347	230.0	37	1.05	0.95				
	323	2	0.0	0.0	0.0	0.0	3	1.0188353451011252	25.670606180911896	230.0	35	1.05	0.95				
	324	1	0.0	0.0	0.0	0.0	3	1.0348386545592472	29.494250960002407	230.0	36	1.05	0.95				
	325	1	0.0	0.0	0.0	0.0	3	1.0222171311942563	25.405038026256467	230.0	35	1.05	0.95				
];
