%% MATPOWER Case Format : Version 2
function mpc = RTS_GMLC
mpc.version = '2';

%%-----  Power Flow Data  -----%%
%% system MVA base
mpc.baseMVA = 100.0;
%% bus data
%    bus_i    type    Pd    Qd    Gs    Bs    area    Vm    Va    baseKV    zone    Vmax    Vmin
mpc.bus = [
	101	2	83.40475013052632	16.98985650807018	0.0	0.0	1	1.0480790269841944	1.8226221148287207	138.0	11	1.05	0.95				
	102	2	74.90982187649124	15.445324098245617	0.0	0.0	1	1.0478912981279158	1.674570050020363	138.0	12	1.05	0.95				
	103	1	139.00791688421054	28.57384958175439	0.0	0.0	1	1.0266155806899648	-0.6309887306503932	138.0	11	1.05	0.95				
	104	1	57.14769916350878	11.583993073684212	0.0	0.0	1	1.024837876137583	-2.3260131507561748	138.0	11	1.05	0.95				
	105	1	54.830900548771936	10.811726868771933	0.0	0.0	1	1.0376649086071303	-2.687112011483449	138.0	11	1.05	0.95				
	106	1	105.0282038680702	21.623453737543866	0.0	-100.0	1	1.0380568131209034	-5.932259502753454	138.0	12	1.05	0.95				
	107	2	96.5332756140351	19.30665512280702	0.0	0.0	1	1.05	-4.8049820552963345	138.0	12	1.05	0.95				
	108	1	132.05752104	27.02931717192983	0.0	0.0	1	1.0250638690914131	-6.938121696655378	138.0	12	1.05	0.95				
	109	1	135.14658585964915	27.80158337684211	0.0	0.0	1	1.0271444208937723	-3.5550252644218405	138.0	13	1.05	0.95				
	110	1	150.59190995789476	30.890648196491235	0.0	0.0	1	1.05	-4.907911447450022	138.0	13	1.05	0.95				
	111	1	0.0	0.0	0.0	0.0	1	1.012355127720448	-1.3605903254833949	230.0	13	1.05	0.95				
	112	1	0.0	0.0	0.0	0.0	1	1.016296891059652	-0.5873133372522695	230.0	13	1.05	0.95				
	113	3	204.65054430175442	41.70237506526316	0.0	0.0	1	1.0125407029227262	2.900631686640154e-30	230.0	14	1.05	0.95				
	114	2	149.81964375298247	30.118381991578953	0.0	0.0	1	1.0117552969566692	0.3878529756873784	230.0	16	1.05	0.95				
	115	2	244.808386957193	49.42503711438597	0.0	0.0	1	1.0437495260052965	8.059406663347318	230.0	16	1.05	0.95				
	116	2	77.22662049122808	15.445324098245617	0.0	0.0	1	1.0414200242625593	7.516212134162844	230.0	16	1.05	0.95				
	117	1	0.0	0.0	0.0	0.0	1	1.0462049539581986	10.637877306333348	230.0	17	1.05	0.95				
	118	2	257.1646462357895	52.5141019340351	0.0	0.0	1	1.0488919226991993	11.283318338504017	230.0	17	1.05	0.95				
	119	1	139.78018308912283	28.57384958175439	0.0	0.0	1	1.035142438118643	6.204981637699419	230.0	15	1.05	0.95				
	120	1	98.85007422877194	20.0789213277193	0.0	0.0	1	1.0357442657383966	6.102630885715221	230.0	15	1.05	0.95				
	121	2	0.0	0.0	0.0	0.0	1	1.05	11.954457883351301	230.0	17	1.05	0.95				
	122	2	0.0	0.0	0.0	0.0	1	1.05	18.44348299474607	230.0	17	1.05	0.95				
	123	2	0.0	0.0	0.0	0.0	1	1.038202007688091	6.620612579104224	230.0	15	1.05	0.95				
	124	1	0.0	0.0	0.0	0.0	1	1.0263194998027623	4.829884836706066	230.0	16	1.05	0.95				
	201	2	87.37919094315791	17.799464821754388	0.0	0.0	2	1.0356986181968322	-14.304150360385323	138.0	21	1.05	0.95				
	202	2	78.47945853228072	16.18133165614035	0.0	0.0	2	1.0384117897206813	-14.44442400616862	138.0	22	1.05	0.95				
	203	1	145.63198490526318	29.93546356385965	0.0	0.0	2	1.024063694124522	-10.128497312958219	138.0	21	1.05	0.95				
	204	1	59.8709271277193	12.135998742105263	0.0	0.0	2	1.0174355877776327	-15.759520441936546	138.0	21	1.05	0.95				
	205	1	57.443727379298245	11.326932159298247	0.0	0.0	2	1.032449043320953	-16.28836694117802	138.0	21	1.05	0.95				
	206	1	110.0330552617544	22.653864318596494	0.0	-100.0	2	1.0363621317773277	-18.162253837293314	138.0	22	1.05	0.95				
	207	2	101.13332285087719	20.22666457017544	0.0	0.0	2	0.95	-29.599047104451536	138.0	22	1.05	0.95				
	208	1	138.35038566	28.317330398245616	0.0	0.0	2	0.9561497866042087	-25.7715548657046	138.0	22	1.05	0.95				
	209	1	141.58665199122808	29.126396981052633	0.0	0.0	2	1.02625355444184	-13.564249093449153	138.0	23	1.05	0.95				
	210	1	157.76798364736842	32.3626633122807	0.0	0.0	2	1.05	-15.750642844854308	138.0	23	1.05	0.95				
	211	1	0.0	0.0	0.0	0.0	2	1.0342426238780105	-9.646916630839112	230.0	23	1.05	0.95				
	212	1	0.0	0.0	0.0	0.0	2	1.0293801071203805	-5.201306777870298	230.0	23	1.05	0.95				
	213	2	214.40264444385963	43.689595471578954	0.0	0.0	2	1.05	-7.236215329378908	230.0	24	1.05	0.95				
	214	2	156.95891706456143	31.55359672947369	0.0	0.0	2	1.05	-6.9805485067779784	230.0	26	1.05	0.95				
	215	2	256.47410674982456	51.78026129964912	0.0	0.0	2	1.0443732223139974	2.322695232742939	230.0	26	1.05	0.95				
	216	2	80.90665828070176	16.18133165614035	0.0	0.0	2	1.0482508950924123	1.7959310748517163	230.0	26	1.05	0.95				
	217	1	0.0	0.0	0.0	0.0	2	1.0485353992149655	5.205245592327579	230.0	27	1.05	0.95				
	218	2	269.4191720747368	55.0165276308772	0.0	0.0	2	1.05	5.846607591101059	230.0	27	1.05	0.95				
	219	1	146.44105148807017	29.93546356385965	0.0	0.0	2	1.043104167078279	1.075053532782249	230.0	25	1.05	0.95				
	220	1	103.56052259929824	21.03573115298246	0.0	0.0	2	1.04589681194227	1.9601977031744193	230.0	25	1.05	0.95				
	221	2	0.0	0.0	0.0	0.0	2	1.05	6.284663363531156	230.0	27	1.05	0.95				
	222	2	0.0	0.0	0.0	0.0	2	1.05	12.372993047314207	230.0	27	1.05	0.95				
	223	2	0.0	0.0	0.0	0.0	2	1.05	3.0324860726510576	230.0	25	1.05	0.95				
	224	1	0.0	0.0	0.0	0.0	2	1.0210753292058456	-2.301353488288419	230.0	26	1.05	0.95				
	301	2	81.26478962526316	16.55393862736842	0.0	0.0	3	0.9996844008999572	-19.815848760634264	138.0	31	1.05	0.95				
	302	2	72.98782031157896	15.049035115789478	0.0	0.0	3	0.9989804103262807	-19.9868761271103	138.0	32	1.05	0.95				
	303	1	135.44131604210529	27.840714964210527	0.0	0.0	3	1.0135685811805997	-11.07621225388258	138.0	31	1.05	0.95				
	304	1	55.68142992842105	11.286776336842106	0.0	0.0	3	0.9913170967541947	-17.300574392750008	138.0	31	1.05	0.95				
	305	1	53.424074661052636	10.534324581052633	0.0	0.0	3	1.0057665116212409	-18.137011720875435	138.0	31	1.05	0.95				
	306	1	102.33343878736845	21.068649162105267	0.0	-100.0	3	1.0159484141197492	-18.0222108780181	138.0	32	1.05	0.95				
	307	2	94.05646947368422	18.811293894736846	0.0	0.0	3	0.95	-26.806551037180682	138.0	32	1.05	0.95				
	308	1	128.66925024000003	26.33581145263158	0.0	0.0	3	0.9550277905856983	-23.002546202688915	138.0	32	1.05	0.95				
	309	1	131.67905726315792	27.088263208421054	0.0	0.0	3	1.0141566822873915	-11.953441627498465	138.0	33	1.05	0.95				
	310	1	146.72809237894737	30.098070231578955	0.0	0.0	3	1.0346746539494625	-13.96895654380613	138.0	33	1.05	0.95				
	311	1	0.0	0.0	0.0	0.0	3	1.0177206679934967	-4.519971729218894	230.0	33	1.05	0.95				
	312	1	0.0	0.0	0.0	0.0	3	1.0158468884491756	-3.6609652965793344	230.0	33	1.05	0.95				
	313	2	199.39971528421054	40.63239481263158	0.0	0.0	3	1.0488008082124682	2.5161635661823	230.0	34	1.05	0.95				
	314	2	145.97564062315791	29.345618475789475	0.0	0.0	3	1.0354845257888732	-2.6836382985498846	230.0	36	1.05	0.95				
	315	2	238.52720658526317	48.15691237052632	0.0	0.0	3	1.0490610157387465	-0.08977517660684181	230.0	36	1.05	0.95				
	316	2	75.24517557894738	15.049035115789478	0.0	0.0	3	1.0471097700095313	0.8773557909859087	230.0	36	1.05	0.95				
	317	1	0.0	0.0	0.0	0.0	3	1.05	3.118204626918503	230.0	37	1.05	0.95				
	318	2	250.56643467789476	51.166719393684225	0.0	0.0	3	1.0467437070257826	2.2331363866369336	230.0	37	1.05	0.95				
	319	1	136.19376779789476	27.840714964210527	0.0	0.0	3	1.0444179899869634	1.093857063498383	230.0	35	1.05	0.95				
	320	1	96.31382474105264	19.563745650526318	0.0	0.0	3	1.0465203055307448	1.8221935111235188	230.0	35	1.05	0.95				
	321	2	0.0	0.0	0.0	0.0	3	1.05	2.992949087539247	230.0	37	1.05	0.95				
	322	2	0.0	0.0	0.0	0.0	3	1.05	7.389737144269814	230.0	37	1.05	0.95				
	323	2	0.0	0.0	0.0	0.0	3	1.0483231292172854	2.1864747022937374	230.0	35	1.05	0.95				
	324	1	0.0	0.0	0.0	0.0	3	1.0237678971209356	-2.8697366235668342	230.0	36	1.05	0.95				
	325	1	0.0	0.0	0.0	0.0	3	1.0464776415837205	2.9972901007117136	230.0	35	1.05	0.95				
];
