%% MATPOWER Case Format : Version 2
function mpc = RTS_GMLC
mpc.version = '2';

%%-----  Power Flow Data  -----%%
%% system MVA base
mpc.baseMVA = 100.0;
%% bus data
%    bus_i    type    Pd    Qd    Gs    Bs    area    Vm    Va    baseKV    zone    Vmax    Vmin
mpc.bus = [
	101	2	85.64918358315789	17.447055915087716	0.0	0.0	1	1.0451801715191784	-2.070661018772814	138.0	11	1.05	0.95				
	102	2	76.92565562561403	15.860959922807016	0.0	0.0	1	1.0449110621422404	-2.1912761321401173	138.0	12	1.05	0.95				
	103	1	142.74863930526317	29.342775857192983	0.0	0.0	1	1.0234507491412383	-3.604818506291309	138.0	11	1.05	0.95				
	104	1	58.685551714385966	11.895719942105263	0.0	0.0	1	1.0229800895267323	-5.2333199375871144	138.0	11	1.05	0.95				
	105	1	56.3064077259649	11.102671945964913	0.0	0.0	1	1.0368153482584939	-5.586658803965382	138.0	11	1.05	0.95				
	106	1	107.85452747508772	22.205343891929825	0.0	-100.0	1	1.0375835438777001	-8.292825157318712	138.0	12	1.05	0.95				
	107	2	99.13099951754386	19.82619990350877	0.0	0.0	1	1.0390363258107278	-4.349279522044772	138.0	12	1.05	0.95				
	108	1	135.61120734	27.756679864912275	0.0	0.0	1	1.0178134061425292	-7.528591614228736	138.0	12	1.05	0.95				
	109	1	138.78339932456137	28.549727861052627	0.0	0.0	1	1.0269865332222574	-5.325659736940199	138.0	13	1.05	0.95				
	110	1	154.6443592473684	31.721919845614032	0.0	0.0	1	1.05	-6.705237630129255	138.0	13	1.05	0.95				
	111	1	0.0	0.0	0.0	0.0	1	1.0147130070674615	-2.544466434558893	230.0	13	1.05	0.95				
	112	1	0.0	0.0	0.0	0.0	1	1.0164873368863165	-1.56111506114271	230.0	13	1.05	0.95				
	113	3	210.15771897719296	42.824591791578946	0.0	0.0	1	1.0165624351815892	-7.415615252032886e-29	230.0	14	1.05	0.95				
	114	2	153.85131125122805	30.928871849473683	0.0	0.0	1	1.0172144642946541	-1.2608553465093073	230.0	16	1.05	0.95				
	115	2	251.3962147764912	50.75507175298245	0.0	0.0	1	1.0439370227729186	5.9329830348607695	230.0	16	1.05	0.95				
	116	2	79.30479961403508	15.860959922807016	0.0	0.0	1	1.0412316438076739	5.390586009425047	230.0	16	1.05	0.95				
	117	1	0.0	0.0	0.0	0.0	1	1.0448743274792878	8.104346717557938	230.0	17	1.05	0.95				
	118	2	264.08498271473684	53.92726373754386	0.0	0.0	1	1.046907967676265	8.335440007822976	230.0	17	1.05	0.95				
	119	1	143.5416873014035	29.342775857192983	0.0	0.0	1	1.0340332069743086	4.300002747916878	230.0	15	1.05	0.95				
	120	1	101.5101435059649	20.61924789964912	0.0	0.0	1	1.0346623830203334	4.715659353937914	230.0	15	1.05	0.95				
	121	2	0.0	0.0	0.0	0.0	1	1.05	10.064992991448056	230.0	17	1.05	0.95				
	122	2	0.0	0.0	0.0	0.0	1	1.05	17.40095318843261	230.0	17	1.05	0.95				
	123	2	0.0	0.0	0.0	0.0	1	1.037371528259482	5.534266254543841	230.0	15	1.05	0.95				
	124	1	0.0	0.0	0.0	0.0	1	1.0242864684436535	2.397999122984457	230.0	16	1.05	0.95				
	201	2	68.18636864842105	13.889815835789474	0.0	0.0	2	1.0321708183970726	-6.381602793843222	138.0	21	1.05	0.95				
	202	2	61.241460730526306	12.627105305263159	0.0	0.0	2	1.0325152924176382	-6.356654041981552	138.0	22	1.05	0.95				
	203	1	113.64394774736841	23.36014481473684	0.0	0.0	2	1.0266502962239363	-5.418720909547947	138.0	21	1.05	0.95				
	204	1	46.72028962947368	9.470328978947368	0.0	0.0	2	1.0184860155585096	-7.996755755594311	138.0	21	1.05	0.95				
	205	1	44.82622383368421	8.838973713684211	0.0	0.0	2	1.0331404830732298	-8.242791269182744	138.0	21	1.05	0.95				
	206	1	85.86431607578947	17.677947427368423	0.0	-100.0	2	1.0401919162870756	-9.86899795952963	138.0	22	1.05	0.95				
	207	2	78.91940815789474	15.783881631578947	0.0	0.0	2	0.9867652905184028	-19.245346783396716	138.0	22	1.05	0.95				
	208	1	107.96175036	22.097434284210525	0.0	0.0	2	0.9867154218995005	-16.194044174340213	138.0	22	1.05	0.95				
	209	1	110.48717142105262	22.72878954947368	0.0	0.0	2	1.026354489601157	-6.777004880520949	138.0	23	1.05	0.95				
	210	1	123.11427672631578	25.254210610526318	0.0	0.0	2	1.05	-8.131414066563368	138.0	23	1.05	0.95				
	211	1	0.0	0.0	0.0	0.0	2	1.014716470386917	-3.7813718215624292	230.0	23	1.05	0.95				
	212	1	0.0	0.0	0.0	0.0	2	1.0179895643115027	0.41808927546797703	230.0	23	1.05	0.95				
	213	2	167.30914529473685	34.093184324210526	0.0	0.0	2	1.0152703357224009	-1.5220686111494626	230.0	24	1.05	0.95				
	214	2	122.48292146105261	24.622855345263158	0.0	0.0	2	1.0192173461230092	-2.051588117948474	230.0	26	1.05	0.95				
	215	2	200.13961908842103	40.406736976842105	0.0	0.0	2	1.0379724863263335	4.0562222483502355	230.0	26	1.05	0.95				
	216	2	63.135526526315786	12.627105305263159	0.0	0.0	2	1.0380093108268866	4.248451525279787	230.0	26	1.05	0.95				
	217	1	0.0	0.0	0.0	0.0	2	1.04267869264813	6.384023268161543	230.0	27	1.05	0.95				
	218	2	210.2413033326316	42.93215803789474	0.0	0.0	2	1.0436879782123252	6.818943881248059	230.0	27	1.05	0.95				
	219	1	114.27530301263158	23.36014481473684	0.0	0.0	2	1.0354508564612792	4.320839996315315	230.0	25	1.05	0.95				
	220	1	80.81347395368421	16.415236896842107	0.0	0.0	2	1.0385200449714536	5.585151585844049	230.0	25	1.05	0.95				
	221	2	0.0	0.0	0.0	0.0	2	1.0435197246429586	6.652439940982459	230.0	27	1.05	0.95				
	222	2	0.0	0.0	0.0	0.0	2	1.05	13.052985493574743	230.0	27	1.05	0.95				
	223	2	0.0	0.0	0.0	0.0	2	1.0421355299113317	6.744549858309999	230.0	25	1.05	0.95				
	224	1	0.0	0.0	0.0	0.0	2	1.021893709022087	0.5117664193287351	230.0	26	1.05	0.95				
	301	2	68.19614045052631	13.891806388070174	0.0	0.0	3	1.0028122432045479	-4.687229865503802	138.0	31	1.05	0.95				
	302	2	61.250237256491225	12.628914898245613	0.0	0.0	3	1.0023499879517046	-4.819467844099422	138.0	32	1.05	0.95				
	303	1	113.66023408421053	23.363492561754384	0.0	0.0	3	1.0244029623392839	1.6057938705815353	138.0	31	1.05	0.95				
	304	1	46.72698512350877	9.47168617368421	0.0	0.0	3	1.0037108380535544	-2.84695187823376	138.0	31	1.05	0.95				
	305	1	44.83264788877192	8.84024042877193	0.0	0.0	3	1.017125588526299	-3.211574290719316	138.0	31	1.05	0.95				
	306	1	85.87662130807018	17.68048085754386	0.0	-100.0	3	1.0327401466453812	-3.0905019816860846	138.0	32	1.05	0.95				
	307	2	78.93071811403509	15.786143622807018	0.0	0.0	3	0.9937079419096783	-8.351776074110724	138.0	32	1.05	0.95				
	308	1	107.97722237999999	22.10060107192982	0.0	0.0	3	0.9982741660730386	-5.4274241409854085	138.0	32	1.05	0.95				
	309	1	110.50300535964912	22.732046816842104	0.0	0.0	3	1.0271921138633207	1.3379730877304536	138.0	33	1.05	0.95				
	310	1	123.13192025789472	25.257829796491226	0.0	0.0	3	1.05	0.2859480946777458	138.0	33	1.05	0.95				
	311	1	0.0	0.0	0.0	0.0	3	1.016314512570385	6.9093951709891535	230.0	33	1.05	0.95				
	312	1	0.0	0.0	0.0	0.0	3	1.0200867090872783	7.844032198880088	230.0	33	1.05	0.95				
	313	2	167.33312240175437	34.09807022526316	0.0	0.0	3	1.0363748817624523	13.783290443277583	230.0	34	1.05	0.95				
	314	2	122.50047451298245	24.62638405157895	0.0	0.0	3	1.0184566625736247	6.891463204707612	230.0	36	1.05	0.95				
	315	2	200.16830113719294	40.41252767438596	0.0	0.0	3	1.0328765038687464	5.140143802659172	230.0	36	1.05	0.95				
	316	2	63.14457449122807	12.628914898245613	0.0	0.0	3	1.0323115692777292	5.9670850777243425	230.0	36	1.05	0.95				
	317	1	0.0	0.0	0.0	0.0	3	1.037433431509974	6.377646682823247	230.0	37	1.05	0.95				
	318	2	210.27143305578946	42.93831065403509	0.0	0.0	3	1.0359577200123393	5.704119360231353	230.0	37	1.05	0.95				
	319	1	114.2916798291228	23.363492561754384	0.0	0.0	3	1.0301249027128514	6.868544940775805	230.0	35	1.05	0.95				
	320	1	80.82505534877193	16.417589367719298	0.0	0.0	3	1.0319341511745668	8.125981372300513	230.0	35	1.05	0.95				
	321	2	0.0	0.0	0.0	0.0	3	1.0376214662277197	6.403805586762989	230.0	37	1.05	0.95				
	322	2	0.0	0.0	0.0	0.0	3	1.0499999823874562	10.702475548315535	230.0	37	1.05	0.95				
	323	2	0.0	0.0	0.0	0.0	3	1.0334769117795322	8.779852117067195	230.0	35	1.05	0.95				
	324	1	0.0	0.0	0.0	0.0	3	1.0259245944470652	5.594202738031282	230.0	36	1.05	0.95				
	325	1	0.0	0.0	0.0	0.0	3	1.0354852379510147	8.89722766577074	230.0	35	1.05	0.95				
];
