%% MATPOWER Case Format : Version 2
function mpc = RTS_GMLC
mpc.version = '2';

%%-----  Power Flow Data  -----%%
%% system MVA base
mpc.baseMVA = 100.0;
%% bus data
%    bus_i    type    Pd    Qd    Gs    Bs    area    Vm    Va    baseKV    zone    Vmax    Vmin
mpc.bus = [
	101	2	52.55714993684211	10.706086098245613	0.0	0.0	1	1.0340583848480578	0.97264209223131	138.0	11	1.05	0.95				
	102	2	47.2041068877193	9.73280554385965	0.0	0.0	1	1.0330914276074754	0.641841555417897	138.0	12	1.05	0.95				
	103	1	87.59524989473685	18.00569025614035	0.0	0.0	1	1.0240379359261353	2.2865521841564416	138.0	11	1.05	0.95				
	104	1	36.0113805122807	7.299604157894738	0.0	0.0	1	1.0192594357890221	-2.1392715395359643	138.0	11	1.05	0.95				
	105	1	34.551459680701754	6.812963880701756	0.0	0.0	1	1.0353671886178712	-2.1981497496185574	138.0	11	1.05	0.95				
	106	1	66.18307769824561	13.625927761403512	0.0	-100.0	1	1.043816546894147	-4.508045902002907	138.0	12	1.05	0.95				
	107	2	60.83003464912281	12.166006929824562	0.0	0.0	1	0.998309186048211	-12.777349703538036	138.0	12	1.05	0.95				
	108	1	83.2154874	17.032409701754386	0.0	0.0	1	0.9988638607205219	-10.202294020012236	138.0	12	1.05	0.95				
	109	1	85.16204850877193	17.51904997894737	0.0	0.0	1	1.0226537558854696	-2.440946332839661	138.0	13	1.05	0.95				
	110	1	94.89485405263159	19.4656110877193	0.0	0.0	1	1.05	-3.8815699844002083	138.0	13	1.05	0.95				
	111	1	0.0	0.0	0.0	0.0	1	1.0079890134214995	0.3696500501587447	230.0	13	1.05	0.95				
	112	1	0.0	0.0	0.0	0.0	1	1.0106403493067113	-0.6381335815718441	230.0	13	1.05	0.95				
	113	3	128.95967345614034	26.278574968421054	0.0	0.0	1	1.0032210151985774	-1.6405964735795552e-30	230.0	14	1.05	0.95				
	114	2	94.4082137754386	18.978970810526317	0.0	0.0	1	1.012831813449523	4.294925642144269	230.0	16	1.05	0.95				
	115	2	154.26496787017544	31.144977740350875	0.0	0.0	1	1.0351504584023474	14.820982185225011	230.0	16	1.05	0.95				
	116	2	48.66402771929825	9.73280554385965	0.0	0.0	1	1.0292910054870659	12.810612679380707	230.0	16	1.05	0.95				
	117	1	0.0	0.0	0.0	0.0	1	1.0360820794672403	19.208179539767837	230.0	17	1.05	0.95				
	118	2	162.05121230526316	33.091538849122806	0.0	0.0	1	1.0487142877226987	20.00849194122294	230.0	17	1.05	0.95				
	119	1	88.08189017192983	18.00569025614035	0.0	0.0	1	1.0194692127359346	8.313095714732643	230.0	15	1.05	0.95				
	120	1	62.28995548070175	12.652647207017544	0.0	0.0	1	1.0189463340571492	5.328462361117208	230.0	15	1.05	0.95				
	121	2	0.0	0.0	0.0	0.0	1	1.0489435825065587	21.943581402383117	230.0	17	1.05	0.95				
	122	2	0.0	0.0	0.0	0.0	1	1.05	38.957677471282146	230.0	17	1.05	0.95				
	123	2	0.0	0.0	0.0	0.0	1	1.0201786140757791	4.064380940031969	230.0	15	1.05	0.95				
	124	1	0.0	0.0	0.0	0.0	1	1.0152986402337012	10.126441045351926	230.0	16	1.05	0.95				
	201	2	52.07051785263158	10.606957340350878	0.0	0.0	2	1.0092503544039373	-18.896093390566158	138.0	21	1.05	0.95				
	202	2	46.767039182456145	9.642688491228071	0.0	0.0	2	1.0084413144006057	-19.207057576199244	138.0	22	1.05	0.95				
	203	1	86.78419642105264	17.83897370877193	0.0	0.0	2	1.0130341937983312	-13.743111762736495	138.0	21	1.05	0.95				
	204	1	35.67794741754386	7.2320163684210526	0.0	0.0	2	1.0086924227917502	-18.5199483839936	138.0	21	1.05	0.95				
	205	1	34.23154414385965	6.749881943859651	0.0	0.0	2	1.0235323824684197	-19.08806931006679	138.0	21	1.05	0.95				
	206	1	65.5702817403509	13.499763887719302	0.0	-100.0	2	1.0390144277402413	-19.775459434989244	138.0	22	1.05	0.95				
	207	2	60.26680307017544	12.053360614035089	0.0	0.0	2	0.9913654965177376	-25.61336780506276	138.0	22	1.05	0.95				
	208	1	82.44498660000001	16.87470485964912	0.0	0.0	2	0.9957600857529396	-23.387249061481388	138.0	22	1.05	0.95				
	209	1	84.37352429824561	17.356839284210526	0.0	0.0	2	1.0237257344209003	-15.96716801695562	138.0	23	1.05	0.95				
	210	1	94.01621278947368	19.285376982456143	0.0	0.0	2	1.05	-17.727614657734147	138.0	23	1.05	0.95				
	211	1	0.0	0.0	0.0	0.0	2	1.0125971284445796	-12.26908661381643	230.0	23	1.05	0.95				
	212	1	0.0	0.0	0.0	0.0	2	1.0142343745605837	-11.068690025848264	230.0	23	1.05	0.95				
	213	2	127.76562250877193	26.03525892631579	0.0	0.0	2	1.0176658937818217	-10.323738489889529	230.0	24	1.05	0.95				
	214	2	93.53407836491229	18.80324255789474	0.0	0.0	2	1.0156849391097464	-9.361676555868419	230.0	26	1.05	0.95				
	215	2	152.83661258596493	30.856603171929827	0.0	0.0	2	1.0281997297916063	-2.236995751033268	230.0	26	1.05	0.95				
	216	2	48.213442456140356	9.642688491228071	0.0	0.0	2	1.031295008833882	-2.319224857690125	230.0	26	1.05	0.95				
	217	1	0.0	0.0	0.0	0.0	2	1.0319316519741888	-0.49828683495382414	230.0	27	1.05	0.95				
	218	2	160.55076337894738	32.78514087017545	0.0	0.0	2	1.0308080044868664	-1.2051758023040589	230.0	27	1.05	0.95				
	219	1	87.26633084561405	17.83897370877193	0.0	0.0	2	1.0363830483259842	-1.8579155543491486	230.0	25	1.05	0.95				
	220	1	61.71320634385965	12.535495038596492	0.0	0.0	2	1.0443883367949158	-0.5451101222744001	230.0	25	1.05	0.95				
	221	2	0.0	0.0	0.0	0.0	2	1.0329203463045307	-0.7392085454945821	230.0	27	1.05	0.95				
	222	2	0.0	0.0	0.0	0.0	2	1.05	5.850521492448619	230.0	27	1.05	0.95				
	223	2	0.0	0.0	0.0	0.0	2	1.05	0.5216729945946246	230.0	25	1.05	0.95				
	224	1	0.0	0.0	0.0	0.0	2	1.0083142441874904	-6.5283947461468665	230.0	26	1.05	0.95				
	301	2	40.35052197473684	8.219550772631578	0.0	0.0	3	1.0151319614584426	18.252303489777724	138.0	31	1.05	0.95				
	302	2	36.240746588421054	7.472318884210526	0.0	0.0	3	1.014286919466457	17.884585734622114	138.0	32	1.05	0.95				
	303	1	67.25086995789474	13.823789935789474	0.0	0.0	3	1.05	31.68782819019465	138.0	31	1.05	0.95				
	304	1	27.647579871578948	5.604239163157895	0.0	0.0	3	1.0104304812585378	18.436325282439345	138.0	31	1.05	0.95				
	305	1	26.526732038947365	5.230623218947369	0.0	0.0	3	1.0266635389780268	16.899989197763627	138.0	31	1.05	0.95				
	306	1	50.81176841263157	10.461246437894738	0.0	-100.0	3	1.0411516302945087	15.66028673908178	138.0	32	1.05	0.95				
	307	2	46.70199302631578	9.340398605263157	0.0	0.0	3	0.95	12.258343371173368	138.0	32	1.05	0.95				
	308	1	63.88832646	13.076558047368419	0.0	0.0	3	0.9742643387716111	13.774372605019725	138.0	32	1.05	0.95				
	309	1	65.3827902368421	13.450173991578945	0.0	0.0	3	1.0178376935897362	20.452096475308878	138.0	33	1.05	0.95				
	310	1	72.85510912105264	14.944637768421051	0.0	0.0	3	1.0471498295595834	16.750787845095523	138.0	33	1.05	0.95				
	311	1	0.0	0.0	0.0	0.0	3	1.0071018117015285	20.15470523181837	230.0	33	1.05	0.95				
	312	1	0.0	0.0	0.0	0.0	3	1.0133035384558908	20.438246053351868	230.0	33	1.05	0.95				
	313	2	99.00822521578947	20.17526098736842	0.0	0.0	3	1.011483286001575	22.38228786720628	230.0	34	1.05	0.95				
	314	2	72.48149317684211	14.571021824210526	0.0	0.0	3	1.0009324841873928	19.833466371255202	230.0	36	1.05	0.95				
	315	2	118.43625431473683	23.911420429473683	0.0	0.0	3	1.0474373872120146	21.930535319341974	230.0	36	1.05	0.95				
	316	2	37.36159442105263	7.472318884210526	0.0	0.0	3	1.0297428268348205	21.59932655365309	230.0	36	1.05	0.95				
	317	1	0.0	0.0	0.0	0.0	3	1.0494649474545095	24.574935482366715	230.0	37	1.05	0.95				
	318	2	124.41410942210527	25.405884206315786	0.0	0.0	3	1.05	21.598462825041835	230.0	37	1.05	0.95				
	319	1	67.62448590210526	13.823789935789474	0.0	0.0	3	1.024468306881357	20.690002747916537	230.0	35	1.05	0.95				
	320	1	47.822840858947366	9.714014549473685	0.0	0.0	3	1.0222205194811775	20.62920926007155	230.0	35	1.05	0.95				
	321	2	0.0	0.0	0.0	0.0	3	1.05	22.352263890122956	230.0	37	1.05	0.95				
	322	2	0.0	0.0	0.0	0.0	3	1.05	27.57185089517684	230.0	37	1.05	0.95				
	323	2	0.0	0.0	0.0	0.0	3	1.0212831025982745	20.88820712461787	230.0	35	1.05	0.95				
	324	1	0.0	0.0	0.0	0.0	3	1.0453392267119543	25.661103166169486	230.0	36	1.05	0.95				
	325	1	0.0	0.0	0.0	0.0	3	1.024262597525546	20.992988107840173	230.0	35	1.05	0.95				
];
