%% MATPOWER Case Format : Version 2
function mpc = RTS_GMLC
mpc.version = '2';

%%-----  Power Flow Data  -----%%
%% system MVA base
mpc.baseMVA = 100.0;
%% bus data
%    bus_i    type    Pd    Qd    Gs    Bs    area    Vm    Va    baseKV    zone    Vmax    Vmin
mpc.bus = [
	101	2	54.08015832	11.016328546666667	0.0	0.0	1	1.0473478642299736	2.2257809585992776	138.0	11	1.05	0.95				
	102	2	48.57199404666667	10.014844133333334	0.0	0.0	1	1.046303054919269	1.9186948392971357	138.0	12	1.05	0.95				
	103	1	90.1335972	18.52746164666667	0.0	0.0	1	1.0270118075367032	-0.9992511166094191	138.0	11	1.05	0.95				
	104	1	37.05492329333334	7.5111331	0.0	0.0	1	1.0274776970253772	-1.6027619204962333	138.0	11	1.05	0.95				
	105	1	35.55269667333334	7.0103908933333345	0.0	0.0	1	1.0413367737663672	-1.6629734297363463	138.0	11	1.05	0.95				
	106	1	68.10094010666667	14.020781786666669	0.0	-100.0	1	1.0460309478079455	-4.3872911969231945	138.0	12	1.05	0.95				
	107	2	62.592775833333334	12.518555166666667	0.0	0.0	1	1.0000961267066744	-11.07829841532876	138.0	12	1.05	0.95				
	108	1	85.62691733999999	17.525977233333336	0.0	0.0	1	1.0013371446220627	-9.51496752203116	138.0	12	1.05	0.95				
	109	1	87.62988616666667	18.02671944	0.0	0.0	1	1.024398170741683	-3.326280456329908	138.0	13	1.05	0.95				
	110	1	97.6447303	20.029688266666668	0.0	0.0	1	1.05	-4.092774652280749	138.0	13	1.05	0.95				
	111	1	0.0	0.0	0.0	0.0	1	1.004511645213362	-1.3359295645195273	230.0	13	1.05	0.95				
	112	1	0.0	0.0	0.0	0.0	1	1.0092899292373156	-0.9414772303413954	230.0	13	1.05	0.95				
	113	3	132.69668476666666	27.04007916	0.0	0.0	1	0.9997190755244031	1.5069520762030418e-29	230.0	14	1.05	0.95				
	114	2	97.14398809333333	19.528946060000003	0.0	0.0	1	1.000242708124511	-0.0051088666279728336	230.0	16	1.05	0.95				
	115	2	158.73527951333332	32.04750122666667	0.0	0.0	1	1.0308890533891522	5.200303732255208	230.0	16	1.05	0.95				
	116	2	50.07422066666667	10.014844133333334	0.0	0.0	1	1.0278242330568161	4.882660204653114	230.0	16	1.05	0.95				
	117	1	0.0	0.0	0.0	0.0	1	1.0350071655274182	7.274645134917923	230.0	17	1.05	0.95				
	118	2	166.74715482000002	34.050470053333335	0.0	0.0	1	1.0368095701828384	7.559914466324182	230.0	17	1.05	0.95				
	119	1	90.63433940666667	18.52746164666667	0.0	0.0	1	1.0214944591710506	3.6730597092721173	230.0	15	1.05	0.95				
	120	1	64.09500245333334	13.019297373333336	0.0	0.0	1	1.019661137873386	3.46929722201444	230.0	15	1.05	0.95				
	121	2	0.0	0.0	0.0	0.0	1	1.0396007628137764	8.863436206025092	230.0	17	1.05	0.95				
	122	2	0.0	0.0	0.0	0.0	1	1.05	14.741045330080693	230.0	17	1.05	0.95				
	123	2	0.0	0.0	0.0	0.0	1	1.0195450223763753	3.7463915891506323	230.0	15	1.05	0.95				
	124	1	0.0	0.0	0.0	0.0	1	1.0210811479648996	2.867907130496308	230.0	16	1.05	0.95				
	201	2	51.27152525052632	10.444199588070175	0.0	0.0	2	1.0206597161304922	-11.230553212656778	138.0	21	1.05	0.95				
	202	2	46.04942545649123	9.494726898245615	0.0	0.0	2	1.0207211455684473	-11.252557405059578	138.0	22	1.05	0.95				
	203	1	85.45254208421053	17.565244761754386	0.0	0.0	2	1.0149765848974772	-9.316068135478385	138.0	21	1.05	0.95				
	204	1	35.13048952350877	7.121045173684211	0.0	0.0	2	1.014751444790694	-11.555310186830729	138.0	21	1.05	0.95				
	205	1	33.70628048877193	6.646308828771931	0.0	0.0	2	1.0295499737327016	-11.887192134824122	138.0	21	1.05	0.95				
	206	1	64.56414290807018	13.292617657543863	0.0	-100.0	2	1.042191571575529	-12.748827588721548	138.0	22	1.05	0.95				
	207	2	59.34204311403509	11.868408622807019	0.0	0.0	2	0.9953529985569832	-19.076746431840757	138.0	22	1.05	0.95				
	208	1	81.17991498	16.615772071929825	0.0	0.0	2	0.9984137505844095	-16.880634160389665	138.0	22	1.05	0.95				
	209	1	83.07886035964913	17.090508416842106	0.0	0.0	2	1.0237054622346333	-9.845668557572937	138.0	23	1.05	0.95				
	210	1	92.57358725789474	18.98945379649123	0.0	0.0	2	1.05	-11.028133507114731	138.0	23	1.05	0.95				
	211	1	0.0	0.0	0.0	0.0	2	1.0067310227653254	-7.028401431563883	230.0	23	1.05	0.95				
	212	1	0.0	0.0	0.0	0.0	2	1.010543923427757	-3.870995085138992	230.0	23	1.05	0.95				
	213	2	125.80513140175438	25.63576262526316	0.0	0.0	2	1.0033788689381375	-5.0435527411683765	230.0	24	1.05	0.95				
	214	2	92.09885091298246	18.51471745157895	0.0	0.0	2	1.0070299511013288	-5.248366505316948	230.0	26	1.05	0.95				
	215	2	150.49142133719297	30.38312607438597	0.0	0.0	2	1.0228309457792386	0.3711703851161485	230.0	26	1.05	0.95				
	216	2	47.473634491228076	9.494726898245615	0.0	0.0	2	1.0227518541629075	0.20303007533469944	230.0	26	1.05	0.95				
	217	1	0.0	0.0	0.0	0.0	2	1.0275337671005773	1.5465714278425804	230.0	27	1.05	0.95				
	218	2	158.08720285578949	32.28207145403509	0.0	0.0	2	1.026707932418252	0.9907378382123525	230.0	27	1.05	0.95				
	219	1	85.92727842912281	17.565244761754386	0.0	0.0	2	1.0211422360495608	0.3262500872472464	230.0	25	1.05	0.95				
	220	1	60.76625214877194	12.343144967719299	0.0	0.0	2	1.0232526011282521	1.3665517907882574	230.0	25	1.05	0.95				
	221	2	0.0	0.0	0.0	0.0	2	1.0288999731576873	1.588967682914384	230.0	27	1.05	0.95				
	222	2	0.0	0.0	0.0	0.0	2	1.0499999763604722	8.063089896778434	230.0	27	1.05	0.95				
	223	2	0.0	0.0	0.0	0.0	2	1.0255241348120618	2.3022128370620942	230.0	25	1.05	0.95				
	224	1	0.0	0.0	0.0	0.0	2	1.0079781307119449	-3.2654540043009153	230.0	26	1.05	0.95				
	301	2	42.434672589473685	8.644099971929824	0.0	0.0	3	1.0075195775412813	-6.5020714713317895	138.0	31	1.05	0.95				
	302	2	38.112622603508775	7.858272701754387	0.0	0.0	3	1.0075231918256355	-6.552120045794544	138.0	32	1.05	0.95				
	303	1	70.72445431578947	14.537804498245615	0.0	0.0	3	1.0165942030104467	-3.29870484337626	138.0	31	1.05	0.95				
	304	1	29.07560899649123	5.893704526315789	0.0	0.0	3	1.010482094233616	-5.123587452065766	138.0	31	1.05	0.95				
	305	1	27.89686809122807	5.500790891228071	0.0	0.0	3	1.0235782583881978	-5.613624661698925	138.0	31	1.05	0.95				
	306	1	53.43625437192983	11.001581782456142	0.0	-100.0	3	1.041323164578214	-5.597659295461826	138.0	32	1.05	0.95				
	307	2	49.11420438596492	9.822840877192982	0.0	0.0	3	0.9966831672369126	-8.949653778156184	138.0	32	1.05	0.95				
	308	1	67.18823160000001	13.751977228070174	0.0	0.0	3	1.005185284857823	-7.238542663580074	138.0	32	1.05	0.95				
	309	1	68.75988614035087	14.144890863157894	0.0	0.0	3	1.0249429031460509	-2.3406093870823765	138.0	33	1.05	0.95				
	310	1	76.61815884210526	15.716545403508775	0.0	0.0	3	1.05	-3.4607222134460693	138.0	33	1.05	0.95				
	311	1	0.0	0.0	0.0	0.0	3	1.0022999835535253	1.1408077031323691	230.0	33	1.05	0.95				
	312	1	0.0	0.0	0.0	0.0	3	1.008540215651203	1.8840156413101	230.0	33	1.05	0.95				
	313	2	104.12211329824561	21.217336294736842	0.0	0.0	3	1.0077929782629695	5.9317421579178555	230.0	34	1.05	0.95				
	314	2	76.22524520701755	15.323631768421054	0.0	0.0	3	0.9939525452307351	1.1223328222671205	230.0	36	1.05	0.95				
	315	2	124.55362232280703	25.146472645614036	0.0	0.0	3	1.0103178605231005	-0.18840904305232947	230.0	36	1.05	0.95				
	316	2	39.29136350877193	7.858272701754387	0.0	0.0	3	1.0093983387937795	0.35793013668188867	230.0	36	1.05	0.95				
	317	1	0.0	0.0	0.0	0.0	3	1.015096223072083	0.8723896665194759	230.0	37	1.05	0.95				
	318	2	130.8402404842105	26.718127185964914	0.0	0.0	3	1.0144429776007091	0.4689272076172369	230.0	37	1.05	0.95				
	319	1	71.1173679508772	14.537804498245615	0.0	0.0	3	1.0097453869638808	1.847552161640805	230.0	35	1.05	0.95				
	320	1	50.29294529122807	10.215754512280704	0.0	0.0	3	1.0107949727187346	2.983899625212585	230.0	35	1.05	0.95				
	321	2	0.0	0.0	0.0	0.0	3	1.01509610884687	0.8068424217470797	230.0	37	1.05	0.95				
	322	2	0.0	0.0	0.0	0.0	3	1.0287118633378045	5.320674111407465	230.0	37	1.05	0.95				
	323	2	0.0	0.0	0.0	0.0	3	1.0114157457741488	3.6384596062141425	230.0	35	1.05	0.95				
	324	1	0.0	0.0	0.0	0.0	3	1.0084759274981157	-0.32722377886617315	230.0	36	1.05	0.95				
	325	1	0.0	0.0	0.0	0.0	3	1.0133989620638184	4.09987838615989	230.0	35	1.05	0.95				
];
