%% MATPOWER Case Format : Version 2
function mpc = RTS_GMLC
mpc.version = '2';

%%-----  Power Flow Data  -----%%
%% system MVA base
mpc.baseMVA = 100.0;
%% bus data
%    bus_i    type    Pd    Qd    Gs    Bs    area    Vm    Va    baseKV    zone    Vmax    Vmin
mpc.bus = [
	101	2	59.07669472421053	12.034141517894739	0.0	0.0	1	1.0305728827388603	-0.9440727048676689	138.0	11	1.05	0.95				
	102	2	53.05962396526316	10.94012865263158	0.0	0.0	1	1.0295116582435344	-1.2659615957665336	138.0	12	1.05	0.95				
	103	1	98.46115787368423	20.239238007368424	0.0	0.0	1	1.0229304573851705	0.2997165515673288	138.0	11	1.05	0.95				
	104	1	40.47847601473685	8.205096489473684	0.0	0.0	1	1.0172441921054547	-3.806401102790688	138.0	11	1.05	0.95				
	105	1	38.837456716842105	7.658090056842107	0.0	0.0	1	1.032967114043459	-3.8796321698077927	138.0	11	1.05	0.95				
	106	1	74.39287483789475	15.316180113684213	0.0	-100.0	1	1.041400397125916	-6.1035972625197426	138.0	12	1.05	0.95				
	107	2	68.37580407894738	13.675160815789475	0.0	0.0	1	0.9981452863673941	-12.40384651314713	138.0	12	1.05	0.95				
	108	1	93.53809998000001	19.145225142105264	0.0	0.0	1	0.9982879017014922	-10.715100060429505	138.0	12	1.05	0.95				
	109	1	95.72612571052632	19.692231574736844	0.0	0.0	1	1.0238919289245616	-3.6559124079514045	138.0	13	1.05	0.95				
	110	1	106.6662543631579	21.88025730526316	0.0	0.0	1	1.05	-5.120853073298109	138.0	13	1.05	0.95				
	111	1	0.0	0.0	0.0	0.0	1	1.0123018691193792	-0.5424687217012066	230.0	13	1.05	0.95				
	112	1	0.0	0.0	0.0	0.0	1	1.0128241791317751	-1.0745402981636922	230.0	13	1.05	0.95				
	113	3	144.95670464736844	29.538347362105267	0.0	0.0	1	1.007099102717161	-2.439642474243994e-28	230.0	14	1.05	0.95				
	114	2	106.11924793052631	21.33325087263158	0.0	0.0	1	1.0216496113865356	2.856090665466722	230.0	16	1.05	0.95				
	115	2	173.40103914421056	35.008411688421056	0.0	0.0	1	1.0383768779346805	12.694946595078083	230.0	16	1.05	0.95				
	116	2	54.7006432631579	10.94012865263158	0.0	0.0	1	1.034864787825412	11.025873877590463	230.0	16	1.05	0.95				
	117	1	0.0	0.0	0.0	0.0	1	1.0393057370066134	16.965036504071545	230.0	17	1.05	0.95				
	118	2	182.1531420663158	37.196437418947376	0.0	0.0	1	1.05	17.61974399340041	230.0	17	1.05	0.95				
	119	1	99.0081643063158	20.239238007368424	0.0	0.0	1	1.027253381526739	7.379307574437568	230.0	15	1.05	0.95				
	120	1	70.01682337684211	14.222167248421055	0.0	0.0	1	1.0276160592328627	5.25117295722203	230.0	15	1.05	0.95				
	121	2	0.0	0.0	0.0	0.0	1	1.05	19.545760113010854	230.0	17	1.05	0.95				
	122	2	0.0	0.0	0.0	0.0	1	1.05	36.10237550539545	230.0	17	1.05	0.95				
	123	2	0.0	0.0	0.0	0.0	1	1.0291464766961165	4.497873583304451	230.0	15	1.05	0.95				
	124	1	0.0	0.0	0.0	0.0	1	1.0170554554253946	8.071208028050236	230.0	16	1.05	0.95				
	201	2	53.889501031578945	10.977490950877193	0.0	0.0	2	1.0189417146204935	-11.93183773655259	138.0	21	1.05	0.95				
	202	2	48.40075555614035	9.979537228070177	0.0	0.0	2	1.019488996012974	-11.844684368536006	138.0	22	1.05	0.95				
	203	1	89.81583505263157	18.462143871929825	0.0	0.0	2	1.0157504598365823	-10.374104946929464	138.0	21	1.05	0.95				
	204	1	36.92428774385965	7.484652921052631	0.0	0.0	2	1.01408709504313	-12.708060867856165	138.0	21	1.05	0.95				
	205	1	35.42735715964912	6.985676059649124	0.0	0.0	2	1.0283210521455004	-13.045399102727398	138.0	21	1.05	0.95				
	206	1	67.8608531508772	13.971352119298247	0.0	-100.0	2	1.0410742539801148	-14.14455896453591	138.0	22	1.05	0.95				
	207	2	62.37210767543859	12.47442153508772	0.0	0.0	2	0.9895994705350933	-21.046673521016857	138.0	22	1.05	0.95				
	208	1	85.3250433	17.464190149122807	0.0	0.0	2	0.9941501045816108	-18.73435080621415	138.0	22	1.05	0.95				
	209	1	87.32095074561403	17.963167010526316	0.0	0.0	2	1.0242833385938772	-11.357393293419676	138.0	23	1.05	0.95				
	210	1	97.30048797368421	19.959074456140353	0.0	0.0	2	1.05	-12.566647657874238	138.0	23	1.05	0.95				
	211	1	0.0	0.0	0.0	0.0	2	1.0110470324606717	-7.875105001270085	230.0	23	1.05	0.95				
	212	1	0.0	0.0	0.0	0.0	2	1.0126741854921195	-6.272701860467469	230.0	23	1.05	0.95				
	213	2	132.2288682719298	26.944750515789472	0.0	0.0	2	1.013006149246134	-5.684694401725006	230.0	24	1.05	0.95				
	214	2	96.8015111122807	19.46009759473684	0.0	0.0	2	1.0130847206332778	-5.648477454402538	230.0	26	1.05	0.95				
	215	2	158.17566506491227	31.93451912982456	0.0	0.0	2	1.030207877624558	0.10493999089147904	230.0	26	1.05	0.95				
	216	2	49.89768614035088	9.979537228070177	0.0	0.0	2	1.0329608932603949	0.5129213352712977	230.0	26	1.05	0.95				
	217	1	0.0	0.0	0.0	0.0	2	1.035128023130572	1.7281264363531166	230.0	27	1.05	0.95				
	218	2	166.15929484736841	33.9304265754386	0.0	0.0	2	1.0335066007568354	1.0236840396279643	230.0	27	1.05	0.95				
	219	1	90.31481191403509	18.462143871929825	0.0	0.0	2	1.0365913815811063	1.8491795013785202	230.0	25	1.05	0.95				
	220	1	63.86903825964912	12.973398396491229	0.0	0.0	2	1.0440892451977646	3.9464109464847263	230.0	25	1.05	0.95				
	221	2	0.0	0.0	0.0	0.0	2	1.0350933982246264	1.5252819658889036	230.0	27	1.05	0.95				
	222	2	0.0	0.0	0.0	0.0	2	1.05	8.10276939827487	230.0	27	1.05	0.95				
	223	2	0.0	0.0	0.0	0.0	2	1.05	5.4519521844615	230.0	25	1.05	0.95				
	224	1	0.0	0.0	0.0	0.0	2	1.011852583680292	-3.804465541962453	230.0	26	1.05	0.95				
	301	2	41.44384690105264	8.442265109473684	0.0	0.0	3	1.0119646929343649	12.679639989561586	138.0	31	1.05	0.95				
	302	2	37.2227143463158	7.674786463157895	0.0	0.0	3	1.0117806137695695	12.376073960365236	138.0	32	1.05	0.95				
	303	1	69.07307816842106	14.198354956842108	0.0	0.0	3	1.0475387850061015	23.746155299425748	138.0	31	1.05	0.95				
	304	1	28.396709913684216	5.756089847368422	0.0	0.0	3	1.0123458833240986	13.12080765181326	138.0	31	1.05	0.95				
	305	1	27.245491944210524	5.372350524210527	0.0	0.0	3	1.026376135333027	11.80273520749659	138.0	31	1.05	0.95				
	306	1	52.188547949473694	10.744701048421055	0.0	-100.0	3	1.0425875294704332	10.82811571522951	138.0	32	1.05	0.95				
	307	2	47.96741539473685	9.593483078947369	0.0	0.0	3	0.9704603717412625	7.127480556547784	138.0	32	1.05	0.95				
	308	1	65.61942426	13.430876310526315	0.0	0.0	3	0.9877038357013705	8.740629989993803	138.0	32	1.05	0.95				
	309	1	67.15438155263158	13.81461563368421	0.0	0.0	3	1.0238523218092839	15.317996291087727	138.0	33	1.05	0.95				
	310	1	74.82916801578948	15.34957292631579	0.0	0.0	3	1.05	12.16457765179291	138.0	33	1.05	0.95				
	311	1	0.0	0.0	0.0	0.0	3	1.0083800960428584	16.205055879603915	230.0	33	1.05	0.95				
	312	1	0.0	0.0	0.0	0.0	3	1.01477098392081	16.33181286075121	230.0	33	1.05	0.95				
	313	2	101.69092063684211	20.72192345052632	0.0	0.0	3	1.0124663886176788	18.56313880512802	230.0	34	1.05	0.95				
	314	2	74.4454286926316	14.965833603157897	0.0	0.0	3	1.0014865629420187	16.70308491682131	230.0	36	1.05	0.95				
	315	2	121.64536544105265	24.559316682105266	0.0	0.0	3	1.036729939583608	19.951074386470403	230.0	36	1.05	0.95				
	316	2	38.373932315789475	7.674786463157895	0.0	0.0	3	1.0298094419336905	19.65189177738359	230.0	36	1.05	0.95				
	317	1	0.0	0.0	0.0	0.0	3	1.0496926942365918	23.784303200318103	230.0	37	1.05	0.95				
	318	2	127.78519461157896	26.094273974736847	0.0	0.0	3	1.05	21.0019614346719	230.0	37	1.05	0.95				
	319	1	69.45681749157896	14.198354956842108	0.0	0.0	3	1.0245213524256842	18.312937167439078	230.0	35	1.05	0.95				
	320	1	49.11863336421053	9.977222402105264	0.0	0.0	3	1.0225733302756024	17.895738590352646	230.0	35	1.05	0.95				
	321	2	0.0	0.0	0.0	0.0	3	1.046121539957894	21.297893936221357	230.0	37	1.05	0.95				
	322	2	0.0	0.0	0.0	0.0	3	1.05	26.61636407244256	230.0	37	1.05	0.95				
	323	2	0.0	0.0	0.0	0.0	3	1.02181297215926	17.96517824936874	230.0	35	1.05	0.95				
	324	1	0.0	0.0	0.0	0.0	3	1.038005001073572	21.402714705061086	230.0	36	1.05	0.95				
	325	1	0.0	0.0	0.0	0.0	3	1.024728731791416	18.11530504075319	230.0	35	1.05	0.95				
];
