%% MATPOWER Case Format : Version 2
function mpc = RTS_GMLC
mpc.version = '2';

%%-----  Power Flow Data  -----%%
%% system MVA base
mpc.baseMVA = 100.0;
%% bus data
%    bus_i    type    Pd    Qd    Gs    Bs    area    Vm    Va    baseKV    zone    Vmax    Vmin
mpc.bus = [
	101	2	68.89609102736843	14.034388912982454	0.0	0.0	1	1.0340075055769968	-2.426296496827567	138.0	11	1.05	0.95				
	102	2	61.87889657087718	12.758535375438596	0.0	0.0	1	1.033476445711495	-2.633406124868866	138.0	12	1.05	0.95				
	103	1	114.82681837894737	23.603290444561402	0.0	0.0	1	1.0219640464578135	-1.4222900253420996	138.0	11	1.05	0.95				
	104	1	47.206580889122804	9.568901531578947	0.0	0.0	1	1.0175822493119093	-5.341378610571507	138.0	11	1.05	0.95				
	105	1	45.29280058280701	8.930974762807017	0.0	0.0	1	1.0334739626590999	-5.44679652808456	138.0	11	1.05	0.95				
	106	1	86.75804055298245	17.861949525614033	0.0	-100.0	1	1.0396751540361187	-7.764662999484422	138.0	12	1.05	0.95				
	107	2	79.74084609649123	15.948169219298244	0.0	0.0	1	1.0002741329419247	-14.546635526659482	138.0	12	1.05	0.95				
	108	1	109.08547745999999	22.32743690701754	0.0	0.0	1	0.9963871667010998	-12.811919581637998	138.0	12	1.05	0.95				
	109	1	111.63718453508771	22.965363675789472	0.0	0.0	1	1.0245664385354014	-4.973711467833879	138.0	13	1.05	0.95				
	110	1	124.3957199105263	25.517070750877192	0.0	0.0	1	1.05	-6.500417564590527	138.0	13	1.05	0.95				
	111	1	0.0	0.0	0.0	0.0	1	1.015431443606349	-1.340569484620349	230.0	13	1.05	0.95				
	112	1	0.0	0.0	0.0	0.0	1	1.0154601317679735	-1.3124493531813473	230.0	13	1.05	0.95				
	113	3	169.0505937245614	34.448045513684214	0.0	0.0	1	1.015042616504041	-4.7062116713977754e-30	230.0	14	1.05	0.95				
	114	2	123.75779314175436	24.879143982105262	0.0	0.0	1	1.0251040869054522	1.878037880319301	230.0	16	1.05	0.95				
	115	2	202.22278570070173	40.827313201403506	0.0	0.0	1	1.0425806614380144	11.505755707880015	230.0	16	1.05	0.95				
	116	2	63.792676877192974	12.758535375438596	0.0	0.0	1	1.0411288407765211	10.314471464806994	230.0	16	1.05	0.95				
	117	1	0.0	0.0	0.0	0.0	1	1.0436287134164763	14.937811977221171	230.0	17	1.05	0.95				
	118	2	212.4296140010526	43.379020276491225	0.0	0.0	1	1.0499999962887565	15.32137676197653	230.0	17	1.05	0.95				
	119	1	115.4647451477193	23.603290444561402	0.0	0.0	1	1.0348968857690435	7.562021549415048	230.0	15	1.05	0.95				
	120	1	81.65462640280701	16.586095988070173	0.0	0.0	1	1.0361053105549296	6.376014999840129	230.0	15	1.05	0.95				
	121	2	0.0	0.0	0.0	0.0	1	1.05	17.17695038035053	230.0	17	1.05	0.95				
	122	2	0.0	0.0	0.0	0.0	1	1.05	30.875576508087562	230.0	17	1.05	0.95				
	123	2	0.0	0.0	0.0	0.0	1	1.0382388235996591	6.20067909739682	230.0	15	1.05	0.95				
	124	1	0.0	0.0	0.0	0.0	1	1.0185309515534509	6.705349391173032	230.0	16	1.05	0.95				
	201	2	62.848418058947374	12.802455530526316	0.0	0.0	2	1.026066428617939	-12.629203845623284	138.0	21	1.05	0.95				
	202	2	56.447190293684216	11.638595936842107	0.0	0.0	2	1.0267910492418202	-12.509424012647283	138.0	22	1.05	0.95				
	203	1	104.74736343157896	21.531402483157898	0.0	0.0	2	1.0172013460143716	-11.360977423633162	138.0	21	1.05	0.95				
	204	1	43.062804966315795	8.72894695263158	0.0	0.0	2	1.015895456360004	-13.939850880738	138.0	21	1.05	0.95				
	205	1	41.317015575789476	8.147017155789475	0.0	0.0	2	1.0307459337028744	-14.254654497275961	138.0	21	1.05	0.95				
	206	1	79.14245237052633	16.29403431157895	0.0	-100.0	2	1.0402961625869893	-15.688352867352615	138.0	22	1.05	0.95				
	207	2	72.74122460526317	14.548244921052634	0.0	0.0	2	0.9892141730741496	-24.18027913295987	138.0	22	1.05	0.95				
	208	1	99.50999526000001	20.367542889473686	0.0	0.0	2	0.9901573118855186	-21.401656892060366	138.0	22	1.05	0.95				
	209	1	101.83771444736843	20.94947268631579	0.0	0.0	2	1.0245741255822165	-12.730491381724354	138.0	23	1.05	0.95				
	210	1	113.47631038421054	23.277191873684213	0.0	0.0	2	1.05	-14.044557499452035	138.0	23	1.05	0.95				
	211	1	0.0	0.0	0.0	0.0	2	1.0156995645860787	-8.731001666464845	230.0	23	1.05	0.95				
	212	1	0.0	0.0	0.0	0.0	2	1.0134198051810346	-7.241082777160078	230.0	23	1.05	0.95				
	213	2	154.2113961631579	31.424209029473687	0.0	0.0	2	1.0186406681204432	-6.647771674916839	230.0	24	1.05	0.95				
	214	2	112.89438058736843	22.69526207684211	0.0	0.0	2	1.0235374551509369	-5.906571936343781	230.0	26	1.05	0.95				
	215	2	184.4717455989474	37.24350699789474	0.0	0.0	2	1.0391595832735343	1.3012949893883108	230.0	26	1.05	0.95				
	216	2	58.192979684210535	11.638595936842107	0.0	0.0	2	1.0407607797988447	1.6114563018228687	230.0	26	1.05	0.95				
	217	1	0.0	0.0	0.0	0.0	2	1.0436972775788558	4.073641683637076	230.0	27	1.05	0.95				
	218	2	193.78262234842109	39.571226185263164	0.0	0.0	2	1.044100068935767	4.157523714705345	230.0	27	1.05	0.95				
	219	1	105.32929322842107	21.531402483157898	0.0	0.0	2	1.0406102500827046	2.3643227568581158	230.0	25	1.05	0.95				
	220	1	74.48701399578948	15.13017471789474	0.0	0.0	2	1.0454118385424491	4.112333772241652	230.0	25	1.05	0.95				
	221	2	0.0	0.0	0.0	0.0	2	1.0441919354345894	3.9749400619842135	230.0	27	1.05	0.95				
	222	2	0.0	0.0	0.0	0.0	2	1.05	10.520534700691016	230.0	27	1.05	0.95				
	223	2	0.0	0.0	0.0	0.0	2	1.05	5.491557394909401	230.0	25	1.05	0.95				
	224	1	0.0	0.0	0.0	0.0	2	1.015035996371382	-3.393794873524038	230.0	26	1.05	0.95				
	301	2	53.77791838736843	10.954761152982456	0.0	0.0	3	1.0151132457378484	7.267438560044327	138.0	31	1.05	0.95				
	302	2	48.300537810877195	9.958873775438597	0.0	0.0	3	1.0136200109309754	6.908242676483109	138.0	32	1.05	0.95				
	303	1	89.62986397894738	18.423916484561403	0.0	0.0	3	1.05	21.990065540018467	138.0	31	1.05	0.95				
	304	1	36.847832969122805	7.469155331578947	0.0	0.0	3	1.0103533978969654	8.25597103415809	138.0	31	1.05	0.95				
	305	1	35.35400190280702	6.9712116428070185	0.0	0.0	3	1.0263676906620895	6.101262324774792	138.0	31	1.05	0.95				
	306	1	67.72034167298247	13.942423285614037	0.0	-100.0	3	1.0397049560482834	4.869262358349297	138.0	32	1.05	0.95				
	307	2	62.242961096491236	12.448592219298247	0.0	0.0	3	0.991109473117364	-0.15828170638813685	138.0	32	1.05	0.95				
	308	1	85.14837078000001	17.428029107017544	0.0	0.0	3	0.9945499118450033	2.161476501507457	138.0	32	1.05	0.95				
	309	1	87.14014553508773	17.925972795789473	0.0	0.0	3	1.02373116713866	11.408538581854854	138.0	33	1.05	0.95				
	310	1	97.09901931052632	19.917747550877195	0.0	0.0	3	1.05	6.530953004192877	138.0	33	1.05	0.95				
	311	1	0.0	0.0	0.0	0.0	3	1.0126860123725347	11.552732588452331	230.0	33	1.05	0.95				
	312	1	0.0	0.0	0.0	0.0	3	1.0149325647564316	11.697016396483953	230.0	33	1.05	0.95				
	313	2	131.9550775245614	26.888959193684215	0.0	0.0	3	1.0129664478099587	13.755038680500938	230.0	34	1.05	0.95				
	314	2	96.60107562175439	19.419803862105265	0.0	0.0	3	1.0142847251947282	12.288810793998126	230.0	36	1.05	0.95				
	315	2	157.84814934070175	31.86839608140351	0.0	0.0	3	1.0422214457796681	16.797725051819622	230.0	36	1.05	0.95				
	316	2	49.79436887719299	9.958873775438597	0.0	0.0	3	1.0373752471202544	16.339945090648257	230.0	36	1.05	0.95				
	317	1	0.0	0.0	0.0	0.0	3	1.05	21.4555436766827	230.0	37	1.05	0.95				
	318	2	165.81524836105262	33.860170836491235	0.0	0.0	3	1.045765907017843	18.543861362143197	230.0	37	1.05	0.95				
	319	1	90.12780766771931	18.423916484561403	0.0	0.0	3	1.028602278015718	14.556559331736292	230.0	35	1.05	0.95				
	320	1	63.73679216280702	12.946535908070175	0.0	0.0	3	1.0251831922744514	13.956363305099421	230.0	35	1.05	0.95				
	321	2	0.0	0.0	0.0	0.0	3	1.045542854999718	18.614134908014766	230.0	37	1.05	0.95				
	322	2	0.0	0.0	0.0	0.0	3	1.05	24.072048803300262	230.0	37	1.05	0.95				
	323	2	0.0	0.0	0.0	0.0	3	1.0241322354659603	14.008617866166757	230.0	35	1.05	0.95				
	324	1	0.0	0.0	0.0	0.0	3	1.0425202544162953	18.785721713347556	230.0	36	1.05	0.95				
	325	1	0.0	0.0	0.0	0.0	3	1.026487208525658	14.292763658869026	230.0	35	1.05	0.95				
];
