%% MATPOWER Case Format : Version 2
function mpc = RTS_GMLC
mpc.version = '2';

%%-----  Power Flow Data  -----%%
%% system MVA base
mpc.baseMVA = 100.0;
%% bus data
%    bus_i    type    Pd    Qd    Gs    Bs    area    Vm    Va    baseKV    zone    Vmax    Vmin
mpc.bus = [
	101	2	71.98218704842105	14.663038102456142	0.0	0.0	1	1.0442173763673086	0.909754026678118	138.0	11	1.05	0.95				
	102	2	64.65066799719298	13.33003463859649	0.0	0.0	1	1.0430139736256976	0.5012551530434854	138.0	12	1.05	0.95				
	103	1	119.97031174736843	24.660564081403507	0.0	0.0	1	1.0249411735236744	0.6513184872436698	138.0	11	1.05	0.95				
	104	1	49.321128162807014	9.997525978947367	0.0	0.0	1	1.023643969338657	-2.865935103399085	138.0	11	1.05	0.95				
	105	1	47.32162296701754	9.331024247017544	0.0	0.0	1	1.0373076214454642	-3.3316784337670997	138.0	11	1.05	0.95				
	106	1	90.64423554245614	18.662048494035087	0.0	-100.0	1	1.0402891489811177	-6.401134340032949	138.0	12	1.05	0.95				
	107	2	83.31271649122807	16.662543298245613	0.0	0.0	1	0.9979529261062788	-15.554754519807087	138.0	12	1.05	0.95				
	108	1	113.97179616	23.327560617543856	0.0	0.0	1	0.9926782424166952	-13.069959992289364	138.0	12	1.05	0.95				
	109	1	116.63780308771929	23.994062349473683	0.0	0.0	1	1.0246327847839696	-3.980028161393363	138.0	13	1.05	0.95				
	110	1	129.96783772631576	26.66006927719298	0.0	0.0	1	1.05	-5.589043553233743	138.0	13	1.05	0.95				
	111	1	0.0	0.0	0.0	0.0	1	1.016740315331165	-0.7914676476700458	230.0	13	1.05	0.95				
	112	1	0.0	0.0	0.0	0.0	1	1.0174402355877958	-1.015775940702384	230.0	13	1.05	0.95				
	113	3	176.6229589614035	35.99109352421053	0.0	0.0	1	1.015898250584275	-2.132137275180641e-30	230.0	14	1.05	0.95				
	114	2	129.30133599438597	25.993567545263158	0.0	0.0	1	1.0267555854929364	2.494522975665688	230.0	16	1.05	0.95				
	115	2	211.28104902175434	42.65611084350877	0.0	0.0	1	1.0399042844611317	12.567143533062787	230.0	16	1.05	0.95				
	116	2	66.65017319298245	13.33003463859649	0.0	0.0	1	1.0387974814657184	11.247780255353296	230.0	16	1.05	0.95				
	117	1	0.0	0.0	0.0	0.0	1	1.041672158345009	16.733106966352256	230.0	17	1.05	0.95				
	118	2	221.9450767326316	45.32211777122807	0.0	0.0	1	1.05	17.379429294526215	230.0	17	1.05	0.95				
	119	1	120.63681347929824	24.660564081403507	0.0	0.0	1	1.0338444938546172	7.940905776395235	230.0	15	1.05	0.95				
	120	1	85.31222168701754	17.32904503017544	0.0	0.0	1	1.0367745737957028	6.0894996156148	230.0	15	1.05	0.95				
	121	2	0.0	0.0	0.0	0.0	1	1.05	19.323901292059325	230.0	17	1.05	0.95				
	122	2	0.0	0.0	0.0	0.0	1	1.05	34.146709899879546	230.0	17	1.05	0.95				
	123	2	0.0	0.0	0.0	0.0	1	1.040124387332613	5.570797303651306	230.0	15	1.05	0.95				
	124	1	0.0	0.0	0.0	0.0	1	1.0193899093227659	8.120729601367668	230.0	16	1.05	0.95				
	201	2	72.87832519578949	14.845584762105263	0.0	0.0	2	1.0274905507182475	-16.042881648667993	138.0	21	1.05	0.95				
	202	2	65.45553281473684	13.495986147368422	0.0	0.0	2	1.0286306120060313	-15.85677745092612	138.0	22	1.05	0.95				
	203	1	121.4638753263158	24.967574372631578	0.0	0.0	2	1.0142348846359683	-13.847863877516382	138.0	21	1.05	0.95				
	204	1	49.935148745263156	10.121989610526317	0.0	0.0	2	1.0150079988691734	-16.50925056199355	138.0	21	1.05	0.95				
	205	1	47.91075082315789	9.447190303157896	0.0	0.0	2	1.0302132892043034	-16.97954595721551	138.0	21	1.05	0.95				
	206	1	91.77270580210526	18.894380606315792	0.0	-100.0	2	1.0382061375563372	-18.099922551079988	138.0	22	1.05	0.95				
	207	2	84.34991342105263	16.869982684210527	0.0	0.0	2	0.9764322094850585	-27.73048600560729	138.0	22	1.05	0.95				
	208	1	115.39068156	23.617975757894737	0.0	0.0	2	0.9781682657434554	-24.43146841382804	138.0	22	1.05	0.95				
	209	1	118.0898787894737	24.292775065263157	0.0	0.0	2	1.0250618530548843	-14.288119559358124	138.0	23	1.05	0.95				
	210	1	131.5858649368421	26.991972294736843	0.0	0.0	2	1.05	-15.780854839709624	138.0	23	1.05	0.95				
	211	1	0.0	0.0	0.0	0.0	2	1.02245086194717	-10.327403529866297	230.0	23	1.05	0.95				
	212	1	0.0	0.0	0.0	0.0	2	1.0203866726734236	-5.82000270755969	230.0	23	1.05	0.95				
	213	2	178.82181645263157	36.43916259789474	0.0	0.0	2	1.031236468648311	-7.27359793084339	230.0	24	1.05	0.95				
	214	2	130.91106562947368	26.317172987368426	0.0	0.0	2	1.0320024944673798	-8.380270852972078	230.0	26	1.05	0.95				
	215	2	213.9113804357895	43.18715567157895	0.0	0.0	2	1.0384739392675644	-1.6155428115072523	230.0	26	1.05	0.95				
	216	2	67.4799307368421	13.495986147368422	0.0	0.0	2	1.0403516302084916	-1.453590197500848	230.0	26	1.05	0.95				
	217	1	0.0	0.0	0.0	0.0	2	1.0411291822579738	0.07389421617000587	230.0	27	1.05	0.95				
	218	2	224.70816935368424	45.88635290105263	0.0	0.0	2	1.039419122287477	-0.9553962650777487	230.0	27	1.05	0.95				
	219	1	122.13867463368422	24.967574372631578	0.0	0.0	2	1.0389003879319896	-0.15138970366579774	230.0	25	1.05	0.95				
	220	1	86.3743113431579	17.544781991578947	0.0	0.0	2	1.0441910810348862	2.248849638175965	230.0	25	1.05	0.95				
	221	2	0.0	0.0	0.0	0.0	2	1.0410226921369385	-0.3581680405380182	230.0	27	1.05	0.95				
	222	2	0.0	0.0	0.0	0.0	2	1.05	6.315498477600686	230.0	27	1.05	0.95				
	223	2	0.0	0.0	0.0	0.0	2	1.05	4.04846911278403	230.0	25	1.05	0.95				
	224	1	0.0	0.0	0.0	0.0	2	1.0141008063653416	-6.140493755742512	230.0	26	1.05	0.95				
	301	2	67.82031003789474	13.815248341052634	0.0	0.0	3	1.006437169047834	6.021314282582792	138.0	31	1.05	0.95				
	302	2	60.912685867368424	12.559316673684211	0.0	0.0	3	1.0057783192018421	5.852595481508974	138.0	32	1.05	0.95				
	303	1	113.0338500631579	23.23473584631579	0.0	0.0	3	1.029111696967622	13.60414281937421	138.0	31	1.05	0.95				
	304	1	46.46947169263158	9.419487505263158	0.0	0.0	3	1.005376018754398	7.746288681193643	138.0	31	1.05	0.95				
	305	1	44.58557419157895	8.791521671578948	0.0	0.0	3	1.0192652005956697	7.200934095455962	138.0	31	1.05	0.95				
	306	1	85.40335338105264	17.583043343157897	0.0	-100.0	3	1.0337950601796217	7.161498118713465	138.0	32	1.05	0.95				
	307	2	78.49572921052632	15.699145842105263	0.0	0.0	3	0.9937839203241147	1.2191582680882416	138.0	32	1.05	0.95				
	308	1	107.38215756	21.978804178947367	0.0	0.0	3	0.9962828722103537	4.164162319149069	138.0	32	1.05	0.95				
	309	1	109.89402089473685	22.60677001263158	0.0	0.0	3	1.027112986624809	11.85530424274128	138.0	33	1.05	0.95				
	310	1	122.45333756842105	25.118633347368423	0.0	0.0	3	1.05	10.394369115731164	138.0	33	1.05	0.95				
	311	1	0.0	0.0	0.0	0.0	3	1.0161736135980444	17.299628683082684	230.0	33	1.05	0.95				
	312	1	0.0	0.0	0.0	0.0	3	1.01877975267537	17.757570012138984	230.0	33	1.05	0.95				
	313	2	166.4109459263158	33.91015501894737	0.0	0.0	3	1.031192184492784	22.976492535946996	230.0	34	1.05	0.95				
	314	2	121.82537173473685	24.490667513684212	0.0	0.0	3	1.0209497916126855	18.443276696061734	230.0	36	1.05	0.95				
	315	2	199.06516927789474	40.189813355789475	0.0	0.0	3	1.0383529016284934	18.597088904213695	230.0	36	1.05	0.95				
	316	2	62.796583368421054	12.559316673684211	0.0	0.0	3	1.0366426425900426	19.492051157201942	230.0	36	1.05	0.95				
	317	1	0.0	0.0	0.0	0.0	3	1.05	23.189392361445947	230.0	37	1.05	0.95				
	318	2	209.11262261684215	42.70167669052632	0.0	0.0	3	1.0458538368639128	19.796829626655807	230.0	37	1.05	0.95				
	319	1	113.66181589684213	23.23473584631579	0.0	0.0	3	1.0336971931797598	19.797075849710755	230.0	35	1.05	0.95				
	320	1	80.37962671157895	16.327111675789475	0.0	0.0	3	1.0330672318827188	19.89911122528087	230.0	35	1.05	0.95				
	321	2	0.0	0.0	0.0	0.0	3	1.0443838549195248	20.07121689786425	230.0	37	1.05	0.95				
	322	2	0.0	0.0	0.0	0.0	3	1.05	25.636645136529193	230.0	37	1.05	0.95				
	323	2	0.0	0.0	0.0	0.0	3	1.0330257196159787	19.961646296459097	230.0	35	1.05	0.95				
	324	1	0.0	0.0	0.0	0.0	3	1.0297375634690984	18.313485961261435	230.0	36	1.05	0.95				
	325	1	0.0	0.0	0.0	0.0	3	1.0354210465064033	19.915776515873702	230.0	35	1.05	0.95				
];
