%% MATPOWER Case Format : Version 2
function mpc = RTS_GMLC
mpc.version = '2';

%%-----  Power Flow Data  -----%%
%% system MVA base
mpc.baseMVA = 100.0;
%% bus data
%    bus_i    type    Pd    Qd    Gs    Bs    area    Vm    Va    baseKV    zone    Vmax    Vmin
mpc.bus = [
	101	2	96.8179119157895	19.722167242105265	0.0	0.0	1	1.0432803601846723	-3.043665397507522	138.0	11	1.05	0.95				
	102	2	86.95682829473684	17.929242947368422	0.0	0.0	1	1.043123800797054	-3.1760055028054928	138.0	12	1.05	0.95				
	103	1	161.36318652631581	33.16909945263158	0.0	0.0	1	1.0164792106862097	-3.633266151687533	138.0	11	1.05	0.95				
	104	1	66.33819890526316	13.446932210526317	0.0	0.0	1	1.020002381460048	-6.286194850866783	138.0	11	1.05	0.95				
	105	1	63.6488124631579	12.550470063157897	0.0	0.0	1	1.0343428745626102	-6.734316731311943	138.0	11	1.05	0.95				
	106	1	121.91885204210529	25.100940126315795	0.0	-100.0	1	1.0339430277648578	-9.621969087975481	138.0	12	1.05	0.95				
	107	2	112.05776842105264	22.411553684210528	0.0	0.0	1	1.05	-7.100174414924154	138.0	12	1.05	0.95				
	108	1	153.29502720000002	31.376175157894735	0.0	0.0	1	1.0211789308654826	-9.759124484614539	138.0	12	1.05	0.95				
	109	1	156.8808757894737	32.27263730526316	0.0	0.0	1	1.0268112281352293	-6.005818673508396	138.0	13	1.05	0.95				
	110	1	174.8101187368421	35.858485894736845	0.0	0.0	1	1.05	-7.696505924738734	138.0	13	1.05	0.95				
	111	1	0.0	0.0	0.0	0.0	1	1.0200063883112387	-2.416326619246407	230.0	13	1.05	0.95				
	112	1	0.0	0.0	0.0	0.0	1	1.0195935325384378	-1.5126741286513343	230.0	13	1.05	0.95				
	113	3	237.5624690526316	48.40895595789475	0.0	0.0	1	1.0253359008668392	-1.4480172428718428e-29	230.0	14	1.05	0.95				
	114	2	173.91365658947367	34.96202374736843	0.0	0.0	1	1.0281571733133772	-0.13471232767830538	230.0	16	1.05	0.95				
	115	2	284.1785007157895	57.37357743157895	0.0	0.0	1	1.0419702857771116	9.244341906534377	230.0	16	1.05	0.95				
	116	2	89.64621473684211	17.929242947368422	0.0	0.0	1	1.04324260835053	8.598596610048494	230.0	16	1.05	0.95				
	117	1	0.0	0.0	0.0	0.0	1	1.0465860487501428	12.559857850980324	230.0	17	1.05	0.95				
	118	2	298.5218950736842	60.95942602105264	0.0	0.0	1	1.05	13.403972494906519	230.0	17	1.05	0.95				
	119	1	162.25964867368424	33.16909945263158	0.0	0.0	1	1.0387428279009596	6.852356217838714	230.0	15	1.05	0.95				
	120	1	114.7471548631579	23.30801583157895	0.0	0.0	1	1.0430987234745648	6.862839999967645	230.0	15	1.05	0.95				
	121	2	0.0	0.0	0.0	0.0	1	1.05	14.490193132319206	230.0	17	1.05	0.95				
	122	2	0.0	0.0	0.0	0.0	1	1.05	22.285497145373125	230.0	17	1.05	0.95				
	123	2	0.0	0.0	0.0	0.0	1	1.04819608694823	7.5212612964996515	230.0	15	1.05	0.95				
	124	1	0.0	0.0	0.0	0.0	1	1.016189662464412	4.48448133907344	230.0	16	1.05	0.95				
	201	2	95.82811272000001	19.520541480000002	0.0	0.0	2	1.05	-12.798056874414828	138.0	21	1.05	0.95				
	202	2	86.06784198	17.745946800000002	0.0	0.0	2	1.05	-12.92608013839413	138.0	22	1.05	0.95				
	203	1	159.71352120000003	32.83000158	0.0	0.0	2	1.0253710859227154	-9.535429127826221	138.0	21	1.05	0.95				
	204	1	65.66000316	13.3094601	0.0	0.0	2	1.0204423167613084	-13.95527182800137	138.0	21	1.05	0.95				
	205	1	62.99811114	12.422162760000003	0.0	0.0	2	1.0379614683697043	-14.400980937173877	138.0	21	1.05	0.95				
	206	1	120.67243824000002	24.844325520000005	0.0	-100.0	2	1.0357087506319933	-16.144989147553726	138.0	22	1.05	0.95				
	207	2	110.91216750000001	22.182433500000002	0.0	0.0	2	0.95	-26.3398201734645	138.0	22	1.05	0.95				
	208	1	151.72784514	31.055406899999998	0.0	0.0	2	0.9539017016499772	-23.17210702585134	138.0	22	1.05	0.95				
	209	1	155.2770345	31.94270424	0.0	0.0	2	1.0251908542484818	-11.226777453730243	138.0	23	1.05	0.95				
	210	1	173.0229813	35.491893600000004	0.0	0.0	2	1.048395220603427	-13.263007977124051	138.0	23	1.05	0.95				
	211	1	0.0	0.0	0.0	0.0	2	1.031933026040499	-6.134655922394296	230.0	23	1.05	0.95				
	212	1	0.0	0.0	0.0	0.0	2	1.0249309881611202	-1.9259270031858997	230.0	23	1.05	0.95				
	213	2	235.13379510000001	47.914056360000004	0.0	0.0	2	1.05	-1.6547953073326485	230.0	24	1.05	0.95				
	214	2	172.13568396	34.60459626	0.0	0.0	2	1.05	-4.227678373301525	230.0	26	1.05	0.95				
	215	2	281.27325678	56.78702976000001	0.0	0.0	2	1.044927035982093	3.77767166700457	230.0	26	1.05	0.95				
	216	2	88.72973400000001	17.745946800000002	0.0	0.0	2	1.0489844805962407	3.9611347872952907	230.0	26	1.05	0.95				
	217	1	0.0	0.0	0.0	0.0	2	1.05	6.898743444771577	230.0	27	1.05	0.95				
	218	2	295.47001422	60.33621912000001	0.0	0.0	2	1.05	7.437281748419402	230.0	27	1.05	0.95				
	219	1	160.60081854	32.83000158	0.0	0.0	2	1.0423795131140212	4.111193775025493	230.0	25	1.05	0.95				
	220	1	113.57405952000002	23.069730840000002	0.0	0.0	2	1.0450507290617215	5.90229762329943	230.0	25	1.05	0.95				
	221	2	0.0	0.0	0.0	0.0	2	1.05	7.9491004048176865	230.0	27	1.05	0.95				
	222	2	0.0	0.0	0.0	0.0	2	1.05	14.049088033914419	230.0	27	1.05	0.95				
	223	2	0.0	0.0	0.0	0.0	2	1.05	7.525909080941152	230.0	25	1.05	0.95				
	224	1	0.0	0.0	0.0	0.0	2	1.0206842997144168	-1.1712946968865632	230.0	26	1.05	0.95				
	301	2	76.12274595789475	15.506485287719299	0.0	0.0	3	1.01353860461579	-1.5840263580248033	138.0	31	1.05	0.95				
	302	2	68.36950331403509	14.096804807017547	0.0	0.0	3	1.0120450380061463	-1.8949063300432423	138.0	32	1.05	0.95				
	303	1	126.87124326315791	26.079088892982455	0.0	0.0	3	1.0463197245708054	11.211881409414222	138.0	31	1.05	0.95				
	304	1	52.15817778596491	10.572603605263158	0.0	0.0	3	1.0063441489696148	-0.017795024742409623	138.0	31	1.05	0.95				
	305	1	50.04365706491228	9.867763364912282	0.0	0.0	3	1.0221834803384129	-1.1402649167155352	138.0	31	1.05	0.95				
	306	1	95.85827268771932	19.735526729824564	0.0	-100.0	3	1.033170313384094	-1.6634774862076334	138.0	32	1.05	0.95				
	307	2	88.10503004385966	17.621006008771932	0.0	0.0	3	0.9820669890934786	-8.734511548145132	138.0	32	1.05	0.95				
	308	1	120.52768110000001	24.669408412280703	0.0	0.0	3	0.9849735518747822	-5.348264229420805	138.0	32	1.05	0.95				
	309	1	123.34704206140353	25.374248652631582	0.0	0.0	3	1.026838073017559	4.397575747065785	138.0	33	1.05	0.95				
	310	1	137.44384686842105	28.193609614035093	0.0	0.0	3	1.05	1.5632114932733143	138.0	33	1.05	0.95				
	311	1	0.0	0.0	0.0	0.0	3	1.0212860862952293	8.680541063061787	230.0	33	1.05	0.95				
	312	1	0.0	0.0	0.0	0.0	3	1.0222975967728336	9.240712577352857	230.0	33	1.05	0.95				
	313	2	186.78266369298245	38.061372978947375	0.0	0.0	3	1.0358272532128008	13.795947347332802	230.0	34	1.05	0.95				
	314	2	136.73900662807017	27.488769373684214	0.0	0.0	3	1.029443907635757	9.803437317489369	230.0	36	1.05	0.95				
	315	2	223.43435619122806	45.10977538245614	0.0	0.0	3	1.0484402054143132	11.293966536044325	230.0	36	1.05	0.95				
	316	2	70.48402403508773	14.096804807017547	0.0	0.0	3	1.0447133117911684	11.409697646394562	230.0	36	1.05	0.95				
	317	1	0.0	0.0	0.0	0.0	3	1.0493102623794752	12.795023741576594	230.0	37	1.05	0.95				
	318	2	234.71180003684213	47.92913634385966	0.0	0.0	3	1.0482369380060328	11.960227198957318	230.0	37	1.05	0.95				
	319	1	127.57608350350877	26.079088892982455	0.0	0.0	3	1.039777378926205	11.533707889767209	230.0	35	1.05	0.95				
	320	1	90.21955076491228	18.325846249122808	0.0	0.0	3	1.0385262063386147	11.736023477392344	230.0	35	1.05	0.95				
	321	2	0.0	0.0	0.0	0.0	3	1.05	13.33817955904319	230.0	37	1.05	0.95				
	322	2	0.0	0.0	0.0	0.0	3	1.05	18.051607459101184	230.0	37	1.05	0.95				
	323	2	0.0	0.0	0.0	0.0	3	1.038549241024216	11.930504147520498	230.0	35	1.05	0.95				
	324	1	0.0	0.0	0.0	0.0	3	1.0457019436735664	12.835944453195898	230.0	36	1.05	0.95				
	325	1	0.0	0.0	0.0	0.0	3	1.03985440638471	12.152237075789612	230.0	35	1.05	0.95				
];

%% generator data
%    bus    Pg    Qg    Qmax    Qmin    Vg    mBase    status    Pmax    Pmin    Pc1    Pc2    Qc1min    Qc1max    Qc2min    Qc2max    ramp_agc    ramp_10    ramp_30    ramp_q    apf
