%% MATPOWER Case Format : Version 2
function mpc = RTS_GMLC
mpc.version = '2';

%%-----  Power Flow Data  -----%%
%% system MVA base
mpc.baseMVA = 100.0;
%% bus data
%    bus_i    type    Pd    Qd    Gs    Bs    area    Vm    Va    baseKV    zone    Vmax    Vmin
mpc.bus = [
	101	2	77.53983176842105	15.795150915789474	0.0	0.0	1	1.0476887407652713	-0.6802935572450012	138.0	11	1.05	0.95				
	102	2	69.6422563105263	14.359228105263158	0.0	0.0	1	1.0464495501591489	-1.0876547826193308	138.0	12	1.05	0.95				
	103	1	129.23305294736844	26.56457199473684	0.0	0.0	1	1.0257904926577242	-0.8615885079494416	138.0	11	1.05	0.95				
	104	1	53.12914398947368	10.769421078947367	0.0	0.0	1	1.0247406605155858	-4.245072225716708	138.0	11	1.05	0.95				
	105	1	50.975259773684215	10.051459673684212	0.0	0.0	1	1.0386035104461475	-4.748835023258597	138.0	11	1.05	0.95				
	106	1	97.64275111578948	20.102919347368424	0.0	-100.0	1	1.0398094837465421	-7.770303854605677	138.0	12	1.05	0.95				
	107	2	89.74517565789473	17.949035131578945	0.0	0.0	1	0.9996935668981939	-15.440845488221036	138.0	12	1.05	0.95				
	108	1	122.7714003	25.128649184210524	0.0	0.0	1	0.9931330780079253	-13.634651742464806	138.0	12	1.05	0.95				
	109	1	125.64324592105262	25.846610589473684	0.0	0.0	1	1.0251463082585792	-5.023869064733521	138.0	13	1.05	0.95				
	110	1	140.00247402631578	28.718456210526316	0.0	0.0	1	1.05	-6.684271736000456	138.0	13	1.05	0.95				
	111	1	0.0	0.0	0.0	0.0	1	1.0172848300121142	-1.6432183174701105	230.0	13	1.05	0.95				
	112	1	0.0	0.0	0.0	0.0	1	1.0170943187548442	-1.4937663637498977	230.0	13	1.05	0.95				
	113	3	190.25977239473684	38.769915884210526	0.0	0.0	1	1.0180134020002507	3.992396857459288e-30	230.0	14	1.05	0.95				
	114	2	139.2845126210526	28.00049480526316	0.0	0.0	1	1.0267347294310856	1.1154384866930742	230.0	16	1.05	0.95				
	115	2	227.59376546842103	45.949529936842104	0.0	0.0	1	1.0410590443011216	10.549189306244259	230.0	16	1.05	0.95				
	116	2	71.79614052631578	14.359228105263158	0.0	0.0	1	1.041056083280717	9.421635267185103	230.0	16	1.05	0.95				
	117	1	0.0	0.0	0.0	0.0	1	1.0450924747426595	13.989722807448699	230.0	17	1.05	0.95				
	118	2	239.08114795263157	48.82137555789474	0.0	0.0	1	1.0499999801054198	14.939821309997212	230.0	17	1.05	0.95				
	119	1	129.9510143526316	26.56457199473684	0.0	0.0	1	1.0349569286355649	6.854540793710115	230.0	15	1.05	0.95				
	120	1	91.89905987368421	18.666996536842106	0.0	0.0	1	1.0362669145647223	5.627603849671756	230.0	15	1.05	0.95				
	121	2	0.0	0.0	0.0	0.0	1	1.05	17.152801417830375	230.0	17	1.05	0.95				
	122	2	0.0	0.0	0.0	0.0	1	1.05	25.331917753224857	230.0	17	1.05	0.95				
	123	2	0.0	0.0	0.0	0.0	1	1.0388270959117318	5.488081042075435	230.0	15	1.05	0.95				
	124	1	0.0	0.0	0.0	0.0	1	1.021081733696326	6.29314860300314	230.0	16	1.05	0.95				
	201	2	69.22335903157895	14.10105461754386	0.0	0.0	2	1.0260790117526801	-12.47065309046483	138.0	21	1.05	0.95				
	202	2	62.17283172280701	12.819140561403508	0.0	0.0	2	1.0271257173126185	-12.257329110216782	138.0	22	1.05	0.95				
	203	1	115.37226505263159	23.71541003859649	0.0	0.0	2	1.015273003065792	-11.299671972028992	138.0	21	1.05	0.95				
	204	1	47.43082007719298	9.61435542105263	0.0	0.0	2	1.015231023208713	-13.002159276643566	138.0	21	1.05	0.95				
	205	1	45.50794899298245	8.973398392982457	0.0	0.0	2	1.0299722326353977	-13.374311417481598	138.0	21	1.05	0.95				
	206	1	87.17015581754386	17.946796785964914	0.0	-100.0	2	1.0388430407540805	-14.443378710443842	138.0	22	1.05	0.95				
	207	2	80.11962850877192	16.023925701754386	0.0	0.0	2	0.9841531073766727	-23.616553166173887	138.0	22	1.05	0.95				
	208	1	109.6036518	22.433495982456137	0.0	0.0	2	0.9844946079812161	-20.50919402889124	138.0	22	1.05	0.95				
	209	1	112.16747991228068	23.074453010526312	0.0	0.0	2	1.0253846655454455	-10.993210617042292	138.0	23	1.05	0.95				
	210	1	124.98662047368421	25.638281122807015	0.0	0.0	2	1.05	-12.246839462528296	138.0	23	1.05	0.95				
	211	1	0.0	0.0	0.0	0.0	2	1.0190075025079202	-6.986453258228342	230.0	23	1.05	0.95				
	212	1	0.0	0.0	0.0	0.0	2	1.0179224978987809	-2.7994666582115837	230.0	23	1.05	0.95				
	213	2	169.85361243859646	34.611679515789476	0.0	0.0	2	1.0260198795874964	-3.8519003471458375	230.0	24	1.05	0.95				
	214	2	124.34566344561402	24.997324094736843	0.0	0.0	2	1.0262590798446904	-5.139280689380536	230.0	26	1.05	0.95				
	215	2	203.18337789824562	41.021249796491226	0.0	0.0	2	1.0388705504112996	0.9688667462524139	230.0	26	1.05	0.95				
	216	2	64.09570280701755	12.819140561403508	0.0	0.0	2	1.039902490367781	1.4058362490994216	230.0	26	1.05	0.95				
	217	1	0.0	0.0	0.0	0.0	2	1.041584022280517	2.6543921749486548	230.0	27	1.05	0.95				
	218	2	213.4386903473684	43.58507790877193	0.0	0.0	2	1.0399568995883712	1.960768034042565	230.0	27	1.05	0.95				
	219	1	116.01322208070175	23.71541003859649	0.0	0.0	2	1.0386115235201174	3.120520241344018	230.0	25	1.05	0.95				
	220	1	82.04249959298245	16.664882729824562	0.0	0.0	2	1.044030429182577	5.81518078959162	230.0	25	1.05	0.95				
	221	2	0.0	0.0	0.0	0.0	2	1.0414656711949422	2.4325039025761246	230.0	27	1.05	0.95				
	222	2	0.0	0.0	0.0	0.0	2	1.05	9.024021611029807	230.0	27	1.05	0.95				
	223	2	0.0	0.0	0.0	0.0	2	1.05	7.750484467638516	230.0	25	1.05	0.95				
	224	1	0.0	0.0	0.0	0.0	2	1.0146812585471494	-3.5723773983036295	230.0	26	1.05	0.95				
	301	2	61.328693444210536	12.492881997894736	0.0	0.0	3	0.9933201578123769	19.986444128298775	138.0	31	1.05	0.95				
	302	2	55.08225244526316	11.357165452631579	0.0	0.0	3	0.9930640506756346	19.93036629904273	138.0	32	1.05	0.95				
	303	1	102.21448907368422	21.01075608736842	0.0	0.0	3	1.0191219930734265	23.710022439106698	138.0	31	1.05	0.95				
	304	1	42.02151217473684	8.517874089473684	0.0	0.0	3	1.0015876156208225	21.897558809772637	138.0	31	1.05	0.95				
	305	1	40.3179373568421	7.950015816842106	0.0	0.0	3	1.0131622829869116	21.58155086040473	138.0	31	1.05	0.95				
	306	1	77.22872507789475	15.900031633684211	0.0	-100.0	3	1.0323637723107417	21.82556967027739	138.0	32	1.05	0.95				
	307	2	70.98228407894737	14.196456815789475	0.0	0.0	3	0.9878687279667093	17.87248696542624	138.0	32	1.05	0.95				
	308	1	97.10376461999999	19.875039542105263	0.0	0.0	3	0.9986132891521503	20.414238106213183	138.0	32	1.05	0.95				
	309	1	99.37519771052632	20.442897814736842	0.0	0.0	3	1.0283750817974766	25.805688962261183	138.0	33	1.05	0.95				
	310	1	110.73236316315788	22.714330905263157	0.0	0.0	3	1.05	24.986144539330734	138.0	33	1.05	0.95				
	311	1	0.0	0.0	0.0	0.0	3	1.015096783073306	31.070141515961105	230.0	33	1.05	0.95				
	312	1	0.0	0.0	0.0	0.0	3	1.0220947716960886	31.516199678668908	230.0	33	1.05	0.95				
	313	2	150.48244224736843	30.664346722105268	0.0	0.0	3	1.034888317156832	37.89790904307364	230.0	34	1.05	0.95				
	314	2	110.16450489052632	22.146472632631582	0.0	0.0	3	1.0141037948857357	30.693982529858236	230.0	36	1.05	0.95				
	315	2	180.01107242421054	36.34292944842105	0.0	0.0	3	1.0375698858114386	27.077491711018833	230.0	36	1.05	0.95				
	316	2	56.7858272631579	11.357165452631579	0.0	0.0	3	1.0370742997516798	28.192133153521308	230.0	36	1.05	0.95				
	317	1	0.0	0.0	0.0	0.0	3	1.05	29.93114275406017	230.0	37	1.05	0.95				
	318	2	189.09680478631577	38.614362538947375	0.0	0.0	3	1.0474482671871068	26.760693789527465	230.0	37	1.05	0.95				
	319	1	102.78234734631579	21.01075608736842	0.0	0.0	3	1.0378108736764098	29.099659505363643	230.0	35	1.05	0.95				
	320	1	72.6858588968421	14.764315088421053	0.0	0.0	3	1.0394341502596542	29.479847468305646	230.0	35	1.05	0.95				
	321	2	0.0	0.0	0.0	0.0	3	1.0449176290534858	27.5239551499112	230.0	37	1.05	0.95				
	322	2	0.0	0.0	0.0	0.0	3	1.05	32.81024436748342	230.0	37	1.05	0.95				
	323	2	0.0	0.0	0.0	0.0	3	1.039871764401825	29.445544669420492	230.0	35	1.05	0.95				
	324	1	0.0	0.0	0.0	0.0	3	1.0271014611765052	27.76414222440891	230.0	36	1.05	0.95				
	325	1	0.0	0.0	0.0	0.0	3	1.041867326644469	28.40623185258731	230.0	35	1.05	0.95				
];
