%% MATPOWER Case Format : Version 2
function mpc = RTS_GMLC
mpc.version = '2';

%%-----  Power Flow Data  -----%%
%% system MVA base
mpc.baseMVA = 100.0;
%% bus data
%    bus_i    type    Pd    Qd    Gs    Bs    area    Vm    Va    baseKV    zone    Vmax    Vmin
mpc.bus = [
	101	2	84.48688769684212	17.210291938245618	0.0	0.0	1	1.043786665402841	0.4722009916112877	138.0	11	1.05	0.95				
	102	2	75.8817417277193	15.645719943859651	0.0	0.0	1	1.0430769691427288	0.19436513533708785	138.0	12	1.05	0.95				
	103	1	140.81147949473686	28.944581896140352	0.0	0.0	1	1.0264649095280598	-0.8199536975488314	138.0	11	1.05	0.95				
	104	1	57.889163792280705	11.734289957894738	0.0	0.0	1	1.023060453017916	-3.3091328572632124	138.0	11	1.05	0.95				
	105	1	55.542305800701754	10.952003960701756	0.0	0.0	1	1.0356012868561393	-3.787104313547037	138.0	11	1.05	0.95				
	106	1	106.39089561824564	21.90400792140351	0.0	-100.0	1	1.0368903617419	-6.927899876789261	138.0	12	1.05	0.95				
	107	2	97.7857496491228	19.557149929824565	0.0	0.0	1	1.05	-6.286993093336975	138.0	12	1.05	0.95				
	108	1	133.77090552	27.380009901754388	0.0	0.0	1	1.024733654794457	-8.113398950591082	138.0	12	1.05	0.95				
	109	1	136.90004950877196	28.16229589894737	0.0	0.0	1	1.0273289161066532	-4.129142584324679	138.0	13	1.05	0.95				
	110	1	152.5457694526316	31.291439887719303	0.0	0.0	1	1.05	-5.695714716961929	138.0	13	1.05	0.95				
	111	1	0.0	0.0	0.0	0.0	1	1.0135505780777592	-1.613169432499351	230.0	13	1.05	0.95				
	112	1	0.0	0.0	0.0	0.0	1	1.0171993784027904	-1.0149286264474728	230.0	13	1.05	0.95				
	113	3	207.30578925614037	42.24344384842106	0.0	0.0	1	1.0152708792344	-1.9809594425068507e-28	230.0	14	1.05	0.95				
	114	2	151.7634834554386	30.50915389052632	0.0	0.0	1	1.0141130144789263	0.32994985450156294	230.0	16	1.05	0.95				
	115	2	247.98466111017547	50.06630382035089	0.0	0.0	1	1.0444335415631836	8.734605454868271	230.0	16	1.05	0.95				
	116	2	78.22859971929826	15.645719943859651	0.0	0.0	1	1.0422477433196473	7.795959621888467	230.0	16	1.05	0.95				
	117	1	0.0	0.0	0.0	0.0	1	1.0457029127209763	10.917525932436478	230.0	17	1.05	0.95				
	118	2	260.5012370652632	53.19544780912282	0.0	0.0	1	1.0476700829466865	11.537175585771543	230.0	17	1.05	0.95				
	119	1	141.59376549192984	28.944581896140352	0.0	0.0	1	1.0357250790957513	6.104776421435047	230.0	15	1.05	0.95				
	120	1	100.13260764070178	20.339435927017547	0.0	0.0	1	1.0362516542189817	5.599264279062021	230.0	15	1.05	0.95				
	121	2	0.0	0.0	0.0	0.0	1	1.05	13.401915302818523	230.0	17	1.05	0.95				
	122	2	0.0	0.0	0.0	0.0	1	1.05	18.94098279136552	230.0	17	1.05	0.95				
	123	2	0.0	0.0	0.0	0.0	1	1.0386602726754526	5.902606562936078	230.0	15	1.05	0.95				
	124	1	0.0	0.0	0.0	0.0	1	1.025700036400888	5.184129306075084	230.0	16	1.05	0.95				
	201	2	93.51613409684212	19.04958287157895	0.0	0.0	2	1.0476716700191506	-17.038243026613525	138.0	21	1.05	0.95				
	202	2	83.99134266105263	17.317802610526318	0.0	0.0	2	1.05	-17.177175564171115	138.0	22	1.05	0.95				
	203	1	155.86022349473686	32.037934829473684	0.0	0.0	2	1.0234499528363221	-12.28186359489565	138.0	21	1.05	0.95				
	204	1	64.07586965894737	12.988351957894736	0.0	0.0	2	1.0210051860801785	-18.14412748202903	138.0	21	1.05	0.95				
	205	1	61.47819926736842	12.122461827368422	0.0	0.0	2	1.0378578658511572	-18.736095489290967	138.0	21	1.05	0.95				
	206	1	117.76105775157897	24.244923654736844	0.0	-100.0	2	1.037608722715827	-20.508638779137843	138.0	22	1.05	0.95				
	207	2	108.23626631578946	21.647253263157896	0.0	0.0	2	0.95	-30.999583298926108	138.0	22	1.05	0.95				
	208	1	148.06721232	30.30615456842105	0.0	0.0	2	0.9546744864166171	-27.61969220831334	138.0	22	1.05	0.95				
	209	1	151.53077284210528	31.172044698947367	0.0	0.0	2	1.0254032688187895	-15.451397159915508	138.0	23	1.05	0.95				
	210	1	168.8485754526316	34.635605221052636	0.0	0.0	2	1.05	-17.761019918477587	138.0	23	1.05	0.95				
	211	1	0.0	0.0	0.0	0.0	2	1.0337227809067562	-11.344854092692549	230.0	23	1.05	0.95				
	212	1	0.0	0.0	0.0	0.0	2	1.0270455917261636	-6.269525250593244	230.0	23	1.05	0.95				
	213	2	229.46088458947366	46.75806704842106	0.0	0.0	2	1.05	-8.540621784939786	230.0	24	1.05	0.95				
	214	2	167.98268532210525	33.76971509052632	0.0	0.0	2	1.05	-8.782546416542582	230.0	26	1.05	0.95				
	215	2	274.4871713768421	55.41696835368421	0.0	0.0	2	1.043231808010252	0.4214227385306866	230.0	26	1.05	0.95				
	216	2	86.58901305263159	17.317802610526318	0.0	0.0	2	1.0472270431818271	0.21294711107837974	230.0	26	1.05	0.95				
	217	1	0.0	0.0	0.0	0.0	2	1.0483471155038606	3.4921688065488983	230.0	27	1.05	0.95				
	218	2	288.3414134652632	58.88052887578949	0.0	0.0	2	1.0499999836983511	3.9003640741305103	230.0	27	1.05	0.95				
	219	1	156.72611362526317	32.037934829473684	0.0	0.0	2	1.0416855193121075	0.19294873763492146	230.0	25	1.05	0.95				
	220	1	110.83393670736842	22.513143393684214	0.0	0.0	2	1.0449545201759216	1.797430699616911	230.0	25	1.05	0.95				
	221	2	0.0	0.0	0.0	0.0	2	1.05	4.254197828519631	230.0	27	1.05	0.95				
	222	2	0.0	0.0	0.0	0.0	2	1.05	10.467141466887302	230.0	27	1.05	0.95				
	223	2	0.0	0.0	0.0	0.0	2	1.05	3.3030060635699843	230.0	25	1.05	0.95				
	224	1	0.0	0.0	0.0	0.0	2	1.0197977370394888	-4.298893964066147	230.0	26	1.05	0.95				
	301	2	65.88990826105262	13.422018349473683	0.0	0.0	3	0.9898158113331479	6.091405994174433	138.0	31	1.05	0.95				
	302	2	59.17889908631578	12.201834863157895	0.0	0.0	3	0.9898016897102433	6.066888306227996	138.0	32	1.05	0.95				
	303	1	109.81651376842106	22.573394496842102	0.0	0.0	3	1.0136852338371587	8.67517080737524	138.0	31	1.05	0.95				
	304	1	45.146788993684204	9.15137614736842	0.0	0.0	3	0.9986387362247966	8.200879637859979	138.0	31	1.05	0.95				
	305	1	43.31651376421053	8.541284404210527	0.0	0.0	3	1.0102397477271416	8.196994627749886	138.0	31	1.05	0.95				
	306	1	82.97247706947368	17.082568808421055	0.0	-100.0	3	1.0300414150547852	8.680633133729208	138.0	32	1.05	0.95				
	307	2	76.26146789473684	15.252293578947368	0.0	0.0	3	0.9884189679432133	5.1202622775075435	138.0	32	1.05	0.95				
	308	1	104.32568808	21.353211010526312	0.0	0.0	3	0.9999798536085136	7.8467390810041335	138.0	32	1.05	0.95				
	309	1	106.76605505263157	21.963302753684207	0.0	0.0	3	1.027729109487797	12.417158192436938	138.0	33	1.05	0.95				
	310	1	118.96788991578946	24.40366972631579	0.0	0.0	3	1.05	12.235891900938308	138.0	33	1.05	0.95				
	311	1	0.0	0.0	0.0	0.0	3	1.0193838915944111	18.610271755014434	230.0	33	1.05	0.95				
	312	1	0.0	0.0	0.0	0.0	3	1.0247979434132855	19.924933833902834	230.0	33	1.05	0.95				
	313	2	161.6743119368421	32.94495413052631	0.0	0.0	3	1.0485924651229634	27.393835295587436	230.0	34	1.05	0.95				
	314	2	118.35779817263156	23.793577983157896	0.0	0.0	3	1.0217704330325244	16.98371402674541	230.0	36	1.05	0.95				
	315	2	193.39908258105262	39.04587156210526	0.0	0.0	3	1.038653939775405	11.319278603501996	230.0	36	1.05	0.95				
	316	2	61.00917431578947	12.201834863157895	0.0	0.0	3	1.040943030596387	12.960668957266616	230.0	36	1.05	0.95				
	317	1	0.0	0.0	0.0	0.0	3	1.0437822520886444	11.464186682113848	230.0	37	1.05	0.95				
	318	2	203.16055047157894	41.48623853473684	0.0	0.0	3	1.0425118218751677	10.085749971803894	230.0	37	1.05	0.95				
	319	1	110.42660551157894	22.573394496842102	0.0	0.0	3	1.0403644808581667	15.483116037481196	230.0	35	1.05	0.95				
	320	1	78.09174312421052	15.862385322105263	0.0	0.0	3	1.0426832856337196	17.419287865439177	230.0	35	1.05	0.95				
	321	2	0.0	0.0	0.0	0.0	3	1.042377543470972	11.068987282720716	230.0	37	1.05	0.95				
	322	2	0.0	0.0	0.0	0.0	3	1.05	15.550187599888035	230.0	37	1.05	0.95				
	323	2	0.0	0.0	0.0	0.0	3	1.044183583234772	18.23019734240678	230.0	35	1.05	0.95				
	324	1	0.0	0.0	0.0	0.0	3	1.0261671358767177	12.254196782688759	230.0	36	1.05	0.95				
	325	1	0.0	0.0	0.0	0.0	3	1.0460991847421757	17.82465470865217	230.0	35	1.05	0.95				
];
