%% MATPOWER Case Format : Version 2
function mpc = RTS_GMLC
mpc.version = '2';

%%-----  Power Flow Data  -----%%
%% system MVA base
mpc.baseMVA = 100.0;
%% bus data
%    bus_i    type    Pd    Qd    Gs    Bs    area    Vm    Va    baseKV    zone    Vmax    Vmin
mpc.bus = [
	101	2	70.1652647368421	14.292924298245612	0.0	0.0	1	1.048748758555504	0.44162317656061967	138.0	11	1.05	0.95				
	102	2	63.01880258771929	12.99356754385965	0.0	0.0	1	1.0476736795445571	0.09648115686354213	138.0	12	1.05	0.95				
	103	1	116.94210789473682	24.03809995614035	0.0	0.0	1	1.0298415801957803	-1.38457871170855	138.0	11	1.05	0.95				
	104	1	48.0761999122807	9.745175657894736	0.0	0.0	1	1.0267115988609947	-3.335916160079655	138.0	11	1.05	0.95				
	105	1	46.12716478070175	9.095497280701755	0.0	0.0	1	1.0399676866246472	-3.668585501322325	138.0	11	1.05	0.95				
	106	1	88.3562592982456	18.19099456140351	0.0	-100.0	1	1.0419980645536822	-6.644201380382581	138.0	12	1.05	0.95				
	107	2	81.20979714912279	16.24195942982456	0.0	0.0	1	1.0024323138735036	-13.254479568216944	138.0	12	1.05	0.95				
	108	1	111.09500249999999	22.73874320175438	0.0	0.0	1	0.9980854750580284	-11.892452620332442	138.0	12	1.05	0.95				
	109	1	113.69371600877191	23.388421578947366	0.0	0.0	1	1.0258402394609645	-4.59283991167864	138.0	13	1.05	0.95				
	110	1	126.68728355263157	25.9871350877193	0.0	0.0	1	1.05	-5.866706992655413	138.0	13	1.05	0.95				
	111	1	0.0	0.0	0.0	0.0	1	1.0116958275284984	-1.886023297973083	230.0	13	1.05	0.95				
	112	1	0.0	0.0	0.0	0.0	1	1.014570216974373	-1.3761636969325852	230.0	13	1.05	0.95				
	113	3	172.1647699561403	35.08263236842105	0.0	0.0	1	1.0114533325769912	1.0984410297542107e-27	230.0	14	1.05	0.95				
	114	2	126.03760517543859	25.33745671052631	0.0	0.0	1	1.0129704374974533	-0.12686054637733024	230.0	16	1.05	0.95				
	115	2	205.94804557017542	41.57941614035087	0.0	0.0	1	1.0429954102549297	7.061990263290041	230.0	16	1.05	0.95				
	116	2	64.96783771929825	12.99356754385965	0.0	0.0	1	1.0396692866953028	6.270413537520168	230.0	16	1.05	0.95				
	117	1	0.0	0.0	0.0	0.0	1	1.04459164487768	9.089913601287755	230.0	17	1.05	0.95				
	118	2	216.3428996052631	44.1781296491228	0.0	0.0	1	1.0469222010652668	9.550794531384954	230.0	17	1.05	0.95				
	119	1	117.5917862719298	24.03809995614035	0.0	0.0	1	1.0326234689842735	4.834182265694026	230.0	15	1.05	0.95				
	120	1	83.15883228070174	16.891637807017542	0.0	0.0	1	1.031451925379555	4.4871639861930825	230.0	15	1.05	0.95				
	121	2	0.0	0.0	0.0	0.0	1	1.0499599307033705	11.176246659754188	230.0	17	1.05	0.95				
	122	2	0.0	0.0	0.0	0.0	1	1.05	17.055803025677662	230.0	17	1.05	0.95				
	123	2	0.0	0.0	0.0	0.0	1	1.032339802143647	4.786035974625866	230.0	15	1.05	0.95				
	124	1	0.0	0.0	0.0	0.0	1	1.027333437448613	3.910470902596325	230.0	16	1.05	0.95				
	201	2	70.66834567578948	14.395403748771932	0.0	0.0	2	1.0319213993323975	-10.968682854927227	138.0	21	1.05	0.95				
	202	2	63.470643801403504	13.086730680701756	0.0	0.0	2	1.0324224993504163	-10.92291018240059	138.0	22	1.05	0.95				
	203	1	117.78057612631581	24.210451759298245	0.0	0.0	2	1.0162348491240396	-10.497174196938737	138.0	21	1.05	0.95				
	204	1	48.42090351859649	9.815048010526315	0.0	0.0	2	1.0171681772432193	-12.394115330878522	138.0	21	1.05	0.95				
	205	1	46.45789391649123	9.16071147649123	0.0	0.0	2	1.0327443943154442	-12.592944604107759	138.0	21	1.05	0.95				
	206	1	88.98976862877194	18.32142295298246	0.0	-100.0	2	1.0395819871118093	-14.103922429750083	138.0	22	1.05	0.95				
	207	2	81.79206675438597	16.358413350877193	0.0	0.0	2	0.9809454280066593	-23.827460707079716	138.0	22	1.05	0.95				
	208	1	111.89154732	22.90177869122807	0.0	0.0	2	0.9818351380081347	-20.643935002178964	138.0	22	1.05	0.95				
	209	1	114.50889345614034	23.55611522526316	0.0	0.0	2	1.0249004408071742	-10.937894439460345	138.0	23	1.05	0.95				
	210	1	127.5956241368421	26.17346136140351	0.0	0.0	2	1.05	-12.167262397016435	138.0	23	1.05	0.95				
	211	1	0.0	0.0	0.0	0.0	2	1.0174843292617097	-7.469704720253402	230.0	23	1.05	0.95				
	212	1	0.0	0.0	0.0	0.0	2	1.0195638526291204	-2.9901856772485234	230.0	23	1.05	0.95				
	213	2	173.39918151929825	35.33417283789474	0.0	0.0	2	1.0213828104105744	-4.9795455106769895	230.0	24	1.05	0.95				
	214	2	126.94128760280701	25.519124827368422	0.0	0.0	2	1.0239627136142182	-5.579613490520998	230.0	26	1.05	0.95				
	215	2	207.42468128912282	41.877538178245615	0.0	0.0	2	1.0367610866195005	1.2160798154116466	230.0	26	1.05	0.95				
	216	2	65.43365340350877	13.086730680701756	0.0	0.0	2	1.0375915425759128	1.1227601238111715	230.0	26	1.05	0.95				
	217	1	0.0	0.0	0.0	0.0	2	1.0405998184931269	3.404334652328719	230.0	27	1.05	0.95				
	218	2	217.89406583368424	44.49488431438597	0.0	0.0	2	1.0410175603056362	3.5127161327339613	230.0	27	1.05	0.95				
	219	1	118.43491266035089	24.210451759298245	0.0	0.0	2	1.036308563830398	1.2621445036259484	230.0	25	1.05	0.95				
	220	1	83.75507635649123	17.01274988491228	0.0	0.0	2	1.0407802178874428	2.624173052012987	230.0	25	1.05	0.95				
	221	2	0.0	0.0	0.0	0.0	2	1.041571333023524	3.5162196444330003	230.0	27	1.05	0.95				
	222	2	0.0	0.0	0.0	0.0	2	1.05	9.976233825988857	230.0	27	1.05	0.95				
	223	2	0.0	0.0	0.0	0.0	2	1.0453230972925098	3.8490783158331103	230.0	25	1.05	0.95				
	224	1	0.0	0.0	0.0	0.0	2	1.0144876617648328	-3.131017577437277	230.0	26	1.05	0.95				
	301	2	62.45618475789474	12.722556154385964	0.0	0.0	3	0.9971802346123617	-1.734093351649819	138.0	31	1.05	0.95				
	302	2	56.09490668070175	11.565960140350878	0.0	0.0	3	0.9970377906359814	-1.7880333577140448	138.0	32	1.05	0.95				
	303	1	104.0936412631579	21.39702625964912	0.0	0.0	3	1.0159943442813666	1.7484813841002054	138.0	31	1.05	0.95				
	304	1	42.79405251929824	8.674470105263158	0.0	0.0	3	1.002195191566623	0.15276082103388394	138.0	31	1.05	0.95				
	305	1	41.059158498245615	8.096172098245615	0.0	0.0	3	1.0148109367826146	0.05913719104450976	138.0	31	1.05	0.95				
	306	1	78.64852895438597	16.19234419649123	0.0	-100.0	3	1.0329431398190405	0.4033105376790698	138.0	32	1.05	0.95				
	307	2	72.28725087719299	14.457450175438597	0.0	0.0	3	0.9917808260395485	-3.993021537706057	138.0	32	1.05	0.95				
	308	1	98.88895919999999	20.240430245614032	0.0	0.0	3	0.9997936122000175	-1.3736227943369415	138.0	32	1.05	0.95				
	309	1	101.20215122807016	20.818728252631576	0.0	0.0	3	1.026608263449037	4.093926461904114	138.0	33	1.05	0.95				
	310	1	112.76811136842105	23.131920280701756	0.0	0.0	3	1.05	3.6957292694336425	138.0	33	1.05	0.95				
	311	1	0.0	0.0	0.0	0.0	3	1.0149099308347558	9.81144486145544	230.0	33	1.05	0.95				
	312	1	0.0	0.0	0.0	0.0	3	1.0197614543837374	11.003512721356833	230.0	33	1.05	0.95				
	313	2	153.24897185964912	31.22809237894737	0.0	0.0	3	1.0361604135453941	17.362500062875604	230.0	34	1.05	0.95				
	314	2	112.1898133614035	22.553622273684212	0.0	0.0	3	1.0156947163166503	9.016019491267983	230.0	36	1.05	0.95				
	315	2	183.3204682245614	37.01107244912281	0.0	0.0	3	1.0311472336293728	5.161182177579919	230.0	36	1.05	0.95				
	316	2	57.82980070175439	11.565960140350878	0.0	0.0	3	1.0320381835241976	6.4468186937187335	230.0	36	1.05	0.95				
	317	1	0.0	0.0	0.0	0.0	3	1.036175192552997	5.807003393877149	230.0	37	1.05	0.95				
	318	2	192.57323633684211	39.32426447719298	0.0	0.0	3	1.03472852962211	4.910316627874823	230.0	37	1.05	0.95				
	319	1	104.67193927017544	21.39702625964912	0.0	0.0	3	1.0316234007037393	8.750591857283075	230.0	35	1.05	0.95				
	320	1	74.02214489824561	15.03574818245614	0.0	0.0	3	1.0335314703702088	10.448766377324242	230.0	35	1.05	0.95				
	321	2	0.0	0.0	0.0	0.0	3	1.0355014733007786	5.549978836863822	230.0	37	1.05	0.95				
	322	2	0.0	0.0	0.0	0.0	3	1.049038113251552	9.96542974385429	230.0	37	1.05	0.95				
	323	2	0.0	0.0	0.0	0.0	3	1.0347796057451804	11.192016133393103	230.0	35	1.05	0.95				
	324	1	0.0	0.0	0.0	0.0	3	1.0216838824355927	5.607366134708801	230.0	36	1.05	0.95				
	325	1	0.0	0.0	0.0	0.0	3	1.0369227594571808	11.198146397027473	230.0	35	1.05	0.95				
];
