%% MATPOWER Case Format : Version 2
function mpc = RTS_GMLC
mpc.version = '2';

%%-----  Power Flow Data  -----%%
%% system MVA base
mpc.baseMVA = 100.0;
%% bus data
%    bus_i    type    Pd    Qd    Gs    Bs    area    Vm    Va    baseKV    zone    Vmax    Vmin
mpc.bus = [
	101	2	82.92380009684211	16.89188520491228	0.0	0.0	1	1.0499999785191259	-0.38664760410630594	138.0	11	1.05	0.95				
	102	2	74.47785749438597	15.356259277192985	0.0	0.0	1	1.049322294827633	-0.6594019167451421	138.0	12	1.05	0.95				
	103	1	138.20633349473687	28.40907966280702	0.0	0.0	1	1.0273646726090861	-1.8889971634381042	138.0	11	1.05	0.95				
	104	1	56.81815932561404	11.517194457894735	0.0	0.0	1	1.025774350190252	-4.158392165575146	138.0	11	1.05	0.95				
	105	1	54.51472043403509	10.749381494035088	0.0	0.0	1	1.0390036728814256	-4.606561760591542	138.0	11	1.05	0.95				
	106	1	104.42256308491228	21.498762988070176	0.0	-100.0	1	1.0388742102844601	-7.722423299329043	138.0	12	1.05	0.95				
	107	2	95.97662048245614	19.195324096491227	0.0	0.0	1	1.0167593086113915	-10.775689332614844	138.0	12	1.05	0.95				
	108	1	131.29601682	26.873453735087715	0.0	0.0	1	1.004542799417286	-11.095417390602615	138.0	12	1.05	0.95				
	109	1	134.3672686754386	27.64126669894737	0.0	0.0	1	1.0265828314702063	-5.0610744917072585	138.0	13	1.05	0.95				
	110	1	149.72352795263157	30.71251855438597	0.0	0.0	1	1.05	-6.553144318785639	138.0	13	1.05	0.95				
	111	1	0.0	0.0	0.0	0.0	1	1.015502456638856	-2.11188152214331	230.0	13	1.05	0.95				
	112	1	0.0	0.0	0.0	0.0	1	1.0173593823526978	-1.4195116771908523	230.0	13	1.05	0.95				
	113	3	203.47043542280701	41.46190004842106	0.0	0.0	1	1.0178183357026211	-1.9989258025276604e-30	230.0	14	1.05	0.95				
	114	2	148.95571498877194	29.944705590526315	0.0	0.0	1	1.0192006208111182	-0.2387982957541729	230.0	16	1.05	0.95				
	115	2	243.3967095435088	49.140029687017545	0.0	0.0	1	1.044844162259111	7.782644894463611	230.0	16	1.05	0.95				
	116	2	76.78129638596491	15.356259277192985	0.0	0.0	1	1.043299969874845	7.059277357558209	230.0	16	1.05	0.95				
	117	1	0.0	0.0	0.0	0.0	1	1.0459851779467828	10.184255134245573	230.0	17	1.05	0.95				
	118	2	255.68171696526315	52.21128154245614	0.0	0.0	1	1.0478494161239658	10.693395722202332	230.0	17	1.05	0.95				
	119	1	138.9741464585965	28.40907966280702	0.0	0.0	1	1.0368219966971588	5.592982575415567	230.0	15	1.05	0.95				
	120	1	98.28005937403509	19.963137060350878	0.0	0.0	1	1.0372634303209427	5.343184448211282	230.0	15	1.05	0.95				
	121	2	0.0	0.0	0.0	0.0	1	1.05	12.503777653883514	230.0	17	1.05	0.95				
	122	2	0.0	0.0	0.0	0.0	1	1.05	19.07198503247691	230.0	17	1.05	0.95				
	123	2	0.0	0.0	0.0	0.0	1	1.0395801666620272	5.775396370343937	230.0	15	1.05	0.95				
	124	1	0.0	0.0	0.0	0.0	1	1.0261514831447875	4.186493439922359	230.0	16	1.05	0.95				
	201	2	77.72328034105264	15.832520069473683	0.0	0.0	2	1.0346206846820336	-12.156800318888653	138.0	21	1.05	0.95				
	202	2	69.80702030631578	14.393200063157893	0.0	0.0	2	1.0351378268524767	-12.14348788147245	138.0	22	1.05	0.95				
	203	1	129.53880056842104	26.627420116842103	0.0	0.0	2	1.0202735936032223	-10.35957772110104	138.0	21	1.05	0.95				
	204	1	53.254840233684206	10.79490004736842	0.0	0.0	2	1.0175192202853542	-13.397189767896062	138.0	21	1.05	0.95				
	205	1	51.09586022421052	10.075240044210526	0.0	0.0	2	1.0332217831117938	-13.735766377731675	138.0	21	1.05	0.95				
	206	1	97.87376042947369	20.15048008842105	0.0	-100.0	2	1.0383399863402152	-15.283641729915212	138.0	22	1.05	0.95				
	207	2	89.95750039473684	17.991500078947368	0.0	0.0	2	0.9664629374525808	-25.91469110567271	138.0	22	1.05	0.95				
	208	1	123.06186053999998	25.188100110526314	0.0	0.0	2	0.9700968214815938	-22.355567421305704	138.0	22	1.05	0.95				
	209	1	125.94050055263158	25.90776011368421	0.0	0.0	2	1.025742540371596	-11.504938027996591	138.0	23	1.05	0.95				
	210	1	140.33370061578947	28.786400126315787	0.0	0.0	2	1.05	-13.064368385649455	138.0	23	1.05	0.95				
	211	1	0.0	0.0	0.0	0.0	2	1.0245525294636746	-7.714316386687766	230.0	23	1.05	0.95				
	212	1	0.0	0.0	0.0	0.0	2	1.0231637640230975	-2.978369787319684	230.0	23	1.05	0.95				
	213	2	190.70990083684208	38.86164017052632	0.0	0.0	2	1.0322513449013575	-5.045588813887479	230.0	24	1.05	0.95				
	214	2	139.61404061263156	28.066740123157896	0.0	0.0	2	1.0361916954901291	-5.582599039522339	230.0	26	1.05	0.95				
	215	2	228.1322210010526	46.05824020210526	0.0	0.0	2	1.0431485567902181	1.8266587073377054	230.0	26	1.05	0.95				
	216	2	71.96600031578947	14.393200063157893	0.0	0.0	2	1.04448102826546	1.8618061665636543	230.0	26	1.05	0.95				
	217	1	0.0	0.0	0.0	0.0	2	1.0465327541965028	4.356324841653666	230.0	27	1.05	0.95				
	218	2	239.64678105157896	48.936880214736846	0.0	0.0	2	1.0471130689630057	4.581314348334357	230.0	27	1.05	0.95				
	219	1	130.25846057157895	26.627420116842103	0.0	0.0	2	1.0416029029349478	2.0086564845224837	230.0	25	1.05	0.95				
	220	1	92.11648040421052	18.711160082105263	0.0	0.0	2	1.0454400047294423	3.486640650911414	230.0	25	1.05	0.95				
	221	2	0.0	0.0	0.0	0.0	2	1.047108067007498	4.42339919788209	230.0	27	1.05	0.95				
	222	2	0.0	0.0	0.0	0.0	2	1.05	10.906763510254736	230.0	27	1.05	0.95				
	223	2	0.0	0.0	0.0	0.0	2	1.05	4.818061886893009	230.0	25	1.05	0.95				
	224	1	0.0	0.0	0.0	0.0	2	1.0192765830431165	-2.6874473551358573	230.0	26	1.05	0.95				
	301	2	70.34862384	14.330275226666666	0.0	0.0	3	1.0015824817035441	1.1109719845856563	138.0	31	1.05	0.95				
	302	2	63.183486226666666	13.027522933333332	0.0	0.0	3	1.0028473115872663	1.0415258517066688	138.0	32	1.05	0.95				
	303	1	117.2477064	24.100917426666665	0.0	0.0	3	1.0155810787346597	4.925605555641402	138.0	31	1.05	0.95				
	304	1	48.20183485333333	9.7706422	0.0	0.0	3	1.0030158017226016	3.34797355610619	138.0	31	1.05	0.95				
	305	1	46.247706413333326	9.119266053333334	0.0	0.0	3	1.0155847117167112	3.2373779554054734	138.0	31	1.05	0.95				
	306	1	88.58715594666667	18.238532106666668	0.0	-100.0	3	1.0319546868236245	3.701493918710514	138.0	32	1.05	0.95				
	307	2	81.42201833333334	16.284403666666666	0.0	0.0	3	0.9885534822107003	-1.0062251650099732	138.0	32	1.05	0.95				
	308	1	111.38532107999998	22.79816513333333	0.0	0.0	3	0.9966287530040823	1.980921315532117	138.0	32	1.05	0.95				
	309	1	113.99082566666667	23.44954128	0.0	0.0	3	1.0269028525193464	7.885292551931209	138.0	33	1.05	0.95				
	310	1	127.01834859999998	26.055045866666664	0.0	0.0	3	1.05	7.443896291808252	138.0	33	1.05	0.95				
	311	1	0.0	0.0	0.0	0.0	3	1.0176952753235808	14.48667482849985	230.0	33	1.05	0.95				
	312	1	0.0	0.0	0.0	0.0	3	1.0223580513497732	15.678651728179595	230.0	33	1.05	0.95				
	313	2	172.61467886666665	35.17431192	0.0	0.0	3	1.045559746408431	22.953429706875163	230.0	34	1.05	0.95				
	314	2	126.36697245333333	25.40366972	0.0	0.0	3	1.020840902562774	13.696397998147681	230.0	36	1.05	0.95				
	315	2	206.48623849333333	41.688073386666666	0.0	0.0	3	1.0378055346523745	9.611704219220446	230.0	36	1.05	0.95				
	316	2	65.13761466666666	13.027522933333332	0.0	0.0	3	1.038997847997531	11.135850406237711	230.0	36	1.05	0.95				
	317	1	0.0	0.0	0.0	0.0	3	1.0439332857932269	10.95659437920815	230.0	37	1.05	0.95				
	318	2	216.90825683999998	44.293577973333335	0.0	0.0	3	1.041646672149528	9.41901649904847	230.0	37	1.05	0.95				
	319	1	117.89908254666668	24.100917426666665	0.0	0.0	3	1.038098185462784	13.302640453058197	230.0	35	1.05	0.95				
	320	1	83.37614677333333	16.935779813333333	0.0	0.0	3	1.0400820712812255	14.933156365844034	230.0	35	1.05	0.95				
	321	2	0.0	0.0	0.0	0.0	3	1.0416450143773666	10.067229621339777	230.0	37	1.05	0.95				
	322	2	0.0	0.0	0.0	0.0	3	1.05	14.741723107071852	230.0	37	1.05	0.95				
	323	2	0.0	0.0	0.0	0.0	3	1.0412686278648247	15.54511482549451	230.0	35	1.05	0.95				
	324	1	0.0	0.0	0.0	0.0	3	1.0248864997891747	9.794266996426028	230.0	36	1.05	0.95				
	325	1	0.0	0.0	0.0	0.0	3	1.0432886159830033	15.291706302472843	230.0	35	1.05	0.95				
];
