%% MATPOWER Case Format : Version 2
function mpc = RTS_GMLC
mpc.version = '2';

%%-----  Power Flow Data  -----%%
%% system MVA base
mpc.baseMVA = 100.0;
%% bus data
%    bus_i    type    Pd    Qd    Gs    Bs    area    Vm    Va    baseKV    zone    Vmax    Vmin
mpc.bus = [
	101	2	77.78030676631579	15.844136563508771	0.0	0.0	1	1.0449122799979145	-0.13009336242541245	138.0	11	1.05	0.95				
	102	2	69.8582384845614	14.403760512280703	0.0	0.0	1	1.044329754382944	-0.3755909088902477	138.0	12	1.05	0.95				
	103	1	129.63384461052632	26.646956947719296	0.0	0.0	1	1.0286160142991494	-0.5465204729285964	138.0	11	1.05	0.95				
	104	1	53.29391389543859	10.802820384210525	0.0	0.0	1	1.0231769548234515	-3.8648614190125063	138.0	11	1.05	0.95				
	105	1	51.133349818596486	10.082632358596491	0.0	0.0	1	1.0371520370572254	-4.20192499718259	138.0	11	1.05	0.95				
	106	1	97.94557148350877	20.165264717192983	0.0	-100.0	1	1.0391540485931003	-7.183015688035432	138.0	12	1.05	0.95				
	107	2	90.02350320175438	18.004700640350876	0.0	0.0	1	1.0153019907543226	-11.665901284344393	138.0	12	1.05	0.95				
	108	1	123.15215237999999	25.206580896491225	0.0	0.0	1	1.0044557581339266	-11.24750905557152	138.0	12	1.05	0.95				
	109	1	126.03290448245615	25.92676892210526	0.0	0.0	1	1.0261269941187818	-4.533192209753297	138.0	13	1.05	0.95				
	110	1	140.43666499473684	28.807521024561407	0.0	0.0	1	1.05	-6.119749719142323	138.0	13	1.05	0.95				
	111	1	0.0	0.0	0.0	0.0	1	1.014777116785627	-1.6111460070345118	230.0	13	1.05	0.95				
	112	1	0.0	0.0	0.0	0.0	1	1.0169305042342662	-1.2820025362696048	230.0	13	1.05	0.95				
	113	3	190.84982678771928	38.890153383157894	0.0	0.0	1	1.0159680170477354	-5.3413520468279396e-30	230.0	14	1.05	0.95				
	114	2	139.7164769691228	28.087332998947367	0.0	0.0	1	1.019029207246953	0.7251555186913373	230.0	16	1.05	0.95				
	115	2	228.2996041196491	46.09203363929824	0.0	0.0	1	1.0444822971660144	9.501075944841123	230.0	16	1.05	0.95				
	116	2	72.0188025614035	14.403760512280703	0.0	0.0	1	1.0425309502907596	8.377553804655843	230.0	16	1.05	0.95				
	117	1	0.0	0.0	0.0	0.0	1	1.0458452849697304	12.053421119187913	230.0	17	1.05	0.95				
	118	2	239.8226125294737	48.972785741754386	0.0	0.0	1	1.0486805586347272	12.806333586884373	230.0	17	1.05	0.95				
	119	1	130.35403263614035	26.646956947719296	0.0	0.0	1	1.0359698361625547	6.331414484510743	230.0	15	1.05	0.95				
	120	1	92.18406727859649	18.72488866596491	0.0	0.0	1	1.0360686954966276	5.404472571455914	230.0	15	1.05	0.95				
	121	2	0.0	0.0	0.0	0.0	1	1.05	14.675033869166198	230.0	17	1.05	0.95				
	122	2	0.0	0.0	0.0	0.0	1	1.05	21.3112818281847	230.0	17	1.05	0.95				
	123	2	0.0	0.0	0.0	0.0	1	1.0379472645375711	5.431224267190561	230.0	15	1.05	0.95				
	124	1	0.0	0.0	0.0	0.0	1	1.025948812903611	5.758055498100753	230.0	16	1.05	0.95				
	201	2	83.52022664842104	17.01337950245614	0.0	0.0	2	1.0382501248430265	-15.099382915714676	138.0	21	1.05	0.95				
	202	2	75.01353689719296	15.46670863859649	0.0	0.0	2	1.0388677304980802	-15.104810936591843	138.0	22	1.05	0.95				
	203	1	139.2003777473684	28.613410981403504	0.0	0.0	2	1.0185970177771477	-12.414410154281615	138.0	21	1.05	0.95				
	204	1	57.22682196280701	11.600031478947367	0.0	0.0	2	1.017870782280773	-16.13627593991818	138.0	21	1.05	0.95				
	205	1	54.90681566701754	10.826696047017544	0.0	0.0	2	1.034339582220405	-16.56498237651057	138.0	21	1.05	0.95				
	206	1	105.17361874245614	21.653392094035087	0.0	-100.0	2	1.0376921255544456	-18.10082717809645	138.0	22	1.05	0.95				
	207	2	96.66692899122806	19.33338579824561	0.0	0.0	2	0.9532014981988279	-29.541348323813754	138.0	22	1.05	0.95				
	208	1	132.24035886	27.06674011754385	0.0	0.0	2	0.9592010251239502	-25.648265759795834	138.0	22	1.05	0.95				
	209	1	135.33370058771928	27.84007554947368	0.0	0.0	2	1.0253862287784843	-13.84867938779008	138.0	23	1.05	0.95				
	210	1	150.80040922631576	30.93341727719298	0.0	0.0	2	1.05	-15.617375115235	138.0	23	1.05	0.95				
	211	1	0.0	0.0	0.0	0.0	2	1.0308520118283857	-9.77503641798481	230.0	23	1.05	0.95				
	212	1	0.0	0.0	0.0	0.0	2	1.0255806449882579	-4.61621889262208	230.0	23	1.05	0.95				
	213	2	204.9338894614035	41.76011332421052	0.0	0.0	2	1.0426635040615089	-6.873799361965743	230.0	24	1.05	0.95				
	214	2	150.02707379438593	30.160081845263154	0.0	0.0	2	1.0468986167163794	-7.55172763453689	230.0	26	1.05	0.95				
	215	2	245.14733192175436	49.493467643508765	0.0	0.0	2	1.043478302994139	0.4019175470113372	230.0	26	1.05	0.95				
	216	2	77.33354319298245	15.46670863859649	0.0	0.0	2	1.0463499069174473	0.39390565403346717	230.0	26	1.05	0.95				
	217	1	0.0	0.0	0.0	0.0	2	1.0470969465678315	3.005649161645942	230.0	27	1.05	0.95				
	218	2	257.5206988326316	52.58680937122807	0.0	0.0	2	1.0476155379226983	3.116328308994466	230.0	27	1.05	0.95				
	219	1	139.97371317929824	28.613410981403504	0.0	0.0	2	1.0420249955350485	0.6880177657371602	230.0	25	1.05	0.95				
	220	1	98.98693528701753	20.106721230175438	0.0	0.0	2	1.0453265226798978	2.393260781265832	230.0	25	1.05	0.95				
	221	2	0.0	0.0	0.0	0.0	2	1.0477729555622437	2.9748474311760287	230.0	27	1.05	0.95				
	222	2	0.0	0.0	0.0	0.0	2	1.05	9.497292918570164	230.0	27	1.05	0.95				
	223	2	0.0	0.0	0.0	0.0	2	1.05	3.8877816255276296	230.0	25	1.05	0.95				
	224	1	0.0	0.0	0.0	0.0	2	1.0179866485681164	-4.338030477224989	230.0	26	1.05	0.95				
	301	2	72.27902561684212	14.723505218245613	0.0	0.0	3	0.9900741562467118	6.154799745853296	138.0	31	1.05	0.95				
	302	2	64.9172730077193	13.38500474385965	0.0	0.0	3	0.9924155864006869	6.095219975775857	138.0	32	1.05	0.95				
	303	1	120.46504269473685	24.762258776140353	0.0	0.0	3	1.0065974879096213	9.371721374315324	138.0	31	1.05	0.95				
	304	1	49.524517552280706	10.038753557894738	0.0	0.0	3	0.9912291791187224	8.648836174125947	138.0	31	1.05	0.95				
	305	1	47.51676684070175	9.369503320701755	0.0	0.0	3	1.0026030012051452	8.565966937672613	138.0	31	1.05	0.95				
	306	1	91.01803225824563	18.73900664140351	0.0	-100.0	3	1.018423651644788	9.156942963877384	138.0	32	1.05	0.95				
	307	2	83.65627964912281	16.731255929824563	0.0	0.0	3	0.9664928359267907	5.045123286548686	138.0	32	1.05	0.95				
	308	1	114.44179056000002	23.423758301754386	0.0	0.0	3	0.9799654185142354	8.161696039868726	138.0	32	1.05	0.95				
	309	1	117.11879150877193	24.09300853894737	0.0	0.0	3	1.0155541680183542	13.521518430287927	138.0	33	1.05	0.95				
	310	1	130.5037962526316	26.7700094877193	0.0	0.0	3	1.0369878822976035	13.16872899762528	138.0	33	1.05	0.95				
	311	1	0.0	0.0	0.0	0.0	3	1.006580125490429	20.316298154135804	230.0	33	1.05	0.95				
	312	1	0.0	0.0	0.0	0.0	3	1.012901186234547	21.83978904576516	230.0	33	1.05	0.95				
	313	2	177.35131285614037	36.13951280842106	0.0	0.0	3	1.0389479717921901	30.105434213623504	230.0	34	1.05	0.95				
	314	2	129.8345460154386	26.100759250526316	0.0	0.0	3	1.0107902745163504	18.4526039689426	230.0	36	1.05	0.95				
	315	2	212.15232519017545	42.83201518035088	0.0	0.0	3	1.038492266804251	12.562687746715211	230.0	36	1.05	0.95				
	316	2	66.92502371929825	13.38500474385965	0.0	0.0	3	1.039089311986495	14.122151438537259	230.0	36	1.05	0.95				
	317	1	0.0	0.0	0.0	0.0	3	1.0455685900274994	13.845022528340278	230.0	37	1.05	0.95				
	318	2	222.86032898526318	45.50901612912281	0.0	0.0	3	1.0436517777123109	11.95089793757613	230.0	37	1.05	0.95				
	319	1	121.13429293192983	24.762258776140353	0.0	0.0	3	1.0368962898787906	16.961671326766865	230.0	35	1.05	0.95				
	320	1	85.66403036070176	17.400506167017546	0.0	0.0	3	1.0388094743508993	19.22999658735582	230.0	35	1.05	0.95				
	321	2	0.0	0.0	0.0	0.0	3	1.042997501187507	12.753124001977435	230.0	37	1.05	0.95				
	322	2	0.0	0.0	0.0	0.0	3	1.05	17.511890212361692	230.0	37	1.05	0.95				
	323	2	0.0	0.0	0.0	0.0	3	1.0400687190789177	20.076979392582434	230.0	35	1.05	0.95				
	324	1	0.0	0.0	0.0	0.0	3	1.0230959701190327	13.388680187187104	230.0	36	1.05	0.95				
	325	1	0.0	0.0	0.0	0.0	3	1.0423533914350274	19.623347828418286	230.0	35	1.05	0.95				
];
