%% MATPOWER Case Format : Version 2
function mpc = RTS_GMLC
mpc.version = '2';

%%-----  Power Flow Data  -----%%
%% system MVA base
mpc.baseMVA = 100.0;
%% bus data
%    bus_i    type    Pd    Qd    Gs    Bs    area    Vm    Va    baseKV    zone    Vmax    Vmin
mpc.bus = [
	101	2	86.59772389894738	17.640277090526315	0.0	0.0	1	1.046058512625916	-0.424255783619792	138.0	11	1.05	0.95				
	102	2	77.7775853536842	16.036615536842106	0.0	0.0	1	1.0454662866350115	-0.6561372514856288	138.0	12	1.05	0.95				
	103	1	144.32953983157896	29.667738743157894	0.0	0.0	1	1.0260020436369728	-1.4552366416987168	138.0	11	1.05	0.95				
	104	1	59.33547748631579	12.027461652631578	0.0	0.0	1	1.0237238450214519	-3.9499649426291135	138.0	11	1.05	0.95				
	105	1	56.92998515578947	11.225630875789475	0.0	0.0	1	1.0367232267582878	-4.461412694300464	138.0	11	1.05	0.95				
	106	1	109.04898565052632	22.45126175157895	0.0	-100.0	1	1.0370832042089813	-7.488873343623209	138.0	12	1.05	0.95				
	107	2	100.22884710526316	20.045769421052633	0.0	0.0	1	1.0427755810952009	-5.473389792809828	138.0	12	1.05	0.95				
	108	1	137.11306284	28.06407718947368	0.0	0.0	1	1.0199008897427562	-7.884578953391533	138.0	12	1.05	0.95				
	109	1	140.3203859473684	28.865907966315792	0.0	0.0	1	1.0271580546667474	-4.491984057314541	138.0	13	1.05	0.95				
	110	1	156.3570014842105	32.07323107368421	0.0	0.0	1	1.05	-6.092216965370303	138.0	13	1.05	0.95				
	111	1	0.0	0.0	0.0	0.0	1	1.0149411295989232	-1.873667746757546	230.0	13	1.05	0.95				
	112	1	0.0	0.0	0.0	0.0	1	1.0172426029622987	-1.1974206621529762	230.0	13	1.05	0.95				
	113	3	212.48515586315787	43.29886194947369	0.0	0.0	1	1.0162966593390736	-1.2840466854138485e-29	230.0	14	1.05	0.95				
	114	2	155.5551707073684	31.271400296842106	0.0	0.0	1	1.017700029655839	-0.05553821188438086	230.0	16	1.05	0.95				
	115	2	254.18035625894734	51.31716971789474	0.0	0.0	1	1.0437837598683708	8.228215984353408	230.0	16	1.05	0.95				
	116	2	80.18307768421053	16.036615536842106	0.0	0.0	1	1.0423342960481112	7.383422561631545	230.0	16	1.05	0.95				
	117	1	0.0	0.0	0.0	0.0	1	1.0457358135198658	10.578548195240845	230.0	17	1.05	0.95				
	118	2	267.009648688421	54.52449282526316	0.0	0.0	1	1.0477707158143323	11.226478465231153	230.0	17	1.05	0.95				
	119	1	145.13137060842104	29.667738743157894	0.0	0.0	1	1.035612857408202	5.78098360253174	230.0	15	1.05	0.95				
	120	1	102.63433943578949	20.847600197894735	0.0	0.0	1	1.0361677604008648	5.4078593085055315	230.0	15	1.05	0.95				
	121	2	0.0	0.0	0.0	0.0	1	1.05	13.20249232163398	230.0	17	1.05	0.95				
	122	2	0.0	0.0	0.0	0.0	1	1.05	18.6868205964437	230.0	17	1.05	0.95				
	123	2	0.0	0.0	0.0	0.0	1	1.038696727286385	5.798205219394231	230.0	15	1.05	0.95				
	124	1	0.0	0.0	0.0	0.0	1	1.0249764065522973	4.628816609722204	230.0	16	1.05	0.95				
	201	2	83.5542263368421	17.020305364912282	0.0	0.0	2	1.040570393619288	-12.357368198612564	138.0	21	1.05	0.95				
	202	2	75.04407365438595	15.473004877192983	0.0	0.0	2	1.0408956180503979	-12.43215953506466	138.0	22	1.05	0.95				
	203	1	139.25704389473682	28.625059022807015	0.0	0.0	2	1.0251598559858384	-9.506298804371035	138.0	21	1.05	0.95				
	204	1	57.25011804561403	11.604753657894735	0.0	0.0	2	1.0192254334275643	-13.770297191686572	138.0	21	1.05	0.95				
	205	1	54.92916731403509	10.831103414035088	0.0	0.0	2	1.0354857142214335	-14.181809774805075	138.0	21	1.05	0.95				
	206	1	105.21643316491229	21.662206828070175	0.0	-100.0	2	1.0380861372973322	-15.931409418366314	138.0	22	1.05	0.95				
	207	2	96.70628048245614	19.34125609649123	0.0	0.0	2	0.9535152606564629	-27.47993236477103	138.0	22	1.05	0.95				
	208	1	132.2941917	27.077758535087714	0.0	0.0	2	0.9595242778383232	-23.588013164229334	138.0	22	1.05	0.95				
	209	1	135.3887926754386	27.851408778947366	0.0	0.0	2	1.0260805627728669	-11.743588864310915	138.0	23	1.05	0.95				
	210	1	150.86179755263157	30.946009754385965	0.0	0.0	2	1.05	-13.607362414594638	138.0	23	1.05	0.95				
	211	1	0.0	0.0	0.0	0.0	2	1.0294728858063078	-8.07966786687035	230.0	23	1.05	0.95				
	212	1	0.0	0.0	0.0	0.0	2	1.0257246516957383	-2.891375718573725	230.0	23	1.05	0.95				
	213	2	205.01731462280702	41.77711316842105	0.0	0.0	2	1.0400879928469853	-5.264549206277458	230.0	24	1.05	0.95				
	214	2	150.0881473087719	30.172359510526313	0.0	0.0	2	1.043475198473968	-6.105852825353427	230.0	26	1.05	0.95				
	215	2	245.24712730350876	49.51361560701754	0.0	0.0	2	1.043236098757066	1.4451245185144115	230.0	26	1.05	0.95				
	216	2	77.36502438596492	15.473004877192983	0.0	0.0	2	1.0451821359259341	1.4811132975036045	230.0	26	1.05	0.95				
	217	1	0.0	0.0	0.0	0.0	2	1.0465245355573343	3.951782794315012	230.0	27	1.05	0.95				
	218	2	257.62553120526314	52.608216582456144	0.0	0.0	2	1.046888976108718	4.089132109481265	230.0	27	1.05	0.95				
	219	1	140.0306941385965	28.625059022807015	0.0	0.0	2	1.0413322676135373	1.798530350216469	230.0	25	1.05	0.95				
	220	1	99.02723121403508	20.114906340350878	0.0	0.0	2	1.0450695104211747	3.5258207638308665	230.0	25	1.05	0.95				
	221	2	0.0	0.0	0.0	0.0	2	1.0469776249394815	3.971945351906872	230.0	27	1.05	0.95				
	222	2	0.0	0.0	0.0	0.0	2	1.05	10.473659557855314	230.0	27	1.05	0.95				
	223	2	0.0	0.0	0.0	0.0	2	1.05	5.031971437194125	230.0	25	1.05	0.95				
	224	1	0.0	0.0	0.0	0.0	2	1.0227730897256466	-2.627771984061942	230.0	26	1.05	0.95				
	301	2	67.49572918736844	13.749130019649126	0.0	0.0	3	0.9955589827792595	8.19662276175098	138.0	31	1.05	0.95				
	302	2	60.62116417754386	12.499209108771932	0.0	0.0	3	0.9965245848470455	8.162516190857081	138.0	32	1.05	0.95				
	303	1	112.49288197894738	23.123536851228074	0.0	0.0	3	1.0143213610424509	10.806140663411538	138.0	31	1.05	0.95				
	304	1	46.24707370245615	9.374406831578948	0.0	0.0	3	1.0010022435617254	10.3988551585659	138.0	31	1.05	0.95				
	305	1	44.37219233614035	8.749446376140353	0.0	0.0	3	1.0128327336262688	10.412482614952056	138.0	31	1.05	0.95				
	306	1	84.99462193964914	17.498892752280707	0.0	-100.0	3	1.0311767947577932	10.946431157275907	138.0	32	1.05	0.95				
	307	2	78.12005692982457	15.624011385964915	0.0	0.0	3	0.984753689838649	7.502078511070825	138.0	32	1.05	0.95				
	308	1	106.86823788000001	21.87361594035088	0.0	0.0	3	0.9978847255802981	10.292883586107695	138.0	32	1.05	0.95				
	309	1	109.3680797017544	22.498576395789478	0.0	0.0	3	1.0272510008599842	14.764796509574225	138.0	33	1.05	0.95				
	310	1	121.86728881052633	24.998418217543865	0.0	0.0	3	1.05	14.614926023003925	138.0	33	1.05	0.95				
	311	1	0.0	0.0	0.0	0.0	3	1.0176593356239412	21.10599041022562	230.0	33	1.05	0.95				
	312	1	0.0	0.0	0.0	0.0	3	1.0239830578196392	22.461843124903538	230.0	33	1.05	0.95				
	313	2	165.61452069122808	33.74786459368422	0.0	0.0	3	1.0477466291113542	30.240227608352573	230.0	34	1.05	0.95				
	314	2	121.24232835508772	24.373457762105268	0.0	0.0	3	1.0192527888339256	19.30668262554791	230.0	36	1.05	0.95				
	315	2	198.1124643740351	39.99746914807018	0.0	0.0	3	1.0391004037591485	13.3464186780844	230.0	36	1.05	0.95				
	316	2	62.49604554385966	12.499209108771932	0.0	0.0	3	1.041328505819311	15.055175058280662	230.0	36	1.05	0.95				
	317	1	0.0	0.0	0.0	0.0	3	1.0439253888502644	13.431690249812783	230.0	37	1.05	0.95				
	318	2	208.11183166105266	42.49731096982457	0.0	0.0	3	1.0426546364849911	12.02227200584693	230.0	37	1.05	0.95				
	319	1	113.11784243438598	23.123536851228074	0.0	0.0	3	1.041102066479429	17.72126318794805	230.0	35	1.05	0.95				
	320	1	79.99493829614036	16.248971841403513	0.0	0.0	3	1.0437849140956137	19.70736888849325	230.0	35	1.05	0.95				
	321	2	0.0	0.0	0.0	0.0	3	1.0425990210859744	13.03677414237979	230.0	37	1.05	0.95				
	322	2	0.0	0.0	0.0	0.0	3	1.05	17.518447039310264	230.0	37	1.05	0.95				
	323	2	0.0	0.0	0.0	0.0	3	1.045131505748116	20.390697659703157	230.0	35	1.05	0.95				
	324	1	0.0	0.0	0.0	0.0	3	1.0267664451843768	14.333472843741706	230.0	36	1.05	0.95				
	325	1	0.0	0.0	0.0	0.0	3	1.0470293136996578	19.785203356484153	230.0	35	1.05	0.95				
];
