%% MATPOWER Case Format : Version 2
function mpc = RTS_GMLC
mpc.version = '2';

%%-----  Power Flow Data  -----%%
%% system MVA base
mpc.baseMVA = 100.0;
%% bus data
%    bus_i    type    Pd    Qd    Gs    Bs    area    Vm    Va    baseKV    zone    Vmax    Vmin
mpc.bus = [
	101	2	89.65710045473685	18.263483425964914	0.0	0.0	1	1.0343093258024005	-3.49834051855522	138.0	11	1.05	0.95				
	102	2	80.52535874175439	16.603166750877197	0.0	0.0	1	1.0342160536590799	-3.6054709933205213	138.0	12	1.05	0.95				
	103	1	149.42850075789477	30.71585848912281	0.0	0.0	1	1.0148172584972814	-3.292308758929473	138.0	11	1.05	0.95				
	104	1	61.43171697824562	12.452375063157895	0.0	0.0	1	1.0157398052044557	-6.4340041438839615	138.0	11	1.05	0.95				
	105	1	58.94124196561403	11.622216725614038	0.0	0.0	1	1.030959150211871	-6.683265156402794	138.0	11	1.05	0.95				
	106	1	112.90153390596494	23.244433451228076	0.0	-100.0	1	1.0340743945138136	-9.222570572797856	138.0	12	1.05	0.95				
	107	2	103.76979219298246	20.75395843859649	0.0	0.0	1	1.05	-7.12120401063995	138.0	12	1.05	0.95				
	108	1	141.95707572	29.055541814035085	0.0	0.0	1	1.0231050019289638	-9.406314627437416	138.0	12	1.05	0.95				
	109	1	145.27770907017546	29.88570015157895	0.0	0.0	1	1.0263275762174908	-5.656012082410222	138.0	13	1.05	0.95				
	110	1	161.88087582105263	33.20633350175439	0.0	0.0	1	1.05	-7.297181302292069	138.0	13	1.05	0.95				
	111	1	0.0	0.0	0.0	0.0	1	1.0185485983087637	-1.9940721227727067	230.0	13	1.05	0.95				
	112	1	0.0	0.0	0.0	0.0	1	1.0186983756183199	-1.3369489270648705	230.0	13	1.05	0.95				
	113	3	219.99195944912282	44.828550227368424	0.0	0.0	1	1.0226759755278132	3.30219998900043e-28	230.0	14	1.05	0.95				
	114	2	161.05071748350878	32.37617516421053	0.0	0.0	1	1.0267058206092663	0.7164055820661849	230.0	16	1.05	0.95				
	115	2	263.1601930014035	53.130133602807014	0.0	0.0	1	1.0418272923253538	10.307658276453143	230.0	16	1.05	0.95				
	116	2	83.01583375438597	16.603166750877197	0.0	0.0	1	1.0423888813152922	9.640026809498384	230.0	16	1.05	0.95				
	117	1	0.0	0.0	0.0	0.0	1	1.0450515688901152	14.01159188832653	230.0	17	1.05	0.95				
	118	2	276.4427264021053	56.45076695298247	0.0	0.0	1	1.05	14.580987627334027	230.0	17	1.05	0.95				
	119	1	150.25865909543862	30.71585848912281	0.0	0.0	1	1.0381524834814775	7.490577588930399	230.0	15	1.05	0.95				
	120	1	106.26026720561403	21.584116776140352	0.0	0.0	1	1.042599311707256	7.183954696275609	230.0	15	1.05	0.95				
	121	2	0.0	0.0	0.0	0.0	1	1.05	15.435841371349923	230.0	17	1.05	0.95				
	122	2	0.0	0.0	0.0	0.0	1	1.05	27.497491435833666	230.0	17	1.05	0.95				
	123	2	0.0	0.0	0.0	0.0	1	1.0473797275850683	7.622404094584016	230.0	15	1.05	0.95				
	124	1	0.0	0.0	0.0	0.0	1	1.0144537269777416	5.286418226437199	230.0	16	1.05	0.95				
	201	2	104.19203527578948	21.224303482105263	0.0	0.0	2	1.05	-15.314769022156193	138.0	21	1.05	0.95				
	202	2	93.57988353473684	19.294821347368423	0.0	0.0	2	1.05	-15.352387123242787	138.0	22	1.05	0.95				
	203	1	173.6533921263158	35.69541949263157	0.0	0.0	2	1.019645615928292	-11.478168434506479	138.0	21	1.05	0.95				
	204	1	71.39083898526314	14.471116010526314	0.0	0.0	2	1.0156753127799367	-16.66900729647498	138.0	21	1.05	0.95				
	205	1	68.49661578315789	13.506374943157894	0.0	0.0	2	1.0338776702098098	-17.21496622503425	138.0	21	1.05	0.95				
	206	1	131.20478516210528	27.012749886315788	0.0	-100.0	2	1.0285296676763989	-19.179390936258795	138.0	22	1.05	0.95				
	207	2	120.59263342105262	24.118526684210526	0.0	0.0	2	0.95	-27.599297314915066	138.0	22	1.05	0.95				
	208	1	164.97072252	33.765937357894735	0.0	0.0	2	0.9502373097883775	-25.394863436173097	138.0	22	1.05	0.95				
	209	1	168.82968678947367	34.73067842526316	0.0	0.0	2	1.0195644516100562	-13.838815925436956	138.0	23	1.05	0.95				
	210	1	188.12450813684208	38.589642694736845	0.0	0.0	2	1.0424729925862712	-16.1251939602534	138.0	23	1.05	0.95				
	211	1	0.0	0.0	0.0	0.0	2	1.0288012963481075	-8.215758100122091	230.0	23	1.05	0.95				
	212	1	0.0	0.0	0.0	0.0	2	1.0201692715172674	-4.937996015700516	230.0	23	1.05	0.95				
	213	2	255.65638285263157	52.09601763789474	0.0	0.0	2	1.05	-3.04172026466453	230.0	24	1.05	0.95				
	214	2	187.15976706947367	37.62490162736842	0.0	0.0	2	1.05	-6.3378779431477215	230.0	26	1.05	0.95				
	215	2	305.82291835578945	61.74342831157895	0.0	0.0	2	1.0431359519867223	2.3940594001105073	230.0	26	1.05	0.95				
	216	2	96.4741067368421	19.294821347368423	0.0	0.0	2	1.0473430809047508	2.3279576986185844	230.0	26	1.05	0.95				
	217	1	0.0	0.0	0.0	0.0	2	1.0493090946596682	5.516559852974112	230.0	27	1.05	0.95				
	218	2	321.2587754336842	65.60239258105264	0.0	0.0	2	1.05	5.913909547230006	230.0	27	1.05	0.95				
	219	1	174.6181331936842	35.69541949263157	0.0	0.0	2	1.040724747152113	2.193780818198326	230.0	25	1.05	0.95				
	220	1	123.4868566231579	25.083267751578948	0.0	0.0	2	1.0442591958203291	3.884886945220129	230.0	25	1.05	0.95				
	221	2	0.0	0.0	0.0	0.0	2	1.05	6.476718630437429	230.0	27	1.05	0.95				
	222	2	0.0	0.0	0.0	0.0	2	1.05	12.612033903652343	230.0	27	1.05	0.95				
	223	2	0.0	0.0	0.0	0.0	2	1.05	5.507981803146421	230.0	25	1.05	0.95				
	224	1	0.0	0.0	0.0	0.0	2	1.0166467337273128	-2.7448560338381762	230.0	26	1.05	0.95				
	301	2	75.66149952	15.412527679999998	0.0	0.0	3	1.0156598446919494	-10.583448964609694	138.0	31	1.05	0.95				
	302	2	67.95523567999999	14.011388799999999	0.0	0.0	3	1.0137645903506571	-10.95136110571895	138.0	32	1.05	0.95				
	303	1	126.10249920000001	25.921069279999998	0.0	0.0	3	1.0475189093228172	3.369570967582397	138.0	31	1.05	0.95				
	304	1	51.842138559999995	10.508541600000001	0.0	0.0	3	1.0068648749288278	-9.234381924718786	138.0	31	1.05	0.95				
	305	1	49.740430239999995	9.80797216	0.0	0.0	3	1.0235421305999302	-10.59014392657561	138.0	31	1.05	0.95				
	306	1	95.27744384	19.61594432	0.0	-100.0	3	1.0337946970007275	-11.364196970718412	138.0	32	1.05	0.95				
	307	2	87.57118	17.514236	0.0	0.0	3	1.0019162516702562	-13.670637850047331	138.0	32	1.05	0.95				
	308	1	119.79737423999998	24.519930399999996	0.0	0.0	3	0.9970541284728396	-12.844014409453829	138.0	32	1.05	0.95				
	309	1	122.599652	25.22049984	0.0	0.0	3	1.0259445675246408	-4.961240906760221	138.0	33	1.05	0.95				
	310	1	136.61104079999998	28.022777599999998	0.0	0.0	3	1.05	-8.353856137470302	138.0	33	1.05	0.95				
	311	1	0.0	0.0	0.0	0.0	3	1.0190278476811554	-1.7509894019673382	230.0	33	1.05	0.95				
	312	1	0.0	0.0	0.0	0.0	3	1.0194833854557728	-1.1581093368091693	230.0	33	1.05	0.95				
	313	2	185.6509016	37.83074976	0.0	0.0	3	1.0261526516638562	1.9011825004048482	230.0	34	1.05	0.95				
	314	2	135.91047135999997	27.32220816	0.0	0.0	3	1.0276749073580171	-0.07226187108430829	230.0	36	1.05	0.95				
	315	2	222.08051248	44.83644416	0.0	0.0	3	1.0491692859170987	4.472660931972365	230.0	36	1.05	0.95				
	316	2	70.056944	14.011388799999999	0.0	0.0	3	1.0453896965717313	4.084619972678212	230.0	36	1.05	0.95				
	317	1	0.0	0.0	0.0	0.0	3	1.0492520292457976	6.790705587068324	230.0	37	1.05	0.95				
	318	2	233.28962352000002	47.63872192	0.0	0.0	3	1.048360335269918	6.378066830902672	230.0	37	1.05	0.95				
	319	1	126.80306863999999	25.921069279999998	0.0	0.0	3	1.0392968114906262	3.3467038397327005	230.0	35	1.05	0.95				
	320	1	89.67288832	18.21480544	0.0	0.0	3	1.0389078048747997	3.5661324209575658	230.0	35	1.05	0.95				
	321	2	0.0	0.0	0.0	0.0	3	1.05	7.689945261801614	230.0	37	1.05	0.95				
	322	2	0.0	0.0	0.0	0.0	3	1.05	13.113087136572247	230.0	37	1.05	0.95				
	323	2	0.0	0.0	0.0	0.0	3	1.0401952572115327	4.078279050800608	230.0	35	1.05	0.95				
	324	1	0.0	0.0	0.0	0.0	3	1.0453415486135604	5.046265231584369	230.0	36	1.05	0.95				
	325	1	0.0	0.0	0.0	0.0	3	1.0383432216783457	5.029503721187049	230.0	35	1.05	0.95				
];

%% generator data
%    bus    Pg    Qg    Qmax    Qmin    Vg    mBase    status    Pmax    Pmin    Pc1    Pc2    Qc1min    Qc1max    Qc2min    Qc2max    ramp_agc    ramp_10    ramp_30    ramp_q    apf
