%% MATPOWER Case Format : Version 2
function mpc = RTS_GMLC
mpc.version = '2';

%%-----  Power Flow Data  -----%%
%% system MVA base
mpc.baseMVA = 100.0;
%% bus data
%    bus_i    type    Pd    Qd    Gs    Bs    area    Vm    Va    baseKV    zone    Vmax    Vmin
mpc.bus = [
	101	2	77.37951509052631	15.76249381473684	0.0	0.0	1	1.0323681608424389	-1.8467357970380127	138.0	11	1.05	0.95				
	102	2	69.49826818315789	14.329539831578947	0.0	0.0	1	1.0323647357849743	-1.9089972184564412	138.0	12	1.05	0.95				
	103	1	128.96585848421051	26.509648688421052	0.0	0.0	1	1.0207486184406502	-2.2417916102712603	138.0	11	1.05	0.95				
	104	1	53.019297376842104	10.74715487368421	0.0	0.0	1	1.0164903584217393	-4.804146415331509	138.0	11	1.05	0.95				
	105	1	50.86986640210526	10.030677882105262	0.0	0.0	1	1.0316010157129318	-4.846308861156478	138.0	11	1.05	0.95				
	106	1	97.44087085473684	20.061355764210525	0.0	-100.0	1	1.0370861337359807	-7.179191689891054	138.0	12	1.05	0.95				
	107	2	89.55962394736841	17.911924789473684	0.0	0.0	1	1.0471496669071614	-4.065296099273657	138.0	12	1.05	0.95				
	108	1	122.51756555999998	25.076694705263154	0.0	0.0	1	1.0248839482836334	-6.648960586829575	138.0	12	1.05	0.95				
	109	1	125.38347352631578	25.793171696842098	0.0	0.0	1	1.026425531712947	-4.271516262641537	138.0	13	1.05	0.95				
	110	1	139.7130133578947	28.659079663157893	0.0	0.0	1	1.05	-5.623898657882819	138.0	13	1.05	0.95				
	111	1	0.0	0.0	0.0	0.0	1	1.0128867773001842	-1.4175202632799597	230.0	13	1.05	0.95				
	112	1	0.0	0.0	0.0	0.0	1	1.0153941569396785	-0.7917129206232342	230.0	13	1.05	0.95				
	113	3	189.866402768421	38.689757545263156	0.0	0.0	1	1.0127572726376701	-2.1272515187724704e-27	230.0	14	1.05	0.95				
	114	2	138.99653636631578	27.942602671578946	0.0	0.0	1	1.0156128536918982	0.9255422478668947	230.0	16	1.05	0.95				
	115	2	227.12320633052627	45.854527461052626	0.0	0.0	1	1.044715227834192	9.117391453086586	230.0	16	1.05	0.95				
	116	2	71.64769915789473	14.329539831578947	0.0	0.0	1	1.0426960955103661	8.540573085814344	230.0	16	1.05	0.95				
	117	1	0.0	0.0	0.0	0.0	1	1.0461883056263868	12.2131351761481	230.0	17	1.05	0.95				
	118	2	238.58683819578945	48.72043542736842	0.0	0.0	1	1.049806171622475	12.740205025413617	230.0	17	1.05	0.95				
	119	1	129.68233547578947	26.509648688421052	0.0	0.0	1	1.0360706879284332	6.833561346458703	230.0	15	1.05	0.95				
	120	1	91.70905492210525	18.62840178105263	0.0	0.0	1	1.036881535460231	6.7038929245607095	230.0	15	1.05	0.95				
	121	2	0.0	0.0	0.0	0.0	1	1.05	13.297261650935507	230.0	17	1.05	0.95				
	122	2	0.0	0.0	0.0	0.0	1	1.05	23.167757920279335	230.0	17	1.05	0.95				
	123	2	0.0	0.0	0.0	0.0	1	1.0391804239133327	7.165045242055614	230.0	15	1.05	0.95				
	124	1	0.0	0.0	0.0	0.0	1	1.021511455358178	4.915868931629951	230.0	16	1.05	0.95				
	201	2	79.10026760842106	16.113017475789473	0.0	0.0	2	1.0382822041987874	-12.862859085221187	138.0	21	1.05	0.95				
	202	2	71.0437588705263	14.648197705263158	0.0	0.0	2	1.0384393134000713	-12.972560993347763	138.0	22	1.05	0.95				
	203	1	131.83377934736842	27.09916575473684	0.0	0.0	2	1.0258564822275629	-9.032434823193965	138.0	21	1.05	0.95				
	204	1	54.19833150947368	10.986148278947368	0.0	0.0	2	1.018389310607421	-14.615104841723445	138.0	21	1.05	0.95				
	205	1	52.001101853684204	10.25373839368421	0.0	0.0	2	1.0347749135057651	-15.09989999462571	138.0	21	1.05	0.95				
	206	1	99.60774439578948	20.50747678736842	0.0	-100.0	2	1.0385481728916335	-17.047628101003532	138.0	22	1.05	0.95				
	207	2	91.55123565789474	18.310247131578947	0.0	0.0	2	0.9629459263229296	-27.955110904605707	138.0	22	1.05	0.95				
	208	1	125.24209037999998	25.634345984210523	0.0	0.0	2	0.9671364335028924	-24.31529373416704	138.0	22	1.05	0.95				
	209	1	128.17172992105264	26.366755869473685	0.0	0.0	2	1.0250389946805762	-12.998874850983801	138.0	23	1.05	0.95				
	210	1	142.8199276263158	29.296395410526316	0.0	0.0	2	1.05	-15.071217590233886	138.0	23	1.05	0.95				
	211	1	0.0	0.0	0.0	0.0	2	1.027104078441915	-8.315133295781271	230.0	23	1.05	0.95				
	212	1	0.0	0.0	0.0	0.0	2	1.0206266170205174	-7.260368683219479	230.0	23	1.05	0.95				
	213	2	194.08861959473683	39.55013380421053	0.0	0.0	2	1.0377368062988723	-5.205823131759643	230.0	24	1.05	0.95				
	214	2	142.0875177410526	28.563985525263156	0.0	0.0	2	1.0438595933478167	-5.500253498694382	230.0	26	1.05	0.95				
	215	2	232.17393362842103	46.8742326568421	0.0	0.0	2	1.0440649876684533	3.1270013624692106	230.0	26	1.05	0.95				
	216	2	73.24098852631579	14.648197705263158	0.0	0.0	2	1.048109067644691	2.9962696243199383	230.0	26	1.05	0.95				
	217	1	0.0	0.0	0.0	0.0	2	1.0485865111528028	6.409029519107968	230.0	27	1.05	0.95				
	218	2	243.8924917926316	49.80387219789474	0.0	0.0	2	1.0499999861331801	7.170723666776822	230.0	27	1.05	0.95				
	219	1	132.56618923263156	27.09916575473684	0.0	0.0	2	1.0438203917088604	2.2109932365980387	230.0	25	1.05	0.95				
	220	1	93.7484653136842	19.042657016842103	0.0	0.0	2	1.046444130768483	2.897061538809459	230.0	25	1.05	0.95				
	221	2	0.0	0.0	0.0	0.0	2	1.05	7.544629457890816	230.0	27	1.05	0.95				
	222	2	0.0	0.0	0.0	0.0	2	1.05	13.610899897160008	230.0	27	1.05	0.95				
	223	2	0.0	0.0	0.0	0.0	2	1.05	3.8057224729417363	230.0	25	1.05	0.95				
	224	1	0.0	0.0	0.0	0.0	2	1.0219530228900626	-1.397099027813872	230.0	26	1.05	0.95				
	301	2	67.05156596210527	13.658652325614035	0.0	0.0	3	1.0154876907840082	-14.9121373077052	138.0	31	1.05	0.95				
	302	2	60.22223979929825	12.416956659649124	0.0	0.0	3	1.0139094931330859	-15.274452968129316	138.0	32	1.05	0.95				
	303	1	111.7526099368421	22.97136982035088	0.0	0.0	3	1.05	0.5297962926152477	138.0	31	1.05	0.95				
	304	1	45.94273964070176	9.312717494736843	0.0	0.0	3	1.008747078446157	-13.402303267223784	138.0	31	1.05	0.95				
	305	1	44.080196141754385	8.691869661754387	0.0	0.0	3	1.0248034048915884	-15.630103677368542	138.0	31	1.05	0.95				
	306	1	84.43530528561405	17.383739323508774	0.0	-100.0	3	1.0362417415426721	-16.71968818955922	138.0	32	1.05	0.95				
	307	2	77.60597912280703	15.521195824561405	0.0	0.0	3	0.9917204778478576	-22.948142111781344	138.0	32	1.05	0.95				
	308	1	106.16497944000001	21.729674154385965	0.0	0.0	3	0.9901288783326606	-20.17600906915428	138.0	32	1.05	0.95				
	309	1	108.64837077192983	22.35052198736842	0.0	0.0	3	1.0261916674136329	-9.331946801874489	138.0	33	1.05	0.95				
	310	1	121.06532743157894	24.833913319298247	0.0	0.0	3	1.05	-14.36131394585678	138.0	33	1.05	0.95				
	311	1	0.0	0.0	0.0	0.0	3	1.0197541330287974	-7.739569493401074	230.0	33	1.05	0.95				
	312	1	0.0	0.0	0.0	0.0	3	1.0195818285925942	-7.244234798964675	230.0	33	1.05	0.95				
	313	2	164.5246757403509	33.525782981052636	0.0	0.0	3	1.023909321967865	-4.927962160345544	230.0	34	1.05	0.95				
	314	2	120.4444795985965	24.21306548631579	0.0	0.0	3	1.0288689969138587	-6.099745411254841	230.0	36	1.05	0.95				
	315	2	196.8087630554386	39.734261310877194	0.0	0.0	3	1.0481915681277452	0.4049930345568472	230.0	36	1.05	0.95				
	316	2	62.08478329824562	12.416956659649124	0.0	0.0	3	1.0458932557487701	-0.012167724457932481	230.0	36	1.05	0.95				
	317	1	0.0	0.0	0.0	0.0	3	1.05	3.4549082750869236	230.0	37	1.05	0.95				
	318	2	206.74232838315788	42.217652642807025	0.0	0.0	3	1.047350331094943	2.851732069325329	230.0	37	1.05	0.95				
	319	1	112.37345776982457	22.97136982035088	0.0	0.0	3	1.040017527164444	-1.557012377661285	230.0	35	1.05	0.95				
	320	1	79.46852262175439	16.142043657543862	0.0	0.0	3	1.0402607092358205	-1.7327127108647935	230.0	35	1.05	0.95				
	321	2	0.0	0.0	0.0	0.0	3	1.05	3.5585722596478084	230.0	37	1.05	0.95				
	322	2	0.0	0.0	0.0	0.0	3	1.05	7.865390950248095	230.0	37	1.05	0.95				
	323	2	0.0	0.0	0.0	0.0	3	1.0417753741181428	-1.3689699375206337	230.0	35	1.05	0.95				
	324	1	0.0	0.0	0.0	0.0	3	1.0448189436473083	0.46291174336380525	230.0	36	1.05	0.95				
	325	1	0.0	0.0	0.0	0.0	3	1.0381768771977806	-0.15201197082721735	230.0	35	1.05	0.95				
];
