%% MATPOWER Case Format : Version 2
function mpc = RTS_GMLC
mpc.version = '2';

%%-----  Power Flow Data  -----%%
%% system MVA base
mpc.baseMVA = 100.0;
%% bus data
%    bus_i    type    Pd    Qd    Gs    Bs    area    Vm    Va    baseKV    zone    Vmax    Vmin
mpc.bus = [
	101	2	52.116279082105265	10.616279072280701	0.0	0.0	1	1.0348005969003835	0.5134376181200838	138.0	11	1.05	0.95				
	102	2	46.80813954596491	9.651162792982456	0.0	0.0	1	1.0344031491857626	0.35975821888082415	138.0	12	1.05	0.95				
	103	1	86.86046513684211	17.854651167017543	0.0	0.0	1	1.0269060318744023	-1.0144774582107088	138.0	11	1.05	0.95				
	104	1	35.70930233403509	7.2383720947368415	0.0	0.0	1	1.0209194637853773	-2.8456399023599226	138.0	11	1.05	0.95				
	105	1	34.261627915087715	6.755813955087719	0.0	0.0	1	1.0357782801857138	-2.684076828172348	138.0	11	1.05	0.95				
	106	1	65.6279069922807	13.511627910175438	0.0	-100.0	1	1.0441649688011416	-4.963413026505172	138.0	12	1.05	0.95				
	107	2	60.31976745614035	12.06395349122807	0.0	0.0	1	1.0012897970464563	-11.814735391733286	138.0	12	1.05	0.95				
	108	1	82.51744187999999	16.8895348877193	0.0	0.0	1	1.0023854169098754	-9.98423093049618	138.0	12	1.05	0.95				
	109	1	84.4476744385965	17.37209302736842	0.0	0.0	1	1.024810531120949	-3.5191859051912284	138.0	13	1.05	0.95				
	110	1	94.09883723157894	19.302325585964912	0.0	0.0	1	1.05	-4.410371305413656	138.0	13	1.05	0.95				
	111	1	0.0	0.0	0.0	0.0	1	1.0058612720568803	-1.1113206046488342	230.0	13	1.05	0.95				
	112	1	0.0	0.0	0.0	0.0	1	1.0107008832448623	-0.7799630930703748	230.0	13	1.05	0.95				
	113	3	127.87790700701753	26.058139541052633	0.0	0.0	1	1.0021407174958084	-2.570994173457398e-28	230.0	14	1.05	0.95				
	114	2	93.61627909192983	18.81976744631579	0.0	0.0	1	1.0032593897136821	0.8879037022395911	230.0	16	1.05	0.95				
	115	2	152.97093026877192	30.883720937543863	0.0	0.0	1	1.0373457997678774	7.174956446728621	230.0	16	1.05	0.95				
	116	2	48.25581396491228	9.651162792982456	0.0	0.0	1	1.0338336576116334	6.544942294611627	230.0	16	1.05	0.95				
	117	1	0.0	0.0	0.0	0.0	1	1.0400130371887186	8.958721986153483	230.0	17	1.05	0.95				
	118	2	160.6918605031579	32.81395349614035	0.0	0.0	1	1.0423693087715902	9.085804383186886	230.0	17	1.05	0.95				
	119	1	87.34302327649122	17.854651167017543	0.0	0.0	1	1.0277883744782959	5.171027205302065	230.0	15	1.05	0.95				
	120	1	61.76744187508773	12.546511630877195	0.0	0.0	1	1.0263087963058553	4.907049103631234	230.0	15	1.05	0.95				
	121	2	0.0	0.0	0.0	0.0	1	1.0456014250046373	10.313362121718505	230.0	17	1.05	0.95				
	122	2	0.0	0.0	0.0	0.0	1	1.05	17.74773320906144	230.0	17	1.05	0.95				
	123	2	0.0	0.0	0.0	0.0	1	1.026269862600671	5.132401059749725	230.0	15	1.05	0.95				
	124	1	0.0	0.0	0.0	0.0	1	1.023036712182597	4.111302896542502	230.0	16	1.05	0.95				
	201	2	59.261451271578956	12.071777110877195	0.0	0.0	2	1.03089891367153	-12.160025962750119	138.0	21	1.05	0.95				
	202	2	53.22556271614035	10.974342828070178	0.0	0.0	2	1.0313325540501168	-12.148742447756367	138.0	22	1.05	0.95				
	203	1	98.76908545263159	20.302534231929826	0.0	0.0	2	1.01727117533102	-11.053822108809586	138.0	21	1.05	0.95				
	204	1	40.60506846385965	8.230757121052632	0.0	0.0	2	1.0178164839609536	-14.182904298436032	138.0	21	1.05	0.95				
	205	1	38.95891703964912	7.682039979649124	0.0	0.0	2	1.03348285783505	-14.405138955214724	138.0	21	1.05	0.95				
	206	1	74.6255312308772	15.364079959298248	0.0	-100.0	2	1.0421113862995484	-16.176045791260226	138.0	22	1.05	0.95				
	207	2	68.5896426754386	13.71792853508772	0.0	0.0	2	0.9895041610769055	-24.40059034609477	138.0	22	1.05	0.95				
	208	1	93.83063118	19.205099949122804	0.0	0.0	2	0.9915913401476293	-21.804613413142206	138.0	22	1.05	0.95				
	209	1	96.02549974561404	19.753817090526315	0.0	0.0	2	1.0232381805315267	-13.612860507224415	138.0	23	1.05	0.95				
	210	1	106.99984257368422	21.948685656140356	0.0	0.0	2	1.05	-14.941128960798602	138.0	23	1.05	0.95				
	211	1	0.0	0.0	0.0	0.0	2	1.0122209964967765	-10.220121937033197	230.0	23	1.05	0.95				
	212	1	0.0	0.0	0.0	0.0	2	1.0119058544466177	-9.383839827305879	230.0	23	1.05	0.95				
	213	2	145.41004247192984	29.630725635789478	0.0	0.0	2	1.0107493242598293	-8.95374214082843	230.0	24	1.05	0.95				
	214	2	106.4511254322807	21.399968514736845	0.0	0.0	2	1.0189607154356957	-7.238708694613635	230.0	26	1.05	0.95				
	215	2	173.9433338249123	35.11789704982456	0.0	0.0	2	1.0324662013086854	0.48093296134553787	230.0	26	1.05	0.95				
	216	2	54.87171414035088	10.974342828070178	0.0	0.0	2	1.0346361342257555	0.33186455650344704	230.0	26	1.05	0.95				
	217	1	0.0	0.0	0.0	0.0	2	1.0379102642682685	3.1586794550421797	230.0	27	1.05	0.95				
	218	2	182.72280808736843	37.3127656154386	0.0	0.0	2	1.0391864847163912	3.450786064005417	230.0	27	1.05	0.95				
	219	1	99.3178025940351	20.302534231929826	0.0	0.0	2	1.0337529164389652	-0.26639348104044863	230.0	25	1.05	0.95				
	220	1	70.23579409964913	14.26664567649123	0.0	0.0	2	1.0372364049212062	0.2644925473602526	230.0	25	1.05	0.95				
	221	2	0.0	0.0	0.0	0.0	2	1.0393366606624495	3.225516662598255	230.0	27	1.05	0.95				
	222	2	0.0	0.0	0.0	0.0	2	1.05	9.700770983578016	230.0	27	1.05	0.95				
	223	2	0.0	0.0	0.0	0.0	2	1.0403727347831544	0.9637470758154508	230.0	25	1.05	0.95				
	224	1	0.0	0.0	0.0	0.0	2	1.0124734305510095	-3.821331905583668	230.0	26	1.05	0.95				
	301	2	41.563429275789474	8.466624482105264	0.0	0.0	3	1.012138562240593	-10.500887572925324	138.0	31	1.05	0.95				
	302	2	37.330117034736844	7.696931347368421	0.0	0.0	3	1.0119462825525702	-10.677353168969265	138.0	32	1.05	0.95				
	303	1	69.27238212631579	14.239322992631578	0.0	0.0	3	1.03485282953799	-3.373870821050662	138.0	31	1.05	0.95				
	304	1	28.478645985263157	5.7726985105263156	0.0	0.0	3	1.0131797512962177	-9.605914041552717	138.0	31	1.05	0.95				
	305	1	27.324106283157896	5.387851943157895	0.0	0.0	3	1.02638151509618	-10.506342127838996	138.0	31	1.05	0.95				
	306	1	52.33913316210527	10.77570388631579	0.0	-100.0	3	1.042696999236221	-10.987657458125266	138.0	32	1.05	0.95				
	307	2	48.10582092105263	9.621164184210526	0.0	0.0	3	0.9908687181023399	-14.989088546024291	138.0	32	1.05	0.95				
	308	1	65.80876302	13.469629857894736	0.0	0.0	3	0.9999109050023227	-13.304539473785447	138.0	32	1.05	0.95				
	309	1	67.34814928947368	13.854476425263156	0.0	0.0	3	1.0255255281872089	-7.1448177201394785	138.0	33	1.05	0.95				
	310	1	75.0450806368421	15.393862694736843	0.0	0.0	3	1.05	-9.270859208143474	138.0	33	1.05	0.95				
	311	1	0.0	0.0	0.0	0.0	3	1.0040296907523074	-4.575934068196654	230.0	33	1.05	0.95				
	312	1	0.0	0.0	0.0	0.0	3	1.0095498243311498	-4.123057994192435	230.0	33	1.05	0.95				
	313	2	101.98434035263158	20.781714637894737	0.0	0.0	3	1.0068603607206483	-1.432714928279373	230.0	34	1.05	0.95				
	314	2	74.66023406947369	15.00901612736842	0.0	0.0	3	0.9966875627752386	-3.5510683728511045	230.0	36	1.05	0.95				
	315	2	121.99636185578946	24.630180311578947	0.0	0.0	3	1.026836131238602	-0.15270451248516953	230.0	36	1.05	0.95				
	316	2	38.484656736842105	7.696931347368421	0.0	0.0	3	1.0246861771208366	0.1521374684935725	230.0	36	1.05	0.95				
	317	1	0.0	0.0	0.0	0.0	3	1.0353942090161279	2.7078895588359795	230.0	37	1.05	0.95				
	318	2	128.1539069336842	26.169566581052635	0.0	0.0	3	1.033838725785021	1.630399271105001	230.0	37	1.05	0.95				
	319	1	69.65722869368422	14.239322992631578	0.0	0.0	3	1.0190779511629653	-0.4928653192694467	230.0	35	1.05	0.95				
	320	1	49.260360623157894	10.006010751578948	0.0	0.0	3	1.016633200282213	-0.2930224812128368	230.0	35	1.05	0.95				
	321	2	0.0	0.0	0.0	0.0	3	1.0336921847982312	1.6093630073294634	230.0	37	1.05	0.95				
	322	2	0.0	0.0	0.0	0.0	3	1.0479195544231652	6.364258639777617	230.0	37	1.05	0.95				
	323	2	0.0	0.0	0.0	0.0	3	1.015705467848379	0.12169257660806321	230.0	35	1.05	0.95				
	324	1	0.0	0.0	0.0	0.0	3	1.0239594449674678	-1.3824425011708479	230.0	36	1.05	0.95				
	325	1	0.0	0.0	0.0	0.0	3	1.0160435892355875	1.0037453687295477	230.0	35	1.05	0.95				
];
