%% MATPOWER Case Format : Version 2
function mpc = RTS_GMLC
mpc.version = '2';

%%-----  Power Flow Data  -----%%
%% system MVA base
mpc.baseMVA = 100.0;
%% bus data
%    bus_i    type    Pd    Qd    Gs    Bs    area    Vm    Va    baseKV    zone    Vmax    Vmin
mpc.bus = [
	101	2	52.43691243789475	10.681593274385966	0.0	0.0	1	1.03427706146086	1.7376030433639684	138.0	11	1.05	0.95				
	102	2	47.09611580070175	9.710539340350879	0.0	0.0	1	1.0338462020226646	1.5926325396740517	138.0	12	1.05	0.95				
	103	1	87.39485406315791	17.964497779649125	0.0	0.0	1	1.026741381017625	-0.049744623501205905	138.0	11	1.05	0.95				
	104	1	35.92899555929825	7.282904505263158	0.0	0.0	1	1.0207624095981058	-1.5826942799243795	138.0	11	1.05	0.95				
	105	1	34.47241465824561	6.797377538245615	0.0	0.0	1	1.0355168434168585	-1.4019669285733938	138.0	11	1.05	0.95				
	106	1	66.03166751438597	13.59475507649123	0.0	-100.0	1	1.0439870681837835	-3.6495789492297033	138.0	12	1.05	0.95				
	107	2	60.69087087719298	12.138174175438596	0.0	0.0	1	1.0112242787695296	-6.279582397883817	138.0	12	1.05	0.95				
	108	1	83.02511136	16.993443845614035	0.0	0.0	1	1.0099918618588044	-6.268878357879308	138.0	12	1.05	0.95				
	109	1	84.96721922807018	17.478970812631577	0.0	0.0	1	1.0250541107789777	-2.2177101958303744	138.0	13	1.05	0.95				
	110	1	94.67775856842105	19.421078680701758	0.0	0.0	1	1.05	-3.0579265515603185	138.0	13	1.05	0.95				
	111	1	0.0	0.0	0.0	0.0	1	1.005187102157918	-0.39517919451559697	230.0	13	1.05	0.95				
	112	1	0.0	0.0	0.0	0.0	1	1.0098879545440125	0.16421950434558788	230.0	13	1.05	0.95				
	113	3	128.66464625964912	26.218456218947374	0.0	0.0	1	0.9988175349086622	2.0795929425195697e-31	230.0	14	1.05	0.95				
	114	2	94.1922316014035	18.935551713684212	0.0	0.0	1	1.0023950135302624	1.6211657855027966	230.0	16	1.05	0.95				
	115	2	153.91204854456143	31.073725889122812	0.0	0.0	1	1.0375529057219295	7.642674143129289	230.0	16	1.05	0.95				
	116	2	48.552696701754385	9.710539340350879	0.0	0.0	1	1.034071177616744	7.313502814369521	230.0	16	1.05	0.95				
	117	1	0.0	0.0	0.0	0.0	1	1.0407142125256967	9.207115002316872	230.0	17	1.05	0.95				
	118	2	161.68048001684213	33.015833757192986	0.0	0.0	1	1.0427753136023186	9.179620086383508	230.0	17	1.05	0.95				
	119	1	87.88038103017544	17.964497779649125	0.0	0.0	1	1.0286479011989837	6.434379419295746	230.0	15	1.05	0.95				
	120	1	62.147451778245625	12.623701142456142	0.0	0.0	1	1.0275365808574537	6.608078849577849	230.0	15	1.05	0.95				
	121	2	0.0	0.0	0.0	0.0	1	1.0464633705388338	10.265510832836242	230.0	17	1.05	0.95				
	122	2	0.0	0.0	0.0	0.0	1	1.05	17.067187876116463	230.0	17	1.05	0.95				
	123	2	0.0	0.0	0.0	0.0	1	1.0277811046664425	7.075909722439274	230.0	15	1.05	0.95				
	124	1	0.0	0.0	0.0	0.0	1	1.023623556472257	4.767449120502608	230.0	16	1.05	0.95				
	201	2	54.39949628210526	11.0813788722807	0.0	0.0	2	1.0316810852065297	-7.194592860298154	138.0	21	1.05	0.95				
	202	2	48.85880684596491	10.073980792982457	0.0	0.0	2	1.0320757159289768	-7.1777923246018025	138.0	22	1.05	0.95				
	203	1	90.6658271368421	18.636864467017542	0.0	0.0	2	1.02082193589854	-6.502220195778934	138.0	21	1.05	0.95				
	204	1	37.273728934035084	7.555485594736841	0.0	0.0	2	1.0191033650706063	-9.383785619209181	138.0	21	1.05	0.95				
	205	1	35.762631815087715	7.051786555087719	0.0	0.0	2	1.0344313385570623	-9.559486478671976	138.0	21	1.05	0.95				
	206	1	68.50306939228071	14.103573110175438	0.0	-100.0	2	1.0435066303802454	-11.359265946245888	138.0	22	1.05	0.95				
	207	2	62.962379956140346	12.592475991228069	0.0	0.0	2	0.9896741129858044	-18.944233935077268	138.0	22	1.05	0.95				
	208	1	86.13253578	17.629466387719294	0.0	0.0	2	0.9937893058928224	-16.60190696180158	138.0	22	1.05	0.95				
	209	1	88.14733193859648	18.133165427368418	0.0	0.0	2	1.0234235172729125	-9.13988344163276	138.0	23	1.05	0.95				
	210	1	98.22131273157893	20.147961585964914	0.0	0.0	2	1.05	-10.361356355359831	138.0	23	1.05	0.95				
	211	1	0.0	0.0	0.0	0.0	2	1.009023167470191	-6.206507779778339	230.0	23	1.05	0.95				
	212	1	0.0	0.0	0.0	0.0	2	1.0104618042014724	-5.541116954769951	230.0	23	1.05	0.95				
	213	2	133.48024550701754	27.19974814105263	0.0	0.0	2	1.0046712362209762	-5.192706180611353	230.0	24	1.05	0.95				
	214	2	97.71761369192981	19.644262546315787	0.0	0.0	2	1.013189259779732	-3.4750339264295276	230.0	26	1.05	0.95				
	215	2	159.67259556877192	32.23673853754386	0.0	0.0	2	1.0309184296978808	3.4475615955995758	230.0	26	1.05	0.95				
	216	2	50.369903964912275	10.073980792982457	0.0	0.0	2	1.0325333188781294	3.4377066430447862	230.0	26	1.05	0.95				
	217	1	0.0	0.0	0.0	0.0	2	1.0375326404278091	6.308890641647263	230.0	27	1.05	0.95				
	218	2	167.73178020315788	34.251534696140354	0.0	0.0	2	1.0393417884641232	6.838653385354098	230.0	27	1.05	0.95				
	219	1	91.16952617649122	18.636864467017542	0.0	0.0	2	1.0309460441909102	2.6556548548943693	230.0	25	1.05	0.95				
	220	1	64.47347707508771	13.096175030877191	0.0	0.0	2	1.0333389893295117	2.9472273620106866	230.0	25	1.05	0.95				
	221	2	0.0	0.0	0.0	0.0	2	1.0390264227213355	6.464206520409914	230.0	27	1.05	0.95				
	222	2	0.0	0.0	0.0	0.0	2	1.05	12.90437233531448	230.0	27	1.05	0.95				
	223	2	0.0	0.0	0.0	0.0	2	1.0356061586565206	3.486542726266657	230.0	25	1.05	0.95				
	224	1	0.0	0.0	0.0	0.0	2	1.014822801537047	-0.2797835730148588	230.0	26	1.05	0.95				
	301	2	42.19550776421052	8.59538121122807	0.0	0.0	3	1.008944007924012	-16.079392713976706	138.0	31	1.05	0.95				
	302	2	37.89781715859649	7.813982919298246	0.0	0.0	3	1.0088997453504578	-16.175742693589296	138.0	32	1.05	0.95				
	303	1	70.3258462736842	14.455868400701751	0.0	0.0	3	1.0217543117979748	-11.429559047176475	138.0	31	1.05	0.95				
	304	1	28.911736801403503	5.860487189473683	0.0	0.0	3	1.011343015041441	-14.879598799712195	138.0	31	1.05	0.95				
	305	1	27.73963936350877	5.469788043508772	0.0	0.0	3	1.0244841202610193	-15.511125646796557	138.0	31	1.05	0.95				
	306	1	53.135083851228075	10.939576087017544	0.0	-100.0	3	1.0417635962261809	-15.673722389682286	138.0	32	1.05	0.95				
	307	2	48.83739324561403	9.767478649122806	0.0	0.0	3	0.993125913466178	-19.86451314355525	138.0	32	1.05	0.95				
	308	1	66.80955395999999	13.674470108771928	0.0	0.0	3	1.0009376226416709	-18.13950345057665	138.0	32	1.05	0.95				
	309	1	68.37235054385964	14.065169254736839	0.0	0.0	3	1.025146063302364	-12.212628140149292	138.0	33	1.05	0.95				
	310	1	76.18633346315788	15.627965838596491	0.0	0.0	3	1.05	-13.683841874584923	138.0	33	1.05	0.95				
	311	1	0.0	0.0	0.0	0.0	3	1.0052438758968891	-8.355096014547508	230.0	33	1.05	0.95				
	312	1	0.0	0.0	0.0	0.0	3	1.0092512545667627	-7.948466702005321	230.0	33	1.05	0.95				
	313	2	103.53527368070175	21.09775388210526	0.0	0.0	3	1.0080015127598612	-4.946315193973617	230.0	34	1.05	0.95				
	314	2	75.79563431719298	15.237266692631577	0.0	0.0	3	1.002656885427199	-6.619903270478255	230.0	36	1.05	0.95				
	315	2	123.85162927087718	25.00474534175438	0.0	0.0	3	1.0294804007016414	-2.4643304750674204	230.0	36	1.05	0.95				
	316	2	39.06991459649122	7.813982919298246	0.0	0.0	3	1.0280093322793775	-1.8667476040933566	230.0	36	1.05	0.95				
	317	1	0.0	0.0	0.0	0.0	3	1.0341222153182281	-0.5906845193086505	230.0	37	1.05	0.95				
	318	2	130.10281560631577	26.567541925614037	0.0	0.0	3	1.0340602049991454	-0.5374152791923348	230.0	37	1.05	0.95				
	319	1	70.71654541964911	14.455868400701751	0.0	0.0	3	1.023390916486675	-2.678482486424191	230.0	35	1.05	0.95				
	320	1	50.00949068350876	10.158177795087719	0.0	0.0	3	1.0218878889603185	-2.618733883665349	230.0	35	1.05	0.95				
	321	2	0.0	0.0	0.0	0.0	3	1.0359776332887214	-0.08460245972633929	230.0	37	1.05	0.95				
	322	2	0.0	0.0	0.0	0.0	3	1.0485144286670673	4.0354461219423925	230.0	37	1.05	0.95				
	323	2	0.0	0.0	0.0	0.0	3	1.0214622154520776	-2.2805609544958285	230.0	35	1.05	0.95				
	324	1	0.0	0.0	0.0	0.0	3	1.0154236334997566	-5.829439407459882	230.0	36	1.05	0.95				
	325	1	0.0	0.0	0.0	0.0	3	1.0203380748479889	-1.2100087824777044	230.0	35	1.05	0.95				
];
