%% MATPOWER Case Format : Version 2
function mpc = RTS_GMLC
mpc.version = '2';

%%-----  Power Flow Data  -----%%
%% system MVA base
mpc.baseMVA = 100.0;
%% bus data
%    bus_i    type    Pd    Qd    Gs    Bs    area    Vm    Va    baseKV    zone    Vmax    Vmin
mpc.bus = [
	101	2	46.63879268210527	9.500494805614036	0.0	0.0	1	1.036101714243199	2.60947775177764	138.0	11	1.05	0.95				
	102	2	41.88854527929824	8.636813459649122	0.0	0.0	1	1.0356935026444143	2.466377848078432	138.0	12	1.05	0.95				
	103	1	77.73132113684211	15.978104900350878	0.0	0.0	1	1.028775631570144	0.5277203566211868	138.0	11	1.05	0.95				
	104	1	31.956209800701757	6.477610094736843	0.0	0.0	1	1.0222950027853934	-0.9079953182217408	138.0	11	1.05	0.95				
	105	1	30.660687781754387	6.045769421754386	0.0	0.0	1	1.0370125780867538	-0.6836785929411396	138.0	11	1.05	0.95				
	106	1	58.73033152561404	12.091538843508772	0.0	-100.0	1	1.0458066153818462	-2.974552655998227	138.0	12	1.05	0.95				
	107	2	53.980084122807014	10.796016824561404	0.0	0.0	1	1.001368462395636	-8.431354180904375	138.0	12	1.05	0.95				
	108	1	73.84475508	15.114423554385963	0.0	0.0	1	1.0048372263847158	-7.179257775932268	138.0	12	1.05	0.95				
	109	1	75.57211777192983	15.54626422736842	0.0	0.0	1	1.0247013133312373	-1.9293528255956442	138.0	13	1.05	0.95				
	110	1	84.20893123157894	17.273626919298245	0.0	0.0	1	1.05	-2.6717344571364934	138.0	13	1.05	0.95				
	111	1	0.0	0.0	0.0	0.0	1	1.0037534987198937	-0.19462924523013964	230.0	13	1.05	0.95				
	112	1	0.0	0.0	0.0	0.0	1	1.0086187947570782	0.1677890977493044	230.0	13	1.05	0.95				
	113	3	114.43777834035087	23.319396341052634	0.0	0.0	1	0.9959723662918261	-2.686945951797531e-30	230.0	14	1.05	0.95				
	114	2	83.77709055859648	16.84178624631579	0.0	0.0	1	1.0005988345259114	1.8685488678739086	230.0	16	1.05	0.95				
	115	2	136.8934933354386	27.637803070877194	0.0	0.0	1	1.0373124997899315	7.661422927261124	230.0	16	1.05	0.95				
	116	2	43.184067298245616	8.636813459649122	0.0	0.0	1	1.03326131262506	7.276037083922063	230.0	16	1.05	0.95				
	117	1	0.0	0.0	0.0	0.0	1	1.0406535326343622	9.10874403030253	230.0	17	1.05	0.95				
	118	2	143.8029441031579	29.36516576280702	0.0	0.0	1	1.04299937324426	9.080373899358051	230.0	17	1.05	0.95				
	119	1	78.16316180982457	15.978104900350878	0.0	0.0	1	1.0269101999707917	6.190724523694306	230.0	15	1.05	0.95				
	120	1	55.27560614175439	11.22785749754386	0.0	0.0	1	1.0244520669246024	6.083051114618437	230.0	15	1.05	0.95				
	121	2	0.0	0.0	0.0	0.0	1	1.0468706867738884	10.04184321471596	230.0	17	1.05	0.95				
	122	2	0.0	0.0	0.0	0.0	1	1.05	16.720919974175047	230.0	17	1.05	0.95				
	123	2	0.0	0.0	0.0	0.0	1	1.0236603870262588	6.3585017761768245	230.0	15	1.05	0.95				
	124	1	0.0	0.0	0.0	0.0	1	1.0248047965255866	4.989689624300376	230.0	16	1.05	0.95				
	201	2	50.93152840421054	10.374940971228071	0.0	0.0	2	1.0320642307347805	-6.793642937636293	138.0	21	1.05	0.95				
	202	2	45.74405791859649	9.431764519298246	0.0	0.0	2	1.0324738205426063	-6.7575563435977815	138.0	22	1.05	0.95				
	203	1	84.88588067368421	17.448764360701755	0.0	0.0	2	1.01871682367046	-6.849303588881619	138.0	21	1.05	0.95				
	204	1	34.89752872140351	7.0738233894736835	0.0	0.0	2	1.019629369531791	-9.040481582897367	138.0	21	1.05	0.95				
	205	1	33.48276404350877	6.602235163508772	0.0	0.0	2	1.0350639645418809	-9.13819799626047	138.0	21	1.05	0.95				
	206	1	64.13599873122807	13.204470327017544	0.0	-100.0	2	1.0445165450638492	-10.897638214322308	138.0	22	1.05	0.95				
	207	2	58.94852824561404	11.789705649122807	0.0	0.0	2	0.9903274778885645	-18.05293176238651	138.0	22	1.05	0.95				
	208	1	80.64158664	16.50558790877193	0.0	0.0	2	0.9954831800969244	-15.885884258172545	138.0	22	1.05	0.95				
	209	1	82.52793954385965	16.97717613473684	0.0	0.0	2	1.0229590394816213	-8.990325841758636	138.0	23	1.05	0.95				
	210	1	91.9597040631579	18.863529038596493	0.0	0.0	2	1.05	-10.02157176246638	138.0	23	1.05	0.95				
	211	1	0.0	0.0	0.0	0.0	2	1.0068181561151246	-6.1716352693040175	230.0	23	1.05	0.95				
	212	1	0.0	0.0	0.0	0.0	2	1.0090493657023814	-5.628222447922836	230.0	23	1.05	0.95				
	213	2	124.97087988070174	25.46576420210527	0.0	0.0	2	1.0010549176161105	-5.289707222173514	230.0	24	1.05	0.95				
	214	2	91.48811583719298	18.39194081263158	0.0	0.0	2	1.009531974945958	-3.5138335271566534	230.0	26	1.05	0.95				
	215	2	149.49346763087718	30.181646461754386	0.0	0.0	2	1.0283238513113686	3.1620233960889306	230.0	26	1.05	0.95				
	216	2	47.15882259649123	9.431764519298246	0.0	0.0	2	1.0295968054388809	3.0948669559552675	230.0	26	1.05	0.95				
	217	1	0.0	0.0	0.0	0.0	2	1.0348904208202536	5.845384814747526	230.0	27	1.05	0.95				
	218	2	157.0388792463158	32.067999365614035	0.0	0.0	2	1.0367007462832434	6.351928273371701	230.0	27	1.05	0.95				
	219	1	85.35746889964912	17.448764360701755	0.0	0.0	2	1.0278506390710302	2.173448847326455	230.0	25	1.05	0.95				
	220	1	60.36329292350877	12.26129387508772	0.0	0.0	2	1.0297894231203286	2.2883909556564355	230.0	25	1.05	0.95				
	221	2	0.0	0.0	0.0	0.0	2	1.03667402064376	6.046861242992025	230.0	27	1.05	0.95				
	222	2	0.0	0.0	0.0	0.0	2	1.05	12.466386019795213	230.0	27	1.05	0.95				
	223	2	0.0	0.0	0.0	0.0	2	1.0316267242083828	2.71006460405522	230.0	25	1.05	0.95				
	224	1	0.0	0.0	0.0	0.0	2	1.0123691832133848	-0.5902359925221323	230.0	26	1.05	0.95				
	301	2	40.11135714947369	8.170832011929825	0.0	0.0	3	1.0099783424932713	-18.05227185639302	138.0	31	1.05	0.95				
	302	2	36.025941143508774	7.428029101754387	0.0	0.0	3	1.0099833339426834	-18.133610005768336	138.0	32	1.05	0.95				
	303	1	66.85226191578948	13.741853838245616	0.0	0.0	3	1.0195238812344924	-13.946194400416491	138.0	31	1.05	0.95				
	304	1	27.483707676491232	5.57102182631579	0.0	0.0	3	1.011946118626294	-16.872646445864348	138.0	31	1.05	0.95				
	305	1	26.369503311228073	5.199620371228071	0.0	0.0	3	1.0252827881578588	-17.446516747658364	138.0	31	1.05	0.95				
	306	1	50.510597891929834	10.399240742456142	0.0	-100.0	3	1.042584395575362	-17.57053471608971	138.0	32	1.05	0.95				
	307	2	46.42518188596492	9.285036377192982	0.0	0.0	3	0.9931627386624373	-21.514580570527745	138.0	32	1.05	0.95				
	308	1	63.509648819999995	12.999050928070174	0.0	0.0	3	1.0016042323649939	-19.891640487766058	138.0	32	1.05	0.95				
	309	1	64.99525464035088	13.370452383157897	0.0	0.0	3	1.0245701686152118	-14.310222144215928	138.0	33	1.05	0.95				
	310	1	72.42328374210527	14.856058203508773	0.0	0.0	3	1.05	-15.643081938505441	138.0	33	1.05	0.95				
	311	1	0.0	0.0	0.0	0.0	3	1.003151505370947	-10.597888554799885	230.0	33	1.05	0.95				
	312	1	0.0	0.0	0.0	0.0	3	1.0084430319554203	-10.017021081746554	230.0	33	1.05	0.95				
	313	2	98.42138559824562	20.055678574736845	0.0	0.0	3	1.0067650054616075	-7.032850258026525	230.0	34	1.05	0.95				
	314	2	72.05188228701755	14.484656748421054	0.0	0.0	3	0.9973237432825371	-9.196424357294115	230.0	36	1.05	0.95				
	315	2	117.73426126280701	23.769693125614037	0.0	0.0	3	1.021904100786372	-5.931684573409064	230.0	36	1.05	0.95				
	316	2	37.14014550877193	7.428029101754387	0.0	0.0	3	1.021544692329127	-5.018803206454375	230.0	36	1.05	0.95				
	317	1	0.0	0.0	0.0	0.0	3	1.0268383751684276	-4.099589820052857	230.0	37	1.05	0.95				
	318	2	123.67668454421054	25.255298945964917	0.0	0.0	3	1.0263068807815567	-4.176493955756997	230.0	37	1.05	0.95				
	319	1	67.22366337087719	13.741853838245616	0.0	0.0	3	1.0191732789743215	-5.360315158894431	230.0	35	1.05	0.95				
	320	1	47.53938625122807	9.656437832280702	0.0	0.0	3	1.0193411478251309	-4.920383180478182	230.0	35	1.05	0.95				
	321	2	0.0	0.0	0.0	0.0	3	1.0269539331968718	-4.228644040762876	230.0	37	1.05	0.95				
	322	2	0.0	0.0	0.0	0.0	3	1.0402608317255893	0.21039740883192976	230.0	37	1.05	0.95				
	323	2	0.0	0.0	0.0	0.0	3	1.019837669468528	-4.386988926464517	230.0	35	1.05	0.95				
	324	1	0.0	0.0	0.0	0.0	3	1.0109577720172083	-8.955797963800425	230.0	36	1.05	0.95				
	325	1	0.0	0.0	0.0	0.0	3	1.0179459471959118	-3.158710919762839	230.0	35	1.05	0.95				
];
