%% MATPOWER Case Format : Version 2
function mpc = RTS_GMLC
mpc.version = '2';

%%-----  Power Flow Data  -----%%
%% system MVA base
mpc.baseMVA = 100.0;
%% bus data
%    bus_i    type    Pd    Qd    Gs    Bs    area    Vm    Va    baseKV    zone    Vmax    Vmin
mpc.bus = [
	101	2	63.65907966315789	12.967590301754386	0.0	0.0	1	1.0418400081312458	1.7360928736443992	138.0	11	1.05	0.95				
	102	2	57.1752845122807	11.788718456140352	0.0	0.0	1	1.0406465360557784	1.3445559830123464	138.0	12	1.05	0.95				
	103	1	106.09846610526314	21.80912914385965	0.0	0.0	1	1.0274585032929069	1.2391375394514241	138.0	11	1.05	0.95				
	104	1	43.6182582877193	8.841538842105262	0.0	0.0	1	1.0236407180760043	-2.0272716762704026	138.0	11	1.05	0.95				
	105	1	41.84995051929824	8.252102919298245	0.0	0.0	1	1.0371791294409811	-2.390816111684605	138.0	11	1.05	0.95				
	106	1	80.16328550175439	16.50420583859649	0.0	-100.0	1	1.0419960902531253	-5.328095694356697	138.0	12	1.05	0.95				
	107	2	73.67949035087719	14.735898070175438	0.0	0.0	1	0.998356016324899	-14.161178851021933	138.0	12	1.05	0.95				
	108	1	100.7935428	20.63025729824561	0.0	0.0	1	0.9958033389393963	-11.699367626348025	138.0	12	1.05	0.95				
	109	1	103.15128649122806	21.21969322105263	0.0	0.0	1	1.0245834437394872	-3.309510952619533	138.0	13	1.05	0.95				
	110	1	114.94000494736841	23.577436912280703	0.0	0.0	1	1.05	-4.761230800055218	138.0	13	1.05	0.95				
	111	1	0.0	0.0	0.0	0.0	1	1.0129343034830878	-0.5595955873640728	230.0	13	1.05	0.95				
	112	1	0.0	0.0	0.0	0.0	1	1.015003576567944	-0.9913447228780272	230.0	13	1.05	0.95				
	113	3	156.20051954385963	31.829539831578945	0.0	0.0	1	1.0097992986877313	5.14803132545792e-30	230.0	14	1.05	0.95				
	114	2	114.3505690245614	22.988000989473683	0.0	0.0	1	1.0193509518649106	2.462469344202025	230.0	16	1.05	0.95				
	115	2	186.85118752982456	37.72389905964913	0.0	0.0	1	1.0397018973143595	11.987822721218702	230.0	16	1.05	0.95				
	116	2	58.94359228070175	11.788718456140352	0.0	0.0	1	1.0363393785193904	10.329503032916259	230.0	16	1.05	0.95				
	117	1	0.0	0.0	0.0	0.0	1	1.041026986908384	15.947989906659721	230.0	17	1.05	0.95				
	118	2	196.28216229473682	40.081642750877194	0.0	0.0	1	1.05	16.735917414136484	230.0	17	1.05	0.95				
	119	1	106.68790202807017	21.80912914385965	0.0	0.0	1	1.029429555476058	6.90415847615859	230.0	15	1.05	0.95				
	120	1	75.44779811929826	15.325333992982456	0.0	0.0	1	1.0300743231711715	4.800961785186555	230.0	15	1.05	0.95				
	121	2	0.0	0.0	0.0	0.0	1	1.05	18.724430447691233	230.0	17	1.05	0.95				
	122	2	0.0	0.0	0.0	0.0	1	1.05	32.74070427101759	230.0	17	1.05	0.95				
	123	2	0.0	0.0	0.0	0.0	1	1.0319316423193226	4.091199164788858	230.0	15	1.05	0.95				
	124	1	0.0	0.0	0.0	0.0	1	1.0217185703003842	7.968072314127167	230.0	16	1.05	0.95				
	201	2	73.21832204210527	14.91484337894737	0.0	0.0	2	1.0278051020663452	-15.79184762209533	138.0	21	1.05	0.95				
	202	2	65.76090035263158	13.558948526315792	0.0	0.0	2	1.0289876641736493	-15.609924127796434	138.0	22	1.05	0.95				
	203	1	122.03053673684212	25.084054773684212	0.0	0.0	2	1.0134600759716725	-13.450363866591783	138.0	21	1.05	0.95				
	204	1	50.168109547368424	10.169211394736841	0.0	0.0	2	1.0149820741779623	-16.254391655614086	138.0	21	1.05	0.95				
	205	1	48.134267268421056	9.491263968421054	0.0	0.0	2	1.0303302732280486	-16.737204549155777	138.0	21	1.05	0.95				
	206	1	92.20084997894739	18.982527936842107	0.0	-100.0	2	1.03819941330399	-17.86577614246874	138.0	22	1.05	0.95				
	207	2	84.74342828947368	16.94868565789474	0.0	0.0	2	0.9755946838921424	-27.54043946657312	138.0	22	1.05	0.95				
	208	1	115.92900990000001	23.728159921052633	0.0	0.0	2	0.9774628902992056	-24.222525728893952	138.0	22	1.05	0.95				
	209	1	118.64079960526317	24.406107347368422	0.0	0.0	2	1.0248455084494945	-14.013674635913313	138.0	23	1.05	0.95				
	210	1	132.19974813157896	27.117897052631584	0.0	0.0	2	1.05	-15.537947930102636	138.0	23	1.05	0.95				
	211	1	0.0	0.0	0.0	0.0	2	1.0225921249603855	-10.153804555037706	230.0	23	1.05	0.95				
	212	1	0.0	0.0	0.0	0.0	2	1.0208247366843943	-5.454167403841717	230.0	23	1.05	0.95				
	213	2	179.6560679736842	36.609161021052635	0.0	0.0	2	1.0321334074754236	-7.031347177715239	230.0	24	1.05	0.95				
	214	2	131.52180070526316	26.439949626315794	0.0	0.0	2	1.0314465729426854	-8.35258627462261	230.0	26	1.05	0.95				
	215	2	214.90933414210528	43.38863528421053	0.0	0.0	2	1.035445882375042	-1.7279990945200925	230.0	26	1.05	0.95				
	216	2	67.79474263157896	13.558948526315792	0.0	0.0	2	1.0378840121214743	-1.5890193795672078	230.0	26	1.05	0.95				
	217	1	0.0	0.0	0.0	0.0	2	1.038188228642408	-0.3143871757804171	230.0	27	1.05	0.95				
	218	2	225.7564929631579	46.100424989473694	0.0	0.0	2	1.0364050118588601	-1.2821715782087928	230.0	27	1.05	0.95				
	219	1	122.70848416315792	25.084054773684212	0.0	0.0	2	1.0373095012700166	-0.15287336969611334	230.0	25	1.05	0.95				
	220	1	86.77727056842106	17.62663308421053	0.0	0.0	2	1.043547735133211	2.3700334361383755	230.0	25	1.05	0.95				
	221	2	0.0	0.0	0.0	0.0	2	1.0383467705080718	-0.6148321351976686	230.0	27	1.05	0.95				
	222	2	0.0	0.0	0.0	0.0	2	1.05	6.004252728161938	230.0	27	1.05	0.95				
	223	2	0.0	0.0	0.0	0.0	2	1.05	4.236562751038953	230.0	25	1.05	0.95				
	224	1	0.0	0.0	0.0	0.0	2	1.0126351768732014	-6.072260317027442	230.0	26	1.05	0.95				
	301	2	62.30243592000001	12.691236946666667	0.0	0.0	3	1.0068228893931237	8.656400193184503	138.0	31	1.05	0.95				
	302	2	55.95681744666666	11.537488133333335	0.0	0.0	3	1.0062792198735035	8.52629170482603	138.0	32	1.05	0.95				
	303	1	103.83739320000001	21.34435304666667	0.0	0.0	3	1.0285725613912486	15.537452497620704	138.0	31	1.05	0.95				
	304	1	42.68870609333334	8.6531161	0.0	0.0	3	1.0075756699747052	10.626377457412211	138.0	31	1.05	0.95				
	305	1	40.95808287333333	8.076241693333335	0.0	0.0	3	1.0204218639389715	9.577910584390327	138.0	31	1.05	0.95				
	306	1	78.45491930666667	16.15248338666667	0.0	-100.0	3	1.0355515423634483	9.450592318306983	138.0	32	1.05	0.95				
	307	2	72.10930083333334	14.421860166666667	0.0	0.0	3	0.991734608503119	2.9215918261339686	138.0	32	1.05	0.95				
	308	1	98.64552354	20.19060423333333	0.0	0.0	3	0.992923373130559	5.657213071010686	138.0	32	1.05	0.95				
	309	1	100.95302116666667	20.76747864	0.0	0.0	3	1.028884274468859	14.682842149943012	138.0	33	1.05	0.95				
	310	1	112.4905093	23.07497626666667	0.0	0.0	3	1.05	12.350655323936556	138.0	33	1.05	0.95				
	311	1	0.0	0.0	0.0	0.0	3	1.013468911008125	18.705343960143768	230.0	33	1.05	0.95				
	312	1	0.0	0.0	0.0	0.0	3	1.0167988902601277	18.889602749185833	230.0	33	1.05	0.95				
	313	2	152.87171776666665	31.151217960000004	0.0	0.0	3	1.0198965698779092	22.78498898842761	230.0	34	1.05	0.95				
	314	2	111.91363489333332	22.49810186	0.0	0.0	3	1.0168687748914256	20.361978987145278	230.0	36	1.05	0.95				
	315	2	182.86918691333335	36.91996202666667	0.0	0.0	3	1.037642388186482	20.545088686924373	230.0	36	1.05	0.95				
	316	2	57.68744066666667	11.537488133333335	0.0	0.0	3	1.0353308922368523	21.31245245449096	230.0	36	1.05	0.95				
	317	1	0.0	0.0	0.0	0.0	3	1.05	25.00112322302634	230.0	37	1.05	0.95				
	318	2	192.09917742	39.227459653333334	0.0	0.0	3	1.046524131128027	21.574977279635014	230.0	37	1.05	0.95				
	319	1	104.41426760666668	21.34435304666667	0.0	0.0	3	1.0316119849201757	21.347032708924278	230.0	35	1.05	0.95				
	320	1	73.83992405333333	14.998734573333333	0.0	0.0	3	1.0296696568842616	21.0782812129173	230.0	35	1.05	0.95				
	321	2	0.0	0.0	0.0	0.0	3	1.0445255814803776	21.907098538376456	230.0	37	1.05	0.95				
	322	2	0.0	0.0	0.0	0.0	3	1.05	27.46318690554158	230.0	37	1.05	0.95				
	323	2	0.0	0.0	0.0	0.0	3	1.0285806830243516	20.87073837251267	230.0	35	1.05	0.95				
	324	1	0.0	0.0	0.0	0.0	3	1.0292916082009687	20.44093371743158	230.0	36	1.05	0.95				
	325	1	0.0	0.0	0.0	0.0	3	1.0315557302473366	20.697897015142054	230.0	35	1.05	0.95				
];
