%% MATPOWER Case Format : Version 2
function mpc = RTS_GMLC
mpc.version = '2';

%%-----  Power Flow Data  -----%%
%% system MVA base
mpc.baseMVA = 100.0;
%% bus data
%    bus_i    type    Pd    Qd    Gs    Bs    area    Vm    Va    baseKV    zone    Vmax    Vmin
mpc.bus = [
	101	2	92.6496783663158	18.87308263017544	0.0	0.0	1	1.0327273936268198	-6.207035665758992	138.0	11	1.05	0.95				
	102	2	83.21313705122807	17.157347845614034	0.0	0.0	1	1.0326958810129587	-6.276847189778702	138.0	12	1.05	0.95				
	103	1	154.41613061052632	31.741093514385966	0.0	0.0	1	1.014438135089672	-5.603580441171217	138.0	11	1.05	0.95				
	104	1	63.48218702877193	12.868010884210527	0.0	0.0	1	1.0141596265425286	-8.580963405785335	138.0	11	1.05	0.95				
	105	1	60.908584851929824	12.010143491929826	0.0	0.0	1	1.0300744003778681	-8.750471911281311	138.0	11	1.05	0.95				
	106	1	116.66996535017545	24.020286983859652	0.0	-100.0	1	1.0332172169372773	-10.953945779611796	138.0	12	1.05	0.95				
	107	2	107.23342403508771	21.446684807017544	0.0	0.0	1	1.05	-6.53489553331319	138.0	12	1.05	0.95				
	108	1	146.69532407999998	30.025358729824557	0.0	0.0	1	1.0223171250009406	-9.714267972368953	138.0	12	1.05	0.95				
	109	1	150.12679364912282	30.883226122105263	0.0	0.0	1	1.026895384654122	-6.989345361547914	138.0	13	1.05	0.95				
	110	1	167.28414149473682	34.31469569122807	0.0	0.0	1	1.05	-8.617440773400995	138.0	13	1.05	0.95				
	111	1	0.0	0.0	0.0	0.0	1	1.0200655980500684	-3.0327855157690973	230.0	13	1.05	0.95				
	112	1	0.0	0.0	0.0	0.0	1	1.0196769582152512	-1.9242431621030474	230.0	13	1.05	0.95				
	113	3	227.33485895438594	46.3248391831579	0.0	0.0	1	1.0275365576037243	-3.775211984741762e-25	230.0	14	1.05	0.95				
	114	2	166.42627410245615	33.45682829894737	0.0	0.0	1	1.0277699975983827	-0.9652289422347278	230.0	16	1.05	0.95				
	115	2	271.94396335298245	54.90351310596492	0.0	0.0	1	1.0433765521494365	7.532697642211145	230.0	16	1.05	0.95				
	116	2	85.78673922807018	17.157347845614034	0.0	0.0	1	1.0448529306133172	7.200395951974001	230.0	16	1.05	0.95				
	117	1	0.0	0.0	0.0	0.0	1	1.047253514221456	10.743305637552588	230.0	17	1.05	0.95				
	118	2	285.6698416294737	58.33498267508772	0.0	0.0	1	1.0499999976468515	11.303359444410773	230.0	17	1.05	0.95				
	119	1	155.27399800280702	31.741093514385966	0.0	0.0	1	1.0406587819562239	5.9884850440075805	230.0	15	1.05	0.95				
	120	1	109.80702621192984	22.304552199298247	0.0	0.0	1	1.0449621584944109	6.544320356107545	230.0	15	1.05	0.95				
	121	2	0.0	0.0	0.0	0.0	1	1.05	12.209101127494979	230.0	17	1.05	0.95				
	122	2	0.0	0.0	0.0	0.0	1	1.05	20.955269224980974	230.0	17	1.05	0.95				
	123	2	0.0	0.0	0.0	0.0	1	1.05	7.4706180167893095	230.0	15	1.05	0.95				
	124	1	0.0	0.0	0.0	0.0	1	1.0159279660115466	2.692110666542202	230.0	16	1.05	0.95				
	201	2	95.45411614736842	19.444356992982456	0.0	0.0	2	1.05	-14.944263424767593	138.0	21	1.05	0.95				
	202	2	85.7319376508772	17.6766881754386	0.0	0.0	2	1.05	-14.99492222111927	138.0	22	1.05	0.95				
	203	1	159.09019357894738	32.7018731245614	0.0	0.0	2	1.0230361596388566	-11.099747019608962	138.0	21	1.05	0.95				
	204	1	65.4037462491228	13.257516131578948	0.0	0.0	2	1.01888806626107	-16.72482909484659	138.0	21	1.05	0.95				
	205	1	62.75224302280702	12.373681722807019	0.0	0.0	2	1.0369399898209404	-17.24208427616071	138.0	21	1.05	0.95				
	206	1	120.20147959298247	24.747363445614038	0.0	-100.0	2	1.0340542958351207	-19.350891131390906	138.0	22	1.05	0.95				
	207	2	110.47930109649124	22.095860219298245	0.0	0.0	2	0.95	-29.538030401012207	138.0	22	1.05	0.95				
	208	1	151.1356839	30.934204307017545	0.0	0.0	2	0.9531970997027549	-26.49085169446904	138.0	22	1.05	0.95				
	209	1	154.6710215350877	31.818038715789477	0.0	0.0	2	1.0221001038518864	-14.586446875154303	138.0	23	1.05	0.95				
	210	1	172.34770971052632	35.3533763508772	0.0	0.0	2	1.0464837574941166	-16.832019952266972	138.0	23	1.05	0.95				
	211	1	0.0	0.0	0.0	0.0	2	1.0300895986971002	-8.94591918076981	230.0	23	1.05	0.95				
	212	1	0.0	0.0	0.0	0.0	2	1.0206999014800051	-7.5657509232476166	230.0	23	1.05	0.95				
	213	2	234.21611832456142	47.72705807368421	0.0	0.0	2	1.05	-4.425299809327252	230.0	24	1.05	0.95				
	214	2	171.4638753017544	34.469541942105266	0.0	0.0	2	1.05	-6.469984620043856	230.0	26	1.05	0.95				
	215	2	280.1755075807018	56.56540216140351	0.0	0.0	2	1.0444990985122518	2.7823099346076035	230.0	26	1.05	0.95				
	216	2	88.38344087719298	17.6766881754386	0.0	0.0	2	1.0483646603014822	2.5197689295662222	230.0	26	1.05	0.95				
	217	1	0.0	0.0	0.0	0.0	2	1.0496987856946307	6.0291646892328705	230.0	27	1.05	0.95				
	218	2	294.31685812105263	60.10073979649123	0.0	0.0	2	1.05	6.6989693017303695	230.0	27	1.05	0.95				
	219	1	159.97402798771932	32.7018731245614	0.0	0.0	2	1.0423750411997987	1.8616313446203765	230.0	25	1.05	0.95				
	220	1	113.13080432280702	22.979694628070177	0.0	0.0	2	1.0453421330456822	2.94138046455085	230.0	25	1.05	0.95				
	221	2	0.0	0.0	0.0	0.0	2	1.05	7.326237838033034	230.0	27	1.05	0.95				
	222	2	0.0	0.0	0.0	0.0	2	1.05	13.329206009960721	230.0	27	1.05	0.95				
	223	2	0.0	0.0	0.0	0.0	2	1.05	4.173403855301414	230.0	25	1.05	0.95				
	224	1	0.0	0.0	0.0	0.0	2	1.0187237604997845	-2.369876142493166	230.0	26	1.05	0.95				
	301	2	73.85068015578948	15.043657068771928	0.0	0.0	3	1.014859368339081	-17.268515246613152	138.0	31	1.05	0.95				
	302	2	66.3288516214035	13.676051880701753	0.0	0.0	3	1.013471139871012	-17.633343831946984	138.0	32	1.05	0.95				
	303	1	123.08446692631578	25.300695979298244	0.0	0.0	3	1.0212643772575898	-11.454389914204606	138.0	31	1.05	0.95				
	304	1	50.60139195859649	10.257038910526315	0.0	0.0	3	1.0085608452961141	-16.293461350217132	138.0	31	1.05	0.95				
	305	1	48.54998417649122	9.57323631649123	0.0	0.0	3	1.0232654046579241	-16.992889127488215	138.0	31	1.05	0.95				
	306	1	92.99715278877193	19.14647263298246	0.0	-100.0	3	1.0341948324722217	-17.601387748235407	138.0	32	1.05	0.95				
	307	2	85.47532425438597	17.095064850877193	0.0	0.0	3	1.010967484280373	-18.5929980776579	138.0	32	1.05	0.95				
	308	1	116.93024358	23.933090791228068	0.0	0.0	3	1.0039346569434422	-18.580640068101033	138.0	32	1.05	0.95				
	309	1	119.66545395614034	24.616893385263154	0.0	0.0	3	1.027998758623894	-12.406760710619592	138.0	33	1.05	0.95				
	310	1	133.3415058368421	27.352103761403505	0.0	0.0	3	1.05	-14.526192762892428	138.0	33	1.05	0.95				
	311	1	0.0	0.0	0.0	0.0	3	1.0204954174347922	-7.524727453467681	230.0	33	1.05	0.95				
	312	1	0.0	0.0	0.0	0.0	3	1.0182143369100112	-5.991271736544684	230.0	33	1.05	0.95				
	313	2	181.20768741929822	36.92534007789474	0.0	0.0	3	1.0326399222628673	-2.7179505150407124	230.0	34	1.05	0.95				
	314	2	132.657703242807	26.66830116736842	0.0	0.0	3	1.0298515287454468	-5.878092135803103	230.0	36	1.05	0.95				
	315	2	216.76542230912278	43.76336601824561	0.0	0.0	3	1.0477568515692794	0.6524921873308355	230.0	36	1.05	0.95				
	316	2	68.38025940350877	13.676051880701753	0.0	0.0	3	1.0461133642224922	0.6133891812402603	230.0	36	1.05	0.95				
	317	1	0.0	0.0	0.0	0.0	3	1.0485505782550777	2.8411886601381844	230.0	37	1.05	0.95				
	318	2	227.7062638136842	46.498576394385964	0.0	0.0	3	1.0479447835996551	2.7176277381216427	230.0	37	1.05	0.95				
	319	1	123.76826952035087	25.300695979298244	0.0	0.0	3	1.0427477774143565	1.1133362251028869	230.0	35	1.05	0.95				
	320	1	87.52673203649123	17.77886744491228	0.0	0.0	3	1.0458628930597291	2.8298926889504346	230.0	35	1.05	0.95				
	321	2	0.0	0.0	0.0	0.0	3	1.05	3.96036112803986	230.0	37	1.05	0.95				
	322	2	0.0	0.0	0.0	0.0	3	1.05	9.296774622117379	230.0	37	1.05	0.95				
	323	2	0.0	0.0	0.0	0.0	3	1.05	4.267058575599984	230.0	35	1.05	0.95				
	324	1	0.0	0.0	0.0	0.0	3	1.0225781502611166	-3.817105810905515	230.0	36	1.05	0.95				
	325	1	0.0	0.0	0.0	0.0	3	1.04872604731032	4.926374130379708	230.0	35	1.05	0.95				
];

%% generator data
%    bus    Pg    Qg    Qmax    Qmin    Vg    mBase    status    Pmax    Pmin    Pc1    Pc2    Qc1min    Qc1max    Qc2min    Qc2max    ramp_agc    ramp_10    ramp_30    ramp_q    apf
