%% MATPOWER Case Format : Version 2
function mpc = RTS_GMLC
mpc.version = '2';

%%-----  Power Flow Data  -----%%
%% system MVA base
mpc.baseMVA = 100.0;
%% bus data
%    bus_i    type    Pd    Qd    Gs    Bs    area    Vm    Va    baseKV    zone    Vmax    Vmin
mpc.bus = [
	101	2	73.83918853894738	15.04131618385965	0.0	0.0	1	1.049729309700133	1.170754932756205	138.0	11	1.05	0.95				
	102	2	66.31853044701754	13.673923803508773	0.0	0.0	1	1.048892288338858	0.8622798774667211	138.0	12	1.05	0.95				
	103	1	123.06531423157895	25.296759036491228	0.0	0.0	1	1.030449551122345	-0.3892374730375698	138.0	11	1.05	0.95				
	104	1	50.593518072982455	10.255442852631578	0.0	0.0	1	1.0266557277993635	-2.845524916950796	138.0	11	1.05	0.95				
	105	1	48.54242950245614	9.571746662456142	0.0	0.0	1	1.0397136035428758	-3.2512434141463475	138.0	11	1.05	0.95				
	106	1	92.98268186385965	19.143493324912285	0.0	-100.0	1	1.0410093929690338	-6.41821096401797	138.0	12	1.05	0.95				
	107	2	85.46202377192982	17.092404754385964	0.0	0.0	1	1.007603526023027	-13.148621272077781	138.0	12	1.05	0.95				
	108	1	116.91204851999998	23.92936665614035	0.0	0.0	1	1.0000010002092061	-11.824970146604795	138.0	12	1.05	0.95				
	109	1	119.64683328070176	24.61306284631579	0.0	0.0	1	1.0260060289879427	-4.251653140445252	138.0	13	1.05	0.95				
	110	1	133.32075708421053	27.347847607017545	0.0	0.0	1	1.05	-5.669135529382859	138.0	13	1.05	0.95				
	111	1	0.0	0.0	0.0	0.0	1	1.0131243621462276	-1.5448567644898628	230.0	13	1.05	0.95				
	112	1	0.0	0.0	0.0	0.0	1	1.0161319459480942	-1.19923200177036	230.0	13	1.05	0.95				
	113	3	181.17949039649122	36.91959426947369	0.0	0.0	1	1.013680450049964	6.134563227164046e-31	230.0	14	1.05	0.95				
	114	2	132.63706089403507	26.66415141684211	0.0	0.0	1	1.0152881176966013	0.5699372565161471	230.0	16	1.05	0.95				
	115	2	216.73169228561403	43.75655617122807	0.0	0.0	1	1.044758028430057	8.713342392211347	230.0	16	1.05	0.95				
	116	2	68.36961901754385	13.673923803508773	0.0	0.0	1	1.0421076167421468	7.662088574238378	230.0	16	1.05	0.95				
	117	1	0.0	0.0	0.0	0.0	1	1.0457005865141893	10.95897012785933	230.0	17	1.05	0.95				
	118	2	227.6708313284211	46.49134093192983	0.0	0.0	1	1.0479085951556915	11.670124544913369	230.0	17	1.05	0.95				
	119	1	123.74901042175439	25.296759036491228	0.0	0.0	1	1.0350005927065853	5.778204271842588	230.0	15	1.05	0.95				
	120	1	87.51311234245614	17.776100944561403	0.0	0.0	1	1.034219091656085	4.988276769280633	230.0	15	1.05	0.95				
	121	2	0.0	0.0	0.0	0.0	1	1.05	13.470578762911636	230.0	17	1.05	0.95				
	122	2	0.0	0.0	0.0	0.0	1	1.05	18.996803392210914	230.0	17	1.05	0.95				
	123	2	0.0	0.0	0.0	0.0	1	1.0354483527240583	5.0654986029315845	230.0	15	1.05	0.95				
	124	1	0.0	0.0	0.0	0.0	1	1.0279132329153846	5.319229509220194	230.0	16	1.05	0.95				
	201	2	80.27325674526315	16.35195970736842	0.0	0.0	2	1.0360344175339353	-14.959644023841905	138.0	21	1.05	0.95				
	202	2	72.09727689157893	14.865417915789472	0.0	0.0	2	1.0366303776231474	-14.954247687528207	138.0	22	1.05	0.95				
	203	1	133.78876124210527	27.501023144210524	0.0	0.0	2	1.0168301504017623	-12.758319129804978	138.0	21	1.05	0.95				
	204	1	55.00204628842105	11.149063436842104	0.0	0.0	2	1.017311935489258	-16.10727588533643	138.0	21	1.05	0.95				
	205	1	52.77223360105262	10.405792541052632	0.0	0.0	2	1.033621476296357	-16.483458970318434	138.0	21	1.05	0.95				
	206	1	101.08484182736841	20.811585082105264	0.0	-100.0	2	1.0380223963145099	-18.02294094765123	138.0	22	1.05	0.95				
	207	2	92.9088619736842	18.581772394736838	0.0	0.0	2	0.9604143617139808	-29.011445167473802	138.0	22	1.05	0.95				
	208	1	127.09932317999998	26.014481352631574	0.0	0.0	2	0.9650790567265606	-25.305663473716393	138.0	22	1.05	0.95				
	209	1	130.0724067631579	26.757752248421045	0.0	0.0	2	1.0250535402463261	-14.036645405890177	138.0	23	1.05	0.95				
	210	1	144.93782467894732	29.730835831578943	0.0	0.0	2	1.05	-15.684753295632238	138.0	23	1.05	0.95				
	211	1	0.0	0.0	0.0	0.0	2	1.0275506296503873	-10.030632815560024	230.0	23	1.05	0.95				
	212	1	0.0	0.0	0.0	0.0	2	1.0240582328619205	-5.269648001512706	230.0	23	1.05	0.95				
	213	2	196.9667873842105	40.13662837263158	0.0	0.0	2	1.037469280967876	-7.2909927507598615	230.0	24	1.05	0.95				
	214	2	144.19455378315786	28.98756493578947	0.0	0.0	2	1.0415763074580688	-7.750898880909484	230.0	26	1.05	0.95				
	215	2	235.61687396526315	47.56933733052631	0.0	0.0	2	1.0419167909510942	0.1631230202456133	230.0	26	1.05	0.95				
	216	2	74.32708957894735	14.865417915789472	0.0	0.0	2	1.0444607634297254	0.08146672695432589	230.0	26	1.05	0.95				
	217	1	0.0	0.0	0.0	0.0	2	1.045280423881533	2.604563925632993	230.0	27	1.05	0.95				
	218	2	247.5092082978947	50.542420913684204	0.0	0.0	2	1.045670955196117	2.658237713472721	230.0	27	1.05	0.95				
	219	1	134.53203213789473	27.501023144210524	0.0	0.0	2	1.041323471764145	0.2539633138605006	230.0	25	1.05	0.95				
	220	1	95.13867466105262	19.325043290526313	0.0	0.0	2	1.045239555131903	1.798652219914898	230.0	25	1.05	0.95				
	221	2	0.0	0.0	0.0	0.0	2	1.0460507766215976	2.5937405058419385	230.0	27	1.05	0.95				
	222	2	0.0	0.0	0.0	0.0	2	1.05	9.106567678367782	230.0	27	1.05	0.95				
	223	2	0.0	0.0	0.0	0.0	2	1.05	3.1832282990284013	230.0	25	1.05	0.95				
	224	1	0.0	0.0	0.0	0.0	2	1.0162257529408243	-4.6148322763686105	230.0	26	1.05	0.95				
	301	2	58.54413160421053	11.925656437894737	0.0	0.0	3	0.9935151203794503	7.766349461636502	138.0	31	1.05	0.95				
	302	2	52.581303385263155	10.84150585263158	0.0	0.0	3	0.9933029540924537	7.757035191545158	138.0	32	1.05	0.95				
	303	1	97.57355267368422	20.05678582736842	0.0	0.0	3	1.0140920694169535	9.649174899015787	138.0	31	1.05	0.95				
	304	1	40.11357165473684	8.131129389473683	0.0	0.0	3	1.0013230358920207	9.624177549413993	138.0	31	1.05	0.95				
	305	1	38.487345776842105	7.589054096842106	0.0	0.0	3	1.013382601321963	9.701504341168679	138.0	31	1.05	0.95				
	306	1	73.72223979789474	15.178108193684212	0.0	-100.0	3	1.0330758605225447	10.155348274246679	138.0	32	1.05	0.95				
	307	2	67.75941157894736	13.551882315789474	0.0	0.0	3	0.9859433414420096	6.881633182382025	138.0	32	1.05	0.95				
	308	1	92.69487504	18.972635242105262	0.0	0.0	3	0.9994217366408881	9.261324724235935	138.0	32	1.05	0.95				
	309	1	94.86317621052632	19.51471053473684	0.0	0.0	3	1.0265263019155193	13.355900211603158	138.0	33	1.05	0.95				
	310	1	105.70468206315789	21.68301170526316	0.0	0.0	3	1.05	13.357351770639458	138.0	33	1.05	0.95				
	311	1	0.0	0.0	0.0	0.0	3	1.0138883829668848	18.913236258885906	230.0	33	1.05	0.95				
	312	1	0.0	0.0	0.0	0.0	3	1.02036168446111	20.24090319139536	230.0	33	1.05	0.95				
	313	2	143.6499525473684	29.272065802105264	0.0	0.0	3	1.0368008784851206	27.290318783222453	230.0	34	1.05	0.95				
	314	2	105.16260677052631	21.140936412631582	0.0	0.0	3	1.0133211885510158	17.02478846986541	230.0	36	1.05	0.95				
	315	2	171.83786776421053	34.69281872842105	0.0	0.0	3	1.0335632670400048	10.99619981250208	230.0	36	1.05	0.95				
	316	2	54.207529263157895	10.84150585263158	0.0	0.0	3	1.0349598892027607	12.26849835894703	230.0	36	1.05	0.95				
	317	1	0.0	0.0	0.0	0.0	3	1.0397644198191942	11.042047551704805	230.0	37	1.05	0.95				
	318	2	180.51107244631578	36.86111989894737	0.0	0.0	3	1.0390260903724815	9.814997056913178	230.0	37	1.05	0.95				
	319	1	98.11562796631578	20.05678582736842	0.0	0.0	3	1.0345276356951818	15.235899246270128	230.0	35	1.05	0.95				
	320	1	69.3856374568421	14.093957608421054	0.0	0.0	3	1.0366194878741095	17.406525193500887	230.0	35	1.05	0.95				
	321	2	0.0	0.0	0.0	0.0	3	1.0388008133113804	10.774343805952013	230.0	37	1.05	0.95				
	322	2	0.0	0.0	0.0	0.0	3	1.05	15.193684530946525	230.0	37	1.05	0.95				
	323	2	0.0	0.0	0.0	0.0	3	1.0376729682055004	18.239518358455097	230.0	35	1.05	0.95				
	324	1	0.0	0.0	0.0	0.0	3	1.0239837387143909	12.426057368506354	230.0	36	1.05	0.95				
	325	1	0.0	0.0	0.0	0.0	3	1.0401257753958075	17.840112364546673	230.0	35	1.05	0.95				
];
