%% MATPOWER Case Format : Version 2
function mpc = RTS_GMLC
mpc.version = '2';

%%-----  Power Flow Data  -----%%
%% system MVA base
mpc.baseMVA = 100.0;
%% bus data
%    bus_i    type    Pd    Qd    Gs    Bs    area    Vm    Va    baseKV    zone    Vmax    Vmin
mpc.bus = [
	101	2	83.67194459368422	17.044285009824563	0.0	0.0	1	1.033841414925112	-3.6843909375251327	138.0	11	1.05	0.95				
	102	2	75.14980208877193	15.494804554385965	0.0	0.0	1	1.0338306185851258	-3.733582542498259	138.0	12	1.05	0.95				
	103	1	139.4532409894737	28.665388425614037	0.0	0.0	1	1.019252537903434	-4.186040212988961	138.0	11	1.05	0.95				
	104	1	57.33077685122807	11.621103415789474	0.0	0.0	1	1.016346846813159	-6.324764886479657	138.0	11	1.05	0.95				
	105	1	55.006556168070176	10.846363188070177	0.0	0.0	1	1.0317308533446676	-6.376612180050452	138.0	11	1.05	0.95				
	106	1	105.36467096982459	21.692726376140353	0.0	-100.0	1	1.0359090622357157	-8.588523739317493	138.0	12	1.05	0.95				
	107	2	96.84252846491228	19.368505692982456	0.0	0.0	1	1.0462141210908318	-2.862117752981729	138.0	12	1.05	0.95				
	108	1	132.48057894000002	27.11590797017544	0.0	0.0	1	1.0223012733328352	-6.580500557031819	138.0	12	1.05	0.95				
	109	1	135.5795398508772	27.890648197894734	0.0	0.0	1	1.026909598663918	-5.311848436410148	138.0	13	1.05	0.95				
	110	1	151.07434440526316	30.98960910877193	0.0	0.0	1	1.05	-6.662880436624679	138.0	13	1.05	0.95				
	111	1	0.0	0.0	0.0	0.0	1	1.0158941477197305	-2.255699062084456	230.0	13	1.05	0.95				
	112	1	0.0	0.0	0.0	0.0	1	1.0173527133888072	-1.0856373864925855	230.0	13	1.05	0.95				
	113	3	205.30616034561402	41.83597229684211	0.0	0.0	1	1.018856344087631	-1.3008493538406237e-26	230.0	14	1.05	0.95				
	114	2	150.29960417754387	30.214868881052638	0.0	0.0	1	1.0193905645638988	-0.4764834113673768	230.0	16	1.05	0.95				
	115	2	245.59265218701753	49.58337457403509	0.0	0.0	1	1.045170950932563	6.851090373672925	230.0	16	1.05	0.95				
	116	2	77.47402277192982	15.494804554385965	0.0	0.0	1	1.0439977268620908	6.726008370282161	230.0	16	1.05	0.95				
	117	1	0.0	0.0	0.0	0.0	1	1.0474355641863302	9.442386752067007	230.0	17	1.05	0.95				
	118	2	257.98849583052635	52.682335484912294	0.0	0.0	1	1.049109213920897	9.924442556446303	230.0	17	1.05	0.95				
	119	1	140.227981217193	28.665388425614037	0.0	0.0	1	1.0389162319366725	6.015335220015831	230.0	15	1.05	0.95				
	120	1	99.16674914807018	20.143245920701755	0.0	0.0	1	1.0414021449371789	6.8576399207487535	230.0	15	1.05	0.95				
	121	2	0.0	0.0	0.0	0.0	1	1.05	10.555314484859613	230.0	17	1.05	0.95				
	122	2	0.0	0.0	0.0	0.0	1	1.05	16.879417546016438	230.0	17	1.05	0.95				
	123	2	0.0	0.0	0.0	0.0	1	1.0451741730229107	7.887296335793163	230.0	15	1.05	0.95				
	124	1	0.0	0.0	0.0	0.0	1	1.0216467776795448	2.7773705907487125	230.0	16	1.05	0.95				
	201	2	72.58932788210527	14.786714938947368	0.0	0.0	2	1.0364878892466378	-5.443632174002691	138.0	21	1.05	0.95				
	202	2	65.19597041263158	13.44246812631579	0.0	0.0	2	1.0364084164899396	-5.5479103113690496	138.0	22	1.05	0.95				
	203	1	120.98221313684212	24.86856603368421	0.0	0.0	2	1.0296043731140658	-4.214230278644186	138.0	21	1.05	0.95				
	204	1	49.73713206736842	10.081851094736843	0.0	0.0	2	1.019491095992458	-7.584243059163128	138.0	21	1.05	0.95				
	205	1	47.72076184842105	9.409727688421054	0.0	0.0	2	1.034637050821365	-7.791446344718403	138.0	21	1.05	0.95				
	206	1	91.40878325894738	18.819455376842107	0.0	-100.0	2	1.0397662399798924	-9.74845297614068	138.0	22	1.05	0.95				
	207	2	84.01542578947368	16.80308515789474	0.0	0.0	2	0.9778517240377708	-19.919173482231344	138.0	22	1.05	0.95				
	208	1	114.93310247999999	23.524319221052632	0.0	0.0	2	0.9794714970912338	-16.640900153713	138.0	22	1.05	0.95				
	209	1	117.62159610526317	24.19644262736842	0.0	0.0	2	1.0265222490346788	-6.5369599259784374	138.0	23	1.05	0.95				
	210	1	131.06406423157895	26.88493625263158	0.0	0.0	2	1.05	-8.06034433334056	138.0	23	1.05	0.95				
	211	1	0.0	0.0	0.0	0.0	2	1.0193657658699011	-2.1219688175209073	230.0	23	1.05	0.95				
	212	1	0.0	0.0	0.0	0.0	2	1.0180506425659686	-0.9330305625998114	230.0	23	1.05	0.95				
	213	2	178.1127026736842	36.29466394105263	0.0	0.0	2	1.0263936794761535	1.3115398197901584	230.0	24	1.05	0.95				
	214	2	130.39194082526316	26.212812846315792	0.0	0.0	2	1.0286554291619072	-0.00387448270352236	230.0	26	1.05	0.95				
	215	2	213.06311980210526	43.01589800421053	0.0	0.0	2	1.0442867718730189	6.705301890798881	230.0	26	1.05	0.95				
	216	2	67.21234063157895	13.44246812631579	0.0	0.0	2	1.046068540828859	7.065552764698701	230.0	26	1.05	0.95				
	217	1	0.0	0.0	0.0	0.0	2	1.0487585731586928	9.833265900200507	230.0	27	1.05	0.95				
	218	2	223.8170943031579	45.70439162947369	0.0	0.0	2	1.05	10.740958741771008	230.0	27	1.05	0.95				
	219	1	121.6543365431579	24.86856603368421	0.0	0.0	2	1.0431720098011315	6.819011708900912	230.0	25	1.05	0.95				
	220	1	86.03179600842105	17.475208564210526	0.0	0.0	2	1.046298967433212	7.864092878394999	230.0	25	1.05	0.95				
	221	2	0.0	0.0	0.0	0.0	2	1.05	11.111039818328955	230.0	27	1.05	0.95				
	222	2	0.0	0.0	0.0	0.0	2	1.05	17.121485611201237	230.0	27	1.05	0.95				
	223	2	0.0	0.0	0.0	0.0	2	1.05	8.925793870671047	230.0	25	1.05	0.95				
	224	1	0.0	0.0	0.0	0.0	2	1.0251173139592222	2.630823599396311	230.0	26	1.05	0.95				
	301	2	64.62575136000001	13.164504906666666	0.0	0.0	3	1.0124393498938327	-16.373308346326855	138.0	31	1.05	0.95				
	302	2	58.04349890666667	11.967731733333334	0.0	0.0	3	1.011179243280883	-16.640741852781385	138.0	32	1.05	0.95				
	303	1	107.70958560000001	22.140303706666668	0.0	0.0	3	1.039722857297718	-5.825550966654262	138.0	31	1.05	0.95				
	304	1	44.280607413333335	8.9757988	0.0	0.0	3	1.0089786823987272	-14.962339877261035	138.0	31	1.05	0.95				
	305	1	42.48544765333333	8.377412213333333	0.0	0.0	3	1.0233492312655332	-16.20048014076228	138.0	31	1.05	0.95				
	306	1	81.38057578666668	16.754824426666666	0.0	-100.0	3	1.0362334238746302	-16.773822947885964	138.0	32	1.05	0.95				
	307	2	74.79832333333334	14.959664666666667	0.0	0.0	3	1.005492894901089	-17.945149947350558	138.0	32	1.05	0.95				
	308	1	102.32410632	20.94353053333333	0.0	0.0	3	1.0031066725413615	-17.583244462447695	138.0	32	1.05	0.95				
	309	1	104.71765266666667	21.541917119999997	0.0	0.0	3	1.0276496248843374	-11.149496915906825	138.0	33	1.05	0.95				
	310	1	116.6853844	23.93546346666667	0.0	0.0	3	1.05	-14.107834954925517	138.0	33	1.05	0.95				
	311	1	0.0	0.0	0.0	0.0	3	1.0159020247868542	-7.67889159669252	230.0	33	1.05	0.95				
	312	1	0.0	0.0	0.0	0.0	3	1.0162964566735806	-6.939395897028768	230.0	33	1.05	0.95				
	313	2	158.57244546666666	32.312875680000005	0.0	0.0	3	1.0209479511349309	-3.812988084650429	230.0	34	1.05	0.95				
	314	2	116.08699781333334	23.33707688	0.0	0.0	3	1.0226181678365789	-6.097845587681785	230.0	36	1.05	0.95				
	315	2	189.68854797333333	38.29674154666667	0.0	0.0	3	1.0451656019944078	-0.0821737255198534	230.0	36	1.05	0.95				
	316	2	59.83865866666667	11.967731733333334	0.0	0.0	3	1.0428719989150133	-0.23723484720115598	230.0	36	1.05	0.95				
	317	1	0.0	0.0	0.0	0.0	3	1.0464739820688918	2.2112531967576317	230.0	37	1.05	0.95				
	318	2	199.26273336	40.69028789333334	0.0	0.0	3	1.0476914250831129	2.6530865912277046	230.0	37	1.05	0.95				
	319	1	108.30797218666667	22.140303706666668	0.0	0.0	3	1.0372697704341864	-1.1519706299544465	230.0	35	1.05	0.95				
	320	1	76.59348309333333	15.558051253333332	0.0	0.0	3	1.03726190136982	-0.8130424741418125	230.0	35	1.05	0.95				
	321	2	0.0	0.0	0.0	0.0	3	1.05	3.6443965834444305	230.0	37	1.05	0.95				
	322	2	0.0	0.0	0.0	0.0	3	1.05	8.85672789689835	230.0	37	1.05	0.95				
	323	2	0.0	0.0	0.0	0.0	3	1.0386544034449692	-0.17987919406105074	230.0	35	1.05	0.95				
	324	1	0.0	0.0	0.0	0.0	3	1.0350697689656605	-2.237681766344371	230.0	36	1.05	0.95				
	325	1	0.0	0.0	0.0	0.0	3	1.0372055543705783	0.7224558771739288	230.0	35	1.05	0.95				
];
