%% MATPOWER Case Format : Version 2
function mpc = RTS_GMLC
mpc.version = '2';

%%-----  Power Flow Data  -----%%
%% system MVA base
mpc.baseMVA = 100.0;
%% bus data
%    bus_i    type    Pd    Qd    Gs    Bs    area    Vm    Va    baseKV    zone    Vmax    Vmin
mpc.bus = [
	101	2	51.287976265263154	10.447550720701754	0.0	0.0	1	1.0385263948086503	1.2587674874013697	138.0	11	1.05	0.95				
	102	2	46.06420090491227	9.49777338245614	0.0	0.0	1	1.0375958836855586	0.9734347792389015	138.0	12	1.05	0.95				
	103	1	85.47996044210525	17.570880757543858	0.0	0.0	1	1.0258619444959003	-0.8715040140911885	138.0	11	1.05	0.95				
	104	1	35.141761515087715	7.123330036842105	0.0	0.0	1	1.0233791861447674	-2.217179370130237	138.0	11	1.05	0.95				
	105	1	33.71709550771929	6.648441367719299	0.0	0.0	1	1.0375713089673502	-2.1917792597566237	138.0	11	1.05	0.95				
	106	1	64.58485900070175	13.296882735438597	0.0	-100.0	1	1.0450057890672273	-4.639181056451173	138.0	12	1.05	0.95				
	107	2	59.36108364035088	11.872216728070175	0.0	0.0	1	1.0001655681283823	-11.885404260222124	138.0	12	1.05	0.95				
	108	1	81.20596241999999	16.621103419298244	0.0	0.0	1	1.0017277769830388	-9.924427448804375	138.0	12	1.05	0.95				
	109	1	83.10551709649123	17.09599208842105	0.0	0.0	1	1.0244238746474257	-3.3653971430080687	138.0	13	1.05	0.95				
	110	1	92.60329047894736	18.99554676491228	0.0	0.0	1	1.05	-4.215033789091254	138.0	13	1.05	0.95				
	111	1	0.0	0.0	0.0	0.0	1	1.0049582641959547	-1.086229274462518	230.0	13	1.05	0.95				
	112	1	0.0	0.0	0.0	0.0	1	1.0101713654542739	-0.9021426681156564	230.0	13	1.05	0.95				
	113	3	125.84549731754385	25.643988132631577	0.0	0.0	1	1.0011239602582145	3.0397222998931183e-31	230.0	14	1.05	0.95				
	114	2	92.12840180982454	18.52065809578947	0.0	0.0	1	1.0012744915567395	0.7919586015823031	230.0	16	1.05	0.95				
	115	2	150.5397081119298	30.392874823859646	0.0	0.0	1	1.0323192032435968	6.79023039634472	230.0	16	1.05	0.95				
	116	2	47.4888669122807	9.49777338245614	0.0	0.0	1	1.029825508148653	6.257140676826142	230.0	16	1.05	0.95				
	117	1	0.0	0.0	0.0	0.0	1	1.0358400218692791	9.070732473425512	230.0	17	1.05	0.95				
	118	2	158.13792681789474	32.29242950035088	0.0	0.0	1	1.0377283685869316	9.457894452366888	230.0	17	1.05	0.95				
	119	1	85.95484911122806	17.570880757543858	0.0	0.0	1	1.0238670469980269	4.582642537087139	230.0	15	1.05	0.95				
	120	1	60.78574964771929	12.347105397192982	0.0	0.0	1	1.0225742894472643	4.042696298706467	230.0	15	1.05	0.95				
	121	2	0.0	0.0	0.0	0.0	1	1.0399958277483647	10.915574787597922	230.0	17	1.05	0.95				
	122	2	0.0	0.0	0.0	0.0	1	1.05	17.483175245720336	230.0	17	1.05	0.95				
	123	2	0.0	0.0	0.0	0.0	1	1.0225975284697888	4.112682284874345	230.0	15	1.05	0.95				
	124	1	0.0	0.0	0.0	0.0	1	1.0201064638346358	3.9127043899075344	230.0	16	1.05	0.95				
	201	2	54.14449865684211	11.029434911578948	0.0	0.0	2	1.0230993978431788	-13.446612492636328	138.0	21	1.05	0.95				
	202	2	48.62978120105263	10.026759010526316	0.0	0.0	2	1.0239012789886535	-13.318800897359795	138.0	22	1.05	0.95				
	203	1	90.24083109473685	18.549504169473686	0.0	0.0	2	1.0157618899084806	-11.495471391708888	138.0	21	1.05	0.95				
	204	1	37.09900833894737	7.520069257894736	0.0	0.0	2	1.0155528808072956	-14.529812612234856	138.0	21	1.05	0.95				
	205	1	35.59499448736842	7.018731307368421	0.0	0.0	2	1.0303714665697616	-14.915693521272734	138.0	21	1.05	0.95				
	206	1	68.18196127157896	14.037462614736842	0.0	-100.0	2	1.0419681191807015	-16.198899326777436	138.0	22	1.05	0.95				
	207	2	62.667243815789476	12.533448763157896	0.0	0.0	2	0.9909776047636906	-23.283406622718513	138.0	22	1.05	0.95				
	208	1	85.72878954000001	17.546828268421052	0.0	0.0	2	0.9946332013850329	-20.950548724909563	138.0	22	1.05	0.95				
	209	1	87.73414134210526	18.04816621894737	0.0	0.0	2	1.0233767582638769	-13.459187712407457	138.0	23	1.05	0.95				
	210	1	97.76090035263158	20.053518021052632	0.0	0.0	2	1.05	-14.79566999528393	138.0	23	1.05	0.95				
	211	1	0.0	0.0	0.0	0.0	2	1.010294908517578	-10.199631264372462	230.0	23	1.05	0.95				
	212	1	0.0	0.0	0.0	0.0	2	1.0112620571923763	-8.995526409174898	230.0	23	1.05	0.95				
	213	2	132.85455688947368	27.072249328421055	0.0	0.0	2	1.010027746370785	-8.489194306994849	230.0	24	1.05	0.95				
	214	2	97.25956240210526	19.55218007052632	0.0	0.0	2	1.0134139775058268	-7.7060905944526334	230.0	26	1.05	0.95				
	215	2	158.9241303168421	32.08562883368421	0.0	0.0	2	1.027360580363644	-0.9620304059676323	230.0	26	1.05	0.95				
	216	2	50.133795052631584	10.026759010526316	0.0	0.0	2	1.0294357561390233	-1.1102016372832522	230.0	26	1.05	0.95				
	217	1	0.0	0.0	0.0	0.0	2	1.0317532870746493	0.4838659504869554	230.0	27	1.05	0.95				
	218	2	166.94553752526315	34.09098063578948	0.0	0.0	2	1.0307055675700114	-0.18504438197698297	230.0	27	1.05	0.95				
	219	1	90.74216904526317	18.549504169473686	0.0	0.0	2	1.0314310561328017	-0.6863315211050087	230.0	25	1.05	0.95				
	220	1	64.17125766736842	13.034786713684209	0.0	0.0	2	1.0370115937780864	0.642573563374594	230.0	25	1.05	0.95				
	221	2	0.0	0.0	0.0	0.0	2	1.0326032929507507	0.36358646823687163	230.0	27	1.05	0.95				
	222	2	0.0	0.0	0.0	0.0	2	1.05	6.905664388943726	230.0	27	1.05	0.95				
	223	2	0.0	0.0	0.0	0.0	2	1.0414157787338407	1.7406586277612144	230.0	25	1.05	0.95				
	224	1	0.0	0.0	0.0	0.0	2	1.0100426432005758	-4.90290179673912	230.0	26	1.05	0.95				
	301	2	40.743435637894734	8.29958874105263	0.0	0.0	3	1.0099309459001509	-2.5336375853222055	138.0	31	1.05	0.95				
	302	2	36.59364126736842	7.545080673684211	0.0	0.0	3	1.0098641748209654	-2.6268220728135026	138.0	32	1.05	0.95				
	303	1	67.90572606315789	13.958399246315789	0.0	0.0	3	1.0216827602612073	1.6425286370203822	138.0	31	1.05	0.95				
	304	1	27.916798492631578	5.658810505263157	0.0	0.0	3	1.0114543482916019	-1.5066231462664368	138.0	31	1.05	0.95				
	305	1	26.78503639157894	5.281556471578948	0.0	0.0	3	1.0251445737347955	-1.860795676122132	138.0	31	1.05	0.95				
	306	1	51.30654858105264	10.563112943157895	0.0	-100.0	3	1.042378497919396	-1.9563557519052852	138.0	32	1.05	0.95				
	307	2	47.156754210526316	9.431350842105262	0.0	0.0	3	0.9800278263464747	-6.019491573091542	138.0	32	1.05	0.95				
	308	1	64.51043976	13.203891178947366	0.0	0.0	3	0.9937153021817673	-4.4115590197820636	138.0	32	1.05	0.95				
	309	1	66.01945589473684	13.58114521263158	0.0	0.0	3	1.0238756357213823	0.9679793836422754	138.0	33	1.05	0.95				
	310	1	73.56453656842105	15.090161347368422	0.0	0.0	3	1.05	0.02812167145450516	138.0	33	1.05	0.95				
	311	1	0.0	0.0	0.0	0.0	3	1.003255147228563	4.761122537292716	230.0	33	1.05	0.95				
	312	1	0.0	0.0	0.0	0.0	3	1.0096038729919459	4.789178536653802	230.0	33	1.05	0.95				
	313	2	99.97231892631578	20.371717818947367	0.0	0.0	3	1.0074494178048157	7.815810917225519	230.0	34	1.05	0.95				
	314	2	73.18728253473684	14.712907313684209	0.0	0.0	3	0.9966191630040108	6.487463092075533	230.0	36	1.05	0.95				
	315	2	119.58952867789472	24.144258155789473	0.0	0.0	3	1.0239955761855937	8.60206845877713	230.0	36	1.05	0.95				
	316	2	37.72540336842105	7.545080673684211	0.0	0.0	3	1.0210570970938606	8.891678875054732	230.0	36	1.05	0.95				
	317	1	0.0	0.0	0.0	0.0	3	1.039157618821352	12.873423554552962	230.0	37	1.05	0.95				
	318	2	125.6255932168421	25.65327429052632	0.0	0.0	3	1.0382937364787879	10.638409508979631	230.0	37	1.05	0.95				
	319	1	68.28298009684211	13.958399246315789	0.0	0.0	3	1.0179297294823857	8.337935803792568	230.0	35	1.05	0.95				
	320	1	48.288516311578945	9.808604875789474	0.0	0.0	3	1.0160719024040428	7.937024984628895	230.0	35	1.05	0.95				
	321	2	0.0	0.0	0.0	0.0	3	1.0356767494635668	10.58845837945626	230.0	37	1.05	0.95				
	322	2	0.0	0.0	0.0	0.0	3	1.0499999938910831	15.795091629026226	230.0	37	1.05	0.95				
	323	2	0.0	0.0	0.0	0.0	3	1.0150888836041805	7.905464759800824	230.0	35	1.05	0.95				
	324	1	0.0	0.0	0.0	0.0	3	1.0154193806792458	6.849801271392267	230.0	36	1.05	0.95				
	325	1	0.0	0.0	0.0	0.0	3	1.0174011056652414	8.175566682641373	230.0	35	1.05	0.95				
];
