%% MATPOWER Case Format : Version 2
function mpc = RTS_GMLC
mpc.version = '2';

%%-----  Power Flow Data  -----%%
%% system MVA base
mpc.baseMVA = 100.0;
%% bus data
%    bus_i    type    Pd    Qd    Gs    Bs    area    Vm    Va    baseKV    zone    Vmax    Vmin
mpc.bus = [
	101	2	70.79317169684211	14.420831271578946	0.0	0.0	1	1.0324103804803457	-0.14810727715817812	138.0	11	1.05	0.95				
	102	2	63.58275606105263	13.109846610526315	0.0	0.0	1	1.0324515482768808	-0.18432359895020248	138.0	12	1.05	0.95				
	103	1	117.98861949473682	24.253216229473683	0.0	0.0	1	1.022407190979194	-1.6981844066754872	138.0	11	1.05	0.95				
	104	1	48.506432458947366	9.832384957894735	0.0	0.0	1	1.0176844840714794	-3.264489015601821	138.0	11	1.05	0.95				
	105	1	46.539955467368415	9.17689262736842	0.0	0.0	1	1.0324105829539332	-3.18821638272435	138.0	11	1.05	0.95				
	106	1	89.14695695157894	18.35378525473684	0.0	-100.0	1	1.0388469446202169	-5.48781389950651	138.0	12	1.05	0.95				
	107	2	81.93654131578947	16.387308263157895	0.0	0.0	1	1.046973068817648	-1.014652316872311	138.0	12	1.05	0.95				
	108	1	112.08918851999998	22.942231568421047	0.0	0.0	1	1.0263649835088577	-4.1582341198769095	138.0	12	1.05	0.95				
	109	1	114.71115784210527	23.597723898947365	0.0	0.0	1	1.026462356280363	-3.1314402184603285	138.0	13	1.05	0.95				
	110	1	127.82100445263156	26.21969322105263	0.0	0.0	1	1.05	-4.200050284377713	138.0	13	1.05	0.95				
	111	1	0.0	0.0	0.0	0.0	1	1.0102103725284666	-1.0205917463003809	230.0	13	1.05	0.95				
	112	1	0.0	0.0	0.0	0.0	1	1.014183289259747	-0.029051874407560508	230.0	13	1.05	0.95				
	113	3	173.70546758947367	35.396585848421054	0.0	0.0	1	1.008148113745681	4.573029913358322e-29	230.0	14	1.05	0.95				
	114	2	127.16551212210526	25.564200890526312	0.0	0.0	1	1.0090639302627589	0.8155191021797138	230.0	16	1.05	0.95				
	115	2	207.79106877684205	41.951509153684206	0.0	0.0	1	1.0425728789531878	7.50129919345132	230.0	16	1.05	0.95				
	116	2	65.54923305263158	13.109846610526315	0.0	0.0	1	1.0399826125785692	7.324258846305854	230.0	16	1.05	0.95				
	117	1	0.0	0.0	0.0	0.0	1	1.0459350874499553	9.77630445676074	230.0	17	1.05	0.95				
	118	2	218.2789460652631	44.57347847578947	0.0	0.0	1	1.048422318677051	10.177400508042565	230.0	17	1.05	0.95				
	119	1	118.64411182526315	24.253216229473683	0.0	0.0	1	1.035175090814734	6.700759612855431	230.0	15	1.05	0.95				
	120	1	83.90301830736841	17.04280059368421	0.0	0.0	1	1.0365076862752334	7.406062754258231	230.0	15	1.05	0.95				
	121	2	0.0	0.0	0.0	0.0	1	1.05	10.462245737218348	230.0	17	1.05	0.95				
	122	2	0.0	0.0	0.0	0.0	1	1.05	16.704467185096703	230.0	17	1.05	0.95				
	123	2	0.0	0.0	0.0	0.0	1	1.0390365108937967	8.281092276648232	230.0	15	1.05	0.95				
	124	1	0.0	0.0	0.0	0.0	1	1.023447825674336	4.0918058054922755	230.0	16	1.05	0.95				
	201	2	71.8583346568421	14.637808911578947	0.0	0.0	2	1.0340882497026562	-7.9722635647911675	138.0	21	1.05	0.95				
	202	2	64.53943020105262	13.307099010526317	0.0	0.0	2	1.0341883393211566	-8.059045143038619	138.0	22	1.05	0.95				
	203	1	119.76389109473683	24.618133169473683	0.0	0.0	2	1.027746443051982	-5.277086777850944	138.0	21	1.05	0.95				
	204	1	49.23626633894737	9.980324257894736	0.0	0.0	2	1.0180887561537852	-9.972614548980163	138.0	21	1.05	0.95				
	205	1	47.24020148736842	9.314969307368422	0.0	0.0	2	1.0334880229889314	-10.342851646309013	138.0	21	1.05	0.95				
	206	1	90.48827327157896	18.629938614736844	0.0	-100.0	2	1.039401363435644	-12.300462794996122	138.0	22	1.05	0.95				
	207	2	83.16936881578947	16.633873763157894	0.0	0.0	2	0.9787833301893248	-22.242811264076884	138.0	22	1.05	0.95				
	208	1	113.77569654	23.28742326842105	0.0	0.0	2	0.9801258110512479	-18.999089526086923	138.0	22	1.05	0.95				
	209	1	116.43711634210526	23.95277821894737	0.0	0.0	2	1.025553610477891	-8.842847124344683	138.0	23	1.05	0.95				
	210	1	129.74421535263156	26.614198021052633	0.0	0.0	2	1.05	-10.648454537565872	138.0	23	1.05	0.95				
	211	1	0.0	0.0	0.0	0.0	2	1.0197750524633682	-4.667913752149143	230.0	23	1.05	0.95				
	212	1	0.0	0.0	0.0	0.0	2	1.0185353826144756	-3.807187204746991	230.0	23	1.05	0.95				
	213	2	176.3190618894737	35.92916732842105	0.0	0.0	2	1.0255794321702125	-1.8082352286986758	230.0	24	1.05	0.95				
	214	2	129.07886040210525	25.948843070526316	0.0	0.0	2	1.0304733336970682	-2.1529268332423133	230.0	26	1.05	0.95				
	215	2	210.9175193168421	42.58271683368421	0.0	0.0	2	1.043106733409959	5.457540468577168	230.0	26	1.05	0.95				
	216	2	66.53549505263157	13.307099010526317	0.0	0.0	2	1.0456733828548863	5.4468524110020855	230.0	26	1.05	0.95				
	217	1	0.0	0.0	0.0	0.0	2	1.0479020055602741	8.701924235571314	230.0	27	1.05	0.95				
	218	2	221.56319852526315	45.24413663578948	0.0	0.0	2	1.0499996169878445	9.586937380075115	230.0	27	1.05	0.95				
	219	1	120.42924604526316	24.618133169473683	0.0	0.0	2	1.0430938845401294	4.473719081271274	230.0	25	1.05	0.95				
	220	1	85.16543366736842	17.29922871368421	0.0	0.0	2	1.0464556216280998	4.8754792055791905	230.0	25	1.05	0.95				
	221	2	0.0	0.0	0.0	0.0	2	1.05	9.926118485180918	230.0	27	1.05	0.95				
	222	2	0.0	0.0	0.0	0.0	2	1.05	15.957503238055729	230.0	27	1.05	0.95				
	223	2	0.0	0.0	0.0	0.0	2	1.05	5.580202192097177	230.0	25	1.05	0.95				
	224	1	0.0	0.0	0.0	0.0	2	1.0239332310128306	1.455113359085811	230.0	26	1.05	0.95				
	301	2	60.23536855578948	12.270167668771933	0.0	0.0	3	1.0088914411106318	-24.112932096970262	138.0	31	1.05	0.95				
	302	2	54.10028472140351	11.154697880701757	0.0	0.0	3	1.0080742655204538	-24.295454335337038	138.0	32	1.05	0.95				
	303	1	100.3922809263158	20.63619107929825	0.0	0.0	3	1.0284187428841587	-15.667446220505624	138.0	31	1.05	0.95				
	304	1	41.2723821585965	8.366023410526317	0.0	0.0	3	1.0080491637055584	-22.510096576466633	138.0	31	1.05	0.95				
	305	1	39.599177476491235	7.8082885164912295	0.0	0.0	3	1.0219678969894057	-23.547357022984304	138.0	31	1.05	0.95				
	306	1	75.85194558877195	15.616577032982459	0.0	-100.0	3	1.0366380800975303	-23.86044337085963	138.0	32	1.05	0.95				
	307	2	69.71686175438597	13.943372350877196	0.0	0.0	3	0.9976775551920766	-27.434843538773816	138.0	32	1.05	0.95				
	308	1	95.37266688000001	19.52072129122807	0.0	0.0	3	0.9986411723577784	-26.021975340904703	138.0	32	1.05	0.95				
	309	1	97.60360645614037	20.07845618526316	0.0	0.0	3	1.0270409358781682	-18.7752204432256	138.0	33	1.05	0.95				
	310	1	108.75830433684213	22.309395761403515	0.0	0.0	3	1.05	-21.190606906675946	138.0	33	1.05	0.95				
	311	1	0.0	0.0	0.0	0.0	3	1.0163078844052307	-14.266819912338045	230.0	33	1.05	0.95				
	312	1	0.0	0.0	0.0	0.0	3	1.0158282893308788	-13.934866345658394	230.0	33	1.05	0.95				
	313	2	147.79974691929826	30.11768427789474	0.0	0.0	3	1.0205039252723702	-10.943395920481384	230.0	34	1.05	0.95				
	314	2	108.20056944280702	21.751660867368425	0.0	0.0	3	1.0271423095390153	-11.479078428386316	230.0	36	1.05	0.95				
	315	2	176.80196140912284	35.69503321824562	0.0	0.0	3	1.0476442315539387	-4.433862861630472	230.0	36	1.05	0.95				
	316	2	55.77348940350878	11.154697880701757	0.0	0.0	3	1.047526040141922	-4.210116052392195	230.0	36	1.05	0.95				
	317	1	0.0	0.0	0.0	0.0	3	1.0499999647264113	-1.0459023947318364	230.0	37	1.05	0.95				
	318	2	185.72571971368424	37.92597279438598	0.0	0.0	3	1.0492754695446864	-0.9777011350320394	230.0	37	1.05	0.95				
	319	1	100.9500158203509	20.63619107929825	0.0	0.0	3	1.0418533582656406	-5.896783643686613	230.0	35	1.05	0.95				
	320	1	71.39006643649124	14.501107244912284	0.0	0.0	3	1.0416336170760527	-6.317729428310214	230.0	35	1.05	0.95				
	321	2	0.0	0.0	0.0	0.0	3	1.05	-0.46282225688096024	230.0	37	1.05	0.95				
	322	2	0.0	0.0	0.0	0.0	3	1.05	5.084963989766923	230.0	37	1.05	0.95				
	323	2	0.0	0.0	0.0	0.0	3	1.0425675875668523	-6.135428635678831	230.0	35	1.05	0.95				
	324	1	0.0	0.0	0.0	0.0	3	1.0263317390206772	-8.607987405469885	230.0	36	1.05	0.95				
	325	1	0.0	0.0	0.0	0.0	3	1.0378418227546864	-4.76557721058466	230.0	35	1.05	0.95				
];
