%% MATPOWER Case Format : Version 2
function mpc = RTS_GMLC
mpc.version = '2';

%%-----  Power Flow Data  -----%%
%% system MVA base
mpc.baseMVA = 100.0;
%% bus data
%    bus_i    type    Pd    Qd    Gs    Bs    area    Vm    Va    baseKV    zone    Vmax    Vmin
mpc.bus = [
	101	2	85.90301829473685	17.498762985964913	0.0	0.0	1	1.0337387534144473	-4.029531312585381	138.0	11	1.05	0.95				
	102	2	77.15363680175439	15.907966350877196	0.0	0.0	1	1.0337212739181578	-4.106653913409935	138.0	12	1.05	0.95				
	103	1	143.17169715789476	29.429737749122808	0.0	0.0	1	1.0180767044802834	-4.932584642294575	138.0	11	1.05	0.95				
	104	1	58.859475498245615	11.930974763157895	0.0	0.0	1	1.0166222338245874	-7.002903310783599	138.0	11	1.05	0.95				
	105	1	56.47328054561404	11.135576445614037	0.0	0.0	1	1.0311728431413634	-7.150429068376242	138.0	11	1.05	0.95				
	106	1	108.17417118596492	22.271152891228073	0.0	-100.0	1	1.0350193771749976	-9.618480439690451	138.0	12	1.05	0.95				
	107	2	99.42478969298246	19.884957938596493	0.0	0.0	1	1.05	-7.897106826056443	138.0	12	1.05	0.95				
	108	1	136.01311230000002	27.838941114035087	0.0	0.0	1	1.0243411314132251	-10.013959969841883	138.0	12	1.05	0.95				
	109	1	139.19470557017544	28.634339431578947	0.0	0.0	1	1.027102054869781	-6.421800529917495	138.0	13	1.05	0.95				
	110	1	155.10267192105266	31.81593270175439	0.0	0.0	1	1.05	-7.806988820186562	138.0	13	1.05	0.95				
	111	1	0.0	0.0	0.0	0.0	1	1.0153142962195787	-2.8747255624616077	230.0	13	1.05	0.95				
	112	1	0.0	0.0	0.0	0.0	1	1.018313169532524	-1.9360965169371471	230.0	13	1.05	0.95				
	113	3	210.78055414912282	42.95150914736843	0.0	0.0	1	1.0218066070478962	-2.3753740536585e-29	230.0	14	1.05	0.95				
	114	2	154.30727360350878	31.020534384210528	0.0	0.0	1	1.0170107473484822	-1.1331412005413217	230.0	16	1.05	0.95				
	115	2	252.14126666140353	50.90549232280702	0.0	0.0	1	1.0443749683427395	6.50920304043673	230.0	16	1.05	0.95				
	116	2	79.53983175438597	15.907966350877196	0.0	0.0	1	1.043747062879303	6.133126316685881	230.0	16	1.05	0.95				
	117	1	0.0	0.0	0.0	0.0	1	1.047224305745815	9.205905957438883	230.0	17	1.05	0.95				
	118	2	264.8676397421053	54.08708559298246	0.0	0.0	1	1.0491977203734815	9.878747413140118	230.0	17	1.05	0.95				
	119	1	143.9670954754386	29.429737749122808	0.0	0.0	1	1.0381442278683324	4.820117043281449	230.0	15	1.05	0.95				
	120	1	101.81098464561404	20.680356256140353	0.0	0.0	1	1.0405396589897293	5.173695907117036	230.0	15	1.05	0.95				
	121	2	0.0	0.0	0.0	0.0	1	1.05	10.723064355760158	230.0	17	1.05	0.95				
	122	2	0.0	0.0	0.0	0.0	1	1.05	16.6415444031744	230.0	17	1.05	0.95				
	123	2	0.0	0.0	0.0	0.0	1	1.0441829347553455	5.9517815469066395	230.0	15	1.05	0.95				
	124	1	0.0	0.0	0.0	0.0	1	1.0201991886505968	2.286511641955159	230.0	16	1.05	0.95				
	201	2	103.34204314105264	21.05115693614035	0.0	0.0	2	1.05	-19.60822136051204	138.0	21	1.05	0.95				
	202	2	92.81646467298246	19.13741539649123	0.0	0.0	2	1.05	-19.688024291773065	138.0	22	1.05	0.95				
	203	1	172.23673856842106	35.40421848350877	0.0	0.0	2	1.016360318857676	-14.330216045737703	138.0	21	1.05	0.95				
	204	1	70.80843696701754	14.353061547368421	0.0	0.0	2	1.0143483681473189	-21.14903915744837	138.0	21	1.05	0.95				
	205	1	67.93782465754386	13.396190777543863	0.0	0.0	2	1.0334410803113987	-21.808496690249292	138.0	21	1.05	0.95				
	206	1	130.13442469614037	26.792381555087726	0.0	-100.0	2	1.0278846241825674	-23.944324343357845	138.0	22	1.05	0.95				
	207	2	119.60884622807018	23.921769245614037	0.0	0.0	2	0.9502437201032694	-32.17932174666883	138.0	22	1.05	0.95				
	208	1	163.62490164000002	33.49047694385965	0.0	0.0	2	0.95	-30.04441302622891	138.0	22	1.05	0.95				
	209	1	167.45238471929824	34.44734771368421	0.0	0.0	2	1.016852114335782	-18.460367859084275	138.0	23	1.05	0.95				
	210	1	186.58980011578947	38.27483079298246	0.0	0.0	2	1.0414700291895111	-21.054447892143614	138.0	23	1.05	0.95				
	211	1	0.0	0.0	0.0	0.0	2	1.0277129830811695	-12.598286014307147	230.0	23	1.05	0.95				
	212	1	0.0	0.0	0.0	0.0	2	1.0169435344626228	-11.142334950264454	230.0	23	1.05	0.95				
	213	2	253.57075400350877	51.67102157052632	0.0	0.0	2	1.05	-8.023648840211631	230.0	24	1.05	0.95				
	214	2	185.63292934596493	37.317960023157895	0.0	0.0	2	1.05	-9.840164124073222	230.0	26	1.05	0.95				
	215	2	303.32803403438595	61.23972926877194	0.0	0.0	2	1.041570136464413	0.640914992911558	230.0	26	1.05	0.95				
	216	2	95.68707698245615	19.13741539649123	0.0	0.0	2	1.0457454087582791	0.050446585445266576	230.0	26	1.05	0.95				
	217	1	0.0	0.0	0.0	0.0	2	1.0482274079916338	3.7415262255197796	230.0	27	1.05	0.95				
	218	2	318.63796635157894	65.06721234807019	0.0	0.0	2	1.05	4.35421272585609	230.0	27	1.05	0.95				
	219	1	173.1936093382456	35.40421848350877	0.0	0.0	2	1.0401171931947797	-0.7749176049945115	230.0	25	1.05	0.95				
	220	1	122.47945853754388	24.878640015438595	0.0	0.0	2	1.0443093527763212	0.30136278081007767	230.0	25	1.05	0.95				
	221	2	0.0	0.0	0.0	0.0	2	1.05	5.10521109970945	230.0	27	1.05	0.95				
	222	2	0.0	0.0	0.0	0.0	2	1.05	11.081857478549876	230.0	27	1.05	0.95				
	223	2	0.0	0.0	0.0	0.0	2	1.05	1.5826752909524373	230.0	25	1.05	0.95				
	224	1	0.0	0.0	0.0	0.0	2	1.0128069918820375	-4.897710214547335	230.0	26	1.05	0.95				
	301	2	70.10945901473684	14.281556465964911	0.0	0.0	3	1.0114075454041267	-13.430297212689227	138.0	31	1.05	0.95				
	302	2	62.96868078175437	12.98323315087719	0.0	0.0	3	1.0102223038504488	-13.737853635078533	138.0	32	1.05	0.95				
	303	1	116.84909835789472	24.018981329122806	0.0	0.0	3	1.0218396775594365	-8.054348833395116	138.0	31	1.05	0.95				
	304	1	48.03796265824561	9.737424863157894	0.0	0.0	3	1.0071333913342788	-12.45589251951131	138.0	31	1.05	0.95				
	305	1	46.090477685614026	9.088263205614036	0.0	0.0	3	1.0218557790797884	-12.831400305192169	138.0	31	1.05	0.95				
	306	1	88.28598542596491	18.17652641122807	0.0	-100.0	3	1.0343892763832656	-13.22705941677972	138.0	32	1.05	0.95				
	307	2	81.14520719298245	16.22904143859649	0.0	0.0	3	1.0045014198798103	-15.535745107165951	138.0	32	1.05	0.95				
	308	1	111.00664343999998	22.720658014035084	0.0	0.0	3	1.0009916951353706	-14.919515469654236	138.0	32	1.05	0.95				
	309	1	113.60329007017542	23.36981967157894	0.0	0.0	3	1.0266396678793697	-8.750674754644736	138.0	33	1.05	0.95				
	310	1	126.58652322105262	25.96646630175438	0.0	0.0	3	1.05	-10.149820033789156	138.0	33	1.05	0.95				
	311	1	0.0	0.0	0.0	0.0	3	1.0163599933924994	-3.685065634861585	230.0	33	1.05	0.95				
	312	1	0.0	0.0	0.0	0.0	3	1.0176520486566643	-2.5749472884161513	230.0	33	1.05	0.95				
	313	2	172.02783924912276	35.05472950736842	0.0	0.0	3	1.0270166848226325	1.0568523727168806	230.0	34	1.05	0.95				
	314	2	125.93736156350874	25.317304644210527	0.0	0.0	3	1.0226557259702582	-2.1099354040974196	230.0	36	1.05	0.95				
	315	2	205.78424544140347	41.54634608280701	0.0	0.0	3	1.043714670918913	1.681494467839999	230.0	36	1.05	0.95				
	316	2	64.91616575438596	12.98323315087719	0.0	0.0	3	1.041246689400345	1.6218936198855571	230.0	36	1.05	0.95				
	317	1	0.0	0.0	0.0	0.0	3	1.0454693162873339	3.0182479772489534	230.0	37	1.05	0.95				
	318	2	216.17083196210524	44.142992712982455	0.0	0.0	3	1.046218267818099	2.89299527043227	230.0	37	1.05	0.95				
	319	1	117.49826001543859	24.018981329122806	0.0	0.0	3	1.0387319762901885	2.258111899805434	230.0	35	1.05	0.95				
	320	1	83.09269216561403	16.87820309614035	0.0	0.0	3	1.0408158966171337	3.5106854214253427	230.0	35	1.05	0.95				
	321	2	0.0	0.0	0.0	0.0	3	1.049208816005085	4.413875441792683	230.0	37	1.05	0.95				
	322	2	0.0	0.0	0.0	0.0	3	1.05	9.639501093588473	230.0	37	1.05	0.95				
	323	2	0.0	0.0	0.0	0.0	3	1.0436673548171356	4.57305252547291	230.0	35	1.05	0.95				
	324	1	0.0	0.0	0.0	0.0	3	1.024803019359843	-0.9210207795771929	230.0	36	1.05	0.95				
	325	1	0.0	0.0	0.0	0.0	3	1.043540116190229	5.090906575020161	230.0	35	1.05	0.95				
];
