%% MATPOWER Case Format : Version 2
function mpc = RTS_GMLC
mpc.version = '2';

%%-----  Power Flow Data  -----%%
%% system MVA base
mpc.baseMVA = 100.0;
%% bus data
%    bus_i    type    Pd    Qd    Gs    Bs    area    Vm    Va    baseKV    zone    Vmax    Vmin
mpc.bus = [
	101	2	50.47303316210526	10.281543792280702	0.0	0.0	1	1.0361978163147902	1.3274756835596444	138.0	11	1.05	0.95				
	102	2	45.33226126596491	9.346857992982455	0.0	0.0	1	1.0357937877030288	1.1783477124372341	138.0	12	1.05	0.95				
	103	1	84.1217219368421	17.29168728701754	0.0	0.0	1	1.026743761159973	-0.37695449231239164	138.0	11	1.05	0.95				
	104	1	34.58337457403508	7.010143494736841	0.0	0.0	1	1.0216532290987108	-2.0614132872315567	138.0	11	1.05	0.95				
	105	1	33.181345875087715	6.542800595087719	0.0	0.0	1	1.0366792838884529	-1.8796097786652832	138.0	11	1.05	0.95				
	106	1	63.558634352280706	13.085601190175439	0.0	-100.0	1	1.0449184701522694	-4.152748416970155	138.0	12	1.05	0.95				
	107	2	58.41786245614035	11.68357249122807	0.0	0.0	1	1.0022450528721456	-9.928048563730561	138.0	12	1.05	0.95				
	108	1	79.91563584	16.357001487719298	0.0	0.0	1	1.0039832013129575	-8.55421503441218	138.0	12	1.05	0.95				
	109	1	81.7850074385965	16.82434438736842	0.0	0.0	1	1.024513760183553	-2.8292065486683806	138.0	13	1.05	0.95				
	110	1	91.13186543157894	18.69371598596491	0.0	0.0	1	1.05	-3.668786468153749	138.0	13	1.05	0.95				
	111	1	0.0	0.0	0.0	0.0	1	1.0047906854248403	-0.7143221753623091	230.0	13	1.05	0.95				
	112	1	0.0	0.0	0.0	0.0	1	1.0093869594761768	-0.3471726309039381	230.0	13	1.05	0.95				
	113	3	123.84586840701755	25.23651658105263	0.0	0.0	1	0.9991373028807943	-1.1822102210256347e-29	230.0	14	1.05	0.95				
	114	2	90.66452253192982	18.22637308631579	0.0	0.0	1	1.0020332706320354	1.3193839848364428	230.0	16	1.05	0.95				
	115	2	148.14769918877192	29.909945577543862	0.0	0.0	1	1.0350318186847212	7.449714374323233	230.0	16	1.05	0.95				
	116	2	46.73428996491228	9.346857992982455	0.0	0.0	1	1.031671793996794	6.941387080989137	230.0	16	1.05	0.95				
	117	1	0.0	0.0	0.0	0.0	1	1.038197159060241	8.991845813823979	230.0	17	1.05	0.95				
	118	2	155.6251855831579	31.779317176140353	0.0	0.0	1	1.0398178929616957	9.108076337059082	230.0	17	1.05	0.95				
	119	1	84.58906483649122	17.29168728701754	0.0	0.0	1	1.0258255310802795	5.705547347621533	230.0	15	1.05	0.95				
	120	1	59.819891155087724	12.150915390877193	0.0	0.0	1	1.0242889687611259	5.536897606290128	230.0	15	1.05	0.95				
	121	2	0.0	0.0	0.0	0.0	1	1.042919023343095	10.291483100252412	230.0	17	1.05	0.95				
	122	2	0.0	0.0	0.0	0.0	1	1.05	16.388409248428065	230.0	17	1.05	0.95				
	123	2	0.0	0.0	0.0	0.0	1	1.024165209196692	5.804913844694718	230.0	15	1.05	0.95				
	124	1	0.0	0.0	0.0	0.0	1	1.021935266598659	4.515789677126716	230.0	16	1.05	0.95				
	201	2	54.89249172631578	11.181803870175438	0.0	0.0	2	1.0322259841264474	-8.850563547988232	138.0	21	1.05	0.95				
	202	2	49.30158979122807	10.165276245614036	0.0	0.0	2	1.0326421468400138	-8.821894321478414	138.0	22	1.05	0.95				
	203	1	91.48748621052631	18.805761054385965	0.0	0.0	2	1.018189150871171	-8.489242776399157	138.0	21	1.05	0.95				
	204	1	37.61152210877193	7.623957184210525	0.0	0.0	2	1.0191156272386903	-10.96682648349214	138.0	21	1.05	0.95				
	205	1	36.08673067192982	7.115693371929825	0.0	0.0	2	1.0346981964722821	-11.111852492898862	138.0	21	1.05	0.95				
	206	1	69.12387847017544	14.23138674385965	0.0	-100.0	2	1.0435713005249805	-12.85663979599601	138.0	22	1.05	0.95				
	207	2	63.53297653508771	12.706595307017544	0.0	0.0	2	0.9905814785946411	-20.52234455822037	138.0	22	1.05	0.95				
	208	1	86.91311189999999	17.78923342982456	0.0	0.0	2	0.9940437815374155	-18.15094870474317	138.0	22	1.05	0.95				
	209	1	88.9461671491228	18.297497242105262	0.0	0.0	2	1.023112926164698	-10.655160776318798	138.0	23	1.05	0.95				
	210	1	99.11144339473682	20.330552491228072	0.0	0.0	2	1.05	-11.795643635252285	138.0	23	1.05	0.95				
	211	1	0.0	0.0	0.0	0.0	2	1.0090485529168869	-7.5479125838575305	230.0	23	1.05	0.95				
	212	1	0.0	0.0	0.0	0.0	2	1.0096758199528335	-6.774507971171852	230.0	23	1.05	0.95				
	213	2	134.68991025438595	27.44624586315789	0.0	0.0	2	1.005253602435642	-6.387396923840351	230.0	24	1.05	0.95				
	214	2	98.60317958245614	19.822288678947366	0.0	0.0	2	1.0133253038737364	-4.814152511749163	230.0	26	1.05	0.95				
	215	2	161.11962849298246	32.52888398596491	0.0	0.0	2	1.0293949077112088	2.1660999181456657	230.0	26	1.05	0.95				
	216	2	50.826381228070176	10.165276245614036	0.0	0.0	2	1.0307691008445126	2.1529272727573097	230.0	26	1.05	0.95				
	217	1	0.0	0.0	0.0	0.0	2	1.035408754673777	4.797973633583059	230.0	27	1.05	0.95				
	218	2	169.25184948947367	34.56193923508772	0.0	0.0	2	1.0368405350354197	5.16348651591107	230.0	27	1.05	0.95				
	219	1	91.99575002280702	18.805761054385965	0.0	0.0	2	1.029072717251641	1.5933787163346538	230.0	25	1.05	0.95				
	220	1	65.05776797192982	13.214859119298245	0.0	0.0	2	1.0314042074062288	2.090246176956864	230.0	25	1.05	0.95				
	221	2	0.0	0.0	0.0	0.0	2	1.0370475978996072	4.927844644018353	230.0	27	1.05	0.95				
	222	2	0.0	0.0	0.0	0.0	2	1.05	11.37592276433761	230.0	27	1.05	0.95				
	223	2	0.0	0.0	0.0	0.0	2	1.0337243946065253	2.7468609167270124	230.0	25	1.05	0.95				
	224	1	0.0	0.0	0.0	0.0	2	1.0120478011028666	-1.8222084322837433	230.0	26	1.05	0.95				
	301	2	40.28218916210527	8.205631125614035	0.0	0.0	3	1.012396797637905	-9.900174424368002	138.0	31	1.05	0.95				
	302	2	36.179373599298245	7.459664659649123	0.0	0.0	3	1.012279725782194	-10.049891224889619	138.0	32	1.05	0.95				
	303	1	67.1369819368421	13.800379620350878	0.0	0.0	3	1.0309117183052512	-3.3892422387818066	138.0	31	1.05	0.95				
	304	1	27.600759240701755	5.594748494736843	0.0	0.0	3	1.013655496917823	-8.849180561746055	138.0	31	1.05	0.95				
	305	1	26.481809541754387	5.221765261754387	0.0	0.0	3	1.0266756918124704	-9.864485152380976	138.0	31	1.05	0.95				
	306	1	50.725719685614045	10.443530523508773	0.0	-100.0	3	1.0431198371698596	-10.308508433218167	138.0	32	1.05	0.95				
	307	2	46.62290412280702	9.324580824561405	0.0	0.0	3	0.9930817025662348	-14.042187429057815	138.0	32	1.05	0.95				
	308	1	63.78013284	13.054413154385966	0.0	0.0	3	1.0017000327619219	-12.414450419238587	138.0	32	1.05	0.95				
	309	1	65.27206577192983	13.42739638736842	0.0	0.0	3	1.025773867613143	-6.332265009173961	138.0	33	1.05	0.95				
	310	1	72.73173043157895	14.919329319298246	0.0	0.0	3	1.05	-8.625615936479752	138.0	33	1.05	0.95				
	311	1	0.0	0.0	0.0	0.0	3	1.0027784174408902	-4.090136243281112	230.0	33	1.05	0.95				
	312	1	0.0	0.0	0.0	0.0	3	1.0087109534051169	-3.597291731053276	230.0	33	1.05	0.95				
	313	2	98.84055674035088	20.141094581052634	0.0	0.0	3	1.005460604173952	-0.9572195422492983	230.0	34	1.05	0.95				
	314	2	72.35874719859649	14.546346086315792	0.0	0.0	3	0.9934809783264217	-3.286811535718688	230.0	36	1.05	0.95				
	315	2	118.2356848554386	23.870926910877195	0.0	0.0	3	1.0188824707187625	-0.4439059016466972	230.0	36	1.05	0.95				
	316	2	37.29832329824562	7.459664659649123	0.0	0.0	3	1.0173605620156474	0.06546946826584121	230.0	36	1.05	0.95				
	317	1	0.0	0.0	0.0	0.0	3	1.024755059204053	1.3600049648402623	230.0	37	1.05	0.95				
	318	2	124.2034165831579	25.362859842807023	0.0	0.0	3	1.0238392494191388	0.8190273246174368	230.0	37	1.05	0.95				
	319	1	67.50996516982457	13.800379620350878	0.0	0.0	3	1.0133649713343371	-0.4463361336215872	230.0	35	1.05	0.95				
	320	1	47.74185382175439	9.69756405754386	0.0	0.0	3	1.0121949840771907	-0.14402590738092158	230.0	35	1.05	0.95				
	321	2	0.0	0.0	0.0	0.0	3	1.0242581823287369	0.954061620826358	230.0	37	1.05	0.95				
	322	2	0.0	0.0	0.0	0.0	3	1.0379309397621592	5.521592993272375	230.0	37	1.05	0.95				
	323	2	0.0	0.0	0.0	0.0	3	1.0119495010388586	0.3198290843177081	230.0	35	1.05	0.95				
	324	1	0.0	0.0	0.0	0.0	3	1.017758179325764	-1.5769546751732342	230.0	36	1.05	0.95				
	325	1	0.0	0.0	0.0	0.0	3	1.0124739033820473	1.1849933885703168	230.0	35	1.05	0.95				
];
