%% MATPOWER Case Format : Version 2
function mpc = RTS_GMLC
mpc.version = '2';

%%-----  Power Flow Data  -----%%
%% system MVA base
mpc.baseMVA = 100.0;
%% bus data
%    bus_i    type    Pd    Qd    Gs    Bs    area    Vm    Va    baseKV    zone    Vmax    Vmin
mpc.bus = [
	101	2	64.52746165894737	13.144482930526316	0.0	0.0	1	1.0438943349528214	0.7680390476573757	138.0	11	1.05	0.95				
	102	2	57.95522019368421	11.949529936842106	0.0	0.0	1	1.0427738890614795	0.41393106841565047	138.0	12	1.05	0.95				
	103	1	107.54576943157895	22.106630383157892	0.0	0.0	1	1.0284220919963547	-0.6695921160985985	138.0	11	1.05	0.95				
	104	1	44.213260766315784	8.962147452631578	0.0	0.0	1	1.0247617672139047	-2.8785028568026716	138.0	11	1.05	0.95				
	105	1	42.420831275789475	8.364670955789475	0.0	0.0	1	1.0383587433083705	-3.125891166760197	138.0	11	1.05	0.95				
	106	1	81.25680357052632	16.72934191157895	0.0	-100.0	1	1.0424830435582442	-5.936046832821494	138.0	12	1.05	0.95				
	107	2	74.68456210526315	14.93691242105263	0.0	0.0	1	0.9985874897218361	-13.655185576146074	138.0	12	1.05	0.95				
	108	1	102.16848096	20.91167738947368	0.0	0.0	1	0.9966611877137127	-11.689989062233892	138.0	12	1.05	0.95				
	109	1	104.5583869473684	21.509153886315787	0.0	0.0	1	1.025304117543457	-4.006740372899904	138.0	13	1.05	0.95				
	110	1	116.50791688421052	23.899059873684212	0.0	0.0	1	1.05	-5.241964962893666	138.0	13	1.05	0.95				
	111	1	0.0	0.0	0.0	0.0	1	1.0111491701408215	-1.2001759634040365	230.0	13	1.05	0.95				
	112	1	0.0	0.0	0.0	0.0	1	1.0139322844089418	-1.084947284077932	230.0	13	1.05	0.95				
	113	3	158.33127166315788	32.26373082947369	0.0	0.0	1	1.0089884583003497	-2.0520996745630824e-32	230.0	14	1.05	0.95				
	114	2	115.91044038736842	23.301583376842107	0.0	0.0	1	1.0141233023432745	1.238905595242567	230.0	16	1.05	0.95				
	115	2	189.40004949894734	38.238495797894736	0.0	0.0	1	1.0436601585112162	9.063402719292542	230.0	16	1.05	0.95				
	116	2	59.74764968421052	11.949529936842106	0.0	0.0	1	1.0408257828692682	8.247170567868878	230.0	16	1.05	0.95				
	117	1	0.0	0.0	0.0	0.0	1	1.0442206630065358	12.187870226649878	230.0	17	1.05	0.95				
	118	2	198.95967344842106	40.62840178526316	0.0	0.0	1	1.0483117562329667	12.702463418176155	230.0	17	1.05	0.95				
	119	1	108.14324592842107	22.106630383157892	0.0	0.0	1	1.032871194443891	5.977641306576552	230.0	15	1.05	0.95				
	120	1	76.47699159578947	15.534388917894738	0.0	0.0	1	1.031435097781195	5.02647501923113	230.0	15	1.05	0.95				
	121	2	0.0	0.0	0.0	0.0	1	1.05	14.449268765807412	230.0	17	1.05	0.95				
	122	2	0.0	0.0	0.0	0.0	1	1.05	24.30885011137269	230.0	17	1.05	0.95				
	123	2	0.0	0.0	0.0	0.0	1	1.031923130436552	4.95397730075353	230.0	15	1.05	0.95				
	124	1	0.0	0.0	0.0	0.0	1	1.025747526802499	5.436075885927867	230.0	16	1.05	0.95				
	201	2	56.62647568421052	11.535022824561402	0.0	0.0	2	1.0234604141313088	-13.051246833868541	138.0	21	1.05	0.95				
	202	2	50.85896427192982	10.48638438596491	0.0	0.0	2	1.0244530652408572	-12.862007496243626	138.0	22	1.05	0.95				
	203	1	94.3774594736842	19.399811114035085	0.0	0.0	2	1.0163633270685266	-11.64071523328812	138.0	21	1.05	0.95				
	204	1	38.79962222807017	7.864788289473683	0.0	0.0	2	1.0156704075606606	-14.213937515552143	138.0	21	1.05	0.95				
	205	1	37.22666457017543	7.3404690701754385	0.0	0.0	2	1.030228521644001	-14.572248055639182	138.0	21	1.05	0.95				
	206	1	71.3074138245614	14.680938140350877	0.0	-100.0	2	1.041412778576036	-15.886757349251024	138.0	22	1.05	0.95				
	207	2	65.5399024122807	13.107980482456139	0.0	0.0	2	0.9894551930842443	-23.408762364298063	138.0	22	1.05	0.95				
	208	1	89.65858649999998	18.351172675438594	0.0	0.0	2	0.9928565464197664	-20.95356507572537	138.0	22	1.05	0.95				
	209	1	91.75586337719297	18.87549189473684	0.0	0.0	2	1.0239800355530269	-13.167820724345162	138.0	23	1.05	0.95				
	210	1	102.24224776315786	20.97276877192982	0.0	0.0	2	1.05	-14.432744309068623	138.0	23	1.05	0.95				
	211	1	0.0	0.0	0.0	0.0	2	1.0118015843836925	-9.669624069027229	230.0	23	1.05	0.95				
	212	1	0.0	0.0	0.0	0.0	2	1.0124850633724312	-8.32442789413493	230.0	23	1.05	0.95				
	213	2	138.94459311403506	28.31323784210526	0.0	0.0	2	1.012683731535684	-7.772043405022809	230.0	24	1.05	0.95				
	214	2	101.71792854385964	20.448449552631576	0.0	0.0	2	1.0158424851234187	-7.15431194329574	230.0	26	1.05	0.95				
	215	2	166.2091925175438	33.556430035087715	0.0	0.0	2	1.0324580380727446	-0.3501926338388934	230.0	26	1.05	0.95				
	216	2	52.431921929824554	10.48638438596491	0.0	0.0	2	1.03416510928707	-0.41647769977864885	230.0	26	1.05	0.95				
	217	1	0.0	0.0	0.0	0.0	2	1.0363627547699832	1.1439474456384242	230.0	27	1.05	0.95				
	218	2	174.59830002631577	35.6537069122807	0.0	0.0	2	1.034985202180288	0.4269300850540553	230.0	27	1.05	0.95				
	219	1	94.90177869298245	19.399811114035085	0.0	0.0	2	1.0361268792863059	0.23314286302953055	230.0	25	1.05	0.95				
	220	1	67.11286007017543	13.632299701754386	0.0	0.0	2	1.0420267786175992	1.79089435281855	230.0	25	1.05	0.95				
	221	2	0.0	0.0	0.0	0.0	2	1.0366203550195916	0.9746581330350699	230.0	27	1.05	0.95				
	222	2	0.0	0.0	0.0	0.0	2	1.05	7.540391404253573	230.0	27	1.05	0.95				
	223	2	0.0	0.0	0.0	0.0	2	1.0468302461271954	3.026016442826444	230.0	25	1.05	0.95				
	224	1	0.0	0.0	0.0	0.0	2	1.012445462670991	-4.557284761435532	230.0	26	1.05	0.95				
	301	2	45.15090161684211	9.197405884912282	0.0	0.0	3	1.006191681697699	5.142583663253258	138.0	31	1.05	0.95				
	302	2	40.55219867438596	8.361278077192983	0.0	0.0	3	1.0060686798246998	5.073268294264063	138.0	32	1.05	0.95				
	303	1	75.25150269473684	15.468364442807017	0.0	0.0	3	1.0201224402157838	8.542448780799766	138.0	31	1.05	0.95				
	304	1	30.936728885614034	6.270958557894738	0.0	0.0	3	1.0090777373795712	6.341582989815649	138.0	31	1.05	0.95				
	305	1	29.68253717403509	5.852894654035088	0.0	0.0	3	1.02243950105356	6.185864363159724	138.0	31	1.05	0.95				
	306	1	56.85669092491229	11.705789308070177	0.0	-100.0	3	1.0402010760025138	6.259610427907453	138.0	32	1.05	0.95				
	307	2	52.25798798245614	10.45159759649123	0.0	0.0	3	0.9820488378642813	2.3855277593483626	138.0	32	1.05	0.95				
	308	1	71.48892756000001	14.63223663508772	0.0	0.0	3	0.9955980989962919	4.18528051177243	138.0	32	1.05	0.95				
	309	1	73.16118317543861	15.05030053894737	0.0	0.0	3	1.0244136356360982	9.099276380447554	138.0	33	1.05	0.95				
	310	1	81.52246125263159	16.722556154385966	0.0	0.0	3	1.05	8.572329628471618	138.0	33	1.05	0.95				
	311	1	0.0	0.0	0.0	0.0	3	1.004682902443085	13.373358974422569	230.0	33	1.05	0.95				
	312	1	0.0	0.0	0.0	0.0	3	1.0115226198044507	13.671766955029272	230.0	33	1.05	0.95				
	313	2	110.78693452280702	22.575450808421056	0.0	0.0	3	1.0115702348427276	17.780094633981026	230.0	34	1.05	0.95				
	314	2	81.10439734877193	16.304492250526316	0.0	0.0	3	0.9987855448222903	14.156997308024781	230.0	36	1.05	0.95				
	315	2	132.52625752350878	26.756089847017545	0.0	0.0	3	1.0249703627246556	13.386280821577529	230.0	36	1.05	0.95				
	316	2	41.80639038596492	8.361278077192983	0.0	0.0	3	1.0225882133722093	14.007453977089657	230.0	36	1.05	0.95				
	317	1	0.0	0.0	0.0	0.0	3	1.0389498890176647	16.154917375352248	230.0	37	1.05	0.95				
	318	2	139.21527998526318	28.428345462456146	0.0	0.0	3	1.0385471507736461	14.018332910130585	230.0	37	1.05	0.95				
	319	1	75.66956659859649	15.468364442807017	0.0	0.0	3	1.0213495016474257	14.619995825448141	230.0	35	1.05	0.95				
	320	1	53.51217969403509	10.869661500350878	0.0	0.0	3	1.0204401573027153	14.844531442920532	230.0	35	1.05	0.95				
	321	2	0.0	0.0	0.0	0.0	3	1.0359361868304866	14.424954018735574	230.0	37	1.05	0.95				
	322	2	0.0	0.0	0.0	0.0	3	1.049999987390645	19.41334471771358	230.0	37	1.05	0.95				
	323	2	0.0	0.0	0.0	0.0	3	1.0197559747756018	14.995726362366906	230.0	35	1.05	0.95				
	324	1	0.0	0.0	0.0	0.0	3	1.0180506076104427	13.016083771808239	230.0	36	1.05	0.95				
	325	1	0.0	0.0	0.0	0.0	3	1.0232389241942652	14.964242176836267	230.0	35	1.05	0.95				
];
