%% MATPOWER Case Format : Version 2
function mpc = RTS_GMLC
mpc.version = '2';

%%-----  Power Flow Data  -----%%
%% system MVA base
mpc.baseMVA = 100.0;
%% bus data
%    bus_i    type    Pd    Qd    Gs    Bs    area    Vm    Va    baseKV    zone    Vmax    Vmin
mpc.bus = [
	101	2	67.34636317894737	13.718703610526314	0.0	0.0	1	1.0319594088295523	0.5900594528505001	138.0	11	1.05	0.95				
	102	2	60.487011373684204	12.471548736842104	0.0	0.0	1	1.0320212762979042	0.5602834534124895	138.0	12	1.05	0.95				
	103	1	112.24393863157893	23.072365163157894	0.0	0.0	1	1.023066714257908	-1.3363703575697787	138.0	11	1.05	0.95				
	104	1	46.14473032631579	9.353661552631577	0.0	0.0	1	1.018018768727179	-2.6426842229480054	138.0	11	1.05	0.95				
	105	1	44.273998015789466	8.730084115789474	0.0	0.0	1	1.0325532943801257	-2.523416137885605	138.0	11	1.05	0.95				
	106	1	84.8065314105263	17.460168231578947	0.0	-100.0	1	1.0396079973003172	-4.835267670412106	138.0	12	1.05	0.95				
	107	2	77.94717960526314	15.58943592105263	0.0	0.0	1	1.047256021515974	-0.7642111222496143	138.0	12	1.05	0.95				
	108	1	106.63174169999998	21.82521028947368	0.0	0.0	1	1.0275091442294588	-3.7267395911905767	138.0	12	1.05	0.95				
	109	1	109.12605144736843	22.448787726315786	0.0	0.0	1	1.026396449250796	-2.737957415929768	138.0	13	1.05	0.95				
	110	1	121.5976001842105	24.943097473684208	0.0	0.0	1	1.05	-3.7088364495784876	138.0	13	1.05	0.95				
	111	1	0.0	0.0	0.0	0.0	1	1.0086875158936133	-0.8403695145659464	230.0	13	1.05	0.95				
	112	1	0.0	0.0	0.0	0.0	1	1.0134510054975323	0.12115518994122851	230.0	13	1.05	0.95				
	113	3	165.24802076315788	33.673181589473685	0.0	0.0	1	1.0057000672614476	-6.225980115291872e-31	230.0	14	1.05	0.95				
	114	2	120.97402274736841	24.319520036842103	0.0	0.0	1	1.0060915793761604	0.904360066908673	230.0	16	1.05	0.95				
	115	2	197.67404747894736	39.90895595789473	0.0	0.0	1	1.0417145324132921	7.188227336501502	230.0	16	1.05	0.95				
	116	2	62.35774368421052	12.471548736842104	0.0	0.0	1	1.0388640653904755	7.0754636066318035	230.0	16	1.05	0.95				
	117	1	0.0	0.0	0.0	0.0	1	1.0455376034619492	9.345110748302558	230.0	17	1.05	0.95				
	118	2	207.65128646842106	42.40326570526315	0.0	0.0	1	1.04819224755656	9.665351876431053	230.0	17	1.05	0.95				
	119	1	112.86751606842105	23.072365163157894	0.0	0.0	1	1.0341063135902056	6.521892613085711	230.0	15	1.05	0.95				
	120	1	79.81791191578947	16.213013357894738	0.0	0.0	1	1.0351075853904648	7.23072847457431	230.0	15	1.05	0.95				
	121	2	0.0	0.0	0.0	0.0	1	1.05	9.802540423793621	230.0	17	1.05	0.95				
	122	2	0.0	0.0	0.0	0.0	1	1.05	16.134251590361227	230.0	17	1.05	0.95				
	123	2	0.0	0.0	0.0	0.0	1	1.0373077705542593	8.086183055669537	230.0	15	1.05	0.95				
	124	1	0.0	0.0	0.0	0.0	1	1.0239202903651123	4.026168997897531	230.0	16	1.05	0.95				
	201	2	71.8583346568421	14.637808911578947	0.0	0.0	2	1.0338097361754703	-8.859829671091408	138.0	21	1.05	0.95				
	202	2	64.53943020105262	13.307099010526317	0.0	0.0	2	1.0339095346748302	-8.95546679144217	138.0	22	1.05	0.95				
	203	1	119.76389109473683	24.618133169473683	0.0	0.0	2	1.027126370917207	-5.870285219280583	138.0	21	1.05	0.95				
	204	1	49.23626633894737	9.980324257894736	0.0	0.0	2	1.0177835863621403	-10.895891600397398	138.0	21	1.05	0.95				
	205	1	47.24020148736842	9.314969307368422	0.0	0.0	2	1.03331958990352	-11.290982556073288	138.0	21	1.05	0.95				
	206	1	90.48827327157896	18.629938614736844	0.0	-100.0	2	1.0393036043027915	-13.283321165932692	138.0	22	1.05	0.95				
	207	2	83.16936881578947	16.633873763157894	0.0	0.0	2	0.9785974625551715	-23.22417309657672	138.0	22	1.05	0.95				
	208	1	113.77569654	23.28742326842105	0.0	0.0	2	0.9799409838797435	-19.979225000848214	138.0	22	1.05	0.95				
	209	1	116.43711634210526	23.95277821894737	0.0	0.0	2	1.0252408394822436	-9.786737388747147	138.0	23	1.05	0.95				
	210	1	129.74421535263156	26.614198021052633	0.0	0.0	2	1.05	-11.657341210624349	138.0	23	1.05	0.95				
	211	1	0.0	0.0	0.0	0.0	2	1.0198135700563695	-5.649241049684857	230.0	23	1.05	0.95				
	212	1	0.0	0.0	0.0	0.0	2	1.0190221813199993	-4.949657015863018	230.0	23	1.05	0.95				
	213	2	176.3190618894737	35.92916732842105	0.0	0.0	2	1.0255829306276132	-2.8408880987776395	230.0	24	1.05	0.95				
	214	2	129.07886040210525	25.948843070526316	0.0	0.0	2	1.030712875853046	-3.096130747911106	230.0	26	1.05	0.95				
	215	2	210.9175193168421	42.58271683368421	0.0	0.0	2	1.0429279972341179	4.742946144441124	230.0	26	1.05	0.95				
	216	2	66.53549505263157	13.307099010526317	0.0	0.0	2	1.045668524582372	4.559034850860385	230.0	26	1.05	0.95				
	217	1	0.0	0.0	0.0	0.0	2	1.0475965068787183	7.990682095604729	230.0	27	1.05	0.95				
	218	2	221.56319852526315	45.24413663578948	0.0	0.0	2	1.0498905295475773	8.874080421516465	230.0	27	1.05	0.95				
	219	1	120.42924604526316	24.618133169473683	0.0	0.0	2	1.0430451783657482	3.2217990869228634	230.0	25	1.05	0.95				
	220	1	85.16543366736842	17.29922871368421	0.0	0.0	2	1.0464920006723852	3.3075492701952074	230.0	25	1.05	0.95				
	221	2	0.0	0.0	0.0	0.0	2	1.05	9.212208313705052	230.0	27	1.05	0.95				
	222	2	0.0	0.0	0.0	0.0	2	1.05	15.244601625359758	230.0	27	1.05	0.95				
	223	2	0.0	0.0	0.0	0.0	2	1.05	3.8393214457666307	230.0	25	1.05	0.95				
	224	1	0.0	0.0	0.0	0.0	2	1.0237438883629844	0.7877505153988116	230.0	26	1.05	0.95				
	301	2	57.68997154105264	11.751660869473685	0.0	0.0	3	1.0065197039400209	-28.316958085761883	138.0	31	1.05	0.95				
	302	2	51.814141106315795	10.683328063157896	0.0	0.0	3	1.005937968601106	-28.446154125572463	138.0	32	1.05	0.95				
	303	1	96.14995256842106	19.764156916842108	0.0	0.0	3	1.0215263581625187	-21.694705283133185	138.0	31	1.05	0.95				
	304	1	39.528313833684216	8.01249604736842	0.0	0.0	3	1.00748688025356	-26.608496696260772	138.0	31	1.05	0.95				
	305	1	37.925814624210524	7.478329644210527	0.0	0.0	3	1.0209696665090877	-27.48519047884456	138.0	31	1.05	0.95				
	306	1	72.6466308294737	14.956659288421054	0.0	-100.0	3	1.0367708954191788	-27.626912971743632	138.0	32	1.05	0.95				
	307	2	66.77080039473684	13.35416007894737	0.0	0.0	3	0.9994699908454729	-30.33357695702523	138.0	32	1.05	0.95				
	308	1	91.34245494000001	18.695824110526317	0.0	0.0	3	1.0009592312434317	-29.297326289513702	138.0	32	1.05	0.95				
	309	1	93.47912055263158	19.22999051368421	0.0	0.0	3	1.0269071426678353	-22.928277415767276	138.0	33	1.05	0.95				
	310	1	104.16244861578947	21.366656126315792	0.0	0.0	3	1.05	-24.938414937774493	138.0	33	1.05	0.95				
	311	1	0.0	0.0	0.0	0.0	3	1.0148046025355564	-18.224624937577847	230.0	33	1.05	0.95				
	312	1	0.0	0.0	0.0	0.0	3	1.0155265833767966	-17.701425218500706	230.0	33	1.05	0.95				
	313	2	141.5540968368421	28.84498577052632	0.0	0.0	3	1.0197188199899991	-14.649730367594248	230.0	34	1.05	0.95				
	314	2	103.62828221263159	20.832489723157895	0.0	0.0	3	1.0235451497989823	-15.646674195140566	230.0	36	1.05	0.95				
	315	2	169.33074980105263	34.186649802105265	0.0	0.0	3	1.0467689694848137	-9.17970234656127	230.0	36	1.05	0.95				
	316	2	53.41664031578948	10.683328063157896	0.0	0.0	3	1.0461166472906789	-8.829428915773256	230.0	36	1.05	0.95				
	317	1	0.0	0.0	0.0	0.0	3	1.0483175668089537	-6.306441526480067	230.0	37	1.05	0.95				
	318	2	177.87741225157896	36.32331541473685	0.0	0.0	3	1.0490277001239432	-5.787063441333741	230.0	37	1.05	0.95				
	319	1	96.68411897157895	19.764156916842108	0.0	0.0	3	1.0424257039106986	-10.00142523751631	230.0	35	1.05	0.95				
	320	1	68.37329960421053	13.888326482105265	0.0	0.0	3	1.043377523164445	-10.01533404497429	230.0	35	1.05	0.95				
	321	2	0.0	0.0	0.0	0.0	3	1.05	-5.273653934500123	230.0	37	1.05	0.95				
	322	2	0.0	0.0	0.0	0.0	3	1.05	0.09658983861679653	230.0	37	1.05	0.95				
	323	2	0.0	0.0	0.0	0.0	3	1.044890714135958	-9.627906453199127	230.0	35	1.05	0.95				
	324	1	0.0	0.0	0.0	0.0	3	1.021511740754635	-13.806340159033049	230.0	36	1.05	0.95				
	325	1	0.0	0.0	0.0	0.0	3	1.0382586083670446	-8.039607862928765	230.0	35	1.05	0.95				
];
