%% MATPOWER Case Format : Version 2
function mpc = RTS_GMLC
mpc.version = '2';

%%-----  Power Flow Data  -----%%
%% system MVA base
mpc.baseMVA = 100.0;
%% bus data
%    bus_i    type    Pd    Qd    Gs    Bs    area    Vm    Va    baseKV    zone    Vmax    Vmin
mpc.bus = [
	101	2	65.55616033263158	13.354032660350876	0.0	0.0	1	1.0374838809147517	0.20771501906484335	138.0	11	1.05	0.95				
	102	2	58.87914400245613	12.14002969122807	0.0	0.0	1	1.0375051092631646	0.12695623169694348	138.0	12	1.05	0.95				
	103	1	109.26026722105262	22.459054928771927	0.0	0.0	1	1.0211553877318709	-0.4724301707556886	138.0	11	1.05	0.95				
	104	1	44.918109857543854	9.105022268421052	0.0	0.0	1	1.0197133439803838	-3.08543393104427	138.0	11	1.05	0.95				
	105	1	43.09710540385964	8.498020783859648	0.0	0.0	1	1.0354913725963497	-3.0578610848031547	138.0	11	1.05	0.95				
	106	1	82.55220190035088	16.996041567719296	0.0	-100.0	1	1.0413322245078929	-5.457330602020896	138.0	12	1.05	0.95				
	107	2	75.87518557017543	15.175037114035087	0.0	0.0	1	1.0283827267796997	-7.0838956434839	138.0	12	1.05	0.95				
	108	1	103.79725385999998	21.245051959649118	0.0	0.0	1	1.0163667684857418	-7.625876843781084	138.0	12	1.05	0.95				
	109	1	106.2252597982456	21.852053444210522	0.0	0.0	1	1.0243871228721895	-3.2731277388974167	138.0	13	1.05	0.95				
	110	1	118.36528948947367	24.28005938245614	0.0	0.0	1	1.05	-4.4726406044884826	138.0	13	1.05	0.95				
	111	1	0.0	0.0	0.0	0.0	1	1.007015541402789	-0.7142032786967838	230.0	13	1.05	0.95				
	112	1	0.0	0.0	0.0	0.0	1	1.0120121882494002	-0.5211308351541689	230.0	13	1.05	0.95				
	113	3	160.8553934087719	32.77808016631579	0.0	0.0	1	1.0065390273868293	4.81211344213659e-30	230.0	14	1.05	0.95				
	114	2	117.75828800491226	23.673057897894736	0.0	0.0	1	1.0040915986544023	1.928782755596818	230.0	16	1.05	0.95				
	115	2	192.4194706059649	38.84809501192982	0.0	0.0	1	1.0334586872678577	10.202169129407162	230.0	16	1.05	0.95				
	116	2	60.70014845614035	12.14002969122807	0.0	0.0	1	1.0306130999120902	9.323498281202978	230.0	16	1.05	0.95				
	117	1	0.0	0.0	0.0	0.0	1	1.0373728125737571	12.859995354082002	230.0	17	1.05	0.95				
	118	2	202.13149435894735	41.27610095017544	0.0	0.0	1	1.0408414377211412	13.498937335947016	230.0	17	1.05	0.95				
	119	1	109.86726870561402	22.459054928771927	0.0	0.0	1	1.0248855402891934	7.046031290625206	230.0	15	1.05	0.95				
	120	1	77.69619002385964	15.78203859859649	0.0	0.0	1	1.0257671670770432	6.239220931872865	230.0	15	1.05	0.95				
	121	2	0.0	0.0	0.0	0.0	1	1.0430764466029991	14.237216371341148	230.0	17	1.05	0.95				
	122	2	0.0	0.0	0.0	0.0	1	1.05	22.270660786139953	230.0	17	1.05	0.95				
	123	2	0.0	0.0	0.0	0.0	1	1.0275929715631795	6.258465365625017	230.0	15	1.05	0.95				
	124	1	0.0	0.0	0.0	0.0	1	1.0156257722936552	6.210765680433634	230.0	16	1.05	0.95				
	201	2	68.47536596210527	13.948685658947369	0.0	0.0	2	1.0323137013646482	-16.00052671698176	138.0	21	1.05	0.95				
	202	2	61.50102313263158	12.680623326315791	0.0	0.0	2	1.0325902572484051	-16.11240847070862	138.0	22	1.05	0.95				
	203	1	114.12560993684211	23.459153153684213	0.0	0.0	2	1.0196779429338223	-12.597683493284352	138.0	21	1.05	0.95				
	204	1	46.918306307368425	9.510467494736842	0.0	0.0	2	1.0165609554964883	-18.23379220600698	138.0	21	1.05	0.95				
	205	1	45.01621280842105	8.876436328421054	0.0	0.0	2	1.0328741340274414	-18.64465873346562	138.0	21	1.05	0.95				
	206	1	86.22823861894737	17.752872656842108	0.0	-100.0	2	1.039776307869573	-20.72965297861198	138.0	22	1.05	0.95				
	207	2	79.25389578947369	15.850779157894737	0.0	0.0	2	0.984271222853406	-30.250253290874813	138.0	22	1.05	0.95				
	208	1	108.41932943999998	22.19109082105263	0.0	0.0	2	0.9843371161733447	-27.17240323419707	138.0	22	1.05	0.95				
	209	1	110.95545410526316	22.825121987368423	0.0	0.0	2	1.0230457155073325	-17.39238216588786	138.0	23	1.05	0.95				
	210	1	123.63607743157894	25.361246652631582	0.0	0.0	2	1.05	-19.321491927258435	138.0	23	1.05	0.95				
	211	1	0.0	0.0	0.0	0.0	2	1.0183610245332602	-13.898835782869702	230.0	23	1.05	0.95				
	212	1	0.0	0.0	0.0	0.0	2	1.0174159925914592	-13.1167494644147	230.0	23	1.05	0.95				
	213	2	168.01825907368422	34.237682981052636	0.0	0.0	2	1.0233488221561406	-12.751091073307453	230.0	24	1.05	0.95				
	214	2	123.00204626526316	24.72721548631579	0.0	0.0	2	1.02736744161468	-10.488345264762744	230.0	26	1.05	0.95				
	215	2	200.98787972210528	40.57799464421053	0.0	0.0	2	1.0348320190083096	-1.2753107095655443	230.0	26	1.05	0.95				
	216	2	63.403116631578946	12.680623326315791	0.0	0.0	2	1.0377141146611801	-1.7529118143452966	230.0	26	1.05	0.95				
	217	1	0.0	0.0	0.0	0.0	2	1.0392386809044063	1.8066874111550886	230.0	27	1.05	0.95				
	218	2	211.13237838315789	43.114119309473686	0.0	0.0	2	1.0407193917771833	2.047773077762266	230.0	27	1.05	0.95				
	219	1	114.7596411031579	23.459153153684213	0.0	0.0	2	1.0387946821211753	-2.861174699524915	230.0	25	1.05	0.95				
	220	1	81.15598928842105	16.484810324210528	0.0	0.0	2	1.0450498048868164	-2.6213468473506274	230.0	25	1.05	0.95				
	221	2	0.0	0.0	0.0	0.0	2	1.04093900957556	1.7065407408485929	230.0	27	1.05	0.95				
	222	2	0.0	0.0	0.0	0.0	2	1.05	8.248882582982938	230.0	27	1.05	0.95				
	223	2	0.0	0.0	0.0	0.0	2	1.05	-2.0285041469293037	230.0	25	1.05	0.95				
	224	1	0.0	0.0	0.0	0.0	2	1.0150970653753841	-5.498326489508394	230.0	26	1.05	0.95				
	301	2	57.26289149052632	11.664663081403509	0.0	0.0	3	1.0397011192751078	-3.59496631540733	138.0	31	1.05	0.95				
	302	2	51.43055994982456	10.604239164912283	0.0	0.0	3	1.0346155482394082	-3.9302032927909396	138.0	32	1.05	0.95				
	303	1	95.43815248421053	19.617842455087718	0.0	0.0	3	1.05	12.35216608125676	138.0	31	1.05	0.95				
	304	1	39.235684910175436	7.95317937368421	0.0	0.0	3	1.0136224082832759	-2.3750400014430677	138.0	31	1.05	0.95				
	305	1	37.645049035438596	7.422967415438597	0.0	0.0	3	1.0353367664289497	-4.567142370882596	138.0	31	1.05	0.95				
	306	1	72.10882632140351	14.845934830877194	0.0	-100.0	3	1.0389251304540656	-5.731471812003061	138.0	32	1.05	0.95				
	307	2	66.27649478070175	13.255298956140352	0.0	0.0	3	0.95	-2.9076884584671876	138.0	32	1.05	0.95				
	308	1	90.66624486	18.55741853859649	0.0	0.0	3	0.9690095526224735	-4.080948407661743	138.0	32	1.05	0.95				
	309	1	92.78709269298247	19.087630496842106	0.0	0.0	3	1.0139785566678567	1.1291231022889925	138.0	33	1.05	0.95				
	310	1	103.39133185789473	21.208478329824565	0.0	0.0	3	1.0435347862263857	-3.872920835177555	138.0	33	1.05	0.95				
	311	1	0.0	0.0	0.0	0.0	3	1.0017794008862666	0.06508832102323552	230.0	33	1.05	0.95				
	312	1	0.0	0.0	0.0	0.0	3	1.0059439669459678	1.1350592436337874	230.0	33	1.05	0.95				
	313	2	140.50616893508771	28.63144574526316	0.0	0.0	3	1.0031901046029101	3.2908563569143334	230.0	34	1.05	0.95				
	314	2	102.86111989964913	20.67826637157895	0.0	0.0	3	0.9978026629182942	-1.2188837839223035	230.0	36	1.05	0.95				
	315	2	168.07719076385965	33.9335653277193	0.0	0.0	3	1.0490408037752212	0.32439526397836355	230.0	36	1.05	0.95				
	316	2	53.02119582456141	10.604239164912283	0.0	0.0	3	1.0359290173721811	0.2259634189783148	230.0	36	1.05	0.95				
	317	1	0.0	0.0	0.0	0.0	3	1.0461259212786413	0.8427933877169757	230.0	37	1.05	0.95				
	318	2	176.5605820957895	36.054413160701756	0.0	0.0	3	1.047786525510944	-0.027889159711399297	230.0	37	1.05	0.95				
	319	1	95.96836444245615	19.617842455087718	0.0	0.0	3	1.0226543258955816	0.4441815890807988	230.0	35	1.05	0.95				
	320	1	67.8671306554386	13.785510914385965	0.0	0.0	3	1.0153282337308533	1.6818351956758835	230.0	35	1.05	0.95				
	321	2	0.0	0.0	0.0	0.0	3	1.05	0.6309441376856191	230.0	37	1.05	0.95				
	322	2	0.0	0.0	0.0	0.0	3	1.05	5.05685459716969	230.0	37	1.05	0.95				
	323	2	0.0	0.0	0.0	0.0	3	1.0128047797847635	2.788152882219281	230.0	35	1.05	0.95				
	324	1	0.0	0.0	0.0	0.0	3	1.0455456927134514	4.918594316105126	230.0	36	1.05	0.95				
	325	1	0.0	0.0	0.0	0.0	3	1.0126355146619224	3.7757172500281353	230.0	35	1.05	0.95				
];
