%% MATPOWER Case Format : Version 2
function mpc = RTS_GMLC
mpc.version = '2';

%%-----  Power Flow Data  -----%%
%% system MVA base
mpc.baseMVA = 100.0;
%% bus data
%    bus_i    type    Pd    Qd    Gs    Bs    area    Vm    Va    baseKV    zone    Vmax    Vmin
mpc.bus = [
	101	2	51.60860958315789	10.51286491508772	0.0	0.0	1	1.030231160497315	-0.259793782227177	138.0	11	1.05	0.95				
	102	2	46.35217712561403	9.557149922807017	0.0	0.0	1	1.0293100243687117	-0.5419580235672551	138.0	12	1.05	0.95				
	103	1	86.01434930526315	17.68072735719298	0.0	0.0	1	1.0275263066807605	-0.7407799400097995	138.0	11	1.05	0.95				
	104	1	35.36145471438596	7.167862442105262	0.0	0.0	1	1.019045200830889	-3.2691994736010304	138.0	11	1.05	0.95				
	105	1	33.92788222596491	6.690004945964913	0.0	0.0	1	1.0337100193690247	-3.1730535046514405	138.0	11	1.05	0.95				
	106	1	64.98861947508772	13.380009891929825	0.0	-100.0	1	1.043305615296677	-5.320852681165256	138.0	12	1.05	0.95				
	107	2	59.73218701754386	11.94643740350877	0.0	0.0	1	1.0000014744351535	-12.240523601435827	138.0	12	1.05	0.95				
	108	1	81.71363183999999	16.725012364912278	0.0	0.0	1	1.0016241295609405	-10.260651705005229	138.0	12	1.05	0.95				
	109	1	83.6250618245614	17.20286986105263	0.0	0.0	1	1.0250145195771805	-3.5522264589709156	138.0	13	1.05	0.95				
	110	1	93.18221174736841	19.114299845614035	0.0	0.0	1	1.05	-4.608365974939492	138.0	13	1.05	0.95				
	111	1	0.0	0.0	0.0	0.0	1	1.0069645115991799	-0.916669077093985	230.0	13	1.05	0.95				
	112	1	0.0	0.0	0.0	0.0	1	1.011300126906458	-0.8434800940852573	230.0	13	1.05	0.95				
	113	3	126.63223647719298	25.804304791578947	0.0	0.0	1	1.003012652258416	-9.309134736466797e-31	230.0	14	1.05	0.95				
	114	2	92.70435425122805	18.636442349473683	0.0	0.0	1	1.0066501739442077	1.5526510869801884	230.0	16	1.05	0.95				
	115	2	151.48082627649123	30.582879752982457	0.0	0.0	1	1.040582034325283	8.390518905155227	230.0	16	1.05	0.95				
	116	2	47.78574961403508	9.557149922807017	0.0	0.0	1	1.0379494995296186	7.815226444500352	230.0	16	1.05	0.95				
	117	1	0.0	0.0	0.0	0.0	1	1.0425125696883883	11.236749366846126	230.0	17	1.05	0.95				
	118	2	159.12654621473683	32.49430973754386	0.0	0.0	1	1.0464710780739044	11.478240230175194	230.0	17	1.05	0.95				
	119	1	86.4922068014035	17.68072735719298	0.0	0.0	1	1.0306374689640885	5.880315598434025	230.0	15	1.05	0.95				
	120	1	61.165759505964914	12.424294899649121	0.0	0.0	1	1.028367202534921	5.108524305822802	230.0	15	1.05	0.95				
	121	2	0.0	0.0	0.0	0.0	1	1.0490070539877807	12.80808373277817	230.0	17	1.05	0.95				
	122	2	0.0	0.0	0.0	0.0	1	1.05	23.2832497825628	230.0	17	1.05	0.95				
	123	2	0.0	0.0	0.0	0.0	1	1.0278453340491107	5.048750612456161	230.0	15	1.05	0.95				
	124	1	0.0	0.0	0.0	0.0	1	1.0242198057876584	4.98137610727961	230.0	16	1.05	0.95				
	201	2	56.20147961684211	11.448449551578946	0.0	0.0	2	1.0246514721720466	-13.764083352612696	138.0	21	1.05	0.95				
	202	2	50.47725484105262	10.407681410526315	0.0	0.0	2	1.0256674678243904	-13.590402258024	138.0	22	1.05	0.95				
	203	1	93.66913269473683	19.25421060947368	0.0	0.0	2	1.0159476510878205	-11.869403258473374	138.0	21	1.05	0.95				
	204	1	38.50842121894736	7.8057610578947365	0.0	0.0	2	1.0159741920342216	-14.986747774790256	138.0	21	1.05	0.95				
	205	1	36.94726900736842	7.285376987368421	0.0	0.0	2	1.0308719311486492	-15.385079032251397	138.0	21	1.05	0.95				
	206	1	70.77223359157895	14.570753974736842	0.0	-100.0	2	1.0417877500695196	-16.75440639349464	138.0	22	1.05	0.95				
	207	2	65.04800881578947	13.009601763157894	0.0	0.0	2	0.9905833833543463	-24.22201717282875	138.0	22	1.05	0.95				
	208	1	88.98567605999999	18.21344246842105	0.0	0.0	2	0.9935513266773838	-21.783681132288653	138.0	22	1.05	0.95				
	209	1	91.06721234210525	18.733826538947365	0.0	0.0	2	1.0233927808454946	-13.994227869768036	138.0	23	1.05	0.95				
	210	1	101.47489375263157	20.81536282105263	0.0	0.0	2	1.05	-15.361696297847299	138.0	23	1.05	0.95				
	211	1	0.0	0.0	0.0	0.0	2	1.011371614746932	-10.636760699686443	230.0	23	1.05	0.95				
	212	1	0.0	0.0	0.0	0.0	2	1.0116352163160116	-9.500723076737016	230.0	23	1.05	0.95				
	213	2	137.90177868947367	28.100739808421054	0.0	0.0	2	1.01119645386154	-9.001684332653358	230.0	24	1.05	0.95				
	214	2	100.95450968210524	20.294978750526315	0.0	0.0	2	1.0159059361920457	-7.9783560093981025	230.0	26	1.05	0.95				
	215	2	164.9617503568421	33.30458051368421	0.0	0.0	2	1.0293258958421077	-0.9699810781057286	230.0	26	1.05	0.95				
	216	2	52.03840705263158	10.407681410526315	0.0	0.0	2	1.031648054729291	-1.033866749641046	230.0	26	1.05	0.95				
	217	1	0.0	0.0	0.0	0.0	2	1.0346402415558014	1.1378180842805588	230.0	27	1.05	0.95				
	218	2	173.28789548526316	35.386116795789476	0.0	0.0	2	1.0342287478730174	0.7311227563772287	230.0	27	1.05	0.95				
	219	1	94.18951676526315	19.25421060947368	0.0	0.0	2	1.032747836725059	-0.8414897875375285	230.0	25	1.05	0.95				
	220	1	66.60916102736842	13.529985833684211	0.0	0.0	2	1.0376947290094403	0.32180028358036095	230.0	25	1.05	0.95				
	221	2	0.0	0.0	0.0	0.0	2	1.0353211081657245	0.9604026033010444	230.0	27	1.05	0.95				
	222	2	0.0	0.0	0.0	0.0	2	1.05	7.527802560085286	230.0	27	1.05	0.95				
	223	2	0.0	0.0	0.0	0.0	2	1.0417559143444854	1.3438569966823586	230.0	25	1.05	0.95				
	224	1	0.0	0.0	0.0	0.0	2	1.0108645866968238	-5.041302057322026	230.0	26	1.05	0.95				
	301	2	41.22176525052632	8.397026254736843	0.0	0.0	3	1.0127424423664428	-3.939627527312945	138.0	31	1.05	0.95				
	302	2	37.023252123157896	7.633660231578948	0.0	0.0	3	1.0125798152999406	-4.109210119082911	138.0	32	1.05	0.95				
	303	1	68.70294208421053	14.122271428421055	0.0	0.0	3	1.0360265123361883	3.606381098804454	138.0	31	1.05	0.95				
	304	1	28.24454285684211	5.725245173684211	0.0	0.0	3	1.014293701207805	-2.758968552205381	138.0	31	1.05	0.95				
	305	1	27.099493822105263	5.343562162105265	0.0	0.0	3	1.0267770206278055	-4.1735033701645525	138.0	31	1.05	0.95				
	306	1	51.90888957473685	10.68712432421053	0.0	-100.0	3	1.0429295731787638	-4.772487544336425	138.0	32	1.05	0.95				
	307	2	47.710376447368425	9.542075289473685	0.0	0.0	3	0.9833831020677885	-8.276203187808939	138.0	32	1.05	0.95				
	308	1	65.26779498	13.358905405263158	0.0	0.0	3	0.9959870213061888	-6.640399122805024	138.0	32	1.05	0.95				
	309	1	66.79452702631579	13.740588416842106	0.0	0.0	3	1.0271559441888607	-0.09034434179964415	138.0	33	1.05	0.95				
	310	1	74.42818725789473	15.267320463157896	0.0	0.0	3	1.05	-3.1766926157977657	138.0	33	1.05	0.95				
	311	1	0.0	0.0	0.0	0.0	3	1.0047731747510604	1.1448146400891135	230.0	33	1.05	0.95				
	312	1	0.0	0.0	0.0	0.0	3	1.0111253016450015	1.6437764824989594	230.0	33	1.05	0.95				
	313	2	101.14599806842106	20.61088262526316	0.0	0.0	3	1.0076698485133453	4.045185583581741	230.0	34	1.05	0.95				
	314	2	74.04650424631579	14.885637451578948	0.0	0.0	3	0.9948959507580595	1.5262683829251782	230.0	36	1.05	0.95				
	315	2	120.99351467052632	24.427712741052634	0.0	0.0	3	1.0229167945634756	4.404596147359605	230.0	36	1.05	0.95				
	316	2	38.16830115789474	7.633660231578948	0.0	0.0	3	1.0192262429951056	4.33613910558327	230.0	36	1.05	0.95				
	317	1	0.0	0.0	0.0	0.0	3	1.0347292150622718	7.9367522856623	230.0	37	1.05	0.95				
	318	2	127.1004428557895	25.954444787368423	0.0	0.0	3	1.0337279112933662	6.2718162209763895	230.0	37	1.05	0.95				
	319	1	69.08462509578949	14.122271428421055	0.0	0.0	3	1.015154678124962	3.826748784758721	230.0	35	1.05	0.95				
	320	1	48.85542548210527	9.923758301052633	0.0	0.0	3	1.0140105048999772	4.145604392254059	230.0	35	1.05	0.95				
	321	2	0.0	0.0	0.0	0.0	3	1.032359050628633	6.25261071220849	230.0	37	1.05	0.95				
	322	2	0.0	0.0	0.0	0.0	3	1.0473466311830668	11.241204714891115	230.0	37	1.05	0.95				
	323	2	0.0	0.0	0.0	0.0	3	1.01381947152323	4.624160578604427	230.0	35	1.05	0.95				
	324	1	0.0	0.0	0.0	0.0	3	1.023473854009012	4.092428870378525	230.0	36	1.05	0.95				
	325	1	0.0	0.0	0.0	0.0	3	1.015386494442915	5.343785336098555	230.0	35	1.05	0.95				
];
