%% MATPOWER Case Format : Version 2
function mpc = RTS_GMLC
mpc.version = '2';

%%-----  Power Flow Data  -----%%
%% system MVA base
mpc.baseMVA = 100.0;
%% bus data
%    bus_i    type    Pd    Qd    Gs    Bs    area    Vm    Va    baseKV    zone    Vmax    Vmin
mpc.bus = [
	101	2	57.994557157894754	11.8137060877193	0.0	0.0	1	1.0323012491127352	0.8579793612214885	138.0	11	1.05	0.95				
	102	2	52.08770411403509	10.739732807017546	0.0	0.0	1	1.0318517227901742	0.7078428552269596	138.0	12	1.05	0.95				
	103	1	96.65759526315792	19.86850569298246	0.0	0.0	1	1.0251516032135028	-0.5475216327737571	138.0	11	1.05	0.95				
	104	1	39.73701138596492	8.05479960526316	0.0	0.0	1	1.0191979228232266	-2.2869618352246888	138.0	11	1.05	0.95				
	105	1	38.12605146491229	7.517812964912282	0.0	0.0	1	1.0339291995840914	-2.1574307072860166	138.0	11	1.05	0.95				
	106	1	73.03018308771931	15.035625929824564	0.0	-100.0	1	1.0421453956857136	-4.377142087887895	138.0	12	1.05	0.95				
	107	2	67.12333004385967	13.424666008771933	0.0	0.0	1	1.0260259285552575	-4.188379340819835	138.0	12	1.05	0.95				
	108	1	91.82471550000001	18.794532412280702	0.0	0.0	1	1.0176524082079064	-5.391505803939394	138.0	12	1.05	0.95				
	109	1	93.97266206140353	19.33151905263158	0.0	0.0	1	1.0254714777967862	-2.559542953047031	138.0	13	1.05	0.95				
	110	1	104.71239486842107	21.479465614035092	0.0	0.0	1	1.05	-3.5177114037484016	138.0	13	1.05	0.95				
	111	1	0.0	0.0	0.0	0.0	1	1.006274340371112	-0.6194575955819808	230.0	13	1.05	0.95				
	112	1	0.0	0.0	0.0	0.0	1	1.0108970464172657	-0.08280660458426028	230.0	13	1.05	0.95				
	113	3	142.30145969298246	28.997278578947377	0.0	0.0	1	1.000994027372774	-1.8027073902181247e-26	230.0	14	1.05	0.95				
	114	2	104.17540822807018	20.942478973684214	0.0	0.0	1	1.003885409938405	1.3720100524863257	230.0	16	1.05	0.95				
	115	2	170.22476499122808	34.367144982456146	0.0	0.0	1	1.0388541646337661	7.875790207819369	230.0	16	1.05	0.95				
	116	2	53.69866403508773	10.739732807017546	0.0	0.0	1	1.0353072550822424	7.358103297011467	230.0	16	1.05	0.95				
	117	1	0.0	0.0	0.0	0.0	1	1.0413309472796934	9.473122526249433	230.0	17	1.05	0.95				
	118	2	178.81655123684214	36.515091543859654	0.0	0.0	1	1.0434935273291897	9.475914800690843	230.0	17	1.05	0.95				
	119	1	97.19458190350879	19.86850569298246	0.0	0.0	1	1.0293113691065408	6.211523468292443	230.0	15	1.05	0.95				
	120	1	68.73428996491229	13.96165264912281	0.0	0.0	1	1.0283859871442094	6.247765607275266	230.0	15	1.05	0.95				
	121	2	0.0	0.0	0.0	0.0	1	1.0471252805391322	10.707934127474791	230.0	17	1.05	0.95				
	122	2	0.0	0.0	0.0	0.0	1	1.05	18.00825724296342	230.0	17	1.05	0.95				
	123	2	0.0	0.0	0.0	0.0	1	1.0289460010346734	6.677188431413932	230.0	15	1.05	0.95				
	124	1	0.0	0.0	0.0	0.0	1	1.0230542016851574	4.735053133335504	230.0	16	1.05	0.95				
	201	2	59.839445936842104	12.18951676491228	0.0	0.0	2	1.0337909695242544	-8.773007830255132	138.0	21	1.05	0.95				
	202	2	53.74468755438596	11.081378877192982	0.0	0.0	2	1.0339747275844373	-8.837761970181312	138.0	22	1.05	0.95				
	203	1	99.73240989473683	20.50055092280702	0.0	0.0	2	1.0229834698376126	-7.274894805885871	138.0	21	1.05	0.95				
	204	1	41.00110184561404	8.311034157894737	0.0	0.0	2	1.0190585553244331	-11.15992144508163	138.0	21	1.05	0.95				
	205	1	39.33889501403509	7.756965214035088	0.0	0.0	2	1.0347149141635827	-11.384801000210174	138.0	21	1.05	0.95				
	206	1	75.35337636491228	15.513930428070177	0.0	-100.0	2	1.0424180801984309	-13.379194938813011	138.0	22	1.05	0.95				
	207	2	69.25861798245614	13.851723596491228	0.0	0.0	2	0.9889502273880387	-21.776766796455135	138.0	22	1.05	0.95				
	208	1	94.74578939999999	19.39241303508772	0.0	0.0	2	0.9911009795849686	-19.153159844747275	138.0	22	1.05	0.95				
	209	1	96.9620651754386	19.946481978947368	0.0	0.0	2	1.0236253339146424	-10.81364137758839	138.0	23	1.05	0.95				
	210	1	108.04344405263157	22.162757754385964	0.0	0.0	2	1.05	-12.285977444808541	138.0	23	1.05	0.95				
	211	1	0.0	0.0	0.0	0.0	2	1.012019296265502	-7.805611772789167	230.0	23	1.05	0.95				
	212	1	0.0	0.0	0.0	0.0	2	1.012353854363571	-6.99553920814447	230.0	23	1.05	0.95				
	213	2	146.82827012280703	29.919722968421052	0.0	0.0	2	1.0097248195851565	-6.67955454571593	230.0	24	1.05	0.95				
	214	2	107.48937510877192	21.608688810526317	0.0	0.0	2	1.0179849577433988	-5.003996097322471	230.0	26	1.05	0.95				
	215	2	175.63985520350874	35.46041240701754	0.0	0.0	2	1.0326060442859437	2.4138238710936077	230.0	26	1.05	0.95				
	216	2	55.40689438596491	11.081378877192982	0.0	0.0	2	1.034887673364553	2.3369974699463696	230.0	26	1.05	0.95				
	217	1	0.0	0.0	0.0	0.0	2	1.0389001348658706	5.25965016349637	230.0	27	1.05	0.95				
	218	2	184.50495830526316	37.67668818245614	0.0	0.0	2	1.0404395568611258	5.7025693399296005	230.0	27	1.05	0.95				
	219	1	100.2864788385965	20.50055092280702	0.0	0.0	2	1.033763345313715	1.6651129439188863	230.0	25	1.05	0.95				
	220	1	70.92082481403509	14.405792540350879	0.0	0.0	2	1.0371093967156555	2.142118904346324	230.0	25	1.05	0.95				
	221	2	0.0	0.0	0.0	0.0	2	1.0401449897175616	5.364880840363492	230.0	27	1.05	0.95				
	222	2	0.0	0.0	0.0	0.0	2	1.05	11.825952318473664	230.0	27	1.05	0.95				
	223	2	0.0	0.0	0.0	0.0	2	1.0401789623290205	2.8160017668807087	230.0	25	1.05	0.95				
	224	1	0.0	0.0	0.0	0.0	2	1.0169759198734858	-1.2171012803376482	230.0	26	1.05	0.95				
	301	2	44.87757040421053	9.141727304561403	0.0	0.0	3	1.0084661947765834	-13.402294860898923	138.0	31	1.05	0.95				
	302	2	40.30670675192983	8.310661185964912	0.0	0.0	3	1.0083315096840009	-13.532587472425616	138.0	32	1.05	0.95				
	303	1	74.79595067368422	15.37472319403509	0.0	0.0	3	1.0281249992353683	-7.367063995437496	138.0	31	1.05	0.95				
	304	1	30.74944638807018	6.232995889473685	0.0	0.0	3	1.0113886868196411	-12.128705420148687	138.0	31	1.05	0.95				
	305	1	29.502847210175435	5.817462830175439	0.0	0.0	3	1.023964225509637	-13.079708908316656	138.0	31	1.05	0.95				
	306	1	56.51249606456141	11.634925660350879	0.0	-100.0	3	1.040920935482329	-13.399978964526172	138.0	32	1.05	0.95				
	307	2	51.941632412280704	10.38832648245614	0.0	0.0	3	0.9930596487204024	-17.747397605423934	138.0	32	1.05	0.95				
	308	1	71.05615314	14.543657075438595	0.0	0.0	3	1.0002093325857146	-15.893201382234661	138.0	32	1.05	0.95				
	309	1	72.71828537719298	14.959190134736842	0.0	0.0	3	1.0267620167017373	-9.279855302813298	138.0	33	1.05	0.95				
	310	1	81.0289465631579	16.621322371929825	0.0	0.0	3	1.05	-11.418157759047475	138.0	33	1.05	0.95				
	311	1	0.0	0.0	0.0	0.0	3	1.0071927595279588	-6.031839545745565	230.0	33	1.05	0.95				
	312	1	0.0	0.0	0.0	0.0	3	1.0108622315423783	-5.673882385170336	230.0	33	1.05	0.95				
	313	2	110.11626071403509	22.438785202105265	0.0	0.0	3	1.0093618244036537	-2.823511180870238	230.0	34	1.05	0.95				
	314	2	80.61341350385966	16.20578931263158	0.0	0.0	3	1.0053036313640615	-4.403976861405229	230.0	36	1.05	0.95				
	315	2	131.72397979754388	26.59411579508772	0.0	0.0	3	1.0331960154034268	0.17210624774739922	230.0	36	1.05	0.95				
	316	2	41.55330592982456	8.310661185964912	0.0	0.0	3	1.0308496873089097	0.35124362868654657	230.0	36	1.05	0.95				
	317	1	0.0	0.0	0.0	0.0	3	1.0380596862910407	2.1438991256198205	230.0	37	1.05	0.95				
	318	2	138.3725087463158	28.256248032280705	0.0	0.0	3	1.0384103348111413	2.1342334387263686	230.0	37	1.05	0.95				
	319	1	75.21148373298246	15.37472319403509	0.0	0.0	3	1.025100837915905	-0.6603520244263701	230.0	35	1.05	0.95				
	320	1	53.18823159017544	10.803859541754386	0.0	0.0	3	1.0229602178154111	-0.731260180626644	230.0	35	1.05	0.95				
	321	2	0.0	0.0	0.0	0.0	3	1.0407471661445777	2.9937597693526987	230.0	37	1.05	0.95				
	322	2	0.0	0.0	0.0	0.0	3	1.05	6.97581727174545	230.0	37	1.05	0.95				
	323	2	0.0	0.0	0.0	0.0	3	1.0222765308949258	-0.4469119046079304	230.0	35	1.05	0.95				
	324	1	0.0	0.0	0.0	0.0	3	1.0216210345803713	-2.663557477775802	230.0	36	1.05	0.95				
	325	1	0.0	0.0	0.0	0.0	3	1.0217759192144604	0.5084134985921952	230.0	35	1.05	0.95				
];
