%% MATPOWER Case Format : Version 2
function mpc = RTS_GMLC
mpc.version = '2';

%%-----  Power Flow Data  -----%%
%% system MVA base
mpc.baseMVA = 100.0;
%% bus data
%    bus_i    type    Pd    Qd    Gs    Bs    area    Vm    Va    baseKV    zone    Vmax    Vmin
mpc.bus = [
	101	2	83.3913904168421	16.987135084912282	0.0	0.0	1	1.032997342216793	-3.8527280269749626	138.0	11	1.05	0.95				
	102	2	74.89782287438597	15.442850077192983	0.0	0.0	1	1.0329980638702843	-3.906340936649819	138.0	12	1.05	0.95				
	103	1	138.98565069473685	28.569272642807015	0.0	0.0	1	1.019022053164543	-4.239776220081011	138.0	11	1.05	0.95				
	104	1	57.13854528561403	11.582137557894736	0.0	0.0	1	1.0159911311046674	-6.530900520946799	138.0	11	1.05	0.95				
	105	1	54.822117774035085	10.809995054035088	0.0	0.0	1	1.0313109623760635	-6.590992228859889	138.0	11	1.05	0.95				
	106	1	105.01138052491228	21.619990108070176	0.0	-100.0	1	1.0357561404084645	-8.825983786702308	138.0	12	1.05	0.95				
	107	2	96.51781298245614	19.30356259649123	0.0	0.0	1	1.0477847462808294	-4.437354938618313	138.0	12	1.05	0.95				
	108	1	132.03636816	27.024987635087715	0.0	0.0	1	1.0235667990865511	-7.582218723475774	138.0	12	1.05	0.95				
	109	1	135.12493817543861	27.797130138947367	0.0	0.0	1	1.0268749193807747	-5.553028467731953	138.0	13	1.05	0.95				
	110	1	150.56778825263157	30.885700154385965	0.0	0.0	1	1.05	-6.929123532376862	138.0	13	1.05	0.95				
	111	1	0.0	0.0	0.0	0.0	1	1.015319670691036	-2.3465715429153473	230.0	13	1.05	0.95				
	112	1	0.0	0.0	0.0	0.0	1	1.0170347051271247	-1.2724300164215627	230.0	13	1.05	0.95				
	113	3	204.61776352280702	41.69569520842105	0.0	0.0	1	1.0185099176016452	-7.722125814383209e-28	230.0	14	1.05	0.95				
	114	2	149.79564574877193	30.113557650526317	0.0	0.0	1	1.0186439560972511	-0.48030502258994906	230.0	16	1.05	0.95				
	115	2	244.76917372350874	49.41712024701754	0.0	0.0	1	1.0449491033234175	7.048815876495933	230.0	16	1.05	0.95				
	116	2	77.21425038596492	15.442850077192983	0.0	0.0	1	1.0438758503391732	6.824997128358534	230.0	16	1.05	0.95				
	117	1	0.0	0.0	0.0	0.0	1	1.0473774431215215	9.66688432777766	230.0	17	1.05	0.95				
	118	2	257.12345378526317	52.50569026245614	0.0	0.0	1	1.049157723287827	10.227986986469299	230.0	17	1.05	0.95				
	119	1	139.7577931985965	28.569272642807015	0.0	0.0	1	1.0385074208743672	5.906341529764454	230.0	15	1.05	0.95				
	120	1	98.83424049403509	20.075705100350877	0.0	0.0	1	1.0407389073085893	6.5636315257011955	230.0	15	1.05	0.95				
	121	2	0.0	0.0	0.0	0.0	1	1.05	10.926866547601113	230.0	17	1.05	0.95				
	122	2	0.0	0.0	0.0	0.0	1	1.05	17.013456974286775	230.0	17	1.05	0.95				
	123	2	0.0	0.0	0.0	0.0	1	1.0442852974185495	7.4912149055455455	230.0	15	1.05	0.95				
	124	1	0.0	0.0	0.0	0.0	1	1.021102394851722	2.8815529585632578	230.0	16	1.05	0.95				
	201	2	81.48024557052632	16.597827801403508	0.0	0.0	2	1.0414423852335588	-10.024159146604337	138.0	21	1.05	0.95				
	202	2	73.18133166982456	15.088934364912282	0.0	0.0	2	1.041438362537672	-10.161751058067146	138.0	22	1.05	0.95				
	203	1	135.80040928421053	27.914528575087722	0.0	0.0	2	1.0276991944621254	-7.243439765670633	138.0	21	1.05	0.95				
	204	1	55.829057150175444	11.316700773684211	0.0	0.0	2	1.01980344082207	-11.88331713779407	138.0	21	1.05	0.95				
	205	1	53.56571699543859	10.562254055438599	0.0	0.0	2	1.036100681515282	-12.246881395680019	138.0	21	1.05	0.95				
	206	1	102.60475368140351	21.124508110877198	0.0	-100.0	2	1.038648280753806	-14.214018928029859	138.0	22	1.05	0.95				
	207	2	94.30583978070175	18.861167956140353	0.0	0.0	2	0.9581648109208063	-25.582334596352563	138.0	22	1.05	0.95				
	208	1	129.01038882	26.40563513859649	0.0	0.0	2	0.9633175554082412	-21.810845542197377	138.0	22	1.05	0.95				
	209	1	132.02817569298247	27.160081856842105	0.0	0.0	2	1.0259268544887168	-10.25409042013352	138.0	23	1.05	0.95				
	210	1	147.11711005789473	30.177868729824564	0.0	0.0	2	1.05	-12.144335750184208	138.0	23	1.05	0.95				
	211	1	0.0	0.0	0.0	0.0	2	1.0281029127765016	-5.194971477866516	230.0	23	1.05	0.95				
	212	1	0.0	0.0	0.0	0.0	2	1.0214491869991442	-3.9561766415352415	230.0	23	1.05	0.95				
	213	2	199.9283803350877	40.74012278526316	0.0	0.0	2	1.0415929688080474	-1.2960382254321159	230.0	24	1.05	0.95				
	214	2	146.36266333964912	29.42342201157895	0.0	0.0	2	1.044383081972566	-2.8093416940913647	230.0	26	1.05	0.95				
	215	2	239.15960968385966	48.2845899677193	0.0	0.0	2	1.045390847838503	5.237104753981018	230.0	26	1.05	0.95				
	216	2	75.44467182456141	15.088934364912282	0.0	0.0	2	1.04889154424222	5.209502425678664	230.0	26	1.05	0.95				
	217	1	0.0	0.0	0.0	0.0	2	1.049476750911473	8.20897624221499	230.0	27	1.05	0.95				
	218	2	251.23075717578948	51.302376840701754	0.0	0.0	2	1.05	9.016181261280478	230.0	27	1.05	0.95				
	219	1	136.55485600245615	27.914528575087722	0.0	0.0	2	1.0439925660965954	4.767564205483983	230.0	25	1.05	0.95				
	220	1	96.5691799354386	19.615614674385967	0.0	0.0	2	1.046340804525756	5.792664001362431	230.0	25	1.05	0.95				
	221	2	0.0	0.0	0.0	0.0	2	1.05	9.476619691623807	230.0	27	1.05	0.95				
	222	2	0.0	0.0	0.0	0.0	2	1.05	15.49112912085245	230.0	27	1.05	0.95				
	223	2	0.0	0.0	0.0	0.0	2	1.05	6.902902204586789	230.0	25	1.05	0.95				
	224	1	0.0	0.0	0.0	0.0	2	1.0230109250209531	0.5906887413733466	230.0	26	1.05	0.95				
	301	2	66.52198671157895	13.550775070877192	0.0	0.0	3	1.0132065077047172	-16.159768721249215	138.0	31	1.05	0.95				
	302	2	59.74659917614035	12.318886428070176	0.0	0.0	3	1.0119137332051817	-16.485602214368324	138.0	32	1.05	0.95				
	303	1	110.86997785263158	22.789939891929823	0.0	0.0	3	1.0282712986703895	-9.299317988351792	138.0	31	1.05	0.95				
	304	1	45.579879783859646	9.239164821052631	0.0	0.0	3	1.009350947218835	-15.19880492941783	138.0	31	1.05	0.95				
	305	1	43.73204681964912	8.623220499649124	0.0	0.0	3	1.0234950398657048	-16.02380571082989	138.0	31	1.05	0.95				
	306	1	83.76842771087719	17.246440999298247	0.0	-100.0	3	1.0358881884383575	-16.644184299413354	138.0	32	1.05	0.95				
	307	2	76.9930401754386	15.398608035087719	0.0	0.0	3	1.0053363358427312	-18.422403979351802	138.0	32	1.05	0.95				
	308	1	105.32647896	21.558051249122805	0.0	0.0	3	1.0024559703472635	-17.97128829627485	138.0	32	1.05	0.95				
	309	1	107.79025624561402	22.173995570526316	0.0	0.0	3	1.0279064295646836	-11.632196388469694	138.0	33	1.05	0.95				
	310	1	120.1091426736842	24.63777285614035	0.0	0.0	3	1.05	-13.91257745902068	138.0	33	1.05	0.95				
	311	1	0.0	0.0	0.0	0.0	3	1.0166742913813689	-7.373638646941885	230.0	33	1.05	0.95				
	312	1	0.0	0.0	0.0	0.0	3	1.0168912157634418	-6.306348324192929	230.0	33	1.05	0.95				
	313	2	163.22524517192983	33.26099335578947	0.0	0.0	3	1.0245068978999265	-3.0628468417461034	230.0	34	1.05	0.95				
	314	2	119.4931983522807	24.02182853473684	0.0	0.0	3	1.023483201032299	-5.761251184610558	230.0	36	1.05	0.95				
	315	2	195.25434988491227	39.42043656982456	0.0	0.0	3	1.0455224032212602	0.5500952564987217	230.0	36	1.05	0.95				
	316	2	61.594432140350875	12.318886428070176	0.0	0.0	3	1.0432498380956094	0.25237799485403556	230.0	36	1.05	0.95				
	317	1	0.0	0.0	0.0	0.0	3	1.0466786433597886	2.5641317317705683	230.0	37	1.05	0.95				
	318	2	205.10945902736842	41.884213855438595	0.0	0.0	3	1.0474703640165146	2.839787289298307	230.0	37	1.05	0.95				
	319	1	111.48592217403508	22.789939891929823	0.0	0.0	3	1.0396386926133716	-0.014828234357000087	230.0	35	1.05	0.95				
	320	1	78.84087313964912	16.014552356491226	0.0	0.0	3	1.0415007587305354	0.9167949651328419	230.0	35	1.05	0.95				
	321	2	0.0	0.0	0.0	0.0	3	1.05	3.9857544698434175	230.0	37	1.05	0.95				
	322	2	0.0	0.0	0.0	0.0	3	1.05	9.20267980560948	230.0	37	1.05	0.95				
	323	2	0.0	0.0	0.0	0.0	3	1.0442033062978233	1.8823127686682153	230.0	35	1.05	0.95				
	324	1	0.0	0.0	0.0	0.0	3	1.0266963908096174	-3.113542534828957	230.0	36	1.05	0.95				
	325	1	0.0	0.0	0.0	0.0	3	1.0429921714118284	2.6388317801525365	230.0	35	1.05	0.95				
];
