%% MATPOWER Case Format : Version 2
function mpc = RTS_GMLC
mpc.version = '2';

%%-----  Power Flow Data  -----%%
%% system MVA base
mpc.baseMVA = 100.0;
%% bus data
%    bus_i    type    Pd    Qd    Gs    Bs    area    Vm    Va    baseKV    zone    Vmax    Vmin
mpc.bus = [
	101	2	98.4077189431579	20.046016821754385	0.0	0.0	1	1.0485347388088928	-2.0073258171033777	138.0	11	1.05	0.95				
	102	2	88.38471053228069	18.223651656140348	0.0	0.0	1	1.0482902011700554	-2.1784155358465447	138.0	12	1.05	0.95				
	103	1	164.01286490526314	33.71375556385965	0.0	0.0	1	1.0216053534524017	-2.7077445212932445	138.0	11	1.05	0.95				
	104	1	67.4275111277193	13.667738742105263	0.0	0.0	1	1.0226884182144784	-5.625281838595469	138.0	11	1.05	0.95				
	105	1	64.69396337929824	12.756556159298245	0.0	0.0	1	1.0364773325565624	-6.1511633535855905	138.0	11	1.05	0.95				
	106	1	123.92083126175439	25.51311231859649	0.0	-100.0	1	1.0344238644750086	-9.316823139841564	138.0	12	1.05	0.95				
	107	2	113.89782285087718	22.779564570175438	0.0	0.0	1	1.05	-7.270217402387127	138.0	12	1.05	0.95				
	108	1	155.81222166	31.891390398245612	0.0	0.0	1	1.0208126823342922	-9.826569841113999	138.0	12	1.05	0.95				
	109	1	159.45695199122807	32.80257298105263	0.0	0.0	1	1.02728645413908	-5.780307698369232	138.0	13	1.05	0.95				
	110	1	177.6806036473684	36.447303312280695	0.0	0.0	1	1.05	-7.559727642021656	138.0	13	1.05	0.95				
	111	1	0.0	0.0	0.0	0.0	1	1.0195563445579978	-2.4879837631288004	230.0	13	1.05	0.95				
	112	1	0.0	0.0	0.0	0.0	1	1.0196357958236093	-1.6100886689768714	230.0	13	1.05	0.95				
	113	3	241.4633844438596	49.20385947157895	0.0	0.0	1	1.0244858362992681	1.2769890623996643e-28	230.0	14	1.05	0.95				
	114	2	176.76942106456139	35.53612072947368	0.0	0.0	1	1.0264806512701503	-0.5065854633234785	230.0	16	1.05	0.95				
	115	2	288.84487874982455	58.315685299649125	0.0	0.0	1	1.0424343922357728	8.670551678961154	230.0	16	1.05	0.95				
	116	2	91.11825828070175	18.223651656140348	0.0	0.0	1	1.0428990931326108	7.891696292365591	230.0	16	1.05	0.95				
	117	1	0.0	0.0	0.0	0.0	1	1.046856543749829	11.818033874219246	230.0	17	1.05	0.95				
	118	2	303.4238000747368	61.96041563087719	0.0	0.0	1	1.05	12.89775029784691	230.0	17	1.05	0.95				
	119	1	164.92404748807016	33.71375556385965	0.0	0.0	1	1.037721022915399	6.254219093167241	230.0	15	1.05	0.95				
	120	1	116.63137059929825	23.690747152982457	0.0	0.0	1	1.040891074166093	6.070446688604352	230.0	15	1.05	0.95				
	121	2	0.0	0.0	0.0	0.0	1	1.05	13.926045741225517	230.0	17	1.05	0.95				
	122	2	0.0	0.0	0.0	0.0	1	1.05	19.610469885814226	230.0	17	1.05	0.95				
	123	2	0.0	0.0	0.0	0.0	1	1.045377890631993	6.636779265364236	230.0	15	1.05	0.95				
	124	1	0.0	0.0	0.0	0.0	1	1.0204069846795798	4.449281258388724	230.0	16	1.05	0.95				
	201	2	92.97213915789474	18.938769087719297	0.0	0.0	2	1.0460358048349117	-13.396508824104846	138.0	21	1.05	0.95				
	202	2	83.5027546140351	17.217062807017548	0.0	0.0	2	1.0487082620673929	-13.50737692418229	138.0	22	1.05	0.95				
	203	1	154.9535652631579	31.851566192982457	0.0	0.0	2	1.0260207541982045	-9.804611036558827	138.0	21	1.05	0.95				
	204	1	63.70313238596491	12.912797105263158	0.0	0.0	2	1.021285944219681	-14.41994268532424	138.0	21	1.05	0.95				
	205	1	61.12057296491228	12.051943964912283	0.0	0.0	2	1.03709858647504	-14.914303951325476	138.0	21	1.05	0.95				
	206	1	117.07602708771931	24.103887929824566	0.0	-100.0	2	1.0374839509116167	-16.576088885178766	138.0	22	1.05	0.95				
	207	2	107.60664254385965	21.52132850877193	0.0	0.0	2	0.95	-27.256254158920786	138.0	22	1.05	0.95				
	208	1	147.20588700000002	30.1298599122807	0.0	0.0	2	0.9550212494636091	-23.796635866423934	138.0	22	1.05	0.95				
	209	1	150.64929956140352	30.99071305263158	0.0	0.0	2	1.0267933177074366	-11.70534316733214	138.0	23	1.05	0.95				
	210	1	167.86636236842105	34.434125614035096	0.0	0.0	2	1.05	-13.76456666091372	138.0	23	1.05	0.95				
	211	1	0.0	0.0	0.0	0.0	2	1.0334797972522753	-7.1831851961012845	230.0	23	1.05	0.95				
	212	1	0.0	0.0	0.0	0.0	2	1.0276465239661907	-2.1467881392021786	230.0	23	1.05	0.95				
	213	2	228.12608219298247	46.48606957894737	0.0	0.0	2	1.05	-3.6557008329698646	230.0	24	1.05	0.95				
	214	2	167.0055092280702	33.57327247368421	0.0	0.0	2	1.05	-4.969122133956939	230.0	26	1.05	0.95				
	215	2	272.8904454912281	55.09460098245614	0.0	0.0	2	1.0454232259013656	3.5240939256742108	230.0	26	1.05	0.95				
	216	2	86.08531403508772	17.217062807017548	0.0	0.0	2	1.049237993568522	3.4772894915301924	230.0	26	1.05	0.95				
	217	1	0.0	0.0	0.0	0.0	2	1.0497492288376908	6.453022819086024	230.0	27	1.05	0.95				
	218	2	286.6640957368421	58.538013543859655	0.0	0.0	2	1.05	7.085852964353935	230.0	27	1.05	0.95				
	219	1	155.81441840350877	31.851566192982457	0.0	0.0	2	1.0429548766653394	3.3498238248917285	230.0	25	1.05	0.95				
	220	1	110.18920196491229	22.38218164912281	0.0	0.0	2	1.0454662402551753	4.848264897127986	230.0	25	1.05	0.95				
	221	2	0.0	0.0	0.0	0.0	2	1.05	7.626151966637252	230.0	27	1.05	0.95				
	222	2	0.0	0.0	0.0	0.0	2	1.05	13.677842530296306	230.0	27	1.05	0.95				
	223	2	0.0	0.0	0.0	0.0	2	1.05	6.293272522124421	230.0	25	1.05	0.95				
	224	1	0.0	0.0	0.0	0.0	2	1.0212068683328903	-1.4314295253738025	230.0	26	1.05	0.95				
	301	2	82.9560265768421	16.898449858245616	0.0	0.0	3	0.976417112980021	-3.5993097924430026	138.0	31	1.05	0.95				
	302	2	74.5068016477193	15.362227143859652	0.0	0.0	3	0.978367776671171	-3.807588312245541	138.0	32	1.05	0.95				
	303	1	138.26004429473687	28.420120216140354	0.0	0.0	3	0.9996447531991319	2.3400978505870382	138.0	31	1.05	0.95				
	304	1	56.84024043228071	11.521670357894736	0.0	0.0	3	0.971630413472616	-1.149797339094452	138.0	31	1.05	0.95				
	305	1	54.53590636070176	10.753559000701756	0.0	0.0	3	0.9827585282969522	-1.5570503441089103	138.0	31	1.05	0.95				
	306	1	104.46314457824563	21.507118001403512	0.0	-100.0	3	0.9936301882074628	-1.2981564110651276	138.0	32	1.05	0.95				
	307	2	96.01391964912281	19.202783929824562	0.0	0.0	3	0.95	-7.4068051432512645	138.0	32	1.05	0.95				
	308	1	131.34704208000002	26.883897501754383	0.0	0.0	3	0.9558174263620408	-3.510657005392506	138.0	32	1.05	0.95				
	309	1	134.41948750877197	27.65200885894737	0.0	0.0	3	0.9965582410573633	4.35504411129471	138.0	33	1.05	0.95				
	310	1	149.7817146526316	30.724454287719304	0.0	0.0	3	1.0138094071556902	3.1320241841905117	138.0	33	1.05	0.95				
	311	1	0.0	0.0	0.0	0.0	3	0.9908370957564785	11.883715111510876	230.0	33	1.05	0.95				
	312	1	0.0	0.0	0.0	0.0	3	0.9948816154996251	13.27321390052854	230.0	33	1.05	0.95				
	313	2	203.54950965614034	41.47801328842105	0.0	0.0	3	1.024062735940183	21.477444126253495	230.0	34	1.05	0.95				
	314	2	149.0136032954386	29.95634293052632	0.0	0.0	3	1.0022792754929368	11.26338145838649	230.0	36	1.05	0.95				
	315	2	243.49130023017545	49.15912686035088	0.0	0.0	3	1.045877001581914	8.555995971319643	230.0	36	1.05	0.95				
	316	2	76.81113571929825	15.362227143859652	0.0	0.0	3	1.0407316573901262	9.763311611757247	230.0	36	1.05	0.95				
	317	1	0.0	0.0	0.0	0.0	3	1.045321510976254	9.601553936946328	230.0	37	1.05	0.95				
	318	2	255.7810819452632	52.231572289122816	0.0	0.0	3	1.045352307108602	8.890441373794625	230.0	37	1.05	0.95				
	319	1	139.02815565192984	28.420120216140354	0.0	0.0	3	1.0337741624282786	11.708763210601846	230.0	35	1.05	0.95				
	320	1	98.31825372070176	19.970895287017544	0.0	0.0	3	1.0319706084469729	13.448578733297412	230.0	35	1.05	0.95				
	321	2	0.0	0.0	0.0	0.0	3	1.0489869281982669	10.298662820415732	230.0	37	1.05	0.95				
	322	2	0.0	0.0	0.0	0.0	3	1.05	14.36519134079807	230.0	37	1.05	0.95				
	323	2	0.0	0.0	0.0	0.0	3	1.0316863621767545	14.200520975939092	230.0	35	1.05	0.95				
	324	1	0.0	0.0	0.0	0.0	3	1.0224230315072598	8.130189073638496	230.0	36	1.05	0.95				
	325	1	0.0	0.0	0.0	0.0	3	1.0341338622663747	14.186272915761245	230.0	35	1.05	0.95				
];
