%% MATPOWER Case Format : Version 2
function mpc = RTS_GMLC
mpc.version = '2';

%%-----  Power Flow Data  -----%%
%% system MVA base
mpc.baseMVA = 100.0;
%% bus data
%    bus_i    type    Pd    Qd    Gs    Bs    area    Vm    Va    baseKV    zone    Vmax    Vmin
mpc.bus = [
	101	2	94.14596736	19.17788224	0.0	0.0	1	1.034942165463046	-6.6455551717703365	138.0	11	1.05	0.95				
	102	2	84.55702623999998	17.434438399999998	0.0	0.0	1	1.0348777038580286	-6.717232467887596	138.0	12	1.05	0.95				
	103	1	156.90994560000001	32.25371104	0.0	0.0	1	1.015179033562823	-6.607505193971922	138.0	11	1.05	0.95				
	104	1	64.50742208	13.075828799999996	0.0	0.0	1	1.0154400721825265	-8.98933624040812	138.0	11	1.05	0.95				
	105	1	61.892256319999994	12.20410688	0.0	0.0	1	1.031025957234583	-9.178424254133747	138.0	11	1.05	0.95				
	106	1	118.55418112	24.40821376	0.0	-100.0	1	1.0333439684609103	-11.390165485378045	138.0	12	1.05	0.95				
	107	2	108.96523999999998	21.793048	0.0	0.0	1	1.05	-6.219457446870053	138.0	12	1.05	0.95				
	108	1	149.06444832	30.510267199999998	0.0	0.0	1	1.0218711661134579	-9.753328214860147	138.0	12	1.05	0.95				
	109	1	152.551336	31.381989119999997	0.0	0.0	1	1.0272529355888067	-7.450388078064516	138.0	13	1.05	0.95				
	110	1	169.98577439999997	34.868876799999995	0.0	0.0	1	1.05	-8.999003441516876	138.0	13	1.05	0.95				
	111	1	0.0	0.0	0.0	0.0	1	1.020061732634337	-3.522143877910065	230.0	13	1.05	0.95				
	112	1	0.0	0.0	0.0	0.0	1	1.019793402409846	-2.1360933719834403	230.0	13	1.05	0.95				
	113	3	231.00630879999997	47.07298368	0.0	0.0	1	1.0286985114488125	4.6844871622036246e-29	230.0	14	1.05	0.95				
	114	2	169.11405247999997	33.99715488	0.0	0.0	1	1.0265474900170393	-1.9493741941613338	230.0	16	1.05	0.95				
	115	2	276.33584863999994	55.790202879999995	0.0	0.0	1	1.044236053227255	5.714121032478387	230.0	16	1.05	0.95				
	116	2	87.172192	17.434438399999998	0.0	0.0	1	1.0456536572134596	5.592437510775485	230.0	16	1.05	0.95				
	117	1	0.0	0.0	0.0	0.0	1	1.0480747810981013	8.534040068386071	230.0	17	1.05	0.95				
	118	2	290.28339936	59.27709056	0.0	0.0	1	1.0495765438540374	9.091958209711594	230.0	17	1.05	0.95				
	119	1	157.78166752	32.25371104	0.0	0.0	1	1.0409291275477592	4.974742265466679	230.0	15	1.05	0.95				
	120	1	111.58040575999999	22.66476992	0.0	0.0	1	1.0448606242161802	6.068550532092789	230.0	15	1.05	0.95				
	121	2	0.0	0.0	0.0	0.0	1	1.05	10.00669758564267	230.0	17	1.05	0.95				
	122	2	0.0	0.0	0.0	0.0	1	1.05	16.332515132552196	230.0	17	1.05	0.95				
	123	2	0.0	0.0	0.0	0.0	1	1.05	7.298730413503486	230.0	15	1.05	0.95				
	124	1	0.0	0.0	0.0	0.0	1	1.0178632928965496	1.1761616072563352	230.0	16	1.05	0.95				
	201	2	89.36817252631579	18.204627736842106	0.0	0.0	2	1.0490457341024222	-11.797652001929018	138.0	21	1.05	0.95				
	202	2	80.26585865789473	16.54966157894737	0.0	0.0	2	1.05	-11.835572392231978	138.0	22	1.05	0.95				
	203	1	148.94695421052631	30.61687392105263	0.0	0.0	2	1.0275725358241046	-9.097215173000098	138.0	21	1.05	0.95				
	204	1	61.23374784210526	12.412246184210526	0.0	0.0	2	1.0222114729612584	-13.764508298482685	138.0	21	1.05	0.95				
	205	1	58.75129860526316	11.584763105263159	0.0	0.0	2	1.0389570553194245	-14.164371204164881	138.0	21	1.05	0.95				
	206	1	112.53769873684212	23.169526210526318	0.0	-100.0	2	1.0384994463771522	-16.250766278006797	138.0	22	1.05	0.95				
	207	2	103.43538486842105	20.68707697368421	0.0	0.0	2	0.95	-27.788720782512062	138.0	22	1.05	0.95				
	208	1	141.4996065	28.96190776315789	0.0	0.0	2	0.9556773195084166	-24.103967971380158	138.0	22	1.05	0.95				
	209	1	144.80953881578947	29.789390842105263	0.0	0.0	2	1.025923022377157	-12.036807113681741	138.0	23	1.05	0.95				
	210	1	161.35920039473683	33.09932315789474	0.0	0.0	2	1.05	-14.00585726325287	138.0	23	1.05	0.95				
	211	1	0.0	0.0	0.0	0.0	2	1.031810862372452	-6.5655970773739005	230.0	23	1.05	0.95				
	212	1	0.0	0.0	0.0	0.0	2	1.0233756525451316	-5.225231490379975	230.0	23	1.05	0.95				
	213	2	219.28301592105265	44.684086263157894	0.0	0.0	2	1.05	-2.0692087743954017	230.0	24	1.05	0.95				
	214	2	160.53171731578945	32.27184007894736	0.0	0.0	2	1.05	-4.330433643005294	230.0	26	1.05	0.95				
	215	2	262.3121360263158	52.958917052631584	0.0	0.0	2	1.0466672376221515	4.089108996405657	230.0	26	1.05	0.95				
	216	2	82.74830789473684	16.54966157894737	0.0	0.0	2	1.0499999837118899	3.941707419096499	230.0	26	1.05	0.95				
	217	1	0.0	0.0	0.0	0.0	2	1.05	7.048599282437149	230.0	27	1.05	0.95				
	218	2	275.5518652894737	56.26884936842106	0.0	0.0	2	1.049300234886943	7.739714982473475	230.0	27	1.05	0.95				
	219	1	149.7744372894737	30.61687392105263	0.0	0.0	2	1.0438784473442329	3.4503610703101177	230.0	25	1.05	0.95				
	220	1	105.91783410526317	21.51456005263158	0.0	0.0	2	1.046041843339204	4.567295357353054	230.0	25	1.05	0.95				
	221	2	0.0	0.0	0.0	0.0	2	1.05	8.24655469065191	230.0	27	1.05	0.95				
	222	2	0.0	0.0	0.0	0.0	2	1.05	14.288520544239253	230.0	27	1.05	0.95				
	223	2	0.0	0.0	0.0	0.0	2	1.05	5.780130306546597	230.0	25	1.05	0.95				
	224	1	0.0	0.0	0.0	0.0	2	1.0227502060455695	-0.8147851920163007	230.0	26	1.05	0.95				
	301	2	84.68142991578948	17.249920908771934	0.0	0.0	3	1.0171718464201476	-18.974900550698102	138.0	31	1.05	0.95				
	302	2	76.05646946140352	15.68174628070176	0.0	0.0	3	1.015698749670373	-19.370225205985612	138.0	32	1.05	0.95				
	303	1	141.1357165263158	29.01123061929825	0.0	0.0	3	1.0178808910228887	-12.462519627503255	138.0	31	1.05	0.95				
	304	1	58.0224612385965	11.761309710526316	0.0	0.0	3	1.006481023521454	-17.844973755253292	138.0	31	1.05	0.95				
	305	1	55.67019929649123	10.97722239649123	0.0	0.0	3	1.0227103674082434	-18.319759090256195	138.0	31	1.05	0.95				
	306	1	106.63587470877194	21.95444479298246	0.0	-100.0	3	1.0315562593503003	-18.812397713206277	138.0	32	1.05	0.95				
	307	2	98.01091425438597	19.602182850877195	0.0	0.0	3	1.0090622089122347	-21.179568950784414	138.0	32	1.05	0.95				
	308	1	134.0789307	27.44305599122807	0.0	0.0	3	0.9990460068140756	-20.657313282513098	138.0	32	1.05	0.95				
	309	1	137.21527995614036	28.22714330526316	0.0	0.0	3	1.0268002663274056	-13.388814329682301	138.0	33	1.05	0.95				
	310	1	152.89702623684212	31.36349256140352	0.0	0.0	3	1.05	-15.152114741125816	138.0	33	1.05	0.95				
	311	1	0.0	0.0	0.0	0.0	3	1.0249626394491969	-7.417600999227264	230.0	33	1.05	0.95				
	312	1	0.0	0.0	0.0	0.0	3	1.0204803300912981	-6.016026525639673	230.0	33	1.05	0.95				
	313	2	207.78313821929828	42.34071495789474	0.0	0.0	3	1.0419029960475747	-2.4279392793024743	230.0	34	1.05	0.95				
	314	2	152.11293892280705	30.579405247368424	0.0	0.0	3	1.0391274827714503	-5.1380135537936225	230.0	36	1.05	0.95				
	315	2	248.55567854912283	50.18158809824562	0.0	0.0	3	1.0492642598312618	0.4354868595341315	230.0	36	1.05	0.95				
	316	2	78.40873140350878	15.68174628070176	0.0	0.0	3	1.0475610707099081	0.5112287275167567	230.0	36	1.05	0.95				
	317	1	0.0	0.0	0.0	0.0	3	1.0483928777396057	2.332456303343088	230.0	37	1.05	0.95				
	318	2	261.1010755736842	53.31793735438597	0.0	0.0	3	1.0479260773517967	2.446544752793878	230.0	37	1.05	0.95				
	319	1	141.9198038403509	29.01123061929825	0.0	0.0	3	1.043827768423763	1.31643736205718	230.0	35	1.05	0.95				
	320	1	100.36317619649124	20.386270164912286	0.0	0.0	3	1.046220057351542	2.8395169152348925	230.0	35	1.05	0.95				
	321	2	0.0	0.0	0.0	0.0	3	1.05	3.6979978237824684	230.0	37	1.05	0.95				
	322	2	0.0	0.0	0.0	0.0	3	1.05	8.937567612743132	230.0	37	1.05	0.95				
	323	2	0.0	0.0	0.0	0.0	3	1.05	4.1327119778993255	230.0	35	1.05	0.95				
	324	1	0.0	0.0	0.0	0.0	3	1.022547283222531	-3.371710993962942	230.0	36	1.05	0.95				
	325	1	0.0	0.0	0.0	0.0	3	1.0494345653623476	4.62160023393771	230.0	35	1.05	0.95				
];

%% generator data
%    bus    Pg    Qg    Qmax    Qmin    Vg    mBase    status    Pmax    Pmin    Pc1    Pc2    Qc1min    Qc1max    Qc2min    Qc2max    ramp_agc    ramp_10    ramp_30    ramp_q    apf
