%% MATPOWER Case Format : Version 2
function mpc = RTS_GMLC
mpc.version = '2';

%%-----  Power Flow Data  -----%%
%% system MVA base
mpc.baseMVA = 100.0;
%% bus data
%    bus_i    type    Pd    Qd    Gs    Bs    area    Vm    Va    baseKV    zone    Vmax    Vmin
mpc.bus = [
	101	2	74.8812469263158	15.253587336842106	0.0	0.0	1	1.0367368486465427	0.4146393102931277	138.0	11	1.05	0.95				
	102	2	67.25445325789472	13.866897578947368	0.0	0.0	1	1.0360314019857684	0.1512149944213785	138.0	12	1.05	0.95				
	103	1	124.80207821052632	25.653760521052632	0.0	0.0	1	1.0251439599202044	-1.2268275317760458	138.0	11	1.05	0.95				
	104	1	51.307521042105265	10.400173184210527	0.0	0.0	1	1.020995128844265	-3.1625980027851686	138.0	11	1.05	0.95				
	105	1	49.22748640526316	9.706828305263159	0.0	0.0	1	1.0334678782323046	-3.491541806088457	138.0	11	1.05	0.95				
	106	1	94.29490353684211	19.413656610526317	0.0	-100.0	1	1.0380516290645478	-6.352778047317968	138.0	12	1.05	0.95				
	107	2	86.66810986842106	17.33362197368421	0.0	0.0	1	1.049999985418289	-6.838776250286593	138.0	12	1.05	0.95				
	108	1	118.56197429999999	24.267070763157893	0.0	0.0	1	1.027247868249796	-8.033469946544951	138.0	12	1.05	0.95				
	109	1	121.33535381578949	24.96041564210526	0.0	0.0	1	1.0270347838066156	-3.9581151684587184	138.0	13	1.05	0.95				
	110	1	135.20225139473683	27.733795157894736	0.0	0.0	1	1.05	-5.284128999736681	138.0	13	1.05	0.95				
	111	1	0.0	0.0	0.0	0.0	1	1.010027212133284	-1.543614608267394	230.0	13	1.05	0.95				
	112	1	0.0	0.0	0.0	0.0	1	1.01534820150516	-0.9852203571088156	230.0	13	1.05	0.95				
	113	3	183.7363929210526	37.4406234631579	0.0	0.0	1	1.0106656829209062	5.4921317680056324e-30	230.0	14	1.05	0.95				
	114	2	134.50890651578945	27.040450278947368	0.0	0.0	1	1.007419440754803	0.27339930649910765	230.0	16	1.05	0.95				
	115	2	219.7903266263158	44.37407225263158	0.0	0.0	1	1.0417461598261097	7.652086105357579	230.0	16	1.05	0.95				
	116	2	69.33448789473684	13.866897578947368	0.0	0.0	1	1.0391333370351792	6.992926779288069	230.0	16	1.05	0.95				
	117	1	0.0	0.0	0.0	0.0	1	1.0439477798899721	9.787076630746363	230.0	17	1.05	0.95				
	118	2	230.8838446894737	47.14745176842106	0.0	0.0	1	1.046052133889897	10.262162044138735	230.0	17	1.05	0.95				
	119	1	125.49542308947368	25.653760521052632	0.0	0.0	1	1.0334518633488408	5.548428139856417	230.0	15	1.05	0.95				
	120	1	88.74814450526316	18.026966852631578	0.0	0.0	1	1.0336776475162825	5.146977003437447	230.0	15	1.05	0.95				
	121	2	0.0	0.0	0.0	0.0	1	1.0487796525365385	11.82794978434088	230.0	17	1.05	0.95				
	122	2	0.0	0.0	0.0	0.0	1	1.05	17.54194088970713	230.0	17	1.05	0.95				
	123	2	0.0	0.0	0.0	0.0	1	1.0355248801194774	5.445374526072864	230.0	15	1.05	0.95				
	124	1	0.0	0.0	0.0	0.0	1	1.0243271226924426	4.350131221228339	230.0	16	1.05	0.95				
	201	2	86.2742011831579	17.574374315087717	0.0	0.0	2	1.0341739029064576	-15.593873538255727	138.0	21	1.05	0.95				
	202	2	77.48701402561403	15.976703922807017	0.0	0.0	2	1.0371684033805824	-15.72287910461738	138.0	22	1.05	0.95				
	203	1	143.79033530526314	29.55690225719298	0.0	0.0	2	1.0250961372615373	-11.990837602956244	138.0	21	1.05	0.95				
	204	1	59.11380451438596	11.982527942105262	0.0	0.0	2	1.0174197026977516	-17.054773372602064	138.0	21	1.05	0.95				
	205	1	56.71729892596491	11.183692745964912	0.0	0.0	2	1.0318175675233683	-17.532147464942785	138.0	21	1.05	0.95				
	206	1	108.64158667508772	22.367385491929824	0.0	-100.0	2	1.036376691148957	-19.368597994285143	138.0	22	1.05	0.95				
	207	2	99.85439951754384	19.97087990350877	0.0	0.0	2	0.95	-31.00784258769782	138.0	22	1.05	0.95				
	208	1	136.60081853999998	27.959231864912276	0.0	0.0	2	0.9564885505713652	-27.08799756284563	138.0	22	1.05	0.95				
	209	1	139.7961593245614	28.75806706105263	0.0	0.0	2	1.026854353507001	-14.914259667846057	138.0	23	1.05	0.95				
	210	1	155.7728632473684	31.953407845614034	0.0	0.0	2	1.05	-16.975238243902204	138.0	23	1.05	0.95				
	211	1	0.0	0.0	0.0	0.0	2	1.0346120735974416	-11.128502487252844	230.0	23	1.05	0.95				
	212	1	0.0	0.0	0.0	0.0	2	1.029208076382789	-6.213421900304679	230.0	23	1.05	0.95				
	213	2	211.69132697719294	43.13710059157895	0.0	0.0	2	1.05	-8.497186829127122	230.0	24	1.05	0.95				
	214	2	154.97402805122806	31.154572649473682	0.0	0.0	2	1.05	-8.841357611867082	230.0	26	1.05	0.95				
	215	2	253.2307571764912	51.12545255298245	0.0	0.0	2	1.0455149452684702	-0.467775234974004	230.0	26	1.05	0.95				
	216	2	79.88351961403508	15.976703922807017	0.0	0.0	2	1.0491828983240727	-0.6785390606364016	230.0	26	1.05	0.95				
	217	1	0.0	0.0	0.0	0.0	2	1.0486205345846	2.1330505003395483	230.0	27	1.05	0.95				
	218	2	266.0121203147368	54.32079333754386	0.0	0.0	2	1.0496504776570774	2.193690953534855	230.0	27	1.05	0.95				
	219	1	144.5891705014035	29.55690225719298	0.0	0.0	2	1.0435423854718098	-0.6895497922780113	230.0	25	1.05	0.95				
	220	1	102.2509051059649	20.769715099649122	0.0	0.0	2	1.0458776699520644	0.7942445812096316	230.0	25	1.05	0.95				
	221	2	0.0	0.0	0.0	0.0	2	1.05	2.06765695921103	230.0	27	1.05	0.95				
	222	2	0.0	0.0	0.0	0.0	2	1.05	8.605626575614766	230.0	27	1.05	0.95				
	223	2	0.0	0.0	0.0	0.0	2	1.05	2.187210216785514	230.0	25	1.05	0.95				
	224	1	0.0	0.0	0.0	0.0	2	1.023409079741275	-4.745027104243634	230.0	26	1.05	0.95				
	301	2	79.52230307368421	16.198987663157894	0.0	0.0	3	0.9666513300192093	-6.698630917361009	138.0	31	1.05	0.95				
	302	2	71.42280924210526	14.726352421052633	0.0	0.0	3	0.968745197481069	-6.806528838982548	138.0	32	1.05	0.95				
	303	1	132.5371717894737	27.243751978947365	0.0	0.0	3	0.9914824567039082	-1.5254193286794813	138.0	31	1.05	0.95				
	304	1	54.48750395789473	11.044764315789472	0.0	0.0	3	0.9643368893168893	-3.875635913246786	138.0	31	1.05	0.95				
	305	1	52.278551094736834	10.308446694736842	0.0	0.0	3	0.9748515079249781	-4.1650010258301915	138.0	31	1.05	0.95				
	306	1	100.1391964631579	20.616893389473685	0.0	-100.0	3	0.9874580932407597	-3.6050685146686026	138.0	32	1.05	0.95				
	307	2	92.03970263157895	18.407940526315787	0.0	0.0	3	0.95	-9.357723055515129	138.0	32	1.05	0.95				
	308	1	125.91031319999999	25.771116736842103	0.0	0.0	3	0.954478988881698	-5.60157605819418	138.0	32	1.05	0.95				
	309	1	128.85558368421053	26.50743435789473	0.0	0.0	3	0.990578524462802	1.7460919382154123	138.0	33	1.05	0.95				
	310	1	143.58193610526314	29.452704842105266	0.0	0.0	3	1.0080381035042811	0.9305682061239781	138.0	33	1.05	0.95				
	311	1	0.0	0.0	0.0	0.0	3	0.9838989536754292	9.500223313158601	230.0	33	1.05	0.95				
	312	1	0.0	0.0	0.0	0.0	3	0.9884778504556478	11.03036523021873	230.0	33	1.05	0.95				
	313	2	195.12416957894737	39.76115153684211	0.0	0.0	3	1.0155783186965375	19.340086263145448	230.0	34	1.05	0.95				
	314	2	142.84561848421052	28.71638722105263	0.0	0.0	3	0.9960249698948824	8.709372938517307	230.0	36	1.05	0.95				
	315	2	233.4126858736842	47.12432774736842	0.0	0.0	3	1.0456393412224099	5.096638725432633	230.0	36	1.05	0.95				
	316	2	73.63176210526315	14.726352421052633	0.0	0.0	3	1.0411151159915064	6.567829781450358	230.0	36	1.05	0.95				
	317	1	0.0	0.0	0.0	0.0	3	1.045418377245401	6.012690404452752	230.0	37	1.05	0.95				
	318	2	245.1937678105263	50.06959823157895	0.0	0.0	3	1.045232726495169	5.1207162042397725	230.0	37	1.05	0.95				
	319	1	133.2734894105263	27.243751978947365	0.0	0.0	3	1.0329748560826748	8.98320313453569	230.0	35	1.05	0.95				
	320	1	94.24865549473684	19.14425814736842	0.0	0.0	3	1.0300080775516296	10.999245739077939	230.0	35	1.05	0.95				
	321	2	0.0	0.0	0.0	0.0	3	1.0484897051371873	6.333256866804419	230.0	37	1.05	0.95				
	322	2	0.0	0.0	0.0	0.0	3	1.05	10.546656185191678	230.0	37	1.05	0.95				
	323	2	0.0	0.0	0.0	0.0	3	1.0289268414023665	11.819643714866189	230.0	35	1.05	0.95				
	324	1	0.0	0.0	0.0	0.0	3	1.0189641900590896	4.679006121673896	230.0	36	1.05	0.95				
	325	1	0.0	0.0	0.0	0.0	3	1.0314529475181646	11.830329839919095	230.0	35	1.05	0.95				
];
