%% MATPOWER Case Format : Version 2
function mpc = RTS_GMLC
mpc.version = '2';

%%-----  Power Flow Data  -----%%
%% system MVA base
mpc.baseMVA = 100.0;
%% bus data
%    bus_i    type    Pd    Qd    Gs    Bs    area    Vm    Va    baseKV    zone    Vmax    Vmin
mpc.bus = [
	101	2	98.15388423157896	19.994309750877193	0.0	0.0	1	1.048137131161445	-1.5722994733605966	138.0	11	1.05	0.95				
	102	2	88.15672935614035	18.176645228070175	0.0	0.0	1	1.0478634536535976	-1.7596146181503725	138.0	12	1.05	0.95				
	103	1	163.58980705263158	33.626793671929825	0.0	0.0	1	1.0207315364600573	-2.0718339037906883	138.0	11	1.05	0.95				
	104	1	67.25358734385965	13.632483921052632	0.0	0.0	1	1.022527556402264	-5.264047607277504	138.0	11	1.05	0.95				
	105	1	64.52709055964912	12.723651659649123	0.0	0.0	1	1.0361875741477697	-5.8438331439558775	138.0	11	1.05	0.95				
	106	1	123.60118755087721	25.447303319298246	0.0	-100.0	1	1.0342833435649428	-9.080998259484563	138.0	12	1.05	0.95				
	107	2	113.60403267543859	22.72080653508772	0.0	0.0	1	1.05	-8.115514736550239	138.0	12	1.05	0.95				
	108	1	155.4103167	31.809129149122807	0.0	0.0	1	1.020729753589824	-10.223462749622637	138.0	12	1.05	0.95				
	109	1	159.04564574561405	32.717961410526314	0.0	0.0	1	1.026983797186533	-5.548656229121486	138.0	13	1.05	0.95				
	110	1	177.2222909736842	36.35329045614035	0.0	0.0	1	1.05	-7.389098359748981	138.0	13	1.05	0.95				
	111	1	0.0	0.0	0.0	0.0	1	1.0198622063986624	-2.2135023893306665	230.0	13	1.05	0.95				
	112	1	0.0	0.0	0.0	0.0	1	1.0197272836470959	-1.4954509624246817	230.0	13	1.05	0.95				
	113	3	240.84054927192983	49.07694211578948	0.0	0.0	1	1.024409895150537	-1.286528243150526e-29	230.0	14	1.05	0.95				
	114	2	176.3134587122807	35.444458194736846	0.0	0.0	1	1.027805998891068	0.0743035386520451	230.0	16	1.05	0.95				
	115	2	288.0998268649123	58.165264729824564	0.0	0.0	1	1.0413493402776164	9.925614824282524	230.0	16	1.05	0.95				
	116	2	90.88322614035089	18.176645228070175	0.0	0.0	1	1.041959842901422	8.90944663775488	230.0	16	1.05	0.95				
	117	1	0.0	0.0	0.0	0.0	1	1.045939066941883	13.101854572285974	230.0	17	1.05	0.95				
	118	2	302.6411430473684	61.80059377543861	0.0	0.0	1	1.05	14.017047958835592	230.0	17	1.05	0.95				
	119	1	164.4986393140351	33.626793671929825	0.0	0.0	1	1.0371334683165163	6.88425845993138	230.0	15	1.05	0.95				
	120	1	116.33052945964913	23.62963879649123	0.0	0.0	1	1.0409107757830471	6.387666356068112	230.0	15	1.05	0.95				
	121	2	0.0	0.0	0.0	0.0	1	1.05	15.616973607231383	230.0	17	1.05	0.95				
	122	2	0.0	0.0	0.0	0.0	1	1.05	23.20095055092607	230.0	17	1.05	0.95				
	123	2	0.0	0.0	0.0	0.0	1	1.0456784154390166	6.781084550420773	230.0	15	1.05	0.95				
	124	1	0.0	0.0	0.0	0.0	1	1.0185986616571134	5.472452174830747	230.0	16	1.05	0.95				
	201	2	89.89516762105264	18.311978589473682	0.0	0.0	2	1.05	-16.632223655817405	138.0	21	1.05	0.95				
	202	2	80.73917832631578	16.647253263157893	0.0	0.0	2	1.05	-16.749238846489014	138.0	22	1.05	0.95				
	203	1	149.82527936842104	30.797418536842102	0.0	0.0	2	1.0252007346439158	-11.838197183542047	138.0	21	1.05	0.95				
	204	1	61.594837073684204	12.48543994736842	0.0	0.0	2	1.0210328641369646	-17.869730244910198	138.0	21	1.05	0.95				
	205	1	59.09774908421051	11.653077284210527	0.0	0.0	2	1.0391711143008444	-18.464324759968473	138.0	21	1.05	0.95				
	206	1	113.20132218947367	23.306154568421054	0.0	-100.0	2	1.0380369531297837	-20.28399097657823	138.0	22	1.05	0.95				
	207	2	104.04533289473683	20.809066578947366	0.0	0.0	2	0.95	-31.167617124493766	138.0	22	1.05	0.95				
	208	1	142.3340154	29.132693210526313	0.0	0.0	2	0.9551605582367075	-27.59186153387481	138.0	22	1.05	0.95				
	209	1	145.66346605263158	29.965055873684204	0.0	0.0	2	1.0241177642341666	-15.436798399251249	138.0	23	1.05	0.95				
	210	1	162.31071931578944	33.294506526315786	0.0	0.0	2	1.0493097077209848	-17.73928070803754	138.0	23	1.05	0.95				
	211	1	0.0	0.0	0.0	0.0	2	1.0311389200933943	-9.906118279328636	230.0	23	1.05	0.95				
	212	1	0.0	0.0	0.0	0.0	2	1.0208269438402748	-8.4681028679257	230.0	23	1.05	0.95				
	213	2	220.57610573684207	44.94758381052632	0.0	0.0	2	1.05	-6.0787264031446435	230.0	24	1.05	0.95				
	214	2	161.47835665263156	32.46214386315789	0.0	0.0	2	1.05	-6.879414593654642	230.0	26	1.05	0.95				
	215	2	263.8589642210526	53.27121044210526	0.0	0.0	2	1.0449442047505297	2.8064243567571427	230.0	26	1.05	0.95				
	216	2	83.23626631578946	16.647253263157893	0.0	0.0	2	1.0486161605847408	2.5632025945576937	230.0	26	1.05	0.95				
	217	1	0.0	0.0	0.0	0.0	2	1.049465047508158	5.8419180369188055	230.0	27	1.05	0.95				
	218	2	277.1767668315789	56.600661094736836	0.0	0.0	2	1.05	6.495871740279797	230.0	27	1.05	0.95				
	219	1	150.65764203157894	30.797418536842102	0.0	0.0	2	1.042971738753168	2.2519089895623834	230.0	25	1.05	0.95				
	220	1	106.54242088421051	21.64142924210526	0.0	0.0	2	1.045644567102704	3.5372462365153963	230.0	25	1.05	0.95				
	221	2	0.0	0.0	0.0	0.0	2	1.05	6.992557161816508	230.0	27	1.05	0.95				
	222	2	0.0	0.0	0.0	0.0	2	1.05	13.053046640276605	230.0	27	1.05	0.95				
	223	2	0.0	0.0	0.0	0.0	2	1.05	4.845196877477226	230.0	25	1.05	0.95				
	224	1	0.0	0.0	0.0	0.0	2	1.018645765921562	-2.6379484712566295	230.0	26	1.05	0.95				
	301	2	79.43688704842106	16.18158810245614	0.0	0.0	3	0.9763646908645676	3.541060959921809	138.0	31	1.05	0.95				
	302	2	71.34609299719298	14.710534638596492	0.0	0.0	3	0.9785289645495139	3.4035067219523545	138.0	32	1.05	0.95				
	303	1	132.39481174736844	27.21448908140351	0.0	0.0	3	1.0002585470569418	9.564005044035532	138.0	31	1.05	0.95				
	304	1	54.42897816280702	11.032900978947367	0.0	0.0	3	0.9737027153802152	6.171766271481714	138.0	31	1.05	0.95				
	305	1	52.22239796701754	10.297374247017546	0.0	0.0	3	0.9847877187326108	5.829568909165974	138.0	31	1.05	0.95				
	306	1	100.03163554245616	20.59474849403509	0.0	-100.0	3	0.9974150475355559	6.26541304713715	138.0	32	1.05	0.95				
	307	2	91.94084149122807	18.388168298245613	0.0	0.0	3	0.9500000068355429	0.8848810183751445	138.0	32	1.05	0.95				
	308	1	125.77507116	25.74343561754386	0.0	0.0	3	0.9590089666417266	4.546609396731608	138.0	32	1.05	0.95				
	309	1	128.7171780877193	26.478962349473683	0.0	0.0	3	0.9989036368190686	11.605375678258493	138.0	33	1.05	0.95				
	310	1	143.42771272631578	29.421069277192984	0.0	0.0	3	1.0173484527933172	10.63121836542835	138.0	33	1.05	0.95				
	311	1	0.0	0.0	0.0	0.0	3	0.9920347165186062	18.838628432830312	230.0	33	1.05	0.95				
	312	1	0.0	0.0	0.0	0.0	3	0.9974083210583499	20.2438154238901	230.0	33	1.05	0.95				
	313	2	194.91458396140348	39.71844352421053	0.0	0.0	3	1.0259316460824772	28.568111213683583	230.0	34	1.05	0.95				
	314	2	142.69218599438597	28.68554254526316	0.0	0.0	3	1.0000868420796243	17.706845291596892	230.0	36	1.05	0.95				
	315	2	233.16197402175436	47.07371084350877	0.0	0.0	3	1.03460438879704	13.110389243010202	230.0	36	1.05	0.95				
	316	2	73.55267319298245	14.710534638596492	0.0	0.0	3	1.0339907890281024	14.86544066062311	230.0	36	1.05	0.95				
	317	1	0.0	0.0	0.0	0.0	3	1.042298175902131	14.622708666156939	230.0	37	1.05	0.95				
	318	2	244.93040173263157	50.01581777122808	0.0	0.0	3	1.0405732712082776	12.581734817966675	230.0	37	1.05	0.95				
	319	1	133.13033847929825	27.21448908140351	0.0	0.0	3	1.0295471944061048	17.069784070976095	230.0	35	1.05	0.95				
	320	1	94.14742168701754	19.12369503017544	0.0	0.0	3	1.0297269888012286	18.942958004742998	230.0	35	1.05	0.95				
	321	2	0.0	0.0	0.0	0.0	3	1.0400654128674047	13.37160348802579	230.0	37	1.05	0.95				
	322	2	0.0	0.0	0.0	0.0	3	1.05	18.183362410952128	230.0	37	1.05	0.95				
	323	2	0.0	0.0	0.0	0.0	3	1.0302465795370936	19.6622555435861	230.0	35	1.05	0.95				
	324	1	0.0	0.0	0.0	0.0	3	1.0180836722983366	13.850714887342875	230.0	36	1.05	0.95				
	325	1	0.0	0.0	0.0	0.0	3	1.0332686766732264	19.326167992951408	230.0	35	1.05	0.95				
];

%% generator data
%    bus    Pg    Qg    Qmax    Qmin    Vg    mBase    status    Pmax    Pmin    Pc1    Pc2    Qc1min    Qc1max    Qc2min    Qc2max    ramp_agc    ramp_10    ramp_30    ramp_q    apf
