%% MATPOWER Case Format : Version 2
function mpc = RTS_GMLC
mpc.version = '2';

%%-----  Power Flow Data  -----%%
%% system MVA base
mpc.baseMVA = 100.0;
%% bus data
%    bus_i    type    Pd    Qd    Gs    Bs    area    Vm    Va    baseKV    zone    Vmax    Vmin
mpc.bus = [
	101	2	55.335972277894754	11.272142501052633	0.0	0.0	1	1.0321322787029215	0.865805945072732	138.0	11	1.05	0.95				
	102	2	49.699901027368426	10.247402273684212	0.0	0.0	1	1.031718876093794	0.7182639399074758	138.0	12	1.05	0.95				
	103	1	92.2266204631579	18.957694206315793	0.0	0.0	1	1.0246717512926926	-0.7502018304415137	138.0	11	1.05	0.95				
	104	1	37.915388412631586	7.685551705263159	0.0	0.0	1	1.019396675201951	-2.3743529015777316	138.0	11	1.05	0.95				
	105	1	36.378278071578954	7.173181591578949	0.0	0.0	1	1.0341162033479134	-2.216293457105679	138.0	11	1.05	0.95				
	106	1	69.68233546105265	14.346363183157898	0.0	-100.0	1	1.042758914186385	-4.452002879384591	138.0	12	1.05	0.95				
	107	2	64.04626421052633	12.809252842105264	0.0	0.0	1	1.020087188622878	-6.456974442372966	138.0	12	1.05	0.95				
	108	1	87.61528944000001	17.93295397894737	0.0	0.0	1	1.0145175848930421	-6.719929822609703	138.0	12	1.05	0.95				
	109	1	89.66476989473685	18.445324092631584	0.0	0.0	1	1.0251752561197462	-2.825995189501628	138.0	13	1.05	0.95				
	110	1	99.91217216842107	20.494804547368425	0.0	0.0	1	1.05	-3.72126094010704	138.0	13	1.05	0.95				
	111	1	0.0	0.0	0.0	0.0	1	1.0053821593624852	-0.7868319316586374	230.0	13	1.05	0.95				
	112	1	0.0	0.0	0.0	0.0	1	1.0108200385931476	-0.29042283924184165	230.0	13	1.05	0.95				
	113	3	135.7780801263158	27.667986138947377	0.0	0.0	1	1.0011342616157854	1.5614439540586084e-29	230.0	14	1.05	0.95				
	114	2	99.39980205473685	19.98243443368421	0.0	0.0	1	1.0015058632365075	1.1342125791476387	230.0	16	1.05	0.95				
	115	2	162.42132603789477	32.79168727578948	0.0	0.0	1	1.0357285847752729	7.308391066729272	230.0	16	1.05	0.95				
	116	2	51.23701136842106	10.247402273684212	0.0	0.0	1	1.032715040776639	6.8716163848191485	230.0	16	1.05	0.95				
	117	1	0.0	0.0	0.0	0.0	1	1.038934630192946	8.952752144075491	230.0	17	1.05	0.95				
	118	2	170.61924785684212	34.84116773052632	0.0	0.0	1	1.0406458675656678	9.024514102227169	230.0	17	1.05	0.95				
	119	1	92.73899057684211	18.957694206315793	0.0	0.0	1	1.0276771279839265	5.732282678220314	230.0	15	1.05	0.95				
	120	1	65.58337455157896	13.321622955789476	0.0	0.0	1	1.0273081777156243	5.732134494866429	230.0	15	1.05	0.95				
	121	2	0.0	0.0	0.0	0.0	1	1.0439157980330533	10.269111107131689	230.0	17	1.05	0.95				
	122	2	0.0	0.0	0.0	0.0	1	1.05	16.813954201701307	230.0	17	1.05	0.95				
	123	2	0.0	0.0	0.0	0.0	1	1.0280552495113313	6.123794477149546	230.0	15	1.05	0.95				
	124	1	0.0	0.0	0.0	0.0	1	1.0213428722077618	4.296119050927784	230.0	16	1.05	0.95				
	201	2	62.71241934315789	12.774752088421051	0.0	0.0	2	1.0334136676331045	-11.75732554539103	138.0	21	1.05	0.95				
	202	2	56.325043298947364	11.613410989473682	0.0	0.0	2	1.033634000583565	-11.833918213588307	138.0	22	1.05	0.95				
	203	1	104.52069890526315	21.48481033052631	0.0	0.0	2	1.0206969019041063	-9.73637872415506	138.0	21	1.05	0.95				
	204	1	42.96962066105262	8.710058242105262	0.0	0.0	2	1.0182025066877671	-14.076680799624713	138.0	21	1.05	0.95				
	205	1	41.227609012631575	8.129387692631578	0.0	0.0	2	1.0341768159904858	-14.352587070162379	138.0	21	1.05	0.95				
	206	1	78.97119472842104	16.258775385263156	0.0	-100.0	2	1.0415879667973447	-16.361429842501014	138.0	22	1.05	0.95				
	207	2	72.58381868421051	14.516763736842103	0.0	0.0	2	0.9890044831479737	-25.140896486489062	138.0	22	1.05	0.95				
	208	1	99.29466395999998	20.323469231578944	0.0	0.0	2	0.9897850411241489	-22.364212814592907	138.0	22	1.05	0.95				
	209	1	101.61734615789473	20.904139781052628	0.0	0.0	2	1.023272342033086	-13.555544517693178	138.0	23	1.05	0.95				
	210	1	113.23075714736841	23.226821978947363	0.0	0.0	2	1.05	-15.15185614735444	138.0	23	1.05	0.95				
	211	1	0.0	0.0	0.0	0.0	2	1.0141310206925827	-10.326507494008402	230.0	23	1.05	0.95				
	212	1	0.0	0.0	0.0	0.0	2	1.0132506535922545	-9.535789660569185	230.0	23	1.05	0.95				
	213	2	153.8776956105263	31.356209671578945	0.0	0.0	2	1.0131642878108518	-9.186184058322578	230.0	24	1.05	0.95				
	214	2	112.65008659789473	22.646151429473683	0.0	0.0	2	1.022279616239773	-7.285086798420446	230.0	26	1.05	0.95				
	215	2	184.07256418315788	37.162915166315784	0.0	0.0	2	1.0336314065816747	0.8181302187114242	230.0	26	1.05	0.95				
	216	2	58.06705494736841	11.613410989473682	0.0	0.0	2	1.036456830014413	0.5762460702126021	230.0	26	1.05	0.95				
	217	1	0.0	0.0	0.0	0.0	2	1.0394674341232895	3.7151326409496024	230.0	27	1.05	0.95				
	218	2	193.36329297473682	39.48559736421052	0.0	0.0	2	1.0410569987697351	4.09620345170579	230.0	27	1.05	0.95				
	219	1	105.10136945473683	21.48481033052631	0.0	0.0	2	1.0351864342150119	-0.2550905884956469	230.0	25	1.05	0.95				
	220	1	74.32583033263157	15.097434286315789	0.0	0.0	2	1.0387342080931512	0.1306032794395585	230.0	25	1.05	0.95				
	221	2	0.0	0.0	0.0	0.0	2	1.0408214655889996	3.7640816164355697	230.0	27	1.05	0.95				
	222	2	0.0	0.0	0.0	0.0	2	1.05	10.247902392004132	230.0	27	1.05	0.95				
	223	2	0.0	0.0	0.0	0.0	2	1.0420075040751489	0.7723010504017879	230.0	25	1.05	0.95				
	224	1	0.0	0.0	0.0	0.0	2	1.0157091895831878	-3.125717832354921	230.0	26	1.05	0.95				
	301	2	42.878835814736846	8.734577665964913	0.0	0.0	3	1.0115408947696407	-7.95722149300323	138.0	31	1.05	0.95				
	302	2	38.511546981754385	7.9405251508771935	0.0	0.0	3	1.0113297158958352	-8.194871829000322	138.0	32	1.05	0.95				
	303	1	71.46472635789475	14.689971529122808	0.0	0.0	3	1.041812672400831	1.2631168440502842	138.0	31	1.05	0.95				
	304	1	29.379943058245615	5.955393863157895	0.0	0.0	3	1.012757417855932	-7.168628575207796	138.0	31	1.05	0.95				
	305	1	28.188864285614034	5.558367605614036	0.0	0.0	3	1.0259666738526065	-8.40166973363875	138.0	31	1.05	0.95				
	306	1	53.995571025964914	11.116735211228072	0.0	-100.0	3	1.042165664848795	-9.140574850003413	138.0	32	1.05	0.95				
	307	2	49.62828219298246	9.925656438596492	0.0	0.0	3	0.9912291265715666	-13.163881064661872	138.0	32	1.05	0.95				
	308	1	67.89149004000001	13.895919014035089	0.0	0.0	3	0.9996034645266147	-11.411473170285992	138.0	32	1.05	0.95				
	309	1	69.47959507017545	14.292945271578947	0.0	0.0	3	1.0256947889628973	-4.695331099963521	138.0	33	1.05	0.95				
	310	1	77.42012022105264	15.881050301754387	0.0	0.0	3	1.05	-7.565518167698066	138.0	33	1.05	0.95				
	311	1	0.0	0.0	0.0	0.0	3	1.0056045493382755	-3.1933566198445975	230.0	33	1.05	0.95				
	312	1	0.0	0.0	0.0	0.0	3	1.011156648885028	-2.6513132823758756	230.0	33	1.05	0.95				
	313	2	105.21195824912282	21.439417907368423	0.0	0.0	3	1.0082121596933085	-0.22564095261590048	230.0	34	1.05	0.95				
	314	2	77.02309396350877	15.484024044210528	0.0	0.0	3	0.9979449173397866	-2.723894157763941	230.0	36	1.05	0.95				
	315	2	125.85732364140353	25.40968048280702	0.0	0.0	3	1.0296329540679428	0.2975470487078475	230.0	36	1.05	0.95				
	316	2	39.70262575438597	7.9405251508771935	0.0	0.0	3	1.0253220399098155	0.28904845391316103	230.0	36	1.05	0.95				
	317	1	0.0	0.0	0.0	0.0	3	1.0328978749664728	1.1716796673521293	230.0	37	1.05	0.95				
	318	2	132.2097437621053	26.997785512982457	0.0	0.0	3	1.0334670019295404	1.0162743081718517	230.0	37	1.05	0.95				
	319	1	71.8617526154386	14.689971529122808	0.0	0.0	3	1.019509141254667	-0.1800139019204943	230.0	35	1.05	0.95				
	320	1	50.81936096561404	10.322682696140353	0.0	0.0	3	1.0170008322364743	0.1969065225447825	230.0	35	1.05	0.95				
	321	2	0.0	0.0	0.0	0.0	3	1.0352711793723053	1.8225613798596285	230.0	37	1.05	0.95				
	322	2	0.0	0.0	0.0	0.0	3	1.0476670465763658	5.892709270299143	230.0	37	1.05	0.95				
	323	2	0.0	0.0	0.0	0.0	3	1.0161377988064435	0.7185061507655244	230.0	35	1.05	0.95				
	324	1	0.0	0.0	0.0	0.0	3	1.0306234529985383	0.6631508556863975	230.0	36	1.05	0.95				
	325	1	0.0	0.0	0.0	0.0	3	1.0165661014874354	1.544225608201381	230.0	35	1.05	0.95				
];
