%% MATPOWER Case Format : Version 2
function mpc = RTS_GMLC
mpc.version = '2';

%%-----  Power Flow Data  -----%%
%% system MVA base
mpc.baseMVA = 100.0;
%% bus data
%    bus_i    type    Pd    Qd    Gs    Bs    area    Vm    Va    baseKV    zone    Vmax    Vmin
mpc.bus = [
	101	2	69.48391884631579	14.154131616842106	0.0	0.0	1	1.0313924229672653	0.49310225345047837	138.0	11	1.05	0.95				
	102	2	62.40685303789474	12.86739237894737	0.0	0.0	1	1.0314363182950563	0.44743071206551555	138.0	12	1.05	0.95				
	103	1	115.80653141052633	23.804675901052633	0.0	0.0	1	1.0228298891359409	-0.8326757059173772	138.0	11	1.05	0.95				
	104	1	47.609351802105266	9.650544284210525	0.0	0.0	1	1.0173739883456976	-2.723545223926033	138.0	11	1.05	0.95				
	105	1	45.679242945263155	9.00717466526316	0.0	0.0	1	1.0319734332425743	-2.6630726554561486	138.0	11	1.05	0.95				
	106	1	87.4982681768421	18.01434933052632	0.0	-100.0	1	1.0388704905141208	-5.017025067317154	138.0	12	1.05	0.95				
	107	2	80.42120236842105	16.08424047368421	0.0	0.0	1	1.0480665120807162	-1.663984850490061	138.0	12	1.05	0.95				
	108	1	110.01620484000001	22.517936663157894	0.0	0.0	1	1.0275328248276259	-4.323963436737176	138.0	12	1.05	0.95				
	109	1	112.58968331578947	23.16130628210526	0.0	0.0	1	1.0263822908672626	-2.7103122411268994	138.0	13	1.05	0.95				
	110	1	125.45707569473686	25.73478475789474	0.0	0.0	1	1.05	-3.8270376201507514	138.0	13	1.05	0.95				
	111	1	0.0	0.0	0.0	0.0	1	1.0097314639660013	-0.6016182057579418	230.0	13	1.05	0.95				
	112	1	0.0	0.0	0.0	0.0	1	1.0138410445677624	0.18173015820586647	230.0	13	1.05	0.95				
	113	3	170.49294902105262	34.741959423157894	0.0	0.0	1	1.006862823713006	-1.0726214233610865e-27	230.0	14	1.05	0.95				
	114	2	124.81370607578948	25.09141513894737	0.0	0.0	1	1.009026452293574	1.6263332458606032	230.0	16	1.05	0.95				
	115	2	203.94816920631578	41.17565561263158	0.0	0.0	1	1.0430802914109885	8.844080758182535	230.0	16	1.05	0.95				
	116	2	64.33696189473685	12.86739237894737	0.0	0.0	1	1.0407498539774054	8.59329569339459	230.0	16	1.05	0.95				
	117	1	0.0	0.0	0.0	0.0	1	1.0462733340831039	11.173477811913587	230.0	17	1.05	0.95				
	118	2	214.2420831094737	43.74913408842105	0.0	0.0	1	1.0486936160710907	11.63353544382909	230.0	17	1.05	0.95				
	119	1	116.44990102947371	23.804675901052633	0.0	0.0	1	1.035593235008122	7.539884117637518	230.0	15	1.05	0.95				
	120	1	82.35131122526316	16.727610092631583	0.0	0.0	1	1.0365508905345482	7.846314406661823	230.0	15	1.05	0.95				
	121	2	0.0	0.0	0.0	0.0	1	1.05	11.946330304905096	230.0	17	1.05	0.95				
	122	2	0.0	0.0	0.0	0.0	1	1.05	18.182718834852228	230.0	17	1.05	0.95				
	123	2	0.0	0.0	0.0	0.0	1	1.0386829522358885	8.494051075259218	230.0	15	1.05	0.95				
	124	1	0.0	0.0	0.0	0.0	1	1.0233652428132336	5.256325307850696	230.0	16	1.05	0.95				
	201	2	79.5762631705263	16.20997953473684	0.0	0.0	2	1.0402184703724524	-10.679213559172753	138.0	21	1.05	0.95				
	202	2	71.47127340315788	14.736345031578946	0.0	0.0	2	1.0402231256317085	-10.838099416050428	138.0	22	1.05	0.95				
	203	1	132.6271052842105	27.26223830842105	0.0	0.0	2	1.0258641714652739	-7.276485868528821	138.0	21	1.05	0.95				
	204	1	54.5244766168421	11.052258773684208	0.0	0.0	2	1.019046449974784	-12.704564594699438	138.0	21	1.05	0.95				
	205	1	52.314024862105256	10.315441522105264	0.0	0.0	2	1.0356365921722877	-13.113838524106207	138.0	21	1.05	0.95				
	206	1	100.20714621473684	20.630883044210528	0.0	-100.0	2	1.0387755380396277	-15.186231827263224	138.0	22	1.05	0.95				
	207	2	92.10215644736842	18.420431289473683	0.0	0.0	2	0.9618361672237214	-26.28695233174452	138.0	22	1.05	0.95				
	208	1	125.99575001999999	25.788603805263154	0.0	0.0	2	0.9662194445131437	-22.619812835045668	138.0	22	1.05	0.95				
	209	1	128.94301902631577	26.525421056842102	0.0	0.0	2	1.024929634973882	-11.26081276340573	138.0	23	1.05	0.95				
	210	1	143.67936405789473	29.47269006315789	0.0	0.0	2	1.05	-13.280029743988228	138.0	23	1.05	0.95				
	211	1	0.0	0.0	0.0	0.0	2	1.026795656931352	-6.6395150799468095	230.0	23	1.05	0.95				
	212	1	0.0	0.0	0.0	0.0	2	1.0210008273263163	-5.5590205171132965	230.0	23	1.05	0.95				
	213	2	195.25657166842103	39.78813158526315	0.0	0.0	2	1.0378255269270433	-3.3553706861922663	230.0	24	1.05	0.95				
	214	2	142.94254680631576	28.735872811578943	0.0	0.0	2	1.0426013624718051	-4.058607240794229	230.0	26	1.05	0.95				
	215	2	233.57106875052628	47.156304101052626	0.0	0.0	2	1.043110835156059	4.152263848286419	230.0	26	1.05	0.95				
	216	2	73.68172515789473	14.736345031578946	0.0	0.0	2	1.0473933487351013	4.134997088167605	230.0	26	1.05	0.95				
	217	1	0.0	0.0	0.0	0.0	2	1.0483299536874213	7.541698468007661	230.0	27	1.05	0.95				
	218	2	245.36014477578948	50.10357310736842	0.0	0.0	2	1.0499831494064078	8.266584291910153	230.0	27	1.05	0.95				
	219	1	133.36392253578947	27.26223830842105	0.0	0.0	2	1.0433577375961869	3.38950874866777	230.0	25	1.05	0.95				
	220	1	94.31260820210525	19.15724854105263	0.0	0.0	2	1.0462544521512276	4.119596597152414	230.0	25	1.05	0.95				
	221	2	0.0	0.0	0.0	0.0	2	1.05	8.618013263845869	230.0	27	1.05	0.95				
	222	2	0.0	0.0	0.0	0.0	2	1.05	14.707528700587007	230.0	27	1.05	0.95				
	223	2	0.0	0.0	0.0	0.0	2	1.05	5.055328620310534	230.0	25	1.05	0.95				
	224	1	0.0	0.0	0.0	0.0	2	1.0223442945158447	-0.10255508732460096	230.0	26	1.05	0.95				
	301	2	67.564062	13.763049666666666	0.0	0.0	3	1.012255973597674	-22.424200343084003	138.0	31	1.05	0.95				
	302	2	60.68253716666666	12.511863333333334	0.0	0.0	3	1.0110177526471673	-22.74015616516674	138.0	32	1.05	0.95				
	303	1	112.60676999999998	23.146947166666664	0.0	0.0	3	1.0199580765897565	-16.538430206174628	138.0	31	1.05	0.95				
	304	1	46.29389433333333	9.3838975	0.0	0.0	3	1.0082001050629277	-21.43570872689378	138.0	31	1.05	0.95				
	305	1	44.41711483333333	8.758304333333333	0.0	0.0	3	1.0227952832668161	-22.124534086227907	138.0	31	1.05	0.95				
	306	1	85.08067066666666	17.516608666666666	0.0	-100.0	3	1.0353557644319034	-22.66297270273619	138.0	32	1.05	0.95				
	307	2	78.19914583333333	15.639829166666667	0.0	0.0	3	1.004718095682473	-24.656421806220866	138.0	32	1.05	0.95				
	308	1	106.9764315	21.89576083333333	0.0	0.0	3	1.0015345045663486	-24.15520584671895	138.0	32	1.05	0.95				
	309	1	109.47880416666666	22.521354	0.0	0.0	3	1.0269852127936843	-17.81077646429755	138.0	33	1.05	0.95				
	310	1	121.99066749999999	25.02372666666667	0.0	0.0	3	1.05	-19.81801867750249	138.0	33	1.05	0.95				
	311	1	0.0	0.0	0.0	0.0	3	1.0180893533063344	-12.803998271236646	230.0	33	1.05	0.95				
	312	1	0.0	0.0	0.0	0.0	3	1.017428517015537	-12.121554467762053	230.0	33	1.05	0.95				
	313	2	165.78218916666665	33.782031	0.0	0.0	3	1.0265053593097087	-8.729444491017274	230.0	34	1.05	0.95				
	314	2	121.36507433333333	24.3981335	0.0	0.0	3	1.0285018283690601	-10.418023761938677	230.0	36	1.05	0.95				
	315	2	198.31303383333332	40.037962666666665	0.0	0.0	3	1.048574490098899	-3.2670924659963045	230.0	36	1.05	0.95				
	316	2	62.55931666666667	12.511863333333334	0.0	0.0	3	1.04746067564664	-3.2772108001660323	230.0	36	1.05	0.95				
	317	1	0.0	0.0	0.0	0.0	3	1.0484304693557196	-1.0068286186314928	230.0	37	1.05	0.95				
	318	2	208.3225245	42.54033533333333	0.0	0.0	3	1.0483539624690366	-0.6498745912578254	230.0	37	1.05	0.95				
	319	1	113.23236316666667	23.146947166666664	0.0	0.0	3	1.0430663553119173	-4.460723241332909	230.0	35	1.05	0.95				
	320	1	80.07592533333333	16.265422333333333	0.0	0.0	3	1.0444554472555518	-4.317125612149084	230.0	35	1.05	0.95				
	321	2	0.0	0.0	0.0	0.0	3	1.05	0.3902316578744899	230.0	37	1.05	0.95				
	322	2	0.0	0.0	0.0	0.0	3	1.05	5.6174336875601805	230.0	37	1.05	0.95				
	323	2	0.0	0.0	0.0	0.0	3	1.0466655738120731	-3.778836686087465	230.0	35	1.05	0.95				
	324	1	0.0	0.0	0.0	0.0	3	1.0209688393657421	-8.159873109892885	230.0	36	1.05	0.95				
	325	1	0.0	0.0	0.0	0.0	3	1.0420876578636284	-2.485249417921877	230.0	35	1.05	0.95				
];
