%% MATPOWER Case Format : Version 2
function mpc = RTS_GMLC
mpc.version = '2';

%%-----  Power Flow Data  -----%%
%% system MVA base
mpc.baseMVA = 100.0;
%% bus data
%    bus_i    type    Pd    Qd    Gs    Bs    area    Vm    Va    baseKV    zone    Vmax    Vmin
mpc.bus = [
	101	2	96.33696188210527	19.624195938947366	0.0	0.0	1	1.0364188394517428	-3.9015215047647787	138.0	11	1.05	0.95				
	102	2	86.52486391263157	17.840178126315788	0.0	0.0	1	1.036301454408702	-4.052881172233031	138.0	12	1.05	0.95				
	103	1	160.5616031368421	33.004329533684206	0.0	0.0	1	1.0056375338783756	-1.851417513495663	138.0	11	1.05	0.95				
	104	1	66.00865906736841	13.38013359473684	0.0	0.0	1	1.0142708743913207	-6.729473205829928	138.0	11	1.05	0.95				
	105	1	63.33263234842105	12.488124688421054	0.0	0.0	1	1.0311724220922327	-7.143524203962381	138.0	11	1.05	0.95				
	106	1	121.31321125894736	24.97624937684211	0.0	-100.0	1	1.0327095031270415	-9.778168633387185	138.0	12	1.05	0.95				
	107	2	111.50111328947368	22.300222657894736	0.0	0.0	1	1.05	-8.662137640143055	138.0	12	1.05	0.95				
	108	1	152.53352298	31.220311721052628	0.0	0.0	1	1.0205571620069307	-10.549308292044431	138.0	12	1.05	0.95				
	109	1	156.10155860526316	32.11232062736842	0.0	0.0	1	1.0241408485261378	-5.581390065448591	138.0	13	1.05	0.95				
	110	1	173.94173673157894	35.680356252631576	0.0	0.0	1	1.05	-7.6286596146470815	138.0	13	1.05	0.95				
	111	1	0.0	0.0	0.0	0.0	1	1.0223602350125298	-1.3493636323567375	230.0	13	1.05	0.95				
	112	1	0.0	0.0	0.0	0.0	1	1.019788923271085	-1.2670783602851452	230.0	13	1.05	0.95				
	113	3	236.38236017368422	48.168480941052636	0.0	0.0	1	1.028187064413921	-1.3374149104849566e-28	230.0	14	1.05	0.95				
	114	2	173.04972782526315	34.78834734631579	0.0	0.0	1	1.037401527954098	2.606707547218466	230.0	16	1.05	0.95				
	115	2	282.76682330210525	57.088570004210524	0.0	0.0	1	1.0329583116314591	15.433925628401347	230.0	16	1.05	0.95				
	116	2	89.20089063157894	17.840178126315788	0.0	0.0	1	1.034180139698093	13.892748334845171	230.0	16	1.05	0.95				
	117	1	0.0	0.0	0.0	0.0	1	1.0382894160323517	20.427398004276746	230.0	17	1.05	0.95				
	118	2	297.0389658031579	60.65660562947368	0.0	0.0	1	1.05	21.316722946650497	230.0	17	1.05	0.95				
	119	1	161.4536120431579	33.004329533684206	0.0	0.0	1	1.0316576229140764	10.066109057534083	230.0	15	1.05	0.95				
	120	1	114.17714000842105	23.192231564210527	0.0	0.0	1	1.0402849583331155	8.453469417474524	230.0	15	1.05	0.95				
	121	2	0.0	0.0	0.0	0.0	1	1.05	22.64705516802565	230.0	17	1.05	0.95				
	122	2	0.0	0.0	0.0	0.0	1	1.05	40.17940347006196	230.0	17	1.05	0.95				
	123	2	0.0	0.0	0.0	0.0	1	1.0477135816347627	8.228919369257428	230.0	15	1.05	0.95				
	124	1	0.0	0.0	0.0	0.0	1	0.9998257266822019	9.050687617142692	230.0	16	1.05	0.95				
	201	2	91.30615457684212	18.599401858245614	0.0	0.0	2	1.05	-18.375822734183366	138.0	21	1.05	0.95				
	202	2	82.0064536477193	16.90854714385965	0.0	0.0	2	1.05	-18.503674449660824	138.0	22	1.05	0.95				
	203	1	152.17692429473684	31.28081221614035	0.0	0.0	2	1.023452782664337	-13.12645291762681	138.0	21	1.05	0.95				
	204	1	62.5616244322807	12.681410357894737	0.0	0.0	2	1.0199323671398461	-19.589143140997503	138.0	21	1.05	0.95				
	205	1	60.02534236070175	11.835983000701756	0.0	0.0	2	1.0384005696945307	-20.2254889615356	138.0	21	1.05	0.95				
	206	1	114.97812057824561	23.67196600140351	0.0	-100.0	2	1.03671090950286	-22.070545732542122	138.0	22	1.05	0.95				
	207	2	105.67841964912282	21.135683929824562	0.0	0.0	2	0.95	-32.582157065317105	138.0	22	1.05	0.95				
	208	1	144.56807808000002	29.589957501754384	0.0	0.0	2	0.9544405823881986	-29.179599341544396	138.0	22	1.05	0.95				
	209	1	147.94978750877192	30.435384858947366	0.0	0.0	2	1.022663722868715	-17.067375482724493	138.0	23	1.05	0.95				
	210	1	164.85833465263158	33.8170942877193	0.0	0.0	2	1.048135812705039	-19.475088057133117	138.0	23	1.05	0.95				
	211	1	0.0	0.0	0.0	0.0	2	1.030759062132527	-11.610228938440406	230.0	23	1.05	0.95				
	212	1	0.0	0.0	0.0	0.0	2	1.0193548394324008	-10.083786102610393	230.0	23	1.05	0.95				
	213	2	224.03824965614035	45.65307728842106	0.0	0.0	2	1.05	-8.166220930004275	230.0	24	1.05	0.95				
	214	2	164.0129072954386	32.97166693052632	0.0	0.0	2	1.05	-8.280537922496183	230.0	26	1.05	0.95				
	215	2	268.00047223017543	54.10735086035088	0.0	0.0	2	1.0439886829103322	1.758049475010663	230.0	26	1.05	0.95				
	216	2	84.54273571929825	16.90854714385965	0.0	0.0	2	1.047658310253286	1.688448579692711	230.0	26	1.05	0.95				
	217	1	0.0	0.0	0.0	0.0	2	1.0491756758035469	5.32384762234848	230.0	27	1.05	0.95				
	218	2	281.5273099452632	57.489060289122804	0.0	0.0	2	1.05	5.817912435075665	230.0	27	1.05	0.95				
	219	1	153.02235165192982	31.28081221614035	0.0	0.0	2	1.0422255878812483	1.5148365452393995	230.0	25	1.05	0.95				
	220	1	108.21470172070175	21.981111287017544	0.0	0.0	2	1.045282346383043	2.946201384032065	230.0	25	1.05	0.95				
	221	2	0.0	0.0	0.0	0.0	2	1.05	6.198665520946397	230.0	27	1.05	0.95				
	222	2	0.0	0.0	0.0	0.0	2	1.05	12.367486764783012	230.0	27	1.05	0.95				
	223	2	0.0	0.0	0.0	0.0	2	1.05	4.342872397031683	230.0	25	1.05	0.95				
	224	1	0.0	0.0	0.0	0.0	2	1.0170434549175698	-3.7716815812387603	230.0	26	1.05	0.95				
	301	2	74.31192659368422	15.137614676491228	0.0	0.0	3	1.038206748777186	6.564928444366935	138.0	31	1.05	0.95				
	302	2	66.7431192554386	13.7614678877193	0.0	0.0	3	1.0353116169938568	6.170887669186488	138.0	32	1.05	0.95				
	303	1	123.85321098947368	25.4587155922807	0.0	0.0	3	1.05	24.098421471330788	138.0	31	1.05	0.95				
	304	1	50.9174311845614	10.321100915789474	0.0	0.0	3	1.0081669038728671	8.262182212259582	138.0	31	1.05	0.95				
	305	1	48.85321100140351	9.63302752140351	0.0	0.0	3	1.0298668771769366	6.098894612518492	138.0	31	1.05	0.95				
	306	1	93.57798163649123	19.26605504280702	0.0	-100.0	3	1.0306846481146157	5.06664843829372	138.0	32	1.05	0.95				
	307	2	86.00917429824561	17.201834859649125	0.0	0.0	3	0.9617347631882094	5.629774450448029	138.0	32	1.05	0.95				
	308	1	117.66055044000001	24.08256880350877	0.0	0.0	3	0.9690074363502622	5.437267197038991	138.0	32	1.05	0.95				
	309	1	120.41284401754386	24.770642197894738	0.0	0.0	3	1.010824367875288	12.888901180441595	138.0	33	1.05	0.95				
	310	1	134.17431190526315	27.5229357754386	0.0	0.0	3	1.0387293100127328	7.832375338769799	138.0	33	1.05	0.95				
	311	1	0.0	0.0	0.0	0.0	3	0.9977119093063829	13.46093031444046	230.0	33	1.05	0.95				
	312	1	0.0	0.0	0.0	0.0	3	1.002455139499198	14.02158969237974	230.0	33	1.05	0.95				
	313	2	182.33944951228068	37.15596329684211	0.0	0.0	3	0.9993802347398346	16.566940362002747	230.0	34	1.05	0.95				
	314	2	133.4862385108772	26.83486238105263	0.0	0.0	3	0.996973035402155	13.951628398663338	230.0	36	1.05	0.95				
	315	2	218.1192660203509	44.036697240701756	0.0	0.0	3	1.05	15.947997144903209	230.0	36	1.05	0.95				
	316	2	68.8073394385965	13.7614678877193	0.0	0.0	3	1.0395053877135991	16.161607527704504	230.0	36	1.05	0.95				
	317	1	0.0	0.0	0.0	0.0	3	1.05	18.68288790305327	230.0	37	1.05	0.95				
	318	2	229.1284403305263	46.788990818245615	0.0	0.0	3	1.04655619937976	16.059528867207337	230.0	37	1.05	0.95				
	319	1	124.54128438385965	25.4587155922807	0.0	0.0	3	1.026128572453342	15.607056506745296	230.0	35	1.05	0.95				
	320	1	88.07339448140351	17.889908254035088	0.0	0.0	3	1.0188803934088104	15.779148303184003	230.0	35	1.05	0.95				
	321	2	0.0	0.0	0.0	0.0	3	1.049599385994081	16.646431523441656	230.0	37	1.05	0.95				
	322	2	0.0	0.0	0.0	0.0	3	1.05	21.793298451098654	230.0	37	1.05	0.95				
	323	2	0.0	0.0	0.0	0.0	3	1.0163703973309242	16.261758568828075	230.0	35	1.05	0.95				
	324	1	0.0	0.0	0.0	0.0	3	1.048762853381108	20.064536224705694	230.0	36	1.05	0.95				
	325	1	0.0	0.0	0.0	0.0	3	1.0184372783131919	16.82695680199891	230.0	35	1.05	0.95				
];

%% generator data
%    bus    Pg    Qg    Qmax    Qmin    Vg    mBase    status    Pmax    Pmin    Pc1    Pc2    Qc1min    Qc1max    Qc2min    Qc2max    ramp_agc    ramp_10    ramp_30    ramp_q    apf
