%% MATPOWER Case Format : Version 2
function mpc = RTS_GMLC
mpc.version = '2';

%%-----  Power Flow Data  -----%%
%% system MVA base
mpc.baseMVA = 100.0;
%% bus data
%    bus_i    type    Pd    Qd    Gs    Bs    area    Vm    Va    baseKV    zone    Vmax    Vmin
mpc.bus = [
	101	2	92.58287976	18.85947550666667	0.0	0.0	1	1.0332727986177506	-5.726034866854442	138.0	11	1.05	0.95				
	102	2	83.15314200666666	17.144977733333334	0.0	0.0	1	1.0332264492382768	-5.796932405797352	138.0	12	1.05	0.95				
	103	1	154.3047996	31.718208806666663	0.0	0.0	1	1.0145261509921328	-5.075522765211126	138.0	11	1.05	0.95				
	104	1	63.436417613333326	12.858733299999999	0.0	0.0	1	1.0143672634606768	-8.100871054219562	138.0	11	1.05	0.95				
	105	1	60.86467095333333	12.001484413333333	0.0	0.0	1	1.0303618871224647	-8.274603939177425	138.0	11	1.05	0.95				
	106	1	116.58584858666667	24.002968826666667	0.0	-100.0	1	1.0333652576685346	-10.481127781227364	138.0	12	1.05	0.95				
	107	2	107.15611083333334	21.431222166666668	0.0	0.0	1	1.05	-5.292907065087639	138.0	12	1.05	0.95				
	108	1	146.58955962	30.00371103333333	0.0	0.0	1	1.022208593302079	-8.796518806127958	138.0	12	1.05	0.95				
	109	1	150.01855516666666	30.86095992	0.0	0.0	1	1.0268083532787287	-6.5131266100753855	138.0	13	1.05	0.95				
	110	1	167.16353289999998	34.28995546666667	0.0	0.0	1	1.05	-8.150818347894864	138.0	13	1.05	0.95				
	111	1	0.0	0.0	0.0	0.0	1	1.020409281401647	-2.7100460195127725	230.0	13	1.05	0.95				
	112	1	0.0	0.0	0.0	0.0	1	1.01936146742556	-1.5628709551769655	230.0	13	1.05	0.95				
	113	3	227.17095496666664	46.29143988	0.0	0.0	1	1.026835021830801	-7.916082299556605e-30	230.0	14	1.05	0.95				
	114	2	166.3062840133333	33.43270658	0.0	0.0	1	1.0287533096665187	-0.5086301240679307	230.0	16	1.05	0.95				
	115	2	271.7478970733333	54.863928746666666	0.0	0.0	1	1.0433806653530031	8.138243678080945	230.0	16	1.05	0.95				
	116	2	85.72488866666667	17.144977733333334	0.0	0.0	1	1.0448297420387607	7.847133044454841	230.0	16	1.05	0.95				
	117	1	0.0	0.0	0.0	0.0	1	1.0470273165840733	11.442295888746514	230.0	17	1.05	0.95				
	118	2	285.46387926	58.292924293333336	0.0	0.0	1	1.05	11.92837329553438	230.0	17	1.05	0.95				
	119	1	155.16204848666666	31.718208806666663	0.0	0.0	1	1.0406534180868314	6.720762170019645	230.0	15	1.05	0.95				
	120	1	109.72785749333333	22.288471053333332	0.0	0.0	1	1.044944149923199	7.349796523952116	230.0	15	1.05	0.95				
	121	2	0.0	0.0	0.0	0.0	1	1.05	12.765984650672094	230.0	17	1.05	0.95				
	122	2	0.0	0.0	0.0	0.0	1	1.05	22.43089027525333	230.0	17	1.05	0.95				
	123	2	0.0	0.0	0.0	0.0	1	1.05	8.315620618019281	230.0	15	1.05	0.95				
	124	1	0.0	0.0	0.0	0.0	1	1.0158529232846982	3.268541051708867	230.0	16	1.05	0.95				
	201	2	92.73414133894737	18.890288050526316	0.0	0.0	2	1.05	-12.726553771619608	138.0	21	1.05	0.95				
	202	2	83.2889973136842	17.172989136842105	0.0	0.0	2	1.05	-12.766682891753447	138.0	22	1.05	0.95				
	203	1	154.55690223157893	31.77002990315789	0.0	0.0	2	1.0250626054824215	-9.381544400880822	138.0	21	1.05	0.95				
	204	1	63.54005980631578	12.879741852631579	0.0	0.0	2	1.020379593272487	-14.586446987044646	138.0	21	1.05	0.95				
	205	1	60.96411143578947	12.021092395789475	0.0	0.0	2	1.0381036806441744	-15.05361786336619	138.0	21	1.05	0.95				
	206	1	116.77632613052633	24.04218479157895	0.0	-100.0	2	1.036108702639577	-17.15122989267243	138.0	22	1.05	0.95				
	207	2	107.33118210526315	21.46623642105263	0.0	0.0	2	0.95	-27.95601294753242	138.0	22	1.05	0.95				
	208	1	146.82905712000002	30.05273098947368	0.0	0.0	2	0.9543213531346354	-24.617872152694872	138.0	22	1.05	0.95				
	209	1	150.26365494736842	30.91138044631579	0.0	0.0	2	1.0238101437143938	-12.632977536554053	138.0	23	1.05	0.95				
	210	1	167.43664408421054	34.34597827368421	0.0	0.0	2	1.0481364954498853	-14.756335833319143	138.0	23	1.05	0.95				
	211	1	0.0	0.0	0.0	0.0	2	1.0308928760480585	-7.084742751648487	230.0	23	1.05	0.95				
	212	1	0.0	0.0	0.0	0.0	2	1.0218711364273871	-5.693736424867314	230.0	23	1.05	0.95				
	213	2	227.5421060631579	46.367070669473684	0.0	0.0	2	1.05	-2.549592230356926	230.0	24	1.05	0.95				
	214	2	166.5779946273684	33.4873288168421	0.0	0.0	2	1.05	-4.753029380432463	230.0	26	1.05	0.95				
	215	2	272.1918778189474	54.95356523789474	0.0	0.0	2	1.0451607226918795	3.9766145335504546	230.0	26	1.05	0.95				
	216	2	85.86494568421053	17.172989136842105	0.0	0.0	2	1.0490719624168068	3.864049130877523	230.0	26	1.05	0.95				
	217	1	0.0	0.0	0.0	0.0	2	1.0499744173727137	7.248375484831794	230.0	27	1.05	0.95				
	218	2	285.93026912842106	58.388163065263164	0.0	0.0	2	1.05	7.9267985609315685	230.0	27	1.05	0.95				
	219	1	155.41555168842106	31.77002990315789	0.0	0.0	2	1.0430179312025605	3.3462127537732638	230.0	25	1.05	0.95				
	220	1	109.90713047578949	22.324885877894737	0.0	0.0	2	1.045625079429155	4.499911812990617	230.0	25	1.05	0.95				
	221	2	0.0	0.0	0.0	0.0	2	1.05	8.50272902406482	230.0	27	1.05	0.95				
	222	2	0.0	0.0	0.0	0.0	2	1.05	14.522521046247466	230.0	27	1.05	0.95				
	223	2	0.0	0.0	0.0	0.0	2	1.05	5.754706653688173	230.0	25	1.05	0.95				
	224	1	0.0	0.0	0.0	0.0	2	1.02064780027181	-0.9867174552830681	230.0	26	1.05	0.95				
	301	2	86.78266370526316	17.677950014035087	0.0	0.0	3	1.023267546513248	-21.11371413513307	138.0	31	1.05	0.95				
	302	2	77.94368869824561	16.070863649122806	0.0	0.0	3	1.021384888787169	-21.617921321135984	138.0	32	1.05	0.95				
	303	1	144.63777284210525	29.73109775087719	0.0	0.0	3	1.0238817876840633	-12.930047730310351	138.0	31	1.05	0.95				
	304	1	59.46219550175438	12.053147736842105	0.0	0.0	3	1.0094356679339243	-20.287177334479	138.0	31	1.05	0.95				
	305	1	57.051565954385964	11.249604554385966	0.0	0.0	3	1.0259295323891102	-21.179459930152223	138.0	31	1.05	0.95				
	306	1	109.2818728140351	22.499209108771932	0.0	-100.0	3	1.03251482510742	-22.100213697668586	138.0	32	1.05	0.95				
	307	2	100.44289780701754	20.088579561403506	0.0	0.0	3	1.0046704911800979	-24.74149557526423	138.0	32	1.05	0.95				
	308	1	137.4058842	28.12401138596491	0.0	0.0	3	0.995311857665516	-24.134510681418025	138.0	32	1.05	0.95				
	309	1	140.62005692982456	28.927554568421048	0.0	0.0	3	1.0279277489728087	-15.918289302467533	138.0	33	1.05	0.95				
	310	1	156.69092057894736	32.14172729824561	0.0	0.0	3	1.05	-18.682426370515174	138.0	33	1.05	0.95				
	311	1	0.0	0.0	0.0	0.0	3	1.0290842277125527	-10.518672319247727	230.0	33	1.05	0.95				
	312	1	0.0	0.0	0.0	0.0	3	1.0206673971514093	-9.115446475017734	230.0	33	1.05	0.95				
	313	2	212.93894335087717	43.39133185263158	0.0	0.0	3	1.0453705613831337	-5.878480882313671	230.0	34	1.05	0.95				
	314	2	155.88737739649122	31.338184115789474	0.0	0.0	3	1.0469992016184368	-8.043261538019157	230.0	36	1.05	0.95				
	315	2	254.72318883859649	51.42676367719298	0.0	0.0	3	1.0499999977307302	0.5128264599646472	230.0	36	1.05	0.95				
	316	2	80.35431824561402	16.070863649122806	0.0	0.0	3	1.0499999898610453	0.4087209129727398	230.0	36	1.05	0.95				
	317	1	0.0	0.0	0.0	0.0	3	1.049596979123807	3.5016950090252594	230.0	37	1.05	0.95				
	318	2	267.57987975789473	54.64093640701755	0.0	0.0	3	1.0482276088525033	3.842070760186823	230.0	37	1.05	0.95				
	319	1	145.44131602456142	29.73109775087719	0.0	0.0	3	1.0440649396701822	0.14405994251575352	230.0	35	1.05	0.95				
	320	1	102.85352735438596	20.892122743859648	0.0	0.0	3	1.0461299878056685	1.4141081589651994	230.0	35	1.05	0.95				
	321	2	0.0	0.0	0.0	0.0	3	1.05	4.647879619807981	230.0	37	1.05	0.95				
	322	2	0.0	0.0	0.0	0.0	3	1.05	9.974121827746876	230.0	37	1.05	0.95				
	323	2	0.0	0.0	0.0	0.0	3	1.05	2.693773195441606	230.0	35	1.05	0.95				
	324	1	0.0	0.0	0.0	0.0	3	1.0230504434364247	-4.455141416749386	230.0	36	1.05	0.95				
	325	1	0.0	0.0	0.0	0.0	3	1.0478885963441762	3.52732308902018	230.0	35	1.05	0.95				
];

%% generator data
%    bus    Pg    Qg    Qmax    Qmin    Vg    mBase    status    Pmax    Pmin    Pc1    Pc2    Qc1min    Qc1max    Qc2min    Qc2max    ramp_agc    ramp_10    ramp_30    ramp_q    apf
