%% MATPOWER Case Format : Version 2
function mpc = RTS_GMLC
mpc.version = '2';

%%-----  Power Flow Data  -----%%
%% system MVA base
mpc.baseMVA = 100.0;
%% bus data
%    bus_i    type    Pd    Qd    Gs    Bs    area    Vm    Va    baseKV    zone    Vmax    Vmin
mpc.bus = [
	101	2	84.67392380210526	17.248391885614033	0.0	0.0	1	1.0448424496379551	0.5734174297344964	138.0	11	1.05	0.95				
	102	2	76.04972785929824	15.680356259649123	0.0	0.0	1	1.044731391368136	0.44433090912102186	138.0	12	1.05	0.95				
	103	1	141.1232063368421	29.008659080350874	0.0	0.0	1	1.026310144124347	-0.9607873565709381	138.0	11	1.05	0.95				
	104	1	58.01731816070175	11.76026719473684	0.0	0.0	1	1.0230669625047943	-3.2666049286376375	138.0	11	1.05	0.95				
	105	1	55.66526472175438	10.976249381754387	0.0	0.0	1	1.0361504146363925	-3.654243110991733	138.0	11	1.05	0.95				
	106	1	106.62642256561404	21.952498763508775	0.0	-100.0	1	1.0372077385457406	-6.744230259210688	138.0	12	1.05	0.95				
	107	2	98.00222662280702	19.600445324561402	0.0	0.0	1	1.05	-5.459720563370385	138.0	12	1.05	0.95				
	108	1	134.06704602	27.44062345438596	0.0	0.0	1	1.0247164909242383	-7.587289838195241	138.0	12	1.05	0.95				
	109	1	137.2031172719298	28.224641267368415	0.0	0.0	1	1.027235743770064	-4.04139692479016	138.0	13	1.05	0.95				
	110	1	152.88347353157894	31.360712519298247	0.0	0.0	1	1.05	-5.530537219485295	138.0	13	1.05	0.95				
	111	1	0.0	0.0	0.0	0.0	1	1.0133996397071106	-1.6045984533194293	230.0	13	1.05	0.95				
	112	1	0.0	0.0	0.0	0.0	1	1.0168406321336982	-0.8624135207831053	230.0	13	1.05	0.95				
	113	3	207.76472044035086	42.33696190105263	0.0	0.0	1	1.0145991461644408	6.873124550735061e-29	230.0	14	1.05	0.95				
	114	2	152.0994557185965	30.576694706315788	0.0	0.0	1	1.0139148775865492	0.22969672390360302	230.0	16	1.05	0.95				
	115	2	248.53364671543855	50.17714003087719	0.0	0.0	1	1.0444296456128404	8.396435827957283	230.0	16	1.05	0.95				
	116	2	78.40178129824561	15.680356259649123	0.0	0.0	1	1.041981724061446	7.55807145858609	230.0	16	1.05	0.95				
	117	1	0.0	0.0	0.0	0.0	1	1.0455202274912767	10.557683664590673	230.0	17	1.05	0.95				
	118	2	261.07793172315786	53.31321128280702	0.0	0.0	1	1.0474685189491282	11.081143607310572	230.0	17	1.05	0.95				
	119	1	141.90722414982454	29.008659080350874	0.0	0.0	1	1.035518571772428	6.056836621711774	230.0	15	1.05	0.95				
	120	1	100.35428006175438	20.38446313754386	0.0	0.0	1	1.036418865444114	5.91436658665657	230.0	15	1.05	0.95				
	121	2	0.0	0.0	0.0	0.0	1	1.05	12.892171301703096	230.0	17	1.05	0.95				
	122	2	0.0	0.0	0.0	0.0	1	1.05	18.810910896307206	230.0	17	1.05	0.95				
	123	2	0.0	0.0	0.0	0.0	1	1.0390860130321675	6.417964389342731	230.0	15	1.05	0.95				
	124	1	0.0	0.0	0.0	0.0	1	1.0258690663877799	4.920424113383762	230.0	16	1.05	0.95				
	201	2	89.7251692168421	18.27734928491228	0.0	0.0	2	1.040586910354405	-14.755499423000554	138.0	21	1.05	0.95				
	202	2	80.58649457438595	16.61577207719298	0.0	0.0	2	1.043379552960497	-14.888995313927053	138.0	22	1.05	0.95				
	203	1	149.54194869473682	30.739178342807016	0.0	0.0	2	1.0242137405987228	-10.655876050425553	138.0	21	1.05	0.95				
	204	1	61.47835668561403	12.461829057894736	0.0	0.0	2	1.019187553566189	-16.040372452784812	138.0	21	1.05	0.95				
	205	1	58.985990874035075	11.631040454035087	0.0	0.0	2	1.0346911424607848	-16.567420322876337	138.0	21	1.05	0.95				
	206	1	112.9872501249123	23.262080908070175	0.0	-100.0	2	1.036995596935342	-18.366956767469702	138.0	22	1.05	0.95				
	207	2	103.84857548245611	20.769715096491225	0.0	0.0	2	0.95	-29.466364096327652	138.0	22	1.05	0.95				
	208	1	142.06485125999998	29.077601135087715	0.0	0.0	2	0.9556287574587043	-25.80081236064486	138.0	22	1.05	0.95				
	209	1	145.3880056754386	29.908389738947367	0.0	0.0	2	1.0261772153491997	-13.632453077479582	138.0	23	1.05	0.95				
	210	1	162.00377775263155	33.23154415438596	0.0	0.0	2	1.05	-15.799628134410261	138.0	23	1.05	0.95				
	211	1	0.0	0.0	0.0	0.0	2	1.0341188574578957	-9.631860910409127	230.0	23	1.05	0.95				
	212	1	0.0	0.0	0.0	0.0	2	1.0280908215653795	-4.718899967318563	230.0	23	1.05	0.95				
	213	2	220.158980022807	44.86258460842105	0.0	0.0	2	1.05	-6.935534853882907	230.0	24	1.05	0.95				
	214	2	161.1729891487719	32.40075555052631	0.0	0.0	2	1.05	-7.1444718847980475	230.0	26	1.05	0.95				
	215	2	263.3599874235087	53.170470647017545	0.0	0.0	2	1.0434246648501038	1.6226844824143167	230.0	26	1.05	0.95				
	216	2	83.0788603859649	16.61577207719298	0.0	0.0	2	1.0477168619406367	1.5197563702991719	230.0	26	1.05	0.95				
	217	1	0.0	0.0	0.0	0.0	2	1.0485245854459413	4.834904916493663	230.0	27	1.05	0.95				
	218	2	276.65260508526313	56.49362506245615	0.0	0.0	2	1.0499999950931291	5.400485564807576	230.0	27	1.05	0.95				
	219	1	150.3727372985965	30.739178342807016	0.0	0.0	2	1.0423781493754467	1.4402010861141479	230.0	25	1.05	0.95				
	220	1	106.34094129403509	21.600503700350878	0.0	0.0	2	1.0453614085271585	2.92602597332706	230.0	25	1.05	0.95				
	221	2	0.0	0.0	0.0	0.0	2	1.05	5.818232201686991	230.0	27	1.05	0.95				
	222	2	0.0	0.0	0.0	0.0	2	1.05	11.944301098857242	230.0	27	1.05	0.95				
	223	2	0.0	0.0	0.0	0.0	2	1.05	4.342095207678517	230.0	25	1.05	0.95				
	224	1	0.0	0.0	0.0	0.0	2	1.020786703152144	-2.941583831300099	230.0	26	1.05	0.95				
	301	2	78.17273014736843	15.924074659649124	0.0	0.0	3	0.9697370150770336	-1.0448136334668676	138.0	31	1.05	0.95				
	302	2	70.21069281754386	14.476431508771931	0.0	0.0	3	0.9720450656425678	-1.1435051480630096	138.0	32	1.05	0.95				
	303	1	130.28788357894737	26.78139829122807	0.0	0.0	3	0.9890948806626849	3.741708262959333	138.0	31	1.05	0.95				
	304	1	53.56279658245614	10.857323631578947	0.0	0.0	3	0.9678053551639765	1.7214217400425647	138.0	31	1.05	0.95				
	305	1	51.39133185614034	10.133502056140351	0.0	0.0	3	0.9788433767724584	1.4978562765247236	138.0	31	1.05	0.95				
	306	1	98.43973425964913	20.267004112280702	0.0	-100.0	3	0.9921692628199599	2.079777047526415	138.0	32	1.05	0.95				
	307	2	90.47769692982456	18.095539385964912	0.0	0.0	3	0.95	-3.0444487529920856	138.0	32	1.05	0.95				
	308	1	123.77348939999999	25.333755140350878	0.0	0.0	3	0.9577191617387656	0.5816677787008548	138.0	32	1.05	0.95				
	309	1	126.66877570175438	26.05757671578947	0.0	0.0	3	0.993374897193303	7.2162965441203895	138.0	33	1.05	0.95				
	310	1	141.1452072105263	28.952863017543862	0.0	0.0	3	1.012443346660228	6.5348639125603665	138.0	33	1.05	0.95				
	311	1	0.0	0.0	0.0	0.0	3	0.9873432834814623	14.882297941395315	230.0	33	1.05	0.95				
	312	1	0.0	0.0	0.0	0.0	3	0.9927376442076348	16.36312861877077	230.0	33	1.05	0.95				
	313	2	191.81271749122806	39.08636507368421	0.0	0.0	3	1.0231835583496023	24.96242843903422	230.0	34	1.05	0.95				
	314	2	140.42138563508772	28.229041442105263	0.0	0.0	3	0.9960773934045354	13.691511782590533	230.0	36	1.05	0.95				
	315	2	229.4514394140351	46.324580828070175	0.0	0.0	3	1.0317555100973297	9.386695104174354	230.0	36	1.05	0.95				
	316	2	72.38215754385965	14.476431508771931	0.0	0.0	3	1.030476194670155	10.921185027352745	230.0	36	1.05	0.95				
	317	1	0.0	0.0	0.0	0.0	3	1.037051462595474	10.118940475416954	230.0	37	1.05	0.95				
	318	2	241.03258462105265	49.219867129824564	0.0	0.0	3	1.0368746355340686	9.053843483646396	230.0	37	1.05	0.95				
	319	1	131.01170515438596	26.78139829122807	0.0	0.0	3	1.0265257282830365	13.346188156797243	230.0	35	1.05	0.95				
	320	1	92.64916165614035	18.819360961403508	0.0	0.0	3	1.0270752842581732	15.32981889553086	230.0	35	1.05	0.95				
	321	2	0.0	0.0	0.0	0.0	3	1.0383612420021633	10.3403352777116	230.0	37	1.05	0.95				
	322	2	0.0	0.0	0.0	0.0	3	1.0499999936556543	14.563256702081537	230.0	37	1.05	0.95				
	323	2	0.0	0.0	0.0	0.0	3	1.0278034691837057	16.096426406095066	230.0	35	1.05	0.95				
	324	1	0.0	0.0	0.0	0.0	3	1.0103471920272107	9.271836916645707	230.0	36	1.05	0.95				
	325	1	0.0	0.0	0.0	0.0	3	1.0309572771899038	15.833113840988034	230.0	35	1.05	0.95				
];
