%% MATPOWER Case Format : Version 2
function mpc = RTS_GMLC
mpc.version = '2';

%%-----  Power Flow Data  -----%%
%% system MVA base
mpc.baseMVA = 100.0;
%% bus data
%    bus_i    type    Pd    Qd    Gs    Bs    area    Vm    Va    baseKV    zone    Vmax    Vmin
mpc.bus = [
	101	2	58.12815437052632	11.840920334736841	0.0	0.0	1	1.0326289046008008	0.5376073362803245	138.0	11	1.05	0.95				
	102	2	52.20769420315789	10.764473031578948	0.0	0.0	1	1.0321896250087734	0.39088803582368953	138.0	12	1.05	0.95				
	103	1	96.88025728421053	19.91427510842105	0.0	0.0	1	1.0245036912486227	-0.9609688463113353	138.0	11	1.05	0.95				
	104	1	39.8285502168421	8.07335477368421	0.0	0.0	1	1.0192806303418542	-2.584672881019067	138.0	11	1.05	0.95				
	105	1	38.21387926210526	7.5351311221052635	0.0	0.0	1	1.0341019382443462	-2.446428486604494	138.0	11	1.05	0.95				
	106	1	73.19841661473686	15.070262244210527	0.0	-100.0	1	1.0422137427676668	-4.649607053834757	138.0	12	1.05	0.95				
	107	2	67.27795644736842	13.455591289473684	0.0	0.0	1	1.0251277283591185	-4.626234253042289	138.0	12	1.05	0.95				
	108	1	92.03624442	18.837827805263156	0.0	0.0	1	1.017053758179866	-5.7613057378820205	138.0	12	1.05	0.95				
	109	1	94.18913902631579	19.376051456842106	0.0	0.0	1	1.025370524038916	-2.8374759333903095	138.0	13	1.05	0.95				
	110	1	104.95361205789473	21.528946063157896	0.0	0.0	1	1.05	-3.7721364529107433	138.0	13	1.05	0.95				
	111	1	0.0	0.0	0.0	0.0	1	1.0061172581427353	-0.8394047004782305	230.0	13	1.05	0.95				
	112	1	0.0	0.0	0.0	0.0	1	1.01084122948161	-0.24567617533508523	230.0	13	1.05	0.95				
	113	3	142.62926766842105	29.06407718526316	0.0	0.0	1	1.001386928967043	4.129829465494642e-28	230.0	14	1.05	0.95				
	114	2	104.41538840631578	20.990722411578947	0.0	0.0	1	1.0032278843890439	1.007903507300038	230.0	16	1.05	0.95				
	115	2	170.61689755052632	34.44631370105263	0.0	0.0	1	1.0372542108482736	7.274821071128631	230.0	16	1.05	0.95				
	116	2	53.82236515789474	10.764473031578948	0.0	0.0	1	1.0338668088804444	6.812118940960737	230.0	16	1.05	0.95				
	117	1	0.0	0.0	0.0	0.0	1	1.0400191615755117	8.791824931754741	230.0	17	1.05	0.95				
	118	2	179.22847597578948	36.59920830736843	0.0	0.0	1	1.0417977394461726	8.800797954875314	230.0	17	1.05	0.95				
	119	1	97.41848093578947	19.91427510842105	0.0	0.0	1	1.0282740039402913	5.788736649383826	230.0	15	1.05	0.95				
	120	1	68.89262740210526	13.993814941052632	0.0	0.0	1	1.0276777056820803	5.937558247195079	230.0	15	1.05	0.95				
	121	2	0.0	0.0	0.0	0.0	1	1.0453108409593306	10.043496196758312	230.0	17	1.05	0.95				
	122	2	0.0	0.0	0.0	0.0	1	1.05	16.72545765368815	230.0	17	1.05	0.95				
	123	2	0.0	0.0	0.0	0.0	1	1.0284507965226497	6.430235240196021	230.0	15	1.05	0.95				
	124	1	0.0	0.0	0.0	0.0	1	1.0220294840041313	4.20144755315754	230.0	16	1.05	0.95				
	201	2	59.68644733894737	12.158350383859649	0.0	0.0	2	1.0338568288089542	-8.836325093591425	138.0	21	1.05	0.95				
	202	2	53.60727214701754	11.053045803508772	0.0	0.0	2	1.0340417261957016	-8.898627651953465	138.0	22	1.05	0.95				
	203	1	99.47741223157895	20.448134736491227	0.0	0.0	2	1.0229106648222372	-7.422950221821199	138.0	21	1.05	0.95				
	204	1	40.89626947298245	8.289784352631578	0.0	0.0	2	1.0191264540752365	-11.219249249666301	138.0	21	1.05	0.95				
	205	1	39.23831260245614	7.737132062456141	0.0	0.0	2	1.0347739257126591	-11.43617953880088	138.0	21	1.05	0.95				
	206	1	75.16071146385966	15.474264124912281	0.0	-100.0	2	1.0424814137730278	-13.422455141884301	138.0	22	1.05	0.95				
	207	2	69.08153627192982	13.816307254385965	0.0	0.0	2	0.9890449163122865	-21.801494603802087	138.0	22	1.05	0.95				
	208	1	94.50354162	19.34283015614035	0.0	0.0	2	0.9912268423771167	-19.185794383418408	138.0	22	1.05	0.95				
	209	1	96.71415078070176	19.89548244631579	0.0	0.0	2	1.0236416223193727	-10.877645602670945	138.0	23	1.05	0.95				
	210	1	107.76719658421052	22.106091607017543	0.0	0.0	2	1.05	-12.329881561939242	138.0	23	1.05	0.95				
	211	1	0.0	0.0	0.0	0.0	2	1.011882118430361	-7.85816438930269	230.0	23	1.05	0.95				
	212	1	0.0	0.0	0.0	0.0	2	1.0122016534715124	-7.043554608409018	230.0	23	1.05	0.95				
	213	2	146.45285689649123	29.843223669473684	0.0	0.0	2	1.0095240764467925	-6.723801273729383	230.0	24	1.05	0.95				
	214	2	107.21454429403508	21.55343931684211	0.0	0.0	2	1.0177588575948588	-5.060914502954725	230.0	26	1.05	0.95				
	215	2	175.19077598561404	35.36974657122807	0.0	0.0	2	1.0325052939864516	2.3431227864974415	230.0	26	1.05	0.95				
	216	2	55.26522901754386	11.053045803508772	0.0	0.0	2	1.0346853393672801	2.2656827899097984	230.0	26	1.05	0.95				
	217	1	0.0	0.0	0.0	0.0	2	1.0387203826890732	5.159213231209088	230.0	27	1.05	0.95				
	218	2	184.03321262842104	37.58035573192983	0.0	0.0	2	1.0402820160790054	5.612499467224588	230.0	27	1.05	0.95				
	219	1	100.03006452175438	20.448134736491227	0.0	0.0	2	1.0335077173102907	1.6102663835107827	230.0	25	1.05	0.95				
	220	1	70.73949314245614	14.368959544561404	0.0	0.0	2	1.036790681152653	2.099381430270167	230.0	25	1.05	0.95				
	221	2	0.0	0.0	0.0	0.0	2	1.0400193502692419	5.280806122445505	230.0	27	1.05	0.95				
	222	2	0.0	0.0	0.0	0.0	2	1.05	11.735302497896878	230.0	27	1.05	0.95				
	223	2	0.0	0.0	0.0	0.0	2	1.0398237878044974	2.779169400488692	230.0	25	1.05	0.95				
	224	1	0.0	0.0	0.0	0.0	2	1.016795942448767	-1.3170208443650546	230.0	26	1.05	0.95				
	301	2	43.63049667789474	8.8876937677193	0.0	0.0	3	1.0095951712565494	-12.883276041504184	138.0	31	1.05	0.95				
	302	2	39.18664979403509	8.079721607017545	0.0	0.0	3	1.0094524729695145	-13.021604962446103	138.0	32	1.05	0.95				
	303	1	72.7174944631579	14.947484972982458	0.0	0.0	3	1.0291781054567968	-6.748805565367221	138.0	31	1.05	0.95				
	304	1	29.894969945964917	6.059791205263158	0.0	0.0	3	1.0119077871499762	-11.728273660739957	138.0	31	1.05	0.95				
	305	1	28.683011704912282	5.655805124912281	0.0	0.0	3	1.0247278611405193	-12.611131869509974	138.0	31	1.05	0.95				
	306	1	54.942106927719315	11.311610249824563	0.0	-100.0	3	1.0415327263630194	-12.950930258572672	138.0	32	1.05	0.95				
	307	2	50.49826004385965	10.099652008771931	0.0	0.0	3	0.9926304428335833	-17.194334351804976	138.0	32	1.05	0.95				
	308	1	69.08161974000001	14.139512812280703	0.0	0.0	3	1.0003199788606956	-15.40245991075797	138.0	32	1.05	0.95				
	309	1	70.69756406140351	14.543498892631579	0.0	0.0	3	1.0262192680101003	-9.013131734432939	138.0	33	1.05	0.95				
	310	1	78.77728566842106	16.15944321403509	0.0	0.0	3	1.05	-11.036842644458167	138.0	33	1.05	0.95				
	311	1	0.0	0.0	0.0	0.0	3	1.0060866041258971	-5.814093475992313	230.0	33	1.05	0.95				
	312	1	0.0	0.0	0.0	0.0	3	1.010112834352723	-5.4694791130006655	230.0	33	1.05	0.95				
	313	2	107.05631129298247	21.81524833894737	0.0	0.0	3	1.0083048997070763	-2.6298333538119043	230.0	34	1.05	0.95				
	314	2	78.37329958807018	15.755457133684214	0.0	0.0	3	1.002908649337821	-4.262275886170805	230.0	36	1.05	0.95				
	315	2	128.0635874712281	25.855109142456143	0.0	0.0	3	1.0316186884112948	0.2216324680253246	230.0	36	1.05	0.95				
	316	2	40.398608035087726	8.079721607017545	0.0	0.0	3	1.0289712008675282	0.3113274642213036	230.0	36	1.05	0.95				
	317	1	0.0	0.0	0.0	0.0	3	1.0367486481705126	2.1375510947201106	230.0	37	1.05	0.95				
	318	2	134.52736475684213	27.471053463859658	0.0	0.0	3	1.0372964088263612	2.1569736745194796	230.0	37	1.05	0.95				
	319	1	73.12148054350878	14.947484972982458	0.0	0.0	3	1.0230284582871358	-0.6788103474473145	230.0	35	1.05	0.95				
	320	1	51.71021828491229	10.50363808912281	0.0	0.0	3	1.0205909650035858	-0.7502786857515396	230.0	35	1.05	0.95				
	321	2	0.0	0.0	0.0	0.0	3	1.03961723248848	3.0266694082418537	230.0	37	1.05	0.95				
	322	2	0.0	0.0	0.0	0.0	3	1.0499999993924791	6.98959172866364	230.0	37	1.05	0.95				
	323	2	0.0	0.0	0.0	0.0	3	1.0196968402858535	-0.4733420993091368	230.0	35	1.05	0.95				
	324	1	0.0	0.0	0.0	0.0	3	1.0216142314931422	-2.4069845716722518	230.0	36	1.05	0.95				
	325	1	0.0	0.0	0.0	0.0	3	1.019541375378905	0.4301070226729019	230.0	35	1.05	0.95				
];
