%% MATPOWER Case Format : Version 2
function mpc = RTS_GMLC
mpc.version = '2';

%%-----  Power Flow Data  -----%%
%% system MVA base
mpc.baseMVA = 100.0;
%% bus data
%    bus_i    type    Pd    Qd    Gs    Bs    area    Vm    Va    baseKV    zone    Vmax    Vmin
mpc.bus = [
	101	2	79.6239485431579	16.219693221754387	0.0	0.0	1	1.0311827386103127	-2.602934996748858	138.0	11	1.05	0.95				
	102	2	71.5141019322807	14.745175656140349	0.0	0.0	1	1.0311978420447148	-2.6639444956325247	138.0	12	1.05	0.95				
	103	1	132.70658090526314	27.278574963859647	0.0	0.0	1	1.019905350308597	-2.9596949731795665	138.0	11	1.05	0.95				
	104	1	54.557149927719294	11.058881742105262	0.0	0.0	1	1.0157286502984058	-5.480334207009283	138.0	11	1.05	0.95				
	105	1	52.34537357929824	10.321622959298246	0.0	0.0	1	1.0307535428187364	-5.532125956400622	138.0	11	1.05	0.95				
	106	1	100.26719446175439	20.64324591859649	0.0	-100.0	1	1.0362327600175627	-7.842130873570041	138.0	12	1.05	0.95				
	107	2	92.15734785087719	18.431469570175437	0.0	0.0	1	1.05	-4.9290000418930395	138.0	12	1.05	0.95				
	108	1	126.07125185999999	25.80405739824561	0.0	0.0	1	1.0260192777366293	-7.429711092447238	138.0	12	1.05	0.95				
	109	1	129.02028699122806	26.541316181052633	0.0	0.0	1	1.026714609863031	-4.795093896643871	138.0	13	1.05	0.95				
	110	1	143.7654626473684	29.490351312280698	0.0	0.0	1	1.05	-6.167708360679074	138.0	13	1.05	0.95				
	111	1	0.0	0.0	0.0	0.0	1	1.0135978959419794	-1.7556713255826406	230.0	13	1.05	0.95				
	112	1	0.0	0.0	0.0	0.0	1	1.0161692168743568	-0.9339115691913442	230.0	13	1.05	0.95				
	113	3	195.37357744385963	39.81197427157895	0.0	0.0	1	1.0151673499982172	-4.2683056082286994e-30	230.0	14	1.05	0.95				
	114	2	143.0282038645614	28.753092529473683	0.0	0.0	1	1.0160616735111112	0.4794278000057708	230.0	16	1.05	0.95				
	115	2	233.7110341498245	47.18456209964912	0.0	0.0	1	1.0450810923346436	8.479894369311902	230.0	16	1.05	0.95				
	116	2	73.72587828070175	14.745175656140349	0.0	0.0	1	1.043690654384951	8.064584923927049	230.0	16	1.05	0.95				
	117	1	0.0	0.0	0.0	0.0	1	1.0472361310546507	11.171678303809603	230.0	17	1.05	0.95				
	118	2	245.5071746747368	50.13359723087719	0.0	0.0	1	1.0493683925916624	11.819226192145972	230.0	17	1.05	0.95				
	119	1	133.44383968807017	27.278574963859647	0.0	0.0	1	1.0379673001138279	6.711015664988282	230.0	15	1.05	0.95				
	120	1	94.36912419929824	19.168728352982455	0.0	0.0	1	1.0396074227249055	6.925174723344067	230.0	15	1.05	0.95				
	121	2	0.0	0.0	0.0	0.0	1	1.05	12.52190938053889	230.0	17	1.05	0.95				
	122	2	0.0	0.0	0.0	0.0	1	1.05	18.93482883012301	230.0	17	1.05	0.95				
	123	2	0.0	0.0	0.0	0.0	1	1.0425227366401209	7.586694197280095	230.0	15	1.05	0.95				
	124	1	0.0	0.0	0.0	0.0	1	1.021316959496336	4.253338426356931	230.0	16	1.05	0.95				
	201	2	91.93514873684212	18.727530298245615	0.0	0.0	2	1.05	-13.128407132130391	138.0	21	1.05	0.95				
	202	2	82.57138358771931	17.02502754385965	0.0	0.0	2	1.05	-13.171279790405645	138.0	22	1.05	0.95				
	203	1	153.22524789473687	31.49630095614035	0.0	0.0	2	1.024797656169756	-9.721734719541644	138.0	21	1.05	0.95				
	204	1	62.9926019122807	12.768770657894738	0.0	0.0	2	1.020651749043253	-15.033372277672372	138.0	21	1.05	0.95				
	205	1	60.43884778070176	11.917519280701756	0.0	0.0	2	1.03844611470514	-15.502225796880342	138.0	21	1.05	0.95				
	206	1	115.77018729824562	23.83503856140351	0.0	-100.0	2	1.0367160913795188	-17.61891087219455	138.0	22	1.05	0.95				
	207	2	106.40642214912282	21.281284429824563	0.0	0.0	2	0.95	-28.58197320437044	138.0	22	1.05	0.95				
	208	1	145.5639855	29.793798201754385	0.0	0.0	2	0.9546072886876422	-25.167479264106014	138.0	22	1.05	0.95				
	209	1	148.96899100877195	30.64504957894737	0.0	0.0	2	1.0240192761588018	-13.14632991689611	138.0	23	1.05	0.95				
	210	1	165.9940185526316	34.0500550877193	0.0	0.0	2	1.04864928462713	-15.277536786361424	138.0	23	1.05	0.95				
	211	1	0.0	0.0	0.0	0.0	2	1.0311693820740744	-7.699466380884011	230.0	23	1.05	0.95				
	212	1	0.0	0.0	0.0	0.0	2	1.0223623879717103	-6.319889105592678	230.0	23	1.05	0.95				
	213	2	225.58161495614036	45.96757436842106	0.0	0.0	2	1.05	-3.1933737258737973	230.0	24	1.05	0.95				
	214	2	165.14276717543862	33.19880371052632	0.0	0.0	2	1.05	-5.432202247941986	230.0	26	1.05	0.95				
	215	2	269.84668657017545	54.48008814035088	0.0	0.0	2	1.0439564238467756	3.1985101231277966	230.0	26	1.05	0.95				
	216	2	85.12513771929825	17.02502754385965	0.0	0.0	2	1.048415782476774	3.0553580490122063	230.0	26	1.05	0.95				
	217	1	0.0	0.0	0.0	0.0	2	1.0490950200405493	6.326064805478261	230.0	27	1.05	0.95				
	218	2	283.4667086052632	57.88509364912281	0.0	0.0	2	1.05	6.920891953942234	230.0	27	1.05	0.95				
	219	1	154.07649927192983	31.49630095614035	0.0	0.0	2	1.04271531709763	2.5404748168739837	230.0	25	1.05	0.95				
	220	1	108.96017628070176	22.132535807017543	0.0	0.0	2	1.0455441094912952	3.6839488092535024	230.0	25	1.05	0.95				
	221	2	0.0	0.0	0.0	0.0	2	1.05	7.408519413264628	230.0	27	1.05	0.95				
	222	2	0.0	0.0	0.0	0.0	2	1.05	13.49574540321767	230.0	27	1.05	0.95				
	223	2	0.0	0.0	0.0	0.0	2	1.05	4.927654102684163	230.0	25	1.05	0.95				
	224	1	0.0	0.0	0.0	0.0	2	1.020437876427884	-1.6055810967842772	230.0	26	1.05	0.95				
	301	2	77.7627333094737	15.84055678526316	0.0	0.0	3	1.01634825225247	-19.453772656573516	138.0	31	1.05	0.95				
	302	2	69.84245491684212	14.400506168421053	0.0	0.0	3	1.0149468937091966	-19.825886551067292	138.0	32	1.05	0.95				
	303	1	129.60455551578949	26.640936411578952	0.0	0.0	3	1.0190949195934513	-13.180577872788698	138.0	31	1.05	0.95				
	304	1	53.281872823157904	10.800379626315792	0.0	0.0	3	1.0081404457816943	-18.350097526172622	138.0	31	1.05	0.95				
	305	1	51.12179689789475	10.08035431789474	0.0	0.0	3	1.023426340673672	-19.06641007897846	138.0	31	1.05	0.95				
	306	1	97.92344194526318	20.16070863578948	0.0	-100.0	3	1.0334283240001845	-19.645512234387656	138.0	32	1.05	0.95				
	307	2	90.00316355263159	18.000632710526318	0.0	0.0	3	1.0114789441750645	-21.135453473179062	138.0	32	1.05	0.95				
	308	1	123.12432774000001	25.200885794736845	0.0	0.0	3	1.0027453278412761	-20.930687631655893	138.0	32	1.05	0.95				
	309	1	126.00442897368423	25.920911103157895	0.0	0.0	3	1.0276903407588165	-14.20297802787336	138.0	33	1.05	0.95				
	310	1	140.40493514210527	28.801012336842106	0.0	0.0	3	1.05	-16.372745925521123	138.0	33	1.05	0.95				
	311	1	0.0	0.0	0.0	0.0	3	1.0234690119072345	-8.807622457518157	230.0	33	1.05	0.95				
	312	1	0.0	0.0	0.0	0.0	3	1.0185294084578176	-7.358285930190908	230.0	33	1.05	0.95				
	313	2	190.80670673157897	38.88136665473685	0.0	0.0	3	1.0372706129790288	-4.0098808334050196	230.0	34	1.05	0.95				
	314	2	139.68490983368423	28.080987028421056	0.0	0.0	3	1.0367383134260044	-6.679406033241685	230.0	36	1.05	0.95				
	315	2	228.2480227694737	46.081619738947374	0.0	0.0	3	1.049681070760426	0.3515424274552629	230.0	36	1.05	0.95				
	316	2	72.00253084210527	14.400506168421053	0.0	0.0	3	1.0489301598901957	0.7216218959073742	230.0	36	1.05	0.95				
	317	1	0.0	0.0	0.0	0.0	3	1.0493647510008175	2.5951299121672684	230.0	37	1.05	0.95				
	318	2	239.76842770421055	48.96172097263159	0.0	0.0	3	1.0480945405817093	2.487933341883232	230.0	37	1.05	0.95				
	319	1	130.32458082421056	26.640936411578952	0.0	0.0	3	1.0441636136159254	0.889014791119762	230.0	35	1.05	0.95				
	320	1	92.16323947789475	18.720658018947372	0.0	0.0	3	1.0463443098987162	2.381124110306899	230.0	35	1.05	0.95				
	321	2	0.0	0.0	0.0	0.0	3	1.05	3.709051922033648	230.0	37	1.05	0.95				
	322	2	0.0	0.0	0.0	0.0	3	1.05	9.047876302511561	230.0	37	1.05	0.95				
	323	2	0.0	0.0	0.0	0.0	3	1.05	3.722646576179116	230.0	35	1.05	0.95				
	324	1	0.0	0.0	0.0	0.0	3	1.0209490145578017	-4.629044935886548	230.0	36	1.05	0.95				
	325	1	0.0	0.0	0.0	0.0	3	1.0484021303792173	4.452247729847525	230.0	35	1.05	0.95				
];

%% generator data
%    bus    Pg    Qg    Qmax    Qmin    Vg    mBase    status    Pmax    Pmin    Pc1    Pc2    Qc1min    Qc1max    Qc2min    Qc2max    ramp_agc    ramp_10    ramp_30    ramp_q    apf
