%% MATPOWER Case Format : Version 2
function mpc = RTS_GMLC
mpc.version = '2';

%%-----  Power Flow Data  -----%%
%% system MVA base
mpc.baseMVA = 100.0;
%% bus data
%    bus_i    type    Pd    Qd    Gs    Bs    area    Vm    Va    baseKV    zone    Vmax    Vmin
mpc.bus = [
	101	2	67.13260760842105	13.675160809122808	0.0	0.0	1	1.032805109130037	-0.29616210646979224	138.0	11	1.05	0.95				
	102	2	60.295027203859654	12.431964371929825	0.0	0.0	1	1.0328548168744505	-0.33561604767178	138.0	12	1.05	0.95				
	103	1	111.88767934736843	22.999134088070175	0.0	0.0	1	1.0233132141032948	-1.907552108407467	138.0	11	1.05	0.95				
	104	1	45.99826817614035	9.323973278947369	0.0	0.0	1	1.0182813497526	-3.564511353876493	138.0	11	1.05	0.95				
	105	1	44.133473520350876	8.702375060350878	0.0	0.0	1	1.0329709290622044	-3.4703898234193207	138.0	11	1.05	0.95				
	106	1	84.5373577291228	17.404750120701756	0.0	-100.0	1	1.0398288370450106	-5.816834400114649	138.0	12	1.05	0.95				
	107	2	77.69977732456141	15.53995546491228	0.0	0.0	1	1.039020868400736	-4.484056017030688	138.0	12	1.05	0.95				
	108	1	106.29329538	21.75593765087719	0.0	0.0	1	1.0229364325333237	-6.300633350618001	138.0	12	1.05	0.95				
	109	1	108.77968825438597	22.377535869473682	0.0	0.0	1	1.0261396161092822	-3.6918228446990153	138.0	13	1.05	0.95				
	110	1	121.2116526263158	24.86392874385965	0.0	0.0	1	1.05	-4.727157881597101	138.0	13	1.05	0.95				
	111	1	0.0	0.0	0.0	0.0	1	1.0084509098523036	-1.343208571081214	230.0	13	1.05	0.95				
	112	1	0.0	0.0	0.0	0.0	1	1.01330655335219	-0.7541381326370865	230.0	13	1.05	0.95				
	113	3	164.72352792807015	33.56630380421053	0.0	0.0	1	1.0065990216731533	1.0775479453196482e-27	230.0	14	1.05	0.95				
	114	2	120.59005440771931	24.24233052526316	0.0	0.0	1	1.006183286058994	0.4477189458270706	230.0	16	1.05	0.95				
	115	2	197.04663529508773	39.78228599017544	0.0	0.0	1	1.041630065009015	7.208250802503072	230.0	16	1.05	0.95				
	116	2	62.15982185964912	12.431964371929825	0.0	0.0	1	1.0382345106631987	6.679200197481407	230.0	16	1.05	0.95				
	117	1	0.0	0.0	0.0	0.0	1	1.0443522147603008	9.26635003468898	230.0	17	1.05	0.95				
	118	2	206.99220679263158	42.2686788645614	0.0	0.0	1	1.0471221324151059	9.594764660991908	230.0	17	1.05	0.95				
	119	1	112.50927756596492	22.999134088070175	0.0	0.0	1	1.0316975044628416	5.305018366835299	230.0	15	1.05	0.95				
	120	1	79.56457198035088	16.16155368350877	0.0	0.0	1	1.0313589603898465	5.297551679805799	230.0	15	1.05	0.95				
	121	2	0.0	0.0	0.0	0.0	1	1.0499871635364249	10.522121759521768	230.0	17	1.05	0.95				
	122	2	0.0	0.0	0.0	0.0	1	1.05	17.271469552785163	230.0	17	1.05	0.95				
	123	2	0.0	0.0	0.0	0.0	1	1.0326230689754696	5.762445637891923	230.0	15	1.05	0.95				
	124	1	0.0	0.0	0.0	0.0	1	1.0233030840234394	3.8235544407673787	230.0	16	1.05	0.95				
	201	2	69.34235794105264	14.12529513614035	0.0	0.0	2	1.0335336757655795	-13.506680920364458	138.0	21	1.05	0.95				
	202	2	62.27971037298246	12.84117739649123	0.0	0.0	2	1.0336695133181428	-13.61587817376607	138.0	22	1.05	0.95				
	203	1	115.57059656842105	23.756178183508773	0.0	0.0	2	1.0240413222778808	-10.150186119250122	138.0	21	1.05	0.95				
	204	1	47.512356367017546	9.63088304736842	0.0	0.0	2	1.017402188675795	-15.69171691466043	138.0	21	1.05	0.95				
	205	1	45.58617975754385	8.988824177543862	0.0	0.0	2	1.033414154308931	-16.106941915351722	138.0	21	1.05	0.95				
	206	1	87.32000629614035	17.977648355087723	0.0	-100.0	2	1.0398333868006142	-18.175264743075743	138.0	22	1.05	0.95				
	207	2	80.25735872807017	16.051471745614034	0.0	0.0	2	0.9830179863419951	-27.795756786703215	138.0	22	1.05	0.95				
	208	1	109.79206674	22.472060443859647	0.0	0.0	2	0.9834082450964349	-24.676658701051014	138.0	22	1.05	0.95				
	209	1	112.36030221929825	23.11411931368421	0.0	0.0	2	1.0239454197574775	-14.785121907415455	138.0	23	1.05	0.95				
	210	1	125.20147961578947	25.68235479298246	0.0	0.0	2	1.05	-16.718070195876507	138.0	23	1.05	0.95				
	211	1	0.0	0.0	0.0	0.0	2	1.0194890408758461	-11.264414329823945	230.0	23	1.05	0.95				
	212	1	0.0	0.0	0.0	0.0	2	1.0163808866208601	-10.2965882483476	230.0	23	1.05	0.95				
	213	2	170.14560050350875	34.67117897052632	0.0	0.0	2	1.0218120760099412	-9.913587370757643	230.0	24	1.05	0.95				
	214	2	124.55942074596491	25.040295923157895	0.0	0.0	2	1.0315328873425968	-8.0152971969785	230.0	26	1.05	0.95				
	215	2	203.53266173438595	41.09176766877193	0.0	0.0	2	1.0401982647522956	0.8205383880635811	230.0	26	1.05	0.95				
	216	2	64.20588698245614	12.84117739649123	0.0	0.0	2	1.0432421806084333	0.5080934880592508	230.0	26	1.05	0.95				
	217	1	0.0	0.0	0.0	0.0	2	1.0448210234302553	3.7698032866779503	230.0	27	1.05	0.95				
	218	2	213.80560365157896	43.660003148070174	0.0	0.0	2	1.0466294925338107	4.270964897780603	230.0	27	1.05	0.95				
	219	1	116.21265543824562	23.756178183508773	0.0	0.0	2	1.0419205856059377	-0.16559774683970768	230.0	25	1.05	0.95				
	220	1	82.18353533754386	16.693530615438597	0.0	0.0	2	1.0460618135752298	0.45623325627527833	230.0	25	1.05	0.95				
	221	2	0.0	0.0	0.0	0.0	2	1.0467780873354933	4.19674456311743	230.0	27	1.05	0.95				
	222	2	0.0	0.0	0.0	0.0	2	1.05	10.537950839857736	230.0	27	1.05	0.95				
	223	2	0.0	0.0	0.0	0.0	2	1.05	1.264253129111908	230.0	25	1.05	0.95				
	224	1	0.0	0.0	0.0	0.0	2	1.020467092471533	-3.267027234321868	230.0	26	1.05	0.95				
	301	2	50.82252453473684	10.352736479298246	0.0	0.0	3	1.011886437675382	-10.398713388495695	138.0	31	1.05	0.95				
	302	2	45.64615629508772	9.41157861754386	0.0	0.0	3	1.0110061053487347	-10.653110769990947	138.0	32	1.05	0.95				
	303	1	84.70420755789473	17.41142044245614	0.0	0.0	3	1.0456928585724792	0.28354416293591345	138.0	31	1.05	0.95				
	304	1	34.82284088491228	7.058683963157894	0.0	0.0	3	1.0118229408909218	-9.22164013747649	138.0	31	1.05	0.95				
	305	1	33.4111040922807	6.588105032280703	0.0	0.0	3	1.0250961031673742	-10.875651762962192	138.0	31	1.05	0.95				
	306	1	63.998734599298245	13.176210064561406	0.0	-100.0	3	1.0399629345014025	-11.692758394674597	138.0	32	1.05	0.95				
	307	2	58.82236635964912	11.764473271929825	0.0	0.0	3	0.9907050990068528	-16.480960849685726	138.0	32	1.05	0.95				
	308	1	80.46899718	16.470262580701753	0.0	0.0	3	0.9965422500821166	-14.332299611453355	138.0	32	1.05	0.95				
	309	1	82.35131290350878	16.940841511578945	0.0	0.0	3	1.0275277743890008	-6.128914467147771	138.0	33	1.05	0.95				
	310	1	91.76289152105264	18.82315723508772	0.0	0.0	3	1.05	-9.838837791193287	138.0	33	1.05	0.95				
	311	1	0.0	0.0	0.0	0.0	3	1.0103039313299473	-4.655849543746523	230.0	33	1.05	0.95				
	312	1	0.0	0.0	0.0	0.0	3	1.0140494072695334	-4.168304796586334	230.0	33	1.05	0.95				
	313	2	124.70341668245615	25.41126226736842	0.0	0.0	3	1.0120050931865643	-1.768210990807718	230.0	34	1.05	0.95				
	314	2	91.29231259017544	18.352578304210525	0.0	0.0	3	1.0085409084215438	-3.7520349207763086	230.0	36	1.05	0.95				
	315	2	149.17352108807017	30.11705157614035	0.0	0.0	3	1.0402047424272982	0.7368844555284632	230.0	36	1.05	0.95				
	316	2	47.0578930877193	9.41157861754386	0.0	0.0	3	1.0356108601075444	0.3277376206784835	230.0	36	1.05	0.95				
	317	1	0.0	0.0	0.0	0.0	3	1.0438083741972943	2.703386658904795	230.0	37	1.05	0.95				
	318	2	156.70278398210527	31.999367299649123	0.0	0.0	3	1.0442393350422188	2.4189620151817772	230.0	37	1.05	0.95				
	319	1	85.17478648877194	17.41142044245614	0.0	0.0	3	1.0286975515015797	-0.5823362985108907	230.0	35	1.05	0.95				
	320	1	60.2341031522807	12.235052202807019	0.0	0.0	3	1.0261256524296911	-0.46573393479157477	230.0	35	1.05	0.95				
	321	2	0.0	0.0	0.0	0.0	3	1.0461491376280576	3.371824978943663	230.0	37	1.05	0.95				
	322	2	0.0	0.0	0.0	0.0	3	1.05	7.442269385115704	230.0	37	1.05	0.95				
	323	2	0.0	0.0	0.0	0.0	3	1.025487712500739	-0.038556700333840774	230.0	35	1.05	0.95				
	324	1	0.0	0.0	0.0	0.0	3	1.0379785681352525	0.5689174937926085	230.0	36	1.05	0.95				
	325	1	0.0	0.0	0.0	0.0	3	1.0252103263709866	0.8668889862756566	230.0	35	1.05	0.95				
];
