%% MATPOWER Case Format : Version 2
function mpc = RTS_GMLC
mpc.version = '2';

%%-----  Power Flow Data  -----%%
%% system MVA base
mpc.baseMVA = 100.0;
%% bus data
%    bus_i    type    Pd    Qd    Gs    Bs    area    Vm    Va    baseKV    zone    Vmax    Vmin
mpc.bus = [
	101	2	69.49727856000001	14.15685304	0.0	0.0	1	1.0336506052555736	-0.0029206543744127365	138.0	11	1.05	0.95				
	102	2	62.418852040000004	12.869866400000001	0.0	0.0	1	1.0336509505548865	-0.05905118334944575	138.0	12	1.05	0.95				
	103	1	115.8287976	23.80925284	0.0	0.0	1	1.0236393894067322	-0.9471429100489472	138.0	11	1.05	0.95				
	104	1	47.61850568	9.6523998	0.0	0.0	1	1.0181870413090717	-3.2327512209864975	138.0	11	1.05	0.95				
	105	1	45.688025720000006	9.00890648	0.0	0.0	1	1.033097283060829	-3.2047614177783785	138.0	11	1.05	0.95				
	106	1	87.51509152000001	18.01781296	0.0	-100.0	1	1.039380702685791	-5.588631288950492	138.0	12	1.05	0.95				
	107	2	80.436665	16.087333	0.0	0.0	1	1.0378229447321825	-3.768141723775886	138.0	12	1.05	0.95				
	108	1	110.03735772	22.5222662	0.0	0.0	1	1.021551520554703	-5.79767049556617	138.0	12	1.05	0.95				
	109	1	112.611331	23.16575952	0.0	0.0	1	1.0260364000055198	-3.228896079444041	138.0	13	1.05	0.95				
	110	1	125.48119740000001	25.739732800000002	0.0	0.0	1	1.05	-4.423891722054615	138.0	13	1.05	0.95				
	111	1	0.0	0.0	0.0	0.0	1	1.0102014722647477	-0.8282362449630535	230.0	13	1.05	0.95				
	112	1	0.0	0.0	0.0	0.0	1	1.0136485345523116	-0.4216359524190791	230.0	13	1.05	0.95				
	113	3	170.5257298	34.748639280000006	0.0	0.0	1	1.0070777802710609	-8.408989249781163e-29	230.0	14	1.05	0.95				
	114	2	124.83770408000001	25.096239480000005	0.0	0.0	1	1.011368956140641	1.5253978926212093	230.0	16	1.05	0.95				
	115	2	203.98738243999998	41.18357248	0.0	0.0	1	1.0442294904036045	9.400397101172919	230.0	16	1.05	0.95				
	116	2	64.349332	12.869866400000001	0.0	0.0	1	1.0411201941895978	8.683267240858777	230.0	16	1.05	0.95				
	117	1	0.0	0.0	0.0	0.0	1	1.0435918706074934	12.040958826369808	230.0	17	1.05	0.95				
	118	2	214.28327556000002	43.757545760000006	0.0	0.0	1	1.047869483890982	11.926536502106098	230.0	17	1.05	0.95				
	119	1	116.47229092	23.80925284	0.0	0.0	1	1.0336990445300143	6.7952053715581355	230.0	15	1.05	0.95				
	120	1	82.36714496	16.73082632	0.0	0.0	1	1.0331299244437737	6.373627598105592	230.0	15	1.05	0.95				
	121	2	0.0	0.0	0.0	0.0	1	1.05	13.311030543832347	230.0	17	1.05	0.95				
	122	2	0.0	0.0	0.0	0.0	1	1.05	26.60665181242496	230.0	17	1.05	0.95				
	123	2	0.0	0.0	0.0	0.0	1	1.0343062962529843	6.625185629362538	230.0	15	1.05	0.95				
	124	1	0.0	0.0	0.0	0.0	1	1.0235684262037477	5.563057085988223	230.0	16	1.05	0.95				
	201	2	65.99338893473684	13.443097745964913	0.0	0.0	2	1.0323850714580491	-11.32179688992765	138.0	21	1.05	0.95				
	202	2	59.271840061754375	12.220997950877194	0.0	0.0	2	1.0325255115584653	-11.41320617995295	138.0	22	1.05	0.95				
	203	1	109.98898155789473	22.608846209122806	0.0	0.0	2	1.0245260389766453	-8.719582105127865	138.0	21	1.05	0.95				
	204	1	45.21769241824561	9.165748463157893	0.0	0.0	2	1.0176432502093116	-13.585155031206453	138.0	21	1.05	0.95				
	205	1	43.38454272561403	8.554698565614036	0.0	0.0	2	1.0332388947492466	-13.926623336588356	138.0	21	1.05	0.95				
	206	1	83.10278606596492	17.10939713122807	0.0	-100.0	2	1.0404413040738536	-15.967491765275382	138.0	22	1.05	0.95				
	207	2	76.38123719298245	15.27624743859649	0.0	0.0	2	0.9875760016125489	-25.162134178467713	138.0	22	1.05	0.95				
	208	1	104.48953248	21.386746414035084	0.0	0.0	2	0.9876875333388565	-22.21756442873505	138.0	22	1.05	0.95				
	209	1	106.93373207017545	21.997796311578945	0.0	0.0	2	1.024231768203427	-12.881083077506563	138.0	23	1.05	0.95				
	210	1	119.15473002105263	24.44199590175439	0.0	0.0	2	1.05	-14.636300411085166	138.0	23	1.05	0.95				
	211	1	0.0	0.0	0.0	0.0	2	1.0164197740411773	-9.564985257773785	230.0	23	1.05	0.95				
	212	1	0.0	0.0	0.0	0.0	2	1.0155055151966854	-8.553667984050232	230.0	23	1.05	0.95				
	213	2	161.92822284912282	32.99669446736842	0.0	0.0	2	1.0174527886964195	-8.196665205066338	230.0	24	1.05	0.95				
	214	2	118.54368012350875	23.830946004210528	0.0	0.0	2	1.0252110167511175	-6.578103342803217	230.0	26	1.05	0.95				
	215	2	193.70281752140352	39.10719344280702	0.0	0.0	2	1.0377735547397346	1.459831899138559	230.0	26	1.05	0.95				
	216	2	61.10498975438596	12.220997950877194	0.0	0.0	2	1.0408045911301116	1.36409757826363	230.0	26	1.05	0.95				
	217	1	0.0	0.0	0.0	0.0	2	1.0432776881988377	4.388534795915665	230.0	27	1.05	0.95				
	218	2	203.4796158821053	41.55139303298246	0.0	0.0	2	1.0445094299154918	4.741890525034201	230.0	27	1.05	0.95				
	219	1	110.6000314554386	22.608846209122806	0.0	0.0	2	1.0408061048067734	0.9035162639485049	230.0	25	1.05	0.95				
	220	1	78.21438688561403	15.887297336140351	0.0	0.0	2	1.045728868813559	1.6552255910992455	230.0	25	1.05	0.95				
	221	2	0.0	0.0	0.0	0.0	2	1.0441697597137607	4.456906135294929	230.0	27	1.05	0.95				
	222	2	0.0	0.0	0.0	0.0	2	1.05	10.936676381060128	230.0	27	1.05	0.95				
	223	2	0.0	0.0	0.0	0.0	2	1.05	2.5115075342490347	230.0	25	1.05	0.95				
	224	1	0.0	0.0	0.0	0.0	2	1.0201412883719572	-2.3421876112554965	230.0	26	1.05	0.95				
	301	2	56.272065802105274	11.46282821894737	0.0	0.0	3	1.0114875138889523	-15.196094939255973	138.0	31	1.05	0.95				
	302	2	50.54065169263158	10.42075292631579	0.0	0.0	3	1.0104600759686055	-15.417093323011548	138.0	32	1.05	0.95				
	303	1	93.78677633684211	19.27839291368421	0.0	0.0	3	1.0404091542865717	-5.3422206720716465	138.0	31	1.05	0.95				
	304	1	38.55678582736842	7.8155646947368425	0.0	0.0	3	1.0107258893928293	-13.729533454907536	138.0	31	1.05	0.95				
	305	1	36.99367288842105	7.294527048421054	0.0	0.0	3	1.0240700727971659	-15.21700888953912	138.0	31	1.05	0.95				
	306	1	70.86111989894738	14.589054096842109	0.0	-100.0	3	1.038369504663136	-15.822380282328941	138.0	32	1.05	0.95				
	307	2	65.12970578947369	13.025941157894739	0.0	0.0	3	0.992018092579159	-21.415485673770622	138.0	32	1.05	0.95				
	308	1	89.09743752000001	18.236317621052635	0.0	0.0	3	0.9952929851488093	-18.986613590541747	138.0	32	1.05	0.95				
	309	1	91.18158810526317	18.75735526736842	0.0	0.0	3	1.0282998008468542	-10.228282155622429	138.0	33	1.05	0.95				
	310	1	101.60234103157894	20.84150585263158	0.0	0.0	3	1.05	-13.56387945106816	138.0	33	1.05	0.95				
	311	1	0.0	0.0	0.0	0.0	3	1.0137509639954565	-7.3253300249058455	230.0	33	1.05	0.95				
	312	1	0.0	0.0	0.0	0.0	3	1.0149567778423236	-6.895107396386605	230.0	33	1.05	0.95				
	313	2	138.0749762736842	28.136032901052637	0.0	0.0	3	1.0148722181149856	-4.180078567072396	230.0	34	1.05	0.95				
	314	2	101.08130338526315	20.32046820631579	0.0	0.0	3	1.0197338021772482	-5.450306899469999	230.0	36	1.05	0.95				
	315	2	165.16893388210528	33.34640936421053	0.0	0.0	3	1.0450635232612624	0.38434663026312327	230.0	36	1.05	0.95				
	316	2	52.103764631578954	10.42075292631579	0.0	0.0	3	1.0432205498805123	0.31070555832166596	230.0	36	1.05	0.95				
	317	1	0.0	0.0	0.0	0.0	3	1.0499999935134896	3.6521001510343076	230.0	37	1.05	0.95				
	318	2	173.50553622315792	35.43055994947369	0.0	0.0	3	1.048765457607673	3.01572530445212	230.0	37	1.05	0.95				
	319	1	94.3078139831579	19.27839291368421	0.0	0.0	3	1.036928260895742	-0.9736299324820371	230.0	35	1.05	0.95				
	320	1	66.69281872842106	13.546978804210527	0.0	0.0	3	1.0355622657553716	-1.103261434188002	230.0	35	1.05	0.95				
	321	2	0.0	0.0	0.0	0.0	3	1.05	3.6642512071733666	230.0	37	1.05	0.95				
	322	2	0.0	0.0	0.0	0.0	3	1.05	8.007037492611397	230.0	37	1.05	0.95				
	323	2	0.0	0.0	0.0	0.0	3	1.0357487767822398	-0.7821544858006144	230.0	35	1.05	0.95				
	324	1	0.0	0.0	0.0	0.0	3	1.0352805412149462	-1.7669534404669138	230.0	36	1.05	0.95				
	325	1	0.0	0.0	0.0	0.0	3	1.032951308351405	0.39816142785622316	230.0	35	1.05	0.95				
];

%% generator data
%    bus    Pg    Qg    Qmax    Qmin    Vg    mBase    status    Pmax    Pmin    Pc1    Pc2    Qc1min    Qc1max    Qc2min    Qc2max    ramp_agc    ramp_10    ramp_30    ramp_q    apf
