%% MATPOWER Case Format : Version 2
function mpc = RTS_GMLC
mpc.version = '2';

%%-----  Power Flow Data  -----%%
%% system MVA base
mpc.baseMVA = 100.0;
%% bus data
%    bus_i    type    Pd    Qd    Gs    Bs    area    Vm    Va    baseKV    zone    Vmax    Vmin
mpc.bus = [
	101	2	93.71845621894737	19.09079663719298	0.0	0.0	1	1.0370999193007435	-5.743189366888288	138.0	11	1.05	0.95				
	102	2	84.17305790035087	17.35526967017544	0.0	0.0	1	1.0370418665760563	-5.8220447978809595	138.0	12	1.05	0.95				
	103	1	156.19742703157894	32.10724888982456	0.0	0.0	1	1.0155727969810522	-6.1668970051514735	138.0	11	1.05	0.95				
	104	1	64.21449777964912	13.016452252631577	0.0	0.0	1	1.0167874592089883	-8.383962612449462	138.0	11	1.05	0.95				
	105	1	61.6112073291228	12.148688769122808	0.0	0.0	1	1.0320579943522623	-8.597548058622923	138.0	11	1.05	0.95				
	106	1	118.01583375719298	24.297377538245616	0.0	-100.0	1	1.033835250360735	-10.984572954071073	138.0	12	1.05	0.95				
	107	2	108.4704354385965	21.694087087719296	0.0	0.0	1	1.05	-6.806006919099774	138.0	12	1.05	0.95				
	108	1	148.38755568	30.371721922807016	0.0	0.0	1	1.0220703258076154	-9.988133248512746	138.0	12	1.05	0.95				
	109	1	151.8586096140351	31.239485406315787	0.0	0.0	1	1.0270987858111662	-7.2510939731619155	138.0	13	1.05	0.95				
	110	1	169.2138792842105	34.71053934035088	0.0	0.0	1	1.05	-8.76709578974298	138.0	13	1.05	0.95				
	111	1	0.0	0.0	0.0	0.0	1	1.0190748928011497	-3.389259297682936	230.0	13	1.05	0.95				
	112	1	0.0	0.0	0.0	0.0	1	1.0193349960964877	-2.1844070101948136	230.0	13	1.05	0.95				
	113	3	229.95732312982454	46.85922810947368	0.0	0.0	1	1.0268452845800635	3.102645465747323e-26	230.0	14	1.05	0.95				
	114	2	168.34611580070174	33.8427758568421	0.0	0.0	1	1.0250253378566105	-1.7691414019520595	230.0	16	1.05	0.95				
	115	2	275.0810242722807	55.536862944561406	0.0	0.0	1	1.043663010305734	6.067435347500554	230.0	16	1.05	0.95				
	116	2	86.77634835087719	17.35526967017544	0.0	0.0	1	1.0446132032121613	5.820051852007928	230.0	16	1.05	0.95				
	117	1	0.0	0.0	0.0	0.0	1	1.0474622417189108	9.020855313206408	230.0	17	1.05	0.95				
	118	2	288.96524000842106	59.00791687859649	0.0	0.0	1	1.049627300328064	9.592723274867984	230.0	17	1.05	0.95				
	119	1	157.06519051508772	32.10724888982456	0.0	0.0	1	1.0393074212863849	4.809185852002993	230.0	15	1.05	0.95				
	120	1	111.07372588912281	22.56185057122807	0.0	0.0	1	1.042722656350358	5.556377764203972	230.0	15	1.05	0.95				
	121	2	0.0	0.0	0.0	0.0	1	1.05	10.512639412097181	230.0	17	1.05	0.95				
	122	2	0.0	0.0	0.0	0.0	1	1.05	17.74934439358204	230.0	17	1.05	0.95				
	123	2	0.0	0.0	0.0	0.0	1	1.0474071093192054	6.597851682352856	230.0	15	1.05	0.95				
	124	1	0.0	0.0	0.0	0.0	1	1.0177771516860354	1.5577758587422965	230.0	16	1.05	0.95				
	201	2	92.95513931368421	18.935306156491226	0.0	0.0	2	1.05	-10.25435375385985	138.0	21	1.05	0.95				
	202	2	83.48748623543858	17.2139146877193	0.0	0.0	2	1.05	-10.255074945888484	138.0	22	1.05	0.95				
	203	1	154.92523218947366	31.8457421722807	0.0	0.0	2	1.0274261110199634	-8.241143054990209	138.0	21	1.05	0.95				
	204	1	63.6914843445614	12.910436015789472	0.0	0.0	2	1.0218260388771925	-11.966817718255161	138.0	21	1.05	0.95				
	205	1	61.1093971414035	12.049740281403508	0.0	0.0	2	1.038880202226387	-12.322962591370656	138.0	21	1.05	0.95				
	206	1	117.05461987649122	24.099480562807017	0.0	-100.0	2	1.0373152643270978	-14.267704473680038	138.0	22	1.05	0.95				
	207	2	107.5869667982456	21.51739335964912	0.0	0.0	2	0.95	-25.32432442791866	138.0	22	1.05	0.95				
	208	1	147.17897057999997	30.124350703508767	0.0	0.0	2	0.9549269693780275	-21.881459665645572	138.0	22	1.05	0.95				
	209	1	150.62175351754382	30.98504643789473	0.0	0.0	2	1.0264719426634525	-9.924537785901352	138.0	23	1.05	0.95				
	210	1	167.83566820526315	34.4278293754386	0.0	0.0	2	1.0496156672707408	-11.754134035981439	138.0	23	1.05	0.95				
	211	1	0.0	0.0	0.0	0.0	2	1.0323045684292302	-4.724933015575085	230.0	23	1.05	0.95				
	212	1	0.0	0.0	0.0	0.0	2	1.0251780709249851	-1.5033884473522865	230.0	23	1.05	0.95				
	213	2	228.08436961228065	46.47756965684211	0.0	0.0	2	1.05	-0.06660169677380329	230.0	24	1.05	0.95				
	214	2	166.97497247087716	33.56713364105263	0.0	0.0	2	1.05	-2.959416828283091	230.0	26	1.05	0.95				
	215	2	272.8405478003508	55.08452700070174	0.0	0.0	2	1.0462364711864978	4.736595785161428	230.0	26	1.05	0.95				
	216	2	86.06957343859648	17.2139146877193	0.0	0.0	2	1.0499461357045337	4.852935133118204	230.0	26	1.05	0.95				
	217	1	0.0	0.0	0.0	0.0	2	1.05	7.524046030870943	230.0	27	1.05	0.95				
	218	2	286.6116795505263	58.52730993824561	0.0	0.0	2	1.049545877347247	8.198449275398808	230.0	27	1.05	0.95				
	219	1	155.78592792385965	31.8457421722807	0.0	0.0	2	1.043246920767779	4.971832884710538	230.0	25	1.05	0.95				
	220	1	110.16905400140348	22.378089094035087	0.0	0.0	2	1.0454797505766513	6.684417790277054	230.0	25	1.05	0.95				
	221	2	0.0	0.0	0.0	0.0	2	1.05	8.769013116429916	230.0	27	1.05	0.95				
	222	2	0.0	0.0	0.0	0.0	2	1.05	14.792498146638025	230.0	27	1.05	0.95				
	223	2	0.0	0.0	0.0	0.0	2	1.05	8.246771104022649	230.0	25	1.05	0.95				
	224	1	0.0	0.0	0.0	0.0	2	1.022729995998051	-0.09068543702543581	230.0	26	1.05	0.95				
	301	2	70.86111991578947	14.434672575438595	0.0	0.0	3	1.0154906758557474	-7.993768748576787	138.0	31	1.05	0.95				
	302	2	63.643783628070175	13.122429614035088	0.0	0.0	3	1.013622501223689	-8.332024358050084	138.0	32	1.05	0.95				
	303	1	118.10186652631577	24.27649478596491	0.0	0.0	3	1.049171638822746	6.069037670358484	138.0	31	1.05	0.95				
	304	1	48.55298957192982	9.841822210526315	0.0	0.0	3	1.0077657212686282	-6.578143551042851	138.0	31	1.05	0.95				
	305	1	46.58462512982456	9.18570072982456	0.0	0.0	3	1.0241606392597713	-8.118592247663218	138.0	31	1.05	0.95				
	306	1	89.2325213754386	18.37140145964912	0.0	-100.0	3	1.035120613661582	-8.913409619309029	138.0	32	1.05	0.95				
	307	2	82.0151850877193	16.40303701754386	0.0	0.0	3	1.0027106457135677	-10.481326027659087	138.0	32	1.05	0.95				
	308	1	112.1967732	22.9642518245614	0.0	0.0	3	0.9994512304573011	-9.834386582828893	138.0	32	1.05	0.95				
	309	1	114.821259122807	23.620373305263158	0.0	0.0	3	1.025920932944837	-2.4577400193771397	138.0	33	1.05	0.95				
	310	1	127.94368873684209	26.244859228070176	0.0	0.0	3	1.05	-6.142594295889824	138.0	33	1.05	0.95				
	311	1	0.0	0.0	0.0	0.0	3	1.0161321880591137	-0.09414607245822167	230.0	33	1.05	0.95				
	312	1	0.0	0.0	0.0	0.0	3	1.0171196031591023	0.1905842984448279	230.0	33	1.05	0.95				
	313	2	173.8721923859649	35.43055995789474	0.0	0.0	3	1.0186803515416807	2.8724334832282414	230.0	34	1.05	0.95				
	314	2	127.28756725614035	25.588737747368423	0.0	0.0	3	1.023099034455909	1.5406682501589215	230.0	36	1.05	0.95				
	315	2	207.9905093824561	41.99177476491228	0.0	0.0	3	1.048563993762412	5.673969875767331	230.0	36	1.05	0.95				
	316	2	65.61214807017544	13.122429614035088	0.0	0.0	3	1.0434674459569846	5.193694429032958	230.0	36	1.05	0.95				
	317	1	0.0	0.0	0.0	0.0	3	1.0482095962928188	7.813156402127734	230.0	37	1.05	0.95				
	318	2	218.48845307368418	44.6162606877193	0.0	0.0	3	1.0478551670643457	7.4770057913027825	230.0	37	1.05	0.95				
	319	1	118.75798800701753	24.27649478596491	0.0	0.0	3	1.0355116664830775	4.150849380170907	230.0	35	1.05	0.95				
	320	1	83.98354952982456	17.059158498245612	0.0	0.0	3	1.0326495290897777	3.8072193323435175	230.0	35	1.05	0.95				
	321	2	0.0	0.0	0.0	0.0	3	1.05	8.55394662694185	230.0	37	1.05	0.95				
	322	2	0.0	0.0	0.0	0.0	3	1.05	14.038817883862185	230.0	37	1.05	0.95				
	323	2	0.0	0.0	0.0	0.0	3	1.0322621494562783	3.9661871211284954	230.0	35	1.05	0.95				
	324	1	0.0	0.0	0.0	0.0	3	1.0464108755062071	6.862877543708964	230.0	36	1.05	0.95				
	325	1	0.0	0.0	0.0	0.0	3	1.0329534259382236	4.528544720578685	230.0	35	1.05	0.95				
];

%% generator data
%    bus    Pg    Qg    Qmax    Qmin    Vg    mBase    status    Pmax    Pmin    Pc1    Pc2    Qc1min    Qc1max    Qc2min    Qc2max    ramp_agc    ramp_10    ramp_30    ramp_q    apf
