%% MATPOWER Case Format : Version 2
function mpc = RTS_GMLC
mpc.version = '2';

%%-----  Power Flow Data  -----%%
%% system MVA base
mpc.baseMVA = 100.0;
%% bus data
%    bus_i    type    Pd    Qd    Gs    Bs    area    Vm    Va    baseKV    zone    Vmax    Vmin
mpc.bus = [
	101	2	80.54576943157895	16.407471550877194	0.0	0.0	1	1.0430677042394543	0.7298297529008378	138.0	11	1.05	0.95				
	102	2	72.34203365614034	14.915883228070175	0.0	0.0	1	1.042541389002623	0.5084370838814669	138.0	12	1.05	0.95				
	103	1	134.24294905263156	27.594383971929826	0.0	0.0	1	1.0256470587400381	-1.514173344989707	138.0	11	1.05	0.95				
	104	1	55.18876794385965	11.18691242105263	0.0	0.0	1	1.0231404464851404	-3.1535481920518422	138.0	11	1.05	0.95				
	105	1	52.95138545964912	10.441118259649123	0.0	0.0	1	1.0357296061934462	-3.4987569380999264	138.0	11	1.05	0.95				
	106	1	101.42800595087719	20.882236519298246	0.0	-100.0	1	1.0378224931157225	-6.577951881795134	138.0	12	1.05	0.95				
	107	2	93.22427017543859	18.644854035087718	0.0	0.0	1	1.05	-6.0202636772179305	138.0	12	1.05	0.95				
	108	1	127.53080159999999	26.102795649122807	0.0	0.0	1	1.0258474799311144	-7.808728578703678	138.0	12	1.05	0.95				
	109	1	130.51397824561403	26.848589810526313	0.0	0.0	1	1.0272394961081595	-4.16376079427567	138.0	13	1.05	0.95				
	110	1	145.42986147368418	29.83176645614035	0.0	0.0	1	1.05	-5.487208022417525	138.0	13	1.05	0.95				
	111	1	0.0	0.0	0.0	0.0	1	1.0114985096353513	-1.7991778724113279	230.0	13	1.05	0.95				
	112	1	0.0	0.0	0.0	0.0	1	1.016322986647009	-1.0627639932345025	230.0	13	1.05	0.95				
	113	3	197.6354527719298	40.27288471578947	0.0	0.0	1	1.0132358245360629	-3.558761013209784e-27	230.0	14	1.05	0.95				
	114	2	144.6840673122807	29.08597229473684	0.0	0.0	1	1.0091559960797738	-0.27187271591097834	230.0	16	1.05	0.95				
	115	2	236.41674916491223	47.73082632982456	0.0	0.0	1	1.0426781889080736	7.040582881996311	230.0	16	1.05	0.95				
	116	2	74.57941614035087	14.915883228070175	0.0	0.0	1	1.039757287177475	6.382037569720827	230.0	16	1.05	0.95				
	117	1	0.0	0.0	0.0	0.0	1	1.0446877886387478	9.071944325426013	230.0	17	1.05	0.95				
	118	2	248.3494557473684	50.714002975438596	0.0	0.0	1	1.0469345471001086	9.461900670524352	230.0	17	1.05	0.95				
	119	1	134.98874321403508	27.594383971929826	0.0	0.0	1	1.0335973711618796	5.071539218393278	230.0	15	1.05	0.95				
	120	1	95.46165265964912	19.390648196491227	0.0	0.0	1	1.034128648472763	4.975524576536849	230.0	15	1.05	0.95				
	121	2	0.0	0.0	0.0	0.0	1	1.0499999858874085	10.965142734027411	230.0	17	1.05	0.95				
	122	2	0.0	0.0	0.0	0.0	1	1.05	17.05052356862605	230.0	17	1.05	0.95				
	123	2	0.0	0.0	0.0	0.0	1	1.0364313071863143	5.479470174760875	230.0	15	1.05	0.95				
	124	1	0.0	0.0	0.0	0.0	1	1.0254472155697993	3.861636503897835	230.0	16	1.05	0.95				
	201	2	96.08311034526317	19.572485440701755	0.0	0.0	2	1.05	-17.873439786387333	138.0	21	1.05	0.95				
	202	2	86.29686762491228	17.793168582456143	0.0	0.0	2	1.05	-17.99663691259063	138.0	22	1.05	0.95				
	203	1	160.13851724210525	32.91736187754386	0.0	0.0	2	1.021844766381528	-12.547259982936927	138.0	21	1.05	0.95				
	204	1	65.83472375508772	13.344876436842105	0.0	0.0	2	1.0197240179891045	-18.886089059156184	138.0	21	1.05	0.95				
	205	1	63.1657484677193	12.4552180077193	0.0	0.0	2	1.038273576072735	-19.541378713817696	138.0	21	1.05	0.95				
	206	1	120.99354636070177	24.9104360154386	0.0	-100.0	2	1.0361749250262706	-21.320555214550282	138.0	22	1.05	0.95				
	207	2	111.20730364035087	22.241460728070177	0.0	0.0	2	0.95	-31.288460420342588	138.0	22	1.05	0.95				
	208	1	152.13159137999997	31.138045019298243	0.0	0.0	2	0.953758874949481	-28.155072347968073	138.0	22	1.05	0.95				
	209	1	155.69022509649122	32.02770344842105	0.0	0.0	2	1.0240693796102147	-16.025240730158306	138.0	23	1.05	0.95				
	210	1	173.48339367894735	35.58633716491229	0.0	0.0	2	1.0490984073697263	-18.465070572965192	138.0	23	1.05	0.95				
	211	1	0.0	0.0	0.0	0.0	2	1.03283009553757	-11.64723081736157	230.0	23	1.05	0.95				
	212	1	0.0	0.0	0.0	0.0	2	1.0267137246082343	-7.005322290138337	230.0	23	1.05	0.95				
	213	2	235.75948371754384	48.04155517263158	0.0	0.0	2	1.05	-8.525285695001797	230.0	24	1.05	0.95				
	214	2	172.59373524982456	34.696678735789476	0.0	0.0	2	1.05	-9.046539605866517	230.0	26	1.05	0.95				
	215	2	282.0217220319298	56.93813946385965	0.0	0.0	2	1.0425574159255273	0.7430759476309372	230.0	26	1.05	0.95				
	216	2	88.9658429122807	17.793168582456143	0.0	0.0	2	1.0465585552307177	0.16434248076377517	230.0	26	1.05	0.95				
	217	1	0.0	0.0	0.0	0.0	2	1.0478222997045488	3.6297017562233473	230.0	27	1.05	0.95				
	218	2	296.25625689789473	60.496773180350885	0.0	0.0	2	1.0499999978585761	4.210755866660229	230.0	27	1.05	0.95				
	219	1	161.02817567122807	32.91736187754386	0.0	0.0	2	1.0412467815380353	-0.4103884730580895	230.0	25	1.05	0.95				
	220	1	113.8762789277193	23.131119157192984	0.0	0.0	2	1.0448924043485623	0.7561668772405169	230.0	25	1.05	0.95				
	221	2	0.0	0.0	0.0	0.0	2	1.05	4.781823283348777	230.0	27	1.05	0.95				
	222	2	0.0	0.0	0.0	0.0	2	1.05	10.841494685977187	230.0	27	1.05	0.95				
	223	2	0.0	0.0	0.0	0.0	2	1.05	2.0391588046734888	230.0	25	1.05	0.95				
	224	1	0.0	0.0	0.0	0.0	2	1.017956470001756	-4.191954203932094	230.0	26	1.05	0.95				
	301	2	71.03195192842105	14.469471689122807	0.0	0.0	3	1.0008298735313839	-6.231087806693628	138.0	31	1.05	0.95				
	302	2	63.79721608385965	13.154065171929826	0.0	0.0	3	1.001231229419605	-6.316097756997239	138.0	32	1.05	0.95				
	303	1	118.38658654736842	24.335020568070178	0.0	0.0	3	1.016819670908135	-1.5460292486580287	138.0	31	1.05	0.95				
	304	1	48.670041136140355	9.865548878947369	0.0	0.0	3	1.0023286226270869	-4.050373994681918	138.0	31	1.05	0.95				
	305	1	46.69693136035088	9.207845620350879	0.0	0.0	3	1.01526263021615	-4.271983539044398	138.0	31	1.05	0.95				
	306	1	89.44764316912281	18.415691240701758	0.0	-100.0	3	1.0314434575569584	-3.9059067079671568	138.0	32	1.05	0.95				
	307	2	82.21290732456141	16.44258146491228	0.0	0.0	3	0.9917713657455679	-8.767659047497236	138.0	32	1.05	0.95				
	308	1	112.46725722	23.019614050877195	0.0	0.0	3	0.9980615881520635	-5.7373936186043295	138.0	32	1.05	0.95				
	309	1	115.09807025438596	23.677317309473683	0.0	0.0	3	1.0271825457631405	0.47769194604833215	138.0	33	1.05	0.95				
	310	1	128.2521354263158	26.308130343859652	0.0	0.0	3	1.05	-0.21175960601967384	138.0	33	1.05	0.95				
	311	1	0.0	0.0	0.0	0.0	3	1.0182302673463348	6.593100321423701	230.0	33	1.05	0.95				
	312	1	0.0	0.0	0.0	0.0	3	1.0227742160581772	8.196095960816121	230.0	33	1.05	0.95				
	313	2	174.29136352807018	35.515975964210526	0.0	0.0	3	1.0466877622052433	15.151536016366029	230.0	34	1.05	0.95				
	314	2	127.5944321677193	25.65042708526316	0.0	0.0	3	1.0203022912096837	5.358819718028337	230.0	36	1.05	0.95				
	315	2	208.49193297508774	42.09300855017544	0.0	0.0	3	1.0372398576255784	4.05361530553063	230.0	36	1.05	0.95				
	316	2	65.77032585964912	13.154065171929826	0.0	0.0	3	1.0365611852283527	4.761867212779266	230.0	36	1.05	0.95				
	317	1	0.0	0.0	0.0	0.0	3	1.0415989174168558	5.057563683401963	230.0	37	1.05	0.95				
	318	2	219.01518511263157	44.723821584561406	0.0	0.0	3	1.041427351740565	4.557383398233118	230.0	37	1.05	0.95				
	319	1	119.04428980596494	24.335020568070178	0.0	0.0	3	1.0337945625369889	5.7698009620342	230.0	35	1.05	0.95				
	320	1	84.18601710035088	17.100284723508775	0.0	0.0	3	1.0374568021472117	7.875907740026626	230.0	35	1.05	0.95				
	321	2	0.0	0.0	0.0	0.0	3	1.0435443248506828	5.915128717952095	230.0	37	1.05	0.95				
	322	2	0.0	0.0	0.0	0.0	3	1.05	9.903647646315813	230.0	37	1.05	0.95				
	323	2	0.0	0.0	0.0	0.0	3	1.0400520233738895	8.814290995382388	230.0	35	1.05	0.95				
	324	1	0.0	0.0	0.0	0.0	3	1.0241407360974153	3.797887136109053	230.0	36	1.05	0.95				
	325	1	0.0	0.0	0.0	0.0	3	1.0413270058838124	9.000526490899029	230.0	35	1.05	0.95				
];
