%% MATPOWER Case Format : Version 2
function mpc = RTS_GMLC
mpc.version = '2';

%%-----  Power Flow Data  -----%%
%% system MVA base
mpc.baseMVA = 100.0;
%% bus data
%    bus_i    type    Pd    Qd    Gs    Bs    area    Vm    Va    baseKV    zone    Vmax    Vmin
mpc.bus = [
	101	2	57.820880766315796	11.778327563508773	0.0	0.0	1	1.0307350831063464	-0.09135097585004656	138.0	11	1.05	0.95				
	102	2	51.931716984561405	10.707570512280702	0.0	0.0	1	1.030334681396411	-0.236408340238096	138.0	12	1.05	0.95				
	103	1	96.36813461052633	19.8090054477193	0.0	0.0	1	1.0233622928080635	-1.7043097109022838	138.0	11	1.05	0.95				
	104	1	39.6180108954386	8.030677884210526	0.0	0.0	1	1.0184965159047894	-3.239951867941853	138.0	11	1.05	0.95				
	105	1	38.01187531859649	7.495299358596492	0.0	0.0	1	1.033161160893071	-3.088935140531287	138.0	11	1.05	0.95				
	106	1	72.81147948350878	14.990598717192984	0.0	-100.0	1	1.0418308799985319	-5.294826783845555	138.0	12	1.05	0.95				
	107	2	66.92231570175439	13.384463140350878	0.0	0.0	1	1.024505447593565	-6.791723012088881	138.0	12	1.05	0.95				
	108	1	91.54972787999999	18.738248396491226	0.0	0.0	1	1.0165511872535669	-7.279352234313327	138.0	12	1.05	0.95				
	109	1	93.69124198245615	19.273626922105265	0.0	0.0	1	1.0254027371659653	-3.5210843228044753	138.0	13	1.05	0.95				
	110	1	104.39881249473683	21.415141024561404	0.0	0.0	1	1.05	-4.430362881816094	138.0	13	1.05	0.95				
	111	1	0.0	0.0	0.0	0.0	1	1.0058522944871684	-1.2842766571343245	230.0	13	1.05	0.95				
	112	1	0.0	0.0	0.0	0.0	1	1.0117030476557622	-0.7302216806788451	230.0	13	1.05	0.95				
	113	3	141.8753092877193	28.910440383157898	0.0	0.0	1	1.0035638471054615	-1.4363289475900828e-30	230.0	14	1.05	0.95				
	114	2	103.86343396912281	20.87976249894737	0.0	0.0	1	1.001187226103054	0.40439769168383877	230.0	16	1.05	0.95				
	115	2	169.71499261964914	34.264225639298246	0.0	0.0	1	1.035199455486228	6.373348589007591	230.0	16	1.05	0.95				
	116	2	53.53785256140351	10.707570512280702	0.0	0.0	1	1.0323187345561677	5.967196082488788	230.0	16	1.05	0.95				
	117	1	0.0	0.0	0.0	0.0	1	1.0385459841859512	8.00811479363975	230.0	17	1.05	0.95				
	118	2	178.28104902947368	36.40573974175439	0.0	0.0	1	1.0401216207294213	8.08571928818771	230.0	17	1.05	0.95				
	119	1	96.90351313614035	19.8090054477193	0.0	0.0	1	1.0275665947735348	4.866128425950033	230.0	15	1.05	0.95				
	120	1	68.52845127859649	13.919841665964913	0.0	0.0	1	1.0276997893672846	4.943966321303922	230.0	15	1.05	0.95				
	121	2	0.0	0.0	0.0	0.0	1	1.043436265623718	9.389008005798834	230.0	17	1.05	0.95				
	122	2	0.0	0.0	0.0	0.0	1	1.05	15.661802189585979	230.0	17	1.05	0.95				
	123	2	0.0	0.0	0.0	0.0	1	1.028845964258058	5.394981265978585	230.0	15	1.05	0.95				
	124	1	0.0	0.0	0.0	0.0	1	1.0205059791693243	3.356505352555346	230.0	16	1.05	0.95				
	201	2	66.40138515789474	13.526208087719299	0.0	0.0	2	1.032207267220108	-13.858950999670157	138.0	21	1.05	0.95				
	202	2	59.63828111403509	12.296552807017544	0.0	0.0	2	1.032422336966761	-13.95160820456108	138.0	22	1.05	0.95				
	203	1	110.6689752631579	22.748622692982458	0.0	0.0	2	1.0207108409483312	-11.17101641104897	138.0	21	1.05	0.95				
	204	1	45.497245385964916	9.22241460526316	0.0	0.0	2	1.017115470947751	-16.106851470733304	138.0	21	1.05	0.95				
	205	1	43.65276246491228	8.607586964912283	0.0	0.0	2	1.03310324139179	-16.45180418920775	138.0	21	1.05	0.95				
	206	1	83.61655908771931	17.215173929824566	0.0	-100.0	2	1.0403144014928167	-18.489195655338715	138.0	22	1.05	0.95				
	207	2	76.85345504385965	15.370691008771932	0.0	0.0	2	0.9880523152645881	-27.751064320555837	138.0	22	1.05	0.95				
	208	1	105.1355265	21.518967412280702	0.0	0.0	2	0.9876090243735203	-24.780770343641493	138.0	22	1.05	0.95				
	209	1	107.59483706140351	22.13379505263158	0.0	0.0	2	1.023498689509985	-15.371902516200745	138.0	23	1.05	0.95				
	210	1	119.89138986842104	24.59310561403509	0.0	0.0	2	1.05	-17.136774590558538	138.0	23	1.05	0.95				
	211	1	0.0	0.0	0.0	0.0	2	1.0168791943536384	-11.953437130970302	230.0	23	1.05	0.95				
	212	1	0.0	0.0	0.0	0.0	2	1.0154589681216246	-11.048172829582581	230.0	23	1.05	0.95				
	213	2	162.92932469298248	33.20069257894737	0.0	0.0	2	1.0182269325848428	-10.673602502045275	230.0	24	1.05	0.95				
	214	2	119.27656222807018	23.97827797368421	0.0	0.0	2	1.0266581502714573	-8.795125148020237	230.0	26	1.05	0.95				
	215	2	194.90036199122807	39.34896898245614	0.0	0.0	2	1.0362128573290454	-0.2647260731061932	230.0	26	1.05	0.95				
	216	2	61.482764035087726	12.296552807017544	0.0	0.0	2	1.0397301329743436	-0.5626849677058986	230.0	26	1.05	0.95				
	217	1	0.0	0.0	0.0	0.0	2	1.0414232114353652	2.5976572248102627	230.0	27	1.05	0.95				
	218	2	204.73760423684212	41.808279543859655	0.0	0.0	2	1.042839858840133	2.9245764022650103	230.0	27	1.05	0.95				
	219	1	111.28380290350879	22.748622692982458	0.0	0.0	2	1.0396964063049576	-1.2862267812333217	230.0	25	1.05	0.95				
	220	1	78.69793796491228	15.98551864912281	0.0	0.0	2	1.0446620058136786	-0.752533526184815	230.0	25	1.05	0.95				
	221	2	0.0	0.0	0.0	0.0	2	1.0426163279481793	2.6225651906888765	230.0	27	1.05	0.95				
	222	2	0.0	0.0	0.0	0.0	2	1.05	9.117715234432202	230.0	27	1.05	0.95				
	223	2	0.0	0.0	0.0	0.0	2	1.0488998827465703	-0.01167835055827833	230.0	25	1.05	0.95				
	224	1	0.0	0.0	0.0	0.0	2	1.0168599759681138	-4.330521567027682	230.0	26	1.05	0.95				
	301	2	45.355900016842114	9.239164818245614	0.0	0.0	3	1.0133800900076915	-5.691940258433982	138.0	31	1.05	0.95				
	302	2	40.7363176077193	8.39924074385965	0.0	0.0	3	1.0127180903586128	-6.012498343432517	138.0	32	1.05	0.95				
	303	1	75.59316669473685	15.538595376140352	0.0	0.0	3	1.0493330795509868	6.4932700623408275	138.0	31	1.05	0.95				
	304	1	31.077190752280703	6.299430557894736	0.0	0.0	3	1.0120242626468785	-5.083500099691334	138.0	31	1.05	0.95				
	305	1	29.817304640701753	5.879468520701756	0.0	0.0	3	1.0265889526176657	-6.653743898598955	138.0	31	1.05	0.95				
	306	1	57.11483705824561	11.758937041403511	0.0	-100.0	3	1.0417684406634353	-7.706003992724847	138.0	32	1.05	0.95				
	307	2	52.49525464912281	10.499050929824563	0.0	0.0	3	0.9887216467296005	-11.930993058130152	138.0	32	1.05	0.95				
	308	1	71.81350836	14.698671301754384	0.0	0.0	3	0.9967595427953361	-10.054008187087213	138.0	32	1.05	0.95				
	309	1	73.49335650877194	15.118633338947369	0.0	0.0	3	1.0240336351454273	-2.590216037223082	138.0	33	1.05	0.95				
	310	1	81.89259725263159	16.7984814877193	0.0	0.0	3	1.05	-6.263984050483774	138.0	33	1.05	0.95				
	311	1	0.0	0.0	0.0	0.0	3	1.007818026186946	-2.1274379178486384	230.0	33	1.05	0.95				
	312	1	0.0	0.0	0.0	0.0	3	1.0128591977091055	-1.5433479001250185	230.0	33	1.05	0.95				
	313	2	111.28993985614035	22.677950008421057	0.0	0.0	3	1.010131689467664	0.609540848192734	230.0	34	1.05	0.95				
	314	2	81.4726352154386	16.378519450526316	0.0	0.0	3	1.0018294995814663	-2.1157833694622576	230.0	36	1.05	0.95				
	315	2	133.12796579017544	26.87757038035088	0.0	0.0	3	1.0407014619770256	0.8854365682625255	230.0	36	1.05	0.95				
	316	2	41.99620371929825	8.39924074385965	0.0	0.0	3	1.0325601826725037	0.38736248493939807	230.0	36	1.05	0.95				
	317	1	0.0	0.0	0.0	0.0	3	1.04008758288372	1.433458873876784	230.0	37	1.05	0.95				
	318	2	139.84735838526316	28.557418529122806	0.0	0.0	3	1.041373588274013	1.3455873668694516	230.0	37	1.05	0.95				
	319	1	76.01312873192984	15.538595376140352	0.0	0.0	3	1.0245617963561442	-0.047709699199569244	230.0	35	1.05	0.95				
	320	1	53.75514076070176	10.919012967017546	0.0	0.0	3	1.0203894687480586	0.39499808090433647	230.0	35	1.05	0.95				
	321	2	0.0	0.0	0.0	0.0	3	1.0438382277186546	2.3946155491297456	230.0	37	1.05	0.95				
	322	2	0.0	0.0	0.0	0.0	3	1.05	6.341528288048835	230.0	37	1.05	0.95				
	323	2	0.0	0.0	0.0	0.0	3	1.018727653588221	0.9696623599745436	230.0	35	1.05	0.95				
	324	1	0.0	0.0	0.0	0.0	3	1.0413563425902599	3.032281982409975	230.0	36	1.05	0.95				
	325	1	0.0	0.0	0.0	0.0	3	1.0193416610143855	1.6968663658895766	230.0	35	1.05	0.95				
];
