%% MATPOWER Case Format : Version 2
function mpc = RTS_GMLC
mpc.version = '2';

%%-----  Power Flow Data  -----%%
%% system MVA base
mpc.baseMVA = 100.0;
%% bus data
%    bus_i    type    Pd    Qd    Gs    Bs    area    Vm    Va    baseKV    zone    Vmax    Vmin
mpc.bus = [
	101	2	69.67095498947369	14.192231571929826	0.0	0.0	1	1.043059870594239	-0.34244747587105306	138.0	11	1.05	0.95				
	102	2	62.57483920350877	12.902028701754386	0.0	0.0	1	1.0417940006019824	-0.7449366218675204	138.0	12	1.05	0.95				
	103	1	116.11825831578948	23.868753098245616	0.0	0.0	1	1.0297646095807562	-0.5779759727031063	138.0	11	1.05	0.95				
	104	1	47.73750619649123	9.67652152631579	0.0	0.0	1	1.0240757130139901	-3.7348094418808206	138.0	11	1.05	0.95				
	105	1	45.80220189122807	9.031420091228073	0.0	0.0	1	1.0373926879168052	-4.167315518818859	138.0	11	1.05	0.95				
	106	1	87.73379517192984	18.062840182456146	0.0	-100.0	1	1.040971199243989	-6.988313154302258	138.0	12	1.05	0.95				
	107	2	80.63767938596492	16.127535877192983	0.0	0.0	1	1.0005128135684775	-14.619907263716447	138.0	12	1.05	0.95				
	108	1	110.31234540000001	22.578550228070174	0.0	0.0	1	0.9961850330047262	-12.683308123130054	138.0	12	1.05	0.95				
	109	1	112.8927511403509	23.223651663157895	0.0	0.0	1	1.0256758765742164	-4.526110302392664	138.0	13	1.05	0.95				
	110	1	125.79477984210527	25.80405740350877	0.0	0.0	1	1.05	-6.058953303389771	138.0	13	1.05	0.95				
	111	1	0.0	0.0	0.0	0.0	1	1.0135416299418896	-1.5306544815053924	230.0	13	1.05	0.95				
	112	1	0.0	0.0	0.0	0.0	1	1.015576357235708	-1.3240447623021445	230.0	13	1.05	0.95				
	113	3	170.9518802982456	34.83547749473684	0.0	0.0	1	1.013494392229745	-4.8185415052248604e-30	230.0	14	1.05	0.95				
	114	2	125.14967840701755	25.158955968421054	0.0	0.0	1	1.0180363437885904	0.9323102651112556	230.0	16	1.05	0.95				
	115	2	204.49715492280706	41.28649184561404	0.0	0.0	1	1.0438214125324454	9.195072434395346	230.0	16	1.05	0.95				
	116	2	64.51014350877193	12.902028701754386	0.0	0.0	1	1.0422194838266412	8.285755202128021	230.0	16	1.05	0.95				
	117	1	0.0	0.0	0.0	0.0	1	1.045853467679397	12.056324649686843	230.0	17	1.05	0.95				
	118	2	214.81877788421056	43.86689758596492	0.0	0.0	1	1.048649043374066	12.990240133093923	230.0	17	1.05	0.95				
	119	1	116.7633597508772	23.868753098245616	0.0	0.0	1	1.0352420788773775	6.240736617754441	230.0	15	1.05	0.95				
	120	1	82.57298369122807	16.772637312280704	0.0	0.0	1	1.0342901050618831	5.237735661998312	230.0	15	1.05	0.95				
	121	2	0.0	0.0	0.0	0.0	1	1.05	14.915620562825874	230.0	17	1.05	0.95				
	122	2	0.0	0.0	0.0	0.0	1	1.05	20.322788400249934	230.0	17	1.05	0.95				
	123	2	0.0	0.0	0.0	0.0	1	1.0352560677539768	5.169263440929117	230.0	15	1.05	0.95				
	124	1	0.0	0.0	0.0	0.0	1	1.0263013794636877	5.548351429917314	230.0	16	1.05	0.95				
	201	2	74.13631355368422	15.101841649824562	0.0	0.0	2	1.0286139270893742	-13.424761237850309	138.0	21	1.05	0.95				
	202	2	66.58539272877194	13.728946954385965	0.0	0.0	2	1.0297650873485555	-13.219758266367759	138.0	22	1.05	0.95				
	203	1	123.56052258947369	25.39855186561404	0.0	0.0	2	1.0144588727177808	-11.802186112230839	138.0	21	1.05	0.95				
	204	1	50.79710373122808	10.296710215789474	0.0	0.0	2	1.0154543314177236	-13.756016574880015	138.0	21	1.05	0.95				
	205	1	48.73776168807017	9.610262868070176	0.0	0.0	2	1.0306052199323958	-14.179991221973086	138.0	21	1.05	0.95				
	206	1	93.35683928982456	19.220525736140353	0.0	-100.0	2	1.0381680442890053	-15.207477044619404	138.0	22	1.05	0.95				
	207	2	85.80591846491228	17.16118369298246	0.0	0.0	2	0.9740093331336297	-25.01056834042659	138.0	22	1.05	0.95				
	208	1	117.38249646000001	24.02565717017544	0.0	0.0	2	0.9762314335213725	-21.646008497336396	138.0	22	1.05	0.95				
	209	1	120.1282858508772	24.712104517894737	0.0	0.0	2	1.0254232772891854	-11.395033094161668	138.0	23	1.05	0.95				
	210	1	133.85723280526315	27.45789390877193	0.0	0.0	2	1.05	-12.762317471093274	138.0	23	1.05	0.95				
	211	1	0.0	0.0	0.0	0.0	2	1.0230267012662628	-7.461461732380593	230.0	23	1.05	0.95				
	212	1	0.0	0.0	0.0	0.0	2	1.0216002552078267	-2.0626928268541813	230.0	23	1.05	0.95				
	213	2	181.90854714561405	37.06815677684211	0.0	0.0	2	1.032978763926927	-4.084059436340015	230.0	24	1.05	0.95				
	214	2	133.17078545754387	26.77144656105263	0.0	0.0	2	1.0317704049235445	-5.891728949622559	230.0	26	1.05	0.95				
	215	2	217.60380922701756	43.93263025403509	0.0	0.0	2	1.0375998638838166	0.16527256745152566	230.0	26	1.05	0.95				
	216	2	68.64473477192983	13.728946954385965	0.0	0.0	2	1.0394679854437752	0.5832456772301493	230.0	26	1.05	0.95				
	217	1	0.0	0.0	0.0	0.0	2	1.0406256936926404	2.0022173287178493	230.0	27	1.05	0.95				
	218	2	228.58696679052633	46.67841964491228	0.0	0.0	2	1.0392081861428806	1.341550482830569	230.0	27	1.05	0.95				
	219	1	124.246969937193	25.39855186561404	0.0	0.0	2	1.037975954830429	2.165056534867196	230.0	25	1.05	0.95				
	220	1	87.86526050807018	17.847631040701756	0.0	0.0	2	1.0436742506544996	4.830559657750486	230.0	25	1.05	0.95				
	221	2	0.0	0.0	0.0	0.0	2	1.0406684269273307	1.7513688314464495	230.0	27	1.05	0.95				
	222	2	0.0	0.0	0.0	0.0	2	1.05	8.353383648364284	230.0	27	1.05	0.95				
	223	2	0.0	0.0	0.0	0.0	2	1.05	6.781744643586415	230.0	25	1.05	0.95				
	224	1	0.0	0.0	0.0	0.0	2	1.0140038473838069	-4.265661859532153	230.0	26	1.05	0.95				
	301	2	65.4115786105263	13.324580828070173	0.0	0.0	3	0.9897719476814754	14.076533500686095	138.0	31	1.05	0.95				
	302	2	58.74928819649122	12.113255298245614	0.0	0.0	3	0.9896684053499023	14.037479386019461	138.0	32	1.05	0.95				
	303	1	109.01929768421053	22.409522301754382	0.0	0.0	3	1.0155286668758365	17.08747408469698	138.0	31	1.05	0.95				
	304	1	44.819044603508765	9.084941473684209	0.0	0.0	3	0.9988268404424054	16.09690080809792	138.0	31	1.05	0.95				
	305	1	43.00205630877193	8.479278708771929	0.0	0.0	3	1.0104011191453899	16.064304193110985	138.0	31	1.05	0.95				
	306	1	82.37013602807018	16.958557417543858	0.0	-100.0	3	1.0302004309089834	16.48613423435405	138.0	32	1.05	0.95				
	307	2	75.70784561403508	15.141569122807017	0.0	0.0	3	0.9868792674949534	12.617347293931791	138.0	32	1.05	0.95				
	308	1	103.5683328	21.198196771929823	0.0	0.0	3	0.9983688679002707	15.332629748456911	138.0	32	1.05	0.95				
	309	1	105.9909838596491	21.8038595368421	0.0	0.0	3	1.0278775959656734	20.234906564071046	138.0	33	1.05	0.95				
	310	1	118.10423915789472	24.226510596491227	0.0	0.0	3	1.05	19.97332162137109	138.0	33	1.05	0.95				
	311	1	0.0	0.0	0.0	0.0	3	1.0187702851497955	26.369620326965034	230.0	33	1.05	0.95				
	312	1	0.0	0.0	0.0	0.0	3	1.0250263127910129	27.297044884421293	230.0	33	1.05	0.95				
	313	2	160.50063270175437	32.70578930526315	0.0	0.0	3	1.0463864605153015	34.59682897410262	230.0	34	1.05	0.95				
	314	2	117.49857639298244	23.62084783157895	0.0	0.0	3	1.020200976392597	25.237581863106527	230.0	36	1.05	0.95				
	315	2	191.99509647719296	38.76241695438596	0.0	0.0	3	1.0402059015708944	20.333447261705896	230.0	36	1.05	0.95				
	316	2	60.56627649122807	12.113255298245614	0.0	0.0	3	1.0414666581861527	21.64178047207584	230.0	36	1.05	0.95				
	317	1	0.0	0.0	0.0	0.0	3	1.05	22.24038663725466	230.0	37	1.05	0.95				
	318	2	201.68570071578947	41.18506801403509	0.0	0.0	3	1.0476350048005874	19.82177861712182	230.0	37	1.05	0.95				
	319	1	109.6249604491228	22.409522301754382	0.0	0.0	3	1.0420533172896387	23.485009238978108	230.0	35	1.05	0.95				
	320	1	77.52483390877192	15.747231887719298	0.0	0.0	3	1.0444755611461796	24.753533113508166	230.0	35	1.05	0.95				
	321	2	0.0	0.0	0.0	0.0	3	1.0458054014838554	20.614422242167358	230.0	37	1.05	0.95				
	322	2	0.0	0.0	0.0	0.0	3	1.05	25.59448535958896	230.0	37	1.05	0.95				
	323	2	0.0	0.0	0.0	0.0	3	1.0454070716400923	25.093995276099662	230.0	35	1.05	0.95				
	324	1	0.0	0.0	0.0	0.0	3	1.0274718444631805	21.09560323852647	230.0	36	1.05	0.95				
	325	1	0.0	0.0	0.0	0.0	3	1.0471614651102568	24.235466150272526	230.0	35	1.05	0.95				
];
