%% MATPOWER Case Format : Version 2
function mpc = RTS_GMLC
mpc.version = '2';

%%-----  Power Flow Data  -----%%
%% system MVA base
mpc.baseMVA = 100.0;
%% bus data
%    bus_i    type    Pd    Qd    Gs    Bs    area    Vm    Va    baseKV    zone    Vmax    Vmin
mpc.bus = [
	101	2	48.64275109894737	9.908708557192982	0.0	0.0	1	1.0344862253681602	2.283692086087943	138.0	11	1.05	0.95				
	102	2	43.688396820350874	9.007916870175439	0.0	0.0	1	1.0340771822083639	2.140609110973341	138.0	12	1.05	0.95				
	103	1	81.07125183157895	16.66464620982456	0.0	0.0	1	1.0282133742291748	0.2542860480694474	138.0	11	1.05	0.95				
	104	1	33.32929241964912	6.755937652631578	0.0	0.0	1	1.0214170805045912	-1.1752641944710431	138.0	11	1.05	0.95				
	105	1	31.978104889122804	6.305541809122809	0.0	0.0	1	1.0359912261001674	-0.9617539725586345	138.0	11	1.05	0.95				
	106	1	61.25383471719299	12.611083618245617	0.0	-100.0	1	1.0449386381433539	-3.239285986129674	138.0	12	1.05	0.95				
	107	2	56.2994804385965	11.259896087719298	0.0	0.0	1	1.0043730038345042	-8.03073750006328	138.0	12	1.05	0.95				
	108	1	77.01768924	15.763854522807016	0.0	0.0	1	1.0063480045029152	-7.076293493650841	138.0	12	1.05	0.95				
	109	1	78.81927261403509	16.214250366315788	0.0	0.0	1	1.0249988643930747	-2.068225844709205	138.0	13	1.05	0.95				
	110	1	87.82718948421052	18.015833740350878	0.0	0.0	1	1.05	-2.836743373406843	138.0	13	1.05	0.95				
	111	1	0.0	0.0	0.0	0.0	1	1.0044512067411282	-0.28940525188322563	230.0	13	1.05	0.95				
	112	1	0.0	0.0	0.0	0.0	1	1.0095676991870721	0.2266640765092924	230.0	13	1.05	0.95				
	113	3	119.35489852982455	24.321375549473686	0.0	0.0	1	0.997645400382199	-6.592170165775171e-32	230.0	14	1.05	0.95				
	114	2	87.37679364070175	17.565437896842106	0.0	0.0	1	1.0011292197969495	1.7448435131831463	230.0	16	1.05	0.95				
	115	2	142.7754823922807	28.825333984561404	0.0	0.0	1	1.0382468119251895	7.513642874306079	230.0	16	1.05	0.95				
	116	2	45.03958435087719	9.007916870175439	0.0	0.0	1	1.034448049198471	7.22191520636986	230.0	16	1.05	0.95				
	117	1	0.0	0.0	0.0	0.0	1	1.0416127361741114	8.960853908503216	230.0	17	1.05	0.95				
	118	2	149.98181588842107	30.626917358596494	0.0	0.0	1	1.043892563696286	8.891381350917662	230.0	17	1.05	0.95				
	119	1	81.52164767508772	16.66464620982456	0.0	0.0	1	1.0290683851157325	6.398512272267774	230.0	15	1.05	0.95				
	120	1	57.65066796912281	11.71029193122807	0.0	0.0	1	1.0275660777625146	6.553151399677032	230.0	15	1.05	0.95				
	121	2	0.0	0.0	0.0	0.0	1	1.047876314155464	9.854838230284331	230.0	17	1.05	0.95				
	122	2	0.0	0.0	0.0	0.0	1	1.05	16.514956787376804	230.0	17	1.05	0.95				
	123	2	0.0	0.0	0.0	0.0	1	1.0274239720547096	6.98469172238471	230.0	15	1.05	0.95				
	124	1	0.0	0.0	0.0	0.0	1	1.0250430727924145	4.799129463459523	230.0	16	1.05	0.95				
	201	2	53.838501498947366	10.967102157192981	0.0	0.0	2	1.0313985465428719	-8.114017326689028	138.0	21	1.05	0.95				
	202	2	48.354950420350875	9.970092870175439	0.0	0.0	2	1.0318093522140295	-8.094445883490316	138.0	22	1.05	0.95				
	203	1	89.73083583157894	18.44467180982456	0.0	0.0	2	1.0192132661762257	-7.523291878932612	138.0	21	1.05	0.95				
	204	1	36.88934361964912	7.477569652631579	0.0	0.0	2	1.0189133754982485	-10.316325712752672	138.0	21	1.05	0.95				
	205	1	35.3938296891228	6.979065009122808	0.0	0.0	2	1.0343553400707606	-10.479858372175022	138.0	21	1.05	0.95				
	206	1	67.79663151719298	13.958130018245615	0.0	-100.0	2	1.0435870719369267	-12.275208582539204	138.0	22	1.05	0.95				
	207	2	62.313080438596494	12.462616087719297	0.0	0.0	2	0.989560801180663	-19.791988846552194	138.0	22	1.05	0.95				
	208	1	85.24429403999999	17.447662522807015	0.0	0.0	2	0.9938893206148953	-17.47783268045897	138.0	22	1.05	0.95				
	209	1	87.23831261403507	17.94616716631579	0.0	0.0	2	1.0231251662927472	-10.105438732930889	138.0	23	1.05	0.95				
	210	1	97.20840548421052	19.940185740350877	0.0	0.0	2	1.05	-11.298187548549977	138.0	23	1.05	0.95				
	211	1	0.0	0.0	0.0	0.0	2	1.0088470802243064	-7.144355808559905	230.0	23	1.05	0.95				
	212	1	0.0	0.0	0.0	0.0	2	1.0104124270116475	-6.59726372873455	230.0	23	1.05	0.95				
	213	2	132.10373052982453	26.919250749473683	0.0	0.0	2	1.00417353567926	-6.241036642554574	230.0	24	1.05	0.95				
	214	2	96.70990084070175	19.441681096842103	0.0	0.0	2	1.0133517589696996	-4.304203765380869	230.0	26	1.05	0.95				
	215	2	158.0259719922807	31.904297184561404	0.0	0.0	2	1.0308064674796207	2.852554301848249	230.0	26	1.05	0.95				
	216	2	49.85046435087719	9.970092870175439	0.0	0.0	2	1.0325992672255766	2.728655924718334	230.0	26	1.05	0.95				
	217	1	0.0	0.0	0.0	0.0	2	1.0374504102517497	5.755367225882309	230.0	27	1.05	0.95				
	218	2	166.00204628842104	33.89831575859649	0.0	0.0	2	1.039352527972389	6.283277740672474	230.0	27	1.05	0.95				
	219	1	90.22934047508771	18.44467180982456	0.0	0.0	2	1.0308455409558033	1.6985176322954965	230.0	25	1.05	0.95				
	220	1	63.80859436912281	12.961120731228071	0.0	0.0	2	1.0331040760241712	1.7648762960421374	230.0	25	1.05	0.95				
	221	2	0.0	0.0	0.0	0.0	2	1.039014408260069	5.895829787478747	230.0	27	1.05	0.95				
	222	2	0.0	0.0	0.0	0.0	2	1.05	12.34178939291881	230.0	27	1.05	0.95				
	223	2	0.0	0.0	0.0	0.0	2	1.0352230617184632	2.1771775076009283	230.0	25	1.05	0.95				
	224	1	0.0	0.0	0.0	0.0	2	1.0136399085699284	-1.0292749197188729	230.0	26	1.05	0.95				
	301	2	42.33217335157895	8.62322049754386	0.0	0.0	3	1.008665347876425	-18.842922732484002	138.0	31	1.05	0.95				
	302	2	38.02056310280702	7.839291361403509	0.0	0.0	3	1.008629211923451	-18.934476462265998	138.0	32	1.05	0.95				
	303	1	70.55362225263157	14.50268901859649	0.0	0.0	3	1.0210230721239097	-14.33625607260319	138.0	31	1.05	0.95				
	304	1	29.00537803719298	5.879468521052631	0.0	0.0	3	1.0111813594091252	-17.62004151707983	138.0	31	1.05	0.95				
	305	1	27.829484332982457	5.487503952982457	0.0	0.0	3	1.0243081460019183	-18.238475092770457	138.0	31	1.05	0.95				
	306	1	53.30718125754387	10.975007905964913	0.0	-100.0	3	1.0416572150822274	-18.38180158278348	138.0	32	1.05	0.95				
	307	2	48.99557100877193	9.799114201754385	0.0	0.0	3	0.9930119408348782	-22.59247095358524	138.0	32	1.05	0.95				
	308	1	67.02594114	13.718759882456139	0.0	0.0	3	1.0008221939511128	-20.86103139149276	138.0	32	1.05	0.95				
	309	1	68.5937994122807	14.110724450526316	0.0	0.0	3	1.0251432656713584	-14.933244656431357	138.0	33	1.05	0.95				
	310	1	76.43309077368421	15.678582722807018	0.0	0.0	3	1.05	-16.371136649489724	138.0	33	1.05	0.95				
	311	1	0.0	0.0	0.0	0.0	3	1.0052201912870802	-11.054128293995506	230.0	33	1.05	0.95				
	312	1	0.0	0.0	0.0	0.0	3	1.0095933724241686	-10.52740513497111	230.0	33	1.05	0.95				
	313	2	103.8706105385965	21.166086675789476	0.0	0.0	3	1.0084949015282163	-7.51998211828306	230.0	34	1.05	0.95				
	314	2	76.04112620561403	15.286618154736843	0.0	0.0	3	1.0022436824146745	-9.425167996249167	230.0	36	1.05	0.95				
	315	2	124.25276807824561	25.08573235649123	0.0	0.0	3	1.0281638782525373	-5.564521568360484	230.0	36	1.05	0.95				
	316	2	39.19645680701754	7.839291361403509	0.0	0.0	3	1.0272801267252352	-4.808538939783275	230.0	36	1.05	0.95				
	317	1	0.0	0.0	0.0	0.0	3	1.0329272911244642	-3.644006351833325	230.0	37	1.05	0.95				
	318	2	130.52420116736843	26.653590628771934	0.0	0.0	3	1.0325830632226474	-3.63466317868612	230.0	37	1.05	0.95				
	319	1	70.94558682070175	14.50268901859649	0.0	0.0	3	1.023943994225473	-5.35981298334997	230.0	35	1.05	0.95				
	320	1	50.17146471298246	10.191078769824562	0.0	0.0	3	1.023508755377467	-5.070147141338846	230.0	35	1.05	0.95				
	321	2	0.0	0.0	0.0	0.0	3	1.0339551532154467	-3.436728519221122	230.0	37	1.05	0.95				
	322	2	0.0	0.0	0.0	0.0	3	1.046808476443593	0.8149441372331129	230.0	37	1.05	0.95				
	323	2	0.0	0.0	0.0	0.0	3	1.0237199034358218	-4.605911867995986	230.0	35	1.05	0.95				
	324	1	0.0	0.0	0.0	0.0	3	1.0145553070112237	-8.858673803737382	230.0	36	1.05	0.95				
	325	1	0.0	0.0	0.0	0.0	3	1.0215674673377027	-3.379777753452464	230.0	35	1.05	0.95				
];
