%% MATPOWER Case Format : Version 2
function mpc = RTS_GMLC
mpc.version = '2';

%%-----  Power Flow Data  -----%%
%% system MVA base
mpc.baseMVA = 100.0;
%% bus data
%    bus_i    type    Pd    Qd    Gs    Bs    area    Vm    Va    baseKV    zone    Vmax    Vmin
mpc.bus = [
	101	2	67.98762989052632	13.849332014736843	0.0	0.0	1	1.0391714931279308	3.758421926033643	138.0	11	1.05	0.95				
	102	2	61.06296388315789	12.590301831578948	0.0	0.0	1	1.0385839571387003	3.4913015465559267	138.0	12	1.05	0.95				
	103	1	113.31271648421053	23.29205838842105	0.0	0.0	1	1.0286179433300648	1.3253192019682585	138.0	11	1.05	0.95				
	104	1	46.5841167768421	9.44272637368421	0.0	0.0	1	1.0229732110890601	-0.6094739130101813	138.0	11	1.05	0.95				
	105	1	44.69557150210526	8.813211282105264	0.0	0.0	1	1.0347086911859364	-0.9188850670664901	138.0	11	1.05	0.95				
	106	1	85.61405245473685	17.62642256421053	0.0	-100.0	1	1.0397542763611771	-4.154106118145678	138.0	12	1.05	0.95				
	107	2	78.68938644736842	15.737877289473683	0.0	0.0	1	1.0447624772823343	-8.772914857720123	138.0	12	1.05	0.95				
	108	1	107.64708066	22.033028205263154	0.0	0.0	1	1.024963386800036	-8.317744869992968	138.0	12	1.05	0.95				
	109	1	110.16514102631578	22.662543296842106	0.0	0.0	1	1.026746918844565	-2.4790099004658472	138.0	13	1.05	0.95				
	110	1	122.75544285789472	25.180603663157896	0.0	0.0	1	1.05	-3.712060779876543	138.0	13	1.05	0.95				
	111	1	0.0	0.0	0.0	0.0	1	1.0081614497533198	-0.5325900874691197	230.0	13	1.05	0.95				
	112	1	0.0	0.0	0.0	0.0	1	1.0156518432253903	-0.30561076324204794	230.0	13	1.05	0.95				
	113	3	166.82149926842104	33.99381494526316	0.0	0.0	1	1.008006353397406	4.753727822854738e-28	230.0	14	1.05	0.95				
	114	2	122.12592776631578	24.551088571578948	0.0	0.0	1	1.003056933332784	1.6736020834922423	230.0	16	1.05	0.95				
	115	2	199.55628403052629	40.28896586105263	0.0	0.0	1	1.0416889059772247	9.359497451937168	230.0	16	1.05	0.95				
	116	2	62.95150915789473	12.590301831578948	0.0	0.0	1	1.0393397296863025	8.487780083358912	230.0	16	1.05	0.95				
	117	1	0.0	0.0	0.0	0.0	1	1.0440036973114037	11.47364865346417	230.0	17	1.05	0.95				
	118	2	209.62852549578946	42.807026227368425	0.0	0.0	1	1.0463766537055548	11.97141938642582	230.0	17	1.05	0.95				
	119	1	113.94223157578946	23.29205838842105	0.0	0.0	1	1.0341015135248595	6.539119478290254	230.0	15	1.05	0.95				
	120	1	80.57793172210526	16.367392381052632	0.0	0.0	1	1.034402555941313	5.593865854736468	230.0	15	1.05	0.95				
	121	2	0.0	0.0	0.0	0.0	1	1.0488554792399314	13.425563967300217	230.0	17	1.05	0.95				
	122	2	0.0	0.0	0.0	0.0	1	1.05	19.832148210583533	230.0	17	1.05	0.95				
	123	2	0.0	0.0	0.0	0.0	1	1.035982436753747	5.545913935666722	230.0	15	1.05	0.95				
	124	1	0.0	0.0	0.0	0.0	1	1.026514205737116	6.362833178154123	230.0	16	1.05	0.95				
	201	2	87.10719343578948	17.744057922105263	0.0	0.0	2	1.0456028879341774	-22.273509394138316	138.0	21	1.05	0.95				
	202	2	78.23516447473683	16.13096174736842	0.0	0.0	2	1.048096855637774	-22.4506885187349	138.0	22	1.05	0.95				
	203	1	145.1786557263158	29.84227923263158	0.0	0.0	2	1.0207034439042204	-16.559064388825245	138.0	21	1.05	0.95				
	204	1	59.68455846526316	12.098221310526316	0.0	0.0	2	1.0201686412053508	-23.78782705737811	138.0	21	1.05	0.95				
	205	1	57.26491420315789	11.291673223157897	0.0	0.0	2	1.0375384101681162	-24.435795937288248	138.0	21	1.05	0.95				
	206	1	109.69053988210528	22.583346446315794	0.0	-100.0	2	1.0387771100257626	-26.42074473089613	138.0	22	1.05	0.95				
	207	2	100.81851092105263	20.16370218421053	0.0	0.0	2	0.95	-37.66122653661289	138.0	22	1.05	0.95				
	208	1	137.91972294	28.229183057894737	0.0	0.0	2	0.9557067604732613	-33.905246050895535	138.0	22	1.05	0.95				
	209	1	141.1459152894737	29.03573114526316	0.0	0.0	2	1.0231014588563732	-21.633219704361412	138.0	23	1.05	0.95				
	210	1	157.2768770368421	32.26192349473684	0.0	0.0	2	1.05	-24.120536975028045	138.0	23	1.05	0.95				
	211	1	0.0	0.0	0.0	0.0	2	1.031881995708302	-16.668628796777345	230.0	23	1.05	0.95				
	212	1	0.0	0.0	0.0	0.0	2	1.0225213459661147	-15.442795913781197	230.0	23	1.05	0.95				
	213	2	213.7352431526316	43.55359671789474	0.0	0.0	2	1.05	-13.552696449239509	230.0	24	1.05	0.95				
	214	2	156.47032894947367	31.455375407368425	0.0	0.0	2	1.05	-13.47456961282627	230.0	26	1.05	0.95				
	215	2	255.6757436957895	51.61907759157896	0.0	0.0	2	1.0428495660622872	-3.2946845325078966	230.0	26	1.05	0.95				
	216	2	80.65480873684211	16.13096174736842	0.0	0.0	2	1.0469069385370002	-3.933658892798415	230.0	26	1.05	0.95				
	217	1	0.0	0.0	0.0	0.0	2	1.0475327327326953	-0.3857580191011776	230.0	27	1.05	0.95				
	218	2	268.58051309368426	54.84526994105264	0.0	0.0	2	1.0499999994197036	-0.4112692568459984	230.0	27	1.05	0.95				
	219	1	145.98520381368422	29.84227923263158	0.0	0.0	2	1.0423489026542092	-4.633343802523131	230.0	25	1.05	0.95				
	220	1	103.23815518315791	20.970250271578948	0.0	0.0	2	1.0456309944806343	-3.732177384265785	230.0	25	1.05	0.95				
	221	2	0.0	0.0	0.0	0.0	2	1.05	-0.5864273430658996	230.0	27	1.05	0.95				
	222	2	0.0	0.0	0.0	0.0	2	1.05	6.004174891613223	230.0	27	1.05	0.95				
	223	2	0.0	0.0	0.0	0.0	2	1.05	-2.6533003476752706	230.0	25	1.05	0.95				
	224	1	0.0	0.0	0.0	0.0	2	1.0177489053892212	-8.213572184456792	230.0	26	1.05	0.95				
	301	2	80.22271433684212	16.341664031578947	0.0	0.0	3	0.9702359253630014	-7.110312221826092	138.0	31	1.05	0.95				
	302	2	72.05188232105264	14.856058210526319	0.0	0.0	3	0.9723115942827741	-7.241351957218161	138.0	32	1.05	0.95				
	303	1	133.70452389473687	27.483707689473686	0.0	0.0	3	0.9936969453208061	-1.1588795281848134	138.0	31	1.05	0.95				
	304	1	54.96741537894737	11.142043657894737	0.0	0.0	3	0.9671084534126796	-4.364068577586195	138.0	31	1.05	0.95				
	305	1	52.73900664736843	10.399240747368422	0.0	0.0	3	0.978094957570885	-4.717861727669066	138.0	31	1.05	0.95				
	306	1	101.02119583157896	20.798481494736844	0.0	-100.0	3	0.990346929616769	-4.239534576286311	138.0	32	1.05	0.95				
	307	2	92.85036381578948	18.570072763157896	0.0	0.0	3	0.95	-10.090907801629278	138.0	32	1.05	0.95				
	308	1	127.0192977	25.998101868421053	0.0	0.0	3	0.9551208828421417	-6.313576885222543	138.0	32	1.05	0.95				
	309	1	129.99050934210527	26.74090477894737	0.0	0.0	3	0.992780818379099	1.2298903140702728	138.0	33	1.05	0.95				
	310	1	144.8465675526316	29.712116421052638	0.0	0.0	3	1.0107393435240524	0.24666703284977434	138.0	33	1.05	0.95				
	311	1	0.0	0.0	0.0	0.0	3	0.9862099632738391	8.55300347360874	230.0	33	1.05	0.95				
	312	1	0.0	0.0	0.0	0.0	3	0.991097412056271	10.29131820860419	230.0	33	1.05	0.95				
	313	2	196.8427712894737	40.11135716842106	0.0	0.0	3	1.0194067768640966	18.41052706885699	230.0	34	1.05	0.95				
	314	2	144.1037646421053	28.96931351052632	0.0	0.0	3	0.995805611475668	7.399840700166688	230.0	36	1.05	0.95				
	315	2	235.46852263684212	47.539386273684215	0.0	0.0	3	1.0315185357836245	2.8540383027797875	230.0	36	1.05	0.95				
	316	2	74.28029105263158	14.856058210526319	0.0	0.0	3	1.0305938397253964	4.597503272683283	230.0	36	1.05	0.95				
	317	1	0.0	0.0	0.0	0.0	3	1.0377953154567212	3.8377704735472573	230.0	37	1.05	0.95				
	318	2	247.3533692052632	50.51059791578948	0.0	0.0	3	1.0367879312504598	2.3250730991259094	230.0	37	1.05	0.95				
	319	1	134.44732680526317	27.483707689473686	0.0	0.0	3	1.0250645259849565	7.299797753363089	230.0	35	1.05	0.95				
	320	1	95.07877254736843	19.312875673684214	0.0	0.0	3	1.0256900060557217	9.852300825309452	230.0	35	1.05	0.95				
	321	2	0.0	0.0	0.0	0.0	3	1.037331810259444	3.2781126109994108	230.0	37	1.05	0.95				
	322	2	0.0	0.0	0.0	0.0	3	1.0499999896080272	7.806944025787465	230.0	37	1.05	0.95				
	323	2	0.0	0.0	0.0	0.0	3	1.026928481596662	10.943457519596775	230.0	35	1.05	0.95				
	324	1	0.0	0.0	0.0	0.0	3	1.0133216626812798	3.3994848850034414	230.0	36	1.05	0.95				
	325	1	0.0	0.0	0.0	0.0	3	1.029122174345863	11.166215117377188	230.0	35	1.05	0.95				
];
