%% MATPOWER Case Format : Version 2
function mpc = RTS_GMLC
mpc.version = '2';

%%-----  Power Flow Data  -----%%
%% system MVA base
mpc.baseMVA = 100.0;
%% bus data
%    bus_i    type    Pd    Qd    Gs    Bs    area    Vm    Va    baseKV    zone    Vmax    Vmin
mpc.bus = [
	101	2	90.41860466526316	18.418604654035086	0.0	0.0	1	1.0474749850759812	-0.2584193920092649	138.0	11	1.05	0.95				
	102	2	81.20930233824562	16.74418604912281	0.0	0.0	1	1.0472677596674769	-0.41803833019997766	138.0	12	1.05	0.95				
	103	1	150.69767444210527	30.97674419087719	0.0	0.0	1	1.0244467369312213	-1.8799391170163902	138.0	11	1.05	0.95				
	104	1	61.95348838175438	12.558139536842106	0.0	0.0	1	1.0236695323838367	-4.137019232990879	138.0	11	1.05	0.95				
	105	1	59.44186047438597	11.720930234385966	0.0	0.0	1	1.036703791176538	-4.600960420811419	138.0	11	1.05	0.95				
	106	1	113.8604651340351	23.44186046877193	0.0	-100.0	1	1.0361793212636012	-7.809567593471362	138.0	12	1.05	0.95				
	107	2	104.65116280701754	20.930232561403507	0.0	0.0	1	1.05	-6.872457755167653	138.0	12	1.05	0.95				
	108	1	143.16279072	29.302325585964912	0.0	0.0	1	1.0230745371754153	-8.93875123302078	138.0	12	1.05	0.95				
	109	1	146.51162792982456	30.13953488842105	0.0	0.0	1	1.0273277851107143	-4.8802877697823615	138.0	13	1.05	0.95				
	110	1	163.25581397894737	33.48837209824562	0.0	0.0	1	1.05	-6.441714927762454	138.0	13	1.05	0.95				
	111	1	0.0	0.0	0.0	0.0	1	1.0154884812969398	-2.081827466321457	230.0	13	1.05	0.95				
	112	1	0.0	0.0	0.0	0.0	1	1.0181130998496017	-1.2697743406876782	230.0	13	1.05	0.95				
	113	3	221.8604651508772	45.20930233263158	0.0	0.0	1	1.0188521869625722	-1.3699280468240488e-30	230.0	14	1.05	0.95				
	114	2	162.41860467649124	32.651162795789475	0.0	0.0	1	1.017511642575863	-0.29314173523124926	230.0	16	1.05	0.95				
	115	2	265.39534887859645	53.58139535719298	0.0	0.0	1	1.0437999406523149	8.124042910508562	230.0	16	1.05	0.95				
	116	2	83.72093024561403	16.74418604912281	0.0	0.0	1	1.0425332661166549	7.321768070861342	230.0	16	1.05	0.95				
	117	1	0.0	0.0	0.0	0.0	1	1.0461674909174488	10.571796136506617	230.0	17	1.05	0.95				
	118	2	278.7906977178948	56.93023256701755	0.0	0.0	1	1.0483932482428893	11.268491480102515	230.0	17	1.05	0.95				
	119	1	151.5348837445614	30.97674419087719	0.0	0.0	1	1.0364576370454381	5.836245995145363	230.0	15	1.05	0.95				
	120	1	107.16279071438596	21.76744186385965	0.0	0.0	1	1.038010293403659	5.682448249910237	230.0	15	1.05	0.95				
	121	2	0.0	0.0	0.0	0.0	1	1.05	12.88802026976443	230.0	17	1.05	0.95				
	122	2	0.0	0.0	0.0	0.0	1	1.05	18.531999019413885	230.0	17	1.05	0.95				
	123	2	0.0	0.0	0.0	0.0	1	1.0412779537432568	6.216229727741731	230.0	15	1.05	0.95				
	124	1	0.0	0.0	0.0	0.0	1	1.0240232552021948	4.410497964402795	230.0	16	1.05	0.95				
	201	2	95.16511883368422	19.38548716982456	0.0	0.0	2	1.05	-16.25659653887249	138.0	21	1.05	0.95				
	202	2	85.47237524877193	17.623170154385967	0.0	0.0	2	1.05	-16.362910730299305	138.0	22	1.05	0.95				
	203	1	158.60853138947368	32.60286478561403	0.0	0.0	2	1.0239190794103799	-11.574195827859146	138.0	21	1.05	0.95				
	204	1	65.20572957122806	13.217377615789475	0.0	0.0	2	1.0204918446931868	-17.245546819906238	138.0	21	1.05	0.95				
	205	1	62.56225404807017	12.336219108070177	0.0	0.0	2	1.0385975677652326	-17.846251968560182	138.0	21	1.05	0.95				
	206	1	119.83755704982457	24.672438216140353	0.0	-100.0	2	1.036767088715671	-19.570506676715137	138.0	22	1.05	0.95				
	207	2	110.14481346491229	22.028962692982457	0.0	0.0	2	0.95	-29.775899646384698	138.0	22	1.05	0.95				
	208	1	150.67810482	30.840547770175437	0.0	0.0	2	0.9541914585627116	-26.53441233532907	138.0	22	1.05	0.95				
	209	1	154.20273885087718	31.721706277894736	0.0	0.0	2	1.0251134396493642	-14.41851061141751	138.0	23	1.05	0.95				
	210	1	171.82590900526316	35.246340308771934	0.0	0.0	2	1.0494953986760802	-16.7166089438785	138.0	23	1.05	0.95				
	211	1	0.0	0.0	0.0	0.0	2	1.0331759711162096	-10.032499036808394	230.0	23	1.05	0.95				
	212	1	0.0	0.0	0.0	0.0	2	1.0266271212182023	-5.090045972794525	230.0	23	1.05	0.95				
	213	2	233.50700454561402	47.58255941684211	0.0	0.0	2	1.05	-6.9436912750549515	230.0	24	1.05	0.95				
	214	2	170.94475049754385	34.365181801052636	0.0	0.0	2	1.05	-7.45862265801638	230.0	26	1.05	0.95				
	215	2	279.32724694701756	56.39414449403509	0.0	0.0	2	1.0437486595882572	1.9811760381869208	230.0	26	1.05	0.95				
	216	2	88.11585077192983	17.623170154385967	0.0	0.0	2	1.0475272571395398	1.646530090796378	230.0	26	1.05	0.95				
	217	1	0.0	0.0	0.0	0.0	2	1.0487025238742982	4.924713266706322	230.0	27	1.05	0.95				
	218	2	293.42578307052634	59.918778524912284	0.0	0.0	2	1.05	5.511627772196814	230.0	27	1.05	0.95				
	219	1	159.489689897193	32.60286478561403	0.0	0.0	2	1.0417858155844062	1.4179383896062594	230.0	25	1.05	0.95				
	220	1	112.78828898807018	22.910121200701756	0.0	0.0	2	1.0450049009165872	2.8687307739883123	230.0	25	1.05	0.95				
	221	2	0.0	0.0	0.0	0.0	2	1.05	6.062821806736907	230.0	27	1.05	0.95				
	222	2	0.0	0.0	0.0	0.0	2	1.05	12.128123907528247	230.0	27	1.05	0.95				
	223	2	0.0	0.0	0.0	0.0	2	1.05	4.301338275562008	230.0	25	1.05	0.95				
	224	1	0.0	0.0	0.0	0.0	2	1.019072172839755	-3.0567864956156563	230.0	26	1.05	0.95				
	301	2	75.04650428210526	15.287250872280703	0.0	0.0	3	0.9859228904121627	0.14519020447514683	138.0	31	1.05	0.95				
	302	2	67.4028788459649	13.897500792982456	0.0	0.0	3	0.9877299809582936	0.05747248412064568	138.0	32	1.05	0.95				
	303	1	125.07750713684212	25.710376467017543	0.0	0.0	3	1.0023926972845036	4.569375171192839	138.0	31	1.05	0.95				
	304	1	51.420752934035086	10.423125594736842	0.0	0.0	3	0.9847915791956245	2.6629989160460137	138.0	31	1.05	0.95				
	305	1	49.336127815087714	9.728250555087719	0.0	0.0	3	0.9966701077380773	2.4972561276377485	138.0	31	1.05	0.95				
	306	1	94.5030053922807	19.456501110175438	0.0	-100.0	3	1.0110400287417745	3.0246684000498174	138.0	32	1.05	0.95				
	307	2	86.85937995614034	17.37187599122807	0.0	0.0	3	0.9640362446163223	-1.989036807930552	138.0	32	1.05	0.95				
	308	1	118.82363178	24.320626387719297	0.0	0.0	3	0.9733440588120508	1.3525402666174033	138.0	32	1.05	0.95				
	309	1	121.60313193859649	25.01550142736842	0.0	0.0	3	1.0090801292731113	7.7251458920233995	138.0	33	1.05	0.95				
	310	1	135.50063273157892	27.79500158596491	0.0	0.0	3	1.0300868484846037	7.160321217349621	138.0	33	1.05	0.95				
	311	1	0.0	0.0	0.0	0.0	3	1.0018007990385793	14.90965057422485	230.0	33	1.05	0.95				
	312	1	0.0	0.0	0.0	0.0	3	1.0067996896259854	16.24981509372448	230.0	33	1.05	0.95				
	313	2	184.14188550701752	37.52325214105263	0.0	0.0	3	1.0336741264422546	24.192265758419293	230.0	34	1.05	0.95				
	314	2	134.8057576919298	27.10012654631579	0.0	0.0	3	1.0081830019319316	13.962229226723322	230.0	36	1.05	0.95				
	315	2	220.27538756877192	44.47200253754386	0.0	0.0	3	1.0359558340655788	9.853003670892742	230.0	36	1.05	0.95				
	316	2	69.48750396491228	13.897500792982456	0.0	0.0	3	1.03531612150755	11.266890759187921	230.0	36	1.05	0.95				
	317	1	0.0	0.0	0.0	0.0	3	1.0404419948800803	10.487465807452972	230.0	37	1.05	0.95				
	318	2	231.39338820315788	47.25150269614035	0.0	0.0	3	1.0400315654884418	9.471157581099197	230.0	37	1.05	0.95				
	319	1	125.77238217649122	25.710376467017543	0.0	0.0	3	1.0324319327230829	13.471937512578869	230.0	35	1.05	0.95				
	320	1	88.94400507508772	18.066751030877192	0.0	0.0	3	1.0335849783105848	15.3184968346021	230.0	35	1.05	0.95				
	321	2	0.0	0.0	0.0	0.0	3	1.0414849572605904	10.782441332467915	230.0	37	1.05	0.95				
	322	2	0.0	0.0	0.0	0.0	3	1.05	14.986540309131726	230.0	37	1.05	0.95				
	323	2	0.0	0.0	0.0	0.0	3	1.0344798058269908	16.015414874517337	230.0	35	1.05	0.95				
	324	1	0.0	0.0	0.0	0.0	3	1.0182455669523365	9.822474975402718	230.0	36	1.05	0.95				
	325	1	0.0	0.0	0.0	0.0	3	1.0370719052516209	15.7567084222004	230.0	35	1.05	0.95				
];
