%% MATPOWER Case Format : Version 2
function mpc = RTS_GMLC
mpc.version = '2';

%%-----  Power Flow Data  -----%%
%% system MVA base
mpc.baseMVA = 100.0;
%% bus data
%    bus_i    type    Pd    Qd    Gs    Bs    area    Vm    Va    baseKV    zone    Vmax    Vmin
mpc.bus = [
	101	2	66.73181593263158	13.593518060350876	0.0	0.0	1	1.0314335921742313	0.8275467766255684	138.0	11	1.05	0.95				
	102	2	59.93505690245613	12.35774369122807	0.0	0.0	1	1.0315005487839766	0.7954541144771743	138.0	12	1.05	0.95				
	103	1	111.21969322105262	22.861825828771927	0.0	0.0	1	1.023247291774769	-1.0637791178832108	138.0	11	1.05	0.95				
	104	1	45.723651657543854	9.268307768421051	0.0	0.0	1	1.0178776723885106	-2.444742829493976	138.0	11	1.05	0.95				
	105	1	43.86999010385964	8.650420583859649	0.0	0.0	1	1.0323311172216374	-2.3267689164916754	138.0	11	1.05	0.95				
	106	1	84.03265710035087	17.300841167719298	0.0	-100.0	1	1.039615360226013	-4.656196338390012	138.0	12	1.05	0.95				
	107	2	77.23589807017544	15.447179614035086	0.0	0.0	1	1.0478351676717288	-1.0432100169212188	138.0	12	1.05	0.95				
	108	1	105.65870856	21.62605145964912	0.0	0.0	1	1.0280967846984193	-3.8079632841076814	138.0	12	1.05	0.95				
	109	1	108.13025729824561	22.243938644210523	0.0	0.0	1	1.026403032212543	-2.5916832610756555	138.0	13	1.05	0.95				
	110	1	120.48800098947368	24.71548738245614	0.0	0.0	1	1.05	-3.569541530562352	138.0	13	1.05	0.95				
	111	1	0.0	0.0	0.0	0.0	1	1.0084430236630435	-0.6908937824877319	230.0	13	1.05	0.95				
	112	1	0.0	0.0	0.0	0.0	1	1.0133056344392877	0.20104313889278394	230.0	13	1.05	0.95				
	113	3	163.7401039087719	33.36590796631579	0.0	0.0	1	1.0051567648324058	-6.439854249851972e-31	230.0	14	1.05	0.95				
	114	2	119.87011380491226	24.097600197894735	0.0	0.0	1	1.0059113469612015	1.1934191467947988	230.0	16	1.05	0.95				
	115	2	195.8702375059649	39.54477981192982	0.0	0.0	1	1.0418821341046511	7.550803717694139	230.0	16	1.05	0.95				
	116	2	61.788718456140344	12.35774369122807	0.0	0.0	1	1.039253184825782	7.516208390798144	230.0	16	1.05	0.95				
	117	1	0.0	0.0	0.0	0.0	1	1.0457520870530492	9.688392645367138	230.0	17	1.05	0.95				
	118	2	205.75643245894736	42.01632855017544	0.0	0.0	1	1.0482625997013901	9.96271023019367	230.0	17	1.05	0.95				
	119	1	111.83758040561402	22.861825828771927	0.0	0.0	1	1.0343841860220355	6.825740954092932	230.0	15	1.05	0.95				
	120	1	79.08955962385964	16.06506679859649	0.0	0.0	1	1.0352291312449573	7.403818004681328	230.0	15	1.05	0.95				
	121	2	0.0	0.0	0.0	0.0	1	1.05	10.044164991959162	230.0	17	1.05	0.95				
	122	2	0.0	0.0	0.0	0.0	1	1.05	16.43530723393204	230.0	17	1.05	0.95				
	123	2	0.0	0.0	0.0	0.0	1	1.0372677457649346	8.183442705070911	230.0	15	1.05	0.95				
	124	1	0.0	0.0	0.0	0.0	1	1.0239925527950535	4.354975728629761	230.0	16	1.05	0.95				
	201	2	75.68329922526317	15.416968360701755	0.0	0.0	2	1.036965058262927	-9.96846209052172	138.0	21	1.05	0.95				
	202	2	67.97481504491229	14.015425782456143	0.0	0.0	2	1.0370052952667224	-10.101056510871489	138.0	22	1.05	0.95				
	203	1	126.13883204210528	25.928537697543863	0.0	0.0	2	1.0262852149721386	-6.70365871984753	138.0	21	1.05	0.95				
	204	1	51.857075395087726	10.511569336842106	0.0	0.0	2	1.018330307964785	-12.02679910593008	138.0	21	1.05	0.95				
	205	1	49.754761527719296	9.8107980477193	0.0	0.0	2	1.0344442712765034	-12.43264667050401	138.0	21	1.05	0.95				
	206	1	95.30489532070176	19.6215960954386	0.0	-100.0	2	1.039021779473859	-14.48289139886537	138.0	22	1.05	0.95				
	207	2	87.59641114035088	17.519282228070175	0.0	0.0	2	0.9703727129023051	-24.995408779846972	138.0	22	1.05	0.95				
	208	1	119.83189044	24.526995119298245	0.0	0.0	2	0.9732025406148832	-21.544859923550316	138.0	22	1.05	0.95				
	209	1	122.63497559649123	25.227766408421054	0.0	0.0	2	1.0249721580468802	-10.769647109008002	138.0	23	1.05	0.95				
	210	1	136.65040137894738	28.030851564912286	0.0	0.0	2	1.05	-12.731583306707577	138.0	23	1.05	0.95				
	211	1	0.0	0.0	0.0	0.0	2	1.023147497937148	-6.411884848184703	230.0	23	1.05	0.95				
	212	1	0.0	0.0	0.0	0.0	2	1.0201394346153725	-5.571463488382844	230.0	23	1.05	0.95				
	213	2	185.70439161754388	37.841649612631585	0.0	0.0	2	1.0314374878118977	-3.377797345981366	230.0	24	1.05	0.95				
	214	2	135.94963008982458	27.330080275789477	0.0	0.0	2	1.0364204007585032	-3.843848301150644	230.0	26	1.05	0.95				
	215	2	222.14449865192984	44.84936250385965	0.0	0.0	2	1.042871297042136	4.2359365010789185	230.0	26	1.05	0.95				
	216	2	70.0771289122807	14.015425782456143	0.0	0.0	2	1.046397902520726	4.081393506837959	230.0	26	1.05	0.95				
	217	1	0.0	0.0	0.0	0.0	2	1.0477906814238014	7.545588124606109	230.0	27	1.05	0.95				
	218	2	233.35683927789478	47.65244766035088	0.0	0.0	2	1.0498597662854947	8.352186085496683	230.0	27	1.05	0.95				
	219	1	126.83960333122808	25.928537697543863	0.0	0.0	2	1.0431441772358419	2.9262610175222474	230.0	25	1.05	0.95				
	220	1	89.6987250077193	18.220053517192987	0.0	0.0	2	1.0463831024579038	3.234700518229107	230.0	25	1.05	0.95				
	221	2	0.0	0.0	0.0	0.0	2	1.05	8.698583651414706	230.0	27	1.05	0.95				
	222	2	0.0	0.0	0.0	0.0	2	1.05	14.757907380008673	230.0	27	1.05	0.95				
	223	2	0.0	0.0	0.0	0.0	2	1.05	3.9137318411333295	230.0	25	1.05	0.95				
	224	1	0.0	0.0	0.0	0.0	2	1.0229843144019426	0.1615695090614421	230.0	26	1.05	0.95				
	301	2	64.81366654736843	13.202783926315789	0.0	0.0	3	1.0087559715909842	-29.28378879300874	138.0	31	1.05	0.95				
	302	2	58.21227458421052	12.002530842105264	0.0	0.0	3	1.0078211231011331	-29.515255511709487	138.0	32	1.05	0.95				
	303	1	108.02277757894738	22.204682057894736	0.0	0.0	3	1.019962460930958	-23.13378258708719	138.0	31	1.05	0.95				
	304	1	44.40936411578947	9.001898131578947	0.0	0.0	3	1.0072294120683871	-27.910201009641483	138.0	31	1.05	0.95				
	305	1	42.608984489473684	8.401771589473684	0.0	0.0	3	1.0212344890586325	-28.673899963633524	138.0	31	1.05	0.95				
	306	1	81.61720972631579	16.80354317894737	0.0	-100.0	3	1.0352888151806434	-29.008097794264973	138.0	32	1.05	0.95				
	307	2	75.0158177631579	15.003163552631579	0.0	0.0	3	1.0046840359363844	-30.479840783008672	138.0	32	1.05	0.95				
	308	1	102.6216387	21.00442897368421	0.0	0.0	3	1.0025603186474508	-30.11333697058223	138.0	32	1.05	0.95				
	309	1	105.02214486842105	21.60455551578947	0.0	0.0	3	1.0272292198720472	-24.148156479636533	138.0	33	1.05	0.95				
	310	1	117.02467571052632	24.005061684210528	0.0	0.0	3	1.05	-26.13740583486347	138.0	33	1.05	0.95				
	311	1	0.0	0.0	0.0	0.0	3	1.0172268452326336	-19.181151527974194	230.0	33	1.05	0.95				
	312	1	0.0	0.0	0.0	0.0	3	1.017745101363542	-18.522719680856092	230.0	33	1.05	0.95				
	313	2	159.03353365789474	32.406833273684214	0.0	0.0	3	1.0255276291771802	-15.092013848766296	230.0	34	1.05	0.95				
	314	2	116.42454916842104	23.404935142105266	0.0	0.0	3	1.0265647308118409	-16.84197859474752	230.0	36	1.05	0.95				
	315	2	190.24011384736843	38.40809869473684	0.0	0.0	3	1.047606163166586	-10.307331709310436	230.0	36	1.05	0.95				
	316	2	60.012654210526314	12.002530842105264	0.0	0.0	3	1.0474784484566197	-9.939979031696693	230.0	36	1.05	0.95				
	317	1	0.0	0.0	0.0	0.0	3	1.04889714265478	-7.284449288806561	230.0	37	1.05	0.95				
	318	2	199.84213852105265	40.808604863157896	0.0	0.0	3	1.0493908168299586	-6.703749303269729	230.0	37	1.05	0.95				
	319	1	108.62290412105264	22.204682057894736	0.0	0.0	3	1.0442752185165878	-11.078349105348781	230.0	35	1.05	0.95				
	320	1	76.81619738947369	15.603290094736844	0.0	0.0	3	1.0463788685944433	-10.943901264154865	230.0	35	1.05	0.95				
	321	2	0.0	0.0	0.0	0.0	3	1.05	-6.10130082940056	230.0	37	1.05	0.95				
	322	2	0.0	0.0	0.0	0.0	3	1.05	-0.7898766223998396	230.0	37	1.05	0.95				
	323	2	0.0	0.0	0.0	0.0	3	1.0488528449974082	-10.430906256341773	230.0	35	1.05	0.95				
	324	1	0.0	0.0	0.0	0.0	3	1.0210093195249923	-15.039261963190514	230.0	36	1.05	0.95				
	325	1	0.0	0.0	0.0	0.0	3	1.0412114404195423	-8.769489928798427	230.0	35	1.05	0.95				
];
