%% MATPOWER Case Format : Version 2
function mpc = RTS_GMLC
mpc.version = '2';

%%-----  Power Flow Data  -----%%
%% system MVA base
mpc.baseMVA = 100.0;
%% bus data
%    bus_i    type    Pd    Qd    Gs    Bs    area    Vm    Va    baseKV    zone    Vmax    Vmin
mpc.bus = [
	101	2	69.7511133094737	14.208560118596491	0.0	0.0	1	1.0474694035009302	-0.4635595413032054	138.0	11	1.05	0.95				
	102	2	62.64683325017544	12.91687283508772	0.0	0.0	1	1.0468450596268484	-0.688312631352368	138.0	12	1.05	0.95				
	103	1	116.25185551578949	23.896214744912285	0.0	0.0	1	1.0271854684250736	-2.4105694893416203	138.0	11	1.05	0.95				
	104	1	47.79242948982457	9.68765462631579	0.0	0.0	1	1.025267900109981	-4.130890213370821	138.0	11	1.05	0.95				
	105	1	45.8548985645614	9.041810984561405	0.0	0.0	1	1.0396492215269788	-4.275475550454429	138.0	11	1.05	0.95				
	106	1	87.83473527859651	18.08362196912281	0.0	-100.0	1	1.0421210477304037	-7.052703258100171	138.0	12	1.05	0.95				
	107	2	80.73045521929825	16.146091043859652	0.0	0.0	1	1.0024090210679388	-12.81385179001162	138.0	12	1.05	0.95				
	108	1	110.43926274	22.60452746140351	0.0	0.0	1	0.9985860507550485	-11.787882533399712	138.0	12	1.05	0.95				
	109	1	113.02263730701756	23.250371103157896	0.0	0.0	1	1.0254654522366278	-5.022144667235148	138.0	13	1.05	0.95				
	110	1	125.93951014210528	25.83374567017544	0.0	0.0	1	1.05	-6.172087308123986	138.0	13	1.05	0.95				
	111	1	0.0	0.0	0.0	0.0	1	1.011173331916256	-2.1522496734978995	230.0	13	1.05	0.95				
	112	1	0.0	0.0	0.0	0.0	1	1.013721155720732	-1.526137721496744	230.0	13	1.05	0.95				
	113	3	171.1485650649123	34.87555665473685	0.0	0.0	1	1.0110210440387084	-2.3623621621739754e-30	230.0	14	1.05	0.95				
	114	2	125.29366650035088	25.187902028421057	0.0	0.0	1	1.0123914068793713	-0.5226255374312896	230.0	16	1.05	0.95				
	115	2	204.73243443614035	41.333993072280705	0.0	0.0	1	1.0410089846464228	6.356934956602529	230.0	16	1.05	0.95				
	116	2	64.58436417543861	12.91687283508772	0.0	0.0	1	1.0377509088524137	5.689658807827912	230.0	16	1.05	0.95				
	117	1	0.0	0.0	0.0	0.0	1	1.042730280605097	8.38765035397581	230.0	17	1.05	0.95				
	118	2	215.06593270421055	43.917367639298256	0.0	0.0	1	1.0448105037281499	8.753552465772797	230.0	17	1.05	0.95				
	119	1	116.89769915754387	23.896214744912285	0.0	0.0	1	1.0309166829222665	4.453180041997401	230.0	15	1.05	0.95				
	120	1	82.66798614456141	16.791934685614038	0.0	0.0	1	1.0300449411205383	4.39034591223468	230.0	15	1.05	0.95				
	121	2	0.0	0.0	0.0	0.0	1	1.047775910053396	10.338920375112787	230.0	17	1.05	0.95				
	122	2	0.0	0.0	0.0	0.0	1	1.05	16.565077125124613	230.0	17	1.05	0.95				
	123	2	0.0	0.0	0.0	0.0	1	1.031125981644129	4.844087528714574	230.0	15	1.05	0.95				
	124	1	0.0	0.0	0.0	0.0	1	1.0247634683003375	3.087170000155525	230.0	16	1.05	0.95				
	201	2	63.59641112842106	12.954824489122807	0.0	0.0	2	1.0270793839104435	-9.545514495169128	138.0	21	1.05	0.95				
	202	2	57.11899888385965	11.777113171929827	0.0	0.0	2	1.0279092131218013	-9.3730013303978	138.0	22	1.05	0.95				
	203	1	105.99401854736843	21.787659368070177	0.0	0.0	2	1.0166370439694314	-8.962325014643568	138.0	21	1.05	0.95				
	204	1	43.57531873614035	8.832834878947368	0.0	0.0	2	1.0164345295702821	-10.554237981726473	138.0	21	1.05	0.95				
	205	1	41.80875176035087	8.243979220350878	0.0	0.0	2	1.0312200368613786	-10.828266785270442	138.0	21	1.05	0.95				
	206	1	80.08436956912281	16.487958440701757	0.0	-100.0	2	1.040478169776415	-12.070500448691226	138.0	22	1.05	0.95				
	207	2	73.6069573245614	14.721391464912282	0.0	0.0	2	0.9917921509735839	-20.629006993684214	138.0	22	1.05	0.95				
	208	1	100.69431762	20.609948050877193	0.0	0.0	2	0.9913970897639618	-17.807258367333386	138.0	22	1.05	0.95				
	209	1	103.04974025438595	21.198803709473683	0.0	0.0	2	1.0248799513696882	-9.115302029110328	138.0	23	1.05	0.95				
	210	1	114.82685342631581	23.554226343859654	0.0	0.0	2	1.05	-10.251648603473406	138.0	23	1.05	0.95				
	211	1	0.0	0.0	0.0	0.0	2	1.0126465319462103	-5.755942450575669	230.0	23	1.05	0.95				
	212	1	0.0	0.0	0.0	0.0	2	1.0155397773311043	-1.8928997221606807	230.0	23	1.05	0.95				
	213	2	156.0467495280702	31.79820556421053	0.0	0.0	2	1.0129622525956532	-3.443451154678209	230.0	24	1.05	0.95				
	214	2	114.2379977677193	22.96537068526316	0.0	0.0	2	1.0168628338756698	-3.8080244659842566	230.0	26	1.05	0.95				
	215	2	186.6672437750877	37.68676215017544	0.0	0.0	2	1.0348892125510465	2.560379890069339	230.0	26	1.05	0.95				
	216	2	58.88556585964913	11.777113171929827	0.0	0.0	2	1.0346151954959977	2.5520661167539673	230.0	26	1.05	0.95				
	217	1	0.0	0.0	0.0	0.0	2	1.0389749872491783	4.6801820652352735	230.0	27	1.05	0.95				
	218	2	196.08893431263158	40.04218478456141	0.0	0.0	2	1.0397315471533284	4.922343919246546	230.0	27	1.05	0.95				
	219	1	106.58287420596493	21.787659368070177	0.0	0.0	2	1.0326003787897005	2.7083927771001455	230.0	25	1.05	0.95				
	220	1	75.37352430035088	15.310247123508772	0.0	0.0	2	1.0356719492984017	3.971902410540572	230.0	25	1.05	0.95				
	221	2	0.0	0.0	0.0	0.0	2	1.0402609826815268	4.899290567783147	230.0	27	1.05	0.95				
	222	2	0.0	0.0	0.0	0.0	2	1.05	11.315739100033442	230.0	27	1.05	0.95				
	223	2	0.0	0.0	0.0	0.0	2	1.0390925681035443	5.102595587334222	230.0	25	1.05	0.95				
	224	1	0.0	0.0	0.0	0.0	2	1.013738816831059	-1.7248634498181221	230.0	26	1.05	0.95				
	301	2	58.54413160421053	11.925656437894737	0.0	0.0	3	1.0028657885632324	-3.5226485130712373	138.0	31	1.05	0.95				
	302	2	52.581303385263155	10.84150585263158	0.0	0.0	3	1.0025232757724996	-3.619039797102488	138.0	32	1.05	0.95				
	303	1	97.57355267368422	20.05678582736842	0.0	0.0	3	1.0210345954542066	1.2567944200795735	138.0	31	1.05	0.95				
	304	1	40.11357165473684	8.131129389473683	0.0	0.0	3	1.005328025880496	-1.929593010302553	138.0	31	1.05	0.95				
	305	1	38.487345776842105	7.589054096842106	0.0	0.0	3	1.0186424729893055	-2.1690313717218	138.0	31	1.05	0.95				
	306	1	73.72223979789474	15.178108193684212	0.0	-100.0	3	1.0355548649143447	-2.0345306901750217	138.0	32	1.05	0.95				
	307	2	67.75941157894736	13.551882315789474	0.0	0.0	3	0.9938052700032746	-6.803767150538805	138.0	32	1.05	0.95				
	308	1	92.69487504	18.972635242105262	0.0	0.0	3	0.9999970390069112	-4.335173584776339	138.0	32	1.05	0.95				
	309	1	94.86317621052632	19.51471053473684	0.0	0.0	3	1.0259406269634388	1.666957749731022	138.0	33	1.05	0.95				
	310	1	105.70468206315789	21.68301170526316	0.0	0.0	3	1.05	0.9203429178284183	138.0	33	1.05	0.95				
	311	1	0.0	0.0	0.0	0.0	3	1.0111296045332179	6.708224597418423	230.0	33	1.05	0.95				
	312	1	0.0	0.0	0.0	0.0	3	1.0156722611322868	7.577091920464466	230.0	33	1.05	0.95				
	313	2	143.6499525473684	29.272065802105264	0.0	0.0	3	1.0248600904387122	12.88887439074593	230.0	34	1.05	0.95				
	314	2	105.16260677052631	21.140936412631582	0.0	0.0	3	1.0104605064454868	6.711672357631422	230.0	36	1.05	0.95				
	315	2	171.83786776421053	34.69281872842105	0.0	0.0	3	1.0260057038146106	4.4942767516883215	230.0	36	1.05	0.95				
	316	2	54.207529263157895	10.84150585263158	0.0	0.0	3	1.0258051094060576	5.464752113603483	230.0	36	1.05	0.95				
	317	1	0.0	0.0	0.0	0.0	3	1.030752816001335	5.440507648364305	230.0	37	1.05	0.95				
	318	2	180.51107244631578	36.86111989894737	0.0	0.0	3	1.029325999291029	4.67179384094649	230.0	37	1.05	0.95				
	319	1	98.11562796631578	20.05678582736842	0.0	0.0	3	1.0251805142713564	7.108895139037523	230.0	35	1.05	0.95				
	320	1	69.3856374568421	14.093957608421054	0.0	0.0	3	1.0261804056395625	8.256093317918584	230.0	35	1.05	0.95				
	321	2	0.0	0.0	0.0	0.0	3	1.0302161019847786	5.169531737392612	230.0	37	1.05	0.95				
	322	2	0.0	0.0	0.0	0.0	3	1.0437543583727615	9.634714699652456	230.0	37	1.05	0.95				
	323	2	0.0	0.0	0.0	0.0	3	1.026849830860259	8.795642557623092	230.0	35	1.05	0.95				
	324	1	0.0	0.0	0.0	0.0	3	1.020572057090329	5.012749586109174	230.0	36	1.05	0.95				
	325	1	0.0	0.0	0.0	0.0	3	1.0291689449326535	8.937818436183878	230.0	35	1.05	0.95				
];
