%% MATPOWER Case Format : Version 2
function mpc = RTS_GMLC
mpc.version = '2';

%%-----  Power Flow Data  -----%%
%% system MVA base
mpc.baseMVA = 100.0;
%% bus data
%    bus_i    type    Pd    Qd    Gs    Bs    area    Vm    Va    baseKV    zone    Vmax    Vmin
mpc.bus = [
	101	2	62.750618488421054	12.782533395789471	0.0	0.0	1	1.0339812219504465	1.338276994517648	138.0	11	1.05	0.95				
	102	2	56.35935179052631	11.620484905263158	0.0	0.0	1	1.0339829455514424	1.2407344774783118	138.0	12	1.05	0.95				
	103	1	104.58436414736842	21.49789707473684	0.0	0.0	1	1.0222963729751993	0.786626790621006	138.0	11	1.05	0.95				
	104	1	42.99579414947368	8.715363678947368	0.0	0.0	1	1.0186580131667458	-2.1071978555771875	138.0	11	1.05	0.95				
	105	1	41.252721413684206	8.134339433684211	0.0	0.0	1	1.0339172029775612	-2.0826860852192217	138.0	11	1.05	0.95				
	106	1	79.01929735578948	16.268678867368422	0.0	-100.0	1	1.041096490046769	-4.545956213375057	138.0	12	1.05	0.95				
	107	2	72.62803065789474	14.525606131578947	0.0	0.0	1	1.0336283099810166	-6.951753810588111	138.0	12	1.05	0.95				
	108	1	99.35514594	20.335848584210524	0.0	0.0	1	1.0200913408811423	-7.137201182026868	138.0	12	1.05	0.95				
	109	1	101.67924292105263	20.916872829473682	0.0	0.0	1	1.0245987065482016	-2.4991225548224496	138.0	13	1.05	0.95				
	110	1	113.29972782631579	23.240969810526316	0.0	0.0	1	1.05	-3.723198901870261	138.0	13	1.05	0.95				
	111	1	0.0	0.0	0.0	0.0	1	1.0062648794596172	-0.10224670287333801	230.0	13	1.05	0.95				
	112	1	0.0	0.0	0.0	0.0	1	1.0124377962724818	-0.1631451914212495	230.0	13	1.05	0.95				
	113	3	153.97142499473685	31.375309244210527	0.0	0.0	1	1.0054593877012858	1.1335160643494235e-28	230.0	14	1.05	0.95				
	114	2	112.71870358105262	22.659945565263158	0.0	0.0	1	1.0026038091975846	2.9366817860570076	230.0	16	1.05	0.95				
	115	2	184.18468574842103	37.185551696842104	0.0	0.0	1	1.036114984697282	11.743058465408172	230.0	16	1.05	0.95				
	116	2	58.10242452631579	11.620484905263158	0.0	0.0	1	1.0330916361940305	10.673091305364185	230.0	16	1.05	0.95				
	117	1	0.0	0.0	0.0	0.0	1	1.0392188274676324	14.564623329900847	230.0	17	1.05	0.95				
	118	2	193.4810736726316	39.50964867789474	0.0	0.0	1	1.0438769761254556	15.089327803081446	230.0	17	1.05	0.95				
	119	1	105.16538839263158	21.49789707473684	0.0	0.0	1	1.026690010306739	7.9265727183806085	230.0	15	1.05	0.95				
	120	1	74.37110339368421	15.106630376842107	0.0	0.0	1	1.0271828169981256	6.6546022833066045	230.0	15	1.05	0.95				
	121	2	0.0	0.0	0.0	0.0	1	1.04664957068915	15.979944579280938	230.0	17	1.05	0.95				
	122	2	0.0	0.0	0.0	0.0	1	1.05	26.292327528005483	230.0	17	1.05	0.95				
	123	2	0.0	0.0	0.0	0.0	1	1.028709903755251	6.3975871062450524	230.0	15	1.05	0.95				
	124	1	0.0	0.0	0.0	0.0	1	1.017328457217952	7.651754700859237	230.0	16	1.05	0.95				
	201	2	76.24429404631579	15.531245083508772	0.0	0.0	2	1.0356702494361611	-20.853124042694354	138.0	21	1.05	0.95				
	202	2	68.47867150456139	14.1193137122807	0.0	0.0	2	1.0359849617457375	-21.00997088825908	138.0	22	1.05	0.95				
	203	1	127.07382341052632	26.120730367719297	0.0	0.0	2	1.0171199679254597	-15.53384648673614	138.0	21	1.05	0.95				
	204	1	52.241460735438594	10.589485284210525	0.0	0.0	2	1.0160025268424753	-22.908617460448003	138.0	21	1.05	0.95				
	205	1	50.12356367859648	9.883519598596493	0.0	0.0	2	1.0336263327578235	-23.499389836751586	138.0	21	1.05	0.95				
	206	1	96.01133324350877	19.767039197192986	0.0	-100.0	2	1.0385266597026452	-25.65689445764093	138.0	22	1.05	0.95				
	207	2	88.24571070175438	17.649142140350875	0.0	0.0	2	0.9672941743693566	-36.1865885248767	138.0	22	1.05	0.95				
	208	1	120.72013224	24.708798996491225	0.0	0.0	2	0.9703599180350587	-32.6919899718066	138.0	22	1.05	0.95				
	209	1	123.54399498245614	25.41476468210526	0.0	0.0	2	1.0218266294168885	-21.596300369007523	138.0	23	1.05	0.95				
	210	1	137.66330869473683	28.2386274245614	0.0	0.0	2	1.05	-23.96317157633431	138.0	23	1.05	0.95				
	211	1	0.0	0.0	0.0	0.0	2	1.0266986535338367	-17.724861520092304	230.0	23	1.05	0.95				
	212	1	0.0	0.0	0.0	0.0	2	1.020108213881815	-16.946705915942005	230.0	23	1.05	0.95				
	213	2	187.08090668771928	38.12214702315789	0.0	0.0	2	1.0358335543805703	-16.55549751168221	230.0	24	1.05	0.95				
	214	2	136.95734300912278	27.53266173894737	0.0	0.0	2	1.0435147481496059	-13.868806638899862	230.0	26	1.05	0.95				
	215	2	223.79112233964912	45.18180387929824	0.0	0.0	2	1.0388161093575403	-3.2161530998905996	230.0	26	1.05	0.95				
	216	2	70.5965685614035	14.1193137122807	0.0	0.0	2	1.0428121060578948	-3.992583036009314	230.0	26	1.05	0.95				
	217	1	0.0	0.0	0.0	0.0	2	1.042157423849074	0.09553953592135467	230.0	27	1.05	0.95				
	218	2	235.08657330947366	48.005666621754386	0.0	0.0	2	1.0442284507735426	0.2801868403473629	230.0	27	1.05	0.95				
	219	1	127.77978909614033	26.120730367719297	0.0	0.0	2	1.040987402334192	-5.35943683241662	230.0	25	1.05	0.95				
	220	1	90.36360775859649	18.35510782596491	0.0	0.0	2	1.0456274698951626	-5.218082210539114	230.0	25	1.05	0.95				
	221	2	0.0	0.0	0.0	0.0	2	1.0447547629447864	0.05877947202532947	230.0	27	1.05	0.95				
	222	2	0.0	0.0	0.0	0.0	2	1.05	6.5797261255642425	230.0	27	1.05	0.95				
	223	2	0.0	0.0	0.0	0.0	2	1.05	-4.6270417216660205	230.0	25	1.05	0.95				
	224	1	0.0	0.0	0.0	0.0	2	1.0152684495977167	-7.78392651738528	230.0	26	1.05	0.95				
	301	2	59.39829166736842	12.09965200631579	0.0	0.0	3	1.0430024678634178	-3.0587288192503252	138.0	31	1.05	0.95				
	302	2	53.34846566421052	10.999683642105262	0.0	0.0	3	1.0387113888170847	-3.4027257388629852	138.0	32	1.05	0.95				
	303	1	98.99715277894737	20.349414737894737	0.0	0.0	3	1.05	13.409647318473944	138.0	31	1.05	0.95				
	304	1	40.69882947578947	8.249762731578947	0.0	0.0	3	1.0153358356663982	-1.6040707917145793	138.0	31	1.05	0.95				
	305	1	39.04887692947368	7.699778549473685	0.0	0.0	3	1.0370586486285298	-4.0776647538057045	138.0	31	1.05	0.95				
	306	1	74.7978487663158	15.39955709894737	0.0	-100.0	3	1.0398324574274365	-5.284930226609405	138.0	32	1.05	0.95				
	307	2	68.74802276315789	13.749604552631578	0.0	0.0	3	0.95	-2.5273992620075028	138.0	32	1.05	0.95				
	308	1	94.04729513999999	19.249446373684208	0.0	0.0	3	0.9685590654457888	-3.594403287707382	138.0	32	1.05	0.95				
	309	1	96.24723186842104	19.79943055578947	0.0	0.0	3	1.0148240395709656	2.1834632818974775	138.0	33	1.05	0.95				
	310	1	107.24691551052629	21.999367284210525	0.0	0.0	3	1.0441540511374607	-3.3759229328257803	138.0	33	1.05	0.95				
	311	1	0.0	0.0	0.0	0.0	3	1.0023864681192196	0.6343534013289442	230.0	33	1.05	0.95				
	312	1	0.0	0.0	0.0	0.0	3	1.0064229698993516	1.8060736331138618	230.0	33	1.05	0.95				
	313	2	145.7458082578947	29.69914583368421	0.0	0.0	3	1.003386517369553	3.8610226647918786	230.0	34	1.05	0.95				
	314	2	106.69693132842104	21.449383102105262	0.0	0.0	3	0.9985514866351098	-0.8519031473498447	230.0	36	1.05	0.95				
	315	2	174.3449857273684	35.19898765473684	0.0	0.0	3	1.049659726719387	0.4714678570526224	230.0	36	1.05	0.95				
	316	2	54.99841821052631	10.999683642105262	0.0	0.0	3	1.03770686372764	0.4373174837220532	230.0	36	1.05	0.95				
	317	1	0.0	0.0	0.0	0.0	3	1.0480803365214872	0.9641984535884329	230.0	37	1.05	0.95				
	318	2	183.14473264105263	37.3989243831579	0.0	0.0	3	1.0495270359038538	-0.17241172385915826	230.0	37	1.05	0.95				
	319	1	99.54713696105263	20.349414737894737	0.0	0.0	3	1.0235287459093003	0.8081943960324369	230.0	35	1.05	0.95				
	320	1	70.39797530947368	14.299588734736842	0.0	0.0	3	1.015711160199657	2.2186226526738833	230.0	35	1.05	0.95				
	321	2	0.0	0.0	0.0	0.0	3	1.05	0.6026748976828478	230.0	37	1.05	0.95				
	322	2	0.0	0.0	0.0	0.0	3	1.05	5.089812263611561	230.0	37	1.05	0.95				
	323	2	0.0	0.0	0.0	0.0	3	1.0131070945433165	3.4364030229706026	230.0	35	1.05	0.95				
	324	1	0.0	0.0	0.0	0.0	3	1.0455046238337191	5.4114081815056565	230.0	36	1.05	0.95				
	325	1	0.0	0.0	0.0	0.0	3	1.0126959693409805	4.519610265986076	230.0	35	1.05	0.95				
];
