%% MATPOWER Case Format : Version 2
function mpc = RTS_GMLC
mpc.version = '2';

%%-----  Power Flow Data  -----%%
%% system MVA base
mpc.baseMVA = 100.0;
%% bus data
%    bus_i    type    Pd    Qd    Gs    Bs    area    Vm    Va    baseKV    zone    Vmax    Vmin
mpc.bus = [
	101	2	71.27412173052632	14.518802574736842	0.0	0.0	1	1.0472680388577686	0.112226229244331	138.0	11	1.05	0.95				
	102	2	64.01472044315788	13.19891143157895	0.0	0.0	1	1.0460929302484128	-0.26300009251694123	138.0	12	1.05	0.95				
	103	1	118.79020288421054	24.417986148421054	0.0	0.0	1	1.0277096737481568	-0.9477007662277391	138.0	11	1.05	0.95				
	104	1	48.83597229684211	9.89918357368421	0.0	0.0	1	1.0255563888348942	-3.513372589517512	138.0	11	1.05	0.95				
	105	1	46.85613558210526	9.239238002105264	0.0	0.0	1	1.0391821446409664	-3.896637808377807	138.0	11	1.05	0.95				
	106	1	89.75259773473685	18.478476004210528	0.0	-100.0	1	1.0414257849075965	-6.829944322177568	138.0	12	1.05	0.95				
	107	2	82.49319644736842	16.498639289473687	0.0	0.0	1	0.9985825498326947	-14.094555108408857	138.0	12	1.05	0.95				
	108	1	112.85069274000001	23.098095005263158	0.0	0.0	1	0.9948578304730442	-12.41340226814391	138.0	12	1.05	0.95				
	109	1	115.49047502631579	23.758040576842106	0.0	0.0	1	1.0253270922440119	-4.538236955466836	138.0	13	1.05	0.95				
	110	1	128.68938645789473	26.3978228631579	0.0	0.0	1	1.05	-5.950833170938027	138.0	13	1.05	0.95				
	111	1	0.0	0.0	0.0	0.0	1	1.0137897020084004	-1.5094204090979817	230.0	13	1.05	0.95				
	112	1	0.0	0.0	0.0	0.0	1	1.015144670884215	-1.3221049364993906	230.0	13	1.05	0.95				
	113	3	174.88557646842105	35.63706086526316	0.0	0.0	1	1.0128026356829654	1.2138207626532724e-31	230.0	14	1.05	0.95				
	114	2	128.02944088631577	25.737877291578947	0.0	0.0	1	1.0194090482920277	0.9396073946241532	230.0	16	1.05	0.95				
	115	2	209.2027461905263	42.23651658105263	0.0	0.0	1	1.0426423327821737	9.258415980394622	230.0	16	1.05	0.95				
	116	2	65.99455715789475	13.19891143157895	0.0	0.0	1	1.0408528231711849	8.396477043946723	230.0	16	1.05	0.95				
	117	1	0.0	0.0	0.0	0.0	1	1.044359573788073	12.592898580045242	230.0	17	1.05	0.95				
	118	2	219.7618753357895	44.876298867368426	0.0	0.0	1	1.0489974942732012	13.189180799305696	230.0	17	1.05	0.95				
	119	1	119.45014845578947	24.417986148421054	0.0	0.0	1	1.033427041881369	6.1011706030696855	230.0	15	1.05	0.95				
	120	1	84.47303316210527	17.158584861052635	0.0	0.0	1	1.0329129891243294	5.122106920524141	230.0	15	1.05	0.95				
	121	2	0.0	0.0	0.0	0.0	1	1.05	15.041563584395412	230.0	17	1.05	0.95				
	122	2	0.0	0.0	0.0	0.0	1	1.05	25.12961437006185	230.0	17	1.05	0.95				
	123	2	0.0	0.0	0.0	0.0	1	1.0341929066962083	5.079074965092334	230.0	15	1.05	0.95				
	124	1	0.0	0.0	0.0	0.0	1	1.0242881070360927	5.45252867888091	230.0	16	1.05	0.95				
	201	2	64.2254053263158	13.082952936842105	0.0	0.0	2	1.0238329880787953	-11.121445834356608	138.0	21	1.05	0.95				
	202	2	57.68392885789473	11.89359357894737	0.0	0.0	2	1.0248835974154509	-10.89874992142508	138.0	22	1.05	0.95				
	203	1	107.04234221052631	22.00314812105263	0.0	0.0	2	1.0147399139086004	-10.46358060906505	138.0	21	1.05	0.95				
	204	1	44.00629624210526	8.920195184210526	0.0	0.0	2	1.0150280143613921	-11.844193949495022	138.0	21	1.05	0.95				
	205	1	42.222257205263155	8.325515505263157	0.0	0.0	2	1.0294828630822896	-12.156830311810188	138.0	21	1.05	0.95				
	206	1	80.8764363368421	16.651031010526314	0.0	-100.0	2	1.0396230198376257	-13.257562655080648	138.0	22	1.05	0.95				
	207	2	74.33495986842105	14.86699197368421	0.0	0.0	2	0.9911570084380537	-21.804526172124284	138.0	22	1.05	0.95				
	208	1	101.69022509999999	20.81378876315789	0.0	0.0	2	0.9907929399893505	-18.951610830366725	138.0	22	1.05	0.95				
	209	1	104.06894381578947	21.40846844210526	0.0	0.0	2	1.0250787558646952	-10.182988047585797	138.0	23	1.05	0.95				
	210	1	115.96253739473683	23.78718715789474	0.0	0.0	2	1.05	-11.305096188055053	138.0	23	1.05	0.95				
	211	1	0.0	0.0	0.0	0.0	2	1.0139567414187507	-6.708169736709047	230.0	23	1.05	0.95				
	212	1	0.0	0.0	0.0	0.0	2	1.0171993391051288	-2.4942391529422046	230.0	23	1.05	0.95				
	213	2	157.59011492105262	32.1127026631579	0.0	0.0	2	1.017536469842304	-3.8949575016566595	230.0	24	1.05	0.95				
	214	2	115.36785771578946	23.19250747894737	0.0	0.0	2	1.0170524327930728	-5.107193183643982	230.0	26	1.05	0.95				
	215	2	188.51345822631578	38.05949945263158	0.0	0.0	2	1.033674866567458	0.5397465425706117	230.0	26	1.05	0.95				
	216	2	59.46796789473684	11.89359357894737	0.0	0.0	2	1.0348736982199034	0.7975214612189885	230.0	26	1.05	0.95				
	217	1	0.0	0.0	0.0	0.0	2	1.0371989829655253	1.9376962640974802	230.0	27	1.05	0.95				
	218	2	198.02833308947368	40.43821816842105	0.0	0.0	2	1.0354197933327376	1.12195378138498	230.0	27	1.05	0.95				
	219	1	107.63702188947369	22.00314812105263	0.0	0.0	2	1.0357337015890407	2.029203766011104	230.0	25	1.05	0.95				
	220	1	76.11899890526315	15.461671652631578	0.0	0.0	2	1.0419684356590053	4.22194287785158	230.0	25	1.05	0.95				
	221	2	0.0	0.0	0.0	0.0	2	1.037233516755875	1.7381432431304151	230.0	27	1.05	0.95				
	222	2	0.0	0.0	0.0	0.0	2	1.05	8.316499474792659	230.0	27	1.05	0.95				
	223	2	0.0	0.0	0.0	0.0	2	1.0477372404855665	5.851670529452178	230.0	25	1.05	0.95				
	224	1	0.0	0.0	0.0	0.0	2	1.0129516798283407	-3.5484422530106645	230.0	26	1.05	0.95				
	301	2	51.454602985263165	10.481493200701756	0.0	0.0	3	1.0008445401367803	7.6668751293389885	138.0	31	1.05	0.95				
	302	2	46.21385638491228	9.528630182456142	0.0	0.0	3	1.0006534855113272	7.619076784329599	138.0	32	1.05	0.95				
	303	1	85.75767164210527	17.62796583754386	0.0	0.0	3	1.018733411462361	10.527841034484034	138.0	31	1.05	0.95				
	304	1	35.25593167508772	7.146472636842106	0.0	0.0	3	1.0058273721846285	9.137233164251862	138.0	31	1.05	0.95				
	305	1	33.8266371477193	6.6700411277192995	0.0	0.0	3	1.01857036180579	9.09221714133314	138.0	31	1.05	0.95				
	306	1	64.79468524070177	13.340082255438599	0.0	-100.0	3	1.0370479959458827	9.325032436077123	138.0	32	1.05	0.95				
	307	2	59.55393864035088	11.910787728070177	0.0	0.0	3	0.9905426445064212	5.451839353188685	138.0	32	1.05	0.95				
	308	1	81.46978806	16.675102819298246	0.0	0.0	3	1.0007591987755455	7.553166233623658	138.0	32	1.05	0.95				
	309	1	83.37551409649124	17.151534328421054	0.0	0.0	3	1.0255475544529902	12.328237264768822	138.0	33	1.05	0.95				
	310	1	92.90414427894737	19.057260364912285	0.0	0.0	3	1.05	12.040953573326801	138.0	33	1.05	0.95				
	311	1	0.0	0.0	0.0	0.0	3	1.0080559278158863	17.23079164738551	230.0	33	1.05	0.95				
	312	1	0.0	0.0	0.0	0.0	3	1.0138177177960657	17.921864480876977	230.0	33	1.05	0.95				
	313	2	126.25434991754388	25.727301492631582	0.0	0.0	3	1.0185069913961544	23.334542928770603	230.0	34	1.05	0.95				
	314	2	92.42771276982457	18.580828855789477	0.0	0.0	3	1.005965547463366	16.979540731392916	230.0	36	1.05	0.95				
	315	2	151.02878839192982	30.491616583859653	0.0	0.0	3	1.0303963012403015	13.941850928451643	230.0	36	1.05	0.95				
	316	2	47.64315091228071	9.528630182456142	0.0	0.0	3	1.0296214713630307	14.809987674260835	230.0	36	1.05	0.95				
	317	1	0.0	0.0	0.0	0.0	3	1.0397858625231684	15.484536973165776	230.0	37	1.05	0.95				
	318	2	158.65169253789475	32.397342620350884	0.0	0.0	3	1.0386487256813581	13.858984080829769	230.0	37	1.05	0.95				
	319	1	86.23410315122808	17.62796583754386	0.0	0.0	3	1.027615420067024	16.419321101567853	230.0	35	1.05	0.95				
	320	1	60.983233167719305	12.387219237192983	0.0	0.0	3	1.026580655228288	17.416727657616867	230.0	35	1.05	0.95				
	321	2	0.0	0.0	0.0	0.0	3	1.0376293255198756	14.475915957628752	230.0	37	1.05	0.95				
	322	2	0.0	0.0	0.0	0.0	3	1.0499999982545043	19.184593455558225	230.0	37	1.05	0.95				
	323	2	0.0	0.0	0.0	0.0	3	1.0257491578745084	17.823388394701873	230.0	35	1.05	0.95				
	324	1	0.0	0.0	0.0	0.0	3	1.0223069275495693	14.425622303078374	230.0	36	1.05	0.95				
	325	1	0.0	0.0	0.0	0.0	3	1.0290312413130085	17.59699981071675	230.0	35	1.05	0.95				
];
