%% MATPOWER Case Format : Version 2
function mpc = RTS_GMLC
mpc.version = '2';

%%-----  Power Flow Data  -----%%
%% system MVA base
mpc.baseMVA = 100.0;
%% bus data
%    bus_i    type    Pd    Qd    Gs    Bs    area    Vm    Va    baseKV    zone    Vmax    Vmin
mpc.bus = [
	101	2	79.83770411368421	16.263236023157894	0.0	0.0	1	1.036829161657039	-1.5032316220839426	138.0	11	1.05	0.95				
	102	2	71.70608610210525	14.784760021052632	0.0	0.0	1	1.0368541395902215	-1.5693249043370225	138.0	12	1.05	0.95				
	103	1	133.06284018947366	27.351806038947363	0.0	0.0	1	1.0247284383614341	-1.7635121566455194	138.0	11	1.05	0.95				
	104	1	54.703612077894725	11.088570015789472	0.0	0.0	1	1.0182329278461806	-4.71275267791074	138.0	11	1.05	0.95				
	105	1	52.48589807473684	10.349332014736842	0.0	0.0	1	1.0334146953626344	-4.775048928812977	138.0	11	1.05	0.95				
	106	1	100.5363681431579	20.698664029473683	0.0	-100.0	1	1.0373408141622429	-7.280121786064666	138.0	12	1.05	0.95				
	107	2	92.40475013157894	18.48095002631579	0.0	0.0	1	1.0451074819362314	-3.990176110952917	138.0	12	1.05	0.95				
	108	1	126.40969817999999	25.873330036842102	0.0	0.0	1	1.0230489656937158	-6.726025135115201	138.0	12	1.05	0.95				
	109	1	129.36665018421053	26.612568037894736	0.0	0.0	1	1.0267643548396521	-4.326683753329404	138.0	13	1.05	0.95				
	110	1	144.15141020526315	29.569520042105264	0.0	0.0	1	1.05	-5.776280767095235	138.0	13	1.05	0.95				
	111	1	0.0	0.0	0.0	0.0	1	1.0132570555820324	-1.6797383446213257	230.0	13	1.05	0.95				
	112	1	0.0	0.0	0.0	0.0	1	1.015873125307647	-0.9665879846194152	230.0	13	1.05	0.95				
	113	3	195.89807027894736	39.918852056842105	0.0	0.0	1	1.0134918084665467	-2.3354969883748915e-31	230.0	14	1.05	0.95				
	114	2	143.4121722042105	28.83028204105263	0.0	0.0	1	1.0153227890288932	0.27650603666516793	230.0	16	1.05	0.95				
	115	2	234.33844633368417	47.311232067368415	0.0	0.0	1	1.044480654621146	8.261511324866122	230.0	16	1.05	0.95				
	116	2	73.92380010526315	14.784760021052632	0.0	0.0	1	1.0419058027004875	7.503853109894777	230.0	16	1.05	0.95				
	117	1	0.0	0.0	0.0	0.0	1	1.0454260062075287	10.374792624504293	230.0	17	1.05	0.95				
	118	2	246.16625435052632	50.26818407157895	0.0	0.0	1	1.0473038277097617	10.80330407837216	230.0	17	1.05	0.95				
	119	1	133.8020781905263	27.351806038947363	0.0	0.0	1	1.0356150424870774	6.131509432318294	230.0	15	1.05	0.95				
	120	1	94.62246413473683	19.22018802736842	0.0	0.0	1	1.0360592806583786	6.005507594104219	230.0	15	1.05	0.95				
	121	2	0.0	0.0	0.0	0.0	1	1.05	12.571411208608664	230.0	17	1.05	0.95				
	122	2	0.0	0.0	0.0	0.0	1	1.05	18.82388073105832	230.0	17	1.05	0.95				
	123	2	0.0	0.0	0.0	0.0	1	1.0382682697128318	6.486238153423735	230.0	15	1.05	0.95				
	124	1	0.0	0.0	0.0	0.0	1	1.0245212877207366	4.541547562337648	230.0	16	1.05	0.95				
	201	2	76.34629307368422	15.552022663157897	0.0	0.0	2	1.03658701112322	-11.03160444949141	138.0	21	1.05	0.95				
	202	2	68.57028174210527	14.138202421052634	0.0	0.0	2	1.0367890575036978	-11.110476068383907	138.0	22	1.05	0.95				
	203	1	127.24382178947369	26.155674478947372	0.0	0.0	2	1.0261634859365842	-8.38011960722614	138.0	21	1.05	0.95				
	204	1	52.311348957894744	10.603651815789474	0.0	0.0	2	1.0185306743506426	-12.79263967175928	138.0	21	1.05	0.95				
	205	1	50.19061859473685	9.896741694736843	0.0	0.0	2	1.0342874011003984	-13.168796037573776	138.0	21	1.05	0.95				
	206	1	96.13977646315792	19.793483389473685	0.0	-100.0	2	1.0389323412873035	-15.032947565009708	138.0	22	1.05	0.95				
	207	2	88.36376513157896	17.67275302631579	0.0	0.0	2	0.9693915314052433	-25.573720797672244	138.0	22	1.05	0.95				
	208	1	120.8816307	24.741854236842105	0.0	0.0	2	0.9724793040377485	-22.090112832175613	138.0	22	1.05	0.95				
	209	1	123.70927118421054	25.44876435789474	0.0	0.0	2	1.0257046216013195	-11.310470168731237	138.0	23	1.05	0.95				
	210	1	137.84747360526316	28.27640484210527	0.0	0.0	2	1.05	-13.113144483773674	138.0	23	1.05	0.95				
	211	1	0.0	0.0	0.0	0.0	2	1.023136200910507	-7.796357070435788	230.0	23	1.05	0.95				
	212	1	0.0	0.0	0.0	0.0	2	1.0212208186636427	-4.249762195303688	230.0	23	1.05	0.95				
	213	2	187.33118207894736	38.17314653684211	0.0	0.0	2	1.0290725815598092	-5.534972345570488	230.0	24	1.05	0.95				
	214	2	137.14056348421053	27.569494721052635	0.0	0.0	2	1.0343233117563273	-5.440530894817511	230.0	26	1.05	0.95				
	215	2	224.0905083736842	45.242247747368424	0.0	0.0	2	1.0413657885549816	2.065819393422972	230.0	26	1.05	0.95				
	216	2	70.69101210526316	14.138202421052634	0.0	0.0	2	1.0436107946403812	2.2395297875941886	230.0	26	1.05	0.95				
	217	1	0.0	0.0	0.0	0.0	2	1.0459964560868973	5.014794711375668	230.0	27	1.05	0.95				
	218	2	235.40107031052634	48.06988823157896	0.0	0.0	2	1.0470820263047522	5.36274373456152	230.0	27	1.05	0.95				
	219	1	127.95073191052633	26.155674478947372	0.0	0.0	2	1.0412295701186491	2.402047467891925	230.0	25	1.05	0.95				
	220	1	90.48449549473685	18.379663147368422	0.0	0.0	2	1.0453510743671792	3.870564950426503	230.0	25	1.05	0.95				
	221	2	0.0	0.0	0.0	0.0	2	1.0472432593102383	5.291407796159415	230.0	27	1.05	0.95				
	222	2	0.0	0.0	0.0	0.0	2	1.05	11.692346667232504	230.0	27	1.05	0.95				
	223	2	0.0	0.0	0.0	0.0	2	1.05	5.187361707622287	230.0	25	1.05	0.95				
	224	1	0.0	0.0	0.0	0.0	2	1.022632756285474	-1.8289001098049378	230.0	26	1.05	0.95				
	301	2	64.89908257263158	13.220183487017545	0.0	0.0	3	0.9984482525650147	1.10633224625255	138.0	31	1.05	0.95				
	302	2	58.28899082912281	12.018348624561403	0.0	0.0	3	0.9982085574335693	1.0301251456296003	138.0	32	1.05	0.95				
	303	1	108.16513762105264	22.2339449554386	0.0	0.0	3	1.0198282827022427	5.5517731835390105	138.0	31	1.05	0.95				
	304	1	44.4678899108772	9.013761468421052	0.0	0.0	3	1.0027614397528908	3.073351312353787	138.0	31	1.05	0.95				
	305	1	42.66513761719298	8.412844037192983	0.0	0.0	3	1.0152111284645913	2.773173396961783	138.0	31	1.05	0.95				
	306	1	81.72477064701755	16.825688074385965	0.0	-100.0	3	1.0325886052190592	3.0289327935428334	138.0	32	1.05	0.95				
	307	2	75.11467890350877	15.022935780701754	0.0	0.0	3	0.9918004719223934	-1.6383497379741985	138.0	32	1.05	0.95				
	308	1	102.75688074	21.032110092982457	0.0	0.0	3	0.9989076729667276	1.1051953039714688	138.0	32	1.05	0.95				
	309	1	105.16055046491229	21.633027524210526	0.0	0.0	3	1.0277360861242064	7.184226507054171	138.0	33	1.05	0.95				
	310	1	117.17889908947367	24.036697249122806	0.0	0.0	3	1.05	6.358920479279869	138.0	33	1.05	0.95				
	311	1	0.0	0.0	0.0	0.0	3	1.0160530118910238	12.745987789852915	230.0	33	1.05	0.95				
	312	1	0.0	0.0	0.0	0.0	3	1.0205800597891133	13.770821031790918	230.0	33	1.05	0.95				
	313	2	159.2431192754386	32.44954128631579	0.0	0.0	3	1.0367816040961233	20.044424389860747	230.0	34	1.05	0.95				
	314	2	116.57798165824562	23.435779817894737	0.0	0.0	3	1.0175400712313567	12.231596485371085	230.0	36	1.05	0.95				
	315	2	190.49082569929826	38.45871559859649	0.0	0.0	3	1.034362151978633	8.913305343050768	230.0	36	1.05	0.95				
	316	2	60.09174312280702	12.018348624561403	0.0	0.0	3	1.034928252584199	10.18441883500397	230.0	36	1.05	0.95				
	317	1	0.0	0.0	0.0	0.0	3	1.039760293253283	9.650845991160057	230.0	37	1.05	0.95				
	318	2	200.10550459894736	40.862385323508775	0.0	0.0	3	1.0384089443879116	8.547000486513705	230.0	37	1.05	0.95				
	319	1	108.76605505228069	22.2339449554386	0.0	0.0	3	1.0337829254520225	12.072036801286101	230.0	35	1.05	0.95				
	320	1	76.91743119719298	15.623853211929825	0.0	0.0	3	1.0349243480009052	13.44554113447929	230.0	35	1.05	0.95				
	321	2	0.0	0.0	0.0	0.0	3	1.0389150015785718	9.332160595948261	230.0	37	1.05	0.95				
	322	2	0.0	0.0	0.0	0.0	3	1.05	13.771747380816965	230.0	37	1.05	0.95				
	323	2	0.0	0.0	0.0	0.0	3	1.0356619662441569	14.01588061735615	230.0	35	1.05	0.95				
	324	1	0.0	0.0	0.0	0.0	3	1.0253068611172556	9.513690174635075	230.0	36	1.05	0.95				
	325	1	0.0	0.0	0.0	0.0	3	1.0379579515644717	13.90013982458134	230.0	35	1.05	0.95				
];
