%% MATPOWER Case Format : Version 2
function mpc = RTS_GMLC
mpc.version = '2';

%%-----  Power Flow Data  -----%%
%% system MVA base
mpc.baseMVA = 100.0;
%% bus data
%    bus_i    type    Pd    Qd    Gs    Bs    area    Vm    Va    baseKV    zone    Vmax    Vmin
mpc.bus = [
	101	2	61.82879763789474	12.594755074385965	0.0	0.0	1	1.0471194883732786	1.8267378505046379	138.0	11	1.05	0.95				
	102	2	55.53142010070176	11.449777340350877	0.0	0.0	1	1.0460155860808378	1.4758540798444004	138.0	12	1.05	0.95				
	103	1	103.04799606315791	21.182088079649123	0.0	0.0	1	1.0300487404253253	-0.35549001557878884	138.0	11	1.05	0.95				
	104	1	42.364176159298246	8.587333005263158	0.0	0.0	1	1.026720803876463	-2.09817330351832	138.0	11	1.05	0.95				
	105	1	40.64670955824561	8.014844138245616	0.0	0.0	1	1.0400626177786487	-2.320089269701834	138.0	11	1.05	0.95				
	106	1	77.85848591438597	16.029688276491232	0.0	-100.0	1	1.0437397406056064	-5.253048667276986	138.0	12	1.05	0.95				
	107	2	71.56110837719298	14.312221675438597	0.0	0.0	1	0.99860138812736	-13.260008359430152	138.0	12	1.05	0.95				
	108	1	97.89559625999999	20.037110345614035	0.0	0.0	1	0.9974307375467604	-11.21496374274569	138.0	12	1.05	0.95				
	109	1	100.18555172807018	20.60959921263158	0.0	0.0	1	1.0252576778705063	-3.679558439595946	138.0	13	1.05	0.95				
	110	1	111.63532906842104	22.899554680701755	0.0	0.0	1	1.05	-4.789976937522424	138.0	13	1.05	0.95				
	111	1	0.0	0.0	0.0	0.0	1	1.0091230432773435	-1.2495583208972907	230.0	13	1.05	0.95				
	112	1	0.0	0.0	0.0	0.0	1	1.0130837197627585	-1.0492960728216325	230.0	13	1.05	0.95				
	113	3	151.70954975964912	30.91439881894737	0.0	0.0	1	1.0067094634009517	1.2114288396625484e-29	230.0	14	1.05	0.95				
	114	2	111.06284020140352	22.32706581368421	0.0	0.0	1	1.0088315468514357	0.7314053895572442	230.0	16	1.05	0.95				
	115	2	181.4789708445614	36.63928748912281	0.0	0.0	1	1.0404222574429514	7.671718252162296	230.0	16	1.05	0.95				
	116	2	57.24888670175439	11.449777340350877	0.0	0.0	1	1.0375103995298434	6.940900909406538	230.0	16	1.05	0.95				
	117	1	0.0	0.0	0.0	0.0	1	1.0428755889813053	10.156658927853218	230.0	17	1.05	0.95				
	118	2	190.63879271684212	38.92924295719298	0.0	0.0	1	1.0455588003598233	10.82856435763582	230.0	17	1.05	0.95				
	119	1	103.62048493017544	21.182088079649123	0.0	0.0	1	1.030111213221032	5.066196746731228	230.0	15	1.05	0.95				
	120	1	73.27857497824562	14.884710542456142	0.0	0.0	1	1.0282796237214633	4.283228677184121	230.0	15	1.05	0.95				
	121	2	0.0	0.0	0.0	0.0	1	1.0481581042841175	12.52762845074775	230.0	17	1.05	0.95				
	122	2	0.0	0.0	0.0	0.0	1	1.05	18.10729744046107	230.0	17	1.05	0.95				
	123	2	0.0	0.0	0.0	0.0	1	1.0284393023401508	4.287609051606459	230.0	15	1.05	0.95				
	124	1	0.0	0.0	0.0	0.0	1	1.0262798802160038	4.668852921180795	230.0	16	1.05	0.95				
	201	2	65.48339368421054	13.339209824561404	0.0	0.0	2	1.023634189273533	-13.445434405092975	138.0	21	1.05	0.95				
	202	2	58.81378877192983	12.126554385964914	0.0	0.0	2	1.0245784002115526	-13.283906815467608	138.0	22	1.05	0.95				
	203	1	109.13898947368423	22.434125614035093	0.0	0.0	2	1.0137824096268968	-11.749170975723485	138.0	21	1.05	0.95				
	204	1	44.868251228070186	9.094915789473685	0.0	0.0	2	1.0144147322684989	-14.040172947607836	138.0	21	1.05	0.95				
	205	1	43.04926807017544	8.48858807017544	0.0	0.0	2	1.0292147434871082	-14.43764283122248	138.0	21	1.05	0.95				
	206	1	82.46056982456142	16.97717614035088	0.0	-100.0	2	1.0392229167449494	-15.538815294996349	138.0	22	1.05	0.95				
	207	2	75.79096491228071	15.158192982456143	0.0	0.0	2	0.9912142789170191	-24.151819081450892	138.0	22	1.05	0.95				
	208	1	103.68204000000001	21.221470175438597	0.0	0.0	2	0.9901641925226599	-21.230448586034484	138.0	22	1.05	0.95				
	209	1	106.10735087719299	21.827797894736843	0.0	0.0	2	1.0247066827038191	-12.1749417017864	138.0	23	1.05	0.95				
	210	1	118.23390526315791	24.253108771929828	0.0	0.0	2	1.05	-13.505011762630694	138.0	23	1.05	0.95				
	211	1	0.0	0.0	0.0	0.0	2	1.0150034611554597	-8.760749674333129	230.0	23	1.05	0.95				
	212	1	0.0	0.0	0.0	0.0	2	1.0177077482837078	-4.509515346845832	230.0	23	1.05	0.95				
	213	2	160.6768456140351	32.74169684210527	0.0	0.0	2	1.019056819504059	-6.062313030475924	230.0	24	1.05	0.95				
	214	2	117.62757754385966	23.64678105263158	0.0	0.0	2	1.0190368460193424	-7.028895468142231	230.0	26	1.05	0.95				
	215	2	192.2058870175439	38.804974035087724	0.0	0.0	2	1.0310496634671729	-0.8446369500047232	230.0	26	1.05	0.95				
	216	2	60.63277192982457	12.126554385964914	0.0	0.0	2	1.0328359216572895	-0.8327647645057623	230.0	26	1.05	0.95				
	217	1	0.0	0.0	0.0	0.0	2	1.0347027797488804	0.5059970953854992	230.0	27	1.05	0.95				
	218	2	201.90713052631583	41.23028491228071	0.0	0.0	2	1.0331786833761671	-0.32300042148057445	230.0	27	1.05	0.95				
	219	1	109.74531719298248	22.434125614035093	0.0	0.0	2	1.0337734134425152	0.024439771493754536	230.0	25	1.05	0.95				
	220	1	77.60994807017545	15.764520701754389	0.0	0.0	2	1.0399573939810676	1.9199813378922859	230.0	25	1.05	0.95				
	221	2	0.0	0.0	0.0	0.0	2	1.035142163233163	0.31538539704948904	230.0	27	1.05	0.95				
	222	2	0.0	0.0	0.0	0.0	2	1.05	6.887896908318639	230.0	27	1.05	0.95				
	223	2	0.0	0.0	0.0	0.0	2	1.0455445488579391	3.398357146992024	230.0	25	1.05	0.95				
	224	1	0.0	0.0	0.0	0.0	2	1.0111076339263074	-4.902389357354185	230.0	26	1.05	0.95				
	301	2	47.62796581894737	9.701993037192981	0.0	0.0	3	1.0039237855105483	8.275483733514553	138.0	31	1.05	0.95				
	302	2	42.77696930035087	8.819993670175439	0.0	0.0	3	1.0037635834772365	8.240698796868285	138.0	32	1.05	0.95				
	303	1	79.37994303157893	16.31698828982456	0.0	0.0	3	1.0187613982217227	10.61804115508607	138.0	31	1.05	0.95				
	304	1	32.63397657964912	6.614995252631578	0.0	0.0	3	1.0077553652769544	9.66807490319548	138.0	31	1.05	0.95				
	305	1	31.310977529122802	6.173995569122806	0.0	0.0	3	1.0207248672148572	9.651696999609989	138.0	31	1.05	0.95				
	306	1	59.97595695719298	12.347991138245613	0.0	-100.0	3	1.0388808676567147	9.890990386023585	138.0	32	1.05	0.95				
	307	2	55.12496043859648	11.024992087719298	0.0	0.0	3	0.9880830009253572	6.514723835254309	138.0	32	1.05	0.95				
	308	1	75.41094587999999	15.434988922807017	0.0	0.0	3	1.0005480052974975	8.41903303606967	138.0	32	1.05	0.95				
	309	1	77.17494461403508	15.875988606315788	0.0	0.0	3	1.0249785773476294	12.644626616897364	138.0	33	1.05	0.95				
	310	1	85.99493828421052	17.639987340350878	0.0	0.0	3	1.05	12.44066642676437	138.0	33	1.05	0.95				
	311	1	0.0	0.0	0.0	0.0	3	1.0046622376301744	17.120903141925936	230.0	33	1.05	0.95				
	312	1	0.0	0.0	0.0	0.0	3	1.0115936826909226	17.797750538460924	230.0	33	1.05	0.95				
	313	2	116.86491612982455	23.813982909473683	0.0	0.0	3	1.0130291656618684	23.075320389372543	230.0	34	1.05	0.95				
	314	2	85.55393860070174	17.198987656842103	0.0	0.0	3	0.9995421743167175	16.573433926219558	230.0	36	1.05	0.95				
	315	2	139.7968996722807	28.2239797445614	0.0	0.0	3	1.026889837368144	12.902073632294561	230.0	36	1.05	0.95				
	316	2	44.09996835087719	8.819993670175439	0.0	0.0	3	1.0259119111286061	13.734471872203553	230.0	36	1.05	0.95				
	317	1	0.0	0.0	0.0	0.0	3	1.0364565636716367	13.936768491051264	230.0	37	1.05	0.95				
	318	2	146.85289460842102	29.98797847859649	0.0	0.0	3	1.035974830847237	12.39844484585843	230.0	37	1.05	0.95				
	319	1	79.82094271508771	16.31698828982456	0.0	0.0	3	1.0237950828418942	15.436190834108707	230.0	35	1.05	0.95				
	320	1	56.4479594891228	11.465991771228069	0.0	0.0	3	1.0223658074003346	16.467185344475126	230.0	35	1.05	0.95				
	321	2	0.0	0.0	0.0	0.0	3	1.0348770994670087	13.150810048009784	230.0	37	1.05	0.95				
	322	2	0.0	0.0	0.0	0.0	3	1.0489995904297635	17.773933603421074	230.0	37	1.05	0.95				
	323	2	0.0	0.0	0.0	0.0	3	1.0212168038869034	16.883678307157442	230.0	35	1.05	0.95				
	324	1	0.0	0.0	0.0	0.0	3	1.020895265629604	13.792445717553043	230.0	36	1.05	0.95				
	325	1	0.0	0.0	0.0	0.0	3	1.024855064350744	16.52244780910936	230.0	35	1.05	0.95				
];
