%% MATPOWER Case Format : Version 2
function mpc = RTS_GMLC
mpc.version = '2';

%%-----  Power Flow Data  -----%%
%% system MVA base
mpc.baseMVA = 100.0;
%% bus data
%    bus_i    type    Pd    Qd    Gs    Bs    area    Vm    Va    baseKV    zone    Vmax    Vmin
mpc.bus = [
	101	2	61.37456703157894	12.502226617543858	0.0	0.0	1	1.0304945325801624	-2.045927652693638	138.0	11	1.05	0.95				
	102	2	55.123453722807014	11.365660561403509	0.0	0.0	1	1.0294913683630607	-2.3540247252843867	138.0	12	1.05	0.95				
	103	1	102.29094505263157	21.026472038596488	0.0	0.0	1	1.0246445698063757	-1.1993389163095483	138.0	11	1.05	0.95				
	104	1	42.052944077192976	8.52424542105263	0.0	0.0	1	1.0174075848997726	-4.765995281106325	138.0	11	1.05	0.95				
	105	1	40.34809499298245	7.955962392982456	0.0	0.0	1	1.0327505220674753	-4.813223561547285	138.0	11	1.05	0.95				
	106	1	77.28649181754386	15.911924785964912	0.0	-100.0	1	1.0408911176226603	-6.9594117187632865	138.0	12	1.05	0.95				
	107	2	71.03537850877193	14.207075701754384	0.0	0.0	1	0.9994794126868162	-13.21824980989447	138.0	12	1.05	0.95				
	108	1	97.17639779999999	19.88990598245614	0.0	0.0	1	0.9985876841883236	-11.561465910607971	138.0	12	1.05	0.95				
	109	1	99.44952991228068	20.45818901052631	0.0	0.0	1	1.024878721515472	-4.425139949287076	138.0	13	1.05	0.95				
	110	1	110.8151904736842	22.731321122807017	0.0	0.0	1	1.05	-5.8163010079934425	138.0	13	1.05	0.95				
	111	1	0.0	0.0	0.0	0.0	1	1.0120942300280968	-1.1441103964815487	230.0	13	1.05	0.95				
	112	1	0.0	0.0	0.0	0.0	1	1.0136023928603877	-1.1505372610666802	230.0	13	1.05	0.95				
	113	3	150.59500243859648	30.68728351578947	0.0	0.0	1	1.0097581091636352	-6.072249130127624e-30	230.0	14	1.05	0.95				
	114	2	110.24690744561403	22.16303809473684	0.0	0.0	1	1.018427476380845	1.8749201955892183	230.0	16	1.05	0.95				
	115	2	180.1457198982456	36.370113796491225	0.0	0.0	1	1.0429015285358068	10.372006968946545	230.0	16	1.05	0.95				
	116	2	56.828302807017536	11.365660561403509	0.0	0.0	1	1.0406432310860696	9.544426362109384	230.0	16	1.05	0.95				
	117	1	0.0	0.0	0.0	0.0	1	1.0434389142527944	14.011385058753035	230.0	17	1.05	0.95				
	118	2	189.2382483473684	38.64324590877193	0.0	0.0	1	1.0496724748357356	14.330506741357471	230.0	17	1.05	0.95				
	119	1	102.85922808070175	21.026472038596488	0.0	0.0	1	1.0335295695512072	7.02531668834419	230.0	15	1.05	0.95				
	120	1	72.74022759298245	14.77535872982456	0.0	0.0	1	1.0329649208293235	5.910349800971421	230.0	15	1.05	0.95				
	121	2	0.0	0.0	0.0	0.0	1	1.05	15.964618312782607	230.0	17	1.05	0.95				
	122	2	0.0	0.0	0.0	0.0	1	1.05	29.792961438904747	230.0	17	1.05	0.95				
	123	2	0.0	0.0	0.0	0.0	1	1.033807279080517	5.72507992047234	230.0	15	1.05	0.95				
	124	1	0.0	0.0	0.0	0.0	1	1.0215744112533514	6.068016097989679	230.0	16	1.05	0.95				
	201	2	56.52447661894736	11.51424523719298	0.0	0.0	2	1.022752758219297	-11.98783873834528	138.0	21	1.05	0.95				
	202	2	50.76735400035087	10.467495670175438	0.0	0.0	2	1.0237453130512582	-11.791687099441768	138.0	22	1.05	0.95				
	203	1	94.20746103157894	19.36486698982456	0.0	0.0	2	1.016711304807178	-10.81068592775421	138.0	21	1.05	0.95				
	204	1	38.72973397964912	7.850621752631577	0.0	0.0	2	1.0155210046129948	-13.137297495727099	138.0	21	1.05	0.95				
	205	1	37.159609629122805	7.327246969122807	0.0	0.0	2	1.029885158959818	-13.47552222962309	138.0	21	1.05	0.95				
	206	1	71.17897055719298	14.654493938245613	0.0	-100.0	2	1.0412773559023318	-14.769500561483175	138.0	22	1.05	0.95				
	207	2	65.42184793859649	13.084369587719296	0.0	0.0	2	0.9888482603259027	-22.277191668461487	138.0	22	1.05	0.95				
	208	1	89.49708797999999	18.318117422807013	0.0	0.0	2	0.9926125463470059	-19.82994868290012	138.0	22	1.05	0.95				
	209	1	91.59058711403507	18.841492206315785	0.0	0.0	2	1.024256327039812	-12.089011657837107	138.0	23	1.05	0.95				
	210	1	102.05808278421051	20.934991340350876	0.0	0.0	2	1.05	-13.303822573790471	138.0	23	1.05	0.95				
	211	1	0.0	0.0	0.0	0.0	2	1.0118416486497022	-8.54740174381282	230.0	23	1.05	0.95				
	212	1	0.0	0.0	0.0	0.0	2	1.0129370432104794	-7.144529579760007	230.0	23	1.05	0.95				
	213	2	138.69431762982452	28.26223830947368	0.0	0.0	2	1.013079005535297	-6.596387424942672	230.0	24	1.05	0.95				
	214	2	101.53470800070174	20.411616556842105	0.0	0.0	2	1.0155377648054413	-6.059956164352459	230.0	26	1.05	0.95				
	215	2	165.90980637228068	33.4959861445614	0.0	0.0	2	1.0329852590448776	0.35561427834181625	230.0	26	1.05	0.95				
	216	2	52.337478350877184	10.467495670175438	0.0	0.0	2	1.0352745626765585	0.6169212016469002	230.0	26	1.05	0.95				
	217	1	0.0	0.0	0.0	0.0	2	1.038052863165601	2.497864539624022	230.0	27	1.05	0.95				
	218	2	174.28380290842102	35.58948527859649	0.0	0.0	2	1.0371880414436405	2.06670221746746	230.0	27	1.05	0.95				
	219	1	94.73083581508772	19.36486698982456	0.0	0.0	2	1.0377659043682852	1.3982183405319306	230.0	25	1.05	0.95				
	220	1	66.9919722891228	13.607744371228069	0.0	0.0	2	1.0441728504084336	3.0637068932777263	230.0	25	1.05	0.95				
	221	2	0.0	0.0	0.0	0.0	2	1.0381406104176025	2.291511547221341	230.0	27	1.05	0.95				
	222	2	0.0	0.0	0.0	0.0	2	1.05	8.87344300725709	230.0	27	1.05	0.95				
	223	2	0.0	0.0	0.0	0.0	2	1.049309080327573	4.354311621638274	230.0	25	1.05	0.95				
	224	1	0.0	0.0	0.0	0.0	2	1.0130575475293364	-3.80426763981572	230.0	26	1.05	0.95				
	301	2	42.65675420210526	8.68933881894737	0.0	0.0	3	1.0120905287707576	2.1374098104296966	138.0	31	1.05	0.95				
	302	2	38.31208479263158	7.89939892631579	0.0	0.0	3	1.0118592353332052	1.9132926880567118	138.0	32	1.05	0.95				
	303	1	71.0945903368421	14.613888013684209	0.0	0.0	3	1.0416904085005516	10.97803816622108	138.0	31	1.05	0.95				
	304	1	29.227776027368417	5.924549194736842	0.0	0.0	3	1.0132426448090148	2.9893503180851044	138.0	31	1.05	0.95				
	305	1	28.04286618842105	5.529579248421053	0.0	0.0	3	1.0262717113305986	1.7549929158827258	138.0	31	1.05	0.95				
	306	1	53.71591269894738	11.059158496842105	0.0	-100.0	3	1.0423607867726612	1.0538708757201432	138.0	32	1.05	0.95				
	307	2	49.37124328947368	9.874248657894737	0.0	0.0	3	0.9792306189497993	-2.814807700495768	138.0	32	1.05	0.95				
	308	1	67.53986082	13.82394812105263	0.0	0.0	3	0.9928482896065857	-1.1171444918710756	138.0	32	1.05	0.95				
	309	1	69.11974060526316	14.218918067368419	0.0	0.0	3	1.026100675326216	5.493345965880886	138.0	33	1.05	0.95				
	310	1	77.01913953157894	15.79879785263158	0.0	0.0	3	1.05	2.6460400972722584	138.0	33	1.05	0.95				
	311	1	0.0	0.0	0.0	0.0	3	1.006642711686778	7.178154761941992	230.0	33	1.05	0.95				
	312	1	0.0	0.0	0.0	0.0	3	1.0127151422689002	7.430559707018808	230.0	33	1.05	0.95				
	313	2	104.66703577368422	21.32837710105263	0.0	0.0	3	1.0100378428406918	9.888304897039902	230.0	34	1.05	0.95				
	314	2	76.62416958526316	15.40382790631579	0.0	0.0	3	0.9994407233265266	8.038112717534116	230.0	36	1.05	0.95				
	315	2	125.20547298210525	25.27807656421053	0.0	0.0	3	1.032236627025062	11.700979883506077	230.0	36	1.05	0.95				
	316	2	39.49699463157895	7.89939892631579	0.0	0.0	3	1.0281796438944129	11.561485949267228	230.0	36	1.05	0.95				
	317	1	0.0	0.0	0.0	0.0	3	1.0458710457763276	16.022287998782524	230.0	37	1.05	0.95				
	318	2	131.5249921231579	26.85795634947369	0.0	0.0	3	1.0452492985176978	13.70210265128721	230.0	37	1.05	0.95				
	319	1	71.4895602831579	14.613888013684209	0.0	0.0	3	1.0224142939715672	10.437565862725501	230.0	35	1.05	0.95				
	320	1	50.55615312842106	10.269218604210527	0.0	0.0	3	1.0200851403494282	10.232621827845175	230.0	35	1.05	0.95				
	321	2	0.0	0.0	0.0	0.0	3	1.042148932614063	13.665347375824544	230.0	37	1.05	0.95				
	322	2	0.0	0.0	0.0	0.0	3	1.05	18.920904746772642	230.0	37	1.05	0.95				
	323	2	0.0	0.0	0.0	0.0	3	1.019192696808112	10.429275800929656	230.0	35	1.05	0.95				
	324	1	0.0	0.0	0.0	0.0	3	1.0314080587526702	11.423694027327619	230.0	36	1.05	0.95				
	325	1	0.0	0.0	0.0	0.0	3	1.02129578894149	10.91932580015567	230.0	35	1.05	0.95				
];
