%% MATPOWER Case Format : Version 2
function mpc = RTS_GMLC
mpc.version = '2';

%%-----  Power Flow Data  -----%%
%% system MVA base
mpc.baseMVA = 100.0;
%% bus data
%    bus_i    type    Pd    Qd    Gs    Bs    area    Vm    Va    baseKV    zone    Vmax    Vmin
mpc.bus = [
	101	2	76.6848094863158	15.620979710175439	0.0	0.0	1	1.0479218321265489	0.7367862196215895	138.0	11	1.05	0.95				
	102	2	68.87431963122806	14.200890645614036	0.0	0.0	1	1.0472207904297905	0.48894041408436534	138.0	12	1.05	0.95				
	103	1	127.80801581052631	26.271647694385962	0.0	0.0	1	1.0283279270614465	-1.5792068426734625	138.0	11	1.05	0.95				
	104	1	52.543295388771924	10.650667984210525	0.0	0.0	1	1.0257002547288891	-3.1293490518998315	138.0	11	1.05	0.95				
	105	1	50.41316179192982	9.940623451929826	0.0	0.0	1	1.0387023828956934	-3.4545051092413868	138.0	11	1.05	0.95				
	106	1	96.56605639017545	19.88124690385965	0.0	-100.0	1	1.040043333916066	-6.4983620621387255	138.0	12	1.05	0.95				
	107	2	88.75556653508771	17.751113307017544	0.0	0.0	1	1.0259882225819246	-7.658058583822254	138.0	12	1.05	0.95				
	108	1	121.41761501999999	24.85155862982456	0.0	0.0	1	1.0124496000740157	-8.726074866939113	138.0	12	1.05	0.95				
	109	1	124.25779314912279	25.56160316210526	0.0	0.0	1	1.026696957800678	-4.280999344755642	138.0	13	1.05	0.95				
	110	1	138.45868379473686	28.401781291228072	0.0	0.0	1	1.05	-5.542410218498025	138.0	13	1.05	0.95				
	111	1	0.0	0.0	0.0	0.0	1	1.0114275385185192	-1.9770550675770417	230.0	13	1.05	0.95				
	112	1	0.0	0.0	0.0	0.0	1	1.015478493052609	-1.16508030759317	230.0	13	1.05	0.95				
	113	3	188.16180105438596	38.3424047431579	0.0	0.0	1	1.0118892055752542	-6.692462782008541e-30	230.0	14	1.05	0.95				
	114	2	137.74863926245612	27.69173675894737	0.0	0.0	1	1.0101439291720329	-0.698489168714916	230.0	16	1.05	0.95				
	115	2	225.08411673298247	45.44285006596491	0.0	0.0	1	1.0412770653102434	5.801648736260193	230.0	16	1.05	0.95				
	116	2	71.00445322807018	14.200890645614036	0.0	0.0	1	1.038463547439237	5.406750384493735	230.0	16	1.05	0.95				
	117	1	0.0	0.0	0.0	0.0	1	1.043819413886885	7.747333340123815	230.0	17	1.05	0.95				
	118	2	236.44482924947368	48.283028195087724	0.0	0.0	1	1.0457835224757916	8.0096877659247	230.0	17	1.05	0.95				
	119	1	128.51806034280702	26.271647694385962	0.0	0.0	1	1.0327462916227763	4.505623385935348	230.0	15	1.05	0.95				
	120	1	90.88570013192982	18.461157839298245	0.0	0.0	1	1.0328266469639826	4.581371105795536	230.0	15	1.05	0.95				
	121	2	0.0	0.0	0.0	0.0	1	1.0490506919556313	9.397384322283509	230.0	17	1.05	0.95				
	122	2	0.0	0.0	0.0	0.0	1	1.05	15.267023959913322	230.0	17	1.05	0.95				
	123	2	0.0	0.0	0.0	0.0	1	1.0347522550623038	5.155189868087668	230.0	15	1.05	0.95				
	124	1	0.0	0.0	0.0	0.0	1	1.026827807889129	3.050389097643922	230.0	16	1.05	0.95				
	201	2	78.01227765473685	15.891389892631578	0.0	0.0	2	1.0361932526061726	-12.324060000748728	138.0	21	1.05	0.95				
	202	2	70.06658270842104	14.446718084210527	0.0	0.0	2	1.036524146077046	-12.38482893627893	138.0	22	1.05	0.95				
	203	1	130.02046275789473	26.726428455789474	0.0	0.0	2	1.021457680952377	-10.178760312836207	138.0	21	1.05	0.95				
	204	1	53.45285691157895	10.835038563157893	0.0	0.0	2	1.0179306119078348	-13.94585121874788	138.0	21	1.05	0.95				
	205	1	51.28584919894736	10.112702658947368	0.0	0.0	2	1.0339233790559978	-14.277082676037317	138.0	21	1.05	0.95				
	206	1	98.23768297263157	20.225405317894737	0.0	-100.0	2	1.038484012387391	-16.048879759333374	138.0	22	1.05	0.95				
	207	2	90.29198802631578	18.058397605263156	0.0	0.0	2	0.9656245458910654	-26.834854763863106	138.0	22	1.05	0.95				
	208	1	123.51943961999999	25.281756647368418	0.0	0.0	2	0.9693756442198427	-23.258139885622963	138.0	22	1.05	0.95				
	209	1	126.4087832368421	26.004092551578946	0.0	0.0	2	1.0254147799412097	-12.299243329438307	138.0	23	1.05	0.95				
	210	1	140.85550132105263	28.893436168421054	0.0	0.0	2	1.05	-13.983417417344869	138.0	23	1.05	0.95				
	211	1	0.0	0.0	0.0	0.0	2	1.0238783903428534	-8.887393405650752	230.0	23	1.05	0.95				
	212	1	0.0	0.0	0.0	0.0	2	1.0241535179353423	-4.206274423309838	230.0	23	1.05	0.95				
	213	2	191.41901461578945	39.006138827368424	0.0	0.0	2	1.0306186224113063	-6.528204723528386	230.0	24	1.05	0.95				
	214	2	140.13316541684208	28.171100264210523	0.0	0.0	2	1.0346304635444457	-6.783991117822943	230.0	26	1.05	0.95				
	215	2	228.9804816347368	46.22949786947368	0.0	0.0	2	1.0404868945111083	0.9211427071581271	230.0	26	1.05	0.95				
	216	2	72.23359042105263	14.446718084210527	0.0	0.0	2	1.0426695049665389	0.6482366363557116	230.0	26	1.05	0.95				
	217	1	0.0	0.0	0.0	0.0	2	1.0443196478509809	3.338133135836639	230.0	27	1.05	0.95				
	218	2	240.53785610210525	49.11884148631579	0.0	0.0	2	1.045064614622304	3.588928110354202	230.0	27	1.05	0.95				
	219	1	130.74279866210526	26.726428455789474	0.0	0.0	2	1.0407277920773814	0.20467877344343452	230.0	25	1.05	0.95				
	220	1	92.45899573894737	18.780733509473684	0.0	0.0	2	1.0452949242867693	1.1771091548220607	230.0	25	1.05	0.95				
	221	2	0.0	0.0	0.0	0.0	2	1.0450903905511095	3.4604785807350567	230.0	27	1.05	0.95				
	222	2	0.0	0.0	0.0	0.0	2	1.05	9.92002161350061	230.0	27	1.05	0.95				
	223	2	0.0	0.0	0.0	0.0	2	1.05	2.2336745359852386	230.0	25	1.05	0.95				
	224	1	0.0	0.0	0.0	0.0	2	1.019515560272611	-3.2032733684986647	230.0	26	1.05	0.95				
	301	2	76.66940842105264	15.617842456140348	0.0	0.0	3	0.9955180359378552	-14.23670676311177	138.0	31	1.05	0.95				
	302	2	68.86048719298245	14.198038596491228	0.0	0.0	3	0.9962257119871619	-14.333872654228745	138.0	32	1.05	0.95				
	303	1	127.78234736842104	26.26637140350877	0.0	0.0	3	1.0078139148897194	-8.503952932935269	138.0	31	1.05	0.95				
	304	1	52.53274280701754	10.64852894736842	0.0	0.0	3	0.9921590757120867	-11.565886592889097	138.0	31	1.05	0.95				
	305	1	50.40303701754385	9.93862701754386	0.0	0.0	3	1.0048555123472096	-12.192462196739465	138.0	31	1.05	0.95				
	306	1	96.54666245614035	19.87725403508772	0.0	-100.0	3	1.0178619361098824	-11.83278334824991	138.0	32	1.05	0.95				
	307	2	88.73774122807016	17.747548245614034	0.0	0.0	3	0.9794690263483942	-17.167056174927644	138.0	32	1.05	0.95				
	308	1	121.39323	24.846567543859646	0.0	0.0	3	0.9834910266154097	-13.758837822598563	138.0	32	1.05	0.95				
	309	1	124.23283771929823	25.556469473684206	0.0	0.0	3	1.0162403774871103	-6.349584859019436	138.0	33	1.05	0.95				
	310	1	138.43087631578945	28.396077192982457	0.0	0.0	3	1.036462954515919	-7.811591324317674	138.0	33	1.05	0.95				
	311	1	0.0	0.0	0.0	0.0	3	1.0102733187970536	0.7030290405215	230.0	33	1.05	0.95				
	312	1	0.0	0.0	0.0	0.0	3	1.0126913713334134	2.1953137805615475	230.0	33	1.05	0.95				
	313	2	188.12401140350877	38.33470421052632	0.0	0.0	3	1.0419718642909892	9.495227196102089	230.0	34	1.05	0.95				
	314	2	137.7209743859649	27.686175263157892	0.0	0.0	3	1.0188351960003936	0.4834679565049247	230.0	36	1.05	0.95				
	315	2	225.03891175438594	45.433723508771926	0.0	0.0	3	1.0404537387878021	-0.0407086970863596	230.0	36	1.05	0.95				
	316	2	70.99019298245614	14.198038596491228	0.0	0.0	3	1.0399110479892266	1.430196321774226	230.0	36	1.05	0.95				
	317	1	0.0	0.0	0.0	0.0	3	1.0459913495544113	2.8431932800799538	230.0	37	1.05	0.95				
	318	2	236.39734263157894	48.27333122807018	0.0	0.0	3	1.0431591150371426	1.4419305363268222	230.0	37	1.05	0.95				
	319	1	128.4922492982456	26.26637140350877	0.0	0.0	3	1.037420516237926	3.1433195711113133	230.0	35	1.05	0.95				
	320	1	90.86744701754385	18.457450175438595	0.0	0.0	3	1.038439571005136	4.521289487294725	230.0	35	1.05	0.95				
	321	2	0.0	0.0	0.0	0.0	3	1.0437770174774015	1.6586919387773233	230.0	37	1.05	0.95				
	322	2	0.0	0.0	0.0	0.0	3	1.05	6.455760210926182	230.0	37	1.05	0.95				
	323	2	0.0	0.0	0.0	0.0	3	1.0395868899622591	5.1616588177592	230.0	35	1.05	0.95				
	324	1	0.0	0.0	0.0	0.0	3	1.0194175996349724	-1.778841918883774	230.0	36	1.05	0.95				
	325	1	0.0	0.0	0.0	0.0	3	1.0402960407355812	5.522664062956733	230.0	35	1.05	0.95				
];
