%% MATPOWER Case Format : Version 2
function mpc = RTS_GMLC
mpc.version = '2';

%%-----  Power Flow Data  -----%%
%% system MVA base
mpc.baseMVA = 100.0;
%% bus data
%    bus_i    type    Pd    Qd    Gs    Bs    area    Vm    Va    baseKV    zone    Vmax    Vmin
mpc.bus = [
	101	2	94.54675903578948	19.25952498877193	0.0	0.0	1	1.0338741754779988	-6.088090396187705	138.0	11	1.05	0.95				
	102	2	84.9169965414035	17.508659080701754	0.0	0.0	1	1.033808882303911	-6.163634119159704	138.0	12	1.05	0.95				
	103	1	157.57793172631577	32.39101929929824	0.0	0.0	1	1.0133388880126517	-5.167338972101686	138.0	11	1.05	0.95				
	104	1	64.78203859859649	13.131494310526314	0.0	0.0	1	1.0141832364432437	-8.395521934912779	138.0	11	1.05	0.95				
	105	1	62.15573973649122	12.256061356491228	0.0	0.0	1	1.0304327396529307	-8.597091742068699	138.0	11	1.05	0.95				
	106	1	119.05888174877192	24.512122712982457	0.0	-100.0	1	1.0329782939926173	-10.798912526648104	138.0	12	1.05	0.95				
	107	2	109.42911925438597	21.88582385087719	0.0	0.0	1	1.05	-5.36584123692855	138.0	12	1.05	0.95				
	108	1	149.69903514	30.64015339122807	0.0	0.0	1	1.021592655374478	-8.978150921548373	138.0	12	1.05	0.95				
	109	1	153.20076695614034	31.51558634526316	0.0	0.0	1	1.0266670111517135	-6.675648611611206	138.0	13	1.05	0.95				
	110	1	170.7094260368421	35.01731816140351	0.0	0.0	1	1.05	-8.377539518303438	138.0	13	1.05	0.95				
	111	1	0.0	0.0	0.0	0.0	1	1.0216276347617657	-2.7457719790983974	230.0	13	1.05	0.95				
	112	1	0.0	0.0	0.0	0.0	1	1.01959293309372	-1.6278366291471662	230.0	13	1.05	0.95				
	113	3	231.9897328192982	47.27337951789474	0.0	0.0	1	1.0283353713672654	-4.697684455975478e-29	230.0	14	1.05	0.95				
	114	2	169.833993082807	34.141885207368425	0.0	0.0	1	1.0316292592777	-0.43653763725203226	230.0	16	1.05	0.95				
	115	2	277.5122464291228	56.02770905824561	0.0	0.0	1	1.0425532612060606	8.545568403902204	230.0	16	1.05	0.95				
	116	2	87.54329540350876	17.508659080701754	0.0	0.0	1	1.0443232501968915	8.20898689455455	230.0	16	1.05	0.95				
	117	1	0.0	0.0	0.0	0.0	1	1.0463888758396664	12.062072797205628	230.0	17	1.05	0.95				
	118	2	291.51917369368425	59.52944087438596	0.0	0.0	1	1.05	12.527776879139434	230.0	17	1.05	0.95				
	119	1	158.45336468035086	32.39101929929824	0.0	0.0	1	1.040169685365342	6.936384536870444	230.0	15	1.05	0.95				
	120	1	112.05541811649123	22.761256804912282	0.0	0.0	1	1.044737955618699	7.473595508685196	230.0	15	1.05	0.95				
	121	2	0.0	0.0	0.0	0.0	1	1.05	13.392464726378416	230.0	17	1.05	0.95				
	122	2	0.0	0.0	0.0	0.0	1	1.05	24.25349908512842	230.0	17	1.05	0.95				
	123	2	0.0	0.0	0.0	0.0	1	1.05	8.402191087642116	230.0	15	1.05	0.95				
	124	1	0.0	0.0	0.0	0.0	1	1.0141854164551978	3.492602550153523	230.0	16	1.05	0.95				
	201	2	92.63214231157896	18.869510470877195	0.0	0.0	2	1.05	-12.678768141433688	138.0	21	1.05	0.95				
	202	2	83.19738707614034	17.154100428070176	0.0	0.0	2	1.05	-12.718110532701592	138.0	22	1.05	0.95				
	203	1	154.38690385263158	31.735085791929823	0.0	0.0	2	1.0252326589025709	-9.366974015001675	138.0	21	1.05	0.95				
	204	1	63.470171583859646	12.86557532105263	0.0	0.0	2	1.0204514595639036	-14.540197365081093	138.0	21	1.05	0.95				
	205	1	60.89705651964912	12.007870299649124	0.0	0.0	2	1.038147860492763	-15.004392461396725	138.0	21	1.05	0.95				
	206	1	116.6478829108772	24.015740599298248	0.0	-100.0	2	1.0361863547440935	-17.1001018605081	138.0	22	1.05	0.95				
	207	2	107.2131276754386	21.44262553508772	0.0	0.0	2	0.95	-27.92976280921414	138.0	22	1.05	0.95				
	208	1	146.66755866	30.019675749122804	0.0	0.0	2	0.9543679499283508	-24.579994821352447	138.0	22	1.05	0.95				
	209	1	150.09837874561404	30.877380770526315	0.0	0.0	2	1.0239030202233979	-12.592871806370546	138.0	23	1.05	0.95				
	210	1	167.2524791736842	34.30820085614035	0.0	0.0	2	1.0481980847748609	-14.70870042664048	138.0	23	1.05	0.95				
	211	1	0.0	0.0	0.0	0.0	2	1.0309207874866717	-7.042158942946289	230.0	23	1.05	0.95				
	212	1	0.0	0.0	0.0	0.0	2	1.0219102428166191	-5.65162022837027	230.0	23	1.05	0.95				
	213	2	227.29183067192983	46.31607115578948	0.0	0.0	2	1.05	-2.505861409991804	230.0	24	1.05	0.95				
	214	2	166.3947741522807	33.45049583473684	0.0	0.0	2	1.05	-4.712010049932738	230.0	26	1.05	0.95				
	215	2	271.8924917849123	54.89312136982456	0.0	0.0	2	1.0454015992094845	3.9996421871345667	230.0	26	1.05	0.95				
	216	2	85.77050214035089	17.154100428070176	0.0	0.0	2	1.0491943116762423	3.8952911048686616	230.0	26	1.05	0.95				
	217	1	0.0	0.0	0.0	0.0	2	1.05	7.282290467996396	230.0	27	1.05	0.95				
	218	2	285.6157721273684	58.3239414554386	0.0	0.0	2	1.0499818355206356	7.953760792472465	230.0	27	1.05	0.95				
	219	1	155.2446088740351	31.735085791929823	0.0	0.0	2	1.043097836243625	3.3812790313778573	230.0	25	1.05	0.95				
	220	1	109.78624273964913	22.30033055649123	0.0	0.0	2	1.0456560259509655	4.536344127549746	230.0	25	1.05	0.95				
	221	2	0.0	0.0	0.0	0.0	2	1.05	8.520691204881505	230.0	27	1.05	0.95				
	222	2	0.0	0.0	0.0	0.0	2	1.05	14.546757548706179	230.0	27	1.05	0.95				
	223	2	0.0	0.0	0.0	0.0	2	1.05	5.791258346380272	230.0	25	1.05	0.95				
	224	1	0.0	0.0	0.0	0.0	2	1.02084621821454	-0.9665425787744878	230.0	26	1.05	0.95				
	301	2	87.38057576842105	17.79974691578947	0.0	0.0	3	1.0236433822286566	-21.484856303237926	138.0	31	1.05	0.95				
	302	2	78.48070231052631	16.181588105263156	0.0	0.0	3	1.021782170636519	-21.98509802388675	138.0	32	1.05	0.95				
	303	1	145.6342929473684	29.93593799473684	0.0	0.0	3	1.0227974397625648	-13.356136968857765	138.0	31	1.05	0.95				
	304	1	59.87187598947368	12.136191078947366	0.0	0.0	3	1.0094426643239633	-20.60612728958881	138.0	31	1.05	0.95				
	305	1	57.44463777368421	11.327111673684211	0.0	0.0	3	1.0260217042405722	-21.508817312456706	138.0	31	1.05	0.95				
	306	1	110.03479911578947	22.654223347368422	0.0	-100.0	3	1.0324353050222306	-22.410633750140104	138.0	32	1.05	0.95				
	307	2	101.13492565789473	20.226985131578946	0.0	0.0	3	1.0036251278935384	-25.106372277647296	138.0	32	1.05	0.95				
	308	1	138.35257829999998	28.317779184210522	0.0	0.0	3	0.9944566910022039	-24.47528527805901	138.0	32	1.05	0.95				
	309	1	141.58889592105263	29.12685858947368	0.0	0.0	3	1.0279121985468214	-16.175061693584578	138.0	33	1.05	0.95				
	310	1	157.77048402631578	32.36317621052631	0.0	0.0	3	1.05	-18.952288973193784	138.0	33	1.05	0.95				
	311	1	0.0	0.0	0.0	0.0	3	1.0297329993580777	-10.700462331666683	230.0	33	1.05	0.95				
	312	1	0.0	0.0	0.0	0.0	3	1.0207990749548852	-9.281352764426309	230.0	33	1.05	0.95				
	313	2	214.4060423947368	43.69028788421053	0.0	0.0	3	1.0465724217373555	-6.034523940888573	230.0	34	1.05	0.95				
	314	2	156.96140462105262	31.554096805263153	0.0	0.0	3	1.0482082911350439	-8.180679738457142	230.0	36	1.05	0.95				
	315	2	256.478171468421	51.7810819368421	0.0	0.0	3	1.05	0.45851955536218086	230.0	36	1.05	0.95				
	316	2	80.90794052631578	16.181588105263156	0.0	0.0	3	1.05	0.3751745119163386	230.0	36	1.05	0.95				
	317	1	0.0	0.0	0.0	0.0	3	1.0498943618821928	3.6343196576113335	230.0	37	1.05	0.95				
	318	2	269.42344195263155	55.017399557894734	0.0	0.0	3	1.0482780351147014	3.8633985959696893	230.0	37	1.05	0.95				
	319	1	146.44337235263157	29.93593799473684	0.0	0.0	3	1.0440007430102916	0.12555270847735236	230.0	35	1.05	0.95				
	320	1	103.5621638736842	21.036064536842105	0.0	0.0	3	1.0460811672104706	1.4191027432623764	230.0	35	1.05	0.95				
	321	2	0.0	0.0	0.0	0.0	3	1.05	4.649398361725801	230.0	37	1.05	0.95				
	322	2	0.0	0.0	0.0	0.0	3	1.05	10.027307723772912	230.0	37	1.05	0.95				
	323	2	0.0	0.0	0.0	0.0	3	1.05	2.7155675797826677	230.0	35	1.05	0.95				
	324	1	0.0	0.0	0.0	0.0	3	1.0221028300174901	-4.642475199604137	230.0	36	1.05	0.95				
	325	1	0.0	0.0	0.0	0.0	3	1.0476310835601341	3.598308599518685	230.0	35	1.05	0.95				
];

%% generator data
%    bus    Pg    Qg    Qmax    Qmin    Vg    mBase    status    Pmax    Pmin    Pc1    Pc2    Qc1min    Qc1max    Qc2min    Qc2max    ramp_agc    ramp_10    ramp_30    ramp_q    apf
