%% MATPOWER Case Format : Version 2
function mpc = RTS_GMLC
mpc.version = '2';

%%-----  Power Flow Data  -----%%
%% system MVA base
mpc.baseMVA = 100.0;
%% bus data
%    bus_i    type    Pd    Qd    Gs    Bs    area    Vm    Va    baseKV    zone    Vmax    Vmin
mpc.bus = [
	101	2	79.66402772210526	16.22785749894737	0.0	0.0	1	1.0407433229976464	-0.6941500784472736	138.0	11	1.05	0.95				
	102	2	71.55009897263157	14.75259772631579	0.0	0.0	1	1.0402573087590452	-0.9157886982816288	138.0	12	1.05	0.95				
	103	1	132.7733795368421	27.292305793684207	0.0	0.0	1	1.026720196971286	-0.6549304039334409	138.0	11	1.05	0.95				
	104	1	54.584611587368414	11.064448294736842	0.0	0.0	1	1.0218290138342638	-4.090641422803877	138.0	11	1.05	0.95				
	105	1	52.371721928421046	10.326818408421053	0.0	0.0	1	1.0349318068495832	-4.618160544306246	138.0	11	1.05	0.95				
	106	1	100.31766453894737	20.653636816842106	0.0	-100.0	1	1.037772275197699	-7.5205182175732155	138.0	12	1.05	0.95				
	107	2	92.20373578947367	18.440747157894734	0.0	0.0	1	1.0233569164509317	-11.377718337425966	138.0	12	1.05	0.95				
	108	1	126.13471055999999	25.817046021052626	0.0	0.0	1	1.0089218101796866	-11.185223996150517	138.0	12	1.05	0.95				
	109	1	129.08523010526315	26.55467590736842	0.0	0.0	1	1.0264452882988948	-4.607787685999577	138.0	13	1.05	0.95				
	110	1	143.83782783157892	29.50519545263158	0.0	0.0	1	1.05	-6.308711849653351	138.0	13	1.05	0.95				
	111	1	0.0	0.0	0.0	0.0	1	1.0155600452134619	-1.5924418524716781	230.0	13	1.05	0.95				
	112	1	0.0	0.0	0.0	0.0	1	1.01778652097875	-1.208125681518873	230.0	13	1.05	0.95				
	113	3	195.4719198736842	39.83201386105263	0.0	0.0	1	1.0176520284604593	6.853178686760438e-28	230.0	14	1.05	0.95				
	114	2	143.10019794526315	28.76756556631579	0.0	0.0	1	1.020210736478615	0.9018803863542649	230.0	16	1.05	0.95				
	115	2	233.82867396210526	47.20831272421052	0.0	0.0	1	1.0439905386792179	9.993558484360985	230.0	16	1.05	0.95				
	116	2	73.76298863157893	14.75259772631579	0.0	0.0	1	1.042622422397289	8.890523910679502	230.0	16	1.05	0.95				
	117	1	0.0	0.0	0.0	0.0	1	1.0457114852376832	12.763209653036286	230.0	17	1.05	0.95				
	118	2	245.63075214315785	50.158832269473685	0.0	0.0	1	1.0491008415881788	13.446436743991141	230.0	17	1.05	0.95				
	119	1	133.51100942315787	27.292305793684207	0.0	0.0	1	1.0373379978254709	6.852428530714053	230.0	15	1.05	0.95				
	120	1	94.41662544842104	19.178377044210528	0.0	0.0	1	1.0387897935520822	6.002879667454924	230.0	15	1.05	0.95				
	121	2	0.0	0.0	0.0	0.0	1	1.05	15.307147048605996	230.0	17	1.05	0.95				
	122	2	0.0	0.0	0.0	0.0	1	1.05	23.348364540134394	230.0	17	1.05	0.95				
	123	2	0.0	0.0	0.0	0.0	1	1.0414787170558404	6.082173683937185	230.0	15	1.05	0.95				
	124	1	0.0	0.0	0.0	0.0	1	1.0242003011184282	6.03081377415849	230.0	16	1.05	0.95				
	201	2	85.05021251368422	17.325043289824563	0.0	0.0	2	1.0367760452643715	-15.550341071144008	138.0	21	1.05	0.95				
	202	2	76.38769086877193	15.750039354385967	0.0	0.0	2	1.0381984885162179	-15.619289497128682	138.0	22	1.05	0.95				
	203	1	141.75035418947368	29.137572805614038	0.0	0.0	2	1.0205777882038116	-12.828890311958254	138.0	21	1.05	0.95				
	204	1	58.275145611228076	11.812529515789473	0.0	0.0	2	1.0176494812231713	-16.84699388814496	138.0	21	1.05	0.95				
	205	1	55.91263970807018	11.025027548070177	0.0	0.0	2	1.03335679410334	-17.25118749677167	138.0	21	1.05	0.95				
	206	1	107.10026760982456	22.050055096140355	0.0	-100.0	2	1.0370414540173314	-18.93954994248242	138.0	22	1.05	0.95				
	207	2	98.43774596491228	19.687549192982456	0.0	0.0	2	0.95	-30.695772172271663	138.0	22	1.05	0.95				
	208	1	134.66283647999998	27.562568870175436	0.0	0.0	2	0.956636518765921	-26.71443160148158	138.0	22	1.05	0.95				
	209	1	137.81284435087719	28.350070837894737	0.0	0.0	2	1.0260179326740535	-14.665556198529101	138.0	23	1.05	0.95				
	210	1	153.56288370526318	31.500078708771934	0.0	0.0	2	1.05	-16.49548926739359	138.0	23	1.05	0.95				
	211	1	0.0	0.0	0.0	0.0	2	1.0332806664778826	-10.615673095461172	230.0	23	1.05	0.95				
	212	1	0.0	0.0	0.0	0.0	2	1.027374457838198	-5.561451443109526	230.0	23	1.05	0.95				
	213	2	208.68802144561403	42.52510625684211	0.0	0.0	2	1.0467339478587345	-7.868798392842406	230.0	24	1.05	0.95				
	214	2	152.77538173754385	30.712576741052633	0.0	0.0	2	1.05	-8.277516456887916	230.0	26	1.05	0.95				
	215	2	249.63812376701756	50.40012593403509	0.0	0.0	2	1.0458927460654661	0.00707180532782366	230.0	26	1.05	0.95				
	216	2	78.75019677192982	15.750039354385967	0.0	0.0	2	1.0493404379218587	-0.10601692279109248	230.0	26	1.05	0.95				
	217	1	0.0	0.0	0.0	0.0	2	1.04943793974493	2.7159581205809316	230.0	27	1.05	0.95				
	218	2	262.2381552505263	53.55013380491228	0.0	0.0	2	1.0499711807216021	2.771515527147336	230.0	27	1.05	0.95				
	219	1	142.53785615719298	29.137572805614038	0.0	0.0	2	1.043706801157338	-0.01122611146897124	230.0	25	1.05	0.95				
	220	1	100.80025186807018	20.475051160701753	0.0	0.0	2	1.0459433714596973	1.5435233899899659	230.0	25	1.05	0.95				
	221	2	0.0	0.0	0.0	0.0	2	1.0499999983682962	2.6135178689060754	230.0	27	1.05	0.95				
	222	2	0.0	0.0	0.0	0.0	2	1.05	9.166386358601939	230.0	27	1.05	0.95				
	223	2	0.0	0.0	0.0	0.0	2	1.05	2.9673504382033244	230.0	25	1.05	0.95				
	224	1	0.0	0.0	0.0	0.0	2	1.0201747502514396	-4.738512631024408	230.0	26	1.05	0.95				
	301	2	74.99525468210527	15.27681113894737	0.0	0.0	3	0.9837489785181276	4.124011018266656	138.0	31	1.05	0.95				
	302	2	67.35684911263158	13.888010126315791	0.0	0.0	3	0.986191167660541	4.036360853811513	138.0	32	1.05	0.95				
	303	1	124.9920911368421	25.692818733684213	0.0	0.0	3	1.003521605387874	8.277834631981303	138.0	31	1.05	0.95				
	304	1	51.385637467368426	10.416007594736843	0.0	0.0	3	0.9837457735104936	6.679441217147351	138.0	31	1.05	0.95				
	305	1	49.30243594842105	9.721607088421054	0.0	0.0	3	0.9948245245761421	6.517629841030707	138.0	31	1.05	0.95				
	306	1	94.43846885894739	19.44321417684211	0.0	-100.0	3	1.009556704255217	7.06509433140601	138.0	32	1.05	0.95				
	307	2	86.8000632894737	17.36001265789474	0.0	0.0	3	0.9583977924102217	2.4581853563436833	138.0	32	1.05	0.95				
	308	1	118.74248658000002	24.30401772105263	0.0	0.0	3	0.9706188099963862	5.781673598027599	138.0	32	1.05	0.95				
	309	1	121.52008860526318	24.998418227368422	0.0	0.0	3	1.0085195177018256	11.772368214963253	138.0	33	1.05	0.95				
	310	1	135.40809873157895	27.776020252631582	0.0	0.0	3	1.0287002487420376	11.225696091532738	138.0	33	1.05	0.95				
	311	1	0.0	0.0	0.0	0.0	3	1.0005354902239405	18.748993297388665	230.0	33	1.05	0.95				
	312	1	0.0	0.0	0.0	0.0	3	1.0064034058010904	20.31640328225579	230.0	33	1.05	0.95				
	313	2	184.0161341736842	37.497627341052635	0.0	0.0	3	1.033655096723142	28.615355303212393	230.0	34	1.05	0.95				
	314	2	134.71369822526316	27.081619746315795	0.0	0.0	3	1.0065402448005787	17.066787458887337	230.0	36	1.05	0.95				
	315	2	220.12496050210527	44.44163240421053	0.0	0.0	3	1.0366936579813069	11.366112208708985	230.0	36	1.05	0.95				
	316	2	69.44005063157896	13.888010126315791	0.0	0.0	3	1.037162998378586	13.142587315518165	230.0	36	1.05	0.95				
	317	1	0.0	0.0	0.0	0.0	3	1.0430981690561518	12.269843054650023	230.0	37	1.05	0.95				
	318	2	231.2353686031579	47.219234429473694	0.0	0.0	3	1.0415559147229523	10.475733868347886	230.0	37	1.05	0.95				
	319	1	125.68649164315791	25.692818733684213	0.0	0.0	3	1.0338299313422032	15.930620825063862	230.0	35	1.05	0.95				
	320	1	88.88326480842106	18.05441316421053	0.0	0.0	3	1.0350993139780786	18.228873807334317	230.0	35	1.05	0.95				
	321	2	0.0	0.0	0.0	0.0	3	1.041240766034343	11.365382510140725	230.0	37	1.05	0.95				
	322	2	0.0	0.0	0.0	0.0	3	1.05	16.04393550734784	230.0	37	1.05	0.95				
	323	2	0.0	0.0	0.0	0.0	3	1.036167899571371	19.115347099545776	230.0	35	1.05	0.95				
	324	1	0.0	0.0	0.0	0.0	3	1.0208435431685066	12.18847880001564	230.0	36	1.05	0.95				
	325	1	0.0	0.0	0.0	0.0	3	1.0386800877095663	18.79812276876242	230.0	35	1.05	0.95				
];
