%% MATPOWER Case Format : Version 2
function mpc = RTS_GMLC
mpc.version = '2';

%%-----  Power Flow Data  -----%%
%% system MVA base
mpc.baseMVA = 100.0;
%% bus data
%    bus_i    type    Pd    Qd    Gs    Bs    area    Vm    Va    baseKV    zone    Vmax    Vmin
mpc.bus = [
	101	2	78.40821376421053	15.972043544561403	0.0	0.0	1	1.0403780292874767	1.307616303542665	138.0	11	1.05	0.95				
	102	2	70.42219199192982	14.520039585964915	0.0	0.0	1	1.039723920631138	1.010601142038708	138.0	12	1.05	0.95				
	103	1	130.68035627368423	26.862073234035087	0.0	0.0	1	1.0269368098251368	0.5080258596776467	138.0	11	1.05	0.95				
	104	1	53.724146468070174	10.890029689473684	0.0	0.0	1	1.0219132830055526	-2.6972271432673764	138.0	11	1.05	0.95				
	105	1	51.546140530175435	10.16402771017544	0.0	0.0	1	1.03434916869526	-3.168786566917174	138.0	11	1.05	0.95				
	106	1	98.73626918456141	20.32805542035088	0.0	-100.0	1	1.0375040681544185	-6.381205199861373	138.0	12	1.05	0.95				
	107	2	90.7502474122807	18.15004948245614	0.0	0.0	1	1.0421851248778513	-11.27109581895651	138.0	12	1.05	0.95				
	108	1	124.14633846000001	25.410069275438595	0.0	0.0	1	1.0200572632748595	-10.72168484864583	138.0	12	1.05	0.95				
	109	1	127.050346377193	26.13607125473684	0.0	0.0	1	1.026632014518023	-3.8369611074732832	138.0	13	1.05	0.95				
	110	1	141.5703859631579	29.04007917192983	0.0	0.0	1	1.05	-5.458901771415339	138.0	13	1.05	0.95				
	111	1	0.0	0.0	0.0	0.0	1	1.0132223909848919	-1.1139538402618083	230.0	13	1.05	0.95				
	112	1	0.0	0.0	0.0	0.0	1	1.0172686969362201	-0.8705020106291237	230.0	13	1.05	0.95				
	113	3	192.3905245140351	39.204106882105265	0.0	0.0	1	1.0145516645819603	-2.7136595742628575e-29	230.0	14	1.05	0.95				
	114	2	140.84438398385964	28.314077192631583	0.0	0.0	1	1.0150315047359642	1.4983056100113004	230.0	16	1.05	0.95				
	115	2	230.14262743754387	46.46412667508772	0.0	0.0	1	1.0433863654936488	10.786084792185788	230.0	16	1.05	0.95				
	116	2	72.60019792982456	14.520039585964915	0.0	0.0	1	1.0412446370946395	9.558981904421596	230.0	16	1.05	0.95				
	117	1	0.0	0.0	0.0	0.0	1	1.044980193425126	13.523846135877086	230.0	17	1.05	0.95				
	118	2	241.7586591063158	49.368134592280704	0.0	0.0	1	1.0489084860319655	14.191168868102034	230.0	17	1.05	0.95				
	119	1	131.40635825298247	26.862073234035087	0.0	0.0	1	1.036062039276649	7.265001814582282	230.0	15	1.05	0.95				
	120	1	92.92825335017544	18.876051461754386	0.0	0.0	1	1.0376463774032105	6.130541999923851	230.0	15	1.05	0.95				
	121	2	0.0	0.0	0.0	0.0	1	1.05	16.167876618211462	230.0	17	1.05	0.95				
	122	2	0.0	0.0	0.0	0.0	1	1.05	24.58070000002515	230.0	17	1.05	0.95				
	123	2	0.0	0.0	0.0	0.0	1	1.0403776916460477	6.0463020368421745	230.0	15	1.05	0.95				
	124	1	0.0	0.0	0.0	0.0	1	1.0243682226174229	6.958957122476321	230.0	16	1.05	0.95				
	201	2	93.6351330063158	19.07382339017544	0.0	0.0	2	1.0494244790259644	-19.098403037252552	138.0	21	1.05	0.95				
	202	2	84.09822131122807	17.339839445614036	0.0	0.0	2	1.05	-19.19708144350928	138.0	22	1.05	0.95				
	203	1	156.05855501052633	32.07870297438596	0.0	0.0	2	1.0232556615778383	-14.961296336516666	138.0	21	1.05	0.95				
	204	1	64.15740594877192	13.004879584210528	0.0	0.0	2	1.0210639183786465	-20.102962567322574	138.0	21	1.05	0.95				
	205	1	61.55643003192982	12.137887611929827	0.0	0.0	2	1.0387563128936952	-20.64893477634942	138.0	21	1.05	0.95				
	206	1	117.91090823017545	24.275775223859654	0.0	-100.0	2	1.0376078751064388	-22.335882258261773	138.0	22	1.05	0.95				
	207	2	108.37399653508773	21.674799307017544	0.0	0.0	2	0.95	-32.834638889802044	138.0	22	1.05	0.95				
	208	1	148.25562726	30.344719029824564	0.0	0.0	2	0.9546832509671386	-29.45667309241327	138.0	22	1.05	0.95				
	209	1	151.72359514912281	31.211711002105265	0.0	0.0	2	1.0255783000488716	-17.355237792368897	138.0	23	1.05	0.95				
	210	1	169.06343459473686	34.67967889122807	0.0	0.0	2	1.05	-19.523052060428466	138.0	23	1.05	0.95				
	211	1	0.0	0.0	0.0	0.0	2	1.0336176740565368	-13.0858018216056	230.0	23	1.05	0.95				
	212	1	0.0	0.0	0.0	0.0	2	1.026486401734847	-7.777491814089536	230.0	23	1.05	0.95				
	213	2	229.75287265438595	46.8175665031579	0.0	0.0	2	1.05	-10.092016499627809	230.0	24	1.05	0.95				
	214	2	168.19644262245615	33.81268691894737	0.0	0.0	2	1.05	-10.600858093883174	230.0	26	1.05	0.95				
	215	2	274.83645521298246	55.48748622596492	0.0	0.0	2	1.044076991195447	-1.5438722999123067	230.0	26	1.05	0.95				
	216	2	86.69919722807018	17.339839445614036	0.0	0.0	2	1.0477432935299498	-1.7146263966792283	230.0	26	1.05	0.95				
	217	1	0.0	0.0	0.0	0.0	2	1.0486586664246327	1.264344032895294	230.0	27	1.05	0.95				
	218	2	288.70832676947373	58.955454115087726	0.0	0.0	2	1.049999995473297	1.1483963601042988	230.0	27	1.05	0.95				
	219	1	156.92554698280702	32.07870297438596	0.0	0.0	2	1.041822214963325	-1.4579999056328952	230.0	25	1.05	0.95				
	220	1	110.97497245192984	22.54179127929825	0.0	0.0	2	1.0448914223009855	0.3894544903299502	230.0	25	1.05	0.95				
	221	2	0.0	0.0	0.0	0.0	2	1.05	1.0196272051367476	230.0	27	1.05	0.95				
	222	2	0.0	0.0	0.0	0.0	2	1.05	7.62803521223717	230.0	27	1.05	0.95				
	223	2	0.0	0.0	0.0	0.0	2	1.05	2.0287612673000157	230.0	25	1.05	0.95				
	224	1	0.0	0.0	0.0	0.0	2	1.019227554333353	-6.525908939183647	230.0	26	1.05	0.95				
	301	2	80.61562796210525	16.4217019922807	0.0	0.0	3	0.973627197649895	4.532476403932567	138.0	31	1.05	0.95				
	302	2	72.4047769659649	14.928819992982453	0.0	0.0	3	0.9760485195127168	4.414136655810248	138.0	32	1.05	0.95				
	303	1	134.3593799368421	27.61831698701754	0.0	0.0	3	0.9976848777199396	10.455613706620417	138.0	31	1.05	0.95				
	304	1	55.23663397403508	11.19661499473684	0.0	0.0	3	0.9712214576673233	7.549552387732341	138.0	31	1.05	0.95				
	305	1	52.99731097508771	10.45017399508772	0.0	0.0	3	0.9814688710116294	6.817922099875933	138.0	31	1.05	0.95				
	306	1	101.5159759522807	20.90034799017544	0.0	-100.0	3	0.9937130158412457	7.243599076184213	138.0	32	1.05	0.95				
	307	2	93.30512495614033	18.661024991228068	0.0	0.0	3	0.95	1.7390899781416727	138.0	32	1.05	0.95				
	308	1	127.64141093999999	26.12543498771929	0.0	0.0	3	0.9568414275364826	5.501059087190661	138.0	32	1.05	0.95				
	309	1	130.62717493859648	26.871875987368416	0.0	0.0	3	0.9977508487339863	13.334209550366175	138.0	33	1.05	0.95				
	310	1	145.5559949315789	29.857639985964905	0.0	0.0	3	1.0138868562286698	11.672368587677166	138.0	33	1.05	0.95				
	311	1	0.0	0.0	0.0	0.0	3	0.9887444351756881	19.967241274927208	230.0	33	1.05	0.95				
	312	1	0.0	0.0	0.0	0.0	3	0.9942144095217186	21.321488861985095	230.0	33	1.05	0.95				
	313	2	197.8068649070175	40.307813981052625	0.0	0.0	3	1.0182288731072668	29.23769291222517	230.0	34	1.05	0.95				
	314	2	144.8095539319298	29.111198986315785	0.0	0.0	3	0.9972878543408984	19.04647667996878	230.0	36	1.05	0.95				
	315	2	236.62179688877188	47.77222397754385	0.0	0.0	3	1.0384682047236922	14.661262098088981	230.0	36	1.05	0.95				
	316	2	74.64409996491227	14.928819992982453	0.0	0.0	3	1.036844997349035	16.23266480862759	230.0	36	1.05	0.95				
	317	1	0.0	0.0	0.0	0.0	3	1.0499998484271715	17.502619983653407	230.0	37	1.05	0.95				
	318	2	248.56485288315787	50.75798797614035	0.0	0.0	3	1.0485198549128347	14.630609261442228	230.0	37	1.05	0.95				
	319	1	135.10582093649123	27.61831698701754	0.0	0.0	3	1.030526923068469	18.394724175777863	230.0	35	1.05	0.95				
	320	1	95.5444479550877	19.40746599087719	0.0	0.0	3	1.0289300646410433	20.172625500734842	230.0	35	1.05	0.95				
	321	2	0.0	0.0	0.0	0.0	3	1.0458094839117549	15.285677795937632	230.0	37	1.05	0.95				
	322	2	0.0	0.0	0.0	0.0	3	1.05	20.498292542284197	230.0	37	1.05	0.95				
	323	2	0.0	0.0	0.0	0.0	3	1.0282664037952212	20.77154992218828	230.0	35	1.05	0.95				
	324	1	0.0	0.0	0.0	0.0	3	1.0190872922904002	15.250218103244586	230.0	36	1.05	0.95				
	325	1	0.0	0.0	0.0	0.0	3	1.0314904936235507	20.387965941751336	230.0	35	1.05	0.95				
];
