%% MATPOWER Case Format : Version 2
function mpc = RTS_GMLC
mpc.version = '2';

%%-----  Power Flow Data  -----%%
%% system MVA base
mpc.baseMVA = 100.0;
%% bus data
%    bus_i    type    Pd    Qd    Gs    Bs    area    Vm    Va    baseKV    zone    Vmax    Vmin
mpc.bus = [
	101	2	69.16328549052632	14.088817414736843	0.0	0.0	1	1.03514834364606	0.2186613676183066	138.0	11	1.05	0.95				
	102	2	62.118876783157894	12.808015831578947	0.0	0.0	1	1.0352252359893572	0.14528657589389493	138.0	12	1.05	0.95				
	103	1	115.27214248421053	23.69482928842105	0.0	0.0	1	1.0216364486840503	-0.16398156234679614	138.0	11	1.05	0.95				
	104	1	47.3896585768421	9.60601187368421	0.0	0.0	1	1.0184023875015034	-3.066149724429192	138.0	11	1.05	0.95				
	105	1	45.46845620210526	8.965611082105264	0.0	0.0	1	1.0338349008634293	-3.081628833012462	138.0	11	1.05	0.95				
	106	1	87.09450765473686	17.931222164210528	0.0	-100.0	1	1.0397893397207687	-5.522118265952965	138.0	12	1.05	0.95				
	107	2	80.05009894736843	16.010019789473684	0.0	0.0	1	1.0391454140734122	-5.789726252283599	138.0	12	1.05	0.95				
	108	1	109.50853536	22.414027705263155	0.0	0.0	1	1.0220576791767146	-6.922964988270087	138.0	12	1.05	0.95				
	109	1	112.07013852631577	23.054428496842107	0.0	0.0	1	1.0250589897957254	-3.1103612226680117	138.0	13	1.05	0.95				
	110	1	124.87815435789473	25.616031663157894	0.0	0.0	1	1.05	-4.4168992529891575	138.0	13	1.05	0.95				
	111	1	0.0	0.0	0.0	0.0	1	1.0082548427766647	-0.5063885585563968	230.0	13	1.05	0.95				
	112	1	0.0	0.0	0.0	0.0	1	1.0131820579809707	-0.3936822400979987	230.0	13	1.05	0.95				
	113	3	169.70620976842105	34.58164274526316	0.0	0.0	1	1.0078858718182282	-9.546035879442761e-29	230.0	14	1.05	0.95				
	114	2	124.23775356631579	24.975630871578947	0.0	0.0	1	1.006606600833685	2.4071242580160837	230.0	16	1.05	0.95				
	115	2	203.0070509305263	40.98565066105263	0.0	0.0	1	1.0392932007537383	11.265275220811793	230.0	16	1.05	0.95				
	116	2	64.04007915789474	12.808015831578947	0.0	0.0	1	1.0361842142209974	10.346043181107015	230.0	16	1.05	0.95				
	117	1	0.0	0.0	0.0	0.0	1	1.0424013735383106	14.470802658748108	230.0	17	1.05	0.95				
	118	2	213.2534635957895	43.54725382736843	0.0	0.0	1	1.0478040697333182	15.115918167433831	230.0	17	1.05	0.95				
	119	1	115.91254327578949	23.69482928842105	0.0	0.0	1	1.0290608561332069	7.757981448818802	230.0	15	1.05	0.95				
	120	1	81.97130132210526	16.650420581052632	0.0	0.0	1	1.0293808943042442	6.730605469663847	230.0	15	1.05	0.95				
	121	2	0.0	0.0	0.0	0.0	1	1.05	15.60588453656037	230.0	17	1.05	0.95				
	122	2	0.0	0.0	0.0	0.0	1	1.05	26.256621635038435	230.0	17	1.05	0.95				
	123	2	0.0	0.0	0.0	0.0	1	1.0310488007634513	6.650067273780695	230.0	15	1.05	0.95				
	124	1	0.0	0.0	0.0	0.0	1	1.01842555568882	7.012207683253208	230.0	16	1.05	0.95				
	201	2	72.57232803789474	14.783252007719296	0.0	0.0	2	1.0342841744684534	-18.077162213126016	138.0	21	1.05	0.95				
	202	2	65.1807020340351	13.439320007017544	0.0	0.0	2	1.0345238612275864	-18.218995150622657	138.0	22	1.05	0.95				
	203	1	120.9538800631579	24.862742012982455	0.0	0.0	2	1.020472344412885	-13.472580832925997	138.0	21	1.05	0.95				
	204	1	49.72548402596491	10.079490005263157	0.0	0.0	2	1.0164633101086378	-20.241550630100058	138.0	21	1.05	0.95				
	205	1	47.70958602491228	9.40752400491228	0.0	0.0	2	1.0333517486488117	-20.767197095467964	138.0	21	1.05	0.95				
	206	1	91.3873760477193	18.81504800982456	0.0	-100.0	2	1.0391318017062068	-22.916387734320292	138.0	22	1.05	0.95				
	207	2	83.99575004385964	16.799150008771928	0.0	0.0	2	0.9755870813054485	-32.9522239514831	138.0	22	1.05	0.95				
	208	1	114.90618606000001	23.5188100122807	0.0	0.0	2	0.977214033202451	-29.659454098609686	138.0	22	1.05	0.95				
	209	1	117.59405006140351	24.190776012631577	0.0	0.0	2	1.02263204473731	-19.168565248473822	138.0	23	1.05	0.95				
	210	1	131.03337006842105	26.87864001403509	0.0	0.0	2	1.05	-21.37795314870582	138.0	23	1.05	0.95				
	211	1	0.0	0.0	0.0	0.0	2	1.0225555399399127	-15.534861635800915	230.0	23	1.05	0.95				
	212	1	0.0	0.0	0.0	0.0	2	1.0188719885206454	-14.819530422846627	230.0	23	1.05	0.95				
	213	2	178.07099009298244	36.28616401894737	0.0	0.0	2	1.029116935263357	-14.452664999015228	230.0	24	1.05	0.95				
	214	2	130.3614040680702	26.20667401368421	0.0	0.0	2	1.0357944015120228	-11.850147136885592	230.0	26	1.05	0.95				
	215	2	213.01322211122806	43.00582402245614	0.0	0.0	2	1.0385355809551264	-1.7852819589417395	230.0	26	1.05	0.95				
	216	2	67.19660003508771	13.439320007017544	0.0	0.0	2	1.0413964773164892	-2.4705011516882744	230.0	26	1.05	0.95				
	217	1	0.0	0.0	0.0	0.0	2	1.0421572202396359	1.4655675861136301	230.0	27	1.05	0.95				
	218	2	223.76467811684208	45.69368802385965	0.0	0.0	2	1.0440801481829052	1.7595724309794003	230.0	27	1.05	0.95				
	219	1	121.62584606350877	24.862742012982455	0.0	0.0	2	1.0404998150186027	-3.8600100394468573	230.0	25	1.05	0.95				
	220	1	86.01164804491228	17.471116009122806	0.0	0.0	2	1.0455689090926437	-3.7989599567696057	230.0	25	1.05	0.95				
	221	2	0.0	0.0	0.0	0.0	2	1.0445302581323306	1.5597772993734962	230.0	27	1.05	0.95				
	222	2	0.0	0.0	0.0	0.0	2	1.05	8.029186724796714	230.0	27	1.05	0.95				
	223	2	0.0	0.0	0.0	0.0	2	1.05	-3.276195202000736	230.0	25	1.05	0.95				
	224	1	0.0	0.0	0.0	0.0	2	1.0171891555570658	-6.133111636874959	230.0	26	1.05	0.95				
	301	2	61.48244228210527	12.524201205614036	0.0	0.0	3	1.0426968460579382	-8.776340339030629	138.0	31	1.05	0.95				
	302	2	55.220341679298244	11.385637459649123	0.0	0.0	3	1.0388293405194382	-9.132398819082143	138.0	32	1.05	0.95				
	303	1	102.47073713684212	21.063429300350876	0.0	0.0	3	1.05	7.722441342425315	138.0	31	1.05	0.95				
	304	1	42.12685860070175	8.539228094736842	0.0	0.0	3	1.0131986827211712	-7.355553273843173	138.0	31	1.05	0.95				
	305	1	40.419012981754385	7.9699462217543875	0.0	0.0	3	1.0349025993560803	-9.638888311974387	138.0	31	1.05	0.95				
	306	1	77.42233472561404	15.939892443508775	0.0	-100.0	3	1.0365991082618635	-10.781945319354788	138.0	32	1.05	0.95				
	307	2	71.16023412280703	14.232046824561403	0.0	0.0	3	0.9500666229378568	-8.482749702126918	138.0	32	1.05	0.95				
	308	1	97.34720028	19.924865554385963	0.0	0.0	3	0.9665377646050481	-9.421910830355067	138.0	32	1.05	0.95				
	309	1	99.62432777192983	20.49414742736842	0.0	0.0	3	1.011639481122717	-3.490847405859979	138.0	33	1.05	0.95				
	310	1	111.00996523157896	22.771274919298246	0.0	0.0	3	1.0406691756765647	-8.707525753849962	138.0	33	1.05	0.95				
	311	1	0.0	0.0	0.0	0.0	3	0.9984354854574518	-4.305829583189516	230.0	33	1.05	0.95				
	312	1	0.0	0.0	0.0	0.0	3	1.001261744463564	-3.0372283243204006	230.0	33	1.05	0.95				
	313	2	150.85969634035087	30.741221141052634	0.0	0.0	3	0.9982285486269206	-0.7978549542286079	230.0	34	1.05	0.95				
	314	2	110.44068335859649	22.201993046315792	0.0	0.0	3	0.9961636050382381	-5.464092888251135	230.0	36	1.05	0.95				
	315	2	180.4623537354386	36.43403987087719	0.0	0.0	3	1.05	-3.5618011276344	230.0	36	1.05	0.95				
	316	2	56.92818729824561	11.385637459649123	0.0	0.0	3	1.0380929646330026	-3.5941096436559445	230.0	36	1.05	0.95				
	317	1	0.0	0.0	0.0	0.0	3	1.046253757726967	-2.8736069076762534	230.0	37	1.05	0.95				
	318	2	189.5708637031579	38.71116736280702	0.0	0.0	3	1.0470153935403474	-3.621988244088772	230.0	37	1.05	0.95				
	319	1	103.04001900982456	21.063429300350876	0.0	0.0	3	1.0213787677085675	-3.111478385766344	230.0	35	1.05	0.95				
	320	1	72.86807974175439	14.80132869754386	0.0	0.0	3	1.0116694603916427	-1.5562914685744436	230.0	35	1.05	0.95				
	321	2	0.0	0.0	0.0	0.0	3	1.05	-3.066119584916571	230.0	37	1.05	0.95				
	322	2	0.0	0.0	0.0	0.0	3	1.05	1.3523707729771937	230.0	37	1.05	0.95				
	323	2	0.0	0.0	0.0	0.0	3	1.0082214075538147	-0.23638259644441495	230.0	35	1.05	0.95				
	324	1	0.0	0.0	0.0	0.0	3	1.046436953322897	0.7481422316924895	230.0	36	1.05	0.95				
	325	1	0.0	0.0	0.0	0.0	3	1.0067901456110153	1.1329165018736687	230.0	35	1.05	0.95				
];
