%% MATPOWER Case Format : Version 2
function mpc = RTS_GMLC
mpc.version = '2';

%%-----  Power Flow Data  -----%%
%% system MVA base
mpc.baseMVA = 100.0;
%% bus data
%    bus_i    type    Pd    Qd    Gs    Bs    area    Vm    Va    baseKV    zone    Vmax    Vmin
mpc.bus = [
	101	2	51.247897086315795	10.439386443508774	0.0	0.0	1	1.0412938827209726	2.390183781462848	138.0	11	1.05	0.95				
	102	2	46.028203864561405	9.490351312280703	0.0	0.0	1	1.0402907709583584	2.0935352337931623	138.0	12	1.05	0.95				
	103	1	85.41316181052633	17.557149927719298	0.0	0.0	1	1.0270329063652193	-0.13268951376261887	138.0	11	1.05	0.95				
	104	1	35.114299855438595	7.117763484210526	0.0	0.0	1	1.0248215401908183	-1.2236720871378126	138.0	11	1.05	0.95				
	105	1	33.69074715859649	6.6432459185964925	0.0	0.0	1	1.0388530391245152	-1.2119015673416829	138.0	11	1.05	0.95				
	106	1	64.53438892350877	13.286491837192985	0.0	-100.0	1	1.0455485895791736	-3.747988897774772	138.0	12	1.05	0.95				
	107	2	59.314695701754395	11.862939140350878	0.0	0.0	1	1.0013160597204835	-10.064287025367578	138.0	12	1.05	0.95				
	108	1	81.14250372000001	16.60811479649123	0.0	0.0	1	1.003022833644083	-8.546829220906064	138.0	12	1.05	0.95				
	109	1	83.04057398245615	17.08263236210526	0.0	0.0	1	1.024500586571443	-2.595107310155932	138.0	13	1.05	0.95				
	110	1	92.53092529473685	18.980702624561406	0.0	0.0	1	1.05	-3.40283951521138	138.0	13	1.05	0.95				
	111	1	0.0	0.0	0.0	0.0	1	1.0045467501788854	-0.6746757299858201	230.0	13	1.05	0.95				
	112	1	0.0	0.0	0.0	0.0	1	1.00931760452942	-0.2660299930633026	230.0	13	1.05	0.95				
	113	3	125.7471548877193	25.623948543157898	0.0	0.0	1	0.9986744325921094	-9.195133781207475e-29	230.0	14	1.05	0.95				
	114	2	92.05640772912281	18.506185058947374	0.0	0.0	1	1.0011124622134162	1.1840763527710516	230.0	16	1.05	0.95				
	115	2	150.4220682996491	30.36912419929825	0.0	0.0	1	1.033989647762652	7.207569496956279	230.0	16	1.05	0.95				
	116	2	47.45175656140351	9.490351312280703	0.0	0.0	1	1.0304354670956941	6.614820692976691	230.0	16	1.05	0.95				
	117	1	0.0	0.0	0.0	0.0	1	1.037167880909645	8.730391338494956	230.0	17	1.05	0.95				
	118	2	158.0143493494737	32.267194461754386	0.0	0.0	1	1.038791499528885	8.886797838582135	230.0	17	1.05	0.95				
	119	1	85.88767937614035	17.557149927719298	0.0	0.0	1	1.0246867370945285	5.450320984581361	230.0	15	1.05	0.95				
	120	1	60.7382483985965	12.337456705964915	0.0	0.0	1	1.0232772023620524	5.352394212972632	230.0	15	1.05	0.95				
	121	2	0.0	0.0	0.0	0.0	1	1.0418369235075797	10.118784782311524	230.0	17	1.05	0.95				
	122	2	0.0	0.0	0.0	0.0	1	1.05	16.07723481883003	230.0	17	1.05	0.95				
	123	2	0.0	0.0	0.0	0.0	1	1.0232707596276667	5.665421171722454	230.0	15	1.05	0.95				
	124	1	0.0	0.0	0.0	0.0	1	1.0218999407424834	4.453016061738785	230.0	16	1.05	0.95				
	201	2	52.002518513684215	10.593105623157896	0.0	0.0	2	1.0264685361671055	-9.99020553860085	138.0	21	1.05	0.95				
	202	2	46.70596570210526	9.630096021052632	0.0	0.0	2	1.0274186041845086	-9.807806486778126	138.0	22	1.05	0.95				
	203	1	86.67086418947369	17.81567763894737	0.0	0.0	2	1.0176550517678618	-8.561038066708655	138.0	21	1.05	0.95				
	204	1	35.63135527789474	7.222572015789473	0.0	0.0	2	1.0174282404646584	-11.33119123506488	138.0	21	1.05	0.95				
	205	1	34.18684087473684	6.741067214736843	0.0	0.0	2	1.03231931171979	-11.677657603844835	138.0	21	1.05	0.95				
	206	1	65.48465294315791	13.482134429473685	0.0	-100.0	2	1.0432981926608154	-13.051316889427168	138.0	22	1.05	0.95				
	207	2	60.18810013157895	12.03762002631579	0.0	0.0	2	0.9917583366836032	-19.98438592195281	138.0	22	1.05	0.95				
	208	1	82.33732098	16.852668036842104	0.0	0.0	2	0.9959223328387916	-17.759036382440772	138.0	22	1.05	0.95				
	209	1	84.26334018421053	17.334172837894737	0.0	0.0	2	1.0231904549971762	-10.603822396497797	138.0	23	1.05	0.95				
	210	1	93.89343620526316	19.260192042105263	0.0	0.0	2	1.05	-11.848441551946484	138.0	23	1.05	0.95				
	211	1	0.0	0.0	0.0	0.0	2	1.0084073258327815	-7.4777757544806445	230.0	23	1.05	0.95				
	212	1	0.0	0.0	0.0	0.0	2	1.0090918106571463	-6.6982692277238804	230.0	23	1.05	0.95				
	213	2	127.59877227894738	26.001259256842108	0.0	0.0	2	1.0044052460156656	-6.252455165787986	230.0	24	1.05	0.95				
	214	2	93.41193140421052	18.778687241052634	0.0	0.0	2	1.0124450433815724	-4.721640123806153	230.0	26	1.05	0.95				
	215	2	152.63702193368422	30.816307267368426	0.0	0.0	2	1.0290318376687313	2.3566630258539467	230.0	26	1.05	0.95				
	216	2	48.15048010526316	9.630096021052632	0.0	0.0	2	1.0297533238368002	2.1099222443776324	230.0	26	1.05	0.95				
	217	1	0.0	0.0	0.0	0.0	2	1.034447210082445	4.660019446837358	230.0	27	1.05	0.95				
	218	2	160.34109875052633	32.742326471578956	0.0	0.0	2	1.0357074968368907	4.968236792869926	230.0	27	1.05	0.95				
	219	1	87.15236899052631	17.81567763894737	0.0	0.0	2	1.028154363686317	1.6146179760442785	230.0	25	1.05	0.95				
	220	1	61.63261453473685	12.519124827368422	0.0	0.0	2	1.0302536939815583	2.1181330253755086	230.0	25	1.05	0.95				
	221	2	0.0	0.0	0.0	0.0	2	1.036204236392203	4.8632443635641325	230.0	27	1.05	0.95				
	222	2	0.0	0.0	0.0	0.0	2	1.05	11.28161038963186	230.0	27	1.05	0.95				
	223	2	0.0	0.0	0.0	0.0	2	1.032324220120343	2.759790077620626	230.0	25	1.05	0.95				
	224	1	0.0	0.0	0.0	0.0	2	1.0112986136026836	-1.7295213613041214	230.0	26	1.05	0.95				
	301	2	39.923441962105265	8.132552992280702	0.0	0.0	3	1.009533477234471	-10.659052186185864	138.0	31	1.05	0.95				
	302	2	35.85716546596491	7.393229992982457	0.0	0.0	3	1.0095530115049178	-10.728658556627483	138.0	32	1.05	0.95				
	303	1	66.53906993684211	13.677475487017542	0.0	0.0	3	1.0175773413986846	-7.061951672390697	138.0	31	1.05	0.95				
	304	1	27.354950974035084	5.544922494736841	0.0	0.0	3	1.0114452840749468	-9.498557752896003	138.0	31	1.05	0.95				
	305	1	26.245966475087716	5.17526099508772	0.0	0.0	3	1.0250270751174377	-9.925656806660923	138.0	31	1.05	0.95				
	306	1	50.27396395228071	10.35052199017544	0.0	-100.0	3	1.0425159162580524	-9.977922422084124	138.0	32	1.05	0.95				
	307	2	46.20768745614035	9.24153749122807	0.0	0.0	3	0.9936602586805982	-13.950545584216496	138.0	32	1.05	0.95				
	308	1	63.21211644	12.938152487719298	0.0	0.0	3	1.001942207147924	-12.334847426918277	138.0	32	1.05	0.95				
	309	1	64.6907624385965	13.307813987368423	0.0	0.0	3	1.0239242781763913	-6.9661938850468825	138.0	33	1.05	0.95				
	310	1	72.08399243157895	14.786459985964914	0.0	0.0	3	1.05	-8.000534795059005	138.0	33	1.05	0.95				
	311	1	0.0	0.0	0.0	0.0	3	1.0013553172339458	-3.518809712831499	230.0	33	1.05	0.95				
	312	1	0.0	0.0	0.0	0.0	3	1.0073242375790021	-2.9217123412558634	230.0	33	1.05	0.95				
	313	2	97.96029740701753	19.961720981052633	0.0	0.0	3	1.0047526547859988	0.04962860724693429	230.0	34	1.05	0.95				
	314	2	71.71433093192982	14.416798486315791	0.0	0.0	3	0.9928179273820515	-2.5235588506053404	230.0	36	1.05	0.95				
	315	2	117.18269538877193	23.65833597754386	0.0	0.0	3	1.0155749543275263	-0.6402272577066346	230.0	36	1.05	0.95				
	316	2	36.96614996491228	7.393229992982457	0.0	0.0	3	1.0149349415013074	0.27416902150508937	230.0	36	1.05	0.95				
	317	1	0.0	0.0	0.0	0.0	3	1.0208516769930394	0.7975110354260025	230.0	37	1.05	0.95				
	318	2	123.09727938315791	25.136981976140355	0.0	0.0	3	1.020262049315937	0.3961425579685815	230.0	37	1.05	0.95				
	319	1	66.90873143649124	13.677475487017542	0.0	0.0	3	1.0125760227952987	0.35672480379516247	230.0	35	1.05	0.95				
	320	1	47.31667195508772	9.611198990877194	0.0	0.0	3	1.0114162803675055	0.5889553897009346	230.0	35	1.05	0.95				
	321	2	0.0	0.0	0.0	0.0	3	1.0207441471642502	0.6030485016641021	230.0	37	1.05	0.95				
	322	2	0.0	0.0	0.0	0.0	3	1.0342849576181865	5.118958308164893	230.0	37	1.05	0.95				
	323	2	0.0	0.0	0.0	0.0	3	1.0111248988677493	1.003438855722289	230.0	35	1.05	0.95				
	324	1	0.0	0.0	0.0	0.0	3	1.00852353327142	-2.6738883289950452	230.0	36	1.05	0.95				
	325	1	0.0	0.0	0.0	0.0	3	1.0119740902371768	1.7964503197441373	230.0	35	1.05	0.95				
];
