%% MATPOWER Case Format : Version 2
function mpc = RTS_GMLC
mpc.version = '2';

%%-----  Power Flow Data  -----%%
%% system MVA base
mpc.baseMVA = 100.0;
%% bus data
%    bus_i    type    Pd    Qd    Gs    Bs    area    Vm    Va    baseKV    zone    Vmax    Vmin
mpc.bus = [
	101	2	54.41415142736842	11.084364179649123	0.0	0.0	1	1.0393999129917204	2.8748127446468423	138.0	11	1.05	0.95				
	102	2	48.87196933754386	10.07669470877193	0.0	0.0	1	1.0383098194787734	2.526109041472691	138.0	12	1.05	0.95				
	103	1	90.69025237894736	18.641885211228068	0.0	0.0	1	1.0276319537914358	1.7013291461605466	138.0	11	1.05	0.95				
	104	1	37.283770422456136	7.557521031578947	0.0	0.0	1	1.0233765030155997	-0.9640142420657568	138.0	11	1.05	0.95				
	105	1	35.772266216140345	7.053686296140352	0.0	0.0	1	1.0371253648144207	-1.1326936040105309	138.0	11	1.05	0.95				
	106	1	68.52152401964912	14.107372592280704	0.0	-100.0	1	1.0439128965881568	-3.9231257890721927	138.0	12	1.05	0.95				
	107	2	62.979341929824564	12.595868385964911	0.0	0.0	1	0.9971695357802978	-12.559896840009488	138.0	12	1.05	0.95				
	108	1	86.15573975999999	17.634215740350875	0.0	0.0	1	0.9981148768900463	-10.08150119565545	138.0	12	1.05	0.95				
	109	1	88.17107870175438	18.138050475789473	0.0	0.0	1	1.024267694467132	-2.4574880153041825	138.0	13	1.05	0.95				
	110	1	98.2477734105263	20.15338941754386	0.0	0.0	1	1.05	-3.6382708541387863	138.0	13	1.05	0.95				
	111	1	0.0	0.0	0.0	0.0	1	1.0095366368792587	-0.03247149030481878	230.0	13	1.05	0.95				
	112	1	0.0	0.0	0.0	0.0	1	1.0124146298201628	-0.8076002341028835	230.0	13	1.05	0.95				
	113	3	133.51620489122806	27.20707571368421	0.0	0.0	1	1.003325955013752	1.2128732877898537e-32	230.0	14	1.05	0.95				
	114	2	97.74393867508772	19.649554682105265	0.0	0.0	1	1.0140628613753246	3.0215949559320614	230.0	16	1.05	0.95				
	115	2	159.71561113403507	32.245423068070174	0.0	0.0	1	1.0396890199244297	12.112553592564991	230.0	16	1.05	0.95				
	116	2	50.383473543859644	10.07669470877193	0.0	0.0	1	1.0343109675521194	10.370942099568708	230.0	16	1.05	0.95				
	117	1	0.0	0.0	0.0	0.0	1	1.0396066775279071	16.117380126596473	230.0	17	1.05	0.95				
	118	2	167.77696690105265	34.26076200982456	0.0	0.0	1	1.05	16.759936985439065	230.0	17	1.05	0.95				
	119	1	91.19408711438597	18.641885211228068	0.0	0.0	1	1.0249258044121503	6.39109894964566	230.0	15	1.05	0.95				
	120	1	64.49084613614035	13.099703121403508	0.0	0.0	1	1.023897674515969	3.874842883656633	230.0	15	1.05	0.95				
	121	2	0.0	0.0	0.0	0.0	1	1.05	18.56295398366215	230.0	17	1.05	0.95				
	122	2	0.0	0.0	0.0	0.0	1	1.05	34.52944805961186	230.0	17	1.05	0.95				
	123	2	0.0	0.0	0.0	0.0	1	1.0246534591422787	2.8767724743332024	230.0	15	1.05	0.95				
	124	1	0.0	0.0	0.0	0.0	1	1.022195011365272	8.21883049138397	230.0	16	1.05	0.95				
	201	2	55.53848576842106	11.313395249122808	0.0	0.0	2	1.0149219944849193	-17.04426469242241	138.0	21	1.05	0.95				
	202	2	49.88178814385966	10.284904771929826	0.0	0.0	2	1.0148245213563498	-17.155709746218854	138.0	22	1.05	0.95				
	203	1	92.56414294736844	19.02707382807018	0.0	0.0	2	1.0139881242746	-13.103307874415211	138.0	21	1.05	0.95				
	204	1	38.05414765614036	7.71367857894737	0.0	0.0	2	1.0112413137165361	-17.269349316074138	138.0	21	1.05	0.95				
	205	1	36.51141194035088	7.199433340350879	0.0	0.0	2	1.0260487936358564	-17.78418672048611	138.0	21	1.05	0.95				
	206	1	69.93735244912283	14.398866680701758	0.0	-100.0	2	1.0395890234970964	-18.741680673665744	138.0	22	1.05	0.95				
	207	2	64.28065482456141	12.856130964912282	0.0	0.0	2	0.9906106743494463	-25.472495819583973	138.0	22	1.05	0.95				
	208	1	87.93593580000001	17.998583350877194	0.0	0.0	2	0.993918608396634	-23.06980416959279	138.0	22	1.05	0.95				
	209	1	89.99291675438597	18.51282858947369	0.0	0.0	2	1.0237852243912133	-15.238838139509282	138.0	23	1.05	0.95				
	210	1	100.27782152631579	20.56980954385965	0.0	0.0	2	1.05	-16.875595702404482	138.0	23	1.05	0.95				
	211	1	0.0	0.0	0.0	0.0	2	1.0135097293872295	-11.605774178653789	230.0	23	1.05	0.95				
	212	1	0.0	0.0	0.0	0.0	2	1.0138335142010353	-10.182562073860165	230.0	23	1.05	0.95				
	213	2	136.27498822807019	27.76924288421053	0.0	0.0	2	1.0163532250862821	-9.602455967535507	230.0	24	1.05	0.95				
	214	2	99.76357628771932	20.05556430526316	0.0	0.0	2	1.0188902632688137	-8.886291049235172	230.0	26	1.05	0.95				
	215	2	163.01574063508775	32.91169527017544	0.0	0.0	2	1.0311330725038674	-1.7076937468356566	230.0	26	1.05	0.95				
	216	2	51.42452385964913	10.284904771929826	0.0	0.0	2	1.0339550249757175	-1.901994899546498	230.0	26	1.05	0.95				
	217	1	0.0	0.0	0.0	0.0	2	1.0348800840729977	-0.400453078474968	230.0	27	1.05	0.95				
	218	2	171.2436644526316	34.96867622456141	0.0	0.0	2	1.0335880848585437	-1.0530338408451243	230.0	27	1.05	0.95				
	219	1	93.07838818596493	19.02707382807018	0.0	0.0	2	1.0374942867528965	-1.2814952206996415	230.0	25	1.05	0.95				
	220	1	65.82339054035089	13.370376203508775	0.0	0.0	2	1.0446128591614217	0.2275678664891611	230.0	25	1.05	0.95				
	221	2	0.0	0.0	0.0	0.0	2	1.035400288200565	-0.4668903531821838	230.0	27	1.05	0.95				
	222	2	0.0	0.0	0.0	0.0	2	1.05	6.0570611953743105	230.0	27	1.05	0.95				
	223	2	0.0	0.0	0.0	0.0	2	1.05	1.4250742695287424	230.0	25	1.05	0.95				
	224	1	0.0	0.0	0.0	0.0	2	1.0106117900176952	-5.949717069382537	230.0	26	1.05	0.95				
	301	2	45.30465041684211	9.22872508491228	0.0	0.0	3	1.0071573016790347	3.674263707935848	138.0	31	1.05	0.95				
	302	2	40.69028787438596	8.389750077192982	0.0	0.0	3	1.0070075567862238	3.5754702162708223	138.0	32	1.05	0.95				
	303	1	75.50775069473684	15.521037642807018	0.0	0.0	3	1.023976963844802	8.249137958072172	138.0	31	1.05	0.95				
	304	1	31.042075285614036	6.292312557894736	0.0	0.0	3	1.0099492251636288	4.873662753589831	138.0	31	1.05	0.95				
	305	1	29.783612774035085	5.872825054035088	0.0	0.0	3	1.0230643959621673	4.4226428864360825	138.0	31	1.05	0.95				
	306	1	57.05030052491228	11.745650108070176	0.0	-100.0	3	1.0404400451943139	4.332396750848459	138.0	32	1.05	0.95				
	307	2	52.43593798245614	10.487187596491228	0.0	0.0	3	0.9827367661264989	-0.23548003397364767	138.0	32	1.05	0.95				
	308	1	71.73236316	14.682062635087718	0.0	0.0	3	0.9940120379905267	1.6072978040172636	138.0	32	1.05	0.95				
	309	1	73.41031317543859	15.101550138947367	0.0	0.0	3	1.025298631340141	7.65830900045425	138.0	33	1.05	0.95				
	310	1	81.80006325263157	16.779500154385964	0.0	0.0	3	1.05	6.520651343719055	138.0	33	1.05	0.95				
	311	1	0.0	0.0	0.0	0.0	3	1.005846519551712	11.615666372143203	230.0	33	1.05	0.95				
	312	1	0.0	0.0	0.0	0.0	3	1.0117727975722568	11.662879647720473	230.0	33	1.05	0.95				
	313	2	111.16418852280701	22.652325208421054	0.0	0.0	3	1.0102475335362007	14.743908054093561	230.0	34	1.05	0.95				
	314	2	81.38057574877192	16.360012650526315	0.0	0.0	3	1.0019254899804775	13.519191544227985	230.0	36	1.05	0.95				
	315	2	132.97753872350876	26.847200247017543	0.0	0.0	3	1.0335351760122553	15.531795587326847	230.0	36	1.05	0.95				
	316	2	41.948750385964914	8.389750077192982	0.0	0.0	3	1.0308098646923256	16.03670659158713	230.0	36	1.05	0.95				
	317	1	0.0	0.0	0.0	0.0	3	1.05	20.39060848399455	230.0	37	1.05	0.95				
	318	2	139.68933878526315	28.52515026245614	0.0	0.0	3	1.0491588046822689	17.261776939463257	230.0	37	1.05	0.95				
	319	1	75.9272381985965	15.521037642807018	0.0	0.0	3	1.026067553822926	15.515092660010145	230.0	35	1.05	0.95				
	320	1	53.69440049403509	10.906675100350878	0.0	0.0	3	1.022960812612363	15.089904948479901	230.0	35	1.05	0.95				
	321	2	0.0	0.0	0.0	0.0	3	1.044790404979735	17.351513871000336	230.0	37	1.05	0.95				
	322	2	0.0	0.0	0.0	0.0	3	1.05	22.88629714795987	230.0	37	1.05	0.95				
	323	2	0.0	0.0	0.0	0.0	3	1.0214192400819808	15.055064657539205	230.0	35	1.05	0.95				
	324	1	0.0	0.0	0.0	0.0	3	1.0220233894967523	13.815761128483926	230.0	36	1.05	0.95				
	325	1	0.0	0.0	0.0	0.0	3	1.0239130431236196	15.37034141800815	230.0	35	1.05	0.95				
];
