%% MATPOWER Case Format : Version 2
function mpc = RTS_GMLC
mpc.version = '2';

%%-----  Power Flow Data  -----%%
%% system MVA base
mpc.baseMVA = 100.0;
%% bus data
%    bus_i    type    Pd    Qd    Gs    Bs    area    Vm    Va    baseKV    zone    Vmax    Vmin
mpc.bus = [
	101	2	78.62196933473685	16.01558634596491	0.0	0.0	1	1.0328444596391073	-2.0369478367514002	138.0	11	1.05	0.95				
	102	2	70.61417616175439	14.559623950877192	0.0	0.0	1	1.0328430710784957	-2.0906772980806276	138.0	12	1.05	0.95				
	103	1	131.03661555789472	26.935304309122802	0.0	0.0	1	1.0207071488855406	-2.6458746066759797	138.0	11	1.05	0.95				
	104	1	53.870608618245605	10.919717963157893	0.0	0.0	1	1.016632800183901	-4.906825735525839	138.0	11	1.05	0.95				
	105	1	51.68666502561403	10.191736765614037	0.0	0.0	1	1.0317488170903686	-4.934845171005897	138.0	11	1.05	0.95				
	106	1	99.00544286596491	20.383473531228073	0.0	-100.0	1	1.0369280109821801	-7.220376702055928	138.0	12	1.05	0.95				
	107	2	90.99764969298245	18.19952993859649	0.0	0.0	1	1.0469401322031213	-2.7814045101658733	138.0	12	1.05	0.95				
	108	1	124.48478477999998	25.479341914035086	0.0	0.0	1	1.02430533135295	-5.933150117678301	138.0	12	1.05	0.95				
	109	1	127.39670957017543	26.207323111578944	0.0	0.0	1	1.0266538454614085	-4.26476781071281	138.0	13	1.05	0.95				
	110	1	141.9563335210526	29.119247901754385	0.0	0.0	1	1.05	-5.574566868374588	138.0	13	1.05	0.95				
	111	1	0.0	0.0	0.0	0.0	1	1.0136225426415812	-1.5144171332887242	230.0	13	1.05	0.95				
	112	1	0.0	0.0	0.0	0.0	1	1.015857794988167	-0.5722563253090867	230.0	13	1.05	0.95				
	113	3	192.91501734912276	39.31098466736842	0.0	0.0	1	1.0139383742245796	-8.03680258906497e-28	230.0	14	1.05	0.95				
	114	2	141.22835232350877	28.391266704210526	0.0	0.0	1	1.016132080215896	0.6136420381185869	230.0	16	1.05	0.95				
	115	2	230.7700396214035	46.590796642807014	0.0	0.0	1	1.045025857108093	8.268084989088452	230.0	16	1.05	0.95				
	116	2	72.79811975438597	14.559623950877192	0.0	0.0	1	1.043230596642705	7.997366199063717	230.0	16	1.05	0.95				
	117	1	0.0	0.0	0.0	0.0	1	1.0471088394014076	10.864435024706298	230.0	17	1.05	0.95				
	118	2	242.41773878210523	49.502721432982455	0.0	0.0	1	1.049157902775362	11.398785913020422	230.0	17	1.05	0.95				
	119	1	131.7645967554386	26.935304309122802	0.0	0.0	1	1.0378173590075366	6.955853135675137	230.0	15	1.05	0.95				
	120	1	93.18159328561403	18.927511136140353	0.0	0.0	1	1.0395198153490446	7.42549321247396	230.0	15	1.05	0.95				
	121	2	0.0	0.0	0.0	0.0	1	1.05	11.973912182825945	230.0	17	1.05	0.95				
	122	2	0.0	0.0	0.0	0.0	1	1.05	18.505144033662347	230.0	17	1.05	0.95				
	123	2	0.0	0.0	0.0	0.0	1	1.04250173467676	8.220394585091755	230.0	15	1.05	0.95				
	124	1	0.0	0.0	0.0	0.0	1	1.022256864367769	4.233865191802579	230.0	16	1.05	0.95				
	201	2	77.38328349473686	15.76326145263158	0.0	0.0	2	1.0391792416416674	-8.569567008453385	138.0	21	1.05	0.95				
	202	2	69.50165276842105	14.330237684210529	0.0	0.0	2	1.0391554467400788	-8.702645515004761	138.0	22	1.05	0.95				
	203	1	128.97213915789473	26.510939715789476	0.0	0.0	2	1.0277829475764846	-6.145879945588777	138.0	21	1.05	0.95				
	204	1	53.02187943157895	10.747678263157894	0.0	0.0	2	1.0194522201178542	-10.597409000753439	138.0	21	1.05	0.95				
	205	1	50.87234377894737	10.03116637894737	0.0	0.0	2	1.035413372483794	-10.919073202092655	138.0	21	1.05	0.95				
	206	1	97.4456162526316	20.06233275789474	0.0	-100.0	2	1.0391468621385294	-12.921681445330467	138.0	22	1.05	0.95				
	207	2	89.56398552631579	17.91279710526316	0.0	0.0	2	0.9671945366414766	-23.723320005032868	138.0	22	1.05	0.95				
	208	1	122.5235322	25.077915947368425	0.0	0.0	2	0.9706930457926964	-20.182974939533356	138.0	22	1.05	0.95				
	209	1	125.38957973684211	25.794427831578947	0.0	0.0	2	1.0257896046586472	-9.259021870101769	138.0	23	1.05	0.95				
	210	1	139.71981742105265	28.660475368421057	0.0	0.0	2	1.05	-11.058602908830844	138.0	23	1.05	0.95				
	211	1	0.0	0.0	0.0	0.0	2	1.0242820554417276	-4.633380357403065	230.0	23	1.05	0.95				
	212	1	0.0	0.0	0.0	0.0	2	1.019778972230918	-3.4249784105716805	230.0	23	1.05	0.95				
	213	2	189.87564931578947	38.69164174736843	0.0	0.0	2	1.0342519410384245	-1.1903500594760508	230.0	24	1.05	0.95				
	214	2	139.0033055368421	27.943963484210528	0.0	0.0	2	1.037684610086533	-2.2548695811967066	230.0	26	1.05	0.95				
	215	2	227.13426729473687	45.85676058947369	0.0	0.0	2	1.0438356626018463	5.295652320739586	230.0	26	1.05	0.95				
	216	2	71.65118842105264	14.330237684210529	0.0	0.0	2	1.0470026885068027	5.501170892865462	230.0	26	1.05	0.95				
	217	1	0.0	0.0	0.0	0.0	2	1.048738172034849	8.581905479805894	230.0	27	1.05	0.95				
	218	2	238.5984574421053	48.7228081263158	0.0	0.0	2	1.0499999951692938	9.371055207325076	230.0	27	1.05	0.95				
	219	1	129.68865104210528	26.510939715789476	0.0	0.0	2	1.043280992575821	5.124680186235552	230.0	25	1.05	0.95				
	220	1	91.71352117894737	18.629308989473685	0.0	0.0	2	1.0462092636085967	6.138508615921234	230.0	25	1.05	0.95				
	221	2	0.0	0.0	0.0	0.0	2	1.05	9.733054294593334	230.0	27	1.05	0.95				
	222	2	0.0	0.0	0.0	0.0	2	1.05	15.793239137268742	230.0	27	1.05	0.95				
	223	2	0.0	0.0	0.0	0.0	2	1.05	7.2149769562152954	230.0	25	1.05	0.95				
	224	1	0.0	0.0	0.0	0.0	2	1.0234876423164554	1.031124998140663	230.0	26	1.05	0.95				
	301	2	65.30907941052632	13.303701361403508	0.0	0.0	3	1.0118470639816184	-17.66955878162138	138.0	31	1.05	0.95				
	302	2	58.65722872982456	12.094273964912281	0.0	0.0	3	1.0107340816847583	-17.945805673596844	138.0	32	1.05	0.95				
	303	1	108.84846568421054	22.374406835087722	0.0	0.0	3	1.0231612915278245	-11.38146879226652	138.0	31	1.05	0.95				
	304	1	44.748813670175444	9.07070547368421	0.0	0.0	3	1.008735528998742	-16.491327153003525	138.0	31	1.05	0.95				
	305	1	42.93467257543859	8.465991775438598	0.0	0.0	3	1.0228698853141118	-17.302524862140466	138.0	31	1.05	0.95				
	306	1	82.24106296140351	16.931983550877195	0.0	-100.0	3	1.0359084414156625	-17.779289546792185	138.0	32	1.05	0.95				
	307	2	75.58921228070176	15.117842456140352	0.0	0.0	3	1.0059673374986633	-19.353619146563318	138.0	32	1.05	0.95				
	308	1	103.4060424	21.16497943859649	0.0	0.0	3	1.0031847351525462	-18.956620581301216	138.0	32	1.05	0.95				
	309	1	105.82489719298245	21.769693136842104	0.0	0.0	3	1.0275320132384356	-12.83319646788597	138.0	33	1.05	0.95				
	310	1	117.91917115789474	24.188547929824562	0.0	0.0	3	1.05	-14.995093889707713	138.0	33	1.05	0.95				
	311	1	0.0	0.0	0.0	0.0	3	1.0165475396172612	-8.256723801641328	230.0	33	1.05	0.95				
	312	1	0.0	0.0	0.0	0.0	3	1.0163130176691286	-7.472954686492609	230.0	33	1.05	0.95				
	313	2	160.24913003508772	32.65453970526316	0.0	0.0	3	1.0236936398376242	-4.134499398960446	230.0	34	1.05	0.95				
	314	2	117.31445745964912	23.583834231578948	0.0	0.0	3	1.024867046751428	-6.227417502259864	230.0	36	1.05	0.95				
	315	2	191.69424234385966	38.7016766877193	0.0	0.0	3	1.0466236524942307	0.438072828170802	230.0	36	1.05	0.95				
	316	2	60.47136982456141	12.094273964912281	0.0	0.0	3	1.0446083080795094	0.2932042669129165	230.0	36	1.05	0.95				
	317	1	0.0	0.0	0.0	0.0	3	1.0472086265162979	2.5380531794694043	230.0	37	1.05	0.95				
	318	2	201.3696615157895	41.12053148070176	0.0	0.0	3	1.0477437821372817	2.842752608987173	230.0	37	1.05	0.95				
	319	1	109.45317938245616	22.374406835087722	0.0	0.0	3	1.0398729598660996	-0.567318718666142	230.0	35	1.05	0.95				
	320	1	77.4033533754386	15.722556154385966	0.0	0.0	3	1.0406568752614644	-0.17427073516656955	230.0	35	1.05	0.95				
	321	2	0.0	0.0	0.0	0.0	3	1.05	3.951479144959995	230.0	37	1.05	0.95				
	322	2	0.0	0.0	0.0	0.0	3	1.05	9.171812175460108	230.0	37	1.05	0.95				
	323	2	0.0	0.0	0.0	0.0	3	1.0425169110302628	0.48967080002188484	230.0	35	1.05	0.95				
	324	1	0.0	0.0	0.0	0.0	3	1.0229757251074603	-3.937245521051043	230.0	36	1.05	0.95				
	325	1	0.0	0.0	0.0	0.0	3	1.0404143021810004	1.4480612718792971	230.0	35	1.05	0.95				
];
