%% MATPOWER Case Format : Version 2
function mpc = RTS_GMLC
mpc.version = '2';

%%-----  Power Flow Data  -----%%
%% system MVA base
mpc.baseMVA = 100.0;
%% bus data
%    bus_i    type    Pd    Qd    Gs    Bs    area    Vm    Va    baseKV    zone    Vmax    Vmin
mpc.bus = [
	101	2	99.07570508210527	20.182088072280703	0.0	0.0	1	1.040720670367542	-5.988793621015858	138.0	11	1.05	0.95				
	102	2	88.98466104596491	18.34735279298246	0.0	0.0	1	1.040641826394659	-6.0749970166993155	138.0	12	1.05	0.95				
	103	1	165.1261751368421	33.942602667017546	0.0	0.0	1	1.015686461716078	-6.573703092388452	138.0	11	1.05	0.95				
	104	1	67.88520533403509	13.760514594736842	0.0	0.0	1	1.0179322377436453	-8.719090006218387	138.0	11	1.05	0.95				
	105	1	65.13310241508772	12.84314695508772	0.0	0.0	1	1.0331718370239413	-8.98665010498127	138.0	11	1.05	0.95				
	106	1	124.76199899228071	25.68629391017544	0.0	-100.0	1	1.0331455906506326	-11.498951484899921	138.0	12	1.05	0.95				
	107	2	114.67095495614035	22.93419099122807	0.0	0.0	1	1.05	-6.3169263959403485	138.0	12	1.05	0.95				
	108	1	156.86986638	32.107867387719295	0.0	0.0	1	1.0204884827106095	-10.015615545595326	138.0	12	1.05	0.95				
	109	1	160.5393369385965	33.025235027368424	0.0	0.0	1	1.027432000052885	-7.587106589081589	138.0	13	1.05	0.95				
	110	1	178.88668973157894	36.69470558596492	0.0	0.0	1	1.05	-9.16086469709485	138.0	13	1.05	0.95				
	111	1	0.0	0.0	0.0	0.0	1	1.0212105525320763	-3.688624094883976	230.0	13	1.05	0.95				
	112	1	0.0	0.0	0.0	0.0	1	1.02074206307325	-2.2665959819607036	230.0	13	1.05	0.95				
	113	3	243.10242450701756	49.53785254105264	0.0	0.0	1	1.0309251038788174	2.0420026423581497e-30	230.0	14	1.05	0.95				
	114	2	177.96932209192983	35.77733794631579	0.0	0.0	1	1.0278670516765611	-2.2924769831503933	230.0	16	1.05	0.95				
	115	2	290.8055417687719	58.71152893754387	0.0	0.0	1	1.0436567888157018	5.452398147682383	230.0	16	1.05	0.95				
	116	2	91.73676396491229	18.34735279298246	0.0	0.0	1	1.045314457053638	5.2967143185951215	230.0	16	1.05	0.95				
	117	1	0.0	0.0	0.0	0.0	1	1.0480048940409015	8.310106558256976	230.0	17	1.05	0.95				
	118	2	305.4834240031579	62.380999496140355	0.0	0.0	1	1.0496424343618773	8.935654122452057	230.0	17	1.05	0.95				
	119	1	166.04354277649122	33.942602667017546	0.0	0.0	1	1.0404626140039563	4.64573343891006	230.0	15	1.05	0.95				
	120	1	117.42305787508774	23.851558630877197	0.0	0.0	1	1.0445667175125057	5.692262540712908	230.0	15	1.05	0.95				
	121	2	0.0	0.0	0.0	0.0	1	1.05	9.928600181096874	230.0	17	1.05	0.95				
	122	2	0.0	0.0	0.0	0.0	1	1.05	15.883137921935539	230.0	17	1.05	0.95				
	123	2	0.0	0.0	0.0	0.0	1	1.05	6.929140948481169	230.0	15	1.05	0.95				
	124	1	0.0	0.0	0.0	0.0	1	1.018096414113424	1.0195634635907591	230.0	16	1.05	0.95				
	201	2	103.88603808	21.16197072	0.0	0.0	2	1.05	-13.452730074555852	138.0	21	1.05	0.95				
	202	2	93.30505271999999	19.2381552	0.0	0.0	2	1.05	-13.473892759318762	138.0	22	1.05	0.95				
	203	1	173.1433968	35.59058712	0.0	0.0	2	1.0212417001614276	-10.205104868078083	138.0	21	1.05	0.95				
	204	1	71.18117424	14.4286164	0.0	0.0	2	1.016613130923496	-14.764644646644976	138.0	21	1.05	0.95				
	205	1	68.29545096	13.466708640000002	0.0	0.0	2	1.0344675979821405	-15.260948967693679	138.0	21	1.05	0.95				
	206	1	130.81945536	26.933417280000004	0.0	-100.0	2	1.0295022945799253	-17.165806867285745	138.0	22	1.05	0.95				
	207	2	120.23847	24.047694	0.0	0.0	2	0.95	-25.82803265744042	138.0	22	1.05	0.95				
	208	1	164.48622695999998	33.666771600000004	0.0	0.0	2	0.9507292424301208	-23.516613734851457	138.0	22	1.05	0.95				
	209	1	168.333858	34.62867936	0.0	0.0	2	1.0211320436774358	-11.931950863054396	138.0	23	1.05	0.95				
	210	1	187.5720132	38.4763104	0.0	0.0	2	1.0435571814203355	-14.08716879894903	138.0	23	1.05	0.95				
	211	1	0.0	0.0	0.0	0.0	2	1.029619435573633	-6.5374149062167515	230.0	23	1.05	0.95				
	212	1	0.0	0.0	0.0	0.0	2	1.0225951058684233	-2.3943267250445204	230.0	23	1.05	0.95				
	213	2	254.90555640000002	51.94301904	0.0	0.0	2	1.05	-1.1944941619748386	230.0	24	1.05	0.95				
	214	2	186.61010543999998	37.51440264	0.0	0.0	2	1.05	-5.075175754996736	230.0	26	1.05	0.95				
	215	2	304.92475992	61.56209664	0.0	0.0	2	1.0445303117527682	2.9176751659255116	230.0	26	1.05	0.95				
	216	2	96.190776	19.2381552	0.0	0.0	2	1.0484542467961822	2.9686140212455525	230.0	26	1.05	0.95				
	217	1	0.0	0.0	0.0	0.0	2	1.0499641982865495	6.0217222249983475	230.0	27	1.05	0.95				
	218	2	320.31528408	65.40972768	0.0	0.0	2	1.05	6.554363932084565	230.0	27	1.05	0.95				
	219	1	174.10530456	35.59058712	0.0	0.0	2	1.0413840287395066	2.8676330311629328	230.0	25	1.05	0.95				
	220	1	123.12419328	25.00960176	0.0	0.0	2	1.0444930475675083	4.580695463038403	230.0	25	1.05	0.95				
	221	2	0.0	0.0	0.0	0.0	2	1.05	7.231273860356739	230.0	27	1.05	0.95				
	222	2	0.0	0.0	0.0	0.0	2	1.05	13.268676455476779	230.0	27	1.05	0.95				
	223	2	0.0	0.0	0.0	0.0	2	1.05	6.214327982933707	230.0	25	1.05	0.95				
	224	1	0.0	0.0	0.0	0.0	2	1.0191808160974205	-1.9435049845909	230.0	26	1.05	0.95				
	301	2	81.74311927578948	16.65137614877193	0.0	0.0	3	1.0133385784212612	-14.513146646702015	138.0	31	1.05	0.95				
	302	2	73.4174312014035	15.137614680701756	0.0	0.0	3	1.0120099972632852	-14.87057485481148	138.0	32	1.05	0.95				
	303	1	136.2385321263158	28.004587159298243	0.0	0.0	3	1.017365749336966	-9.028491537311956	138.0	31	1.05	0.95				
	304	1	56.009174318596486	11.353211010526316	0.0	0.0	3	1.0056825599960506	-13.34501462923131	138.0	31	1.05	0.95				
	305	1	53.73853211649122	10.59633027649123	0.0	0.0	3	1.0210782698610614	-13.731336892364798	138.0	31	1.05	0.95				
	306	1	102.93577982877193	21.19266055298246	0.0	-100.0	3	1.0314561703099443	-14.126522134286697	138.0	32	1.05	0.95				
	307	2	94.61009175438596	18.92201835087719	0.0	0.0	3	1.008519086774583	-16.076021622630574	138.0	32	1.05	0.95				
	308	1	129.42660552	26.49082569122807	0.0	0.0	3	1.0021411377788394	-15.321343936677472	138.0	32	1.05	0.95				
	309	1	132.45412845614035	27.247706425263157	0.0	0.0	3	1.0272741049515102	-9.002985121680526	138.0	33	1.05	0.95				
	310	1	147.5917431368421	30.27522936140351	0.0	0.0	3	1.05	-10.522023557174785	138.0	33	1.05	0.95				
	311	1	0.0	0.0	0.0	0.0	3	1.0222083377140476	-3.163035576791513	230.0	33	1.05	0.95				
	312	1	0.0	0.0	0.0	0.0	3	1.021624117707036	-1.6590677254936084	230.0	33	1.05	0.95				
	313	2	200.57339451929823	40.87155963789474	0.0	0.0	3	1.0410128334573843	2.7548903897276076	230.0	34	1.05	0.95				
	314	2	146.834862402807	29.518348627368425	0.0	0.0	3	1.0316833772001683	-1.9093951747065747	230.0	36	1.05	0.95				
	315	2	239.9311926891228	48.44036697824561	0.0	0.0	3	1.0468517970509752	2.2815330431661494	230.0	36	1.05	0.95				
	316	2	75.68807340350877	15.137614680701756	0.0	0.0	3	1.0449500794065605	2.31923095560801	230.0	36	1.05	0.95				
	317	1	0.0	0.0	0.0	0.0	3	1.0471751794418007	3.9118718433148336	230.0	37	1.05	0.95				
	318	2	252.0412844336842	51.467889914385964	0.0	0.0	3	1.0471104000922693	3.878342535227889	230.0	37	1.05	0.95				
	319	1	136.99541286035088	28.004587159298243	0.0	0.0	3	1.042659515269604	3.2519582580227744	230.0	35	1.05	0.95				
	320	1	96.88073395649123	19.67889908491228	0.0	0.0	3	1.045926227456989	4.7890247476966135	230.0	35	1.05	0.95				
	321	2	0.0	0.0	0.0	0.0	3	1.05	5.268176009737508	230.0	37	1.05	0.95				
	322	2	0.0	0.0	0.0	0.0	3	1.05	10.510920135381337	230.0	37	1.05	0.95				
	323	2	0.0	0.0	0.0	0.0	3	1.0499810552299518	6.040647302343532	230.0	35	1.05	0.95				
	324	1	0.0	0.0	0.0	0.0	3	1.023280718199228	-0.7475252289564693	230.0	36	1.05	0.95				
	325	1	0.0	0.0	0.0	0.0	3	1.05	6.364864056376573	230.0	35	1.05	0.95				
];

%% generator data
%    bus    Pg    Qg    Qmax    Qmin    Vg    mBase    status    Pmax    Pmin    Pc1    Pc2    Qc1min    Qc1max    Qc2min    Qc2max    ramp_agc    ramp_10    ramp_30    ramp_q    apf
