%% MATPOWER Case Format : Version 2
function mpc = RTS_GMLC
mpc.version = '2';

%%-----  Power Flow Data  -----%%
%% system MVA base
mpc.baseMVA = 100.0;
%% bus data
%    bus_i    type    Pd    Qd    Gs    Bs    area    Vm    Va    baseKV    zone    Vmax    Vmin
mpc.bus = [
	101	2	54.841662530526314	11.17144977473684	0.0	0.0	1	1.0333734473146399	2.022941424900016	138.0	11	1.05	0.95				
	102	2	49.255937643157885	10.155863431578947	0.0	0.0	1	1.033013585987224	1.89803440290747	138.0	12	1.05	0.95				
	103	1	91.40277088421051	18.78834734842105	0.0	0.0	1	1.0259228795495021	0.1504552819313362	138.0	11	1.05	0.95				
	104	1	37.5766946968421	7.61689757368421	0.0	0.0	1	1.0201142265752248	-1.2808306545168617	138.0	11	1.05	0.95				
	105	1	36.05331518210526	7.109104402105264	0.0	0.0	1	1.034776158722476	-1.1056170196261805	138.0	11	1.05	0.95				
	106	1	69.05987133473684	14.218208804210528	0.0	-100.0	1	1.0431611588421406	-3.3588474833612745	138.0	12	1.05	0.95				
	107	2	63.47414644736842	12.694829289473683	0.0	0.0	1	1.0261298041424076	-2.9061674111277025	138.0	12	1.05	0.95				
	108	1	86.83263233999999	17.772761005263156	0.0	0.0	1	1.0185804730442798	-4.228946144078535	138.0	12	1.05	0.95				
	109	1	88.86380502631577	18.280554176842102	0.0	0.0	1	1.0253317726822182	-1.826342317138306	138.0	13	1.05	0.95				
	110	1	99.01966845789472	20.311726863157894	0.0	0.0	1	1.05	-2.6769109278080068	138.0	13	1.05	0.95				
	111	1	0.0	0.0	0.0	0.0	1	1.0050286833330488	-0.23426453029763222	230.0	13	1.05	0.95				
	112	1	0.0	0.0	0.0	0.0	1	1.0100022454162856	0.3242426097939517	230.0	13	1.05	0.95				
	113	3	134.56519046842104	27.420831265263157	0.0	0.0	1	0.9982565755774983	-1.1944567219989816e-29	230.0	14	1.05	0.95				
	114	2	98.51187528631577	19.803933691578944	0.0	0.0	1	1.0016890060087642	1.6980981501246015	230.0	16	1.05	0.95				
	115	2	160.9704353905263	32.49876298105263	0.0	0.0	1	1.0379364159825077	7.865861634327598	230.0	16	1.05	0.95				
	116	2	50.77931715789473	10.155863431578947	0.0	0.0	1	1.0341110129001891	7.411420353069752	230.0	16	1.05	0.95				
	117	1	0.0	0.0	0.0	0.0	1	1.0408762006168617	9.256041688811722	230.0	17	1.05	0.95				
	118	2	169.09512613578946	34.52993566736842	0.0	0.0	1	1.0429421090910809	9.225657314192686	230.0	17	1.05	0.95				
	119	1	91.91056405578946	18.78834734842105	0.0	0.0	1	1.0282948243940544	6.439241415888992	230.0	15	1.05	0.95				
	120	1	64.99752596210526	13.202622461052632	0.0	0.0	1	1.0271325132908848	6.574406053550073	230.0	15	1.05	0.95				
	121	2	0.0	0.0	0.0	0.0	1	1.0468146514989627	10.358594755541917	230.0	17	1.05	0.95				
	122	2	0.0	0.0	0.0	0.0	1	1.05	16.9408121862689	230.0	17	1.05	0.95				
	123	2	0.0	0.0	0.0	0.0	1	1.0274480909148047	7.037819570705677	230.0	15	1.05	0.95				
	124	1	0.0	0.0	0.0	0.0	1	1.0235282909428	4.985840733362427	230.0	16	1.05	0.95				
	201	2	57.54446719578949	11.722021095438597	0.0	0.0	2	1.033988523664129	-7.122092159408507	138.0	21	1.05	0.95				
	202	2	51.683456648070184	10.656382814035089	0.0	0.0	2	1.0341710629771912	-7.180365076143938	138.0	22	1.05	0.95				
	203	1	95.9074453263158	19.71430820596491	0.0	0.0	2	1.0232782518740047	-5.933615438076616	138.0	21	1.05	0.95				
	204	1	39.42861641192982	7.992287110526315	0.0	0.0	2	1.0194969872794102	-9.572745663768563	138.0	21	1.05	0.95				
	205	1	37.83015898982456	7.459467969824562	0.0	0.0	2	1.035080442392967	-9.764262974312542	138.0	21	1.05	0.95				
	206	1	72.46340313543861	14.918935939649124	0.0	-100.0	2	1.0430494915987933	-11.757059935592904	138.0	22	1.05	0.95				
	207	2	66.6023925877193	13.32047851754386	0.0	0.0	2	0.9890378131461712	-19.855660798790574	138.0	22	1.05	0.95				
	208	1	91.11207306	18.648669924561403	0.0	0.0	2	0.9921214325974574	-17.351743340919164	138.0	22	1.05	0.95				
	209	1	93.24334962280703	19.181489065263158	0.0	0.0	2	1.0235413673835927	-9.370852513083415	138.0	23	1.05	0.95				
	210	1	103.8997324368421	21.312765628070178	0.0	0.0	2	1.05	-10.763931187236558	138.0	23	1.05	0.95				
	211	1	0.0	0.0	0.0	0.0	2	1.010516904627139	-6.535792545014577	230.0	23	1.05	0.95				
	212	1	0.0	0.0	0.0	0.0	2	1.0116995967071347	-5.785899620177916	230.0	23	1.05	0.95				
	213	2	141.1970722859649	28.772233597894743	0.0	0.0	2	1.0071835539358518	-5.498643580576943	230.0	24	1.05	0.95				
	214	2	103.36691329614037	20.779946487368424	0.0	0.0	2	1.0151862653143418	-3.8508600777248896	230.0	26	1.05	0.95				
	215	2	168.90366760245615	34.10042500491228	0.0	0.0	2	1.0311673645895474	3.2244955771778567	230.0	26	1.05	0.95				
	216	2	53.28191407017544	10.656382814035089	0.0	0.0	2	1.033302529883999	3.1882609211950106	230.0	26	1.05	0.95				
	217	1	0.0	0.0	0.0	0.0	2	1.0377623425800808	6.051439885534673	230.0	27	1.05	0.95				
	218	2	177.42877385368422	36.231701567719306	0.0	0.0	2	1.0394081972773082	6.538610212848037	230.0	27	1.05	0.95				
	219	1	96.44026446701754	19.71430820596491	0.0	0.0	2	1.032248262417277	2.471025837985716	230.0	25	1.05	0.95				
	220	1	68.20085000982456	13.853297658245614	0.0	0.0	2	1.0354239587328642	2.87172622182327	230.0	25	1.05	0.95				
	221	2	0.0	0.0	0.0	0.0	2	1.0391149580827543	6.1915047583753084	230.0	27	1.05	0.95				
	222	2	0.0	0.0	0.0	0.0	2	1.05	12.637803840032788	230.0	27	1.05	0.95				
	223	2	0.0	0.0	0.0	0.0	2	1.03828226199947	3.489868167720384	230.0	25	1.05	0.95				
	224	1	0.0	0.0	0.0	0.0	2	1.0168140591321195	-0.21280188437035116	230.0	26	1.05	0.95				
	301	2	44.792154378947366	9.124327743859649	0.0	0.0	3	1.0072257833801028	-16.409345175426946	138.0	31	1.05	0.95				
	302	2	40.22999050701754	8.294843403508773	0.0	0.0	3	1.0071416763705088	-16.517718717470913	138.0	32	1.05	0.95				
	303	1	74.65359063157895	15.345460296491225	0.0	0.0	3	1.0227127479084805	-11.281241238776296	138.0	31	1.05	0.95				
	304	1	30.69092059298245	6.221132552631578	0.0	0.0	3	1.0102859197639065	-15.158591081801557	138.0	31	1.05	0.95				
	305	1	29.446694082456137	5.806390382456141	0.0	0.0	3	1.0232497019348583	-15.842480046350893	138.0	31	1.05	0.95				
	306	1	56.404935143859646	11.612780764912282	0.0	-100.0	3	1.0406335638693789	-16.02769428747161	138.0	32	1.05	0.95				
	307	2	51.84277127192982	10.368554254385964	0.0	0.0	3	0.9937233319853817	-20.539409798827393	138.0	32	1.05	0.95				
	308	1	70.9209111	14.515975956140348	0.0	0.0	3	1.0004192001460492	-18.683789828131797	138.0	32	1.05	0.95				
	309	1	72.57987978070175	14.930718126315787	0.0	0.0	3	1.0256735743346348	-12.345483484126486	138.0	33	1.05	0.95				
	310	1	80.87472318421052	16.589686807017546	0.0	0.0	3	1.05	-13.940146101855351	138.0	33	1.05	0.95				
	311	1	0.0	0.0	0.0	0.0	3	1.0077732349708663	-8.283393429389456	230.0	33	1.05	0.95				
	312	1	0.0	0.0	0.0	0.0	3	1.0104879134127343	-7.9588269312123945	230.0	33	1.05	0.95				
	313	2	109.90667509649121	22.396077189473683	0.0	0.0	3	1.0099552286077589	-4.926985008664146	230.0	34	1.05	0.95				
	314	2	80.45998101403508	16.174944636842106	0.0	0.0	3	1.0089351360055623	-6.263440781616078	230.0	36	1.05	0.95				
	315	2	131.47326794561403	26.54349889122807	0.0	0.0	3	1.035639100364972	-1.3485952551771492	230.0	36	1.05	0.95				
	316	2	41.47421701754386	8.294843403508773	0.0	0.0	3	1.0336807940968478	-0.9613699012610687	230.0	36	1.05	0.95				
	317	1	0.0	0.0	0.0	0.0	3	1.03923351671523	0.6200921822524419	230.0	37	1.05	0.95				
	318	2	138.10914266842104	28.202467571929823	0.0	0.0	3	1.0395555200963844	0.802421339835661	230.0	37	1.05	0.95				
	319	1	75.0683328017544	15.345460296491225	0.0	0.0	3	1.0281625648003396	-2.05885530548176	230.0	35	1.05	0.95				
	320	1	53.08699778245614	10.783296424561403	0.0	0.0	3	1.0262276200376936	-2.210905762224313	230.0	35	1.05	0.95				
	321	2	0.0	0.0	0.0	0.0	3	1.042196144728721	1.5867529056654908	230.0	37	1.05	0.95				
	322	2	0.0	0.0	0.0	0.0	3	1.05	5.52719475872803	230.0	37	1.05	0.95				
	323	2	0.0	0.0	0.0	0.0	3	1.025631465007288	-1.9740204297876336	230.0	35	1.05	0.95				
	324	1	0.0	0.0	0.0	0.0	3	1.0184490255687224	-5.059057296651343	230.0	36	1.05	0.95				
	325	1	0.0	0.0	0.0	0.0	3	1.0242887202953699	-0.9267050029233537	230.0	35	1.05	0.95				
];
