%% MATPOWER Case Format : Version 2
function mpc = RTS_GMLC
mpc.version = '2';

%%-----  Power Flow Data  -----%%
%% system MVA base
mpc.baseMVA = 100.0;
%% bus data
%    bus_i    type    Pd    Qd    Gs    Bs    area    Vm    Va    baseKV    zone    Vmax    Vmin
mpc.bus = [
	101	2	69.56407720421053	14.170460171228068	0.0	0.0	1	1.0322664255491565	0.1752930486556729	138.0	11	1.05	0.95				
	102	2	62.478847118596484	12.882236519298246	0.0	0.0	1	1.0323123593481458	0.1397115615641218	138.0	12	1.05	0.95				
	103	1	115.9401286736842	23.832137560701753	0.0	0.0	1	1.0227088304660177	-1.4552118925425304	138.0	11	1.05	0.95				
	104	1	47.664275121403506	9.661677389473683	0.0	0.0	1	1.0177992388533668	-2.9887991526924225	138.0	11	1.05	0.95				
	105	1	45.73193964350877	9.017565563508773	0.0	0.0	1	1.032463658145676	-2.9019476658670023	138.0	11	1.05	0.95				
	106	1	87.59920833122807	18.035131127017547	0.0	-100.0	1	1.0391157755278255	-5.212264630918566	138.0	12	1.05	0.95				
	107	2	80.51397824561403	16.102795649122807	0.0	0.0	1	1.0468647193644744	-0.9528154483042215	138.0	12	1.05	0.95				
	108	1	110.14312223999998	22.543913908771927	0.0	0.0	1	1.0266617053725706	-4.002103281282448	138.0	12	1.05	0.95				
	109	1	112.71956954385965	23.18802573473684	0.0	0.0	1	1.0264204646425148	-2.9409545168980853	138.0	13	1.05	0.95				
	110	1	125.60180606315787	25.764473038596492	0.0	0.0	1	1.05	-3.9869033984008095	138.0	13	1.05	0.95				
	111	1	0.0	0.0	0.0	0.0	1	1.009710083819069	-0.899785263976352	230.0	13	1.05	0.95				
	112	1	0.0	0.0	0.0	0.0	1	1.0139163618822422	0.04530039685167522	230.0	13	1.05	0.95				
	113	3	170.68963388070173	34.78203860210527	0.0	0.0	1	1.0072185623542877	-2.546937014218139e-28	230.0	14	1.05	0.95				
	114	2	124.95769423719297	25.120361212631575	0.0	0.0	1	1.0082291090021362	0.9653116597088253	230.0	16	1.05	0.95				
	115	2	204.18344883087718	41.22315686175438	0.0	0.0	1	1.0423876442779538	7.606947122680683	230.0	16	1.05	0.95				
	116	2	64.41118259649123	12.882236519298246	0.0	0.0	1	1.0397723572224304	7.438691425946672	230.0	16	1.05	0.95				
	117	1	0.0	0.0	0.0	0.0	1	1.0457567277689244	9.936482224918418	230.0	17	1.05	0.95				
	118	2	214.4892380463158	43.799604165614035	0.0	0.0	1	1.0484427181308251	10.277738621175915	230.0	17	1.05	0.95				
	119	1	116.58424049964913	23.832137560701753	0.0	0.0	1	1.0348722827485926	6.758135394869693	230.0	15	1.05	0.95				
	120	1	82.44631372350877	16.74690747508772	0.0	0.0	1	1.0359962730615067	7.393016622472676	230.0	15	1.05	0.95				
	121	2	0.0	0.0	0.0	0.0	1	1.05	10.483051635690769	230.0	17	1.05	0.95				
	122	2	0.0	0.0	0.0	0.0	1	1.05	17.497251071987137	230.0	17	1.05	0.95				
	123	2	0.0	0.0	0.0	0.0	1	1.0383313350187104	8.221875520195248	230.0	15	1.05	0.95				
	124	1	0.0	0.0	0.0	0.0	1	1.0236028722680506	4.2471230103701485	230.0	16	1.05	0.95				
	201	2	70.6173461431579	14.385014955087719	0.0	0.0	2	1.0333939974350506	-8.420704250873777	138.0	21	1.05	0.95				
	202	2	63.42483866561403	13.07728632280702	0.0	0.0	2	1.0334789775507636	-8.512894465755947	138.0	22	1.05	0.95				
	203	1	117.69557690526315	24.192979697192982	0.0	0.0	2	1.0276237767915868	-5.605368015580321	138.0	21	1.05	0.95				
	204	1	48.385959394385964	9.807964742105263	0.0	0.0	2	1.0178564916980242	-10.498356370730487	138.0	21	1.05	0.95				
	205	1	46.42436644596491	9.154100425964913	0.0	0.0	2	1.0332516051667993	-10.875603596806279	138.0	21	1.05	0.95				
	206	1	88.92554699508773	18.308200851929826	0.0	-100.0	2	1.039519142926182	-12.870484216545044	138.0	22	1.05	0.95				
	207	2	81.73303951754386	16.346607903508772	0.0	0.0	2	0.9812017607221429	-22.651603636684406	138.0	22	1.05	0.95				
	208	1	111.81079806000001	22.88525106491228	0.0	0.0	2	0.9820713208188995	-19.471704395777525	138.0	22	1.05	0.95				
	209	1	114.42625532456141	23.539115381052632	0.0	0.0	2	1.0253175792561273	-9.471959913533311	138.0	23	1.05	0.95				
	210	1	127.50354164736841	26.15457264561404	0.0	0.0	2	1.05	-11.301030717854749	138.0	23	1.05	0.95				
	211	1	0.0	0.0	0.0	0.0	2	1.018871751935734	-5.4554990957321134	230.0	23	1.05	0.95				
	212	1	0.0	0.0	0.0	0.0	2	1.0182482439662615	-4.735616462213425	230.0	23	1.05	0.95				
	213	2	173.274043777193	35.30867307157895	0.0	0.0	2	1.0232683140780034	-2.9123489494250485	230.0	24	1.05	0.95				
	214	2	126.84967733122807	25.50070832947369	0.0	0.0	2	1.0293932997542719	-2.796338692555253	230.0	26	1.05	0.95				
	215	2	207.2749882164912	41.84731623298246	0.0	0.0	2	1.0431422561493877	5.072671258260963	230.0	26	1.05	0.95				
	216	2	65.38643161403509	13.07728632280702	0.0	0.0	2	1.045655328662537	4.927097009281913	230.0	26	1.05	0.95				
	217	1	0.0	0.0	0.0	0.0	2	1.0477637249106244	8.326091806644417	230.0	27	1.05	0.95				
	218	2	217.73681727473684	44.462773497543864	0.0	0.0	2	1.0499993802472198	9.228329264114134	230.0	27	1.05	0.95				
	219	1	118.34944122140352	24.192979697192982	0.0	0.0	2	1.043167219534621	3.6771645855561257	230.0	25	1.05	0.95				
	220	1	83.69463246596492	17.000472219649122	0.0	0.0	2	1.0465623459839026	3.817312341864413	230.0	25	1.05	0.95				
	221	2	0.0	0.0	0.0	0.0	2	1.05	9.558074230585282	230.0	27	1.05	0.95				
	222	2	0.0	0.0	0.0	0.0	2	1.05	15.586383752500028	230.0	27	1.05	0.95				
	223	2	0.0	0.0	0.0	0.0	2	1.05	4.370640057998558	230.0	25	1.05	0.95				
	224	1	0.0	0.0	0.0	0.0	2	1.0239801911010598	1.0920706296186542	230.0	26	1.05	0.95				
	301	2	62.83201517052631	12.799114201403508	0.0	0.0	3	1.0091848750697479	-26.288510522074926	138.0	31	1.05	0.95				
	302	2	56.432458069824555	11.63555836491228	0.0	0.0	3	1.0082268043321252	-26.49786287652809	138.0	32	1.05	0.95				
	303	1	104.72002528421052	21.52578297508772	0.0	0.0	3	1.0326809369431607	-16.843611960234256	138.0	31	1.05	0.95				
	304	1	43.05156595017544	8.72666877368421	0.0	0.0	3	1.0078746335765782	-24.671673360457394	138.0	31	1.05	0.95				
	305	1	41.30623219543859	8.144890855438597	0.0	0.0	3	1.0218085056246193	-25.834128477636025	138.0	31	1.05	0.95				
	306	1	79.12179688140351	16.289781710877193	0.0	-100.0	3	1.0359707145498216	-26.231439027804857	138.0	32	1.05	0.95				
	307	2	72.72223978070174	14.544447956140349	0.0	0.0	3	0.999742820543396	-28.88513476732692	138.0	32	1.05	0.95				
	308	1	99.48402401999998	20.362227138596488	0.0	0.0	3	0.9996138267806818	-27.86413092159052	138.0	32	1.05	0.95				
	309	1	101.81113569298246	20.9440050568421	0.0	0.0	3	1.0276237704573723	-20.80827379288793	138.0	33	1.05	0.95				
	310	1	113.44669405789472	23.27111672982456	0.0	0.0	3	1.05	-23.511528018635758	138.0	33	1.05	0.95				
	311	1	0.0	0.0	0.0	0.0	3	1.017035433053474	-16.665302716308243	230.0	33	1.05	0.95				
	312	1	0.0	0.0	0.0	0.0	3	1.0171294101231547	-16.168952930247652	230.0	33	1.05	0.95				
	313	2	154.1711483350877	31.416007585263156	0.0	0.0	3	1.0218820034518032	-13.294184642986732	230.0	34	1.05	0.95				
	314	2	112.86491613964911	22.689338811578946	0.0	0.0	3	1.0268872618036176	-14.138318318678914	230.0	36	1.05	0.95				
	315	2	184.42360008385964	37.233786767719295	0.0	0.0	3	1.0474016949739409	-7.277779680972345	230.0	36	1.05	0.95				
	316	2	58.177791824561396	11.63555836491228	0.0	0.0	3	1.047362736506143	-7.085144523490148	230.0	36	1.05	0.95				
	317	1	0.0	0.0	0.0	0.0	3	1.0492642985342464	-4.333026749614557	230.0	37	1.05	0.95				
	318	2	193.73204677578946	39.560898440701756	0.0	0.0	3	1.0491395961287444	-4.025260990051418	230.0	37	1.05	0.95				
	319	1	105.30180320245613	21.52578297508772	0.0	0.0	3	1.042974253195959	-8.506459435949838	230.0	35	1.05	0.95				
	320	1	74.46757353543859	15.126225874385964	0.0	0.0	3	1.043974352486118	-8.651159344890967	230.0	35	1.05	0.95				
	321	2	0.0	0.0	0.0	0.0	3	1.05	-3.4546883397267525	230.0	37	1.05	0.95				
	322	2	0.0	0.0	0.0	0.0	3	1.05	1.9766728772881306	230.0	37	1.05	0.95				
	323	2	0.0	0.0	0.0	0.0	3	1.0457125876903488	-8.301910002651718	230.0	35	1.05	0.95				
	324	1	0.0	0.0	0.0	0.0	3	1.0298364703619667	-10.844468833823381	230.0	36	1.05	0.95				
	325	1	0.0	0.0	0.0	0.0	3	1.0394180344785773	-6.765499751442083	230.0	35	1.05	0.95				
];
