%% MATPOWER Case Format : Version 2
function mpc = RTS_GMLC
mpc.version = '2';

%%-----  Power Flow Data  -----%%
%% system MVA base
mpc.baseMVA = 100.0;
%% bus data
%    bus_i    type    Pd    Qd    Gs    Bs    area    Vm    Va    baseKV    zone    Vmax    Vmin
mpc.bus = [
	101	2	78.0475012294737	15.89856506526316	0.0	0.0	1	1.031940904183441	-2.1092393041595123	138.0	11	1.05	0.95				
	102	2	70.09821869684211	14.453240968421053	0.0	0.0	1	1.031956757916052	-2.1638800335453863	138.0	12	1.05	0.95				
	103	1	130.07916871578948	26.73849579157895	0.0	0.0	1	1.0205928265381992	-2.7344864382122522	138.0	11	1.05	0.95				
	104	1	53.4769915831579	10.83993072631579	0.0	0.0	1	1.0163335963234652	-5.0157505354188885	138.0	11	1.05	0.95				
	105	1	51.30900543789474	10.117268677894737	0.0	0.0	1	1.0313382382654603	-5.040194157647506	138.0	11	1.05	0.95				
	106	1	98.28203858526317	20.234537355789474	0.0	-100.0	1	1.036845682848634	-7.338601443430231	138.0	12	1.05	0.95				
	107	2	90.33275605263158	18.066551210526317	0.0	0.0	1	1.048638673829306	-3.7924845681795736	138.0	12	1.05	0.95				
	108	1	123.57521028000001	25.293171694736845	0.0	0.0	1	1.025592811292908	-6.559945484293065	138.0	12	1.05	0.95				
	109	1	126.46585847368421	26.015833743157895	0.0	0.0	1	1.02667367898446	-4.421528995346223	138.0	13	1.05	0.95				
	110	1	140.91909944210525	28.906481936842106	0.0	0.0	1	1.05	-5.726801294234775	138.0	13	1.05	0.95				
	111	1	0.0	0.0	0.0	0.0	1	1.0130115866415927	-1.596895557308057	230.0	13	1.05	0.95				
	112	1	0.0	0.0	0.0	0.0	1	1.0156682391593386	-0.6955292343482216	230.0	13	1.05	0.95				
	113	3	191.50544283157896	39.02375061473685	0.0	0.0	1	1.0136137477156244	3.5693594054018753e-28	230.0	14	1.05	0.95				
	114	2	140.19643739368422	28.183819888421052	0.0	0.0	1	1.0148940633070953	0.5371093189920074	230.0	16	1.05	0.95				
	115	2	229.08386934947367	46.25037109894737	0.0	0.0	1	1.0447316957521384	8.181907718841895	230.0	16	1.05	0.95				
	116	2	72.26620484210527	14.453240968421053	0.0	0.0	1	1.0428744851617884	7.891632423696908	230.0	16	1.05	0.95				
	117	1	0.0	0.0	0.0	0.0	1	1.0469355654591679	10.785037536771501	230.0	17	1.05	0.95				
	118	2	240.64646212421056	49.14101929263158	0.0	0.0	1	1.0490998224089818	11.324661789793312	230.0	17	1.05	0.95				
	119	1	130.80183076421054	26.73849579157895	0.0	0.0	1	1.0374189723206517	6.778925049656176	230.0	15	1.05	0.95				
	120	1	92.50074219789474	18.789213258947367	0.0	0.0	1	1.0390449513256554	7.1775459571202935	230.0	15	1.05	0.95				
	121	2	0.0	0.0	0.0	0.0	1	1.05	11.892883157889104	230.0	17	1.05	0.95				
	122	2	0.0	0.0	0.0	0.0	1	1.05	18.487581914105085	230.0	17	1.05	0.95				
	123	2	0.0	0.0	0.0	0.0	1	1.0419387565009393	7.9302409340439235	230.0	15	1.05	0.95				
	124	1	0.0	0.0	0.0	0.0	1	1.0220306025233774	4.146091987536252	230.0	16	1.05	0.95				
	201	2	84.67621597894737	17.248858810526315	0.0	0.0	2	1.043537805165689	-11.715403644120519	138.0	21	1.05	0.95				
	202	2	76.0517865736842	15.680780736842104	0.0	0.0	2	1.043582771919593	-11.871717993874935	138.0	22	1.05	0.95				
	203	1	141.12702663157896	29.009444363157893	0.0	0.0	2	1.0262082441764306	-8.138415368757585	138.0	21	1.05	0.95				
	204	1	58.01888872631579	11.760585552631579	0.0	0.0	2	1.0198513446521613	-13.495070921793179	138.0	21	1.05	0.95				
	205	1	55.666771615789465	10.976546515789472	0.0	0.0	2	1.0367713169426365	-13.933336394511242	138.0	21	1.05	0.95				
	206	1	106.62930901052631	21.953093031578945	0.0	-100.0	2	1.0383033443438923	-15.928020534906844	138.0	22	1.05	0.95				
	207	2	98.00487960526316	19.60097592105263	0.0	0.0	2	0.950438998163004	-27.755411813505205	138.0	22	1.05	0.95				
	208	1	134.07067529999998	27.441366289473677	0.0	0.0	2	0.9569235481523316	-23.79290122024839	138.0	22	1.05	0.95				
	209	1	137.20683144736842	28.225405326315784	0.0	0.0	2	1.0253533695134933	-11.667917468914917	138.0	23	1.05	0.95				
	210	1	152.8876121842105	31.36156147368421	0.0	0.0	2	1.05	-13.739470781417987	138.0	23	1.05	0.95				
	211	1	0.0	0.0	0.0	0.0	2	1.0314231453732823	-6.4662011014752245	230.0	23	1.05	0.95				
	212	1	0.0	0.0	0.0	0.0	2	1.0228688153545298	-5.209492506934371	230.0	23	1.05	0.95				
	213	2	207.77034476315785	42.338107989473684	0.0	0.0	2	1.047598386769386	-2.500220685763602	230.0	24	1.05	0.95				
	214	2	152.1035731473684	30.577522436842102	0.0	0.0	2	1.0499999912429074	-3.96801458020051	230.0	26	1.05	0.95				
	215	2	248.54037467894733	50.17849835789473	0.0	0.0	2	1.0447423708660173	4.524826168838379	230.0	26	1.05	0.95				
	216	2	78.40390368421052	15.680780736842104	0.0	0.0	2	1.0492721531427185	4.419885211599666	230.0	26	1.05	0.95				
	217	1	0.0	0.0	0.0	0.0	2	1.0493053706343558	7.612654056593897	230.0	27	1.05	0.95				
	218	2	261.08499926842103	53.31465450526316	0.0	0.0	2	1.05	8.337163459912404	230.0	27	1.05	0.95				
	219	1	141.91106566842103	29.009444363157893	0.0	0.0	2	1.04391876040107	3.9080121770241103	230.0	25	1.05	0.95				
	220	1	100.35699671578946	20.385014957894736	0.0	0.0	2	1.0462241327746178	4.926886589795657	230.0	25	1.05	0.95				
	221	2	0.0	0.0	0.0	0.0	2	1.05	8.78982287617647	230.0	27	1.05	0.95				
	222	2	0.0	0.0	0.0	0.0	2	1.05	14.839864574098208	230.0	27	1.05	0.95				
	223	2	0.0	0.0	0.0	0.0	2	1.05	6.05488364847334	230.0	25	1.05	0.95				
	224	1	0.0	0.0	0.0	0.0	2	1.0218049208804414	-0.18613080560768477	230.0	26	1.05	0.95				
	301	2	60.91869660631579	12.409364123508771	0.0	0.0	3	1.0095656858541886	-16.759618263130978	138.0	31	1.05	0.95				
	302	2	54.714014544561394	11.281240112280702	0.0	0.0	3	1.0087116690347617	-16.95059849146776	138.0	32	1.05	0.95				
	303	1	101.53116101052633	20.870294207719297	0.0	0.0	3	1.0290159968464598	-9.057846885611072	138.0	31	1.05	0.95				
	304	1	41.740588415438594	8.460930084210526	0.0	0.0	3	1.0086284578531315	-15.202822059253755	138.0	31	1.05	0.95				
	305	1	40.04840239859649	7.8968680785964915	0.0	0.0	3	1.0222170821874204	-16.191066201116758	138.0	31	1.05	0.95				
	306	1	76.71243276350877	15.793736157192983	0.0	-100.0	3	1.036604672095393	-16.50923724995134	138.0	32	1.05	0.95				
	307	2	70.50775070175439	14.101550140350877	0.0	0.0	3	1.0071183597435867	-17.299944636677132	138.0	32	1.05	0.95				
	308	1	96.45460295999999	19.742170196491227	0.0	0.0	3	1.0054274032058643	-17.108290874978017	138.0	32	1.05	0.95				
	309	1	98.71085098245614	20.306232202105264	0.0	0.0	3	1.0277588966604911	-11.475619889271329	138.0	33	1.05	0.95				
	310	1	109.99209109473685	22.562480224561405	0.0	0.0	3	1.05	-13.811305830771325	138.0	33	1.05	0.95				
	311	1	0.0	0.0	0.0	0.0	3	1.0143520463282831	-7.381768866718792	230.0	33	1.05	0.95				
	312	1	0.0	0.0	0.0	0.0	3	1.015056197589038	-6.711726712353806	230.0	33	1.05	0.95				
	313	2	149.4764314877193	30.459348303157896	0.0	0.0	3	1.0192787966551289	-3.4072084529644413	230.0	34	1.05	0.95				
	314	2	109.42802908912279	21.998418218947368	0.0	0.0	3	1.0206873089138353	-5.574936313032296	230.0	36	1.05	0.95				
	315	2	178.8076557796491	36.099968359298245	0.0	0.0	3	1.0445288546745106	0.4985451562993785	230.0	36	1.05	0.95				
	316	2	56.40620056140351	11.281240112280702	0.0	0.0	3	1.0422525942626122	0.37897106656261664	230.0	36	1.05	0.95				
	317	1	0.0	0.0	0.0	0.0	3	1.046601551672283	2.8463510677681447	230.0	37	1.05	0.95				
	318	2	187.8326478694737	38.356216381754386	0.0	0.0	3	1.0474576955880255	3.0285147286402165	230.0	37	1.05	0.95				
	319	1	102.09522301614035	20.870294207719297	0.0	0.0	3	1.0368802392312084	-0.5582121375451293	230.0	35	1.05	0.95				
	320	1	72.19993671859649	14.665612145964912	0.0	0.0	3	1.0366804913886025	-0.30228971972068347	230.0	35	1.05	0.95				
	321	2	0.0	0.0	0.0	0.0	3	1.05	4.098176048164317	230.0	37	1.05	0.95				
	322	2	0.0	0.0	0.0	0.0	3	1.05	9.38170464848299	230.0	37	1.05	0.95				
	323	2	0.0	0.0	0.0	0.0	3	1.0377845826207484	0.26093468315040524	230.0	35	1.05	0.95				
	324	1	0.0	0.0	0.0	0.0	3	1.0267112831893186	-3.061571271338603	230.0	36	1.05	0.95				
	325	1	0.0	0.0	0.0	0.0	3	1.0360094275115213	1.2379110705029577	230.0	35	1.05	0.95				
];
