%% MATPOWER Case Format : Version 2
function mpc = RTS_GMLC
mpc.version = '2';

%%-----  Power Flow Data  -----%%
%% system MVA base
mpc.baseMVA = 100.0;
%% bus data
%    bus_i    type    Pd    Qd    Gs    Bs    area    Vm    Va    baseKV    zone    Vmax    Vmin
mpc.bus = [
	101	2	63.57892134315789	12.951261755087717	0.0	0.0	1	1.0320245714403713	-0.21711801890450155	138.0	11	1.05	0.95				
	102	2	57.10329046561403	11.773874322807016	0.0	0.0	1	1.0318495550735027	-0.3124344857222999	138.0	12	1.05	0.95				
	103	1	105.96486890526316	21.78166749719298	0.0	0.0	1	1.0234440348512766	-1.574118432243609	138.0	11	1.05	0.95				
	104	1	43.56333499438596	8.830405742105262	0.0	0.0	1	1.0182994670604184	-3.4217598963126266	138.0	11	1.05	0.95				
	105	1	41.7972538459649	8.241712025964912	0.0	0.0	1	1.03304784996365	-3.325900349296953	138.0	11	1.05	0.95				
	106	1	80.06234539508772	16.483424051929823	0.0	-100.0	1	1.0405906909025202	-5.623400087440123	138.0	12	1.05	0.95				
	107	2	73.58671451754385	14.71734290350877	0.0	0.0	1	1.031358719359351	-5.78754287339717	138.0	12	1.05	0.95				
	108	1	100.66662545999998	20.604280064912277	0.0	0.0	1	1.0192402491826622	-6.914036050713404	138.0	12	1.05	0.95				
	109	1	103.0214003245614	21.19297378105263	0.0	0.0	1	1.025747780695297	-3.5798209216359616	138.0	13	1.05	0.95				
	110	1	114.7952746473684	23.547748645614032	0.0	0.0	1	1.05	-4.616944886099106	138.0	13	1.05	0.95				
	111	1	0.0	0.0	0.0	0.0	1	1.0077086454277482	-1.221191244534665	230.0	13	1.05	0.95				
	112	1	0.0	0.0	0.0	0.0	1	1.0127473047157103	-0.7241516923129949	230.0	13	1.05	0.95				
	113	3	156.00383477719296	31.789460671578944	0.0	0.0	1	1.0056360556778032	9.128481032670275e-30	230.0	14	1.05	0.95				
	114	2	114.20658093122806	22.959054929473684	0.0	0.0	1	1.0051272363882777	0.6930955472266868	230.0	16	1.05	0.95				
	115	2	186.6159080164912	37.67639783298245	0.0	0.0	1	1.0393790509648433	7.53740222676756	230.0	16	1.05	0.95				
	116	2	58.86937161403508	11.773874322807016	0.0	0.0	1	1.036245486042948	6.899156287139554	230.0	16	1.05	0.95				
	117	1	0.0	0.0	0.0	0.0	1	1.0414394698491443	9.355567840792942	230.0	17	1.05	0.95				
	118	2	196.03500747473683	40.03117269754386	0.0	0.0	1	1.04365052485829	9.446746303683415	230.0	17	1.05	0.95				
	119	1	106.5535626214035	21.78166749719298	0.0	0.0	1	1.0302615857345008	5.445371288569154	230.0	15	1.05	0.95				
	120	1	75.3527956659649	15.306036619649122	0.0	0.0	1	1.0300756253366625	5.309748375145205	230.0	15	1.05	0.95				
	121	2	0.0	0.0	0.0	0.0	1	1.0470146782572682	10.881357092905088	230.0	17	1.05	0.95				
	122	2	0.0	0.0	0.0	0.0	1	1.05	18.61347780227979	230.0	17	1.05	0.95				
	123	2	0.0	0.0	0.0	0.0	1	1.0312515476269875	5.680954614527535	230.0	15	1.05	0.95				
	124	1	0.0	0.0	0.0	0.0	1	1.0219739311975322	4.14597383471739	230.0	16	1.05	0.95				
	201	2	68.50936565052633	13.95561152140351	0.0	0.0	2	1.0330591857478024	-13.84310071107939	138.0	21	1.05	0.95				
	202	2	61.53155988982457	12.686919564912284	0.0	0.0	2	1.0332544994318025	-13.94220185038796	138.0	22	1.05	0.95				
	203	1	114.18227608421054	23.470801195087724	0.0	0.0	2	1.0220014625922553	-10.851928594732266	138.0	21	1.05	0.95				
	204	1	46.94160239017545	9.515189673684212	0.0	0.0	2	1.017261954937823	-16.02440546440811	138.0	21	1.05	0.95				
	205	1	45.0385644554386	8.8808436954386	0.0	0.0	2	1.0332943729415207	-16.403003470975037	138.0	21	1.05	0.95				
	206	1	86.27105304140352	17.7616873908772	0.0	-100.0	2	1.039975126859872	-18.44037723845439	138.0	22	1.05	0.95				
	207	2	79.29324728070176	15.858649456140354	0.0	0.0	2	0.9846112058281096	-27.963783095071147	138.0	22	1.05	0.95				
	208	1	108.47316228000001	22.202109238596492	0.0	0.0	2	0.9846882438545166	-24.886743560091805	138.0	22	1.05	0.95				
	209	1	111.01054619298247	22.836455216842108	0.0	0.0	2	1.0237574483976073	-15.15280328275176	138.0	23	1.05	0.95				
	210	1	123.69746575789475	25.373839129824567	0.0	0.0	2	1.05	-16.995772881462905	138.0	23	1.05	0.95				
	211	1	0.0	0.0	0.0	0.0	2	1.0186783475014016	-11.63877785074494	230.0	23	1.05	0.95				
	212	1	0.0	0.0	0.0	0.0	2	1.0160552264383593	-10.576601266446952	230.0	23	1.05	0.95				
	213	2	168.10168423508773	34.25468282526317	0.0	0.0	2	1.021382630747189	-10.19299356911315	230.0	24	1.05	0.95				
	214	2	123.06311977964914	24.73949315157895	0.0	0.0	2	1.0294142516290554	-8.512883009899834	230.0	26	1.05	0.95				
	215	2	201.08767510385968	40.5981426077193	0.0	0.0	2	1.0375053392309126	-0.011458061996048865	230.0	26	1.05	0.95				
	216	2	63.434597824561415	12.686919564912284	0.0	0.0	2	1.0409746339428063	-0.19926487396969708	230.0	26	1.05	0.95				
	217	1	0.0	0.0	0.0	0.0	2	1.0425893192897793	2.878118492412653	230.0	27	1.05	0.95				
	218	2	211.2372107557895	43.13552652070176	0.0	0.0	2	1.043808301144819	3.1628601938696996	230.0	27	1.05	0.95				
	219	1	114.81662206245615	23.470801195087724	0.0	0.0	2	1.040661215232869	-0.6393488384236364	230.0	25	1.05	0.95				
	220	1	81.1962852154386	16.492995434385968	0.0	0.0	2	1.0455895064062657	0.17347991748267436	230.0	25	1.05	0.95				
	221	2	0.0	0.0	0.0	0.0	2	1.0435627786523896	2.866886663942349	230.0	27	1.05	0.95				
	222	2	0.0	0.0	0.0	0.0	2	1.05	9.377279973403205	230.0	27	1.05	0.95				
	223	2	0.0	0.0	0.0	0.0	2	1.05	1.0797646297239902	230.0	25	1.05	0.95				
	224	1	0.0	0.0	0.0	0.0	2	1.0182177364996654	-4.052658993370211	230.0	26	1.05	0.95				
	301	2	46.24422650526317	9.420120214035089	0.0	0.0	3	1.0138187006358241	-3.2295217034486634	138.0	31	1.05	0.95				
	302	2	41.53416639824562	8.563745649122808	0.0	0.0	3	1.0129486088920878	-3.590036073771165	138.0	32	1.05	0.95				
	303	1	77.07371084210527	15.842929450877193	0.0	0.0	3	1.05	10.221842132331094	138.0	31	1.05	0.95				
	304	1	31.685858901754386	6.422809236842106	0.0	0.0	3	1.0108982833917133	-2.806301807953092	138.0	31	1.05	0.95				
	305	1	30.401297054385967	5.994621954385966	0.0	0.0	3	1.0266825352687743	-4.364213104440064	138.0	31	1.05	0.95				
	306	1	58.233470414035104	11.989243908771932	0.0	-100.0	3	1.0415533456398969	-5.524727170624348	138.0	32	1.05	0.95				
	307	2	53.52341030701755	10.70468206140351	0.0	0.0	3	0.9885439909926612	-9.95203708449512	138.0	32	1.05	0.95				
	308	1	73.2200253	14.986554885964914	0.0	0.0	3	0.995859904131889	-8.02261182895692	138.0	32	1.05	0.95				
	309	1	74.93277442982456	15.414742168421053	0.0	0.0	3	1.0220141779210676	-0.3907932227312681	138.0	33	1.05	0.95				
	310	1	83.49652007894738	17.127491298245616	0.0	0.0	3	1.05	-4.121943706867223	138.0	33	1.05	0.95				
	311	1	0.0	0.0	0.0	0.0	3	1.0087328503174462	-0.005997869304687202	230.0	33	1.05	0.95				
	312	1	0.0	0.0	0.0	0.0	3	1.0133744843344588	0.5551531876369512	230.0	33	1.05	0.95				
	313	2	113.46962985087721	23.122113252631586	0.0	0.0	3	1.011129698722822	2.6668423040158786	230.0	34	1.05	0.95				
	314	2	83.06833279649123	16.699304015789476	0.0	0.0	3	1.0044150074491636	-0.0002261813093960675	230.0	36	1.05	0.95				
	315	2	135.7353685385965	27.40398607719299	0.0	0.0	3	1.0430937480797453	3.1207730218643412	230.0	36	1.05	0.95				
	316	2	42.81872824561404	8.563745649122808	0.0	0.0	3	1.035002056596533	2.5506758879735694	230.0	36	1.05	0.95				
	317	1	0.0	0.0	0.0	0.0	3	1.042233205227537	3.615331872255063	230.0	37	1.05	0.95				
	318	2	142.58636505789474	29.116735207017552	0.0	0.0	3	1.0433119131501114	3.415352017965323	230.0	37	1.05	0.95				
	319	1	77.50189812456142	15.842929450877193	0.0	0.0	3	1.0269417547066872	2.03040847358044	230.0	35	1.05	0.95				
	320	1	54.80797215438598	11.132869343859651	0.0	0.0	3	1.022805154266702	2.410228075521762	230.0	35	1.05	0.95				
	321	2	0.0	0.0	0.0	0.0	3	1.0456217321950154	4.499982117895699	230.0	37	1.05	0.95				
	322	2	0.0	0.0	0.0	0.0	3	1.05	8.482820241827177	230.0	37	1.05	0.95				
	323	2	0.0	0.0	0.0	0.0	3	1.0211770094415331	2.954696387217527	230.0	35	1.05	0.95				
	324	1	0.0	0.0	0.0	0.0	3	1.0430813066731057	5.838975175100434	230.0	36	1.05	0.95				
	325	1	0.0	0.0	0.0	0.0	3	1.0220629983336154	3.641770345906582	230.0	35	1.05	0.95				
];
