%% MATPOWER Case Format : Version 2
function mpc = RTS_GMLC
mpc.version = '2';

%%-----  Power Flow Data  -----%%
%% system MVA base
mpc.baseMVA = 100.0;
%% bus data
%    bus_i    type    Pd    Qd    Gs    Bs    area    Vm    Va    baseKV    zone    Vmax    Vmin
mpc.bus = [
	101	2	78.40821376421053	15.972043544561403	0.0	0.0	1	1.0308907596764045	-2.0631601555081343	138.0	11	1.05	0.95				
	102	2	70.42219199192982	14.520039585964915	0.0	0.0	1	1.030912454309851	-2.1284530610895627	138.0	12	1.05	0.95				
	103	1	130.68035627368423	26.862073234035087	0.0	0.0	1	1.0202001873820554	-2.345098889280195	138.0	11	1.05	0.95				
	104	1	53.724146468070174	10.890029689473684	0.0	0.0	1	1.015733470699915	-5.00830265416421	138.0	11	1.05	0.95				
	105	1	51.546140530175435	10.16402771017544	0.0	0.0	1	1.030715024866078	-5.062994562477508	138.0	11	1.05	0.95				
	106	1	98.73626918456141	20.32805542035088	0.0	-100.0	1	1.036450268113702	-7.402833249723461	138.0	12	1.05	0.95				
	107	2	90.7502474122807	18.15004948245614	0.0	0.0	1	1.05	-4.922035526093803	138.0	12	1.05	0.95				
	108	1	124.14633846000001	25.410069275438595	0.0	0.0	1	1.0263439121589923	-7.234923936080526	138.0	12	1.05	0.95				
	109	1	127.050346377193	26.13607125473684	0.0	0.0	1	1.0265897560726522	-4.419570215628011	138.0	13	1.05	0.95				
	110	1	141.5703859631579	29.04007917192983	0.0	0.0	1	1.05	-5.80476858789244	138.0	13	1.05	0.95				
	111	1	0.0	0.0	0.0	0.0	1	1.0131061265305954	-1.4444830542235525	230.0	13	1.05	0.95				
	112	1	0.0	0.0	0.0	0.0	1	1.0159410960304014	-0.7406560214582893	230.0	13	1.05	0.95				
	113	3	192.3905245140351	39.204106882105265	0.0	0.0	1	1.0141272386986633	-9.26773516025143e-28	230.0	14	1.05	0.95				
	114	2	140.84438398385964	28.314077192631583	0.0	0.0	1	1.015451299759021	1.009984809891575	230.0	16	1.05	0.95				
	115	2	230.14262743754387	46.46412667508772	0.0	0.0	1	1.045142646014293	9.26131584113093	230.0	16	1.05	0.95				
	116	2	72.60019792982456	14.520039585964915	0.0	0.0	1	1.043689846276097	8.825318079383718	230.0	16	1.05	0.95				
	117	1	0.0	0.0	0.0	0.0	1	1.0467457331356889	12.245033918766353	230.0	17	1.05	0.95				
	118	2	241.7586591063158	49.368134592280704	0.0	0.0	1	1.0495972254341595	12.757926325447855	230.0	17	1.05	0.95				
	119	1	131.40635825298247	26.862073234035087	0.0	0.0	1	1.0378653463929133	7.244909608855726	230.0	15	1.05	0.95				
	120	1	92.92825335017544	18.876051461754386	0.0	0.0	1	1.0393931473265343	7.240294396512236	230.0	15	1.05	0.95				
	121	2	0.0	0.0	0.0	0.0	1	1.05	13.317101831465202	230.0	17	1.05	0.95				
	122	2	0.0	0.0	0.0	0.0	1	1.05	22.29618705401779	230.0	17	1.05	0.95				
	123	2	0.0	0.0	0.0	0.0	1	1.042143184185496	7.774033802678833	230.0	15	1.05	0.95				
	124	1	0.0	0.0	0.0	0.0	1	1.021246311058804	4.971680871652904	230.0	16	1.05	0.95				
	201	2	86.12120258526316	17.54320793403509	0.0	0.0	2	1.0437506863153132	-14.34901945740727	138.0	21	1.05	0.95				
	202	2	77.34959861824562	15.948370849122808	0.0	0.0	2	1.0447679562422956	-14.5183858953508	138.0	22	1.05	0.95				
	203	1	143.53533764210528	29.504486070877196	0.0	0.0	2	1.0250601973232192	-10.345502570520312	138.0	21	1.05	0.95				
	204	1	59.00897214175439	11.961278136842106	0.0	0.0	2	1.0199194990618348	-16.16180147846452	138.0	21	1.05	0.95				
	205	1	56.61671651438597	11.163859594385967	0.0	0.0	2	1.0366734215659974	-16.637923184020018	138.0	21	1.05	0.95				
	206	1	108.44892177403511	22.327719188771933	0.0	-100.0	2	1.0381693080965513	-18.68389134674352	138.0	22	1.05	0.95				
	207	2	99.67731780701754	19.93546356140351	0.0	0.0	2	0.95	-30.35916625668501	138.0	22	1.05	0.95				
	208	1	136.35857076	27.909648985964914	0.0	0.0	2	0.9562309566590743	-26.48077073132394	138.0	22	1.05	0.95				
	209	1	139.54824492982456	28.707067528421053	0.0	0.0	2	1.0250008726387192	-14.29902966956882	138.0	23	1.05	0.95				
	210	1	155.4966157789474	31.896741698245616	0.0	0.0	2	1.05	-16.475553175727327	138.0	23	1.05	0.95				
	211	1	0.0	0.0	0.0	0.0	2	1.032122946070537	-9.14890953235573	230.0	23	1.05	0.95				
	212	1	0.0	0.0	0.0	0.0	2	1.023558320096562	-7.911992254024177	230.0	23	1.05	0.95				
	213	2	211.3159137508772	43.06060129263158	0.0	0.0	2	1.05	-5.404599923225764	230.0	24	1.05	0.95				
	214	2	154.69919723649124	31.099323155789477	0.0	0.0	2	1.05	-6.469358593719204	230.0	26	1.05	0.95				
	215	2	252.7816779585965	51.03478671719299	0.0	0.0	2	1.043662264424509	2.3391086632056504	230.0	26	1.05	0.95				
	216	2	79.74185424561404	15.948370849122808	0.0	0.0	2	1.0483657713401535	2.264587294560384	230.0	26	1.05	0.95				
	217	1	0.0	0.0	0.0	0.0	2	1.0489047196705052	5.791984911932217	230.0	27	1.05	0.95				
	218	2	265.5403746378948	54.22446088701756	0.0	0.0	2	1.05	6.397456822718468	230.0	27	1.05	0.95				
	219	1	144.33275618456142	29.504486070877196	0.0	0.0	2	1.0432752498922864	1.64690033795489	230.0	25	1.05	0.95				
	220	1	102.06957343438599	20.73288210385965	0.0	0.0	2	1.045973689440338	2.5999785552265178	230.0	25	1.05	0.95				
	221	2	0.0	0.0	0.0	0.0	2	1.05	6.773349919038132	230.0	27	1.05	0.95				
	222	2	0.0	0.0	0.0	0.0	2	1.05	12.900258779877994	230.0	27	1.05	0.95				
	223	2	0.0	0.0	0.0	0.0	2	1.05	3.701187468382733	230.0	25	1.05	0.95				
	224	1	0.0	0.0	0.0	0.0	2	1.020686312539461	-2.3794471706031084	230.0	26	1.05	0.95				
	301	2	73.26985130526317	14.925340080701755	0.0	0.0	3	1.0178813551636852	-12.778533132397287	138.0	31	1.05	0.95				
	302	2	65.80718126491229	13.568490982456142	0.0	0.0	3	1.0153885740574966	-13.174355586243047	138.0	32	1.05	0.95				
	303	1	122.11641884210526	25.10170831754386	0.0	0.0	3	1.05	4.513972394951286	138.0	31	1.05	0.95				
	304	1	50.20341663508772	10.176368236842105	0.0	0.0	3	1.0072376337234576	-11.162761535691425	138.0	31	1.05	0.95				
	305	1	48.1681429877193	9.4979436877193	0.0	0.0	3	1.0252033244518746	-13.550343936243953	138.0	31	1.05	0.95				
	306	1	92.26573868070176	18.9958873754386	0.0	-100.0	3	1.0348804210793512	-14.723965869690266	138.0	32	1.05	0.95				
	307	2	84.80306864035087	16.960613728070175	0.0	0.0	3	1.0046541127653186	-14.554728502114438	138.0	32	1.05	0.95				
	308	1	116.0105979	23.744859219298245	0.0	0.0	3	0.999290910029857	-14.557317463680599	138.0	32	1.05	0.95				
	309	1	118.72429609649122	24.423283768421054	0.0	0.0	3	1.0248468392148131	-6.734139303422824	138.0	33	1.05	0.95				
	310	1	132.29278707894736	27.136981964912284	0.0	0.0	3	1.05	-12.156163443740322	138.0	33	1.05	0.95				
	311	1	0.0	0.0	0.0	0.0	3	1.0198770799527412	-6.092115037633827	230.0	33	1.05	0.95				
	312	1	0.0	0.0	0.0	0.0	3	1.0203857233062603	-5.2538898551117805	230.0	33	1.05	0.95				
	313	2	179.78250551754385	36.63492565263159	0.0	0.0	3	1.0244036454355576	-2.8381506774351797	230.0	34	1.05	0.95				
	314	2	131.61436252982458	26.458557415789475	0.0	0.0	3	1.02748891285609	-5.578630217444866	230.0	36	1.05	0.95				
	315	2	215.06058207192984	43.41917114385965	0.0	0.0	3	1.0476548936941075	-0.15603502238383304	230.0	36	1.05	0.95				
	316	2	67.8424549122807	13.568490982456142	0.0	0.0	3	1.0458029380997425	-0.7017603274660482	230.0	36	1.05	0.95				
	317	1	0.0	0.0	0.0	0.0	3	1.0486164816763692	1.6092898039591266	230.0	37	1.05	0.95				
	318	2	225.91537485789473	46.13286934035088	0.0	0.0	3	1.0480706198703191	1.4691111786886042	230.0	37	1.05	0.95				
	319	1	122.79484339122808	25.10170831754386	0.0	0.0	3	1.0396848113424906	-1.6805936589132906	230.0	35	1.05	0.95				
	320	1	86.8383422877193	17.639038277192984	0.0	0.0	3	1.0401589625234202	-1.2539512383233253	230.0	35	1.05	0.95				
	321	2	0.0	0.0	0.0	0.0	3	1.05	2.595497692358729	230.0	37	1.05	0.95				
	322	2	0.0	0.0	0.0	0.0	3	1.05	7.9841730928700825	230.0	37	1.05	0.95				
	323	2	0.0	0.0	0.0	0.0	3	1.0422113422201489	-0.5177501641348191	230.0	35	1.05	0.95				
	324	1	0.0	0.0	0.0	0.0	3	1.0458217730355706	1.6341056663722437	230.0	36	1.05	0.95				
	325	1	0.0	0.0	0.0	0.0	3	1.0390064351696942	0.6316351699362829	230.0	35	1.05	0.95				
];

%% generator data
%    bus    Pg    Qg    Qmax    Qmin    Vg    mBase    status    Pmax    Pmin    Pc1    Pc2    Qc1min    Qc1max    Qc2min    Qc2max    ramp_agc    ramp_10    ramp_30    ramp_q    apf
