%% MATPOWER Case Format : Version 2
function mpc = RTS_GMLC
mpc.version = '2';

%%-----  Power Flow Data  -----%%
%% system MVA base
mpc.baseMVA = 100.0;
%% bus data
%    bus_i    type    Pd    Qd    Gs    Bs    area    Vm    Va    baseKV    zone    Vmax    Vmin
mpc.bus = [
	101	2	66.3978228631579	13.525482435087719	0.0	0.0	1	1.0306135083773227	0.7841208438736149	138.0	11	1.05	0.95				
	102	2	59.63508164561403	12.295893122807017	0.0	0.0	1	1.0306766645455367	0.7343967209123176	138.0	12	1.05	0.95				
	103	1	110.66303810526317	22.747402277192982	0.0	0.0	1	1.0234030544789796	-0.5722671009827962	138.0	11	1.05	0.95				
	104	1	45.494804554385965	9.221919842105262	0.0	0.0	1	1.017411902133673	-2.5788887064337973	138.0	11	1.05	0.95				
	105	1	43.65042058596491	8.607125185964913	0.0	0.0	1	1.0318556192805133	-2.505865981975052	138.0	11	1.05	0.95				
	106	1	83.61207323508772	17.214250371929825	0.0	-100.0	1	1.0394089018050496	-4.909588309680112	138.0	12	1.05	0.95				
	107	2	76.84933201754386	15.369866403508773	0.0	0.0	1	1.0468571505906274	-3.65606077906965	138.0	12	1.05	0.95				
	108	1	105.12988620000002	21.51781296491228	0.0	0.0	1	1.0277444683839003	-5.419442243407969	138.0	12	1.05	0.95				
	109	1	107.5890648245614	22.13260762105263	0.0	0.0	1	1.026198348351415	-2.7950012241725877	138.0	13	1.05	0.95				
	110	1	119.88495794736842	24.591786245614035	0.0	0.0	1	1.05	-3.8927369452699145	138.0	13	1.05	0.95				
	111	1	0.0	0.0	0.0	0.0	1	1.0081363062729376	-0.6238872570233593	230.0	13	1.05	0.95				
	112	1	0.0	0.0	0.0	0.0	1	1.0132096338082066	-0.1153546545892554	230.0	13	1.05	0.95				
	113	3	162.92058387719297	33.19891143157895	0.0	0.0	1	1.0052385630303582	-4.8886353764802856e-29	230.0	14	1.05	0.95				
	114	2	119.27016329122806	23.976991589473688	0.0	0.0	1	1.0061218601614608	1.6529365106464022	230.0	16	1.05	0.95				
	115	2	194.88990599649122	39.34685799298246	0.0	0.0	1	1.0424221640995046	9.106580331736579	230.0	16	1.05	0.95				
	116	2	61.47946561403509	12.295893122807017	0.0	0.0	1	1.0395237028279423	8.498953133118928	230.0	16	1.05	0.95				
	117	1	0.0	0.0	0.0	0.0	1	1.044495208681547	11.431130014732542	230.0	17	1.05	0.95				
	118	2	204.72662049473684	41.80603661754386	0.0	0.0	1	1.0476093964607598	11.690089667705436	230.0	17	1.05	0.95				
	119	1	111.2778327614035	22.747402277192982	0.0	0.0	1	1.0333759179731687	6.950850185006402	230.0	15	1.05	0.95				
	120	1	78.69371598596491	15.984661059649124	0.0	0.0	1	1.0333716852964088	6.775282881074206	230.0	15	1.05	0.95				
	121	2	0.0	0.0	0.0	0.0	1	1.05	12.60614265460468	230.0	17	1.05	0.95				
	122	2	0.0	0.0	0.0	0.0	1	1.05	21.373446646077532	230.0	17	1.05	0.95				
	123	2	0.0	0.0	0.0	0.0	1	1.0347510541912266	7.140775386187724	230.0	15	1.05	0.95				
	124	1	0.0	0.0	0.0	0.0	1	1.023173055888606	5.513549861936614	230.0	16	1.05	0.95				
	201	2	84.2172202231579	17.15535967508772	0.0	0.0	2	1.0425257040266502	-15.988865175693356	138.0	21	1.05	0.95				
	202	2	75.63954038561404	15.595781522807018	0.0	0.0	2	1.0427574063903788	-16.126371734671107	138.0	22	1.05	0.95				
	203	1	140.36203370526317	28.85219581719298	0.0	0.0	2	1.0223245857173386	-10.914845868512838	138.0	21	1.05	0.95				
	204	1	57.70439163438596	11.696836142105264	0.0	0.0	2	1.0186572664075495	-17.594920719619857	138.0	21	1.05	0.95				
	205	1	55.36502440596492	10.917047065964914	0.0	0.0	2	1.0363136872978986	-18.193100020197768	138.0	21	1.05	0.95				
	206	1	106.05131435508773	21.834094131929827	0.0	-100.0	2	1.0382280033034197	-20.171256018024724	138.0	22	1.05	0.95				
	207	2	97.47363451754386	19.49472690350877	0.0	0.0	2	0.9505081478310415	-31.809329970579967	138.0	22	1.05	0.95				
	208	1	133.34393201999998	27.292617664912278	0.0	0.0	2	0.956812320475499	-27.866036507291483	138.0	22	1.05	0.95				
	209	1	136.4630883245614	28.07240674105263	0.0	0.0	2	1.0237514185316614	-15.64811177312045	138.0	23	1.05	0.95				
	210	1	152.0588698473684	31.191563045614036	0.0	0.0	2	1.05	-17.995209818882234	138.0	23	1.05	0.95				
	211	1	0.0	0.0	0.0	0.0	2	1.031470376588671	-10.700481344887226	230.0	23	1.05	0.95				
	212	1	0.0	0.0	0.0	0.0	2	1.0230106112855337	-9.619453656632878	230.0	23	1.05	0.95				
	213	2	206.64410517719296	42.10861011157895	0.0	0.0	2	1.0478354668788405	-7.420177460822576	230.0	24	1.05	0.95				
	214	2	151.27908077122808	30.411773969473682	0.0	0.0	2	1.05	-7.722498086467741	230.0	26	1.05	0.95				
	215	2	247.19313713649123	49.906500872982456	0.0	0.0	2	1.0422035155810812	1.6282660700658684	230.0	26	1.05	0.95				
	216	2	77.97890761403508	15.595781522807018	0.0	0.0	2	1.0472799135406736	1.3434564534721731	230.0	26	1.05	0.95				
	217	1	0.0	0.0	0.0	0.0	2	1.0476719982180798	5.009506200070036	230.0	27	1.05	0.95				
	218	2	259.66976235473686	53.02565717754386	0.0	0.0	2	1.0498454476917884	5.6581226753860125	230.0	27	1.05	0.95				
	219	1	141.1418227814035	28.85219581719298	0.0	0.0	2	1.04286248847511	0.42862432456591637	230.0	25	1.05	0.95				
	220	1	99.81300174596491	20.274515979649124	0.0	0.0	2	1.0459623331089891	1.0918351646628932	230.0	25	1.05	0.95				
	221	2	0.0	0.0	0.0	0.0	2	1.05	6.039673362324011	230.0	27	1.05	0.95				
	222	2	0.0	0.0	0.0	0.0	2	1.05	12.147199344038325	230.0	27	1.05	0.95				
	223	2	0.0	0.0	0.0	0.0	2	1.05	2.0215671821068155	230.0	25	1.05	0.95				
	224	1	0.0	0.0	0.0	0.0	2	1.0189716837348977	-3.0317704510087053	230.0	26	1.05	0.95				
	301	2	62.59285034526316	12.750395440701753	0.0	0.0	3	1.0149698784298997	-12.586704749661603	138.0	31	1.05	0.95				
	302	2	56.217652624912276	11.591268582456141	0.0	0.0	3	1.0135124683500913	-12.864135175915404	138.0	32	1.05	0.95				
	303	1	104.32141724210527	21.44384687754386	0.0	0.0	3	1.0495575037536546	0.47790519433914813	138.0	31	1.05	0.95				
	304	1	42.88769375508772	8.693451436842105	0.0	0.0	3	1.0114063656859684	-10.66022090954756	138.0	31	1.05	0.95				
	305	1	41.1490034677193	8.113888007719298	0.0	0.0	3	1.0251208856766896	-13.179449818162817	138.0	31	1.05	0.95				
	306	1	78.82062636070177	16.227776015438597	0.0	-100.0	3	1.0373765608869387	-14.149438380284913	138.0	32	1.05	0.95				
	307	2	72.44542864035087	14.489085728070176	0.0	0.0	3	0.9915625914842413	-19.9395492983756	138.0	32	1.05	0.95				
	308	1	99.10534637999999	20.284720019298245	0.0	0.0	3	0.9923984165615356	-17.183632869853977	138.0	32	1.05	0.95				
	309	1	101.42360009649123	20.86428344842105	0.0	0.0	3	1.0301169224720503	-6.510570132070738	138.0	33	1.05	0.95				
	310	1	113.01486867894737	23.182537164912283	0.0	0.0	3	1.05	-11.915844520399157	138.0	33	1.05	0.95				
	311	1	0.0	0.0	0.0	0.0	3	1.0164574164271445	-5.716090216729591	230.0	33	1.05	0.95				
	312	1	0.0	0.0	0.0	0.0	3	1.0178965547461243	-5.181581997324175	230.0	33	1.05	0.95				
	313	2	153.58430871754385	31.29642517263158	0.0	0.0	3	1.0172607374866283	-2.9492454330484876	230.0	34	1.05	0.95				
	314	2	112.43530524982455	22.602973735789476	0.0	0.0	3	1.0214463014418866	-4.5791627103991015	230.0	36	1.05	0.95				
	315	2	183.7216070319298	37.09205946385965	0.0	0.0	3	1.0477575224868698	0.6861263895174083	230.0	36	1.05	0.95				
	316	2	57.956342912280704	11.591268582456141	0.0	0.0	3	1.0444053406398512	0.51926933281237	230.0	36	1.05	0.95				
	317	1	0.0	0.0	0.0	0.0	3	1.0494179499342786	2.9043652802364806	230.0	37	1.05	0.95				
	318	2	192.99462189789475	39.41031318035088	0.0	0.0	3	1.048332357854922	2.4425161302231935	230.0	37	1.05	0.95				
	319	1	104.90098067122806	21.44384687754386	0.0	0.0	3	1.0372625151810562	-0.7410747581434958	230.0	35	1.05	0.95				
	320	1	74.1841189277193	15.068649157192981	0.0	0.0	3	1.0358148987986857	-0.7413731258483341	230.0	35	1.05	0.95				
	321	2	0.0	0.0	0.0	0.0	3	1.05	3.3741649884117773	230.0	37	1.05	0.95				
	322	2	0.0	0.0	0.0	0.0	3	1.05	7.536414366757389	230.0	37	1.05	0.95				
	323	2	0.0	0.0	0.0	0.0	3	1.0362521240023068	-0.3064334218644481	230.0	35	1.05	0.95				
	324	1	0.0	0.0	0.0	0.0	3	1.0442246717246335	0.6171893654022609	230.0	36	1.05	0.95				
	325	1	0.0	0.0	0.0	0.0	3	1.0340022697493427	0.7772521409213121	230.0	35	1.05	0.95				
];
