%% MATPOWER Case Format : Version 2
function mpc = RTS_GMLC
mpc.version = '2';

%%-----  Power Flow Data  -----%%
%% system MVA base
mpc.baseMVA = 100.0;
%% bus data
%    bus_i    type    Pd    Qd    Gs    Bs    area    Vm    Va    baseKV    zone    Vmax    Vmin
mpc.bus = [
	101	2	100.26472043368422	20.424294903157893	0.0	0.0	1	1.047902067448803	-2.5701651814474373	138.0	11	1.05	0.95				
	102	2	90.05257298210525	18.56754082105263	0.0	0.0	1	1.0476753666104721	-2.7362833724225872	138.0	12	1.05	0.95				
	103	1	167.10786738947368	34.34995051894737	0.0	0.0	1	1.0202492304071944	-3.195570461805568	138.0	11	1.05	0.95				
	104	1	68.69990103789473	13.925655615789474	0.0	0.0	1	1.02217063550028	-6.081034198872631	138.0	11	1.05	0.95				
	105	1	65.91476991473684	12.997278574736843	0.0	0.0	1	1.036007904453271	-6.621660229711013	138.0	11	1.05	0.95				
	106	1	126.2592775831579	25.994557149473685	0.0	-100.0	1	1.033834126233773	-9.748847275749204	138.0	12	1.05	0.95				
	107	2	116.04713013157894	23.20942602631579	0.0	0.0	1	1.05	-7.677739995106927	138.0	12	1.05	0.95				
	108	1	158.75247402	32.493196436842105	0.0	0.0	1	1.0202908297364064	-10.246138591417834	138.0	12	1.05	0.95				
	109	1	162.4659821842105	33.42157347789473	0.0	0.0	1	1.027366577626151	-6.079508953902534	138.0	13	1.05	0.95				
	110	1	181.03352300526313	37.13508164210526	0.0	0.0	1	1.05	-7.877436159304366	138.0	13	1.05	0.95				
	111	1	0.0	0.0	0.0	0.0	1	1.0206875596375413	-2.614937235435571	230.0	13	1.05	0.95				
	112	1	0.0	0.0	0.0	0.0	1	1.0202164614565683	-1.6097819486433431	230.0	13	1.05	0.95				
	113	3	246.01991587894733	50.13236021684211	0.0	0.0	1	1.0266301396135553	2.0887819287893364e-31	230.0	14	1.05	0.95				
	114	2	180.1051459642105	36.20670460105263	0.0	0.0	1	1.028503389437567	-0.5804906240259474	230.0	16	1.05	0.95				
	115	2	294.2955220136842	59.416130627368425	0.0	0.0	1	1.042596567315869	8.602927886037383	230.0	16	1.05	0.95				
	116	2	92.83770410526316	18.56754082105263	0.0	0.0	1	1.0436936473027467	7.999965466257732	230.0	16	1.05	0.95				
	117	1	0.0	0.0	0.0	0.0	1	1.0469842228332087	11.871038494748845	230.0	17	1.05	0.95				
	118	2	309.1495546705263	63.12963879157895	0.0	0.0	1	1.05	12.79677532268495	230.0	17	1.05	0.95				
	119	1	168.03624443052632	34.34995051894737	0.0	0.0	1	1.0392876391628822	6.5595331547206746	230.0	15	1.05	0.95				
	120	1	118.83226125473685	24.13780306736842	0.0	0.0	1	1.043248875527031	6.5968101754727195	230.0	15	1.05	0.95				
	121	2	0.0	0.0	0.0	0.0	1	1.05	13.741921022300495	230.0	17	1.05	0.95				
	122	2	0.0	0.0	0.0	0.0	1	1.05	20.619972319360887	230.0	17	1.05	0.95				
	123	2	0.0	0.0	0.0	0.0	1	1.0482855177065165	7.292743183640472	230.0	15	1.05	0.95				
	124	1	0.0	0.0	0.0	0.0	1	1.0194493330147405	4.2311547019049085	230.0	16	1.05	0.95				
	201	2	93.83913113684211	19.11537856491228	0.0	0.0	2	1.05	-13.368474443630424	138.0	21	1.05	0.95				
	202	2	84.28144185438596	17.377616877192985	0.0	0.0	2	1.05	-13.491075558693828	138.0	22	1.05	0.95				
	203	1	156.39855189473687	32.14859122280701	0.0	0.0	2	1.0263812516095836	-9.973778022998424	138.0	21	1.05	0.95				
	204	1	64.29718244561403	13.033212657894735	0.0	0.0	2	1.0214248038329334	-14.571694063386945	138.0	21	1.05	0.95				
	205	1	61.69053991403508	12.16433181403509	0.0	0.0	2	1.0389059068609747	-15.029579603327635	138.0	21	1.05	0.95				
	206	1	118.16779476491229	24.32866362807018	0.0	-100.0	2	1.037345275878208	-16.786173695277427	138.0	22	1.05	0.95				
	207	2	108.61010548245615	21.72202109649123	0.0	0.0	2	0.95	-27.392973653967452	138.0	22	1.05	0.95				
	208	1	148.5786243	30.410829535087718	0.0	0.0	2	0.9547083922775368	-24.01644827015202	138.0	22	1.05	0.95				
	209	1	152.0541476754386	31.279710378947367	0.0	0.0	2	1.0262166957307326	-11.965883511301996	138.0	23	1.05	0.95				
	210	1	169.4317645526316	34.75523375438597	0.0	0.0	2	1.0497731198501588	-14.01333369219657	138.0	23	1.05	0.95				
	211	1	0.0	0.0	0.0	0.0	2	1.0323919135128785	-6.881338936165042	230.0	23	1.05	0.95				
	212	1	0.0	0.0	0.0	0.0	2	1.026071831227992	-3.0772672033390536	230.0	23	1.05	0.95				
	213	2	230.25342362280702	46.919565568421056	0.0	0.0	2	1.05	-2.6116247898968776	230.0	24	1.05	0.95				
	214	2	168.56288370877192	33.88635291052632	0.0	0.0	2	1.05	-4.782058192709527	230.0	26	1.05	0.95				
	215	2	275.43522750350877	55.608374007017545	0.0	0.0	2	1.0456831516504894	3.626257568627675	230.0	26	1.05	0.95				
	216	2	86.88808438596492	17.377616877192985	0.0	0.0	2	1.0494252184483004	3.556149566399339	230.0	26	1.05	0.95				
	217	1	0.0	0.0	0.0	0.0	2	1.05	6.633014119292294	230.0	27	1.05	0.95				
	218	2	289.33732100526316	59.08389738245614	0.0	0.0	2	1.049880284378079	7.234355069586049	230.0	27	1.05	0.95				
	219	1	157.26743273859648	32.14859122280701	0.0	0.0	2	1.0430389890280214	3.273819642470526	230.0	25	1.05	0.95				
	220	1	111.21674801403509	22.59090194035088	0.0	0.0	2	1.0455183944914612	4.651782545561996	230.0	25	1.05	0.95				
	221	2	0.0	0.0	0.0	0.0	2	1.05	7.76057867182207	230.0	27	1.05	0.95				
	222	2	0.0	0.0	0.0	0.0	2	1.05	13.830215727603408	230.0	27	1.05	0.95				
	223	2	0.0	0.0	0.0	0.0	2	1.05	6.036677864239992	230.0	25	1.05	0.95				
	224	1	0.0	0.0	0.0	0.0	2	1.0211049972104402	-1.430947710243557	230.0	26	1.05	0.95				
	301	2	87.9443214063158	17.91458399017544	0.0	0.0	3	0.9822181498377845	-7.378702811042749	138.0	31	1.05	0.95				
	302	2	78.98702941122806	16.28598544561404	0.0	0.0	3	0.9840572884368115	-7.745432879361649	138.0	32	1.05	0.95				
	303	1	146.57386901052632	30.129073074385964	0.0	0.0	3	0.9936093697154258	-2.717667357981431	138.0	31	1.05	0.95				
	304	1	60.25814614877193	12.214489084210525	0.0	0.0	3	0.9731223046301395	-5.690956582463135	138.0	31	1.05	0.95				
	305	1	57.81524833192982	11.400189811929826	0.0	0.0	3	0.9856912906549296	-5.84742192736097	138.0	31	1.05	0.95				
	306	1	110.74470103017543	22.80037962385965	0.0	-100.0	3	0.9941005347996804	-5.9343107481693025	138.0	32	1.05	0.95				
	307	2	101.78740903508772	20.357481807017543	0.0	0.0	3	0.95	-11.702154889781573	138.0	32	1.05	0.95				
	308	1	139.24517556	28.500474529824558	0.0	0.0	3	0.9541997465955314	-8.24407931717993	138.0	32	1.05	0.95				
	309	1	142.5023726491228	29.31477380210526	0.0	0.0	3	0.9954572489534933	-0.4626464536539956	138.0	33	1.05	0.95				
	310	1	158.78835809473685	32.57197089122808	0.0	0.0	3	1.0142492106097891	-1.512141756038842	138.0	33	1.05	0.95				
	311	1	0.0	0.0	0.0	0.0	3	0.9929826501391393	7.446894411536086	230.0	33	1.05	0.95				
	312	1	0.0	0.0	0.0	0.0	3	0.9954973047239052	8.667072056981027	230.0	33	1.05	0.95				
	313	2	215.78930715438597	43.9721607031579	0.0	0.0	3	1.0272129905578984	16.67735194668942	230.0	34	1.05	0.95				
	314	2	157.97405882245613	31.75767161894737	0.0	0.0	3	1.0062044891917776	7.386538608878216	230.0	36	1.05	0.95				
	315	2	258.13286931298245	52.11515342596491	0.0	0.0	3	1.043797527747281	6.022491623897958	230.0	36	1.05	0.95				
	316	2	81.42992722807017	16.28598544561404	0.0	0.0	3	1.0398475854065705	7.178108416946572	230.0	36	1.05	0.95				
	317	1	0.0	0.0	0.0	0.0	3	1.0452871346490717	7.982122332745572	230.0	37	1.05	0.95				
	318	2	271.1616576694737	55.37235051508772	0.0	0.0	3	1.045109804614991	7.197288413067506	230.0	37	1.05	0.95				
	319	1	147.38816828280704	30.129073074385964	0.0	0.0	3	1.0330995929757116	8.7275208305947	230.0	35	1.05	0.95				
	320	1	104.23030685192983	21.171781079298245	0.0	0.0	3	1.0318296164654734	10.2445798650347	230.0	35	1.05	0.95				
	321	2	0.0	0.0	0.0	0.0	3	1.0486562770293706	8.4630807496358	230.0	37	1.05	0.95				
	322	2	0.0	0.0	0.0	0.0	3	1.05	13.751482228759748	230.0	37	1.05	0.95				
	323	2	0.0	0.0	0.0	0.0	3	1.0321247277771513	10.973538185172092	230.0	35	1.05	0.95				
	324	1	0.0	0.0	0.0	0.0	3	1.0163088905411188	4.650271467671304	230.0	36	1.05	0.95				
	325	1	0.0	0.0	0.0	0.0	3	1.0339139332235672	11.217599111844187	230.0	35	1.05	0.95				
];

%% generator data
%    bus    Pg    Qg    Qmax    Qmin    Vg    mBase    status    Pmax    Pmin    Pc1    Pc2    Qc1min    Qc1max    Qc2min    Qc2max    ramp_agc    ramp_10    ramp_30    ramp_q    apf
