%% MATPOWER Case Format : Version 2
function mpc = RTS_GMLC
mpc.version = '2';

%%-----  Power Flow Data  -----%%
%% system MVA base
mpc.baseMVA = 100.0;
%% bus data
%    bus_i    type    Pd    Qd    Gs    Bs    area    Vm    Va    baseKV    zone    Vmax    Vmin
mpc.bus = [
	101	2	54.988619494736845	11.201385452631579	0.0	0.0	1	1.0305056698085926	0.09326286902699761	138.0	11	1.05	0.95				
	102	2	49.38792676842105	10.183077684210527	0.0	0.0	1	1.0294410441961508	-0.22923812584834333	138.0	12	1.05	0.95				
	103	1	91.64769915789473	18.83869371578947	0.0	0.0	1	1.0240719580172981	1.1650323084737746	138.0	11	1.05	0.95				
	104	1	37.67738743157894	7.6373082631578955	0.0	0.0	1	1.0177497717231776	-2.933669631587959	138.0	11	1.05	0.95				
	105	1	36.14992577894737	7.12815437894737	0.0	0.0	1	1.0333319522927518	-2.9810009792772303	138.0	11	1.05	0.95				
	106	1	69.24492825263158	14.25630875789474	0.0	-100.0	1	1.0423601625548322	-5.250465139586072	138.0	12	1.05	0.95				
	107	2	63.644235526315796	12.728847105263158	0.0	0.0	1	0.9981611263927906	-11.894248347152553	138.0	12	1.05	0.95				
	108	1	87.0653142	17.82038594736842	0.0	0.0	1	0.9993279526539872	-10.037808194791157	138.0	12	1.05	0.95				
	109	1	89.1019297368421	18.32953983157895	0.0	0.0	1	1.0236451316796011	-3.0707450506668175	138.0	13	1.05	0.95				
	110	1	99.28500742105263	20.366155368421055	0.0	0.0	1	1.05	-4.482052234398835	138.0	13	1.05	0.95				
	111	1	0.0	0.0	0.0	0.0	1	1.010867861301529	-0.1863574038465394	230.0	13	1.05	0.95				
	112	1	0.0	0.0	0.0	0.0	1	1.0117841984786304	-1.0602070555753427	230.0	13	1.05	0.95				
	113	3	134.92577931578947	27.494309747368423	0.0	0.0	1	1.0039549805494972	-1.4300135106383424e-31	230.0	14	1.05	0.95				
	114	2	98.7758535368421	19.857001484210528	0.0	0.0	1	1.0196679664894255	3.2806531504515464	230.0	16	1.05	0.95				
	115	2	161.40178129473682	32.585848589473684	0.0	0.0	1	1.0378191002775308	13.277694795324738	230.0	16	1.05	0.95				
	116	2	50.91538842105263	10.183077684210527	0.0	0.0	1	1.033463952054777	11.307193113382242	230.0	16	1.05	0.95				
	117	1	0.0	0.0	0.0	0.0	1	1.039617608662746	17.32449791223057	230.0	17	1.05	0.95				
	118	2	169.54824344210527	34.62246412631579	0.0	0.0	1	1.05	18.262725979499923	230.0	17	1.05	0.95				
	119	1	92.15685304210527	18.83869371578947	0.0	0.0	1	1.0239174900701897	7.0585698378158	230.0	15	1.05	0.95				
	120	1	65.17169717894737	13.238000989473687	0.0	0.0	1	1.0233356790596484	4.328294974709972	230.0	15	1.05	0.95				
	121	2	0.0	0.0	0.0	0.0	1	1.05	20.360531934046694	230.0	17	1.05	0.95				
	122	2	0.0	0.0	0.0	0.0	1	1.05	34.51310145543493	230.0	17	1.05	0.95				
	123	2	0.0	0.0	0.0	0.0	1	1.024473858176629	3.2176736728807347	230.0	15	1.05	0.95				
	124	1	0.0	0.0	0.0	0.0	1	1.017523061809942	8.75251615646675	230.0	16	1.05	0.95				
	201	2	50.8465291831579	10.35762631508772	0.0	0.0	2	1.0101285978691072	-14.80269340355243	138.0	21	1.05	0.95				
	202	2	45.66771602561403	9.416023922807017	0.0	0.0	2	1.0092700142524247	-15.079941119035484	138.0	22	1.05	0.95				
	203	1	84.74421530526315	17.419644257192978	0.0	0.0	2	1.0147082703565167	-10.790577017384006	138.0	21	1.05	0.95				
	204	1	34.839288514385956	7.062017942105261	0.0	0.0	2	1.0097181442275978	-14.350596620107204	138.0	21	1.05	0.95				
	205	1	33.426884925964906	6.591216745964912	0.0	0.0	2	1.0241067165818354	-14.81659730799176	138.0	21	1.05	0.95				
	206	1	64.02896267508773	13.182433491929824	0.0	-100.0	2	1.0395504448055188	-15.392522949946942	138.0	22	1.05	0.95				
	207	2	58.85014951754385	11.770029903508771	0.0	0.0	2	0.9919854577651672	-21.091612899434697	138.0	22	1.05	0.95				
	208	1	80.50700454	16.478041864912278	0.0	0.0	2	0.9967970929216844	-18.929719166349283	138.0	22	1.05	0.95				
	209	1	82.3902093245614	16.948843061052628	0.0	0.0	2	1.024489071878811	-11.812906572331295	138.0	23	1.05	0.95				
	210	1	91.80623324736841	18.832047845614035	0.0	0.0	2	1.05	-13.315380651794547	138.0	23	1.05	0.95				
	211	1	0.0	0.0	0.0	0.0	2	1.0119543571844245	-8.061733813705478	230.0	23	1.05	0.95				
	212	1	0.0	0.0	0.0	0.0	2	1.0123266835502052	-6.403871917263825	230.0	23	1.05	0.95				
	213	2	124.76231697719295	25.42326459157895	0.0	0.0	2	1.015304815079739	-5.62356391974668	230.0	24	1.05	0.95				
	214	2	91.33543205122805	18.361246649473685	0.0	0.0	2	1.0151869116009167	-5.650135238588578	230.0	26	1.05	0.95				
	215	2	149.24397917649122	30.131276552982456	0.0	0.0	2	1.0297586001537482	0.16710556973284676	230.0	26	1.05	0.95				
	216	2	47.080119614035084	9.416023922807017	0.0	0.0	2	1.0327674300650362	0.6082372502184777	230.0	26	1.05	0.95				
	217	1	0.0	0.0	0.0	0.0	2	1.0343505720578294	1.610983559846626	230.0	27	1.05	0.95				
	218	2	156.77679831473682	32.01448133754386	0.0	0.0	2	1.0328309431938167	1.002542163028345	230.0	27	1.05	0.95				
	219	1	85.2150165014035	17.419644257192978	0.0	0.0	2	1.036583248326571	2.1855125076099386	230.0	25	1.05	0.95				
	220	1	60.26255310596491	12.240831099649121	0.0	0.0	2	1.044100634541623	4.437177446060659	230.0	25	1.05	0.95				
	221	2	0.0	0.0	0.0	0.0	2	1.0345572433042174	1.5276127358666547	230.0	27	1.05	0.95				
	222	2	0.0	0.0	0.0	0.0	2	1.05	8.057487591517726	230.0	27	1.05	0.95				
	223	2	0.0	0.0	0.0	0.0	2	1.05	6.0064376456179245	230.0	25	1.05	0.95				
	224	1	0.0	0.0	0.0	0.0	2	1.0105943586411925	-3.9193750891441375	230.0	26	1.05	0.95				
	301	2	40.98260042526316	8.348307494035087	0.0	0.0	3	1.0112443202136534	23.73676909149507	138.0	31	1.05	0.95				
	302	2	36.80844667824561	7.589370449122806	0.0	0.0	3	1.0111900568720862	23.43709404134099	138.0	32	1.05	0.95				
	303	1	68.30433404210527	14.040335330877191	0.0	0.0	3	1.0478012019304463	35.83272813049144	138.0	31	1.05	0.95				
	304	1	28.080670661754382	5.6920278368421044	0.0	0.0	3	1.0129130148481431	24.666708877894933	138.0	31	1.05	0.95				
	305	1	26.942265094385963	5.3125593143859655	0.0	0.0	3	1.0260055935709418	22.401354776481828	138.0	31	1.05	0.95				
	306	1	51.60771905403509	10.625118628771931	0.0	-100.0	3	1.0424386458518047	21.186847316462146	138.0	32	1.05	0.95				
	307	2	47.43356530701754	9.486713061403508	0.0	0.0	3	0.9637361405025834	18.291778781794253	138.0	32	1.05	0.95				
	308	1	64.88911733999998	13.28139828596491	0.0	0.0	3	0.9841231769399769	19.854447965683867	138.0	32	1.05	0.95				
	309	1	66.40699142982456	13.660866808421051	0.0	0.0	3	1.025603501788842	27.233523482198283	138.0	33	1.05	0.95				
	310	1	73.99636187894735	15.178740898245612	0.0	0.0	3	1.05	22.293348851325245	138.0	33	1.05	0.95				
	311	1	0.0	0.0	0.0	0.0	3	1.0107949653829926	25.759371484623724	230.0	33	1.05	0.95				
	312	1	0.0	0.0	0.0	0.0	3	1.0173773614212194	25.776656145649024	230.0	33	1.05	0.95				
	313	2	100.55915845087718	20.49130021263158	0.0	0.0	3	1.0145155798182066	27.49288440592026	230.0	34	1.05	0.95				
	314	2	73.61689335649122	14.799272375789474	0.0	0.0	3	1.0026918948891284	25.32699910447687	230.0	36	1.05	0.95				
	315	2	120.29152161859649	24.28598543719298	0.0	0.0	3	1.0382187062819122	27.368373716142898	230.0	36	1.05	0.95				
	316	2	37.94685224561403	7.589370449122806	0.0	0.0	3	1.028950642681543	26.967477704259064	230.0	36	1.05	0.95				
	317	1	0.0	0.0	0.0	0.0	3	1.0496456343468203	30.55086831462641	230.0	37	1.05	0.95				
	318	2	126.36301797789473	25.803859527017543	0.0	0.0	3	1.05	27.384869509267073	230.0	37	1.05	0.95				
	319	1	68.6838025645614	14.040335330877191	0.0	0.0	3	1.0238657502741202	25.443405717123877	230.0	35	1.05	0.95				
	320	1	48.57197087438596	9.866181583859648	0.0	0.0	3	1.0221624891565138	24.857424382264988	230.0	35	1.05	0.95				
	321	2	0.0	0.0	0.0	0.0	3	1.0465489194029423	28.03761730433065	230.0	37	1.05	0.95				
	322	2	0.0	0.0	0.0	0.0	3	1.05	33.36710522154284	230.0	37	1.05	0.95				
	323	2	0.0	0.0	0.0	0.0	3	1.0215136332543395	24.830670544142478	230.0	35	1.05	0.95				
	324	1	0.0	0.0	0.0	0.0	3	1.0390844220278102	30.609257773430773	230.0	36	1.05	0.95				
	325	1	0.0	0.0	0.0	0.0	3	1.0252900591464058	24.459895000034653	230.0	35	1.05	0.95				
];
