%% MATPOWER Case Format : Version 2
function mpc = RTS_GMLC
mpc.version = '2';

%%-----  Power Flow Data  -----%%
%% system MVA base
mpc.baseMVA = 100.0;
%% bus data
%    bus_i    type    Pd    Qd    Gs    Bs    area    Vm    Va    baseKV    zone    Vmax    Vmin
mpc.bus = [
	101	2	108.0	22.0	0.0	0.0	1	1.0499999604033812	-5.650794058211515	138.0	11	1.05	0.95				
	102	2	97.0	20.0	0.0	0.0	1	1.0498445226483348	-5.775024484475108	138.0	12	1.05	0.95				
	103	1	180.0	37.0	0.0	0.0	1	1.0166267071101214	-6.805730849699655	138.0	11	1.05	0.95				
	104	1	74.0	15.0	0.0	0.0	1	1.0222996531169708	-8.654509681774922	138.0	11	1.05	0.95				
	105	1	71.0	14.000000000000002	0.0	0.0	1	1.0365154186579395	-9.189814251327403	138.0	11	1.05	0.95				
	106	1	136.0	28.000000000000004	0.0	-100.0	1	1.0325766451995713	-12.088967967024411	138.0	12	1.05	0.95				
	107	2	125.0	25.0	0.0	0.0	1	1.05	-6.525236504373802	138.0	12	1.05	0.95				
	108	1	171.0	35.0	0.0	0.0	1	1.0179565973359417	-10.598059943179948	138.0	12	1.05	0.95				
	109	1	175.0	36.0	0.0	0.0	1	1.027923665439138	-8.002866629938593	138.0	13	1.05	0.95				
	110	1	195.0	40.0	0.0	0.0	1	1.05	-9.701813778563247	138.0	13	1.05	0.95				
	111	1	0.0	0.0	0.0	0.0	1	1.0239582026038834	-4.0792019841176135	230.0	13	1.05	0.95				
	112	1	0.0	0.0	0.0	0.0	1	1.0219929474295832	-2.4922855436054974	230.0	13	1.05	0.95				
	113	3	265.0	54.0	0.0	0.0	1	1.0353351685672392	2.209379830239797e-28	230.0	14	1.05	0.95				
	114	2	194.0	39.0	0.0	0.0	1	1.0323146242680177	-2.970682158080907	230.0	16	1.05	0.95				
	115	2	317.0	64.0	0.0	0.0	1	1.0429566510758657	4.813449772811129	230.0	16	1.05	0.95				
	116	2	100.0	20.0	0.0	0.0	1	1.0452009985631598	4.751316505925588	230.0	16	1.05	0.95				
	117	1	0.0	0.0	0.0	0.0	1	1.0481092564639867	7.845559932480572	230.0	17	1.05	0.95				
	118	2	333.0	68.0	0.0	0.0	1	1.0499964670487492	8.491927568742925	230.0	17	1.05	0.95				
	119	1	181.0	37.0	0.0	0.0	1	1.039995475772996	4.319870763304261	230.0	15	1.05	0.95				
	120	1	128.0	26.0	0.0	0.0	1	1.0441128688206194	5.445311252469541	230.0	15	1.05	0.95				
	121	2	0.0	0.0	0.0	0.0	1	1.05	9.419676620358093	230.0	17	1.05	0.95				
	122	2	0.0	0.0	0.0	0.0	1	1.05	15.58438250159659	230.0	17	1.05	0.95				
	123	2	0.0	0.0	0.0	0.0	1	1.05	6.784386706629093	230.0	15	1.05	0.95				
	124	1	0.0	0.0	0.0	0.0	1	1.0185570128957633	0.5250460255627246	230.0	16	1.05	0.95				
	201	2	103.56304107789474	21.096175034385965	0.0	0.0	2	1.05	-12.228482054584083	138.0	21	1.05	0.95				
	202	2	93.01495356070176	19.17834094035088	0.0	0.0	2	1.05	-12.23837009221511	138.0	22	1.05	0.95				
	203	1	172.60506846315792	35.47993073964912	0.0	0.0	2	1.022623308632894	-9.391686584419201	138.0	21	1.05	0.95				
	204	1	70.95986147929824	14.383755705263157	0.0	0.0	2	1.0173273908906721	-13.516585216181845	138.0	21	1.05	0.95				
	205	1	68.08311033824562	13.424838658245616	0.0	0.0	2	1.0349190769431276	-13.977980676621078	138.0	21	1.05	0.95				
	206	1	130.41271839438596	26.84967731649123	0.0	-100.0	2	1.030253139595858	-15.843411243757274	138.0	22	1.05	0.95				
	207	2	119.864630877193	23.972926175438598	0.0	0.0	2	0.95	-24.698260649675607	138.0	22	1.05	0.95				
	208	1	163.97481504	33.562096645614034	0.0	0.0	2	0.9511146763873213	-22.300927090100515	138.0	22	1.05	0.95				
	209	1	167.81048322807018	34.52101369263158	0.0	0.0	2	1.0222913137515677	-10.691257113209577	138.0	23	1.05	0.95				
	210	1	186.98882416842105	38.35668188070176	0.0	0.0	2	1.0443680913263647	-12.754729231877526	138.0	23	1.05	0.95				
	211	1	0.0	0.0	0.0	0.0	2	1.030510678788494	-5.570401386534417	230.0	23	1.05	0.95				
	212	1	0.0	0.0	0.0	0.0	2	1.0242352398684327	-0.6190832931586249	230.0	23	1.05	0.95				
	213	2	254.11301745964914	51.78152053894737	0.0	0.0	2	1.05	-0.48991256029072816	230.0	24	1.05	0.95				
	214	2	186.0299071214035	37.397764833684214	0.0	0.0	2	1.05	-4.177175192028348	230.0	26	1.05	0.95				
	215	2	303.9767039045614	61.370691009122815	0.0	0.0	2	1.046293739888825	3.7834584163965053	230.0	26	1.05	0.95				
	216	2	95.89170470175439	19.17834094035088	0.0	0.0	2	1.0493735323539473	3.733450418909468	230.0	26	1.05	0.95				
	217	1	0.0	0.0	0.0	0.0	2	1.05	6.5193618832065665	230.0	27	1.05	0.95				
	218	2	319.3193766568421	65.20635919719298	0.0	0.0	2	1.049348810854687	7.036015565890073	230.0	27	1.05	0.95				
	219	1	173.56398551017546	35.47993073964912	0.0	0.0	2	1.0419267250468651	3.678297717312438	230.0	25	1.05	0.95				
	220	1	122.74138201824563	24.93184322245614	0.0	0.0	2	1.044680762050692	5.424419730887724	230.0	25	1.05	0.95				
	221	2	0.0	0.0	0.0	0.0	2	1.05	7.682392161523844	230.0	27	1.05	0.95				
	222	2	0.0	0.0	0.0	0.0	2	1.05	13.738087396135116	230.0	27	1.05	0.95				
	223	2	0.0	0.0	0.0	0.0	2	1.05	7.074459335756716	230.0	25	1.05	0.95				
	224	1	0.0	0.0	0.0	0.0	2	1.0206993783019858	-1.095668505615246	230.0	26	1.05	0.95				
	301	2	92.0272065726316	18.746282820350878	0.0	0.0	3	0.9972559048028652	-12.677319044407353	138.0	31	1.05	0.95				
	302	2	82.65406516245615	17.042075291228073	0.0	0.0	3	0.9980877458238803	-13.162407919213601	138.0	32	1.05	0.95				
	303	1	153.37867762105265	31.52783928877193	0.0	0.0	3	0.9997944700613539	-7.126776764116565	138.0	31	1.05	0.95				
	304	1	63.05567857754386	12.781556468421055	0.0	0.0	3	0.9832278141810766	-11.543461640095101	138.0	31	1.05	0.95				
	305	1	60.49936728385965	11.929452703859651	0.0	0.0	3	0.9978411563471979	-11.751109689873799	138.0	31	1.05	0.95				
	306	1	115.8861119803509	23.858905407719302	0.0	-100.0	3	1.003754246793033	-12.208109162196003	138.0	32	1.05	0.95				
	307	2	106.51297057017545	21.302594114035088	0.0	0.0	3	0.9728201676459337	-14.50845525132895	138.0	32	1.05	0.95				
	308	1	145.70974374000002	29.82363175964912	0.0	0.0	3	0.9712436081734506	-12.876038635161072	138.0	32	1.05	0.95				
	309	1	149.11815879824562	30.67573552421053	0.0	0.0	3	1.0028355443263746	-6.560990624874633	138.0	33	1.05	0.95				
	310	1	166.1602340894737	34.08415058245615	0.0	0.0	3	1.0232756080271843	-7.94967318628869	138.0	33	1.05	0.95				
	311	1	0.0	0.0	0.0	0.0	3	0.9985739265533558	0.3690367034847297	230.0	33	1.05	0.95				
	312	1	0.0	0.0	0.0	0.0	3	1.0004270364705796	1.6543891347414519	230.0	33	1.05	0.95				
	313	2	225.8074976087719	46.0136032863158	0.0	0.0	3	1.0263904931792782	8.38894941815294	230.0	34	1.05	0.95				
	314	2	165.3081303249123	33.23204681789474	0.0	0.0	3	1.008950932069449	0.684850245915769	230.0	36	1.05	0.95				
	315	2	270.1168933659649	54.534640931929836	0.0	0.0	3	1.0376826715516871	2.659528743895465	230.0	36	1.05	0.95				
	316	2	85.21037645614035	17.042075291228073	0.0	0.0	3	1.0335550666202735	2.93009052342707	230.0	36	1.05	0.95				
	317	1	0.0	0.0	0.0	0.0	3	1.0397020534581656	4.279658612807537	230.0	37	1.05	0.95				
	318	2	283.75055359894736	57.94305599017545	0.0	0.0	3	1.040701399851287	4.1348667382092215	230.0	37	1.05	0.95				
	319	1	154.23078138561405	31.52783928877193	0.0	0.0	3	1.0283479898649752	3.7437895197947095	230.0	35	1.05	0.95				
	320	1	109.06928186385967	22.154697878596494	0.0	0.0	3	1.0284073613318079	4.65366640131702	230.0	35	1.05	0.95				
	321	2	0.0	0.0	0.0	0.0	3	1.044291203066323	5.584103656806046	230.0	37	1.05	0.95				
	322	2	0.0	0.0	0.0	0.0	3	1.05	10.836741159562894	230.0	37	1.05	0.95				
	323	2	0.0	0.0	0.0	0.0	3	1.0299070465743807	5.278978131119988	230.0	35	1.05	0.95				
	324	1	0.0	0.0	0.0	0.0	3	1.0133150502757962	0.5318055971298494	230.0	36	1.05	0.95				
	325	1	0.0	0.0	0.0	0.0	3	1.0315261128505209	5.640963023681203	230.0	35	1.05	0.95				
];

%% generator data
%    bus    Pg    Qg    Qmax    Qmin    Vg    mBase    status    Pmax    Pmin    Pc1    Pc2    Qc1min    Qc1max    Qc2min    Qc2max    ramp_agc    ramp_10    ramp_30    ramp_q    apf
