%% MATPOWER Case Format : Version 2
function mpc = RTS_GMLC
mpc.version = '2';

%%-----  Power Flow Data  -----%%
%% system MVA base
mpc.baseMVA = 100.0;
%% bus data
%    bus_i    type    Pd    Qd    Gs    Bs    area    Vm    Va    baseKV    zone    Vmax    Vmin
mpc.bus = [
	101	2	80.87976250105262	16.47550717614035	0.0	0.0	1	1.0331570172278188	-3.425594414562824	138.0	11	1.05	0.95				
	102	2	72.64200891298245	14.977733796491227	0.0	0.0	1	1.0332064322385448	-3.4789506173674885	138.0	12	1.05	0.95				
	103	1	134.79960416842104	27.708807523508767	0.0	0.0	1	1.0190581384230444	-3.9458640768431543	138.0	11	1.05	0.95				
	104	1	55.417615047017534	11.233300347368418	0.0	0.0	1	1.0163580477281928	-6.19832996107607	138.0	11	1.05	0.95				
	105	1	53.17095497754385	10.48441365754386	0.0	0.0	1	1.0316722633562245	-6.238195876291789	138.0	11	1.05	0.95				
	106	1	101.84858981614033	20.96882731508772	0.0	-100.0	1	1.036453268558882	-8.49455637076887	138.0	12	1.05	0.95				
	107	2	93.61083622807016	18.72216724561403	0.0	0.0	1	1.0469889169142295	-5.0610411544106455	138.0	12	1.05	0.95				
	108	1	128.05962395999998	26.211034143859646	0.0	0.0	1	1.0238329203456367	-7.794936200947581	138.0	12	1.05	0.95				
	109	1	131.05517071929822	26.959920833684205	0.0	0.0	1	1.0265642214166588	-5.392889385196483	138.0	13	1.05	0.95				
	110	1	146.03290451578945	29.955467592982455	0.0	0.0	1	1.05	-6.726212410428847	138.0	13	1.05	0.95				
	111	1	0.0	0.0	0.0	0.0	1	1.0134085095663403	-2.256844375655244	230.0	13	1.05	0.95				
	112	1	0.0	0.0	0.0	0.0	1	1.0165203116486043	-1.2782692666624145	230.0	13	1.05	0.95				
	113	3	198.45497280350875	40.43988125052631	0.0	0.0	1	1.017187696422478	7.875997541156876e-30	230.0	14	1.05	0.95				
	114	2	145.2840178259649	29.206580903157892	0.0	0.0	1	1.0141262198040866	-0.38389825477515704	230.0	16	1.05	0.95				
	115	2	237.3970806743859	47.92874814877193	0.0	0.0	1	1.0427854872678315	7.1212963899318895	230.0	16	1.05	0.95				
	116	2	74.88866898245612	14.977733796491227	0.0	0.0	1	1.0407124598236572	6.791048818701053	230.0	16	1.05	0.95				
	117	1	0.0	0.0	0.0	0.0	1	1.0456853130015076	9.766957915801248	230.0	17	1.05	0.95				
	118	2	249.37926771157893	50.924294908070166	0.0	0.0	1	1.0482415304555528	10.349040227892646	230.0	17	1.05	0.95				
	119	1	135.5484908582456	27.708807523508767	0.0	0.0	1	1.0359331205849704	5.740234553109052	230.0	15	1.05	0.95				
	120	1	95.85749629754386	19.471053935438594	0.0	0.0	1	1.0384548094153612	6.246348236492905	230.0	15	1.05	0.95				
	121	2	0.0	0.0	0.0	0.0	1	1.05	11.01318449677356	230.0	17	1.05	0.95				
	122	2	0.0	0.0	0.0	0.0	1	1.05	17.456144568218477	230.0	17	1.05	0.95				
	123	2	0.0	0.0	0.0	0.0	1	1.0420051833350439	7.076539248487664	230.0	15	1.05	0.95				
	124	1	0.0	0.0	0.0	0.0	1	1.020072306276031	3.027816218075547	230.0	16	1.05	0.95				
	201	2	77.55328189894738	15.797890757192985	0.0	0.0	2	1.0371887233840624	-12.843283175234832	138.0	21	1.05	0.95				
	202	2	69.65433652035088	14.36171887017544	0.0	0.0	2	1.037346735302162	-12.948540319888965	138.0	22	1.05	0.95				
	203	1	129.25546983157895	26.569179909824562	0.0	0.0	2	1.0265333889142223	-9.254402323007994	138.0	21	1.05	0.95				
	204	1	53.138359819649125	10.771289152631578	0.0	0.0	2	1.0182860189967788	-14.651755199159426	138.0	21	1.05	0.95				
	205	1	50.98410198912281	10.05320320912281	0.0	0.0	2	1.0343986391933846	-15.112699481923373	138.0	21	1.05	0.95				
	206	1	97.65968831719299	20.10640641824562	0.0	-100.0	2	1.0386858373906318	-17.064540006145094	138.0	22	1.05	0.95				
	207	2	89.7607429385965	17.9521485877193	0.0	0.0	2	0.9664617271150123	-27.759283164140886	138.0	22	1.05	0.95				
	208	1	122.79269634	25.13300802280702	0.0	0.0	2	0.9700310229870173	-24.206877138283595	138.0	22	1.05	0.95				
	209	1	125.6650401140351	25.85109396631579	0.0	0.0	2	1.0252225505232728	-13.141682354015039	138.0	23	1.05	0.95				
	210	1	140.02675898421052	28.72343774035088	0.0	0.0	2	1.05	-15.158764668733484	138.0	23	1.05	0.95				
	211	1	0.0	0.0	0.0	0.0	2	1.0255800721924093	-8.56751827317882	230.0	23	1.05	0.95				
	212	1	0.0	0.0	0.0	0.0	2	1.0201823933932188	-7.560161029138201	230.0	23	1.05	0.95				
	213	2	190.29277502982455	38.77664094947369	0.0	0.0	2	1.0356311626552688	-5.739336146964129	230.0	24	1.05	0.95				
	214	2	139.30867304070176	28.00535179684211	0.0	0.0	2	1.0406130801845492	-5.617593227687738	230.0	26	1.05	0.95				
	215	2	227.6332440922807	45.957500384561406	0.0	0.0	2	1.0443338256472057	3.1198287222993906	230.0	26	1.05	0.95				
	216	2	71.8085943508772	14.36171887017544	0.0	0.0	2	1.047482443491305	2.964810041669786	230.0	26	1.05	0.95				
	217	1	0.0	0.0	0.0	0.0	2	1.0486771775128343	6.4024435479585735	230.0	27	1.05	0.95				
	218	2	239.12261918842108	48.829844158596494	0.0	0.0	2	1.0499999936966151	7.189758418619517	230.0	27	1.05	0.95				
	219	1	129.97355577508773	26.569179909824562	0.0	0.0	2	1.0436074502427612	2.119316475007838	230.0	25	1.05	0.95				
	220	1	91.91500076912281	18.670234531228072	0.0	0.0	2	1.0464316837562628	2.7272960099055745	230.0	25	1.05	0.95				
	221	2	0.0	0.0	0.0	0.0	2	1.05	7.5540507269001855	230.0	27	1.05	0.95				
	222	2	0.0	0.0	0.0	0.0	2	1.05	13.614046764233885	230.0	27	1.05	0.95				
	223	2	0.0	0.0	0.0	0.0	2	1.05	3.5828482704697313	230.0	25	1.05	0.95				
	224	1	0.0	0.0	0.0	0.0	2	1.0220760557948203	-1.4863091615031119	230.0	26	1.05	0.95				
	301	2	60.81619740631579	12.388484656842104	0.0	0.0	3	1.0254899956490695	-7.179755265658627	138.0	31	1.05	0.95				
	302	2	54.621955077894725	11.262258778947368	0.0	0.0	3	1.0213609519315792	-7.539816701616014	138.0	32	1.05	0.95				
	303	1	101.36032901052631	20.83517874105263	0.0	0.0	3	1.05	8.734137316244134	138.0	31	1.05	0.95				
	304	1	41.67035748210526	8.446694084210526	0.0	0.0	3	1.007207921637827	-6.061435002068759	138.0	31	1.05	0.95				
	305	1	39.98101866526315	7.8835811452631575	0.0	0.0	3	1.0268469100069308	-8.044611719311089	138.0	31	1.05	0.95				
	306	1	76.5833596968421	15.767162290526315	0.0	-100.0	3	1.033562785169864	-9.180082360298254	138.0	32	1.05	0.95				
	307	2	70.38911736842104	14.077823473684209	0.0	0.0	3	0.9802876428606517	-7.4161916002068065	138.0	32	1.05	0.95				
	308	1	96.29231255999998	19.70895286315789	0.0	0.0	3	0.9854366105077522	-8.174422353970394	138.0	32	1.05	0.95				
	309	1	98.54476431578946	20.27206580210526	0.0	0.0	3	1.0145067012362106	-2.490891627800662	138.0	33	1.05	0.95				
	310	1	109.80702309473682	22.524517557894736	0.0	0.0	3	1.0420622240482047	-7.1090859337100385	138.0	33	1.05	0.95				
	311	1	0.0	0.0	0.0	0.0	3	1.0017978678690143	-2.3591264874160798	230.0	33	1.05	0.95				
	312	1	0.0	0.0	0.0	0.0	3	1.0057782613281632	-1.6590892242958082	230.0	33	1.05	0.95				
	313	2	149.2249288210526	30.408098703157894	0.0	0.0	3	1.0032101679561076	0.6081986539753164	230.0	34	1.05	0.95				
	314	2	109.24391015578945	21.961404618947366	0.0	0.0	3	0.9999516182312324	-2.415516575530948	230.0	36	1.05	0.95				
	315	2	178.50680164631575	36.039228092631575	0.0	0.0	3	1.05	1.5816636184292654	230.0	36	1.05	0.95				
	316	2	56.311293894736835	11.262258778947368	0.0	0.0	3	1.0420412220115542	0.875259129687674	230.0	36	1.05	0.95				
	317	1	0.0	0.0	0.0	0.0	3	1.047249097428761	2.57972069351042	230.0	37	1.05	0.95				
	318	2	187.51660866947367	38.29167984842105	0.0	0.0	3	1.047883321970947	2.569728441226912	230.0	37	1.05	0.95				
	319	1	101.92344194947367	20.83517874105263	0.0	0.0	3	1.028030070114283	0.10487885792542137	230.0	35	1.05	0.95				
	320	1	72.07845618526315	14.640936412631579	0.0	0.0	3	1.0203502090618772	0.5181266923009384	230.0	35	1.05	0.95				
	321	2	0.0	0.0	0.0	0.0	3	1.05	3.711467543386334	230.0	37	1.05	0.95				
	322	2	0.0	0.0	0.0	0.0	3	1.05	7.611441208061266	230.0	37	1.05	0.95				
	323	2	0.0	0.0	0.0	0.0	3	1.0174402542066512	1.187348257491375	230.0	35	1.05	0.95				
	324	1	0.0	0.0	0.0	0.0	3	1.0473430750823691	4.318201945818812	230.0	36	1.05	0.95				
	325	1	0.0	0.0	0.0	0.0	3	1.0181434695906522	2.0420894904658535	230.0	35	1.05	0.95				
];
