%% MATPOWER Case Format : Version 2
function mpc = RTS_GMLC
mpc.version = '2';

%%-----  Power Flow Data  -----%%
%% system MVA base
mpc.baseMVA = 100.0;
%% bus data
%    bus_i    type    Pd    Qd    Gs    Bs    area    Vm    Va    baseKV    zone    Vmax    Vmin
mpc.bus = [
	101	2	79.77090550736844	16.249628899649128	0.0	0.0	1	1.05	1.0666814484117666	138.0	11	1.05	0.95				
	102	2	71.64609105754387	14.772389908771933	0.0	0.0	1	1.0497311794848652	0.7585736384666296	138.0	12	1.05	0.95				
	103	1	132.9515091789474	27.328921331228074	0.0	0.0	1	1.029707662316156	-0.2744159799941116	138.0	11	1.05	0.95				
	104	1	54.65784266245615	11.07929243157895	0.0	0.0	1	1.0264342340427792	-3.060913554738696	138.0	11	1.05	0.95				
	105	1	52.44198417614035	10.340672936140354	0.0	0.0	1	1.0389309326336402	-3.566192372208303	138.0	11	1.05	0.95				
	106	1	100.45225137964916	20.68134587228071	0.0	-100.0	1	1.0394299326657226	-6.892885060499903	138.0	12	1.05	0.95				
	107	2	92.32743692982459	18.465487385964916	0.0	0.0	1	1.0111123679150673	-13.00476972348793	138.0	12	1.05	0.95				
	108	1	126.30393372000002	25.85168234035088	0.0	0.0	1	1.0007036759151133	-12.042029174489793	138.0	12	1.05	0.95				
	109	1	129.2584117017544	26.590301835789475	0.0	0.0	1	1.026382563770961	-4.462992140933545	138.0	13	1.05	0.95				
	110	1	144.03080161052634	29.544779817543866	0.0	0.0	1	1.05	-6.03044953311882	138.0	13	1.05	0.95				
	111	1	0.0	0.0	0.0	0.0	1	1.016223545190481	-1.642783534594964	230.0	13	1.05	0.95				
	112	1	0.0	0.0	0.0	0.0	1	1.0181006802213317	-1.28264643509609	230.0	13	1.05	0.95				
	113	3	195.73416629122812	39.88545275368422	0.0	0.0	1	1.0180872120721352	-3.3948026185098175e-29	230.0	14	1.05	0.95				
	114	2	143.29218211508774	28.806160322105267	0.0	0.0	1	1.020803346373085	0.541678318424056	230.0	16	1.05	0.95				
	115	2	234.14238005403513	47.271647708070184	0.0	0.0	1	1.0448134912701914	9.25782445389883	230.0	16	1.05	0.95				
	116	2	73.86194954385967	14.772389908771933	0.0	0.0	1	1.04310905386938	8.100463202087617	230.0	16	1.05	0.95				
	117	1	0.0	0.0	0.0	0.0	1	1.04628262170893	11.683206667449053	230.0	17	1.05	0.95				
	118	2	245.96029198105268	50.22612568982458	0.0	0.0	1	1.0486733452385524	12.526938505653755	230.0	17	1.05	0.95				
	119	1	133.690128674386	27.328921331228074	0.0	0.0	1	1.0364905557651078	6.082856012484938	230.0	15	1.05	0.95				
	120	1	94.54329541614037	19.20410688140351	0.0	0.0	1	1.036634163640328	5.175135673926779	230.0	15	1.05	0.95				
	121	2	0.0	0.0	0.0	0.0	1	1.05	14.467967422145248	230.0	17	1.05	0.95				
	122	2	0.0	0.0	0.0	0.0	1	1.05	19.88692891455142	230.0	17	1.05	0.95				
	123	2	0.0	0.0	0.0	0.0	1	1.0386190971466625	5.225311858398788	230.0	15	1.05	0.95				
	124	1	0.0	0.0	0.0	0.0	1	1.0271732845541852	5.705274087390413	230.0	16	1.05	0.95				
	201	2	82.44923657684211	16.795214858245615	0.0	0.0	2	1.0375440698268297	-14.871396055169942	138.0	21	1.05	0.95				
	202	2	74.05162914771928	15.268377143859649	0.0	0.0	2	1.0381459369104753	-14.866633320406377	138.0	22	1.05	0.95				
	203	1	137.41539429473684	28.24649771614035	0.0	0.0	2	1.0179558496499337	-12.55961183681013	138.0	21	1.05	0.95				
	204	1	56.4929954322807	11.451282857894736	0.0	0.0	2	1.0177491122168283	-15.919608554879902	138.0	21	1.05	0.95				
	205	1	54.20273886070175	10.687864000701754	0.0	0.0	2	1.0341187397335263	-16.312586942007385	138.0	21	1.05	0.95				
	206	1	103.82496457824561	21.37572800140351	0.0	-100.0	2	1.037816580800408	-17.824370073724918	138.0	22	1.05	0.95				
	207	2	95.4273571491228	19.085471429824562	0.0	0.0	2	0.9556741270679149	-29.116606383113908	138.0	22	1.05	0.95				
	208	1	130.54462457999998	26.71966000175438	0.0	0.0	2	0.961228978003617	-25.286565106739243	138.0	22	1.05	0.95				
	209	1	133.59830000877193	27.48307885894737	0.0	0.0	2	1.0253787619691304	-13.68860059620878	138.0	23	1.05	0.95				
	210	1	148.86667715263158	30.536754287719297	0.0	0.0	2	1.05	-15.369544668631832	138.0	23	1.05	0.95				
	211	1	0.0	0.0	0.0	0.0	2	1.029819402707965	-9.568508029150111	230.0	23	1.05	0.95				
	212	1	0.0	0.0	0.0	0.0	2	1.024910133000673	-4.502611391133563	230.0	23	1.05	0.95				
	213	2	202.30599715614034	41.224618288421055	0.0	0.0	2	1.0411106027873758	-6.650075477391665	230.0	24	1.05	0.95				
	214	2	148.10325829543856	29.773335430526316	0.0	0.0	2	1.045299397113956	-7.345728551512572	230.0	26	1.05	0.95				
	215	2	242.00377773017544	48.858806860350875	0.0	0.0	2	1.043914850544732	0.5363261069202441	230.0	26	1.05	0.95				
	216	2	76.34188571929825	15.268377143859649	0.0	0.0	2	1.0464407742147472	0.5281629926612976	230.0	26	1.05	0.95				
	217	1	0.0	0.0	0.0	0.0	2	1.047266301934878	3.0144481439568365	230.0	27	1.05	0.95				
	218	2	254.21847944526314	51.912482289122806	0.0	0.0	2	1.0476443484728133	3.0958046165135764	230.0	27	1.05	0.95				
	219	1	138.1788131519298	28.24649771614035	0.0	0.0	2	1.042149061265055	0.8870021080509516	230.0	25	1.05	0.95				
	220	1	97.71761372070175	19.848890287017543	0.0	0.0	2	1.0453857173784822	2.6299330950147737	230.0	25	1.05	0.95				
	221	2	0.0	0.0	0.0	0.0	2	1.0479357588085274	3.0065034568285016	230.0	27	1.05	0.95				
	222	2	0.0	0.0	0.0	0.0	2	1.05	9.520135005763976	230.0	27	1.05	0.95				
	223	2	0.0	0.0	0.0	0.0	2	1.05	4.13806024230429	230.0	25	1.05	0.95				
	224	1	0.0	0.0	0.0	0.0	2	1.0176215197819665	-4.302794035568162	230.0	26	1.05	0.95				
	301	2	66.47073711157894	13.540335337543857	0.0	0.0	3	0.9950087225340403	11.189043502736281	138.0	31	1.05	0.95				
	302	2	59.70056944280701	12.309395761403508	0.0	0.0	3	0.9958142415243747	11.17468081077033	138.0	32	1.05	0.95				
	303	1	110.78456185263157	22.77238215859649	0.0	0.0	3	1.0139981013297827	13.12070718204725	138.0	31	1.05	0.95				
	304	1	45.54476431719298	9.23204682105263	0.0	0.0	3	1.0007777827724755	13.387543798976962	138.0	31	1.05	0.95				
	305	1	43.69835495298245	8.616577032982455	0.0	0.0	3	1.0125936610308925	13.511858714116185	138.0	31	1.05	0.95				
	306	1	83.70389117754385	17.23315406596491	0.0	-100.0	3	1.0312419775153292	14.11352311162784	138.0	32	1.05	0.95				
	307	2	76.93372350877192	15.386744701754385	0.0	0.0	3	0.9793172669181329	10.864990200258966	138.0	32	1.05	0.95				
	308	1	105.24533375999998	21.54144258245614	0.0	0.0	3	0.9952630576996309	13.590759780205728	138.0	32	1.05	0.95				
	309	1	107.7072129122807	22.156912370526314	0.0	0.0	3	1.0270013571471361	17.696479680993782	138.0	33	1.05	0.95				
	310	1	120.0166086736842	24.618791522807015	0.0	0.0	3	1.05	17.78831970454099	138.0	33	1.05	0.95				
	311	1	0.0	0.0	0.0	0.0	3	1.0174047599544203	24.012858320466915	230.0	33	1.05	0.95				
	312	1	0.0	0.0	0.0	0.0	3	1.0243623106272908	25.528257440182596	230.0	33	1.05	0.95				
	313	2	163.0994938385965	33.23536855578947	0.0	0.0	3	1.0487513992303386	33.68623372412734	230.0	34	1.05	0.95				
	314	2	119.40113888561402	24.00332173473684	0.0	0.0	3	1.0191102747235221	21.581210734628968	230.0	36	1.05	0.95				
	315	2	195.1039228182456	39.390066436491225	0.0	0.0	3	1.0403777264151908	14.097340878670478	230.0	36	1.05	0.95				
	316	2	61.54697880701754	12.309395761403508	0.0	0.0	3	1.0427568468913058	15.65767725174846	230.0	36	1.05	0.95				
	317	1	0.0	0.0	0.0	0.0	3	1.0453853530308186	13.965625827504047	230.0	37	1.05	0.95				
	318	2	204.95143942736843	41.851945588771926	0.0	0.0	3	1.0442993371433251	12.494845813678687	230.0	37	1.05	0.95				
	319	1	111.40003164070176	22.77238215859649	0.0	0.0	3	1.0426657401199437	19.07407685485709	230.0	35	1.05	0.95				
	320	1	78.78013287298245	16.00221448982456	0.0	0.0	3	1.0459673977653898	21.558372144287453	230.0	35	1.05	0.95				
	321	2	0.0	0.0	0.0	0.0	3	1.0439396928100706	13.603257960351389	230.0	37	1.05	0.95				
	322	2	0.0	0.0	0.0	0.0	3	1.05	18.076444815558453	230.0	37	1.05	0.95				
	323	2	0.0	0.0	0.0	0.0	3	1.0477244496653961	22.435243987424357	230.0	35	1.05	0.95				
	324	1	0.0	0.0	0.0	0.0	3	1.0285299555720673	15.838486833706039	230.0	36	1.05	0.95				
	325	1	0.0	0.0	0.0	0.0	3	1.0493968839432202	21.763958319027598	230.0	35	1.05	0.95				
];
