%% MATPOWER Case Format : Version 2
function mpc = RTS_GMLC
mpc.version = '2';

%%-----  Power Flow Data  -----%%
%% system MVA base
mpc.baseMVA = 100.0;
%% bus data
%    bus_i    type    Pd    Qd    Gs    Bs    area    Vm    Va    baseKV    zone    Vmax    Vmin
mpc.bus = [
	101	2	84.84760019368423	17.283770409824562	0.0	0.0	1	1.0354486100770008	-2.357935160170743	138.0	11	1.05	0.95				
	102	2	76.20571498877193	15.712518554385968	0.0	0.0	1	1.0352472048620733	-2.4830127384668774	138.0	12	1.05	0.95				
	103	1	141.4126669894737	29.068159325614033	0.0	0.0	1	1.0187980465362234	-3.0565351314568177	138.0	11	1.05	0.95				
	104	1	58.136318651228066	11.784388915789473	0.0	0.0	1	1.0172035220524067	-5.4889720201178	138.0	11	1.05	0.95				
	105	1	55.779440868070175	10.998762988070176	0.0	0.0	1	1.0320975991073704	-5.615953874141577	138.0	11	1.05	0.95				
	106	1	106.84512616982458	21.997525976140352	0.0	-100.0	1	1.0356097077992028	-8.164143287392362	138.0	12	1.05	0.95				
	107	2	98.20324096491228	19.640648192982457	0.0	0.0	1	1.05	-5.421301597226501	138.0	12	1.05	0.95				
	108	1	134.34203364	27.496907470175437	0.0	0.0	1	1.0245654302126337	-7.9714468098519555	138.0	12	1.05	0.95				
	109	1	137.4845373508772	28.28253339789474	0.0	0.0	1	1.0267242437233706	-5.019561667089711	138.0	13	1.05	0.95				
	110	1	153.19705590526317	31.425037108771935	0.0	0.0	1	1.05	-6.45039212679096	138.0	13	1.05	0.95				
	111	1	0.0	0.0	0.0	0.0	1	1.0154473138990268	-1.8384874432329061	230.0	13	1.05	0.95				
	112	1	0.0	0.0	0.0	0.0	1	1.0172139846528774	-1.0011112315976844	230.0	13	1.05	0.95				
	113	3	208.19087084561403	42.423800096842115	0.0	0.0	1	1.0179498753532141	1.160457182441515e-28	230.0	14	1.05	0.95				
	114	2	152.41142997754386	30.639411181052633	0.0	0.0	1	1.0195398026836984	0.4720349310903795	230.0	16	1.05	0.95				
	115	2	249.04341908701758	50.28005937403509	0.0	0.0	1	1.0447151965642345	8.857533798570755	230.0	16	1.05	0.95				
	116	2	78.56259277192983	15.712518554385968	0.0	0.0	1	1.044423957557688	8.480906494032146	230.0	16	1.05	0.95				
	117	1	0.0	0.0	0.0	0.0	1	1.0475863226589097	11.868165323208034	230.0	17	1.05	0.95				
	118	2	261.6134339305263	53.42256308491229	0.0	0.0	1	1.049999993357527	12.586351651969876	230.0	17	1.05	0.95				
	119	1	142.198292917193	29.068159325614033	0.0	0.0	1	1.0393435478818305	7.168927173806706	230.0	15	1.05	0.95				
	120	1	100.56011874807018	20.426274120701756	0.0	0.0	1	1.0413260943198557	7.184948790204464	230.0	15	1.05	0.95				
	121	2	0.0	0.0	0.0	0.0	1	1.05	13.114317665819808	230.0	17	1.05	0.95				
	122	2	0.0	0.0	0.0	0.0	1	1.05	20.239456339880643	230.0	17	1.05	0.95				
	123	2	0.0	0.0	0.0	0.0	1	1.044603022889262	7.770626682090456	230.0	15	1.05	0.95				
	124	1	0.0	0.0	0.0	0.0	1	1.0200540464874503	4.457525725273791	230.0	16	1.05	0.95				
	201	2	100.60506848842105	20.493625062456143	0.0	0.0	2	1.05	-12.812419564355537	138.0	21	1.05	0.95				
	202	2	90.35825595719298	18.630568238596492	0.0	0.0	2	1.05	-12.86687655062952	138.0	22	1.05	0.95				
	203	1	167.67511414736845	34.46655124140351	0.0	0.0	2	1.0226538790723423	-9.471895074343704	138.0	21	1.05	0.95				
	204	1	68.93310248280702	13.972926178947368	0.0	0.0	2	1.0185661829412098	-14.153242292896296	138.0	21	1.05	0.95				
	205	1	66.13851724701755	13.041397767017546	0.0	0.0	2	1.0363538040786933	-14.638146606163351	138.0	21	1.05	0.95				
	206	1	126.68786402245615	26.082795534035093	0.0	-100.0	2	1.0327547101340695	-16.528359353893286	138.0	22	1.05	0.95				
	207	2	116.44105149122808	23.288210298245616	0.0	0.0	2	0.95	-25.970732127191102	138.0	22	1.05	0.95				
	208	1	159.29135844	32.60349441754386	0.0	0.0	2	0.9522745047627115	-23.256303417019954	138.0	22	1.05	0.95				
	209	1	163.0174720877193	33.53502282947368	0.0	0.0	2	1.0234399205835196	-11.452439364751939	138.0	23	1.05	0.95				
	210	1	181.6480403263158	37.261136477192984	0.0	0.0	2	1.046472135798383	-13.586649408570871	138.0	23	1.05	0.95				
	211	1	0.0	0.0	0.0	0.0	2	1.0316348602995622	-6.623598611737815	230.0	23	1.05	0.95				
	212	1	0.0	0.0	0.0	0.0	2	1.0257981857393161	-1.7987393611728728	230.0	23	1.05	0.95				
	213	2	246.8550291614035	50.30253424421053	0.0	0.0	2	1.05	-2.2028020101293566	230.0	24	1.05	0.95				
	214	2	180.71651191438596	36.329608065263166	0.0	0.0	2	1.05	-4.886760837704254	230.0	26	1.05	0.95				
	215	2	295.2945065817544	59.61781836350878	0.0	0.0	2	1.0437288580055861	3.4582366633225936	230.0	26	1.05	0.95				
	216	2	93.15284119298246	18.630568238596492	0.0	0.0	2	1.0480332950614182	3.347873349914912	230.0	26	1.05	0.95				
	217	1	0.0	0.0	0.0	0.0	2	1.0492815101587671	6.446066957462961	230.0	27	1.05	0.95				
	218	2	310.1989611726316	63.34393201122808	0.0	0.0	2	1.0499999999674599	6.936245806524736	230.0	27	1.05	0.95				
	219	1	168.60664255929828	34.46655124140351	0.0	0.0	2	1.041570212512105	3.0273351961599984	230.0	25	1.05	0.95				
	220	1	119.23563672701756	24.219738710175438	0.0	0.0	2	1.0447626176744789	4.491931345938666	230.0	25	1.05	0.95				
	221	2	0.0	0.0	0.0	0.0	2	1.05	7.509173730539681	230.0	27	1.05	0.95				
	222	2	0.0	0.0	0.0	0.0	2	1.05	13.604031923315553	230.0	27	1.05	0.95				
	223	2	0.0	0.0	0.0	0.0	2	1.05	5.96809395968	230.0	25	1.05	0.95				
	224	1	0.0	0.0	0.0	0.0	2	1.019487821168967	-1.3410103503035014	230.0	26	1.05	0.95				
	301	2	90.66055047157894	18.46788991087719	0.0	0.0	3	0.9891564791048293	-17.742856477941064	138.0	31	1.05	0.95				
	302	2	81.42660551614034	16.788990828070176	0.0	0.0	3	0.9898648988262495	-18.150391003426503	138.0	32	1.05	0.95				
	303	1	151.10091745263156	31.059633031929824	0.0	0.0	3	0.992891083534408	-11.580929760840093	138.0	31	1.05	0.95				
	304	1	62.11926606385965	12.591743121052628	0.0	0.0	3	0.9762879647940867	-16.10695972021432	138.0	31	1.05	0.95				
	305	1	59.600917439649116	11.752293579649123	0.0	0.0	3	0.990485278353964	-16.521445193569722	138.0	31	1.05	0.95				
	306	1	114.16513763087718	23.504587159298246	0.0	-100.0	3	0.9970146758584412	-16.800453346639955	138.0	32	1.05	0.95				
	307	2	104.93119267543858	20.98623853508772	0.0	0.0	3	0.967782901477882	-18.91932860306441	138.0	32	1.05	0.95				
	308	1	143.54587157999998	29.3807339491228	0.0	0.0	3	0.9656599731996041	-17.324136594141777	138.0	32	1.05	0.95				
	309	1	146.90366974561402	30.220183490526313	0.0	0.0	3	0.9974151131061226	-10.791048312007542	138.0	33	1.05	0.95				
	310	1	163.69266057368418	33.57798165614035	0.0	0.0	3	1.0169740886058143	-12.427848206674016	138.0	33	1.05	0.95				
	311	1	0.0	0.0	0.0	0.0	3	0.9946405062778253	-3.7545182485948083	230.0	33	1.05	0.95				
	312	1	0.0	0.0	0.0	0.0	3	0.9957885842352114	-2.157599677001825	230.0	33	1.05	0.95				
	313	2	222.45412847192978	45.33027523578947	0.0	0.0	3	1.0215525220853943	4.0399449094391	230.0	34	1.05	0.95				
	314	2	162.85321103228068	32.73853211473684	0.0	0.0	3	1.0079656715673468	-3.0375745806256527	230.0	36	1.05	0.95				
	315	2	266.10550462491227	53.72477064982456	0.0	0.0	3	1.03950719684498	-0.1590543206851205	230.0	36	1.05	0.95				
	316	2	83.94495414035087	16.788990828070176	0.0	0.0	3	1.035923407843316	0.6255465041733607	230.0	36	1.05	0.95				
	317	1	0.0	0.0	0.0	0.0	3	1.042358040583911	2.489439870028233	230.0	37	1.05	0.95				
	318	2	279.5366972873684	57.08256881543859	0.0	0.0	3	1.042859471239296	2.1867562575807327	230.0	37	1.05	0.95				
	319	1	151.9403669940351	31.059633031929824	0.0	0.0	3	1.0300571463081163	1.2546738161477131	230.0	35	1.05	0.95				
	320	1	107.44954129964913	21.825688076491225	0.0	0.0	3	1.0292209142981146	1.9416015133368045	230.0	35	1.05	0.95				
	321	2	0.0	0.0	0.0	0.0	3	1.046269415942986	3.348889752431587	230.0	37	1.05	0.95				
	322	2	0.0	0.0	0.0	0.0	3	1.05	8.779749581557018	230.0	37	1.05	0.95				
	323	2	0.0	0.0	0.0	0.0	3	1.0306489261820413	2.6481812769701842	230.0	35	1.05	0.95				
	324	1	0.0	0.0	0.0	0.0	3	1.0103151889641766	-2.440755722489698	230.0	36	1.05	0.95				
	325	1	0.0	0.0	0.0	0.0	3	1.0299830256407985	3.5389344492080483	230.0	35	1.05	0.95				
];
