%% MATPOWER Case Format : Version 2
function mpc = RTS_GMLC
mpc.version = '2';

%%-----  Power Flow Data  -----%%
%% system MVA base
mpc.baseMVA = 100.0;
%% bus data
%    bus_i    type    Pd    Qd    Gs    Bs    area    Vm    Va    baseKV    zone    Vmax    Vmin
mpc.bus = [
	101	2	61.21425035368422	12.469569516491227	0.0	0.0	1	1.0323026204875883	-0.9171307586849642	138.0	11	1.05	0.95				
	102	2	54.97946559543859	11.335972287719297	0.0	0.0	1	1.0318743542784916	-1.0597431378662725	138.0	12	1.05	0.95				
	103	1	102.02375058947368	20.971548732280702	0.0	0.0	1	1.0232517782915123	-2.414496873165523	138.0	11	1.05	0.95				
	104	1	41.943097464561404	8.501979215789474	0.0	0.0	1	1.0187437220179472	-3.905670833870556	138.0	11	1.05	0.95				
	105	1	40.242701621403505	7.935180601403509	0.0	0.0	1	1.0336411457575845	-3.7755522564095627	138.0	11	1.05	0.95				
	106	1	77.08461155649124	15.870361202807018	0.0	-100.0	1	1.0414082857300775	-5.9318143571913575	138.0	12	1.05	0.95				
	107	2	70.8498267982456	14.169965359649122	0.0	0.0	1	1.0254117349951537	-5.914143661659926	138.0	12	1.05	0.95				
	108	1	96.92256306	19.837951503508773	0.0	0.0	1	1.0163909925924965	-7.060154218970101	138.0	12	1.05	0.95				
	109	1	99.18975751754387	20.404750117894736	0.0	0.0	1	1.0255540754563703	-3.935652998731025	138.0	13	1.05	0.95				
	110	1	110.52572980526317	22.671944575438594	0.0	0.0	1	1.05	-4.882317353822045	138.0	13	1.05	0.95				
	111	1	0.0	0.0	0.0	0.0	1	1.0069307141412558	-1.608887593789235	230.0	13	1.05	0.95				
	112	1	0.0	0.0	0.0	0.0	1	1.011717562593527	-0.8892604401549169	230.0	13	1.05	0.95				
	113	3	150.2016328122807	30.60712517684211	0.0	0.0	1	1.0045475147426444	2.6573488195179606e-30	230.0	14	1.05	0.95				
	114	2	109.95893119087718	22.10514596105263	0.0	0.0	1	1.0036971661182736	-0.10494482680787247	230.0	16	1.05	0.95				
	115	2	179.67516076035085	36.275111320701754	0.0	0.0	1	1.036863703073124	5.799228651837732	230.0	16	1.05	0.95				
	116	2	56.67986143859649	11.335972287719297	0.0	0.0	1	1.0335075907155147	5.41245413362582	230.0	16	1.05	0.95				
	117	1	0.0	0.0	0.0	0.0	1	1.0398148348899934	7.228211583408215	230.0	17	1.05	0.95				
	118	2	188.7439385905263	38.54230577824562	0.0	0.0	1	1.0413680956968632	7.231121193429534	230.0	17	1.05	0.95				
	119	1	102.59054920385967	20.971548732280702	0.0	0.0	1	1.0281381386873576	4.561985073175426	230.0	15	1.05	0.95				
	120	1	72.55022264140351	14.736763974035089	0.0	0.0	1	1.0280258422426627	4.916924295469267	230.0	15	1.05	0.95				
	121	2	0.0	0.0	0.0	0.0	1	1.0450709210696019	8.532380959744136	230.0	17	1.05	0.95				
	122	2	0.0	0.0	0.0	0.0	1	1.05	14.546670703072262	230.0	17	1.05	0.95				
	123	2	0.0	0.0	0.0	0.0	1	1.0292522644479318	5.543492589082436	230.0	15	1.05	0.95				
	124	1	0.0	0.0	0.0	0.0	1	1.0213432496624424	2.7370543310680127	230.0	16	1.05	0.95				
	201	2	60.55343931789474	12.334959861052631	0.0	0.0	2	1.0333249280141017	-10.070019178842351	138.0	21	1.05	0.95				
	202	2	54.38595938736842	11.21359987368421	0.0	0.0	2	1.0335032446866599	-10.134658310160123	138.0	22	1.05	0.95				
	203	1	100.92239886315791	20.745159766315787	0.0	0.0	2	1.0230819296149196	-8.551698016388693	138.0	21	1.05	0.95				
	204	1	41.490319532631574	8.410199905263157	0.0	0.0	2	1.0188141130343786	-12.434130501558911	138.0	21	1.05	0.95				
	205	1	39.80827955157895	7.849519911578947	0.0	0.0	2	1.0343985129326696	-12.663181988660298	138.0	21	1.05	0.95				
	206	1	76.25247914105263	15.699039823157895	0.0	-100.0	2	1.0421252838448993	-14.652267320660007	138.0	22	1.05	0.95				
	207	2	70.0849992105263	14.016999842105262	0.0	0.0	2	0.9885447309365073	-23.141561971629816	138.0	22	1.05	0.95				
	208	1	95.87627891999999	19.62379977894737	0.0	0.0	2	0.9905935090416453	-20.481992525227902	138.0	22	1.05	0.95				
	209	1	98.11899889473685	20.184479772631576	0.0	0.0	2	1.023794577157904	-12.041292697624495	138.0	23	1.05	0.95				
	210	1	109.33259876842105	22.42719974736842	0.0	0.0	2	1.05	-13.523010060274276	138.0	23	1.05	0.95				
	211	1	0.0	0.0	0.0	0.0	2	1.0125258619774913	-8.946083220779785	230.0	23	1.05	0.95				
	212	1	0.0	0.0	0.0	0.0	2	1.0129024157145583	-8.132018982242183	230.0	23	1.05	0.95				
	213	2	148.58019832631578	30.27671965894737	0.0	0.0	2	1.010724229299682	-7.798498291437709	230.0	24	1.05	0.95				
	214	2	108.77191877473685	21.86651975368421	0.0	0.0	2	1.018817112156693	-6.077504688657343	230.0	26	1.05	0.95				
	215	2	177.73555799789474	35.88351959578947	0.0	0.0	2	1.0337781317646242	1.547380634227866	230.0	26	1.05	0.95				
	216	2	56.06799936842105	11.21359987368421	0.0	0.0	2	1.0359764993451495	1.392288539796926	230.0	26	1.05	0.95				
	217	1	0.0	0.0	0.0	0.0	2	1.0396376356314614	4.2881467910717275	230.0	27	1.05	0.95				
	218	2	186.70643789684212	38.126239570526316	0.0	0.0	2	1.0411464584340882	4.744981905881254	230.0	27	1.05	0.95				
	219	1	101.48307885684211	20.745159766315787	0.0	0.0	2	1.0351621375192037	0.6980679742594474	230.0	25	1.05	0.95				
	220	1	71.76703919157895	14.577679835789473	0.0	0.0	2	1.038846855066015	1.1654273013100798	230.0	25	1.05	0.95				
	221	2	0.0	0.0	0.0	0.0	2	1.04088538037163	4.4360484360562875	230.0	27	1.05	0.95				
	222	2	0.0	0.0	0.0	0.0	2	1.05	10.881113175752594	230.0	27	1.05	0.95				
	223	2	0.0	0.0	0.0	0.0	2	1.042124538026138	1.8371489225368038	230.0	25	1.05	0.95				
	224	1	0.0	0.0	0.0	0.0	2	1.017245333801809	-2.2339660573292717	230.0	26	1.05	0.95				
	301	2	52.7187598863158	10.739006643508771	0.0	0.0	3	1.015470432339577	-8.694086222691448	138.0	31	1.05	0.95				
	302	2	47.3492565645614	9.762733312280702	0.0	0.0	3	1.0139209266882734	-9.069619536390858	138.0	32	1.05	0.95				
	303	1	87.86459981052633	18.0610566277193	0.0	0.0	3	1.05	5.975799156951024	138.0	31	1.05	0.95				
	304	1	36.1221132554386	7.322049984210527	0.0	0.0	3	1.0098954654254126	-8.035679976651918	138.0	31	1.05	0.95				
	305	1	34.65770325859649	6.833913318596492	0.0	0.0	3	1.0266948402521379	-9.787007720885912	138.0	31	1.05	0.95				
	306	1	66.38658652350878	13.667826637192984	0.0	-100.0	3	1.0400813362563743	-10.976177858998948	138.0	32	1.05	0.95				
	307	2	61.01708320175439	12.203416640350879	0.0	0.0	3	0.9908904864268108	-16.183069248282	138.0	32	1.05	0.95				
	308	1	83.47136982	17.084783296491228	0.0	0.0	3	0.9945748972542722	-13.9135680137718	138.0	32	1.05	0.95				
	309	1	85.42391648245615	17.572919962105264	0.0	0.0	3	1.0219497571996294	-5.171377109872112	138.0	33	1.05	0.95				
	310	1	95.18664979473684	19.525466624561403	0.0	0.0	3	1.05	-9.315720435964362	138.0	33	1.05	0.95				
	311	1	0.0	0.0	0.0	0.0	3	1.0118990870303535	-4.437337617991654	230.0	33	1.05	0.95				
	312	1	0.0	0.0	0.0	0.0	3	1.0141995744997752	-3.9473814615250875	230.0	33	1.05	0.95				
	313	2	129.35621638771931	26.3593799431579	0.0	0.0	3	1.0128274569844489	-1.7700153908142653	230.0	34	1.05	0.95				
	314	2	94.6985131291228	19.03732995894737	0.0	0.0	3	1.01361261720074	-3.890421229905016	230.0	36	1.05	0.95				
	315	2	154.73932299964912	31.240746599298248	0.0	0.0	3	1.0428869564533179	0.5521789311776845	230.0	36	1.05	0.95				
	316	2	48.813666561403515	9.762733312280702	0.0	0.0	3	1.0372327097265277	-0.1608452818164089	230.0	36	1.05	0.95				
	317	1	0.0	0.0	0.0	0.0	3	1.0428629117237211	1.5358157217772936	230.0	37	1.05	0.95				
	318	2	162.5495096494737	33.19329326175439	0.0	0.0	3	1.0432446918133114	1.5604621226083148	230.0	37	1.05	0.95				
	319	1	88.35273647614036	18.0610566277193	0.0	0.0	3	1.0298929509757726	-1.12806189517363	230.0	35	1.05	0.95				
	320	1	62.481493198596496	12.691553305964915	0.0	0.0	3	1.0271640732106455	-1.0305487770339126	230.0	35	1.05	0.95				
	321	2	0.0	0.0	0.0	0.0	3	1.046166286371033	2.6593957105490516	230.0	37	1.05	0.95				
	322	2	0.0	0.0	0.0	0.0	3	1.05	6.550228153318279	230.0	37	1.05	0.95				
	323	2	0.0	0.0	0.0	0.0	3	1.026515521815821	-0.6015002826996694	230.0	35	1.05	0.95				
	324	1	0.0	0.0	0.0	0.0	3	1.0429485010012547	2.6288046355200767	230.0	36	1.05	0.95				
	325	1	0.0	0.0	0.0	0.0	3	1.026339706649014	0.17787067264055328	230.0	35	1.05	0.95				
];
