%% MATPOWER Case Format : Version 2
function mpc = RTS_GMLC
mpc.version = '2';

%%-----  Power Flow Data  -----%%
%% system MVA base
mpc.baseMVA = 100.0;
%% bus data
%    bus_i    type    Pd    Qd    Gs    Bs    area    Vm    Va    baseKV    zone    Vmax    Vmin
mpc.bus = [
	101	2	64.52746165894737	13.144482930526316	0.0	0.0	1	1.0448903395118134	1.0917360185978506	138.0	11	1.05	0.95				
	102	2	57.95522019368421	11.949529936842106	0.0	0.0	1	1.0437687928070534	0.7282361461328425	138.0	12	1.05	0.95				
	103	1	107.54576943157895	22.106630383157892	0.0	0.0	1	1.0297610508856094	-0.7392666385085167	138.0	11	1.05	0.95				
	104	1	44.213260766315784	8.962147452631578	0.0	0.0	1	1.0255911316531432	-2.7286448092686717	138.0	11	1.05	0.95				
	105	1	42.420831275789475	8.364670955789475	0.0	0.0	1	1.038666778973405	-3.0043716586127522	138.0	11	1.05	0.95				
	106	1	81.25680357052632	16.72934191157895	0.0	-100.0	1	1.0425454643579384	-5.929032171455112	138.0	12	1.05	0.95				
	107	2	74.68456210526315	14.93691242105263	0.0	0.0	1	1.0007774474420965	-14.47867222631955	138.0	12	1.05	0.95				
	108	1	102.16848096	20.91167738947368	0.0	0.0	1	0.9974973881231726	-12.203436552743497	138.0	12	1.05	0.95				
	109	1	104.5583869473684	21.509153886315787	0.0	0.0	1	1.0256291939657662	-4.1275246813183974	138.0	13	1.05	0.95				
	110	1	116.50791688421052	23.899059873684212	0.0	0.0	1	1.05	-5.332830169043903	138.0	13	1.05	0.95				
	111	1	0.0	0.0	0.0	0.0	1	1.0106378859376117	-1.4500734903997121	230.0	13	1.05	0.95				
	112	1	0.0	0.0	0.0	0.0	1	1.0145079079391273	-1.150651070410142	230.0	13	1.05	0.95				
	113	3	158.33127166315788	32.26373082947369	0.0	0.0	1	1.0100779787672498	-9.767329710753477e-30	230.0	14	1.05	0.95				
	114	2	115.91044038736842	23.301583376842107	0.0	0.0	1	1.0110118999634088	0.6362833443658749	230.0	16	1.05	0.95				
	115	2	189.40004949894734	38.238495797894736	0.0	0.0	1	1.0428508391122955	7.907857556127019	230.0	16	1.05	0.95				
	116	2	59.74764968421052	11.949529936842106	0.0	0.0	1	1.0400462466338352	7.136289904144125	230.0	16	1.05	0.95				
	117	1	0.0	0.0	0.0	0.0	1	1.0445009601335953	10.32981128271706	230.0	17	1.05	0.95				
	118	2	198.95967344842106	40.62840178526316	0.0	0.0	1	1.0473380304117967	10.808805084187098	230.0	17	1.05	0.95				
	119	1	108.14324592842107	22.106630383157892	0.0	0.0	1	1.033202098001387	5.376503847087283	230.0	15	1.05	0.95				
	120	1	76.47699159578947	15.534388917894738	0.0	0.0	1	1.0320188617897552	4.737978712886928	230.0	15	1.05	0.95				
	121	2	0.0	0.0	0.0	0.0	1	1.0499999977876342	12.408299191447307	230.0	17	1.05	0.95				
	122	2	0.0	0.0	0.0	0.0	1	1.05	19.674488412462477	230.0	17	1.05	0.95				
	123	2	0.0	0.0	0.0	0.0	1	1.032636101157351	4.837331697477333	230.0	15	1.05	0.95				
	124	1	0.0	0.0	0.0	0.0	1	1.0269942997731059	4.68072503977768	230.0	16	1.05	0.95				
	201	2	76.27829373473685	15.538170945964913	0.0	0.0	2	1.0332542384864043	-15.01610460080867	138.0	21	1.05	0.95				
	202	2	68.50920826175438	14.125609950877195	0.0	0.0	2	1.0338985309362154	-14.980889666935369	138.0	22	1.05	0.95				
	203	1	127.13048955789475	26.132378409122808	0.0	0.0	2	1.0150363315871045	-13.178003436320072	138.0	21	1.05	0.95				
	204	1	52.264756818245615	10.594207463157895	0.0	0.0	2	1.016638367934027	-16.191242338731012	138.0	21	1.05	0.95				
	205	1	50.145915325614034	9.887926965614037	0.0	0.0	2	1.032714581713072	-16.537773577515484	138.0	21	1.05	0.95				
	206	1	96.05414766596493	19.775853931228074	0.0	-100.0	2	1.038445935300877	-18.037784940722595	138.0	22	1.05	0.95				
	207	2	88.28506219298247	17.657012438596492	0.0	0.0	2	0.9689996027481163	-28.44016267018718	138.0	22	1.05	0.95				
	208	1	120.77396508	24.719817414035088	0.0	0.0	2	0.972064757756947	-24.95643441119163	138.0	22	1.05	0.95				
	209	1	123.59908707017544	25.42609791157895	0.0	0.0	2	1.0246896766791214	-14.311196703354092	138.0	23	1.05	0.95				
	210	1	137.72469702105263	28.25121990175439	0.0	0.0	2	1.05	-15.846772715288314	138.0	23	1.05	0.95				
	211	1	0.0	0.0	0.0	0.0	2	1.0240483505311426	-10.355003521591785	230.0	23	1.05	0.95				
	212	1	0.0	0.0	0.0	0.0	2	1.0217995735742638	-6.115588641661469	230.0	23	1.05	0.95				
	213	2	187.1643318491228	38.139146867368424	0.0	0.0	2	1.032441240167079	-7.697284172437717	230.0	24	1.05	0.95				
	214	2	137.01841652350876	27.544939404210528	0.0	0.0	2	1.0356618381590903	-8.066043875685208	230.0	26	1.05	0.95				
	215	2	223.8909177214035	45.20195184280702	0.0	0.0	2	1.039380505614088	-0.34269665317079606	230.0	26	1.05	0.95				
	216	2	70.62804975438597	14.125609950877195	0.0	0.0	2	1.0415851630990856	-0.45157474587789914	230.0	26	1.05	0.95				
	217	1	0.0	0.0	0.0	0.0	2	1.042731355737193	2.031285583744066	230.0	27	1.05	0.95				
	218	2	235.19140568210526	48.02707383298247	0.0	0.0	2	1.043024285300003	1.9987752194198085	230.0	27	1.05	0.95				
	219	1	127.8367700554386	26.132378409122808	0.0	0.0	2	1.0399413368922712	-0.051336394392064416	230.0	25	1.05	0.95				
	220	1	90.40390368561404	18.36329293614035	0.0	0.0	2	1.0448110107637563	1.6243035183085155	230.0	25	1.05	0.95				
	221	2	0.0	0.0	0.0	0.0	2	1.0436020703741429	1.991721932655664	230.0	27	1.05	0.95				
	222	2	0.0	0.0	0.0	0.0	2	1.05	8.513326921277606	230.0	27	1.05	0.95				
	223	2	0.0	0.0	0.0	0.0	2	1.05	3.0526008438088517	230.0	25	1.05	0.95				
	224	1	0.0	0.0	0.0	0.0	2	1.0141257810169149	-5.091660537463822	230.0	26	1.05	0.95				
	301	2	61.39702625684211	12.50680164491228	0.0	0.0	3	1.0023823302889803	-1.7345644623853553	138.0	31	1.05	0.95				
	302	2	55.14362543438597	11.369819677192982	0.0	0.0	3	1.0020530923347652	-1.8187252752416685	138.0	32	1.05	0.95				
	303	1	102.32837709473685	21.034166402807017	0.0	0.0	3	1.0202042190126477	2.9783988324894395	138.0	31	1.05	0.95				
	304	1	42.068332805614034	8.527364757894738	0.0	0.0	3	1.00491740657111	0.10355572289573664	138.0	31	1.05	0.95				
	305	1	40.36285985403509	7.958873774035088	0.0	0.0	3	1.017904989878156	-0.2749517341475136	138.0	31	1.05	0.95				
	306	1	77.31477380491228	15.917747548070176	0.0	-100.0	3	1.0346051336093895	-0.1023062954876497	138.0	32	1.05	0.95				
	307	2	71.06137298245613	14.212274596491229	0.0	0.0	3	0.9930678029078787	-5.168853225775512	138.0	32	1.05	0.95				
	308	1	97.21195824	19.89718443508772	0.0	0.0	3	0.9985405079856702	-2.5577806418057123	138.0	32	1.05	0.95				
	309	1	99.4859221754386	20.465675418947367	0.0	0.0	3	1.0269688009080018	3.990237297285838	138.0	33	1.05	0.95				
	310	1	110.85574185263158	22.739639354385965	0.0	0.0	3	1.05	3.0040327723615308	138.0	33	1.05	0.95				
	311	1	0.0	0.0	0.0	0.0	3	1.0138309839960953	9.456249783339615	230.0	33	1.05	0.95				
	312	1	0.0	0.0	0.0	0.0	3	1.0171301512755577	9.961494443386027	230.0	33	1.05	0.95				
	313	2	150.650110722807	30.698513128421055	0.0	0.0	3	1.026874831700282	15.243851617195403	230.0	34	1.05	0.95				
	314	2	110.28725086877193	22.171148370526318	0.0	0.0	3	1.0173127697933722	10.323855921543181	230.0	36	1.05	0.95				
	315	2	180.21164188350878	36.383422967017545	0.0	0.0	3	1.038993994468185	9.664232160763413	230.0	36	1.05	0.95				
	316	2	56.849098385964915	11.369819677192982	0.0	0.0	3	1.0383014523736396	10.482765332852402	230.0	36	1.05	0.95				
	317	1	0.0	0.0	0.0	0.0	3	1.05	13.448666177038573	230.0	37	1.05	0.95				
	318	2	189.30749762526318	38.65738690245614	0.0	0.0	3	1.0473734523013623	11.104860359529212	230.0	37	1.05	0.95				
	319	1	102.8968680785965	21.034166402807017	0.0	0.0	3	1.033905795325999	10.952986816790215	230.0	35	1.05	0.95				
	320	1	72.76684593403509	14.780765580350877	0.0	0.0	3	1.0322435065351334	11.47350169164547	230.0	35	1.05	0.95				
	321	2	0.0	0.0	0.0	0.0	3	1.0454315505180853	11.251266606164904	230.0	37	1.05	0.95				
	322	2	0.0	0.0	0.0	0.0	3	1.05	16.455681079777673	230.0	37	1.05	0.95				
	323	2	0.0	0.0	0.0	0.0	3	1.0315667369085642	11.773967621677647	230.0	35	1.05	0.95				
	324	1	0.0	0.0	0.0	0.0	3	1.0253301399158137	8.836709004156077	230.0	36	1.05	0.95				
	325	1	0.0	0.0	0.0	0.0	3	1.0338622048703598	11.83719066424949	230.0	35	1.05	0.95				
];
