%% MATPOWER Case Format : Version 2
function mpc = RTS_GMLC
mpc.version = '2';

%%-----  Power Flow Data  -----%%
%% system MVA base
mpc.baseMVA = 100.0;
%% bus data
%    bus_i    type    Pd    Qd    Gs    Bs    area    Vm    Va    baseKV    zone    Vmax    Vmin
mpc.bus = [
	101	2	47.98812467368421	9.77535872982456	0.0	0.0	1	1.0309360532210938	0.47439422946431264	138.0	11	1.05	0.95				
	102	2	43.10044530877193	8.886689754385966	0.0	0.0	1	1.0300370610888114	0.2042926082616588	138.0	12	1.05	0.95				
	103	1	79.98020778947368	16.440376045614038	0.0	0.0	1	1.027756473154707	-0.5355358093598959	138.0	11	1.05	0.95				
	104	1	32.880752091228075	6.665017315789473	0.0	0.0	1	1.0198784114523758	-2.623720126832719	138.0	11	1.05	0.95				
	105	1	31.54774862807017	6.220682828070176	0.0	0.0	1	1.0344828994349806	-2.4701956343946656	138.0	11	1.05	0.95				
	106	1	60.42949032982457	12.441365656140352	0.0	-100.0	1	1.0443941171303688	-4.606749849821442	138.0	12	1.05	0.95				
	107	2	55.54181096491227	11.108362192982456	0.0	0.0	1	1.000252271717233	-11.23327033568206	138.0	12	1.05	0.95				
	108	1	75.9811974	15.55170707017544	0.0	0.0	1	1.0030482515586916	-9.36621598572974	138.0	12	1.05	0.95				
	109	1	77.7585353508772	15.996041557894735	0.0	0.0	1	1.0248487235296497	-3.126721066501223	138.0	13	1.05	0.95				
	110	1	86.64522510526315	17.77337950877193	0.0	0.0	1	1.05	-4.045302433146769	138.0	13	1.05	0.95				
	111	1	0.0	0.0	0.0	0.0	1	1.0050412840983085	-0.7911183505404761	230.0	13	1.05	0.95				
	112	1	0.0	0.0	0.0	0.0	1	1.0099540897129917	-0.6677217309363881	230.0	13	1.05	0.95				
	113	3	117.74863924561403	23.994062336842106	0.0	0.0	1	0.9997507750382357	2.8238103320781756e-28	230.0	14	1.05	0.95				
	114	2	86.20089061754386	17.32904502105263	0.0	0.0	1	1.0028645260998297	1.4366564755637634	230.0	16	1.05	0.95				
	115	2	140.85403260701753	28.437407214035087	0.0	0.0	1	1.037837696766247	7.599503947888187	230.0	16	1.05	0.95				
	116	2	44.433448771929825	8.886689754385966	0.0	0.0	1	1.0348272248960568	7.15301154941292	230.0	16	1.05	0.95				
	117	1	0.0	0.0	0.0	0.0	1	1.0407223878321215	10.174722290993223	230.0	17	1.05	0.95				
	118	2	147.96338441052632	30.214745164912284	0.0	0.0	1	1.04433082947985	10.338117297855025	230.0	17	1.05	0.95				
	119	1	80.42454227719298	16.440376045614038	0.0	0.0	1	1.02793740231054	5.475876807056867	230.0	15	1.05	0.95				
	120	1	56.874814428070174	11.552696680701754	0.0	0.0	1	1.0254781116153662	4.871124314275212	230.0	15	1.05	0.95				
	121	2	0.0	0.0	0.0	0.0	1	1.047295462249108	11.517719360749515	230.0	17	1.05	0.95				
	122	2	0.0	0.0	0.0	0.0	1	1.05	21.14945833850948	230.0	17	1.05	0.95				
	123	2	0.0	0.0	0.0	0.0	1	1.0247043900593797	4.8805959411274715	230.0	15	1.05	0.95				
	124	1	0.0	0.0	0.0	0.0	1	1.0237161992193582	4.555132292449429	230.0	16	1.05	0.95				
	201	2	52.61451282947369	10.717771131929824	0.0	0.0	2	1.025884919858738	-12.563345481726264	138.0	21	1.05	0.95				
	202	2	47.25562726350878	9.743428301754387	0.0	0.0	2	1.0269035497287629	-12.38345747863688	138.0	22	1.05	0.95				
	203	1	87.69085471578948	18.025342358245616	0.0	0.0	2	1.016104175961323	-11.030774009326247	138.0	21	1.05	0.95				
	204	1	36.05068471649123	7.30757122631579	0.0	0.0	2	1.0169632345199393	-13.891843779041114	138.0	21	1.05	0.95				
	205	1	34.58917047122807	6.8203998112280715	0.0	0.0	2	1.0319437831920517	-14.24754838358761	138.0	21	1.05	0.95				
	206	1	66.25531245192984	13.640799622456143	0.0	-100.0	2	1.043012613509489	-15.62410539270133	138.0	22	1.05	0.95				
	207	2	60.896426885964914	12.179285377192983	0.0	0.0	2	0.9917517621480179	-22.638548511070926	138.0	22	1.05	0.95				
	208	1	83.30631198	17.050999528070175	0.0	0.0	2	0.9956211428955032	-20.380914376591164	138.0	22	1.05	0.95				
	209	1	85.25499764035088	17.538170943157898	0.0	0.0	2	1.0229763802480618	-13.127750737714862	138.0	23	1.05	0.95				
	210	1	94.99842594210527	19.486856603508773	0.0	0.0	2	1.05	-14.395806785687553	138.0	23	1.05	0.95				
	211	1	0.0	0.0	0.0	0.0	2	1.008764219319307	-10.06762338417426	230.0	23	1.05	0.95				
	212	1	0.0	0.0	0.0	0.0	2	1.0097860311391422	-9.05458114108978	230.0	23	1.05	0.95				
	213	2	129.10042499824561	26.307256414736845	0.0	0.0	2	1.00647832914323	-8.607325445210392	230.0	24	1.05	0.95				
	214	2	94.51125452701756	18.999685188421054	0.0	0.0	2	1.0115043358011586	-7.572815180079803	230.0	26	1.05	0.95				
	215	2	154.43333858280704	31.17897056561404	0.0	0.0	2	1.0256158314519004	-0.9458368912405971	230.0	26	1.05	0.95				
	216	2	48.71714150877193	9.743428301754387	0.0	0.0	2	1.0275111463215303	-1.0568722489039233	230.0	26	1.05	0.95				
	217	1	0.0	0.0	0.0	0.0	2	1.0312811168055445	0.9443412744538973	230.0	27	1.05	0.95				
	218	2	162.22808122421054	33.12765622596492	0.0	0.0	2	1.0307216697582597	0.43646443251234174	230.0	27	1.05	0.95				
	219	1	88.1780261308772	18.025342358245616	0.0	0.0	2	1.0279854024883914	-0.9954291466638511	230.0	25	1.05	0.95				
	220	1	62.35794113122808	12.666456792280703	0.0	0.0	2	1.0319902728578636	0.001372120040919087	230.0	25	1.05	0.95				
	221	2	0.0	0.0	0.0	0.0	2	1.0321322445757968	0.7782955520499165	230.0	27	1.05	0.95				
	222	2	0.0	0.0	0.0	0.0	2	1.05	7.337864024754353	230.0	27	1.05	0.95				
	223	2	0.0	0.0	0.0	0.0	2	1.0353151379584846	0.9137892962362814	230.0	25	1.05	0.95				
	224	1	0.0	0.0	0.0	0.0	2	1.0096417959500417	-4.726065169375943	230.0	26	1.05	0.95				
	301	2	40.36760518736842	8.223030686315788	0.0	0.0	3	1.011946384918832	-9.366572764233082	138.0	31	1.05	0.95				
	302	2	36.25608984421052	7.475482442105262	0.0	0.0	3	1.0118889132697715	-9.448799197663263	138.0	32	1.05	0.95				
	303	1	67.27934197894736	13.829642517894737	0.0	0.0	3	1.0258981003510899	-4.253393313273744	138.0	31	1.05	0.95				
	304	1	27.659285035789473	5.606611831578947	0.0	0.0	3	1.0143678378476007	-7.768561741975804	138.0	31	1.05	0.95				
	305	1	26.53796266947368	5.232837709473684	0.0	0.0	3	1.026391281131458	-9.161204983304895	138.0	31	1.05	0.95				
	306	1	50.83328060631579	10.465675418947368	0.0	-100.0	3	1.0430030337921399	-9.49973006571795	138.0	32	1.05	0.95				
	307	2	46.72176526315789	9.344353052631577	0.0	0.0	3	0.9890151034893194	-12.83214358461816	138.0	32	1.05	0.95				
	308	1	63.91537487999999	13.08209427368421	0.0	0.0	3	0.9997384809977614	-11.222059038209274	138.0	32	1.05	0.95				
	309	1	65.41047136842104	13.455868395789473	0.0	0.0	3	1.027905684284871	-4.868224680691784	138.0	33	1.05	0.95				
	310	1	72.8859538105263	14.950964884210524	0.0	0.0	3	1.05	-7.750115248140879	138.0	33	1.05	0.95				
	311	1	0.0	0.0	0.0	0.0	3	1.0034190919773307	-3.202604845998066	230.0	33	1.05	0.95				
	312	1	0.0	0.0	0.0	0.0	3	1.0092440529451434	-2.6194713016290665	230.0	33	1.05	0.95				
	313	2	99.05014235789473	20.18380259368421	0.0	0.0	3	1.0056546030323938	-0.06985649876447181	230.0	34	1.05	0.95				
	314	2	72.51217968842104	14.577190762105264	0.0	0.0	3	0.9934331441273685	-2.6779021309866367	230.0	36	1.05	0.95				
	315	2	118.4863967073684	23.92154381473684	0.0	0.0	3	1.0196755556341714	0.13407496437688554	230.0	36	1.05	0.95				
	316	2	37.37741221052631	7.475482442105262	0.0	0.0	3	1.0174655468448486	0.28662077306145384	230.0	36	1.05	0.95				
	317	1	0.0	0.0	0.0	0.0	3	1.0306489269518173	3.8314585551746836	230.0	37	1.05	0.95				
	318	2	124.46678266105262	25.416640303157894	0.0	0.0	3	1.0291374269730857	2.4695673618205745	230.0	37	1.05	0.95				
	319	1	67.65311610105262	13.829642517894737	0.0	0.0	3	1.0128228004300366	-0.005745163625727524	230.0	35	1.05	0.95				
	320	1	47.84308762947368	9.718127174736841	0.0	0.0	3	1.0110852604042522	0.490506931349473	230.0	35	1.05	0.95				
	321	2	0.0	0.0	0.0	0.0	3	1.0283495569137835	2.2851499090566634	230.0	37	1.05	0.95				
	322	2	0.0	0.0	0.0	0.0	3	1.0432339329673799	7.254477942366115	230.0	37	1.05	0.95				
	323	2	0.0	0.0	0.0	0.0	3	1.010585961053948	1.0630524518045554	230.0	35	1.05	0.95				
	324	1	0.0	0.0	0.0	0.0	3	1.0152987811127054	-1.5367418859241297	230.0	36	1.05	0.95				
	325	1	0.0	0.0	0.0	0.0	3	1.011377241967977	1.9762736009478499	230.0	35	1.05	0.95				
];
