%% MATPOWER Case Format : Version 2
function mpc = RTS_GMLC
mpc.version = '2';

%%-----  Power Flow Data  -----%%
%% system MVA base
mpc.baseMVA = 100.0;
%% bus data
%    bus_i    type    Pd    Qd    Gs    Bs    area    Vm    Va    baseKV    zone    Vmax    Vmin
mpc.bus = [
	101	2	83.16427509473685	16.94087085263158	0.0	0.0	1	1.0498193953387314	-1.5218002818289693	138.0	11	1.05	0.95				
	102	2	74.69383966842105	15.400791684210526	0.0	0.0	1	1.0491735939590057	-1.7560489092991574	138.0	12	1.05	0.95				
	103	1	138.60712515789476	28.491464615789475	0.0	0.0	1	1.0275939555306712	-2.938366156869762	138.0	11	1.05	0.95				
	104	1	56.98292923157895	11.550593763157895	0.0	0.0	1	1.02583327851982	-4.994626859947747	138.0	11	1.05	0.95				
	105	1	54.67281047894736	10.78055417894737	0.0	0.0	1	1.0391500107157035	-5.458134504971763	138.0	11	1.05	0.95				
	106	1	104.72538345263158	21.56110835789474	0.0	-100.0	1	1.0390094516694683	-8.41028557406584	138.0	12	1.05	0.95				
	107	2	96.25494802631579	19.250989605263158	0.0	0.0	1	1.013913843536573	-10.565809394945855	138.0	12	1.05	0.95				
	108	1	131.67676889999998	26.95138544736842	0.0	0.0	1	1.0031058449175088	-11.22885469047915	138.0	12	1.05	0.95				
	109	1	134.7569272368421	27.721425031578946	0.0	0.0	1	1.0267520161904016	-5.636538998580764	138.0	13	1.05	0.95				
	110	1	150.15771892105263	30.801583368421053	0.0	0.0	1	1.05	-7.104240419737703	138.0	13	1.05	0.95				
	111	1	0.0	0.0	0.0	0.0	1	1.0154495426533192	-2.6322764485468833	230.0	13	1.05	0.95				
	112	1	0.0	0.0	0.0	0.0	1	1.0169790542665815	-1.7142274117424858	230.0	13	1.05	0.95				
	113	3	204.06048981578948	41.582137547368426	0.0	0.0	1	1.018295379818378	-6.388189898208724e-29	230.0	14	1.05	0.95				
	114	2	149.3876793368421	30.03154378421053	0.0	0.0	1	1.0188374034851775	-1.1707360166187895	230.0	16	1.05	0.95				
	115	2	244.10254819473684	49.282533389473684	0.0	0.0	1	1.0442501893546028	6.03867987361723	230.0	16	1.05	0.95				
	116	2	77.00395842105263	15.400791684210526	0.0	0.0	1	1.041964073951063	5.582782403530744	230.0	16	1.05	0.95				
	117	1	0.0	0.0	0.0	0.0	1	1.0454425572596613	8.285401595471908	230.0	17	1.05	0.95				
	118	2	256.4231815421053	52.36269172631579	0.0	0.0	1	1.0472276943098333	8.59804534245005	230.0	17	1.05	0.95				
	119	1	139.37716474210526	28.491464615789475	0.0	0.0	1	1.0357803444405878	4.6315921663228705	230.0	15	1.05	0.95				
	120	1	98.56506677894737	20.021029189473687	0.0	0.0	1	1.0362720369429075	4.8287783860639015	230.0	15	1.05	0.95				
	121	2	0.0	0.0	0.0	0.0	1	1.05	10.259986806526507	230.0	17	1.05	0.95				
	122	2	0.0	0.0	0.0	0.0	1	1.05	16.9289813962428	230.0	17	1.05	0.95				
	123	2	0.0	0.0	0.0	0.0	1	1.0387228698965991	5.509114998852926	230.0	15	1.05	0.95				
	124	1	0.0	0.0	0.0	0.0	1	1.0266736499965214	2.6999701550577915	230.0	16	1.05	0.95				
	201	2	69.85235322947369	14.22918306526316	0.0	0.0	2	1.0316143096901293	-8.164189724910894	138.0	21	1.05	0.95				
	202	2	62.73776169684211	12.935620968421055	0.0	0.0	2	1.0320474745138566	-8.11364449406009	138.0	22	1.05	0.95				
	203	1	116.42058871578949	23.930898791578947	0.0	0.0	2	1.020383523133682	-7.914086216161967	138.0	21	1.05	0.95				
	204	1	47.861797583157895	9.70171572631579	0.0	0.0	2	1.0176346379597891	-9.613787411853316	138.0	21	1.05	0.95				
	205	1	45.92145443789474	9.054934677894739	0.0	0.0	2	1.0326909011497416	-9.795512944781459	138.0	21	1.05	0.95				
	206	1	87.96222258526318	18.109869355789478	0.0	-100.0	2	1.0397081433922748	-11.303105372367261	138.0	22	1.05	0.95				
	207	2	80.84763105263158	16.169526210526318	0.0	0.0	2	0.983097293409592	-20.915933091757186	138.0	22	1.05	0.95				
	208	1	110.59955928000001	22.63733669473684	0.0	0.0	2	0.9836752095628	-17.777688595673517	138.0	22	1.05	0.95				
	209	1	113.18668347368421	23.284117743157896	0.0	0.0	2	1.0257661179033788	-8.213612465879432	138.0	23	1.05	0.95				
	210	1	126.12230444210526	25.87124193684211	0.0	0.0	2	1.05	-9.40011219673252	138.0	23	1.05	0.95				
	211	1	0.0	0.0	0.0	0.0	2	1.016406188813175	-4.888911294704317	230.0	23	1.05	0.95				
	212	1	0.0	0.0	0.0	0.0	2	1.0193775755532253	-0.22524925010755847	230.0	23	1.05	0.95				
	213	2	171.39697783157894	34.926176614736846	0.0	0.0	2	1.0186860070745842	-2.4400195330649415	230.0	24	1.05	0.95				
	214	2	125.47552339368421	25.224460888421053	0.0	0.0	2	1.0222209326305527	-3.107165649741521	230.0	26	1.05	0.95				
	215	2	205.0295923494737	41.39398709894737	0.0	0.0	2	1.0398274355300927	3.2738300672865437	230.0	26	1.05	0.95				
	216	2	64.67810484210527	12.935620968421055	0.0	0.0	2	1.0397482359600658	3.362304794209533	230.0	26	1.05	0.95				
	217	1	0.0	0.0	0.0	0.0	2	1.043730872273233	5.5370924093711595	230.0	27	1.05	0.95				
	218	2	215.37808912421053	43.98111129263159	0.0	0.0	2	1.0444091218394496	5.845284023947748	230.0	27	1.05	0.95				
	219	1	117.06736976421053	23.930898791578947	0.0	0.0	2	1.0372569377172733	3.3506732374816903	230.0	25	1.05	0.95				
	220	1	82.78797419789474	16.81630725894737	0.0	0.0	2	1.0405331091706453	4.566545916773388	230.0	25	1.05	0.95				
	221	2	0.0	0.0	0.0	0.0	2	1.0444867306330805	5.746633181109784	230.0	27	1.05	0.95				
	222	2	0.0	0.0	0.0	0.0	2	1.05	12.171316452985495	230.0	27	1.05	0.95				
	223	2	0.0	0.0	0.0	0.0	2	1.0443036605760063	5.708454862199057	230.0	25	1.05	0.95				
	224	1	0.0	0.0	0.0	0.0	2	1.0185976007564501	-0.8817595665804113	230.0	26	1.05	0.95				
	301	2	69.18696613894738	14.093641250526318	0.0	0.0	3	0.9989204772665926	-5.601109065487695	138.0	31	1.05	0.95				
	302	2	62.14014551368422	12.812401136842109	0.0	0.0	3	0.9987851244232717	-5.659027717809143	138.0	32	1.05	0.95				
	303	1	115.31161023157897	23.7029421031579	0.0	0.0	3	1.0150164583802932	-1.3670047097314266	138.0	31	1.05	0.95				
	304	1	47.4058842063158	9.609300852631579	0.0	0.0	3	1.0019892294551258	-3.3133266328091393	138.0	31	1.05	0.95				
	305	1	45.484024035789474	8.968680795789476	0.0	0.0	3	1.0146064196173035	-3.693425132769596	138.0	31	1.05	0.95				
	306	1	87.12432773052633	17.937361591578952	0.0	-100.0	3	1.0314022027951029	-3.3367491272997585	138.0	32	1.05	0.95				
	307	2	80.07750710526317	16.015501421052633	0.0	0.0	3	0.9956492731736609	-7.349563005230753	138.0	32	1.05	0.95				
	308	1	109.54602972	22.421701989473686	0.0	0.0	3	1.0024486028554482	-4.433756141390033	138.0	32	1.05	0.95				
	309	1	112.10850994736843	23.062322046315792	0.0	0.0	3	1.0279991461023206	1.2018955695158093	138.0	33	1.05	0.95				
	310	1	124.92091108421053	25.624802273684217	0.0	0.0	3	1.05	0.25892261688464263	138.0	33	1.05	0.95				
	311	1	0.0	0.0	0.0	0.0	3	1.0192206522573455	7.442942563004853	230.0	33	1.05	0.95				
	312	1	0.0	0.0	0.0	0.0	3	1.0231734117794054	8.840663992495923	230.0	33	1.05	0.95				
	313	2	169.7643150631579	34.59348306947369	0.0	0.0	3	1.0466600825783245	15.615310228472696	230.0	34	1.05	0.95				
	314	2	124.28029102736843	24.984182216842107	0.0	0.0	3	1.0226373322915503	6.80181483844317	230.0	36	1.05	0.95				
	315	2	203.0765580189474	40.99968363789474	0.0	0.0	3	1.0347223032891244	3.854603853535407	230.0	36	1.05	0.95				
	316	2	64.06200568421053	12.812401136842109	0.0	0.0	3	1.0360814162604297	5.265237528017441	230.0	36	1.05	0.95				
	317	1	0.0	0.0	0.0	0.0	3	1.0391116457869343	4.93888279242666	230.0	37	1.05	0.95				
	318	2	213.3264789284211	43.562163865263166	0.0	0.0	3	1.0370039196222536	4.085427477102662	230.0	37	1.05	0.95				
	319	1	115.95223028842108	23.7029421031579	0.0	0.0	3	1.0360521892234074	7.399979889613702	230.0	35	1.05	0.95				
	320	1	81.99936727578948	16.65612147789474	0.0	0.0	3	1.0389839040107756	9.10323266041165	230.0	35	1.05	0.95				
	321	2	0.0	0.0	0.0	0.0	3	1.0380537149333682	4.562937868680567	230.0	37	1.05	0.95				
	322	2	0.0	0.0	0.0	0.0	3	1.049999997381221	9.022622097399694	230.0	37	1.05	0.95				
	323	2	0.0	0.0	0.0	0.0	3	1.0407551147905012	9.773113518412275	230.0	35	1.05	0.95				
	324	1	0.0	0.0	0.0	0.0	3	1.0222756068441616	3.781016365755848	230.0	36	1.05	0.95				
	325	1	0.0	0.0	0.0	0.0	3	1.0423149415756794	9.818573609293594	230.0	35	1.05	0.95				
];
