%% MATPOWER Case Format : Version 2
function mpc = RTS_GMLC
mpc.version = '2';

%%-----  Power Flow Data  -----%%
%% system MVA base
mpc.baseMVA = 100.0;
%% bus data
%    bus_i    type    Pd    Qd    Gs    Bs    area    Vm    Va    baseKV    zone    Vmax    Vmin
mpc.bus = [
	101	2	72.86392875789474	14.842652154385966	0.0	0.0	1	1.044628353667661	-0.9074342978279546	138.0	11	1.05	0.95				
	102	2	65.44260268070175	13.493320140350878	0.0	0.0	1	1.0439629234287857	-1.1470014129868449	138.0	12	1.05	0.95				
	103	1	121.4398812631579	24.962642259649122	0.0	0.0	1	1.0271259268247428	-2.1761588925047417	138.0	11	1.05	0.95				
	104	1	49.925284519298245	10.119990105263158	0.0	0.0	1	1.022706649924097	-4.587809523757139	138.0	11	1.05	0.95				
	105	1	47.90128649824561	9.445324098245615	0.0	0.0	1	1.0379391316386821	-4.59268050972443	138.0	11	1.05	0.95				
	106	1	91.75457695438597	18.89064819649123	0.0	-100.0	1	1.040705239613694	-7.323384457458672	138.0	12	1.05	0.95				
	107	2	84.333250877193	16.866650175438597	0.0	0.0	1	1.0091307048721694	-11.242885256961904	138.0	12	1.05	0.95				
	108	1	115.3678872	23.613310245614034	0.0	0.0	1	1.002495744748023	-10.993852137245147	138.0	12	1.05	0.95				
	109	1	118.06655122807017	24.28797625263158	0.0	0.0	1	1.0257598996612243	-4.997712365069697	138.0	13	1.05	0.95				
	110	1	131.55987136842106	26.986640280701756	0.0	0.0	1	1.05	-6.2553083458203815	138.0	13	1.05	0.95				
	111	1	0.0	0.0	0.0	0.0	1	1.0124054962447169	-2.0341577770115027	230.0	13	1.05	0.95				
	112	1	0.0	0.0	0.0	0.0	1	1.0146691134839816	-1.4877797977754255	230.0	13	1.05	0.95				
	113	3	178.78649185964912	36.43196437894737	0.0	0.0	1	1.0126518802635343	9.356277596319449e-31	230.0	14	1.05	0.95				
	114	2	130.8852053614035	26.311974273684214	0.0	0.0	1	1.0148387055315766	-0.16631892625032338	230.0	16	1.05	0.95				
	115	2	213.8691242245614	43.17862444912281	0.0	0.0	1	1.0436327514999622	7.31407391915272	230.0	16	1.05	0.95				
	116	2	67.46660070175439	13.493320140350878	0.0	0.0	1	1.040541773816929	6.544424201700203	230.0	16	1.05	0.95				
	117	1	0.0	0.0	0.0	0.0	1	1.044992064854429	9.488753671808565	230.0	17	1.05	0.95				
	118	2	224.66378033684214	45.877288477192984	0.0	0.0	1	1.0472429137974317	10.010717174583643	230.0	17	1.05	0.95				
	119	1	122.11454727017544	24.962642259649122	0.0	0.0	1	1.033285806797271	5.0561254666840245	230.0	15	1.05	0.95				
	120	1	86.35724889824562	17.54131618245614	0.0	0.0	1	1.0323230766930132	4.748163006930564	230.0	15	1.05	0.95				
	121	2	0.0	0.0	0.0	0.0	1	1.05	11.68599791677125	230.0	17	1.05	0.95				
	122	2	0.0	0.0	0.0	0.0	1	1.05	17.509050991637395	230.0	17	1.05	0.95				
	123	2	0.0	0.0	0.0	0.0	1	1.0334439056978149	5.086008612773881	230.0	15	1.05	0.95				
	124	1	0.0	0.0	0.0	0.0	1	1.0255306838386495	3.782432629801985	230.0	16	1.05	0.95				
	201	2	71.19534077052631	14.502754601403508	0.0	0.0	2	1.0318654841514872	-9.879215394606238	138.0	21	1.05	0.95				
	202	2	63.94396346982456	13.18432236491228	0.0	0.0	2	1.0323495938617409	-9.839952281799082	138.0	22	1.05	0.95				
	203	1	118.65890128421053	24.390996375087717	0.0	0.0	2	1.0182915111740156	-9.194897181388352	138.0	21	1.05	0.95				
	204	1	48.781992750175434	9.88824177368421	0.0	0.0	2	1.0172538332842864	-11.31125652536339	138.0	21	1.05	0.95				
	205	1	46.80434439543859	9.229025655438598	0.0	0.0	2	1.032642421887639	-11.532477610014732	138.0	21	1.05	0.95				
	206	1	89.65339208140351	18.458051310877195	0.0	-100.0	2	1.0394113736686104	-13.06459571001803	138.0	22	1.05	0.95				
	207	2	82.40201478070175	16.48040295614035	0.0	0.0	2	0.9800767458962156	-22.84840698452751	138.0	22	1.05	0.95				
	208	1	112.72595621999999	23.072564138596487	0.0	0.0	2	0.981166123851507	-19.63885699628486	138.0	22	1.05	0.95				
	209	1	115.36282069298245	23.731780256842104	0.0	0.0	2	1.0252931435534234	-9.836254277714584	138.0	23	1.05	0.95				
	210	1	128.54714305789471	26.36864472982456	0.0	0.0	2	1.05	-11.120734098477804	138.0	23	1.05	0.95				
	211	1	0.0	0.0	0.0	0.0	2	1.0180458402000585	-6.33310498545476	230.0	23	1.05	0.95				
	212	1	0.0	0.0	0.0	0.0	2	1.019880430186012	-1.9740957600216351	230.0	23	1.05	0.95				
	213	2	174.69227133508772	35.59767038526316	0.0	0.0	2	1.0221233338566604	-3.8464638283926402	230.0	24	1.05	0.95				
	214	2	127.88792693964912	25.709428611578943	0.0	0.0	2	1.0249652506916034	-4.382774466808472	230.0	26	1.05	0.95				
	215	2	208.97150948385965	42.189831567719295	0.0	0.0	2	1.0380655112409598	2.3400211123389467	230.0	26	1.05	0.95				
	216	2	65.9216118245614	13.18432236491228	0.0	0.0	2	1.0391197208400496	2.4234849319714744	230.0	26	1.05	0.95				
	217	1	0.0	0.0	0.0	0.0	2	1.0419563607796374	4.5578502684251285	230.0	27	1.05	0.95				
	218	2	219.51896737578943	44.826696040701755	0.0	0.0	2	1.0423965994314381	4.745490100504228	230.0	27	1.05	0.95				
	219	1	119.31811740245612	24.390996375087717	0.0	0.0	2	1.0378054591879504	2.598913183647611	230.0	25	1.05	0.95				
	220	1	84.37966313543859	17.139619074385966	0.0	0.0	2	1.042306981692693	3.9977256498425517	230.0	25	1.05	0.95				
	221	2	0.0	0.0	0.0	0.0	2	1.0427715348056794	4.70848956693832	230.0	27	1.05	0.95				
	222	2	0.0	0.0	0.0	0.0	2	1.05	11.154556596457669	230.0	27	1.05	0.95				
	223	2	0.0	0.0	0.0	0.0	2	1.0469045927885439	5.244754001239897	230.0	25	1.05	0.95				
	224	1	0.0	0.0	0.0	0.0	2	1.0162878287996533	-1.9437247372241817	230.0	26	1.05	0.95				
	301	2	64.06200568421053	13.049667824561404	0.0	0.0	3	0.9972166282072247	0.48087386029440854	138.0	31	1.05	0.95				
	302	2	57.53717177192982	11.863334385964913	0.0	0.0	3	0.9970225538752592	0.4137550494709695	138.0	32	1.05	0.95				
	303	1	106.7700094736842	21.947168614035085	0.0	0.0	3	1.0178778734590428	4.428044660394883	138.0	31	1.05	0.95				
	304	1	43.89433722807017	8.897500789473684	0.0	0.0	3	1.0020495567107857	2.376244414435197	138.0	31	1.05	0.95				
	305	1	42.11483707017544	8.30433407017544	0.0	0.0	3	1.01461784266988	2.2464581239609385	138.0	31	1.05	0.95				
	306	1	80.67067382456142	16.60866814035088	0.0	-100.0	3	1.0324933855505154	2.561457727647924	138.0	32	1.05	0.95				
	307	2	74.14583991228069	14.82916798245614	0.0	0.0	3	0.9913675857713367	-1.9749089201318208	138.0	32	1.05	0.95				
	308	1	101.43150899999999	20.760835175438594	0.0	0.0	3	0.9991656236516864	0.7216030824890196	138.0	32	1.05	0.95				
	309	1	103.80417587719298	21.35400189473684	0.0	0.0	3	1.0269939159201702	6.394019047536844	138.0	33	1.05	0.95				
	310	1	115.6675102631579	23.726668771929827	0.0	0.0	3	1.05	5.9037352238679555	138.0	33	1.05	0.95				
	311	1	0.0	0.0	0.0	0.0	3	1.0158699392000163	12.201944677177616	230.0	33	1.05	0.95				
	312	1	0.0	0.0	0.0	0.0	3	1.0205961695837305	13.288576280140877	230.0	33	1.05	0.95				
	313	2	157.18918061403508	32.031002842105266	0.0	0.0	3	1.037946827095974	19.768194816224568	230.0	34	1.05	0.95				
	314	2	115.07434354385964	23.13350205263158	0.0	0.0	3	1.0172168116895337	11.514691862240303	230.0	36	1.05	0.95				
	315	2	188.03385001754384	37.96267003508772	0.0	0.0	3	1.0329989497021064	7.675396864415204	230.0	36	1.05	0.95				
	316	2	59.31667192982456	11.863334385964913	0.0	0.0	3	1.0338323031668186	8.959986315543366	230.0	36	1.05	0.95				
	317	1	0.0	0.0	0.0	0.0	3	1.0381621271596806	8.349336947467323	230.0	37	1.05	0.95				
	318	2	197.52451752631578	40.33533691228071	0.0	0.0	3	1.0365884525572082	7.3225683785294065	230.0	37	1.05	0.95				
	319	1	107.36317619298245	21.947168614035085	0.0	0.0	3	1.0333104679893301	11.117383866160866	230.0	35	1.05	0.95				
	320	1	75.92534007017544	15.422334701754387	0.0	0.0	3	1.0350464574148248	12.676335916738235	230.0	35	1.05	0.95				
	321	2	0.0	0.0	0.0	0.0	3	1.0372500601392785	8.000778755421429	230.0	37	1.05	0.95				
	322	2	0.0	0.0	0.0	0.0	3	1.0499999853038313	12.446982749634405	230.0	37	1.05	0.95				
	323	2	0.0	0.0	0.0	0.0	3	1.0360658939124492	13.306218256710004	230.0	35	1.05	0.95				
	324	1	0.0	0.0	0.0	0.0	3	1.0238682317672563	8.37847349888317	230.0	36	1.05	0.95				
	325	1	0.0	0.0	0.0	0.0	3	1.0383522701039196	13.175358508900146	230.0	35	1.05	0.95				
];
