%% MATPOWER Case Format : Version 2
function mpc = RTS_GMLC
mpc.version = '2';

%%-----  Power Flow Data  -----%%
%% system MVA base
mpc.baseMVA = 100.0;
%% bus data
%    bus_i    type    Pd    Qd    Gs    Bs    area    Vm    Va    baseKV    zone    Vmax    Vmin
mpc.bus = [
	101	2	86.87827807578948	17.697427015438596	0.0	0.0	1	1.0455447359755337	0.1976569780273396	138.0	11	1.05	0.95				
	102	2	78.02956456807017	16.08857001403509	0.0	0.0	1	1.0449664123265459	-0.04592922757533591	138.0	12	1.05	0.95				
	103	1	144.7971301263158	29.763854525964913	0.0	0.0	1	1.0260194997901302	-1.1710270743349904	138.0	11	1.05	0.95				
	104	1	59.527709051929826	12.066427510526315	0.0	0.0	1	1.0233843241154688	-3.5988447454853287	138.0	11	1.05	0.95				
	105	1	57.114423549824565	11.261999009824562	0.0	0.0	1	1.0362187762842265	-4.060454811129744	138.0	11	1.05	0.95				
	106	1	109.4022760954386	22.523998019649124	0.0	-100.0	1	1.0366924115764393	-7.213234123329196	138.0	12	1.05	0.95				
	107	2	100.5535625877193	20.11071251754386	0.0	0.0	1	1.05	-5.6321981894839785	138.0	12	1.05	0.95				
	108	1	137.55727362000002	28.154997524561402	0.0	0.0	1	1.0241220785085778	-7.892739220596175	138.0	12	1.05	0.95				
	109	1	140.77498762280703	28.959426025263156	0.0	0.0	1	1.0273460448576113	-4.338181458927433	138.0	13	1.05	0.95				
	110	1	156.8635576368421	32.17714002807018	0.0	0.0	1	1.05	-5.90737103859875	138.0	13	1.05	0.95				
	111	1	0.0	0.0	0.0	0.0	1	1.0143485808505257	-1.7868501158739103	230.0	13	1.05	0.95				
	112	1	0.0	0.0	0.0	0.0	1	1.0175442531603212	-1.1310332173822966	230.0	13	1.05	0.95				
	113	3	213.17355268596492	43.43913903789474	0.0	0.0	1	1.0163300466665146	2.5006738865796515e-29	230.0	14	1.05	0.95				
	114	2	156.05912913614034	31.372711527368423	0.0	0.0	1	1.0155959839757278	0.03226032911744075	230.0	16	1.05	0.95				
	115	2	255.00383472245613	51.48342404491228	0.0	0.0	1	1.044154934909547	8.403383108213548	230.0	16	1.05	0.95				
	116	2	80.44285007017544	16.08857001403509	0.0	0.0	1	1.0422501559259953	7.475128482295654	230.0	16	1.05	0.95				
	117	1	0.0	0.0	0.0	0.0	1	1.0457124644166198	10.605661285280048	230.0	17	1.05	0.95				
	118	2	267.87469073368425	54.7011380477193	0.0	0.0	1	1.0477049178962272	11.224650073847027	230.0	17	1.05	0.95				
	119	1	145.60155862701757	29.763854525964913	0.0	0.0	1	1.0356535863370993	5.813260238532684	230.0	15	1.05	0.95				
	120	1	102.96684808982457	20.915141018245613	0.0	0.0	1	1.0363841059096608	5.393305190621188	230.0	15	1.05	0.95				
	121	2	0.0	0.0	0.0	0.0	1	1.05	13.146845212852078	230.0	17	1.05	0.95				
	122	2	0.0	0.0	0.0	0.0	1	1.05	18.67014045848826	230.0	17	1.05	0.95				
	123	2	0.0	0.0	0.0	0.0	1	1.039015834335958	5.759524793899491	230.0	15	1.05	0.95				
	124	1	0.0	0.0	0.0	0.0	1	1.0253389779729487	4.846098258557708	230.0	16	1.05	0.95				
	201	2	86.75019674526315	17.671336374035086	0.0	0.0	2	1.0352592627790798	-13.547949728500159	138.0	21	1.05	0.95				
	202	2	77.91452855824559	16.064851249122807	0.0	0.0	2	1.0382756322696942	-13.667223626748612	138.0	22	1.05	0.95				
	203	1	144.58366124210525	29.719974810877186	0.0	0.0	2	1.025986461411728	-10.24953158345549	138.0	21	1.05	0.95				
	204	1	59.43994962175437	12.048638436842102	0.0	0.0	2	1.018015508393642	-14.941974534244885	138.0	21	1.05	0.95				
	205	1	57.03022193438595	11.245395874385965	0.0	0.0	2	1.0323311741421985	-15.395173157825678	138.0	21	1.05	0.95				
	206	1	109.24098849403508	22.49079174877193	0.0	-100.0	2	1.036547988046042	-17.18425259952625	138.0	22	1.05	0.95				
	207	2	100.40532030701752	20.081064061403506	0.0	0.0	2	0.95	-28.782533058631795	138.0	22	1.05	0.95				
	208	1	137.35447817999997	28.113489685964904	0.0	0.0	2	0.9564400388578255	-24.88505289468582	138.0	22	1.05	0.95				
	209	1	140.56744842982454	28.916732248421045	0.0	0.0	2	1.0271897401954386	-12.74024563822305	138.0	23	1.05	0.95				
	210	1	156.63229967894733	32.129702498245614	0.0	0.0	2	1.05	-14.734726704317453	138.0	23	1.05	0.95				
	211	1	0.0	0.0	0.0	0.0	2	1.034658463067128	-8.924970882542993	230.0	23	1.05	0.95				
	212	1	0.0	0.0	0.0	0.0	2	1.028848853635513	-3.7082976627795885	230.0	23	1.05	0.95				
	213	2	212.85927905087715	43.37509837263158	0.0	0.0	2	1.05	-6.073643581357769	230.0	24	1.05	0.95				
	214	2	155.82905711649119	31.32645993578947	0.0	0.0	2	1.05	-6.832916043979209	230.0	26	1.05	0.95				
	215	2	254.62789229859646	51.407523997192975	0.0	0.0	2	1.046660813329937	1.0891874139841136	230.0	26	1.05	0.95				
	216	2	80.32425624561402	16.064851249122807	0.0	0.0	2	1.0499843542950351	1.07133291863607	230.0	26	1.05	0.95				
	217	1	0.0	0.0	0.0	0.0	2	1.0495124649158412	3.6424100744643586	230.0	27	1.05	0.95				
	218	2	267.4797732978947	54.62049424701754	0.0	0.0	2	1.0499054605665046	3.7833506883815966	230.0	27	1.05	0.95				
	219	1	145.38690380456137	29.719974810877186	0.0	0.0	2	1.0437569937604936	1.4391785338613095	230.0	25	1.05	0.95				
	220	1	102.81504799438595	20.884306623859647	0.0	0.0	2	1.045795073195342	3.261467033630162	230.0	25	1.05	0.95				
	221	2	0.0	0.0	0.0	0.0	2	1.05	3.7385011111624307	230.0	27	1.05	0.95				
	222	2	0.0	0.0	0.0	0.0	2	1.05	10.213395064079856	230.0	27	1.05	0.95				
	223	2	0.0	0.0	0.0	0.0	2	1.05	4.843142113641894	230.0	25	1.05	0.95				
	224	1	0.0	0.0	0.0	0.0	2	1.02468480435487	-3.118278474767191	230.0	26	1.05	0.95				
	301	2	75.79816514526317	15.440366974035088	0.0	0.0	3	0.9892282121292686	4.9693972173704575	138.0	31	1.05	0.95				
	302	2	68.07798165824562	14.036697249122806	0.0	0.0	3	0.9916602490117102	4.850538530963622	138.0	32	1.05	0.95				
	303	1	126.33027524210527	25.967889910877197	0.0	0.0	3	1.0112545770249564	10.076975614971925	138.0	31	1.05	0.95				
	304	1	51.935779821754394	10.527522936842105	0.0	0.0	3	0.9886761217902729	7.405359310414709	138.0	31	1.05	0.95				
	305	1	49.830275234385965	9.825688074385965	0.0	0.0	3	0.9998951351165078	7.165424530847178	138.0	31	1.05	0.95				
	306	1	95.44954129403509	19.65137614877193	0.0	-100.0	3	1.0142029914903128	7.6008999721960135	138.0	32	1.05	0.95				
	307	2	87.72935780701754	17.54587156140351	0.0	0.0	3	0.96255153698632	3.017651406173553	138.0	32	1.05	0.95				
	308	1	120.01376148	24.56422018596491	0.0	0.0	3	0.9748366398651244	6.348024640912852	138.0	32	1.05	0.95				
	309	1	122.82110092982457	25.266055048421055	0.0	0.0	3	1.012999677819533	12.43326296889051	138.0	33	1.05	0.95				
	310	1	136.85779817894738	28.073394498245612	0.0	0.0	3	1.0330433271233628	11.683428587883427	138.0	33	1.05	0.95				
	311	1	0.0	0.0	0.0	0.0	3	1.0039732080564865	19.11745657651072	230.0	33	1.05	0.95				
	312	1	0.0	0.0	0.0	0.0	3	1.0102285430430282	20.584101864682168	230.0	33	1.05	0.95				
	313	2	185.9862385508772	37.899082572631585	0.0	0.0	3	1.0367214325505496	28.848962833768585	230.0	34	1.05	0.95				
	314	2	136.15596331649124	27.37155963578947	0.0	0.0	3	1.0084775238427253	17.382948697280018	230.0	36	1.05	0.95				
	315	2	222.4816513985965	44.91743119719298	0.0	0.0	3	1.0367021651825628	11.578751629707819	230.0	36	1.05	0.95				
	316	2	70.18348624561403	14.036697249122806	0.0	0.0	3	1.0372514575351304	13.286495453446344	230.0	36	1.05	0.95				
	317	1	0.0	0.0	0.0	0.0	3	1.0412829328584596	11.897176087971006	230.0	37	1.05	0.95				
	318	2	233.71100919789475	47.72477064701754	0.0	0.0	3	1.0399472910603753	10.426040659275124	230.0	37	1.05	0.95				
	319	1	127.03211010456141	25.967889910877197	0.0	0.0	3	1.034755909374805	15.928452183928965	230.0	35	1.05	0.95				
	320	1	89.83486239438596	18.24770642385965	0.0	0.0	3	1.0366081071908726	18.094905182038527	230.0	35	1.05	0.95				
	321	2	0.0	0.0	0.0	0.0	3	1.0403208662517613	11.387527431374298	230.0	37	1.05	0.95				
	322	2	0.0	0.0	0.0	0.0	3	1.05	15.906733792351408	230.0	37	1.05	0.95				
	323	2	0.0	0.0	0.0	0.0	3	1.037876841358749	18.88936130622243	230.0	35	1.05	0.95				
	324	1	0.0	0.0	0.0	0.0	3	1.0248752578760922	13.072820216101116	230.0	36	1.05	0.95				
	325	1	0.0	0.0	0.0	0.0	3	1.0403559300384018	18.40698539762215	230.0	35	1.05	0.95				
];
