%% MATPOWER Case Format : Version 2
function mpc = RTS_GMLC
mpc.version = '2';

%%-----  Power Flow Data  -----%%
%% system MVA base
mpc.baseMVA = 100.0;
%% bus data
%    bus_i    type    Pd    Qd    Gs    Bs    area    Vm    Va    baseKV    zone    Vmax    Vmin
mpc.bus = [
	101	2	64.99505194105264	13.23973280280702	0.0	0.0	1	1.0323645026502988	1.5139671690488314	138.0	11	1.05	0.95				
	102	2	58.375185539649124	12.036120729824562	0.0	0.0	1	1.0324092102984384	1.4713679679115748	138.0	12	1.05	0.95				
	103	1	108.32508656842106	22.26682335017544	0.0	0.0	1	1.0241643595844758	-0.10075720714864853	138.0	11	1.05	0.95				
	104	1	44.53364670035088	9.027090547368422	0.0	0.0	1	1.0183846021463732	-1.855512942841387	138.0	11	1.05	0.95				
	105	1	42.728228590877194	8.425284510877194	0.0	0.0	1	1.0329354056103675	-1.7567661121461688	138.0	11	1.05	0.95				
	106	1	81.84562096280703	16.85056902175439	0.0	-100.0	1	1.0402157832784173	-4.140084272807761	138.0	12	1.05	0.95				
	107	2	75.22575456140352	15.045150912280702	0.0	0.0	1	1.0441082957395516	-1.3356432761471952	138.0	12	1.05	0.95				
	108	1	102.90883224000001	21.063211277192984	0.0	0.0	1	1.0264188335207654	-3.7568362021035613	138.0	12	1.05	0.95				
	109	1	105.31605638596493	21.665017313684213	0.0	0.0	1	1.0260909273429955	-2.141646041822403	138.0	13	1.05	0.95				
	110	1	117.35217711578947	24.072241459649124	0.0	0.0	1	1.05	-3.1722991398790445	138.0	13	1.05	0.95				
	111	1	0.0	0.0	0.0	0.0	1	1.0081112019405878	-0.2931914299051977	230.0	13	1.05	0.95				
	112	1	0.0	0.0	0.0	0.0	1	1.0127692786861608	0.29868071460719453	230.0	13	1.05	0.95				
	113	3	159.47859967017544	32.49752597052632	0.0	0.0	1	1.0037374507626475	-3.838710751756919e-29	230.0	14	1.05	0.95				
	114	2	116.75037107929825	23.470435423157895	0.0	0.0	1	1.0064069103353706	1.9134014006766964	230.0	16	1.05	0.95				
	115	2	190.77251356771933	38.5155863354386	0.0	0.0	1	1.0422112827223353	9.041094900087401	230.0	16	1.05	0.95				
	116	2	60.18060364912281	12.036120729824562	0.0	0.0	1	1.0392134778324646	8.585502946981492	230.0	16	1.05	0.95				
	117	1	0.0	0.0	0.0	0.0	1	1.0455590455010553	11.366803546065812	230.0	17	1.05	0.95				
	118	2	200.40141015157897	40.922810481403516	0.0	0.0	1	1.0485678078782446	11.891891163840842	230.0	17	1.05	0.95				
	119	1	108.92689260491228	22.26682335017544	0.0	0.0	1	1.033195892283576	7.283103441484784	230.0	15	1.05	0.95				
	120	1	77.0311726708772	15.646956948771932	0.0	0.0	1	1.0330345328885966	7.298209350785348	230.0	15	1.05	0.95				
	121	2	0.0	0.0	0.0	0.0	1	1.05	12.172702669284456	230.0	17	1.05	0.95				
	122	2	0.0	0.0	0.0	0.0	1	1.05	18.675593648899824	230.0	17	1.05	0.95				
	123	2	0.0	0.0	0.0	0.0	1	1.0342996383293581	7.759449113115674	230.0	15	1.05	0.95				
	124	1	0.0	0.0	0.0	0.0	1	1.0239494284718815	5.645643592735491	230.0	16	1.05	0.95				
	201	2	70.15835038736842	14.291515819649122	0.0	0.0	2	1.033618372030005	-10.455434877879872	138.0	21	1.05	0.95				
	202	2	63.01259247754386	12.99228710877193	0.0	0.0	2	1.0337186166922785	-10.5634853210972	138.0	22	1.05	0.95				
	203	1	116.93058397894738	24.035731151228067	0.0	0.0	2	1.0258677019079667	-7.1158474412066655	138.0	21	1.05	0.95				
	204	1	48.07146230245613	9.744215331578946	0.0	0.0	2	1.017558392384261	-12.606018371987373	138.0	21	1.05	0.95				
	205	1	46.12261923614035	9.094600976140352	0.0	0.0	2	1.0333710949683517	-13.02475322760951	138.0	21	1.05	0.95				
	206	1	88.34755233964913	18.189201952280705	0.0	-100.0	2	1.039643315945183	-15.082200530541947	138.0	22	1.05	0.95				
	207	2	81.20179442982456	16.240358885964913	0.0	0.0	2	0.9816372665193663	-24.80290200783847	138.0	22	1.05	0.95				
	208	1	111.08405477999999	22.736502440350876	0.0	0.0	2	0.9823349889345752	-21.6435346340331	138.0	22	1.05	0.95				
	209	1	113.68251220175438	23.386116795789473	0.0	0.0	2	1.0244484572306563	-11.642550139528234	138.0	23	1.05	0.95				
	210	1	126.6747993105263	25.98457421754386	0.0	0.0	2	1.05	-13.58082766646964	138.0	23	1.05	0.95				
	211	1	0.0	0.0	0.0	0.0	2	1.0194617251306524	-7.926717309244792	230.0	23	1.05	0.95				
	212	1	0.0	0.0	0.0	0.0	2	1.0174229655703722	-7.131027911366004	230.0	23	1.05	0.95				
	213	2	172.14780419122806	35.07917519368421	0.0	0.0	2	1.02237927364624	-6.096059100174278	230.0	24	1.05	0.95				
	214	2	126.02518495508772	25.33495986210526	0.0	0.0	2	1.0313643395544605	-4.898708294192019	230.0	26	1.05	0.95				
	215	2	205.92775067403508	41.575318748070174	0.0	0.0	2	1.0425350476731197	3.670211429964122	230.0	26	1.05	0.95				
	216	2	64.96143554385965	12.99228710877193	0.0	0.0	2	1.0451270780255424	3.336424804073333	230.0	26	1.05	0.95				
	217	1	0.0	0.0	0.0	0.0	2	1.0469122904126544	6.904604787673745	230.0	27	1.05	0.95				
	218	2	216.3215803610526	44.17377616982456	0.0	0.0	2	1.049558404489725	7.730610370008898	230.0	27	1.05	0.95				
	219	1	117.58019833438595	24.035731151228067	0.0	0.0	2	1.0429278414212526	2.2602985792634707	230.0	25	1.05	0.95				
	220	1	83.15063749614035	16.889973241403506	0.0	0.0	2	1.0464665346581292	2.5442755195767783	230.0	25	1.05	0.95				
	221	2	0.0	0.0	0.0	0.0	2	1.05	7.979664909988713	230.0	27	1.05	0.95				
	222	2	0.0	0.0	0.0	0.0	2	1.05	14.06944481789077	230.0	27	1.05	0.95				
	223	2	0.0	0.0	0.0	0.0	2	1.05	3.173228633640689	230.0	25	1.05	0.95				
	224	1	0.0	0.0	0.0	0.0	2	1.022816203964193	-0.3463165022091231	230.0	26	1.05	0.95				
	301	2	52.90667511157895	10.777285670877193	0.0	0.0	3	1.0081419149636572	-20.822836393929045	138.0	31	1.05	0.95				
	302	2	47.51803227614035	9.797532428070177	0.0	0.0	3	1.0075348621681313	-20.963359909187307	138.0	32	1.05	0.95				
	303	1	88.17779185263159	18.125434991929826	0.0	0.0	3	1.0271642295900139	-13.989737749278907	138.0	31	1.05	0.95				
	304	1	36.25086998385965	7.348149321052631	0.0	0.0	3	1.0094919247896372	-19.305130079723344	138.0	31	1.05	0.95				
	305	1	34.78124011964912	6.858272699649123	0.0	0.0	3	1.0226154959891858	-20.2872714782941	138.0	31	1.05	0.95				
	306	1	66.6232205108772	13.716545399298246	0.0	-100.0	3	1.0385295275389106	-20.5540810898185	138.0	32	1.05	0.95				
	307	2	61.234577675438594	12.24691553508772	0.0	0.0	3	0.9926543763309095	-25.954531192662976	138.0	32	1.05	0.95				
	308	1	83.76890226	17.145681749122808	0.0	0.0	3	0.9969134009244317	-23.694987957877075	138.0	32	1.05	0.95				
	309	1	85.72840874561403	17.635558370526315	0.0	0.0	3	1.027205923768161	-15.950909908913367	138.0	33	1.05	0.95				
	310	1	95.52594117368422	19.595064856140354	0.0	0.0	3	1.05	-18.17683848765392	138.0	33	1.05	0.95				
	311	1	0.0	0.0	0.0	0.0	3	1.0126906781534166	-11.753194033943634	230.0	33	1.05	0.95				
	312	1	0.0	0.0	0.0	0.0	3	1.0138628874538853	-11.312890853317047	230.0	33	1.05	0.95				
	313	2	129.81730467192983	26.453337555789474	0.0	0.0	3	1.0153786280541126	-8.289862143924328	230.0	34	1.05	0.95				
	314	2	95.0360645522807	19.105188234736843	0.0	0.0	3	1.0194909467971738	-9.43207398601336	230.0	36	1.05	0.95				
	315	2	155.29088898491227	31.352103769824563	0.0	0.0	3	1.0443980134477469	-3.5691007343084484	230.0	36	1.05	0.95				
	316	2	48.98766214035088	9.797532428070177	0.0	0.0	3	1.0430519896847195	-3.2459629536129206	230.0	36	1.05	0.95				
	317	1	0.0	0.0	0.0	0.0	3	1.0467311348204895	-1.1435067684584286	230.0	37	1.05	0.95				
	318	2	163.12891492736844	33.3116102554386	0.0	0.0	3	1.0474449618409867	-0.9479920221268577	230.0	37	1.05	0.95				
	319	1	88.6676684740351	18.125434991929826	0.0	0.0	3	1.0382233801990353	-4.403811259539907	230.0	35	1.05	0.95				
	320	1	62.704207539649126	12.736792156491228	0.0	0.0	3	1.0377060081452065	-4.481835928446749	230.0	35	1.05	0.95				
	321	2	0.0	0.0	0.0	0.0	3	1.049714106920437	-0.1704452423450647	230.0	37	1.05	0.95				
	322	2	0.0	0.0	0.0	0.0	3	1.05	5.2221676569207105	230.0	37	1.05	0.95				
	323	2	0.0	0.0	0.0	0.0	3	1.0382136024450543	-4.15689365503753	230.0	35	1.05	0.95				
	324	1	0.0	0.0	0.0	0.0	3	1.0248991593704122	-7.446695716540046	230.0	36	1.05	0.95				
	325	1	0.0	0.0	0.0	0.0	3	1.0340040412675287	-2.800839744263708	230.0	35	1.05	0.95				
];
