%% MATPOWER Case Format : Version 2
function mpc = RTS_GMLC
mpc.version = '2';

%%-----  Power Flow Data  -----%%
%% system MVA base
mpc.baseMVA = 100.0;
%% bus data
%    bus_i    type    Pd    Qd    Gs    Bs    area    Vm    Va    baseKV    zone    Vmax    Vmin
mpc.bus = [
	101	2	52.73082632842105	10.74146462245614	0.0	0.0	1	1.028460595152512	0.1896004734158368	138.0	11	1.05	0.95				
	102	2	47.360094017192985	9.764967838596492	0.0	0.0	1	1.027502200625607	-0.11412825702831539	138.0	12	1.05	0.95				
	103	1	87.88471054736841	18.065190501403507	0.0	0.0	1	1.0276829017235642	0.403945200027393	138.0	11	1.05	0.95				
	104	1	36.13038100280701	7.323725878947368	0.0	0.0	1	1.0179606844886007	-2.876379958210036	138.0	11	1.05	0.95				
	105	1	34.665635827017546	6.835477487017544	0.0	0.0	1	1.0325857663391764	-2.8453451487088137	138.0	11	1.05	0.95				
	106	1	66.40178130245614	13.670954974035087	0.0	-100.0	1	1.0424960473911964	-5.070411034145901	138.0	12	1.05	0.95				
	107	2	61.03104899122806	12.206209798245613	0.0	0.0	1	0.9982361965398516	-12.744587887244153	138.0	12	1.05	0.95				
	108	1	83.49047502	17.08869371754386	0.0	0.0	1	0.9997142057322556	-10.439342159880892	138.0	12	1.05	0.95				
	109	1	85.4434685877193	17.576942109473684	0.0	0.0	1	1.0249281713654488	-3.14060315336169	138.0	13	1.05	0.95				
	110	1	95.20843642631579	19.529935677192984	0.0	0.0	1	1.05	-4.364872022431778	138.0	13	1.05	0.95				
	111	1	0.0	0.0	0.0	0.0	1	1.0089831773175761	-0.40645396106077697	230.0	13	1.05	0.95				
	112	1	0.0	0.0	0.0	0.0	1	1.0129131832957892	-0.6325724631884888	230.0	13	1.05	0.95				
	113	3	129.38582386140348	26.365413164210526	0.0	0.0	1	1.0050594938044302	6.654415618645457e-32	230.0	14	1.05	0.95				
	114	2	94.72018803438597	19.04168728526316	0.0	0.0	1	1.0115957870754997	2.665726268451022	230.0	16	1.05	0.95				
	115	2	154.77474024175436	31.247897083508775	0.0	0.0	1	1.0437101405407896	10.90590263155404	230.0	16	1.05	0.95				
	116	2	48.82483919298245	9.764967838596492	0.0	0.0	1	1.0397030346462977	9.852181250234484	230.0	16	1.05	0.95				
	117	1	0.0	0.0	0.0	0.0	1	1.0428459679220374	14.479710209102837	230.0	17	1.05	0.95				
	118	2	162.58671451263157	33.20089065122807	0.0	0.0	1	1.0495855298438859	14.836865013482505	230.0	17	1.05	0.95				
	119	1	88.37295893929826	18.065190501403507	0.0	0.0	1	1.0327199586899	7.174586691660417	230.0	15	1.05	0.95				
	120	1	62.49579416701755	12.694458190175439	0.0	0.0	1	1.0315913292713124	5.77046514696074	230.0	15	1.05	0.95				
	121	2	0.0	0.0	0.0	0.0	1	1.05	16.325831842221803	230.0	17	1.05	0.95				
	122	2	0.0	0.0	0.0	0.0	1	1.05	30.61119862898257	230.0	17	1.05	0.95				
	123	2	0.0	0.0	0.0	0.0	1	1.031808802524458	5.367672581062202	230.0	15	1.05	0.95				
	124	1	0.0	0.0	0.0	0.0	1	1.0245701728041192	6.993234952808095	230.0	16	1.05	0.95				
	201	2	58.22446088842105	11.860538329122807	0.0	0.0	2	1.022921531721517	-15.210339110032828	138.0	21	1.05	0.95				
	202	2	52.29419172385964	10.782307571929824	0.0	0.0	2	1.023977485555971	-15.041554864613882	138.0	22	1.05	0.95				
	203	1	97.04076814736841	19.947269008070172	0.0	0.0	2	1.0150831716492672	-13.070822822609369	138.0	21	1.05	0.95				
	204	1	39.894538016140345	8.086730678947367	0.0	0.0	2	1.014931371326439	-16.387584140874676	138.0	21	1.05	0.95				
	205	1	38.27719188035087	7.547615300350877	0.0	0.0	2	1.029730421635886	-16.813071160123954	138.0	21	1.05	0.95				
	206	1	73.3196914891228	15.095230600701754	0.0	-100.0	2	1.040842155738444	-18.18759078077232	138.0	22	1.05	0.95				
	207	2	67.3894223245614	13.477884464912279	0.0	0.0	2	0.9893094835426414	-25.911214930970313	138.0	22	1.05	0.95				
	208	1	92.18872973999999	18.86903825087719	0.0	0.0	2	0.9919957791851035	-23.371251366685534	138.0	22	1.05	0.95				
	209	1	94.34519125438595	19.40815362947368	0.0	0.0	2	1.0235799684746316	-15.27470534898332	138.0	23	1.05	0.95				
	210	1	105.12749882631579	21.564615143859648	0.0	0.0	2	1.05	-16.707977385087705	138.0	23	1.05	0.95				
	211	1	0.0	0.0	0.0	0.0	2	1.013112778984771	-11.824629048958295	230.0	23	1.05	0.95				
	212	1	0.0	0.0	0.0	0.0	2	1.0135943281664643	-10.510753766150644	230.0	23	1.05	0.95				
	213	2	142.86557532807015	29.112230444210525	0.0	0.0	2	1.0150225220549038	-10.000661125586792	230.0	24	1.05	0.95				
	214	2	104.58838344771928	21.025499765263156	0.0	0.0	2	1.0179127108403059	-9.22585636733646	230.0	26	1.05	0.95				
	215	2	170.8995750150877	34.503384230175435	0.0	0.0	2	1.0308868257116484	-2.244445158229737	230.0	26	1.05	0.95				
	216	2	53.911537859649115	10.782307571929824	0.0	0.0	2	1.0340990887927761	-2.2615090442452304	230.0	26	1.05	0.95				
	217	1	0.0	0.0	0.0	0.0	2	1.035753697113177	-0.33016714371121947	230.0	27	1.05	0.95				
	218	2	179.52542107263156	36.6598457445614	0.0	0.0	2	1.0346027018483688	-1.1840874017566274	230.0	27	1.05	0.95				
	219	1	97.5798835259649	19.947269008070172	0.0	0.0	2	1.036838645425575	-1.7544510569188743	230.0	25	1.05	0.95				
	220	1	69.00676846035087	14.01699984350877	0.0	0.0	2	1.0435219086989733	-0.29458826859829573	230.0	25	1.05	0.95				
	221	2	0.0	0.0	0.0	0.0	2	1.035954701335445	-0.7230586602256365	230.0	27	1.05	0.95				
	222	2	0.0	0.0	0.0	0.0	2	1.05	5.929884557548983	230.0	27	1.05	0.95				
	223	2	0.0	0.0	0.0	0.0	2	1.048765673345594	0.8953777508157913	230.0	25	1.05	0.95				
	224	1	0.0	0.0	0.0	0.0	2	1.011591009089235	-6.278774989366399	230.0	26	1.05	0.95				
	301	2	45.80006328	9.32964252	0.0	0.0	3	1.0102164862443497	0.3070368291518546	138.0	31	1.05	0.95				
	302	2	41.13524201999999	8.481493200000001	0.0	0.0	3	1.0099910621573578	0.11273126871573448	138.0	32	1.05	0.95				
	303	1	76.3334388	15.690762419999999	0.0	0.0	3	1.0421725199596843	9.390301817195093	138.0	31	1.05	0.95				
	304	1	31.381524839999997	6.361119899999999	0.0	0.0	3	1.0134145283203566	1.8335163768035982	138.0	31	1.05	0.95				
	305	1	30.109300859999998	5.937045240000001	0.0	0.0	3	1.0249092691123032	-0.21586237742019024	138.0	31	1.05	0.95				
	306	1	57.67415376	11.874090480000001	0.0	-100.0	3	1.0410483205752454	-1.0071427683687815	138.0	32	1.05	0.95				
	307	2	53.00933249999999	10.6018665	0.0	0.0	3	0.984970711559136	-4.6950321586948895	138.0	32	1.05	0.95				
	308	1	72.51676685999999	14.8426131	0.0	0.0	3	0.9955962601581891	-2.8278445758546904	138.0	32	1.05	0.95				
	309	1	74.2130655	15.26668776	0.0	0.0	3	1.0297415355089095	4.961744524519671	138.0	33	1.05	0.95				
	310	1	82.6945587	16.962986400000002	0.0	0.0	3	1.05	0.6292451375222295	138.0	33	1.05	0.95				
	311	1	0.0	0.0	0.0	0.0	3	1.0084684724434256	5.067514426681998	230.0	33	1.05	0.95				
	312	1	0.0	0.0	0.0	0.0	3	1.014246105996376	5.641757954090296	230.0	33	1.05	0.95				
	313	2	112.3797849	22.90003164	0.0	0.0	3	1.0108358484534585	7.778996572263871	230.0	34	1.05	0.95				
	314	2	82.27048403999999	16.53891174	0.0	0.0	3	1.000438054050395	5.08894185832865	230.0	36	1.05	0.95				
	315	2	134.43166722	27.140778240000003	0.0	0.0	3	1.0328954148436094	7.70046066940346	230.0	36	1.05	0.95				
	316	2	42.407466	8.481493200000001	0.0	0.0	3	1.0285387465193498	7.639121785278017	230.0	36	1.05	0.95				
	317	1	0.0	0.0	0.0	0.0	3	1.0441201200695118	11.147907531389587	230.0	37	1.05	0.95				
	318	2	141.21686178	28.83707688	0.0	0.0	3	1.0432240132831445	9.111850852200506	230.0	37	1.05	0.95				
	319	1	76.75751346	15.690762419999999	0.0	0.0	3	1.022110683075842	7.156789049994018	230.0	35	1.05	0.95				
	320	1	54.281556480000006	11.02594116	0.0	0.0	3	1.0193735649778866	7.570294722755624	230.0	35	1.05	0.95				
	321	2	0.0	0.0	0.0	0.0	3	1.0411137204856948	9.255593179013767	230.0	37	1.05	0.95				
	322	2	0.0	0.0	0.0	0.0	3	1.05	14.323991619618317	230.0	37	1.05	0.95				
	323	2	0.0	0.0	0.0	0.0	3	1.018516976897666	8.131266859961153	230.0	35	1.05	0.95				
	324	1	0.0	0.0	0.0	0.0	3	1.0330414860841346	8.346868540181042	230.0	36	1.05	0.95				
	325	1	0.0	0.0	0.0	0.0	3	1.019770323522736	8.847374815052955	230.0	35	1.05	0.95				
];

%% generator data
%    bus    Pg    Qg    Qmax    Qmin    Vg    mBase    status    Pmax    Pmin    Pc1    Pc2    Qc1min    Qc1max    Qc2min    Qc2max    ramp_agc    ramp_10    ramp_30    ramp_q    apf
