%% MATPOWER Case Format : Version 2
function mpc = RTS_GMLC
mpc.version = '2';

%%-----  Power Flow Data  -----%%
%% system MVA base
mpc.baseMVA = 100.0;
%% bus data
%    bus_i    type    Pd    Qd    Gs    Bs    area    Vm    Va    baseKV    zone    Vmax    Vmin
mpc.bus = [
	101	2	71.6081148	14.586838199999999	0.0	0.0	1	1.03181780305968	0.00344704630575826	138.0	11	1.05	0.95				
	102	2	64.31469569999999	13.260762000000001	0.0	0.0	1	1.0318483281717845	-0.04490065991319301	138.0	12	1.05	0.95				
	103	1	119.346858	24.5324097	0.0	0.0	1	1.022380229494491	-1.1279402269566166	138.0	11	1.05	0.95				
	104	1	49.0648194	9.945571499999998	0.0	0.0	1	1.0172332482160282	-3.1346839772971924	138.0	11	1.05	0.95				
	105	1	47.07570509999999	9.2825334	0.0	0.0	1	1.0319680976857062	-3.097319301036808	138.0	11	1.05	0.95				
	106	1	90.17318159999999	18.5650668	0.0	-100.0	1	1.0384431190104366	-5.438100300357679	138.0	12	1.05	0.95				
	107	2	82.8797625	16.5759525	0.0	0.0	1	1.0477931184476175	-1.7202826489347514	138.0	12	1.05	0.95				
	108	1	113.37951509999999	23.2063335	0.0	0.0	1	1.0267587989985771	-4.5416934329840695	138.0	12	1.05	0.95				
	109	1	116.0316675	23.869371599999997	0.0	0.0	1	1.0264192011570703	-2.9767201018756215	138.0	13	1.05	0.95				
	110	1	129.2924295	26.521524000000003	0.0	0.0	1	1.05	-4.1445584704094784	138.0	13	1.05	0.95				
	111	1	0.0	0.0	0.0	0.0	1	1.01066929386958	-0.7442364784737835	230.0	13	1.05	0.95				
	112	1	0.0	0.0	0.0	0.0	1	1.0142670809002972	0.07270683859693779	230.0	13	1.05	0.95				
	113	3	175.7050965	35.8040574	0.0	0.0	1	1.0083604901987437	1.4322869891684973e-27	230.0	14	1.05	0.95				
	114	2	128.62939139999997	25.8584859	0.0	0.0	1	1.010828918161647	1.499486049713937	230.0	16	1.05	0.95				
	115	2	210.1830777	42.4344384	0.0	0.0	1	1.0435643586280716	8.887407718326852	230.0	16	1.05	0.95				
	116	2	66.30381	13.260762000000001	0.0	0.0	1	1.0413673956515046	8.61895600044504	230.0	16	1.05	0.95				
	117	1	0.0	0.0	0.0	0.0	1	1.046487285009515	11.280814797906372	230.0	17	1.05	0.95				
	118	2	220.79168729999998	45.086590799999996	0.0	0.0	1	1.0488105317558396	11.771759895785298	230.0	17	1.05	0.95				
	119	1	120.00989609999999	24.5324097	0.0	0.0	1	1.03615113812462	7.5589073557283	230.0	15	1.05	0.95				
	120	1	84.8688768	17.2389906	0.0	0.0	1	1.0372838159008897	7.895115603143859	230.0	15	1.05	0.95				
	121	2	0.0	0.0	0.0	0.0	1	1.05	12.158054351579604	230.0	17	1.05	0.95				
	122	2	0.0	0.0	0.0	0.0	1	1.05	18.39471115540457	230.0	17	1.05	0.95				
	123	2	0.0	0.0	0.0	0.0	1	1.0396110831117469	8.572635382897392	230.0	15	1.05	0.95				
	124	1	0.0	0.0	0.0	0.0	1	1.023092191878648	5.176517523304551	230.0	16	1.05	0.95				
	201	2	79.11726741473686	16.116480399298247	0.0	0.0	2	1.0400505743247968	-9.791708220699668	138.0	21	1.05	0.95				
	202	2	71.05902721508772	14.651345817543863	0.0	0.0	2	1.0400530040638523	-9.942447209457676	138.0	22	1.05	0.95				
	203	1	131.86211235789474	27.104989762456142	0.0	0.0	2	1.0264512540547739	-6.688439741402054	138.0	21	1.05	0.95				
	204	1	54.209979524912285	10.988509363157895	0.0	0.0	2	1.0192158537328737	-11.806679020669836	138.0	21	1.05	0.95				
	205	1	52.0122776522807	10.255942072280703	0.0	0.0	2	1.0356228526537898	-12.189799354177808	138.0	21	1.05	0.95				
	206	1	99.62915155929826	20.511884144561407	0.0	-100.0	2	1.0388752009272522	-14.236756020116587	138.0	22	1.05	0.95				
	207	2	91.57091135964913	18.314182271929827	0.0	0.0	2	0.9630321776909399	-25.27439888793485	138.0	22	1.05	0.95				
	208	1	125.26900674000001	25.639855180701755	0.0	0.0	2	0.9672283733878557	-21.63455222360378	138.0	22	1.05	0.95				
	209	1	128.1992759035088	26.37242247157895	0.0	0.0	2	1.0252157329252618	-10.378696389083853	138.0	23	1.05	0.95				
	210	1	142.85062172105265	29.302691635087726	0.0	0.0	2	1.05	-12.331389766744564	138.0	23	1.05	0.95				
	211	1	0.0	0.0	0.0	0.0	2	1.0262264802473329	-5.743924782013424	230.0	23	1.05	0.95				
	212	1	0.0	0.0	0.0	0.0	2	1.0206579645005478	-4.587231338738497	230.0	23	1.05	0.95				
	213	2	194.13033208245616	39.55863370736843	0.0	0.0	2	1.0372009221705352	-2.3740071462834114	230.0	24	1.05	0.95				
	214	2	142.11805443017545	28.57012434421053	0.0	0.0	2	1.0413107214961062	-3.2479688886205587	230.0	26	1.05	0.95				
	215	2	232.2238312080702	46.88430661614036	0.0	0.0	2	1.0431892352873242	4.701838848560451	230.0	26	1.05	0.95				
	216	2	73.25672908771931	14.651345817543863	0.0	0.0	2	1.0471844441510185	4.793517095608607	230.0	26	1.05	0.95				
	217	1	0.0	0.0	0.0	0.0	2	1.048432374905049	8.07086073003952	230.0	27	1.05	0.95				
	218	2	243.9449078621053	49.81457577964913	0.0	0.0	2	1.0499991513021234	8.808842874138225	230.0	27	1.05	0.95				
	219	1	132.59467964877194	27.104989762456142	0.0	0.0	2	1.0432558146205309	4.2373434487204324	230.0	25	1.05	0.95				
	220	1	93.76861323228071	19.04674956280702	0.0	0.0	2	1.046188181420657	5.124554295926488	230.0	25	1.05	0.95				
	221	2	0.0	0.0	0.0	0.0	2	1.05	9.162213778654227	230.0	27	1.05	0.95				
	222	2	0.0	0.0	0.0	0.0	2	1.05	15.245839442124613	230.0	27	1.05	0.95				
	223	2	0.0	0.0	0.0	0.0	2	1.05	6.1432058612649625	230.0	25	1.05	0.95				
	224	1	0.0	0.0	0.0	0.0	2	1.0226614810828938	0.45933574913568864	230.0	26	1.05	0.95				
	301	2	63.10534642105263	12.854792789473684	0.0	0.0	3	1.0100877989963915	-19.290607763909758	138.0	31	1.05	0.95				
	302	2	56.677950026315784	11.686175263157894	0.0	0.0	3	1.0091184239161415	-19.509575177689396	138.0	32	1.05	0.95				
	303	1	105.17557736842105	21.619424236842104	0.0	0.0	3	1.0305094802482255	-10.923332499249327	138.0	31	1.05	0.95				
	304	1	43.23884847368421	8.764631447368421	0.0	0.0	3	1.008375539984857	-17.778924380412757	138.0	31	1.05	0.95				
	305	1	41.48592218421052	8.180322684210527	0.0	0.0	3	1.0222224226935286	-18.811339520208396	138.0	31	1.05	0.95				
	306	1	79.46599178947369	16.360645368421054	0.0	-100.0	3	1.0361101696566648	-19.199321145539198	138.0	32	1.05	0.95				
	307	2	73.03859539473684	14.607719078947367	0.0	0.0	3	1.0061030806047675	-20.26068948724087	138.0	32	1.05	0.95				
	308	1	99.9167985	20.450806710526315	0.0	0.0	3	1.0040679159276735	-19.969760389961504	138.0	32	1.05	0.95				
	309	1	102.25403355263158	21.03511547368421	0.0	0.0	3	1.0277600529666462	-13.98261054071064	138.0	33	1.05	0.95				
	310	1	113.94020881578946	23.37235052631579	0.0	0.0	3	1.05	-16.45616954879807	138.0	33	1.05	0.95				
	311	1	0.0	0.0	0.0	0.0	3	1.0157471498825295	-9.785164858923444	230.0	33	1.05	0.95				
	312	1	0.0	0.0	0.0	0.0	3	1.0159942936748605	-9.273989509476598	230.0	33	1.05	0.95				
	313	2	154.8418222368421	31.552673210526315	0.0	0.0	3	1.020942627681813	-5.971034439059829	230.0	34	1.05	0.95				
	314	2	113.35590005263157	22.788041763157892	0.0	0.0	3	1.0238446016557472	-7.68708729278101	230.0	36	1.05	0.95				
	315	2	185.22587792105264	37.39576084210526	0.0	0.0	3	1.0455208663061262	-1.403663228212363	230.0	36	1.05	0.95				
	316	2	58.43087631578947	11.686175263157894	0.0	0.0	3	1.0445371993943404	-1.2039074641273637	230.0	36	1.05	0.95				
	317	1	0.0	0.0	0.0	0.0	3	1.0475791469902962	1.2450026750094987	230.0	37	1.05	0.95				
	318	2	194.57481813157892	39.732995894736845	0.0	0.0	3	1.0479307646310616	1.4641507222643089	230.0	37	1.05	0.95				
	319	1	105.75988613157894	21.619424236842104	0.0	0.0	3	1.0387078604907438	-2.5845566545624843	230.0	35	1.05	0.95				
	320	1	74.79152168421052	15.192027842105263	0.0	0.0	3	1.038499373640148	-2.68236426263849	230.0	35	1.05	0.95				
	321	2	0.0	0.0	0.0	0.0	3	1.05	2.40924681131699	230.0	37	1.05	0.95				
	322	2	0.0	0.0	0.0	0.0	3	1.05	7.727549725488577	230.0	37	1.05	0.95				
	323	2	0.0	0.0	0.0	0.0	3	1.0396133766326852	-2.3005264591139083	230.0	35	1.05	0.95				
	324	1	0.0	0.0	0.0	0.0	3	1.0279226144298212	-4.951876040895937	230.0	36	1.05	0.95				
	325	1	0.0	0.0	0.0	0.0	3	1.0363042375763651	-1.0968191595657937	230.0	35	1.05	0.95				
];

%% generator data
%    bus    Pg    Qg    Qmax    Qmin    Vg    mBase    status    Pmax    Pmin    Pc1    Pc2    Qc1min    Qc1max    Qc2min    Qc2max    ramp_agc    ramp_10    ramp_30    ramp_q    apf
