%% MATPOWER Case Format : Version 2
function mpc = RTS_GMLC
mpc.version = '2';

%%-----  Power Flow Data  -----%%
%% system MVA base
mpc.baseMVA = 100.0;
%% bus data
%    bus_i    type    Pd    Qd    Gs    Bs    area    Vm    Va    baseKV    zone    Vmax    Vmin
mpc.bus = [
	101	2	59.71796139789474	12.164769914385964	0.0	0.0	1	1.0415293719301584	0.45893232497962694	138.0	11	1.05	0.95				
	102	2	53.63557644070175	11.058881740350877	0.0	0.0	1	1.040542290348039	0.1555632164379976	138.0	12	1.05	0.95				
	103	1	99.52993566315789	20.45893121964912	0.0	0.0	1	1.030340487784548	-0.6035094250724259	138.0	11	1.05	0.95				
	104	1	40.91786243929824	8.294161305263158	0.0	0.0	1	1.0246568721066776	-2.852682986765921	138.0	11	1.05	0.95				
	105	1	39.25903017824561	7.741217218245615	0.0	0.0	1	1.0379821734661467	-3.1437766594143888	138.0	11	1.05	0.95				
	106	1	75.20039583438597	15.48243443649123	0.0	-100.0	1	1.043423335733365	-5.743721926696357	138.0	12	1.05	0.95				
	107	2	69.11801087719299	13.823602175438596	0.0	0.0	1	0.999562039549356	-12.21268417430835	138.0	12	1.05	0.95				
	108	1	94.55343888	19.353043045614033	0.0	0.0	1	0.9994282820757616	-10.662221057702965	138.0	12	1.05	0.95				
	109	1	96.76521522807016	19.905987132631576	0.0	0.0	1	1.02533410347059	-3.870723514566888	138.0	13	1.05	0.95				
	110	1	107.82409696842103	22.117763480701754	0.0	0.0	1	1.05	-5.090343792615117	138.0	13	1.05	0.95				
	111	1	0.0	0.0	0.0	0.0	1	1.0087243385900064	-1.3777136381129782	230.0	13	1.05	0.95				
	112	1	0.0	0.0	0.0	0.0	1	1.0119538542973332	-1.3323249226369798	230.0	13	1.05	0.95				
	113	3	146.53018305964912	29.85898069894737	0.0	0.0	1	1.0052784815005025	6.760461734618789e-33	230.0	14	1.05	0.95				
	114	2	107.2711528814035	21.56481939368421	0.0	0.0	1	1.0092851099135474	0.6138199683766785	230.0	16	1.05	0.95				
	115	2	175.28327558456138	35.388421569122805	0.0	0.0	1	1.041865678968186	7.86829170809848	230.0	16	1.05	0.95				
	116	2	55.294408701754385	11.058881740350877	0.0	0.0	1	1.037842926968226	6.716584915628202	230.0	16	1.05	0.95				
	117	1	0.0	0.0	0.0	0.0	1	1.0437048378599598	10.484791217688919	230.0	17	1.05	0.95				
	118	2	184.13038097684208	37.600197917192986	0.0	0.0	1	1.0473994855213855	11.411791098417144	230.0	17	1.05	0.95				
	119	1	100.08287975017545	20.45893121964912	0.0	0.0	1	1.0285511250420794	4.594737300250703	230.0	15	1.05	0.95				
	120	1	70.77684313824561	14.376546262456142	0.0	0.0	1	1.0250820597764134	3.550467280658282	230.0	15	1.05	0.95				
	121	2	0.0	0.0	0.0	0.0	1	1.05	13.329636247238245	230.0	17	1.05	0.95				
	122	2	0.0	0.0	0.0	0.0	1	1.05	18.725649061582136	230.0	17	1.05	0.95				
	123	2	0.0	0.0	0.0	0.0	1	1.0242775618097488	3.398255385627269	230.0	15	1.05	0.95				
	124	1	0.0	0.0	0.0	0.0	1	1.0267986534100058	4.701813042053476	230.0	16	1.05	0.95				
	201	2	63.0014166568421	12.833621911578946	0.0	0.0	2	1.017907599255132	-11.727588479788313	138.0	21	1.05	0.95				
	202	2	56.584605701052624	11.666929010526315	0.0	0.0	2	1.0181527907461443	-11.719212483045041	138.0	22	1.05	0.95				
	203	1	105.00236109473684	21.583818669473683	0.0	0.0	2	1.0136895606732135	-9.69681502206722	138.0	21	1.05	0.95				
	204	1	43.167637338947365	8.750196757894736	0.0	0.0	2	1.0121339573228756	-11.67130705530879	138.0	21	1.05	0.95				
	205	1	41.41759798736842	8.16685030736842	0.0	0.0	2	1.026528939173773	-12.053480733904737	138.0	21	1.05	0.95				
	206	1	79.33511727157895	16.33370061473684	0.0	-100.0	2	1.0384185565341544	-12.815238504681266	138.0	22	1.05	0.95				
	207	2	72.91830631578947	14.583661263157893	0.0	0.0	2	0.9928102851352917	-20.705539419135444	138.0	22	1.05	0.95				
	208	1	99.75224303999998	20.417125768421048	0.0	0.0	2	0.9923591109840161	-17.91507219957614	138.0	22	1.05	0.95				
	209	1	102.08562884210525	21.000472218947365	0.0	0.0	2	1.0253749769025076	-9.236249666597656	138.0	23	1.05	0.95				
	210	1	113.75255785263157	23.33385802105263	0.0	0.0	2	1.05	-10.513865669991786	138.0	23	1.05	0.95				
	211	1	0.0	0.0	0.0	0.0	2	1.0148479160658164	-5.69201450710889	230.0	23	1.05	0.95				
	212	1	0.0	0.0	0.0	0.0	2	1.0181790191034708	-0.9904137799031788	230.0	23	1.05	0.95				
	213	2	154.58680938947367	31.50070832842105	0.0	0.0	2	1.0205020260385373	-2.5308897820732508	230.0	24	1.05	0.95				
	214	2	113.16921140210525	22.750511570526314	0.0	0.0	2	1.0175689585825827	-4.26065252649576	230.0	26	1.05	0.95				
	215	2	184.9208248168421	37.33417283368421	0.0	0.0	2	1.0309007065280005	0.9453724092183715	230.0	26	1.05	0.95				
	216	2	58.33464505263157	11.666929010526315	0.0	0.0	2	1.0331636681578633	1.35258511317938	230.0	26	1.05	0.95				
	217	1	0.0	0.0	0.0	0.0	2	1.0344240382603325	2.0543132120896117	230.0	27	1.05	0.95				
	218	2	194.25436802526315	39.667558635789476	0.0	0.0	2	1.032682034642006	1.3298936624584508	230.0	27	1.05	0.95				
	219	1	105.58570754526315	21.583818669473683	0.0	0.0	2	1.0354062875924337	3.0528127748822738	230.0	25	1.05	0.95				
	220	1	74.66834566736841	15.16700771368421	0.0	0.0	2	1.043150679812362	5.624304252544023	230.0	25	1.05	0.95				
	221	2	0.0	0.0	0.0	0.0	2	1.0347941726482732	2.009054338852398	230.0	27	1.05	0.95				
	222	2	0.0	0.0	0.0	0.0	2	1.05	8.524125930304113	230.0	27	1.05	0.95				
	223	2	0.0	0.0	0.0	0.0	2	1.05	7.446569765970323	230.0	25	1.05	0.95				
	224	1	0.0	0.0	0.0	0.0	2	1.011307611931395	-3.014391629184964	230.0	26	1.05	0.95				
	301	2	55.4520721263158	11.295792470175439	0.0	0.0	3	0.9992432347021434	13.709146928386106	138.0	31	1.05	0.95				
	302	2	49.80417589122807	10.268902245614036	0.0	0.0	3	0.9989702112464673	13.650609680720573	138.0	32	1.05	0.95				
	303	1	92.42012021052632	18.997469154385964	0.0	0.0	3	1.0227962630161396	17.547077214886013	138.0	31	1.05	0.95				
	304	1	37.99493830877193	7.701676684210526	0.0	0.0	3	1.005564480442284	15.49705326059003	138.0	31	1.05	0.95				
	305	1	36.45460297192982	7.188231571929826	0.0	0.0	3	1.0172834809589673	14.983587849066634	138.0	31	1.05	0.95				
	306	1	69.82853527017545	14.376463143859652	0.0	-100.0	3	1.0355717866526037	15.104503377173865	138.0	32	1.05	0.95				
	307	2	64.18063903508772	12.836127807017544	0.0	0.0	3	0.9882890182893681	11.132933485830222	138.0	32	1.05	0.95				
	308	1	87.7991142	17.97057892982456	0.0	0.0	3	0.9987377488433477	13.417195452137454	138.0	32	1.05	0.95				
	309	1	89.8528946491228	18.48402404210526	0.0	0.0	3	1.0283289798058524	19.08916700344502	138.0	33	1.05	0.95				
	310	1	100.12179689473683	20.537804491228073	0.0	0.0	3	1.05	17.900803698502887	138.0	33	1.05	0.95				
	311	1	0.0	0.0	0.0	0.0	3	1.010637666722695	23.449024274098118	230.0	33	1.05	0.95				
	312	1	0.0	0.0	0.0	0.0	3	1.0170400527944814	23.735893285203343	230.0	33	1.05	0.95				
	313	2	136.06295475438597	27.7260360631579	0.0	0.0	3	1.020683962291217	29.051257173626176	230.0	34	1.05	0.95				
	314	2	99.60835178245614	20.02435937894737	0.0	0.0	3	1.009081563635807	23.54364096242975	230.0	36	1.05	0.95				
	315	2	162.76210059298245	32.860487185964914	0.0	0.0	3	1.0377074093865497	21.032515202594936	230.0	36	1.05	0.95				
	316	2	51.344511228070175	10.268902245614036	0.0	0.0	3	1.0370284043649582	21.847195878009884	230.0	36	1.05	0.95				
	317	1	0.0	0.0	0.0	0.0	3	1.05	23.745954612149657	230.0	37	1.05	0.95				
	318	2	170.9772223894737	34.914267635087725	0.0	0.0	3	1.0485286146836323	21.205970682990692	230.0	37	1.05	0.95				
	319	1	92.93356532280703	18.997469154385964	0.0	0.0	3	1.034343063716103	22.481936697514172	230.0	35	1.05	0.95				
	320	1	65.72097437192983	13.349572919298247	0.0	0.0	3	1.0325733975449705	22.629592111388412	230.0	35	1.05	0.95				
	321	2	0.0	0.0	0.0	0.0	3	1.0455563693426961	21.778978355783245	230.0	37	1.05	0.95				
	322	2	0.0	0.0	0.0	0.0	3	1.05	26.89288848534343	230.0	37	1.05	0.95				
	323	2	0.0	0.0	0.0	0.0	3	1.0312434462263225	22.577266489411073	230.0	35	1.05	0.95				
	324	1	0.0	0.0	0.0	0.0	3	1.0283074228429123	21.493692254856487	230.0	36	1.05	0.95				
	325	1	0.0	0.0	0.0	0.0	3	1.0342348995543924	21.795132290260035	230.0	35	1.05	0.95				
];
