%% MATPOWER Case Format : Version 2
function mpc = RTS_GMLC
mpc.version = '2';

%%-----  Power Flow Data  -----%%
%% system MVA base
mpc.baseMVA = 100.0;
%% bus data
%    bus_i    type    Pd    Qd    Gs    Bs    area    Vm    Va    baseKV    zone    Vmax    Vmin
mpc.bus = [
	101	2	62.403265705263166	12.711776347368422	0.0	0.0	1	1.0397440536912816	-0.018574332304004678	138.0	11	1.05	0.95				
	102	2	56.047377531578945	11.556160315789475	0.0	0.0	1	1.0386504259299225	-0.3542767350071767	138.0	12	1.05	0.95				
	103	1	104.00544284210527	21.378896584210526	0.0	0.0	1	1.0256824834592229	-0.7677301631994452	138.0	11	1.05	0.95				
	104	1	42.75779316842105	8.667120236842106	0.0	0.0	1	1.0224077541309105	-3.3686621111553188	138.0	11	1.05	0.95				
	105	1	41.024369121052636	8.089312221052634	0.0	0.0	1	1.0368286712752084	-3.532838475055855	138.0	11	1.05	0.95				
	106	1	78.58189014736843	16.178624442105267	0.0	-100.0	1	1.0423450700022274	-6.10973271043663	138.0	12	1.05	0.95				
	107	2	72.22600197368422	14.445200394736842	0.0	0.0	1	0.9986431965998044	-12.907103777816374	138.0	12	1.05	0.95				
	108	1	98.8051707	20.22328055263158	0.0	0.0	1	0.9976957548324707	-11.223361998199717	138.0	12	1.05	0.95				
	109	1	101.1164027631579	20.801088568421054	0.0	0.0	1	1.0247210963149807	-4.046753371717865	138.0	13	1.05	0.95				
	110	1	112.67256307894738	23.11232063157895	0.0	0.0	1	1.05	-5.303061155123409	138.0	13	1.05	0.95				
	111	1	0.0	0.0	0.0	0.0	1	1.0110605939556745	-1.1393042286808954	230.0	13	1.05	0.95				
	112	1	0.0	0.0	0.0	0.0	1	1.0129429765596116	-1.2010650668281992	230.0	13	1.05	0.95				
	113	3	153.11912418421053	31.201632852631583	0.0	0.0	1	1.0076393135191697	-1.4876312474414713e-31	230.0	14	1.05	0.95				
	114	2	112.09475506315789	22.534512615789478	0.0	0.0	1	1.0157420343493715	1.4596476583869555	230.0	16	1.05	0.95				
	115	2	183.16514100526317	36.97971301052632	0.0	0.0	1	1.040776144263512	9.914328003805016	230.0	16	1.05	0.95				
	116	2	57.78080157894737	11.556160315789475	0.0	0.0	1	1.0372345717597877	8.62361235461178	230.0	16	1.05	0.95				
	117	1	0.0	0.0	0.0	0.0	1	1.0418828053342772	13.623498491713164	230.0	17	1.05	0.95				
	118	2	192.41006925789475	39.29094507368421	0.0	0.0	1	1.0496861028202626	14.180691531652004	230.0	17	1.05	0.95				
	119	1	104.58325085789475	21.378896584210526	0.0	0.0	1	1.0293134150433367	5.9520641696612095	230.0	15	1.05	0.95				
	120	1	73.95942602105264	15.023008410526318	0.0	0.0	1	1.0283401386577276	4.722801609601798	230.0	15	1.05	0.95				
	121	2	0.0	0.0	0.0	0.0	1	1.05	16.061012185070595	230.0	17	1.05	0.95				
	122	2	0.0	0.0	0.0	0.0	1	1.05	29.681207793148452	230.0	17	1.05	0.95				
	123	2	0.0	0.0	0.0	0.0	1	1.0290341061374046	4.485255773910684	230.0	15	1.05	0.95				
	124	1	0.0	0.0	0.0	0.0	1	1.0217980325731055	5.930695634886154	230.0	16	1.05	0.95				
	201	2	52.971509520000005	10.790492680000002	0.0	0.0	2	1.019352235786455	-12.010136795261174	138.0	21	1.05	0.95				
	202	2	47.57626318	9.8095388	0.0	0.0	2	1.0198624189713308	-11.924142452386162	138.0	22	1.05	0.95				
	203	1	88.28584920000002	18.147646780000002	0.0	0.0	2	1.0163126481680176	-10.446292955507499	138.0	21	1.05	0.95				
	204	1	36.295293560000005	7.357154100000001	0.0	0.0	2	1.014391970846219	-12.825755394996666	138.0	21	1.05	0.95				
	205	1	34.82386274	6.866677160000001	0.0	0.0	2	1.0286473354701897	-13.161492822530018	138.0	21	1.05	0.95				
	206	1	66.70486384	13.733354320000002	0.0	-100.0	2	1.0414000971203177	-14.274722536527104	138.0	22	1.05	0.95				
	207	2	61.3096175	12.2619235	0.0	0.0	2	0.9896672719825813	-21.057118093237257	138.0	22	1.05	0.95				
	208	1	83.87155674	17.1666929	0.0	0.0	2	0.9945488943758721	-18.791733698918453	138.0	22	1.05	0.95				
	209	1	85.8334645	17.65716984	0.0	0.0	2	1.0242092434391064	-11.541204942927205	138.0	23	1.05	0.95				
	210	1	95.6430033	19.6190776	0.0	0.0	2	1.05	-12.748395808961504	138.0	23	1.05	0.95				
	211	1	0.0	0.0	0.0	0.0	2	1.0103549826451743	-8.101059598228211	230.0	23	1.05	0.95				
	212	1	0.0	0.0	0.0	0.0	2	1.0122212403033168	-6.684044801977574	230.0	23	1.05	0.95				
	213	2	129.9763891	26.485754760000003	0.0	0.0	2	1.01110564062584	-6.099979132298058	230.0	24	1.05	0.95				
	214	2	95.15252636	19.128600660000004	0.0	0.0	2	1.0126333289591352	-5.743816290477439	230.0	26	1.05	0.95				
	215	2	155.48118998	31.390524160000005	0.0	0.0	2	1.030907604348235	0.39383702768727435	230.0	26	1.05	0.95				
	216	2	49.047694	9.8095388	0.0	0.0	2	1.0328638435763402	0.5452285357808099	230.0	26	1.05	0.95				
	217	1	0.0	0.0	0.0	0.0	2	1.0352080512846447	1.8416221479570742	230.0	27	1.05	0.95				
	218	2	163.32882102000002	33.35243192	0.0	0.0	2	1.033752553557861	1.1969187815134994	230.0	27	1.05	0.95				
	219	1	88.77632614000001	18.147646780000002	0.0	0.0	2	1.0360137329190084	1.4964980959496046	230.0	25	1.05	0.95				
	220	1	62.78104832000001	12.75240044	0.0	0.0	2	1.0427009751846779	3.249352300975462	230.0	25	1.05	0.95				
	221	2	0.0	0.0	0.0	0.0	2	1.0354343836366744	1.7336827482555248	230.0	27	1.05	0.95				
	222	2	0.0	0.0	0.0	0.0	2	1.05	8.27410526460995	230.0	27	1.05	0.95				
	223	2	0.0	0.0	0.0	0.0	2	1.047891042212154	4.564515382658875	230.0	25	1.05	0.95				
	224	1	0.0	0.0	0.0	0.0	2	1.0120456147945125	-3.650469155541202	230.0	26	1.05	0.95				
	301	2	45.54381524210527	9.277443845614036	0.0	0.0	3	1.009466756289021	8.64101167605342	138.0	31	1.05	0.95				
	302	2	40.905093319298246	8.434039859649122	0.0	0.0	3	1.0091829510414214	8.37961702056064	138.0	32	1.05	0.95				
	303	1	75.90635873684211	15.602973740350878	0.0	0.0	3	1.043395589631884	18.185082708686444	138.0	31	1.05	0.95				
	304	1	31.205947480701756	6.325529894736842	0.0	0.0	3	1.010712549301425	9.232914111826064	138.0	31	1.05	0.95				
	305	1	29.940841501754385	5.903827901754386	0.0	0.0	3	1.0245381852175788	8.319678112893072	138.0	31	1.05	0.95				
	306	1	57.35147104561405	11.807655803508773	0.0	-100.0	3	1.0409433183833918	7.621830894227293	138.0	32	1.05	0.95				
	307	2	52.71274912280701	10.542549824561403	0.0	0.0	3	0.9755237401726344	3.136683390803347	138.0	32	1.05	0.95				
	308	1	72.1110408	14.759569754385964	0.0	0.0	3	0.9894009672135933	4.974049746892842	138.0	32	1.05	0.95				
	309	1	73.79784877192984	15.181271747368422	0.0	0.0	3	1.0245676475921472	11.670347831193931	138.0	33	1.05	0.95				
	310	1	82.23188863157894	16.868079719298244	0.0	0.0	3	1.05	9.35887845937181	138.0	33	1.05	0.95				
	311	1	0.0	0.0	0.0	0.0	3	1.0077296576394295	13.675541311970154	230.0	33	1.05	0.95				
	312	1	0.0	0.0	0.0	0.0	3	1.0143022766671372	13.749060940065752	230.0	33	1.05	0.95				
	313	2	111.75102814035087	22.771907621052634	0.0	0.0	3	1.0120252464045063	16.290633175894936	230.0	34	1.05	0.95				
	314	2	81.81018663859649	16.446377726315788	0.0	0.0	3	1.0015461776174202	14.649939182075444	230.0	36	1.05	0.95				
	315	2	133.6795317754386	26.988927550877197	0.0	0.0	3	1.0331070983936759	16.297866886185282	230.0	36	1.05	0.95				
	316	2	42.17019929824561	8.434039859649122	0.0	0.0	3	1.0274483888441501	16.237347955610506	230.0	36	1.05	0.95				
	317	1	0.0	0.0	0.0	0.0	3	1.0452480634579038	19.362951400965212	230.0	37	1.05	0.95				
	318	2	140.42676366315789	28.675735522807024	0.0	0.0	3	1.0452850699671001	17.00849377008664	230.0	37	1.05	0.95				
	319	1	76.32806072982457	15.602973740350878	0.0	0.0	3	1.0239471502622384	15.676637367667782	230.0	35	1.05	0.95				
	320	1	53.97785510175439	10.964251817543861	0.0	0.0	3	1.0221755848223177	15.321608587291722	230.0	35	1.05	0.95				
	321	2	0.0	0.0	0.0	0.0	3	1.0422835338153011	17.39746860848226	230.0	37	1.05	0.95				
	322	2	0.0	0.0	0.0	0.0	3	1.05	22.49820037804643	230.0	37	1.05	0.95				
	323	2	0.0	0.0	0.0	0.0	3	1.0214305989107102	15.346045292385593	230.0	35	1.05	0.95				
	324	1	0.0	0.0	0.0	0.0	3	1.0350279925314003	17.889737692994444	230.0	36	1.05	0.95				
	325	1	0.0	0.0	0.0	0.0	3	1.0245527965564531	15.422155080373171	230.0	35	1.05	0.95				
];

%% generator data
%    bus    Pg    Qg    Qmax    Qmin    Vg    mBase    status    Pmax    Pmin    Pc1    Pc2    Qc1min    Qc1max    Qc2min    Qc2max    ramp_agc    ramp_10    ramp_30    ramp_q    apf
