%% MATPOWER Case Format : Version 2
function mpc = RTS_GMLC
mpc.version = '2';

%%-----  Power Flow Data  -----%%
%% system MVA base
mpc.baseMVA = 100.0;
%% bus data
%    bus_i    type    Pd    Qd    Gs    Bs    area    Vm    Va    baseKV    zone    Vmax    Vmin
mpc.bus = [
	101	2	72.98416625684212	14.867144978245614	0.0	0.0	1	1.0345631431643767	0.2861421036575343	138.0	11	1.05	0.95				
	102	2	65.5505937677193	13.51558634385965	0.0	0.0	1	1.034562608267981	0.2321429368121202	138.0	12	1.05	0.95				
	103	1	121.64027709473683	25.00383473614035	0.0	0.0	1	1.0224127479265583	-1.3889655828667269	138.0	11	1.05	0.95				
	104	1	50.0076694722807	10.136689757894736	0.0	0.0	1	1.0189286187928661	-2.940902000206921	138.0	11	1.05	0.95				
	105	1	47.98033152070175	9.460910440701756	0.0	0.0	1	1.033081171277758	-3.0002979266644063	138.0	11	1.05	0.95				
	106	1	91.90598713824562	18.921820881403512	0.0	-100.0	1	1.0386101029513604	-5.456564941815156	138.0	12	1.05	0.95				
	107	2	84.47241464912281	16.894482929824562	0.0	0.0	1	1.0475932954853748	-1.6902687990018739	138.0	12	1.05	0.95				
	108	1	115.55826324	23.652276101754385	0.0	0.0	1	1.0262695468013443	-4.598065929622518	138.0	12	1.05	0.95				
	109	1	118.26138050877194	24.32805541894737	0.0	0.0	1	1.026531791618771	-3.0737668847857402	138.0	13	1.05	0.95				
	110	1	131.77696685263157	27.0311726877193	0.0	0.0	1	1.05	-4.2073159696492635	138.0	13	1.05	0.95				
	111	1	0.0	0.0	0.0	0.0	1	1.0107126683340313	-0.9007643869794637	230.0	13	1.05	0.95				
	112	1	0.0	0.0	0.0	0.0	1	1.014447564429247	-0.009870942116035125	230.0	13	1.05	0.95				
	113	3	179.08151905614034	36.49208312842106	0.0	0.0	1	1.0086477241575318	-1.2190771903183997e-30	230.0	14	1.05	0.95				
	114	2	131.1011875354386	26.355393370526315	0.0	0.0	1	1.010357073134448	1.1301421786335408	230.0	16	1.05	0.95				
	115	2	214.2220435501754	43.24987630035088	0.0	0.0	1	1.043256731209324	8.235611512839517	230.0	16	1.05	0.95				
	116	2	67.57793171929825	13.51558634385965	0.0	0.0	1	1.040966445057002	8.036234384018535	230.0	16	1.05	0.95				
	117	1	0.0	0.0	0.0	0.0	1	1.0463323138855112	10.58671342477092	230.0	17	1.05	0.95				
	118	2	225.03451262526318	45.95299356912281	0.0	0.0	1	1.0486497827030774	11.032620816102071	230.0	17	1.05	0.95				
	119	1	122.31605641192982	25.00383473614035	0.0	0.0	1	1.0357095578348579	7.09975755186489	230.0	15	1.05	0.95				
	120	1	86.49975260070175	17.570262247017546	0.0	0.0	1	1.0369173380235934	7.563373643063827	230.0	15	1.05	0.95				
	121	2	0.0	0.0	0.0	0.0	1	1.05	11.389646440589242	230.0	17	1.05	0.95				
	122	2	0.0	0.0	0.0	0.0	1	1.05	17.586077430449553	230.0	17	1.05	0.95				
	123	2	0.0	0.0	0.0	0.0	1	1.0393873252071317	8.320297686029706	230.0	15	1.05	0.95				
	124	1	0.0	0.0	0.0	0.0	1	1.0233787347890577	4.669539528444817	230.0	16	1.05	0.95				
	201	2	83.2652290231579	16.961435541754387	0.0	0.0	2	1.0416832807380247	-9.06324190128944	138.0	21	1.05	0.95				
	202	2	74.7845112522807	15.419486856140352	0.0	0.0	2	1.0417674060634616	-9.198674178439695	138.0	22	1.05	0.95				
	203	1	138.77538170526316	28.526050683859644	0.0	0.0	2	1.0261213823025075	-6.2834305142919185	138.0	21	1.05	0.95				
	204	1	57.05210136771929	11.56461514210526	0.0	0.0	2	1.0195877078828146	-10.836534320763775	138.0	21	1.05	0.95				
	205	1	54.739178339298235	10.793640799298245	0.0	0.0	2	1.0360215641794412	-11.202923309668378	138.0	21	1.05	0.95				
	206	1	104.85251062175438	21.58728159859649	0.0	-100.0	2	1.0382729365431753	-13.13777209193613	138.0	22	1.05	0.95				
	207	2	96.37179285087718	19.274358570175437	0.0	0.0	2	0.9540614110167029	-24.76624661216658	138.0	22	1.05	0.95				
	208	1	131.83661261999998	26.984101998245606	0.0	0.0	2	0.9599515593805711	-20.89040665820681	138.0	22	1.05	0.95				
	209	1	134.92050999122807	27.755076341052625	0.0	0.0	2	1.0258834164538955	-9.071427181029856	138.0	23	1.05	0.95				
	210	1	150.3399968473684	30.838973712280705	0.0	0.0	2	1.05	-10.963808924152621	138.0	23	1.05	0.95				
	211	1	0.0	0.0	0.0	0.0	2	1.028410436998504	-4.568267410568292	230.0	23	1.05	0.95				
	212	1	0.0	0.0	0.0	0.0	2	1.0247402207356038	-1.6924368294002972	230.0	23	1.05	0.95				
	213	2	204.30820084385962	41.63261451157895	0.0	0.0	2	1.041416355378602	-0.7786553427467156	230.0	24	1.05	0.95				
	214	2	149.5690225045614	30.067999369473686	0.0	0.0	2	1.0430960583721245	-2.6192707819845547	230.0	26	1.05	0.95				
	215	2	244.39886666982454	49.342357939649126	0.0	0.0	2	1.0428883043435042	4.699904280819387	230.0	26	1.05	0.95				
	216	2	77.09743428070175	15.419486856140352	0.0	0.0	2	1.046886990034231	4.899217252752215	230.0	26	1.05	0.95				
	217	1	0.0	0.0	0.0	0.0	2	1.048277933683378	8.01119054377661	230.0	27	1.05	0.95				
	218	2	256.73445615473685	52.42625531087719	0.0	0.0	2	1.0497654556207867	8.697228924702008	230.0	27	1.05	0.95				
	219	1	139.54635604807018	28.526050683859644	0.0	0.0	2	1.0426532470090448	4.479037783396762	230.0	25	1.05	0.95				
	220	1	98.68471587929825	20.045332912982456	0.0	0.0	2	1.0457955485429706	5.556921181649269	230.0	25	1.05	0.95				
	221	2	0.0	0.0	0.0	0.0	2	1.05	9.088087051950517	230.0	27	1.05	0.95				
	222	2	0.0	0.0	0.0	0.0	2	1.05	15.177365686703197	230.0	27	1.05	0.95				
	223	2	0.0	0.0	0.0	0.0	2	1.05	6.7071188634170635	230.0	25	1.05	0.95				
	224	1	0.0	0.0	0.0	0.0	2	1.0228779842170859	0.6098774506323942	230.0	26	1.05	0.95				
	301	2	74.65359061894738	15.207212903859649	0.0	0.0	3	1.012238235145078	-21.874323205288523	138.0	31	1.05	0.95				
	302	2	67.04998416701754	13.824739003508773	0.0	0.0	3	1.0109823623692924	-22.198300695131007	138.0	32	1.05	0.95				
	303	1	124.42265103157895	25.57576715649123	0.0	0.0	3	1.0185135592604384	-15.625747769953957	138.0	31	1.05	0.95				
	304	1	51.15153431298246	10.36855425263158	0.0	0.0	3	1.0061333814743063	-20.767594396445936	138.0	31	1.05	0.95				
	305	1	49.07782346245614	9.67731730245614	0.0	0.0	3	1.0216072046710405	-21.220358730974883	138.0	31	1.05	0.95				
	306	1	94.00822522385967	19.35463460491228	0.0	-100.0	3	1.0332746052321495	-21.623685710498545	138.0	32	1.05	0.95				
	307	2	86.40461877192983	17.280923754385967	0.0	0.0	3	1.0040789523194187	-24.421631089361362	138.0	32	1.05	0.95				
	308	1	118.20151848	24.19329325614035	0.0	0.0	3	0.9990727268839098	-23.584872212306323	138.0	32	1.05	0.95				
	309	1	120.96646628070175	24.884530206315787	0.0	0.0	3	1.026118182800817	-16.76628407520002	138.0	33	1.05	0.95				
	310	1	134.79120528421055	27.649478007017546	0.0	0.0	3	1.05	-18.34925775156938	138.0	33	1.05	0.95				
	311	1	0.0	0.0	0.0	0.0	3	1.019476469830304	-11.047888039156772	230.0	33	1.05	0.95				
	312	1	0.0	0.0	0.0	0.0	3	1.0190405582292386	-10.617626482162324	230.0	33	1.05	0.95				
	313	2	183.17779179649122	37.32679530947369	0.0	0.0	3	1.0307125686839604	-6.8438817561580825	230.0	34	1.05	0.95				
	314	2	134.09996833403508	26.95824105684211	0.0	0.0	3	1.0314007130986884	-8.326450605587086	230.0	36	1.05	0.95				
	315	2	219.12211320561403	44.23916481122807	0.0	0.0	3	1.047453869785867	-3.153147336334177	230.0	36	1.05	0.95				
	316	2	69.12369501754387	13.824739003508773	0.0	0.0	3	1.0466229386637709	-2.8541380748232013	230.0	36	1.05	0.95				
	317	1	0.0	0.0	0.0	0.0	3	1.0480707227020634	-0.6766818981551255	230.0	37	1.05	0.95				
	318	2	230.18190440842105	47.004112611929834	0.0	0.0	3	1.0481235535916267	-0.36289450135117024	230.0	37	1.05	0.95				
	319	1	125.1138879817544	25.57576715649123	0.0	0.0	3	1.0414926965228002	-4.101246652791631	230.0	35	1.05	0.95				
	320	1	88.47832962245614	17.972160704561404	0.0	0.0	3	1.0425873755478072	-4.0835276604913995	230.0	35	1.05	0.95				
	321	2	0.0	0.0	0.0	0.0	3	1.05	0.6199363317333135	230.0	37	1.05	0.95				
	322	2	0.0	0.0	0.0	0.0	3	1.05	5.8864560396458625	230.0	37	1.05	0.95				
	323	2	0.0	0.0	0.0	0.0	3	1.0445596215404391	-3.7041312815930287	230.0	35	1.05	0.95				
	324	1	0.0	0.0	0.0	0.0	3	1.0224164783574334	-6.6993946473642705	230.0	36	1.05	0.95				
	325	1	0.0	0.0	0.0	0.0	3	1.0405012656700123	-2.4574092654172572	230.0	35	1.05	0.95				
];
