%% MATPOWER Case Format : Version 2
function mpc = RTS_GMLC
mpc.version = '2';

%%-----  Power Flow Data  -----%%
%% system MVA base
mpc.baseMVA = 100.0;
%% bus data
%    bus_i    type    Pd    Qd    Gs    Bs    area    Vm    Va    baseKV    zone    Vmax    Vmin
mpc.bus = [
	101	2	55.93715981052632	11.394606628070173	0.0	0.0	1	1.029967618868536	0.9611890183851637	138.0	11	1.05	0.95				
	102	2	50.23985649649122	10.358733298245614	0.0	0.0	1	1.0295476587007775	0.8055963084602642	138.0	12	1.05	0.95				
	103	1	93.22859968421051	19.163656601754383	0.0	0.0	1	1.025416670606227	-0.4291484137382843	138.0	11	1.05	0.95				
	104	1	38.327313203508766	7.76904997368421	0.0	0.0	1	1.0184917935651718	-2.312054233778256	138.0	11	1.05	0.95				
	105	1	36.77350320877192	7.25111330877193	0.0	0.0	1	1.0328969170807891	-2.1769050475160725	138.0	11	1.05	0.95				
	106	1	70.43938642807018	14.50222661754386	0.0	-100.0	1	1.042034193938367	-4.446918602188815	138.0	12	1.05	0.95				
	107	2	64.74208311403508	12.948416622807017	0.0	0.0	1	1.0221172523789162	-6.782620910194524	138.0	12	1.05	0.95				
	108	1	88.56716969999998	18.12778327192982	0.0	0.0	1	1.015522365196851	-6.9043261400477105	138.0	12	1.05	0.95				
	109	1	90.63891635964912	18.645719936842102	0.0	0.0	1	1.0255367564265274	-2.75467464168496	138.0	13	1.05	0.95				
	110	1	100.99764965789473	20.717466596491228	0.0	0.0	1	1.05	-3.712972199670295	138.0	13	1.05	0.95				
	111	1	0.0	0.0	0.0	0.0	1	1.0060744129234127	-0.641577070176023	230.0	13	1.05	0.95				
	112	1	0.0	0.0	0.0	0.0	1	1.0118585915227591	-0.2811688358322254	230.0	13	1.05	0.95				
	113	3	137.25321620175436	27.96857990526316	0.0	0.0	1	1.0023864326769651	1.089047189984046e-27	230.0	14	1.05	0.95				
	114	2	100.47971299298244	20.199529931578944	0.0	0.0	1	1.0025934743883145	1.5080451518363893	230.0	16	1.05	0.95				
	115	2	164.18592277719296	33.14794655438596	0.0	0.0	1	1.0390244310708894	8.11597711596711	230.0	16	1.05	0.95				
	116	2	51.793666491228066	10.358733298245614	0.0	0.0	1	1.0359560155833667	7.570148364490363	230.0	16	1.05	0.95				
	117	1	0.0	0.0	0.0	0.0	1	1.0416530244693956	10.014412670553282	230.0	17	1.05	0.95				
	118	2	172.47290941578945	35.21969321403509	0.0	0.0	1	1.044200718979485	10.081903733338939	230.0	17	1.05	0.95				
	119	1	93.7465363491228	19.163656601754383	0.0	0.0	1	1.0303847343452022	6.102054273276116	230.0	15	1.05	0.95				
	120	1	66.29589310877192	13.466353287719295	0.0	0.0	1	1.0297538082859286	5.819434018364852	230.0	15	1.05	0.95				
	121	2	0.0	0.0	0.0	0.0	1	1.047605477989205	11.332338092494526	230.0	17	1.05	0.95				
	122	2	0.0	0.0	0.0	0.0	1	1.05	19.39564798827124	230.0	17	1.05	0.95				
	123	2	0.0	0.0	0.0	0.0	1	1.0303338519070773	6.057966507017985	230.0	15	1.05	0.95				
	124	1	0.0	0.0	0.0	0.0	1	1.0231257040995163	4.929126675466777	230.0	16	1.05	0.95				
	201	2	67.8633716463158	13.82402015017544	0.0	0.0	2	1.0322795301451317	-14.476936432188523	138.0	21	1.05	0.95				
	202	2	60.95136157122807	12.567291045614034	0.0	0.0	2	1.0325193955838303	-14.575540224806755	138.0	22	1.05	0.95				
	203	1	113.10561941052633	23.249488434385963	0.0	0.0	2	1.0196604854463316	-11.52285270385124	138.0	21	1.05	0.95				
	204	1	46.498976868771926	9.425468284210528	0.0	0.0	2	1.0167923714459086	-16.68676310950669	138.0	21	1.05	0.95				
	205	1	44.613883211929824	8.797103731929825	0.0	0.0	2	1.0329648337585862	-17.05742203843457	138.0	21	1.05	0.95				
	206	1	85.45757911017544	17.59420746385965	0.0	-100.0	2	1.039955865617241	-19.10031123824148	138.0	22	1.05	0.95				
	207	2	78.54556903508771	15.709113807017545	0.0	0.0	2	0.9856637045457359	-28.548304650978082	138.0	22	1.05	0.95				
	208	1	107.45033844000001	21.99275932982456	0.0	0.0	2	0.9854995653157086	-25.502597231108414	138.0	22	1.05	0.95				
	209	1	109.96379664912281	22.621123882105262	0.0	0.0	2	1.0233110808250336	-15.860379588804136	138.0	23	1.05	0.95				
	210	1	122.53108769473684	25.13458209122807	0.0	0.0	2	1.05	-17.6873303512375	138.0	23	1.05	0.95				
	211	1	0.0	0.0	0.0	0.0	2	1.0183670260212556	-12.347092081201124	230.0	23	1.05	0.95				
	212	1	0.0	0.0	0.0	0.0	2	1.0161021004762218	-11.41618384203349	230.0	23	1.05	0.95				
	213	2	166.51660635438597	33.9316858231579	0.0	0.0	2	1.020610184310891	-11.030082802954594	230.0	24	1.05	0.95				
	214	2	121.90272314245614	24.506217538947368	0.0	0.0	2	1.0294243907269203	-9.117331842408056	230.0	26	1.05	0.95				
	215	2	199.19156307298243	40.21533134596491	0.0	0.0	2	1.0369834468250694	-0.39935371060001684	230.0	26	1.05	0.95				
	216	2	62.83645522807018	12.567291045614034	0.0	0.0	2	1.0409159202820761	-0.6931869656697897	230.0	26	1.05	0.95				
	217	1	0.0	0.0	0.0	0.0	2	1.0422598709053608	2.5839110266819443	230.0	27	1.05	0.95				
	218	2	209.2453959094737	42.72878955508772	0.0	0.0	2	1.0436628070929774	2.8544061709631974	230.0	27	1.05	0.95				
	219	1	113.73398396280703	23.249488434385963	0.0	0.0	2	1.040717471186915	-1.4110397497327307	230.0	25	1.05	0.95				
	220	1	80.43066269192983	16.337478359298245	0.0	0.0	2	1.0456893448780342	-0.8496700227422945	230.0	25	1.05	0.95				
	221	2	0.0	0.0	0.0	0.0	2	1.0433454118426557	2.5330719358901277	230.0	27	1.05	0.95				
	222	2	0.0	0.0	0.0	0.0	2	1.05	9.058755889623267	230.0	27	1.05	0.95				
	223	2	0.0	0.0	0.0	0.0	2	1.049999995344001	-0.08494946430985262	230.0	25	1.05	0.95				
	224	1	0.0	0.0	0.0	0.0	2	1.0166653957803833	-4.539227849636974	230.0	26	1.05	0.95				
	301	2	43.95507749052632	8.953812081403507	0.0	0.0	3	1.0109206042118681	-8.564485381481845	138.0	31	1.05	0.95				
	302	2	39.47817144982456	8.13982916491228	0.0	0.0	3	1.01067771264468	-8.809217446918643	138.0	32	1.05	0.95				
	303	1	73.25846248421051	15.058683955087718	0.0	0.0	3	1.0428242079199743	0.7617899225822464	138.0	31	1.05	0.95				
	304	1	30.117367910175435	6.10487187368421	0.0	0.0	3	1.0122346033603282	-7.823060813068983	138.0	31	1.05	0.95				
	305	1	28.89639353543859	5.697880415438596	0.0	0.0	3	1.0255029708657561	-8.96563790300229	138.0	31	1.05	0.95				
	306	1	55.35083832140351	11.395760830877192	0.0	-100.0	3	1.0417252928932552	-9.690768313089182	138.0	32	1.05	0.95				
	307	2	50.87393228070175	10.17478645614035	0.0	0.0	3	0.9902697585961854	-13.921736965837809	138.0	32	1.05	0.95				
	308	1	69.59553935999999	14.244701038596489	0.0	0.0	3	0.9986475962296347	-12.118406058062783	138.0	32	1.05	0.95				
	309	1	71.22350519298244	14.651692496842102	0.0	0.0	3	1.0256330707351804	-5.341583101692315	138.0	33	1.05	0.95				
	310	1	79.36333435789473	16.27965832982456	0.0	0.0	3	1.05	-8.054070030202308	138.0	33	1.05	0.95				
	311	1	0.0	0.0	0.0	0.0	3	1.0064874918823068	-3.503389099758427	230.0	33	1.05	0.95				
	312	1	0.0	0.0	0.0	0.0	3	1.0118094331619645	-2.9570858897868413	230.0	33	1.05	0.95				
	313	2	107.8527364350877	21.97753874526316	0.0	0.0	3	1.009345407155351	-0.4670827715972116	230.0	34	1.05	0.95				
	314	2	78.95634289964912	15.872666871578947	0.0	0.0	3	1.000258053673728	-2.844672861421318	230.0	36	1.05	0.95				
	315	2	129.01629226385964	26.047453327719296	0.0	0.0	3	1.0335218992608632	0.584363481449222	230.0	36	1.05	0.95				
	316	2	40.6991458245614	8.13982916491228	0.0	0.0	3	1.0291419606562593	0.4822846328397226	230.0	36	1.05	0.95				
	317	1	0.0	0.0	0.0	0.0	3	1.037739711779731	1.7720319488525156	230.0	37	1.05	0.95				
	318	2	135.52815559578946	27.675419160701754	0.0	0.0	3	1.0385340142599293	1.5133479935975376	230.0	37	1.05	0.95				
	319	1	73.66545394245614	15.058683955087718	0.0	0.0	3	1.023119837286563	-0.022560992859561944	230.0	35	1.05	0.95				
	320	1	52.09490665543859	10.581777914385965	0.0	0.0	3	1.0205277686570142	0.33674446347578463	230.0	35	1.05	0.95				
	321	2	0.0	0.0	0.0	0.0	3	1.0400160774282052	2.4113892077412613	230.0	37	1.05	0.95				
	322	2	0.0	0.0	0.0	0.0	3	1.05	6.474249561578747	230.0	37	1.05	0.95				
	323	2	0.0	0.0	0.0	0.0	3	1.0196504243018416	0.8540893597616206	230.0	35	1.05	0.95				
	324	1	0.0	0.0	0.0	0.0	3	1.0330710470735145	0.6518558776101723	230.0	36	1.05	0.95				
	325	1	0.0	0.0	0.0	0.0	3	1.0197014818152041	1.7573978259970373	230.0	35	1.05	0.95				
];
