%% MATPOWER Case Format : Version 2
function mpc = RTS_GMLC
mpc.version = '2';

%%-----  Power Flow Data  -----%%
%% system MVA base
mpc.baseMVA = 100.0;
%% bus data
%    bus_i    type    Pd    Qd    Gs    Bs    area    Vm    Va    baseKV    zone    Vmax    Vmin
mpc.bus = [
	101	2	90.51212269894737	18.43765462385965	0.0	0.0	1	1.0387665254035094	-4.278858810395092	138.0	11	1.05	0.95				
	102	2	81.29329538701754	16.761504203508775	0.0	0.0	1	1.0385995796845102	-4.376779457538141	138.0	12	1.05	0.95				
	103	1	150.85353783157896	31.008782776491227	0.0	0.0	1	1.0196000222506114	-4.961579874115187	138.0	11	1.05	0.95				
	104	1	62.017565552982454	12.571128152631578	0.0	0.0	1	1.018595942925913	-7.026264535287215	138.0	11	1.05	0.95				
	105	1	59.50333992245614	11.733052942456142	0.0	0.0	1	1.0332463403709942	-7.280554195519628	138.0	11	1.05	0.95				
	106	1	113.97822858385966	23.466105884912285	0.0	-100.0	1	1.0350325992834175	-9.729681422639656	138.0	12	1.05	0.95				
	107	2	104.75940127192982	20.951880254385966	0.0	0.0	1	1.0453666822744043	-4.679868874321154	138.0	12	1.05	0.95				
	108	1	143.31086094	29.332632356140348	0.0	0.0	1	1.0201465423684926	-8.24191337547627	138.0	12	1.05	0.95				
	109	1	146.66316178070176	30.17070756631579	0.0	0.0	1	1.0273689005218507	-6.22441041851938	138.0	13	1.05	0.95				
	110	1	163.42466598421052	33.52300840701755	0.0	0.0	1	1.05	-7.701556770711935	138.0	13	1.05	0.95				
	111	1	0.0	0.0	0.0	0.0	1	1.0178734083645964	-2.906148378652576	230.0	13	1.05	0.95				
	112	1	0.0	0.0	0.0	0.0	1	1.0188253508571232	-1.6380960312509945	230.0	13	1.05	0.95				
	113	3	222.08993069649122	45.25606134947368	0.0	0.0	1	1.02328936471619	-3.0397609334160066e-29	230.0	14	1.05	0.95				
	114	2	162.58659077403507	32.68493319684211	0.0	0.0	1	1.022320700693551	-1.3965667926632872	230.0	16	1.05	0.95				
	115	2	265.669841625614	53.63681345122807	0.0	0.0	1	1.0450491444117624	5.94633305214251	230.0	16	1.05	0.95				
	116	2	83.80752101754386	16.761504203508775	0.0	0.0	1	1.0449020050429705	5.833353046525811	230.0	16	1.05	0.95				
	117	1	0.0	0.0	0.0	0.0	1	1.0478787749278422	8.631559604426396	230.0	17	1.05	0.95				
	118	2	279.07904498842106	56.98911429192983	0.0	0.0	1	1.0493851786748045	9.18154034576083	230.0	17	1.05	0.95				
	119	1	151.6916130417544	31.008782776491227	0.0	0.0	1	1.0397220874905857	5.172158794431749	230.0	15	1.05	0.95				
	120	1	107.27362690245614	21.789955464561405	0.0	0.0	1	1.0425605226196326	6.0514672615676215	230.0	15	1.05	0.95				
	121	2	0.0	0.0	0.0	0.0	1	1.05	9.864035919516708	230.0	17	1.05	0.95				
	122	2	0.0	0.0	0.0	0.0	1	1.05	15.898663506758957	230.0	17	1.05	0.95				
	123	2	0.0	0.0	0.0	0.0	1	1.0468431554818614	7.144878999285297	230.0	15	1.05	0.95				
	124	1	0.0	0.0	0.0	0.0	1	1.0218655689185394	1.9188628637802696	230.0	16	1.05	0.95				
	201	2	76.09129544842106	15.500078702456141	0.0	0.0	2	1.0357192505502366	-7.5655571467489136	138.0	21	1.05	0.95				
	202	2	68.34125609719298	14.090980638596493	0.0	0.0	2	1.035839645399786	-7.6211181328456155	138.0	22	1.05	0.95				
	203	1	126.81882574736842	26.068314181403508	0.0	0.0	2	1.028762418953178	-5.704792270080636	138.0	21	1.05	0.95				
	204	1	52.136628362807016	10.568235478947367	0.0	0.0	2	1.0187616105274178	-9.263525608002478	138.0	21	1.05	0.95				
	205	1	50.02298126701754	9.863686447017544	0.0	0.0	2	1.0339119730819444	-9.574257257308414	138.0	21	1.05	0.95				
	206	1	95.81866834245615	19.72737289403509	0.0	-100.0	2	1.0388177196183008	-11.360721905358533	138.0	22	1.05	0.95				
	207	2	88.06862899122807	17.613725798245614	0.0	0.0	2	0.9705943462201756	-21.86945416888177	138.0	22	1.05	0.95				
	208	1	120.47788445999998	24.65921611754386	0.0	0.0	2	0.9735764059837189	-18.404437318153406	138.0	22	1.05	0.95				
	209	1	123.2960805877193	25.363765149473682	0.0	0.0	2	1.0268066120352473	-7.758885503104513	138.0	23	1.05	0.95				
	210	1	137.38706122631578	28.181961277192986	0.0	0.0	2	1.05	-9.39221191458661	138.0	23	1.05	0.95				
	211	1	0.0	0.0	0.0	0.0	2	1.0218572658926004	-4.008238334459691	230.0	23	1.05	0.95				
	212	1	0.0	0.0	0.0	0.0	2	1.0220921793241273	-0.41234964020694753	230.0	23	1.05	0.95				
	213	2	186.7054934614035	38.04564772421053	0.0	0.0	2	1.0265522466574344	-1.5507882036383847	230.0	24	1.05	0.95				
	214	2	136.68251219438596	27.47741224526316	0.0	0.0	2	1.032899604402034	-1.656063157661556	230.0	26	1.05	0.95				
	215	2	223.34204312175436	45.09113804350877	0.0	0.0	2	1.0457720343478834	5.995165752131232	230.0	26	1.05	0.95				
	216	2	70.45490319298246	14.090980638596493	0.0	0.0	2	1.0475123848368488	5.950678601236701	230.0	26	1.05	0.95				
	217	1	0.0	0.0	0.0	0.0	2	1.0493004801892454	8.84573407816231	230.0	27	1.05	0.95				
	218	2	234.6148276326316	47.909334171228075	0.0	0.0	2	1.05	9.770693414188731	230.0	27	1.05	0.95				
	219	1	127.52337477929825	26.068314181403508	0.0	0.0	2	1.0437475118097248	5.308904619412776	230.0	25	1.05	0.95				
	220	1	90.18227608701754	18.318274830175437	0.0	0.0	2	1.0464851939534132	6.068816658154977	230.0	25	1.05	0.95				
	221	2	0.0	0.0	0.0	0.0	2	1.05	10.227251600341972	230.0	27	1.05	0.95				
	222	2	0.0	0.0	0.0	0.0	2	1.05	16.1969926444012	230.0	27	1.05	0.95				
	223	2	0.0	0.0	0.0	0.0	2	1.05	6.997927085033249	230.0	25	1.05	0.95				
	224	1	0.0	0.0	0.0	0.0	2	1.0246996073056238	1.6377203015825408	230.0	26	1.05	0.95				
	301	2	70.33154066526316	14.326795320701752	0.0	0.0	3	1.0076962058017633	-17.334686817953564	138.0	31	1.05	0.95				
	302	2	63.16814300491227	13.024359382456138	0.0	0.0	3	1.0071731429707234	-17.475394224851918	138.0	32	1.05	0.95				
	303	1	117.21923444210525	24.095064857543857	0.0	0.0	3	1.0205698523581916	-10.394456255132576	138.0	31	1.05	0.95				
	304	1	48.190129715087714	9.768269536842105	0.0	0.0	3	1.0047931918121027	-15.367199418164258	138.0	31	1.05	0.95				
	305	1	46.23647580771929	9.117051567719297	0.0	0.0	3	1.0193236753726733	-15.862112871473546	138.0	31	1.05	0.95				
	306	1	88.56564380070175	18.234103135438595	0.0	-100.0	3	1.0333225822103704	-15.756635478907068	138.0	32	1.05	0.95				
	307	2	81.40224614035087	16.280449228070175	0.0	0.0	3	0.993308557211614	-22.299749563563388	138.0	32	1.05	0.95				
	308	1	111.35827271999999	22.79262891929824	0.0	0.0	3	0.9940149085025719	-19.207348900046387	138.0	32	1.05	0.95				
	309	1	113.96314459649122	23.44384688842105	0.0	0.0	3	1.026218188401079	-10.983832534436706	138.0	33	1.05	0.95				
	310	1	126.98750397894736	26.048718764912277	0.0	0.0	3	1.05	-12.30160239059756	138.0	33	1.05	0.95				
	311	1	0.0	0.0	0.0	0.0	3	1.018715225345322	-4.895255282361161	230.0	33	1.05	0.95				
	312	1	0.0	0.0	0.0	0.0	3	1.0193037249293406	-4.164825554975057	230.0	33	1.05	0.95				
	313	2	172.57276181754384	35.16577033263158	0.0	0.0	3	1.0345510826559337	0.5856438932429135	230.0	34	1.05	0.95				
	314	2	126.33628600982453	25.397500795789473	0.0	0.0	3	1.0278479755387149	-3.0657826076386265	230.0	36	1.05	0.95				
	315	2	206.43609621192977	41.677950023859644	0.0	0.0	3	1.0436364494348613	-0.39288280542588283	230.0	36	1.05	0.95				
	316	2	65.1217969122807	13.024359382456138	0.0	0.0	3	1.0418884283764496	0.03725020329640983	230.0	36	1.05	0.95				
	317	1	0.0	0.0	0.0	0.0	3	1.0454856640454322	1.7607697681184715	230.0	37	1.05	0.95				
	318	2	216.85558371789472	44.282821900350875	0.0	0.0	3	1.046004321675398	1.842640895230415	230.0	37	1.05	0.95				
	319	1	117.87045241122807	24.095064857543857	0.0	0.0	3	1.0387909661853185	0.23204911393056976	230.0	35	1.05	0.95				
	320	1	83.35590004771929	16.931667197192983	0.0	0.0	3	1.0390334360039428	0.612362989505191	230.0	35	1.05	0.95				
	321	2	0.0	0.0	0.0	0.0	3	1.0486088103888702	2.75561689868526	230.0	37	1.05	0.95				
	322	2	0.0	0.0	0.0	0.0	3	1.05	8.137733706029595	230.0	37	1.05	0.95				
	323	2	0.0	0.0	0.0	0.0	3	1.03978922863746	0.9139777298470189	230.0	35	1.05	0.95				
	324	1	0.0	0.0	0.0	0.0	3	1.0245746094025137	-2.601943983180882	230.0	36	1.05	0.95				
	325	1	0.0	0.0	0.0	0.0	3	1.038982755209792	1.6679578576367695	230.0	35	1.05	0.95				
];
