%% MATPOWER Case Format : Version 2
function mpc = RTS_GMLC
mpc.version = '2';

%%-----  Power Flow Data  -----%%
%% system MVA base
mpc.baseMVA = 100.0;
%% bus data
%    bus_i    type    Pd    Qd    Gs    Bs    area    Vm    Va    baseKV    zone    Vmax    Vmin
mpc.bus = [
	101	2	54.45423056842106	11.092528449122808	0.0	0.0	1	1.0329804995816037	0.10067190263352745	138.0	11	1.05	0.95				
	102	2	48.90796634385965	10.084116771929825	0.0	0.0	1	1.032566136394644	-0.06410727129256961	138.0	12	1.05	0.95				
	103	1	90.75705094736844	18.655616028070177	0.0	0.0	1	1.02760858336344	-1.0184755432119073	138.0	11	1.05	0.95				
	104	1	37.311232056140355	7.563087578947368	0.0	0.0	1	1.0199191140210673	-3.2318372168852165	138.0	11	1.05	0.95				
	105	1	35.798614540350876	7.058881740350878	0.0	0.0	1	1.03455680399335	-3.114245004293662	138.0	11	1.05	0.95				
	106	1	68.57199404912282	14.117763480701756	0.0	-100.0	1	1.0431024677180583	-5.420596447863113	138.0	12	1.05	0.95				
	107	2	63.0257298245614	12.605145964912282	0.0	0.0	1	1.0010699217402983	-12.830912587478307	138.0	12	1.05	0.95				
	108	1	86.21919840000001	17.647204350877193	0.0	0.0	1	1.0012536936853806	-10.76866401498276	138.0	12	1.05	0.95				
	109	1	88.23602175438597	18.151410189473687	0.0	0.0	1	1.025213088972999	-3.781057969284829	138.0	13	1.05	0.95				
	110	1	98.32013852631579	20.16823354385965	0.0	0.0	1	1.05	-4.783159867463434	138.0	13	1.05	0.95				
	111	1	0.0	0.0	0.0	0.0	1	1.0076414798137947	-1.1359859320011039	230.0	13	1.05	0.95				
	112	1	0.0	0.0	0.0	0.0	1	1.0123364613748038	-0.9086373012126057	230.0	13	1.05	0.95				
	113	3	133.6145472280702	27.22711528421053	0.0	0.0	1	1.0051574344466416	2.5470384963669128e-27	230.0	14	1.05	0.95				
	114	2	97.8159326877193	19.66402770526316	0.0	0.0	1	1.0064962809140579	1.1190059024744017	230.0	16	1.05	0.95				
	115	2	159.83325083508774	32.26917367017544	0.0	0.0	1	1.041841895081468	7.979706763903974	230.0	16	1.05	0.95				
	116	2	50.42058385964913	10.084116771929825	0.0	0.0	1	1.0384690730604622	7.24355212091574	230.0	16	1.05	0.95				
	117	1	0.0	0.0	0.0	0.0	1	1.0435232629352693	10.109818466684432	230.0	17	1.05	0.95				
	118	2	167.9005442526316	34.28599702456141	0.0	0.0	1	1.0468227666882735	10.228094981198508	230.0	17	1.05	0.95				
	119	1	91.26125678596492	18.655616028070177	0.0	0.0	1	1.031738040399282	5.547860133742073	230.0	15	1.05	0.95				
	120	1	64.53834734035088	13.109351803508773	0.0	0.0	1	1.0300776935506855	5.035246821898516	230.0	15	1.05	0.95				
	121	2	0.0	0.0	0.0	0.0	1	1.05	11.49485542115595	230.0	17	1.05	0.95				
	122	2	0.0	0.0	0.0	0.0	1	1.05	20.840610377719127	230.0	17	1.05	0.95				
	123	2	0.0	0.0	0.0	0.0	1	1.0300088336006228	5.1368413330732245	230.0	15	1.05	0.95				
	124	1	0.0	0.0	0.0	0.0	1	1.0251755313375415	4.624677277039165	230.0	16	1.05	0.95				
	201	2	64.02140719578948	13.041397762105264	0.0	0.0	2	1.0289440830190706	-14.55707245327506	138.0	21	1.05	0.95				
	202	2	57.50070831473684	11.85581614736842	0.0	0.0	2	1.029393060538133	-14.562345298449875	138.0	22	1.05	0.95				
	203	1	106.7023453263158	21.933259872631577	0.0	0.0	2	1.0166798036836604	-12.724749449747657	138.0	21	1.05	0.95				
	204	1	43.866519745263155	8.891862110526315	0.0	0.0	2	1.0162691937753	-16.474492055449858	138.0	21	1.05	0.95				
	205	1	42.08814732315789	8.299071303157895	0.0	0.0	2	1.0318964211955362	-16.77391238265502	138.0	21	1.05	0.95				
	206	1	80.61954980210527	16.59814260631579	0.0	-100.0	2	1.040387159613295	-18.56681266391944	138.0	22	1.05	0.95				
	207	2	74.09885092105263	14.819770184210526	0.0	0.0	2	0.9880107482278626	-27.408154310706454	138.0	22	1.05	0.95				
	208	1	101.36722806	20.747678257894737	0.0	0.0	2	0.9887004731405045	-24.565411533259883	138.0	22	1.05	0.95				
	209	1	103.73839128947368	21.340469065263157	0.0	0.0	2	1.023589058337979	-15.620773946757135	138.0	23	1.05	0.95				
	210	1	115.5942074368421	23.71163229473684	0.0	0.0	2	1.05	-17.136228037454664	138.0	23	1.05	0.95				
	211	1	0.0	0.0	0.0	0.0	2	1.015976565309656	-11.905273285431436	230.0	23	1.05	0.95				
	212	1	0.0	0.0	0.0	0.0	2	1.0147811148903523	-10.968544896156963	230.0	23	1.05	0.95				
	213	2	157.08956395263155	32.01070359789474	0.0	0.0	2	1.0172760675689898	-10.488077182815042	230.0	24	1.05	0.95				
	214	2	115.00141662947368	23.11884148736842	0.0	0.0	2	1.025456193268367	-8.68917077472607	230.0	26	1.05	0.95				
	215	2	187.91468593578946	37.93861167157895	0.0	0.0	2	1.0370651947103742	-0.3336147523424181	230.0	26	1.05	0.95				
	216	2	59.279080736842104	11.85581614736842	0.0	0.0	2	1.0401888787473172	-0.5291223898942247	230.0	26	1.05	0.95				
	217	1	0.0	0.0	0.0	0.0	2	1.0420140973159568	2.5348458838012258	230.0	27	1.05	0.95				
	218	2	197.3993388536842	40.309774901052634	0.0	0.0	2	1.0433654644982313	2.847294658120746	230.0	27	1.05	0.95				
	219	1	107.29513613368422	21.933259872631577	0.0	0.0	2	1.0404515327303432	-1.0928540119827777	230.0	25	1.05	0.95				
	220	1	75.8772233431579	15.412560991578946	0.0	0.0	2	1.0453913971810576	-0.4633353622673093	230.0	25	1.05	0.95				
	221	2	0.0	0.0	0.0	0.0	2	1.043196924918483	2.547987942516274	230.0	27	1.05	0.95				
	222	2	0.0	0.0	0.0	0.0	2	1.05	9.048351490449251	230.0	27	1.05	0.95				
	223	2	0.0	0.0	0.0	0.0	2	1.0495406323283802	0.3135493794299483	230.0	25	1.05	0.95				
	224	1	0.0	0.0	0.0	0.0	2	1.0139313388702096	-4.9343073175499725	230.0	26	1.05	0.95				
	301	2	44.04049351578947	8.971211642105262	0.0	0.0	3	1.0089195379102005	-12.908253055984343	138.0	31	1.05	0.95				
	302	2	39.554887694736834	8.155646947368421	0.0	0.0	3	1.0087793020412719	-13.024901556343709	138.0	32	1.05	0.95				
	303	1	73.40082252631578	15.087946852631577	0.0	0.0	3	1.0268585171067197	-7.5315613340684635	138.0	31	1.05	0.95				
	304	1	30.175893705263153	6.116735210526315	0.0	0.0	3	1.0114523045203259	-11.699191467852307	138.0	31	1.05	0.95				
	305	1	28.95254666315789	5.7089528631578945	0.0	0.0	3	1.0242579822800384	-12.438223213096391	138.0	31	1.05	0.95				
	306	1	55.45839924210526	11.417905726315789	0.0	-100.0	3	1.0412465143188063	-12.670840909599766	138.0	32	1.05	0.95				
	307	2	50.97279342105263	10.194558684210525	0.0	0.0	3	0.9899824630212529	-17.019684362026897	138.0	32	1.05	0.95				
	308	1	69.73078139999998	14.272382157894734	0.0	0.0	3	0.9986369461259238	-15.216203106889699	138.0	32	1.05	0.95				
	309	1	71.36191078947367	14.680164505263155	0.0	0.0	3	1.0261293754885983	-8.942407958398466	138.0	33	1.05	0.95				
	310	1	79.5175577368421	16.311293894736842	0.0	0.0	3	1.05	-10.654528433927112	138.0	33	1.05	0.95				
	311	1	0.0	0.0	0.0	0.0	3	1.0068126692711092	-5.160743340432363	230.0	33	1.05	0.95				
	312	1	0.0	0.0	0.0	0.0	3	1.0105957218889998	-4.87912252760141	230.0	33	1.05	0.95				
	313	2	108.06232205263156	22.020246757894736	0.0	0.0	3	1.009463953371076	-1.9105602633600145	230.0	34	1.05	0.95				
	314	2	79.10977538947367	15.90351154736842	0.0	0.0	3	1.005529812354688	-3.253238709372486	230.0	36	1.05	0.95				
	315	2	129.26700411578946	26.098070231578944	0.0	0.0	3	1.038254374048754	1.3116297736857268	230.0	36	1.05	0.95				
	316	2	40.7782347368421	8.155646947368421	0.0	0.0	3	1.0372022283586253	1.7823152863698752	230.0	36	1.05	0.95				
	317	1	0.0	0.0	0.0	0.0	3	1.0497188662618713	6.187503544983639	230.0	37	1.05	0.95				
	318	2	135.7915216736842	27.72919962105263	0.0	0.0	3	1.0475305536905049	4.247609299083976	230.0	37	1.05	0.95				
	319	1	73.8086048736842	15.087946852631577	0.0	0.0	3	1.0294437909968057	0.6475882543725988	230.0	35	1.05	0.95				
	320	1	52.19614046315789	10.602341031578947	0.0	0.0	3	1.0254910763137546	0.44455609286990433	230.0	35	1.05	0.95				
	321	2	0.0	0.0	0.0	0.0	3	1.0455345992484923	3.8816007457247075	230.0	37	1.05	0.95				
	322	2	0.0	0.0	0.0	0.0	3	1.05	9.128356075700733	230.0	37	1.05	0.95				
	323	2	0.0	0.0	0.0	0.0	3	1.023747262437762	0.6492455331304328	230.0	35	1.05	0.95				
	324	1	0.0	0.0	0.0	0.0	3	1.022863950621017	-1.9949144108973735	230.0	36	1.05	0.95				
	325	1	0.0	0.0	0.0	0.0	3	1.0234926314864847	1.5807410913480542	230.0	35	1.05	0.95				
];
