%% MATPOWER Case Format : Version 2
function mpc = RTS_GMLC
mpc.version = '2';

%%-----  Power Flow Data  -----%%
%% system MVA base
mpc.baseMVA = 100.0;
%% bus data
%    bus_i    type    Pd    Qd    Gs    Bs    area    Vm    Va    baseKV    zone    Vmax    Vmin
mpc.bus = [
	101	2	56.712023734736846	11.552449279298244	0.0	0.0	1	1.0334432970368703	3.1318449418042267	138.0	11	1.05	0.95				
	102	2	50.93579909508772	10.50222661754386	0.0	0.0	1	1.0335113409216008	3.0980440858923353	138.0	12	1.05	0.95				
	103	1	94.52003955789475	19.42911924245614	0.0	0.0	1	1.0264185790378728	0.8669805828533671	138.0	11	1.05	0.95				
	104	1	38.85823848491228	7.876669963157894	0.0	0.0	1	1.0199772803276261	-0.5144851855326649	138.0	11	1.05	0.95				
	105	1	37.2829044922807	7.351558632280702	0.0	0.0	1	1.0343240156932765	-0.3340202026351436	138.0	11	1.05	0.95				
	106	1	71.41514099929826	14.703117264561405	0.0	-100.0	1	1.0424961722611392	-2.7618411968546126	138.0	12	1.05	0.95				
	107	2	65.63891635964913	13.127783271929824	0.0	0.0	1	1.0344806782873155	-2.108664182687884	138.0	12	1.05	0.95				
	108	1	89.79403758	18.378896580701753	0.0	0.0	1	1.0230484625075424	-3.606555160884575	138.0	12	1.05	0.95				
	109	1	91.89448290350877	18.904007911578947	0.0	0.0	1	1.0257257087288805	-1.3488306799251624	138.0	13	1.05	0.95				
	110	1	102.39670952105261	21.00445323508772	0.0	0.0	1	1.05	-2.194160353327438	138.0	13	1.05	0.95				
	111	1	0.0	0.0	0.0	0.0	1	1.0054060820618747	0.13421273084107946	230.0	13	1.05	0.95				
	112	1	0.0	0.0	0.0	0.0	1	1.0111259304407305	0.5663899560569485	230.0	13	1.05	0.95				
	113	3	139.15450268245613	28.356011867368423	0.0	0.0	1	0.9990135055607524	-6.403328121408283e-30	230.0	14	1.05	0.95				
	114	2	101.87159819017543	20.47934190421053	0.0	0.0	1	1.0017544401322507	2.2738996940599905	230.0	16	1.05	0.95				
	115	2	166.46029188807017	33.60712517614035	0.0	0.0	1	1.0407843333203057	8.813220781282759	230.0	16	1.05	0.95				
	116	2	52.511133087719294	10.50222661754386	0.0	0.0	1	1.0371067886682004	8.351610568053042	230.0	16	1.05	0.95				
	117	1	0.0	0.0	0.0	0.0	1	1.0446170309253497	10.77078057697527	230.0	17	1.05	0.95				
	118	2	174.86207318210526	35.70757049964913	0.0	0.0	1	1.0477390747428468	11.15246413640833	230.0	17	1.05	0.95				
	119	1	95.04515088877193	19.42911924245614	0.0	0.0	1	1.0308532590006438	7.02097248964517	230.0	15	1.05	0.95				
	120	1	67.2142503522807	13.652894602807017	0.0	0.0	1	1.0296358974726234	6.870198018417434	230.0	15	1.05	0.95				
	121	2	0.0	0.0	0.0	0.0	1	1.05	11.420609055724002	230.0	17	1.05	0.95				
	122	2	0.0	0.0	0.0	0.0	1	1.05	17.678820256035948	230.0	17	1.05	0.95				
	123	2	0.0	0.0	0.0	0.0	1	1.029943159721858	7.186984540271819	230.0	15	1.05	0.95				
	124	1	0.0	0.0	0.0	0.0	1	1.0252252169103235	5.853908926166233	230.0	16	1.05	0.95				
	201	2	65.68739177684212	13.380764991578948	0.0	0.0	2	1.0319408964205108	-10.944081726612604	138.0	21	1.05	0.95				
	202	2	58.997009281052634	12.164331810526317	0.0	0.0	2	1.032092573600737	-11.047187309379705	138.0	22	1.05	0.95				
	203	1	109.47898629473684	22.504013849473687	0.0	0.0	2	1.0230078251104613	-7.960466952407933	138.0	21	1.05	0.95				
	204	1	45.00802769894737	9.123248857894737	0.0	0.0	2	1.0171539071605809	-13.266355699004535	138.0	21	1.05	0.95				
	205	1	43.18337792736842	8.515032267368422	0.0	0.0	2	1.033001987709435	-13.638154221781223	138.0	21	1.05	0.95				
	206	1	82.71745631157896	17.030064534736844	0.0	-100.0	2	1.0403669949307055	-15.727475330047543	138.0	22	1.05	0.95				
	207	2	76.02707381578948	15.205414763157895	0.0	0.0	2	0.9870401984736735	-24.879271970399927	138.0	22	1.05	0.95				
	208	1	104.00503698000001	21.287580668421054	0.0	0.0	2	0.9873721336323251	-21.949325318648135	138.0	22	1.05	0.95				
	209	1	106.43790334210527	21.89579725894737	0.0	0.0	2	1.0236253334474235	-12.610287076952782	138.0	23	1.05	0.95				
	210	1	118.60223515263158	24.328663621052634	0.0	0.0	2	1.05	-14.445939874485967	138.0	23	1.05	0.95				
	211	1	0.0	0.0	0.0	0.0	2	1.0164045366401269	-9.328144666305672	230.0	23	1.05	0.95				
	212	1	0.0	0.0	0.0	0.0	2	1.0161616024186075	-8.631708215555534	230.0	23	1.05	0.95				
	213	2	161.1773964894737	32.84369588842106	0.0	0.0	2	1.016845532982465	-8.098385440769832	230.0	24	1.05	0.95				
	214	2	117.99401856210527	23.72044703052632	0.0	0.0	2	1.0260799767127384	-6.218330468734433	230.0	26	1.05	0.95				
	215	2	192.80465919684212	38.92586179368421	0.0	0.0	2	1.0381388230891402	2.2581768065704755	230.0	26	1.05	0.95				
	216	2	60.82165905263158	12.164331810526317	0.0	0.0	2	1.0416006841581653	1.876981837457907	230.0	26	1.05	0.95				
	217	1	0.0	0.0	0.0	0.0	2	1.0435148956948403	5.334703525094098	230.0	27	1.05	0.95				
	218	2	202.5361246452632	41.35872815578948	0.0	0.0	2	1.0457889390299946	5.953416372972673	230.0	27	1.05	0.95				
	219	1	110.08720288526317	22.504013849473687	0.0	0.0	2	1.041106873834819	0.7181118626815721	230.0	25	1.05	0.95				
	220	1	77.85172358736843	15.813631353684213	0.0	0.0	2	1.0456922069033503	0.8595116262259015	230.0	25	1.05	0.95				
	221	2	0.0	0.0	0.0	0.0	2	1.045990382244884	5.911671334400991	230.0	27	1.05	0.95				
	222	2	0.0	0.0	0.0	0.0	2	1.05	12.193037785277165	230.0	27	1.05	0.95				
	223	2	0.0	0.0	0.0	0.0	2	1.0495750927583058	1.3809506137885956	230.0	25	1.05	0.95				
	224	1	0.0	0.0	0.0	0.0	2	1.019750432103419	-1.5514060046278444	230.0	26	1.05	0.95				
	301	2	52.59917747368421	10.714647263157895	0.0	0.0	3	1.0069441607289868	-24.53576021745785	138.0	31	1.05	0.95				
	302	2	47.241853842105265	9.740588421052632	0.0	0.0	3	1.006419034175099	-24.66014691175902	138.0	32	1.05	0.95				
	303	1	87.66529578947369	18.02008857894737	0.0	0.0	3	1.0231716991279407	-18.37648023508061	138.0	31	1.05	0.95				
	304	1	36.04017715789474	7.305441315789474	0.0	0.0	3	1.0086593061779212	-23.034013964502922	138.0	31	1.05	0.95				
	305	1	34.57908889473684	6.818411894736842	0.0	0.0	3	1.0219682111169162	-23.836495123230797	138.0	31	1.05	0.95				
	306	1	66.2360012631579	13.636823789473684	0.0	-100.0	3	1.0383162499473924	-24.01081711820747	138.0	32	1.05	0.95				
	307	2	60.878677631578945	12.17573552631579	0.0	0.0	3	0.9922153930124225	-29.479247424458556	138.0	32	1.05	0.95				
	308	1	83.282031	17.046029736842105	0.0	0.0	3	0.9966462219959603	-27.23427493297615	138.0	32	1.05	0.95				
	309	1	85.23014868421053	17.533059157894737	0.0	0.0	3	1.0264706725498587	-19.71457986892731	138.0	33	1.05	0.95				
	310	1	94.97073710526315	19.481176842105263	0.0	0.0	3	1.05	-21.57208895105846	138.0	33	1.05	0.95				
	311	1	0.0	0.0	0.0	0.0	3	1.0129718419982756	-15.038859405212056	230.0	33	1.05	0.95				
	312	1	0.0	0.0	0.0	0.0	3	1.014178390109549	-14.53699853763143	230.0	33	1.05	0.95				
	313	2	129.06279657894737	26.299588736842104	0.0	0.0	3	1.0169957566353451	-11.415397910724414	230.0	34	1.05	0.95				
	314	2	94.48370768421053	18.99414742105263	0.0	0.0	3	1.0204333852269303	-12.582791384317284	230.0	36	1.05	0.95				
	315	2	154.3883264736842	31.16988294736842	0.0	0.0	3	1.0453560284501637	-6.62556200388701	230.0	36	1.05	0.95				
	316	2	48.70294210526316	9.740588421052632	0.0	0.0	3	1.0442277515680751	-6.232363520660404	230.0	36	1.05	0.95				
	317	1	0.0	0.0	0.0	0.0	3	1.0472493139039205	-4.105778844970131	230.0	37	1.05	0.95				
	318	2	162.18079721052632	33.11800063157895	0.0	0.0	3	1.047887378545942	-3.826475456341333	230.0	37	1.05	0.95				
	319	1	88.15232521052631	18.02008857894737	0.0	0.0	3	1.0404751207899188	-7.251301914151955	230.0	35	1.05	0.95				
	320	1	62.33976589473684	12.662764947368421	0.0	0.0	3	1.0407890834039566	-7.216148510517333	230.0	35	1.05	0.95				
	321	2	0.0	0.0	0.0	0.0	3	1.0499999976375134	-3.1112206061036725	230.0	37	1.05	0.95				
	322	2	0.0	0.0	0.0	0.0	3	1.05	2.273551659121237	230.0	37	1.05	0.95				
	323	2	0.0	0.0	0.0	0.0	3	1.041749157619177	-6.8335030675099055	230.0	35	1.05	0.95				
	324	1	0.0	0.0	0.0	0.0	3	1.0222935542849632	-10.98052077012479	230.0	36	1.05	0.95				
	325	1	0.0	0.0	0.0	0.0	3	1.0361130991344367	-5.331296861468364	230.0	35	1.05	0.95				
];
