%% MATPOWER Case Format : Version 2
function mpc = RTS_GMLC
mpc.version = '2';

%%-----  Power Flow Data  -----%%
%% system MVA base
mpc.baseMVA = 100.0;
%% bus data
%    bus_i    type    Pd    Qd    Gs    Bs    area    Vm    Va    baseKV    zone    Vmax    Vmin
mpc.bus = [
	101	2	79.38347354526317	16.170707574035088	0.0	0.0	1	1.032692446097481	-2.065497824644879	138.0	11	1.05	0.95				
	102	2	71.29811975824563	14.70064324912281	0.0	0.0	1	1.0327983120761701	-2.1178959087029106	138.0	12	1.05	0.95				
	103	1	132.30578924210528	27.196190010877196	0.0	0.0	1	1.0234902228212432	-2.4983051889436485	138.0	11	1.05	0.95				
	104	1	54.39238002175439	11.025482436842106	0.0	0.0	1	1.017007602361346	-5.2022750454850275	138.0	11	1.05	0.95				
	105	1	52.18728353438596	10.290450274385968	0.0	0.0	1	1.031356643574895	-5.325539810792614	138.0	11	1.05	0.95				
	106	1	99.96437409403511	20.580900548771936	0.0	-100.0	1	1.036470382037831	-7.812591259560278	138.0	12	1.05	0.95				
	107	2	91.87902030701756	18.37580406140351	0.0	0.0	1	1.05	-5.977786777150588	138.0	12	1.05	0.95				
	108	1	125.69049978000002	25.726125685964913	0.0	0.0	1	1.0261930760333582	-8.077260254564885	138.0	12	1.05	0.95				
	109	1	128.63062842982458	26.461157848421056	0.0	0.0	1	1.0271535271399748	-4.885046011600679	138.0	13	1.05	0.95				
	110	1	143.3312716789474	29.40128649824562	0.0	0.0	1	1.05	-6.310353973952237	138.0	13	1.05	0.95				
	111	1	0.0	0.0	0.0	0.0	1	1.0128449941835072	-2.034151690193143	230.0	13	1.05	0.95				
	112	1	0.0	0.0	0.0	0.0	1	1.0166323443843304	-1.2813482442362665	230.0	13	1.05	0.95				
	113	3	194.7835230508772	39.691736772631586	0.0	0.0	1	1.0155422182316765	1.6337736543751416e-29	230.0	14	1.05	0.95				
	114	2	142.59623951649127	28.666254335789475	0.0	0.0	1	1.0128273460560218	-0.19247837731517367	230.0	16	1.05	0.95				
	115	2	233.0051954985965	47.04205839719299	0.0	0.0	1	1.0439971302211528	7.445341325776217	230.0	16	1.05	0.95				
	116	2	73.50321624561404	14.70064324912281	0.0	0.0	1	1.0416221115240574	6.831788615650739	230.0	16	1.05	0.95				
	117	1	0.0	0.0	0.0	0.0	1	1.045684188385699	9.673942531045812	230.0	17	1.05	0.95				
	118	2	244.76571009789478	49.982187047017554	0.0	0.0	1	1.0477369930526774	10.140521563522302	230.0	17	1.05	0.95				
	119	1	133.04082140456143	27.196190010877196	0.0	0.0	1	1.0360325902501692	5.58898262992078	230.0	15	1.05	0.95				
	120	1	94.08411679438598	19.110836223859653	0.0	0.0	1	1.0368967534926046	5.534153852229697	230.0	15	1.05	0.95				
	121	2	0.0	0.0	0.0	0.0	1	1.05	11.507953601388635	230.0	17	1.05	0.95				
	122	2	0.0	0.0	0.0	0.0	1	1.05	17.71177248307392	230.0	17	1.05	0.95				
	123	2	0.0	0.0	0.0	0.0	1	1.039326035661588	6.049815306821705	230.0	15	1.05	0.95				
	124	1	0.0	0.0	0.0	0.0	1	1.0238589188477734	3.758675006860042	230.0	16	1.05	0.95				
	201	2	95.23311821052633	19.399338894736843	0.0	0.0	2	1.05	-16.793858618151024	138.0	21	1.05	0.95				
	202	2	85.53344876315789	17.63576263157895	0.0	0.0	2	1.05	-16.907906919143507	138.0	22	1.05	0.95				
	203	1	158.72186368421052	32.62616086842105	0.0	0.0	2	1.0232026616732297	-11.836377624754189	138.0	21	1.05	0.95				
	204	1	65.2523217368421	13.22682197368421	0.0	0.0	2	1.0204821402738558	-17.8118585622633	138.0	21	1.05	0.95				
	205	1	62.60695734210526	12.345033842105265	0.0	0.0	2	1.0387668043067966	-18.43448968111953	138.0	21	1.05	0.95				
	206	1	119.92318589473685	24.69006768421053	0.0	-100.0	2	1.0370237168870822	-20.188405372894447	138.0	22	1.05	0.95				
	207	2	110.22351644736843	22.044703289473684	0.0	0.0	2	0.95	-30.401259334614938	138.0	22	1.05	0.95				
	208	1	150.7857705	30.86258460526316	0.0	0.0	2	0.9542290222103359	-27.154842744708844	138.0	22	1.05	0.95				
	209	1	154.31292302631581	31.74437273684211	0.0	0.0	2	1.0251096179152515	-15.000159042178524	138.0	23	1.05	0.95				
	210	1	171.94868565789474	35.2715252631579	0.0	0.0	2	1.0498598041946456	-17.356549755020477	138.0	23	1.05	0.95				
	211	1	0.0	0.0	0.0	0.0	2	1.0332988368034988	-10.69041778239293	230.0	23	1.05	0.95				
	212	1	0.0	0.0	0.0	0.0	2	1.0276718564519745	-5.802682058887288	230.0	23	1.05	0.95				
	213	2	233.67385486842105	47.616559105263164	0.0	0.0	2	1.05	-7.583593920328547	230.0	24	1.05	0.95				
	214	2	171.06689752631578	34.389737131578954	0.0	0.0	2	1.05	-8.175453704297304	230.0	26	1.05	0.95				
	215	2	279.5268377105263	56.434440421052635	0.0	0.0	2	1.0432498313475609	1.306792585964924	230.0	26	1.05	0.95				
	216	2	88.17881315789474	17.63576263157895	0.0	0.0	2	1.047268214065578	0.8527877457352714	230.0	26	1.05	0.95				
	217	1	0.0	0.0	0.0	0.0	2	1.0483478034759055	4.277476394859428	230.0	27	1.05	0.95				
	218	2	293.6354478157895	59.96159294736842	0.0	0.0	2	1.05	4.854202315486577	230.0	27	1.05	0.95				
	219	1	159.60365181578948	32.62616086842105	0.0	0.0	2	1.041747125891772	0.2561528924535839	230.0	25	1.05	0.95				
	220	1	112.86888084210527	22.926491421052635	0.0	0.0	2	1.045107485556077	1.3876013110487166	230.0	25	1.05	0.95				
	221	2	0.0	0.0	0.0	0.0	2	1.05	5.399798686220041	230.0	27	1.05	0.95				
	222	2	0.0	0.0	0.0	0.0	2	1.05	11.47124853641063	230.0	27	1.05	0.95				
	223	2	0.0	0.0	0.0	0.0	2	1.05	2.6460592179636784	230.0	25	1.05	0.95				
	224	1	0.0	0.0	0.0	0.0	2	1.0190956890805576	-3.576437767874796	230.0	26	1.05	0.95				
	301	2	87.97848783157895	17.92154381754386	0.0	0.0	3	0.9783365116498083	-8.177179541212157	138.0	31	1.05	0.95				
	302	2	79.01771592280701	16.29231256140351	0.0	0.0	3	0.9811061680269965	-8.564484905790692	138.0	32	1.05	0.95				
	303	1	146.63081305263157	30.14077823859649	0.0	0.0	3	0.9933422413716201	-4.101161656739754	138.0	31	1.05	0.95				
	304	1	60.28155647719298	12.21923442105263	0.0	0.0	3	0.9704402275019723	-6.615127481075753	138.0	31	1.05	0.95				
	305	1	57.837709592982456	11.404618792982458	0.0	0.0	3	0.982231868203666	-6.592351877072014	138.0	31	1.05	0.95				
	306	1	110.78772541754387	22.809237585964915	0.0	-100.0	3	0.9910962249732942	-6.660010088141594	138.0	32	1.05	0.95				
	307	2	101.82695350877194	20.365390701754386	0.0	0.0	3	0.95	-12.16708169318016	138.0	32	1.05	0.95				
	308	1	139.2992724	28.51154698245614	0.0	0.0	3	0.9537662170241215	-8.789611314363901	138.0	32	1.05	0.95				
	309	1	142.5577349122807	29.326162610526314	0.0	0.0	3	0.9929311989878671	-1.452830845851082	138.0	33	1.05	0.95				
	310	1	158.8500474736842	32.58462512280702	0.0	0.0	3	1.0114399845359157	-2.186608455825568	138.0	33	1.05	0.95				
	311	1	0.0	0.0	0.0	0.0	3	0.9885104557629437	6.373600441946465	230.0	33	1.05	0.95				
	312	1	0.0	0.0	0.0	0.0	3	0.9924141020859523	7.803282078613484	230.0	33	1.05	0.95				
	313	2	215.87314143859646	43.98924391578947	0.0	0.0	3	1.0210451011497768	15.891664993245412	230.0	34	1.05	0.95				
	314	2	158.03543184561403	31.77000949473684	0.0	0.0	3	1.0010034092138196	5.865237333900118	230.0	36	1.05	0.95				
	315	2	258.2331540982456	52.13540019649122	0.0	0.0	3	1.045786995226563	3.1360605050970345	230.0	36	1.05	0.95				
	316	2	81.46156280701754	16.29231256140351	0.0	0.0	3	1.041760696552971	4.348940918230695	230.0	36	1.05	0.95				
	317	1	0.0	0.0	0.0	0.0	3	1.0465259547496524	4.5977518252907235	230.0	37	1.05	0.95				
	318	2	271.2670041473684	55.393862708771934	0.0	0.0	3	1.0461700917864267	3.8357250082574588	230.0	37	1.05	0.95				
	319	1	147.44542868070175	30.14077823859649	0.0	0.0	3	1.033088368664506	6.010229776860141	230.0	35	1.05	0.95				
	320	1	104.27080039298244	21.18000632982456	0.0	0.0	3	1.0300604008980172	7.565122141857879	230.0	35	1.05	0.95				
	321	2	0.0	0.0	0.0	0.0	3	1.049999996169756	5.120318349157167	230.0	37	1.05	0.95				
	322	2	0.0	0.0	0.0	0.0	3	1.05	9.258650036886067	230.0	37	1.05	0.95				
	323	2	0.0	0.0	0.0	0.0	3	1.0303204351011952	8.647661575423221	230.0	35	1.05	0.95				
	324	1	0.0	0.0	0.0	0.0	3	1.0192417212326286	2.561389176509114	230.0	36	1.05	0.95				
	325	1	0.0	0.0	0.0	0.0	3	1.0322372945870293	8.900862015232134	230.0	35	1.05	0.95				
];

%% generator data
%    bus    Pg    Qg    Qmax    Qmin    Vg    mBase    status    Pmax    Pmin    Pc1    Pc2    Qc1min    Qc1max    Qc2min    Qc2max    ramp_agc    ramp_10    ramp_30    ramp_q    apf
