%% MATPOWER Case Format : Version 2
function mpc = RTS_GMLC
mpc.version = '2';

%%-----  Power Flow Data  -----%%
%% system MVA base
mpc.baseMVA = 100.0;
%% bus data
%    bus_i    type    Pd    Qd    Gs    Bs    area    Vm    Va    baseKV    zone    Vmax    Vmin
mpc.bus = [
	101	2	50.71350816000001	10.330529440000001	0.0	0.0	1	1.0316131565421829	-0.3888533262860546	138.0	11	1.05	0.95				
	102	2	45.54824344	9.3913904	0.0	0.0	1	1.0307098782087913	-0.6583641587163142	138.0	12	1.05	0.95				
	103	1	84.52251360000001	17.37407224	0.0	0.0	1	1.0265837602825663	-1.2655321973136535	138.0	11	1.05	0.95				
	104	1	34.74814448	7.043542799999999	0.0	0.0	1	1.019726103176628	-3.3699469283513785	138.0	11	1.05	0.95				
	105	1	33.33943592	6.573973280000001	0.0	0.0	1	1.034568935581486	-3.2352602908793293	138.0	11	1.05	0.95				
	106	1	63.86145472000001	13.147946560000001	0.0	-100.0	1	1.0439205825843607	-5.3387376125583685	138.0	12	1.05	0.95				
	107	2	58.69619	11.739238	0.0	0.0	1	1.0005379190569141	-11.500484148967788	138.0	12	1.05	0.95				
	108	1	80.29638792	16.4349332	0.0	0.0	1	1.002623037184197	-9.846140595626181	138.0	12	1.05	0.95				
	109	1	82.174666	16.90450272	0.0	0.0	1	1.0247967726344345	-3.6775849511440444	138.0	13	1.05	0.95				
	110	1	91.56605640000001	18.7827808	0.0	0.0	1	1.05	-4.633618178547777	138.0	13	1.05	0.95				
	111	1	0.0	0.0	0.0	0.0	1	1.0057551551800088	-1.1590106341669058	230.0	13	1.05	0.95				
	112	1	0.0	0.0	0.0	0.0	1	1.0101913408968464	-0.9351233856833161	230.0	13	1.05	0.95				
	113	3	124.4359228	25.356754080000005	0.0	0.0	1	1.0014564696459276	-3.3014712522131146e-30	230.0	14	1.05	0.95				
	114	2	91.09648688	18.31321128	0.0	0.0	1	1.0040203231324625	0.9432217973637511	230.0	16	1.05	0.95				
	115	2	148.85353784	30.052449280000005	0.0	0.0	1	1.0367396316168052	7.078939903416708	230.0	16	1.05	0.95				
	116	2	46.956952	9.3913904	0.0	0.0	1	1.0339470948442064	6.666581388746476	230.0	16	1.05	0.95				
	117	1	0.0	0.0	0.0	0.0	1	1.039608137763267	9.649782084440167	230.0	17	1.05	0.95				
	118	2	156.36665016	31.930727360000006	0.0	0.0	1	1.0427607977916178	9.83821891035979	230.0	17	1.05	0.95				
	119	1	84.99208312	17.37407224	0.0	0.0	1	1.0273247845906248	5.106762713105126	230.0	15	1.05	0.95				
	120	1	60.10489856000001	12.20880752	0.0	0.0	1	1.0253077892448736	4.654901448935056	230.0	15	1.05	0.95				
	121	2	0.0	0.0	0.0	0.0	1	1.045512848195978	11.100632394296639	230.0	17	1.05	0.95				
	122	2	0.0	0.0	0.0	0.0	1	1.05	20.27303961865032	230.0	17	1.05	0.95				
	123	2	0.0	0.0	0.0	0.0	1	1.0249008435111047	4.767719764273366	230.0	15	1.05	0.95				
	124	1	0.0	0.0	0.0	0.0	1	1.0223768956455224	3.9559555647760107	230.0	16	1.05	0.95				
	201	2	52.546513452631594	10.703919407017546	0.0	0.0	2	1.0251771130582639	-11.592523186553795	138.0	21	1.05	0.95				
	202	2	47.19455374912281	9.730835824561405	0.0	0.0	2	1.0261859647690073	-11.401882910380364	138.0	22	1.05	0.95				
	203	1	87.57752242105265	18.002046275438598	0.0	0.0	2	1.0164673706643153	-10.41406266380292	138.0	21	1.05	0.95				
	204	1	36.004092550877196	7.298126868421054	0.0	0.0	2	1.0168554050348102	-12.892694567907647	138.0	21	1.05	0.95				
	205	1	34.544467177192985	6.8115850771929844	0.0	0.0	2	1.0316051250513967	-13.217890664133373	138.0	21	1.05	0.95				
	206	1	66.16968360701756	13.623170154385969	0.0	-100.0	2	1.0428774738256374	-14.55945967098366	138.0	22	1.05	0.95				
	207	2	60.81772390350878	12.163544780701756	0.0	0.0	2	0.9911202361260835	-21.565244702837997	138.0	22	1.05	0.95				
	208	1	83.19864630000001	17.028962692982457	0.0	0.0	2	0.9953692696103069	-19.314361150078245	138.0	22	1.05	0.95				
	209	1	85.14481346491229	17.515504484210528	0.0	0.0	2	1.023344050448848	-12.115902260901375	138.0	23	1.05	0.95				
	210	1	94.8756492894737	19.46167164912281	0.0	0.0	2	1.05	-13.307017175682123	138.0	23	1.05	0.95				
	211	1	0.0	0.0	0.0	0.0	2	1.008722885820815	-8.9944469830871	230.0	23	1.05	0.95				
	212	1	0.0	0.0	0.0	0.0	2	1.0102276602298805	-7.851198699018102	230.0	23	1.05	0.95				
	213	2	128.9335746754386	26.273256726315797	0.0	0.0	2	1.0070095827743553	-7.385249266462301	230.0	24	1.05	0.95				
	214	2	94.38910749824562	18.97512985789474	0.0	0.0	2	1.0107939261732957	-6.604648855103662	230.0	26	1.05	0.95				
	215	2	154.23374781929826	31.1386746385965	0.0	0.0	2	1.0263868316125662	-0.2930899855728568	230.0	26	1.05	0.95				
	216	2	48.65417912280702	9.730835824561405	0.0	0.0	2	1.0282869148322857	-0.2557094630719436	230.0	26	1.05	0.95				
	217	1	0.0	0.0	0.0	0.0	2	1.0319361264628157	1.5586910459911099	230.0	27	1.05	0.95				
	218	2	162.0184164789474	33.08484180350878	0.0	0.0	2	1.0312402380388934	1.0851355361028963	230.0	27	1.05	0.95				
	219	1	88.06406421228071	18.002046275438598	0.0	0.0	2	1.0295907076862743	0.10140796174353299	230.0	25	1.05	0.95				
	220	1	62.277349277193	12.650086571929828	0.0	0.0	2	1.034378076178865	1.349014307279877	230.0	25	1.05	0.95				
	221	2	0.0	0.0	0.0	0.0	2	1.0326636656315022	1.4262776069875804	230.0	27	1.05	0.95				
	222	2	0.0	0.0	0.0	0.0	2	1.05	7.973239411316684	230.0	27	1.05	0.95				
	223	2	0.0	0.0	0.0	0.0	2	1.0382408381051005	2.3951338354514733	230.0	25	1.05	0.95				
	224	1	0.0	0.0	0.0	0.0	2	1.0102079238846895	-4.085348004791947	230.0	26	1.05	0.95				
	301	2	38.47136983578948	7.836760522105264	0.0	0.0	3	1.0126532301963893	-9.052425149567101	138.0	31	1.05	0.95				
	302	2	34.55298957473685	7.124327747368422	0.0	0.0	3	1.012595492065987	-9.149121730260715	138.0	32	1.05	0.95				
	303	1	64.1189497263158	13.18000633263158	0.0	0.0	3	1.0245095983324197	-4.41957692966145	138.0	31	1.05	0.95				
	304	1	26.36001266526316	5.343245810526316	0.0	0.0	3	1.013735612754209	-7.939375615902197	138.0	31	1.05	0.95				
	305	1	25.2913635031579	4.987029423157896	0.0	0.0	3	1.0269481386328185	-8.649207577191849	138.0	31	1.05	0.95				
	306	1	48.44542868210527	9.974058846315792	0.0	-100.0	3	1.0436752075544125	-8.872068043432824	138.0	32	1.05	0.95				
	307	2	44.52704842105264	8.905409684210527	0.0	0.0	3	0.9845399231818749	-12.44278450826106	138.0	32	1.05	0.95				
	308	1	60.913002240000004	12.467573557894736	0.0	0.0	3	0.9973066803077344	-10.935807274125304	138.0	32	1.05	0.95				
	309	1	62.33786778947369	12.823789945263158	0.0	0.0	3	1.025028157584949	-5.480597530063363	138.0	33	1.05	0.95				
	310	1	69.4621955368421	14.248655494736845	0.0	0.0	3	1.05	-7.096151511588737	138.0	33	1.05	0.95				
	311	1	0.0	0.0	0.0	0.0	3	1.0027426018029835	-2.311643397886298	230.0	33	1.05	0.95				
	312	1	0.0	0.0	0.0	0.0	3	1.0082076539523195	-2.0040716072961313	230.0	33	1.05	0.95				
	313	2	94.3973426526316	19.23568491789474	0.0	0.0	3	1.0056809221372776	0.8561625420280414	230.0	34	1.05	0.95				
	314	2	69.1059791494737	13.892439107368423	0.0	0.0	3	0.9953038590440078	-0.9536652425443379	230.0	36	1.05	0.95				
	315	2	112.92059479578948	22.79784879157895	0.0	0.0	3	1.0254960840215481	2.9218220289498955	230.0	36	1.05	0.95				
	316	2	35.62163873684211	7.124327747368422	0.0	0.0	3	1.022988619372142	3.0309727345741213	230.0	36	1.05	0.95				
	317	1	0.0	0.0	0.0	0.0	3	1.0389607642872951	7.7777016695079775	230.0	37	1.05	0.95				
	318	2	118.62005699368423	24.222714341052637	0.0	0.0	3	1.0374522530654382	5.958112791681513	230.0	37	1.05	0.95				
	319	1	64.47516611368422	13.18000633263158	0.0	0.0	3	1.0172795786243454	2.166194939535543	230.0	35	1.05	0.95				
	320	1	45.5956975831579	9.261626071578949	0.0	0.0	3	1.0144805546396216	2.120058904506474	230.0	35	1.05	0.95				
	321	2	0.0	0.0	0.0	0.0	3	1.0358625980950469	5.557879170334893	230.0	37	1.05	0.95				
	322	2	0.0	0.0	0.0	0.0	3	1.0499999952643626	10.738806314314504	230.0	37	1.05	0.95				
	323	2	0.0	0.0	0.0	0.0	3	1.0131832450035851	2.378458419210235	230.0	35	1.05	0.95				
	324	1	0.0	0.0	0.0	0.0	3	1.0157266783125307	0.14815813011106413	230.0	36	1.05	0.95				
	325	1	0.0	0.0	0.0	0.0	3	1.0143138144036798	3.140245192202327	230.0	35	1.05	0.95				
];

%% generator data
%    bus    Pg    Qg    Qmax    Qmin    Vg    mBase    status    Pmax    Pmin    Pc1    Pc2    Qc1min    Qc1max    Qc2min    Qc2max    ramp_agc    ramp_10    ramp_30    ramp_q    apf
