%% MATPOWER Case Format : Version 2
function mpc = RTS_GMLC
mpc.version = '2';

%%-----  Power Flow Data  -----%%
%% system MVA base
mpc.baseMVA = 100.0;
%% bus data
%    bus_i    type    Pd    Qd    Gs    Bs    area    Vm    Va    baseKV    zone    Vmax    Vmin
mpc.bus = [
	101	2	97.8733300168421	19.937159818245615	0.0	0.0	1	1.0481456472253197	-2.1859468348553426	138.0	11	1.05	0.95				
	102	2	87.90475010771928	18.124690743859652	0.0	0.0	1	1.0479179238600522	-2.346728505010724	138.0	12	1.05	0.95				
	103	1	163.12221669473684	33.530677876140345	0.0	0.0	1	1.0213179174245792	-3.0498725656595247	138.0	11	1.05	0.95				
	104	1	67.06135575228069	13.593518057894736	0.0	0.0	1	1.022597004984449	-5.7493139273841285	138.0	11	1.05	0.95				
	105	1	64.34265214070174	12.687283520701756	0.0	0.0	1	1.0364117870770377	-6.250681405236437	138.0	11	1.05	0.95				
	106	1	123.24789705824561	25.374567041403512	0.0	-100.0	1	1.0345435530183404	-9.365623638329259	138.0	12	1.05	0.95				
	107	2	113.2793171491228	22.65586342982456	0.0	0.0	1	1.05	-6.988221684712489	138.0	12	1.05	0.95				
	108	1	154.96610586	31.718208801754383	0.0	0.0	1	1.0209852895047715	-9.672155526919678	138.0	12	1.05	0.95				
	109	1	158.59104400877192	32.624443338947366	0.0	0.0	1	1.0273191686325964	-5.863142214090277	138.0	13	1.05	0.95				
	110	1	176.71573475263156	36.249381487719305	0.0	0.0	1	1.05	-7.591335801609417	138.0	13	1.05	0.95				
	111	1	0.0	0.0	0.0	0.0	1	1.0192423129688037	-2.5737311638961744	230.0	13	1.05	0.95				
	112	1	0.0	0.0	0.0	0.0	1	1.019462981106327	-1.6360013281368542	230.0	13	1.05	0.95				
	113	3	240.15215235614033	48.93666500842105	0.0	0.0	1	1.0242496251951452	2.7468599402338025e-30	230.0	14	1.05	0.95				
	114	2	175.80950021543856	35.34314695052632	0.0	0.0	1	1.0256822856878243	-0.691787622409389	230.0	16	1.05	0.95				
	115	2	287.2763482901754	57.99901038035088	0.0	0.0	1	1.0427223207737404	8.227549819898794	230.0	16	1.05	0.95				
	116	2	90.62345371929824	18.124690743859652	0.0	0.0	1	1.043117245705111	7.528512291671409	230.0	16	1.05	0.95				
	117	1	0.0	0.0	0.0	0.0	1	1.0470217956050727	11.32497355777812	230.0	17	1.05	0.95				
	118	2	301.7761008852632	61.623948529122806	0.0	0.0	1	1.05	12.343439347732891	230.0	17	1.05	0.95				
	119	1	164.0284512319298	33.530677876140345	0.0	0.0	1	1.0378307779345506	6.038106221008352	230.0	15	1.05	0.95				
	120	1	115.99802076070176	23.562097967017543	0.0	0.0	1	1.0408158545573483	5.993840468294566	230.0	15	1.05	0.95				
	121	2	0.0	0.0	0.0	0.0	1	1.05	13.330259053775395	230.0	17	1.05	0.95				
	122	2	0.0	0.0	0.0	0.0	1	1.05	19.059322167727117	230.0	17	1.05	0.95				
	123	2	0.0	0.0	0.0	0.0	1	1.045205243692601	6.6330967938470575	230.0	15	1.05	0.95				
	124	1	0.0	0.0	0.0	0.0	1	1.0206069852204163	4.046255646358475	230.0	16	1.05	0.95				
	201	2	87.22619234526317	17.768298440701756	0.0	0.0	2	1.0375903018088455	-12.54160919287866	138.0	21	1.05	0.95				
	202	2	78.34204312491228	16.152998582456142	0.0	0.0	2	1.0401743701604786	-12.653869397237225	138.0	22	1.05	0.95				
	203	1	145.3769872421053	29.883047377543864	0.0	0.0	2	1.02649330874775	-9.254723955131311	138.0	21	1.05	0.95				
	204	1	59.76609475508773	12.114748936842105	0.0	0.0	2	1.0187327463417155	-13.885656624092539	138.0	21	1.05	0.95				
	205	1	57.3431449677193	11.3070990077193	0.0	0.0	2	1.0334770302812575	-14.340543711761427	138.0	21	1.05	0.95				
	206	1	109.84039036070176	22.6141980154386	0.0	-100.0	2	1.036900443308626	-16.107508929636094	138.0	22	1.05	0.95				
	207	2	100.95624114035088	20.191248228070176	0.0	0.0	2	0.95	-27.631546324580736	138.0	22	1.05	0.95				
	208	1	138.10813788000002	28.267747519298247	0.0	0.0	2	0.9563219137643086	-23.768876101631566	138.0	22	1.05	0.95				
	209	1	141.33873759649126	29.075397448421054	0.0	0.0	2	1.0270919014444615	-11.634631211466074	138.0	23	1.05	0.95				
	210	1	157.49173617894738	32.305997164912284	0.0	0.0	2	1.05	-13.62373553171286	138.0	23	1.05	0.95				
	211	1	0.0	0.0	0.0	0.0	2	1.0335284970938097	-7.050682249616972	230.0	23	1.05	0.95				
	212	1	0.0	0.0	0.0	0.0	2	1.0276678457533084	-3.235094507219389	230.0	23	1.05	0.95				
	213	2	214.02723121754389	43.613096172631586	0.0	0.0	2	1.05	-3.760043044599879	230.0	24	1.05	0.95				
	214	2	156.68408624982456	31.498347235789474	0.0	0.0	2	1.05	-4.603586836953723	230.0	26	1.05	0.95				
	215	2	256.0250275319298	51.689595463859646	0.0	0.0	2	1.0461358910672187	3.9583468183290402	230.0	26	1.05	0.95				
	216	2	80.7649929122807	16.152998582456142	0.0	0.0	2	1.0499240049451608	3.836275492658575	230.0	26	1.05	0.95				
	217	1	0.0	0.0	0.0	0.0	2	1.04988434687149	6.8625347167166915	230.0	27	1.05	0.95				
	218	2	268.9474263978948	54.92019518035088	0.0	0.0	2	1.05	7.5961718516188705	230.0	27	1.05	0.95				
	219	1	146.1846371712281	29.883047377543864	0.0	0.0	2	1.0440017977685807	3.4959848765788384	230.0	25	1.05	0.95				
	220	1	103.37919092771929	20.998898157192986	0.0	0.0	2	1.0461153675831019	4.707790483988669	230.0	25	1.05	0.95				
	221	2	0.0	0.0	0.0	0.0	2	1.05	8.107353109347885	230.0	27	1.05	0.95				
	222	2	0.0	0.0	0.0	0.0	2	1.05	14.130882463332457	230.0	27	1.05	0.95				
	223	2	0.0	0.0	0.0	0.0	2	1.05	5.958450791984259	230.0	25	1.05	0.95				
	224	1	0.0	0.0	0.0	0.0	2	1.0219854996463178	-0.9530200325189409	230.0	26	1.05	0.95				
	301	2	85.00601076631578	17.316039230175438	0.0	0.0	3	0.9817399135050215	-4.5112612986127765	138.0	31	1.05	0.95				
	302	2	76.34799115122806	15.741853845614035	0.0	0.0	3	0.9842209995457907	-4.832066282562948	138.0	32	1.05	0.95				
	303	1	141.67668461052628	29.122429614385965	0.0	0.0	3	0.997425250678982	-0.4170977098134118	138.0	31	1.05	0.95				
	304	1	58.24485922877193	11.806390384210525	0.0	0.0	3	0.9754345056498137	-2.75615529784244	138.0	31	1.05	0.95				
	305	1	55.88358115192982	11.019297691929825	0.0	0.0	3	0.9872438063370162	-2.7841377411037778	138.0	31	1.05	0.95				
	306	1	107.04460615017544	22.03859538385965	0.0	-100.0	3	0.9973709112014304	-2.7297813372296678	138.0	32	1.05	0.95				
	307	2	98.3865865350877	19.677317307017542	0.0	0.0	3	0.95	-9.331469890177615	138.0	32	1.05	0.95				
	308	1	134.59285037999996	27.548244229824558	0.0	0.0	3	0.9560386141757234	-5.455135990735493	138.0	32	1.05	0.95				
	309	1	137.7412211491228	28.33533692210526	0.0	0.0	3	0.9982885857600795	2.3495342823380594	138.0	33	1.05	0.95				
	310	1	153.48307499473682	31.48370769122807	0.0	0.0	3	1.0173071835513443	1.6367734719682787	138.0	33	1.05	0.95				
	311	1	0.0	0.0	0.0	0.0	3	0.9942103564989191	10.143978517494817	230.0	33	1.05	0.95				
	312	1	0.0	0.0	0.0	0.0	3	0.9980340071669676	11.600707444386863	230.0	33	1.05	0.95				
	313	2	208.57956345438592	42.50300538315789	0.0	0.0	3	1.0281607166109243	19.756607965922214	230.0	34	1.05	0.95				
	314	2	152.69598230245612	30.696614998947364	0.0	0.0	3	1.005979938056356	9.498481966444048	230.0	36	1.05	0.95				
	315	2	249.5083834529824	50.37393230596491	0.0	0.0	3	1.0467790273751765	6.640150490823012	230.0	36	1.05	0.95				
	316	2	78.70926922807017	15.741853845614035	0.0	0.0	3	1.0425765754630634	7.88743484006062	230.0	36	1.05	0.95				
	317	1	0.0	0.0	0.0	0.0	3	1.0464184322192942	7.837146292227913	230.0	37	1.05	0.95				
	318	2	262.1018665294736	53.52230307508772	0.0	0.0	3	1.0462023979081483	7.187806107218021	230.0	37	1.05	0.95				
	319	1	142.46377730280702	29.122429614385965	0.0	0.0	3	1.0354991671709048	9.773851080121064	230.0	35	1.05	0.95				
	320	1	100.74786461192981	20.464409999298244	0.0	0.0	3	1.034161825670973	11.638394811431276	230.0	35	1.05	0.95				
	321	2	0.0	0.0	0.0	0.0	3	1.049999839458297	8.519142213165706	230.0	37	1.05	0.95				
	322	2	0.0	0.0	0.0	0.0	3	1.05	12.594804080114384	230.0	37	1.05	0.95				
	323	2	0.0	0.0	0.0	0.0	3	1.0343753162969898	12.504177796225655	230.0	35	1.05	0.95				
	324	1	0.0	0.0	0.0	0.0	3	1.0213790097884634	5.940569846391547	230.0	36	1.05	0.95				
	325	1	0.0	0.0	0.0	0.0	3	1.0364006921627082	12.582044349508433	230.0	35	1.05	0.95				
];
