%% MATPOWER Case Format : Version 2
function mpc = RTS_GMLC
mpc.version = '2';

%%-----  Power Flow Data  -----%%
%% system MVA base
mpc.baseMVA = 100.0;
%% bus data
%    bus_i    type    Pd    Qd    Gs    Bs    area    Vm    Va    baseKV    zone    Vmax    Vmin
mpc.bus = [
	101	2	67.54675903578948	13.759524988771929	0.0	0.0	1	1.0324093668802132	0.7843915206241121	138.0	11	1.05	0.95				
	102	2	60.666996541403506	12.508659080701753	0.0	0.0	1	1.0324550715560186	0.7458203949540394	138.0	12	1.05	0.95				
	103	1	112.57793172631578	23.141019299298243	0.0	0.0	1	1.0232992654077042	-0.8402097966485275	138.0	11	1.05	0.95				
	104	1	46.282038598596486	9.381494310526316	0.0	0.0	1	1.0180957337688703	-2.4686605418240233	138.0	11	1.05	0.95				
	105	1	44.40573973649122	8.756061356491228	0.0	0.0	1	1.0327271117254755	-2.37653491403226	138.0	11	1.05	0.95				
	106	1	85.05888174877192	17.512122712982457	0.0	-100.0	1	1.0396301778297365	-4.71818665232729	138.0	12	1.05	0.95				
	107	2	78.17911925438597	15.635823850877193	0.0	0.0	1	1.047761689157051	-0.8522970350536863	138.0	12	1.05	0.95				
	108	1	106.94903514	21.89015339122807	0.0	0.0	1	1.0277609575383275	-3.7242151493594173	138.0	12	1.05	0.95				
	109	1	109.45076695614036	22.515586345263156	0.0	0.0	1	1.0262543790528118	-2.567294230153278	138.0	13	1.05	0.95				
	110	1	121.95942603684209	25.017318161403505	0.0	0.0	1	1.05	-3.606089244024438	138.0	13	1.05	0.95				
	111	1	0.0	0.0	0.0	0.0	1	1.0087667702332486	-0.6310949258790342	230.0	13	1.05	0.95				
	112	1	0.0	0.0	0.0	0.0	1	1.0131486754405126	0.11991975489207021	230.0	13	1.05	0.95				
	113	3	165.73973281929824	33.77337951789474	0.0	0.0	1	1.0052111365557257	2.1118095507836623e-28	230.0	14	1.05	0.95				
	114	2	121.33399308280701	24.39188520736842	0.0	0.0	1	1.0070856268112225	1.3678240386204004	230.0	16	1.05	0.95				
	115	2	198.2622464291228	40.02770905824561	0.0	0.0	1	1.042116745986538	8.252642111543295	230.0	16	1.05	0.95				
	116	2	62.54329540350877	12.508659080701753	0.0	0.0	1	1.0391208141740365	7.908391874830574	230.0	16	1.05	0.95				
	117	1	0.0	0.0	0.0	0.0	1	1.0455435697924111	10.53866240095086	230.0	17	1.05	0.95				
	118	2	208.26917369368422	42.52944087438596	0.0	0.0	1	1.0483965208699586	11.019862033594288	230.0	17	1.05	0.95				
	119	1	113.20336468035089	23.141019299298243	0.0	0.0	1	1.033346294052903	6.8696004187608475	230.0	15	1.05	0.95				
	120	1	80.05541811649123	16.26125680491228	0.0	0.0	1	1.0335735673833317	7.1596312963263165	230.0	15	1.05	0.95				
	121	2	0.0	0.0	0.0	0.0	1	1.05	11.312036964662555	230.0	17	1.05	0.95				
	122	2	0.0	0.0	0.0	0.0	1	1.05	17.56973713120481	230.0	17	1.05	0.95				
	123	2	0.0	0.0	0.0	0.0	1	1.035226411659329	7.788570583103853	230.0	15	1.05	0.95				
	124	1	0.0	0.0	0.0	0.0	1	1.0236228897295214	4.878289585184503	230.0	16	1.05	0.95				
	201	2	73.5923185768421	14.991027858245614	0.0	0.0	2	1.0351255919696896	-9.372340527767005	138.0	21	1.05	0.95				
	202	2	66.0968046477193	13.62820714385965	0.0	0.0	2	1.0352409760670667	-9.47230804063318	138.0	22	1.05	0.95				
	203	1	122.65386429473686	25.21218321614035	0.0	0.0	2	1.0267516664378684	-6.146107592471109	138.0	21	1.05	0.95				
	204	1	50.4243664322807	10.221155357894737	0.0	0.0	2	1.018003911553927	-11.341094928290605	138.0	21	1.05	0.95				
	205	1	48.38013536070175	9.539745000701757	0.0	0.0	2	1.0337949074638684	-11.760531707793975	138.0	21	1.05	0.95				
	206	1	92.67180857824563	19.079490001403514	0.0	-100.0	2	1.0391854624050119	-13.744514038932587	138.0	22	1.05	0.95				
	207	2	85.17629464912281	17.03525892982456	0.0	0.0	2	0.9749003029204577	-23.91056854335252	138.0	22	1.05	0.95				
	208	1	116.52117108	23.849362501754385	0.0	0.0	2	0.9769127868966624	-20.573351041748797	138.0	22	1.05	0.95				
	209	1	119.24681250877194	24.53077285894737	0.0	0.0	2	1.0251160768838807	-10.110943750029424	138.0	23	1.05	0.95				
	210	1	132.87501965263158	27.2564142877193	0.0	0.0	2	1.05	-12.03681347626625	138.0	23	1.05	0.95				
	211	1	0.0	0.0	0.0	0.0	2	1.0216122777668526	-5.903804124805696	230.0	23	1.05	0.95				
	212	1	0.0	0.0	0.0	0.0	2	1.019084623786712	-5.01953966939733	230.0	23	1.05	0.95				
	213	2	180.57374465614035	36.79615928842105	0.0	0.0	2	1.0283431289541245	-3.1090964804237537	230.0	24	1.05	0.95				
	214	2	132.1936092954386	26.57500393052632	0.0	0.0	2	1.0339166105271	-3.268571819481791	230.0	26	1.05	0.95				
	215	2	216.00708323017543	43.61026286035088	0.0	0.0	2	1.0427353095941612	4.715154848777221	230.0	26	1.05	0.95				
	216	2	68.14103571929824	13.62820714385965	0.0	0.0	2	1.0457778183770883	4.6218042619154724	230.0	26	1.05	0.95				
	217	1	0.0	0.0	0.0	0.0	2	1.0473536682609588	7.931740271764435	230.0	27	1.05	0.95				
	218	2	226.90964894526314	46.335904289122816	0.0	0.0	2	1.0496717135594822	8.795247098972423	230.0	27	1.05	0.95				
	219	1	123.33527465192984	25.21218321614035	0.0	0.0	2	1.0429923319756027	3.636060338265987	230.0	25	1.05	0.95				
	220	1	87.22052572070176	17.716669287017545	0.0	0.0	2	1.0463665727874922	4.056620975390665	230.0	25	1.05	0.95				
	221	2	0.0	0.0	0.0	0.0	2	1.05	9.150169978168181	230.0	27	1.05	0.95				
	222	2	0.0	0.0	0.0	0.0	2	1.05	15.183747690932126	230.0	27	1.05	0.95				
	223	2	0.0	0.0	0.0	0.0	2	1.05	4.78310645328647	230.0	25	1.05	0.95				
	224	1	0.0	0.0	0.0	0.0	2	1.0231742631469083	0.6677493616135914	230.0	26	1.05	0.95				
	301	2	57.12622586526316	11.636823787368423	0.0	0.0	3	1.009303660267248	-21.880001982042437	138.0	31	1.05	0.95				
	302	2	51.30781397157895	10.578930715789475	0.0	0.0	3	1.0085112293004133	-22.061128229738415	138.0	32	1.05	0.95				
	303	1	95.21037644210527	19.571021824210526	0.0	0.0	3	1.0307708785013843	-13.580400755416209	138.0	31	1.05	0.95				
	304	1	39.14204364842105	7.934198036842105	0.0	0.0	3	1.009063381721384	-20.366205215402513	138.0	31	1.05	0.95				
	305	1	37.55520404105263	7.405251501052633	0.0	0.0	3	1.0226731708525676	-21.449766902251998	138.0	31	1.05	0.95				
	306	1	71.93672886736843	14.810503002105266	0.0	-100.0	3	1.0376238386153072	-21.81199657377544	138.0	32	1.05	0.95				
	307	2	66.11831697368422	13.223663394736842	0.0	0.0	3	0.9935671500453654	-26.98048329247526	138.0	32	1.05	0.95				
	308	1	90.44985762	18.513128752631577	0.0	0.0	3	0.9962373030101181	-24.84222600972451	138.0	32	1.05	0.95				
	309	1	92.56564376315791	19.042075288421053	0.0	0.0	3	1.0272332010298137	-16.82269203242616	138.0	33	1.05	0.95				
	310	1	103.14457447894736	21.15786143157895	0.0	0.0	3	1.05	-19.31998559999507	138.0	33	1.05	0.95				
	311	1	0.0	0.0	0.0	0.0	3	1.0149189827137448	-12.602348565887068	230.0	33	1.05	0.95				
	312	1	0.0	0.0	0.0	0.0	3	1.0151383775378917	-12.230737885543459	230.0	33	1.05	0.95				
	313	2	140.1708319842105	28.56311293263158	0.0	0.0	3	1.0183383236920018	-9.251704622035861	230.0	34	1.05	0.95				
	314	2	102.6156279431579	20.628914895789475	0.0	0.0	3	1.0239449632989548	-10.056789756553766	230.0	36	1.05	0.95				
	315	2	167.67605184526315	33.85257829052632	0.0	0.0	3	1.046198517685812	-3.526467492118416	230.0	36	1.05	0.95				
	316	2	52.89465357894737	10.578930715789475	0.0	0.0	3	1.045481868138542	-3.306326940621775	230.0	36	1.05	0.95				
	317	1	0.0	0.0	0.0	0.0	3	1.0484952172310338	-0.6759495688087861	230.0	37	1.05	0.95				
	318	2	176.13919641789474	35.968364433684215	0.0	0.0	3	1.0484678670535408	-0.5401397318565577	230.0	37	1.05	0.95				
	319	1	95.73932297789474	19.571021824210526	0.0	0.0	3	1.0400817750250366	-4.781456798189164	230.0	35	1.05	0.95				
	320	1	67.70515658105263	13.752609930526315	0.0	0.0	3	1.0396568492094758	-5.067561525536739	230.0	35	1.05	0.95				
	321	2	0.0	0.0	0.0	0.0	3	1.05	0.12275572654536145	230.0	37	1.05	0.95				
	322	2	0.0	0.0	0.0	0.0	3	1.05	5.585025518224843	230.0	37	1.05	0.95				
	323	2	0.0	0.0	0.0	0.0	3	1.0403635641218445	-4.830290411480469	230.0	35	1.05	0.95				
	324	1	0.0	0.0	0.0	0.0	3	1.0278006895746552	-7.273606414556651	230.0	36	1.05	0.95				
	325	1	0.0	0.0	0.0	0.0	3	1.036079880392512	-3.4928727963283794	230.0	35	1.05	0.95				
];
