%% MATPOWER Case Format : Version 2
function mpc = RTS_GMLC
mpc.version = '2';

%%-----  Power Flow Data  -----%%
%% system MVA base
mpc.baseMVA = 100.0;
%% bus data
%    bus_i    type    Pd    Qd    Gs    Bs    area    Vm    Va    baseKV    zone    Vmax    Vmin
mpc.bus = [
	101	2	84.16625434105264	17.14497773614035	0.0	0.0	1	1.0444701230438256	0.7630195270245289	138.0	11	1.05	0.95				
	102	2	75.59376547298245	15.58634339649123	0.0	0.0	1	1.0437283792871115	0.4580253007442204	138.0	12	1.05	0.95				
	103	1	140.27709056842104	28.83473528350877	0.0	0.0	1	1.026802809023513	-0.31587558927427806	138.0	11	1.05	0.95				
	104	1	57.66947056701754	11.689757547368421	0.0	0.0	1	1.023277936094401	-3.1864544665290913	138.0	11	1.05	0.95				
	105	1	55.331519057543865	10.910440377543862	0.0	0.0	1	1.0357867545517843	-3.6944322243458627	138.0	11	1.05	0.95				
	106	1	105.98713509614038	21.820880755087725	0.0	-100.0	1	1.0369618317841787	-6.949023965332345	138.0	12	1.05	0.95				
	107	2	97.41464622807018	19.482929245614038	0.0	0.0	1	1.0466418881770176	-8.798475629211278	138.0	12	1.05	0.95				
	108	1	133.26323604	27.27610094385965	0.0	0.0	1	1.0223004623324192	-9.601023616048751	138.0	12	1.05	0.95				
	109	1	136.38050471929824	28.055418113684212	0.0	0.0	1	1.0270540748468993	-4.183199785400418	138.0	13	1.05	0.95				
	110	1	151.96684811578947	31.17268679298246	0.0	0.0	1	1.05	-5.819311382768043	138.0	13	1.05	0.95				
	111	1	0.0	0.0	0.0	0.0	1	1.0139645102786052	-1.5122262465112306	230.0	13	1.05	0.95				
	112	1	0.0	0.0	0.0	0.0	1	1.0173176513678392	-1.0449286430791411	230.0	13	1.05	0.95				
	113	3	206.5190500035088	42.08312717052632	0.0	0.0	1	1.0155634082407539	1.648147669665666e-27	230.0	14	1.05	0.95				
	114	2	151.1875309459649	30.393369623157895	0.0	0.0	1	1.0158332380786543	0.7016706104296289	230.0	16	1.05	0.95				
	115	2	247.04354283438596	49.87629886877193	0.0	0.0	1	1.0435236238585284	9.545224264839321	230.0	16	1.05	0.95				
	116	2	77.93171698245615	15.58634339649123	0.0	0.0	1	1.041879426669691	8.542787347205659	230.0	16	1.05	0.95				
	117	1	0.0	0.0	0.0	0.0	1	1.045685414980691	12.045075351804014	230.0	17	1.05	0.95				
	118	2	259.51261755157896	52.99356754807019	0.0	0.0	1	1.0483608382398861	12.796612316905755	230.0	17	1.05	0.95				
	119	1	141.05640773824564	28.83473528350877	0.0	0.0	1	1.0358431631325113	6.570157201226739	230.0	15	1.05	0.95				
	120	1	99.75259773754387	20.262246415438597	0.0	0.0	1	1.0369188503516686	5.787665503821682	230.0	15	1.05	0.95				
	121	2	0.0	0.0	0.0	0.0	1	1.05	14.745754924145938	230.0	17	1.05	0.95				
	122	2	0.0	0.0	0.0	0.0	1	1.05	20.6010686077169	230.0	17	1.05	0.95				
	123	2	0.0	0.0	0.0	0.0	1	1.039602056623181	5.93598469688907	230.0	15	1.05	0.95				
	124	1	0.0	0.0	0.0	0.0	1	1.0249057116365505	5.875358805037307	230.0	16	1.05	0.95				
	201	2	87.60018888	17.84448292	0.0	0.0	2	1.036815049745925	-15.53224654445542	138.0	21	1.05	0.95				
	202	2	78.67794742000001	16.2222572	0.0	0.0	2	1.040151634927062	-15.652351241518618	138.0	22	1.05	0.95				
	203	1	146.0003148	30.011175820000002	0.0	0.0	2	1.0253123371565687	-12.259730642073599	138.0	21	1.05	0.95				
	204	1	60.022351640000004	12.166692900000001	0.0	0.0	2	1.0186141480174122	-16.865796740425402	138.0	21	1.05	0.95				
	205	1	57.589013060000006	11.355580040000001	0.0	0.0	2	1.0330310185082598	-17.316465142348857	138.0	21	1.05	0.95				
	206	1	110.31134896	22.711160080000003	0.0	-100.0	2	1.0367964643407586	-19.078435334224316	138.0	22	1.05	0.95				
	207	2	101.38910750000001	20.2778215	0.0	0.0	2	0.95	-30.548035007996468	138.0	22	1.05	0.95				
	208	1	138.70029906000002	28.3889501	0.0	0.0	2	0.9562319901937442	-26.71224937543451	138.0	22	1.05	0.95				
	209	1	141.94475050000003	29.20006296	0.0	0.0	2	1.027034466841809	-14.58519560114569	138.0	23	1.05	0.95				
	210	1	158.1670077	32.4445144	0.0	0.0	2	1.05	-16.5713583315152	138.0	23	1.05	0.95				
	211	1	0.0	0.0	0.0	0.0	2	1.0344187174131145	-10.60531748774947	230.0	23	1.05	0.95				
	212	1	0.0	0.0	0.0	0.0	2	1.0284598107476375	-5.484748023175029	230.0	23	1.05	0.95				
	213	2	214.9449079	43.80009444	0.0	0.0	2	1.05	-7.775064203269958	230.0	24	1.05	0.95				
	214	2	157.35589484000002	31.63340154	0.0	0.0	2	1.05	-8.340581996380003	230.0	26	1.05	0.95				
	215	2	257.12277662	51.911223039999996	0.0	0.0	2	1.046031387625782	-0.037324987857380004	230.0	26	1.05	0.95				
	216	2	81.111286	16.2222572	0.0	0.0	2	1.0494890826131875	-0.13680690402456205	230.0	26	1.05	0.95				
	217	1	0.0	0.0	0.0	0.0	2	1.0493380507058154	2.615358464290953	230.0	27	1.05	0.95				
	218	2	270.10058238	55.15567448	0.0	0.0	2	1.0499999531271886	2.6431534057905326	230.0	27	1.05	0.95				
	219	1	146.81142766000002	30.011175820000002	0.0	0.0	2	1.0434693046318908	0.08498977923562731	230.0	25	1.05	0.95				
	220	1	103.82244607999999	21.088934360000003	0.0	0.0	2	1.0457180674841473	1.7948739622263852	230.0	25	1.05	0.95				
	221	2	0.0	0.0	0.0	0.0	2	1.05	2.51449304099558	230.0	27	1.05	0.95				
	222	2	0.0	0.0	0.0	0.0	2	1.05	9.06670003577028	230.0	27	1.05	0.95				
	223	2	0.0	0.0	0.0	0.0	2	1.05	3.320373112056183	230.0	25	1.05	0.95				
	224	1	0.0	0.0	0.0	0.0	2	1.022870181305353	-4.574391348868551	230.0	26	1.05	0.95				
	301	2	70.57070549052632	14.375514081403509	0.0	0.0	3	0.9949209680760873	9.262410246346162	138.0	31	1.05	0.95				
	302	2	63.38294844982456	13.06864916491228	0.0	0.0	3	0.9969001567614828	9.21554979162667	138.0	32	1.05	0.95				
	303	1	117.61784248421053	24.177000955087717	0.0	0.0	3	1.0119120727485436	12.026127201679525	138.0	31	1.05	0.95				
	304	1	48.354001910175434	9.80148687368421	0.0	0.0	3	0.9966162217955734	11.647143460172337	138.0	31	1.05	0.95				
	305	1	46.393704535438594	9.148054415438597	0.0	0.0	3	1.0082001124706483	11.664123065876241	138.0	31	1.05	0.95				
	306	1	88.86681432140351	18.296108830877195	0.0	-100.0	3	1.024522177285459	12.270844293275953	138.0	32	1.05	0.95				
	307	2	81.67905728070176	16.335811456140352	0.0	0.0	3	0.9698261462555222	8.579746651116984	138.0	32	1.05	0.95				
	308	1	111.73695036	22.87013603859649	0.0	0.0	3	0.9854053898873749	11.556405974957448	138.0	32	1.05	0.95				
	309	1	114.35068019298245	23.523568496842103	0.0	0.0	3	1.0206289867840592	16.327000368906695	138.0	33	1.05	0.95				
	310	1	127.41932935789472	26.13729832982456	0.0	0.0	3	1.042686057342396	16.180664320176266	138.0	33	1.05	0.95				
	311	1	0.0	0.0	0.0	0.0	3	1.010916397384728	23.070616501034813	230.0	33	1.05	0.95				
	312	1	0.0	0.0	0.0	0.0	3	1.0176952960451844	24.546054161122697	230.0	33	1.05	0.95				
	313	2	173.1596014350877	35.28535274526316	0.0	0.0	3	1.0429771693239052	32.95918887018547	230.0	34	1.05	0.95				
	314	2	126.76589689964912	25.48386587157895	0.0	0.0	3	1.0144215308365532	20.98011420509124	230.0	36	1.05	0.95				
	315	2	207.13808926385963	41.8196773277193	0.0	0.0	3	1.0424391039667178	14.120716483931691	230.0	36	1.05	0.95				
	316	2	65.34324582456141	13.06864916491228	0.0	0.0	3	1.0441203043672307	15.994665810736313	230.0	36	1.05	0.95				
	317	1	0.0	0.0	0.0	0.0	3	1.0466457156724973	14.030428509670474	230.0	37	1.05	0.95				
	318	2	217.59300859578948	44.433407160701755	0.0	0.0	3	1.0457215923151002	12.412109631245194	230.0	37	1.05	0.95				
	319	1	118.27127494245615	24.177000955087717	0.0	0.0	3	1.042047329556711	18.987816131424285	230.0	35	1.05	0.95				
	320	1	83.6393546554386	16.989243914385966	0.0	0.0	3	1.0438732614740578	21.304292788798772	230.0	35	1.05	0.95				
	321	2	0.0	0.0	0.0	0.0	3	1.0453976747766145	13.562065735179592	230.0	37	1.05	0.95				
	322	2	0.0	0.0	0.0	0.0	3	1.05	18.081179351629775	230.0	37	1.05	0.95				
	323	2	0.0	0.0	0.0	0.0	3	1.0448834214422438	22.115726646161225	230.0	35	1.05	0.95				
	324	1	0.0	0.0	0.0	0.0	3	1.028307734303235	15.390740607747032	230.0	36	1.05	0.95				
	325	1	0.0	0.0	0.0	0.0	3	1.0468008050779813	21.49483516516499	230.0	35	1.05	0.95				
];

%% generator data
%    bus    Pg    Qg    Qmax    Qmin    Vg    mBase    status    Pmax    Pmin    Pc1    Pc2    Qc1min    Qc1max    Qc2min    Qc2max    ramp_agc    ramp_10    ramp_30    ramp_q    apf
