%% MATPOWER Case Format : Version 2
function mpc = RTS_GMLC
mpc.version = '2';

%%-----  Power Flow Data  -----%%
%% system MVA base
mpc.baseMVA = 100.0;
%% bus data
%    bus_i    type    Pd    Qd    Gs    Bs    area    Vm    Va    baseKV    zone    Vmax    Vmin
mpc.bus = [
	101	2	53.064819397894745	10.8095002477193	0.0	0.0	1	1.0298404965344758	-0.8151730340223112	138.0	11	1.05	0.95				
	102	2	47.66006927403509	9.826818407017546	0.0	0.0	1	1.028918355452252	-1.095958246193415	138.0	12	1.05	0.95				
	103	1	88.4413656631579	18.17961405298246	0.0	0.0	1	1.027460530103162	-1.289346481319629	138.0	11	1.05	0.95				
	104	1	36.35922810596492	7.370113805263158	0.0	0.0	1	1.0187570667227257	-3.7663830595949324	138.0	11	1.05	0.95				
	105	1	34.88520534491228	6.878772884912282	0.0	0.0	1	1.0333700165767017	-3.6752404561043033	138.0	11	1.05	0.95				
	106	1	66.82236516771931	13.757545769824564	0.0	-100.0	1	1.0428663852191127	-5.8040423319633465	138.0	12	1.05	0.95				
	107	2	61.417615043859655	12.283523008771931	0.0	0.0	1	1.000697635717573	-12.589854388079608	138.0	12	1.05	0.95				
	108	1	84.01929738	17.196932212280704	0.0	0.0	1	1.001705950219558	-10.675359179083932	138.0	12	1.05	0.95				
	109	1	85.98466106140351	17.68827313263158	0.0	0.0	1	1.025240447365479	-3.947399094610005	138.0	13	1.05	0.95				
	110	1	95.81147946842106	19.653636814035092	0.0	0.0	1	1.05	-5.012750412786812	138.0	13	1.05	0.95				
	111	1	0.0	0.0	0.0	0.0	1	1.0074383325472005	-1.2310393761968839	230.0	13	1.05	0.95				
	112	1	0.0	0.0	0.0	0.0	1	1.0117693218860164	-1.004846832978373	230.0	13	1.05	0.95				
	113	3	130.20534389298246	26.532409698947372	0.0	0.0	1	1.0045233533709625	1.462980155962128e-28	230.0	14	1.05	0.95				
	114	2	95.32013854807018	19.16229589368421	0.0	0.0	1	1.0067901573803737	1.0461967958067757	230.0	16	1.05	0.95				
	115	2	155.75507175122806	31.44581890245614	0.0	0.0	1	1.0417231863782141	7.844889322947807	230.0	16	1.05	0.95				
	116	2	49.134092035087725	9.826818407017546	0.0	0.0	1	1.038198495182327	7.126259275507551	230.0	16	1.05	0.95				
	117	1	0.0	0.0	0.0	0.0	1	1.0435231752412681	9.919766980483189	230.0	17	1.05	0.95				
	118	2	163.61652647684213	33.411182583859656	0.0	0.0	1	1.046735305689082	10.054328304482606	230.0	17	1.05	0.95				
	119	1	88.93270658350878	18.17961405298246	0.0	0.0	1	1.031330797202141	5.483083949103094	230.0	15	1.05	0.95				
	120	1	62.89163780491228	12.774863929122809	0.0	0.0	1	1.0293739962303425	4.99235299140292	230.0	15	1.05	0.95				
	121	2	0.0	0.0	0.0	0.0	1	1.0499999781453178	11.305472193330393	230.0	17	1.05	0.95				
	122	2	0.0	0.0	0.0	0.0	1	1.05	20.227710254488645	230.0	17	1.05	0.95				
	123	2	0.0	0.0	0.0	0.0	1	1.029085353721806	5.097052638060105	230.0	15	1.05	0.95				
	124	1	0.0	0.0	0.0	0.0	1	1.0248929175664192	4.438873299414635	230.0	16	1.05	0.95				
	201	2	59.839445936842104	12.18951676491228	0.0	0.0	2	1.0271451948934802	-13.477344620234344	138.0	21	1.05	0.95				
	202	2	53.74468755438596	11.081378877192982	0.0	0.0	2	1.0278060691809483	-13.405015965101155	138.0	22	1.05	0.95				
	203	1	99.73240989473683	20.50055092280702	0.0	0.0	2	1.0167745487231543	-11.869102505811563	138.0	21	1.05	0.95				
	204	1	41.00110184561404	8.311034157894737	0.0	0.0	2	1.0163547561204143	-15.137790368998324	138.0	21	1.05	0.95				
	205	1	39.33889501403509	7.756965214035088	0.0	0.0	2	1.0315885278024342	-15.45262491765593	138.0	21	1.05	0.95				
	206	1	75.35337636491228	15.513930428070177	0.0	-100.0	2	1.041212186533203	-17.064823628018186	138.0	22	1.05	0.95				
	207	2	69.25861798245614	13.851723596491228	0.0	0.0	2	0.9888222770205214	-25.214480046133406	138.0	22	1.05	0.95				
	208	1	94.74578939999999	19.39241303508772	0.0	0.0	2	0.9910249246339865	-22.59112166546826	138.0	22	1.05	0.95				
	209	1	96.9620651754386	19.946481978947368	0.0	0.0	2	1.023599982825604	-14.289913309009433	138.0	23	1.05	0.95				
	210	1	108.04344405263157	22.162757754385964	0.0	0.0	2	1.05	-15.68738982972018	138.0	23	1.05	0.95				
	211	1	0.0	0.0	0.0	0.0	2	1.013337320093577	-10.767591481949907	230.0	23	1.05	0.95				
	212	1	0.0	0.0	0.0	0.0	2	1.0132911853644924	-9.757906569623225	230.0	23	1.05	0.95				
	213	2	146.82827012280703	29.919722968421052	0.0	0.0	2	1.0136085801123642	-9.274675431703802	230.0	24	1.05	0.95				
	214	2	107.48937510877192	21.608688810526317	0.0	0.0	2	1.020054512197947	-7.831538242238892	230.0	26	1.05	0.95				
	215	2	175.63985520350874	35.46041240701754	0.0	0.0	2	1.0338470648568585	-0.13241804968032245	230.0	26	1.05	0.95				
	216	2	55.40689438596491	11.081378877192982	0.0	0.0	2	1.03634116553717	-0.3051833391550174	230.0	26	1.05	0.95				
	217	1	0.0	0.0	0.0	0.0	2	1.039139486986276	2.5010122361228593	230.0	27	1.05	0.95				
	218	2	184.50495830526316	37.67668818245614	0.0	0.0	2	1.040055828514866	2.672066898989534	230.0	27	1.05	0.95				
	219	1	100.2864788385965	20.50055092280702	0.0	0.0	2	1.0371651703814986	-0.5438751197423864	230.0	25	1.05	0.95				
	220	1	70.92082481403509	14.405792540350879	0.0	0.0	2	1.0421631054425018	0.301462713912108	230.0	25	1.05	0.95				
	221	2	0.0	0.0	0.0	0.0	2	1.040226730127714	2.506243309503099	230.0	27	1.05	0.95				
	222	2	0.0	0.0	0.0	0.0	2	1.05	9.006737502104755	230.0	27	1.05	0.95				
	223	2	0.0	0.0	0.0	0.0	2	1.0462550844383274	1.170922411878567	230.0	25	1.05	0.95				
	224	1	0.0	0.0	0.0	0.0	2	1.012870917378202	-4.502526500084761	230.0	26	1.05	0.95				
	301	2	43.39133185263158	8.838975007017543	0.0	0.0	3	1.0090664040270527	-12.723178286956669	138.0	31	1.05	0.95				
	302	2	38.971844349122804	8.035431824561403	0.0	0.0	3	1.0089596771459552	-12.822453339490828	138.0	32	1.05	0.95				
	303	1	72.31888642105262	14.865548875438595	0.0	0.0	3	1.0249281716636427	-7.788223197267615	138.0	31	1.05	0.95				
	304	1	29.73109775087719	6.026573868421052	0.0	0.0	3	1.0117093672987783	-11.423040705542245	138.0	31	1.05	0.95				
	305	1	28.525782977192982	5.624802277192983	0.0	0.0	3	1.024403406585044	-12.205222165643915	138.0	31	1.05	0.95				
	306	1	54.64093640701755	11.249604554385966	0.0	-100.0	3	1.0414618712640369	-12.403652325421604	138.0	32	1.05	0.95				
	307	2	50.22144890350877	10.044289780701753	0.0	0.0	3	0.9897194332947887	-16.60932724215767	138.0	32	1.05	0.95				
	308	1	68.7029421	14.062005692982455	0.0	0.0	3	0.9987612602294375	-14.840075764232479	138.0	32	1.05	0.95				
	309	1	70.31002846491228	14.463777284210524	0.0	0.0	3	1.0262885776989283	-8.631724848356681	138.0	33	1.05	0.95				
	310	1	78.34546028947368	16.070863649122806	0.0	0.0	3	1.05	-10.39288709973444	138.0	33	1.05	0.95				
	311	1	0.0	0.0	0.0	0.0	3	1.0062583331002173	-4.944885226229483	230.0	33	1.05	0.95				
	312	1	0.0	0.0	0.0	0.0	3	1.0103648289664182	-4.663486814221861	230.0	33	1.05	0.95				
	313	2	106.46947167543858	21.69566592631579	0.0	0.0	3	1.0090096805450002	-1.7048387140223278	230.0	34	1.05	0.95				
	314	2	77.94368869824561	15.669092057894737	0.0	0.0	3	1.004004926970096	-3.090746809064321	230.0	36	1.05	0.95				
	315	2	127.36159441929824	25.71338183859649	0.0	0.0	3	1.0380113864214113	1.5465270413220353	230.0	36	1.05	0.95				
	316	2	40.17715912280701	8.035431824561403	0.0	0.0	3	1.0365843328429971	1.8251407363152021	230.0	36	1.05	0.95				
	317	1	0.0	0.0	0.0	0.0	3	1.0499999994001747	7.056044735878029	230.0	37	1.05	0.95				
	318	2	133.78993987894737	27.320468203508774	0.0	0.0	3	1.047732327369912	4.977163141164319	230.0	37	1.05	0.95				
	319	1	72.72065801228071	14.865548875438595	0.0	0.0	3	1.0286195950421124	0.7187333326162755	230.0	35	1.05	0.95				
	320	1	51.42676367719298	10.446061371929824	0.0	0.0	3	1.0244113562496093	0.5300068441400562	230.0	35	1.05	0.95				
	321	2	0.0	0.0	0.0	0.0	3	1.0457120144761698	4.453905616748645	230.0	37	1.05	0.95				
	322	2	0.0	0.0	0.0	0.0	3	1.05	9.817919471013608	230.0	37	1.05	0.95				
	323	2	0.0	0.0	0.0	0.0	3	1.0225036684336566	0.7388587492956428	230.0	35	1.05	0.95				
	324	1	0.0	0.0	0.0	0.0	3	1.021434797044967	-1.938854318149691	230.0	36	1.05	0.95				
	325	1	0.0	0.0	0.0	0.0	3	1.0224734321197078	1.648827960546591	230.0	35	1.05	0.95				
];
