%% MATPOWER Case Format : Version 2
function mpc = RTS_GMLC
mpc.version = '2';

%%-----  Power Flow Data  -----%%
%% system MVA base
mpc.baseMVA = 100.0;
%% bus data
%    bus_i    type    Pd    Qd    Gs    Bs    area    Vm    Va    baseKV    zone    Vmax    Vmin
mpc.bus = [
	101	2	52.8243444	10.7605146	0.0	0.0	1	1.0339987758743685	1.7758425381543474	138.0	11	1.05	0.95				
	102	2	47.4440871	9.782286000000001	0.0	0.0	1	1.0335759007982714	1.6301647642595332	138.0	12	1.05	0.95				
	103	1	88.040574	18.0972291	0.0	0.0	1	1.0256460173776945	0.030611578152042455	138.0	11	1.05	0.95				
	104	1	36.1944582	7.336714499999999	0.0	0.0	1	1.020490335309395	-1.53409465462056	138.0	11	1.05	0.95				
	105	1	34.7271153	6.8476002000000005	0.0	0.0	1	1.035333070411859	-1.3575991615224667	138.0	11	1.05	0.95				
	106	1	66.5195448	13.695200400000001	0.0	-100.0	1	1.0438257461613734	-3.604538866471834	138.0	12	1.05	0.95				
	107	2	61.139287499999995	12.2278575	0.0	0.0	1	1.0154065911866192	-5.700805525675906	138.0	12	1.05	0.95				
	108	1	83.6385453	17.1190005	0.0	0.0	1	1.012424974124492	-5.9174608648033065	138.0	12	1.05	0.95				
	109	1	85.5950025	17.6081148	0.0	0.0	1	1.0248968493612554	-2.1445635818303015	138.0	13	1.05	0.95				
	110	1	95.3772885	19.564572000000002	0.0	0.0	1	1.05	-2.994990983438634	138.0	13	1.05	0.95				
	111	1	0.0	0.0	0.0	0.0	1	1.004836410657455	-0.3541585835028586	230.0	13	1.05	0.95				
	112	1	0.0	0.0	0.0	0.0	1	1.0097676683346626	0.17470770133890196	230.0	13	1.05	0.95				
	113	3	129.6152895	26.4121722	0.0	0.0	1	0.998683688129004	3.974313235748255e-30	230.0	14	1.05	0.95				
	114	2	94.8881742	19.0754577	0.0	0.0	1	1.0015164022092669	1.6738320469996515	230.0	16	1.05	0.95				
	115	2	155.0492331	31.303315199999997	0.0	0.0	1	1.0352801653846075	7.812357332144934	230.0	16	1.05	0.95				
	116	2	48.91143	9.782286000000001	0.0	0.0	1	1.0321648926928635	7.4178380044891865	230.0	16	1.05	0.95				
	117	1	0.0	0.0	0.0	0.0	1	1.038586598147888	9.34143658561304	230.0	17	1.05	0.95				
	118	2	162.87506190000002	33.2597724	0.0	0.0	1	1.0401149791485202	9.394970148544205	230.0	17	1.05	0.95				
	119	1	88.5296883	18.0972291	0.0	0.0	1	1.0271691745587959	6.446232289181652	230.0	15	1.05	0.95				
	120	1	62.60663039999999	12.716971800000001	0.0	0.0	1	1.0265100356892864	6.549038129941477	230.0	15	1.05	0.95				
	121	2	0.0	0.0	0.0	0.0	1	1.0433392548145333	10.569020021811419	230.0	17	1.05	0.95				
	122	2	0.0	0.0	0.0	0.0	1	1.05	16.70330206263104	230.0	17	1.05	0.95				
	123	2	0.0	0.0	0.0	0.0	1	1.0270093971334342	6.980894410295311	230.0	15	1.05	0.95				
	124	1	0.0	0.0	0.0	0.0	1	1.021722387016936	4.899738858004663	230.0	16	1.05	0.95				
	201	2	57.00047221894737	11.61120730385965	0.0	0.0	2	1.0321354517492438	-8.407253739519575	138.0	21	1.05	0.95				
	202	2	51.19486856701755	10.555643003508774	0.0	0.0	2	1.0325306908897183	-8.404882943556467	138.0	22	1.05	0.95				
	203	1	95.00078703157895	19.527939556491226	0.0	0.0	2	1.0209627601128264	-7.131105408476611	138.0	21	1.05	0.95				
	204	1	39.05587911298245	7.916732252631579	0.0	0.0	2	1.0188296020233074	-10.542720681415245	138.0	21	1.05	0.95				
	205	1	37.47253266245614	7.388950102456142	0.0	0.0	2	1.0343406809230407	-10.776954650762594	138.0	21	1.05	0.95				
	206	1	71.77837242385966	14.777900204912283	0.0	-100.0	2	1.0429360894081687	-12.601927636454633	138.0	22	1.05	0.95				
	207	2	65.97276877192982	13.194553754385966	0.0	0.0	2	0.9900395614019321	-20.52070818897906	138.0	22	1.05	0.95				
	208	1	90.25074768	18.47237525614035	0.0	0.0	2	0.9928964788896059	-18.042104256703027	138.0	22	1.05	0.95				
	209	1	92.36187628070176	19.00015740631579	0.0	0.0	2	1.0233768420483178	-10.146327382795638	138.0	23	1.05	0.95				
	210	1	102.91751928421053	21.111286007017547	0.0	0.0	2	1.05	-11.509269987130608	138.0	23	1.05	0.95				
	211	1	0.0	0.0	0.0	0.0	2	1.0105692590544355	-7.114074701248426	230.0	23	1.05	0.95				
	212	1	0.0	0.0	0.0	0.0	2	1.0108715041430474	-6.3700462289577136	230.0	23	1.05	0.95				
	213	2	139.86226979649123	28.500236109473686	0.0	0.0	2	1.0072470267213318	-6.013760820219768	230.0	24	1.05	0.95				
	214	2	102.3897371340351	20.583503856842107	0.0	0.0	2	1.01599671279869	-4.3064378234737015	230.0	26	1.05	0.95				
	215	2	167.30694160561404	33.77805761122807	0.0	0.0	2	1.031071141006325	2.9176020212327582	230.0	26	1.05	0.95				
	216	2	52.778215017543864	10.555643003508774	0.0	0.0	2	1.0329629141003573	2.884171874309324	230.0	26	1.05	0.95				
	217	1	0.0	0.0	0.0	0.0	2	1.0375194139675237	5.801573240952712	230.0	27	1.05	0.95				
	218	2	175.75145600842106	35.88918621192983	0.0	0.0	2	1.0392663119134162	6.283076478341817	230.0	27	1.05	0.95				
	219	1	95.52856918175439	19.527939556491226	0.0	0.0	2	1.0311401334997525	2.17766216591717	230.0	25	1.05	0.95				
	220	1	67.55611522245614	13.722335904561406	0.0	0.0	2	1.0335958902529336	2.5799071871648915	230.0	25	1.05	0.95				
	221	2	0.0	0.0	0.0	0.0	2	1.039026706047336	5.919182151659898	230.0	27	1.05	0.95				
	222	2	0.0	0.0	0.0	0.0	2	1.05	12.374150408026292	230.0	27	1.05	0.95				
	223	2	0.0	0.0	0.0	0.0	2	1.0360412471893838	3.19722171026752	230.0	25	1.05	0.95				
	224	1	0.0	0.0	0.0	0.0	2	1.0148512931687026	-0.8469227811981734	230.0	26	1.05	0.95				
	301	2	40.36760518736842	8.223030686315788	0.0	0.0	3	1.0106591877333762	-11.91475469161074	138.0	31	1.05	0.95				
	302	2	36.25608984421052	7.475482442105262	0.0	0.0	3	1.0106468261449246	-11.993681054560543	138.0	32	1.05	0.95				
	303	1	67.27934197894736	13.829642517894737	0.0	0.0	3	1.0218111277482942	-7.421264429561828	138.0	31	1.05	0.95				
	304	1	27.659285035789473	5.606611831578947	0.0	0.0	3	1.0129706116183612	-10.525401711429565	138.0	31	1.05	0.95				
	305	1	26.53796266947368	5.232837709473684	0.0	0.0	3	1.0256577001512959	-11.471742170810536	138.0	31	1.05	0.95				
	306	1	50.83328060631579	10.465675418947368	0.0	-100.0	3	1.042691208349618	-11.683338203196568	138.0	32	1.05	0.95				
	307	2	46.72176526315789	9.344353052631577	0.0	0.0	3	0.9934014592867602	-15.381552203109232	138.0	32	1.05	0.95				
	308	1	63.91537487999999	13.08209427368421	0.0	0.0	3	1.0019609595410723	-13.75017964800534	138.0	32	1.05	0.95				
	309	1	65.41047136842104	13.455868395789473	0.0	0.0	3	1.026171908952121	-7.790902785781043	138.0	33	1.05	0.95				
	310	1	72.8859538105263	14.950964884210524	0.0	0.0	3	1.05	-9.823129490543971	138.0	33	1.05	0.95				
	311	1	0.0	0.0	0.0	0.0	3	1.0031361944488955	-4.887062003105985	230.0	33	1.05	0.95				
	312	1	0.0	0.0	0.0	0.0	3	1.0084995480024384	-4.471904076703693	230.0	33	1.05	0.95				
	313	2	99.05014235789473	20.18380259368421	0.0	0.0	3	1.0057962804808445	-1.6555559699447666	230.0	34	1.05	0.95				
	314	2	72.51217968842104	14.577190762105264	0.0	0.0	3	0.9957031834333818	-3.6374770791462203	230.0	36	1.05	0.95				
	315	2	118.4863967073684	23.92154381473684	0.0	0.0	3	1.0219249100645538	-0.3202630050131266	230.0	36	1.05	0.95				
	316	2	37.37741221052631	7.475482442105262	0.0	0.0	3	1.020613193944401	0.334480201585608	230.0	36	1.05	0.95				
	317	1	0.0	0.0	0.0	0.0	3	1.0273768513152972	1.370117953389195	230.0	37	1.05	0.95				
	318	2	124.46678266105262	25.416640303157894	0.0	0.0	3	1.0272419070575365	1.167352445148131	230.0	37	1.05	0.95				
	319	1	67.65311610105262	13.829642517894737	0.0	0.0	3	1.0160950312466837	-0.37137830722774867	230.0	35	1.05	0.95				
	320	1	47.84308762947368	9.718127174736841	0.0	0.0	3	1.0144993207205022	-0.24131801988816076	230.0	35	1.05	0.95				
	321	2	0.0	0.0	0.0	0.0	3	1.028415429115679	1.5994618798819764	230.0	37	1.05	0.95				
	322	2	0.0	0.0	0.0	0.0	3	1.0414015952809574	5.887809419185578	230.0	37	1.05	0.95				
	323	2	0.0	0.0	0.0	0.0	3	1.0139785835034953	0.12712007290252011	230.0	35	1.05	0.95				
	324	1	0.0	0.0	0.0	0.0	3	1.012753601044805	-3.005496067177517	230.0	36	1.05	0.95				
	325	1	0.0	0.0	0.0	0.0	3	1.0141714658128862	1.029450444966231	230.0	35	1.05	0.95				
];

%% generator data
%    bus    Pg    Qg    Qmax    Qmin    Vg    mBase    status    Pmax    Pmin    Pc1    Pc2    Qc1min    Qc1max    Qc2min    Qc2max    ramp_agc    ramp_10    ramp_30    ramp_q    apf
