%% MATPOWER Case Format : Version 2
function mpc = RTS_GMLC
mpc.version = '2';

%%-----  Power Flow Data  -----%%
%% system MVA base
mpc.baseMVA = 100.0;
%% bus data
%    bus_i    type    Pd    Qd    Gs    Bs    area    Vm    Va    baseKV    zone    Vmax    Vmin
mpc.bus = [
	101	2	62.84413656000001	12.801583373333333	0.0	0.0	1	1.046731645582699	2.66923408045254	138.0	11	1.05	0.95				
	102	2	56.44334487333333	11.637803066666669	0.0	0.0	1	1.0455975305822591	2.28623038176461	138.0	12	1.05	0.95				
	103	1	104.74022760000001	21.529935673333334	0.0	0.0	1	1.0322606271135202	0.6668602287561335	138.0	11	1.05	0.95				
	104	1	43.05987134666667	8.728352300000001	0.0	0.0	1	1.0268404670182407	-1.4804975165384635	138.0	11	1.05	0.95				
	105	1	41.31420088666667	8.146462146666668	0.0	0.0	1	1.0393791546654847	-1.8103434802686553	138.0	11	1.05	0.95				
	106	1	79.13706085333334	16.292924293333336	0.0	-100.0	1	1.043058624730407	-4.940666201799606	138.0	12	1.05	0.95				
	107	2	72.73626916666667	14.547253833333334	0.0	0.0	1	0.9999335524656324	-14.647338909102809	138.0	12	1.05	0.95				
	108	1	99.50321622	20.366155366666668	0.0	0.0	1	0.9967640420636663	-11.922812526704497	138.0	12	1.05	0.95				
	109	1	101.83077683333335	20.94804552	0.0	0.0	1	1.0256710696544387	-3.358963906048352	138.0	13	1.05	0.95				
	110	1	113.46857990000001	23.275606133333337	0.0	0.0	1	1.05	-4.591255269631145	138.0	13	1.05	0.95				
	111	1	0.0	0.0	0.0	0.0	1	1.0104457360352739	-0.9805447084186757	230.0	13	1.05	0.95				
	112	1	0.0	0.0	0.0	0.0	1	1.0151924174429905	-0.8277955285671719	230.0	13	1.05	0.95				
	113	3	154.20089063333333	31.422068280000005	0.0	0.0	1	1.0096228448128919	9.013684201001313e-31	230.0	14	1.05	0.95				
	114	2	112.88668974666666	22.693715980000004	0.0	0.0	1	1.0099700414811243	1.2346855147887137	230.0	16	1.05	0.95				
	115	2	184.45917860666668	37.240969813333336	0.0	0.0	1	1.0427247517808222	8.5393028519314	230.0	16	1.05	0.95				
	116	2	58.18901533333334	11.637803066666669	0.0	0.0	1	1.040418709086093	7.799681407106688	230.0	16	1.05	0.95				
	117	1	0.0	0.0	0.0	0.0	1	1.045118295032332	11.151722566164354	230.0	17	1.05	0.95				
	118	2	193.76942106	39.56853042666667	0.0	0.0	1	1.0478951866221309	11.889281647016047	230.0	17	1.05	0.95				
	119	1	105.32211775333336	21.529935673333334	0.0	0.0	1	1.034232515041204	5.9471072208790545	230.0	15	1.05	0.95				
	120	1	74.48193962666667	15.129143986666667	0.0	0.0	1	1.0329836614934342	4.930166349664295	230.0	15	1.05	0.95				
	121	2	0.0	0.0	0.0	0.0	1	1.05	13.40929004978839	230.0	17	1.05	0.95				
	122	2	0.0	0.0	0.0	0.0	1	1.05	19.18482397283233	230.0	17	1.05	0.95				
	123	2	0.0	0.0	0.0	0.0	1	1.03350173646137	4.808677459598039	230.0	15	1.05	0.95				
	124	1	0.0	0.0	0.0	0.0	1	1.0286889660462393	5.594964389976481	230.0	16	1.05	0.95				
	201	2	79.08326776421055	16.109554544561405	0.0	0.0	2	1.033069964847207	-17.296263432651916	138.0	21	1.05	0.95				
	202	2	71.02849049192983	14.645049585964914	0.0	0.0	2	1.0339602798513388	-17.22400601883182	138.0	22	1.05	0.95				
	203	1	131.80544627368423	27.093341734035086	0.0	0.0	2	1.0138592268691902	-14.678023828738683	138.0	21	1.05	0.95				
	204	1	54.18668346807017	10.983787189473684	0.0	0.0	2	1.0160686126836793	-18.10067474426366	138.0	21	1.05	0.95				
	205	1	51.98992603017544	10.25153471017544	0.0	0.0	2	1.032267218204435	-18.55651202789645	138.0	21	1.05	0.95				
	206	1	99.58633718456142	20.50306942035088	0.0	-100.0	2	1.0377517299528873	-19.92667761695251	138.0	22	1.05	0.95				
	207	2	91.5315599122807	18.30631198245614	0.0	0.0	2	0.9628461446282277	-30.595834938342307	138.0	22	1.05	0.95				
	208	1	125.21517396000002	25.628836775438597	0.0	0.0	2	0.9670310893419589	-26.95594581800317	138.0	22	1.05	0.95				
	209	1	128.144183877193	26.361089254736843	0.0	0.0	2	1.024683767089176	-15.839000145450786	138.0	23	1.05	0.95				
	210	1	142.7892334631579	29.29009917192983	0.0	0.0	2	1.05	-17.516470295876296	138.0	23	1.05	0.95				
	211	1	0.0	0.0	0.0	0.0	2	1.0270675504611209	-11.919164794595932	230.0	23	1.05	0.95				
	212	1	0.0	0.0	0.0	0.0	2	1.0243140186025015	-6.887487276831448	230.0	23	1.05	0.95				
	213	2	194.0469070140351	39.54163388210527	0.0	0.0	2	1.0375210667133665	-9.072243457056722	230.0	24	1.05	0.95				
	214	2	142.05698098385966	28.557846692631582	0.0	0.0	2	1.0400808551061393	-9.797941859253784	230.0	26	1.05	0.95				
	215	2	232.12403593754388	46.86415867508772	0.0	0.0	2	1.0390253714019078	-2.041379489837574	230.0	26	1.05	0.95				
	216	2	73.22524792982456	14.645049585964914	0.0	0.0	2	1.042024326630834	-2.238769586363208	230.0	26	1.05	0.95				
	217	1	0.0	0.0	0.0	0.0	2	1.0424033099748289	0.2783021136792288	230.0	27	1.05	0.95				
	218	2	243.8400756063158	49.79316859228071	0.0	0.0	2	1.0423610952179638	-0.044885891459991126	230.0	27	1.05	0.95				
	219	1	132.53769875298246	27.093341734035086	0.0	0.0	2	1.0399777263112528	-1.9580547991844073	230.0	25	1.05	0.95				
	220	1	93.72831735017544	19.038564461754387	0.0	0.0	2	1.0447647429632274	-0.3376438403860258	230.0	25	1.05	0.95				
	221	2	0.0	0.0	0.0	0.0	2	1.0431700408409097	0.07528655181357782	230.0	27	1.05	0.95				
	222	2	0.0	0.0	0.0	0.0	2	1.05	6.660709088125553	230.0	27	1.05	0.95				
	223	2	0.0	0.0	0.0	0.0	2	1.05	1.0791961300152026	230.0	25	1.05	0.95				
	224	1	0.0	0.0	0.0	0.0	2	1.0137464981671298	-6.712772002449186	230.0	26	1.05	0.95				
	301	2	75.69566594526316	15.419487507368421	0.0	0.0	3	0.9837473560220806	1.0414470875737778	138.0	31	1.05	0.95				
	302	2	67.98592219157894	14.017715915789472	0.0	0.0	3	0.9863314898144796	0.9564033341982812	138.0	32	1.05	0.95				
	303	1	126.15944324210527	25.932774444210526	0.0	0.0	3	1.0034301163506696	5.345570599606462	138.0	31	1.05	0.95				
	304	1	51.86554888842105	10.513286936842105	0.0	0.0	3	0.9837485574010211	3.751311014242879	138.0	31	1.05	0.95				
	305	1	49.76289150105263	9.812401141052632	0.0	0.0	3	0.9945036438666833	3.391504522176032	138.0	31	1.05	0.95				
	306	1	95.32046822736842	19.624802282105264	0.0	-100.0	3	1.0089998748143088	3.9110892932972288	138.0	32	1.05	0.95				
	307	2	87.61072447368421	17.52214489473684	0.0	0.0	3	0.957631281651857	-0.6202671753317526	138.0	32	1.05	0.95				
	308	1	119.85147107999998	24.531002852631577	0.0	0.0	3	0.9699201504659347	2.740573536265389	138.0	32	1.05	0.95				
	309	1	122.65501426315788	25.23188864842105	0.0	0.0	3	1.0089806906423626	8.991495036335316	138.0	33	1.05	0.95				
	310	1	136.67273017894738	28.035431831578943	0.0	0.0	3	1.02817971267182	8.08106284538556	138.0	33	1.05	0.95				
	311	1	0.0	0.0	0.0	0.0	3	1.0001801157712527	15.541557196519394	230.0	33	1.05	0.95				
	312	1	0.0	0.0	0.0	0.0	3	1.006234326845052	17.25302369020788	230.0	33	1.05	0.95				
	313	2	185.7347358842105	37.84783297263158	0.0	0.0	3	1.0329084230478967	25.487697235388524	230.0	34	1.05	0.95				
	314	2	135.97184438315787	27.33454603578947	0.0	0.0	3	1.0056847652350847	13.559650341428432	230.0	36	1.05	0.95				
	315	2	222.18079726526315	44.85669093052631	0.0	0.0	3	1.035021010610635	7.714146893759087	230.0	36	1.05	0.95				
	316	2	70.08857957894736	14.017715915789472	0.0	0.0	3	1.0352881052098546	9.287761969759721	230.0	36	1.05	0.95				
	317	1	0.0	0.0	0.0	0.0	3	1.0417795695274075	8.833511982409718	230.0	37	1.05	0.95				
	318	2	233.39496999789472	47.66023411368421	0.0	0.0	3	1.0399971922047322	7.116329366557299	230.0	37	1.05	0.95				
	319	1	126.86032903789473	25.932774444210526	0.0	0.0	3	1.0321129797752784	12.397234776794894	230.0	35	1.05	0.95				
	320	1	89.71338186105262	18.223030690526315	0.0	0.0	3	1.034013123674796	14.970151550897826	230.0	35	1.05	0.95				
	321	2	0.0	0.0	0.0	0.0	3	1.0398386664867667	7.906509606607918	230.0	37	1.05	0.95				
	322	2	0.0	0.0	0.0	0.0	3	1.05	12.589679993471655	230.0	37	1.05	0.95				
	323	2	0.0	0.0	0.0	0.0	3	1.0355989807855694	15.990287024157583	230.0	35	1.05	0.95				
	324	1	0.0	0.0	0.0	0.0	3	1.0202675955356644	8.819745025490906	230.0	36	1.05	0.95				
	325	1	0.0	0.0	0.0	0.0	3	1.0380415332422979	15.777810816454311	230.0	35	1.05	0.95				
];
