%% MATPOWER Case Format : Version 2
function mpc = RTS_GMLC
mpc.version = '2';

%%-----  Power Flow Data  -----%%
%% system MVA base
mpc.baseMVA = 100.0;
%% bus data
%    bus_i    type    Pd    Qd    Gs    Bs    area    Vm    Va    baseKV    zone    Vmax    Vmin
mpc.bus = [
	101	2	74.60069271157896	15.196437404210528	0.0	0.0	1	1.0498463016746444	0.28624871230420884	138.0	11	1.05	0.95				
	102	2	67.00247400947367	13.814943094736842	0.0	0.0	1	1.0486309324644343	-0.12126587056529403	138.0	12	1.05	0.95				
	103	1	124.3344878526316	25.557644725263156	0.0	0.0	1	1.0306532863129076	-0.7450859881564403	138.0	11	1.05	0.95				
	104	1	51.11528945052631	10.361207321052632	0.0	0.0	1	1.026805167083785	-3.5528772289343142	138.0	11	1.05	0.95				
	105	1	49.043047986315784	9.67046016631579	0.0	0.0	1	1.0397874864412517	-4.041227488544848	138.0	11	1.05	0.95				
	106	1	93.94161304421054	19.34092033263158	0.0	-100.0	1	1.0408842663466786	-7.186400203473619	138.0	12	1.05	0.95				
	107	2	86.34339434210526	17.268678868421052	0.0	0.0	1	1.001360756900011	-15.643016937957555	138.0	12	1.05	0.95				
	108	1	118.11776346	24.176150415789472	0.0	0.0	1	0.9947644006357882	-13.538019914645757	138.0	12	1.05	0.95				
	109	1	120.88075207894737	24.866897570526312	0.0	0.0	1	1.0258871660635724	-4.813034132934991	138.0	13	1.05	0.95				
	110	1	134.69569517368421	27.629886189473684	0.0	0.0	1	1.05	-6.34010714964325	138.0	13	1.05	0.95				
	111	1	0.0	0.0	0.0	0.0	1	1.0146431587429703	-1.8086028633160829	230.0	13	1.05	0.95				
	112	1	0.0	0.0	0.0	0.0	1	1.0166946305763573	-1.4513508069869223	230.0	13	1.05	0.95				
	113	3	183.04799600526314	37.30034635578948	0.0	0.0	1	1.0161801217023207	3.1226735061055865e-30	230.0	14	1.05	0.95				
	114	2	134.00494801894735	26.939139034736844	0.0	0.0	1	1.0187400868166536	0.40716511527484894	230.0	16	1.05	0.95				
	115	2	218.96684805157895	44.207817903157896	0.0	0.0	1	1.044194150386012	8.588530090068186	230.0	16	1.05	0.95				
	116	2	69.07471547368421	13.814943094736842	0.0	0.0	1	1.0426600023496821	7.701773286060731	230.0	16	1.05	0.95				
	117	1	0.0	0.0	0.0	0.0	1	1.0460094291389876	11.334355499987895	230.0	17	1.05	0.95				
	118	2	230.01880252736845	46.97080652210527	0.0	0.0	1	1.0485080593714473	12.204585599598513	230.0	17	1.05	0.95				
	119	1	125.02523500736842	25.557644725263156	0.0	0.0	1	1.0359667661939262	5.845431290511977	230.0	15	1.05	0.95				
	120	1	88.41563580631579	17.959426023157896	0.0	0.0	1	1.0354870957536264	5.039953135846726	230.0	15	1.05	0.95				
	121	2	0.0	0.0	0.0	0.0	1	1.05	14.11100830603163	230.0	17	1.05	0.95				
	122	2	0.0	0.0	0.0	0.0	1	1.05	19.533212746183136	230.0	17	1.05	0.95				
	123	2	0.0	0.0	0.0	0.0	1	1.0369097620243994	5.112552716017184	230.0	15	1.05	0.95				
	124	1	0.0	0.0	0.0	0.0	1	1.0273779456037482	5.104935858297451	230.0	16	1.05	0.95				
	201	2	77.58728158736842	15.804816619649124	0.0	0.0	2	1.0327829074870682	-14.293440448524729	138.0	21	1.05	0.95				
	202	2	69.68487327754386	14.368015108771932	0.0	0.0	2	1.0335822441359137	-14.192371927548523	138.0	22	1.05	0.95				
	203	1	129.31213597894737	26.58082795122807	0.0	0.0	2	1.015310218876084	-12.613489550674208	138.0	21	1.05	0.95				
	204	1	53.16165590245614	10.776011331578946	0.0	0.0	2	1.0165092126747957	-15.053183419704792	138.0	21	1.05	0.95				
	205	1	51.00645363614035	10.057610576140352	0.0	0.0	2	1.0323174334779124	-15.426834829023232	138.0	21	1.05	0.95				
	206	1	97.70250273964913	20.115221152280704	0.0	-100.0	2	1.0380983574745466	-16.710310747706256	138.0	22	1.05	0.95				
	207	2	89.80009442982457	17.960018885964914	0.0	0.0	2	0.9664977849216655	-27.17807673515685	138.0	22	1.05	0.95				
	208	1	122.84652918	25.144026440350874	0.0	0.0	2	0.9700796904364322	-23.624588630459495	138.0	22	1.05	0.95				
	209	1	125.7201322017544	25.862427195789472	0.0	0.0	2	1.0252628759410536	-12.836233318539119	138.0	23	1.05	0.95				
	210	1	140.08814731052632	28.736030217543863	0.0	0.0	2	1.05	-14.300730121033912	138.0	23	1.05	0.95				
	211	1	0.0	0.0	0.0	0.0	2	1.0255648976675442	-8.736068352845624	230.0	23	1.05	0.95				
	212	1	0.0	0.0	0.0	0.0	2	1.022777743148507	-3.7246598927760655	230.0	23	1.05	0.95				
	213	2	190.37620019122807	38.79364079368421	0.0	0.0	2	1.0353098991381933	-5.712610863482101	230.0	24	1.05	0.95				
	214	2	139.36974655508772	28.017629462105266	0.0	0.0	2	1.0377329976141862	-6.678124480954741	230.0	26	1.05	0.95				
	215	2	227.73303947403508	45.977648348070176	0.0	0.0	2	1.0417984788780514	0.6354360694871302	230.0	26	1.05	0.95				
	216	2	71.84007554385965	14.368015108771932	0.0	0.0	2	1.0436354705307325	0.6735781476018518	230.0	26	1.05	0.95				
	217	1	0.0	0.0	0.0	0.0	2	1.0449881120307911	2.9343650758398456	230.0	27	1.05	0.95				
	218	2	239.22745156105262	48.85125136982457	0.0	0.0	2	1.045084558832588	2.898710158691401	230.0	27	1.05	0.95				
	219	1	130.03053673438595	26.58082795122807	0.0	0.0	2	1.0407925851265645	1.3876139181655387	230.0	25	1.05	0.95				
	220	1	91.95529669614035	18.678419641403508	0.0	0.0	2	1.0449431197975743	3.3573670132557534	230.0	25	1.05	0.95				
	221	2	0.0	0.0	0.0	0.0	2	1.0457082285452917	2.9148271918325555	230.0	27	1.05	0.95				
	222	2	0.0	0.0	0.0	0.0	2	1.05	9.43075366987406	230.0	27	1.05	0.95				
	223	2	0.0	0.0	0.0	0.0	2	1.05	4.955745019629807	230.0	25	1.05	0.95				
	224	1	0.0	0.0	0.0	0.0	2	1.0151246997301635	-4.25787688339951	230.0	26	1.05	0.95				
	301	2	61.43119264421052	12.513761464561401	0.0	0.0	3	0.9908398470945049	13.401449370420167	138.0	31	1.05	0.95				
	302	2	55.17431191192982	11.376146785964911	0.0	0.0	3	0.9905893739471052	13.400737470510443	138.0	32	1.05	0.95				
	303	1	102.38532107368421	21.045871554035088	0.0	0.0	3	1.0136326420247275	15.037706272316449	138.0	31	1.05	0.95				
	304	1	42.091743108070176	8.532110089473683	0.0	0.0	3	0.9995887107484042	15.363444055511668	138.0	31	1.05	0.95				
	305	1	40.38532109017544	7.963302750175439	0.0	0.0	3	1.0114103479963614	15.526113652636713	138.0	31	1.05	0.95				
	306	1	77.3577981445614	15.926605500350878	0.0	-100.0	3	1.0315037197793144	16.058268569370227	138.0	32	1.05	0.95				
	307	2	71.1009174122807	14.22018348245614	0.0	0.0	3	0.9814298541363561	12.96373965304769	138.0	32	1.05	0.95				
	308	1	97.26605501999998	19.908256875438592	0.0	0.0	3	0.9972056156236452	15.454788166304757	138.0	32	1.05	0.95				
	309	1	99.54128437719298	20.47706421473684	0.0	0.0	3	1.0268477323711733	19.27836189399891	138.0	33	1.05	0.95				
	310	1	110.91743116315789	22.752293571929822	0.0	0.0	3	1.05	19.451257157782006	138.0	33	1.05	0.95				
	311	1	0.0	0.0	0.0	0.0	3	1.016181700064077	25.18220374597457	230.0	33	1.05	0.95				
	312	1	0.0	0.0	0.0	0.0	3	1.023320879401806	26.491635377594964	230.0	33	1.05	0.95				
	313	2	150.73394491403508	30.71559632210526	0.0	0.0	3	1.0434979971964824	34.14895121435074	230.0	34	1.05	0.95				
	314	2	110.34862382385964	22.183486232631576	0.0	0.0	3	1.0165349834335962	22.972737845466188	230.0	36	1.05	0.95				
	315	2	180.31192655754384	36.403669715087716	0.0	0.0	3	1.037768442559822	15.758914681579773	230.0	36	1.05	0.95				
	316	2	56.88073392982456	11.376146785964911	0.0	0.0	3	1.0401682406121906	17.18013816718553	230.0	36	1.05	0.95				
	317	1	0.0	0.0	0.0	0.0	3	1.0439229777213104	15.559954397504113	230.0	37	1.05	0.95				
	318	2	189.41284398631578	38.6788990722807	0.0	0.0	3	1.0431931329097877	14.10513830598344	230.0	37	1.05	0.95				
	319	1	102.95412841298246	21.045871554035088	0.0	0.0	3	1.04066235533939	20.33243938715883	230.0	35	1.05	0.95				
	320	1	72.80733943017543	14.788990821754386	0.0	0.0	3	1.0434822172767775	22.495727367597013	230.0	35	1.05	0.95				
	321	2	0.0	0.0	0.0	0.0	3	1.0424950235556398	15.229443214119959	230.0	37	1.05	0.95				
	322	2	0.0	0.0	0.0	0.0	3	1.05	19.68559978918609	230.0	37	1.05	0.95				
	323	2	0.0	0.0	0.0	0.0	3	1.044728396597486	23.229612786750767	230.0	35	1.05	0.95				
	324	1	0.0	0.0	0.0	0.0	3	1.0269091531985084	17.589844514229085	230.0	36	1.05	0.95				
	325	1	0.0	0.0	0.0	0.0	3	1.0466071302131732	22.460625153459006	230.0	35	1.05	0.95				
];
