%% MATPOWER Case Format : Version 2
function mpc = RTS_GMLC
mpc.version = '2';

%%-----  Power Flow Data  -----%%
%% system MVA base
mpc.baseMVA = 100.0;
%% bus data
%    bus_i    type    Pd    Qd    Gs    Bs    area    Vm    Va    baseKV    zone    Vmax    Vmin
mpc.bus = [
	101	2	86.31716972210526	17.583127165614034	0.0	0.0	1	1.0318337282371308	-4.22513213140344	138.0	11	1.05	0.95				
	102	2	77.52560613929825	15.984661059649124	0.0	0.0	1	1.0318156477215343	-4.29736681713049	138.0	12	1.05	0.95				
	103	1	143.8619495368421	29.57162296035088	0.0	0.0	1	1.0166714493767326	-3.8654451421533693	138.0	11	1.05	0.95				
	104	1	59.14324592070176	11.988495794736842	0.0	0.0	1	1.0147527510583787	-6.8715347212340925	138.0	11	1.05	0.95				
	105	1	56.74554676175438	11.189262741754387	0.0	0.0	1	1.0303245583017582	-7.002386512969855	138.0	11	1.05	0.95				
	106	1	108.69569520561404	22.378525483508774	0.0	-100.0	1	1.0346406893492097	-9.283985257365815	138.0	12	1.05	0.95				
	107	2	99.90413162280703	19.980826324561406	0.0	0.0	1	1.05	-5.977883269597835	138.0	12	1.05	0.95				
	108	1	136.66885206	27.973156854385966	0.0	0.0	1	1.0241077694490919	-8.664593422701962	138.0	12	1.05	0.95				
	109	1	139.86578427192984	28.772389907368424	0.0	0.0	1	1.026594350603791	-5.737113829928517	138.0	13	1.05	0.95				
	110	1	155.85044533157895	31.969322119298248	0.0	0.0	1	1.05	-7.289737050192836	138.0	13	1.05	0.95				
	111	1	0.0	0.0	0.0	0.0	1	1.0170525142120752	-2.191312244529148	230.0	13	1.05	0.95				
	112	1	0.0	0.0	0.0	0.0	1	1.01772277876445	-1.3584314492777394	230.0	13	1.05	0.95				
	113	3	211.79675904035088	43.15858486105263	0.0	0.0	1	1.0207344655813804	3.439968145352055e-29	230.0	14	1.05	0.95				
	114	2	155.0512122785965	31.170089066315793	0.0	0.0	1	1.023352922793064	0.20978572843885362	230.0	16	1.05	0.95				
	115	2	253.3568777954386	51.150915390877195	0.0	0.0	1	1.0436671813895653	8.886628330594084	230.0	16	1.05	0.95				
	116	2	79.92330529824562	15.984661059649124	0.0	0.0	1	1.0437509906494187	8.464766781944183	230.0	16	1.05	0.95				
	117	1	0.0	0.0	0.0	0.0	1	1.046317781921186	12.250098561304059	230.0	17	1.05	0.95				
	118	2	266.1446066431579	54.34784760280702	0.0	0.0	1	1.05	12.71176196457612	230.0	17	1.05	0.95				
	119	1	144.66118258982456	29.57162296035088	0.0	0.0	1	1.0388190247698668	6.863604668234196	230.0	15	1.05	0.95				
	120	1	102.30183078175439	20.78005937754386	0.0	0.0	1	1.041966267488022	6.976600267572774	230.0	15	1.05	0.95				
	121	2	0.0	0.0	0.0	0.0	1	1.05	13.399209269445246	230.0	17	1.05	0.95				
	122	2	0.0	0.0	0.0	0.0	1	1.05	24.183748097512318	230.0	17	1.05	0.95				
	123	2	0.0	0.0	0.0	0.0	1	1.0459679993350182	7.623617204884142	230.0	15	1.05	0.95				
	124	1	0.0	0.0	0.0	0.0	1	1.0174764343259775	4.179905954699698	230.0	16	1.05	0.95				
	201	2	86.83519596631581	17.68865103017544	0.0	0.0	2	1.0448923138788404	-12.91328865301148	138.0	21	1.05	0.95				
	202	2	77.99087045122808	16.080591845614038	0.0	0.0	2	1.0459953485222784	-13.039825191505457	138.0	22	1.05	0.95				
	203	1	144.72532661052634	29.749094914385964	0.0	0.0	2	1.0266536539890012	-9.544770466527297	138.0	21	1.05	0.95				
	204	1	59.49818982877193	12.060443884210526	0.0	0.0	2	1.0207102450825243	-14.75315501989891	138.0	21	1.05	0.95				
	205	1	57.08610105192983	11.256414291929827	0.0	0.0	2	1.0371748306494937	-15.18533729492093	138.0	21	1.05	0.95				
	206	1	109.34802455017545	22.512828583859655	0.0	-100.0	2	1.0382735848741327	-17.218090166126697	138.0	22	1.05	0.95				
	207	2	100.50369903508773	20.100739807017547	0.0	0.0	2	0.95	-28.91105192415504	138.0	22	1.05	0.95				
	208	1	137.48906028000002	28.14103572982456	0.0	0.0	2	0.9561817254503681	-25.062094557540235	138.0	22	1.05	0.95				
	209	1	140.70517864912281	28.94506532210526	0.0	0.0	2	1.0256505716640563	-12.927606115688524	138.0	23	1.05	0.95				
	210	1	156.78577049473685	32.161183691228075	0.0	0.0	2	1.05	-14.988670863020332	138.0	23	1.05	0.95				
	211	1	0.0	0.0	0.0	0.0	2	1.0320264070237706	-7.607984626804062	230.0	23	1.05	0.95				
	212	1	0.0	0.0	0.0	0.0	2	1.0234414950441117	-6.33300996378041	230.0	23	1.05	0.95				
	213	2	213.06784195438598	43.417597983157904	0.0	0.0	2	1.05	-3.605438671920897	230.0	24	1.05	0.95				
	214	2	155.98174090245615	31.35715409894737	0.0	0.0	2	1.05	-5.044428454809002	230.0	26	1.05	0.95				
	215	2	254.87738075298245	51.457893905964916	0.0	0.0	2	1.0454047241528726	3.7062922976348505	230.0	26	1.05	0.95				
	216	2	80.40295922807019	16.080591845614038	0.0	0.0	2	1.0494673250063473	3.5523566318899276	230.0	26	1.05	0.95				
	217	1	0.0	0.0	0.0	0.0	2	1.0497413239384112	6.829447422709316	230.0	27	1.05	0.95				
	218	2	267.7418542294737	54.674012275087726	0.0	0.0	2	1.05	7.512546797422397	230.0	27	1.05	0.95				
	219	1	145.52935620280704	29.749094914385964	0.0	0.0	2	1.0438305150787788	3.0023678923573494	230.0	25	1.05	0.95				
	220	1	102.91578781192983	20.90476939929825	0.0	0.0	2	1.0461290470094877	4.025077960231375	230.0	25	1.05	0.95				
	221	2	0.0	0.0	0.0	0.0	2	1.05	7.969687141146718	230.0	27	1.05	0.95				
	222	2	0.0	0.0	0.0	0.0	2	1.05	14.034303758915835	230.0	27	1.05	0.95				
	223	2	0.0	0.0	0.0	0.0	2	1.05	5.1694576671470545	230.0	25	1.05	0.95				
	224	1	0.0	0.0	0.0	0.0	2	1.0215425392565451	-1.2232034078327625	230.0	26	1.05	0.95				
	301	2	64.89908257263158	13.220183487017545	0.0	0.0	3	1.0143078367094671	-13.419094654786788	138.0	31	1.05	0.95				
	302	2	58.28899082912281	12.018348624561403	0.0	0.0	3	1.012675221243277	-13.726596831532559	138.0	32	1.05	0.95				
	303	1	108.16513762105264	22.2339449554386	0.0	0.0	3	1.048121407868409	-0.3249211363171777	138.0	31	1.05	0.95				
	304	1	44.4678899108772	9.013761468421052	0.0	0.0	3	1.0094216586772466	-11.97547968894338	138.0	31	1.05	0.95				
	305	1	42.66513761719298	8.412844037192983	0.0	0.0	3	1.02441173369755	-13.698386031844434	138.0	31	1.05	0.95				
	306	1	81.72477064701755	16.825688074385965	0.0	-100.0	3	1.036549138426626	-14.52472442662541	138.0	32	1.05	0.95				
	307	2	75.11467890350877	15.022935780701754	0.0	0.0	3	1.0040011627495857	-15.435692409434854	138.0	32	1.05	0.95				
	308	1	102.75688074	21.032110092982457	0.0	0.0	3	1.0019709025339094	-15.066471727958202	138.0	32	1.05	0.95				
	309	1	105.16055046491229	21.633027524210526	0.0	0.0	3	1.027425364010209	-8.09183592344994	138.0	33	1.05	0.95				
	310	1	117.17889908947367	24.036697249122806	0.0	0.0	3	1.05	-12.051937273593408	138.0	33	1.05	0.95				
	311	1	0.0	0.0	0.0	0.0	3	1.0155244194630455	-6.047355138331942	230.0	33	1.05	0.95				
	312	1	0.0	0.0	0.0	0.0	3	1.0170225063874108	-5.356941471678257	230.0	33	1.05	0.95				
	313	2	159.2431192754386	32.44954128631579	0.0	0.0	3	1.0186903873306856	-2.538417334962439	230.0	34	1.05	0.95				
	314	2	116.57798165824562	23.435779817894737	0.0	0.0	3	1.0204292027124593	-5.049883704883549	230.0	36	1.05	0.95				
	315	2	190.49082569929826	38.45871559859649	0.0	0.0	3	1.0471757152081456	0.43174201616925256	230.0	36	1.05	0.95				
	316	2	60.09174312280702	12.018348624561403	0.0	0.0	3	1.0433090342968188	-0.0022114727643370363	230.0	36	1.05	0.95				
	317	1	0.0	0.0	0.0	0.0	3	1.0482853904712677	3.0254350046516802	230.0	37	1.05	0.95				
	318	2	200.10550459894736	40.862385323508775	0.0	0.0	3	1.0481058640808896	2.8194353450913656	230.0	37	1.05	0.95				
	319	1	108.76605505228069	22.2339449554386	0.0	0.0	3	1.036722124926382	-1.0078401160850676	230.0	35	1.05	0.95				
	320	1	76.91743119719298	15.623853211929825	0.0	0.0	3	1.0359173012543796	-0.7432396382447953	230.0	35	1.05	0.95				
	321	2	0.0	0.0	0.0	0.0	3	1.05	3.6959485298039336	230.0	37	1.05	0.95				
	322	2	0.0	0.0	0.0	0.0	3	1.05	9.20845803795362	230.0	37	1.05	0.95				
	323	2	0.0	0.0	0.0	0.0	3	1.0368684853377752	-0.1473439297225258	230.0	35	1.05	0.95				
	324	1	0.0	0.0	0.0	0.0	3	1.0430422413492266	0.1552585696890109	230.0	36	1.05	0.95				
	325	1	0.0	0.0	0.0	0.0	3	1.0342546548975962	0.9869311898999285	230.0	35	1.05	0.95				
];
