%% MATPOWER Case Format : Version 2
function mpc = RTS_GMLC
mpc.version = '2';

%%-----  Power Flow Data  -----%%
%% system MVA base
mpc.baseMVA = 100.0;
%% bus data
%    bus_i    type    Pd    Qd    Gs    Bs    area    Vm    Va    baseKV    zone    Vmax    Vmin
mpc.bus = [
	101	2	100.53191489684212	20.478723404912284	0.0	0.0	1	1.0458297335447364	-2.7696646143992876	138.0	11	1.05	0.95				
	102	2	90.29255319438597	18.617021277192986	0.0	0.0	1	1.0455744549205321	-2.9424264579029606	138.0	12	1.05	0.95				
	103	1	167.55319149473686	34.44148936280702	0.0	0.0	1	1.0151962214012018	-2.835194294206376	138.0	11	1.05	0.95				
	104	1	68.88297872561404	13.962765957894737	0.0	0.0	1	1.0204218063594612	-6.1818533014226595	138.0	11	1.05	0.95				
	105	1	66.09042553403509	13.03191489403509	0.0	0.0	1	1.0349945719210731	-6.72086636711286	138.0	11	1.05	0.95				
	106	1	126.5957446849123	26.06382978807018	0.0	-100.0	1	1.0333265559400264	-9.793602263664784	138.0	12	1.05	0.95				
	107	2	116.35638298245614	23.27127659649123	0.0	0.0	1	1.05	-7.861926502793428	138.0	12	1.05	0.95				
	108	1	159.17553192000003	32.57978723508772	0.0	0.0	1	1.0199790656204109	-10.336494868268797	138.0	12	1.05	0.95				
	109	1	162.89893617543862	33.51063829894737	0.0	0.0	1	1.0263817406430984	-5.981481814286192	138.0	13	1.05	0.95				
	110	1	181.5159574526316	37.23404255438597	0.0	0.0	1	1.05	-7.85469467759088	138.0	13	1.05	0.95				
	111	1	0.0	0.0	0.0	0.0	1	1.0220334602161822	-2.2633910599402043	230.0	13	1.05	0.95				
	112	1	0.0	0.0	0.0	0.0	1	1.020229749818362	-1.6189757962010314	230.0	13	1.05	0.95				
	113	3	246.675531922807	50.26595744842106	0.0	0.0	1	1.026968575557601	-1.096303411647518e-30	230.0	14	1.05	0.95				
	114	2	180.58510638877195	36.30319149052632	0.0	0.0	1	1.0336111985999186	0.33907650747677714	230.0	16	1.05	0.95				
	115	2	295.0797872435088	59.57446808701755	0.0	0.0	1	1.038998010247213	10.912678321205227	230.0	16	1.05	0.95				
	116	2	93.08510638596492	18.617021277192986	0.0	0.0	1	1.0404588045936198	9.814337622420394	230.0	16	1.05	0.95				
	117	1	0.0	0.0	0.0	0.0	1	1.0439385684245175	14.67928716087353	230.0	17	1.05	0.95				
	118	2	309.9734042652632	63.29787234245615	0.0	0.0	1	1.05	15.445632852072093	230.0	17	1.05	0.95				
	119	1	168.4840425585965	34.44148936280702	0.0	0.0	1	1.0364663229039526	7.382891292544171	230.0	15	1.05	0.95				
	120	1	119.1489361740351	24.202127660350882	0.0	0.0	1	1.0419507202467315	6.762930625982613	230.0	15	1.05	0.95				
	121	2	0.0	0.0	0.0	0.0	1	1.05	17.092461345426933	230.0	17	1.05	0.95				
	122	2	0.0	0.0	0.0	0.0	1	1.05	28.632799515242137	230.0	17	1.05	0.95				
	123	2	0.0	0.0	0.0	0.0	1	1.0477460273223236	7.103129821991116	230.0	15	1.05	0.95				
	124	1	0.0	0.0	0.0	0.0	1	1.0126462712478577	5.821896311160445	230.0	16	1.05	0.95				
	201	2	93.49913425263159	19.046119940350877	0.0	0.0	2	1.0498093565487234	-14.250420852881186	138.0	21	1.05	0.95				
	202	2	83.97607428245614	17.314654491228072	0.0	0.0	2	1.05	-14.33852062431783	138.0	22	1.05	0.95				
	203	1	155.83189042105263	32.03211080877193	0.0	0.0	2	1.0261175941782463	-10.363002828139427	138.0	21	1.05	0.95				
	204	1	64.06422161754386	12.985990868421052	0.0	0.0	2	1.0214566613086506	-15.234745644566498	138.0	21	1.05	0.95				
	205	1	61.467023443859645	12.12025814385965	0.0	0.0	2	1.0389742437312015	-15.76440703762312	138.0	21	1.05	0.95				
	206	1	117.7396505403509	24.2405162877193	0.0	-100.0	2	1.0376538061078657	-17.428537979909436	138.0	22	1.05	0.95				
	207	2	108.21659057017543	21.643318114035086	0.0	0.0	2	0.95	-27.99134102576717	138.0	22	1.05	0.95				
	208	1	148.0402959	30.30064535964912	0.0	0.0	2	0.9548168412549101	-24.584793317952403	138.0	22	1.05	0.95				
	209	1	151.5032267982456	31.16637808421052	0.0	0.0	2	1.0262343481286524	-12.48701280570318	138.0	23	1.05	0.95				
	210	1	168.8178812894737	34.629308982456145	0.0	0.0	2	1.05	-14.605722287984749	138.0	23	1.05	0.95				
	211	1	0.0	0.0	0.0	0.0	2	1.0330459595413388	-7.760880013848269	230.0	23	1.05	0.95				
	212	1	0.0	0.0	0.0	0.0	2	1.0260683339016259	-3.2157256131205427	230.0	23	1.05	0.95				
	213	2	229.41917200877194	46.749567126315796	0.0	0.0	2	1.05	-4.243495501914653	230.0	24	1.05	0.95				
	214	2	167.95214856491228	33.76357625789474	0.0	0.0	2	1.05	-5.314589516475043	230.0	26	1.05	0.95				
	215	2	274.4372736859649	55.40689437192982	0.0	0.0	2	1.045354875285286	3.4922338867985436	230.0	26	1.05	0.95				
	216	2	86.57327245614034	17.314654491228072	0.0	0.0	2	1.0490191726845342	3.495560670784096	230.0	26	1.05	0.95				
	217	1	0.0	0.0	0.0	0.0	2	1.049911226251864	6.532375352389062	230.0	27	1.05	0.95				
	218	2	288.28899727894736	58.86982527017545	0.0	0.0	2	1.05	7.129157453162559	230.0	27	1.05	0.95				
	219	1	156.69762314561405	32.03211080877193	0.0	0.0	2	1.0426997462766312	3.528230548400534	230.0	25	1.05	0.95				
	220	1	110.81378874385965	22.509050838596494	0.0	0.0	2	1.0452973528942768	5.176065133746552	230.0	25	1.05	0.95				
	221	2	0.0	0.0	0.0	0.0	2	1.05	7.646193591167756	230.0	27	1.05	0.95				
	222	2	0.0	0.0	0.0	0.0	2	1.05	13.721220908515253	230.0	27	1.05	0.95				
	223	2	0.0	0.0	0.0	0.0	2	1.05	6.7061102029956645	230.0	25	1.05	0.95				
	224	1	0.0	0.0	0.0	0.0	2	1.0204299509858359	-1.6604078115431402	230.0	26	1.05	0.95				
	301	2	81.55520405052631	16.61309712140351	0.0	0.0	3	1.010747909336115	6.136803587690224	138.0	31	1.05	0.95				
	302	2	73.24865548982456	15.10281556491228	0.0	0.0	3	1.0091005353710318	5.810519072213516	138.0	32	1.05	0.95				
	303	1	135.92534008421052	27.940208795087717	0.0	0.0	3	1.0482898186047358	19.918971540023172	138.0	31	1.05	0.95				
	304	1	55.88041759017543	11.32711167368421	0.0	0.0	3	1.0044952248390793	7.962335090953141	138.0	31	1.05	0.95				
	305	1	53.61499525543859	10.571970895438596	0.0	0.0	3	1.019993029484948	6.547288762844174	138.0	31	1.05	0.95				
	306	1	102.69914584140352	21.143941790877193	0.0	-100.0	3	1.0308917571807727	5.961390230668019	138.0	32	1.05	0.95				
	307	2	94.39259728070175	18.87851945614035	0.0	0.0	3	0.9795014976573944	-0.5505095335954211	138.0	32	1.05	0.95				
	308	1	129.12907307999998	26.42992723859649	0.0	0.0	3	0.984461178287636	3.062688778336478	138.0	32	1.05	0.95				
	309	1	132.14963619298246	27.185068016842102	0.0	0.0	3	1.0284683538008406	12.796808401968061	138.0	33	1.05	0.95				
	310	1	147.25245175789473	30.20563112982456	0.0	0.0	3	1.05	9.380623135484136	138.0	33	1.05	0.95				
	311	1	0.0	0.0	0.0	0.0	3	1.0239950427615976	16.341002931776114	230.0	33	1.05	0.95				
	312	1	0.0	0.0	0.0	0.0	3	1.0266471672048276	17.389874576771543	230.0	33	1.05	0.95				
	313	2	200.11230623508771	40.77760202526316	0.0	0.0	3	1.0450748756875197	22.85381387093203	230.0	34	1.05	0.95				
	314	2	146.49731097964911	29.450490351578946	0.0	0.0	3	1.0292766661393606	15.74824611960972	230.0	36	1.05	0.95				
	315	2	239.37962670385963	48.329009807719295	0.0	0.0	3	1.05	13.738650970154838	230.0	36	1.05	0.95				
	316	2	75.5140778245614	15.10281556491228	0.0	0.0	3	1.0458136534147726	14.56960412026553	230.0	36	1.05	0.95				
	317	1	0.0	0.0	0.0	0.0	3	1.05	14.665608613247326	230.0	37	1.05	0.95				
	318	2	251.4618791557895	51.34957292070176	0.0	0.0	3	1.0473365586118182	12.91482288695368	230.0	37	1.05	0.95				
	319	1	136.68048086245614	27.940208795087717	0.0	0.0	3	1.0415407285894105	15.799750754995427	230.0	35	1.05	0.95				
	320	1	96.65801961543859	19.633660234385964	0.0	0.0	3	1.0415326487439271	16.964442535981128	230.0	35	1.05	0.95				
	321	2	0.0	0.0	0.0	0.0	3	1.0486854835115855	13.78004662680274	230.0	37	1.05	0.95				
	322	2	0.0	0.0	0.0	0.0	3	1.05	18.473393162909908	230.0	37	1.05	0.95				
	323	2	0.0	0.0	0.0	0.0	3	1.042313585414515	17.554766959978895	230.0	35	1.05	0.95				
	324	1	0.0	0.0	0.0	0.0	3	1.049143879676249	17.830786897881154	230.0	36	1.05	0.95				
	325	1	0.0	0.0	0.0	0.0	3	1.0439093495591545	17.51924507371426	230.0	35	1.05	0.95				
];

%% generator data
%    bus    Pg    Qg    Qmax    Qmin    Vg    mBase    status    Pmax    Pmin    Pc1    Pc2    Qc1min    Qc1max    Qc2min    Qc2max    ramp_agc    ramp_10    ramp_30    ramp_q    apf
