%% MATPOWER Case Format : Version 2
function mpc = RTS_GMLC
mpc.version = '2';

%%-----  Power Flow Data  -----%%
%% system MVA base
mpc.baseMVA = 100.0;
%% bus data
%    bus_i    type    Pd    Qd    Gs    Bs    area    Vm    Va    baseKV    zone    Vmax    Vmin
mpc.bus = [
	101	2	66.59821872000002	13.566303813333336	0.0	0.0	1	1.030524455858436	1.3341455318713882	138.0	11	1.05	0.95				
	102	2	59.81506681333334	12.333003466666668	0.0	0.0	1	1.030583126915814	1.2854688856761467	138.0	12	1.05	0.95				
	103	1	110.99703120000002	22.816056413333335	0.0	0.0	1	1.0234528390605233	-0.046548014749127724	138.0	11	1.05	0.95				
	104	1	45.63211282666667	9.2497526	0.0	0.0	1	1.0173732575543535	-2.018009771746509	138.0	11	1.05	0.95				
	105	1	43.78216230666666	8.633102426666667	0.0	0.0	1	1.0317941501333816	-1.9443545136632827	138.0	11	1.05	0.95				
	106	1	83.86442357333334	17.266204853333335	0.0	-100.0	1	1.0393410969549306	-4.3429909624667715	138.0	12	1.05	0.95				
	107	2	77.08127166666668	15.416254333333335	0.0	0.0	1	1.0486798250677585	-1.921840407155085	138.0	12	1.05	0.95				
	108	1	105.44717964000002	21.58275606666667	0.0	0.0	1	1.0287388663437775	-4.17599951359431	138.0	12	1.05	0.95				
	109	1	107.91378033333334	22.19940624	0.0	0.0	1	1.026260961183593	-2.2182951426593447	138.0	13	1.05	0.95				
	110	1	120.2467838	24.666006933333335	0.0	0.0	1	1.05	-3.3133456807572856	138.0	13	1.05	0.95				
	111	1	0.0	0.0	0.0	0.0	1	1.0085387607384553	-0.2599383658994884	230.0	13	1.05	0.95				
	112	1	0.0	0.0	0.0	0.0	1	1.0133544961893508	0.3930847642434709	230.0	13	1.05	0.95				
	113	3	163.41229593333335	33.29910936000001	0.0	0.0	1	1.0049615597049752	-4.297848776510827e-29	230.0	14	1.05	0.95				
	114	2	119.63013362666668	24.049356760000006	0.0	0.0	1	1.0069501699292114	2.1158357683429374	230.0	16	1.05	0.95				
	115	2	195.4781049466667	39.46561109333334	0.0	0.0	1	1.042729115193369	9.583143236649216	230.0	16	1.05	0.95				
	116	2	61.66501733333334	12.333003466666668	0.0	0.0	1	1.040109701734219	9.109770728323603	230.0	16	1.05	0.95				
	117	1	0.0	0.0	0.0	0.0	1	1.0459328334691727	11.95876698976148	230.0	17	1.05	0.95				
	118	2	205.34450772000002	41.93221178666667	0.0	0.0	1	1.0487494495084095	12.530371140777662	230.0	17	1.05	0.95				
	119	1	111.61368137333334	22.816056413333335	0.0	0.0	1	1.0350000033558593	7.868247454717048	230.0	15	1.05	0.95				
	120	1	78.93122218666667	16.032904506666668	0.0	0.0	1	1.0357577917783682	7.961701717774332	230.0	15	1.05	0.95				
	121	2	0.0	0.0	0.0	0.0	1	1.05	12.887869468026047	230.0	17	1.05	0.95				
	122	2	0.0	0.0	0.0	0.0	1	1.05	19.20161638164506	230.0	17	1.05	0.95				
	123	2	0.0	0.0	0.0	0.0	1	1.0376038564674648	8.473925026695573	230.0	15	1.05	0.95				
	124	1	0.0	0.0	0.0	0.0	1	1.0234379130531548	6.009435282517678	230.0	16	1.05	0.95				
	201	2	81.42924603789474	16.587439007719297	0.0	0.0	2	1.0393330974703425	-13.44181742320803	138.0	21	1.05	0.95				
	202	2	73.1355265340351	15.079490007017545	0.0	0.0	2	1.0395235544331654	-13.569565610570347	138.0	22	1.05	0.95				
	203	1	135.7154100631579	27.897056512982456	0.0	0.0	2	1.0238500367878491	-8.876477254211867	138.0	21	1.05	0.95				
	204	1	55.79411302596491	11.309617505263157	0.0	0.0	2	1.0180497941360114	-15.156318688989863	138.0	21	1.05	0.95				
	205	1	53.532189524912276	10.555643004912282	0.0	0.0	2	1.0350086284273299	-15.707270426278631	138.0	21	1.05	0.95				
	206	1	102.54053204771931	21.111286009824564	0.0	-100.0	2	1.038167688484751	-17.693033990920746	138.0	22	1.05	0.95				
	207	2	94.24681254385965	18.84936250877193	0.0	0.0	2	0.9572919235052378	-28.927735885289756	138.0	22	1.05	0.95				
	208	1	128.92963956	26.389107512280702	0.0	0.0	2	0.9624343453904841	-25.15147417470222	138.0	22	1.05	0.95				
	209	1	131.9455375614035	27.14308201263158	0.0	0.0	2	1.0243435332438957	-13.40668162847166	138.0	23	1.05	0.95				
	210	1	147.02502756842105	30.15898001403509	0.0	0.0	2	1.05	-15.643047120155186	138.0	23	1.05	0.95				
	211	1	0.0	0.0	0.0	0.0	2	1.0296278393263176	-8.648223321064139	230.0	23	1.05	0.95				
	212	1	0.0	0.0	0.0	0.0	2	1.021962893512608	-7.636721571376626	230.0	23	1.05	0.95				
	213	2	199.80324259298246	40.71462301894737	0.0	0.0	2	1.042061730295025	-5.410231312354018	230.0	24	1.05	0.95				
	214	2	146.2710530680702	29.405005513684213	0.0	0.0	2	1.0483766558957117	-5.834148969341774	230.0	26	1.05	0.95				
	215	2	239.00991661122805	48.25436802245614	0.0	0.0	2	1.0428225056460523	3.0119543752154705	230.0	26	1.05	0.95				
	216	2	75.39745003508772	15.079490007017545	0.0	0.0	2	1.0478321582568428	2.827836978826701	230.0	26	1.05	0.95				
	217	1	0.0	0.0	0.0	0.0	2	1.048215192734918	6.485955940179032	230.0	27	1.05	0.95				
	218	2	251.07350861684213	51.270266023859655	0.0	0.0	2	1.0499999404162548	7.158310157765009	230.0	27	1.05	0.95				
	219	1	136.46938456350878	27.897056512982456	0.0	0.0	2	1.0434470180073485	1.861780468972086	230.0	25	1.05	0.95				
	220	1	96.50873604491228	19.60333700912281	0.0	0.0	2	1.0462730608864783	2.431218481070689	230.0	25	1.05	0.95				
	221	2	0.0	0.0	0.0	0.0	2	1.05	7.501391301121669	230.0	27	1.05	0.95				
	222	2	0.0	0.0	0.0	0.0	2	1.05	13.61479535877153	230.0	27	1.05	0.95				
	223	2	0.0	0.0	0.0	0.0	2	1.05	3.291328106291115	230.0	25	1.05	0.95				
	224	1	0.0	0.0	0.0	0.0	2	1.0208094375212142	-1.4075609260426858	230.0	26	1.05	0.95				
	301	2	53.521670349473695	10.902562478596492	0.0	0.0	3	1.010209352008276	-17.079052713101873	138.0	31	1.05	0.95				
	302	2	48.07038911017544	9.91142043508772	0.0	0.0	3	1.0093285233222105	-17.278670488620563	138.0	32	1.05	0.95				
	303	1	89.20278391578948	18.33612780491228	0.0	0.0	3	1.035487232130674	-8.4872687190477	138.0	31	1.05	0.95				
	304	1	36.67225560982456	7.43356532631579	0.0	0.0	3	1.0100688201404822	-15.828270676322894	138.0	31	1.05	0.95				
	305	1	35.18554254456141	6.937994304561404	0.0	0.0	3	1.023716562804476	-16.86532679451998	138.0	31	1.05	0.95				
	306	1	67.3976589585965	13.875988609122809	0.0	-100.0	3	1.0388314183078649	-17.321067612534293	138.0	32	1.05	0.95				
	307	2	61.946377719298255	12.38927554385965	0.0	0.0	3	0.9921624802080552	-22.848600641183054	138.0	32	1.05	0.95				
	308	1	84.74264472	17.344985761403507	0.0	0.0	3	0.9962576007409732	-20.55669638034309	138.0	32	1.05	0.95				
	309	1	86.72492880701755	17.840556783157897	0.0	0.0	3	1.026748962023892	-12.615828797435022	138.0	33	1.05	0.95				
	310	1	96.63634924210527	19.82284087017544	0.0	0.0	3	1.05	-15.058251957760982	138.0	33	1.05	0.95				
	311	1	0.0	0.0	0.0	0.0	3	1.0125863269687891	-8.817255771036692	230.0	33	1.05	0.95				
	312	1	0.0	0.0	0.0	0.0	3	1.013720113427967	-8.423718782981949	230.0	33	1.05	0.95				
	313	2	131.32632076491228	26.760835174736847	0.0	0.0	3	1.0143794486892528	-5.5090770318811995	230.0	34	1.05	0.95				
	314	2	96.14077822035088	19.327269848421054	0.0	0.0	3	1.019113020162426	-6.644212892889549	230.0	36	1.05	0.95				
	315	2	157.09601389614036	31.716545392280704	0.0	0.0	3	1.0437096717551577	-0.8157840071152729	230.0	36	1.05	0.95				
	316	2	49.5571021754386	9.91142043508772	0.0	0.0	3	1.0422753054239977	-0.6218288810156286	230.0	36	1.05	0.95				
	317	1	0.0	0.0	0.0	0.0	3	1.046254129019106	1.352492612493811	230.0	37	1.05	0.95				
	318	2	165.02515024421055	33.69882947929825	0.0	0.0	3	1.0467564437162595	1.3934092839054768	230.0	37	1.05	0.95				
	319	1	89.69835493754387	18.33612780491228	0.0	0.0	3	1.0367385620547562	-1.8999109846877005	230.0	35	1.05	0.95				
	320	1	63.43309078456141	12.884846565614035	0.0	0.0	3	1.035736583720922	-2.070599262987755	230.0	35	1.05	0.95				
	321	2	0.0	0.0	0.0	0.0	3	1.0490069840603293	2.3165398332131906	230.0	37	1.05	0.95				
	322	2	0.0	0.0	0.0	0.0	3	1.05	7.711594934446249	230.0	37	1.05	0.95				
	323	2	0.0	0.0	0.0	0.0	3	1.035997975115569	-1.7909888696534875	230.0	35	1.05	0.95				
	324	1	0.0	0.0	0.0	0.0	3	1.0307158490615844	-3.691593498525739	230.0	36	1.05	0.95				
	325	1	0.0	0.0	0.0	0.0	3	1.032875094850626	-0.5637247713330231	230.0	35	1.05	0.95				
];
