%% MATPOWER Case Format : Version 2
function mpc = RTS_GMLC
mpc.version = '2';

%%-----  Power Flow Data  -----%%
%% system MVA base
mpc.baseMVA = 100.0;
%% bus data
%    bus_i    type    Pd    Qd    Gs    Bs    area    Vm    Va    baseKV    zone    Vmax    Vmin
mpc.bus = [
	101	2	77.25927759157895	15.738000990877191	0.0	0.0	1	1.0499999997984724	0.43631833821094607	138.0	11	1.05	0.95				
	102	2	69.39027709614034	14.307273628070174	0.0	0.0	1	1.049497054779679	0.16993776606611638	138.0	12	1.05	0.95				
	103	1	128.76546265263158	26.46845621192982	0.0	0.0	1	1.0298785382108455	-1.0846540046757975	138.0	11	1.05	0.95				
	104	1	52.93691242385964	10.73045522105263	0.0	0.0	1	1.0263835697297603	-3.4866641283372193	138.0	11	1.05	0.95				
	105	1	50.79082137964912	10.015091539649122	0.0	0.0	1	1.0395666519107727	-3.882079712687313	138.0	11	1.05	0.95				
	106	1	97.28946067087719	20.030183079298244	0.0	-100.0	1	1.0403342119686627	-7.0073671157842154	138.0	12	1.05	0.95				
	107	2	89.42046017543859	17.88409203508772	0.0	0.0	1	1.009536314285105	-12.027481045802205	138.0	12	1.05	0.95				
	108	1	122.32718951999999	25.037728849122804	0.0	0.0	1	1.0010991798862061	-11.46513739218918	138.0	12	1.05	0.95				
	109	1	125.18864424561403	25.75309253052631	0.0	0.0	1	1.0262919439334168	-4.65745796609755	138.0	13	1.05	0.95				
	110	1	139.4959178736842	28.614547256140348	0.0	0.0	1	1.05	-6.095097098909607	138.0	13	1.05	0.95				
	111	1	0.0	0.0	0.0	0.0	1	1.0141523191952613	-1.895017742170143	230.0	13	1.05	0.95				
	112	1	0.0	0.0	0.0	0.0	1	1.0163872485076173	-1.3867970727522134	230.0	13	1.05	0.95				
	113	3	189.5713755719298	38.629638795789475	0.0	0.0	1	1.015143254013883	-2.016536166949459e-29	230.0	14	1.05	0.95				
	114	2	138.78055419228068	27.899183574736842	0.0	0.0	1	1.0170499083930726	-0.030444233798551067	230.0	16	1.05	0.95				
	115	2	226.77028700491223	45.78327560982456	0.0	0.0	1	1.044590889856522	7.8395255794035945	230.0	16	1.05	0.95				
	116	2	71.53636814035087	14.307273628070174	0.0	0.0	1	1.0419288412516343	6.928211248696486	230.0	16	1.05	0.95				
	117	1	0.0	0.0	0.0	0.0	1	1.0456495173059424	10.105701793592775	230.0	17	1.05	0.95				
	118	2	238.21610590736842	48.644730335438595	0.0	0.0	1	1.047802547020008	10.754930634380228	230.0	17	1.05	0.95				
	119	1	129.48082633403507	26.46845621192982	0.0	0.0	1	1.0348682225373116	5.328529096315859	230.0	15	1.05	0.95				
	120	1	91.56655121964911	18.599455716491224	0.0	0.0	1	1.0341338766984858	4.782109589848927	230.0	15	1.05	0.95				
	121	2	0.0	0.0	0.0	0.0	1	1.05	12.492013588026106	230.0	17	1.05	0.95				
	122	2	0.0	0.0	0.0	0.0	1	1.05	18.12592065397381	230.0	17	1.05	0.95				
	123	2	0.0	0.0	0.0	0.0	1	1.035542419209356	5.016637630590558	230.0	15	1.05	0.95				
	124	1	0.0	0.0	0.0	0.0	1	1.0277986439159248	4.513831976036674	230.0	16	1.05	0.95				
	201	2	76.56729104842105	15.597040769122808	0.0	0.0	2	1.033788571195312	-11.828840018013707	138.0	21	1.05	0.95				
	202	2	68.76877066385966	14.179127971929825	0.0	0.0	2	1.0343365981207757	-11.799477115923372	138.0	22	1.05	0.95				
	203	1	127.61215174736844	26.23138674807018	0.0	0.0	2	1.0180174477223527	-10.593831870572501	138.0	21	1.05	0.95				
	204	1	52.46277349614036	10.634345978947369	0.0	0.0	2	1.017245476975071	-13.060162708499538	138.0	21	1.05	0.95				
	205	1	50.335904300350876	9.92538958035088	0.0	0.0	2	1.0329523034967345	-13.344154609202937	138.0	21	1.05	0.95				
	206	1	96.41807020912282	19.85077916070176	0.0	-100.0	2	1.038477481772419	-14.844641294296538	138.0	22	1.05	0.95				
	207	2	88.61954982456142	17.72390996491228	0.0	0.0	2	0.9688578803834207	-25.33163199640345	138.0	22	1.05	0.95				
	208	1	121.23154416000001	24.813473950877192	0.0	0.0	2	0.9720334777801897	-21.835499456239152	138.0	22	1.05	0.95				
	209	1	124.06736975438596	25.522430349473684	0.0	0.0	2	1.025508773337898	-11.214563524051272	138.0	23	1.05	0.95				
	210	1	138.2464977263158	28.35825594385965	0.0	0.0	2	1.05	-12.639560769714791	138.0	23	1.05	0.95				
	211	1	0.0	0.0	0.0	0.0	2	1.0231372440743978	-7.539289182656775	230.0	23	1.05	0.95				
	212	1	0.0	0.0	0.0	0.0	2	1.0232644901332348	-2.4271098016504977	230.0	23	1.05	0.95				
	213	2	187.8734456280702	38.28364552421053	0.0	0.0	2	1.0306528189512563	-4.794541067541401	230.0	24	1.05	0.95				
	214	2	137.5375413277193	27.649299545263162	0.0	0.0	2	1.0329705768228115	-5.636217894925306	230.0	26	1.05	0.95				
	215	2	224.73917835508774	45.37320951017544	0.0	0.0	2	1.0407578209837998	1.387416147254614	230.0	26	1.05	0.95				
	216	2	70.89563985964912	14.179127971929825	0.0	0.0	2	1.0422166661746268	1.4258822725322058	230.0	26	1.05	0.95				
	217	1	0.0	0.0	0.0	0.0	2	1.0440678055978305	3.678045187343153	230.0	27	1.05	0.95				
	218	2	236.0824807326316	48.20903510456141	0.0	0.0	2	1.0443408197106754	3.78628489614638	230.0	27	1.05	0.95				
	219	1	128.32110814596493	26.23138674807018	0.0	0.0	2	1.0403857803293786	1.620208327959293	230.0	25	1.05	0.95				
	220	1	90.74641902035088	18.432866363508772	0.0	0.0	2	1.0450316461645306	3.1215599219991126	230.0	25	1.05	0.95				
	221	2	0.0	0.0	0.0	0.0	2	1.0447229825090303	3.7533029417758645	230.0	27	1.05	0.95				
	222	2	0.0	0.0	0.0	0.0	2	1.05	10.23101951997106	230.0	27	1.05	0.95				
	223	2	0.0	0.0	0.0	0.0	2	1.05	4.457056827634962	230.0	25	1.05	0.95				
	224	1	0.0	0.0	0.0	0.0	2	1.0172469666368174	-3.050654303522095	230.0	26	1.05	0.95				
	301	2	70.69028786526316	14.399873454035086	0.0	0.0	3	0.9965356990492863	2.0693104513737564	138.0	31	1.05	0.95				
	302	2	63.490351138245614	13.090794049122808	0.0	0.0	3	0.9987094699965072	2.01778939104077	138.0	32	1.05	0.95				
	303	1	117.81714644210525	24.217968990877193	0.0	0.0	3	1.010439847430832	5.046474506257826	138.0	31	1.05	0.95				
	304	1	48.435937981754385	9.818095536842105	0.0	0.0	3	0.9980523794349707	4.481123564763716	138.0	31	1.05	0.95				
	305	1	46.47231887438596	9.163555834385965	0.0	0.0	3	1.009847066978986	4.415955794567068	138.0	31	1.05	0.95				
	306	1	89.01739953403509	18.32711166877193	0.0	-100.0	3	1.026191483349198	4.993261623793512	138.0	32	1.05	0.95				
	307	2	81.81746280701753	16.363492561403508	0.0	0.0	3	0.9768902970624799	1.0994956265730378	138.0	32	1.05	0.95				
	308	1	111.92628912	22.90888958596491	0.0	0.0	3	0.9895116559330719	4.091401979954329	138.0	32	1.05	0.95				
	309	1	114.54444792982457	23.56342928842105	0.0	0.0	3	1.021820817254396	9.185256169898183	138.0	33	1.05	0.95				
	310	1	127.63524197894736	26.181588098245616	0.0	0.0	3	1.0442454436255955	8.875214691812088	138.0	33	1.05	0.95				
	311	1	0.0	0.0	0.0	0.0	3	1.0122786811288953	15.807928493893547	230.0	33	1.05	0.95				
	312	1	0.0	0.0	0.0	0.0	3	1.018328132672709	17.395061209690535	230.0	33	1.05	0.95				
	313	2	173.4530211508772	35.34514393263158	0.0	0.0	3	1.043979618700129	25.461482188939698	230.0	34	1.05	0.95				
	314	2	126.98070227649123	25.527048395789475	0.0	0.0	3	1.0152447778349356	13.89097019153521	230.0	36	1.05	0.95				
	315	2	207.48908567859647	41.89054095719298	0.0	0.0	3	1.0372632764549554	8.130301674947196	230.0	36	1.05	0.95				
	316	2	65.45397024561403	13.090794049122808	0.0	0.0	3	1.0384575998498171	9.737820836179631	230.0	36	1.05	0.95				
	317	1	0.0	0.0	0.0	0.0	3	1.0412463520188024	8.581601046730805	230.0	37	1.05	0.95				
	318	2	217.96172091789475	44.508699767017546	0.0	0.0	3	1.0396405347769495	7.420883617622681	230.0	37	1.05	0.95				
	319	1	118.4716861445614	24.217968990877193	0.0	0.0	3	1.037267400633914	12.74624071531609	230.0	35	1.05	0.95				
	320	1	83.78108191438596	17.018032263859652	0.0	0.0	3	1.0401321510551527	15.14432279202782	230.0	35	1.05	0.95				
	321	2	0.0	0.0	0.0	0.0	3	1.0403118056183727	8.22225858583516	230.0	37	1.05	0.95				
	322	2	0.0	0.0	0.0	0.0	3	1.05	12.68230953556239	230.0	37	1.05	0.95				
	323	2	0.0	0.0	0.0	0.0	3	1.041969315072441	16.06536858842993	230.0	35	1.05	0.95				
	324	1	0.0	0.0	0.0	0.0	3	1.0237692130871423	8.892244881643725	230.0	36	1.05	0.95				
	325	1	0.0	0.0	0.0	0.0	3	1.0439803371349519	15.766649103512792	230.0	35	1.05	0.95				
];
