%% MATPOWER Case Format : Version 2
function mpc = RTS_GMLC
mpc.version = '2';

%%-----  Power Flow Data  -----%%
%% system MVA base
mpc.baseMVA = 100.0;
%% bus data
%    bus_i    type    Pd    Qd    Gs    Bs    area    Vm    Va    baseKV    zone    Vmax    Vmin
mpc.bus = [
	101	2	55.96387927578947	11.400049482105263	0.0	0.0	1	1.0344483596209848	2.77916782568971	138.0	11	1.05	0.95				
	102	2	50.26385453473684	10.363681347368422	0.0	0.0	1	1.0344221878117186	2.727248545203806	138.0	12	1.05	0.95				
	103	1	93.2731321263158	19.17281049263158	0.0	0.0	1	1.0261134072412519	0.5516110731618485	138.0	11	1.05	0.95				
	104	1	38.34562098526316	7.772761010526315	0.0	0.0	1	1.0204341245118118	-0.7863041727997986	138.0	11	1.05	0.95				
	105	1	36.79106878315789	7.254576943157895	0.0	0.0	1	1.034996764639565	-0.6010556655484032	138.0	11	1.05	0.95				
	106	1	70.47303316210527	14.50915388631579	0.0	-100.0	1	1.042989769679861	-2.982533472470314	138.0	12	1.05	0.95				
	107	2	64.77300842105262	12.954601684210527	0.0	0.0	1	1.0309707670020603	-2.5481944646303627	138.0	12	1.05	0.95				
	108	1	88.60947551999999	18.136442357894737	0.0	0.0	1	1.0211359149733443	-3.9344342913600014	138.0	12	1.05	0.95				
	109	1	90.68221178947368	18.654626425263157	0.0	0.0	1	1.0254571147942961	-1.5704690187238355	138.0	13	1.05	0.95				
	110	1	101.0458931368421	20.727362694736843	0.0	0.0	1	1.05	-2.399983700048909	138.0	13	1.05	0.95				
	111	1	0.0	0.0	0.0	0.0	1	1.0049936070622314	-0.05804584443408855	230.0	13	1.05	0.95				
	112	1	0.0	0.0	0.0	0.0	1	1.0104516802577925	0.42024296911940784	230.0	13	1.05	0.95				
	113	3	137.31877785263157	27.981939637894737	0.0	0.0	1	0.9983617215126573	-1.549150339578581e-28	230.0	14	1.05	0.95				
	114	2	100.52770906947369	20.20917862736842	0.0	0.0	1	1.0012416341986512	1.9379381984805146	230.0	16	1.05	0.95				
	115	2	164.26434935578948	33.16378031157895	0.0	0.0	1	1.0389477162556044	8.330413223377443	230.0	16	1.05	0.95				
	116	2	51.81840673684211	10.363681347368422	0.0	0.0	1	1.035060269556812	7.791683561047544	230.0	16	1.05	0.95				
	117	1	0.0	0.0	0.0	0.0	1	1.0417644727586948	9.837055859123536	230.0	17	1.05	0.95				
	118	2	172.5552944336842	35.23651658105263	0.0	0.0	1	1.0441712050209	9.8567812413323	230.0	17	1.05	0.95				
	119	1	93.79131619368421	19.17281049263158	0.0	0.0	1	1.0289688340328988	6.594918914435301	230.0	15	1.05	0.95				
	120	1	66.3275606231579	13.472785751578947	0.0	0.0	1	1.02776566171931	6.551895459511995	230.0	15	1.05	0.95				
	121	2	0.0	0.0	0.0	0.0	1	1.048049524765543	10.995813004394659	230.0	17	1.05	0.95				
	122	2	0.0	0.0	0.0	0.0	1	1.05	17.958670451416435	230.0	17	1.05	0.95				
	123	2	0.0	0.0	0.0	0.0	1	1.028071723219395	6.924351197273871	230.0	15	1.05	0.95				
	124	1	0.0	0.0	0.0	0.0	1	1.0241561125300527	5.429149907489959	230.0	16	1.05	0.95				
	201	2	63.57941128421053	12.951361557894735	0.0	0.0	2	1.0325371236403227	-9.650461226642626	138.0	21	1.05	0.95				
	202	2	57.10373050526315	11.77396505263158	0.0	0.0	2	1.0327308690181618	-9.733344542892514	138.0	22	1.05	0.95				
	203	1	105.96568547368422	21.78183534736842	0.0	0.0	2	1.0223609886828569	-7.415451664460981	138.0	21	1.05	0.95				
	204	1	43.56367069473684	8.830473789473684	0.0	0.0	2	1.0178600709579866	-11.971420456884461	138.0	21	1.05	0.95				
	205	1	41.7975759368421	8.241775536842106	0.0	0.0	2	1.0336073236554064	-12.270992539139396	138.0	21	1.05	0.95				
	206	1	80.06296235789475	16.48355107368421	0.0	-100.0	2	1.0411229569993699	-14.300664105450153	138.0	22	1.05	0.95				
	207	2	73.58728157894735	14.717456315789473	0.0	0.0	2	0.9879838469884924	-23.183705493482982	138.0	22	1.05	0.95				
	208	1	100.6674012	20.60443884210526	0.0	0.0	2	0.9888959489103751	-20.364719113046696	138.0	22	1.05	0.95				
	209	1	103.02219421052632	21.19313709473684	0.0	0.0	2	1.0236807451319672	-11.412044953371606	138.0	23	1.05	0.95				
	210	1	114.79615926315789	23.54793010526316	0.0	0.0	2	1.05	-13.067679028142177	138.0	23	1.05	0.95				
	211	1	0.0	0.0	0.0	0.0	2	1.0146930158914933	-8.264034872496879	230.0	23	1.05	0.95				
	212	1	0.0	0.0	0.0	0.0	2	1.0146576543847268	-7.27607759665392	230.0	23	1.05	0.95				
	213	2	156.0050369473684	31.789705642105265	0.0	0.0	2	1.0150513787341156	-6.947306989966503	230.0	24	1.05	0.95				
	214	2	114.2074610105263	22.95923185263158	0.0	0.0	2	1.0217921452646916	-5.428236999985176	230.0	26	1.05	0.95				
	215	2	186.6173460842105	37.67668816842105	0.0	0.0	2	1.033624990592063	2.2025434896271108	230.0	26	1.05	0.95				
	216	2	58.86982526315789	11.77396505263158	0.0	0.0	2	1.0370974713011039	2.1802493294484036	230.0	26	1.05	0.95				
	217	1	0.0	0.0	0.0	0.0	2	1.039823243748787	5.093436740331036	230.0	27	1.05	0.95				
	218	2	196.0365181263158	40.031481178947374	0.0	0.0	2	1.0411346926738958	5.462993616464556	230.0	27	1.05	0.95				
	219	1	106.55438372631578	21.78183534736842	0.0	0.0	2	1.0377863035895578	1.751625057823834	230.0	25	1.05	0.95				
	220	1	75.3533763368421	15.306154568421052	0.0	0.0	2	1.0430675403696636	2.495990615727679	230.0	25	1.05	0.95				
	221	2	0.0	0.0	0.0	0.0	2	1.0408538620726282	5.137323394191871	230.0	27	1.05	0.95				
	222	2	0.0	0.0	0.0	0.0	2	1.05	11.623295322781559	230.0	27	1.05	0.95				
	223	2	0.0	0.0	0.0	0.0	2	1.0474372187309513	3.334086105511682	230.0	25	1.05	0.95				
	224	1	0.0	0.0	0.0	0.0	2	1.0174514332124704	-1.3957528122674208	230.0	26	1.05	0.95				
	301	2	48.430876319999996	9.86554888	0.0	0.0	3	1.0083610508864678	-15.625881211475939	138.0	31	1.05	0.95				
	302	2	43.49810187999999	8.968680800000001	0.0	0.0	3	1.0079038910967006	-15.770905892705658	138.0	32	1.05	0.95				
	303	1	80.7181272	16.59205948	0.0	0.0	3	1.0283858261635919	-9.070851841475209	138.0	31	1.05	0.95				
	304	1	33.18411896	6.726510599999999	0.0	0.0	3	1.0102580460129549	-14.364618428057502	138.0	31	1.05	0.95				
	305	1	31.838816839999996	6.27807656	0.0	0.0	3	1.0233922362216792	-15.209204891107897	138.0	31	1.05	0.95				
	306	1	60.98702944000001	12.55615312	0.0	-100.0	3	1.039850499624145	-15.508244563087244	138.0	32	1.05	0.95				
	307	2	56.054255	11.210851	0.0	0.0	3	0.9929783890208184	-20.426423150655676	138.0	32	1.05	0.95				
	308	1	76.68222084	15.695191399999997	0.0	0.0	3	0.9987160946715575	-18.391434263155574	138.0	32	1.05	0.95				
	309	1	78.475957	16.143625439999997	0.0	0.0	3	1.0263596911037411	-11.378655571542605	138.0	33	1.05	0.95				
	310	1	87.4446378	17.937361600000003	0.0	0.0	3	1.05	-13.349252675770984	138.0	33	1.05	0.95				
	311	1	0.0	0.0	0.0	0.0	3	1.0099196310388232	-7.4106064693254075	230.0	33	1.05	0.95				
	312	1	0.0	0.0	0.0	0.0	3	1.0117371611029864	-7.144614617834326	230.0	33	1.05	0.95				
	313	2	118.8350206	24.215438159999998	0.0	0.0	3	1.0114996724181007	-4.156480468947885	230.0	34	1.05	0.95				
	314	2	86.99620375999999	17.48892756	0.0	0.0	3	1.0137947561731278	-5.227704313912897	230.0	36	1.05	0.95				
	315	2	142.15359068	28.69977856	0.0	0.0	3	1.040283159903174	0.20929383879611543	230.0	36	1.05	0.95				
	316	2	44.843404	8.968680800000001	0.0	0.0	3	1.0385763832683919	0.5062538846417873	230.0	36	1.05	0.95				
	317	1	0.0	0.0	0.0	0.0	3	1.0449146081209548	2.7654440160830314	230.0	37	1.05	0.95				
	318	2	149.32853532	30.493514720000004	0.0	0.0	3	1.044709629070937	2.5578073671359443	230.0	37	1.05	0.95				
	319	1	81.16656124000001	16.59205948	0.0	0.0	3	1.0320356328294682	-0.8573745032841869	230.0	35	1.05	0.95				
	320	1	57.39955712	11.65928504	0.0	0.0	3	1.0297020347626988	-1.185726740803153	230.0	35	1.05	0.95				
	321	2	0.0	0.0	0.0	0.0	3	1.046593082976771	3.285553177770502	230.0	37	1.05	0.95				
	322	2	0.0	0.0	0.0	0.0	3	1.05	7.416340601962239	230.0	37	1.05	0.95				
	323	2	0.0	0.0	0.0	0.0	3	1.029014373178859	-1.0232503818135583	230.0	35	1.05	0.95				
	324	1	0.0	0.0	0.0	0.0	3	1.024187938790097	-3.2599215814156413	230.0	36	1.05	0.95				
	325	1	0.0	0.0	0.0	0.0	3	1.0276352928645285	-0.004856451660463981	230.0	35	1.05	0.95				
];

%% generator data
%    bus    Pg    Qg    Qmax    Qmin    Vg    mBase    status    Pmax    Pmin    Pc1    Pc2    Qc1min    Qc1max    Qc2min    Qc2max    ramp_agc    ramp_10    ramp_30    ramp_q    apf
