%% MATPOWER Case Format : Version 2
function mpc = RTS_GMLC
mpc.version = '2';

%%-----  Power Flow Data  -----%%
%% system MVA base
mpc.baseMVA = 100.0;
%% bus data
%    bus_i    type    Pd    Qd    Gs    Bs    area    Vm    Va    baseKV    zone    Vmax    Vmin
mpc.bus = [
	101	2	71.71499258526318	14.608609600701755	0.0	0.0	1	1.0449698518547872	0.39124472747456995	138.0	11	1.05	0.95				
	102	2	64.41068778491228	13.280554182456141	0.0	0.0	1	1.0437626338214319	-0.01896536831631576	138.0	12	1.05	0.95				
	103	1	119.52498764210529	24.569025237543862	0.0	0.0	1	1.0296609141540114	-0.14099880888796298	138.0	11	1.05	0.95				
	104	1	49.138050475087724	9.960415636842106	0.0	0.0	1	1.024695469255966	-3.3506985665315043	138.0	11	1.05	0.95				
	105	1	47.1459673477193	9.2963879277193	0.0	0.0	1	1.037764487017293	-3.810027881010945	138.0	11	1.05	0.95				
	106	1	90.30776844070176	18.5927758554386	0.0	-100.0	1	1.0405806505692723	-6.85706867474496	138.0	12	1.05	0.95				
	107	2	83.00346364035089	16.600692728070175	0.0	0.0	1	1.0022522973647647	-15.997022022001019	138.0	12	1.05	0.95				
	108	1	113.54873826000001	23.240969819298247	0.0	0.0	1	0.9955262915398825	-13.51501072590057	138.0	12	1.05	0.95				
	109	1	116.20484909649123	23.904997528421053	0.0	0.0	1	1.0256664382482872	-4.476001215699482	138.0	13	1.05	0.95				
	110	1	129.4854032789474	26.561108364912283	0.0	0.0	1	1.05	-6.037788542345941	138.0	13	1.05	0.95				
	111	1	0.0	0.0	0.0	0.0	1	1.014703893918986	-1.4253794349024342	230.0	13	1.05	0.95				
	112	1	0.0	0.0	0.0	0.0	1	1.0170006178865996	-1.2735100600743157	230.0	13	1.05	0.95				
	113	3	175.96734291754385	35.85749629263159	0.0	0.0	1	1.015906852565492	1.2621147176219874e-31	230.0	14	1.05	0.95				
	114	2	128.82137556982457	25.897080655789477	0.0	0.0	1	1.0195409836528067	1.1851583475695209	230.0	16	1.05	0.95				
	115	2	210.49678379192983	42.49777338385965	0.0	0.0	1	1.043775301136076	9.858417610859005	230.0	16	1.05	0.95				
	116	2	66.4027709122807	13.280554182456141	0.0	0.0	1	1.042236536607584	8.871962388568802	230.0	16	1.05	0.95				
	117	1	0.0	0.0	0.0	0.0	1	1.0453282629914227	12.945966205491018	230.0	17	1.05	0.95				
	118	2	221.12122713789475	45.15388422035088	0.0	0.0	1	1.0491412157131004	13.653080953924583	230.0	17	1.05	0.95				
	119	1	120.18901535122808	24.569025237543862	0.0	0.0	1	1.0362164944033228	6.608427585646158	230.0	15	1.05	0.95				
	120	1	84.9955467677193	17.264720437192985	0.0	0.0	1	1.0365070799719438	5.451906936872085	230.0	15	1.05	0.95				
	121	2	0.0	0.0	0.0	0.0	1	1.05	15.570477351661449	230.0	17	1.05	0.95				
	122	2	0.0	0.0	0.0	0.0	1	1.05	24.161863094690247	230.0	17	1.05	0.95				
	123	2	0.0	0.0	0.0	0.0	1	1.0382492710169395	5.31111107904509	230.0	15	1.05	0.95				
	124	1	0.0	0.0	0.0	0.0	1	1.0259635573655603	6.126941164387791	230.0	16	1.05	0.95				
	201	2	84.42121831578947	17.19691484210526	0.0	0.0	2	1.0392036209607756	-16.400987276899865	138.0	21	1.05	0.95				
	202	2	75.82276089473685	15.633558947368421	0.0	0.0	2	1.0398709050302322	-16.38745768365202	138.0	22	1.05	0.95				
	203	1	140.70203052631578	28.922084052631575	0.0	0.0	2	1.014931599751618	-14.257175316467965	138.0	21	1.05	0.95				
	204	1	57.84416810526315	11.725169210526316	0.0	0.0	2	1.017897539849571	-17.314652473939553	138.0	21	1.05	0.95				
	205	1	55.49913426315789	10.943491263157895	0.0	0.0	2	1.0347168604324344	-17.694625294982075	138.0	21	1.05	0.95				
	206	1	106.30820084210526	21.88698252631579	0.0	-100.0	2	1.0377290389157128	-19.13952624643131	138.0	22	1.05	0.95				
	207	2	97.70974342105264	19.541948684210524	0.0	0.0	2	0.9508804328233584	-30.727601382215255	138.0	22	1.05	0.95				
	208	1	133.66692899999998	27.358728157894735	0.0	0.0	2	0.9572597270410064	-26.77908269046792	138.0	22	1.05	0.95				
	209	1	136.79364078947367	28.140406105263153	0.0	0.0	2	1.02496527717694	-14.906917850569783	138.0	23	1.05	0.95				
	210	1	152.42719973684208	31.267117894736842	0.0	0.0	2	1.05	-16.546816617289267	138.0	23	1.05	0.95				
	211	1	0.0	0.0	0.0	0.0	2	1.0324881883124462	-10.509250459091927	230.0	23	1.05	0.95				
	212	1	0.0	0.0	0.0	0.0	2	1.0250122078993178	-5.238876972052502	230.0	23	1.05	0.95				
	213	2	207.14465605263155	42.21060915789474	0.0	0.0	2	1.0465866649804805	-7.280712220157993	230.0	24	1.05	0.95				
	214	2	151.6455217894737	30.48543994736842	0.0	0.0	2	1.049469600379716	-8.349319192078084	230.0	26	1.05	0.95				
	215	2	247.79190931578947	50.02738863157894	0.0	0.0	2	1.0429298513676797	-0.4787856296038669	230.0	26	1.05	0.95				
	216	2	78.1677947368421	15.633558947368421	0.0	0.0	2	1.0464512382929352	-0.42898395032897035	230.0	26	1.05	0.95				
	217	1	0.0	0.0	0.0	0.0	2	1.0466319407917686	1.9476340368786735	230.0	27	1.05	0.95				
	218	2	260.2987564736842	53.15410042105263	0.0	0.0	2	1.0465976026074624	1.7663549730985004	230.0	27	1.05	0.95				
	219	1	141.4837084736842	28.922084052631575	0.0	0.0	2	1.0414980404614504	0.5525485630989798	230.0	25	1.05	0.95				
	220	1	100.05477726315787	20.323626631578946	0.0	0.0	2	1.0448119273836878	2.873364813950638	230.0	25	1.05	0.95				
	221	2	0.0	0.0	0.0	0.0	2	1.0472635450036376	1.7920466788220555	230.0	27	1.05	0.95				
	222	2	0.0	0.0	0.0	0.0	2	1.05	8.363024726843403	230.0	27	1.05	0.95				
	223	2	0.0	0.0	0.0	0.0	2	1.05	4.7097392035473655	230.0	25	1.05	0.95				
	224	1	0.0	0.0	0.0	0.0	2	1.0149108160997808	-5.561750740128786	230.0	26	1.05	0.95				
	301	2	74.14109458105264	15.10281556280702	0.0	0.0	3	1.0038572307003284	6.764346523918253	138.0	31	1.05	0.95				
	302	2	66.58968679964913	13.729832329824562	0.0	0.0	3	1.003416886977888	6.637528762015661	138.0	32	1.05	0.95				
	303	1	123.56849096842106	25.400189810175437	0.0	0.0	3	1.0251939225669426	13.781606009779152	138.0	31	1.05	0.95				
	304	1	50.800379620350874	10.297374247368422	0.0	0.0	3	1.0039275719641647	9.141550175899148	138.0	31	1.05	0.95				
	305	1	48.740904770877194	9.610882630877194	0.0	0.0	3	1.0167900837180452	8.242271356842954	138.0	31	1.05	0.95				
	306	1	93.36285984280704	19.22176526175439	0.0	-100.0	3	1.0313033712290836	8.323129589079016	138.0	32	1.05	0.95				
	307	2	85.81145206140351	17.162290412280704	0.0	0.0	3	0.9892919851476288	1.8430246514745592	138.0	32	1.05	0.95				
	308	1	117.39006642000001	24.027206577192985	0.0	0.0	3	0.9914153795888547	5.105187848447026	138.0	32	1.05	0.95				
	309	1	120.13603288596492	24.713698193684213	0.0	0.0	3	1.029862836633939	13.96486683280936	138.0	33	1.05	0.95				
	310	1	133.86586521578948	27.459664659649125	0.0	0.0	3	1.05	11.919813137981901	138.0	33	1.05	0.95				
	311	1	0.0	0.0	0.0	0.0	3	1.0203520889913713	19.257958651720475	230.0	33	1.05	0.95				
	312	1	0.0	0.0	0.0	0.0	3	1.0236832951489172	19.877093230958764	230.0	33	1.05	0.95				
	313	2	181.92027837017545	37.07054729052632	0.0	0.0	3	1.0399502399841944	25.41189462771336	230.0	34	1.05	0.95				
	314	2	133.17937359929826	26.7731730431579	0.0	0.0	3	1.0253466848636559	20.06618571735616	230.0	36	1.05	0.95				
	315	2	217.61784242771932	43.9354634554386	0.0	0.0	3	1.0395291323893436	18.544994911461863	230.0	36	1.05	0.95				
	316	2	68.64916164912282	13.729832329824562	0.0	0.0	3	1.0386887832185894	19.635859325172984	230.0	36	1.05	0.95				
	317	1	0.0	0.0	0.0	0.0	3	1.05	22.556774873514975	230.0	37	1.05	0.95				
	318	2	228.601708291579	46.68142992140352	0.0	0.0	3	1.0454998020139623	19.32187627416274	230.0	37	1.05	0.95				
	319	1	124.2549825849123	25.400189810175437	0.0	0.0	3	1.0374887932901073	20.397699281203316	230.0	35	1.05	0.95				
	320	1	87.8709269108772	17.848782028771932	0.0	0.0	3	1.0386049570449816	20.799194071028808	230.0	35	1.05	0.95				
	321	2	0.0	0.0	0.0	0.0	3	1.0445110385826633	19.72816244642893	230.0	37	1.05	0.95				
	322	2	0.0	0.0	0.0	0.0	3	1.05	25.179792885197934	230.0	37	1.05	0.95				
	323	2	0.0	0.0	0.0	0.0	3	1.0390049213454904	20.737136349253053	230.0	35	1.05	0.95				
	324	1	0.0	0.0	0.0	0.0	3	1.029651819975652	18.802802181604577	230.0	36	1.05	0.95				
	325	1	0.0	0.0	0.0	0.0	3	1.0413676305476312	20.303659840829827	230.0	35	1.05	0.95				
];
