%% MATPOWER Case Format : Version 2
function mpc = RTS_GMLC
mpc.version = '2';

%%-----  Power Flow Data  -----%%
%% system MVA base
mpc.baseMVA = 100.0;
%% bus data
%    bus_i    type    Pd    Qd    Gs    Bs    area    Vm    Va    baseKV    zone    Vmax    Vmin
mpc.bus = [
	101	2	52.26323600842105	10.646214742456142	0.0	0.0	1	1.034101469662237	1.9310799611757221	138.0	11	1.05	0.95				
	102	2	46.940128637192984	9.678377038596492	0.0	0.0	1	1.033680576430291	1.7856231574107824	138.0	12	1.05	0.95				
	103	1	87.10539334736843	17.90499752140351	0.0	0.0	1	1.0257690470480483	0.15524325246371873	138.0	11	1.05	0.95				
	104	1	35.80999504280702	7.258782778947369	0.0	0.0	1	1.0206032867496266	-1.398678486267628	138.0	11	1.05	0.95				
	105	1	34.358238487017545	6.774863927017545	0.0	0.0	1	1.0354407862356296	-1.217822702153078	138.0	11	1.05	0.95				
	106	1	65.81296386245616	13.54972785403509	0.0	-100.0	1	1.0439847795589168	-3.469158487278144	138.0	12	1.05	0.95				
	107	2	60.489856491228075	12.097971298245614	0.0	0.0	1	1.0148912465365152	-5.692457892657969	138.0	12	1.05	0.95				
	108	1	82.75012368	16.937159817543858	0.0	0.0	1	1.0122469250049237	-5.852663262475617	138.0	12	1.05	0.95				
	109	1	84.6857990877193	17.421078669473687	0.0	0.0	1	1.0248572136716314	-2.046925709409978	138.0	13	1.05	0.95				
	110	1	94.3641761263158	19.356754077192985	0.0	0.0	1	1.05	-2.88767944971307	138.0	13	1.05	0.95				
	111	1	0.0	0.0	0.0	0.0	1	1.0046689668774709	-0.29150155422053653	230.0	13	1.05	0.95				
	112	1	0.0	0.0	0.0	0.0	1	1.009644621919835	0.2297744103784435	230.0	13	1.05	0.95				
	113	3	128.23849576140353	26.131618004210527	0.0	0.0	1	0.998338401315678	-1.5126262210177717e-30	230.0	14	1.05	0.95				
	114	2	93.88025727438597	18.87283522526316	0.0	0.0	1	1.0012600127644733	1.7522106955569465	230.0	16	1.05	0.95				
	115	2	153.40227606175438	30.970806523508777	0.0	0.0	1	1.035104879083302	7.881034530972856	230.0	16	1.05	0.95				
	116	2	48.39188519298246	9.678377038596492	0.0	0.0	1	1.0319791655188912	7.484491789432697	230.0	16	1.05	0.95				
	117	1	0.0	0.0	0.0	0.0	1	1.0384621148158517	9.386595085287498	230.0	17	1.05	0.95				
	118	2	161.14497769263158	32.90648193122808	0.0	0.0	1	1.039961500290102	9.443725720482277	230.0	17	1.05	0.95				
	119	1	87.58931219929825	17.90499752140351	0.0	0.0	1	1.0270317546262038	6.517007181818926	230.0	15	1.05	0.95				
	120	1	61.941613047017555	12.58189015017544	0.0	0.0	1	1.0263536596590768	6.613755578866329	230.0	15	1.05	0.95				
	121	2	0.0	0.0	0.0	0.0	1	1.0431809042438263	10.609179815360966	230.0	17	1.05	0.95				
	122	2	0.0	0.0	0.0	0.0	1	1.05	16.633992510710428	230.0	17	1.05	0.95				
	123	2	0.0	0.0	0.0	0.0	1	1.0268172263449145	7.038541438474427	230.0	15	1.05	0.95				
	124	1	0.0	0.0	0.0	0.0	1	1.0217186411154286	4.988549620666165	230.0	16	1.05	0.95				
	201	2	56.79647408842106	11.569652129122808	0.0	0.0	2	1.0322092117358537	-8.316388563649516	138.0	21	1.05	0.95				
	202	2	51.01164802385965	10.517865571929825	0.0	0.0	2	1.0326065460726457	-8.31330616864282	138.0	22	1.05	0.95				
	203	1	94.66079014736843	19.458051308070175	0.0	0.0	2	1.0208559403537358	-7.070599748093952	138.0	21	1.05	0.95				
	204	1	38.91610261614035	7.888399178947368	0.0	0.0	2	1.0188783118258145	-10.456203800476922	138.0	21	1.05	0.95				
	205	1	37.338422780350875	7.362505900350878	0.0	0.0	2	1.0344032143570243	-10.687035635580084	138.0	21	1.05	0.95				
	206	1	71.52148588912281	14.725011800701756	0.0	-100.0	2	1.0430076424944348	-12.510923368929927	138.0	22	1.05	0.95				
	207	2	65.7366598245614	13.147331964912281	0.0	0.0	2	0.9901250842739272	-20.404159434702265	138.0	22	1.05	0.95				
	208	1	89.92775064	18.406264750877195	0.0	0.0	2	0.9930237411136084	-17.93581553741067	138.0	22	1.05	0.95				
	209	1	92.03132375438598	18.932158029473683	0.0	0.0	2	1.0233377167797195	-10.071770139573726	138.0	23	1.05	0.95				
	210	1	102.5491893263158	21.03573114385965	0.0	0.0	2	1.05	-11.426488015214407	138.0	23	1.05	0.95				
	211	1	0.0	0.0	0.0	0.0	2	1.010430513450118	-7.049926695035196	230.0	23	1.05	0.95				
	212	1	0.0	0.0	0.0	0.0	2	1.0107444277989317	-6.316146021007653	230.0	23	1.05	0.95				
	213	2	139.36171882807017	28.39823704421053	0.0	0.0	2	1.0069929378791054	-5.961470044399404	230.0	24	1.05	0.95				
	214	2	102.0232960477193	20.50983786526316	0.0	0.0	2	1.0157897281178963	-4.245072452560944	230.0	26	1.05	0.95				
	215	2	166.70816931508773	33.65716983017544	0.0	0.0	2	1.030878023929131	2.9645548140906173	230.0	26	1.05	0.95				
	216	2	52.589327859649124	10.517865571929825	0.0	0.0	2	1.032740213539118	2.9306874806521477	230.0	26	1.05	0.95				
	217	1	0.0	0.0	0.0	0.0	2	1.0373542560053286	5.854217265477345	230.0	27	1.05	0.95				
	218	2	175.1224617726316	35.76074294456141	0.0	0.0	2	1.039120598479092	6.337850946217733	230.0	27	1.05	0.95				
	219	1	95.18668342596493	19.458051308070175	0.0	0.0	2	1.0308367491365464	2.2094336909916894	230.0	25	1.05	0.95				
	220	1	67.31433966035088	13.673225243508774	0.0	0.0	2	1.0332051023615711	2.5958433744585805	230.0	25	1.05	0.95				
	221	2	0.0	0.0	0.0	0.0	2	1.0388858242951924	5.971399950612053	230.0	27	1.05	0.95				
	222	2	0.0	0.0	0.0	0.0	2	1.05	12.42638234907662	230.0	27	1.05	0.95				
	223	2	0.0	0.0	0.0	0.0	2	1.0355903104715831	3.2034676961315194	230.0	25	1.05	0.95				
	224	1	0.0	0.0	0.0	0.0	2	1.014708976861853	-0.7951907520604137	230.0	26	1.05	0.95				
	301	2	40.14552357473684	8.177791839298246	0.0	0.0	3	1.0114868985516934	-11.532427042998334	138.0	31	1.05	0.95				
	302	2	36.056627655087716	7.43435621754386	0.0	0.0	3	1.0114207052238715	-11.645187226221791	138.0	32	1.05	0.95				
	303	1	66.90920595789474	13.75355900245614	0.0	0.0	3	1.0255184771916515	-6.263673491566475	138.0	31	1.05	0.95				
	304	1	27.50711800491228	5.575767163157894	0.0	0.0	3	1.013081447356674	-10.389308234274317	138.0	31	1.05	0.95				
	305	1	26.391964572280703	5.204049352280702	0.0	0.0	3	1.0261526739228615	-11.213945613569082	138.0	31	1.05	0.95				
	306	1	50.55362227929825	10.408098704561404	0.0	-100.0	3	1.0429450075102396	-11.497906907539313	138.0	32	1.05	0.95				
	307	2	46.46472635964912	9.292945271929824	0.0	0.0	3	0.9932377558727171	-15.30345744971918	138.0	32	1.05	0.95				
	308	1	63.563745659999995	13.010123380701751	0.0	0.0	3	1.0017987507314463	-13.6812769894034	138.0	32	1.05	0.95				
	309	1	65.05061690350877	13.381841191578946	0.0	0.0	3	1.0254463812191124	-7.832089583490478	138.0	33	1.05	0.95				
	310	1	72.48497312105263	14.86871243508772	0.0	0.0	3	1.05	-9.696279398300497	138.0	33	1.05	0.95				
	311	1	0.0	0.0	0.0	0.0	3	1.0028914399809237	-4.86464405058918	230.0	33	1.05	0.95				
	312	1	0.0	0.0	0.0	0.0	3	1.008250322860585	-4.441074088946717	230.0	33	1.05	0.95				
	313	2	98.50521988245613	20.07276178736842	0.0	0.0	3	1.0055771804172855	-1.6273272877785538	230.0	34	1.05	0.95				
	314	2	72.11325531017543	14.496994624210528	0.0	0.0	3	0.9954482158314192	-3.642943892614141	230.0	36	1.05	0.95				
	315	2	117.83454604807018	23.78993989614035	0.0	0.0	3	1.0210133832596027	-0.34684567982613307	230.0	36	1.05	0.95				
	316	2	37.171781087719296	7.43435621754386	0.0	0.0	3	1.0198047412445739	0.282789726126445	230.0	36	1.05	0.95				
	317	1	0.0	0.0	0.0	0.0	3	1.0260845203639255	1.1123708641615624	230.0	37	1.05	0.95				
	318	2	123.78203102210526	25.276811139649126	0.0	0.0	3	1.0260136227477081	0.9527563581408621	230.0	37	1.05	0.95				
	319	1	67.28092376877193	13.75355900245614	0.0	0.0	3	1.0155339106444392	-0.3969089711377886	230.0	35	1.05	0.95				
	320	1	47.5798797922807	9.664663082807017	0.0	0.0	3	1.0141263062516395	-0.24702987008216262	230.0	35	1.05	0.95				
	321	2	0.0	0.0	0.0	0.0	3	1.0271329612704256	1.3941759640210056	230.0	37	1.05	0.95				
	322	2	0.0	0.0	0.0	0.0	3	1.0401281469363037	5.672760403992344	230.0	37	1.05	0.95				
	323	2	0.0	0.0	0.0	0.0	3	1.0137043672240238	0.13086979279362704	230.0	35	1.05	0.95				
	324	1	0.0	0.0	0.0	0.0	3	1.0146969575999476	-2.5958006093328563	230.0	36	1.05	0.95				
	325	1	0.0	0.0	0.0	0.0	3	1.0138918040539369	1.0364033814223692	230.0	35	1.05	0.95				
];
