%% MATPOWER Case Format : Version 2
function mpc = RTS_GMLC
mpc.version = '2';

%%-----  Power Flow Data  -----%%
%% system MVA base
mpc.baseMVA = 100.0;
%% bus data
%    bus_i    type    Pd    Qd    Gs    Bs    area    Vm    Va    baseKV    zone    Vmax    Vmin
mpc.bus = [
	101	2	66.85205343157895	13.618010884210523	0.0	0.0	1	1.0428776265267912	0.8122232403451106	138.0	11	1.05	0.95				
	102	2	60.04304798947368	12.380009894736842	0.0	0.0	1	1.0423588888500732	0.630592348936381	138.0	12	1.05	0.95				
	103	1	111.42008905263157	22.903018305263156	0.0	0.0	1	1.0241796308386397	-2.100326401445438	138.0	11	1.05	0.95				
	104	1	45.80603661052631	9.285007421052631	0.0	0.0	1	1.023790214724907	-2.897588613081838	138.0	11	1.05	0.95				
	105	1	43.949035126315785	8.66600692631579	0.0	0.0	1	1.037675708692935	-2.9645404900399814	138.0	11	1.05	0.95				
	106	1	84.18406728421053	17.33201385263158	0.0	-100.0	1	1.041801579755863	-5.684278992862515	138.0	12	1.05	0.95				
	107	2	77.37506184210525	15.475012368421051	0.0	0.0	1	1.0229698215780467	-7.423961942149257	138.0	12	1.05	0.95				
	108	1	105.84908459999997	21.66501731578947	0.0	0.0	1	1.0131637781319374	-8.09899594655873	138.0	12	1.05	0.95				
	109	1	108.32508657894735	22.284017810526315	0.0	0.0	1	1.0256473580128354	-3.9572029274493876	138.0	13	1.05	0.95				
	110	1	120.7050964736842	24.760019789473684	0.0	0.0	1	1.05	-4.8880548875895915	138.0	13	1.05	0.95				
	111	1	0.0	0.0	0.0	0.0	1	1.007850819700025	-1.730333841992415	230.0	13	1.05	0.95				
	112	1	0.0	0.0	0.0	0.0	1	1.0129182782055528	-0.9631016983480041	230.0	13	1.05	0.95				
	113	3	164.03513110526313	33.426026715789476	0.0	0.0	1	1.0066896805262548	1.5402190744266542e-30	230.0	14	1.05	0.95				
	114	2	120.08609597894736	24.14101929473684	0.0	0.0	1	1.0041182165716265	-0.4502093615040301	230.0	16	1.05	0.95				
	115	2	196.2231568315789	39.61603166315789	0.0	0.0	1	1.0360989696792926	5.433748129003631	230.0	16	1.05	0.95				
	116	2	61.900049473684206	12.380009894736842	0.0	0.0	1	1.0332369801300765	5.094973444835933	230.0	16	1.05	0.95				
	117	1	0.0	0.0	0.0	0.0	1	1.0391758113787213	7.11171472480985	230.0	17	1.05	0.95				
	118	2	206.1271647473684	42.092033642105264	0.0	0.0	1	1.0405940846173503	7.209332178010298	230.0	17	1.05	0.95				
	119	1	112.0390895473684	22.903018305263156	0.0	0.0	1	1.0280806611631004	4.212852457214164	230.0	15	1.05	0.95				
	120	1	79.23206332631578	16.094012863157893	0.0	0.0	1	1.028499855715652	4.521964709276602	230.0	15	1.05	0.95				
	121	2	0.0	0.0	0.0	0.0	1	1.0439202479013774	8.609870932282126	230.0	17	1.05	0.95				
	122	2	0.0	0.0	0.0	0.0	1	1.05	14.527396179096153	230.0	17	1.05	0.95				
	123	2	0.0	0.0	0.0	0.0	1	1.0302545786271147	5.161000608784061	230.0	15	1.05	0.95				
	124	1	0.0	0.0	0.0	0.0	1	1.0219293513150147	2.621755447769235	230.0	16	1.05	0.95				
	201	2	64.19140563789473	13.076027074385966	0.0	0.0	2	1.0331846177468225	-12.520165402522371	138.0	21	1.05	0.95				
	202	2	57.65339210070175	11.887297340350877	0.0	0.0	2	1.0333618088680305	-12.601353715942173	138.0	22	1.05	0.95				
	203	1	106.9856760631579	21.991500079649125	0.0	0.0	2	1.0221092819792499	-10.293497986941642	138.0	21	1.05	0.95				
	204	1	43.98300015929825	8.915473005263157	0.0	0.0	2	1.0180305042805022	-14.804024243613537	138.0	21	1.05	0.95				
	205	1	42.19990555824562	8.321108138245616	0.0	0.0	2	1.033882620311146	-15.104077410346454	138.0	21	1.05	0.95				
	206	1	80.83362191438597	16.642216276491233	0.0	-100.0	2	1.0411362314807682	-17.118576262873965	138.0	22	1.05	0.95				
	207	2	74.29560837719298	14.859121675438598	0.0	0.0	2	0.9885293000122936	-26.08682568679562	138.0	22	1.05	0.95				
	208	1	101.63639226000001	20.802770345614036	0.0	0.0	2	0.9889326569937864	-23.234220902706628	138.0	22	1.05	0.95				
	209	1	104.01385172807018	21.39713521263158	0.0	0.0	2	1.0236573695087658	-14.194194577057198	138.0	23	1.05	0.95				
	210	1	115.90114906842106	23.774594680701753	0.0	0.0	2	1.05	-15.847848358332572	138.0	23	1.05	0.95				
	211	1	0.0	0.0	0.0	0.0	2	1.0152235051369694	-10.834202017782557	230.0	23	1.05	0.95				
	212	1	0.0	0.0	0.0	0.0	2	1.013868828795571	-10.072842867996155	230.0	23	1.05	0.95				
	213	2	157.50668975964913	32.095702818947366	0.0	0.0	2	1.0144798578934244	-9.681605552044694	230.0	24	1.05	0.95				
	214	2	115.3067842014035	23.18022981368421	0.0	0.0	2	1.024701134911598	-7.658601434527832	230.0	26	1.05	0.95				
	215	2	188.4136628445614	38.03935148912281	0.0	0.0	2	1.0372595798601312	0.9549674896229563	230.0	26	1.05	0.95				
	216	2	59.43648670175439	11.887297340350877	0.0	0.0	2	1.0393294561222834	0.4614535351401273	230.0	26	1.05	0.95				
	217	1	0.0	0.0	0.0	0.0	2	1.041809985476037	3.4858848476538897	230.0	27	1.05	0.95				
	218	2	197.9235007168421	40.416810957192986	0.0	0.0	2	1.0433240413938427	3.932585635514877	230.0	27	1.05	0.95				
	219	1	107.58004093017544	21.991500079649125	0.0	0.0	2	1.0375074285232992	-0.4866474349505554	230.0	25	1.05	0.95				
	220	1	76.07870297824562	15.45348654245614	0.0	0.0	2	1.0407433661209975	-0.18190927559071934	230.0	25	1.05	0.95				
	221	2	0.0	0.0	0.0	0.0	2	1.0431581073811904	3.6945924890499264	230.0	27	1.05	0.95				
	222	2	0.0	0.0	0.0	0.0	2	1.05	10.118045117342442	230.0	27	1.05	0.95				
	223	2	0.0	0.0	0.0	0.0	2	1.0438790568480076	0.42399918460601815	230.0	25	1.05	0.95				
	224	1	0.0	0.0	0.0	0.0	2	1.017588288756013	-3.240517480143164	230.0	26	1.05	0.95				
	301	2	53.14583993684211	10.826004431578948	0.0	0.0	3	1.0059637778532917	-11.281210668365286	138.0	31	1.05	0.95				
	302	2	47.73283772105263	9.841822210526317	0.0	0.0	3	1.005600516770309	-11.370303181147728	138.0	32	1.05	0.95				
	303	1	88.57639989473685	18.207371089473686	0.0	0.0	3	1.019893047528405	-6.79102092287611	138.0	31	1.05	0.95				
	304	1	36.41474217894737	7.381366657894738	0.0	0.0	3	1.0074415328165627	-9.827168047852345	138.0	31	1.05	0.95				
	305	1	34.93846884736842	6.889275547368421	0.0	0.0	3	1.021120631110408	-10.105821084055158	138.0	31	1.05	0.95				
	306	1	66.92439103157895	13.778551094736843	0.0	-100.0	3	1.0378649604175063	-10.02342224119449	138.0	32	1.05	0.95				
	307	2	61.51138881578948	12.302277763157896	0.0	0.0	3	0.994833772679198	-15.001235642772958	138.0	32	1.05	0.95				
	308	1	84.1475799	17.22318886842105	0.0	0.0	3	1.0000733342819033	-12.758367158378155	138.0	32	1.05	0.95				
	309	1	86.11594434210527	17.71527997894737	0.0	0.0	3	1.0250524564594525	-6.5481286668277265	138.0	33	1.05	0.95				
	310	1	95.95776655263158	19.683644421052634	0.0	0.0	3	1.05	-7.351891074614057	138.0	33	1.05	0.95				
	311	1	0.0	0.0	0.0	0.0	3	1.0086372004126067	-1.6535750800356834	230.0	33	1.05	0.95				
	312	1	0.0	0.0	0.0	0.0	3	1.0120390206170016	-1.1081994754203286	230.0	33	1.05	0.95				
	313	2	130.4041442894737	26.572919968421054	0.0	0.0	3	1.015235227709987	3.1079004352338155	230.0	34	1.05	0.95				
	314	2	95.46567544210527	19.19155331052632	0.0	0.0	3	1.0096929841578768	-0.4632958422450736	230.0	36	1.05	0.95				
	315	2	155.9928820368421	31.493831073684213	0.0	0.0	3	1.030054460516171	-0.08557657784059275	230.0	36	1.05	0.95				
	316	2	49.209111052631584	9.841822210526317	0.0	0.0	3	1.0284729957977474	0.5699004698390041	230.0	36	1.05	0.95				
	317	1	0.0	0.0	0.0	0.0	3	1.035287488863727	1.2259708533355929	230.0	37	1.05	0.95				
	318	2	163.86633980526318	33.462195515789475	0.0	0.0	3	1.034971575533562	0.7934470703234904	230.0	37	1.05	0.95				
	319	1	89.06849100526316	18.207371089473686	0.0	0.0	3	1.0257432965285767	1.3098882295500784	230.0	35	1.05	0.95				
	320	1	62.987662147368425	12.794368873684212	0.0	0.0	3	1.0246508977019504	1.8870830736918993	230.0	35	1.05	0.95				
	321	2	0.0	0.0	0.0	0.0	3	1.0365468121593717	1.5752255183431243	230.0	37	1.05	0.95				
	322	2	0.0	0.0	0.0	0.0	3	1.049303333204331	5.7502784866295995	230.0	37	1.05	0.95				
	323	2	0.0	0.0	0.0	0.0	3	1.0242542651821411	2.2760027061973696	230.0	35	1.05	0.95				
	324	1	0.0	0.0	0.0	0.0	3	1.0194117272676628	-1.1787356658705201	230.0	36	1.05	0.95				
	325	1	0.0	0.0	0.0	0.0	3	1.0251804180572932	2.822604525875166	230.0	35	1.05	0.95				
];
