%% MATPOWER Case Format : Version 2
function mpc = RTS_GMLC
mpc.version = '2';

%%-----  Power Flow Data  -----%%
%% system MVA base
mpc.baseMVA = 100.0;
%% bus data
%    bus_i    type    Pd    Qd    Gs    Bs    area    Vm    Va    baseKV    zone    Vmax    Vmin
mpc.bus = [
	101	2	67.09252846736842	13.666996539649121	0.0	0.0	1	1.0323792136466923	0.9355236361676812	138.0	11	1.05	0.95				
	102	2	60.25903019754385	12.42454230877193	0.0	0.0	1	1.0324243742027652	0.8963848896542674	138.0	12	1.05	0.95				
	103	1	111.82088077894736	22.985403271228066	0.0	0.0	1	1.0234684624402928	-0.6923945705824385	138.0	11	1.05	0.95				
	104	1	45.97080654245613	9.318406731578946	0.0	0.0	1	1.0181426057961203	-2.3379753060286363	138.0	11	1.05	0.95				
	105	1	44.107125196140345	8.697179616140351	0.0	0.0	1	1.0327538252323774	-2.244326045458663	138.0	11	1.05	0.95				
	106	1	84.48688769964912	17.394359232280703	0.0	-100.0	1	1.0397298635576964	-4.592992315247666	138.0	12	1.05	0.95				
	107	2	77.65338942982456	15.530677885964911	0.0	0.0	1	1.0477095761995148	-0.804506855982563	138.0	12	1.05	0.95				
	108	1	106.22983674	21.742949040350872	0.0	0.0	1	1.0278600429017453	-3.64204014231029	138.0	12	1.05	0.95				
	109	1	108.71474520175437	22.36417615578947	0.0	0.0	1	1.0262343512257823	-2.4698101123834197	138.0	13	1.05	0.95				
	110	1	121.13928751052629	24.84908461754386	0.0	0.0	1	1.05	-3.5062677498275985	138.0	13	1.05	0.95				
	111	1	0.0	0.0	0.0	0.0	1	1.0086291285342388	-0.5571837923868114	230.0	13	1.05	0.95				
	112	1	0.0	0.0	0.0	0.0	1	1.0130398904675917	0.15015496041988782	230.0	13	1.05	0.95				
	113	3	164.62518559122805	33.54626423368421	0.0	0.0	1	1.004824006648819	3.4406434004304165e-29	230.0	14	1.05	0.95				
	114	2	120.5180603950877	24.227857502105262	0.0	0.0	1	1.0069844178863776	1.4824951550912797	230.0	16	1.05	0.95				
	115	2	196.9289955940351	39.75853538807017	0.0	0.0	1	1.0421782007949436	8.39970589222621	230.0	16	1.05	0.95				
	116	2	62.122711543859644	12.42454230877193	0.0	0.0	1	1.0392211205277457	8.051150448333821	230.0	16	1.05	0.95				
	117	1	0.0	0.0	0.0	0.0	1	1.0454701769854444	10.774599531559264	230.0	17	1.05	0.95				
	118	2	206.86862944105263	42.24344384982456	0.0	0.0	1	1.0484961561591915	11.207710065193357	230.0	17	1.05	0.95				
	119	1	112.44210789438596	22.985403271228066	0.0	0.0	1	1.033251938617094	6.932023749318359	230.0	15	1.05	0.95				
	120	1	79.51707077614034	16.151905001403506	0.0	0.0	1	1.0332868414243772	7.1439519766068	230.0	15	1.05	0.95				
	121	2	0.0	0.0	0.0	0.0	1	1.05	11.447908803997427	230.0	17	1.05	0.95				
	122	2	0.0	0.0	0.0	0.0	1	1.05	18.544631595902377	230.0	17	1.05	0.95				
	123	2	0.0	0.0	0.0	0.0	1	1.034794679560513	7.727291066425299	230.0	15	1.05	0.95				
	124	1	0.0	0.0	0.0	0.0	1	1.0237248819091693	5.0252484432368485	230.0	16	1.05	0.95				
	201	2	73.42232017263159	14.956398553684211	0.0	0.0	2	1.0349271829896687	-9.4925240807751	138.0	21	1.05	0.95				
	202	2	65.94412089578947	13.596725957894737	0.0	0.0	2	1.035041161604979	-9.593512771437839	138.0	22	1.05	0.95				
	203	1	122.37053362105263	25.153943022105263	0.0	0.0	2	1.0266470222840867	-6.241068295242525	138.0	21	1.05	0.95				
	204	1	50.30788604421053	10.197544468421054	0.0	0.0	2	1.0179181903545684	-11.47391695843745	138.0	21	1.05	0.95				
	205	1	48.26837715052631	9.517708170526317	0.0	0.0	2	1.033708574494438	-11.89499757019499	138.0	21	1.05	0.95				
	206	1	92.45773651368422	19.035416341052635	0.0	-100.0	2	1.0391752731946033	-13.885552409792094	138.0	22	1.05	0.95				
	207	2	84.9795372368421	16.99590744736842	0.0	0.0	2	0.9752310710283284	-24.029274559956146	138.0	22	1.05	0.95				
	208	1	116.25200694	23.79427042631579	0.0	0.0	2	0.9771778387352262	-20.700939973398533	138.0	22	1.05	0.95				
	209	1	118.97135213157894	24.474106724210525	0.0	0.0	2	1.0250707535247394	-10.25909179488297	138.0	23	1.05	0.95				
	210	1	132.5680780894737	27.193451915789474	0.0	0.0	2	1.05	-12.190147621377836	138.0	23	1.05	0.95				
	211	1	0.0	0.0	0.0	0.0	2	1.0214123664697994	-6.060634154550859	230.0	23	1.05	0.95				
	212	1	0.0	0.0	0.0	0.0	2	1.0192035526291745	-5.22935768908941	230.0	23	1.05	0.95				
	213	2	180.15661894210527	36.71116008631579	0.0	0.0	2	1.028076481667974	-3.253613822755932	230.0	24	1.05	0.95				
	214	2	131.88824179157893	26.513615617894736	0.0	0.0	2	1.0335763559183224	-3.4396234988140284	230.0	26	1.05	0.95				
	215	2	215.5081064326316	43.50952306526316	0.0	0.0	2	1.0427134541860594	4.558427334063783	230.0	26	1.05	0.95				
	216	2	67.98362978947368	13.596725957894737	0.0	0.0	2	1.0457348851592396	4.41933743704864	230.0	26	1.05	0.95				
	217	1	0.0	0.0	0.0	0.0	2	1.0472629839186127	7.771066431993415	230.0	27	1.05	0.95				
	218	2	226.38548719894737	46.22886825684211	0.0	0.0	2	1.0496414225571402	8.638118398624625	230.0	27	1.05	0.95				
	219	1	123.05036991894738	25.153943022105263	0.0	0.0	2	1.0429755125107047	3.320259923502207	230.0	25	1.05	0.95				
	220	1	87.01904613052632	17.67574374526316	0.0	0.0	2	1.0463849720780254	3.6395626948003477	230.0	25	1.05	0.95				
	221	2	0.0	0.0	0.0	0.0	2	1.05	8.992880171589158	230.0	27	1.05	0.95				
	222	2	0.0	0.0	0.0	0.0	2	1.05	15.025118044234363	230.0	27	1.05	0.95				
	223	2	0.0	0.0	0.0	0.0	2	1.05	4.30950487473702	230.0	25	1.05	0.95				
	224	1	0.0	0.0	0.0	0.0	2	1.0231997487019426	0.5344895653083906	230.0	26	1.05	0.95				
	301	2	57.09205947789474	11.629863967719297	0.0	0.0	3	1.0073719854972694	-24.831970574913473	138.0	31	1.05	0.95				
	302	2	51.27712749403508	10.572603607017545	0.0	0.0	3	1.0067951665801536	-24.963891160858953	138.0	32	1.05	0.95				
	303	1	95.1534324631579	19.559316672982455	0.0	0.0	3	1.0225625961245581	-18.009693135000006	138.0	31	1.05	0.95				
	304	1	39.11863334596491	7.929452705263157	0.0	0.0	3	1.0081549174747944	-23.09748917086799	138.0	31	1.05	0.95				
	305	1	37.532742804912274	7.400822524912281	0.0	0.0	3	1.0215411427074856	-24.09395924899538	138.0	31	1.05	0.95				
	306	1	71.89370452771931	14.801645049824563	0.0	-100.0	3	1.0371659779453488	-24.281426484821843	138.0	32	1.05	0.95				
	307	2	66.07877254385964	13.21575450877193	0.0	0.0	3	0.9951377575735006	-28.778412479812236	138.0	32	1.05	0.95				
	308	1	90.39576084	18.502056312280697	0.0	0.0	3	0.9976196322403923	-26.928295060382222	138.0	32	1.05	0.95				
	309	1	92.5102815614035	19.030686492631578	0.0	0.0	3	1.0272238969168248	-19.41782359848118	138.0	33	1.05	0.95				
	310	1	103.08288516842103	21.14520721403509	0.0	0.0	3	1.05	-21.658176131256027	138.0	33	1.05	0.95				
	311	1	0.0	0.0	0.0	0.0	3	1.015169010143722	-14.792147345365377	230.0	33	1.05	0.95				
	312	1	0.0	0.0	0.0	0.0	3	1.015426238761294	-14.3682104997262	230.0	33	1.05	0.95				
	313	2	140.08699779298243	28.54602973894737	0.0	0.0	3	1.019709446926178	-11.299149910519882	230.0	34	1.05	0.95				
	314	2	102.55425498807016	20.616577033684212	0.0	0.0	3	1.0246231042101464	-12.107958870326998	230.0	36	1.05	0.95				
	315	2	167.57576717122805	33.83233154245614	0.0	0.0	3	1.0470891549433219	-5.527089700235115	230.0	36	1.05	0.95				
	316	2	52.86301803508772	10.572603607017545	0.0	0.0	3	1.0465282874271422	-5.1736758132784795	230.0	36	1.05	0.95				
	317	1	0.0	0.0	0.0	0.0	3	1.0491149694975215	-2.377852099225957	230.0	37	1.05	0.95				
	318	2	176.03385005684208	35.946852263859654	0.0	0.0	3	1.0488986617893703	-2.2043522566636367	230.0	37	1.05	0.95				
	319	1	95.68206264350877	19.559316672982455	0.0	0.0	3	1.0419559159729954	-6.539327090253425	230.0	35	1.05	0.95				
	320	1	67.66466308491228	13.744384689122807	0.0	0.0	3	1.0421727245793015	-6.732662810954483	230.0	35	1.05	0.95				
	321	2	0.0	0.0	0.0	0.0	3	1.05	-1.652062903039846	230.0	37	1.05	0.95				
	322	2	0.0	0.0	0.0	0.0	3	1.05	3.839166723834975	230.0	37	1.05	0.95				
	323	2	0.0	0.0	0.0	0.0	3	1.0432325233662705	-6.446634909175248	230.0	35	1.05	0.95				
	324	1	0.0	0.0	0.0	0.0	3	1.0221381961031917	-10.144817676123644	230.0	36	1.05	0.95				
	325	1	0.0	0.0	0.0	0.0	3	1.037690238172438	-4.975448402817751	230.0	35	1.05	0.95				
];
