%% MATPOWER Case Format : Version 2
function mpc = RTS_GMLC
mpc.version = '2';

%%-----  Power Flow Data  -----%%
%% system MVA base
mpc.baseMVA = 100.0;
%% bus data
%    bus_i    type    Pd    Qd    Gs    Bs    area    Vm    Va    baseKV    zone    Vmax    Vmin
mpc.bus = [
	101	2	53.42553193263158	10.882978727017543	0.0	0.0	1	1.0340761142251629	1.7302734085177653	138.0	11	1.05	0.95				
	102	2	47.984042569122806	9.893617024561403	0.0	0.0	1	1.0336389448819443	1.5810919739731615	138.0	12	1.05	0.95				
	103	1	89.04255322105263	18.303191495438593	0.0	0.0	1	1.026338125496626	0.122212516925661	138.0	11	1.05	0.95				
	104	1	36.60638299087719	7.4202127684210515	0.0	0.0	1	1.0204872125173876	-1.5694989987434695	138.0	11	1.05	0.95				
	105	1	35.122340437192975	6.925531917192982	0.0	0.0	1	1.0352976374474407	-1.4075054481970841	138.0	11	1.05	0.95				
	106	1	67.27659576701754	13.851063834385965	0.0	-100.0	1	1.0436833576856857	-3.662083831750582	138.0	12	1.05	0.95				
	107	2	61.83510640350877	12.367021280701755	0.0	0.0	1	1.013565855884682	-5.9188437800346	138.0	12	1.05	0.95				
	108	1	84.59042556	17.313829792982453	0.0	0.0	1	1.0111609354850561	-6.0697041892621755	138.0	12	1.05	0.95				
	109	1	86.56914896491227	17.808510644210525	0.0	0.0	1	1.0250164157593098	-2.146548766176248	138.0	13	1.05	0.95				
	110	1	96.46276598947368	19.787234049122805	0.0	0.0	1	1.05	-3.0320968235330534	138.0	13	1.05	0.95				
	111	1	0.0	0.0	0.0	0.0	1	1.0054403809960752	-0.30472377768692827	230.0	13	1.05	0.95				
	112	1	0.0	0.0	0.0	0.0	1	1.0100153552621765	0.20493139437297808	230.0	13	1.05	0.95				
	113	3	131.0904255754386	26.71276596631579	0.0	0.0	1	0.9991276829177703	1.1472619117636398e-30	230.0	14	1.05	0.95				
	114	2	95.96808513824561	19.292553197894737	0.0	0.0	1	1.0030331492712083	1.83034262779531	230.0	16	1.05	0.95				
	115	2	156.81382983929822	31.659574478596493	0.0	0.0	1	1.0373440950293136	8.158054729628283	230.0	16	1.05	0.95				
	116	2	49.46808512280702	9.893617024561403	0.0	0.0	1	1.0340781481345467	7.750917863704755	230.0	16	1.05	0.95				
	117	1	0.0	0.0	0.0	0.0	1	1.0402967087004988	9.818762704342362	230.0	17	1.05	0.95				
	118	2	164.72872345894734	33.63829788350877	0.0	0.0	1	1.04228379087247	9.840717905888267	230.0	17	1.05	0.95				
	119	1	89.5372340722807	18.303191495438593	0.0	0.0	1	1.0286220748888395	6.7147571959540375	230.0	15	1.05	0.95				
	120	1	63.319148957192986	12.861702131929825	0.0	0.0	1	1.02763863910448	6.768668239720545	230.0	15	1.05	0.95				
	121	2	0.0	0.0	0.0	0.0	1	1.0456894738700857	10.995842069773419	230.0	17	1.05	0.95				
	122	2	0.0	0.0	0.0	0.0	1	1.05	18.00980222403281	230.0	17	1.05	0.95				
	123	2	0.0	0.0	0.0	0.0	1	1.027972078627049	7.17711050363663	230.0	15	1.05	0.95				
	124	1	0.0	0.0	0.0	0.0	1	1.0229855395810212	5.154124747781566	230.0	16	1.05	0.95				
	201	2	55.72548401684211	11.35148748491228	0.0	0.0	2	1.0320548383955828	-7.716311001688634	138.0	21	1.05	0.95				
	202	2	50.04974027438597	10.319534077192982	0.0	0.0	2	1.0324482817875633	-7.706593904069708	138.0	22	1.05	0.95				
	203	1	92.87580669473684	19.091138042807017	0.0	0.0	2	1.0210212456993444	-6.734932819191204	138.0	21	1.05	0.95				
	204	1	38.182276085614035	7.739650557894737	0.0	0.0	2	1.0190370429836735	-9.875605143919008	138.0	21	1.05	0.95				
	205	1	36.634345974035085	7.223673854035089	0.0	0.0	2	1.0344595217436143	-10.080495646178697	138.0	21	1.05	0.95				
	206	1	70.17283172491229	14.447347708070177	0.0	-100.0	2	1.043252320482777	-11.89144014741933	138.0	22	1.05	0.95				
	207	2	64.49708798245614	12.899417596491228	0.0	0.0	2	0.9899810452743152	-19.64676884388984	138.0	22	1.05	0.95				
	208	1	88.23201636	18.059184635087718	0.0	0.0	2	0.9934104266268703	-17.2348094757414	138.0	22	1.05	0.95				
	209	1	90.2959231754386	18.575161338947368	0.0	0.0	2	1.023414128855715	-9.552526120900731	138.0	23	1.05	0.95				
	210	1	100.61545725263157	20.639068154385964	0.0	0.0	2	1.05	-10.844128716532156	138.0	23	1.05	0.95				
	211	1	0.0	0.0	0.0	0.0	2	1.0097822191338441	-6.566618357388723	230.0	23	1.05	0.95				
	212	1	0.0	0.0	0.0	0.0	2	1.0105243910354926	-5.857494725815569	230.0	23	1.05	0.95				
	213	2	136.73382652280702	27.862742008421055	0.0	0.0	2	1.0058686112088946	-5.504516178875099	230.0	24	1.05	0.95				
	214	2	100.09948054877194	20.123091450526314	0.0	0.0	2	1.0146318407594381	-3.7984260420566236	230.0	26	1.05	0.95				
	215	2	163.56461512350876	33.02250904701754	0.0	0.0	2	1.0310807451641435	3.2629299922578876	230.0	26	1.05	0.95				
	216	2	51.59767038596491	10.319534077192982	0.0	0.0	2	1.032739613791247	3.253515784107771	230.0	26	1.05	0.95				
	217	1	0.0	0.0	0.0	0.0	2	1.0376323339325508	6.154237077134049	230.0	27	1.05	0.95				
	218	2	171.82024238526316	35.08641586245614	0.0	0.0	2	1.0393998967668563	6.654529390483833	230.0	27	1.05	0.95				
	219	1	93.3917833985965	19.091138042807017	0.0	0.0	2	1.030822523438194	2.5200760401508298	230.0	25	1.05	0.95				
	220	1	66.04501809403509	13.415394300350878	0.0	0.0	2	1.0330644392559107	2.8771430537957343	230.0	25	1.05	0.95				
	221	2	0.0	0.0	0.0	0.0	2	1.0391108450175377	6.2811394530883735	230.0	27	1.05	0.95				
	222	2	0.0	0.0	0.0	0.0	2	1.05	12.732555196795479	230.0	27	1.05	0.95				
	223	2	0.0	0.0	0.0	0.0	2	1.035325160125679	3.4616511241264942	230.0	25	1.05	0.95				
	224	1	0.0	0.0	0.0	0.0	2	1.0149397742135062	-0.4826508876838194	230.0	26	1.05	0.95				
	301	2	41.22176525052632	8.397026254736843	0.0	0.0	3	1.0103574581035584	-12.928556212290374	138.0	31	1.05	0.95				
	302	2	37.023252123157896	7.633660231578948	0.0	0.0	3	1.0103005687805184	-13.032124899741056	138.0	32	1.05	0.95				
	303	1	68.70294208421053	14.122271428421055	0.0	0.0	3	1.0240580703496827	-7.892697902695798	138.0	31	1.05	0.95				
	304	1	28.24454285684211	5.725245173684211	0.0	0.0	3	1.0124455422240337	-11.707112958960408	138.0	31	1.05	0.95				
	305	1	27.099493822105263	5.343562162105265	0.0	0.0	3	1.0253996871238047	-12.520510064385734	138.0	31	1.05	0.95				
	306	1	51.90888957473685	10.68712432421053	0.0	-100.0	3	1.042379608491727	-12.762605886492349	138.0	32	1.05	0.95				
	307	2	47.710376447368425	9.542075289473685	0.0	0.0	3	0.9932870346922781	-16.70313113333675	138.0	32	1.05	0.95				
	308	1	65.26779498	13.358905405263158	0.0	0.0	3	1.0014847067891768	-15.027879726612323	138.0	32	1.05	0.95				
	309	1	66.79452702631579	13.740588416842106	0.0	0.0	3	1.0256671446450911	-9.054719618789742	138.0	33	1.05	0.95				
	310	1	74.42818725789473	15.267320463157896	0.0	0.0	3	1.05	-10.881662676672795	138.0	33	1.05	0.95				
	311	1	0.0	0.0	0.0	0.0	3	1.0039052342385124	-5.855957925959246	230.0	33	1.05	0.95				
	312	1	0.0	0.0	0.0	0.0	3	1.0088757183490207	-5.417670937322805	230.0	33	1.05	0.95				
	313	2	101.14599806842106	20.61088262526316	0.0	0.0	3	1.006667347934112	-2.553944114402053	230.0	34	1.05	0.95				
	314	2	74.04650424631579	14.885637451578948	0.0	0.0	3	0.9980396944673047	-4.487546704161645	230.0	36	1.05	0.95				
	315	2	120.99351467052632	24.427712741052634	0.0	0.0	3	1.0234790086198928	-1.0097373636635016	230.0	36	1.05	0.95				
	316	2	38.16830115789474	7.633660231578948	0.0	0.0	3	1.0225216640956383	-0.2944809607384547	230.0	36	1.05	0.95				
	317	1	0.0	0.0	0.0	0.0	3	1.0287942405329846	0.7461163061189675	230.0	37	1.05	0.95				
	318	2	127.1004428557895	25.954444787368423	0.0	0.0	3	1.0282917273304213	0.5108416766585164	230.0	37	1.05	0.95				
	319	1	69.08462509578949	14.122271428421055	0.0	0.0	3	1.0183719881208042	-0.9889334613682922	230.0	35	1.05	0.95				
	320	1	48.85542548210527	9.923758301052633	0.0	0.0	3	1.0171725010823622	-0.836475554686495	230.0	35	1.05	0.95				
	321	2	0.0	0.0	0.0	0.0	3	1.0293786683636565	0.8149083318922427	230.0	37	1.05	0.95				
	322	2	0.0	0.0	0.0	0.0	3	1.0424987576482312	5.157113917832755	230.0	37	1.05	0.95				
	323	2	0.0	0.0	0.0	0.0	3	1.0169037590136503	-0.4514408197393214	230.0	35	1.05	0.95				
	324	1	0.0	0.0	0.0	0.0	3	1.0147663965223097	-3.6143715499313904	230.0	36	1.05	0.95				
	325	1	0.0	0.0	0.0	0.0	3	1.016604672543471	0.5337478747092087	230.0	35	1.05	0.95				
];
