%% MATPOWER Case Format : Version 2
function mpc = RTS_GMLC
mpc.version = '2';

%%-----  Power Flow Data  -----%%
%% system MVA base
mpc.baseMVA = 100.0;
%% bus data
%    bus_i    type    Pd    Qd    Gs    Bs    area    Vm    Va    baseKV    zone    Vmax    Vmin
mpc.bus = [
	101	2	59.17021275789474	12.053191487719298	0.0	0.0	1	1.0419739500599834	2.342473486229231	138.0	11	1.05	0.95				
	102	2	53.14361701403508	10.957446807017543	0.0	0.0	1	1.0414372270854646	2.1666460879590903	138.0	12	1.05	0.95				
	103	1	98.6170212631579	20.271276592982453	0.0	0.0	1	1.0252556228365297	-0.6082446688577677	138.0	11	1.05	0.95				
	104	1	40.542553185964906	8.218085105263158	0.0	0.0	1	1.024115462042079	-1.354772746586682	138.0	11	1.05	0.95				
	105	1	38.89893616491228	7.67021276491228	0.0	0.0	1	1.038201689747083	-1.340509836025051	138.0	11	1.05	0.95				
	106	1	74.5106382877193	15.34042552982456	0.0	-100.0	1	1.0436625959280221	-3.949878163375574	138.0	12	1.05	0.95				
	107	2	68.48404254385964	13.69680850877193	0.0	0.0	1	1.016433991522906	-6.023516364727758	138.0	12	1.05	0.95				
	108	1	93.68617019999999	19.1755319122807	0.0	0.0	1	1.0113462431579472	-6.4630238181696	138.0	12	1.05	0.95				
	109	1	95.8776595614035	19.72340425263158	0.0	0.0	1	1.0251171595824657	-2.5711428231705993	138.0	13	1.05	0.95				
	110	1	106.83510636842104	21.914893614035087	0.0	0.0	1	1.05	-3.3872102554402304	138.0	13	1.05	0.95				
	111	1	0.0	0.0	0.0	0.0	1	1.0059957260945294	-0.7626860012628675	230.0	13	1.05	0.95				
	112	1	0.0	0.0	0.0	0.0	1	1.0108066780605616	-0.08372773065377413	230.0	13	1.05	0.95				
	113	3	145.18617019298244	29.58510637894737	0.0	0.0	1	1.0010644516135871	-1.1129399411970544e-28	230.0	14	1.05	0.95				
	114	2	106.28723402807016	21.367021273684212	0.0	0.0	1	1.0025498932053378	0.9003587644380843	230.0	16	1.05	0.95				
	115	2	173.67553189122808	35.06382978245614	0.0	0.0	1	1.0359386627141063	6.855731762887244	230.0	16	1.05	0.95				
	116	2	54.78723403508772	10.957446807017543	0.0	0.0	1	1.0327243122002034	6.517879562325726	230.0	16	1.05	0.95				
	117	1	0.0	0.0	0.0	0.0	1	1.039040237195013	8.442884587918236	230.0	17	1.05	0.95				
	118	2	182.4414893368421	37.25531914385965	0.0	0.0	1	1.0406679049605272	8.454642140912267	230.0	17	1.05	0.95				
	119	1	99.16489360350877	20.271276592982453	0.0	0.0	1	1.0273535068502944	5.6512098455251225	230.0	15	1.05	0.95				
	120	1	70.12765956491228	14.244680849122807	0.0	0.0	1	1.027016884419146	5.953125352178062	230.0	15	1.05	0.95				
	121	2	0.0	0.0	0.0	0.0	1	1.044153081152645	9.719215688288138	230.0	17	1.05	0.95				
	122	2	0.0	0.0	0.0	0.0	1	1.05	16.127258396829095	230.0	17	1.05	0.95				
	123	2	0.0	0.0	0.0	0.0	1	1.0280187290845944	6.537529775744678	230.0	15	1.05	0.95				
	124	1	0.0	0.0	0.0	0.0	1	1.0223061179314084	4.066213933598224	230.0	16	1.05	0.95				
	201	2	57.340469065263164	11.680465920701755	0.0	0.0	2	1.0317950866674828	-8.456516798205627	138.0	21	1.05	0.95				
	202	2	51.500236104912275	10.618605382456142	0.0	0.0	2	1.0321666445908806	-8.455460259903564	138.0	22	1.05	0.95				
	203	1	95.56744844210527	19.64441995754386	0.0	0.0	2	1.0217306875649246	-7.128653407935902	138.0	21	1.05	0.95				
	204	1	39.28883991508772	7.963954036842106	0.0	0.0	2	1.0187183854644923	-10.589033427529174	138.0	21	1.05	0.95				
	205	1	37.6960491077193	7.433023767719299	0.0	0.0	2	1.034122569092723	-10.829883576968724	138.0	21	1.05	0.95				
	206	1	72.20651660070176	14.866047535438598	0.0	-100.0	2	1.0427555894243763	-12.659407016413267	138.0	22	1.05	0.95				
	207	2	66.36628364035089	13.273256728070177	0.0	0.0	2	0.9895282901454726	-20.617079776015043	138.0	22	1.05	0.95				
	208	1	90.78907602000001	18.582559419298246	0.0	0.0	2	0.9925025187392356	-18.122817928388372	138.0	22	1.05	0.95				
	209	1	92.91279709649123	19.113489688421055	0.0	0.0	2	1.0235845492752416	-10.175738788847099	138.0	23	1.05	0.95				
	210	1	103.53140247894737	21.237210764912284	0.0	0.0	2	1.05	-11.554962483878752	138.0	23	1.05	0.95				
	211	1	0.0	0.0	0.0	0.0	2	1.0108919450679208	-7.102828759597727	230.0	23	1.05	0.95				
	212	1	0.0	0.0	0.0	0.0	2	1.0112841201770153	-6.401082848412469	230.0	23	1.05	0.95				
	213	2	140.69652131754387	28.670234532631582	0.0	0.0	2	1.007548039824075	-6.035367227229545	230.0	24	1.05	0.95				
	214	2	103.00047220982455	20.706280495789475	0.0	0.0	2	1.0167544079867556	-4.221378120258719	230.0	26	1.05	0.95				
	215	2	168.3048953119298	33.97953722385965	0.0	0.0	2	1.0330956754653702	3.2806517122513177	230.0	26	1.05	0.95				
	216	2	53.093026912280706	10.618605382456142	0.0	0.0	2	1.0345289269592428	3.0803310345001336	230.0	26	1.05	0.95				
	217	1	0.0	0.0	0.0	0.0	2	1.0387814097591639	5.918547663917483	230.0	27	1.05	0.95				
	218	2	176.79977961789476	36.10325830035088	0.0	0.0	2	1.0405307023773038	6.45475058966681	230.0	27	1.05	0.95				
	219	1	96.09837871122808	19.64441995754386	0.0	0.0	2	1.0325989924919778	2.26592817903097	230.0	25	1.05	0.95				
	220	1	67.9590744477193	13.804186997192982	0.0	0.0	2	1.0350077803989068	2.5775328842168657	230.0	25	1.05	0.95				
	221	2	0.0	0.0	0.0	0.0	2	1.0403192065411113	6.150380801076984	230.0	27	1.05	0.95				
	222	2	0.0	0.0	0.0	0.0	2	1.05	12.561800440010433	230.0	27	1.05	0.95				
	223	2	0.0	0.0	0.0	0.0	2	1.0374119101654766	3.1464590244863415	230.0	25	1.05	0.95				
	224	1	0.0	0.0	0.0	0.0	2	1.0159450049730663	-0.6147329736542745	230.0	26	1.05	0.95				
	301	2	47.71338184421053	9.719392597894737	0.0	0.0	3	1.00907185243753	-12.226696931391276	138.0	31	1.05	0.95				
	302	2	42.85368554526316	8.83581145263158	0.0	0.0	3	1.0086011563772244	-12.37222838804731	138.0	32	1.05	0.95				
	303	1	79.52230307368421	16.34625118736842	0.0	0.0	3	1.0291954716008256	-5.712859586497751	138.0	31	1.05	0.95				
	304	1	32.69250237473684	6.6268585894736844	0.0	0.0	3	1.0105825506620463	-11.003379146204088	138.0	31	1.05	0.95				
	305	1	31.3671306568421	6.185068016842106	0.0	0.0	3	1.0238607730350213	-11.826394580489168	138.0	31	1.05	0.95				
	306	1	60.08351787789474	12.370136033684211	0.0	-100.0	3	1.0402173284386593	-12.12891938026903	138.0	32	1.05	0.95				
	307	2	55.223821578947366	11.044764315789473	0.0	0.0	3	0.9938616516467598	-16.951811384928263	138.0	32	1.05	0.95				
	308	1	75.54618792	15.46267004210526	0.0	0.0	3	0.9995121296209195	-14.950558935755014	138.0	32	1.05	0.95				
	309	1	77.31335021052632	15.904460614736843	0.0	0.0	3	1.0260740931045131	-8.07333619681741	138.0	33	1.05	0.95				
	310	1	86.1491616631579	17.67162290526316	0.0	0.0	3	1.05	-10.004054145199484	138.0	33	1.05	0.95				
	311	1	0.0	0.0	0.0	0.0	3	1.0070146775325115	-4.759907242041599	230.0	33	1.05	0.95				
	312	1	0.0	0.0	0.0	0.0	3	1.0107274064652927	-4.387376475568214	230.0	33	1.05	0.95				
	313	2	117.07450174736842	23.856690922105265	0.0	0.0	3	1.0090041882649583	-1.5304134804524854	230.0	34	1.05	0.95				
	314	2	85.70737109052632	17.229832332631577	0.0	0.0	3	1.0052734681809214	-3.191538684598287	230.0	36	1.05	0.95				
	315	2	140.04761152421054	28.274596648421053	0.0	0.0	3	1.0276300350349739	-0.4599077337734207	230.0	36	1.05	0.95				
	316	2	44.179057263157894	8.83581145263158	0.0	0.0	3	1.0264433854560258	0.21888448581461956	230.0	36	1.05	0.95				
	317	1	0.0	0.0	0.0	0.0	3	1.0320621208327303	0.947523808106924	230.0	37	1.05	0.95				
	318	2	147.1162606863158	30.04175893894737	0.0	0.0	3	1.0313868704442692	0.6611771597647501	230.0	37	1.05	0.95				
	319	1	79.96409364631579	16.34625118736842	0.0	0.0	3	1.022531133697421	-0.11999319409195003	230.0	35	1.05	0.95				
	320	1	56.549193296842105	11.486554888421054	0.0	0.0	3	1.0208431600165833	-0.12370178773678976	230.0	35	1.05	0.95				
	321	2	0.0	0.0	0.0	0.0	3	1.0328011307985423	1.1104257510198112	230.0	37	1.05	0.95				
	322	2	0.0	0.0	0.0	0.0	3	1.0457802770997433	5.388133172093827	230.0	37	1.05	0.95				
	323	2	0.0	0.0	0.0	0.0	3	1.0203985392225525	0.15809299317655282	230.0	35	1.05	0.95				
	324	1	0.0	0.0	0.0	0.0	3	1.0216091003864773	-1.884450993462651	230.0	36	1.05	0.95				
	325	1	0.0	0.0	0.0	0.0	3	1.020487037292339	0.9795490858007676	230.0	35	1.05	0.95				
];
