%% MATPOWER Case Format : Version 2
function mpc = RTS_GMLC
mpc.version = '2';

%%-----  Power Flow Data  -----%%
%% system MVA base
mpc.baseMVA = 100.0;
%% bus data
%    bus_i    type    Pd    Qd    Gs    Bs    area    Vm    Va    baseKV    zone    Vmax    Vmin
mpc.bus = [
	101	2	83.32459177263158	16.973527953684208	0.0	0.0	1	1.0350361115693938	-1.7378902122983042	138.0	11	1.05	0.95				
	102	2	74.83782779578947	15.430479957894738	0.0	0.0	1	1.0347802344142119	-1.8760998331982464	138.0	12	1.05	0.95				
	103	1	138.87431962105262	28.54638792210526	0.0	0.0	1	1.0183121091203646	-1.3905652848196222	138.0	11	1.05	0.95				
	104	1	57.09277584421052	11.572859968421051	0.0	0.0	1	1.017878947778618	-4.674430005754494	138.0	11	1.05	0.95				
	105	1	54.77820385052631	10.801335970526315	0.0	0.0	1	1.0319959425456662	-5.113286251621087	138.0	11	1.05	0.95				
	106	1	104.92726371368421	21.60267194105263	0.0	-100.0	1	1.0358337898361136	-7.716465950905561	138.0	12	1.05	0.95				
	107	2	96.4404997368421	19.28809994736842	0.0	0.0	1	1.042453769426204	-6.026878190261969	138.0	12	1.05	0.95				
	108	1	131.93060364	27.003339926315782	0.0	0.0	1	1.0203733613872288	-8.101987112958774	138.0	12	1.05	0.95				
	109	1	135.01669963157894	27.774863924210525	0.0	0.0	1	1.0260489794638734	-4.432972083320503	138.0	13	1.05	0.95				
	110	1	150.44717958947368	30.860959915789476	0.0	0.0	1	1.05	-6.110087184272486	138.0	13	1.05	0.95				
	111	1	0.0	0.0	0.0	0.0	1	1.0165538282132498	-1.291975603346873	230.0	13	1.05	0.95				
	112	1	0.0	0.0	0.0	0.0	1	1.017418637128739	-1.04161304600139	230.0	13	1.05	0.95				
	113	3	204.45385944210526	41.66229588631579	0.0	0.0	1	1.0170147158308085	9.084111061327027e-30	230.0	14	1.05	0.95				
	114	2	149.67565559157893	30.089435917894736	0.0	0.0	1	1.0242976469194274	1.5597878278866018	230.0	16	1.05	0.95				
	115	2	244.57310733263157	49.377535865263155	0.0	0.0	1	1.040682752070373	11.456824902508771	230.0	16	1.05	0.95				
	116	2	77.15239978947368	15.430479957894738	0.0	0.0	1	1.0400907492547895	10.329589846899312	230.0	16	1.05	0.95				
	117	1	0.0	0.0	0.0	0.0	1	1.0433349352443444	14.92647987600718	230.0	17	1.05	0.95				
	118	2	256.91749129894737	52.463631856842106	0.0	0.0	1	1.049999993720902	15.30039453774217	230.0	17	1.05	0.95				
	119	1	139.64584361894737	28.54638792210526	0.0	0.0	1	1.0347337696654602	7.595400601013473	230.0	15	1.05	0.95				
	120	1	98.75507173052631	20.05962394526316	0.0	0.0	1	1.037864104654711	6.541758276518696	230.0	15	1.05	0.95				
	121	2	0.0	0.0	0.0	0.0	1	1.05	17.294797382768195	230.0	17	1.05	0.95				
	122	2	0.0	0.0	0.0	0.0	1	1.05	30.806236601232943	230.0	17	1.05	0.95				
	123	2	0.0	0.0	0.0	0.0	1	1.0416480851843046	6.535032337866308	230.0	15	1.05	0.95				
	124	1	0.0	0.0	0.0	0.0	1	1.0161243078093891	6.694451516629484	230.0	16	1.05	0.95				
	201	2	83.12923026947368	16.933732091929823	0.0	0.0	2	1.0403367176390772	-14.689708731905057	138.0	21	1.05	0.95				
	202	2	74.66236422350877	15.394301901754387	0.0	0.0	2	1.0406305003579173	-14.787003519405724	138.0	22	1.05	0.95				
	203	1	138.54871711578946	28.479458518245615	0.0	0.0	2	1.0245479509074245	-11.096408166338342	138.0	21	1.05	0.95				
	204	1	56.95891703649123	11.545726426315788	0.0	0.0	2	1.0188201631412994	-16.208007267177063	138.0	21	1.05	0.95				
	205	1	54.64977175122807	10.776011331228071	0.0	0.0	2	1.0353853761188752	-16.68130281233505	138.0	21	1.05	0.95				
	206	1	104.68125293192982	21.552022662456142	0.0	-100.0	2	1.0380811641630976	-18.52403055471225	138.0	22	1.05	0.95				
	207	2	96.21438688596491	19.242877377192983	0.0	0.0	2	0.9540745343083065	-30.00670051781191	138.0	22	1.05	0.95				
	208	1	131.62128126	26.940028328070177	0.0	0.0	2	0.9599116683283664	-26.136457369292604	138.0	22	1.05	0.95				
	209	1	134.70014164035086	27.709743423157896	0.0	0.0	2	1.025413869042663	-14.263114598934589	138.0	23	1.05	0.95				
	210	1	150.09444354210527	30.788603803508774	0.0	0.0	2	1.05	-16.290001735132762	138.0	23	1.05	0.95				
	211	1	0.0	0.0	0.0	0.0	2	1.030237895680328	-10.390943138776368	230.0	23	1.05	0.95				
	212	1	0.0	0.0	0.0	0.0	2	1.0240364299344324	-6.333596820541213	230.0	23	1.05	0.95				
	213	2	203.97450019824558	41.56461513473684	0.0	0.0	2	1.040548917720488	-7.8852486312398	230.0	24	1.05	0.95				
	214	2	149.32472844701755	30.018888708421056	0.0	0.0	2	1.0466623915666433	-7.882189487901839	230.0	26	1.05	0.95				
	215	2	243.999685142807	49.261766085614035	0.0	0.0	2	1.044538268062126	0.45268209535895176	230.0	26	1.05	0.95				
	216	2	76.97150950877193	15.394301901754387	0.0	0.0	2	1.0469200564274663	0.4379784293961544	230.0	26	1.05	0.95				
	217	1	0.0	0.0	0.0	0.0	2	1.0479249541746702	3.2540176107437224	230.0	27	1.05	0.95				
	218	2	256.31512666421054	52.34062646596491	0.0	0.0	2	1.0484067509529709	3.3201957293889186	230.0	27	1.05	0.95				
	219	1	139.31843221087718	28.479458518245615	0.0	0.0	2	1.042423235008422	0.6802904796818314	230.0	25	1.05	0.95				
	220	1	98.52353217122807	20.0125924722807	0.0	0.0	2	1.04550225364335	2.3329900957733187	230.0	25	1.05	0.95				
	221	2	0.0	0.0	0.0	0.0	2	1.048302152733976	3.1311472629129633	230.0	27	1.05	0.95				
	222	2	0.0	0.0	0.0	0.0	2	1.05	9.690424108496305	230.0	27	1.05	0.95				
	223	2	0.0	0.0	0.0	0.0	2	1.05	3.796544897819922	230.0	25	1.05	0.95				
	224	1	0.0	0.0	0.0	0.0	2	1.0225715054763316	-3.835974199740902	230.0	26	1.05	0.95				
	301	2	75.98608037052632	15.47864600140351	0.0	0.0	3	1.0143525089189114	5.766416908382807	138.0	31	1.05	0.95				
	302	2	68.24675736982456	14.071496364912282	0.0	0.0	3	1.0126557594309027	5.400544513496912	138.0	32	1.05	0.95				
	303	1	126.64346728421054	26.032268275087723	0.0	0.0	3	1.05	20.850019976006877	138.0	31	1.05	0.95				
	304	1	52.06453655017545	10.553622273684212	0.0	0.0	3	1.0060543916685851	7.28615952119885	138.0	31	1.05	0.95				
	305	1	49.9538120954386	9.850047455438599	0.0	0.0	3	1.0228593732006763	5.662814309141424	138.0	31	1.05	0.95				
	306	1	95.68617528140352	19.700094910877198	0.0	-100.0	3	1.0334376592421692	4.835054847177421	138.0	32	1.05	0.95				
	307	2	87.94685228070176	17.58937045614035	0.0	0.0	3	0.9810688812577606	-2.0076207534822066	138.0	32	1.05	0.95				
	308	1	120.31129392	24.62511863859649	0.0	0.0	3	0.9839320149779092	1.3802160592581783	138.0	32	1.05	0.95				
	309	1	123.12559319298246	25.328693456842107	0.0	0.0	3	1.0257865210193722	11.709538225449716	138.0	33	1.05	0.95				
	310	1	137.19708955789474	28.142992729824563	0.0	0.0	3	1.05	7.812940382345447	138.0	33	1.05	0.95				
	311	1	0.0	0.0	0.0	0.0	3	1.0210067149037425	14.354184009367897	230.0	33	1.05	0.95				
	312	1	0.0	0.0	0.0	0.0	3	1.0228140825501346	14.987898197048688	230.0	33	1.05	0.95				
	313	2	186.44732683508772	37.99304018526316	0.0	0.0	3	1.0339315549130237	19.12638173448454	230.0	34	1.05	0.95				
	314	2	136.49351473964913	27.43941791157895	0.0	0.0	3	1.0267955376069042	14.710373567467455	230.0	36	1.05	0.95				
	315	2	223.03321738385966	45.0287883677193	0.0	0.0	3	1.0486034542023157	14.767688709720412	230.0	36	1.05	0.95				
	316	2	70.3574818245614	14.071496364912282	0.0	0.0	3	1.0428458432377268	15.311944013690237	230.0	36	1.05	0.95				
	317	1	0.0	0.0	0.0	0.0	3	1.05	16.77037690425988	230.0	37	1.05	0.95				
	318	2	234.29041447578948	47.84308764070176	0.0	0.0	3	1.0461848041516748	14.413720473489109	230.0	37	1.05	0.95				
	319	1	127.34704210245616	26.032268275087723	0.0	0.0	3	1.037629463190796	15.535127414678248	230.0	35	1.05	0.95				
	320	1	90.0575767354386	18.292945274385968	0.0	0.0	3	1.036360395210087	15.915848823587737	230.0	35	1.05	0.95				
	321	2	0.0	0.0	0.0	0.0	3	1.047625008895866	15.151740423279291	230.0	37	1.05	0.95				
	322	2	0.0	0.0	0.0	0.0	3	1.05	20.13162193790669	230.0	37	1.05	0.95				
	323	2	0.0	0.0	0.0	0.0	3	1.0365019759416119	16.243256459924496	230.0	35	1.05	0.95				
	324	1	0.0	0.0	0.0	0.0	3	1.0486576513721422	18.589285107982963	230.0	36	1.05	0.95				
	325	1	0.0	0.0	0.0	0.0	3	1.0383062780397971	16.33895594466517	230.0	35	1.05	0.95				
];
