%% MATPOWER Case Format : Version 2
function mpc = RTS_GMLC
mpc.version = '2';

%%-----  Power Flow Data  -----%%
%% system MVA base
mpc.baseMVA = 100.0;
%% bus data
%    bus_i    type    Pd    Qd    Gs    Bs    area    Vm    Va    baseKV    zone    Vmax    Vmin
mpc.bus = [
	101	2	52.583869364210535	10.711528944561403	0.0	0.0	1	1.0342159217194629	1.8673913353421399	138.0	11	1.05	0.95				
	102	2	47.228104891929824	9.737753585964914	0.0	0.0	1	1.0337891648829378	1.7208591521277943	138.0	12	1.05	0.95				
	103	1	87.6397822736842	18.014844134035087	0.0	0.0	1	1.025999107581616	0.14191979828978912	138.0	11	1.05	0.95				
	104	1	36.029688268070174	7.303315189473684	0.0	0.0	1	1.0206245038788406	-1.4529451428138855	138.0	11	1.05	0.95				
	105	1	34.569025230175434	6.81642751017544	0.0	0.0	1	1.0354639763015905	-1.2776577781094032	138.0	11	1.05	0.95				
	106	1	66.21672438456142	13.63285502035088	0.0	-100.0	1	1.0439315872760475	-3.5296038273080477	138.0	12	1.05	0.95				
	107	2	60.8609599122807	12.172191982456141	0.0	0.0	1	1.0138986634611071	-5.81748531331258	138.0	12	1.05	0.95				
	108	1	83.25779315999999	17.041068775438596	0.0	0.0	1	1.011566696589074	-5.951768460130889	138.0	12	1.05	0.95				
	109	1	85.20534387719299	17.52795645473684	0.0	0.0	1	1.0248974417717416	-2.080968637714716	138.0	13	1.05	0.95				
	110	1	94.94309746315788	19.475507171929827	0.0	0.0	1	1.05	-2.9346874409026604	138.0	13	1.05	0.95				
	111	1	0.0	0.0	0.0	0.0	1	1.0049401165592302	-0.29685947539726154	230.0	13	1.05	0.95				
	112	1	0.0	0.0	0.0	0.0	1	1.0097411033212775	0.22707134886136313	230.0	13	1.05	0.95				
	113	3	129.02523501403508	26.291934682105268	0.0	0.0	1	0.9985800411165514	-2.077878400373939e-30	230.0	14	1.05	0.95				
	114	2	94.45620978385965	18.988619492631578	0.0	0.0	1	1.0019116113179967	1.7751549379605087	230.0	16	1.05	0.95				
	115	2	154.34339433754386	31.16081147508772	0.0	0.0	1	1.0358374111013269	7.957623853050468	230.0	16	1.05	0.95				
	116	2	48.688767929824564	9.737753585964914	0.0	0.0	1	1.0326641889907404	7.56402757486035	230.0	16	1.05	0.95				
	117	1	0.0	0.0	0.0	0.0	1	1.039063928951729	9.508195845572013	230.0	17	1.05	0.95				
	118	2	162.13359720631578	33.10836219228071	0.0	0.0	1	1.0407053555259802	9.550571808670387	230.0	17	1.05	0.95				
	119	1	88.12666995298247	18.014844134035087	0.0	0.0	1	1.0275602313470447	6.590978658154352	230.0	15	1.05	0.95				
	120	1	62.32162295017544	12.659079661754385	0.0	0.0	1	1.026778603599307	6.687441874746993	230.0	15	1.05	0.95				
	121	2	0.0	0.0	0.0	0.0	1	1.0439851440246701	10.708308483114415	230.0	17	1.05	0.95				
	122	2	0.0	0.0	0.0	0.0	1	1.05	17.03927238375447	230.0	17	1.05	0.95				
	123	2	0.0	0.0	0.0	0.0	1	1.0271976542761316	7.114039780874007	230.0	15	1.05	0.95				
	124	1	0.0	0.0	0.0	0.0	1	1.022162393649669	5.03285180968035	230.0	16	1.05	0.95				
	201	2	56.031481174736854	11.413820239298246	0.0	0.0	2	1.032175380544878	-7.8682746696685975	138.0	21	1.05	0.95				
	202	2	50.324571055087716	10.376200217543861	0.0	0.0	2	1.032570996611784	-7.860463291695327	138.0	22	1.05	0.95				
	203	1	93.38580195789474	19.19597040245614	0.0	0.0	2	1.0209194735819405	-6.809825263473277	138.0	21	1.05	0.95				
	204	1	38.39194080491228	7.782150163157896	0.0	0.0	2	1.0190156249766935	-10.021067539999928	138.0	21	1.05	0.95				
	205	1	36.835510772280706	7.263340152280703	0.0	0.0	2	1.0344830188919294	-10.2334092977786	138.0	21	1.05	0.95				
	206	1	70.55816147929825	14.526680304561406	0.0	-100.0	2	1.0432019628539055	-12.047621886076723	138.0	22	1.05	0.95				
	207	2	64.85125135964913	12.970250271929826	0.0	0.0	2	0.9901015202089579	-19.84289611559463	138.0	22	1.05	0.95				
	208	1	88.71651186	18.158350380701755	0.0	0.0	2	0.9933415793369591	-17.414556753637978	138.0	22	1.05	0.95				
	209	1	90.79175190350878	18.677160391578948	0.0	0.0	2	1.023371299790461	-9.679855797640418	138.0	23	1.05	0.95				
	210	1	101.16795212105262	20.752400435087722	0.0	0.0	2	1.05	-10.989455811491093	138.0	23	1.05	0.95				
	211	1	0.0	0.0	0.0	0.0	2	1.00994633988704	-6.685013610446126	230.0	23	1.05	0.95				
	212	1	0.0	0.0	0.0	0.0	2	1.0105210589151719	-5.965364458861986	230.0	23	1.05	0.95				
	213	2	137.48465288245615	28.015740587368427	0.0	0.0	2	1.0061610545263167	-5.612325350373617	230.0	24	1.05	0.95				
	214	2	100.64914211017543	20.23359042421053	0.0	0.0	2	1.0149311247357051	-3.910182523167723	230.0	26	1.05	0.95				
	215	2	164.46277344807018	33.203840696140354	0.0	0.0	2	1.0308420099844824	3.1877398888448756	230.0	26	1.05	0.95				
	216	2	51.881001087719305	10.376200217543861	0.0	0.0	2	1.0325600317876404	3.173663004731067	230.0	26	1.05	0.95				
	217	1	0.0	0.0	0.0	0.0	2	1.0373654155550767	6.074054872085333	230.0	27	1.05	0.95				
	218	2	172.7637336221053	35.279080739649125	0.0	0.0	2	1.0391466111218493	6.571057781991183	230.0	27	1.05	0.95				
	219	1	93.90461196877195	19.19597040245614	0.0	0.0	2	1.030621722294693	2.4516015119353716	230.0	25	1.05	0.95				
	220	1	66.40768139228071	13.489060282807019	0.0	0.0	2	1.032878127731074	2.8242885574355467	230.0	25	1.05	0.95				
	221	2	0.0	0.0	0.0	0.0	2	1.0388914526727855	6.200708390555155	230.0	27	1.05	0.95				
	222	2	0.0	0.0	0.0	0.0	2	1.05	12.651979599222159	230.0	27	1.05	0.95				
	223	2	0.0	0.0	0.0	0.0	2	1.0351653333568251	3.4195536730145006	230.0	25	1.05	0.95				
	224	1	0.0	0.0	0.0	0.0	2	1.0147554843211737	-0.5582375804048866	230.0	26	1.05	0.95				
	301	2	40.55552041263158	8.261309713684211	0.0	0.0	3	1.0104738169381369	-12.37548254832124	138.0	31	1.05	0.95				
	302	2	36.424865555789474	7.5102815578947375	0.0	0.0	3	1.0104600219539037	-12.456556351561193	138.0	32	1.05	0.95				
	303	1	67.59253402105263	13.894020882105263	0.0	0.0	3	1.0217815599414926	-7.846527853799084	138.0	31	1.05	0.95				
	304	1	27.788041764210526	5.632711168421052	0.0	0.0	3	1.0128066121793453	-11.003696669434582	138.0	31	1.05	0.95				
	305	1	26.661499530526317	5.257197090526317	0.0	0.0	3	1.02553475641008	-11.925131697517026	138.0	31	1.05	0.95				
	306	1	51.06991459368422	10.514394181052634	0.0	-100.0	3	1.0425947682445373	-12.13471703066023	138.0	32	1.05	0.95				
	307	2	46.939259736842104	9.387851947368421	0.0	0.0	3	0.9935505848440205	-15.880160683436348	138.0	32	1.05	0.95				
	308	1	64.21290732	13.14299272631579	0.0	0.0	3	1.0019612440507648	-14.238577424948993	138.0	32	1.05	0.95				
	309	1	65.71496363157895	13.518506804210526	0.0	0.0	3	1.0260801583995485	-8.274378270342762	138.0	33	1.05	0.95				
	310	1	73.22524518947368	15.020563115789475	0.0	0.0	3	1.05	-10.2636635992889	138.0	33	1.05	0.95				
	311	1	0.0	0.0	0.0	0.0	3	1.0033044322771987	-5.302264679712801	230.0	33	1.05	0.95				
	312	1	0.0	0.0	0.0	0.0	3	1.0085895884489786	-4.869970871348953	230.0	33	1.05	0.95				
	313	2	99.51123064210526	20.27776020631579	0.0	0.0	3	1.006010485117186	-2.0407799617084295	230.0	34	1.05	0.95				
	314	2	72.84973111157895	14.645049037894736	0.0	0.0	3	0.9962080594183579	-4.034611320062995	230.0	36	1.05	0.95				
	315	2	119.03796269263158	24.032900985263158	0.0	0.0	3	1.0217603417897896	-0.7541058181973632	230.0	36	1.05	0.95				
	316	2	37.551407789473686	7.5102815578947375	0.0	0.0	3	1.0207090937773131	-0.022412010042211144	230.0	36	1.05	0.95				
	317	1	0.0	0.0	0.0	0.0	3	1.027050352369992	0.9269521262402642	230.0	37	1.05	0.95				
	318	2	125.04618793894737	25.53495729684211	0.0	0.0	3	1.0267453606376402	0.7166997537823179	230.0	37	1.05	0.95				
	319	1	67.96804809894738	13.894020882105263	0.0	0.0	3	1.0164699953530123	-0.6998991657680722	230.0	35	1.05	0.95				
	320	1	48.065801970526316	9.763366025263158	0.0	0.0	3	1.0151283724868851	-0.541974844933675	230.0	35	1.05	0.95				
	321	2	0.0	0.0	0.0	0.0	3	1.0278211353813498	1.062630439643867	230.0	37	1.05	0.95				
	322	2	0.0	0.0	0.0	0.0	3	1.0409031284305608	5.392051925624782	230.0	37	1.05	0.95				
	323	2	0.0	0.0	0.0	0.0	3	1.0147594196474805	-0.15735439323945877	230.0	35	1.05	0.95				
	324	1	0.0	0.0	0.0	0.0	3	1.0126496507518643	-3.4365034785093744	230.0	36	1.05	0.95				
	325	1	0.0	0.0	0.0	0.0	3	1.0147578518674945	0.7801174949924882	230.0	35	1.05	0.95				
];
