%% MATPOWER Case Format : Version 2
function mpc = RTS_GMLC
mpc.version = '2';

%%-----  Power Flow Data  -----%%
%% system MVA base
mpc.baseMVA = 100.0;
%% bus data
%    bus_i    type    Pd    Qd    Gs    Bs    area    Vm    Va    baseKV    zone    Vmax    Vmin
mpc.bus = [
	101	2	80.89312221473685	16.478228599298248	0.0	0.0	1	1.034885640353965	-1.5424603302826487	138.0	11	1.05	0.95				
	102	2	72.65400791508772	14.980207817543862	0.0	0.0	1	1.0347154515587775	-1.6736739317243419	138.0	12	1.05	0.95				
	103	1	134.82187035789474	27.71338446245614	0.0	0.0	1	1.021835211944185	-2.43250740205222	138.0	11	1.05	0.95				
	104	1	55.42676892491228	11.235155863157894	0.0	0.0	1	1.0169651461178981	-5.031512202373197	138.0	11	1.05	0.95				
	105	1	53.1797377522807	10.486145472280702	0.0	0.0	1	1.032171396973883	-4.982905322857547	138.0	11	1.05	0.95				
	106	1	101.86541315929824	20.972290944561404	0.0	-100.0	1	1.036429965933067	-7.601062245658459	138.0	12	1.05	0.95				
	107	2	93.62629885964913	18.725259771929824	0.0	0.0	1	1.05	-6.362205979433165	138.0	12	1.05	0.95				
	108	1	128.08077684	26.215363680701753	0.0	0.0	1	1.0256755687291514	-8.276127318324713	138.0	12	1.05	0.95				
	109	1	131.07681840350878	26.964374071578945	0.0	0.0	1	1.0268067124190898	-4.762621190548203	138.0	13	1.05	0.95				
	110	1	146.05702622105264	29.960415635087724	0.0	0.0	1	1.05	-6.116519254305972	138.0	13	1.05	0.95				
	111	1	0.0	0.0	0.0	0.0	1	1.0132112694689974	-1.7700165789574118	230.0	13	1.05	0.95				
	112	1	0.0	0.0	0.0	0.0	1	1.0165696226248089	-1.008436342729323	230.0	13	1.05	0.95				
	113	3	198.48775358245615	40.446561107368424	0.0	0.0	1	1.015344578725844	1.7946366670385677e-28	230.0	14	1.05	0.95				
	114	2	145.30801583017544	29.211405244210532	0.0	0.0	1	1.0145539088614186	0.40177029983021606	230.0	16	1.05	0.95				
	115	2	237.43629390807018	47.93666501614035	0.0	0.0	1	1.0450172691411148	8.406921981025597	230.0	16	1.05	0.95				
	116	2	74.9010390877193	14.980207817543862	0.0	0.0	1	1.04342083548986	7.965352731263554	230.0	16	1.05	0.95				
	117	1	0.0	0.0	0.0	0.0	1	1.0472113451621539	11.1336788039234	230.0	17	1.05	0.95				
	118	2	249.4204601621053	50.93270657964912	0.0	0.0	1	1.0495067741350348	11.823603036004128	230.0	17	1.05	0.95				
	119	1	135.57088074877194	27.71338446245614	0.0	0.0	1	1.0378116952693366	6.52152623856252	230.0	15	1.05	0.95				
	120	1	95.8733300322807	19.47427016280702	0.0	0.0	1	1.0394000887340433	6.537236169508767	230.0	15	1.05	0.95				
	121	2	0.0	0.0	0.0	0.0	1	1.05	12.434428509543789	230.0	17	1.05	0.95				
	122	2	0.0	0.0	0.0	0.0	1	1.05	18.81911223063609	230.0	17	1.05	0.95				
	123	2	0.0	0.0	0.0	0.0	1	1.042296385611482	7.098679481851624	230.0	15	1.05	0.95				
	124	1	0.0	0.0	0.0	0.0	1	1.0227667680880232	4.395978444803007	230.0	16	1.05	0.95				
	201	2	94.5191248294737	19.253895798596492	0.0	0.0	2	1.05	-16.96491027536532	138.0	21	1.05	0.95				
	202	2	84.89217693017544	17.50354163508772	0.0	0.0	2	1.05	-17.034017873453895	138.0	22	1.05	0.95				
	203	1	157.53187471578948	32.38155202491228	0.0	0.0	2	1.0215569056288227	-12.51761838312883	138.0	21	1.05	0.95				
	204	1	64.76310404982456	13.12765622631579	0.0	0.0	2	1.0188190955688736	-18.85527524022056	138.0	21	1.05	0.95				
	205	1	62.1375728045614	12.252479144561406	0.0	0.0	2	1.0372792160234376	-19.417258567436484	138.0	21	1.05	0.95				
	206	1	119.02408311859651	24.50495828912281	0.0	-100.0	2	1.0346769135267226	-21.6070497439207	138.0	22	1.05	0.95				
	207	2	109.39713521929826	21.87942704385965	0.0	0.0	2	0.95	-31.925259512285937	138.0	22	1.05	0.95				
	208	1	149.65528098000001	30.631197861403507	0.0	0.0	2	0.9534086180185466	-28.81015329287035	138.0	22	1.05	0.95				
	209	1	153.15598930701753	31.506374943157894	0.0	0.0	2	1.0216454767576495	-16.82736500206836	138.0	23	1.05	0.95				
	210	1	170.65953094210528	35.00708327017544	0.0	0.0	2	1.0470222094502302	-19.195826337279048	138.0	23	1.05	0.95				
	211	1	0.0	0.0	0.0	0.0	2	1.0305885383945883	-11.483529025767426	230.0	23	1.05	0.95				
	212	1	0.0	0.0	0.0	0.0	2	1.0211191651416183	-10.183534819340792	230.0	23	1.05	0.95				
	213	2	231.92192666491226	47.25956241473685	0.0	0.0	2	1.05	-7.636904471312745	230.0	24	1.05	0.95				
	214	2	169.78435386035088	34.131906188421056	0.0	0.0	2	1.05	-8.643331053925024	230.0	26	1.05	0.95				
	215	2	277.43113491614037	56.011333232280705	0.0	0.0	2	1.0427457124817527	1.2555810904373612	230.0	26	1.05	0.95				
	216	2	87.5177081754386	17.50354163508772	0.0	0.0	2	1.0470246986550968	0.8242201176932312	230.0	26	1.05	0.95				
	217	1	0.0	0.0	0.0	0.0	2	1.0484471037486176	4.45475313645219	230.0	27	1.05	0.95				
	218	2	291.43396822421056	59.512041559298254	0.0	0.0	2	1.05	4.985181416591513	230.0	27	1.05	0.95				
	219	1	158.4070517975439	32.38155202491228	0.0	0.0	2	1.0417177577938947	0.007601672012583839	230.0	25	1.05	0.95				
	220	1	112.02266646456141	22.754604125614037	0.0	0.0	2	1.045183871353297	0.9354173029609498	230.0	25	1.05	0.95				
	221	2	0.0	0.0	0.0	0.0	2	1.05	5.472294537348809	230.0	27	1.05	0.95				
	222	2	0.0	0.0	0.0	0.0	2	1.05	11.584911923124901	230.0	27	1.05	0.95				
	223	2	0.0	0.0	0.0	0.0	2	1.05	2.0777967318022275	230.0	25	1.05	0.95				
	224	1	0.0	0.0	0.0	0.0	2	1.0172625893173814	-3.857179352611628	230.0	26	1.05	0.95				
	301	2	70.14362544000001	14.288516293333334	0.0	0.0	3	1.0055384761727009	-14.519329845471285	138.0	31	1.05	0.95				
	302	2	62.99936729333333	12.989560266666667	0.0	0.0	3	1.0050805220549393	-14.635170859551833	138.0	32	1.05	0.95				
	303	1	116.9060424	24.030686493333334	0.0	0.0	3	1.0190115267302036	-8.38066234769687	138.0	31	1.05	0.95				
	304	1	48.06137298666667	9.7421702	0.0	0.0	3	1.0041040949023914	-12.454272533876583	138.0	31	1.05	0.95				
	305	1	46.11293894666667	9.092692186666667	0.0	0.0	3	1.0181263004478307	-12.906790472729151	138.0	31	1.05	0.95				
	306	1	88.32900981333334	18.185384373333335	0.0	-100.0	3	1.0328055125460143	-12.72134827326309	138.0	32	1.05	0.95				
	307	2	81.18475166666667	16.236950333333333	0.0	0.0	3	1.0017274962653873	-15.72915681787077	138.0	32	1.05	0.95				
	308	1	111.06074027999999	22.731730466666665	0.0	0.0	3	1.0013894017096037	-14.191454350266921	138.0	32	1.05	0.95				
	309	1	113.65865233333335	23.381208479999998	0.0	0.0	3	1.0267392382292173	-8.0235274344891	138.0	33	1.05	0.95				
	310	1	126.6482126	25.979120533333333	0.0	0.0	3	1.05	-9.213614062434834	138.0	33	1.05	0.95				
	311	1	0.0	0.0	0.0	0.0	3	1.0169170994691907	-2.247756167866322	230.0	33	1.05	0.95				
	312	1	0.0	0.0	0.0	0.0	3	1.0189053262921048	-1.422613817287869	230.0	33	1.05	0.95				
	313	2	172.11167353333332	35.071812720000004	0.0	0.0	3	1.0323244897190098	3.436057102316727	230.0	34	1.05	0.95				
	314	2	125.99873458666666	25.32964252	0.0	0.0	3	1.0230307940751573	-0.9342622544549053	230.0	36	1.05	0.95				
	315	2	205.88453022666667	41.56659285333333	0.0	0.0	3	1.0397179725169379	0.21380348201356317	230.0	36	1.05	0.95				
	316	2	64.94780133333333	12.989560266666667	0.0	0.0	3	1.038309118689208	0.7920152145051373	230.0	36	1.05	0.95				
	317	1	0.0	0.0	0.0	0.0	3	1.042864153450944	1.9842091983875767	230.0	37	1.05	0.95				
	318	2	216.27617844000002	44.16450490666667	0.0	0.0	3	1.0430872016565442	1.7117082125687368	230.0	37	1.05	0.95				
	319	1	117.55552041333333	24.030686493333334	0.0	0.0	3	1.0355453610946939	1.3596616038978444	230.0	35	1.05	0.95				
	320	1	83.13318570666667	16.88642834666667	0.0	0.0	3	1.0366185144678048	2.251154766137815	230.0	35	1.05	0.95				
	321	2	0.0	0.0	0.0	0.0	3	1.0456143397980002	2.893235227131784	230.0	37	1.05	0.95				
	322	2	0.0	0.0	0.0	0.0	3	1.05	8.304081653568945	230.0	37	1.05	0.95				
	323	2	0.0	0.0	0.0	0.0	3	1.0379762765771423	2.8291639529973645	230.0	35	1.05	0.95				
	324	1	0.0	0.0	0.0	0.0	3	1.023215451005227	-1.4576944955593307	230.0	36	1.05	0.95				
	325	1	0.0	0.0	0.0	0.0	3	1.0370591667303475	3.6394146508940257	230.0	35	1.05	0.95				
];

%% generator data
%    bus    Pg    Qg    Qmax    Qmin    Vg    mBase    status    Pmax    Pmin    Pc1    Pc2    Qc1min    Qc1max    Qc2min    Qc2max    ramp_agc    ramp_10    ramp_30    ramp_q    apf
