%% MATPOWER Case Format : Version 2
function mpc = RTS_GMLC
mpc.version = '2';

%%-----  Power Flow Data  -----%%
%% system MVA base
mpc.baseMVA = 100.0;
%% bus data
%    bus_i    type    Pd    Qd    Gs    Bs    area    Vm    Va    baseKV    zone    Vmax    Vmin
mpc.bus = [
	101	2	61.281048997894736	12.483176647719299	0.0	0.0	1	1.0350154654602195	1.8608115352389845	138.0	11	1.05	0.95				
	102	2	55.03946067403509	11.348342407017546	0.0	0.0	1	1.0350510931872199	1.8224830092885451	138.0	12	1.05	0.95				
	103	1	102.1350816631579	20.994433452982456	0.0	0.0	1	1.0255581466531423	-0.016447305254707677	138.0	11	1.05	0.95				
	104	1	41.98886690596491	8.511256805263159	0.0	0.0	1	1.019974167137697	-1.6050021392770517	138.0	11	1.05	0.95				
	105	1	40.28661554491228	7.943839684912282	0.0	0.0	1	1.0346913779794547	-1.4714880314170322	138.0	11	1.05	0.95				
	106	1	77.16872836771931	15.887679369824564	0.0	-100.0	1	1.0417897265203815	-3.8630234357071243	138.0	12	1.05	0.95				
	107	2	70.92714004385965	14.18542800877193	0.0	0.0	1	1.033955857105504	-2.5012981277565496	138.0	12	1.05	0.95				
	108	1	97.02832758000001	19.859599212280703	0.0	0.0	1	1.0214851696388823	-4.316283065882257	138.0	12	1.05	0.95				
	109	1	99.29799606140351	20.427016332631577	0.0	0.0	1	1.0257019686733528	-2.122249480368007	138.0	13	1.05	0.95				
	110	1	110.64633846842105	22.69668481403509	0.0	0.0	1	1.05	-3.0689058967281757	138.0	13	1.05	0.95				
	111	1	0.0	0.0	0.0	0.0	1	1.006840132869841	-0.33845427583479293	230.0	13	1.05	0.95				
	112	1	0.0	0.0	0.0	0.0	1	1.0114351787857736	0.1542153197007058	230.0	13	1.05	0.95				
	113	3	150.36553689298248	30.640524498947368	0.0	0.0	1	1.0011018066519513	-7.996590647819469e-29	230.0	14	1.05	0.95				
	114	2	110.07892134807018	22.129267693684213	0.0	0.0	1	1.0049003388495057	1.7302497587103407	230.0	16	1.05	0.95				
	115	2	179.87122715122808	36.31469570245614	0.0	0.0	1	1.0413804915128044	8.582825675833599	230.0	16	1.05	0.95				
	116	2	56.74171203508772	11.348342407017546	0.0	0.0	1	1.0376727956733003	8.00053616372408	230.0	16	1.05	0.95				
	117	1	0.0	0.0	0.0	0.0	1	1.0433033179317746	10.442903447780413	230.0	17	1.05	0.95				
	118	2	188.9499010768421	38.584364183859655	0.0	0.0	1	1.0462696033416155	10.43054030660596	230.0	17	1.05	0.95				
	119	1	102.70249878350879	20.994433452982456	0.0	0.0	1	1.0307977847055552	6.631417422967907	230.0	15	1.05	0.95				
	120	1	72.62939140491228	14.752845129122807	0.0	0.0	1	1.0295461007497047	6.526767552586798	230.0	15	1.05	0.95				
	121	2	0.0	0.0	0.0	0.0	1	1.0499999993290894	11.65921888555144	230.0	17	1.05	0.95				
	122	2	0.0	0.0	0.0	0.0	1	1.05	20.435280358469416	230.0	17	1.05	0.95				
	123	2	0.0	0.0	0.0	0.0	1	1.0300414519388121	6.900288666321025	230.0	15	1.05	0.95				
	124	1	0.0	0.0	0.0	0.0	1	1.024567491341531	5.383108528594666	230.0	16	1.05	0.95				
	201	2	62.66141981052632	12.764363294736844	0.0	0.0	2	1.0329210162970266	-9.103589167725719	138.0	21	1.05	0.95				
	202	2	56.2792381631579	11.603966631578949	0.0	0.0	2	1.0330870209044392	-9.1821587756241	138.0	22	1.05	0.95				
	203	1	104.43569968421053	21.467338268421056	0.0	0.0	2	1.0237815528240726	-7.0531255726212825	138.0	21	1.05	0.95				
	204	1	42.93467653684211	8.70297497368421	0.0	0.0	2	1.018314181364917	-11.44246756182858	138.0	21	1.05	0.95				
	205	1	41.194081542105266	8.122776642105265	0.0	0.0	2	1.0339168127350005	-11.72503349546822	138.0	21	1.05	0.95				
	206	1	78.90697309473686	16.24555328421053	0.0	-100.0	2	1.0414521835676875	-13.74783611510755	138.0	22	1.05	0.95				
	207	2	72.52479144736843	14.504958289473684	0.0	0.0	2	0.9880760354069902	-22.506847826405917	138.0	22	1.05	0.95				
	208	1	99.2139147	20.306941605263155	0.0	0.0	2	0.9894136578522456	-19.737341605856944	138.0	22	1.05	0.95				
	209	1	101.53470802631578	20.887139936842107	0.0	0.0	2	1.0239116297773934	-10.937297119291301	138.0	23	1.05	0.95				
	210	1	113.13867465789474	23.207933263157898	0.0	0.0	2	1.05	-12.55076110460837	138.0	23	1.05	0.95				
	211	1	0.0	0.0	0.0	0.0	2	1.0139722790616956	-7.842384228347313	230.0	23	1.05	0.95				
	212	1	0.0	0.0	0.0	0.0	2	1.0141208623171243	-6.8740236205606475	230.0	23	1.05	0.95				
	213	2	153.75255786842106	31.33070990526316	0.0	0.0	2	1.0135886950187663	-6.55151097744069	230.0	24	1.05	0.95				
	214	2	112.5584763263158	22.62773493157895	0.0	0.0	2	1.0206175474384733	-5.047879487244579	230.0	26	1.05	0.95				
	215	2	183.92287111052633	37.132693221052634	0.0	0.0	2	1.0340913882301275	2.4456201583388926	230.0	26	1.05	0.95				
	216	2	58.01983315789474	11.603966631578949	0.0	0.0	2	1.0370348029715089	2.4411614011791847	230.0	26	1.05	0.95				
	217	1	0.0	0.0	0.0	0.0	2	1.0402561887488995	5.312839772654165	230.0	27	1.05	0.95				
	218	2	193.20604441578948	39.45348654736843	0.0	0.0	2	1.041556557861209	5.7028219927977855	230.0	27	1.05	0.95				
	219	1	105.01589801578947	21.467338268421056	0.0	0.0	2	1.0371960212925133	2.0099965947046243	230.0	25	1.05	0.95				
	220	1	74.26538644210527	15.085156621052635	0.0	0.0	2	1.0419226709415756	2.737589889848673	230.0	25	1.05	0.95				
	221	2	0.0	0.0	0.0	0.0	2	1.041232477756065	5.37701626658457	230.0	27	1.05	0.95				
	222	2	0.0	0.0	0.0	0.0	2	1.05	11.855424874202438	230.0	27	1.05	0.95				
	223	2	0.0	0.0	0.0	0.0	2	1.0459446220864204	3.562012296461169	230.0	25	1.05	0.95				
	224	1	0.0	0.0	0.0	0.0	2	1.018408307873458	-1.1113298381097987	230.0	26	1.05	0.95				
	301	2	48.39670989473684	9.858589052631578	0.0	0.0	3	1.0092990304438372	-13.7982922947789	138.0	31	1.05	0.95				
	302	2	43.467415368421044	8.962353684210527	0.0	0.0	3	1.0088100696303774	-13.977249120320465	138.0	32	1.05	0.95				
	303	1	80.66118315789474	16.58035431578947	0.0	0.0	3	1.0341809887429496	-6.124558560922427	138.0	31	1.05	0.95				
	304	1	33.16070863157894	6.721765263157894	0.0	0.0	3	1.010951099659974	-12.624396671738475	138.0	31	1.05	0.95				
	305	1	31.816355578947363	6.273647578947368	0.0	0.0	3	1.0239684067896966	-13.650353433510134	138.0	31	1.05	0.95				
	306	1	60.94400505263158	12.547295157894736	0.0	-100.0	3	1.0400970211986271	-14.099731465820328	138.0	32	1.05	0.95				
	307	2	56.01471052631578	11.202942105263157	0.0	0.0	3	0.9925206566363046	-18.922721806673906	138.0	32	1.05	0.95				
	308	1	76.628124	15.68411894736842	0.0	0.0	3	0.9985307179209229	-16.89201516785442	138.0	32	1.05	0.95				
	309	1	78.42059473684209	16.132236631578944	0.0	0.0	3	1.0267940608333066	-9.684199064009535	138.0	33	1.05	0.95				
	310	1	87.38294842105262	17.924707368421053	0.0	0.0	3	1.05	-12.059464326263585	138.0	33	1.05	0.95				
	311	1	0.0	0.0	0.0	0.0	3	1.0093501840469592	-6.445117414282528	230.0	33	1.05	0.95				
	312	1	0.0	0.0	0.0	0.0	3	1.0122128816560436	-6.0614344033116625	230.0	33	1.05	0.95				
	313	2	118.75118631578947	24.19835494736842	0.0	0.0	3	1.011247397140944	-3.243869140917993	230.0	34	1.05	0.95				
	314	2	86.93483073684209	17.476589684210524	0.0	0.0	3	1.0102641783133588	-4.724609148354898	230.0	36	1.05	0.95				
	315	2	142.05330589473684	28.679531789473682	0.0	0.0	3	1.037132797224349	0.23213671064041574	230.0	36	1.05	0.95				
	316	2	44.811768421052626	8.962353684210527	0.0	0.0	3	1.0350056092348123	0.36891579455748263	230.0	36	1.05	0.95				
	317	1	0.0	0.0	0.0	0.0	3	1.0413028788818397	2.1672122357414385	230.0	37	1.05	0.95				
	318	2	149.22318884210526	30.47200252631579	0.0	0.0	3	1.0416336869077085	2.176663838408528	230.0	37	1.05	0.95				
	319	1	81.10930084210526	16.58035431578947	0.0	0.0	3	1.0292968088959347	-0.7230029031152864	230.0	35	1.05	0.95				
	320	1	57.359063578947364	11.651059789473683	0.0	0.0	3	1.0275709196281986	-0.8083425092791089	230.0	35	1.05	0.95				
	321	2	0.0	0.0	0.0	0.0	3	1.043777338908117	3.034315359526337	230.0	37	1.05	0.95				
	322	2	0.0	0.0	0.0	0.0	3	1.05	7.01926416465101	230.0	37	1.05	0.95				
	323	2	0.0	0.0	0.0	0.0	3	1.0272518090205294	-0.51076632128551	230.0	35	1.05	0.95				
	324	1	0.0	0.0	0.0	0.0	3	1.027476409188198	-2.1625055262728026	230.0	36	1.05	0.95				
	325	1	0.0	0.0	0.0	0.0	3	1.0261064829778273	0.525360314140031	230.0	35	1.05	0.95				
];
