%% MATPOWER Case Format : Version 2
function mpc = RTS_GMLC
mpc.version = '2';

%%-----  Power Flow Data  -----%%
%% system MVA base
mpc.baseMVA = 100.0;
%% bus data
%    bus_i    type    Pd    Qd    Gs    Bs    area    Vm    Va    baseKV    zone    Vmax    Vmin
mpc.bus = [
	101	2	58.756061368421065	11.968827315789474	0.0	0.0	1	1.0249465698010056	-0.8161754753527942	138.0	11	1.05	0.95				
	102	2	52.77164771052632	10.88075210526316	0.0	0.0	1	1.0224759656075242	-1.4812094404612535	138.0	12	1.05	0.95				
	103	1	97.92676894736843	20.129391394736842	0.0	0.0	1	1.0197940808009687	1.2450651956891419	138.0	11	1.05	0.95				
	104	1	40.258782789473685	8.160564078947369	0.0	0.0	1	1.0155008024387053	-3.489477458507182	138.0	11	1.05	0.95				
	105	1	38.62666997368421	7.616526473684211	0.0	0.0	1	1.0300775452771618	-3.827055346873877	138.0	11	1.05	0.95				
	106	1	73.98911431578948	15.233052947368423	0.0	-100.0	1	1.0398226061068951	-6.166155159463909	138.0	12	1.05	0.95				
	107	2	68.00470065789474	13.600940131578948	0.0	0.0	1	0.9965814714926976	-13.136100106478846	138.0	12	1.05	0.95				
	108	1	93.03043050000001	19.041316184210526	0.0	0.0	1	0.9968508539078814	-11.077742036259359	138.0	12	1.05	0.95				
	109	1	95.20658092105263	19.585353789473682	0.0	0.0	1	1.0235982663260068	-3.4367593783649806	138.0	13	1.05	0.95				
	110	1	106.08733302631579	21.76150421052632	0.0	0.0	1	1.05	-5.1330448291576865	138.0	13	1.05	0.95				
	111	1	0.0	0.0	0.0	0.0	1	1.0158521888636927	-0.19174514299257023	230.0	13	1.05	0.95				
	112	1	0.0	0.0	0.0	0.0	1	1.0146113200377076	-1.2524854715367717	230.0	13	1.05	0.95				
	113	3	144.16996539473686	29.378030684210533	0.0	0.0	1	1.0085359679518027	8.236407823331468e-29	230.0	14	1.05	0.95				
	114	2	105.54329542105263	21.217466605263162	0.0	0.0	1	1.0320021722530563	3.696790883277768	230.0	16	1.05	0.95				
	115	2	172.45992086842105	34.81840673684211	0.0	0.0	1	1.0356256189592281	14.920831768210652	230.0	16	1.05	0.95				
	116	2	54.40376052631579	10.88075210526316	0.0	0.0	1	1.0330932419370906	12.658405052645406	230.0	16	1.05	0.95				
	117	1	0.0	0.0	0.0	0.0	1	1.0379142395881218	19.440791083580233	230.0	17	1.05	0.95				
	118	2	181.1645225526316	36.99455715789474	0.0	0.0	1	1.05	20.512782420962814	230.0	17	1.05	0.95				
	119	1	98.47080655263159	20.129391394736842	0.0	0.0	1	1.0260511455748016	7.800821836237689	230.0	15	1.05	0.95				
	120	1	69.63681347368421	14.144977736842106	0.0	0.0	1	1.0292540630692157	4.6166316313158635	230.0	15	1.05	0.95				
	121	2	0.0	0.0	0.0	0.0	1	1.05	22.818763599120018	230.0	17	1.05	0.95				
	122	2	0.0	0.0	0.0	0.0	1	1.05	38.74547145674403	230.0	17	1.05	0.95				
	123	2	0.0	0.0	0.0	0.0	1	1.0328844482050255	3.286073798207611	230.0	15	1.05	0.95				
	124	1	0.0	0.0	0.0	0.0	1	1.0123922849290057	9.820120869353913	230.0	16	1.05	0.95				
	201	2	51.52652291368421	10.496143556491228	0.0	0.0	2	1.0103622608879186	-16.538286480501323	138.0	21	1.05	0.95				
	202	2	46.278451135438594	9.541948687719298	0.0	0.0	2	1.0094363230799068	-16.82694816668039	138.0	22	1.05	0.95				
	203	1	85.8775381894737	17.652605072280704	0.0	0.0	2	1.0150478316948541	-12.097965650832142	138.0	21	1.05	0.95				
	204	1	35.30521014456141	7.1564615157894735	0.0	0.0	2	1.0095962265281027	-16.101988320495018	138.0	21	1.05	0.95				
	205	1	33.873917841403504	6.679364081403509	0.0	0.0	2	1.0241486814788952	-16.608451487864574	138.0	21	1.05	0.95				
	206	1	64.88525107649123	13.358728162807019	0.0	-100.0	2	1.0394076421743945	-17.22187068547849	138.0	22	1.05	0.95				
	207	2	59.63717929824561	11.927435859649123	0.0	0.0	2	0.9915582536110206	-22.997337014268815	138.0	22	1.05	0.95				
	208	1	81.58366128	16.69841020350877	0.0	0.0	2	0.9962454861354921	-20.801290672430532	138.0	22	1.05	0.95				
	209	1	83.49205101754386	17.175507637894736	0.0	0.0	2	1.024372442443577	-13.541774571914484	138.0	23	1.05	0.95				
	210	1	93.03399970526316	19.083897375438596	0.0	0.0	2	1.05	-15.143486798966778	138.0	23	1.05	0.95				
	211	1	0.0	0.0	0.0	0.0	2	1.0126586961477289	-9.743362493903403	230.0	23	1.05	0.95				
	212	1	0.0	0.0	0.0	0.0	2	1.0123754893559	-8.333736083114546	230.0	23	1.05	0.95				
	213	2	126.43082011228071	25.763261456842105	0.0	0.0	2	1.0141921364808566	-7.542049858288987	230.0	24	1.05	0.95				
	214	2	92.55690227087719	18.606799941052632	0.0	0.0	2	1.0186184912752243	-7.03853734096162	230.0	26	1.05	0.95				
	215	2	151.23988670035087	30.534235800701754	0.0	0.0	2	1.0335708615911636	-0.3878039708475887	230.0	26	1.05	0.95				
	216	2	47.70974343859649	9.541948687719298	0.0	0.0	2	1.0358275871040878	-0.33117241882967335	230.0	26	1.05	0.95				
	217	1	0.0	0.0	0.0	0.0	2	1.037862960303971	0.9581159908549521	230.0	27	1.05	0.95				
	218	2	158.87344565052632	32.442625538245615	0.0	0.0	2	1.0363204750516808	0.3655056421592449	230.0	27	1.05	0.95				
	219	1	86.35463562385965	17.652605072280704	0.0	0.0	2	1.03875350533772	0.655191539640476	230.0	25	1.05	0.95				
	220	1	61.06847160140351	12.404533294035089	0.0	0.0	2	1.045080051043942	2.4092836484271247	230.0	25	1.05	0.95				
	221	2	0.0	0.0	0.0	0.0	2	1.0377269311673762	0.9145488558233076	230.0	27	1.05	0.95				
	222	2	0.0	0.0	0.0	0.0	2	1.05	7.432177926967643	230.0	27	1.05	0.95				
	223	2	0.0	0.0	0.0	0.0	2	1.05	3.714777652941253	230.0	25	1.05	0.95				
	224	1	0.0	0.0	0.0	0.0	2	1.0120929624375754	-4.7418907660653815	230.0	26	1.05	0.95				
	301	2	43.06675104000001	8.772856693333333	0.0	0.0	3	1.0101486923834238	29.18634907187366	138.0	31	1.05	0.95				
	302	2	38.68032269333334	7.975324266666667	0.0	0.0	3	1.0099973608880095	28.872343463380812	138.0	32	1.05	0.95				
	303	1	71.7779184	14.754349893333332	0.0	0.0	3	1.0490924076288919	41.14840037447548	138.0	31	1.05	0.95				
	304	1	29.508699786666664	5.9814932	0.0	0.0	3	1.01145009127276	29.87337925406514	138.0	31	1.05	0.95				
	305	1	28.312401146666666	5.582726986666668	0.0	0.0	3	1.0252150485250984	28.074719224666413	138.0	31	1.05	0.95				
	306	1	54.232205013333335	11.165453973333335	0.0	-100.0	3	1.0416680481458869	26.96160241420313	138.0	32	1.05	0.95				
	307	2	49.845776666666666	9.969155333333333	0.0	0.0	3	0.9538166125023797	23.539531931755764	138.0	32	1.05	0.95				
	308	1	68.18902247999999	13.956817466666665	0.0	0.0	3	0.9775736484667651	25.17760371733308	138.0	32	1.05	0.95				
	309	1	69.78408733333333	14.35558368	0.0	0.0	3	1.0244764350368947	32.337188955205505	138.0	33	1.05	0.95				
	310	1	77.75941159999999	15.950648533333334	0.0	0.0	3	1.05	28.252869642964676	138.0	33	1.05	0.95				
	311	1	0.0	0.0	0.0	0.0	3	1.011849223022694	31.557783353328173	230.0	33	1.05	0.95				
	312	1	0.0	0.0	0.0	0.0	3	1.0178561480507473	31.35192363319118	230.0	33	1.05	0.95				
	313	2	105.67304653333333	21.533375520000003	0.0	0.0	3	1.0146674567309752	32.82919308479793	230.0	34	1.05	0.95				
	314	2	77.36064538666668	15.551882320000002	0.0	0.0	3	1.0061180447147744	31.788707706243386	230.0	36	1.05	0.95				
	315	2	126.40888962666668	25.521037653333334	0.0	0.0	3	1.0408721649832695	32.33602480066358	230.0	36	1.05	0.95				
	316	2	39.87662133333333	7.975324266666667	0.0	0.0	3	1.0316368924219967	32.13396302957328	230.0	36	1.05	0.95				
	317	1	0.0	0.0	0.0	0.0	3	1.05	34.94575225932856	230.0	37	1.05	0.95				
	318	2	132.78914904	27.116102506666667	0.0	0.0	3	1.0488620816623904	31.326555863377486	230.0	37	1.05	0.95				
	319	1	72.17668461333334	14.754349893333332	0.0	0.0	3	1.026851738609691	31.110648749399868	230.0	35	1.05	0.95				
	320	1	51.04207530666667	10.367921546666667	0.0	0.0	3	1.0238686982380432	30.287064324793867	230.0	35	1.05	0.95				
	321	2	0.0	0.0	0.0	0.0	3	1.05	32.31487277640222	230.0	37	1.05	0.95				
	322	2	0.0	0.0	0.0	0.0	3	1.05	37.69556390855082	230.0	37	1.05	0.95				
	323	2	0.0	0.0	0.0	0.0	3	1.0223384717587967	30.029789612022327	230.0	35	1.05	0.95				
	324	1	0.0	0.0	0.0	0.0	3	1.0425080140892524	36.595153638014466	230.0	36	1.05	0.95				
	325	1	0.0	0.0	0.0	0.0	3	1.0261283538673471	29.4220891744496	230.0	35	1.05	0.95				
];
