%% MATPOWER Case Format : Version 2
function mpc = RTS_GMLC
mpc.version = '2';

%%-----  Power Flow Data  -----%%
%% system MVA base
mpc.baseMVA = 100.0;
%% bus data
%    bus_i    type    Pd    Qd    Gs    Bs    area    Vm    Va    baseKV    zone    Vmax    Vmin
mpc.bus = [
	101	2	59.41068779368421	12.102177143157894	0.0	0.0	1	1.033060404409296	-0.23664464522752648	138.0	11	1.05	0.95				
	102	2	53.35959922210526	11.001979221052633	0.0	0.0	1	1.032627658999499	-0.3783714825529599	138.0	12	1.05	0.95				
	103	1	99.01781298947368	20.353661558947366	0.0	0.0	1	1.023833431479953	-1.8261680558300648	138.0	11	1.05	0.95				
	104	1	40.70732311789473	8.251484415789474	0.0	0.0	1	1.0192952752576454	-3.2843150375404546	138.0	11	1.05	0.95				
	105	1	39.05702623473684	7.701385454736842	0.0	0.0	1	1.0342196674322217	-3.1410042611152114	138.0	11	1.05	0.95				
	106	1	74.81345870315789	15.402770909473684	0.0	-100.0	1	1.0420370276461137	-5.309550113281338	138.0	12	1.05	0.95				
	107	2	68.76237013157895	13.75247402631579	0.0	0.0	1	1.0231923407650765	-5.3541477972601985	138.0	12	1.05	0.95				
	108	1	94.06692233999999	19.253463636842103	0.0	0.0	1	1.015559510343916	-6.46935717543591	138.0	12	1.05	0.95				
	109	1	96.26731818421052	19.803562597894736	0.0	0.0	1	1.0253937333365823	-3.4333902048138794	138.0	13	1.05	0.95				
	110	1	107.26929740526315	22.003958442105265	0.0	0.0	1	1.05	-4.349858958866491	138.0	13	1.05	0.95				
	111	1	0.0	0.0	0.0	0.0	1	1.0064812043799427	-1.2744921696615623	230.0	13	1.05	0.95				
	112	1	0.0	0.0	0.0	0.0	1	1.0110959708905194	-0.5651661539674355	230.0	13	1.05	0.95				
	113	3	145.77622467894736	29.705343896842106	0.0	0.0	1	1.0027935988261985	-5.774170573793992e-30	230.0	14	1.05	0.95				
	114	2	106.71919844421052	21.453859481052632	0.0	0.0	1	1.0034459037823367	0.3418754147283158	230.0	16	1.05	0.95				
	115	2	174.3813706536842	35.20633350736842	0.0	0.0	1	1.0365080091470085	6.207830315284159	230.0	16	1.05	0.95				
	116	2	55.00989610526316	11.001979221052633	0.0	0.0	1	1.033300900242092	5.909449611247194	230.0	16	1.05	0.95				
	117	1	0.0	0.0	0.0	0.0	1	1.0396134454615074	7.810987493916289	230.0	17	1.05	0.95				
	118	2	183.1829540305263	37.406729351578946	0.0	0.0	1	1.0413266608370726	7.799636494060515	230.0	17	1.05	0.95				
	119	1	99.56791195052631	20.353661558947366	0.0	0.0	1	1.0279403979951798	5.1023071146652175	230.0	15	1.05	0.95				
	120	1	70.41266701473684	14.30257298736842	0.0	0.0	1	1.027631060838536	5.463637670814634	230.0	15	1.05	0.95				
	121	2	0.0	0.0	0.0	0.0	1	1.0449348538210448	9.051074716839965	230.0	17	1.05	0.95				
	122	2	0.0	0.0	0.0	0.0	1	1.05	15.57839489646	230.0	17	1.05	0.95				
	123	2	0.0	0.0	0.0	0.0	1	1.028672284419454	6.081871909914803	230.0	15	1.05	0.95				
	124	1	0.0	0.0	0.0	0.0	1	1.02153334771422	3.2101378622589207	230.0	16	1.05	0.95				
	201	2	57.748465288421066	11.763576262456143	0.0	0.0	2	1.0317109115769678	-8.686068067263838	138.0	21	1.05	0.95				
	202	2	51.86667715719299	10.694160238596494	0.0	0.0	2	1.0320551301134226	-8.691780267659363	138.0	22	1.05	0.95				
	203	1	96.24744214736843	19.784196441403513	0.0	0.0	2	1.0230002452685232	-7.28818077947815	138.0	21	1.05	0.95				
	204	1	39.568392882807025	8.02062017894737	0.0	0.0	2	1.0187331054293316	-10.839781243832292	138.0	21	1.05	0.95				
	205	1	37.96426884701754	7.4859121670175455	0.0	0.0	2	1.034015937375475	-11.086632204469117	138.0	21	1.05	0.95				
	206	1	72.72028962245616	14.971824334035091	0.0	-100.0	2	1.042607101371559	-12.935427105954199	138.0	22	1.05	0.95				
	207	2	66.83850149122807	13.367700298245616	0.0	0.0	2	0.9891456137945532	-20.949022161512783	138.0	22	1.05	0.95				
	208	1	91.43507004000001	18.71478041754386	0.0	0.0	2	0.9921646262998138	-18.435403030456115	138.0	22	1.05	0.95				
	209	1	93.57390208771932	19.249488429473686	0.0	0.0	2	1.023842624398748	-10.423199528262789	138.0	23	1.05	0.95				
	210	1	104.2680623263158	21.388320477192988	0.0	0.0	2	1.05	-11.827192741434189	138.0	23	1.05	0.95				
	211	1	0.0	0.0	0.0	0.0	2	1.0110260507391617	-7.399145705772699	230.0	23	1.05	0.95				
	212	1	0.0	0.0	0.0	0.0	2	1.0118376583852906	-6.603670489119062	230.0	23	1.05	0.95				
	213	2	141.69762316140353	28.874232644210533	0.0	0.0	2	1.008240949624075	-6.252439150040425	230.0	24	1.05	0.95				
	214	2	103.73335431438598	20.85361246526316	0.0	0.0	2	1.016248004661416	-4.621524797218066	230.0	26	1.05	0.95				
	215	2	169.50243978175442	34.22131276350878	0.0	0.0	2	1.0326446061768317	2.601947271072743	230.0	26	1.05	0.95				
	216	2	53.470801192982464	10.694160238596494	0.0	0.0	2	1.034499117524416	2.5535993230180685	230.0	26	1.05	0.95				
	217	1	0.0	0.0	0.0	0.0	2	1.0387945877986529	5.354783461998369	230.0	27	1.05	0.95				
	218	2	178.0577679726316	36.36014481122808	0.0	0.0	2	1.0404062774755929	5.8557364079800305	230.0	27	1.05	0.95				
	219	1	96.78215015929827	19.784196441403513	0.0	0.0	2	1.0334542733627003	1.9306521165684138	230.0	25	1.05	0.95				
	220	1	68.44262552701755	13.90240831017544	0.0	0.0	2	1.0366367336103364	2.414328877470483	230.0	25	1.05	0.95				
	221	2	0.0	0.0	0.0	0.0	2	1.0401257727357542	5.526944792981311	230.0	27	1.05	0.95				
	222	2	0.0	0.0	0.0	0.0	2	1.05	11.961677192807565	230.0	27	1.05	0.95				
	223	2	0.0	0.0	0.0	0.0	2	1.039527898828348	3.0783488425030194	230.0	25	1.05	0.95				
	224	1	0.0	0.0	0.0	0.0	2	1.0167683753534293	-1.1047096222735993	230.0	26	1.05	0.95				
	301	2	49.763366033684214	10.13698196982456	0.0	0.0	3	1.0124521806262416	-11.511166723289406	138.0	31	1.05	0.95				
	302	2	44.694875048771934	9.215438154385966	0.0	0.0	3	1.011579424295267	-11.757696229783123	138.0	32	1.05	0.95				
	303	1	82.93894338947368	17.048560585614037	0.0	0.0	3	1.0434971016986119	-1.2995374225701424	138.0	31	1.05	0.95				
	304	1	34.097121171228075	6.911578615789474	0.0	0.0	3	1.0119162548927711	-10.43159966526462	138.0	31	1.05	0.95				
	305	1	32.71480544807018	6.450806708070177	0.0	0.0	3	1.0255139445568577	-11.882644273281358	138.0	31	1.05	0.95				
	306	1	62.664979449824564	12.901613416140354	0.0	-100.0	3	1.0403975941471848	-12.634089395317291	138.0	32	1.05	0.95				
	307	2	57.59648846491229	11.519297692982457	0.0	0.0	3	0.9918795868089828	-17.42940485252731	138.0	32	1.05	0.95				
	308	1	78.79199622	16.12701677017544	0.0	0.0	3	0.9975137133460718	-15.3291863580047	138.0	32	1.05	0.95				
	309	1	80.6350838508772	16.58778867789474	0.0	0.0	3	1.026728678873886	-7.460579120572121	138.0	33	1.05	0.95				
	310	1	89.85052200526316	18.430876308771932	0.0	0.0	3	1.05	-10.772237412020019	138.0	33	1.05	0.95				
	311	1	0.0	0.0	0.0	0.0	3	1.0095006946715617	-5.532893240440176	230.0	33	1.05	0.95				
	312	1	0.0	0.0	0.0	0.0	3	1.012689329596376	-5.137921456241281	230.0	33	1.05	0.95				
	313	2	122.10455554561403	24.881683016842107	0.0	0.0	3	1.0107195325911944	-2.632056008356109	230.0	34	1.05	0.95				
	314	2	89.38975009754387	17.970104401052634	0.0	0.0	3	1.0084211624457393	-4.38239182893104	230.0	36	1.05	0.95				
	315	2	146.06469474701754	29.48940209403509	0.0	0.0	3	1.0372226522125492	0.2683740824731687	230.0	36	1.05	0.95				
	316	2	46.07719077192983	9.215438154385966	0.0	0.0	3	1.0332265820225346	0.0005287356267395521	230.0	36	1.05	0.95				
	317	1	0.0	0.0	0.0	0.0	3	1.0397702608880635	1.8604360137035476	230.0	37	1.05	0.95				
	318	2	153.43704527052634	31.332489724912282	0.0	0.0	3	1.0401391198303316	1.911862178483489	230.0	37	1.05	0.95				
	319	1	83.39971529719298	17.048560585614037	0.0	0.0	3	1.026314758282725	-1.0928213082896472	230.0	35	1.05	0.95				
	320	1	58.97880418807018	11.980069600701755	0.0	0.0	3	1.0237115280958842	-1.1516065675957596	230.0	35	1.05	0.95				
	321	2	0.0	0.0	0.0	0.0	3	1.0428973945980446	2.868599842171799	230.0	37	1.05	0.95				
	322	2	0.0	0.0	0.0	0.0	3	1.05	6.794767463468509	230.0	37	1.05	0.95				
	323	2	0.0	0.0	0.0	0.0	3	1.0229868144124932	-0.8269801341157536	230.0	35	1.05	0.95				
	324	1	0.0	0.0	0.0	0.0	3	1.034699193870997	-0.3264309292711659	230.0	36	1.05	0.95				
	325	1	0.0	0.0	0.0	0.0	3	1.0227942678173434	0.01852521917920791	230.0	35	1.05	0.95				
];
