%% MATPOWER Case Format : Version 2
function mpc = RTS_GMLC
mpc.version = '2';

%%-----  Power Flow Data  -----%%
%% system MVA base
mpc.baseMVA = 100.0;
%% bus data
%    bus_i    type    Pd    Qd    Gs    Bs    area    Vm    Va    baseKV    zone    Vmax    Vmin
mpc.bus = [
	101	2	104.05888173473683	21.197179612631576	0.0	0.0	1	1.0471841647044313	-3.995398884003534	138.0	11	1.05	0.95				
	102	2	93.46029192842103	19.270163284210525	0.0	0.0	1	1.0469246116261448	-4.155583468123694	138.0	12	1.05	0.95				
	103	1	173.43146955789473	35.649802075789474	0.0	0.0	1	1.0155354018447642	-4.245769328255949	138.0	11	1.05	0.95				
	104	1	71.29960415157895	14.452622463157894	0.0	0.0	1	1.0208855886032617	-7.1826041836590315	138.0	11	1.05	0.95				
	105	1	68.40907965894736	13.489114298947369	0.0	0.0	1	1.035420888245506	-7.733048190902574	138.0	11	1.05	0.95				
	106	1	131.03711033263156	26.978228597894738	0.0	-100.0	1	1.0328346138935178	-10.715214028619977	138.0	12	1.05	0.95				
	107	2	120.43852052631578	24.087704105263157	0.0	0.0	1	1.05	-7.1776426966397215	138.0	12	1.05	0.95				
	108	1	164.75989607999998	33.72278574736842	0.0	0.0	1	1.0191126380966922	-10.342322984555942	138.0	12	1.05	0.95				
	109	1	168.6139287368421	34.68629391157894	0.0	0.0	1	1.026994812855114	-6.702692155435219	138.0	13	1.05	0.95				
	110	1	187.8840920210526	38.54032656842105	0.0	0.0	1	1.05	-8.551005812799266	138.0	13	1.05	0.95				
	111	1	0.0	0.0	0.0	0.0	1	1.023173130471854	-2.859725174356116	230.0	13	1.05	0.95				
	112	1	0.0	0.0	0.0	0.0	1	1.0210020577989185	-1.8699562996461794	230.0	13	1.05	0.95				
	113	3	255.32966351578943	52.029440867368415	0.0	0.0	1	1.0302097373181638	9.94860823393123e-31	230.0	14	1.05	0.95				
	114	2	186.92058385684206	37.57681840421052	0.0	0.0	1	1.034264631065782	-0.6788940202620353	230.0	16	1.05	0.95				
	115	2	305.4320880547368	61.66452250947367	0.0	0.0	1	1.040863389386263	9.014008166481828	230.0	16	1.05	0.95				
	116	2	96.35081642105263	19.270163284210525	0.0	0.0	1	1.0431002487944219	8.368520389587449	230.0	16	1.05	0.95				
	117	1	0.0	0.0	0.0	0.0	1	1.0461404559841487	12.595409579277506	230.0	17	1.05	0.95				
	118	2	320.84821868210526	65.51855516631578	0.0	0.0	1	1.05	13.450877426425867	230.0	17	1.05	0.95				
	119	1	174.39497772210524	35.649802075789474	0.0	0.0	1	1.0389512444012268	6.613010064520084	230.0	15	1.05	0.95				
	120	1	123.32904501894734	25.051212269473684	0.0	0.0	1	1.0441340244082238	6.63049264550485	230.0	15	1.05	0.95				
	121	2	0.0	0.0	0.0	0.0	1	1.05	14.591124283689078	230.0	17	1.05	0.95				
	122	2	0.0	0.0	0.0	0.0	1	1.05	23.31283001047437	230.0	17	1.05	0.95				
	123	2	0.0	0.0	0.0	0.0	1	1.049999992383038	7.33866652599552	230.0	15	1.05	0.95				
	124	1	0.0	0.0	0.0	0.0	1	1.014620031796247	4.111490603229039	230.0	16	1.05	0.95				
	201	2	98.58208721684211	20.081536284912282	0.0	0.0	2	1.05	-13.102851925980065	138.0	21	1.05	0.95				
	202	2	88.54131907438597	18.255942077192984	0.0	0.0	2	1.05	-13.131597488114286	138.0	22	1.05	0.95				
	203	1	164.30347869473684	33.773492842807016	0.0	0.0	2	1.0233283387909504	-9.86084511270842	138.0	21	1.05	0.95				
	204	1	67.54698568561403	13.691956557894738	0.0	0.0	2	1.0182636679903785	-14.668191037794154	138.0	21	1.05	0.95				
	205	1	64.8085943740351	12.77915945403509	0.0	0.0	2	1.0360084966197811	-15.146792845672667	138.0	21	1.05	0.95				
	206	1	124.1404061249123	25.55831890807018	0.0	-100.0	2	1.0323350441984183	-17.137614222731347	138.0	22	1.05	0.95				
	207	2	114.09963798245614	22.81992759649123	0.0	0.0	2	0.95	-26.796138103306568	138.0	22	1.05	0.95				
	208	1	156.08830476	31.947898635087718	0.0	0.0	2	0.9523334231864398	-24.0080569682121	138.0	22	1.05	0.95				
	209	1	159.7394931754386	32.86069573894737	0.0	0.0	2	1.0221134998783246	-12.24867984641205	138.0	23	1.05	0.95				
	210	1	177.9954352526316	36.51188415438597	0.0	0.0	2	1.0453081016429566	-14.378837251954977	138.0	23	1.05	0.95				
	211	1	0.0	0.0	0.0	0.0	2	1.0300846802999097	-6.69386434066965	230.0	23	1.05	0.95				
	212	1	0.0	0.0	0.0	0.0	2	1.020677664304852	-3.99030967247066	230.0	23	1.05	0.95				
	213	2	241.89123252280703	49.291043608421056	0.0	0.0	2	1.05	-2.009545777093954	230.0	24	1.05	0.95				
	214	2	177.08263814877193	35.599087050526315	0.0	0.0	2	1.05	-4.504703757881319	230.0	26	1.05	0.95				
	215	2	289.35668192350875	58.419014647017555	0.0	0.0	2	1.0456183415636102	4.343480291546755	230.0	26	1.05	0.95				
	216	2	91.27971038596492	18.255942077192984	0.0	0.0	2	1.0489382300091072	4.25093279411426	230.0	26	1.05	0.95				
	217	1	0.0	0.0	0.0	0.0	2	1.05	7.137228563434017	230.0	27	1.05	0.95				
	218	2	303.9614355852632	62.07020306245615	0.0	0.0	2	1.0496747517553628	7.717168991969776	230.0	27	1.05	0.95				
	219	1	165.2162757985965	33.773492842807016	0.0	0.0	2	1.0421154926542635	4.321993641965317	230.0	25	1.05	0.95				
	220	1	116.83802929403511	23.73272470035088	0.0	0.0	2	1.0448847501106162	6.0921413507524305	230.0	25	1.05	0.95				
	221	2	0.0	0.0	0.0	0.0	2	1.05	8.32109257989597	230.0	27	1.05	0.95				
	222	2	0.0	0.0	0.0	0.0	2	1.05	14.368597894286454	230.0	27	1.05	0.95				
	223	2	0.0	0.0	0.0	0.0	2	1.05	7.722358514170696	230.0	25	1.05	0.95				
	224	1	0.0	0.0	0.0	0.0	2	1.0190355763074062	-0.9248641404865531	230.0	26	1.05	0.95				
	301	2	84.86934514105265	17.28819993614035	0.0	0.0	3	0.9969105694841336	-4.599384978550715	138.0	31	1.05	0.95				
	302	2	76.22524517298245	15.71654539649123	0.0	0.0	3	0.9974432537282559	-4.883504525088748	138.0	32	1.05	0.95				
	303	1	141.44890856842105	29.075608983508772	0.0	0.0	3	1.013598064659536	3.6725880983980663	138.0	31	1.05	0.95				
	304	1	58.151217967017544	11.78740904736842	0.0	0.0	3	0.9877029384730551	-2.564818617003665	138.0	31	1.05	0.95				
	305	1	55.79373615754386	11.00158177754386	0.0	0.0	3	1.0015569336951529	-3.147302705452599	138.0	31	1.05	0.95				
	306	1	106.87250869614036	22.00316355508772	0.0	-100.0	3	1.0107080200042466	-3.21259060167057	138.0	32	1.05	0.95				
	307	2	98.22840872807018	19.645681745614034	0.0	0.0	3	0.9768392220103811	-6.274470761727897	138.0	32	1.05	0.95				
	308	1	134.37646314	27.503954443859648	0.0	0.0	3	0.9763423038468092	-4.382937951134203	138.0	32	1.05	0.95				
	309	1	137.51977221929826	28.28978171368421	0.0	0.0	3	1.0097010838665308	2.656006660298747	138.0	33	1.05	0.95				
	310	1	153.23631761578946	31.43309079298246	0.0	0.0	3	1.0297764950990829	0.9286444403995735	138.0	33	1.05	0.95				
	311	1	0.0	0.0	0.0	0.0	3	1.0027405038978432	9.043440558099567	230.0	33	1.05	0.95				
	312	1	0.0	0.0	0.0	0.0	3	1.0049253848792383	9.904230841097899	230.0	33	1.05	0.95				
	313	2	208.24422650350874	42.434672570526324	0.0	0.0	3	1.02519230328805	16.092936269772412	230.0	34	1.05	0.95				
	314	2	152.4504903459649	30.647263523157896	0.0	0.0	3	1.0121650403301214	9.922436427944413	230.0	36	1.05	0.95				
	315	2	249.10724453438596	50.29294526877193	0.0	0.0	3	1.0386373293925317	10.191836297675195	230.0	36	1.05	0.95				
	316	2	78.58272698245614	15.71654539649123	0.0	0.0	3	1.035684225334074	10.901080732675817	230.0	36	1.05	0.95				
	317	1	0.0	0.0	0.0	0.0	3	1.0434856017429273	12.500520630672936	230.0	37	1.05	0.95				
	318	2	261.680480851579	53.43625434807018	0.0	0.0	3	1.0431021187722869	11.452827053887164	230.0	37	1.05	0.95				
	319	1	142.23473583824563	29.075608983508772	0.0	0.0	3	1.0300886786000365	11.51477148276184	230.0	35	1.05	0.95				
	320	1	100.58589053754386	20.4315090154386	0.0	0.0	3	1.0291249872808994	12.201633223542308	230.0	35	1.05	0.95				
	321	2	0.0	0.0	0.0	0.0	3	1.0453144183007963	12.749158961611153	230.0	37	1.05	0.95				
	322	2	0.0	0.0	0.0	0.0	3	1.05	18.419254371035127	230.0	37	1.05	0.95				
	323	2	0.0	0.0	0.0	0.0	3	1.029405808530111	12.55527644040904	230.0	35	1.05	0.95				
	324	1	0.0	0.0	0.0	0.0	3	1.022984207328839	9.633975262222025	230.0	36	1.05	0.95				
	325	1	0.0	0.0	0.0	0.0	3	1.0315913814919675	12.739116570834724	230.0	35	1.05	0.95				
];

%% generator data
%    bus    Pg    Qg    Qmax    Qmin    Vg    mBase    status    Pmax    Pmin    Pc1    Pc2    Qc1min    Qc1max    Qc2min    Qc2max    ramp_agc    ramp_10    ramp_30    ramp_q    apf
