%% MATPOWER Case Format : Version 2
function mpc = RTS_GMLC
mpc.version = '2';

%%-----  Power Flow Data  -----%%
%% system MVA base
mpc.baseMVA = 100.0;
%% bus data
%    bus_i    type    Pd    Qd    Gs    Bs    area    Vm    Va    baseKV    zone    Vmax    Vmin
mpc.bus = [
	101	2	96.40376052631579	19.637803070175437	0.0	0.0	1	1.048211197364858	-0.882620550978553	138.0	11	1.05	0.95				
	102	2	86.58485899122806	17.852548245614035	0.0	0.0	1	1.0479560443024385	-1.0609865952213786	138.0	12	1.05	0.95				
	103	1	160.6729342105263	33.02721425438597	0.0	0.0	1	1.0221989005049743	-1.817956969834644	138.0	11	1.05	0.95				
	104	1	66.05442850877193	13.389411184210525	0.0	0.0	1	1.0230791063778384	-4.6181334895758095	138.0	11	1.05	0.95				
	105	1	63.376546271929826	12.496783771929826	0.0	0.0	1	1.0364178196300318	-5.1730418372669895	138.0	11	1.05	0.95				
	106	1	121.39732807017545	24.99356754385965	0.0	-100.0	1	1.034767528531475	-8.40495037961629	138.0	12	1.05	0.95				
	107	2	111.57842653508771	22.315685307017542	0.0	0.0	1	1.05	-6.9383434272532485	138.0	12	1.05	0.95				
	108	1	152.6392875	31.24195942982456	0.0	0.0	1	1.021359948345466	-9.25792028214329	138.0	12	1.05	0.95				
	109	1	156.2097971491228	32.134586842105264	0.0	0.0	1	1.0272636255622016	-5.041004157093882	138.0	13	1.05	0.95				
	110	1	174.06234539473684	35.70509649122807	0.0	0.0	1	1.05	-6.789331953375062	138.0	13	1.05	0.95				
	111	1	0.0	0.0	0.0	0.0	1	1.0189370272198757	-1.9339352847154971	230.0	13	1.05	0.95				
	112	1	0.0	0.0	0.0	0.0	1	1.01929889813373	-1.0763717654637044	230.0	13	1.05	0.95				
	113	3	236.54626425438593	48.201880263157896	0.0	0.0	1	1.0223645343580434	4.005350508779248e-28	230.0	14	1.05	0.95				
	114	2	173.16971798245612	34.812469078947366	0.0	0.0	1	1.0257783030231393	0.34181123428047205	230.0	16	1.05	0.95				
	115	2	282.96288969298246	57.12815438596491	0.0	0.0	1	1.043313141940478	9.533006846450776	230.0	16	1.05	0.95				
	116	2	89.26274122807017	17.852548245614035	0.0	0.0	1	1.0434989542795898	9.025425037763787	230.0	16	1.05	0.95				
	117	1	0.0	0.0	0.0	0.0	1	1.046207336650136	13.044901833988511	230.0	17	1.05	0.95				
	118	2	297.2449282894737	60.698664035087724	0.0	0.0	1	1.05	13.686790120303366	230.0	17	1.05	0.95				
	119	1	161.56556162280702	33.02721425438597	0.0	0.0	1	1.0390148981047165	7.382971794681142	230.0	15	1.05	0.95				
	120	1	114.25630877192982	23.208312719298245	0.0	0.0	1	1.0426339463872012	7.189091126076681	230.0	15	1.05	0.95				
	121	2	0.0	0.0	0.0	0.0	1	1.05	14.31959744767589	230.0	17	1.05	0.95				
	122	2	0.0	0.0	0.0	0.0	1	1.05	24.55366619342137	230.0	17	1.05	0.95				
	123	2	0.0	0.0	0.0	0.0	1	1.0472690334374024	7.734193583331079	230.0	15	1.05	0.95				
	124	1	0.0	0.0	0.0	0.0	1	1.0212028383962322	5.323032240333941	230.0	16	1.05	0.95				
	201	2	103.44404216842106	21.071934515789472	0.0	0.0	2	1.05	-13.584723369354169	138.0	21	1.05	0.95				
	202	2	92.90807491052632	19.156304105263157	0.0	0.0	2	1.05	-13.608604540289885	138.0	22	1.05	0.95				
	203	1	172.40673694736844	35.43916259473684	0.0	0.0	2	1.0215574998282977	-10.2703911186407	138.0	21	1.05	0.95				
	204	1	70.87832518947368	14.367228078947367	0.0	0.0	2	1.0172627207595095	-14.933596724349444	138.0	21	1.05	0.95				
	205	1	68.0048795736842	13.409412873684213	0.0	0.0	2	1.0351143693530755	-15.433101260142731	138.0	21	1.05	0.95				
	206	1	130.26286791578949	26.818825747368425	0.0	-100.0	2	1.0305596568785997	-17.354637556510205	138.0	22	1.05	0.95				
	207	2	119.72690065789473	23.945380131578947	0.0	0.0	2	0.95	-26.23217421531329	138.0	22	1.05	0.95				
	208	1	163.78640009999998	33.523532184210524	0.0	0.0	2	0.9511672076390535	-23.820809784853655	138.0	22	1.05	0.95				
	209	1	167.61766092105265	34.48134738947368	0.0	0.0	2	1.022115769991447	-12.1513588996729	138.0	23	1.05	0.95				
	210	1	186.77396502631578	38.312608210526314	0.0	0.0	2	1.0447443568410324	-14.317265331267764	138.0	23	1.05	0.95				
	211	1	0.0	0.0	0.0	0.0	2	1.0309316227175898	-7.205875348313031	230.0	23	1.05	0.95				
	212	1	0.0	0.0	0.0	0.0	2	1.0248138129070654	-2.316039306178935	230.0	23	1.05	0.95				
	213	2	253.82102939473685	51.72202108421053	0.0	0.0	2	1.05	-2.772897984275453	230.0	24	1.05	0.95				
	214	2	185.81614982105265	37.35479300526316	0.0	0.0	2	1.05	-5.366409089572602	230.0	26	1.05	0.95				
	215	2	303.62742006842103	61.300173136842105	0.0	0.0	2	1.044184092554036	3.473765450946339	230.0	26	1.05	0.95				
	216	2	95.78152052631579	19.156304105263157	0.0	0.0	2	1.0480299610943016	3.17927487439022	230.0	26	1.05	0.95				
	217	1	0.0	0.0	0.0	0.0	2	1.0495311657401203	6.309763025239893	230.0	27	1.05	0.95				
	218	2	318.9524633526316	65.13143395789474	0.0	0.0	2	1.05	6.793995154728134	230.0	27	1.05	0.95				
	219	1	173.36455215263157	35.43916259473684	0.0	0.0	2	1.041331061300575	2.731078526485982	230.0	25	1.05	0.95				
	220	1	122.60034627368421	24.903195336842106	0.0	0.0	2	1.0446187096242214	4.133746771050166	230.0	25	1.05	0.95				
	221	2	0.0	0.0	0.0	0.0	2	1.05	7.419740863234479	230.0	27	1.05	0.95				
	222	2	0.0	0.0	0.0	0.0	2	1.05	13.496219699278164	230.0	27	1.05	0.95				
	223	2	0.0	0.0	0.0	0.0	2	1.05	5.594770863429701	230.0	25	1.05	0.95				
	224	1	0.0	0.0	0.0	0.0	2	1.0181861902557996	-1.6216439708449524	230.0	26	1.05	0.95				
	301	2	94.09427397473685	19.167352105964913	0.0	0.0	3	0.992602933341903	-18.876418258488368	138.0	31	1.05	0.95				
	302	2	84.51059792175438	17.424865550877193	0.0	0.0	3	0.9933578689224446	-19.36319508899484	138.0	32	1.05	0.95				
	303	1	156.82378995789475	32.2360012691228	0.0	0.0	3	0.9928681206705798	-12.846431676679657	138.0	31	1.05	0.95				
	304	1	64.4720025382456	13.068649163157895	0.0	0.0	3	0.9775643028415464	-17.476808706057216	138.0	31	1.05	0.95				
	305	1	61.858272705614034	12.197405885614037	0.0	0.0	3	0.991884340807243	-17.97105617255414	138.0	31	1.05	0.95				
	306	1	118.48908574596493	24.394811771228074	0.0	-100.0	3	0.9967793243522388	-18.46558440689904	138.0	32	1.05	0.95				
	307	2	108.90540969298246	21.781081938596493	0.0	0.0	3	0.9670063671591831	-21.083086607325136	138.0	32	1.05	0.95				
	308	1	148.98260046000001	30.493514714035086	0.0	0.0	3	0.9639268777049715	-19.30814052184797	138.0	32	1.05	0.95				
	309	1	152.46757357017543	31.364757991578944	0.0	0.0	3	0.9979283462643033	-12.154189868737063	138.0	33	1.05	0.95				
	310	1	169.89243912105263	34.84973110175439	0.0	0.0	3	1.0167540245076994	-14.088981031901213	138.0	33	1.05	0.95				
	311	1	0.0	0.0	0.0	0.0	3	0.9973413057321289	-4.458439958101046	230.0	33	1.05	0.95				
	312	1	0.0	0.0	0.0	0.0	3	0.9967996353743817	-3.679330123664153	230.0	33	1.05	0.95				
	313	2	230.8794685491228	47.047136987368425	0.0	0.0	3	1.0273864637464203	3.3068195752313607	230.0	34	1.05	0.95				
	314	2	169.02119584350876	33.97848782421053	0.0	0.0	3	1.0140814922466774	-3.0031187011478173	230.0	36	1.05	0.95				
	315	2	276.1841189814035	55.75956976280702	0.0	0.0	3	1.0426777031601235	-0.3112815605475674	230.0	36	1.05	0.95				
	316	2	87.12432775438597	17.424865550877193	0.0	0.0	3	1.0402329906315781	0.4639510992362464	230.0	36	1.05	0.95				
	317	1	0.0	0.0	0.0	0.0	3	1.0457441557742737	2.474620002115298	230.0	37	1.05	0.95				
	318	2	290.12401142210524	59.244542872982464	0.0	0.0	3	1.045734887217585	2.0576064381681056	230.0	37	1.05	0.95				
	319	1	157.69503323543861	32.2360012691228	0.0	0.0	3	1.034659318605642	1.0448575289331234	230.0	35	1.05	0.95				
	320	1	111.51913952561404	22.65232521614035	0.0	0.0	3	1.0342521147899237	1.6861146200424342	230.0	35	1.05	0.95				
	321	2	0.0	0.0	0.0	0.0	3	1.0492495545799416	3.206340857119698	230.0	37	1.05	0.95				
	322	2	0.0	0.0	0.0	0.0	3	1.05	8.692610395180935	230.0	37	1.05	0.95				
	323	2	0.0	0.0	0.0	0.0	3	1.0359199017078455	2.3461299878473523	230.0	35	1.05	0.95				
	324	1	0.0	0.0	0.0	0.0	3	1.0102745728670033	-3.4444826283744567	230.0	36	1.05	0.95				
	325	1	0.0	0.0	0.0	0.0	3	1.0341433206439454	3.3536604949966238	230.0	35	1.05	0.95				
];
