%% MATPOWER Case Format : Version 2
function mpc = RTS_GMLC
mpc.version = '2';

%%-----  Power Flow Data  -----%%
%% system MVA base
mpc.baseMVA = 100.0;
%% bus data
%    bus_i    type    Pd    Qd    Gs    Bs    area    Vm    Va    baseKV    zone    Vmax    Vmin
mpc.bus = [
	101	2	64.68777833684211	13.177140031578949	0.0	0.0	1	1.0428295264305474	4.480942257947887	138.0	11	1.05	0.95				
	102	2	58.09920832105263	11.979218210526318	0.0	0.0	1	1.0422201782095433	4.202914547657536	138.0	12	1.05	0.95				
	103	1	107.81296389473684	22.16155368947369	0.0	0.0	1	1.0316391953698436	2.226386929154272	138.0	11	1.05	0.95				
	104	1	44.32310737894738	8.984413657894736	0.0	0.0	1	1.0247714109513664	-0.0840354315176279	138.0	11	1.05	0.95				
	105	1	42.52622464736842	8.385452747368422	0.0	0.0	1	1.0366849260775814	-0.40697746016193376	138.0	11	1.05	0.95				
	106	1	81.45868383157897	16.770905494736844	0.0	-100.0	1	1.0412660252088675	-3.742246438747466	138.0	12	1.05	0.95				
	107	2	74.87011381578948	14.974022763157896	0.0	0.0	1	1.0175342180090998	-11.985594473386294	138.0	12	1.05	0.95				
	108	1	102.4223157	20.963631868421054	0.0	0.0	1	1.007870453203005	-9.999776554145377	138.0	12	1.05	0.95				
	109	1	104.81815934210528	21.56259277894737	0.0	0.0	1	1.0262476320099458	-2.2675281629292736	138.0	13	1.05	0.95				
	110	1	116.79737755263157	23.958436421052635	0.0	0.0	1	1.05	-3.5322103158845017	138.0	13	1.05	0.95				
	111	1	0.0	0.0	0.0	0.0	1	1.0103498596639597	-0.2517550840435838	230.0	13	1.05	0.95				
	112	1	0.0	0.0	0.0	0.0	1	1.0175376733386061	-0.1970323339948107	230.0	13	1.05	0.95				
	113	3	158.7246412894737	32.34388916842106	0.0	0.0	1	1.0111029717780882	1.432129107413627e-29	230.0	14	1.05	0.95				
	114	2	116.19841664210526	23.359475510526316	0.0	0.0	1	1.0072657220191423	2.26254412650078	230.0	16	1.05	0.95				
	115	2	189.87060863684212	38.333498273684214	0.0	0.0	1	1.0441904200309582	10.461601238590415	230.0	16	1.05	0.95				
	116	2	59.89609105263158	11.979218210526318	0.0	0.0	1	1.0420836017887418	9.304193387889745	230.0	16	1.05	0.95				
	117	1	0.0	0.0	0.0	0.0	1	1.045847100749663	12.613879738635836	230.0	17	1.05	0.95				
	118	2	199.45398320526317	40.72934191578948	0.0	0.0	1	1.0482049396921702	13.319496323075214	230.0	17	1.05	0.95				
	119	1	108.41192480526315	22.16155368947369	0.0	0.0	1	1.037481302344872	7.124833023229331	230.0	15	1.05	0.95				
	120	1	76.66699654736843	15.572983673684213	0.0	0.0	1	1.0381025418881527	5.866744951041844	230.0	15	1.05	0.95				
	121	2	0.0	0.0	0.0	0.0	1	1.05	14.857238877207832	230.0	17	1.05	0.95				
	122	2	0.0	0.0	0.0	0.0	1	1.05	20.742272241684258	230.0	17	1.05	0.95				
	123	2	0.0	0.0	0.0	0.0	1	1.039736680090184	5.621432657974671	230.0	15	1.05	0.95				
	124	1	0.0	0.0	0.0	0.0	1	1.0289712717458748	7.387497067876177	230.0	16	1.05	0.95				
	201	2	82.90823233263158	16.88871399368421	0.0	0.0	2	1.0433215814151322	-24.99168080600121	138.0	21	1.05	0.95				
	202	2	74.46387533578948	15.353376357894739	0.0	0.0	2	1.0436554319985125	-25.152010647713823	138.0	22	1.05	0.95				
	203	1	138.18038722105263	28.403746262105262	0.0	0.0	2	1.0136325716971237	-19.070897667877876	138.0	21	1.05	0.95				
	204	1	56.807492524210524	11.515032268421052	0.0	0.0	2	1.0177580659192798	-26.71612344374357	138.0	21	1.05	0.95				
	205	1	54.50448607052631	10.747363450526317	0.0	0.0	2	1.0368322205269853	-27.36692285537277	138.0	21	1.05	0.95				
	206	1	104.40295923368421	21.494726901052633	0.0	-100.0	2	1.0387388157905388	-29.434404350727988	138.0	22	1.05	0.95				
	207	2	95.95860223684211	19.19172044736842	0.0	0.0	2	0.9518644523014307	-40.90530200997707	138.0	22	1.05	0.95				
	208	1	131.27136786	26.868408626315787	0.0	0.0	2	0.9576414015562786	-37.026198709039704	138.0	22	1.05	0.95				
	209	1	134.34204313157895	27.636077444210528	0.0	0.0	2	1.0209490484412136	-24.89107976527428	138.0	23	1.05	0.95				
	210	1	149.6954194894737	30.706752715789477	0.0	0.0	2	1.05	-27.385629562817073	138.0	23	1.05	0.95				
	211	1	0.0	0.0	0.0	0.0	2	1.0311826601331084	-20.3383047532932	230.0	23	1.05	0.95				
	212	1	0.0	0.0	0.0	0.0	2	1.0213073230001593	-19.35314555639138	230.0	23	1.05	0.95				
	213	2	203.43223674210526	41.45411616631579	0.0	0.0	2	1.0472205919351874	-18.791925909808672	230.0	24	1.05	0.95				
	214	2	148.92775067157896	29.939083897894736	0.0	0.0	2	1.05	-16.16230909795159	230.0	26	1.05	0.95				
	215	2	243.35101527263157	49.13080434526316	0.0	0.0	2	1.0419726502922204	-4.4834087315538245	230.0	26	1.05	0.95				
	216	2	76.76688178947369	15.353376357894739	0.0	0.0	2	1.0458799517931494	-5.443759445878784	230.0	26	1.05	0.95				
	217	1	0.0	0.0	0.0	0.0	2	1.0471809137210735	-1.4582600275313855	230.0	27	1.05	0.95				
	218	2	255.63371635894737	52.20147961684211	0.0	0.0	2	1.05	-1.4653196900279877	230.0	27	1.05	0.95				
	219	1	138.94805603894739	28.403746262105262	0.0	0.0	2	1.042175035545804	-6.55760819626922	230.0	25	1.05	0.95				
	220	1	98.26160869052632	19.95938926526316	0.0	0.0	2	1.0458003306470405	-6.087498144826522	230.0	25	1.05	0.95				
	221	2	0.0	0.0	0.0	0.0	2	1.05	-1.7095766344197472	230.0	27	1.05	0.95				
	222	2	0.0	0.0	0.0	0.0	2	1.05	4.900739230583351	230.0	27	1.05	0.95				
	223	2	0.0	0.0	0.0	0.0	2	1.05	-5.2723125971662625	230.0	25	1.05	0.95				
	224	1	0.0	0.0	0.0	0.0	2	1.0126343232978223	-9.864487059259876	230.0	26	1.05	0.95				
	301	2	78.12148054736842	15.91363492631579	0.0	0.0	3	0.9790395636350436	-0.3535658529815634	138.0	31	1.05	0.95				
	302	2	70.16466308421052	14.466940842105263	0.0	0.0	3	0.9817172282048942	-0.46942523049552376	138.0	32	1.05	0.95				
	303	1	130.20246757894736	26.763840557894735	0.0	0.0	3	1.0044333897913185	4.88967283292553	138.0	31	1.05	0.95				
	304	1	53.52768111578947	10.850205631578946	0.0	0.0	3	0.9782005657139465	2.3751875287271496	138.0	31	1.05	0.95				
	305	1	51.35763998947368	10.126858589473684	0.0	0.0	3	0.9884709781945078	1.9488905175770346	138.0	31	1.05	0.95				
	306	1	98.37519772631579	20.25371717894737	0.0	-100.0	3	1.0019504907499972	2.4113350773032525	138.0	32	1.05	0.95				
	307	2	90.4183802631579	18.083676052631578	0.0	0.0	3	0.9500000325175085	-2.4921436888982407	138.0	32	1.05	0.95				
	308	1	123.6923442	25.31714647368421	0.0	0.0	3	0.9619296334555428	1.0484691024830113	138.0	32	1.05	0.95				
	309	1	126.58573236842105	26.04049351578947	0.0	0.0	3	1.0039291191734692	7.783752926957485	138.0	33	1.05	0.95				
	310	1	141.0526732105263	28.933881684210526	0.0	0.0	3	1.0215891552899736	6.70026744797799	138.0	33	1.05	0.95				
	311	1	0.0	0.0	0.0	0.0	3	0.9953909269842645	14.362800116472972	230.0	33	1.05	0.95				
	312	1	0.0	0.0	0.0	0.0	3	1.0012130176065763	16.206661502203783	230.0	33	1.05	0.95				
	313	2	191.68696615789472	39.06074027368421	0.0	0.0	3	1.0277109722765	24.464074840003434	230.0	34	1.05	0.95				
	314	2	140.32932616842103	28.210534642105262	0.0	0.0	3	1.0029064644453984	12.35192588447217	230.0	36	1.05	0.95				
	315	2	229.30101234736838	46.29421069473684	0.0	0.0	3	1.038480038286171	6.256956625509889	230.0	36	1.05	0.95				
	316	2	72.33470421052631	14.466940842105263	0.0	0.0	3	1.038753825866077	8.208547038708314	230.0	36	1.05	0.95				
	317	1	0.0	0.0	0.0	0.0	3	1.0447472107843923	6.655079096064301	230.0	37	1.05	0.95				
	318	2	240.87456502105263	49.187598863157895	0.0	0.0	3	1.0440447247545235	4.693971329986175	230.0	37	1.05	0.95				
	319	1	130.92581462105264	26.763840557894735	0.0	0.0	3	1.0330575992952378	11.38833440029803	230.0	35	1.05	0.95				
	320	1	92.58842138947368	18.80702309473684	0.0	0.0	3	1.0334327901276261	14.159053004511057	230.0	35	1.05	0.95				
	321	2	0.0	0.0	0.0	0.0	3	1.0432300453294878	5.811521843158617	230.0	37	1.05	0.95				
	322	2	0.0	0.0	0.0	0.0	3	1.05	10.471818072467839	230.0	37	1.05	0.95				
	323	2	0.0	0.0	0.0	0.0	3	1.034461758601098	15.314090223770629	230.0	35	1.05	0.95				
	324	1	0.0	0.0	0.0	0.0	3	1.023382172050256	7.739126247118528	230.0	36	1.05	0.95				
	325	1	0.0	0.0	0.0	0.0	3	1.0367087971494795	15.282910713468972	230.0	35	1.05	0.95				
];
