%% MATPOWER Case Format : Version 2
function mpc = RTS_GMLC
mpc.version = '2';

%%-----  Power Flow Data  -----%%
%% system MVA base
mpc.baseMVA = 100.0;
%% bus data
%    bus_i    type    Pd    Qd    Gs    Bs    area    Vm    Va    baseKV    zone    Vmax    Vmin
mpc.bus = [
	101	2	72.26274122526317	14.720188027368422	0.0	0.0	1	1.0326240801000952	-0.2842065802311745	138.0	11	1.05	0.95				
	102	2	64.90264721157895	13.381989115789475	0.0	0.0	1	1.0326397253468869	-0.33558762322170566	138.0	12	1.05	0.95				
	103	1	120.43790204210526	24.756679864210525	0.0	0.0	1	1.0223376950630358	-1.270075163429021	138.0	11	1.05	0.95				
	104	1	49.51335972842105	10.036491836842105	0.0	0.0	1	1.0174303993573754	-3.398545640227622	138.0	11	1.05	0.95				
	105	1	47.50606136105263	9.367392381052634	0.0	0.0	1	1.0323070610266987	-3.375604600870901	138.0	11	1.05	0.95				
	106	1	90.99752598736843	18.734784762105267	0.0	-100.0	1	1.038469257186983	-5.717781200402483	138.0	12	1.05	0.95				
	107	2	83.63743197368422	16.727486394736843	0.0	0.0	1	1.0473547935167469	-1.9537775234529398	138.0	12	1.05	0.95				
	108	1	114.41600694	23.41848095263158	0.0	0.0	1	1.0262968330423698	-4.796541720168611	138.0	12	1.05	0.95				
	109	1	117.0924047631579	24.087580408421054	0.0	0.0	1	1.0263186776327355	-3.196708652701746	138.0	13	1.05	0.95				
	110	1	130.47439387894738	26.76397823157895	0.0	0.0	1	1.05	-4.39739588943525	138.0	13	1.05	0.95				
	111	1	0.0	0.0	0.0	0.0	1	1.0107818107256243	-0.8759925732203853	230.0	13	1.05	0.95				
	112	1	0.0	0.0	0.0	0.0	1	1.014148051070919	-0.18705015013803952	230.0	13	1.05	0.95				
	113	3	177.31135578421055	36.131370612631585	0.0	0.0	1	1.0085135733188753	1.1223801870234122e-29	230.0	14	1.05	0.95				
	114	2	129.8052944231579	26.094878775789475	0.0	0.0	1	1.0113730812964947	1.3555328303278373	230.0	16	1.05	0.95				
	115	2	212.1045274852632	42.82236517052632	0.0	0.0	1	1.043684930585178	8.996591542672078	230.0	16	1.05	0.95				
	116	2	66.90994557894737	13.381989115789475	0.0	0.0	1	1.0411710069155722	8.503797029826162	230.0	16	1.05	0.95				
	117	1	0.0	0.0	0.0	0.0	1	1.0460810981970374	11.62536231139647	230.0	17	1.05	0.95				
	118	2	222.81011877789476	45.49876299368422	0.0	0.0	1	1.0489970186270616	12.190625500307432	230.0	17	1.05	0.95				
	119	1	121.10700149789476	24.756679864210525	0.0	0.0	1	1.0348993541941796	7.137824148839015	230.0	15	1.05	0.95				
	120	1	85.64473034105264	17.396585850526318	0.0	0.0	1	1.0353079600245125	7.220251048256135	230.0	15	1.05	0.95				
	121	2	0.0	0.0	0.0	0.0	1	1.05	12.664463024359911	230.0	17	1.05	0.95				
	122	2	0.0	0.0	0.0	0.0	1	1.05	20.031582784000523	230.0	17	1.05	0.95				
	123	2	0.0	0.0	0.0	0.0	1	1.0372097969612508	7.765226510914058	230.0	15	1.05	0.95				
	124	1	0.0	0.0	0.0	0.0	1	1.0228464545936897	5.192412542115952	230.0	16	1.05	0.95				
	201	2	75.53030062736842	15.385801979649122	0.0	0.0	2	1.036287411702271	-10.122825502773917	138.0	21	1.05	0.95				
	202	2	67.83739963754385	13.987092708771929	0.0	0.0	2	1.0364187459653427	-10.22236609911476	138.0	22	1.05	0.95				
	203	1	125.88383437894737	25.876121511228067	0.0	0.0	2	1.026681123243073	-6.814325763342505	138.0	21	1.05	0.95				
	204	1	51.752243022456135	10.490319531578947	0.0	0.0	2	1.0182455777065482	-12.000406375471847	138.0	21	1.05	0.95				
	205	1	49.65417911614035	9.790964896140352	0.0	0.0	2	1.0341777538127719	-12.431942361858512	138.0	21	1.05	0.95				
	206	1	95.11223041964912	19.581929792280704	0.0	-100.0	2	1.0389884406146797	-14.38821918487915	138.0	22	1.05	0.95				
	207	2	87.41932942982456	17.48386588596491	0.0	0.0	2	0.9708482314514442	-24.81128908943247	138.0	22	1.05	0.95				
	208	1	119.58964265999998	24.477412240350873	0.0	0.0	2	0.9736167895998337	-21.370109308850616	138.0	22	1.05	0.95				
	209	1	122.38706120175438	25.17676687578947	0.0	0.0	2	1.0252280085085081	-10.625867949724224	138.0	23	1.05	0.95				
	210	1	136.3741539105263	27.974185417543858	0.0	0.0	2	1.05	-12.574739082269037	138.0	23	1.05	0.95				
	211	1	0.0	0.0	0.0	0.0	2	1.0234609196814404	-6.229789990472378	230.0	23	1.05	0.95				
	212	1	0.0	0.0	0.0	0.0	2	1.019463688916433	-5.224235958182425	230.0	23	1.05	0.95				
	213	2	185.32897839122805	37.76515031368421	0.0	0.0	2	1.0316531987556776	-3.2717307722297013	230.0	24	1.05	0.95				
	214	2	135.6747992750877	27.274830782105262	0.0	0.0	2	1.0371218573121157	-3.567713532966831	230.0	26	1.05	0.95				
	215	2	221.69541943403507	44.75869666807017	0.0	0.0	2	1.0432269930874252	4.513680463377955	230.0	26	1.05	0.95				
	216	2	69.93546354385964	13.987092708771929	0.0	0.0	2	1.0465404780525573	4.483721544846232	230.0	26	1.05	0.95				
	217	1	0.0	0.0	0.0	0.0	2	1.0479137206213467	7.764108254708744	230.0	27	1.05	0.95				
	218	2	232.8850936010526	47.55611520982456	0.0	0.0	2	1.0498817609668925	8.588920399590538	230.0	27	1.05	0.95				
	219	1	126.58318901438597	25.876121511228067	0.0	0.0	2	1.0432502898068712	3.706538739425169	230.0	25	1.05	0.95				
	220	1	89.51739333614034	18.18322052140351	0.0	0.0	2	1.0463559961055058	4.340502108136909	230.0	25	1.05	0.95				
	221	2	0.0	0.0	0.0	0.0	2	1.05	8.948400216559028	230.0	27	1.05	0.95				
	222	2	0.0	0.0	0.0	0.0	2	1.05	14.99545353080771	230.0	27	1.05	0.95				
	223	2	0.0	0.0	0.0	0.0	2	1.05	5.19672596235708	230.0	25	1.05	0.95				
	224	1	0.0	0.0	0.0	0.0	2	1.0228513833635942	0.293703468722358	230.0	26	1.05	0.95				
	301	2	56.51123062736843	11.511546979649124	0.0	0.0	3	1.012479004011182	-15.310481678192842	138.0	31	1.05	0.95				
	302	2	50.75545713754386	10.46504270877193	0.0	0.0	3	1.0112949074630484	-15.56212288869092	138.0	32	1.05	0.95				
	303	1	94.18538437894736	19.36032901122807	0.0	0.0	3	1.0428140123952414	-4.676143801762723	138.0	31	1.05	0.95				
	304	1	38.72065802245614	7.848782031578947	0.0	0.0	3	1.010513795149007	-14.053644161967021	138.0	31	1.05	0.95				
	305	1	37.150901616140345	7.3255298961403525	0.0	0.0	3	1.024572983604732	-15.43196588428756	138.0	31	1.05	0.95				
	306	1	71.16229041964914	14.651059792280705	0.0	-100.0	3	1.038510941118602	-16.09984232174007	138.0	32	1.05	0.95				
	307	2	65.40651692982456	13.081303385964912	0.0	0.0	3	0.9915352175666975	-21.85467355207632	138.0	32	1.05	0.95				
	308	1	89.47611516	18.313824740350874	0.0	0.0	3	0.9946596898997747	-19.410117017136145	138.0	32	1.05	0.95				
	309	1	91.56912370175438	18.837076875789474	0.0	0.0	3	1.0270996578616172	-10.68241113752867	138.0	33	1.05	0.95				
	310	1	102.03416641052631	20.93008541754386	0.0	0.0	3	1.05	-13.873093018331055	138.0	33	1.05	0.95				
	311	1	0.0	0.0	0.0	0.0	3	1.0138641602200102	-7.648645329689637	230.0	33	1.05	0.95				
	312	1	0.0	0.0	0.0	0.0	3	1.0147757516816653	-7.250688657204682	230.0	33	1.05	0.95				
	313	2	138.66181589122806	28.255615313684213	0.0	0.0	3	1.0151609437253433	-4.52609629495538	230.0	34	1.05	0.95				
	314	2	101.51091427508771	20.406833282105264	0.0	0.0	3	1.0205486356850881	-5.704964851302673	230.0	36	1.05	0.95				
	315	2	165.87092693403508	33.488136668070176	0.0	0.0	3	1.0455389813444695	0.1957466841103096	230.0	36	1.05	0.95				
	316	2	52.32521354385965	10.46504270877193	0.0	0.0	3	1.0433782318140883	0.17104876381393833	230.0	36	1.05	0.95				
	317	1	0.0	0.0	0.0	0.0	3	1.047615987210298	2.4073136838231957	230.0	37	1.05	0.95				
	318	2	174.24296110105263	35.58114520982457	0.0	0.0	3	1.0477688664230638	2.419253378030186	230.0	37	1.05	0.95				
	319	1	94.70863651438597	19.36032901122807	0.0	0.0	3	1.0369604701149526	-1.1968165576492102	230.0	35	1.05	0.95				
	320	1	66.97627333614035	13.60455552140351	0.0	0.0	3	1.035551945534897	-1.3956177047007994	230.0	35	1.05	0.95				
	321	2	0.0	0.0	0.0	0.0	3	1.0499998767457968	3.2663286514497063	230.0	37	1.05	0.95				
	322	2	0.0	0.0	0.0	0.0	3	1.05	8.10005381114003	230.0	37	1.05	0.95				
	323	2	0.0	0.0	0.0	0.0	3	1.0357160772126015	-1.1110090083518755	230.0	35	1.05	0.95				
	324	1	0.0	0.0	0.0	0.0	3	1.0372193713428777	-1.636806066350832	230.0	36	1.05	0.95				
	325	1	0.0	0.0	0.0	0.0	3	1.0330832213516519	0.04361084086879968	230.0	35	1.05	0.95				
];
