%% MATPOWER Case Format : Version 2
function mpc = RTS_GMLC
mpc.version = '2';

%%-----  Power Flow Data  -----%%
%% system MVA base
mpc.baseMVA = 100.0;
%% bus data
%    bus_i    type    Pd    Qd    Gs    Bs    area    Vm    Va    baseKV    zone    Vmax    Vmin
mpc.bus = [
	101	2	88.66848096000001	18.062097973333337	0.0	0.0	1	1.0409528813455489	-1.485484333331282	138.0	11	1.05	0.95				
	102	2	79.63743197333334	16.42008906666667	0.0	0.0	1	1.0408213080866457	-1.614858108965348	138.0	12	1.05	0.95				
	103	1	147.78080160000002	30.377164773333337	0.0	0.0	1	1.0197874069367123	-2.859480404138479	138.0	11	1.05	0.95				
	104	1	60.754329546666675	12.3150668	0.0	0.0	1	1.0202842004241945	-5.0392566084473005	138.0	11	1.05	0.95				
	105	1	58.29131618666666	11.494062346666668	0.0	0.0	1	1.0339840161430824	-5.377867681831444	138.0	11	1.05	0.95				
	106	1	111.65660565333336	22.988124693333337	0.0	-100.0	1	1.0354595152465973	-8.30906209714236	138.0	12	1.05	0.95				
	107	2	102.62555666666668	20.525111333333335	0.0	0.0	1	1.05	-7.681671334000392	138.0	12	1.05	0.95				
	108	1	140.39176152000002	28.735155866666666	0.0	0.0	1	1.023447746022087	-9.512059707852957	138.0	12	1.05	0.95				
	109	1	143.67577933333334	29.556160320000004	0.0	0.0	1	1.026963411072806	-5.28669868523617	138.0	13	1.05	0.95				
	110	1	160.0958684	32.84017813333334	0.0	0.0	1	1.05	-6.773726961944542	138.0	13	1.05	0.95				
	111	1	0.0	0.0	0.0	0.0	1	1.0158742905970217	-2.0707434847572084	230.0	13	1.05	0.95				
	112	1	0.0	0.0	0.0	0.0	1	1.0183305168610555	-1.2857944412310518	230.0	13	1.05	0.95				
	113	3	217.56618013333332	44.334240480000005	0.0	0.0	1	1.02013363243257	5.967166917031763e-29	230.0	14	1.05	0.95				
	114	2	159.27486394666667	32.01917368	0.0	0.0	1	1.0189772398765213	0.0953697490835139	230.0	16	1.05	0.95				
	115	2	260.25841170666666	52.54428501333334	0.0	0.0	1	1.0437511691344843	8.690827745577375	230.0	16	1.05	0.95				
	116	2	82.10044533333334	16.42008906666667	0.0	0.0	1	1.0433150825084696	8.133727923165626	230.0	16	1.05	0.95				
	117	1	0.0	0.0	0.0	0.0	1	1.0469567019222243	11.735556854656155	230.0	17	1.05	0.95				
	118	2	273.39448296000006	55.82830282666668	0.0	0.0	1	1.049999192542797	12.465571722937609	230.0	17	1.05	0.95				
	119	1	148.60180605333335	30.377164773333337	0.0	0.0	1	1.0380005971262072	6.436217369671146	230.0	15	1.05	0.95				
	120	1	105.08857002666667	21.34611578666667	0.0	0.0	1	1.040797640334954	6.3635885680996935	230.0	15	1.05	0.95				
	121	2	0.0	0.0	0.0	0.0	1	1.05	13.290212117727721	230.0	17	1.05	0.95				
	122	2	0.0	0.0	0.0	0.0	1	1.05	20.868584752101118	230.0	17	1.05	0.95				
	123	2	0.0	0.0	0.0	0.0	1	1.0446745759911151	6.9262289230164225	230.0	15	1.05	0.95				
	124	1	0.0	0.0	0.0	0.0	1	1.020312627723367	4.418174075499162	230.0	16	1.05	0.95				
	201	2	105.45002359578947	21.480560362105262	0.0	0.0	2	1.05	-19.368245845362555	138.0	21	1.05	0.95				
	202	2	94.70974341473683	19.527782147368423	0.0	0.0	2	1.05	-19.44845819826677	138.0	22	1.05	0.95				
	203	1	175.7500393263158	36.126396972631575	0.0	0.0	2	1.0153394715182138	-13.966892710656595	138.0	21	1.05	0.95				
	204	1	72.25279394526315	14.645836610526313	0.0	0.0	2	1.0133618342188457	-20.817030668614528	138.0	21	1.05	0.95				
	205	1	69.32362662315789	13.669447503157894	0.0	0.0	2	1.0325474685146345	-21.494067709882284	138.0	21	1.05	0.95				
	206	1	132.78891860210527	27.338895006315788	0.0	-100.0	2	1.0262996264567568	-23.608767168477357	138.0	22	1.05	0.95				
	207	2	122.04863842105263	24.409727684210523	0.0	0.0	2	0.9513900093486992	-31.18411907034326	138.0	22	1.05	0.95				
	208	1	166.96253736	34.17361875789473	0.0	0.0	2	0.95	-29.352382529412836	138.0	22	1.05	0.95				
	209	1	170.86809378947368	35.150007865263156	0.0	0.0	2	1.015883767587006	-17.964467729496103	138.0	23	1.05	0.95				
	210	1	190.3958759368421	39.05556429473685	0.0	0.0	2	1.0402044264400705	-20.59686784691917	138.0	23	1.05	0.95				
	211	1	0.0	0.0	0.0	0.0	2	1.0271172204030128	-12.002885181238726	230.0	23	1.05	0.95				
	212	1	0.0	0.0	0.0	0.0	2	1.0157056793520098	-10.44096544123207	230.0	23	1.05	0.95				
	213	2	258.7431134526315	52.72501179789474	0.0	0.0	2	1.05	-7.299777962553779	230.0	24	1.05	0.95				
	214	2	189.41948682947367	38.07917518736842	0.0	0.0	2	1.05	-9.25519439777087	230.0	26	1.05	0.95				
	215	2	309.5153470357895	62.488902871578944	0.0	0.0	2	1.0414272662573578	1.3207650681425864	230.0	26	1.05	0.95				
	216	2	97.63891073684209	19.527782147368423	0.0	0.0	2	1.0455367480011926	0.7479730683777064	230.0	26	1.05	0.95				
	217	1	0.0	0.0	0.0	0.0	2	1.048251764127948	4.366826766082189	230.0	27	1.05	0.95				
	218	2	325.1375727536842	66.39445930105263	0.0	0.0	2	1.05	4.885324803064348	230.0	27	1.05	0.95				
	219	1	176.7264284336842	36.126396972631575	0.0	0.0	2	1.0397530400383457	0.0776260582534214	230.0	25	1.05	0.95				
	220	1	124.97780574315789	25.386116791578946	0.0	0.0	2	1.044056928043357	1.3261371758970926	230.0	25	1.05	0.95				
	221	2	0.0	0.0	0.0	0.0	2	1.05	5.59376488871605	230.0	27	1.05	0.95				
	222	2	0.0	0.0	0.0	0.0	2	1.05	11.624116513141624	230.0	27	1.05	0.95				
	223	2	0.0	0.0	0.0	0.0	2	1.05	2.7152571907414473	230.0	25	1.05	0.95				
	224	1	0.0	0.0	0.0	0.0	2	1.0118473505047805	-4.330841043457813	230.0	26	1.05	0.95				
	301	2	80.68396077473685	16.435621639298244	0.0	0.0	3	1.0118060391084631	-9.056227265587866	138.0	31	1.05	0.95				
	302	2	72.46614995508772	14.94147421754386	0.0	0.0	3	1.0103810564082862	-9.344369819440827	138.0	32	1.05	0.95				
	303	1	134.47326795789473	27.641727302456143	0.0	0.0	3	1.0424270503657163	3.2927675224997732	138.0	31	1.05	0.95				
	304	1	55.283454604912286	11.206105663157896	0.0	0.0	3	1.0051024845215755	-7.186824323157495	138.0	31	1.05	0.95				
	305	1	53.0422334722807	10.459031952280704	0.0	0.0	3	1.0204730875686896	-8.322449878783203	138.0	31	1.05	0.95				
	306	1	101.60202467929827	20.918063904561407	0.0	-100.0	3	1.0313822188321742	-8.719864737953763	138.0	32	1.05	0.95				
	307	2	93.38421385964912	18.676842771929824	0.0	0.0	3	1.004312425077197	-10.570133088384825	138.0	32	1.05	0.95				
	308	1	127.74960456	26.147579880701755	0.0	0.0	3	1.0003445269465532	-9.489592757464715	138.0	32	1.05	0.95				
	309	1	130.73789940350878	26.894653591578948	0.0	0.0	3	1.0281836354125204	-2.3787392476904388	138.0	33	1.05	0.95				
	310	1	145.67937362105263	29.88294843508772	0.0	0.0	3	1.05	-5.192179582661356	138.0	33	1.05	0.95				
	311	1	0.0	0.0	0.0	0.0	3	1.0205677449381865	1.861713076039838	230.0	33	1.05	0.95				
	312	1	0.0	0.0	0.0	0.0	3	1.02181994509064	2.613591320478424	230.0	33	1.05	0.95				
	313	2	197.97453338245614	40.34198038736842	0.0	0.0	3	1.034496637120476	7.018800230509081	230.0	34	1.05	0.95				
	314	2	144.93229991017543	29.135874724210524	0.0	0.0	3	1.0277410975167898	2.914002241574141	230.0	36	1.05	0.95				
	315	2	236.8223663480702	47.81271749614035	0.0	0.0	3	1.0464553461803006	4.945691553471334	230.0	36	1.05	0.95				
	316	2	74.7073710877193	14.94147421754386	0.0	0.0	3	1.043094019591986	4.99200630160962	230.0	36	1.05	0.95				
	317	1	0.0	0.0	0.0	0.0	3	1.0476325410403775	6.541970997962737	230.0	37	1.05	0.95				
	318	2	248.77554572210525	50.801012339649134	0.0	0.0	3	1.0475096552467273	5.992558505124735	230.0	37	1.05	0.95				
	319	1	135.22034166877194	27.641727302456143	0.0	0.0	3	1.038170635203932	5.115865955278919	230.0	35	1.05	0.95				
	320	1	95.6254349922807	19.42391648280702	0.0	0.0	3	1.0380079140754983	5.637623059454128	230.0	35	1.05	0.95				
	321	2	0.0	0.0	0.0	0.0	3	1.05	7.588635264751853	230.0	37	1.05	0.95				
	322	2	0.0	0.0	0.0	0.0	3	1.05	12.953124921027305	230.0	37	1.05	0.95				
	323	2	0.0	0.0	0.0	0.0	3	1.0390542881952631	6.0964249550425045	230.0	35	1.05	0.95				
	324	1	0.0	0.0	0.0	0.0	3	1.0420269775866733	5.789003901428954	230.0	36	1.05	0.95				
	325	1	0.0	0.0	0.0	0.0	3	1.0389594556516226	6.705725374967099	230.0	35	1.05	0.95				
];

%% generator data
%    bus    Pg    Qg    Qmax    Qmin    Vg    mBase    status    Pmax    Pmin    Pc1    Pc2    Qc1min    Qc1max    Qc2min    Qc2max    ramp_agc    ramp_10    ramp_30    ramp_q    apf
