%% MATPOWER Case Format : Version 2
function mpc = RTS_GMLC
mpc.version = '2';

%%-----  Power Flow Data  -----%%
%% system MVA base
mpc.baseMVA = 100.0;
%% bus data
%    bus_i    type    Pd    Qd    Gs    Bs    area    Vm    Va    baseKV    zone    Vmax    Vmin
mpc.bus = [
	101	2	69.2835229894737	14.11331023859649	0.0	0.0	1	1.032771673455601	0.4121305857098639	138.0	11	1.05	0.95				
	102	2	62.22686787017544	12.83028203508772	0.0	0.0	1	1.0328042395889248	0.3705441551731353	138.0	12	1.05	0.95				
	103	1	115.47253831578948	23.73602176491228	0.0	0.0	1	1.0229802334075848	-1.0267839794114657	138.0	11	1.05	0.95				
	104	1	47.47204352982456	9.622711526315788	0.0	0.0	1	1.017982217603466	-2.7798911859319357	138.0	11	1.05	0.95				
	105	1	45.5475012245614	8.981197424561405	0.0	0.0	1	1.0327278800662933	-2.7090739119079243	138.0	11	1.05	0.95				
	106	1	87.2459178385965	17.96239484912281	0.0	-100.0	1	1.039282606823605	-5.043142630754371	138.0	12	1.05	0.95				
	107	2	80.18926271929826	16.03785254385965	0.0	0.0	1	1.0473336371579856	-0.890055670901139	138.0	12	1.05	0.95				
	108	1	109.69891139999999	22.452993561403506	0.0	0.0	1	1.0270000185427068	-3.8896618436571178	138.0	12	1.05	0.95				
	109	1	112.26496780701754	23.09450766315789	0.0	0.0	1	1.0262731556733156	-2.7621515700818167	138.0	13	1.05	0.95				
	110	1	125.09524984210525	25.66056407017544	0.0	0.0	1	1.05	-3.8489196384968376	138.0	13	1.05	0.95				
	111	1	0.0	0.0	0.0	0.0	1	1.0095593856971092	-0.724165916936962	230.0	13	1.05	0.95				
	112	1	0.0	0.0	0.0	0.0	1	1.0135153168612734	0.03544593148601482	230.0	13	1.05	0.95				
	113	3	170.00123696491227	34.64176149473685	0.0	0.0	1	1.0064220491447142	-3.7046798694668014e-33	230.0	14	1.05	0.95				
	114	2	124.45373574035088	25.019049968421054	0.0	0.0	1	1.008659788163532	1.3121539802086386	230.0	16	1.05	0.95				
	115	2	203.35997025614034	41.0569025122807	0.0	0.0	1	1.0425685334586383	8.394494088522341	230.0	16	1.05	0.95				
	116	2	64.1514101754386	12.83028203508772	0.0	0.0	1	1.0396816258821386	8.011826129108169	230.0	16	1.05	0.95				
	117	1	0.0	0.0	0.0	0.0	1	1.045746920740568	10.735915842490677	230.0	17	1.05	0.95				
	118	2	213.62419588421054	43.62295891929825	0.0	0.0	1	1.0485188304049873	11.263756841703477	230.0	17	1.05	0.95				
	119	1	116.11405241754386	23.73602176491228	0.0	0.0	1	1.0337966554932416	6.924291372203028	230.0	15	1.05	0.95				
	120	1	82.1138050245614	16.679366645614035	0.0	0.0	1	1.0341266507829068	7.200970247796992	230.0	15	1.05	0.95				
	121	2	0.0	0.0	0.0	0.0	1	1.05	11.63587737073347	230.0	17	1.05	0.95				
	122	2	0.0	0.0	0.0	0.0	1	1.05	17.80063338179822	230.0	17	1.05	0.95				
	123	2	0.0	0.0	0.0	0.0	1	1.035906750223541	7.833728333871454	230.0	15	1.05	0.95				
	124	1	0.0	0.0	0.0	0.0	1	1.0234050527574574	4.899929698468138	230.0	16	1.05	0.95				
	201	2	71.28033999157896	14.520069257543861	0.0	0.0	2	1.03413384469689	-8.640933860788174	138.0	21	1.05	0.95				
	202	2	64.02030536280702	13.20006296140351	0.0	0.0	2	1.034223176420865	-8.736328824837365	138.0	22	1.05	0.95				
	203	1	118.80056665263159	24.420116478596494	0.0	0.0	2	1.0274723377926487	-5.680220667170964	138.0	21	1.05	0.95				
	204	1	48.84023295719299	9.900047221052631	0.0	0.0	2	1.0180078824886787	-10.696088703645717	138.0	21	1.05	0.95				
	205	1	46.86022351298246	9.240044072982458	0.0	0.0	2	1.0335518880518846	-11.087289886073487	138.0	21	1.05	0.95				
	206	1	89.76042813754387	18.480088145964917	0.0	-100.0	2	1.0395288485006813	-13.083811477229965	138.0	22	1.05	0.95				
	207	2	82.50039350877194	16.500078701754386	0.0	0.0	2	0.9797671714200211	-22.94894828019848	138.0	22	1.05	0.95				
	208	1	112.86053832	23.10011018245614	0.0	0.0	2	0.9808897060166131	-19.73408694666393	138.0	22	1.05	0.95				
	209	1	115.50055091228072	23.760113330526316	0.0	0.0	2	1.025195932641042	-9.625340365512713	138.0	23	1.05	0.95				
	210	1	128.7006138736842	26.40012592280702	0.0	0.0	2	1.05	-11.487118370833127	138.0	23	1.05	0.95				
	211	1	0.0	0.0	0.0	0.0	2	1.019762138511029	-5.640949369787356	230.0	23	1.05	0.95				
	212	1	0.0	0.0	0.0	0.0	2	1.0179147203436052	-4.773157475443742	230.0	23	1.05	0.95				
	213	2	174.90083423859647	35.64016999578948	0.0	0.0	2	1.0242047740905673	-3.2587532708010634	230.0	24	1.05	0.95				
	214	2	128.04061072561404	25.740122774736847	0.0	0.0	2	1.0311225175334824	-2.868813718816861	230.0	26	1.05	0.95				
	215	2	209.2209979382456	42.24020147649123	0.0	0.0	2	1.0429266499176892	5.137575016780078	230.0	26	1.05	0.95				
	216	2	66.00031480701755	13.20006296140351	0.0	0.0	2	1.0455648214180315	5.064204137545011	230.0	26	1.05	0.95				
	217	1	0.0	0.0	0.0	0.0	2	1.0474234648977232	8.334411987107655	230.0	27	1.05	0.95				
	218	2	219.78104830736842	44.880214068771934	0.0	0.0	2	1.04978824134184	9.240111256676785	230.0	27	1.05	0.95				
	219	1	119.46056980070176	24.420116478596494	0.0	0.0	2	1.0430861026798892	4.1196350595244	230.0	25	1.05	0.95				
	220	1	84.48040295298246	17.160081849824564	0.0	0.0	2	1.0464662362878507	4.536398687397186	230.0	25	1.05	0.95				
	221	2	0.0	0.0	0.0	0.0	2	1.05	9.586281057774718	230.0	27	1.05	0.95				
	222	2	0.0	0.0	0.0	0.0	2	1.05	15.606741907571434	230.0	27	1.05	0.95				
	223	2	0.0	0.0	0.0	0.0	2	1.05	5.24549725078679	230.0	25	1.05	0.95				
	224	1	0.0	0.0	0.0	0.0	2	1.0236156486538388	1.10435676594135	230.0	26	1.05	0.95				
	301	2	54.017083212631576	11.00347991368421	0.0	0.0	3	1.0100294393282783	-18.534235696964082	138.0	31	1.05	0.95				
	302	2	48.515343255789475	10.003163557894737	0.0	0.0	3	1.0092064221637185	-18.7205821079974	138.0	32	1.05	0.95				
	303	1	90.02847202105264	18.505852582105263	0.0	0.0	3	1.033786693920686	-10.218906815908936	138.0	31	1.05	0.95				
	304	1	37.011705164210525	7.502372668421052	0.0	0.0	3	1.0100748034107694	-17.161483484516193	138.0	31	1.05	0.95				
	305	1	35.51123063052631	7.002214490526317	0.0	0.0	3	1.0235349029672	-18.25914919645864	138.0	31	1.05	0.95				
	306	1	68.0215121936842	14.004428981052634	0.0	-100.0	3	1.0386623644822928	-18.68267808806481	138.0	32	1.05	0.95				
	307	2	62.51977223684211	12.50395444736842	0.0	0.0	3	0.992495242229641	-24.212888669422473	138.0	32	1.05	0.95				
	308	1	85.52704842	17.505536226315787	0.0	0.0	3	0.9963336359261649	-21.896128063495464	138.0	32	1.05	0.95				
	309	1	87.52768113157894	18.005694404210526	0.0	0.0	3	1.0271695416745101	-13.844446334349874	138.0	33	1.05	0.95				
	310	1	97.53084468947367	20.006327115789475	0.0	0.0	3	1.05	-16.37616352385515	138.0	33	1.05	0.95				
	311	1	0.0	0.0	0.0	0.0	3	1.0129142739588608	-10.03275465587798	230.0	33	1.05	0.95				
	312	1	0.0	0.0	0.0	0.0	3	1.0138330359639132	-9.659834258288095	230.0	33	1.05	0.95				
	313	2	132.54191714210526	27.008541606315788	0.0	0.0	3	1.0147452528562355	-6.737275003914935	230.0	34	1.05	0.95				
	314	2	97.03068651157895	19.506168937894735	0.0	0.0	3	1.0197739074465675	-7.793404211846682	230.0	36	1.05	0.95				
	315	2	158.55014239263156	32.01012338526316	0.0	0.0	3	1.0440328857524142	-1.815069563056267	230.0	36	1.05	0.95				
	316	2	50.01581778947368	10.003163557894737	0.0	0.0	3	1.0425141866061545	-1.647905953365154	230.0	36	1.05	0.95				
	317	1	0.0	0.0	0.0	0.0	3	1.0461828994983933	0.42395075127304943	230.0	37	1.05	0.95				
	318	2	166.55267323894736	34.0107560968421	0.0	0.0	3	1.0470710251027493	0.6898933134852006	230.0	37	1.05	0.95				
	319	1	90.52863019894737	18.505852582105263	0.0	0.0	3	1.0367701456185003	-2.9919142252607522	230.0	35	1.05	0.95				
	320	1	64.02024677052631	13.00411262526316	0.0	0.0	3	1.035673094438886	-3.2119597012433982	230.0	35	1.05	0.95				
	321	2	0.0	0.0	0.0	0.0	3	1.0493460646864854	1.5037407549214905	230.0	37	1.05	0.95				
	322	2	0.0	0.0	0.0	0.0	3	1.05	6.853762937834081	230.0	37	1.05	0.95				
	323	2	0.0	0.0	0.0	0.0	3	1.03589769513304	-2.9561259296214737	230.0	35	1.05	0.95				
	324	1	0.0	0.0	0.0	0.0	3	1.0294974551945255	-4.960352083348788	230.0	36	1.05	0.95				
	325	1	0.0	0.0	0.0	0.0	3	1.0328288662061558	-1.7357117379466038	230.0	35	1.05	0.95				
];
