%% MATPOWER Case Format : Version 2
function mpc = RTS_GMLC
mpc.version = '2';

%%-----  Power Flow Data  -----%%
%% system MVA base
mpc.baseMVA = 100.0;
%% bus data
%    bus_i    type    Pd    Qd    Gs    Bs    area    Vm    Va    baseKV    zone    Vmax    Vmin
mpc.bus = [
	101	2	79.77090550736844	16.249628899649128	0.0	0.0	1	1.0476659762526974	-1.1330448483833293	138.0	11	1.05	0.95				
	102	2	71.64609105754387	14.772389908771933	0.0	0.0	1	1.0464174233256673	-1.5497778053858906	138.0	12	1.05	0.95				
	103	1	132.9515091789474	27.328921331228074	0.0	0.0	1	1.0268233157968136	-0.9795634048641133	138.0	11	1.05	0.95				
	104	1	54.65784266245615	11.07929243157895	0.0	0.0	1	1.0245515325103554	-4.6535755555360225	138.0	11	1.05	0.95				
	105	1	52.44198417614035	10.340672936140354	0.0	0.0	1	1.038333164140846	-5.196758175215576	138.0	11	1.05	0.95				
	106	1	100.45225137964916	20.68134587228071	0.0	-100.0	1	1.039212884340105	-8.23462093187454	138.0	12	1.05	0.95				
	107	2	92.32743692982459	18.465487385964916	0.0	0.0	1	1.0014432970614506	-15.885892518820231	138.0	12	1.05	0.95				
	108	1	126.30393372000002	25.85168234035088	0.0	0.0	1	0.9934933665428972	-14.098441468047394	138.0	12	1.05	0.95				
	109	1	129.2584117017544	26.590301835789475	0.0	0.0	1	1.0254526859404205	-5.310520823506215	138.0	13	1.05	0.95				
	110	1	144.03080161052634	29.544779817543866	0.0	0.0	1	1.05	-7.0621437612327105	138.0	13	1.05	0.95				
	111	1	0.0	0.0	0.0	0.0	1	1.01808989401237	-1.8656100303286804	230.0	13	1.05	0.95				
	112	1	0.0	0.0	0.0	0.0	1	1.0177997464818014	-1.6141628907742485	230.0	13	1.05	0.95				
	113	3	195.73416629122812	39.88545275368422	0.0	0.0	1	1.0200797078114832	4.752733672314836e-30	230.0	14	1.05	0.95				
	114	2	143.29218211508774	28.806160322105267	0.0	0.0	1	1.0274871256708633	0.8002177254080409	230.0	16	1.05	0.95				
	115	2	234.14238005403513	47.271647708070184	0.0	0.0	1	1.0415235809917525	10.135993452977818	230.0	16	1.05	0.95				
	116	2	73.86194954385967	14.772389908771933	0.0	0.0	1	1.0417783867252675	9.100310384258155	230.0	16	1.05	0.95				
	117	1	0.0	0.0	0.0	0.0	1	1.0454949151635786	13.568287231071091	230.0	17	1.05	0.95				
	118	2	245.96029198105268	50.22612568982458	0.0	0.0	1	1.0499999777348525	14.519712684376916	230.0	17	1.05	0.95				
	119	1	133.690128674386	27.328921331228074	0.0	0.0	1	1.0361554203752545	6.772868403384068	230.0	15	1.05	0.95				
	120	1	94.54329541614037	19.20410688140351	0.0	0.0	1	1.0375670849259253	5.65191842716685	230.0	15	1.05	0.95				
	121	2	0.0	0.0	0.0	0.0	1	1.05	16.6417556353449	230.0	17	1.05	0.95				
	122	2	0.0	0.0	0.0	0.0	1	1.05	24.508355312867884	230.0	17	1.05	0.95				
	123	2	0.0	0.0	0.0	0.0	1	1.0402602457241321	5.5842919294835145	230.0	15	1.05	0.95				
	124	1	0.0	0.0	0.0	0.0	1	1.022133649475388	5.988254639156743	230.0	16	1.05	0.95				
	201	2	76.26129389052632	15.534708014736843	0.0	0.0	2	1.0302208679805216	-12.801621493103745	138.0	21	1.05	0.95				
	202	2	68.49393988315789	14.122461831578947	0.0	0.0	2	1.0313334465093422	-12.587784577016484	138.0	22	1.05	0.95				
	203	1	127.10215648421052	26.126554388421052	0.0	0.0	2	1.0151312965453947	-11.372339941761814	138.0	21	1.05	0.95				
	204	1	52.253108776842105	10.591846373684211	0.0	0.0	2	1.015899910327889	-12.99809754874642	138.0	21	1.05	0.95				
	205	1	50.13473950210526	9.885723282105264	0.0	0.0	2	1.031122710878644	-13.41184957155489	138.0	21	1.05	0.95				
	206	1	96.03274045473685	19.771446564210528	0.0	-100.0	2	1.037983985715188	-14.374886185512306	138.0	22	1.05	0.95				
	207	2	88.26538644736843	17.653077289473686	0.0	0.0	2	0.9696667098021728	-24.4621999016832	138.0	22	1.05	0.95				
	208	1	120.74704865999999	24.714308205263155	0.0	0.0	2	0.9727201922309393	-20.983901380856697	138.0	22	1.05	0.95				
	209	1	123.5715410263158	25.420431296842104	0.0	0.0	2	1.0257490883176277	-10.45700284782633	138.0	23	1.05	0.95				
	210	1	137.69400285789473	28.244923663157895	0.0	0.0	2	1.05	-11.787138679459751	138.0	23	1.05	0.95				
	211	1	0.0	0.0	0.0	0.0	2	1.0253508603969885	-6.268571948627152	230.0	23	1.05	0.95				
	212	1	0.0	0.0	0.0	0.0	2	1.0220893083207205	-0.6000762618508122	230.0	23	1.05	0.95				
	213	2	187.12261926842103	38.13064694526316	0.0	0.0	2	1.036432591944014	-2.7130601376686454	230.0	24	1.05	0.95				
	214	2	136.98787976631579	27.538800571578946	0.0	0.0	2	1.0362273394516859	-4.652820909871787	230.0	26	1.05	0.95				
	215	2	223.8410200305263	45.19187786105263	0.0	0.0	2	1.042027713036131	1.491608775028721	230.0	26	1.05	0.95				
	216	2	70.61230915789474	14.122461831578947	0.0	0.0	2	1.0433684028281294	1.9931826428959334	230.0	26	1.05	0.95				
	217	1	0.0	0.0	0.0	0.0	2	1.044742612866962	3.501271544147997	230.0	27	1.05	0.95				
	218	2	235.13898949578947	48.01637022736843	0.0	0.0	2	1.04369014940466	3.0876515027506626	230.0	27	1.05	0.95				
	219	1	127.80827957578948	26.126554388421052	0.0	0.0	2	1.03984283453378	3.7161699905628605	230.0	25	1.05	0.95				
	220	1	90.38375572210526	18.35920038105263	0.0	0.0	2	1.0441754021926488	6.542098328159336	230.0	25	1.05	0.95				
	221	2	0.0	0.0	0.0	0.0	2	1.0448226999511636	3.3428424510232064	230.0	27	1.05	0.95				
	222	2	0.0	0.0	0.0	0.0	2	1.05	9.912725626666665	230.0	27	1.05	0.95				
	223	2	0.0	0.0	0.0	0.0	2	1.05	8.597615499040138	230.0	25	1.05	0.95				
	224	1	0.0	0.0	0.0	0.0	2	1.0157430699202794	-3.256918903742933	230.0	26	1.05	0.95				
	301	2	70.67320469052632	14.396393548070174	0.0	0.0	3	1.0005068152913719	16.29008480806526	138.0	31	1.05	0.95				
	302	2	63.47500791649122	13.087630498245614	0.0	0.0	3	1.0022665286746144	16.214456566962866	138.0	32	1.05	0.95				
	303	1	117.7886744842105	24.212116421754384	0.0	0.0	3	1.017782283427915	20.2567851781656	138.0	31	1.05	0.95				
	304	1	48.42423284350877	9.815722873684209	0.0	0.0	3	1.0032747659991836	18.600766672519715	138.0	31	1.05	0.95				
	305	1	46.461088268771924	9.16134134877193	0.0	0.0	3	1.0150544332970677	18.347051269555624	138.0	31	1.05	0.95				
	306	1	88.99588738807017	18.32268269754386	0.0	-100.0	3	1.0317539276815244	18.769635462663043	138.0	32	1.05	0.95				
	307	2	81.79769061403508	16.359538122807017	0.0	0.0	3	0.9849531677093687	15.008920319222522	138.0	32	1.05	0.95				
	308	1	111.89924076	22.90335337192982	0.0	0.0	3	0.9968332504328743	17.96318037035133	138.0	32	1.05	0.95				
	309	1	114.51676685964911	23.557734896842103	0.0	0.0	3	1.0280980090983465	23.2071802346992	138.0	33	1.05	0.95				
	310	1	127.60439735789473	26.17526099649123	0.0	0.0	3	1.05	22.49322984284817	138.0	33	1.05	0.95				
	311	1	0.0	0.0	0.0	0.0	3	1.0168588476126952	29.379430106549858	230.0	33	1.05	0.95				
	312	1	0.0	0.0	0.0	0.0	3	1.0238995675856903	30.29131356347253	230.0	33	1.05	0.95				
	313	2	173.41110410175435	35.33660234526316	0.0	0.0	3	1.0451148546978775	37.812564731663535	230.0	34	1.05	0.95				
	314	2	126.95001583298244	25.520879471578944	0.0	0.0	3	1.0171624159052821	28.344755310247752	230.0	36	1.05	0.95				
	315	2	207.43894339719296	41.88041759438596	0.0	0.0	3	1.0394947506849408	23.874333980510052	230.0	36	1.05	0.95				
	316	2	65.43815249122807	13.087630498245614	0.0	0.0	3	1.039872287717457	25.238987785406003	230.0	36	1.05	0.95				
	317	1	0.0	0.0	0.0	0.0	3	1.05	26.53714298546829	230.0	37	1.05	0.95				
	318	2	217.90904779578946	44.49794369403509	0.0	0.0	3	1.0468464267116744	23.649860271631148	230.0	37	1.05	0.95				
	319	1	118.4430560091228	24.212116421754384	0.0	0.0	3	1.0406133740598944	26.7729397882046	230.0	35	1.05	0.95				
	320	1	83.76083518877192	17.013919647719298	0.0	0.0	3	1.0436200582424473	27.888903162501762	230.0	35	1.05	0.95				
	321	2	0.0	0.0	0.0	0.0	3	1.0451753398987116	24.369832929180838	230.0	37	1.05	0.95				
	322	2	0.0	0.0	0.0	0.0	3	1.05	29.562057822561453	230.0	37	1.05	0.95				
	323	2	0.0	0.0	0.0	0.0	3	1.044867595801546	28.110689523191482	230.0	35	1.05	0.95				
	324	1	0.0	0.0	0.0	0.0	3	1.0275845248149948	24.45675358244191	230.0	36	1.05	0.95				
	325	1	0.0	0.0	0.0	0.0	3	1.046546532925836	27.142911218926862	230.0	35	1.05	0.95				
];
