%% MATPOWER Case Format : Version 2
function mpc = RTS_GMLC
mpc.version = '2';

%%-----  Power Flow Data  -----%%
%% system MVA base
mpc.baseMVA = 100.0;
%% bus data
%    bus_i    type    Pd    Qd    Gs    Bs    area    Vm    Va    baseKV    zone    Vmax    Vmin
mpc.bus = [
	101	2	98.30084115789474	20.02424542105263	0.0	0.0	1	1.044661000668171	-4.183753849597798	138.0	11	1.05	0.95				
	102	2	88.28871844736842	18.20385947368421	0.0	0.0	1	1.0446122601335224	-4.281323986468181	138.0	12	1.05	0.95				
	103	1	163.83473526315788	33.67714002631579	0.0	0.0	1	1.0198339660775537	-5.221782213623208	138.0	11	1.05	0.95				
	104	1	67.35428005263158	13.652894605263159	0.0	0.0	1	1.0212300305918955	-7.32587983002917	138.0	11	1.05	0.95				
	105	1	64.62370113157894	12.742701631578948	0.0	0.0	1	1.0349185087618138	-7.806571656683467	138.0	11	1.05	0.95				
	106	1	123.78624442105264	25.485403263157895	0.0	-100.0	1	1.0339363384635272	-10.661994019069388	138.0	12	1.05	0.95				
	107	2	113.77412171052632	22.754824342105263	0.0	0.0	1	1.05	-7.54452492603156	138.0	12	1.05	0.95				
	108	1	155.64299849999998	31.856754078947365	0.0	0.0	1	1.0209668664142897	-10.478717521387795	138.0	12	1.05	0.95				
	109	1	159.28377039473682	32.76694705263158	0.0	0.0	1	1.0277933635004741	-7.034429633676236	138.0	13	1.05	0.95				
	110	1	177.48762986842104	36.40771894736842	0.0	0.0	1	1.05	-8.662520505129475	138.0	13	1.05	0.95				
	111	1	0.0	0.0	0.0	0.0	1	1.0193822682918736	-3.431518117441412	230.0	13	1.05	0.95				
	112	1	0.0	0.0	0.0	0.0	1	1.020385958085395	-2.2368247487933175	230.0	13	1.05	0.95				
	113	3	241.20113802631576	49.15042057894737	0.0	0.0	1	1.0275681754820774	1.8969254954710906e-27	230.0	14	1.05	0.95				
	114	2	176.57743689473685	35.497525973684205	0.0	0.0	1	1.0242655484036032	-2.0467494482746673	230.0	16	1.05	0.95				
	115	2	288.5311726578947	58.25235031578947	0.0	0.0	1	1.0440435150817153	5.744899642944955	230.0	16	1.05	0.95				
	116	2	91.01929736842105	18.20385947368421	0.0	0.0	1	1.044799369106789	5.470854385648831	230.0	16	1.05	0.95				
	117	1	0.0	0.0	0.0	0.0	1	1.0477967885721293	8.62209640113943	230.0	17	1.05	0.95				
	118	2	303.0942602368421	61.89312221052632	0.0	0.0	1	1.0497205981619495	9.30902518293122	230.0	17	1.05	0.95				
	119	1	164.7449282368421	33.67714002631579	0.0	0.0	1	1.0396409400968065	4.487511871890578	230.0	15	1.05	0.95				
	120	1	116.50470063157894	23.665017315789473	0.0	0.0	1	1.04286367104112	5.0083051379284695	230.0	15	1.05	0.95				
	121	2	0.0	0.0	0.0	0.0	1	1.05	10.193717297070544	230.0	17	1.05	0.95				
	122	2	0.0	0.0	0.0	0.0	1	1.05	16.281449426928944	230.0	17	1.05	0.95				
	123	2	0.0	0.0	0.0	0.0	1	1.0475559696385541	5.956465877254201	230.0	15	1.05	0.95				
	124	1	0.0	0.0	0.0	0.0	1	1.0212614130571511	1.6906869890640264	230.0	16	1.05	0.95				
	201	2	103.22304423157895	21.02691641754386	0.0	0.0	2	1.05	-15.20061073651885	138.0	21	1.05	0.95				
	202	2	92.70958602280702	19.11537856140351	0.0	0.0	2	1.05	-15.237040859571932	138.0	22	1.05	0.95				
	203	1	172.03840705263158	35.36345033859649	0.0	0.0	2	1.0206886158730923	-11.462325864047651	138.0	21	1.05	0.95				
	204	1	70.72690067719299	14.33653392105263	0.0	0.0	2	1.0162176130228462	-16.593808413885434	138.0	21	1.05	0.95				
	205	1	67.85959389298245	13.380764992982458	0.0	0.0	2	1.034296947166089	-17.128965601685717	138.0	21	1.05	0.95				
	206	1	129.98457421754387	26.761529985964916	0.0	-100.0	2	1.029268175376657	-19.09959200812469	138.0	22	1.05	0.95				
	207	2	119.47111600877194	23.894223201754386	0.0	0.0	2	0.95	-27.75571205963624	138.0	22	1.05	0.95				
	208	1	163.4364867	33.45191248245614	0.0	0.0	2	0.9506421971859164	-25.44045295539166	138.0	22	1.05	0.95				
	209	1	167.2595624122807	34.407681410526315	0.0	0.0	2	1.0201677923173695	-13.837402661983402	138.0	23	1.05	0.95				
	210	1	186.3749409736842	38.23075712280702	0.0	0.0	2	1.0430630366964273	-16.098682335100243	138.0	23	1.05	0.95				
	211	1	0.0	0.0	0.0	0.0	2	1.0290018931289482	-8.197939243585935	230.0	23	1.05	0.95				
	212	1	0.0	0.0	0.0	0.0	2	1.0205133561239212	-5.083995494500609	230.0	23	1.05	0.95				
	213	2	253.27876593859648	51.61152211578948	0.0	0.0	2	1.05	-3.040721341117878	230.0	24	1.05	0.95				
	214	2	185.41917204561403	37.27498819473684	0.0	0.0	2	1.05	-6.29614313654228	230.0	26	1.05	0.95				
	215	2	302.9787501982456	61.16921139649123	0.0	0.0	2	1.0446981359338814	2.593689947258775	230.0	26	1.05	0.95				
	216	2	95.57689280701754	19.11537856140351	0.0	0.0	2	1.0482957674214823	2.334334488432245	230.0	26	1.05	0.95				
	217	1	0.0	0.0	0.0	0.0	2	1.0497177488961118	5.2866777392641175	230.0	27	1.05	0.95				
	218	2	318.2710530473684	64.99228710877193	0.0	0.0	2	1.05	5.8121924766064055	230.0	27	1.05	0.95				
	219	1	172.99417598070178	35.36345033859649	0.0	0.0	2	1.0414124415388986	2.12279026274945	230.0	25	1.05	0.95				
	220	1	122.33842279298246	24.849992129824564	0.0	0.0	2	1.0445704371248896	3.727871817251619	230.0	25	1.05	0.95				
	221	2	0.0	0.0	0.0	0.0	2	1.05	6.470158689765382	230.0	27	1.05	0.95				
	222	2	0.0	0.0	0.0	0.0	2	1.05	12.517776172248972	230.0	27	1.05	0.95				
	223	2	0.0	0.0	0.0	0.0	2	1.05	5.298105952306783	230.0	25	1.05	0.95				
	224	1	0.0	0.0	0.0	0.0	2	1.017716680732198	-2.611277424635735	230.0	26	1.05	0.95				
	301	2	78.49731096	15.99019297333333	0.0	0.0	3	1.0126566887797597	-10.25701454464691	138.0	31	1.05	0.95				
	302	2	70.50221447333332	14.536539066666665	0.0	0.0	3	1.0128216628586144	-10.492891643214238	138.0	32	1.05	0.95				
	303	1	130.8288516	26.89259727333333	0.0	0.0	3	1.0178134499124485	-4.682516473773944	138.0	31	1.05	0.95				
	304	1	53.78519454666666	10.902404299999999	0.0	0.0	3	1.0057683031426152	-8.548715995511778	138.0	31	1.05	0.95				
	305	1	51.604713686666656	10.175577346666666	0.0	0.0	3	1.0206747160175107	-8.783100339851892	138.0	31	1.05	0.95				
	306	1	98.84846565333334	20.35115469333333	0.0	-100.0	3	1.0323532385682292	-8.755418392374672	138.0	32	1.05	0.95				
	307	2	90.85336916666665	18.170673833333332	0.0	0.0	3	1.0070070095004082	-9.338539290359446	138.0	32	1.05	0.95				
	308	1	124.28740901999997	25.43894336666666	0.0	0.0	3	1.0066667969546104	-8.32393989241599	138.0	32	1.05	0.95				
	309	1	127.19471683333332	26.165770319999996	0.0	0.0	3	1.026188393857984	-3.984177860229371	138.0	33	1.05	0.95				
	310	1	141.73125589999998	29.07307813333333	0.0	0.0	3	1.05	-4.97620396470258	138.0	33	1.05	0.95				
	311	1	0.0	0.0	0.0	0.0	3	1.0160900793558318	1.9671057989380294	230.0	33	1.05	0.95				
	312	1	0.0	0.0	0.0	0.0	3	1.0186135981037039	2.6782134502157766	230.0	33	1.05	0.95				
	313	2	192.6091426333333	39.24865548	0.0	0.0	3	1.0321176086652533	7.8705096465158455	230.0	34	1.05	0.95				
	314	2	141.00442894666665	28.34625118	0.0	0.0	3	1.0216795999430484	3.16500194480455	230.0	36	1.05	0.95				
	315	2	230.40414420666661	46.51692501333333	0.0	0.0	3	1.0415795057282657	4.217867731878079	230.0	36	1.05	0.95				
	316	2	72.68269533333333	14.536539066666665	0.0	0.0	3	1.0378406101273783	4.073069702149739	230.0	36	1.05	0.95				
	317	1	0.0	0.0	0.0	0.0	3	1.0429889220444035	5.4855795929448705	230.0	37	1.05	0.95				
	318	2	242.03337545999997	49.42423282666667	0.0	0.0	3	1.043918284490184	5.362217065370574	230.0	37	1.05	0.95				
	319	1	131.5556785533333	26.89259727333333	0.0	0.0	3	1.031528195600138	3.585775781398006	230.0	35	1.05	0.95				
	320	1	93.03385002666666	18.897500786666665	0.0	0.0	3	1.032390818882281	4.530736934322776	230.0	35	1.05	0.95				
	321	2	0.0	0.0	0.0	0.0	3	1.0472549701632963	6.910972024625193	230.0	37	1.05	0.95				
	322	2	0.0	0.0	0.0	0.0	3	1.05	12.121390036535589	230.0	37	1.05	0.95				
	323	2	0.0	0.0	0.0	0.0	3	1.0338424997613411	5.123081648704269	230.0	35	1.05	0.95				
	324	1	0.0	0.0	0.0	0.0	3	1.0239433072902286	2.773388658673419	230.0	36	1.05	0.95				
	325	1	0.0	0.0	0.0	0.0	3	1.0348680314085734	5.56001613491582	230.0	35	1.05	0.95				
];

%% generator data
%    bus    Pg    Qg    Qmax    Qmin    Vg    mBase    status    Pmax    Pmin    Pc1    Pc2    Qc1min    Qc1max    Qc2min    Qc2max    ramp_agc    ramp_10    ramp_30    ramp_q    apf
