%% MATPOWER Case Format : Version 2
function mpc = RTS_GMLC
mpc.version = '2';

%%-----  Power Flow Data  -----%%
%% system MVA base
mpc.baseMVA = 100.0;
%% bus data
%    bus_i    type    Pd    Qd    Gs    Bs    area    Vm    Va    baseKV    zone    Vmax    Vmin
mpc.bus = [
	101	2	86.50420582736842	17.621227112982453	0.0	0.0	1	1.0302308992564004	-4.17183889515623	138.0	11	1.05	0.95				
	102	2	77.69359227087719	16.019297375438597	0.0	0.0	1	1.0302055441429427	-4.257714541038748	138.0	12	1.05	0.95				
	103	1	144.17367637894736	29.6357001445614	0.0	0.0	1	1.0150792958737527	-3.364807980992174	138.0	11	1.05	0.95				
	104	1	59.2714002891228	12.014473031578946	0.0	0.0	1	1.0137732874935181	-6.881315804044426	138.0	11	1.05	0.95				
	105	1	56.86850568280701	11.213508162807017	0.0	0.0	1	1.0294282556811833	-7.048867834172576	138.0	11	1.05	0.95				
	106	1	108.93122215298246	22.427016325614034	0.0	-100.0	1	1.0341380846148094	-9.38754402694949	138.0	12	1.05	0.95				
	107	2	100.12060859649121	20.024121719298243	0.0	0.0	1	1.05	-7.750390815439177	138.0	12	1.05	0.95				
	108	1	136.96499255999998	28.03377040701754	0.0	0.0	1	1.0239452962263298	-9.73103787406335	138.0	12	1.05	0.95				
	109	1	140.1688520350877	28.83473527578947	0.0	0.0	1	1.0262446232230042	-5.773788520786111	138.0	13	1.05	0.95				
	110	1	156.1881494105263	32.038594750877195	0.0	0.0	1	1.05	-7.425629046839683	138.0	13	1.05	0.95				
	111	1	0.0	0.0	0.0	0.0	1	1.0176499639458318	-2.0189673165643325	230.0	13	1.05	0.95				
	112	1	0.0	0.0	0.0	0.0	1	1.0182078973451287	-1.4405069559632413	230.0	13	1.05	0.95				
	113	3	212.25569022456136	43.25210291368421	0.0	0.0	1	1.0215987660186852	5.740470624339231e-27	230.0	14	1.05	0.95				
	114	2	155.38718454175438	31.23762988210526	0.0	0.0	1	1.0254976316523006	0.7759193092637725	230.0	16	1.05	0.95				
	115	2	253.90586340070175	51.2617516014035	0.0	0.0	1	1.042240192579423	10.316206945009622	230.0	16	1.05	0.95				
	116	2	80.09648687719297	16.019297375438597	0.0	0.0	1	1.0426017805078778	9.624286874623376	230.0	16	1.05	0.95				
	117	1	0.0	0.0	0.0	0.0	1	1.0452887431409361	13.947368016167085	230.0	17	1.05	0.95				
	118	2	266.7213013010526	54.46561107649123	0.0	0.0	1	1.05	14.549096127020437	230.0	17	1.05	0.95				
	119	1	144.9746412477193	29.6357001445614	0.0	0.0	1	1.0382977871812973	7.415794422429017	230.0	15	1.05	0.95				
	120	1	102.523503202807	20.825086588070175	0.0	0.0	1	1.04241083363997	7.0069534134935925	230.0	15	1.05	0.95				
	121	2	0.0	0.0	0.0	0.0	1	1.05	15.376437826424718	230.0	17	1.05	0.95				
	122	2	0.0	0.0	0.0	0.0	1	1.05	26.989723496602764	230.0	17	1.05	0.95				
	123	2	0.0	0.0	0.0	0.0	1	1.0468597001336275	7.36898883547208	230.0	15	1.05	0.95				
	124	1	0.0	0.0	0.0	0.0	1	1.0146857536664853	5.265542293259643	230.0	16	1.05	0.95				
	201	2	101.8120573136842	20.73949315649123	0.0	0.0	2	1.05	-18.347136152539647	138.0	21	1.05	0.95				
	202	2	91.44231073543861	18.8540846877193	0.0	0.0	2	1.05	-18.415667810042393	138.0	22	1.05	0.95				
	203	1	169.68676218947368	34.8800566722807	0.0	0.0	2	1.0179997901706792	-13.54506650792161	138.0	21	1.05	0.95				
	204	1	69.7601133445614	14.140563515789474	0.0	0.0	2	1.0152740204691801	-19.912276425564503	138.0	21	1.05	0.95				
	205	1	66.9320006414035	13.19785928140351	0.0	0.0	2	1.034052384627373	-20.528496179317653	138.0	21	1.05	0.95				
	206	1	128.20777587649124	26.39571856280702	0.0	-100.0	2	1.0289757897697775	-22.637035966882625	138.0	22	1.05	0.95				
	207	2	117.83802929824563	23.567605859649124	0.0	0.0	2	0.95	-31.28797755598196	138.0	22	1.05	0.95				
	208	1	161.20242408000001	32.99464820350877	0.0	0.0	2	0.9504720607024707	-28.96157036328513	138.0	22	1.05	0.95				
	209	1	164.97324101754387	33.93735243789474	0.0	0.0	2	1.01794400098809	-17.317380201418178	138.0	23	1.05	0.95				
	210	1	183.82732570526318	37.7081693754386	0.0	0.0	2	1.0422859216822777	-19.80178946674693	138.0	23	1.05	0.95				
	211	1	0.0	0.0	0.0	0.0	2	1.0281236510396692	-11.466880589634183	230.0	23	1.05	0.95				
	212	1	0.0	0.0	0.0	0.0	2	1.0172663013484085	-9.922319597589153	230.0	23	1.05	0.95				
	213	2	249.8166221122807	50.9060286568421	0.0	0.0	2	1.05	-6.791437417518283	230.0	24	1.05	0.95				
	214	2	182.88462147087722	36.76546514105263	0.0	0.0	2	1.05	-8.851085022797548	230.0	26	1.05	0.95				
	215	2	298.83724230035085	60.33307100070176	0.0	0.0	2	1.04194640573232	1.0556519968963542	230.0	26	1.05	0.95				
	216	2	94.2704234385965	18.8540846877193	0.0	0.0	2	1.0462636958564522	0.7402905496098908	230.0	26	1.05	0.95				
	217	1	0.0	0.0	0.0	0.0	2	1.0486532133215045	4.398386727864332	230.0	27	1.05	0.95				
	218	2	313.92051005052633	64.10388793824562	0.0	0.0	2	1.05	4.874098937329734	230.0	27	1.05	0.95				
	219	1	170.62946642385967	34.8800566722807	0.0	0.0	2	1.0405042448427275	0.18369786203061386	230.0	25	1.05	0.95				
	220	1	120.66614200140351	24.51031009403509	0.0	0.0	2	1.0444184320021381	1.4664483792331533	230.0	25	1.05	0.95				
	221	2	0.0	0.0	0.0	0.0	2	1.05	5.463431687175166	230.0	27	1.05	0.95				
	222	2	0.0	0.0	0.0	0.0	2	1.05	11.557425797269607	230.0	27	1.05	0.95				
	223	2	0.0	0.0	0.0	0.0	2	1.05	2.8505365959794564	230.0	25	1.05	0.95				
	224	1	0.0	0.0	0.0	0.0	2	1.014214239948237	-4.3517040736704695	230.0	26	1.05	0.95				
	301	2	72.39860802947369	14.747864598596493	0.0	0.0	3	1.0167220750700645	-11.71239845707287	138.0	31	1.05	0.95				
	302	2	65.02467573017545	13.40714963508772	0.0	0.0	3	1.0148321465522883	-12.126656490476877	138.0	32	1.05	0.95				
	303	1	120.66434671578949	24.803226824912283	0.0	0.0	3	1.0459204031915807	0.4422246873835971	138.0	31	1.05	0.95				
	304	1	49.606453649824566	10.055362226315792	0.0	0.0	3	1.0094673622544053	-10.671758582738235	138.0	31	1.05	0.95				
	305	1	47.595381204561406	9.385004744561405	0.0	0.0	3	1.0246719798239605	-12.169780646861662	138.0	31	1.05	0.95				
	306	1	91.1686175185965	18.77000948912281	0.0	-100.0	3	1.0349987203857662	-13.17185603761395	138.0	32	1.05	0.95				
	307	2	83.79468521929824	16.75893704385965	0.0	0.0	3	1.004134299476923	-14.776682966971187	138.0	32	1.05	0.95				
	308	1	114.63112938000002	23.46251186140351	0.0	0.0	3	0.9997521155818451	-14.287425016668362	138.0	32	1.05	0.95				
	309	1	117.31255930701757	24.132869343157896	0.0	0.0	3	1.0281213271951097	-6.7475990343339225	138.0	33	1.05	0.95				
	310	1	130.71970894210529	26.81429927017544	0.0	0.0	3	1.05	-10.483667376069832	138.0	33	1.05	0.95				
	311	1	0.0	0.0	0.0	0.0	3	1.0191714817478474	-3.994650163963005	230.0	33	1.05	0.95				
	312	1	0.0	0.0	0.0	0.0	3	1.0195235810066938	-2.9471068615430607	230.0	33	1.05	0.95				
	313	2	177.64473266491228	36.199304014736846	0.0	0.0	3	1.0262339936300453	-0.08099065405677598	230.0	34	1.05	0.95				
	314	2	130.0493514603509	26.143941788421053	0.0	0.0	3	1.0262355858086774	-2.811863007701998	230.0	36	1.05	0.95				
	315	2	212.50332171614036	42.902878832280706	0.0	0.0	3	1.048586895305728	3.5746918943609716	230.0	36	1.05	0.95				
	316	2	67.0357481754386	13.40714963508772	0.0	0.0	3	1.0457489777681532	2.931686486495339	230.0	36	1.05	0.95				
	317	1	0.0	0.0	0.0	0.0	3	1.0495505006110832	5.641474669153476	230.0	37	1.05	0.95				
	318	2	223.22904142421055	45.58430875929825	0.0	0.0	3	1.0486199147182294	5.202295483936309	230.0	37	1.05	0.95				
	319	1	121.33470419754389	24.803226824912283	0.0	0.0	3	1.0410577692822571	2.4229391692630093	230.0	35	1.05	0.95				
	320	1	85.80575766456141	17.429294525614036	0.0	0.0	3	1.0426072661681467	3.2419950858485618	230.0	35	1.05	0.95				
	321	2	0.0	0.0	0.0	0.0	3	1.05	6.607485151414965	230.0	37	1.05	0.95				
	322	2	0.0	0.0	0.0	0.0	3	1.05	12.004525743126251	230.0	37	1.05	0.95				
	323	2	0.0	0.0	0.0	0.0	3	1.0453460971140356	4.18423094127337	230.0	35	1.05	0.95				
	324	1	0.0	0.0	0.0	0.0	3	1.0416105927995905	2.4018599657003423	230.0	36	1.05	0.95				
	325	1	0.0	0.0	0.0	0.0	3	1.043138692725833	5.115004407007598	230.0	35	1.05	0.95				
];

%% generator data
%    bus    Pg    Qg    Qmax    Qmin    Vg    mBase    status    Pmax    Pmin    Pc1    Pc2    Qc1min    Qc1max    Qc2min    Qc2max    ramp_agc    ramp_10    ramp_30    ramp_q    apf
