%% MATPOWER Case Format : Version 2
function mpc = RTS_GMLC
mpc.version = '2';

%%-----  Power Flow Data  -----%%
%% system MVA base
mpc.baseMVA = 100.0;
%% bus data
%    bus_i    type    Pd    Qd    Gs    Bs    area    Vm    Va    baseKV    zone    Vmax    Vmin
mpc.bus = [
	101	2	71.16724394526315	14.497031174035085	0.0	0.0	1	1.0314170904523092	0.21242160629487336	138.0	11	1.05	0.95				
	102	2	63.9187283582456	13.179119249122806	0.0	0.0	1	1.031442587425352	0.1561156053940517	138.0	12	1.05	0.95				
	103	1	118.61207324210525	24.38137061087719	0.0	0.0	1	1.0225425160368031	-0.6891335990200775	138.0	11	1.05	0.95				
	104	1	48.76274122175438	9.884339436842104	0.0	0.0	1	1.0170488432657978	-2.9785247146433913	138.0	11	1.05	0.95				
	105	1	46.78587333438596	9.225383474385964	0.0	0.0	1	1.03176964294297	-2.9597553168368718	138.0	11	1.05	0.95				
	106	1	89.61801089403508	18.45076694877193	0.0	-100.0	1	1.0384145200000838	-5.337418085083907	138.0	12	1.05	0.95				
	107	2	82.36949530701753	16.473899061403507	0.0	0.0	1	1.047871214473444	-2.4239337110232313	138.0	12	1.05	0.95				
	108	1	112.68146957999998	23.063458685964907	0.0	0.0	1	1.0269967825795472	-4.901320996446817	138.0	12	1.05	0.95				
	109	1	115.31729342982456	23.72241464842105	0.0	0.0	1	1.0263114466541505	-2.8722672573545402	138.0	13	1.05	0.95				
	110	1	128.49641267894737	26.358238498245612	0.0	0.0	1	1.05	-4.090779393590061	138.0	13	1.05	0.95				
	111	1	0.0	0.0	0.0	0.0	1	1.010483895657468	-0.5878430461390811	230.0	13	1.05	0.95				
	112	1	0.0	0.0	0.0	0.0	1	1.0141676968453444	0.05293251216605754	230.0	13	1.05	0.95				
	113	3	174.62333005087717	35.583621972631576	0.0	0.0	1	1.0079471786950709	-8.83632635937827e-29	230.0	14	1.05	0.95				
	114	2	127.8374567164912	25.699282535789475	0.0	0.0	1	1.0110280765218485	1.8706141652297879	230.0	16	1.05	0.95				
	115	2	208.88904009859647	42.17318159719298	0.0	0.0	1	1.044025642491217	9.786533308464342	230.0	16	1.05	0.95				
	116	2	65.89559624561403	13.179119249122806	0.0	0.0	1	1.041807959654649	9.259282508187715	230.0	16	1.05	0.95				
	117	1	0.0	0.0	0.0	0.0	1	1.0462507570660158	12.509222938854839	230.0	17	1.05	0.95				
	118	2	219.43233549789474	44.80900544701754	0.0	0.0	1	1.0492626823215019	13.059521279016842	230.0	17	1.05	0.95				
	119	1	119.2710292045614	24.38137061087719	0.0	0.0	1	1.0359961071669055	7.816300702077077	230.0	15	1.05	0.95				
	120	1	84.34636319438596	17.132855023859648	0.0	0.0	1	1.036712472172252	7.810381251853896	230.0	15	1.05	0.95				
	121	2	0.0	0.0	0.0	0.0	1	1.05	13.49887966480268	230.0	17	1.05	0.95				
	122	2	0.0	0.0	0.0	0.0	1	1.05	21.557070711756396	230.0	17	1.05	0.95				
	123	2	0.0	0.0	0.0	0.0	1	1.0387111484387512	8.297944504775735	230.0	15	1.05	0.95				
	124	1	0.0	0.0	0.0	0.0	1	1.0228759076619656	5.904784609933641	230.0	16	1.05	0.95				
	201	2	80.30725639578948	16.358885562105264	0.0	0.0	2	1.0388170143616118	-12.423184337703237	138.0	21	1.05	0.95				
	202	2	72.12781361473685	14.871714147368422	0.0	0.0	2	1.0389986965758193	-12.538959100650574	138.0	22	1.05	0.95				
	203	1	133.84542732631581	27.51267117263158	0.0	0.0	2	1.0250120065105006	-8.327513754546809	138.0	21	1.05	0.95				
	204	1	55.02534234526316	11.153785610526317	0.0	0.0	2	1.0182876764534625	-14.143435235645137	138.0	21	1.05	0.95				
	205	1	52.794585223157895	10.410199903157896	0.0	0.0	2	1.034898332196718	-14.652985276387923	138.0	21	1.05	0.95				
	206	1	101.12765620210529	20.82039980631579	0.0	-100.0	2	1.0383598304776942	-16.607656598954616	138.0	22	1.05	0.95				
	207	2	92.94821342105264	18.589642684210528	0.0	0.0	2	0.9601147489197976	-27.683847147673955	138.0	22	1.05	0.95				
	208	1	127.15315596	26.02549975789474	0.0	0.0	2	0.9647955245572395	-23.97441153603731	138.0	22	1.05	0.95				
	209	1	130.1274987894737	26.76908546526316	0.0	0.0	2	1.0248128080090593	-12.450941218397872	138.0	23	1.05	0.95				
	210	1	144.9992129368421	29.743428294736844	0.0	0.0	2	1.05	-14.58336146528756	138.0	23	1.05	0.95				
	211	1	0.0	0.0	0.0	0.0	2	1.0282532009720617	-7.700575116751998	230.0	23	1.05	0.95				
	212	1	0.0	0.0	0.0	0.0	2	1.0213737976307535	-6.63431330078673	230.0	23	1.05	0.95				
	213	2	197.0502124526316	40.15362819789474	0.0	0.0	2	1.0401814957881943	-4.394656649382441	230.0	24	1.05	0.95				
	214	2	144.2556272294737	28.999842587368423	0.0	0.0	2	1.0455928638291643	-4.981825340833585	230.0	26	1.05	0.95				
	215	2	235.71666923578948	47.58948527157895	0.0	0.0	2	1.0433554457165655	3.5448138482121547	230.0	26	1.05	0.95				
	216	2	74.35857073684211	14.871714147368422	0.0	0.0	2	1.0479940846722429	3.4603847544159634	230.0	26	1.05	0.95				
	217	1	0.0	0.0	0.0	0.0	2	1.0484672372123653	6.961627027278941	230.0	27	1.05	0.95				
	218	2	247.61404055368422	50.56382810105264	0.0	0.0	2	1.049999964055015	7.668378419932898	230.0	27	1.05	0.95				
	219	1	134.5890130336842	27.51267117263158	0.0	0.0	2	1.0436403967075536	2.660061243860929	230.0	25	1.05	0.95				
	220	1	95.1789705431579	19.33322839157895	0.0	0.0	2	1.0463434837282617	3.354076366068158	230.0	25	1.05	0.95				
	221	2	0.0	0.0	0.0	0.0	2	1.05	8.017842460966751	230.0	27	1.05	0.95				
	222	2	0.0	0.0	0.0	0.0	2	1.05	14.115274049672642	230.0	27	1.05	0.95				
	223	2	0.0	0.0	0.0	0.0	2	1.05	4.275025016006101	230.0	25	1.05	0.95				
	224	1	0.0	0.0	0.0	0.0	2	1.0215905953336415	-0.8713631352476193	230.0	26	1.05	0.95				
	301	2	60.3207845431579	12.287567221754388	0.0	0.0	3	1.01252812875158	-16.977770219646498	138.0	31	1.05	0.95				
	302	2	54.177000932280706	11.170515656140353	0.0	0.0	3	1.0112825323793302	-17.244392517367505	138.0	32	1.05	0.95				
	303	1	100.53464090526316	20.66545396385965	0.0	0.0	3	1.0421140055937563	-5.7151496608483185	138.0	31	1.05	0.95				
	304	1	41.3309079277193	8.377886742105263	0.0	0.0	3	1.0095556498628444	-15.650004392317701	138.0	31	1.05	0.95				
	305	1	39.65533057929825	7.819360959298247	0.0	0.0	3	1.0240635632792983	-17.036876776088228	138.0	31	1.05	0.95				
	306	1	75.9595064617544	15.638721918596493	0.0	-100.0	3	1.0374637234117823	-17.702525768525252	138.0	32	1.05	0.95				
	307	2	69.81572285087721	13.963144570175439	0.0	0.0	3	0.991490111522248	-23.70027762242973	138.0	32	1.05	0.95				
	308	1	95.50790886	19.548402398245614	0.0	0.0	3	0.9931817809478	-21.18229987665073	138.0	32	1.05	0.95				
	309	1	97.74201199122807	20.106928181052634	0.0	0.0	3	1.0268969157149064	-12.064392638763412	138.0	33	1.05	0.95				
	310	1	108.91252764736844	22.341031312280705	0.0	0.0	3	1.05	-15.303360104084327	138.0	33	1.05	0.95				
	311	1	0.0	0.0	0.0	0.0	3	1.0163906875699993	-8.617659358932583	230.0	33	1.05	0.95				
	312	1	0.0	0.0	0.0	0.0	3	1.0163061289584057	-8.260266148395848	230.0	33	1.05	0.95				
	313	2	148.00933244385965	30.16039227157895	0.0	0.0	3	1.0193983095423316	-5.482190310646218	230.0	34	1.05	0.95				
	314	2	108.35400186456141	21.782505529473685	0.0	0.0	3	1.0258841443381015	-6.292123226685735	230.0	36	1.05	0.95				
	315	2	177.05267314982459	35.745650099649126	0.0	0.0	3	1.0475378184502688	0.30580152466387023	230.0	36	1.05	0.95				
	316	2	55.852578280701756	11.170515656140353	0.0	0.0	3	1.0465567790342467	0.33920637405416754	230.0	36	1.05	0.95				
	317	1	0.0	0.0	0.0	0.0	3	1.049999999469925	3.2062965768860727	230.0	37	1.05	0.95				
	318	2	185.98908567473686	37.9797532308772	0.0	0.0	3	1.0486415562574771	2.871784123664977	230.0	37	1.05	0.95				
	319	1	101.09316668807018	20.66545396385965	0.0	0.0	3	1.040321075692137	-1.2749647942850164	230.0	35	1.05	0.95				
	320	1	71.49130019929825	14.521670352982458	0.0	0.0	3	1.0395858158281905	-1.6291452159395516	230.0	35	1.05	0.95				
	321	2	0.0	0.0	0.0	0.0	3	1.05	3.6448006934471464	230.0	37	1.05	0.95				
	322	2	0.0	0.0	0.0	0.0	3	1.05	8.797354312282767	230.0	37	1.05	0.95				
	323	2	0.0	0.0	0.0	0.0	3	1.0402529139279522	-1.4077985291857746	230.0	35	1.05	0.95				
	324	1	0.0	0.0	0.0	0.0	3	1.0371783629022606	-1.9548196883111997	230.0	36	1.05	0.95				
	325	1	0.0	0.0	0.0	0.0	3	1.0366541517858257	-0.16908167568030813	230.0	35	1.05	0.95				
];
