%% MATPOWER Case Format : Version 2
function mpc = RTS_GMLC
mpc.version = '2';

%%-----  Power Flow Data  -----%%
%% system MVA base
mpc.baseMVA = 100.0;
%% bus data
%    bus_i    type    Pd    Qd    Gs    Bs    area    Vm    Va    baseKV    zone    Vmax    Vmin
mpc.bus = [
	101	2	62.37654627789474	12.706333501052633	0.0	0.0	1	1.0337507065125167	0.41197744883533877	138.0	11	1.05	0.95				
	102	2	56.02337952736842	11.55121227368421	0.0	0.0	1	1.0338287132013058	0.38256440617137394	138.0	12	1.05	0.95				
	103	1	103.9609104631579	21.36974270631579	0.0	0.0	1	1.0234637806824178	-1.7213323247039993	138.0	11	1.05	0.95				
	104	1	42.73948541263158	8.663409205263157	0.0	0.0	1	1.019264736201822	-2.9915882348653655	138.0	11	1.05	0.95				
	105	1	41.00680357157894	8.085848591578948	0.0	0.0	1	1.0339768070239685	-2.836228010693701	138.0	11	1.05	0.95				
	106	1	78.54824346105264	16.171697183157896	0.0	-100.0	1	1.0412652065014172	-5.18648494825745	138.0	12	1.05	0.95				
	107	2	72.19507671052632	14.439015342105263	0.0	0.0	1	1.033878570725689	-4.955545160953289	138.0	12	1.05	0.95				
	108	1	98.76286494	20.214621478947368	0.0	0.0	1	1.021107488981128	-6.297584030159164	138.0	12	1.05	0.95				
	109	1	101.07310739473685	20.792182092631577	0.0	0.0	1	1.025720805073269	-3.419462561160624	138.0	13	1.05	0.95				
	110	1	112.62431966842105	23.10242454736842	0.0	0.0	1	1.05	-4.310954522162116	138.0	13	1.05	0.95				
	111	1	0.0	0.0	0.0	0.0	1	1.0064959144402619	-1.2865319986114259	230.0	13	1.05	0.95				
	112	1	0.0	0.0	0.0	0.0	1	1.012138840361077	-0.6792555525271744	230.0	13	1.05	0.95				
	113	3	153.05356262631577	31.18827313894737	0.0	0.0	1	1.0039309441073694	-4.7771696432073523e-29	230.0	14	1.05	0.95				
	114	2	112.04675905473684	22.524863933684212	0.0	0.0	1	1.0022187997415042	0.2817309625628435	230.0	16	1.05	0.95				
	115	2	183.08671453789472	36.96387927578947	0.0	0.0	1	1.0378961188016589	6.417817784339157	230.0	16	1.05	0.95				
	116	2	57.75606136842105	11.55121227368421	0.0	0.0	1	1.0344104651557866	5.9359027246016	230.0	16	1.05	0.95				
	117	1	0.0	0.0	0.0	0.0	1	1.0409239218433617	8.014426372335029	230.0	17	1.05	0.95				
	118	2	192.3276843568421	39.27412173052632	0.0	0.0	1	1.0429633366034567	8.12668463674255	230.0	17	1.05	0.95				
	119	1	104.53847107684211	21.36974270631579	0.0	0.0	1	1.0286629082559755	4.787710195578413	230.0	15	1.05	0.95				
	120	1	73.92775855157895	15.016575955789474	0.0	0.0	1	1.0284312222086698	4.901626868363601	230.0	15	1.05	0.95				
	121	2	0.0	0.0	0.0	0.0	1	1.0465017725389798	9.315016034799614	230.0	17	1.05	0.95				
	122	2	0.0	0.0	0.0	0.0	1	1.05	15.571435824380384	230.0	17	1.05	0.95				
	123	2	0.0	0.0	0.0	0.0	1	1.0295818658638602	5.403318060784219	230.0	15	1.05	0.95				
	124	1	0.0	0.0	0.0	0.0	1	1.0221368231471184	3.386365095973002	230.0	16	1.05	0.95				
	201	2	68.28836771368422	13.910593423157893	0.0	0.0	2	1.0331196399458882	-13.483507319190112	138.0	21	1.05	0.95				
	202	2	61.33307100210526	12.645994021052632	0.0	0.0	2	1.0333056774575546	-13.584217396379108	138.0	22	1.05	0.95				
	203	1	113.8139461894737	23.395088938947367	0.0	0.0	2	1.022230979192993	-10.44809212357508	138.0	21	1.05	0.95				
	204	1	46.790177877894735	9.484495515789474	0.0	0.0	2	1.0173050991891155	-15.679423984944592	138.0	21	1.05	0.95				
	205	1	44.89327877473684	8.852195814736842	0.0	0.0	2	1.0333440122359367	-16.06149365105103	138.0	21	1.05	0.95				
	206	1	85.9927593431579	17.704391629473683	0.0	-100.0	2	1.0400371492913232	-18.10748843454561	138.0	22	1.05	0.95				
	207	2	79.03746263157895	15.807492526315789	0.0	0.0	2	0.9850351794311404	-27.601839343625876	138.0	22	1.05	0.95				
	208	1	108.12324888	22.130489536842102	0.0	0.0	2	0.9850293705445156	-24.53592770604615	138.0	22	1.05	0.95				
	209	1	110.65244768421051	22.762789237894733	0.0	0.0	2	1.0237232919211965	-14.826934094096456	138.0	23	1.05	0.95				
	210	1	123.29844170526314	25.291988042105263	0.0	0.0	2	1.05	-16.679328627645614	138.0	23	1.05	0.95				
	211	1	0.0	0.0	0.0	0.0	2	1.0184015781234594	-11.370859475610265	230.0	23	1.05	0.95				
	212	1	0.0	0.0	0.0	0.0	2	1.0160136111429028	-10.29314024098352	230.0	23	1.05	0.95				
	213	2	167.55942077894736	34.14418385684211	0.0	0.0	2	1.0210333595930638	-9.921604332065765	230.0	24	1.05	0.95				
	214	2	122.66614200421051	24.659688341052632	0.0	0.0	2	1.0287311452383197	-8.296186555801091	230.0	26	1.05	0.95				
	215	2	200.43900523368418	40.46718086736842	0.0	0.0	2	1.036742952272116	0.11408246019537488	230.0	26	1.05	0.95				
	216	2	63.229970105263156	12.645994021052632	0.0	0.0	2	1.040316463295592	-0.06454109146811214	230.0	26	1.05	0.95				
	217	1	0.0	0.0	0.0	0.0	2	1.041913034866884	2.9396016395654017	230.0	27	1.05	0.95				
	218	2	210.5558004505263	42.99637967157895	0.0	0.0	2	1.0431264167256067	3.245550496889308	230.0	27	1.05	0.95				
	219	1	114.44624589052633	23.395088938947367	0.0	0.0	2	1.040294759481962	-0.46396792705619516	230.0	25	1.05	0.95				
	220	1	80.93436173473684	16.43979222736842	0.0	0.0	2	1.0454567424813117	0.38104282232406533	230.0	25	1.05	0.95				
	221	2	0.0	0.0	0.0	0.0	2	1.0429274092845184	2.9633340819708067	230.0	27	1.05	0.95				
	222	2	0.0	0.0	0.0	0.0	2	1.05	9.459333484467173	230.0	27	1.05	0.95				
	223	2	0.0	0.0	0.0	0.0	2	1.05	1.3032451955627906	230.0	25	1.05	0.95				
	224	1	0.0	0.0	0.0	0.0	2	1.018182555464472	-3.8266458502047227	230.0	26	1.05	0.95				
	301	2	56.989560277894746	11.608984501052632	0.0	0.0	3	1.01313601319768	-11.397915733930116	138.0	31	1.05	0.95				
	302	2	51.185068027368416	10.553622273684212	0.0	0.0	3	1.0118871865596462	-11.639770621408475	138.0	32	1.05	0.95				
	303	1	94.98260046315791	19.52420120631579	0.0	0.0	3	1.0468728192065395	0.028108264455925347	138.0	31	1.05	0.95				
	304	1	39.04840241263158	7.915216705263157	0.0	0.0	3	1.0119825675139673	-9.633725941759687	138.0	31	1.05	0.95				
	305	1	37.465359071578945	7.387535591578949	0.0	0.0	3	1.0249162198183532	-11.886027672670405	138.0	31	1.05	0.95				
	306	1	71.76463146105264	14.775071183157898	0.0	-100.0	3	1.0385116856029144	-12.750838699919376	138.0	32	1.05	0.95				
	307	2	65.96013921052632	13.192027842105263	0.0	0.0	3	0.991722684146707	-17.916234665011714	138.0	32	1.05	0.95				
	308	1	90.23347044	18.468838978947367	0.0	0.0	3	0.9950075183611895	-15.454248343459064	138.0	32	1.05	0.95				
	309	1	92.34419489473684	18.99652009263158	0.0	0.0	3	1.0300905452265872	-5.855949906103537	138.0	33	1.05	0.95				
	310	1	102.89781716842106	21.107244547368424	0.0	0.0	3	1.05	-10.68032991459246	138.0	33	1.05	0.95				
	311	1	0.0	0.0	0.0	0.0	3	1.0136245792398018	-4.89083351493451	230.0	33	1.05	0.95				
	312	1	0.0	0.0	0.0	0.0	3	1.0157766222469051	-4.511644124843419	230.0	33	1.05	0.95				
	313	2	139.83549512631578	28.494780138947373	0.0	0.0	3	1.0138230180518293	-2.21619095242818	230.0	34	1.05	0.95				
	314	2	102.37013605473683	20.57956343368421	0.0	0.0	3	1.0156677615486862	-3.765778872583809	230.0	36	1.05	0.95				
	315	2	167.27491303789475	33.771591275789476	0.0	0.0	3	1.0449017278391122	1.3909268116553197	230.0	36	1.05	0.95				
	316	2	52.76811136842105	10.553622273684212	0.0	0.0	3	1.0411010092412005	0.9823624333955043	230.0	36	1.05	0.95				
	317	1	0.0	0.0	0.0	0.0	3	1.049516855268812	4.383794622694216	230.0	37	1.05	0.95				
	318	2	175.71781085684214	35.88231573052632	0.0	0.0	3	1.048794466880209	3.626813794335167	230.0	37	1.05	0.95				
	319	1	95.51028157684212	19.52420120631579	0.0	0.0	3	1.0325331508436435	-0.4046823637159269	230.0	35	1.05	0.95				
	320	1	67.54318255157895	13.719708955789475	0.0	0.0	3	1.0293510085642914	-0.6068532525657345	230.0	35	1.05	0.95				
	321	2	0.0	0.0	0.0	0.0	3	1.049999996811806	4.41139716438798	230.0	37	1.05	0.95				
	322	2	0.0	0.0	0.0	0.0	3	1.05	8.747525708572732	230.0	37	1.05	0.95				
	323	2	0.0	0.0	0.0	0.0	3	1.0285825441215464	-0.315518931650488	230.0	35	1.05	0.95				
	324	1	0.0	0.0	0.0	0.0	3	1.0408322052251808	0.8819385802882204	230.0	36	1.05	0.95				
	325	1	0.0	0.0	0.0	0.0	3	1.0281526151674663	0.5042599632464058	230.0	35	1.05	0.95				
];
