%% MATPOWER Case Format : Version 2
function mpc = RTS_GMLC
mpc.version = '2';

%%-----  Power Flow Data  -----%%
%% system MVA base
mpc.baseMVA = 100.0;
%% bus data
%    bus_i    type    Pd    Qd    Gs    Bs    area    Vm    Va    baseKV    zone    Vmax    Vmin
mpc.bus = [
	101	2	65.56952004631579	13.35675408350877	0.0	0.0	1	1.0479842518675744	0.732768339137435	138.0	11	1.05	0.95				
	102	2	58.8911430045614	12.142503712280702	0.0	0.0	1	1.0468481979484991	0.38077857606361554	138.0	12	1.05	0.95				
	103	1	109.28253341052631	22.463631867719297	0.0	0.0	1	1.029047883108915	-1.3697553977513546	138.0	11	1.05	0.95				
	104	1	44.92726373543859	9.106877784210525	0.0	0.0	1	1.026770007225825	-3.0138123971957023	138.0	11	1.05	0.95				
	105	1	43.10588817859649	8.49975259859649	0.0	0.0	1	1.0402144927971335	-3.274971617503674	138.0	11	1.05	0.95				
	106	1	82.56902524350878	16.99950519719298	0.0	-100.0	1	1.0430997654343586	-6.160730303076608	138.0	12	1.05	0.95				
	107	2	75.89064820175439	15.178129640350877	0.0	0.0	1	0.9993948979888624	-13.270336890673581	138.0	12	1.05	0.95				
	108	1	103.81840674	21.249381496491225	0.0	0.0	1	0.9973195365804253	-11.631447110769345	138.0	12	1.05	0.95				
	109	1	106.24690748245614	21.856506682105262	0.0	0.0	1	1.0254065041963918	-4.349798556587326	138.0	13	1.05	0.95				
	110	1	118.38941119473682	24.285007424561403	0.0	0.0	1	1.05	-5.4972054159467385	138.0	13	1.05	0.95				
	111	1	0.0	0.0	0.0	0.0	1	1.010042866995748	-1.7285015476016266	230.0	13	1.05	0.95				
	112	1	0.0	0.0	0.0	0.0	1	1.013224715613266	-1.3064523181271197	230.0	13	1.05	0.95				
	113	3	160.88817418771927	32.784760023157894	0.0	0.0	1	1.0084940935051434	-1.2007936801877655e-29	230.0	14	1.05	0.95				
	114	2	117.7822860091228	23.67788223894737	0.0	0.0	1	1.0105112721509688	0.03489644905403541	230.0	16	1.05	0.95				
	115	2	192.4586838396491	38.856011879298244	0.0	0.0	1	1.040447376897112	6.80062467665014	230.0	16	1.05	0.95				
	116	2	60.712518561403506	12.142503712280702	0.0	0.0	1	1.0373910242978164	6.177674153429304	230.0	16	1.05	0.95				
	117	1	0.0	0.0	0.0	0.0	1	1.0427403558423116	9.174943393245648	230.0	17	1.05	0.95				
	118	2	202.17268680947367	41.28451262175439	0.0	0.0	1	1.0452529230170995	9.706673294748331	230.0	17	1.05	0.95				
	119	1	109.88965859614035	22.463631867719297	0.0	0.0	1	1.0302292533055213	4.660047034951092	230.0	15	1.05	0.95				
	120	1	77.71202375859649	15.785254825964913	0.0	0.0	1	1.028734778436815	4.25528118461121	230.0	15	1.05	0.95				
	121	2	0.0	0.0	0.0	0.0	1	1.0480968562487338	11.35309017797779	230.0	17	1.05	0.95				
	122	2	0.0	0.0	0.0	0.0	1	1.05	17.301581315524434	230.0	17	1.05	0.95				
	123	2	0.0	0.0	0.0	0.0	1	1.0292511568106264	4.493482292904599	230.0	15	1.05	0.95				
	124	1	0.0	0.0	0.0	0.0	1	1.0257674579689224	3.7472318703915755	230.0	16	1.05	0.95				
	201	2	64.41240357473684	13.121045172631579	0.0	0.0	2	1.0249820886829484	-11.103011756275906	138.0	21	1.05	0.95				
	202	2	57.85188098842106	11.928222884210527	0.0	0.0	2	1.026044155967308	-10.886237895883047	138.0	22	1.05	0.95				
	203	1	107.35400595789474	22.067212335789474	0.0	0.0	2	1.0145063700726396	-10.247937884899587	138.0	21	1.05	0.95				
	204	1	44.13442467157895	8.946167163157895	0.0	0.0	2	1.0153816227151797	-11.826923106441072	138.0	21	1.05	0.95				
	205	1	42.345191238947365	8.34975601894737	0.0	0.0	2	1.03004823779501	-12.156585579949263	138.0	21	1.05	0.95				
	206	1	81.11191561263159	16.69951203789474	0.0	-100.0	2	1.0398547033876722	-13.27007364439044	138.0	22	1.05	0.95				
	207	2	74.5513930263158	14.910278605263159	0.0	0.0	2	0.9923025211249288	-21.84501508623235	138.0	22	1.05	0.95				
	208	1	101.98630566	20.874390047368422	0.0	0.0	2	0.9913145827916188	-18.97898825437832	138.0	22	1.05	0.95				
	209	1	104.37195023684211	21.470801191578946	0.0	0.0	2	1.0248277006920952	-10.156154146524973	138.0	23	1.05	0.95				
	210	1	116.30017312105264	23.856445768421054	0.0	0.0	2	1.05	-11.319913020249952	138.0	23	1.05	0.95				
	211	1	0.0	0.0	0.0	0.0	2	1.013525805255447	-6.800165674250808	230.0	23	1.05	0.95				
	212	1	0.0	0.0	0.0	0.0	2	1.0167528092897489	-2.432153397386275	230.0	23	1.05	0.95				
	213	2	158.04895321578948	32.20620178736842	0.0	0.0	2	1.0163219376735393	-4.099854122916465	230.0	24	1.05	0.95				
	214	2	115.70376197684212	23.260034624210526	0.0	0.0	2	1.0166235663655678	-5.1923561216777605	230.0	26	1.05	0.95				
	215	2	189.06233271473684	38.170313229473685	0.0	0.0	2	1.0314393420757293	0.6305002646012148	230.0	26	1.05	0.95				
	216	2	59.641114421052634	11.928222884210527	0.0	0.0	2	1.0324371937390528	0.7572275395099981	230.0	26	1.05	0.95				
	217	1	0.0	0.0	0.0	0.0	2	1.0353019756882014	2.1128818541525876	230.0	27	1.05	0.95				
	218	2	198.60491102210526	40.555957806315796	0.0	0.0	2	1.0341037456648918	1.546027696742084	230.0	27	1.05	0.95				
	219	1	107.95041710210526	22.067212335789474	0.0	0.0	2	1.0325716998406562	1.638205301454283	230.0	25	1.05	0.95				
	220	1	76.34062645894737	15.506689749473685	0.0	0.0	2	1.0379604602790442	3.5400626694308652	230.0	25	1.05	0.95				
	221	2	0.0	0.0	0.0	0.0	2	1.035810132146478	2.041687826811152	230.0	27	1.05	0.95				
	222	2	0.0	0.0	0.0	0.0	2	1.05	8.567934380078485	230.0	27	1.05	0.95				
	223	2	0.0	0.0	0.0	0.0	2	1.0430733418966445	5.018085152925211	230.0	25	1.05	0.95				
	224	1	0.0	0.0	0.0	0.0	2	1.0116496715826477	-3.4188491950736974	230.0	26	1.05	0.95				
	301	2	54.956659301052625	11.194875042807016	0.0	0.0	3	0.9990691038210114	2.442328142868786	138.0	31	1.05	0.95				
	302	2	49.35922177964912	10.17715912982456	0.0	0.0	3	0.99888812861556	2.397009747605992	138.0	32	1.05	0.95				
	303	1	91.59443216842105	18.827744390175436	0.0	0.0	3	1.016758859797589	5.567546838717636	138.0	31	1.05	0.95				
	304	1	37.65548878035087	7.632869347368419	0.0	0.0	3	1.0045950907343963	4.136664013880966	138.0	31	1.05	0.95				
	305	1	36.128914910877185	7.124011390877192	0.0	0.0	3	1.0171130298772388	3.931575671453925	138.0	31	1.05	0.95				
	306	1	69.20468208280701	14.248022781754385	0.0	-100.0	3	1.0356229739597407	4.172463740442553	138.0	32	1.05	0.95				
	307	2	63.6072445614035	12.7214489122807	0.0	0.0	3	0.9923652098651577	0.11511123735553609	138.0	32	1.05	0.95				
	308	1	87.01471055999998	17.81002847719298	0.0	0.0	3	1.001093182068395	2.38822117917646	138.0	32	1.05	0.95				
	309	1	89.0501423859649	18.318886433684206	0.0	0.0	3	1.026334639689394	7.633751538603407	138.0	33	1.05	0.95				
	310	1	99.22730151578946	20.35431825964912	0.0	0.0	3	1.05	7.046187818469887	138.0	33	1.05	0.95				
	311	1	0.0	0.0	0.0	0.0	3	1.010188107560662	12.457823313689019	230.0	33	1.05	0.95				
	312	1	0.0	0.0	0.0	0.0	3	1.0154971358313372	13.229918215493731	230.0	33	1.05	0.95				
	313	2	134.8473584701754	27.478329650526312	0.0	0.0	3	1.0224315981754557	18.61524021446515	230.0	34	1.05	0.95				
	314	2	98.71844355929824	19.845460303157893	0.0	0.0	3	1.0086491386621055	12.20528997808953	230.0	36	1.05	0.95				
	315	2	161.30797220771927	32.56690921543859	0.0	0.0	3	1.0286172431978657	9.19530154613921	230.0	36	1.05	0.95				
	316	2	50.8857956491228	10.17715912982456	0.0	0.0	3	1.0281147852026917	10.062401392198735	230.0	36	1.05	0.95				
	317	1	0.0	0.0	0.0	0.0	3	1.0363763530430312	10.694165477091984	230.0	37	1.05	0.95				
	318	2	169.44969951157893	34.602341041403506	0.0	0.0	3	1.0347097610837412	9.381192347581397	230.0	37	1.05	0.95				
	319	1	92.10329012491228	18.827744390175436	0.0	0.0	3	1.0268998436488936	11.761740335059727	230.0	35	1.05	0.95				
	320	1	65.13381843087718	13.23030686877193	0.0	0.0	3	1.0268482024383225	12.834158336843435	230.0	35	1.05	0.95				
	321	2	0.0	0.0	0.0	0.0	3	1.0347026066913585	9.896768189923048	230.0	37	1.05	0.95				
	322	2	0.0	0.0	0.0	0.0	3	1.0487448316240244	14.526903372141598	230.0	37	1.05	0.95				
	323	2	0.0	0.0	0.0	0.0	3	1.026698629224217	13.28965653887011	230.0	35	1.05	0.95				
	324	1	0.0	0.0	0.0	0.0	3	1.0203581614296808	9.646623228789998	230.0	36	1.05	0.95				
	325	1	0.0	0.0	0.0	0.0	3	1.0296438827836394	13.134791442044417	230.0	35	1.05	0.95				
];
