%% MATPOWER Case Format : Version 2
function mpc = RTS_GMLC
mpc.version = '2';

%%-----  Power Flow Data  -----%%
%% system MVA base
mpc.baseMVA = 100.0;
%% bus data
%    bus_i    type    Pd    Qd    Gs    Bs    area    Vm    Va    baseKV    zone    Vmax    Vmin
mpc.bus = [
	101	2	77.70014844631578	15.827808016842104	0.0	0.0	1	1.0499999913203975	0.45442801327021487	138.0	11	1.05	0.95				
	102	2	69.78624443789472	14.388916378947366	0.0	0.0	1	1.0493987117578072	0.18488791702851456	138.0	12	1.05	0.95				
	103	1	129.5002474105263	26.61949530105263	0.0	0.0	1	1.0280184809436508	-1.077722359270685	138.0	11	1.05	0.95				
	104	1	53.23899060210526	10.791687284210525	0.0	0.0	1	1.0262076348064126	-3.448378885752825	138.0	11	1.05	0.95				
	105	1	51.080653145263156	10.072241465263158	0.0	0.0	1	1.0395158747017328	-3.863421693178	138.0	11	1.05	0.95				
	106	1	97.8446313768421	20.144482930526316	0.0	-100.0	1	1.0401948604772266	-6.992715774156556	138.0	12	1.05	0.95				
	107	2	89.93072736842105	17.98614547368421	0.0	0.0	1	1.0093906543499631	-12.294398741185493	138.0	12	1.05	0.95				
	108	1	123.02523503999998	25.180603663157893	0.0	0.0	1	1.0006645753138554	-11.617142793250656	138.0	12	1.05	0.95				
	109	1	125.90301831578947	25.90004948210526	0.0	0.0	1	1.025992649843655	-4.622837265825904	138.0	13	1.05	0.95				
	110	1	140.29193469473682	28.777832757894732	0.0	0.0	1	1.05	-6.06305008358136	138.0	13	1.05	0.95				
	111	1	0.0	0.0	0.0	0.0	1	1.014548739579235	-1.7268007252798234	230.0	13	1.05	0.95				
	112	1	0.0	0.0	0.0	0.0	1	1.0164521490643048	-1.325488777689446	230.0	13	1.05	0.95				
	113	3	190.65314202105262	38.85007422315789	0.0	0.0	1	1.0153453928779244	1.9771774307875413e-30	230.0	14	1.05	0.95				
	114	2	139.57248887578945	28.058386938947365	0.0	0.0	1	1.0186064011426526	0.41175090123610364	230.0	16	1.05	0.95				
	115	2	228.06432460631578	46.044532412631575	0.0	0.0	1	1.0444011706307081	8.819975623688958	230.0	16	1.05	0.95				
	116	2	71.94458189473684	14.388916378947366	0.0	0.0	1	1.0421481165120208	7.786423395433567	230.0	16	1.05	0.95				
	117	1	0.0	0.0	0.0	0.0	1	1.0452925722369446	11.40040022508708	230.0	17	1.05	0.95				
	118	2	239.57545770947365	48.92231568842105	0.0	0.0	1	1.0482729745223052	11.984996345152998	230.0	17	1.05	0.95				
	119	1	130.21969322947368	26.61949530105263	0.0	0.0	1	1.0348840709666962	5.810945962420431	230.0	15	1.05	0.95				
	120	1	92.08906482526315	18.705591292631578	0.0	0.0	1	1.0346332564168454	5.105023277134496	230.0	15	1.05	0.95				
	121	2	0.0	0.0	0.0	0.0	1	1.05	13.834238138378668	230.0	17	1.05	0.95				
	122	2	0.0	0.0	0.0	0.0	1	1.05	21.68050750878778	230.0	17	1.05	0.95				
	123	2	0.0	0.0	0.0	0.0	1	1.036319118112915	5.2542116365669616	230.0	15	1.05	0.95				
	124	1	0.0	0.0	0.0	0.0	1	1.0258556303901265	5.13508357822728	230.0	16	1.05	0.95				
	201	2	72.81032581894738	14.831733037192981	0.0	0.0	2	1.0320173973770053	-13.072099235680769	138.0	21	1.05	0.95				
	202	2	65.39445930035087	13.48339367017544	0.0	0.0	2	1.0324839938898687	-13.062724917975508	138.0	22	1.05	0.95				
	203	1	121.35054303157895	24.944278289824563	0.0	0.0	2	1.018661551271559	-11.340721935114768	138.0	21	1.05	0.95				
	204	1	49.888556579649126	10.112545252631579	0.0	0.0	2	1.016855950666525	-14.552017438489884	138.0	21	1.05	0.95				
	205	1	47.86604752912281	9.438375569122808	0.0	0.0	2	1.0324833636018245	-14.869562700076289	138.0	21	1.05	0.95				
	206	1	91.68707695719299	18.876751138245616	0.0	-100.0	2	1.0389567754875904	-16.49890275932769	138.0	22	1.05	0.95				
	207	2	84.27121043859648	16.8542420877193	0.0	0.0	2	0.9765469218704229	-26.477996794428652	138.0	22	1.05	0.95				
	208	1	115.28301588000001	23.595938922807015	0.0	0.0	2	0.9782569087451833	-23.182397407353694	138.0	22	1.05	0.95				
	209	1	117.97969461403508	24.270108606315787	0.0	0.0	2	1.025021477235891	-13.030656295095664	138.0	23	1.05	0.95				
	210	1	131.46308828421053	26.96678734035088	0.0	0.0	2	1.05	-14.557648535774586	138.0	23	1.05	0.95				
	211	1	0.0	0.0	0.0	0.0	2	1.0208998380245717	-9.15982591943452	230.0	23	1.05	0.95				
	212	1	0.0	0.0	0.0	0.0	2	1.0196200972143452	-5.9350413927685555	230.0	23	1.05	0.95				
	213	2	178.65496612982457	36.40516290947369	0.0	0.0	2	1.0260455491623464	-6.889357999346356	230.0	24	1.05	0.95				
	214	2	130.78891860070175	26.292617656842104	0.0	0.0	2	1.0316830865330593	-6.57954472394149	230.0	26	1.05	0.95				
	215	2	213.7117896722807	43.146859744561404	0.0	0.0	2	1.0417003666635056	1.3049870452247694	230.0	26	1.05	0.95				
	216	2	67.4169683508772	13.48339367017544	0.0	0.0	2	1.0431494681347218	1.2029655458510797	230.0	26	1.05	0.95				
	217	1	0.0	0.0	0.0	0.0	2	1.0449892346252756	3.7102538908678757	230.0	27	1.05	0.95				
	218	2	224.49850460842106	45.84353847859649	0.0	0.0	2	1.0455973510521728	3.915967691123992	230.0	27	1.05	0.95				
	219	1	122.02471271508773	24.944278289824563	0.0	0.0	2	1.0413762249271756	1.21814241148374	230.0	25	1.05	0.95				
	220	1	86.29371948912281	17.52841177122807	0.0	0.0	2	1.0455759054208942	2.4976896561990647	230.0	25	1.05	0.95				
	221	2	0.0	0.0	0.0	0.0	2	1.0457688584253038	3.8075367260251336	230.0	27	1.05	0.95				
	222	2	0.0	0.0	0.0	0.0	2	1.05	10.27760622470117	230.0	27	1.05	0.95				
	223	2	0.0	0.0	0.0	0.0	2	1.05	3.6878778210160577	230.0	25	1.05	0.95				
	224	1	0.0	0.0	0.0	0.0	2	1.0171589584332188	-3.3794190659853824	230.0	26	1.05	0.95				
	301	2	58.236633966315786	11.863018030175438	0.0	0.0	3	0.9942473393229514	5.313185471169079	138.0	31	1.05	0.95				
	302	2	52.305124951228066	10.784561845614034	0.0	0.0	3	0.9940315335970331	5.283971827400494	138.0	32	1.05	0.95				
	303	1	97.06105661052631	19.951439414385963	0.0	0.0	3	1.0153565960081767	7.814842366153841	138.0	31	1.05	0.95				
	304	1	39.902878828771925	8.088421384210525	0.0	0.0	3	1.001774128968576	7.088954076529415	138.0	31	1.05	0.95				
	305	1	38.28519455192982	7.549193291929825	0.0	0.0	3	1.0139306523020049	7.100911385610689	138.0	31	1.05	0.95				
	306	1	73.33502055017543	15.09838658385965	0.0	-100.0	3	1.033400996023726	7.4754393414015015	138.0	32	1.05	0.95				
	307	2	67.40351153508772	13.480702307017541	0.0	0.0	3	0.9894323077641187	3.6871342200636015	138.0	32	1.05	0.95				
	308	1	92.20800377999998	18.87298322982456	0.0	0.0	3	1.0002296961536197	6.082902020901769	138.0	32	1.05	0.95				
	309	1	94.36491614912279	19.41221132210526	0.0	0.0	3	1.0265407273982032	10.759779617824268	138.0	33	1.05	0.95				
	310	1	105.14947799473681	21.569123691228068	0.0	0.0	3	1.05	10.603353356759134	138.0	33	1.05	0.95				
	311	1	0.0	0.0	0.0	0.0	3	1.0137139494761371	16.28369804347058	230.0	33	1.05	0.95				
	312	1	0.0	0.0	0.0	0.0	3	1.0193503420507306	17.42965299910199	230.0	33	1.05	0.95				
	313	2	142.89544445438594	29.118316983157893	0.0	0.0	3	1.0339460977709807	23.96499618027708	230.0	34	1.05	0.95				
	314	2	104.61024990245613	21.029895598947366	0.0	0.0	3	1.0135181028071474	15.078760807595744	230.0	36	1.05	0.95				
	315	2	170.9353052529824	34.51059790596491	0.0	0.0	3	1.0329798381394752	10.364492406487312	230.0	36	1.05	0.95				
	316	2	53.922809228070165	10.784561845614034	0.0	0.0	3	1.033594784251712	11.517023281905207	230.0	36	1.05	0.95				
	317	1	0.0	0.0	0.0	0.0	3	1.0399957320858297	11.092161678816304	230.0	37	1.05	0.95				
	318	2	179.56295472947366	36.667510275087714	0.0	0.0	3	1.0388051742686493	9.755002073420613	230.0	37	1.05	0.95				
	319	1	97.600284702807	19.951439414385963	0.0	0.0	3	1.032870194571434	14.043735943356532	230.0	35	1.05	0.95				
	320	1	69.02119581192981	14.019930399298245	0.0	0.0	3	1.03418461904006	15.841250583632714	230.0	35	1.05	0.95				
	321	2	0.0	0.0	0.0	0.0	3	1.0384991060307507	10.531631817506995	230.0	37	1.05	0.95				
	322	2	0.0	0.0	0.0	0.0	3	1.05	15.065881563757953	230.0	37	1.05	0.95				
	323	2	0.0	0.0	0.0	0.0	3	1.0348477648949788	16.565907521380275	230.0	35	1.05	0.95				
	324	1	0.0	0.0	0.0	0.0	3	1.0233534520142658	11.317895973374855	230.0	36	1.05	0.95				
	325	1	0.0	0.0	0.0	0.0	3	1.0373690423713173	16.340838952183994	230.0	35	1.05	0.95				
];
