%% MATPOWER Case Format : Version 2
function mpc = RTS_GMLC
mpc.version = '2';

%%-----  Power Flow Data  -----%%
%% system MVA base
mpc.baseMVA = 100.0;
%% bus data
%    bus_i    type    Pd    Qd    Gs    Bs    area    Vm    Va    baseKV    zone    Vmax    Vmin
mpc.bus = [
	101	2	77.41959426947369	15.770658091929823	0.0	0.0	1	1.032826021045235	-1.8055125234224731	138.0	11	1.05	0.95				
	102	2	69.53426522350877	14.336961901754385	0.0	0.0	1	1.0328346060753166	-1.8540952909395965	138.0	12	1.05	0.95				
	103	1	129.03265711578948	26.523379518245616	0.0	0.0	1	1.0209476331450948	-2.6387915894903218	138.0	11	1.05	0.95				
	104	1	53.04675903649123	10.752721426315789	0.0	0.0	1	1.016839510777283	-4.70321449789778	138.0	11	1.05	0.95				
	105	1	50.896214751228065	10.035873331228071	0.0	0.0	1	1.0318863743865794	-4.7083681160204325	138.0	11	1.05	0.95				
	106	1	97.49134093192983	20.071746662456142	0.0	-100.0	1	1.037248034587206	-6.986321168464581	138.0	12	1.05	0.95				
	107	2	89.6060118859649	17.921202377192984	0.0	0.0	1	1.0470889455923047	-2.348704215979965	138.0	12	1.05	0.95				
	108	1	122.58102425999999	25.089683328070173	0.0	0.0	1	1.0246787421758086	-5.581342921726798	138.0	12	1.05	0.95				
	109	1	125.44841664035087	25.806531423157892	0.0	0.0	1	1.0266518079200218	-4.133398486689399	138.0	13	1.05	0.95				
	110	1	139.78537854210526	28.67392380350877	0.0	0.0	1	1.05	-5.388295660808175	138.0	13	1.05	0.95				
	111	1	0.0	0.0	0.0	0.0	1	1.0130458129140822	-1.4972345112781773	230.0	13	1.05	0.95				
	112	1	0.0	0.0	0.0	0.0	1	1.015600495999561	-0.5059906133499761	230.0	13	1.05	0.95				
	113	3	189.9647451982456	38.709797134736846	0.0	0.0	1	1.0130814953866059	-3.919048608760044e-27	230.0	14	1.05	0.95				
	114	2	139.06853044701754	27.95707570842105	0.0	0.0	1	1.014747100214066	0.5114154711203321	230.0	16	1.05	0.95				
	115	2	227.240846142807	45.878278085614035	0.0	0.0	1	1.0444320615854632	7.8568716915185455	230.0	16	1.05	0.95				
	116	2	71.68480950877193	14.336961901754385	0.0	0.0	1	1.0424899356129411	7.65808558471631	230.0	16	1.05	0.95				
	117	1	0.0	0.0	0.0	0.0	1	1.0469062323618437	10.328210969928152	230.0	17	1.05	0.95				
	118	2	238.71041566421053	48.74567046596491	0.0	0.0	1	1.048915598925125	10.824219390805572	230.0	17	1.05	0.95				
	119	1	129.7495052108772	26.523379518245616	0.0	0.0	1	1.0372712629660563	6.775445143963357	230.0	15	1.05	0.95				
	120	1	91.75655617122807	18.6380504722807	0.0	0.0	1	1.0389845583251989	7.364346355182257	230.0	15	1.05	0.95				
	121	2	0.0	0.0	0.0	0.0	1	1.05	11.336683036535334	230.0	17	1.05	0.95				
	122	2	0.0	0.0	0.0	0.0	1	1.05	17.452590921226925	230.0	17	1.05	0.95				
	123	2	0.0	0.0	0.0	0.0	1	1.0419630214995192	8.217104967644193	230.0	15	1.05	0.95				
	124	1	0.0	0.0	0.0	0.0	1	1.0225048852417997	3.975384397600311	230.0	16	1.05	0.95				
	201	2	76.80528882947368	15.64552179859649	0.0	0.0	2	1.0388741484071837	-7.918119789949537	138.0	21	1.05	0.95				
	202	2	68.98252793017544	14.22320163508772	0.0	0.0	2	1.038847193352113	-8.04802402584444	138.0	22	1.05	0.95				
	203	1	128.00881471578947	26.312923024912276	0.0	0.0	2	1.0279741987960127	-5.630006334266156	138.0	21	1.05	0.95				
	204	1	52.62584604982455	10.66740122631579	0.0	0.0	2	1.019461186942425	-9.960237313476192	138.0	21	1.05	0.95				
	205	1	50.4923658045614	9.956241144561403	0.0	0.0	2	1.0353292819360933	-10.268844596467101	138.0	21	1.05	0.95				
	206	1	96.7177711185965	19.912482289122806	0.0	-100.0	2	1.0392270786773656	-12.266791488806453	138.0	22	1.05	0.95				
	207	2	88.89501021929824	17.77900204385965	0.0	0.0	2	0.9684973187502051	-22.990641724454406	138.0	22	1.05	0.95				
	208	1	121.60837398	24.890602861403508	0.0	0.0	2	0.9717659113817173	-19.48253665087386	138.0	22	1.05	0.95				
	209	1	124.45301430701754	25.60176294315789	0.0	0.0	2	1.0258651881203544	-8.65735240841718	138.0	23	1.05	0.95				
	210	1	138.67621594210527	28.44640327017544	0.0	0.0	2	1.05	-10.425481249314187	138.0	23	1.05	0.95				
	211	1	0.0	0.0	0.0	0.0	2	1.0236703677841825	-4.071399098664753	230.0	23	1.05	0.95				
	212	1	0.0	0.0	0.0	0.0	2	1.0195619208121296	-2.8430695694671724	230.0	23	1.05	0.95				
	213	2	188.45742166491226	38.40264441473684	0.0	0.0	2	1.0333621045576884	-0.6107909944702697	230.0	24	1.05	0.95				
	214	2	137.96505586035087	27.735243188421055	0.0	0.0	2	1.0364471830338884	-1.7530610237546527	230.0	26	1.05	0.95				
	215	2	225.43774591614033	45.5142452322807	0.0	0.0	2	1.043640075657738	5.631611243392183	230.0	26	1.05	0.95				
	216	2	71.1160081754386	14.22320163508772	0.0	0.0	2	1.0466859805994462	5.8811075784045475	230.0	26	1.05	0.95				
	217	1	0.0	0.0	0.0	0.0	2	1.0486093975407906	8.88803612002239	230.0	27	1.05	0.95				
	218	2	236.81630722421053	48.35888555929825	0.0	0.0	2	1.0499999898376242	9.693399025903116	230.0	27	1.05	0.95				
	219	1	128.71997479754387	26.312923024912276	0.0	0.0	2	1.0431372967252908	5.569956965671579	230.0	25	1.05	0.95				
	220	1	91.0284904645614	18.490162125614034	0.0	0.0	2	1.0461599979970049	6.631056437450613	230.0	25	1.05	0.95				
	221	2	0.0	0.0	0.0	0.0	2	1.05	10.05899548489119	230.0	27	1.05	0.95				
	222	2	0.0	0.0	0.0	0.0	2	1.05	16.111380418267995	230.0	27	1.05	0.95				
	223	2	0.0	0.0	0.0	0.0	2	1.05	7.729478443259498	230.0	25	1.05	0.95				
	224	1	0.0	0.0	0.0	0.0	2	1.0236731911356145	1.4329047499251226	230.0	26	1.05	0.95				
	301	2	67.76906043789475	13.804808607719298	0.0	0.0	3	1.0124436614544563	-18.735107269008	138.0	31	1.05	0.95				
	302	2	60.86665613403509	12.549826007017545	0.0	0.0	3	1.0112864223003717	-19.018246338797063	138.0	32	1.05	0.95				
	303	1	112.94843406315789	23.217178112982456	0.0	0.0	3	1.0261292701996965	-11.387074434880832	138.0	31	1.05	0.95				
	304	1	46.43435622596491	9.412369505263158	0.0	0.0	3	1.0089119606941754	-17.36271144702999	138.0	31	1.05	0.95				
	305	1	44.55188232491228	8.784878204912282	0.0	0.0	3	1.0228671654900687	-18.44468413932592	138.0	31	1.05	0.95				
	306	1	85.3388168477193	17.569756409824564	0.0	-100.0	3	1.035368522702214	-18.98180064419684	138.0	32	1.05	0.95				
	307	2	78.43641254385965	15.68728250877193	0.0	0.0	3	1.0057025240639947	-20.675100037923897	138.0	32	1.05	0.95				
	308	1	107.30101236	21.9621955122807	0.0	0.0	3	1.0023297781653888	-20.163070172647746	138.0	32	1.05	0.95				
	309	1	109.8109775614035	22.58968681263158	0.0	0.0	3	1.0285769041923938	-13.454029439632771	138.0	33	1.05	0.95				
	310	1	122.36080356842105	25.09965201403509	0.0	0.0	3	1.05	-16.141469031965098	138.0	33	1.05	0.95				
	311	1	0.0	0.0	0.0	0.0	3	1.0180059973561235	-9.140395502316716	230.0	33	1.05	0.95				
	312	1	0.0	0.0	0.0	0.0	3	1.017214482260214	-8.581645670016242	230.0	33	1.05	0.95				
	313	2	166.28519459298246	33.884530218947376	0.0	0.0	3	1.024486230356121	-5.304526705934536	230.0	34	1.05	0.95				
	314	2	121.73331226807018	24.47216071368421	0.0	0.0	3	1.027803401951274	-6.8697936682977945	230.0	36	1.05	0.95				
	315	2	198.91474221122806	40.15944322245614	0.0	0.0	3	1.04668805082939	-0.19873685011879444	230.0	36	1.05	0.95				
	316	2	62.74913003508772	12.549826007017545	0.0	0.0	3	1.0461551344647455	0.1313165318307626	230.0	36	1.05	0.95				
	317	1	0.0	0.0	0.0	0.0	3	1.05	3.841641477892131	230.0	37	1.05	0.95				
	318	2	208.9546030168421	42.66940842385965	0.0	0.0	3	1.0482740229213865	3.4155146831834693	230.0	37	1.05	0.95				
	319	1	113.57592536350877	23.217178112982456	0.0	0.0	3	1.040154349000521	-1.3239887865066253	230.0	35	1.05	0.95				
	320	1	80.31888644491228	16.314773809122805	0.0	0.0	3	1.040315396948354	-1.4095864632689834	230.0	35	1.05	0.95				
	321	2	0.0	0.0	0.0	0.0	3	1.05	3.896145517112482	230.0	37	1.05	0.95				
	322	2	0.0	0.0	0.0	0.0	3	1.05	9.651697417065503	230.0	37	1.05	0.95				
	323	2	0.0	0.0	0.0	0.0	3	1.0418298729918085	-0.9915143732690357	230.0	35	1.05	0.95				
	324	1	0.0	0.0	0.0	0.0	3	1.0249495551983896	-4.35051354921726	230.0	36	1.05	0.95				
	325	1	0.0	0.0	0.0	0.0	3	1.0393946392325095	0.03650841774855161	230.0	35	1.05	0.95				
];
