%% MATPOWER Case Format : Version 2
function mpc = RTS_GMLC
mpc.version = '2';

%%-----  Power Flow Data  -----%%
%% system MVA base
mpc.baseMVA = 100.0;
%% bus data
%    bus_i    type    Pd    Qd    Gs    Bs    area    Vm    Va    baseKV    zone    Vmax    Vmin
mpc.bus = [
	101	2	58.969816938947375	12.012370117192981	0.0	0.0	1	1.040273429787937	1.7580926670165822	138.0	11	1.05	0.95				
	102	2	52.96363188035087	10.920336470175439	0.0	0.0	1	1.0397198091631472	1.5780418560931617	138.0	12	1.05	0.95				
	103	1	98.28302823157894	20.20262246982456	0.0	0.0	1	1.025449664750243	-0.7647653777838238	138.0	11	1.05	0.95				
	104	1	40.40524493964912	8.190252352631578	0.0	0.0	1	1.0231086099068578	-1.8154827548663974	138.0	11	1.05	0.95				
	105	1	38.7671944691228	7.644235529122807	0.0	0.0	1	1.037502144863433	-1.7599203359665678	138.0	11	1.05	0.95				
	106	1	74.25828799719298	15.288471058245614	0.0	-100.0	1	1.0434380773089578	-4.2765527528833	138.0	12	1.05	0.95				
	107	2	68.2521029385965	13.650420587719298	0.0	0.0	1	1.0137430216103203	-6.6176479907221095	138.0	12	1.05	0.95				
	108	1	93.36887682	19.110588822807014	0.0	0.0	1	1.0097390057915778	-6.8974181242304455	138.0	12	1.05	0.95				
	109	1	95.55294411403507	19.656605646315786	0.0	0.0	1	1.0251296546304913	-2.779019191610598	138.0	13	1.05	0.95				
	110	1	106.47328058421053	21.840672940350878	0.0	0.0	1	1.05	-3.6361274245790316	138.0	13	1.05	0.95				
	111	1	0.0	0.0	0.0	0.0	1	1.0064719492935428	-0.8252152616470538	230.0	13	1.05	0.95				
	112	1	0.0	0.0	0.0	0.0	1	1.0109117494148852	-0.1577706428177341	230.0	13	1.05	0.95				
	113	3	144.69445822982453	29.484908469473687	0.0	0.0	1	1.0016839530006758	7.082642178561286e-30	230.0	14	1.05	0.95				
	114	2	105.92726376070173	21.294656116842106	0.0	0.0	1	1.0038479784965466	0.9458641433490673	230.0	16	1.05	0.95				
	115	2	173.08733305228068	34.9450767045614	0.0	0.0	1	1.0369369526979426	7.044618779857085	230.0	16	1.05	0.95				
	116	2	54.60168235087719	10.920336470175439	0.0	0.0	1	1.033735812024171	6.7006027885767026	230.0	16	1.05	0.95				
	117	1	0.0	0.0	0.0	0.0	1	1.039845843686747	8.698317583699666	230.0	17	1.05	0.95				
	118	2	181.82360222842104	37.12914399859649	0.0	0.0	1	1.0416088964926924	8.708666328397978	230.0	17	1.05	0.95				
	119	1	98.82904505508772	20.20262246982456	0.0	0.0	1	1.0282564204797355	5.815310267279125	230.0	15	1.05	0.95				
	120	1	69.8901534091228	14.196437411228068	0.0	0.0	1	1.0277981066033821	6.094417764714076	230.0	15	1.05	0.95				
	121	2	0.0	0.0	0.0	0.0	1	1.0450912178135905	9.968461067621039	230.0	17	1.05	0.95				
	122	2	0.0	0.0	0.0	0.0	1	1.05	16.693197048174653	230.0	17	1.05	0.95				
	123	2	0.0	0.0	0.0	0.0	1	1.0287150496257285	6.664380777517784	230.0	15	1.05	0.95				
	124	1	0.0	0.0	0.0	0.0	1	1.022638739626601	4.127550863191324	230.0	16	1.05	0.95				
	201	2	55.99748148631579	11.406894376842104	0.0	0.0	2	1.0317951868952164	-7.76066014311264	138.0	21	1.05	0.95				
	202	2	50.29403429789473	10.369903978947368	0.0	0.0	2	1.032167528120795	-7.749050792315309	138.0	22	1.05	0.95				
	203	1	93.32913581052631	19.18432236105263	0.0	0.0	2	1.0215848955532325	-6.831636921158775	138.0	21	1.05	0.95				
	204	1	38.36864472210526	7.777427984210526	0.0	0.0	2	1.018983917220759	-9.906564743333155	138.0	21	1.05	0.95				
	205	1	36.813159125263155	7.258932785263158	0.0	0.0	2	1.0343008065548052	-10.108465625895347	138.0	21	1.05	0.95				
	206	1	70.5153470568421	14.517865570526316	0.0	-100.0	2	1.043120852466972	-11.911907953072394	138.0	22	1.05	0.95				
	207	2	64.81189986842105	12.96237997368421	0.0	0.0	2	0.9896054497470382	-19.699679334223	138.0	22	1.05	0.95				
	208	1	88.66267901999998	18.147331963157892	0.0	0.0	2	0.9931285521899469	-17.275414865536902	138.0	22	1.05	0.95				
	209	1	90.73665981578947	18.665827162105263	0.0	0.0	2	1.0236319325460344	-9.563386918762278	138.0	23	1.05	0.95				
	210	1	101.10656379473684	20.739807957894737	0.0	0.0	2	1.05	-10.846726833157918	138.0	23	1.05	0.95				
	211	1	0.0	0.0	0.0	0.0	2	1.0100004093447348	-6.51741798651127	230.0	23	1.05	0.95				
	212	1	0.0	0.0	0.0	0.0	2	1.0107664232018214	-5.819446034923253	230.0	23	1.05	0.95				
	213	2	137.4012277210526	27.998740743157896	0.0	0.0	2	1.0061045873039964	-5.450789985635913	230.0	24	1.05	0.95				
	214	2	100.58806859578947	20.22131275894737	0.0	0.0	2	1.0151487916416873	-3.6995378203706246	230.0	26	1.05	0.95				
	215	2	164.36297806631578	33.18369273263158	0.0	0.0	2	1.0328432190996784	3.551910103667919	230.0	26	1.05	0.95				
	216	2	51.84951989473684	10.369903978947368	0.0	0.0	2	1.0340214906876515	3.4272730831163263	230.0	26	1.05	0.95				
	217	1	0.0	0.0	0.0	0.0	2	1.0386822175774808	6.226937392162893	230.0	27	1.05	0.95				
	218	2	172.65890124947367	35.25767352842105	0.0	0.0	2	1.0404595713283742	6.775801083958739	230.0	27	1.05	0.95				
	219	1	93.84763100947369	19.18432236105263	0.0	0.0	2	1.0320011106300384	2.6592665531680266	230.0	25	1.05	0.95				
	220	1	66.36738546526315	13.48087517263158	0.0	0.0	2	1.0341802325648413	2.988773150514699	230.0	25	1.05	0.95				
	221	2	0.0	0.0	0.0	0.0	2	1.040213085024822	6.454529456630327	230.0	27	1.05	0.95				
	222	2	0.0	0.0	0.0	0.0	2	1.05	12.867508964054814	230.0	27	1.05	0.95				
	223	2	0.0	0.0	0.0	0.0	2	1.0364067127771184	3.5592490877933374	230.0	25	1.05	0.95				
	224	1	0.0	0.0	0.0	0.0	2	1.0157670470217566	-0.3341955331789102	230.0	26	1.05	0.95				
	301	2	48.20879466947369	9.820310025263158	0.0	0.0	3	1.0087233615586657	-12.563954597571541	138.0	31	1.05	0.95				
	302	2	43.298639656842106	8.927554568421053	0.0	0.0	3	1.0082162276202562	-12.69686839256764	138.0	32	1.05	0.95				
	303	1	80.34799111578947	16.515975951578945	0.0	0.0	3	1.0271252179279704	-6.458919785867122	138.0	31	1.05	0.95				
	304	1	33.03195190315789	6.6956659263157885	0.0	0.0	3	1.010173251903661	-11.301714390800885	138.0	31	1.05	0.95				
	305	1	31.69281871789473	6.249288197894738	0.0	0.0	3	1.0235650840814026	-12.038220733264303	138.0	31	1.05	0.95				
	306	1	60.70737106526316	12.498576395789476	0.0	-100.0	3	1.039977294834955	-12.274747216046201	138.0	32	1.05	0.95				
	307	2	55.79721605263157	11.159443210526316	0.0	0.0	3	0.9939727234691125	-17.21616590374013	138.0	32	1.05	0.95				
	308	1	76.33059155999999	15.62322049473684	0.0	0.0	3	0.9993344984169874	-15.188627938486686	138.0	32	1.05	0.95				
	309	1	78.11610247368421	16.069598223157893	0.0	0.0	3	1.0258601367121174	-8.331070842577251	138.0	33	1.05	0.95				
	310	1	87.04365704210527	17.855109136842106	0.0	0.0	3	1.05	-10.076238678458186	138.0	33	1.05	0.95				
	311	1	0.0	0.0	0.0	0.0	3	1.007095220598236	-4.731973509789506	230.0	33	1.05	0.95				
	312	1	0.0	0.0	0.0	0.0	3	1.0107091937280557	-4.400546256222563	230.0	33	1.05	0.95				
	313	2	118.29009803157892	24.104397334736845	0.0	0.0	3	1.0092030509142793	-1.4701982927638741	230.0	34	1.05	0.95				
	314	2	86.59727931368421	17.40873140842105	0.0	0.0	3	1.0061020940294403	-3.003455177456695	230.0	36	1.05	0.95				
	315	2	141.50173990947368	28.568174618947367	0.0	0.0	3	1.027318402104237	-0.6734960338246702	230.0	36	1.05	0.95				
	316	2	44.637772842105264	8.927554568421053	0.0	0.0	3	1.0265315464832614	0.13281876665707093	230.0	36	1.05	0.95				
	317	1	0.0	0.0	0.0	0.0	3	1.0327778973600528	1.2398361753292098	230.0	37	1.05	0.95				
	318	2	148.64378356421054	30.35368553263158	0.0	0.0	3	1.0312282823134904	0.6379464998164764	230.0	37	1.05	0.95				
	319	1	80.79436884421052	16.515975951578945	0.0	0.0	3	1.0228022587156682	-0.17833888816962093	230.0	35	1.05	0.95				
	320	1	57.136349237894734	11.60582093894737	0.0	0.0	3	1.021433820031852	-0.09855618557052603	230.0	35	1.05	0.95				
	321	2	0.0	0.0	0.0	0.0	3	1.032026300666367	0.7516607088850018	230.0	37	1.05	0.95				
	322	2	0.0	0.0	0.0	0.0	3	1.0456100847129461	5.2866808234588065	230.0	37	1.05	0.95				
	323	2	0.0	0.0	0.0	0.0	3	1.0211166125841593	0.19965812824663431	230.0	35	1.05	0.95				
	324	1	0.0	0.0	0.0	0.0	3	1.0204099803798756	-2.130521022593892	230.0	36	1.05	0.95				
	325	1	0.0	0.0	0.0	0.0	3	1.0211373779043815	1.038677868262665	230.0	35	1.05	0.95				
];
