%% MATPOWER Case Format : Version 2
function mpc = RTS_GMLC
mpc.version = '2';

%%-----  Power Flow Data  -----%%
%% system MVA base
mpc.baseMVA = 100.0;
%% bus data
%    bus_i    type    Pd    Qd    Gs    Bs    area    Vm    Va    baseKV    zone    Vmax    Vmin
mpc.bus = [
	101	2	74.60069271157896	15.196437404210528	0.0	0.0	1	1.038468240425136	0.010667422063054318	138.0	11	1.05	0.95				
	102	2	67.00247400947367	13.814943094736842	0.0	0.0	1	1.0384729579299958	-0.055976526250768516	138.0	12	1.05	0.95				
	103	1	124.3344878526316	25.557644725263156	0.0	0.0	1	1.0237048500085126	-2.0902692255542537	138.0	11	1.05	0.95				
	104	1	51.11528945052631	10.361207321052632	0.0	0.0	1	1.0210428682832247	-3.5140258457865414	138.0	11	1.05	0.95				
	105	1	49.043047986315784	9.67046016631579	0.0	0.0	1	1.0345727334447197	-3.6821030266329626	138.0	11	1.05	0.95				
	106	1	93.94161304421054	19.34092033263158	0.0	-100.0	1	1.038823130244758	-6.379440501941537	138.0	12	1.05	0.95				
	107	2	86.34339434210526	17.268678868421052	0.0	0.0	1	1.044467658919405	-5.286370064192553	138.0	12	1.05	0.95				
	108	1	118.11776346	24.176150415789472	0.0	0.0	1	1.0241659549243145	-7.1717484756085055	138.0	12	1.05	0.95				
	109	1	120.88075207894737	24.866897570526312	0.0	0.0	1	1.0266524304625848	-4.116296085894865	138.0	13	1.05	0.95				
	110	1	134.69569517368421	27.629886189473684	0.0	0.0	1	1.05	-5.2733849854150865	138.0	13	1.05	0.95				
	111	1	0.0	0.0	0.0	0.0	1	1.010024766388721	-1.701235609467412	230.0	13	1.05	0.95				
	112	1	0.0	0.0	0.0	0.0	1	1.0148755947654096	-1.0232258895510633	230.0	13	1.05	0.95				
	113	3	183.04799600526314	37.30034635578948	0.0	0.0	1	1.0101739995508552	3.879655360231316e-29	230.0	14	1.05	0.95				
	114	2	134.00494801894735	26.939139034736844	0.0	0.0	1	1.0077518368485379	-0.1092600792296693	230.0	16	1.05	0.95				
	115	2	218.96684805157895	44.207817903157896	0.0	0.0	1	1.0420821760198942	6.885756079695542	230.0	16	1.05	0.95				
	116	2	69.07471547368421	13.814943094736842	0.0	0.0	1	1.0388865470957145	6.288395159071855	230.0	16	1.05	0.95				
	117	1	0.0	0.0	0.0	0.0	1	1.0445949534309107	8.934550229030924	230.0	17	1.05	0.95				
	118	2	230.01880252736845	46.97080652210527	0.0	0.0	1	1.0470761883703597	9.362351872797891	230.0	17	1.05	0.95				
	119	1	125.02523500736842	25.557644725263156	0.0	0.0	1	1.0325026133597712	4.924247072910478	230.0	15	1.05	0.95				
	120	1	88.41563580631579	17.959426023157896	0.0	0.0	1	1.0327547371409234	4.908849336362015	230.0	15	1.05	0.95				
	121	2	0.0	0.0	0.0	0.0	1	1.049999944734947	10.563402106344252	230.0	17	1.05	0.95				
	122	2	0.0	0.0	0.0	0.0	1	1.05	16.43795257338785	230.0	17	1.05	0.95				
	123	2	0.0	0.0	0.0	0.0	1	1.0346644055795664	5.418420821063484	230.0	15	1.05	0.95				
	124	1	0.0	0.0	0.0	0.0	1	1.023885438047965	3.5536077151893655	230.0	16	1.05	0.95				
	201	2	79.38926492210527	16.171887298947368	0.0	0.0	2	1.038521309831284	-16.211070913163724	138.0	21	1.05	0.95				
	202	2	71.30332127263158	14.70171572631579	0.0	0.0	2	1.0386925319777893	-16.34076146713257	138.0	22	1.05	0.95				
	203	1	132.31544153684212	27.19817409368421	0.0	0.0	2	1.0238971000175958	-11.675565914164226	138.0	21	1.05	0.95				
	204	1	54.39634818736842	11.026286794736842	0.0	0.0	2	1.017925582373889	-18.022504094446486	138.0	21	1.05	0.95				
	205	1	52.191090828421046	10.291201008421053	0.0	0.0	2	1.03481934908154	-18.565363599825545	138.0	21	1.05	0.95				
	206	1	99.97166693894738	20.582402016842106	0.0	-100.0	2	1.0384812204845268	-20.58398189163786	138.0	22	1.05	0.95				
	207	2	91.88572328947369	18.377144657894736	0.0	0.0	2	0.9617342228856349	-31.531906113958897	138.0	22	1.05	0.95				
	208	1	125.69966946	25.72800252105263	0.0	0.0	2	0.9660468403728872	-27.87145337554801	138.0	22	1.05	0.95				
	209	1	128.64001260526317	26.46308830736842	0.0	0.0	2	1.0241018852186348	-16.42564605811015	138.0	23	1.05	0.95				
	210	1	143.34172833157893	29.40343145263158	0.0	0.0	2	1.05	-18.648969830220555	138.0	23	1.05	0.95				
	211	1	0.0	0.0	0.0	0.0	2	1.0283730575744727	-12.12030321151609	230.0	23	1.05	0.95				
	212	1	0.0	0.0	0.0	0.0	2	1.0203911316224572	-10.760913435843753	230.0	23	1.05	0.95				
	213	2	194.7977333736842	39.694632461052635	0.0	0.0	2	1.0374014339193531	-9.800150761445703	230.0	24	1.05	0.95				
	214	2	142.60664254526316	28.66834566631579	0.0	0.0	2	1.0469462609615394	-8.928913989314243	230.0	26	1.05	0.95				
	215	2	233.02219426210527	47.045490324210526	0.0	0.0	2	1.0447006919476016	0.6882451570560767	230.0	26	1.05	0.95				
	216	2	73.50857863157894	14.70171572631579	0.0	0.0	2	1.048135759730286	0.1378367865055505	230.0	26	1.05	0.95				
	217	1	0.0	0.0	0.0	0.0	2	1.048022511327313	3.462444259761907	230.0	27	1.05	0.95				
	218	2	244.7835668431579	49.98583346947369	0.0	0.0	2	1.0496596619958587	3.989760046033613	230.0	27	1.05	0.95				
	219	1	133.0505273231579	27.19817409368421	0.0	0.0	2	1.0437964076144948	-0.5267366801741409	230.0	25	1.05	0.95				
	220	1	94.09098064842105	19.112230444210525	0.0	0.0	2	1.04639838358466	0.2693674521485687	230.0	25	1.05	0.95				
	221	2	0.0	0.0	0.0	0.0	2	1.05	4.1525795594033115	230.0	27	1.05	0.95				
	222	2	0.0	0.0	0.0	0.0	2	1.05	10.393675539997313	230.0	27	1.05	0.95				
	223	2	0.0	0.0	0.0	0.0	2	1.05	1.2402006725711503	230.0	25	1.05	0.95				
	224	1	0.0	0.0	0.0	0.0	2	1.0213342896182571	-3.901098172389641	230.0	26	1.05	0.95				
	301	2	78.20689653473684	15.931034479298248	0.0	0.0	3	1.014650390047561	-6.945716759492031	138.0	31	1.05	0.95				
	302	2	70.24137929508773	14.482758617543862	0.0	0.0	3	1.013034034290616	-7.260595311512697	138.0	32	1.05	0.95				
	303	1	130.34482755789475	26.79310344245614	0.0	0.0	3	1.0494985902999026	6.9205039193062285	138.0	31	1.05	0.95				
	304	1	53.58620688491228	10.862068963157895	0.0	0.0	3	1.0071980781529986	-4.977290345035647	138.0	31	1.05	0.95				
	305	1	51.4137930922807	10.137931032280703	0.0	0.0	3	1.0225994614819613	-6.787871212232722	138.0	31	1.05	0.95				
	306	1	98.48275859929826	20.275862064561405	0.0	-100.0	3	1.0328738415821455	-7.480284427873232	138.0	32	1.05	0.95				
	307	2	90.51724135964912	18.103448271929825	0.0	0.0	3	0.9784868986044392	-14.35269829601498	138.0	32	1.05	0.95				
	308	1	123.82758618	25.344827580701757	0.0	0.0	3	0.982200082394744	-10.86122365424182	138.0	32	1.05	0.95				
	309	1	126.72413790350878	26.068965511578945	0.0	0.0	3	1.0290304164171682	-0.16591963224119557	138.0	33	1.05	0.95				
	310	1	141.2068965210526	28.965517235087724	0.0	0.0	3	1.05	-4.310126933171687	138.0	33	1.05	0.95				
	311	1	0.0	0.0	0.0	0.0	3	1.0223177988227738	2.5687070325858654	230.0	33	1.05	0.95				
	312	1	0.0	0.0	0.0	0.0	3	1.0239702042348853	3.305109146361973	230.0	33	1.05	0.95				
	313	2	191.89655168245613	39.10344826736842	0.0	0.0	3	1.035606467584308	7.470272954076609	230.0	34	1.05	0.95				
	314	2	140.48275859017545	28.24137930421053	0.0	0.0	3	1.028486406153587	3.02013736504095	230.0	36	1.05	0.95				
	315	2	229.5517240880702	46.34482757614036	0.0	0.0	3	1.049825633606713	3.8548222124120675	230.0	36	1.05	0.95				
	316	2	72.4137930877193	14.482758617543862	0.0	0.0	3	1.0445716933262699	3.82416159594166	230.0	36	1.05	0.95				
	317	1	0.0	0.0	0.0	0.0	3	1.0487995853672911	4.963385276716332	230.0	37	1.05	0.95				
	318	2	241.1379309821053	49.24137929964913	0.0	0.0	3	1.0477824836291578	4.279360290568971	230.0	37	1.05	0.95				
	319	1	131.06896548877194	26.79310344245614	0.0	0.0	3	1.0380249010982787	3.6801019426654578	230.0	35	1.05	0.95				
	320	1	92.68965515228072	18.82758620280702	0.0	0.0	3	1.037775689234631	4.577574062356039	230.0	35	1.05	0.95				
	321	2	0.0	0.0	0.0	0.0	3	1.05	5.663198320275203	230.0	37	1.05	0.95				
	322	2	0.0	0.0	0.0	0.0	3	1.05	9.734392806554158	230.0	37	1.05	0.95				
	323	2	0.0	0.0	0.0	0.0	3	1.038717849426889	5.199134709448256	230.0	35	1.05	0.95				
	324	1	0.0	0.0	0.0	0.0	3	1.0488496571460568	6.544133301537809	230.0	36	1.05	0.95				
	325	1	0.0	0.0	0.0	0.0	3	1.0392494353741706	5.656204162125558	230.0	35	1.05	0.95				
];
