%% MATPOWER Case Format : Version 2
function mpc = RTS_GMLC
mpc.version = '2';

%%-----  Power Flow Data  -----%%
%% system MVA base
mpc.baseMVA = 100.0;
%% bus data
%    bus_i    type    Pd    Qd    Gs    Bs    area    Vm    Va    baseKV    zone    Vmax    Vmin
mpc.bus = [
	101	2	63.13805048842105	12.861454729122807	0.0	0.0	1	1.0320259687266815	1.8427341892312634	138.0	11	1.05	0.95				
	102	2	56.707323123859645	11.692231571929824	0.0	0.0	1	1.0320782351927342	1.7969175749862447	138.0	12	1.05	0.95				
	103	1	105.2300841473684	21.630628408070173	0.0	0.0	1	1.0246422049898218	0.23696423332843308	138.0	11	1.05	0.95				
	104	1	43.261256816140346	8.769173678947368	0.0	0.0	1	1.018455718632977	-1.6161165477806663	138.0	11	1.05	0.95				
	105	1	41.50742208035087	8.184562100350878	0.0	0.0	1	1.032922437977315	-1.5122831086279247	138.0	11	1.05	0.95				
	106	1	79.5071746891228	16.369124200701755	0.0	-100.0	1	1.0405611413601603	-3.9280385784629472	138.0	12	1.05	0.95				
	107	2	73.0764473245614	14.615289464912278	0.0	0.0	1	1.04080760603964	-2.4720012150168653	138.0	12	1.05	0.95				
	108	1	99.96857993999998	20.461405250877192	0.0	0.0	1	1.0250472360117129	-4.32126234235528	138.0	12	1.05	0.95				
	109	1	102.30702625438595	21.046016829473682	0.0	0.0	1	1.025978851471088	-2.041149903287478	138.0	13	1.05	0.95				
	110	1	113.99925782631577	23.384463143859648	0.0	0.0	1	1.05	-3.066306477283377	138.0	13	1.05	0.95				
	111	1	0.0	0.0	0.0	0.0	1	1.0075536554883555	-0.1832034878286482	230.0	13	1.05	0.95				
	112	1	0.0	0.0	0.0	0.0	1	1.0126267443754398	0.31068475129498263	230.0	13	1.05	0.95				
	113	3	154.92206832807017	31.569025244210525	0.0	0.0	1	1.0031339741671825	-7.325748595245324e-30	230.0	14	1.05	0.95				
	114	2	113.41464624771929	22.799851565263154	0.0	0.0	1	1.0054599119633787	2.1310184480262246	230.0	16	1.05	0.95				
	115	2	185.3218704150877	37.415141030175434	0.0	0.0	1	1.0420877486751017	9.428160014798888	230.0	16	1.05	0.95				
	116	2	58.46115785964911	11.692231571929824	0.0	0.0	1	1.0389697147992811	8.837786489281605	230.0	16	1.05	0.95				
	117	1	0.0	0.0	0.0	0.0	1	1.0448312868213263	11.576409670817144	230.0	17	1.05	0.95				
	118	2	194.67565567263156	39.7535873445614	0.0	0.0	1	1.047705296175532	11.960703657795134	230.0	17	1.05	0.95				
	119	1	105.8146957259649	21.630628408070173	0.0	0.0	1	1.0330136049758252	7.382935226815883	230.0	15	1.05	0.95				
	120	1	74.83028206035087	15.19990104350877	0.0	0.0	1	1.0327828619948034	7.232740433263411	230.0	15	1.05	0.95				
	121	2	0.0	0.0	0.0	0.0	1	1.05	12.691749278026013	230.0	17	1.05	0.95				
	122	2	0.0	0.0	0.0	0.0	1	1.05	19.777894815197925	230.0	17	1.05	0.95				
	123	2	0.0	0.0	0.0	0.0	1	1.0339014651051561	7.590686235037983	230.0	15	1.05	0.95				
	124	1	0.0	0.0	0.0	0.0	1	1.0239963224774995	6.012082965649174	230.0	16	1.05	0.95				
	201	2	73.35432079578948	14.94254682877193	0.0	0.0	2	1.0351897565024735	-12.513050876385496	138.0	21	1.05	0.95				
	202	2	65.8830473814035	13.584133480701755	0.0	0.0	2	1.0353443768526234	-12.629533532904558	138.0	22	1.05	0.95				
	203	1	122.2572013263158	25.130646939298245	0.0	0.0	2	1.0239630265504143	-8.723296963524446	138.0	21	1.05	0.95				
	204	1	50.26129387859649	10.188100110526316	0.0	0.0	2	1.0175023889852899	-14.548550866986952	138.0	21	1.05	0.95				
	205	1	48.22367385649123	9.50889343649123	0.0	0.0	2	1.0338104535797976	-15.011754515245324	138.0	21	1.05	0.95				
	206	1	92.37210766877195	19.01778687298246	0.0	-100.0	2	1.039222019166515	-17.057863110355008	138.0	22	1.05	0.95				
	207	2	84.90083425438597	16.980166850877193	0.0	0.0	2	0.9747856558432867	-27.194285096755134	138.0	22	1.05	0.95				
	208	1	116.14434125999999	23.77223359122807	0.0	0.0	2	0.9767098309015885	-23.865579928986147	138.0	22	1.05	0.95				
	209	1	118.86116795614035	24.45144026526316	0.0	0.0	2	1.0240619818303534	-13.366378479745757	138.0	23	1.05	0.95				
	210	1	132.4453014368421	27.16826696140351	0.0	0.0	2	1.05	-15.407884907088311	138.0	23	1.05	0.95				
	211	1	0.0	0.0	0.0	0.0	2	1.0226823651290473	-9.431087719419057	230.0	23	1.05	0.95				
	212	1	0.0	0.0	0.0	0.0	2	1.0182561404118133	-8.483424464250817	230.0	23	1.05	0.95				
	213	2	179.98976861929822	36.67716039789474	0.0	0.0	2	1.0279835694820796	-7.418909936803024	230.0	24	1.05	0.95				
	214	2	131.766094762807	26.48906028736842	0.0	0.0	2	1.0369658129557857	-6.340912864170259	230.0	26	1.05	0.95				
	215	2	215.30851566912278	43.469227138245614	0.0	0.0	2	1.0426021133271421	2.4969175113688515	230.0	26	1.05	0.95				
	216	2	67.92066740350877	13.584133480701755	0.0	0.0	2	1.0457061131888985	2.1987565092795576	230.0	26	1.05	0.95				
	217	1	0.0	0.0	0.0	0.0	2	1.0469887732974106	5.756598738652862	230.0	27	1.05	0.95				
	218	2	226.1758224536842	46.18605383438597	0.0	0.0	2	1.04942593638714	6.416433315141377	230.0	27	1.05	0.95				
	219	1	122.93640800035088	25.130646939298245	0.0	0.0	2	1.042975054134446	1.3549059189554225	230.0	25	1.05	0.95				
	220	1	86.93845427649123	17.65937352491228	0.0	0.0	2	1.0463418310459394	1.894691006032808	230.0	25	1.05	0.95				
	221	2	0.0	0.0	0.0	0.0	2	1.0499999891128942	6.5775426301609	230.0	27	1.05	0.95				
	222	2	0.0	0.0	0.0	0.0	2	1.05	12.767052577267402	230.0	27	1.05	0.95				
	223	2	0.0	0.0	0.0	0.0	2	1.05	2.6848361168659487	230.0	25	1.05	0.95				
	224	1	0.0	0.0	0.0	0.0	2	1.021593652048065	-1.6742073891616887	230.0	26	1.05	0.95				
	301	2	53.214172711578954	10.839924070877194	0.0	0.0	3	1.011104083506677	-13.357381202237312	138.0	31	1.05	0.95				
	302	2	47.79421067614035	9.854476428070177	0.0	0.0	3	1.010107121108351	-13.569998652789229	138.0	32	1.05	0.95				
	303	1	88.69028785263158	18.230781391929828	0.0	0.0	3	1.0403752187013375	-3.8759385119522713	138.0	31	1.05	0.95				
	304	1	36.461562783859655	7.390857321052631	0.0	0.0	3	1.011198015769422	-11.96587980866704	138.0	31	1.05	0.95				
	305	1	34.98339131964912	6.898133499649124	0.0	0.0	3	1.0243071182771075	-13.452076039043908	138.0	31	1.05	0.95				
	306	1	67.01043971087721	13.796266999298249	0.0	-100.0	3	1.0391152198613174	-14.072900008249679	138.0	32	1.05	0.95				
	307	2	61.59047767543859	12.31809553508772	0.0	0.0	3	0.9920718851010001	-19.2474019767172	138.0	32	1.05	0.95				
	308	1	84.25577346	17.245333749122807	0.0	0.0	3	0.9965696927145908	-16.975744805036214	138.0	32	1.05	0.95				
	309	1	86.22666874561405	17.738057570526315	0.0	0.0	3	1.0282119851680105	-8.646930123660892	138.0	33	1.05	0.95				
	310	1	96.0811451736842	19.708952856140353	0.0	0.0	3	1.05	-11.96244295201993	138.0	33	1.05	0.95				
	311	1	0.0	0.0	0.0	0.0	3	1.0117356534793445	-6.143127985007821	230.0	33	1.05	0.95				
	312	1	0.0	0.0	0.0	0.0	3	1.0141641500423997	-5.68625821078107	230.0	33	1.05	0.95				
	313	2	130.57181267192982	26.607086355789477	0.0	0.0	3	1.0131147742581186	-3.047267941378023	230.0	34	1.05	0.95				
	314	2	95.5884213522807	19.21622903473684	0.0	0.0	3	1.0140418238788174	-4.606358570367846	230.0	36	1.05	0.95				
	315	2	156.19345138491227	31.534324569824562	0.0	0.0	3	1.0405073608050839	0.366756833963225	230.0	36	1.05	0.95				
	316	2	49.27238214035088	9.854476428070177	0.0	0.0	3	1.038307724121334	0.5106313737060933	230.0	36	1.05	0.95				
	317	1	0.0	0.0	0.0	0.0	3	1.043832941336424	2.088195394314185	230.0	37	1.05	0.95				
	318	2	164.07703252736843	33.505219855438604	0.0	0.0	3	1.0440280330890164	2.006130927506997	230.0	37	1.05	0.95				
	319	1	89.1830116740351	18.230781391929828	0.0	0.0	3	1.0323333886795525	-0.5922800311375916	230.0	35	1.05	0.95				
	320	1	63.068649139649125	12.81081935649123	0.0	0.0	3	1.0308741806409316	-0.6078227531813787	230.0	35	1.05	0.95				
	321	2	0.0	0.0	0.0	0.0	3	1.0461224632827608	2.9636470131369146	230.0	37	1.05	0.95				
	322	2	0.0	0.0	0.0	0.0	3	1.05	6.952775175847881	230.0	37	1.05	0.95				
	323	2	0.0	0.0	0.0	0.0	3	1.0309117747180214	-0.24114130385850438	230.0	35	1.05	0.95				
	324	1	0.0	0.0	0.0	0.0	3	1.0337092821805898	-1.233355699521214	230.0	36	1.05	0.95				
	325	1	0.0	0.0	0.0	0.0	3	1.0290974926577279	0.8521880780983393	230.0	35	1.05	0.95				
];
