%% MATPOWER Case Format : Version 2
function mpc = RTS_GMLC
mpc.version = '2';

%%-----  Power Flow Data  -----%%
%% system MVA base
mpc.baseMVA = 100.0;
%% bus data
%    bus_i    type    Pd    Qd    Gs    Bs    area    Vm    Va    baseKV    zone    Vmax    Vmin
mpc.bus = [
	101	2	66.63829786105264	13.574468082807018	0.0	0.0	1	1.0421130041568967	2.4773335591032666	138.0	11	1.05	0.95				
	102	2	59.85106381964912	12.34042552982456	0.0	0.0	1	1.041501291686779	2.235716088147528	138.0	12	1.05	0.95				
	103	1	111.06382976842106	22.829787230175437	0.0	0.0	1	1.029808471962287	0.527775635513047	138.0	11	1.05	0.95				
	104	1	45.659574460350875	9.255319147368422	0.0	0.0	1	1.0239574648971368	-1.5425484508886314	138.0	11	1.05	0.95				
	105	1	43.80851063087719	8.638297870877194	0.0	0.0	1	1.0368399295451072	-1.7770747274398264	138.0	11	1.05	0.95				
	106	1	83.91489360280703	17.276595741754388	0.0	-100.0	1	1.0412347704376492	-4.7699051874640785	138.0	12	1.05	0.95				
	107	2	77.1276595614035	15.425531912280702	0.0	0.0	1	1.0199737159139313	-9.17402221013842	138.0	12	1.05	0.95				
	108	1	105.51063828	21.595744677192982	0.0	0.0	1	1.0107294032553398	-8.738559790890143	138.0	12	1.05	0.95				
	109	1	107.9787233859649	22.21276595368421	0.0	0.0	1	1.0262244617036944	-2.9735737114980054	138.0	13	1.05	0.95				
	110	1	120.31914891578947	24.68085105964912	0.0	0.0	1	1.05	-4.192694399288647	138.0	13	1.05	0.95				
	111	1	0.0	0.0	0.0	0.0	1	1.0094971746510513	-0.898156176484037	230.0	13	1.05	0.95				
	112	1	0.0	0.0	0.0	0.0	1	1.0151128855848877	-0.5025383549654798	230.0	13	1.05	0.95				
	113	3	163.51063827017543	33.31914893052632	0.0	0.0	1	1.0085419465662642	-9.141830886266698e-27	230.0	14	1.05	0.95				
	114	2	119.70212763929824	24.063829783157896	0.0	0.0	1	1.0069502284524543	1.0927339201867878	230.0	16	1.05	0.95				
	115	2	195.5957446477193	39.489361695438596	0.0	0.0	1	1.0413776412075175	8.242011676343541	230.0	16	1.05	0.95				
	116	2	61.70212764912281	12.34042552982456	0.0	0.0	1	1.0388754945050849	7.564779643092301	230.0	16	1.05	0.95				
	117	1	0.0	0.0	0.0	0.0	1	1.043758118229281	10.185794558322787	230.0	17	1.05	0.95				
	118	2	205.46808507157897	41.95744680140351	0.0	0.0	1	1.045832752382821	10.524643354977552	230.0	17	1.05	0.95				
	119	1	111.68085104491227	22.829787230175437	0.0	0.0	1	1.0337399331295463	6.056389664574202	230.0	15	1.05	0.95				
	120	1	78.97872339087719	16.04255318877193	0.0	0.0	1	1.0336709135081692	5.479681956411709	230.0	15	1.05	0.95				
	121	2	0.0	0.0	0.0	0.0	1	1.0486735295631573	11.919250091870534	230.0	17	1.05	0.95				
	122	2	0.0	0.0	0.0	0.0	1	1.05	18.265971913757898	230.0	17	1.05	0.95				
	123	2	0.0	0.0	0.0	0.0	1	1.03498759095171	5.62590142421526	230.0	15	1.05	0.95				
	124	1	0.0	0.0	0.0	0.0	1	1.0271047950274188	5.360874671845206	230.0	16	1.05	0.95				
	201	2	83.01023139789473	16.90949158105263	0.0	0.0	2	1.0386282252818846	-17.20941385378588	138.0	21	1.05	0.95				
	202	2	74.55548560736841	15.372265073684211	0.0	0.0	2	1.039047631258651	-17.304726309623685	138.0	22	1.05	0.95				
	203	1	138.35038566315788	28.438690386315784	0.0	0.0	2	1.0181230936432144	-13.656841177424877	138.0	21	1.05	0.95				
	204	1	56.87738077263157	11.529198805263155	0.0	0.0	2	1.0175235596629368	-18.732041617878313	138.0	21	1.05	0.95				
	205	1	54.57154101157894	10.760585551578947	0.0	0.0	2	1.0345236312707253	-19.1931663456031	138.0	21	1.05	0.95				
	206	1	104.53140250105261	21.521171103157894	0.0	-100.0	2	1.0377249026729036	-21.028916386772057	138.0	22	1.05	0.95				
	207	2	96.0766567105263	19.21533134210526	0.0	0.0	2	0.9537295243500308	-32.51409131600199	138.0	22	1.05	0.95				
	208	1	131.43286637999998	26.90146387894736	0.0	0.0	2	0.959524429777901	-28.645882347784138	138.0	22	1.05	0.95				
	209	1	134.5073193947368	27.670077132631572	0.0	0.0	2	1.0243517138088136	-16.789124626234948	138.0	23	1.05	0.95				
	210	1	149.87958446842103	30.744530147368422	0.0	0.0	2	1.05	-18.79205826365964	138.0	23	1.05	0.95				
	211	1	0.0	0.0	0.0	0.0	2	1.0298721679696814	-13.062838569865539	230.0	23	1.05	0.95				
	212	1	0.0	0.0	0.0	0.0	2	1.0260414158384124	-8.65887333320471	230.0	23	1.05	0.95				
	213	2	203.68251222631577	41.505115698947364	0.0	0.0	2	1.039298095252819	-10.815448966693207	230.0	24	1.05	0.95				
	214	2	149.11097121473682	29.975916893684207	0.0	0.0	2	1.046576220755808	-10.481370610016512	230.0	26	1.05	0.95				
	215	2	243.65040141789473	49.19124823578947	0.0	0.0	2	1.0424499072273847	-1.5015088844644475	230.0	26	1.05	0.95				
	216	2	76.86132536842103	15.372265073684211	0.0	0.0	2	1.0462463479362032	-2.055400636616303	230.0	26	1.05	0.95				
	217	1	0.0	0.0	0.0	0.0	2	1.0460550654368859	1.2025024348070816	230.0	27	1.05	0.95				
	218	2	255.94821347684208	52.265701250526305	0.0	0.0	2	1.0471410331052258	1.2930730120046021	230.0	27	1.05	0.95				
	219	1	139.1189989168421	28.438690386315784	0.0	0.0	2	1.0423732606655307	-2.87652349257421	230.0	25	1.05	0.95				
	220	1	98.38249647157895	19.98394459578947	0.0	0.0	2	1.045806628004955	-2.1508865580152348	230.0	25	1.05	0.95				
	221	2	0.0	0.0	0.0	0.0	2	1.047105048902019	1.1272540756429494	230.0	27	1.05	0.95				
	222	2	0.0	0.0	0.0	0.0	2	1.05	7.666332038389521	230.0	27	1.05	0.95				
	223	2	0.0	0.0	0.0	0.0	2	1.05	-1.1952094037670888	230.0	25	1.05	0.95				
	224	1	0.0	0.0	0.0	0.0	2	1.0180896120671445	-5.9978228593985685	230.0	26	1.05	0.95				
	301	2	77.42106928421053	15.770958557894737	0.0	0.0	3	0.9748317826182571	-11.498919921684466	138.0	31	1.05	0.95				
	302	2	69.53559000526315	14.337235052631577	0.0	0.0	3	0.9763712574884856	-11.591687892965108	138.0	32	1.05	0.95				
	303	1	129.03511547368421	26.523884847368418	0.0	0.0	3	0.9920714166116378	-6.684261970213739	138.0	31	1.05	0.95				
	304	1	53.047769694736836	10.752926289473685	0.0	0.0	3	0.9722149083274056	-8.829207117215551	138.0	31	1.05	0.95				
	305	1	50.8971844368421	10.036064536842106	0.0	0.0	3	0.9840366169060337	-9.01301542773385	138.0	31	1.05	0.95				
	306	1	97.49319835789474	20.072129073684213	0.0	-100.0	3	0.9972899234402777	-8.447604350758004	138.0	32	1.05	0.95				
	307	2	89.60771907894737	17.921543815789473	0.0	0.0	3	0.952057837790596	-14.450118362246247	138.0	32	1.05	0.95				
	308	1	122.58335969999999	25.09016134210526	0.0	0.0	3	0.9585440640645764	-10.851913760699537	138.0	32	1.05	0.95				
	309	1	125.45080671052631	25.80702309473684	0.0	0.0	3	0.997188922138862	-3.471785063384237	138.0	33	1.05	0.95				
	310	1	139.78804176315788	28.674470105263154	0.0	0.0	3	1.0172314567048288	-4.079674200438161	138.0	33	1.05	0.95				
	311	1	0.0	0.0	0.0	0.0	3	0.9924782881783147	4.1315122196149705	230.0	33	1.05	0.95				
	312	1	0.0	0.0	0.0	0.0	3	0.9963176606883705	5.715272642324098	230.0	33	1.05	0.95				
	313	2	189.9683644473684	38.710534642105266	0.0	0.0	3	1.0247282136079034	13.440884308469865	230.0	34	1.05	0.95				
	314	2	139.0711800105263	27.95760835263158	0.0	0.0	3	1.002711292326076	3.5467773583286335	230.0	36	1.05	0.95				
	315	2	227.2451755842105	45.87915216842105	0.0	0.0	3	1.032313277121459	-0.5757688973982751	230.0	36	1.05	0.95				
	316	2	71.68617526315789	14.337235052631577	0.0	0.0	3	1.0321202400020273	1.2899872457669064	230.0	36	1.05	0.95				
	317	1	0.0	0.0	0.0	0.0	3	1.0368296891292803	0.32315772572487345	230.0	37	1.05	0.95				
	318	2	238.71496362631578	48.74659917894737	0.0	0.0	3	1.0355246690828268	-0.78691985174267	230.0	37	1.05	0.95				
	319	1	129.7519772263158	26.523884847368418	0.0	0.0	3	1.028051737366783	3.9955276847530397	230.0	35	1.05	0.95				
	320	1	91.7583043368421	18.638405568421053	0.0	0.0	3	1.0289775931089458	6.292647681424965	230.0	35	1.05	0.95				
	321	2	0.0	0.0	0.0	0.0	3	1.0365457078164897	-0.10716810458923628	230.0	37	1.05	0.95				
	322	2	0.0	0.0	0.0	0.0	3	1.049995030135907	4.368181243550627	230.0	37	1.05	0.95				
	323	2	0.0	0.0	0.0	0.0	3	1.0303639356955796	7.332255746584865	230.0	35	1.05	0.95				
	324	1	0.0	0.0	0.0	0.0	3	1.0115470061339975	-0.7319699231691827	230.0	36	1.05	0.95				
	325	1	0.0	0.0	0.0	0.0	3	1.0317097786183946	7.730414042988083	230.0	35	1.05	0.95				
];
