%% MATPOWER Case Format : Version 2
function mpc = RTS_GMLC
mpc.version = '2';

%%-----  Power Flow Data  -----%%
%% system MVA base
mpc.baseMVA = 100.0;
%% bus data
%    bus_i    type    Pd    Qd    Gs    Bs    area    Vm    Va    baseKV    zone    Vmax    Vmin
mpc.bus = [
	101	2	53.85304303578948	10.970064322105264	0.0	0.0	1	1.0320069619181216	1.180885009526425	138.0	11	1.05	0.95				
	102	2	48.36801087473684	9.972785747368421	0.0	0.0	1	1.0315690912970532	1.0106493908489642	138.0	12	1.05	0.95				
	103	1	89.75507172631579	18.44965363263158	0.0	0.0	1	1.027848213331442	0.19503568283713776	138.0	11	1.05	0.95				
	104	1	36.89930726526316	7.4795893105263165	0.0	0.0	1	1.0195491589978716	-2.207604334963908	138.0	11	1.05	0.95				
	105	1	35.403389403157895	6.980950023157896	0.0	0.0	1	1.0340785398293366	-2.1015413717946423	138.0	11	1.05	0.95				
	106	1	67.81494308210527	13.961900046315792	0.0	-100.0	1	1.042965477364017	-4.440408449404618	138.0	12	1.05	0.95				
	107	2	62.32991092105264	12.465982184210526	0.0	0.0	1	1.005542065479143	-10.538208278822934	138.0	12	1.05	0.95				
	108	1	85.26731814	17.452375057894738	0.0	0.0	1	1.0048420703074579	-9.038602126070153	138.0	12	1.05	0.95				
	109	1	87.26187528947369	17.951014345263157	0.0	0.0	1	1.0252212943216663	-2.81739223718722	138.0	13	1.05	0.95				
	110	1	97.23466103684211	19.945571494736843	0.0	0.0	1	1.05	-3.8528009975188677	138.0	13	1.05	0.95				
	111	1	0.0	0.0	0.0	0.0	1	1.0073538259778365	-0.451851054932709	230.0	13	1.05	0.95				
	112	1	0.0	0.0	0.0	0.0	1	1.0121259545472259	-0.32495398640014383	230.0	13	1.05	0.95				
	113	3	132.13941115263157	26.92652151789474	0.0	0.0	1	1.0032302399033202	-1.4786681415653317e-28	230.0	14	1.05	0.95				
	114	2	96.73602174947368	19.446932207368423	0.0	0.0	1	1.0067084681928002	2.139321721088897	230.0	16	1.05	0.95				
	115	2	158.06865409578947	31.91291439157895	0.0	0.0	1	1.0425503609677433	9.48279908552343	230.0	16	1.05	0.95				
	116	2	49.863928736842105	9.972785747368421	0.0	0.0	1	1.0396511858544404	8.683110408129302	230.0	16	1.05	0.95				
	117	1	0.0	0.0	0.0	0.0	1	1.0435743734488858	11.882621324603358	230.0	17	1.05	0.95				
	118	2	166.0468826936842	33.90747154105264	0.0	0.0	1	1.0474512438846888	11.926464496969631	230.0	17	1.05	0.95				
	119	1	90.25371101368421	18.44965363263158	0.0	0.0	1	1.032735136981061	6.77468602988901	230.0	15	1.05	0.95				
	120	1	63.8258287831579	12.96462147157895	0.0	0.0	1	1.0310042953317295	6.063026208757442	230.0	15	1.05	0.95				
	121	2	0.0	0.0	0.0	0.0	1	1.05	13.119495422031006	230.0	17	1.05	0.95				
	122	2	0.0	0.0	0.0	0.0	1	1.05	24.556912787536092	230.0	17	1.05	0.95				
	123	2	0.0	0.0	0.0	0.0	1	1.0308647916531513	6.050019992951167	230.0	15	1.05	0.95				
	124	1	0.0	0.0	0.0	0.0	1	1.0253706114006722	6.020665061152041	230.0	16	1.05	0.95				
	201	2	64.53140248421053	13.14528569122807	0.0	0.0	2	1.0292012243743045	-14.36116618560277	138.0	21	1.05	0.95				
	202	2	57.95875963859649	11.950259719298247	0.0	0.0	2	1.029653548205169	-14.380549532823094	138.0	22	1.05	0.95				
	203	1	107.55233747368422	22.107980480701755	0.0	0.0	2	1.017283779471573	-12.052779087829128	138.0	21	1.05	0.95				
	204	1	44.21596096140351	8.962694789473684	0.0	0.0	2	1.0161983273191209	-16.308473950248192	138.0	21	1.05	0.95				
	205	1	42.42342200350877	8.365181803508772	0.0	0.0	2	1.031934693504688	-16.651220008232613	138.0	21	1.05	0.95				
	206	1	81.26176609122808	16.730363607017544	0.0	-100.0	2	1.0402808558258139	-18.49092642113375	138.0	22	1.05	0.95				
	207	2	74.68912324561404	14.937824649122808	0.0	0.0	2	0.9881308632223359	-27.3941239643302	138.0	22	1.05	0.95				
	208	1	102.17472060000001	20.912954508771932	0.0	0.0	2	0.9884965724712895	-24.52324027560563	138.0	22	1.05	0.95				
	209	1	104.56477254385965	21.510467494736844	0.0	0.0	2	1.0234233741899494	-15.448878919517684	138.0	23	1.05	0.95				
	210	1	116.51503226315789	23.900519438596493	0.0	0.0	2	1.05	-17.073632021410145	138.0	23	1.05	0.95				
	211	1	0.0	0.0	0.0	0.0	2	1.0164013580274818	-11.8208553423798	230.0	23	1.05	0.95				
	212	1	0.0	0.0	0.0	0.0	2	1.0149679899694477	-10.951787120890286	230.0	23	1.05	0.95				
	213	2	158.34094128070174	32.265701242105266	0.0	0.0	2	1.0175161407753832	-10.496852765385595	230.0	24	1.05	0.95				
	214	2	115.91751927719298	23.303006452631582	0.0	0.0	2	1.02646483399948	-8.561513482056943	230.0	26	1.05	0.95				
	215	2	189.4116165508772	38.24083110175439	0.0	0.0	2	1.0368671723061516	-0.06522909603548113	230.0	26	1.05	0.95				
	216	2	59.75129859649123	11.950259719298247	0.0	0.0	2	1.040353879552706	-0.30463135574899564	230.0	26	1.05	0.95				
	217	1	0.0	0.0	0.0	0.0	2	1.0422222861336587	2.9414432856273067	230.0	27	1.05	0.95				
	218	2	198.97182432631578	40.63088304561404	0.0	0.0	2	1.0437154434845584	3.2600920769396087	230.0	27	1.05	0.95				
	219	1	108.14985045964913	22.107980480701755	0.0	0.0	2	1.040212367815052	-1.0377362020021859	230.0	25	1.05	0.95				
	220	1	76.48166220350878	15.535337635087721	0.0	0.0	2	1.0448772357891396	-0.5455868145435209	230.0	25	1.05	0.95				
	221	2	0.0	0.0	0.0	0.0	2	1.0433671592753928	2.9128315718843907	230.0	27	1.05	0.95				
	222	2	0.0	0.0	0.0	0.0	2	1.05	9.42978238629873	230.0	27	1.05	0.95				
	223	2	0.0	0.0	0.0	0.0	2	1.048852997925182	0.16037405584943826	230.0	25	1.05	0.95				
	224	1	0.0	0.0	0.0	0.0	2	1.0145798128610217	-4.518717995201118	230.0	26	1.05	0.95				
	301	2	49.69503322105264	10.123062322807018	0.0	0.0	3	1.007839328871926	-17.17193025522915	138.0	31	1.05	0.95				
	302	2	44.633502059649125	9.202783929824562	0.0	0.0	3	1.0073319958098368	-17.289626430807754	138.0	32	1.05	0.95				
	303	1	82.82505536842105	17.02515027017544	0.0	0.0	3	1.0231700782875952	-11.345970888624285	138.0	31	1.05	0.95				
	304	1	34.05030054035088	6.902087947368421	0.0	0.0	3	1.0095184313480676	-15.758887955860908	138.0	31	1.05	0.95				
	305	1	32.669882950877195	6.441948750877194	0.0	0.0	3	1.022856039595769	-16.528463984072665	138.0	31	1.05	0.95				
	306	1	62.57893072280702	12.883897501754388	0.0	-100.0	3	1.0393425557308151	-16.709781258467217	138.0	32	1.05	0.95				
	307	2	57.517399561403515	11.503479912280703	0.0	0.0	3	0.9934648922987512	-21.818897719483623	138.0	32	1.05	0.95				
	308	1	78.68380259999999	16.104871877192984	0.0	0.0	3	0.9984537052959419	-19.717365068231235	138.0	32	1.05	0.95				
	309	1	80.52435938596491	16.56501107368421	0.0	0.0	3	1.0260965839974074	-12.624085784236234	138.0	33	1.05	0.95				
	310	1	89.72714331578948	18.405567859649125	0.0	0.0	3	1.05	-14.405342666059783	138.0	33	1.05	0.95				
	311	1	0.0	0.0	0.0	0.0	3	1.010912586244106	-8.141386742459988	230.0	33	1.05	0.95				
	312	1	0.0	0.0	0.0	0.0	3	1.0120355855258751	-7.834407085131665	230.0	33	1.05	0.95				
	313	2	121.93688707017544	24.84751661052632	0.0	0.0	3	1.0126633779096743	-4.727844205311815	230.0	34	1.05	0.95				
	314	2	89.26700411929825	17.945428663157895	0.0	0.0	3	1.0174491137462058	-5.701131304289136	230.0	36	1.05	0.95				
	315	2	145.8641252877193	29.448908575438598	0.0	0.0	3	1.0413809314856377	-0.25934115763925736	230.0	36	1.05	0.95				
	316	2	46.01391964912281	9.202783929824562	0.0	0.0	3	1.0409821750464423	0.47190897577280816	230.0	36	1.05	0.95				
	317	1	0.0	0.0	0.0	0.0	3	1.05	5.067161638982169	230.0	37	1.05	0.95				
	318	2	153.22635243157896	31.28946536140351	0.0	0.0	3	1.0456515341245265	3.0404732372407928	230.0	37	1.05	0.95				
	319	1	83.28519456491229	17.02515027017544	0.0	0.0	3	1.0354400563079962	-0.862599523920438	230.0	35	1.05	0.95				
	320	1	58.897817150877195	11.963619108771931	0.0	0.0	3	1.0340681074803153	-1.1472477619762156	230.0	35	1.05	0.95				
	321	2	0.0	0.0	0.0	0.0	3	1.0455594030223256	2.5546317011456314	230.0	37	1.05	0.95				
	322	2	0.0	0.0	0.0	0.0	3	1.05	7.883202509025712	230.0	37	1.05	0.95				
	323	2	0.0	0.0	0.0	0.0	3	1.0339533346089576	-0.9551251424727835	230.0	35	1.05	0.95				
	324	1	0.0	0.0	0.0	0.0	3	1.0207199965143863	-4.382148316857297	230.0	36	1.05	0.95				
	325	1	0.0	0.0	0.0	0.0	3	1.0313152276939166	0.22651714422753574	230.0	35	1.05	0.95				
];
