%% MATPOWER Case Format : Version 2
function mpc = RTS_GMLC
mpc.version = '2';

%%-----  Power Flow Data  -----%%
%% system MVA base
mpc.baseMVA = 100.0;
%% bus data
%    bus_i    type    Pd    Qd    Gs    Bs    area    Vm    Va    baseKV    zone    Vmax    Vmin
mpc.bus = [
	101	2	94.61355764210528	19.273132112280702	0.0	0.0	1	1.0462503644387007	-1.043328386011786	138.0	11	1.05	0.95				
	102	2	84.97699158596491	17.521029192982457	0.0	0.0	1	1.0460676650230005	-1.2071294979881373	138.0	12	1.05	0.95				
	103	1	157.6892627368421	32.41390400701754	0.0	0.0	1	1.0214316787095816	-1.8796203945533414	138.0	11	1.05	0.95				
	104	1	64.82780801403509	13.140771894736842	0.0	0.0	1	1.0223240434121925	-4.762111818421537	138.0	11	1.05	0.95				
	105	1	62.199653635087714	12.26472043508772	0.0	0.0	1	1.0356504120220713	-5.30929449044163	138.0	11	1.05	0.95				
	106	1	119.14299851228071	24.52944087017544	0.0	-100.0	1	1.0348112569100594	-8.50712266379572	138.0	12	1.05	0.95				
	107	2	109.50643245614036	21.90128649122807	0.0	0.0	1	1.05	-8.368815789328123	138.0	12	1.05	0.95				
	108	1	149.8047996	30.661801087719297	0.0	0.0	1	1.021669586152318	-10.099575622203746	138.0	12	1.05	0.95				
	109	1	153.3090054385965	31.537852547368416	0.0	0.0	1	1.0270636372614272	-5.2023123393725745	138.0	13	1.05	0.95				
	110	1	170.83003463157894	35.042058385964914	0.0	0.0	1	1.05	-6.941995959649252	138.0	13	1.05	0.95				
	111	1	0.0	0.0	0.0	0.0	1	1.01825461824276	-1.9762323127121488	230.0	13	1.05	0.95				
	112	1	0.0	0.0	0.0	0.0	1	1.019223957617453	-1.2179820268584032	230.0	13	1.05	0.95				
	113	3	232.15363680701753	47.30677882105264	0.0	0.0	1	1.0222523147481126	1.849541203684352e-29	230.0	14	1.05	0.95				
	114	2	169.95398317192982	34.16600692631579	0.0	0.0	1	1.0244328715874578	0.3813704314081952	230.0	16	1.05	0.95				
	115	2	277.7083127087719	56.067293417543866	0.0	0.0	1	1.0429963932679922	9.850790713515403	230.0	16	1.05	0.95				
	116	2	87.60514596491228	17.521029192982457	0.0	0.0	1	1.0434652725970572	9.067791325013323	230.0	16	1.05	0.95				
	117	1	0.0	0.0	0.0	0.0	1	1.047118867721467	12.857797974081775	230.0	17	1.05	0.95				
	118	2	291.7251360631579	59.571499256140356	0.0	0.0	1	1.05	13.857910022042429	230.0	17	1.05	0.95				
	119	1	158.56531419649122	32.41390400701754	0.0	0.0	1	1.038816127669762	7.228191586870587	230.0	15	1.05	0.95				
	120	1	112.13458683508773	22.777337950877193	0.0	0.0	1	1.042361885543582	6.891430426884239	230.0	15	1.05	0.95				
	121	2	0.0	0.0	0.0	0.0	1	1.05	15.030613084581203	230.0	17	1.05	0.95				
	122	2	0.0	0.0	0.0	0.0	1	1.05	20.71124939164812	230.0	17	1.05	0.95				
	123	2	0.0	0.0	0.0	0.0	1	1.0468584049918266	7.346944856842791	230.0	15	1.05	0.95				
	124	1	0.0	0.0	0.0	0.0	1	1.0202253454061136	5.5011037338633955	230.0	16	1.05	0.95				
	201	2	96.21910909894737	19.600188890526315	0.0	0.0	2	1.05	-18.661760547602388	138.0	21	1.05	0.95				
	202	2	86.4190146536842	17.818353536842103	0.0	0.0	2	1.05	-18.845698726213232	138.0	22	1.05	0.95				
	203	1	160.36518183157895	32.9639540431579	0.0	0.0	2	1.020673634315574	-13.43109218678681	138.0	21	1.05	0.95				
	204	1	65.9279080863158	13.363765152631576	0.0	0.0	2	1.0176008334090303	-19.991210988283655	138.0	21	1.05	0.95				
	205	1	63.25515505578947	12.472847475789473	0.0	0.0	2	1.0363016984949072	-20.600971312877267	138.0	21	1.05	0.95				
	206	1	121.16480405052631	24.945694951578947	0.0	-100.0	2	1.03301347332667	-22.55286862521647	138.0	22	1.05	0.95				
	207	2	111.36470960526314	22.27294192105263	0.0	0.0	2	0.95	-32.12871826273447	138.0	22	1.05	0.95				
	208	1	152.34692274	31.182118689473683	0.0	0.0	2	0.9525299052586773	-29.23076277740994	138.0	22	1.05	0.95				
	209	1	155.91059344736843	32.07303636631579	0.0	0.0	2	1.0202219416352056	-17.32316322176007	138.0	23	1.05	0.95				
	210	1	173.7289469842105	35.63670707368421	0.0	0.0	2	1.0452379521745072	-19.793453733873186	138.0	23	1.05	0.95				
	211	1	0.0	0.0	0.0	0.0	2	1.0294691517445518	-11.679482982398666	230.0	23	1.05	0.95				
	212	1	0.0	0.0	0.0	0.0	2	1.017791252834171	-10.07140246892264	230.0	23	1.05	0.95				
	213	2	236.09318436315786	48.109554549473685	0.0	0.0	2	1.05	-7.735840372794831	230.0	24	1.05	0.95				
	214	2	172.8380293073684	34.745789396842106	0.0	0.0	2	1.05	-8.603401290681164	230.0	26	1.05	0.95				
	215	2	282.4209035589473	57.01873131789473	0.0	0.0	2	1.0428542929570797	1.4975301623109083	230.0	26	1.05	0.95				
	216	2	89.09176768421052	17.818353536842103	0.0	0.0	2	1.0469034877126877	1.3040036376857922	230.0	26	1.05	0.95				
	217	1	0.0	0.0	0.0	0.0	2	1.0489571368677724	4.80002844625872	230.0	27	1.05	0.95				
	218	2	296.67558638842104	60.58240202526316	0.0	0.0	2	1.05	5.279271638659752	230.0	27	1.05	0.95				
	219	1	161.25609950842104	32.9639540431579	0.0	0.0	2	1.041301233687423	1.1171540084502063	230.0	25	1.05	0.95				
	220	1	114.03746263578947	23.16385959789474	0.0	0.0	2	1.0447789463643384	2.6236621605484483	230.0	25	1.05	0.95				
	221	2	0.0	0.0	0.0	0.0	2	1.05	5.751615982736238	230.0	27	1.05	0.95				
	222	2	0.0	0.0	0.0	0.0	2	1.05	11.890232739467118	230.0	27	1.05	0.95				
	223	2	0.0	0.0	0.0	0.0	2	1.05	4.093351180523559	230.0	25	1.05	0.95				
	224	1	0.0	0.0	0.0	0.0	2	1.0152532902355214	-4.040413916014721	230.0	26	1.05	0.95				
	301	2	73.28693451789474	14.928819994385965	0.0	0.0	3	1.000258492839657	0.7961214467265906	138.0	31	1.05	0.95				
	302	2	65.82252452070175	13.571654540350877	0.0	0.0	3	1.001459210802454	0.7082518834588386	138.0	32	1.05	0.95				
	303	1	122.1448908631579	25.107560899649123	0.0	0.0	3	1.0139047990568604	5.465614293521589	138.0	31	1.05	0.95				
	304	1	50.215121799298245	10.178740905263158	0.0	0.0	3	0.9990147324306766	3.17089545415293	138.0	31	1.05	0.95				
	305	1	48.17937361824561	9.500158178245615	0.0	0.0	3	1.0116957920199225	2.908378187789312	138.0	31	1.05	0.95				
	306	1	92.28725087438598	19.00031635649123	0.0	-100.0	3	1.0263724088432649	3.337572267924161	138.0	32	1.05	0.95				
	307	2	84.82284087719299	16.964568175438597	0.0	0.0	3	0.9833042925868778	-1.229370500481798	138.0	32	1.05	0.95				
	308	1	116.03764632	23.750395445614032	0.0	0.0	3	0.9914245317244239	1.9220823450429319	138.0	32	1.05	0.95				
	309	1	118.75197722807019	24.428978172631577	0.0	0.0	3	1.0222996136184777	7.973827968502428	138.0	33	1.05	0.95				
	310	1	132.32363176842105	27.143309080701755	0.0	0.0	3	1.0444144461609095	7.216505988375055	138.0	33	1.05	0.95				
	311	1	0.0	0.0	0.0	0.0	3	1.0130479861219959	14.604241236703329	230.0	33	1.05	0.95				
	312	1	0.0	0.0	0.0	0.0	3	1.0175245729383882	15.86360986620393	230.0	33	1.05	0.95				
	313	2	179.82442265964912	36.64346725894737	0.0	0.0	3	1.0412758465530207	23.212390516837345	230.0	34	1.05	0.95				
	314	2	131.6450490414035	26.46472635368421	0.0	0.0	3	1.0171664277920647	13.867067585496262	230.0	36	1.05	0.95				
	315	2	215.1107244645614	43.42929452912281	0.0	0.0	3	1.040969255140748	11.496516034794958	230.0	36	1.05	0.95				
	316	2	67.85827270175439	13.571654540350877	0.0	0.0	3	1.039410056068761	12.431807249655396	230.0	36	1.05	0.95				
	317	1	0.0	0.0	0.0	0.0	3	1.0446410607416485	12.30576321956269	230.0	37	1.05	0.95				
	318	2	225.9680480968421	46.14362543719299	0.0	0.0	3	1.0451328362881085	11.437566233574763	230.0	37	1.05	0.95				
	319	1	122.82347359017545	25.107560899649123	0.0	0.0	3	1.0361004162281626	13.836839750125902	230.0	35	1.05	0.95				
	320	1	86.85858905824561	17.64315090245614	0.0	0.0	3	1.037179183708864	15.394807117685586	230.0	35	1.05	0.95				
	321	2	0.0	0.0	0.0	0.0	3	1.0469582631718277	13.112696560499039	230.0	37	1.05	0.95				
	322	2	0.0	0.0	0.0	0.0	3	1.05	18.180855938037567	230.0	37	1.05	0.95				
	323	2	0.0	0.0	0.0	0.0	3	1.0383416601602249	16.12606444723984	230.0	35	1.05	0.95				
	324	1	0.0	0.0	0.0	0.0	3	1.0251257549507364	11.257027607685112	230.0	36	1.05	0.95				
	325	1	0.0	0.0	0.0	0.0	3	1.0403653098798595	16.03880980365498	230.0	35	1.05	0.95				
];

%% generator data
%    bus    Pg    Qg    Qmax    Qmin    Vg    mBase    status    Pmax    Pmin    Pc1    Pc2    Qc1min    Qc1max    Qc2min    Qc2max    ramp_agc    ramp_10    ramp_30    ramp_q    apf
