%% MATPOWER Case Format : Version 2
function mpc = RTS_GMLC
mpc.version = '2';

%%-----  Power Flow Data  -----%%
%% system MVA base
mpc.baseMVA = 100.0;
%% bus data
%    bus_i    type    Pd    Qd    Gs    Bs    area    Vm    Va    baseKV    zone    Vmax    Vmin
mpc.bus = [
	101	2	59.03661554526316	12.025977240701753	0.0	0.0	1	1.0355544562126662	2.29559481748271	138.0	11	1.05	0.95				
	102	2	53.02362692491228	10.93270658245614	0.0	0.0	1	1.035606979346407	2.2622500832316037	138.0	12	1.05	0.95				
	103	1	98.39435924210525	20.225507177543857	0.0	0.0	1	1.0253204956988553	0.16853240869787395	138.0	11	1.05	0.95				
	104	1	40.451014355087715	8.199529936842104	0.0	0.0	1	1.0204417374443153	-1.2309480943929147	138.0	11	1.05	0.95				
	105	1	38.81110836771929	7.652894607719299	0.0	0.0	1	1.0352101801632676	-1.0680533507703052	138.0	11	1.05	0.95				
	106	1	74.34240476070175	15.305789215438597	0.0	-100.0	1	1.0424853720922496	-3.4596429542293388	138.0	12	1.05	0.95				
	107	2	68.32941614035087	13.665883228070175	0.0	0.0	1	1.032730749993749	-2.3897711495395138	138.0	12	1.05	0.95				
	108	1	93.47464127999999	19.132236519298242	0.0	0.0	1	1.0213312707276485	-4.07508731505289	138.0	12	1.05	0.95				
	109	1	95.66118259649123	19.67887184842105	0.0	0.0	1	1.0254474162680542	-1.8880760091283038	138.0	13	1.05	0.95				
	110	1	106.59388917894736	21.86541316491228	0.0	0.0	1	1.05	-2.765047885289611	138.0	13	1.05	0.95				
	111	1	0.0	0.0	0.0	0.0	1	1.0058337663317647	-0.24538507726323325	230.0	13	1.05	0.95				
	112	1	0.0	0.0	0.0	0.0	1	1.0107926857814753	0.2714713381390618	230.0	13	1.05	0.95				
	113	3	144.85836221754386	29.51830777263158	0.0	0.0	1	0.9997211224833324	-3.28824769684744e-29	230.0	14	1.05	0.95				
	114	2	106.04725384982456	21.318777835789472	0.0	0.0	1	1.0028469839763037	1.7353424005877431	230.0	16	1.05	0.95				
	115	2	173.28339933192981	34.98466106385965	0.0	0.0	1	1.0388497286569782	8.29814245685357	230.0	16	1.05	0.95				
	116	2	54.6635329122807	10.93270658245614	0.0	0.0	1	1.0351937608117798	7.761965325497423	230.0	16	1.05	0.95				
	117	1	0.0	0.0	0.0	0.0	1	1.0419221033944286	9.96929079210254	230.0	17	1.05	0.95				
	118	2	182.02956459789473	37.17120238035088	0.0	0.0	1	1.0442036509515895	10.193133192521215	230.0	17	1.05	0.95				
	119	1	98.94099457122807	20.225507177543857	0.0	0.0	1	1.028967025317021	6.529934596770072	230.0	15	1.05	0.95				
	120	1	69.9693221277193	14.212518557192983	0.0	0.0	1	1.0279905309632575	6.5102657669987245	230.0	15	1.05	0.95				
	121	2	0.0	0.0	0.0	0.0	1	1.0473156422870746	11.144471432365133	230.0	17	1.05	0.95				
	122	2	0.0	0.0	0.0	0.0	1	1.05	17.209342431239342	230.0	17	1.05	0.95				
	123	2	0.0	0.0	0.0	0.0	1	1.0285594553055597	6.916360658932668	230.0	15	1.05	0.95				
	124	1	0.0	0.0	0.0	0.0	1	1.0234299699928169	5.267228104534027	230.0	16	1.05	0.95				
	201	2	62.304423119999996	12.691641746666665	0.0	0.0	2	1.0331301378314839	-8.848471330344449	138.0	21	1.05	0.95				
	202	2	55.958602246666665	11.537856133333333	0.0	0.0	2	1.0333041896628201	-8.925314558468171	138.0	22	1.05	0.95				
	203	1	103.84070519999999	21.345033846666666	0.0	0.0	2	1.023427816137842	-6.864109328265912	138.0	21	1.05	0.95				
	204	1	42.69006769333333	8.6533921	0.0	0.0	2	1.0184207837335788	-11.191972761298471	138.0	21	1.05	0.95				
	205	1	40.95938927333333	8.076499293333333	0.0	0.0	2	1.0340694174798983	-11.467188901117288	138.0	21	1.05	0.95				
	206	1	78.45742170666668	16.152998586666666	0.0	-100.0	2	1.0416012407607707	-13.48565856517841	138.0	22	1.05	0.95				
	207	2	72.11160083333333	14.422320166666665	0.0	0.0	2	0.98832237113898	-22.200107526792177	138.0	22	1.05	0.95				
	208	1	98.64866994	20.19124823333333	0.0	0.0	2	0.9896928425391143	-19.44859454686721	138.0	22	1.05	0.95				
	209	1	100.95624116666666	20.76814104	0.0	0.0	2	1.0238106571586159	-10.705871961547036	138.0	23	1.05	0.95				
	210	1	112.49409729999999	23.075712266666667	0.0	0.0	2	1.05	-12.301273820242479	138.0	23	1.05	0.95				
	211	1	0.0	0.0	0.0	0.0	2	1.0136864615435668	-7.630256995624498	230.0	23	1.05	0.95				
	212	1	0.0	0.0	0.0	0.0	2	1.0138127243152162	-6.663039164762622	230.0	23	1.05	0.95				
	213	2	152.87659376666664	31.152211559999998	0.0	0.0	2	1.0131296115204622	-6.34356288114796	230.0	24	1.05	0.95				
	214	2	111.91720449333333	22.49881946	0.0	0.0	2	1.0201409225029048	-4.857313165105392	230.0	26	1.05	0.95				
	215	2	182.87501971333333	36.921139626666665	0.0	0.0	2	1.033340849872241	2.5784121868005925	230.0	26	1.05	0.95				
	216	2	57.68928066666666	11.537856133333333	0.0	0.0	2	1.036274864549794	2.5862657516145746	230.0	26	1.05	0.95				
	217	1	0.0	0.0	0.0	0.0	2	1.0395432794781698	5.4382405877377815	230.0	27	1.05	0.95				
	218	2	192.10530462	39.22871085333334	0.0	0.0	2	1.0409009954821509	5.836991355501777	230.0	27	1.05	0.95				
	219	1	104.41759800666665	21.345033846666666	0.0	0.0	2	1.0363581484282103	2.1665219763403716	230.0	25	1.05	0.95				
	220	1	73.84227925333333	14.999212973333334	0.0	0.0	2	1.040985086457064	2.8995764670023894	230.0	25	1.05	0.95				
	221	2	0.0	0.0	0.0	0.0	2	1.0406286166689114	5.510813659728787	230.0	27	1.05	0.95				
	222	2	0.0	0.0	0.0	0.0	2	1.05	11.985266886993116	230.0	27	1.05	0.95				
	223	2	0.0	0.0	0.0	0.0	2	1.0449421496097273	3.7254676992201654	230.0	25	1.05	0.95				
	224	1	0.0	0.0	0.0	0.0	2	1.0178799271815278	-0.9587950586744028	230.0	26	1.05	0.95				
	301	2	43.15216702736842	8.790256246315789	0.0	0.0	3	1.0087488704526508	-14.017641492113928	138.0	31	1.05	0.95				
	302	2	38.757038904210525	7.991142042105263	0.0	0.0	3	1.0086665517647553	-14.126126585460094	138.0	32	1.05	0.95				
	303	1	71.92027837894737	14.783612777894737	0.0	0.0	3	1.0239007606617183	-8.94965287772415	138.0	31	1.05	0.95				
	304	1	29.567225555789474	5.9933565315789465	0.0	0.0	3	1.0112506961078065	-12.824371955041466	138.0	31	1.05	0.95				
	305	1	28.368554249473682	5.593799429473685	0.0	0.0	3	1.0242756765015038	-13.505485597405377	138.0	31	1.05	0.95				
	306	1	54.339765886315796	11.18759885894737	0.0	-100.0	3	1.0414542455492448	-13.707581855105728	138.0	32	1.05	0.95				
	307	2	49.94463776315789	9.988927552631578	0.0	0.0	3	0.9924922468555416	-17.996309406949713	138.0	32	1.05	0.95				
	308	1	68.32426446	13.98449857368421	0.0	0.0	3	1.0002914824264497	-16.226791660891774	138.0	32	1.05	0.95				
	309	1	69.92249286842105	14.384055675789472	0.0	0.0	3	1.0255173494688192	-10.118224969054772	138.0	33	1.05	0.95				
	310	1	77.91363491052631	15.982284084210526	0.0	0.0	3	1.05	-11.70595371446916	138.0	33	1.05	0.95				
	311	1	0.0	0.0	0.0	0.0	3	1.0060948215496546	-6.286960568170183	230.0	33	1.05	0.95				
	312	1	0.0	0.0	0.0	0.0	3	1.0097841896548019	-5.957034141763802	230.0	33	1.05	0.95				
	313	2	105.88263205789472	21.57608351368421	0.0	0.0	3	1.0086136696606072	-2.9694518159938554	230.0	34	1.05	0.95				
	314	2	77.51407780842105	15.582726982105264	0.0	0.0	3	1.0044726037785978	-4.446535044082582	230.0	36	1.05	0.95				
	315	2	126.6596013673684	25.571654534736844	0.0	0.0	3	1.0335067112463678	0.18669691487573128	230.0	36	1.05	0.95				
	316	2	39.95571021052631	7.991142042105263	0.0	0.0	3	1.0312012861903213	0.49408220490338733	230.0	36	1.05	0.95				
	317	1	0.0	0.0	0.0	0.0	3	1.038222718637774	2.0776372968020236	230.0	37	1.05	0.95				
	318	2	133.05251500105263	27.169882943157898	0.0	0.0	3	1.0390421995016843	2.198240755554475	230.0	37	1.05	0.95				
	319	1	72.31983548105264	14.783612777894737	0.0	0.0	3	1.0254198204869367	-0.5198798155873023	230.0	35	1.05	0.95				
	320	1	51.14330906947369	10.388484654736843	0.0	0.0	3	1.0230647185186466	-0.6241865490267879	230.0	35	1.05	0.95				
	321	2	0.0	0.0	0.0	0.0	3	1.041208757484525	3.0344379090301876	230.0	37	1.05	0.95				
	322	2	0.0	0.0	0.0	0.0	3	1.05	6.975646603686946	230.0	37	1.05	0.95				
	323	2	0.0	0.0	0.0	0.0	3	1.0221821870352674	-0.370217629478228	230.0	35	1.05	0.95				
	324	1	0.0	0.0	0.0	0.0	3	1.018509083076526	-3.236342865265353	230.0	36	1.05	0.95				
	325	1	0.0	0.0	0.0	0.0	3	1.0215441026273233	0.6153126299207755	230.0	35	1.05	0.95				
];
