%% MATPOWER Case Format : Version 2
function mpc = RTS_GMLC
mpc.version = '2';

%%-----  Power Flow Data  -----%%
%% system MVA base
mpc.baseMVA = 100.0;
%% bus data
%    bus_i    type    Pd    Qd    Gs    Bs    area    Vm    Va    baseKV    zone    Vmax    Vmin
mpc.bus = [
	101	2	55.61652645473685	11.329292425964912	0.0	0.0	1	1.0304786670857409	-0.5995034872270243	138.0	11	1.05	0.95				
	102	2	49.95188024175439	10.299356750877193	0.0	0.0	1	1.0294865722786077	-0.9027151233313537	138.0	12	1.05	0.95				
	103	1	92.69421075789475	19.053809989122808	0.0	0.0	1	1.0263838018163878	-0.1841813870598368	138.0	11	1.05	0.95				
	104	1	38.107619978245616	7.724517563157894	0.0	0.0	1	1.0182707367376596	-3.5290999819272733	138.0	11	1.05	0.95				
	105	1	36.56271646561404	7.2095497256140355	0.0	0.0	1	1.0333461116111802	-3.5230964488118346	138.0	11	1.05	0.95				
	106	1	70.03562590596492	14.419099451228071	0.0	-100.0	1	1.0423040679329874	-5.710803101096778	138.0	12	1.05	0.95				
	107	2	64.37097969298246	12.874195938596491	0.0	0.0	1	0.9987895922612519	-12.316829267317932	138.0	12	1.05	0.95				
	108	1	88.05950022	18.023874314035087	0.0	0.0	1	0.9997616729159987	-10.484602015394243	138.0	12	1.05	0.95				
	109	1	90.11937157017545	18.538842151578947	0.0	0.0	1	1.0246916401965152	-3.5797335587854104	138.0	13	1.05	0.95				
	110	1	100.41872832105263	20.598713501754386	0.0	0.0	1	1.05	-4.852854625193089	138.0	13	1.05	0.95				
	111	1	0.0	0.0	0.0	0.0	1	1.0096859956296975	-0.7223218492027593	230.0	13	1.05	0.95				
	112	1	0.0	0.0	0.0	0.0	1	1.0121836645066211	-0.8918410260621	230.0	13	1.05	0.95				
	113	3	136.4664769491228	27.808263227368425	0.0	0.0	1	1.0050825127836045	9.763052442660284e-32	230.0	14	1.05	0.95				
	114	2	99.90376048350878	20.08374566421053	0.0	0.0	1	1.0140717879903314	2.211394154890271	230.0	16	1.05	0.95				
	115	2	163.2448045014035	32.95794160280702	0.0	0.0	1	1.0419701168699353	10.624688038993053	230.0	16	1.05	0.95				
	116	2	51.496783754385966	10.299356750877193	0.0	0.0	1	1.0378255693872622	9.422080826365534	230.0	16	1.05	0.95				
	117	1	0.0	0.0	0.0	0.0	1	1.0415279114829232	14.475669839612305	230.0	17	1.05	0.95				
	118	2	171.48428990210527	35.01781295298246	0.0	0.0	1	1.0499999795058492	14.842213049559	230.0	17	1.05	0.95				
	119	1	93.2091785954386	19.053809989122808	0.0	0.0	1	1.0304376842777647	6.760716603719147	230.0	15	1.05	0.95				
	120	1	65.91588320561404	13.38916377614035	0.0	0.0	1	1.0292385002335633	5.424685737132362	230.0	15	1.05	0.95				
	121	2	0.0	0.0	0.0	0.0	1	1.05	16.415185749365616	230.0	17	1.05	0.95				
	122	2	0.0	0.0	0.0	0.0	1	1.05	32.26090361458652	230.0	17	1.05	0.95				
	123	2	0.0	0.0	0.0	0.0	1	1.029534130142025	5.080855169707664	230.0	15	1.05	0.95				
	124	1	0.0	0.0	0.0	0.0	1	1.022633500869741	6.595391167292311	230.0	16	1.05	0.95				
	201	2	52.01951832	10.596568546666667	0.0	0.0	2	1.0216625019930954	-12.735500091420962	138.0	21	1.05	0.95				
	202	2	46.721234046666666	9.633244133333333	0.0	0.0	2	1.0223223403300177	-12.627954028408134	138.0	22	1.05	0.95				
	203	1	86.6991972	17.821501646666665	0.0	0.0	2	1.0161119161080525	-11.090959403991507	138.0	21	1.05	0.95				
	204	1	35.64300329333333	7.2249331	0.0	0.0	2	1.0153610554796992	-13.732631935035105	138.0	21	1.05	0.95				
	205	1	34.19801667333333	6.743270893333333	0.0	0.0	2	1.0299296538171614	-14.078721483213883	138.0	21	1.05	0.95				
	206	1	65.50606010666667	13.486541786666667	0.0	-100.0	2	1.042192632102244	-15.283467000870006	138.0	22	1.05	0.95				
	207	2	60.20777583333333	12.041555166666667	0.0	0.0	2	0.9908558238714174	-22.02107078229221	138.0	22	1.05	0.95				
	208	1	82.36423733999999	16.858177233333333	0.0	0.0	2	0.9954868976641733	-19.7990209989193	138.0	22	1.05	0.95				
	209	1	84.29088616666667	17.33983944	0.0	0.0	2	1.0236064578512927	-12.652470375407285	138.0	23	1.05	0.95				
	210	1	93.9241303	19.266488266666666	0.0	0.0	2	1.05	-13.891030548022949	138.0	23	1.05	0.95				
	211	1	0.0	0.0	0.0	0.0	2	1.0093007291963136	-9.421565023650158	230.0	23	1.05	0.95				
	212	1	0.0	0.0	0.0	0.0	2	1.0108911451854545	-8.20788367529302	230.0	23	1.05	0.95				
	213	2	127.64048476666665	26.00975916	0.0	0.0	2	1.0083718124730927	-7.683322332447214	230.0	24	1.05	0.95				
	214	2	93.44246809333333	18.78482606	0.0	0.0	2	1.0116038486216898	-7.01711314357071	230.0	26	1.05	0.95				
	215	2	152.68691951333332	30.826381226666665	0.0	0.0	2	1.028042222815139	-0.7787678620412906	230.0	26	1.05	0.95				
	216	2	48.16622066666667	9.633244133333333	0.0	0.0	2	1.030079145274609	-0.693437214024596	230.0	26	1.05	0.95				
	217	1	0.0	0.0	0.0	0.0	2	1.0333530330776306	0.9763856470755509	230.0	27	1.05	0.95				
	218	2	160.39351482	32.75303005333333	0.0	0.0	2	1.0321497444108845	0.26540964679974965	230.0	27	1.05	0.95				
	219	1	87.18085940666667	17.821501646666665	0.0	0.0	2	1.0319412242439623	-0.1580727491281938	230.0	25	1.05	0.95				
	220	1	61.65276245333333	12.523217373333335	0.0	0.0	2	1.037205106849064	1.2294001859236152	230.0	25	1.05	0.95				
	221	2	0.0	0.0	0.0	0.0	2	1.0336645630425572	0.7270304754500289	230.0	27	1.05	0.95				
	222	2	0.0	0.0	0.0	0.0	2	1.05	7.321162913746846	230.0	27	1.05	0.95				
	223	2	0.0	0.0	0.0	0.0	2	1.0413702662909008	2.34559576888012	230.0	25	1.05	0.95				
	224	1	0.0	0.0	0.0	0.0	2	1.010861270651685	-4.635253236601192	230.0	26	1.05	0.95				
	301	2	42.07592535157895	8.571021830877195	0.0	0.0	3	1.0122287267855454	-1.6821753669080526	138.0	31	1.05	0.95				
	302	2	37.79041443614035	7.791838028070177	0.0	0.0	3	1.0120318935078103	-1.8415729016506104	138.0	32	1.05	0.95				
	303	1	70.12654225263158	14.414900351929823	0.0	0.0	3	1.0352887823802561	5.328830018387222	138.0	31	1.05	0.95				
	304	1	28.829800703859647	5.843878521052632	0.0	0.0	3	1.0138202271668533	-0.536261069998929	138.0	31	1.05	0.95				
	305	1	27.661024999649126	5.454286619649124	0.0	0.0	3	1.0263666871209187	-1.722527150686558	138.0	31	1.05	0.95				
	306	1	52.9844985908772	10.908573239298248	0.0	-100.0	3	1.042580239422809	-2.222065509842071	138.0	32	1.05	0.95				
	307	2	48.6989876754386	9.73979753508772	0.0	0.0	3	0.9823213463993692	-5.9784377543413845	138.0	32	1.05	0.95				
	308	1	66.62021514	13.635716549122806	0.0	0.0	3	0.99507114376607	-4.30327344041911	138.0	32	1.05	0.95				
	309	1	68.17858274561404	14.025308450526316	0.0	0.0	3	1.0270102078561705	2.1283276841495353	138.0	33	1.05	0.95				
	310	1	75.97042077368421	15.583676056140353	0.0	0.0	3	1.05	-0.5069181762130024	138.0	33	1.05	0.95				
	311	1	0.0	0.0	0.0	0.0	3	1.005458444061236	4.184607988793274	230.0	33	1.05	0.95				
	312	1	0.0	0.0	0.0	0.0	3	1.011141798351151	4.559178706648257	230.0	33	1.05	0.95				
	313	2	103.24185387192983	21.037962675789476	0.0	0.0	3	1.0083225834717688	7.1391205746171345	230.0	34	1.05	0.95				
	314	2	75.5808288722807	15.194084154736846	0.0	0.0	3	0.9979868137714513	5.111327422412859	230.0	36	1.05	0.95				
	315	2	123.5006327449123	24.933881689824563	0.0	0.0	3	1.0291475379743538	8.646436583123277	230.0	36	1.05	0.95				
	316	2	38.95919014035088	7.791838028070177	0.0	0.0	3	1.0262811965002785	8.700314412715588	230.0	36	1.05	0.95				
	317	1	0.0	0.0	0.0	0.0	3	1.0433765105185109	13.176743840975602	230.0	37	1.05	0.95				
	318	2	129.73410316736843	26.4922492954386	0.0	0.0	3	1.0421741305459338	10.89436056775274	230.0	37	1.05	0.95				
	319	1	70.51613415403509	14.414900351929823	0.0	0.0	3	1.0203278263870152	7.868783325771574	230.0	35	1.05	0.95				
	320	1	49.867763379649126	10.129389436491229	0.0	0.0	3	1.0176776303128952	7.912357780181444	230.0	35	1.05	0.95				
	321	2	0.0	0.0	0.0	0.0	3	1.039499814196572	10.77536375641595	230.0	37	1.05	0.95				
	322	2	0.0	0.0	0.0	0.0	3	1.05	16.04044040266626	230.0	37	1.05	0.95				
	323	2	0.0	0.0	0.0	0.0	3	1.0166257512258967	8.243832574745962	230.0	35	1.05	0.95				
	324	1	0.0	0.0	0.0	0.0	3	1.0254805213311016	7.3840235280326745	230.0	36	1.05	0.95				
	325	1	0.0	0.0	0.0	0.0	3	1.018045194515896	8.96021000840631	230.0	35	1.05	0.95				
];
