%% MATPOWER Case Format : Version 2
function mpc = RTS_GMLC
mpc.version = '2';

%%-----  Power Flow Data  -----%%
%% system MVA base
mpc.baseMVA = 100.0;
%% bus data
%    bus_i    type    Pd    Qd    Gs    Bs    area    Vm    Va    baseKV    zone    Vmax    Vmin
mpc.bus = [
	101	2	56.92577930526317	11.595992080701755	0.0	0.0	1	1.033678254142951	2.5260810389000117	138.0	11	1.05	0.95				
	102	2	51.12778326491229	10.541810982456141	0.0	0.0	1	1.0336909589939587	2.4796869879499095	138.0	12	1.05	0.95				
	103	1	94.87629884210527	19.50235031754386	0.0	0.0	1	1.0257112458351438	0.3351579620283786	138.0	11	1.05	0.95				
	104	1	39.00470063508772	7.906358236842105	0.0	0.0	1	1.0199818959297613	-1.0481779642899178	138.0	11	1.05	0.95				
	105	1	37.4234289877193	7.3792676877193	0.0	0.0	1	1.0344759039955351	-0.8704696285070629	138.0	11	1.05	0.95				
	106	1	71.68431468070176	14.7585353754386	0.0	-100.0	1	1.042546364711617	-3.2655411653717397	138.0	12	1.05	0.95				
	107	2	65.88631864035088	13.177263728070177	0.0	0.0	1	1.032640644314783	-3.0688998273351173	138.0	12	1.05	0.95				
	108	1	90.13248390000001	18.448169219298247	0.0	0.0	1	1.0218585162782903	-4.362559170183359	138.0	12	1.05	0.95				
	109	1	92.24084609649124	18.975259768421054	0.0	0.0	1	1.0255589501383258	-1.8055355944922995	138.0	13	1.05	0.95				
	110	1	102.78265707894738	21.083621964912282	0.0	0.0	1	1.05	-2.654840749502746	138.0	13	1.05	0.95				
	111	1	0.0	0.0	0.0	0.0	1	1.0052042578003941	-0.19012270476066534	230.0	13	1.05	0.95				
	112	1	0.0	0.0	0.0	0.0	1	1.010949087300499	0.2688949221271305	230.0	13	1.05	0.95				
	113	3	139.67899551754385	28.462889652631585	0.0	0.0	1	0.9994198281094429	-1.829734585174926e-28	230.0	14	1.05	0.95				
	114	2	102.25556652982458	20.556531415789475	0.0	0.0	1	1.0011488769490582	1.8041102689537887	230.0	16	1.05	0.95				
	115	2	167.08770407192983	33.73379514385965	0.0	0.0	1	1.039071219974505	8.275042842028164	230.0	16	1.05	0.95				
	116	2	52.709054912280706	10.541810982456141	0.0	0.0	1	1.035306668908208	7.708041885229311	230.0	16	1.05	0.95				
	117	1	0.0	0.0	0.0	0.0	1	1.0417600868574446	9.839198752265244	230.0	17	1.05	0.95				
	118	2	175.52115285789475	35.84215734035088	0.0	0.0	1	1.044225787016469	9.848481069600457	230.0	17	1.05	0.95				
	119	1	95.40338939122807	19.50235031754386	0.0	0.0	1	1.0293203125194077	6.429301366289217	230.0	15	1.05	0.95				
	120	1	67.4675902877193	13.704354277192984	0.0	0.0	1	1.0283448059043379	6.331062712176011	230.0	15	1.05	0.95				
	121	2	0.0	0.0	0.0	0.0	1	1.048100079002845	11.045906699946379	230.0	17	1.05	0.95				
	122	2	0.0	0.0	0.0	0.0	1	1.05	18.387637790890516	230.0	17	1.05	0.95				
	123	2	0.0	0.0	0.0	0.0	1	1.028807309035338	6.679132187131584	230.0	15	1.05	0.95				
	124	1	0.0	0.0	0.0	0.0	1	1.023913062039925	5.314898784428501	230.0	16	1.05	0.95				
	201	2	66.52038406736843	13.55044860631579	0.0	0.0	2	1.0322466150857477	-11.584360358092095	138.0	21	1.05	0.95				
	202	2	59.745159764210534	12.318589642105266	0.0	0.0	2	1.0324335807227611	-11.682867662114754	138.0	22	1.05	0.95				
	203	1	110.86730677894738	22.78939083789474	0.0	0.0	2	1.0219641094208576	-8.707689667685454	138.0	21	1.05	0.95				
	204	1	45.57878167578948	9.238942231578948	0.0	0.0	2	1.0171581827261365	-13.851068842852083	138.0	21	1.05	0.95				
	205	1	43.73099322947368	8.623012749473686	0.0	0.0	2	1.0330895981589057	-14.214380689608854	138.0	21	1.05	0.95				
	206	1	83.7664095663158	17.246025498947372	0.0	-100.0	2	1.0402653127195198	-16.27425310931804	138.0	22	1.05	0.95				
	207	2	76.9911852631579	15.39823705263158	0.0	0.0	2	0.9877928189222565	-25.54559618577249	138.0	22	1.05	0.95				
	208	1	105.32394144000001	21.557531873684212	0.0	0.0	2	0.987426338020086	-22.56979551678343	138.0	22	1.05	0.95				
	209	1	107.78765936842105	22.173461355789474	0.0	0.0	2	1.023610461500509	-13.122594855405607	138.0	23	1.05	0.95				
	210	1	120.10624901052634	24.637179284210532	0.0	0.0	2	1.05	-14.933789724760278	138.0	23	1.05	0.95				
	211	1	0.0	0.0	0.0	0.0	2	1.0169088166576055	-9.805883543447612	230.0	23	1.05	0.95				
	212	1	0.0	0.0	0.0	0.0	2	1.015774986810077	-8.83290983637804	230.0	23	1.05	0.95				
	213	2	163.22131275789476	33.26019203368421	0.0	0.0	2	1.0184433412877363	-8.482177778220073	230.0	24	1.05	0.95				
	214	2	119.49031952842107	24.021249802105267	0.0	0.0	2	1.0261806763869221	-6.760974365530896	230.0	26	1.05	0.95				
	215	2	195.24964582736843	39.419486854736846	0.0	0.0	2	1.035949388898938	1.4800278801611881	230.0	26	1.05	0.95				
	216	2	61.59294821052632	12.318589642105266	0.0	0.0	2	1.0397156344929792	1.3145148507388533	230.0	26	1.05	0.95				
	217	1	0.0	0.0	0.0	0.0	2	1.0416018309617168	4.438631283422287	230.0	27	1.05	0.95				
	218	2	205.10451754105264	41.8832047831579	0.0	0.0	2	1.0431199335130519	4.838174631812432	230.0	27	1.05	0.95				
	219	1	111.48323626105265	22.78939083789474	0.0	0.0	2	1.040140369674015	0.7390432815019398	230.0	25	1.05	0.95				
	220	1	78.83897370947369	16.014166534736844	0.0	0.0	2	1.0454987237668938	1.401947654122153	230.0	25	1.05	0.95				
	221	2	0.0	0.0	0.0	0.0	2	1.043009096529714	4.605959076723861	230.0	27	1.05	0.95				
	222	2	0.0	0.0	0.0	0.0	2	1.05	11.045490062801914	230.0	27	1.05	0.95				
	223	2	0.0	0.0	0.0	0.0	2	1.049999979168425	2.2129549101589805	230.0	25	1.05	0.95				
	224	1	0.0	0.0	0.0	0.0	2	1.0180535608348489	-2.3222072380619405	230.0	26	1.05	0.95				
	301	2	49.62670040842106	10.109142675789474	0.0	0.0	3	1.0102323589358566	-13.59494018457029	138.0	31	1.05	0.95				
	302	2	44.572129070526316	9.190129705263159	0.0	0.0	3	1.0095577693432274	-13.802714502367204	138.0	32	1.05	0.95				
	303	1	82.71116734736842	17.00173995473684	0.0	0.0	3	1.0378837413099251	-4.985006205312213	138.0	31	1.05	0.95				
	304	1	34.00347990947368	6.892597278947369	0.0	0.0	3	1.0109622664798799	-12.508772984029376	138.0	31	1.05	0.95				
	305	1	32.62496045368421	6.433090793684211	0.0	0.0	3	1.024317182684997	-13.579523804608655	138.0	31	1.05	0.95				
	306	1	62.49288199578948	12.866181587368422	0.0	-100.0	3	1.0399509199690886	-14.114824822719296	138.0	32	1.05	0.95				
	307	2	57.43831065789474	11.487662131578947	0.0	0.0	3	0.9919941769298357	-19.108027653270216	138.0	32	1.05	0.95				
	308	1	78.57560898	16.082726984210527	0.0	0.0	3	0.9976833477628712	-17.015291811115702	138.0	32	1.05	0.95				
	309	1	80.41363492105263	16.542233469473683	0.0	0.0	3	1.0265829801860018	-9.56877657519912	138.0	33	1.05	0.95				
	310	1	89.60376462631578	18.380259410526318	0.0	0.0	3	1.05	-12.085057271883565	138.0	33	1.05	0.95				
	311	1	0.0	0.0	0.0	0.0	3	1.0100677942281404	-6.432912310858849	230.0	33	1.05	0.95				
	312	1	0.0	0.0	0.0	0.0	3	1.0125285304029623	-6.083616996192949	230.0	33	1.05	0.95				
	313	2	121.76921859473684	24.81335020421053	0.0	0.0	3	1.0116281854129663	-3.303900300396589	230.0	34	1.05	0.95				
	314	2	89.14425814105263	17.92075292526316	0.0	0.0	3	1.0119707617460982	-4.689462259173264	230.0	36	1.05	0.95				
	315	2	145.66355582842107	29.40841505684211	0.0	0.0	3	1.0393755738935861	0.426789136208102	230.0	36	1.05	0.95				
	316	2	45.95064852631579	9.190129705263159	0.0	0.0	3	1.037052639231498	0.5025339939626416	230.0	36	1.05	0.95				
	317	1	0.0	0.0	0.0	0.0	3	1.0437761278991453	2.494692907602806	230.0	37	1.05	0.95				
	318	2	153.01565959263158	31.24644099789474	0.0	0.0	3	1.0439471482475875	2.308061287603559	230.0	37	1.05	0.95				
	319	1	83.17067383263158	17.00173995473684	0.0	0.0	3	1.0305536555083235	-0.7073889723078451	230.0	35	1.05	0.95				
	320	1	58.81683011368422	11.947168616842106	0.0	0.0	3	1.028314976421487	-0.8774446334920787	230.0	35	1.05	0.95				
	321	2	0.0	0.0	0.0	0.0	3	1.045767755358211	3.1914890529255846	230.0	37	1.05	0.95				
	322	2	0.0	0.0	0.0	0.0	3	1.05	7.249992806706864	230.0	37	1.05	0.95				
	323	2	0.0	0.0	0.0	0.0	3	1.0277529394887537	-0.6184629655937676	230.0	35	1.05	0.95				
	324	1	0.0	0.0	0.0	0.0	3	1.0311051674991882	-1.6137141867240383	230.0	36	1.05	0.95				
	325	1	0.0	0.0	0.0	0.0	3	1.0266459748766306	0.3726239072464602	230.0	35	1.05	0.95				
];
