%% MATPOWER Case Format : Version 2
function mpc = RTS_GMLC
mpc.version = '2';

%%-----  Power Flow Data  -----%%
%% system MVA base
mpc.baseMVA = 100.0;
%% bus data
%    bus_i    type    Pd    Qd    Gs    Bs    area    Vm    Va    baseKV    zone    Vmax    Vmin
mpc.bus = [
	101	2	51.82236515368422	10.556407716491229	0.0	0.0	1	1.0130493987185654	0.9708892981591003	138.0	11	1.05	0.95				
	102	2	46.5441612954386	9.5967342877193	0.0	0.0	1	1.0119302602995908	0.6531285443419612	138.0	12	1.05	0.95				
	103	1	86.37060858947369	17.753958432280704	0.0	0.0	1	1.0236870353465353	1.2149518255953355	138.0	11	1.05	0.95				
	104	1	35.50791686456141	7.197550715789474	0.0	0.0	1	1.0114372961091143	-2.351426921055452	138.0	11	1.05	0.95				
	105	1	34.06840672140351	6.71771400140351	0.0	0.0	1	1.0246293482383428	-2.321640852183823	138.0	11	1.05	0.95				
	106	1	65.25779315649125	13.43542800280702	0.0	-100.0	1	1.0387535926145497	-4.665087442082468	138.0	12	1.05	0.95				
	107	2	59.979589298245614	11.995917859649124	0.0	0.0	1	0.9865833627189752	-11.309933550100727	138.0	12	1.05	0.95				
	108	1	82.05207816	16.794285003508772	0.0	0.0	1	0.9940782476235871	-9.456225172077055	138.0	12	1.05	0.95				
	109	1	83.97142501754387	17.274121717894737	0.0	0.0	1	1.0258317477824541	-2.7980584364822088	138.0	13	1.05	0.95				
	110	1	93.56815930526315	19.1934685754386	0.0	0.0	1	1.05	-4.068135092863228	138.0	13	1.05	0.95				
	111	1	0.0	0.0	0.0	0.0	1	1.0217705246870639	-0.12697153361866975	230.0	13	1.05	0.95				
	112	1	0.0	0.0	0.0	0.0	1	1.016457037990885	-0.9643522802485207	230.0	13	1.05	0.95				
	113	3	127.1567293122807	25.91118257684211	0.0	0.0	1	1.0025707896517184	7.052782432534375e-33	230.0	14	1.05	0.95				
	114	2	93.0883225908772	18.713631861052633	0.0	0.0	1	1.0499999971901075	2.9704500357992454	230.0	16	1.05	0.95				
	115	2	152.1082384603509	30.709549720701755	0.0	0.0	1	1.0415042878152552	12.213529918426902	230.0	16	1.05	0.95				
	116	2	47.983671438596495	9.5967342877193	0.0	0.0	1	1.0429742339264023	10.462463183634771	230.0	16	1.05	0.95				
	117	1	0.0	0.0	0.0	0.0	1	1.0404316404300762	16.44504261311824	230.0	17	1.05	0.95				
	118	2	159.78562589052632	32.62889657824562	0.0	0.0	1	1.0484729006489102	17.013055335341917	230.0	17	1.05	0.95				
	119	1	86.85044530385966	17.753958432280704	0.0	0.0	1	1.0398585510134029	6.444631222305233	230.0	15	1.05	0.95				
	120	1	61.41909944140351	12.475754574035088	0.0	0.0	1	1.0440412626708373	3.867339531477616	230.0	15	1.05	0.95				
	121	2	0.0	0.0	0.0	0.0	1	1.0429506447944508	18.735243713417187	230.0	17	1.05	0.95				
	122	2	0.0	0.0	0.0	0.0	1	1.05	36.69905798719715	230.0	17	1.05	0.95				
	123	2	0.0	0.0	0.0	0.0	1	1.0475295804936486	2.812085222111883	230.0	15	1.05	0.95				
	124	1	0.0	0.0	0.0	0.0	1	1.0211008322729334	8.122077745915373	230.0	16	1.05	0.95				
	201	2	48.56855028631579	9.893593576842106	0.0	0.0	2	1.0130744321495644	-14.420711266790798	138.0	21	1.05	0.95				
	202	2	43.62175349789474	8.99417597894737	0.0	0.0	2	1.0125561095086169	-14.623909434544943	138.0	22	1.05	0.95				
	203	1	80.94758381052631	16.63922556105263	0.0	0.0	2	1.0127961697459034	-10.853125067519198	138.0	21	1.05	0.95				
	204	1	33.27845112210526	6.745631984210526	0.0	0.0	2	1.0112201765335627	-14.366857906678092	138.0	21	1.05	0.95				
	205	1	31.929324725263157	6.295923185263158	0.0	0.0	2	1.0259930329762768	-14.801090935010768	138.0	21	1.05	0.95				
	206	1	61.16039665684211	12.591846370526316	0.0	-100.0	2	1.0409555630723817	-15.5383656870642	138.0	22	1.05	0.95				
	207	2	56.21359986842105	11.24271997368421	0.0	0.0	2	0.9930672703463331	-21.137873208229816	138.0	22	1.05	0.95				
	208	1	76.90020462	15.739807963157896	0.0	0.0	2	0.9980779385491254	-19.08464366416723	138.0	22	1.05	0.95				
	209	1	78.69903981578948	16.189516762105264	0.0	0.0	2	1.02336546875389	-12.295401104911576	138.0	23	1.05	0.95				
	210	1	87.69321579473684	17.98835195789474	0.0	0.0	2	1.05	-13.735330917652465	138.0	23	1.05	0.95				
	211	1	0.0	0.0	0.0	0.0	2	1.010089898784197	-8.88056776378388	230.0	23	1.05	0.95				
	212	1	0.0	0.0	0.0	0.0	2	1.010028949137094	-7.552614339660572	230.0	23	1.05	0.95				
	213	2	119.17283172105262	24.284275143157895	0.0	0.0	2	1.0092107260564869	-6.863030148225028	230.0	24	1.05	0.95				
	214	2	87.24350699578947	17.53864315894737	0.0	0.0	2	1.0143018012522198	-6.447385843898169	230.0	26	1.05	0.95				
	215	2	142.55768926631578	28.781363132631583	0.0	0.0	2	1.0295124086841256	-0.45521032265669964	230.0	26	1.05	0.95				
	216	2	44.97087989473684	8.99417597894737	0.0	0.0	2	1.032107145477999	-0.28550802583653623	230.0	26	1.05	0.95				
	217	1	0.0	0.0	0.0	0.0	2	1.037993511506732	0.9350479627415129	230.0	27	1.05	0.95				
	218	2	149.7530300494737	30.580198328421055	0.0	0.0	2	1.0357154020020032	0.38002527230913674	230.0	27	1.05	0.95				
	219	1	81.3972926094737	16.63922556105263	0.0	0.0	2	1.0329056050857757	0.6585671024907914	230.0	25	1.05	0.95				
	220	1	57.562726265263166	11.69242877263158	0.0	0.0	2	1.0370595099495867	2.3393033816338753	230.0	25	1.05	0.95				
	221	2	0.0	0.0	0.0	0.0	2	1.036116000981692	0.9020588977965236	230.0	27	1.05	0.95				
	222	2	0.0	0.0	0.0	0.0	2	1.05	7.414617693905857	230.0	27	1.05	0.95				
	223	2	0.0	0.0	0.0	0.0	2	1.040629423384754	3.594446674385767	230.0	25	1.05	0.95				
	224	1	0.0	0.0	0.0	0.0	2	1.0104206837926262	-4.325355553314524	230.0	26	1.05	0.95				
	301	2	40.333438799999996	8.216070866666666	0.0	0.0	3	1.012483807215795	0.3144571190512947	138.0	31	1.05	0.95				
	302	2	36.22540336666666	7.469155333333333	0.0	0.0	3	1.0123517825631787	0.1985147055035645	138.0	32	1.05	0.95				
	303	1	67.222398	13.817937366666666	0.0	0.0	3	1.0291769085277278	5.802930350969324	138.0	31	1.05	0.95				
	304	1	27.63587473333333	5.6018665	0.0	0.0	3	1.0139149963603744	1.506774825269436	138.0	31	1.05	0.95				
	305	1	26.515501433333327	5.228408733333334	0.0	0.0	3	1.0266587610861313	0.5630176289023275	138.0	31	1.05	0.95				
	306	1	50.79025626666667	10.456817466666667	0.0	-100.0	3	1.0431250225219635	0.24002777608014553	138.0	32	1.05	0.95				
	307	2	46.68222083333333	9.336444166666666	0.0	0.0	3	0.980794029315897	-3.391593978846259	138.0	32	1.05	0.95				
	308	1	63.86127809999999	13.071021833333333	0.0	0.0	3	0.9947191572939352	-1.808641412339798	138.0	32	1.05	0.95				
	309	1	65.35510916666667	13.444479599999998	0.0	0.0	3	1.0263033939123736	4.110933472660958	138.0	33	1.05	0.95				
	310	1	72.8242645	14.938310666666666	0.0	0.0	3	1.05	2.0161156133642897	138.0	33	1.05	0.95				
	311	1	0.0	0.0	0.0	0.0	3	1.0044600168864342	6.856155337216878	230.0	33	1.05	0.95				
	312	1	0.0	0.0	0.0	0.0	3	1.009861415838635	7.112928532250534	230.0	33	1.05	0.95				
	313	2	98.96630816666665	20.166719399999998	0.0	0.0	3	1.0072891847717635	9.8650035783239	230.0	34	1.05	0.95				
	314	2	72.45080673333332	14.5648529	0.0	0.0	3	0.9975995220778254	8.16041326002234	230.0	36	1.05	0.95				
	315	2	118.38611203333332	23.901297066666665	0.0	0.0	3	1.0292109482009613	11.978014261981265	230.0	36	1.05	0.95				
	316	2	37.345776666666666	7.469155333333333	0.0	0.0	3	1.0265996779979285	12.165962794323207	230.0	36	1.05	0.95				
	317	1	0.0	0.0	0.0	0.0	3	1.0445440541766782	17.233973484103696	230.0	37	1.05	0.95				
	318	2	124.36143629999998	25.395128133333333	0.0	0.0	3	1.0429381505363937	14.564114995051266	230.0	37	1.05	0.95				
	319	1	67.59585576666667	13.817937366666666	0.0	0.0	3	1.0200278958642048	11.125331653352399	230.0	35	1.05	0.95				
	320	1	47.80259413333333	9.709901933333333	0.0	0.0	3	1.016728587704257	10.953911474051102	230.0	35	1.05	0.95				
	321	2	0.0	0.0	0.0	0.0	3	1.0401909913206275	14.350712247103713	230.0	37	1.05	0.95				
	322	2	0.0	0.0	0.0	0.0	3	1.05	19.808332904677677	230.0	37	1.05	0.95				
	323	2	0.0	0.0	0.0	0.0	3	1.0152144419016287	11.155093986922948	230.0	35	1.05	0.95				
	324	1	0.0	0.0	0.0	0.0	3	1.020885955632901	9.64386210564593	230.0	36	1.05	0.95				
	325	1	0.0	0.0	0.0	0.0	3	1.0163880468331	11.815287396946166	230.0	35	1.05	0.95				
];
