%% MATPOWER Case Format : Version 2
function mpc = RTS_GMLC
mpc.version = '2';

%%-----  Power Flow Data  -----%%
%% system MVA base
mpc.baseMVA = 100.0;
%% bus data
%    bus_i    type    Pd    Qd    Gs    Bs    area    Vm    Va    baseKV    zone    Vmax    Vmin
mpc.bus = [
	101	2	60.89361703578947	12.404255322105264	0.0	0.0	1	1.034012176895845	-0.34490902666711354	138.0	11	1.05	0.95				
	102	2	54.69148937473683	11.276595747368422	0.0	0.0	1	1.0335521233494978	-0.49240077158855067	138.0	12	1.05	0.95				
	103	1	101.48936172631579	20.861702132631578	0.0	0.0	1	1.0243121452686132	-1.659136329122621	138.0	11	1.05	0.95				
	104	1	41.723404265263156	8.457446810526315	0.0	0.0	1	1.0194789154185722	-3.34644678198228	138.0	11	1.05	0.95				
	105	1	40.0319149031579	7.893617023157895	0.0	0.0	1	1.0345374009298047	-3.232171301232606	138.0	11	1.05	0.95				
	106	1	76.68085108210528	15.78723404631579	0.0	-100.0	1	1.041886184572413	-5.4046177442397365	138.0	12	1.05	0.95				
	107	2	70.47872342105263	14.095744684210526	0.0	0.0	1	1.019633723562164	-5.379161599397988	138.0	12	1.05	0.95				
	108	1	96.41489364	19.734042557894735	0.0	0.0	1	1.0130638930470606	-6.53340038519448	138.0	12	1.05	0.95				
	109	1	98.67021278947368	20.29787234526316	0.0	0.0	1	1.0254051913303204	-3.400409946172498	138.0	13	1.05	0.95				
	110	1	109.94680853684211	22.553191494736843	0.0	0.0	1	1.05	-4.383833309128088	138.0	13	1.05	0.95				
	111	1	0.0	0.0	0.0	0.0	1	1.0076094061466179	-1.1683069881850598	230.0	13	1.05	0.95				
	112	1	0.0	0.0	0.0	0.0	1	1.0113400984157979	-0.4562495782396998	230.0	13	1.05	0.95				
	113	3	149.41489365263158	30.446808517894734	0.0	0.0	1	1.0036095471253588	-6.209264578126092e-28	230.0	14	1.05	0.95				
	114	2	109.38297874947366	21.98936170736842	0.0	0.0	1	1.006298976280556	0.6371269213765764	230.0	16	1.05	0.95				
	115	2	178.73404259578948	36.08510639157895	0.0	0.0	1	1.0382756729008478	6.8618187724623745	230.0	16	1.05	0.95				
	116	2	56.382978736842105	11.276595747368422	0.0	0.0	1	1.03519411369108	6.556827878626824	230.0	16	1.05	0.95				
	117	1	0.0	0.0	0.0	0.0	1	1.0408122085719045	8.694738515264799	230.0	17	1.05	0.95				
	118	2	187.7553191936842	38.34042554105264	0.0	0.0	1	1.0428262181118826	8.662506059810532	230.0	17	1.05	0.95				
	119	1	102.05319151368421	20.861702132631578	0.0	0.0	1	1.0294566887008398	5.695028325375948	230.0	15	1.05	0.95				
	120	1	72.1702127831579	14.659574471578948	0.0	0.0	1	1.0289808866293602	6.031396447205941	230.0	15	1.05	0.95				
	121	2	0.0	0.0	0.0	0.0	1	1.0462771818604002	9.926177367334235	230.0	17	1.05	0.95				
	122	2	0.0	0.0	0.0	0.0	1	1.05	17.5869260887262	230.0	17	1.05	0.95				
	123	2	0.0	0.0	0.0	0.0	1	1.02998395040205	6.64509465324579	230.0	15	1.05	0.95				
	124	1	0.0	0.0	0.0	0.0	1	1.0222776807387899	3.685301657715231	230.0	16	1.05	0.95				
	201	2	53.838501498947366	10.967102157192981	0.0	0.0	2	1.0321460483093015	-6.066391462525771	138.0	21	1.05	0.95				
	202	2	48.354950420350875	9.970092870175439	0.0	0.0	2	1.0324934388054026	-6.044788268103968	138.0	22	1.05	0.95				
	203	1	89.73083583157894	18.44467180982456	0.0	0.0	2	1.0235536343457545	-5.567028383989925	138.0	21	1.05	0.95				
	204	1	36.88934361964912	7.477569652631579	0.0	0.0	2	1.0196905876612063	-8.25843755479287	138.0	21	1.05	0.95				
	205	1	35.3938296891228	6.979065009122808	0.0	0.0	2	1.0347447535470868	-8.418438666050365	138.0	21	1.05	0.95				
	206	1	67.79663151719298	13.958130018245615	0.0	-100.0	2	1.0437618727917946	-10.20648366563751	138.0	22	1.05	0.95				
	207	2	62.313080438596494	12.462616087719297	0.0	0.0	2	0.9897620393567998	-17.714568476065747	138.0	22	1.05	0.95				
	208	1	85.24429403999999	17.447662522807015	0.0	0.0	2	0.9941934623133905	-15.40318447262173	138.0	22	1.05	0.95				
	209	1	87.23831261403507	17.94616716631579	0.0	0.0	2	1.023958826685324	-8.04363085086224	138.0	23	1.05	0.95				
	210	1	97.20840548421052	19.940185740350877	0.0	0.0	2	1.05	-9.225001907166096	138.0	23	1.05	0.95				
	211	1	0.0	0.0	0.0	0.0	2	1.0084594333314982	-5.16854717178168	230.0	23	1.05	0.95				
	212	1	0.0	0.0	0.0	0.0	2	1.0100271826553018	-4.4155119194227295	230.0	23	1.05	0.95				
	213	2	132.10373052982453	26.919250749473683	0.0	0.0	2	1.0036710761530756	-4.074441476435903	230.0	24	1.05	0.95				
	214	2	96.70990084070175	19.441681096842103	0.0	0.0	2	1.0118781585352736	-2.575593941911195	230.0	26	1.05	0.95				
	215	2	158.0259719922807	31.904297184561404	0.0	0.0	2	1.0319628475238576	4.002319373329345	230.0	26	1.05	0.95				
	216	2	49.85046435087719	9.970092870175439	0.0	0.0	2	1.0328013527243425	4.096629040976434	230.0	26	1.05	0.95				
	217	1	0.0	0.0	0.0	0.0	2	1.038304225894344	6.745612772457769	230.0	27	1.05	0.95				
	218	2	166.00204628842104	33.89831575859649	0.0	0.0	2	1.0400744321325361	7.313429538193787	230.0	27	1.05	0.95				
	219	1	90.22934047508771	18.44467180982456	0.0	0.0	2	1.0308557231741975	3.5439523396022743	230.0	25	1.05	0.95				
	220	1	63.80859436912281	12.961120731228071	0.0	0.0	2	1.032839875934581	4.024907523002583	230.0	25	1.05	0.95				
	221	2	0.0	0.0	0.0	0.0	2	1.0397359393362704	6.963081840383901	230.0	27	1.05	0.95				
	222	2	0.0	0.0	0.0	0.0	2	1.05	13.37958643354695	230.0	27	1.05	0.95				
	223	2	0.0	0.0	0.0	0.0	2	1.03491200188719	4.664963756795626	230.0	25	1.05	0.95				
	224	1	0.0	0.0	0.0	0.0	2	1.0169336733879086	0.411900085888326	230.0	26	1.05	0.95				
	301	2	42.16134133894737	8.588421383859648	0.0	0.0	3	1.010317091884463	-12.790568179768664	138.0	31	1.05	0.95				
	302	2	37.86713064701755	7.807655803508773	0.0	0.0	3	1.0102048446178757	-12.922847208946571	138.0	32	1.05	0.95				
	303	1	70.26890223157895	14.444163236491228	0.0	0.0	3	1.0276493511548241	-6.9592591785387565	138.0	31	1.05	0.95				
	304	1	28.888326472982456	5.855741852631578	0.0	0.0	3	1.012225525047132	-11.694870533078443	138.0	31	1.05	0.95				
	305	1	27.717178102456135	5.46535906245614	0.0	0.0	3	1.0252888507434996	-12.494920362306038	138.0	31	1.05	0.95				
	306	1	53.092059463859655	10.93071812491228	0.0	-100.0	3	1.0421096422745442	-12.81019316999086	138.0	32	1.05	0.95				
	307	2	48.79784877192982	9.759569754385964	0.0	0.0	3	0.9929720893710138	-16.919699761743267	138.0	32	1.05	0.95				
	308	1	66.75545711999999	13.663397656140349	0.0	0.0	3	1.0009369916623136	-15.198220466425525	138.0	32	1.05	0.95				
	309	1	68.31698828070175	14.05378044631579	0.0	0.0	3	1.0255885424856221	-9.0853367764185	138.0	33	1.05	0.95				
	310	1	76.12464408421053	15.615311607017546	0.0	0.0	3	1.05	-10.940580158006268	138.0	33	1.05	0.95				
	311	1	0.0	0.0	0.0	0.0	3	1.004804383594611	-5.85938472986952	230.0	33	1.05	0.95				
	312	1	0.0	0.0	0.0	0.0	3	1.0092713616223956	-5.49328102092751	230.0	33	1.05	0.95				
	313	2	103.45143939649122	21.080670669473687	0.0	0.0	3	1.0072361191543717	-2.6408063447761836	230.0	34	1.05	0.95				
	314	2	75.7342612940351	15.224928816842107	0.0	0.0	3	1.0002576089621371	-4.385530556310936	230.0	36	1.05	0.95				
	315	2	123.75134448561403	24.98449857122807	0.0	0.0	3	1.0272569434610048	-0.2601550438237432	230.0	36	1.05	0.95				
	316	2	39.03827901754386	7.807655803508773	0.0	0.0	3	1.0252016283625807	0.005284453195815979	230.0	36	1.05	0.95				
	317	1	0.0	0.0	0.0	0.0	3	1.0323764606920098	1.6536801607922995	230.0	37	1.05	0.95				
	318	2	129.99746912842105	26.546029731929828	0.0	0.0	3	1.0324549125934124	1.6630253964380055	230.0	37	1.05	0.95				
	319	1	70.65928502175439	14.444163236491228	0.0	0.0	3	1.020116944395164	-0.885690577385861	230.0	35	1.05	0.95				
	320	1	49.96899714245614	10.149952544561405	0.0	0.0	3	1.0182506150023243	-0.8914520520283822	230.0	35	1.05	0.95				
	321	2	0.0	0.0	0.0	0.0	3	1.0343601251411854	2.2037716808107453	230.0	37	1.05	0.95				
	322	2	0.0	0.0	0.0	0.0	3	1.0469352624435753	6.319502505653007	230.0	37	1.05	0.95				
	323	2	0.0	0.0	0.0	0.0	3	1.0176240867267703	-0.5873797289392718	230.0	35	1.05	0.95				
	324	1	0.0	0.0	0.0	0.0	3	1.018617958852925	-2.794441650504072	230.0	36	1.05	0.95				
	325	1	0.0	0.0	0.0	0.0	3	1.017721148880904	0.31986368001272036	230.0	35	1.05	0.95				
];
