%% MATPOWER Case Format : Version 2
function mpc = RTS_GMLC
mpc.version = '2';

%%-----  Power Flow Data  -----%%
%% system MVA base
mpc.baseMVA = 100.0;
%% bus data
%    bus_i    type    Pd    Qd    Gs    Bs    area    Vm    Va    baseKV    zone    Vmax    Vmin
mpc.bus = [
	101	2	87.07867393263157	17.738248393684213	0.0	0.0	1	1.0499998287010177	0.4840016330203317	138.0	11	1.05	0.95				
	102	2	78.20954973578947	16.125680357894737	0.0	0.0	1	1.049779717719246	0.3350172737525995	138.0	12	1.05	0.95				
	103	1	145.13112322105263	29.832508662105262	0.0	0.0	1	1.0263454639983973	-1.6486558810702974	138.0	11	1.05	0.95				
	104	1	59.665017324210524	12.094260268421051	0.0	0.0	1	1.025315225191717	-3.4562062742568878	138.0	11	1.05	0.95				
	105	1	57.246165270526305	11.287976250526317	0.0	0.0	1	1.0383748368530805	-3.8746442640438996	138.0	11	1.05	0.95				
	106	1	109.65462643368423	22.575952501052633	0.0	-100.0	1	1.037679530887663	-7.068120637560841	138.0	12	1.05	0.95				
	107	2	100.7855022368421	20.15710044736842	0.0	0.0	1	1.0431145733160816	-5.402886143225602	138.0	12	1.05	0.95				
	108	1	137.87456705999998	28.219940626315786	0.0	0.0	1	1.0199814587526195	-7.786496482695698	138.0	12	1.05	0.95				
	109	1	141.09970313157893	29.026224644210526	0.0	0.0	1	1.0271991938824216	-4.410636409360772	138.0	13	1.05	0.95				
	110	1	157.22538348947367	32.251360715789474	0.0	0.0	1	1.05	-5.84326054063438	138.0	13	1.05	0.95				
	111	1	0.0	0.0	0.0	0.0	1	1.0141659321623242	-1.9433689335848987	230.0	13	1.05	0.95				
	112	1	0.0	0.0	0.0	0.0	1	1.0172093354760154	-1.093170247382748	230.0	13	1.05	0.95				
	113	3	213.66526474210525	43.53933696631579	0.0	0.0	1	1.015706485409081	-4.479212797641462e-29	230.0	14	1.05	0.95				
	114	2	156.41909947157893	31.445076697894734	0.0	0.0	1	1.015200848353175	-0.41180787227113397	230.0	16	1.05	0.95				
	115	2	255.59203367263157	51.60217714526316	0.0	0.0	1	1.044354639246463	7.355709138977656	230.0	16	1.05	0.95				
	116	2	80.62840178947368	16.125680357894737	0.0	0.0	1	1.0418515434418032	6.646175489082961	230.0	16	1.05	0.95				
	117	1	0.0	0.0	0.0	0.0	1	1.0453550708081276	9.47972038037213	230.0	17	1.05	0.95				
	118	2	268.4925779589474	54.827313216842114	0.0	0.0	1	1.0472039016054884	9.87979036334772	230.0	17	1.05	0.95				
	119	1	145.93740723894737	29.832508662105262	0.0	0.0	1	1.0355598400206145	5.391021092927076	230.0	15	1.05	0.95				
	120	1	103.20435429052633	20.963384465263157	0.0	0.0	1	1.0364578678838225	5.377387030306989	230.0	15	1.05	0.95				
	121	2	0.0	0.0	0.0	0.0	1	1.05	11.694627256836446	230.0	17	1.05	0.95				
	122	2	0.0	0.0	0.0	0.0	1	1.05	17.991978808548314	230.0	17	1.05	0.95				
	123	2	0.0	0.0	0.0	0.0	1	1.0392538877581032	5.967806023863604	230.0	15	1.05	0.95				
	124	1	0.0	0.0	0.0	0.0	1	1.0262392075919622	4.011507258393661	230.0	16	1.05	0.95				
	201	2	79.03226823157897	16.099165750877194	0.0	0.0	2	1.037900324004028	-13.249962221357169	138.0	21	1.05	0.95				
	202	2	70.98268535614035	14.635605228070178	0.0	0.0	2	1.0381129144547652	-13.343460696035168	138.0	22	1.05	0.95				
	203	1	131.72044705263158	27.075869671929826	0.0	0.0	2	1.0256154319807747	-9.979671125763687	138.0	21	1.05	0.95				
	204	1	54.15173934385965	10.976703921052632	0.0	0.0	2	1.0184814071704595	-14.945284148839784	138.0	21	1.05	0.95				
	205	1	51.95639855964912	10.244923659649125	0.0	0.0	2	1.0346210360053294	-15.38146903916302	138.0	21	1.05	0.95				
	206	1	99.52211555087722	20.48984731929825	0.0	-100.0	2	1.0385295141041817	-17.26704795513211	138.0	22	1.05	0.95				
	207	2	91.4725326754386	18.29450653508772	0.0	0.0	2	0.9633549985980753	-28.170596559856072	138.0	22	1.05	0.95				
	208	1	125.1344247	25.612309149122808	0.0	0.0	2	0.9675156753283093	-24.536550510331562	138.0	22	1.05	0.95				
	209	1	128.06154574561404	26.344089410526315	0.0	0.0	2	1.0254476681960205	-13.298290520315872	138.0	23	1.05	0.95				
	210	1	142.69715097368422	29.271210456140356	0.0	0.0	2	1.05	-15.245608918056098	138.0	23	1.05	0.95				
	211	1	0.0	0.0	0.0	0.0	2	1.026324374180806	-9.53699645439104	230.0	23	1.05	0.95				
	212	1	0.0	0.0	0.0	0.0	2	1.0219252679138167	-6.201957948450049	230.0	23	1.05	0.95				
	213	2	193.92176927192983	39.516134115789484	0.0	0.0	2	1.0334598853758257	-7.327451147707595	230.0	24	1.05	0.95				
	214	2	141.9653707122807	28.53943019473685	0.0	0.0	2	1.041008887414441	-6.867447852769971	230.0	26	1.05	0.95				
	215	2	231.97434286491227	46.833936729824565	0.0	0.0	2	1.044338990845067	1.4506401805938207	230.0	26	1.05	0.95				
	216	2	73.17802614035088	14.635605228070178	0.0	0.0	2	1.0465778993571957	1.4171885263496158	230.0	26	1.05	0.95				
	217	1	0.0	0.0	0.0	0.0	2	1.0481828880453261	4.4622141763658405	230.0	27	1.05	0.95				
	218	2	243.68282704736845	49.76105777543861	0.0	0.0	2	1.0496347054322215	4.928688751073537	230.0	27	1.05	0.95				
	219	1	132.4522273140351	27.075869671929826	0.0	0.0	2	1.0427766950445907	1.3519301984665058	230.0	25	1.05	0.95				
	220	1	93.66787345964913	19.026286796491227	0.0	0.0	2	1.045881241022754	2.665801244955261	230.0	25	1.05	0.95				
	221	2	0.0	0.0	0.0	0.0	2	1.0499999937574247	5.026457156189444	230.0	27	1.05	0.95				
	222	2	0.0	0.0	0.0	0.0	2	1.05	11.317025987988282	230.0	27	1.05	0.95				
	223	2	0.0	0.0	0.0	0.0	2	1.05	3.9170870311773807	230.0	25	1.05	0.95				
	224	1	0.0	0.0	0.0	0.0	2	1.0230028388062027	-2.7988144331796585	230.0	26	1.05	0.95				
	301	2	77.66023410947368	15.81967731859649	0.0	0.0	3	0.9757331101824247	-3.7933092645652446	138.0	31	1.05	0.95				
	302	2	69.75039545017543	14.381524835087719	0.0	0.0	3	0.977434993370451	-3.8924370080935615	138.0	32	1.05	0.95				
	303	1	129.43372351578947	26.605820944912278	0.0	0.0	3	0.9929007726180984	1.215261385835224	138.0	31	1.05	0.95				
	304	1	53.211641889824556	10.786143626315788	0.0	0.0	3	0.9731358955865452	-1.1171561501182148	138.0	31	1.05	0.95				
	305	1	51.054413164561396	10.067067384561405	0.0	0.0	3	0.9848986997272552	-1.351062667789812	138.0	31	1.05	0.95				
	306	1	97.79436887859649	20.13413476912281	0.0	-100.0	3	0.998118296443653	-0.8111033174394814	138.0	32	1.05	0.95				
	307	2	89.88453021929823	17.976906043859646	0.0	0.0	3	0.9521748653251164	-6.4254894600002475	138.0	32	1.05	0.95				
	308	1	122.96203733999998	25.1676684614035	0.0	0.0	3	0.9598683675574596	-2.8404864204190545	138.0	32	1.05	0.95				
	309	1	125.83834230701754	25.886744703157895	0.0	0.0	3	0.9980834418411132	4.254844409408124	138.0	33	1.05	0.95				
	310	1	140.21986714210524	28.763049670175437	0.0	0.0	3	1.0180060162100846	3.542763722663218	138.0	33	1.05	0.95				
	311	1	0.0	0.0	0.0	0.0	3	0.9929492462258628	11.862179239381726	230.0	33	1.05	0.95				
	312	1	0.0	0.0	0.0	0.0	3	0.9973642620599451	13.197171137904535	230.0	33	1.05	0.95				
	313	2	190.55520406491226	38.83011705473684	0.0	0.0	3	1.0267725793659908	21.281587055583362	230.0	34	1.05	0.95				
	314	2	139.50079090035086	28.043973428421047	0.0	0.0	3	1.002036222560301	11.22604252767085	230.0	36	1.05	0.95				
	315	2	227.94716863614033	46.0208794722807	0.0	0.0	3	1.033693323884131	7.931297224758811	230.0	36	1.05	0.95				
	316	2	71.90762417543858	14.381524835087719	0.0	0.0	3	1.0319434222083816	9.23504958218942	230.0	36	1.05	0.95				
	317	1	0.0	0.0	0.0	0.0	3	1.0383600693358035	8.842678824138758	230.0	37	1.05	0.95				
	318	2	239.4523885042105	48.89718443929824	0.0	0.0	3	1.0383733384803895	7.9981469775765435	230.0	37	1.05	0.95				
	319	1	130.15279975754385	26.605820944912278	0.0	0.0	3	1.028181306033923	11.246511636344907	230.0	35	1.05	0.95				
	320	1	92.0417589445614	18.695982285614036	0.0	0.0	3	1.0286873662677698	12.962689185145326	230.0	35	1.05	0.95				
	321	2	0.0	0.0	0.0	0.0	3	1.04039945557174	9.389530494889742	230.0	37	1.05	0.95				
	322	2	0.0	0.0	0.0	0.0	3	1.05	13.490174974939245	230.0	37	1.05	0.95				
	323	2	0.0	0.0	0.0	0.0	3	1.029381746814686	13.641213442602938	230.0	35	1.05	0.95				
	324	1	0.0	0.0	0.0	0.0	3	1.0119780245147754	7.379491018749433	230.0	36	1.05	0.95				
	325	1	0.0	0.0	0.0	0.0	3	1.0322656146672533	13.485171214885742	230.0	35	1.05	0.95				
];
