%% MATPOWER Case Format : Version 2
function mpc = RTS_GMLC
mpc.version = '2';

%%-----  Power Flow Data  -----%%
%% system MVA base
mpc.baseMVA = 100.0;
%% bus data
%    bus_i    type    Pd    Qd    Gs    Bs    area    Vm    Va    baseKV    zone    Vmax    Vmin
mpc.bus = [
	101	2	60.74666007157896	12.374319644210527	0.0	0.0	1	1.035368330306417	1.8523838676193898	138.0	11	1.05	0.95				
	102	2	54.55950024947369	11.249381494736843	0.0	0.0	1	1.035411862555125	1.8171782727511734	138.0	12	1.05	0.95				
	103	1	101.24443345263158	20.81135576526316	0.0	0.0	1	1.0252099953809795	-0.1410065209195677	138.0	11	1.05	0.95				
	104	1	41.62271153052632	8.437036121052632	0.0	0.0	1	1.0201641061208895	-1.6174026508143613	138.0	11	1.05	0.95				
	105	1	39.935304306315786	7.87456704631579	0.0	0.0	1	1.0349422167527302	-1.4715206086819261	138.0	11	1.05	0.95				
	106	1	76.49579416421054	15.74913409263158	0.0	-100.0	1	1.0420231695121167	-3.854233200271148	138.0	12	1.05	0.95				
	107	2	70.30863434210526	14.061726868421054	0.0	0.0	1	1.0334782430452365	-2.5463983737585765	138.0	12	1.05	0.95				
	108	1	96.18221178	19.686417615789477	0.0	0.0	1	1.0213283124300256	-4.337886456360066	138.0	12	1.05	0.95				
	109	1	98.43208807894737	20.248886690526316	0.0	0.0	1	1.0255864764594478	-2.1617223113188824	138.0	13	1.05	0.95				
	110	1	109.68146957368421	22.498762989473686	0.0	0.0	1	1.05	-3.0774078190021905	138.0	13	1.05	0.95				
	111	1	0.0	0.0	0.0	0.0	1	1.0064687730307722	-0.40192538534535843	230.0	13	1.05	0.95				
	112	1	0.0	0.0	0.0	0.0	1	1.0111917948745768	0.12683640595468937	230.0	13	1.05	0.95				
	113	3	149.05430480526317	30.37333003578948	0.0	0.0	1	1.0008019139334379	1.2775719209412554e-30	230.0	14	1.05	0.95				
	114	2	109.11900049894739	21.936293914736847	0.0	0.0	1	1.0040092826238385	1.5748008566964375	230.0	16	1.05	0.95				
	115	2	178.30269669157897	35.9980207831579	0.0	0.0	1	1.03997106083483	8.232361619505019	230.0	16	1.05	0.95				
	116	2	56.24690747368422	11.249381494736843	0.0	0.0	1	1.0362762301757542	7.694495257790156	230.0	16	1.05	0.95				
	117	1	0.0	0.0	0.0	0.0	1	1.0428389184671303	10.00791820243958	230.0	17	1.05	0.95				
	118	2	187.30220188736843	38.24789708210527	0.0	0.0	1	1.0453543715575275	10.229478541591192	230.0	17	1.05	0.95				
	119	1	101.80690252736844	20.81135576526316	0.0	0.0	1	1.0297590764778257	6.425657759782306	230.0	15	1.05	0.95				
	120	1	71.9960415663158	14.624195943157897	0.0	0.0	1	1.0287230746379248	6.402012688756239	230.0	15	1.05	0.95				
	121	2	0.0	0.0	0.0	0.0	1	1.0485331277833494	11.18746495882131	230.0	17	1.05	0.95				
	122	2	0.0	0.0	0.0	0.0	1	1.05	17.699147519991257	230.0	17	1.05	0.95				
	123	2	0.0	0.0	0.0	0.0	1	1.029330693712028	6.817072896907057	230.0	15	1.05	0.95				
	124	1	0.0	0.0	0.0	0.0	1	1.0238166693932842	5.113921960151972	230.0	16	1.05	0.95				
	201	2	62.27042343157896	12.684715884210526	0.0	0.0	2	1.0330924212439305	-8.899722280461782	138.0	21	1.05	0.95				
	202	2	55.92806548947369	11.531559894736843	0.0	0.0	2	1.0332595058674363	-8.976052582292207	138.0	22	1.05	0.95				
	203	1	103.78403905263158	21.33338580526316	0.0	0.0	2	1.0237790579077932	-6.936648123660781	138.0	21	1.05	0.95				
	204	1	42.66677161052632	8.648669921052631	0.0	0.0	2	1.0184536779292044	-11.243631622496622	138.0	21	1.05	0.95				
	205	1	40.937037626315785	8.07209192631579	0.0	0.0	2	1.0340548559666158	-11.517373241705062	138.0	21	1.05	0.95				
	206	1	78.41460728421053	16.14418385263158	0.0	-100.0	2	1.0415997790481233	-13.534873917323264	138.0	22	1.05	0.95				
	207	2	72.07224934210527	14.414449868421054	0.0	0.0	2	0.9882353935210255	-22.243596158511465	138.0	22	1.05	0.95				
	208	1	98.59483709999999	20.180229815789474	0.0	0.0	2	0.9896769581668748	-19.49441145974034	138.0	22	1.05	0.95				
	209	1	100.90114907894736	20.756807810526315	0.0	0.0	2	1.0238955255078515	-10.759584022479194	138.0	23	1.05	0.95				
	210	1	112.4327089736842	23.063119789473685	0.0	0.0	2	1.05	-12.351237203733186	138.0	23	1.05	0.95				
	211	1	0.0	0.0	0.0	0.0	2	1.0136616430209042	-7.681974079319508	230.0	23	1.05	0.95				
	212	1	0.0	0.0	0.0	0.0	2	1.0138465374143728	-6.716731858690685	230.0	23	1.05	0.95				
	213	2	152.79316860526316	31.13521171578948	0.0	0.0	2	1.0130615384155572	-6.396169452089785	230.0	24	1.05	0.95				
	214	2	111.85613097894738	22.486541794736844	0.0	0.0	2	1.0200887834383543	-4.907464235362207	230.0	26	1.05	0.95				
	215	2	182.77522433157895	36.900991663157896	0.0	0.0	2	1.0336979191826405	2.5293226344670066	230.0	26	1.05	0.95				
	216	2	57.657799473684214	11.531559894736843	0.0	0.0	2	1.0365406576726144	2.5326862376185826	230.0	26	1.05	0.95				
	217	1	0.0	0.0	0.0	0.0	2	1.0398617948708053	5.377631321479418	230.0	27	1.05	0.95				
	218	2	192.00047224736844	39.207303642105266	0.0	0.0	2	1.0411978355652014	5.779418388156716	230.0	27	1.05	0.95				
	219	1	104.36061704736844	21.33338580526316	0.0	0.0	2	1.036595114852393	2.11043986095849	230.0	25	1.05	0.95				
	220	1	73.80198332631579	14.991027863157896	0.0	0.0	2	1.0411911342119076	2.8402507087317774	230.0	25	1.05	0.95				
	221	2	0.0	0.0	0.0	0.0	2	1.0409044251296353	5.455685274779468	230.0	27	1.05	0.95				
	222	2	0.0	0.0	0.0	0.0	2	1.05	11.928283050206245	230.0	27	1.05	0.95				
	223	2	0.0	0.0	0.0	0.0	2	1.0451276237719236	3.664018561538635	230.0	25	1.05	0.95				
	224	1	0.0	0.0	0.0	0.0	2	1.0182036513873929	-1.016703006305025	230.0	26	1.05	0.95				
	301	2	45.81714645473685	9.333122425964914	0.0	0.0	3	1.0084480149474089	-13.350616440002193	138.0	31	1.05	0.95				
	302	2	41.15058524175439	8.484656750877196	0.0	0.0	3	1.0082447688268938	-13.51099610855272	138.0	32	1.05	0.95				
	303	1	76.36191075789475	15.696614989122809	0.0	0.0	3	1.031498375744869	-6.520574633745936	138.0	31	1.05	0.95				
	304	1	31.393229978245618	6.363492563157895	0.0	0.0	3	1.0110493209527012	-12.228060090957369	138.0	31	1.05	0.95				
	305	1	30.120531465614036	5.939259725614036	0.0	0.0	3	1.0238599308265244	-13.129547855600842	138.0	31	1.05	0.95				
	306	1	57.69566590596492	11.878519451228073	0.0	-100.0	3	1.0406508264939391	-13.517474127669656	138.0	32	1.05	0.95				
	307	2	53.029104692982465	10.605820938596493	0.0	0.0	3	0.9928128255438144	-18.065342773568197	138.0	32	1.05	0.95				
	308	1	72.54381522000001	14.848149314035089	0.0	0.0	3	0.9996387088427096	-16.16337120113232	138.0	32	1.05	0.95				
	309	1	74.24074657017545	15.272382151578947	0.0	0.0	3	1.0264333387310682	-9.44016185962657	138.0	33	1.05	0.95				
	310	1	82.72540332105264	16.969313501754392	0.0	0.0	3	1.05	-11.541414335542527	138.0	33	1.05	0.95				
	311	1	0.0	0.0	0.0	0.0	3	1.0079728408744564	-6.125345376125376	230.0	33	1.05	0.95				
	312	1	0.0	0.0	0.0	0.0	3	1.011350171904509	-5.753063465404249	230.0	33	1.05	0.95				
	313	2	112.42170194912282	22.908573227368425	0.0	0.0	3	1.0101410892272533	-2.9065352752617373	230.0	34	1.05	0.95				
	314	2	82.30117048350878	16.54508066421053	0.0	0.0	3	1.0071874921303972	-4.469443518247107	230.0	36	1.05	0.95				
	315	2	134.48180950140352	27.15090160280702	0.0	0.0	3	1.0347450562739289	0.22947206276690457	230.0	36	1.05	0.95				
	316	2	42.42328375438597	8.484656750877196	0.0	0.0	3	1.0324519642543404	0.3812787552443096	230.0	36	1.05	0.95				
	317	1	0.0	0.0	0.0	0.0	3	1.039083295424785	1.9919454058315835	230.0	37	1.05	0.95				
	318	2	141.26953490210528	28.84783295298246	0.0	0.0	3	1.039770827912362	2.1043251068532687	230.0	37	1.05	0.95				
	319	1	76.7861435954386	15.696614989122809	0.0	0.0	3	1.0268172626359362	-0.6351553472123336	230.0	35	1.05	0.95				
	320	1	54.30180320561404	11.030053776140353	0.0	0.0	3	1.0248669879347094	-0.6961125205474917	230.0	35	1.05	0.95				
	321	2	0.0	0.0	0.0	0.0	3	1.0419688933981512	2.9843449605745236	230.0	37	1.05	0.95				
	322	2	0.0	0.0	0.0	0.0	3	1.05	6.9140520832203745	230.0	37	1.05	0.95				
	323	2	0.0	0.0	0.0	0.0	3	1.0243243630542964	-0.40102727738561406	230.0	35	1.05	0.95				
	324	1	0.0	0.0	0.0	0.0	3	1.024624069228109	-2.3132641219350805	230.0	36	1.05	0.95				
	325	1	0.0	0.0	0.0	0.0	3	1.02357263027602	0.5892573200529917	230.0	35	1.05	0.95				
];
