%% MATPOWER Case Format : Version 2
function mpc = RTS_GMLC
mpc.version = '2';

%%-----  Power Flow Data  -----%%
%% system MVA base
mpc.baseMVA = 100.0;
%% bus data
%    bus_i    type    Pd    Qd    Gs    Bs    area    Vm    Va    baseKV    zone    Vmax    Vmin
mpc.bus = [
	101	2	55.85700149052633	11.37827808140351	0.0	0.0	1	1.034357974223287	3.2401240089274164	138.0	11	1.05	0.95				
	102	2	50.16786244982456	10.343889164912282	0.0	0.0	1	1.0343989473046458	3.201593931497539	138.0	12	1.05	0.95				
	103	1	93.09500248421053	19.13619495508772	0.0	0.0	1	1.0268044058208297	0.9857084893950351	138.0	11	1.05	0.95				
	104	1	38.27238991017544	7.75791687368421	0.0	0.0	1	1.0204516390860257	-0.4088954721490929	138.0	11	1.05	0.95				
	105	1	36.72080653543859	7.240722415438597	0.0	0.0	1	1.0348924365656351	-0.22562446780982384	138.0	11	1.05	0.95				
	106	1	70.33844632140351	14.481444830877194	0.0	-100.0	1	1.0429361152836814	-2.649422558171447	138.0	12	1.05	0.95				
	107	2	64.64930728070175	12.929861456140351	0.0	0.0	1	1.0321438031232306	-2.2155470946219387	138.0	12	1.05	0.95				
	108	1	88.44025236	18.10180603859649	0.0	0.0	1	1.0218796455707642	-3.6149693469891147	138.0	12	1.05	0.95				
	109	1	90.50903019298246	18.619000496842105	0.0	0.0	1	1.0255840520461608	-1.2767945653688872	138.0	13	1.05	0.95				
	110	1	100.85291935789473	20.687778329824564	0.0	0.0	1	1.05	-2.114362791125009	138.0	13	1.05	0.95				
	111	1	0.0	0.0	0.0	0.0	1	1.0051215886480833	0.16732336333016493	230.0	13	1.05	0.95				
	112	1	0.0	0.0	0.0	0.0	1	1.010630752895156	0.5883620547749308	230.0	13	1.05	0.95				
	113	3	137.05653143508772	27.928500745263165	0.0	0.0	1	0.9981224610934452	1.598775468462613e-31	230.0	14	1.05	0.95				
	114	2	100.33572489964912	20.17058387157895	0.0	0.0	1	1.0016767920779346	2.29376556214358	230.0	16	1.05	0.95				
	115	2	163.95064326385963	33.1004453277193	0.0	0.0	1	1.0406010185323324	8.885052133910408	230.0	16	1.05	0.95				
	116	2	51.719445824561404	10.343889164912282	0.0	0.0	1	1.036607494398445	8.308439303000844	230.0	16	1.05	0.95				
	117	1	0.0	0.0	0.0	0.0	1	1.0431013400226063	10.50820666214401	230.0	17	1.05	0.95				
	118	2	172.22575459578948	35.169223160701755	0.0	0.0	1	1.0459802039970079	10.491106832523574	230.0	17	1.05	0.95				
	119	1	93.61219694245615	19.13619495508772	0.0	0.0	1	1.0301599255055678	6.987672440302088	230.0	15	1.05	0.95				
	120	1	66.2008906554386	13.447055914385967	0.0	0.0	1	1.0286835527764506	6.8314735688897485	230.0	15	1.05	0.95				
	121	2	0.0	0.0	0.0	0.0	1	1.04999998829525	11.617947639857764	230.0	17	1.05	0.95				
	122	2	0.0	0.0	0.0	0.0	1	1.05	19.54190370010839	230.0	17	1.05	0.95				
	123	2	0.0	0.0	0.0	0.0	1	1.0288137309311483	7.140242987555542	230.0	15	1.05	0.95				
	124	1	0.0	0.0	0.0	0.0	1	1.0253065246188984	5.941515100311203	230.0	16	1.05	0.95				
	201	2	64.37840388631578	13.114119310175438	0.0	0.0	2	1.0324164471431165	-10.099201279483822	138.0	21	1.05	0.95				
	202	2	57.82134423122807	11.921926645614034	0.0	0.0	2	1.0326029740433103	-10.18961606264841	138.0	22	1.05	0.95				
	203	1	107.29733981052631	22.055564294385963	0.0	0.0	2	1.0223251355078957	-7.582297485573522	138.0	21	1.05	0.95				
	204	1	44.111128588771926	8.941444984210525	0.0	0.0	2	1.0176098463321943	-12.418431556043389	138.0	21	1.05	0.95				
	205	1	42.32283959192982	8.345348651929825	0.0	0.0	2	1.0334334880981477	-12.74479324712725	138.0	21	1.05	0.95				
	206	1	81.06910119017545	16.69069730385965	0.0	-100.0	2	1.0408663399407048	-14.795594527806571	138.0	22	1.05	0.95				
	207	2	74.51204153508772	14.902408307017541	0.0	0.0	2	0.9877922621521128	-23.781791896253434	138.0	22	1.05	0.95				
	208	1	101.93247282	20.86337162982456	0.0	0.0	2	0.988402648518755	-20.920288305221604	138.0	22	1.05	0.95				
	209	1	104.3168581491228	21.45946796210526	0.0	0.0	2	1.0235963285912961	-11.820897713309677	138.0	23	1.05	0.95				
	210	1	116.23878479473684	23.84385329122807	0.0	0.0	2	1.05	-13.543209434020834	138.0	23	1.05	0.95				
	211	1	0.0	0.0	0.0	0.0	2	1.0153667586547899	-8.648699188782468	230.0	23	1.05	0.95				
	212	1	0.0	0.0	0.0	0.0	2	1.0150637692424187	-7.710602687417079	230.0	23	1.05	0.95				
	213	2	157.96552805438594	32.18920194315789	0.0	0.0	2	1.0158669708132317	-7.381438369145975	230.0	24	1.05	0.95				
	214	2	115.64268846245614	23.247756958947367	0.0	0.0	2	1.0232962961121932	-5.721714878404838	230.0	26	1.05	0.95				
	215	2	188.96253733298244	38.15016526596491	0.0	0.0	2	1.0346186868056737	2.1578835041843067	230.0	26	1.05	0.95				
	216	2	59.609633228070166	11.921926645614034	0.0	0.0	2	1.0382061270089946	2.059883130538852	230.0	26	1.05	0.95				
	217	1	0.0	0.0	0.0	0.0	2	1.0406987466854527	5.1130949491587305	230.0	27	1.05	0.95				
	218	2	198.50007864947366	40.53455059508772	0.0	0.0	2	1.0421680764071903	5.515495107622057	230.0	27	1.05	0.95				
	219	1	107.89343614280702	22.055564294385963	0.0	0.0	2	1.038675588392115	1.4884840208754064	230.0	25	1.05	0.95				
	220	1	76.30033053192982	15.498504639298243	0.0	0.0	2	1.0438507841495195	2.121310933245291	230.0	25	1.05	0.95				
	221	2	0.0	0.0	0.0	0.0	2	1.0419545514688722	5.239214555915993	230.0	27	1.05	0.95				
	222	2	0.0	0.0	0.0	0.0	2	1.05	11.693917394117465	230.0	27	1.05	0.95				
	223	2	0.0	0.0	0.0	0.0	2	1.0481526630103821	2.903343330659908	230.0	25	1.05	0.95				
	224	1	0.0	0.0	0.0	0.0	2	1.0179051607295404	-1.4825838651325811	230.0	26	1.05	0.95				
	301	2	48.755457132631584	9.931667193684211	0.0	0.0	3	1.00798450946008	-16.673486782332485	138.0	31	1.05	0.95				
	302	2	43.789623535789474	9.028788357894738	0.0	0.0	3	1.0075243167619228	-16.8104874573139	138.0	32	1.05	0.95				
	303	1	81.25909522105263	16.703258462105264	0.0	0.0	3	1.0271120860462297	-10.348290682829624	138.0	31	1.05	0.95				
	304	1	33.40651692421053	6.771591268421052	0.0	0.0	3	1.0100052309481753	-15.371241414361533	138.0	31	1.05	0.95				
	305	1	32.052198670526316	6.320151850526316	0.0	0.0	3	1.0231294201726766	-16.191964132546893	138.0	31	1.05	0.95				
	306	1	61.39576083368422	12.640303701052632	0.0	-100.0	3	1.0396635069480242	-16.457106578933377	138.0	32	1.05	0.95				
	307	2	56.429927236842104	11.285985447368422	0.0	0.0	3	0.9929221026224113	-21.42419410252399	138.0	32	1.05	0.95				
	308	1	77.19614046	15.800379626315788	0.0	0.0	3	0.9985625519536508	-19.372994918007343	138.0	32	1.05	0.95				
	309	1	79.00189813157895	16.251819044210524	0.0	0.0	3	1.0263692037027567	-12.346641561364482	138.0	33	1.05	0.95				
	310	1	88.03068648947368	18.057576715789477	0.0	0.0	3	1.05	-14.257801259545303	138.0	33	1.05	0.95				
	311	1	0.0	0.0	0.0	0.0	3	1.0101831527030456	-8.25028279184008	230.0	33	1.05	0.95				
	312	1	0.0	0.0	0.0	0.0	3	1.012017835504858	-7.931209849422244	230.0	33	1.05	0.95				
	313	2	119.63144574210527	24.377728566315792	0.0	0.0	3	1.0120371605791338	-4.913988277351286	230.0	34	1.05	0.95				
	314	2	87.57924707157895	17.60613729789474	0.0	0.0	3	1.0144817237100965	-6.046087848969977	230.0	36	1.05	0.95				
	315	2	143.1062954726316	28.89212274526316	0.0	0.0	3	1.040755059448432	-0.6467531211993142	230.0	36	1.05	0.95				
	316	2	45.143941789473686	9.028788357894738	0.0	0.0	3	1.0392498164650756	-0.2645549644108286	230.0	36	1.05	0.95				
	317	1	0.0	0.0	0.0	0.0	3	1.0450124394844391	1.7851916139334747	230.0	37	1.05	0.95				
	318	2	150.3293261589474	30.69788041684211	0.0	0.0	3	1.044878724826313	1.6498243761636557	230.0	37	1.05	0.95				
	319	1	81.71053463894738	16.703258462105264	0.0	0.0	3	1.033351218608003	-1.5260885870073766	230.0	35	1.05	0.95				
	320	1	57.78424549052632	11.73742486526316	0.0	0.0	3	1.0315473813677398	-1.7604816495585427	230.0	35	1.05	0.95				
	321	2	0.0	0.0	0.0	0.0	3	1.046824120209254	2.390785117703332	230.0	37	1.05	0.95				
	322	2	0.0	0.0	0.0	0.0	3	1.05	6.488565406043155	230.0	37	1.05	0.95				
	323	2	0.0	0.0	0.0	0.0	3	1.0311680278777215	-1.5452512036648989	230.0	35	1.05	0.95				
	324	1	0.0	0.0	0.0	0.0	3	1.0235103912686272	-4.2679995647458275	230.0	36	1.05	0.95				
	325	1	0.0	0.0	0.0	0.0	3	1.0292198555901937	-0.433483456037505	230.0	35	1.05	0.95				
];
