%% MATPOWER Case Format : Version 2
function mpc = RTS_GMLC
mpc.version = '2';

%%-----  Power Flow Data  -----%%
%% system MVA base
mpc.baseMVA = 100.0;
%% bus data
%    bus_i    type    Pd    Qd    Gs    Bs    area    Vm    Va    baseKV    zone    Vmax    Vmin
mpc.bus = [
	101	2	94.21276596631579	19.191489363508772	0.0	0.0	1	1.0466040479752976	-0.9119365769808353	138.0	11	1.05	0.95				
	102	2	84.6170212845614	17.4468085122807	0.0	0.0	1	1.0463387956535015	-1.091146903766551	138.0	12	1.05	0.95				
	103	1	157.02127661052631	32.27659574771929	0.0	0.0	1	1.0206883554838913	-1.826303722353066	138.0	11	1.05	0.95				
	104	1	64.55319149543858	13.085106384210524	0.0	0.0	1	1.0223257628668958	-4.665959801461581	138.0	11	1.05	0.95				
	105	1	61.93617021859649	12.212765958596492	0.0	0.0	1	1.035876094768952	-5.181677081326791	138.0	11	1.05	0.95				
	106	1	118.63829788350877	24.425531917192984	0.0	-100.0	1	1.034991107026633	-8.382896697407954	138.0	12	1.05	0.95				
	107	2	109.04255320175437	21.808510640350875	0.0	0.0	1	1.05	-7.500945582400458	138.0	12	1.05	0.95				
	108	1	149.17021277999999	30.531914896491223	0.0	0.0	1	1.0218482148739696	-9.544861165606262	138.0	12	1.05	0.95				
	109	1	152.65957448245612	31.40425532210526	0.0	0.0	1	1.0268414264161565	-5.115607687590541	138.0	13	1.05	0.95				
	110	1	170.1063829947368	34.8936170245614	0.0	0.0	1	1.05	-6.831917046480689	138.0	13	1.05	0.95				
	111	1	0.0	0.0	0.0	0.0	1	1.0182330385901246	-1.9510380811822783	230.0	13	1.05	0.95				
	112	1	0.0	0.0	0.0	0.0	1	1.0189293188101007	-1.3167190396895811	230.0	13	1.05	0.95				
	113	3	231.17021278771927	47.10638298315789	0.0	0.0	1	1.0214402882349385	-1.682802993432597e-30	230.0	14	1.05	0.95				
	114	2	169.2340425691228	34.02127659894737	0.0	0.0	1	1.0249161404109235	0.3559392486611801	230.0	16	1.05	0.95				
	115	2	276.5319149196491	55.82978723929825	0.0	0.0	1	1.0414658201411904	9.958514640645085	230.0	16	1.05	0.95				
	116	2	87.2340425614035	17.4468085122807	0.0	0.0	1	1.0411275704320866	8.983054403984573	230.0	16	1.05	0.95				
	117	1	0.0	0.0	0.0	0.0	1	1.0441407216751455	13.198395689592251	230.0	17	1.05	0.95				
	118	2	290.48936172947367	59.319148941754385	0.0	0.0	1	1.049843126107005	13.484099486358161	230.0	17	1.05	0.95				
	119	1	157.89361703614034	32.27659574771929	0.0	0.0	1	1.0361693519383195	6.863106956667891	230.0	15	1.05	0.95				
	120	1	111.6595744785965	22.68085106596491	0.0	0.0	1	1.0396836867554946	6.300570877879582	230.0	15	1.05	0.95				
	121	2	0.0	0.0	0.0	0.0	1	1.05	15.408122066080377	230.0	17	1.05	0.95				
	122	2	0.0	0.0	0.0	0.0	1	1.05	28.206278725025005	230.0	17	1.05	0.95				
	123	2	0.0	0.0	0.0	0.0	1	1.0441370977012807	6.63325897456499	230.0	15	1.05	0.95				
	124	1	0.0	0.0	0.0	0.0	1	1.0189376765099167	5.585367004749724	230.0	16	1.05	0.95				
	201	2	93.3631355368421	19.018416498245614	0.0	0.0	2	1.0474290686484622	-16.392048215229067	138.0	21	1.05	0.95				
	202	2	83.85392728771929	17.28946954385965	0.0	0.0	2	1.0499999953262782	-16.5288564278415	138.0	22	1.05	0.95				
	203	1	155.60522589473683	31.98551865614035	0.0	0.0	2	1.0244586013693202	-11.830814663160155	138.0	21	1.05	0.95				
	204	1	63.9710373122807	12.967102157894736	0.0	0.0	2	1.0212257909628526	-17.488735311525446	138.0	21	1.05	0.95				
	205	1	61.377616880701744	12.102628680701756	0.0	0.0	2	1.0377553363504628	-18.06430206101804	138.0	21	1.05	0.95				
	206	1	117.5683928982456	24.20525736140351	0.0	-100.0	2	1.0376587448086771	-19.82061828064395	138.0	22	1.05	0.95				
	207	2	108.05918464912281	21.61183692982456	0.0	0.0	2	0.95	-30.358229900443433	138.0	22	1.05	0.95				
	208	1	147.8249646	30.256571701754382	0.0	0.0	2	0.9547630175396966	-26.95752715840289	138.0	22	1.05	0.95				
	209	1	151.2828585087719	31.121045178947366	0.0	0.0	2	1.0257453705512172	-14.797359515992522	138.0	23	1.05	0.95				
	210	1	168.57232805263155	34.5789390877193	0.0	0.0	2	1.05	-17.06654251646608	138.0	23	1.05	0.95				
	211	1	0.0	0.0	0.0	0.0	2	1.0335174630015562	-10.487304585026454	230.0	23	1.05	0.95				
	212	1	0.0	0.0	0.0	0.0	2	1.0269262015287086	-5.7053405822760554	230.0	23	1.05	0.95				
	213	2	229.08547145614034	46.68156776842105	0.0	0.0	2	1.05	-7.683421882352575	230.0	24	1.05	0.95				
	214	2	167.70785457543857	33.71446561052632	0.0	0.0	2	1.05	-7.747062185485876	230.0	26	1.05	0.95				
	215	2	274.0380922701754	55.32630254035088	0.0	0.0	2	1.0443925742931695	1.8705086400121524	230.0	26	1.05	0.95				
	216	2	86.44734771929824	17.28946954385965	0.0	0.0	2	1.0478566575394008	1.4849066200242427	230.0	26	1.05	0.95				
	217	1	0.0	0.0	0.0	0.0	2	1.0490428458295697	4.855592571289855	230.0	27	1.05	0.95				
	218	2	287.86966790526316	58.7841964491228	0.0	0.0	2	1.05	5.4091386556041305	230.0	27	1.05	0.95				
	219	1	156.46969937192983	31.98551865614035	0.0	0.0	2	1.0421668882444792	1.2305067532326057	230.0	25	1.05	0.95				
	220	1	110.65260508070176	22.476310407017543	0.0	0.0	2	1.0452147959363975	2.6269088888487864	230.0	25	1.05	0.95				
	221	2	0.0	0.0	0.0	0.0	2	1.05	5.889164812982676	230.0	27	1.05	0.95				
	222	2	0.0	0.0	0.0	0.0	2	1.05	11.995587604023244	230.0	27	1.05	0.95				
	223	2	0.0	0.0	0.0	0.0	2	1.05	4.018086379642525	230.0	25	1.05	0.95				
	224	1	0.0	0.0	0.0	0.0	2	1.0194528521828181	-3.2214390278588185	230.0	26	1.05	0.95				
	301	2	79.65896869894739	16.226826957192987	0.0	0.0	3	0.9947475748960757	-5.31478169006959	138.0	31	1.05	0.95				
	302	2	71.54555522035089	14.75166087017544	0.0	0.0	3	0.9955455557221138	-5.457619749938609	138.0	32	1.05	0.95				
	303	1	132.76494783157898	27.290572609824565	0.0	0.0	3	1.0127868356287988	1.928486452538492	138.0	31	1.05	0.95				
	304	1	54.58114521964913	11.06374565263158	0.0	0.0	3	0.9899897273954166	-2.6471600757890106	138.0	31	1.05	0.95				
	305	1	52.36839608912282	10.32616260912281	0.0	0.0	3	1.00246701315866	-3.448648055358497	138.0	31	1.05	0.95				
	306	1	100.311293917193	20.65232521824562	0.0	-100.0	3	1.0141798168469687	-3.219006317703154	138.0	32	1.05	0.95				
	307	2	92.1978804385965	18.4395760877193	0.0	0.0	3	0.9729988119385552	-8.87717658811038	138.0	32	1.05	0.95				
	308	1	126.12670044000001	25.81540652280702	0.0	0.0	3	0.9773073535327558	-5.289828471220508	138.0	32	1.05	0.95				
	309	1	129.0770326140351	26.552989566315794	0.0	0.0	3	1.0141996040437864	2.7344209463257205	138.0	33	1.05	0.95				
	310	1	143.82869348421053	29.50332174035088	0.0	0.0	3	1.0330216666083056	0.863911174559261	138.0	33	1.05	0.95				
	311	1	0.0	0.0	0.0	0.0	3	1.0070655940372413	9.210283501131096	230.0	33	1.05	0.95				
	312	1	0.0	0.0	0.0	0.0	3	1.0098838776157502	10.707792386418385	230.0	33	1.05	0.95				
	313	2	195.45950652982458	39.829484349473695	0.0	0.0	3	1.0354454409996119	17.611275499701772	230.0	34	1.05	0.95				
	314	2	143.09111044070178	28.765738696842106	0.0	0.0	3	1.0155101496508354	9.008911283600598	230.0	36	1.05	0.95				
	315	2	233.81382479228074	47.20531478456141	0.0	0.0	3	1.0418263980793792	8.62979099524848	230.0	36	1.05	0.95				
	316	2	73.7583043508772	14.75166087017544	0.0	0.0	3	1.040794063332913	10.004744728659547	230.0	36	1.05	0.95				
	317	1	0.0	0.0	0.0	0.0	3	1.049464173310284	11.764868770867558	230.0	37	1.05	0.95				
	318	2	245.6151534884211	50.1556469585965	0.0	0.0	3	1.0465003388758618	9.618155015531336	230.0	37	1.05	0.95				
	319	1	133.50253087508776	27.290572609824565	0.0	0.0	3	1.0362884451847596	11.329421440494912	230.0	35	1.05	0.95				
	320	1	94.41062956912282	19.177159131228073	0.0	0.0	3	1.0361740820868113	12.62579886024069	230.0	35	1.05	0.95				
	321	2	0.0	0.0	0.0	0.0	3	1.0460131629539933	10.014505557788606	230.0	37	1.05	0.95				
	322	2	0.0	0.0	0.0	0.0	3	1.05	15.042960754987844	230.0	37	1.05	0.95				
	323	2	0.0	0.0	0.0	0.0	3	1.036529880457502	13.141096164356142	230.0	35	1.05	0.95				
	324	1	0.0	0.0	0.0	0.0	3	1.0245366332022252	8.075648273418752	230.0	36	1.05	0.95				
	325	1	0.0	0.0	0.0	0.0	3	1.0380710652657896	13.339572778423607	230.0	35	1.05	0.95				
];
