%% MATPOWER Case Format : Version 2
function mpc = RTS_GMLC
mpc.version = '2';

%%-----  Power Flow Data  -----%%
%% system MVA base
mpc.baseMVA = 100.0;
%% bus data
%    bus_i    type    Pd    Qd    Gs    Bs    area    Vm    Va    baseKV    zone    Vmax    Vmin
mpc.bus = [
	101	2	93.27758536421054	19.00098961122807	0.0	0.0	1	1.0438925831258892	-1.2568646313032932	138.0	11	1.05	0.95				
	102	2	83.77709055859648	17.273626919298245	0.0	0.0	1	1.0436930052830886	-1.4174492433902088	138.0	12	1.05	0.95				
	103	1	155.46264227368422	31.956209800701757	0.0	0.0	1	1.019971048149133	-2.344153351155607	138.0	11	1.05	0.95				
	104	1	63.91241960140351	12.955220189473685	0.0	0.0	1	1.021135820356082	-4.9439104022172895	138.0	11	1.05	0.95				
	105	1	61.321375563508774	12.091538843508772	0.0	0.0	1	1.034728822097656	-5.3857449691269705	138.0	11	1.05	0.95				
	106	1	117.46066305122808	24.183077687017544	0.0	-100.0	1	1.0347148992384996	-8.49365198522483	138.0	12	1.05	0.95				
	107	2	107.96016824561403	21.592033649122808	0.0	0.0	1	1.05	-7.800951930485062	138.0	12	1.05	0.95				
	108	1	147.68951016	30.228847108771927	0.0	0.0	1	1.0221395066484713	-9.7372174412485	138.0	12	1.05	0.95				
	109	1	151.14423554385965	31.09252845473684	0.0	0.0	1	1.0270398995803371	-5.2637785192412325	138.0	13	1.05	0.95				
	110	1	168.4178624631579	34.54725383859649	0.0	0.0	1	1.05	-6.904098974516923	138.0	13	1.05	0.95				
	111	1	0.0	0.0	0.0	0.0	1	1.0180849517912125	-1.9971601013927611	230.0	13	1.05	0.95				
	112	1	0.0	0.0	0.0	0.0	1	1.0193938593718956	-1.2417289615659755	230.0	13	1.05	0.95				
	113	3	228.87555668070175	46.63879268210527	0.0	0.0	1	1.0225978441558954	2.7396154841500148e-28	230.0	14	1.05	0.95				
	114	2	167.55418111719297	33.68357249263158	0.0	0.0	1	1.0236059135725946	0.3343431742062364	230.0	16	1.05	0.95				
	115	2	273.7869866708772	55.27560614175439	0.0	0.0	1	1.0429448894543767	9.499852850776648	230.0	16	1.05	0.95				
	116	2	86.36813459649123	17.273626919298245	0.0	0.0	1	1.0430059996800198	8.905699585446339	230.0	16	1.05	0.95				
	117	1	0.0	0.0	0.0	0.0	1	1.0460632675527934	12.949588623529825	230.0	17	1.05	0.95				
	118	2	287.6058882063158	58.73033152561404	0.0	0.0	1	1.05	13.618303495042094	230.0	17	1.05	0.95				
	119	1	156.32632361964914	31.956209800701757	0.0	0.0	1	1.038455926814039	7.037935917254443	230.0	15	1.05	0.95				
	120	1	110.55121228350878	22.45571499508772	0.0	0.0	1	1.0422080912264982	6.763763437773596	230.0	15	1.05	0.95				
	121	2	0.0	0.0	0.0	0.0	1	1.05	14.3738735698508	230.0	17	1.05	0.95				
	122	2	0.0	0.0	0.0	0.0	1	1.05	24.343379967277745	230.0	17	1.05	0.95				
	123	2	0.0	0.0	0.0	0.0	1	1.046769823004989	7.244708608763003	230.0	15	1.05	0.95				
	124	1	0.0	0.0	0.0	0.0	1	1.0194988115022607	5.113712964454209	230.0	16	1.05	0.95				
	201	2	108.0	22.0	0.0	0.0	2	1.05	-16.652839552046245	138.0	21	1.05	0.95				
	202	2	97.0	20.0	0.0	0.0	2	1.05	-16.695559788203816	138.0	22	1.05	0.95				
	203	1	180.0	37.0	0.0	0.0	2	1.0180254255154284	-12.455396010962831	138.0	21	1.05	0.95				
	204	1	74.0	15.0	0.0	0.0	2	1.0146260449446969	-17.868763620624797	138.0	21	1.05	0.95				
	205	1	71.0	14.000000000000002	0.0	0.0	2	1.0330232420954668	-18.45688089327988	138.0	21	1.05	0.95				
	206	1	136.0	28.000000000000004	0.0	-100.0	2	1.0268883779708884	-20.401601514885872	138.0	22	1.05	0.95				
	207	2	125.0	25.0	0.0	0.0	2	0.9511072376035846	-27.969046680329402	138.0	22	1.05	0.95				
	208	1	171.0	35.0	0.0	0.0	2	0.95	-26.161777736877152	138.0	22	1.05	0.95				
	209	1	175.0	36.0	0.0	0.0	2	1.019130416862162	-14.769631972105339	138.0	23	1.05	0.95				
	210	1	195.0	40.0	0.0	0.0	2	1.041762081997522	-17.152114598101445	138.0	23	1.05	0.95				
	211	1	0.0	0.0	0.0	0.0	2	1.0293185815180632	-9.564947189006467	230.0	23	1.05	0.95				
	212	1	0.0	0.0	0.0	0.0	2	1.0223155906289019	-4.983282643550798	230.0	23	1.05	0.95				
	213	2	265.0	54.0	0.0	0.0	2	1.05	-4.895213771807569	230.0	24	1.05	0.95				
	214	2	194.0	39.0	0.0	0.0	2	1.05	-7.606431217937943	230.0	26	1.05	0.95				
	215	2	317.0	64.0	0.0	0.0	2	1.042958407597829	1.8158856529393064	230.0	26	1.05	0.95				
	216	2	100.0	20.0	0.0	0.0	2	1.0468488168461778	1.3935157137101792	230.0	26	1.05	0.95				
	217	1	0.0	0.0	0.0	0.0	2	1.0490105080758767	4.722917355508268	230.0	27	1.05	0.95				
	218	2	333.0	68.0	0.0	0.0	2	1.05	5.111357541940069	230.0	27	1.05	0.95				
	219	1	181.0	37.0	0.0	0.0	2	1.0402311360774192	0.8220301340609231	230.0	25	1.05	0.95				
	220	1	128.0	26.0	0.0	0.0	2	1.0441031338518851	2.1988058890792566	230.0	25	1.05	0.95				
	221	2	0.0	0.0	0.0	0.0	2	1.05	5.748466235316088	230.0	27	1.05	0.95				
	222	2	0.0	0.0	0.0	0.0	2	1.05	11.858035697593156	230.0	27	1.05	0.95				
	223	2	0.0	0.0	0.0	0.0	2	1.05	3.6752244774305445	230.0	25	1.05	0.95				
	224	1	0.0	0.0	0.0	0.0	2	1.0153425726089789	-3.4644765221274225	230.0	26	1.05	0.95				
	301	2	86.57766530526317	17.636191080701753	0.0	0.0	3	0.999024272612731	-14.169489985898004	138.0	31	1.05	0.95				
	302	2	77.75956976491227	16.03290098245614	0.0	0.0	3	0.9996288301077231	-14.545432472014282	138.0	32	1.05	0.95				
	303	1	144.29610884210527	29.66086681754386	0.0	0.0	3	1.0029088482135171	-9.10986533996272	138.0	31	1.05	0.95				
	304	1	59.32173363508772	12.024675736842104	0.0	0.0	3	0.988178322117078	-12.778660398379682	138.0	31	1.05	0.95				
	305	1	56.91679848771929	11.223030687719298	0.0	0.0	3	1.002732289207022	-12.910154015474294	138.0	31	1.05	0.95				
	306	1	109.02372668070174	22.446061375438596	0.0	-100.0	3	1.0110908306771054	-13.112134010226319	138.0	32	1.05	0.95				
	307	2	100.20563114035087	20.041126228070176	0.0	0.0	3	0.9798993551358742	-15.632763028120795	138.0	32	1.05	0.95				
	308	1	137.0813034	28.057576719298243	0.0	0.0	3	0.977591977973135	-14.258990712618289	138.0	32	1.05	0.95				
	309	1	140.2878835964912	28.85922176842105	0.0	0.0	3	1.0084699229834053	-7.931763474114694	138.0	33	1.05	0.95				
	310	1	156.32078457894735	32.06580196491228	0.0	0.0	3	1.030134336553898	-8.977335249929636	138.0	33	1.05	0.95				
	311	1	0.0	0.0	0.0	0.0	3	1.0029503193261753	-1.063724452682872	230.0	33	1.05	0.95				
	312	1	0.0	0.0	0.0	0.0	3	1.0052446353928248	0.20505940001116543	230.0	33	1.05	0.95				
	313	2	212.43593801754383	43.288832652631584	0.0	0.0	3	1.0272768009212163	6.300756975228881	230.0	34	1.05	0.95				
	314	2	155.51913952982454	31.264156915789478	0.0	0.0	3	1.0124304891080314	-0.35088778081640803	230.0	36	1.05	0.95				
	315	2	254.1214805719298	51.30528314385965	0.0	0.0	3	1.0368217390577552	-0.26832794192902565	230.0	36	1.05	0.95				
	316	2	80.1645049122807	16.03290098245614	0.0	0.0	3	1.0345523884179573	0.6213802230077005	230.0	36	1.05	0.95				
	317	1	0.0	0.0	0.0	0.0	3	1.0402748906055894	1.791731840310376	230.0	37	1.05	0.95				
	318	2	266.9478013578948	54.51186334035087	0.0	0.0	3	1.0403628304515713	1.3643129060303352	230.0	37	1.05	0.95				
	319	1	145.09775389122808	29.66086681754386	0.0	0.0	3	1.0303801568441453	1.7998210910329928	230.0	35	1.05	0.95				
	320	1	102.6105662877193	20.84277127719298	0.0	0.0	3	1.031961877188135	3.3354255101015053	230.0	35	1.05	0.95				
	321	2	0.0	0.0	0.0	0.0	3	1.0432301990087791	2.5142673065733687	230.0	37	1.05	0.95				
	322	2	0.0	0.0	0.0	0.0	3	1.05	7.99409996452011	230.0	37	1.05	0.95				
	323	2	0.0	0.0	0.0	0.0	3	1.0341195246292645	4.1882728028686484	230.0	35	1.05	0.95				
	324	1	0.0	0.0	0.0	0.0	3	1.0154544522798434	-1.677660120770655	230.0	36	1.05	0.95				
	325	1	0.0	0.0	0.0	0.0	3	1.033283443653175	5.051302784493293	230.0	35	1.05	0.95				
];

%% generator data
%    bus    Pg    Qg    Qmax    Qmin    Vg    mBase    status    Pmax    Pmin    Pc1    Pc2    Qc1min    Qc1max    Qc2min    Qc2max    ramp_agc    ramp_10    ramp_30    ramp_q    apf
