%% MATPOWER Case Format : Version 2
function mpc = RTS_GMLC
mpc.version = '2';

%%-----  Power Flow Data  -----%%
%% system MVA base
mpc.baseMVA = 100.0;
%% bus data
%    bus_i    type    Pd    Qd    Gs    Bs    area    Vm    Va    baseKV    zone    Vmax    Vmin
mpc.bus = [
	101	2	88.4012864968421	18.007669471578946	0.0	0.0	1	1.0490972966674807	0.1638105111703326	138.0	11	1.05	0.95				
	102	2	79.39745176105262	16.370608610526315	0.0	0.0	1	1.0488659294565768	0.014279963394037353	138.0	12	1.05	0.95				
	103	1	147.33547749473684	30.28562592947368	0.0	0.0	1	1.0249067690605724	-1.6608251086257735	138.0	11	1.05	0.95				
	104	1	60.57125185894736	12.277956457894735	0.0	0.0	1	1.024567036389104	-3.6717623596231412	138.0	11	1.05	0.95				
	105	1	58.11566056736841	11.459426027368421	0.0	0.0	1	1.03784892664932	-4.102304082097479	138.0	11	1.05	0.95				
	106	1	111.32013855157894	22.918852054736842	0.0	-100.0	1	1.03718581436534	-7.253691483315228	138.0	12	1.05	0.95				
	107	2	102.31630381578947	20.46326076315789	0.0	0.0	1	1.0436010813760963	-5.498528463148816	138.0	12	1.05	0.95				
	108	1	139.96870361999999	28.648565068421046	0.0	0.0	1	1.0198603066882554	-7.905306706027495	138.0	12	1.05	0.95				
	109	1	143.24282534210525	29.467095498947366	0.0	0.0	1	1.027062156220401	-4.445966269414687	138.0	13	1.05	0.95				
	110	1	159.61343395263154	32.74121722105263	0.0	0.0	1	1.05	-5.932083836708237	138.0	13	1.05	0.95				
	111	1	0.0	0.0	0.0	0.0	1	1.015110016032439	-1.8092739386780834	230.0	13	1.05	0.95				
	112	1	0.0	0.0	0.0	0.0	1	1.017348193800249	-1.0089199483972082	230.0	13	1.05	0.95				
	113	3	216.91056408947364	44.20064324842105	0.0	0.0	1	1.0165370667888374	-6.327628448384125e-30	230.0	14	1.05	0.95				
	114	2	158.79490352210524	31.92268679052631	0.0	0.0	1	1.0178696042543103	0.0237505369618696	230.0	16	1.05	0.95				
	115	2	259.47414647684207	52.38594755368421	0.0	0.0	1	1.044501086730739	8.240001133232948	230.0	16	1.05	0.95				
	116	2	81.85304305263156	16.370608610526315	0.0	0.0	1	1.0430380200692235	7.58134616896859	230.0	16	1.05	0.95				
	117	1	0.0	0.0	0.0	0.0	1	1.046841950517718	10.994497467090547	230.0	17	1.05	0.95				
	118	2	272.5706333652631	55.66006927578947	0.0	0.0	1	1.0494191717886636	11.77236370990515	230.0	17	1.05	0.95				
	119	1	148.15400792526313	30.28562592947368	0.0	0.0	1	1.0365167011301906	6.101057089262903	230.0	15	1.05	0.95				
	120	1	104.77189510736842	21.281791193684207	0.0	0.0	1	1.0376335814399964	5.991512543833312	230.0	15	1.05	0.95				
	121	2	0.0	0.0	0.0	0.0	1	1.05	12.705764541043726	230.0	17	1.05	0.95				
	122	2	0.0	0.0	0.0	0.0	1	1.05	19.000883536994095	230.0	17	1.05	0.95				
	123	2	0.0	0.0	0.0	0.0	1	1.0405829533584063	6.536719953725417	230.0	15	1.05	0.95				
	124	1	0.0	0.0	0.0	0.0	1	1.0247493480973109	4.565900546265489	230.0	16	1.05	0.95				
	201	2	78.48827325473685	15.988351959298248	0.0	0.0	2	1.0376404839783908	-13.524396905274715	138.0	21	1.05	0.95				
	202	2	70.49409727508773	14.53486541754386	0.0	0.0	2	1.0377925461094162	-13.630546843453107	138.0	22	1.05	0.95				
	203	1	130.81378875789477	26.88950102245614	0.0	0.0	2	1.0256451645872133	-9.84191527510157	138.0	21	1.05	0.95				
	204	1	53.77900204491228	10.901149063157895	0.0	0.0	2	1.0182340831969836	-15.29417152303242	138.0	21	1.05	0.95				
	205	1	51.5987722322807	10.174405792280703	0.0	0.0	2	1.0345220117200096	-15.76452445364351	138.0	21	1.05	0.95				
	206	1	98.83708483929826	20.348811584561407	0.0	-100.0	2	1.0385538815967945	-17.70801689251808	138.0	22	1.05	0.95				
	207	2	90.84290885964913	18.168581771929826	0.0	0.0	2	0.9643283984718093	-28.532779941969793	138.0	22	1.05	0.95				
	208	1	124.27309932000001	25.436014480701758	0.0	0.0	2	0.9682724241319102	-24.92760805655599	138.0	22	1.05	0.95				
	209	1	127.18007240350877	26.162757751578948	0.0	0.0	2	1.0250821300060105	-13.716879746694417	138.0	23	1.05	0.95				
	210	1	141.71493782105264	29.06973083508772	0.0	0.0	2	1.05	-15.75479650777519	138.0	23	1.05	0.95				
	211	1	0.0	0.0	0.0	0.0	2	1.0262998493594224	-9.612156401374863	230.0	23	1.05	0.95				
	212	1	0.0	0.0	0.0	0.0	2	1.0210738721892298	-7.456846134747146	230.0	23	1.05	0.95				
	213	2	192.58696678245616	39.24413662736843	0.0	0.0	2	1.033322919133722	-7.388059049376052	230.0	24	1.05	0.95				
	214	2	140.98819455017545	28.34298756421053	0.0	0.0	2	1.0428344434633354	-6.585302166023057	230.0	26	1.05	0.95				
	215	2	230.3776168680702	46.511569336140354	0.0	0.0	2	1.0451254675879278	2.5858439716414043	230.0	26	1.05	0.95				
	216	2	72.6743270877193	14.53486541754386	0.0	0.0	2	1.0482271081096186	2.167119194034671	230.0	26	1.05	0.95				
	217	1	0.0	0.0	0.0	0.0	2	1.0487637326631383	5.592502442657562	230.0	27	1.05	0.95				
	218	2	242.00550920210532	49.41854241964913	0.0	0.0	2	1.0499999962725608	6.330511104490225	230.0	27	1.05	0.95				
	219	1	131.54053202877193	26.88950102245614	0.0	0.0	2	1.0439417445465269	1.4426988307698474	230.0	25	1.05	0.95				
	220	1	93.02313867228071	18.89532504280702	0.0	0.0	2	1.0464940169545223	2.1709830700044277	230.0	25	1.05	0.95				
	221	2	0.0	0.0	0.0	0.0	2	1.05	6.668463256709329	230.0	27	1.05	0.95				
	222	2	0.0	0.0	0.0	0.0	2	1.05	12.758187418477336	230.0	27	1.05	0.95				
	223	2	0.0	0.0	0.0	0.0	2	1.05	3.0987568148076257	230.0	25	1.05	0.95				
	224	1	0.0	0.0	0.0	0.0	2	1.0221570622969491	-2.033106600358392	230.0	26	1.05	0.95				
	301	2	77.89939893473685	15.868396079298245	0.0	0.0	3	0.9843019996127168	-11.462204750869427	138.0	31	1.05	0.95				
	302	2	69.96520089508772	14.42581461754386	0.0	0.0	3	0.9850595512630699	-11.575325949976598	138.0	32	1.05	0.95				
	303	1	129.83233155789472	26.68775704245614	0.0	0.0	3	0.9986196778618776	-5.593147649068015	138.0	31	1.05	0.95				
	304	1	53.37551408491228	10.819360963157894	0.0	0.0	3	0.9800465716229558	-8.897682014708094	138.0	31	1.05	0.95				
	305	1	51.2116418922807	10.098070232280703	0.0	0.0	3	0.9929479955849116	-9.227075094306377	138.0	31	1.05	0.95				
	306	1	98.09553939929825	20.196140464561406	0.0	-100.0	3	1.0055198903534117	-8.79229873676367	138.0	32	1.05	0.95				
	307	2	90.16134135964913	18.032268271929823	0.0	0.0	3	0.964483216579203	-14.957232647660591	138.0	32	1.05	0.95				
	308	1	123.34071497999999	25.24517558070175	0.0	0.0	3	0.968201394395999	-11.376592356204297	138.0	32	1.05	0.95				
	309	1	126.22587790350876	25.966466311578944	0.0	0.0	3	1.0040793253311235	-3.631219709723975	138.0	33	1.05	0.95				
	310	1	140.65169252105264	28.85162923508772	0.0	0.0	3	1.0249263669820452	-4.563675180150243	138.0	33	1.05	0.95				
	311	1	0.0	0.0	0.0	0.0	3	0.9990389347666474	3.7079150480624445	230.0	33	1.05	0.95				
	312	1	0.0	0.0	0.0	0.0	3	1.0016983855755952	5.010330814937892	230.0	33	1.05	0.95				
	313	2	191.14204368245612	38.949699467368426	0.0	0.0	3	1.0272090196786787	11.887014903213062	230.0	34	1.05	0.95				
	314	2	139.93040179017544	28.130338504210528	0.0	0.0	3	1.0092227104467186	4.064770630566153	230.0	36	1.05	0.95				
	315	2	228.64916168807014	46.16260677614035	0.0	0.0	3	1.0361081704772268	2.7474373286601788	230.0	36	1.05	0.95				
	316	2	72.12907308771929	14.42581461754386	0.0	0.0	3	1.0337181864985356	3.81761229065982	230.0	36	1.05	0.95				
	317	1	0.0	0.0	0.0	0.0	3	1.0395330213852323	4.086893730043915	230.0	37	1.05	0.95				
	318	2	240.18981338210526	49.04776969964912	0.0	0.0	3	1.0395037517477637	3.5860754057492352	230.0	37	1.05	0.95				
	319	1	130.55362228877195	26.68775704245614	0.0	0.0	3	1.0300025205567997	5.571266135917351	230.0	35	1.05	0.95				
	320	1	92.3252135522807	18.75355900280702	0.0	0.0	3	1.0304437286257129	7.104936726741158	230.0	35	1.05	0.95				
	321	2	0.0	0.0	0.0	0.0	3	1.04216280339671	4.835994962644141	230.0	37	1.05	0.95				
	322	2	0.0	0.0	0.0	0.0	3	1.05	8.86208807192288	230.0	37	1.05	0.95				
	323	2	0.0	0.0	0.0	0.0	3	1.031332996544555	7.804285716609837	230.0	35	1.05	0.95				
	324	1	0.0	0.0	0.0	0.0	3	1.0139826381217985	1.5723636706522806	230.0	36	1.05	0.95				
	325	1	0.0	0.0	0.0	0.0	3	1.0326172268752218	8.229261075120348	230.0	35	1.05	0.95				
];
