%% MATPOWER Case Format : Version 2
function mpc = RTS_GMLC
mpc.version = '2';

%%-----  Power Flow Data  -----%%
%% system MVA base
mpc.baseMVA = 100.0;
%% bus data
%    bus_i    type    Pd    Qd    Gs    Bs    area    Vm    Va    baseKV    zone    Vmax    Vmin
mpc.bus = [
	101	2	59.45076693473684	12.110341412631577	0.0	0.0	1	1.0304261184941583	-1.4294304571927072	138.0	11	1.05	0.95				
	102	2	53.39559622842105	11.009401284210526	0.0	0.0	1	1.0294160433243755	-1.7391464755855006	138.0	12	1.05	0.95				
	103	1	99.08461155789473	20.36739237578947	0.0	0.0	1	1.0245951735097487	-0.6114398577720954	138.0	11	1.05	0.95				
	104	1	40.73478475157894	8.257050963157893	0.0	0.0	1	1.0175491229045177	-4.232344492248176	138.0	11	1.05	0.95				
	105	1	39.08337455894736	7.706580898947369	0.0	0.0	1	1.0329059228547848	-4.2712327404652815	138.0	11	1.05	0.95				
	106	1	74.86392873263158	15.413161797894738	0.0	-100.0	1	1.0413351490134752	-6.444042401334458	138.0	12	1.05	0.95				
	107	2	68.80875802631579	13.761751605263155	0.0	0.0	1	0.998662643436038	-12.834407785742512	138.0	12	1.05	0.95				
	108	1	94.13038097999998	19.266452247368417	0.0	0.0	1	0.9985821753695022	-11.111650908027961	138.0	12	1.05	0.95				
	109	1	96.33226123684209	19.816922311578942	0.0	0.0	1	1.0246113726476926	-4.029700628441492	138.0	13	1.05	0.95				
	110	1	107.34166252105261	22.01880256842105	0.0	0.0	1	1.05	-5.405868510358405	138.0	13	1.05	0.95				
	111	1	0.0	0.0	0.0	0.0	1	1.0115245955362169	-0.9200103069558587	230.0	13	1.05	0.95				
	112	1	0.0	0.0	0.0	0.0	1	1.0132270461301114	-1.0036547735857129	230.0	13	1.05	0.95				
	113	3	145.87456701578944	29.72538346736842	0.0	0.0	1	1.0081982963002294	1.640591713838415e-30	230.0	14	1.05	0.95				
	114	2	106.7911924568421	21.468332504210526	0.0	0.0	1	1.0177030336975796	2.121756641485764	230.0	16	1.05	0.95				
	115	2	174.4990103547368	35.23008410947368	0.0	0.0	1	1.0413783202627267	10.937469316767949	230.0	16	1.05	0.95				
	116	2	55.04700642105262	11.009401284210526	0.0	0.0	1	1.0383187464497563	9.733093136444733	230.0	16	1.05	0.95				
	117	1	0.0	0.0	0.0	0.0	1	1.0418174884573794	14.832437543303495	230.0	17	1.05	0.95				
	118	2	183.30653138210525	37.43196436631579	0.0	0.0	1	1.049999995975321	15.274637403687445	230.0	17	1.05	0.95				
	119	1	99.63508162210525	20.36739237578947	0.0	0.0	1	1.0318340337477194	7.102224703561525	230.0	15	1.05	0.95				
	120	1	70.46016821894736	14.312221669473683	0.0	0.0	1	1.0317568976426328	5.861335718759701	230.0	15	1.05	0.95				
	121	2	0.0	0.0	0.0	0.0	1	1.05	16.996399683374783	230.0	17	1.05	0.95				
	122	2	0.0	0.0	0.0	0.0	1	1.05	32.22637353617192	230.0	17	1.05	0.95				
	123	2	0.0	0.0	0.0	0.0	1	1.032807550842826	5.594802045632021	230.0	15	1.05	0.95				
	124	1	0.0	0.0	0.0	0.0	1	1.0206512553265787	6.6359019923760965	230.0	16	1.05	0.95				
	201	2	53.24350698947369	10.845899571929825	0.0	0.0	2	1.0208490598424327	-12.201268054873617	138.0	21	1.05	0.95				
	202	2	47.82055720350877	9.859908701754387	0.0	0.0	2	1.021574687658619	-12.069412656808591	138.0	22	1.05	0.95				
	203	1	88.73917831578947	18.240831098245614	0.0	0.0	2	1.0163724700299415	-10.849280949017043	138.0	21	1.05	0.95				
	204	1	36.48166219649123	7.39493152631579	0.0	0.0	2	1.0150389445806012	-13.204322448280871	138.0	21	1.05	0.95				
	205	1	35.002675891228066	6.901936091228071	0.0	0.0	2	1.0293572305694345	-13.532915889904803	138.0	21	1.05	0.95				
	206	1	67.04737917192983	13.803872182456143	0.0	-100.0	2	1.0416841240233972	-14.734218507227904	138.0	22	1.05	0.95				
	207	2	61.624429385964916	12.324885877192983	0.0	0.0	2	0.9895156917093905	-21.663987100049287	138.0	22	1.05	0.95				
	208	1	84.3022194	17.254840228070176	0.0	0.0	2	0.994315476347446	-19.38436878840385	138.0	22	1.05	0.95				
	209	1	86.27420114035088	17.747835663157897	0.0	0.0	2	1.0240525108233833	-12.10250777034576	138.0	23	1.05	0.95				
	210	1	96.13410984210526	19.719817403508774	0.0	0.0	2	1.05	-13.296098323123763	138.0	23	1.05	0.95				
	211	1	0.0	0.0	0.0	0.0	2	1.010172667018297	-8.745318062119543	230.0	23	1.05	0.95				
	212	1	0.0	0.0	0.0	0.0	2	1.0121550796327416	-7.38793393185258	230.0	23	1.05	0.95				
	213	2	130.64379029824562	26.621753494736843	0.0	0.0	2	1.010463243129557	-6.842746758012069	230.0	24	1.05	0.95				
	214	2	95.64111440701754	19.226821968421053	0.0	0.0	2	1.0124207032982973	-6.389558934876576	230.0	26	1.05	0.95				
	215	2	156.27955292280703	31.551707845614036	0.0	0.0	2	1.030359692698123	-0.3160641956831466	230.0	26	1.05	0.95				
	216	2	49.29954350877193	9.859908701754387	0.0	0.0	2	1.0326823022010982	-0.08566759045960677	230.0	26	1.05	0.95				
	217	1	0.0	0.0	0.0	0.0	2	1.035503812720819	1.5055754037173745	230.0	27	1.05	0.95				
	218	2	164.16747988421054	33.52368958596492	0.0	0.0	2	1.0340827872747675	0.7600428859940198	230.0	27	1.05	0.95				
	219	1	89.2321737508772	18.240831098245614	0.0	0.0	2	1.035552518723354	0.7219760537936268	230.0	25	1.05	0.95				
	220	1	63.10341569122807	12.817881312280702	0.0	0.0	2	1.0419431802759227	2.35726640050862	230.0	25	1.05	0.95				
	221	2	0.0	0.0	0.0	0.0	2	1.0354881133202984	1.2112718386934656	230.0	27	1.05	0.95				
	222	2	0.0	0.0	0.0	0.0	2	1.05	7.825100458677163	230.0	27	1.05	0.95				
	223	2	0.0	0.0	0.0	0.0	2	1.04691102456639	3.611380261113238	230.0	25	1.05	0.95				
	224	1	0.0	0.0	0.0	0.0	2	1.0121117906561656	-4.247637333807549	230.0	26	1.05	0.95				
	301	2	42.861752602105256	8.7310977522807	0.0	0.0	3	1.0113274422167604	5.361441168274805	138.0	31	1.05	0.95				
	302	2	38.496203725964904	7.937361592982456	0.0	0.0	3	1.0111079249561021	5.069065480053476	138.0	32	1.05	0.95				
	303	1	71.4362543368421	14.684118947017542	0.0	0.0	3	1.0471299588554501	16.079092196970524	138.0	31	1.05	0.95				
	304	1	29.368237894035083	5.9530211947368405	0.0	0.0	3	1.0120785770298462	5.875182283035062	138.0	31	1.05	0.95				
	305	1	28.177633655087714	5.556153115087719	0.0	0.0	3	1.0258704346926046	4.6211076947906795	138.0	31	1.05	0.95				
	306	1	53.97405883228069	11.112306230175438	0.0	-100.0	3	1.0420750510163315	3.7119273432727082	138.0	32	1.05	0.95				
	307	2	49.608509956140345	9.921701991228069	0.0	0.0	3	0.9782267424810444	-0.2688298908337371	138.0	32	1.05	0.95				
	308	1	67.86444161999998	13.890382787719293	0.0	0.0	3	0.9918133886214323	1.4422622568346817	138.0	32	1.05	0.95				
	309	1	69.45191393859648	14.287250867368417	0.0	0.0	3	1.0244661698533106	8.17363164360211	138.0	33	1.05	0.95				
	310	1	77.38927553157893	15.874723185964912	0.0	0.0	3	1.05	5.16171258347626	138.0	33	1.05	0.95				
	311	1	0.0	0.0	0.0	0.0	3	1.0080346714724895	9.417926336459715	230.0	33	1.05	0.95				
	312	1	0.0	0.0	0.0	0.0	3	1.0138872783410262	9.69528219356611	230.0	33	1.05	0.95				
	313	2	105.17004110701752	21.430876301052628	0.0	0.0	3	1.0115936647924293	12.017286283314895	230.0	34	1.05	0.95				
	314	2	76.99240745192981	15.477855106315788	0.0	0.0	3	1.0018335013912094	9.996695238097635	230.0	36	1.05	0.95				
	315	2	125.80718124877191	25.399557097543855	0.0	0.0	3	1.037621157102965	13.39830463643283	230.0	36	1.05	0.95				
	316	2	39.686807964912276	7.937361592982456	0.0	0.0	3	1.031670965316803	13.133559750259161	230.0	36	1.05	0.95				
	317	1	0.0	0.0	0.0	0.0	3	1.048767922696383	17.139964044917505	230.0	37	1.05	0.95				
	318	2	132.15707052315787	26.987029416140345	0.0	0.0	3	1.048356164965113	14.789763649877322	230.0	37	1.05	0.95				
	319	1	71.83312241649121	14.684118947017542	0.0	0.0	3	1.0253870115665704	12.07952547885211	230.0	35	1.05	0.95				
	320	1	50.79911419508771	10.318570070877191	0.0	0.0	3	1.0225805710151734	11.934353135285747	230.0	35	1.05	0.95				
	321	2	0.0	0.0	0.0	0.0	3	1.0454927175393476	14.953391926886034	230.0	37	1.05	0.95				
	322	2	0.0	0.0	0.0	0.0	3	1.05	20.151508096072423	230.0	37	1.05	0.95				
	323	2	0.0	0.0	0.0	0.0	3	1.021433010150541	12.16418799662961	230.0	35	1.05	0.95				
	324	1	0.0	0.0	0.0	0.0	3	1.0381447126185477	14.423950287221395	230.0	36	1.05	0.95				
	325	1	0.0	0.0	0.0	0.0	3	1.0235607902567492	12.592308668270448	230.0	35	1.05	0.95				
];
