%% MATPOWER Case Format : Version 2
function mpc = RTS_GMLC
mpc.version = '2';

%%-----  Power Flow Data  -----%%
%% system MVA base
mpc.baseMVA = 100.0;
%% bus data
%    bus_i    type    Pd    Qd    Gs    Bs    area    Vm    Va    baseKV    zone    Vmax    Vmin
mpc.bus = [
	101	2	93.39782286315788	19.025482435087717	0.0	0.0	1	1.0418791700294159	-2.3255580862713474	138.0	11	1.05	0.95				
	102	2	83.88508164561402	17.295893122807016	0.0	0.0	1	1.0418913579379254	-2.423365266949943	138.0	12	1.05	0.95				
	103	1	155.66303810526313	31.997402277192975	0.0	0.0	1	1.0213289363268305	-2.615702718710396	138.0	11	1.05	0.95				
	104	1	63.99480455438595	12.971919842105262	0.0	0.0	1	1.0200523344964936	-5.645072613568565	138.0	11	1.05	0.95				
	105	1	61.4004205859649	12.107125185964913	0.0	0.0	1	1.0339872722726824	-6.089883024090447	138.0	11	1.05	0.95				
	106	1	117.6120732350877	24.214250371929825	0.0	-100.0	1	1.0345159127577621	-8.980911146801654	138.0	12	1.05	0.95				
	107	2	108.09933201754384	21.61986640350877	0.0	0.0	1	1.05	-6.942939082337128	138.0	12	1.05	0.95				
	108	1	147.8798862	30.267812964912277	0.0	0.0	1	1.0222488281126438	-9.360401318410334	138.0	12	1.05	0.95				
	109	1	151.33906482456138	31.132607621052628	0.0	0.0	1	1.027283990899591	-5.495315313261257	138.0	13	1.05	0.95				
	110	1	168.6349579473684	34.59178624561403	0.0	0.0	1	1.05	-7.22080695157259	138.0	13	1.05	0.95				
	111	1	0.0	0.0	0.0	0.0	1	1.0183863793815358	-2.2508214847342574	230.0	13	1.05	0.95				
	112	1	0.0	0.0	0.0	0.0	1	1.0192657403860206	-1.3517539001859002	230.0	13	1.05	0.95				
	113	3	229.17058387719297	46.69891143157894	0.0	0.0	1	1.0229993285552057	4.974217851683267e-30	230.0	14	1.05	0.95				
	114	2	167.77016329122804	33.726991589473684	0.0	0.0	1	1.0241060757159333	-0.12244983932232334	230.0	16	1.05	0.95				
	115	2	274.1399059964912	55.34685799298246	0.0	0.0	1	1.043469340483234	8.851923583474061	230.0	16	1.05	0.95				
	116	2	86.47946561403508	17.295893122807016	0.0	0.0	1	1.043713424203402	8.165043771781061	230.0	16	1.05	0.95				
	117	1	0.0	0.0	0.0	0.0	1	1.0472256043000392	11.918712737367485	230.0	17	1.05	0.95				
	118	2	287.9766204947368	58.80603661754385	0.0	0.0	1	1.05	12.902813783091117	230.0	17	1.05	0.95				
	119	1	156.5278327614035	31.997402277192975	0.0	0.0	1	1.0391573777984209	6.699438463735953	230.0	15	1.05	0.95				
	120	1	110.69371598596491	22.48466105964912	0.0	0.0	1	1.0424430308416845	6.671426249818977	230.0	15	1.05	0.95				
	121	2	0.0	0.0	0.0	0.0	1	1.05	13.803101673968369	230.0	17	1.05	0.95				
	122	2	0.0	0.0	0.0	0.0	1	1.05	19.750759785673498	230.0	17	1.05	0.95				
	123	2	0.0	0.0	0.0	0.0	1	1.0467963444331925	7.2876757280223625	230.0	15	1.05	0.95				
	124	1	0.0	0.0	0.0	0.0	1	1.0208225039124141	4.602604640703323	230.0	16	1.05	0.95				
	201	2	98.68408624421053	20.102313864561406	0.0	0.0	2	1.05	-13.991474410240777	138.0	21	1.05	0.95				
	202	2	88.63292931192981	18.274830785964912	0.0	0.0	2	1.05	-14.11555291774323	138.0	22	1.05	0.95				
	203	1	164.47347707368422	33.80843695403509	0.0	0.0	2	1.0237898010367974	-10.38632150289259	138.0	21	1.05	0.95				
	204	1	67.61687390807018	13.706123089473685	0.0	0.0	2	1.0193353865540427	-14.993207319024602	138.0	21	1.05	0.95				
	205	1	64.87564929017545	12.792381550175442	0.0	0.0	2	1.0370631811465496	-15.482838612567877	138.0	21	1.05	0.95				
	206	1	124.26884934456142	25.584763100350884	0.0	-100.0	2	1.0340907222289604	-17.188889807026083	138.0	22	1.05	0.95				
	207	2	114.2176924122807	22.84353848245614	0.0	0.0	2	0.95	-26.813917047384106	138.0	22	1.05	0.95				
	208	1	156.24980322	31.980953875438594	0.0	0.0	2	0.9529709035260343	-23.90769158310112	138.0	22	1.05	0.95				
	209	1	159.904769377193	32.894695414736844	0.0	0.0	2	1.0243110696930136	-12.025304204120063	138.0	23	1.05	0.95				
	210	1	178.17960016315791	36.549661571929825	0.0	0.0	2	1.047347552436635	-14.142694300591707	138.0	23	1.05	0.95				
	211	1	0.0	0.0	0.0	0.0	2	1.0317404963080807	-7.087335933486875	230.0	23	1.05	0.95				
	212	1	0.0	0.0	0.0	0.0	2	1.0257544262946896	-2.147512188630087	230.0	23	1.05	0.95				
	213	2	242.1415079140351	49.34204312210527	0.0	0.0	2	1.05	-2.515715629908103	230.0	24	1.05	0.95				
	214	2	177.26585862385963	35.63592003263158	0.0	0.0	2	1.05	-5.377434327574025	230.0	26	1.05	0.95				
	215	2	289.6560679575439	58.47945851508772	0.0	0.0	2	1.0441159412726368	2.6017723253879805	230.0	26	1.05	0.95				
	216	2	91.37415392982456	18.274830785964912	0.0	0.0	2	1.0484288028143922	2.704374525327296	230.0	26	1.05	0.95				
	217	1	0.0	0.0	0.0	0.0	2	1.0496228142714088	5.805040210739705	230.0	27	1.05	0.95				
	218	2	304.2759325863158	62.13442467228071	0.0	0.0	2	1.05	6.273755182126235	230.0	27	1.05	0.95				
	219	1	165.38721861298248	33.80843695403509	0.0	0.0	2	1.0419046145200364	2.5896000803768593	230.0	25	1.05	0.95				
	220	1	116.95891703017544	23.757280021754386	0.0	0.0	2	1.0448775693489964	4.199797744481563	230.0	25	1.05	0.95				
	221	2	0.0	0.0	0.0	0.0	2	1.05	6.783949060237013	230.0	27	1.05	0.95				
	222	2	0.0	0.0	0.0	0.0	2	1.05	12.911953995686446	230.0	27	1.05	0.95				
	223	2	0.0	0.0	0.0	0.0	2	1.05	5.743047551533551	230.0	25	1.05	0.95				
	224	1	0.0	0.0	0.0	0.0	2	1.020065041124428	-2.222453079333947	230.0	26	1.05	0.95				
	301	2	83.69060422736841	17.048086046315785	0.0	0.0	3	0.9797078196015194	-6.823099360486781	138.0	31	1.05	0.95				
	302	2	75.16656120421051	15.498260042105262	0.0	0.0	3	0.981354191991504	-7.07366772235946	138.0	32	1.05	0.95				
	303	1	139.48434037894734	28.67178107789473	0.0	0.0	3	0.9970224287338162	-1.474631246652855	138.0	31	1.05	0.95				
	304	1	57.34356215578946	11.623695031578945	0.0	0.0	3	0.9734353141389928	-4.684501444979537	138.0	31	1.05	0.95				
	305	1	55.018823149473675	10.848782029473684	0.0	0.0	3	0.985522062400973	-4.916037908733938	138.0	31	1.05	0.95				
	306	1	105.38816828631579	21.697564058947368	0.0	-100.0	3	0.995868511397982	-4.7413204520675425	138.0	32	1.05	0.95				
	307	2	96.86412526315789	19.372825052631576	0.0	0.0	3	0.95	-11.137895827344996	138.0	32	1.05	0.95				
	308	1	132.51012336	27.121955073684205	0.0	0.0	3	0.9557036634399906	-7.283289688082192	138.0	32	1.05	0.95				
	309	1	135.60977536842103	27.896868075789467	0.0	0.0	3	0.9971138891715106	0.6298727699167433	138.0	33	1.05	0.95				
	310	1	151.1080354105263	30.996520084210523	0.0	0.0	3	1.0159023699294059	-0.3492362689214585	138.0	33	1.05	0.95				
	311	1	0.0	0.0	0.0	0.0	3	0.99303447312253	8.246471490921046	230.0	33	1.05	0.95				
	312	1	0.0	0.0	0.0	0.0	3	0.9963712086969382	9.70416891999055	230.0	33	1.05	0.95				
	313	2	205.3519455578947	41.845302113684205	0.0	0.0	3	1.0253580694601427	17.404944225137704	230.0	34	1.05	0.95				
	314	2	150.33312240842102	30.221607082105262	0.0	0.0	3	1.004842869723174	7.971811501866527	230.0	36	1.05	0.95				
	315	2	245.6474216673684	49.594432134736834	0.0	0.0	3	1.0435447976849468	5.990738507704317	230.0	36	1.05	0.95				
	316	2	77.4913002105263	15.498260042105262	0.0	0.0	3	1.0385864234176438	7.107368976562544	230.0	36	1.05	0.95				
	317	1	0.0	0.0	0.0	0.0	3	1.0434908966515408	7.269838449646316	230.0	37	1.05	0.95				
	318	2	258.0460297010526	52.694084143157895	0.0	0.0	3	1.0435846452557445	6.680137686017531	230.0	37	1.05	0.95				
	319	1	140.25925338105262	28.67178107789473	0.0	0.0	3	1.032229657212578	8.873499496475892	230.0	35	1.05	0.95				
	320	1	99.18886426947367	20.147738054736838	0.0	0.0	3	1.0307841870031345	10.431243345261219	230.0	35	1.05	0.95				
	321	2	0.0	0.0	0.0	0.0	3	1.047156538191824	8.01278625940532	230.0	37	1.05	0.95				
	322	2	0.0	0.0	0.0	0.0	3	1.05	12.419543564892626	230.0	37	1.05	0.95				
	323	2	0.0	0.0	0.0	0.0	3	1.0311322547931188	11.270303100537122	230.0	35	1.05	0.95				
	324	1	0.0	0.0	0.0	0.0	3	1.0190321702599985	5.326850037218602	230.0	36	1.05	0.95				
	325	1	0.0	0.0	0.0	0.0	3	1.0330601831196402	11.495125500672028	230.0	35	1.05	0.95				
];

%% generator data
%    bus    Pg    Qg    Qmax    Qmin    Vg    mBase    status    Pmax    Pmin    Pc1    Pc2    Qc1min    Qc1max    Qc2min    Qc2max    ramp_agc    ramp_10    ramp_30    ramp_q    apf
