%% MATPOWER Case Format : Version 2
function mpc = RTS_GMLC
mpc.version = '2';

%%-----  Power Flow Data  -----%%
%% system MVA base
mpc.baseMVA = 100.0;
%% bus data
%    bus_i    type    Pd    Qd    Gs    Bs    area    Vm    Va    baseKV    zone    Vmax    Vmin
mpc.bus = [
	101	2	54.06679860631579	11.013607123508772	0.0	0.0	1	1.0399821331351147	1.0925839836296134	138.0	11	1.05	0.95				
	102	2	48.559995044561404	10.012370112280703	0.0	0.0	1	1.038988973961546	0.7898584941876384	138.0	12	1.05	0.95				
	103	1	90.11133101052631	18.522884707719296	0.0	0.0	1	1.0263698465867144	-1.1961300485670965	138.0	11	1.05	0.95				
	104	1	37.04576941543859	7.509277584210526	0.0	0.0	1	1.0239082342896282	-2.4572140307191543	138.0	11	1.05	0.95				
	105	1	35.54391389859649	7.008659078596493	0.0	0.0	1	1.037891103716648	-2.469448423102237	138.0	11	1.05	0.95				
	106	1	68.08411676350877	14.017318157192985	0.0	-100.0	1	1.04454348562444	-5.003841524423631	138.0	12	1.05	0.95				
	107	2	62.57731320175439	12.515462640350878	0.0	0.0	1	1.000319382125184	-12.460397683265262	138.0	12	1.05	0.95				
	108	1	85.60576446	17.52164769649123	0.0	0.0	1	1.0009393844473837	-10.465559355559709	138.0	12	1.05	0.95				
	109	1	87.60823848245613	18.022266202105264	0.0	0.0	1	1.0247232710233716	-3.6559728173586428	138.0	13	1.05	0.95				
	110	1	97.62060859473684	20.024740224561405	0.0	0.0	1	1.05	-4.532002929634577	138.0	13	1.05	0.95				
	111	1	0.0	0.0	0.0	0.0	1	1.005933292908314	-1.2904106305913337	230.0	13	1.05	0.95				
	112	1	0.0	0.0	0.0	0.0	1	1.0109294175187566	-0.9616034348395033	230.0	13	1.05	0.95				
	113	3	132.6639039877193	27.033399303157896	0.0	0.0	1	1.0028623274618247	1.6627868159948737e-30	230.0	14	1.05	0.95				
	114	2	97.11999008912281	19.524121718947367	0.0	0.0	1	1.0027015720572832	0.50120986264439	230.0	16	1.05	0.95				
	115	2	158.69606627964913	32.039584359298246	0.0	0.0	1	1.0349914670309592	6.61342716072604	230.0	16	1.05	0.95				
	116	2	50.06185056140351	10.012370112280703	0.0	0.0	1	1.0318539140516416	6.001792164800563	230.0	16	1.05	0.95				
	117	1	0.0	0.0	0.0	0.0	1	1.0379581653644145	8.486570810319154	230.0	17	1.05	0.95				
	118	2	166.7059623694737	34.04205838175439	0.0	0.0	1	1.0398920029358094	8.713616285460233	230.0	17	1.05	0.95				
	119	1	90.61194951614036	18.522884707719296	0.0	0.0	1	1.0259354103731042	4.553937620833012	230.0	15	1.05	0.95				
	120	1	64.07916871859649	13.016081145964915	0.0	0.0	1	1.0248028830769016	4.252709304148478	230.0	15	1.05	0.95				
	121	2	0.0	0.0	0.0	0.0	1	1.0427713853087963	10.074572959120594	230.0	17	1.05	0.95				
	122	2	0.0	0.0	0.0	0.0	1	1.05	16.79614622318632	230.0	17	1.05	0.95				
	123	2	0.0	0.0	0.0	0.0	1	1.025042087566287	4.471937583135781	230.0	15	1.05	0.95				
	124	1	0.0	0.0	0.0	0.0	1	1.021787831064791	3.6870426693237426	230.0	16	1.05	0.95				
	201	2	56.0654808631579	11.420746101754386	0.0	0.0	2	1.0251473228820327	-13.767010084757684	138.0	21	1.05	0.95				
	202	2	50.3551078122807	10.382496456140352	0.0	0.0	2	1.026138809104126	-13.595241290720503	138.0	22	1.05	0.95				
	203	1	93.44246810526316	19.20761844385965	0.0	0.0	2	1.016251894090173	-11.81051991284217	138.0	21	1.05	0.95				
	204	1	38.4152368877193	7.786872342105262	0.0	0.0	2	1.0161805723866708	-14.997844128584271	138.0	21	1.05	0.95				
	205	1	36.85786241929824	7.267747519298247	0.0	0.0	2	1.031140333643532	-15.401353117922458	138.0	21	1.05	0.95				
	206	1	70.6009759017544	14.535495038596494	0.0	-100.0	2	1.0419345578246781	-16.777573089601045	138.0	22	1.05	0.95				
	207	2	64.8906028508772	12.978120570175438	0.0	0.0	2	0.9908289017671367	-24.227258582679877	138.0	22	1.05	0.95				
	208	1	88.77034470000001	18.169368798245614	0.0	0.0	2	0.9937363644816807	-21.795117255736823	138.0	22	1.05	0.95				
	209	1	90.84684399122807	18.688493621052633	0.0	0.0	2	1.023332698872675	-14.016406698017784	138.0	23	1.05	0.95				
	210	1	101.22934044736841	20.764992912280704	0.0	0.0	2	1.05	-15.396593853084653	138.0	23	1.05	0.95				
	211	1	0.0	0.0	0.0	0.0	2	1.0111648542615839	-10.659638118070593	230.0	23	1.05	0.95				
	212	1	0.0	0.0	0.0	0.0	2	1.0112971189415205	-9.60717144442181	230.0	23	1.05	0.95				
	213	2	137.56807804385966	28.03274043157895	0.0	0.0	2	1.010223859109432	-9.144682272124795	230.0	24	1.05	0.95				
	214	2	100.7102156245614	20.245868089473685	0.0	0.0	2	1.01624171761252	-7.8894720584205675	230.0	26	1.05	0.95				
	215	2	164.56256882982456	33.22398865964912	0.0	0.0	2	1.029882070403876	-0.5772675365136896	230.0	26	1.05	0.95				
	216	2	51.91248228070175	10.382496456140352	0.0	0.0	2	1.0316756811883334	-0.7922410849869753	230.0	26	1.05	0.95				
	217	1	0.0	0.0	0.0	0.0	2	1.0347902212955393	1.542166140100898	230.0	27	1.05	0.95				
	218	2	172.86856599473685	35.3004879508772	0.0	0.0	2	1.0349560289789754	1.3957276178838534	230.0	27	1.05	0.95				
	219	1	93.96159292807017	19.20761844385965	0.0	0.0	2	1.0319722239246973	-0.8901904570891146	230.0	25	1.05	0.95				
	220	1	66.44797731929825	13.497245392982457	0.0	0.0	2	1.0361506820266029	0.021743753458829104	230.0	25	1.05	0.95				
	221	2	0.0	0.0	0.0	0.0	2	1.0359415448831595	1.5226067586712615	230.0	27	1.05	0.95				
	222	2	0.0	0.0	0.0	0.0	2	1.05	8.028429964850334	230.0	27	1.05	0.95				
	223	2	0.0	0.0	0.0	0.0	2	1.0396739971412656	0.9078781855987325	230.0	25	1.05	0.95				
	224	1	0.0	0.0	0.0	0.0	2	1.010896992837433	-4.772820908443022	230.0	26	1.05	0.95				
	301	2	44.22840874105264	9.009490669473685	0.0	0.0	3	1.0096582588996748	-6.342304941968907	138.0	31	1.05	0.95				
	302	2	39.723663406315794	8.190446063157896	0.0	0.0	3	1.009428759882237	-6.515613414799215	138.0	32	1.05	0.95				
	303	1	73.71401456842106	15.152325216842108	0.0	0.0	3	1.0331384249188897	0.43208847638196485	138.0	31	1.05	0.95				
	304	1	30.304650433684216	6.142834547368421	0.0	0.0	3	1.0111770627770689	-5.485748399996039	138.0	31	1.05	0.95				
	305	1	29.076083524210528	5.733312244210528	0.0	0.0	3	1.0246889812420499	-6.101522556840446	138.0	31	1.05	0.95				
	306	1	55.69503322947369	11.466624488421056	0.0	-100.0	3	1.0413671805852147	-6.470398923012764	138.0	32	1.05	0.95				
	307	2	51.190287894736855	10.23805757894737	0.0	0.0	3	0.9899931546617967	-10.977937420167537	138.0	32	1.05	0.95				
	308	1	70.02831384000001	14.333280610526316	0.0	0.0	3	0.998408035583057	-9.162130723657565	138.0	32	1.05	0.95				
	309	1	71.6664030526316	14.74280291368421	0.0	0.0	3	1.0248873219885273	-2.956290174090625	138.0	33	1.05	0.95				
	310	1	79.85684911578949	16.380892126315793	0.0	0.0	3	1.05	-4.540929426990595	138.0	33	1.05	0.95				
	311	1	0.0	0.0	0.0	0.0	3	1.0042080553293324	-0.06388050518172546	230.0	33	1.05	0.95				
	312	1	0.0	0.0	0.0	0.0	3	1.010115206587558	0.326065167617839	230.0	33	1.05	0.95				
	313	2	108.52341033684212	22.11420437052632	0.0	0.0	3	1.0074951129734395	3.136402486389732	230.0	34	1.05	0.95				
	314	2	79.44732681263159	15.971369823157897	0.0	0.0	3	0.9970633315069735	0.9537530118576539	230.0	36	1.05	0.95				
	315	2	129.81857010105264	26.209427402105266	0.0	0.0	3	1.0242751655980453	2.313768753115994	230.0	36	1.05	0.95				
	316	2	40.95223031578948	8.190446063157896	0.0	0.0	3	1.0211934654368502	2.424045120924818	230.0	36	1.05	0.95				
	317	1	0.0	0.0	0.0	0.0	3	1.0330843374978538	4.9673212259786	230.0	37	1.05	0.95				
	318	2	136.37092695157898	27.847516614736843	0.0	0.0	3	1.0317303577887027	3.6895370137673233	230.0	37	1.05	0.95				
	319	1	74.12353687157895	15.152325216842108	0.0	0.0	3	1.0175732960488761	2.650126252703692	230.0	35	1.05	0.95				
	320	1	52.41885480421053	10.647579882105266	0.0	0.0	3	1.015451077245325	2.9456779941997424	230.0	35	1.05	0.95				
	321	2	0.0	0.0	0.0	0.0	3	1.0313859563890788	3.8146353094061487	230.0	37	1.05	0.95				
	322	2	0.0	0.0	0.0	0.0	3	1.0457249443734025	8.608905288281004	230.0	37	1.05	0.95				
	323	2	0.0	0.0	0.0	0.0	3	1.0145509017010195	3.3169481457323537	230.0	35	1.05	0.95				
	324	1	0.0	0.0	0.0	0.0	3	1.0239371113042486	2.4787740236162565	230.0	36	1.05	0.95				
	325	1	0.0	0.0	0.0	0.0	3	1.0160493741397654	3.9082348191851715	230.0	35	1.05	0.95				
];
