%% MATPOWER Case Format : Version 2
function mpc = RTS_GMLC
mpc.version = '2';

%%-----  Power Flow Data  -----%%
%% system MVA base
mpc.baseMVA = 100.0;
%% bus data
%    bus_i    type    Pd    Qd    Gs    Bs    area    Vm    Va    baseKV    zone    Vmax    Vmin
mpc.bus = [
	101	2	104.6467095536842	21.316922316491226	0.0	0.0	1	1.0484104899139652	-3.373345300210609	138.0	11	1.05	0.95				
	102	2	93.98824839543859	19.3790202877193	0.0	0.0	1	1.0481391966671865	-3.552801249873063	138.0	12	1.05	0.95				
	103	1	174.41118258947367	35.8511875322807	0.0	0.0	1	1.0165916548162641	-3.442728620568835	138.0	11	1.05	0.95				
	104	1	71.7023750645614	14.534265215789471	0.0	0.0	1	1.0215098416493802	-6.734208349325346	138.0	11	1.05	0.95				
	105	1	68.7955220214035	13.565314201403508	0.0	0.0	1	1.0357982858463837	-7.346955037879752	138.0	11	1.05	0.95				
	106	1	131.77733795649124	27.130628402807016	0.0	-100.0	1	1.0327946159018058	-10.469713505863702	138.0	12	1.05	0.95				
	107	2	121.1188767982456	24.22377535964912	0.0	0.0	1	1.05	-8.22930803963096	138.0	12	1.05	0.95				
	108	1	165.69062345999998	33.91328550350877	0.0	0.0	1	1.0189212642963925	-10.883940161927523	138.0	12	1.05	0.95				
	109	1	169.56642751754384	34.88223651789473	0.0	0.0	1	1.026958514729769	-6.462723275929896	138.0	13	1.05	0.95				
	110	1	188.94544780526314	38.7580405754386	0.0	0.0	1	1.05	-8.39699735335189	138.0	13	1.05	0.95				
	111	1	0.0	0.0	0.0	0.0	1	1.023459354972553	-2.6483226204397066	230.0	13	1.05	0.95				
	112	1	0.0	0.0	0.0	0.0	1	1.0209405275835894	-1.7272974988052123	230.0	13	1.05	0.95				
	113	3	256.7720188122807	52.3233547768421	0.0	0.0	1	1.0300265592967928	5.185080214261062e-30	230.0	14	1.05	0.95				
	114	2	187.97649679087718	37.78908956105263	0.0	0.0	1	1.0352867191286628	-0.2722783268191335	230.0	16	1.05	0.95				
	115	2	307.15747156035087	62.01286492070175	0.0	0.0	1	1.0406128320419008	9.871192419419225	230.0	16	1.05	0.95				
	116	2	96.89510143859648	19.3790202877193	0.0	0.0	1	1.0429691808531054	9.093361453534923	230.0	16	1.05	0.95				
	117	1	0.0	0.0	0.0	0.0	1	1.0462809828654718	13.401204745597038	230.0	17	1.05	0.95				
	118	2	322.6606877905263	65.88866897824562	0.0	0.0	1	1.05	14.44138186716513	230.0	17	1.05	0.95				
	119	1	175.38013360385963	35.8511875322807	0.0	0.0	1	1.0389428518539692	7.2183673276630085	230.0	15	1.05	0.95				
	120	1	124.0257298414035	25.192726374035086	0.0	0.0	1	1.04414099286735	7.042232840146055	230.0	15	1.05	0.95				
	121	2	0.0	0.0	0.0	0.0	1	1.05	15.673102083004462	230.0	17	1.05	0.95				
	122	2	0.0	0.0	0.0	0.0	1	1.05	23.04000239308184	230.0	17	1.05	0.95				
	123	2	0.0	0.0	0.0	0.0	1	1.05	7.64876748489651	230.0	15	1.05	0.95				
	124	1	0.0	0.0	0.0	0.0	1	1.0147812454582903	4.942619088676425	230.0	16	1.05	0.95				
	201	2	101.86305680842108	20.749881942456142	0.0	0.0	2	1.05	-12.951777114105171	138.0	21	1.05	0.95				
	202	2	91.48811583719298	18.863529038596493	0.0	0.0	2	1.05	-13.06909245973945	138.0	22	1.05	0.95				
	203	1	169.77176134736843	34.89752872140351	0.0	0.0	2	1.022686945626696	-9.747631334085236	138.0	21	1.05	0.95				
	204	1	69.79505744280702	14.147646778947367	0.0	0.0	2	1.0175148799199387	-13.795911289875997	138.0	21	1.05	0.95				
	205	1	66.96552808701755	13.204470327017544	0.0	0.0	2	1.0351830993386215	-14.258018349876766	138.0	21	1.05	0.95				
	206	1	128.27199746245614	26.40894065403509	0.0	-100.0	2	1.0309104663181996	-15.891247575741517	138.0	22	1.05	0.95				
	207	2	117.89705649122808	23.579411298245613	0.0	0.0	2	0.95	-24.737787311342906	138.0	22	1.05	0.95				
	208	1	161.28317328	33.01117581754386	0.0	0.0	2	0.9515068412517019	-22.210634131532554	138.0	22	1.05	0.95				
	209	1	165.0558790877193	33.95435226947368	0.0	0.0	2	1.0223055712054343	-10.570307168893736	138.0	23	1.05	0.95				
	210	1	183.9194081263158	37.727058077192986	0.0	0.0	2	1.0444452900353232	-12.623465362889181	138.0	23	1.05	0.95				
	211	1	0.0	0.0	0.0	0.0	2	1.0303925802313896	-5.319109375589313	230.0	23	1.05	0.95				
	212	1	0.0	0.0	0.0	0.0	2	1.0224976149259044	-0.08127517116233654	230.0	23	1.05	0.95				
	213	2	249.9417597614035	50.93152840421054	0.0	0.0	2	1.05	-0.35119013604079563	230.0	24	1.05	0.95				
	214	2	182.97623167438596	36.78388162526316	0.0	0.0	2	1.05	-3.7079757190344687	230.0	26	1.05	0.95				
	215	2	298.98693526175435	60.36329292350877	0.0	0.0	2	1.0445731323951304	4.071899770567393	230.0	26	1.05	0.95				
	216	2	94.31764519298245	18.863529038596493	0.0	0.0	2	1.0484080891756515	4.425159189347819	230.0	26	1.05	0.95				
	217	1	0.0	0.0	0.0	0.0	2	1.05	7.1532031850139255	230.0	27	1.05	0.95				
	218	2	314.0777584926316	64.13599873122807	0.0	0.0	2	1.049788746536392	7.605125070561977	230.0	27	1.05	0.95				
	219	1	170.71493779929824	34.89752872140351	0.0	0.0	2	1.041099469454655	5.038227977659173	230.0	25	1.05	0.95				
	220	1	120.72658584701755	24.52258775017544	0.0	0.0	2	1.044156679005278	7.340819649114675	230.0	25	1.05	0.95				
	221	2	0.0	0.0	0.0	0.0	2	1.05	8.161594520813928	230.0	27	1.05	0.95				
	222	2	0.0	0.0	0.0	0.0	2	1.05	14.278078834071017	230.0	27	1.05	0.95				
	223	2	0.0	0.0	0.0	0.0	2	1.05	9.282798548662692	230.0	25	1.05	0.95				
	224	1	0.0	0.0	0.0	0.0	2	1.0187321230362751	-1.0550425823714167	230.0	26	1.05	0.95				
	301	2	87.61974059368421	17.848465676491227	0.0	0.0	3	0.9867604411820842	0.8537710806267848	138.0	31	1.05	0.95				
	302	2	78.69550775543858	16.2258778877193	0.0	0.0	3	0.9874201302403189	0.5719008053900041	138.0	32	1.05	0.95				
	303	1	146.0329009894737	30.0178740922807	0.0	0.0	3	1.0175330264791316	11.675855801608362	138.0	31	1.05	0.95				
	304	1	60.0357481845614	12.169408415789473	0.0	0.0	3	0.9768990881903291	3.2578150465851983	138.0	31	1.05	0.95				
	305	1	57.60186650140351	11.35811452140351	0.0	0.0	3	0.9898317049405929	2.3716959322002316	138.0	31	1.05	0.95				
	306	1	110.33596963649124	22.71622904280702	0.0	-100.0	3	0.9978195598992532	2.3053114823962804	138.0	32	1.05	0.95				
	307	2	101.41173679824563	20.282347359649123	0.0	0.0	3	0.95	-3.5054520054690936	138.0	32	1.05	0.95				
	308	1	138.73125594	28.395286303508772	0.0	0.0	3	0.9544904564836117	0.015343284142337175	138.0	32	1.05	0.95				
	309	1	141.97643151754386	29.206580197894734	0.0	0.0	3	1.0004985705458023	8.951276092698885	138.0	33	1.05	0.95				
	310	1	158.20230940526315	32.4517557754386	0.0	0.0	3	1.017726687211248	6.664248985119255	138.0	33	1.05	0.95				
	311	1	0.0	0.0	0.0	0.0	3	0.9950402173609507	15.343646596611022	230.0	33	1.05	0.95				
	312	1	0.0	0.0	0.0	0.0	3	0.9982973291445171	16.38185912652561	230.0	33	1.05	0.95				
	313	2	214.99288201228072	43.80987029684211	0.0	0.0	3	1.0229742355598426	23.529545837234515	230.0	34	1.05	0.95				
	314	2	157.39101551087717	31.640461881052634	0.0	0.0	3	1.0057138392832279	15.426133931720338	230.0	36	1.05	0.95				
	315	2	257.18016452035084	51.92280924070175	0.0	0.0	3	1.0444635718816064	14.30513324982149	230.0	36	1.05	0.95				
	316	2	81.12938943859649	16.2258778877193	0.0	0.0	3	1.038280950263028	15.051361178392959	230.0	36	1.05	0.95				
	317	1	0.0	0.0	0.0	0.0	3	1.0452628925996674	15.761032426517941	230.0	37	1.05	0.95				
	318	2	270.1608668305263	55.16798481824562	0.0	0.0	3	1.045323132975212	14.69166265126799	230.0	37	1.05	0.95				
	319	1	146.84419488385964	30.0178740922807	0.0	0.0	3	1.0312188238965379	16.029062373698547	230.0	35	1.05	0.95				
	320	1	103.8456184814035	21.093641254035088	0.0	0.0	3	1.0293075262687164	17.042120089215885	230.0	35	1.05	0.95				
	321	2	0.0	0.0	0.0	0.0	3	1.048228246010717	16.23003410594489	230.0	37	1.05	0.95				
	322	2	0.0	0.0	0.0	0.0	3	1.05	21.47131189887934	230.0	37	1.05	0.95				
	323	2	0.0	0.0	0.0	0.0	3	1.0289760213294887	17.472343422257232	230.0	35	1.05	0.95				
	324	1	0.0	0.0	0.0	0.0	3	1.0312323732044113	15.255384309174435	230.0	36	1.05	0.95				
	325	1	0.0	0.0	0.0	0.0	3	1.0318747610993597	17.329075728021678	230.0	35	1.05	0.95				
];

%% generator data
%    bus    Pg    Qg    Qmax    Qmin    Vg    mBase    status    Pmax    Pmin    Pc1    Pc2    Qc1min    Qc1max    Qc2min    Qc2max    ramp_agc    ramp_10    ramp_30    ramp_q    apf
