%% MATPOWER Case Format : Version 2
function mpc = RTS_GMLC
mpc.version = '2';

%%-----  Power Flow Data  -----%%
%% system MVA base
mpc.baseMVA = 100.0;
%% bus data
%    bus_i    type    Pd    Qd    Gs    Bs    area    Vm    Va    baseKV    zone    Vmax    Vmin
mpc.bus = [
	101	2	85.4487877263158	17.406234536842106	0.0	0.0	1	1.0372741263529535	-2.1104254413927377	138.0	11	1.05	0.95				
	102	2	76.74567045789473	15.82384957894737	0.0	0.0	1	1.037021135556502	-2.2485116092941846	138.0	12	1.05	0.95				
	103	1	142.41464621052634	29.27412172105263	0.0	0.0	1	1.0200639247688663	-1.8966509237216145	138.0	11	1.05	0.95				
	104	1	58.54824344210526	11.867887184210527	0.0	0.0	1	1.0184909431438827	-5.110803023874934	138.0	11	1.05	0.95				
	105	1	56.17466600526315	11.07669470526316	0.0	0.0	1	1.0328808554279614	-5.488710714019625	138.0	11	1.05	0.95				
	106	1	107.60217713684213	22.15338941052632	0.0	-100.0	1	1.0358030543135595	-8.112296363046008	138.0	12	1.05	0.95				
	107	2	98.89905986842106	19.77981197368421	0.0	0.0	1	1.0444462415292004	-5.4898905050344755	138.0	12	1.05	0.95				
	108	1	135.2939139	27.69173676315789	0.0	0.0	1	1.0210472051515875	-7.989064789078825	138.0	12	1.05	0.95				
	109	1	138.45868381578947	28.482929242105264	0.0	0.0	1	1.0264270486110365	-4.770380683292309	138.0	13	1.05	0.95				
	110	1	154.28253339473684	31.64769915789474	0.0	0.0	1	1.05	-6.43619230347513	138.0	13	1.05	0.95				
	111	1	0.0	0.0	0.0	0.0	1	1.0165619038546818	-1.6657364835169621	230.0	13	1.05	0.95				
	112	1	0.0	0.0	0.0	0.0	1	1.0174468708782687	-1.23540091929845	230.0	13	1.05	0.95				
	113	3	209.66600692105263	42.7243938631579	0.0	0.0	1	1.0177101506210433	8.799236607032263e-28	230.0	14	1.05	0.95				
	114	2	153.49134091578946	30.85650667894737	0.0	0.0	1	1.023286408352474	0.8226297802013056	230.0	16	1.05	0.95				
	115	2	250.80801582631577	50.63631865263159	0.0	0.0	1	1.0415470771876512	10.153683945669368	230.0	16	1.05	0.95				
	116	2	79.11924789473684	15.82384957894737	0.0	0.0	1	1.0408851250883706	9.187839719984623	230.0	16	1.05	0.95				
	117	1	0.0	0.0	0.0	0.0	1	1.044102613579198	13.434567712517529	230.0	17	1.05	0.95				
	118	2	263.4670954894737	53.801088568421065	0.0	0.0	1	1.049613960547546	13.808949314524032	230.0	17	1.05	0.95				
	119	1	143.2058386894737	29.27412172105263	0.0	0.0	1	1.0350735009963947	6.848148927245228	230.0	15	1.05	0.95				
	120	1	101.27263730526317	20.57100445263158	0.0	0.0	1	1.0374704730251432	6.098684282495636	230.0	15	1.05	0.95				
	121	2	0.0	0.0	0.0	0.0	1	1.05	15.70820388842247	230.0	17	1.05	0.95				
	122	2	0.0	0.0	0.0	0.0	1	1.05	27.881994388037775	230.0	17	1.05	0.95				
	123	2	0.0	0.0	0.0	0.0	1	1.0409340666492226	6.273103877462958	230.0	15	1.05	0.95				
	124	1	0.0	0.0	0.0	0.0	1	1.018400243518917	5.684446688258565	230.0	16	1.05	0.95				
	201	2	82.24523848421053	16.75365969122807	0.0	0.0	2	1.0398267094990026	-12.976676757324958	138.0	21	1.05	0.95				
	202	2	73.86840863859649	15.230599719298246	0.0	0.0	2	1.0401059345183123	-13.060484089883978	138.0	22	1.05	0.95				
	203	1	137.07539747368423	28.176609480701753	0.0	0.0	2	1.0256599201494485	-9.88560089074719	138.0	21	1.05	0.95				
	204	1	56.353218961403506	11.422949789473684	0.0	0.0	2	1.0190196781304623	-14.485583763890864	138.0	21	1.05	0.95				
	205	1	54.068629003508775	10.661419803508773	0.0	0.0	2	1.0352495334022227	-14.914930484296516	138.0	21	1.05	0.95				
	206	1	103.56807809122807	21.322839607017546	0.0	-100.0	2	1.03821360999649	-16.718403459264337	138.0	22	1.05	0.95				
	207	2	95.19124824561403	19.038249649122807	0.0	0.0	2	0.9564025478960377	-28.075154604712317	138.0	22	1.05	0.95				
	208	1	130.2216276	26.653549508771928	0.0	0.0	2	0.961870210296161	-24.259096733316095	138.0	22	1.05	0.95				
	209	1	133.26774754385963	27.415079494736844	0.0	0.0	2	1.025893982426274	-12.57772008281383	138.0	23	1.05	0.95				
	210	1	148.49834726315788	30.46119943859649	0.0	0.0	2	1.05	-14.493238366280066	138.0	23	1.05	0.95				
	211	1	0.0	0.0	0.0	0.0	2	1.0285841111606535	-8.867689883819917	230.0	23	1.05	0.95				
	212	1	0.0	0.0	0.0	0.0	2	1.0244033616378942	-4.352017382406069	230.0	23	1.05	0.95				
	213	2	201.80544628070174	41.122619242105266	0.0	0.0	2	1.0381377171838575	-6.2705643510455635	230.0	24	1.05	0.95				
	214	2	147.73681727719298	29.69966945263158	0.0	0.0	2	1.0429450930784108	-6.62464782497291	230.0	26	1.05	0.95				
	215	2	241.40500555087718	48.737919101754386	0.0	0.0	2	1.043892457642848	1.2536540476326299	230.0	26	1.05	0.95				
	216	2	76.15299859649123	15.230599719298246	0.0	0.0	2	1.0458255647531216	1.2589968628682247	230.0	26	1.05	0.95				
	217	1	0.0	0.0	0.0	0.0	2	1.04729274353121	3.887466715710649	230.0	27	1.05	0.95				
	218	2	253.58948532631578	51.78403904561404	0.0	0.0	2	1.0477048132970497	4.012220948346548	230.0	27	1.05	0.95				
	219	1	137.83692745964913	28.176609480701753	0.0	0.0	2	1.0418817667107847	1.4960751981923457	230.0	25	1.05	0.95				
	220	1	97.47583820350877	19.79977963508772	0.0	0.0	2	1.045343582173154	3.129932947798303	230.0	25	1.05	0.95				
	221	2	0.0	0.0	0.0	0.0	2	1.0476654291615373	3.8571902837891576	230.0	27	1.05	0.95				
	222	2	0.0	0.0	0.0	0.0	2	1.05	10.37944702778757	230.0	27	1.05	0.95				
	223	2	0.0	0.0	0.0	0.0	2	1.05	4.5768273466694875	230.0	25	1.05	0.95				
	224	1	0.0	0.0	0.0	0.0	2	1.0231224930064489	-2.888925781044604	230.0	26	1.05	0.95				
	301	2	78.65105979789475	16.021512181052632	0.0	0.0	3	1.0068787085741455	1.11896235600878	138.0	31	1.05	0.95				
	302	2	70.64030370736842	14.56501107368421	0.0	0.0	3	1.0058116807672601	0.8722682710301244	138.0	32	1.05	0.95				
	303	1	131.0850996631579	26.945270486315792	0.0	0.0	3	1.0413999783643855	11.777320492473772	138.0	31	1.05	0.95				
	304	1	53.890540972631584	10.923758305263158	0.0	0.0	3	1.0042268588314331	3.044132499769882	138.0	31	1.05	0.95				
	305	1	51.70578931157894	10.19550775157895	0.0	0.0	3	1.0180841833871632	2.0742445247067853	138.0	31	1.05	0.95				
	306	1	99.04207530105265	20.3910155031579	0.0	-100.0	3	1.0307717262136444	1.8177603632094266	138.0	32	1.05	0.95				
	307	2	91.03131921052632	18.206263842105265	0.0	0.0	3	0.9864522087938844	-4.46737908651314	138.0	32	1.05	0.95				
	308	1	124.53084468	25.488769378947367	0.0	0.0	3	0.9902631431933142	-1.0147797424734308	138.0	32	1.05	0.95				
	309	1	127.44384689473685	26.21701993263158	0.0	0.0	3	1.0295871617793966	7.775585859716598	138.0	33	1.05	0.95				
	310	1	142.00885796842104	29.13002214736842	0.0	0.0	3	1.05	5.366567318048145	138.0	33	1.05	0.95				
	311	1	0.0	0.0	0.0	0.0	3	1.0224970005640874	12.508101088380782	230.0	33	1.05	0.95				
	312	1	0.0	0.0	0.0	0.0	3	1.0251436830752696	13.555573200231402	230.0	33	1.05	0.95				
	313	2	192.9863967263158	39.32552989894737	0.0	0.0	3	1.0440883900160922	19.323423017834592	230.0	34	1.05	0.95				
	314	2	141.28060741473683	28.40177159368421	0.0	0.0	3	1.0279164373468428	12.329088380905015	230.0	36	1.05	0.95				
	315	2	230.85542551789473	46.608035435789475	0.0	0.0	3	1.0456732370450073	10.378933487791977	230.0	36	1.05	0.95				
	316	2	72.82505536842106	14.56501107368421	0.0	0.0	3	1.0440440453983413	11.456074134034964	230.0	36	1.05	0.95				
	317	1	0.0	0.0	0.0	0.0	3	1.0493570198187427	11.878175218469497	230.0	37	1.05	0.95				
	318	2	242.50743437684213	49.521037650526324	0.0	0.0	3	1.046723196265339	10.089417482376199	230.0	37	1.05	0.95				
	319	1	131.8133502168421	26.945270486315792	0.0	0.0	3	1.0405272749234036	12.824880665554119	230.0	35	1.05	0.95				
	320	1	93.21607087157895	18.934514395789474	0.0	0.0	3	1.0408304702919569	14.018198128849972	230.0	35	1.05	0.95				
	321	2	0.0	0.0	0.0	0.0	3	1.0469802645436634	10.780031085337855	230.0	37	1.05	0.95				
	322	2	0.0	0.0	0.0	0.0	3	1.05	15.553262003243933	230.0	37	1.05	0.95				
	323	2	0.0	0.0	0.0	0.0	3	1.041661971671508	14.601494257288152	230.0	35	1.05	0.95				
	324	1	0.0	0.0	0.0	0.0	3	1.0429646906029448	12.675252035492214	230.0	36	1.05	0.95				
	325	1	0.0	0.0	0.0	0.0	3	1.0430265192208765	14.698715037940143	230.0	35	1.05	0.95				
];
