%% MATPOWER Case Format : Version 2
function mpc = RTS_GMLC
mpc.version = '2';

%%-----  Power Flow Data  -----%%
%% system MVA base
mpc.baseMVA = 100.0;
%% bus data
%    bus_i    type    Pd    Qd    Gs    Bs    area    Vm    Va    baseKV    zone    Vmax    Vmin
mpc.bus = [
	101	2	94.2394853936842	19.19693220982456	0.0	0.0	1	1.0398527455419868	-4.16319803187117	138.0	11	1.05	0.95				
	102	2	84.64101928877193	17.451756554385966	0.0	0.0	1	1.0397412947299836	-4.273818048721748	138.0	12	1.05	0.95				
	103	1	157.06580898947368	32.28574962561404	0.0	0.0	1	1.0179648088717388	-5.373601052946644	138.0	11	1.05	0.95				
	104	1	64.57149925122808	13.088817415789473	0.0	0.0	1	1.0187061867656806	-7.3665261566525535	138.0	11	1.05	0.95				
	105	1	61.953735768070175	12.216229588070176	0.0	0.0	1	1.0330601420284367	-7.627531556143525	138.0	11	1.05	0.95				
	106	1	118.67194456982457	24.432459176140352	0.0	-100.0	1	1.0339814258267435	-10.361788435547155	138.0	12	1.05	0.95				
	107	2	109.07347846491228	21.814695692982454	0.0	0.0	1	1.05	-7.949378605000149	138.0	12	1.05	0.95				
	108	1	149.21251854	30.540573970175434	0.0	0.0	1	1.0220749699066771	-10.520325069459696	138.0	12	1.05	0.95				
	109	1	152.70286985087716	31.413161797894734	0.0	0.0	1	1.0274888668257973	-6.927512525574452	138.0	13	1.05	0.95				
	110	1	170.15462640526314	34.90351310877193	0.0	0.0	1	1.05	-8.417038819613246	138.0	13	1.05	0.95				
	111	1	0.0	0.0	0.0	0.0	1	1.0182374972052557	-3.2646546986049487	230.0	13	1.05	0.95				
	112	1	0.0	0.0	0.0	0.0	1	1.0203650140912297	-2.0957052453850102	230.0	13	1.05	0.95				
	113	3	231.23577434561403	47.1197426968421	0.0	0.0	1	1.0269818461675921	2.5843451679921158e-27	230.0	14	1.05	0.95				
	114	2	169.28203857754386	34.03092528105263	0.0	0.0	1	1.0214840758426769	-1.7336440341896333	230.0	16	1.05	0.95				
	115	2	276.6103413870175	55.84562097403508	0.0	0.0	1	1.0441935916051261	6.013815988074905	230.0	16	1.05	0.95				
	116	2	87.25878277192982	17.451756554385966	0.0	0.0	1	1.0448243678179923	5.734677934701083	230.0	16	1.05	0.95				
	117	1	0.0	0.0	0.0	0.0	1	1.0477559562421905	8.84297772700603	230.0	17	1.05	0.95				
	118	2	290.5717466305263	59.33597228491229	0.0	0.0	1	1.049592382256897	9.510465163236972	230.0	17	1.05	0.95				
	119	1	157.93839681719297	32.28574962561404	0.0	0.0	1	1.0402883920348427	4.709835556180565	230.0	15	1.05	0.95				
	120	1	111.69124194807016	22.687283520701754	0.0	0.0	1	1.0440915821160193	5.319501549645923	230.0	15	1.05	0.95				
	121	2	0.0	0.0	0.0	0.0	1	1.05	10.386595960994805	230.0	17	1.05	0.95				
	122	2	0.0	0.0	0.0	0.0	1	1.05	16.47665930000953	230.0	17	1.05	0.95				
	123	2	0.0	0.0	0.0	0.0	1	1.0489496989184475	6.287236383049884	230.0	15	1.05	0.95				
	124	1	0.0	0.0	0.0	0.0	1	1.0201168184172367	1.8110871875708732	230.0	16	1.05	0.95				
	201	2	104.39603336842107	21.26585864912281	0.0	0.0	2	1.05	-19.891966922499073	138.0	21	1.05	0.95				
	202	2	93.76310404385964	19.332598771929828	0.0	0.0	2	1.05	-19.97638279340101	138.0	22	1.05	0.95				
	203	1	173.99338894736843	35.76530772807018	0.0	0.0	2	1.0158707865313061	-14.403301739495095	138.0	21	1.05	0.95				
	204	1	71.53061545614035	14.499449078947368	0.0	0.0	2	1.0138627849031974	-21.404785560851348	138.0	21	1.05	0.95				
	205	1	68.63072564035087	13.53281914035088	0.0	0.0	2	1.0330570434309965	-22.085202911530583	138.0	21	1.05	0.95				
	206	1	131.46167164912282	27.06563828070176	0.0	-100.0	2	1.0271913987437773	-24.22787596121364	138.0	22	1.05	0.95				
	207	2	120.8287423245614	24.16574846491228	0.0	0.0	2	0.9507869455093916	-32.14642204085008	138.0	22	1.05	0.95				
	208	1	165.2937195	33.832047850877196	0.0	0.0	2	0.95	-30.156314606239498	138.0	22	1.05	0.95				
	209	1	169.16023925438597	34.798677789473686	0.0	0.0	2	1.0163753390831805	-18.645802707011374	138.0	23	1.05	0.95				
	210	1	188.4928380263158	38.665197543859655	0.0	0.0	2	1.0409743569046268	-21.291464405175454	138.0	23	1.05	0.95				
	211	1	0.0	0.0	0.0	0.0	2	1.0274407275492101	-12.739703856345649	230.0	23	1.05	0.95				
	212	1	0.0	0.0	0.0	0.0	2	1.0167224308004095	-11.340978602057765	230.0	23	1.05	0.95				
	213	2	256.15693372807016	52.198016684210536	0.0	0.0	2	1.05	-8.203829653532289	230.0	24	1.05	0.95				
	214	2	187.52620808771928	37.698567605263165	0.0	0.0	2	1.05	-9.886032060547754	230.0	26	1.05	0.95				
	215	2	306.42169053508775	61.86431607017544	0.0	0.0	2	1.0424301630235706	0.9333022869083891	230.0	26	1.05	0.95				
	216	2	96.66299385964912	19.332598771929828	0.0	0.0	2	1.0461054117939774	0.19697424352076015	230.0	26	1.05	0.95				
	217	1	0.0	0.0	0.0	0.0	2	1.048774320009433	3.951990008983684	230.0	27	1.05	0.95				
	218	2	321.8877695526316	65.73083582456141	0.0	0.0	2	1.05	4.571665544906228	230.0	27	1.05	0.95				
	219	1	174.96001888596493	35.76530772807018	0.0	0.0	2	1.0402490268341449	-0.7995707344638975	230.0	25	1.05	0.95				
	220	1	123.72863214035088	25.132378403508778	0.0	0.0	2	1.0443686357621242	0.145289739414354	230.0	25	1.05	0.95				
	221	2	0.0	0.0	0.0	0.0	2	1.05	5.347762486288105	230.0	27	1.05	0.95				
	222	2	0.0	0.0	0.0	0.0	2	1.05	11.311855613844324	230.0	27	1.05	0.95				
	223	2	0.0	0.0	0.0	0.0	2	1.05	1.3619435259245722	230.0	25	1.05	0.95				
	224	1	0.0	0.0	0.0	0.0	2	1.0125796244723286	-4.734196576300653	230.0	26	1.05	0.95				
	301	2	89.85763997052632	18.304334068070176	0.0	0.0	3	1.0149354662123045	-15.569115395745253	138.0	31	1.05	0.95				
	302	2	80.70547293649122	16.640303698245614	0.0	0.0	3	1.015028535792745	-16.047759550633167	138.0	32	1.05	0.95				
	303	1	149.76273328421053	30.784561841754382	0.0	0.0	3	1.0148456778254478	-9.645578521369515	138.0	31	1.05	0.95				
	304	1	61.569123683508764	12.48022777368421	0.0	0.0	3	1.0006355603201078	-14.63389898011593	138.0	31	1.05	0.95				
	305	1	59.073078128771925	11.64821258877193	0.0	0.0	3	1.0163513983750894	-14.882493947371973	138.0	31	1.05	0.95				
	306	1	113.15406514807019	23.29642517754386	0.0	-100.0	3	1.0228276566538173	-15.425408830264441	138.0	32	1.05	0.95				
	307	2	104.00189811403509	20.800379622807018	0.0	0.0	3	0.9960277467849558	-17.397425565168728	138.0	32	1.05	0.95				
	308	1	142.27459661999998	29.120531471929823	0.0	0.0	3	0.9890781125199963	-16.682543678356055	138.0	32	1.05	0.95				
	309	1	145.60265735964913	29.952546656842106	0.0	0.0	3	1.0187595427794098	-10.019038517164391	138.0	33	1.05	0.95				
	310	1	162.24296105789472	33.28060739649123	0.0	0.0	3	1.0411029621198475	-11.487283187165694	138.0	33	1.05	0.95				
	311	1	0.0	0.0	0.0	0.0	3	1.0135010756538387	-3.734971378850474	230.0	33	1.05	0.95				
	312	1	0.0	0.0	0.0	0.0	3	1.0140251967618668	-2.307547635671251	230.0	33	1.05	0.95				
	313	2	220.48402400175436	44.92881998526316	0.0	0.0	3	1.0327807147650423	2.3515512545981516	230.0	34	1.05	0.95				
	314	2	161.41094587298244	32.44859221157895	0.0	0.0	3	1.0241751317568872	-2.2276034161677165	230.0	36	1.05	0.95				
	315	2	263.748813617193	53.24897183438596	0.0	0.0	3	1.0465748973242741	0.8891550709222269	230.0	36	1.05	0.95				
	316	2	83.20151849122807	16.640303698245614	0.0	0.0	3	1.0435185355457115	1.0553401624914394	230.0	36	1.05	0.95				
	317	1	0.0	0.0	0.0	0.0	3	1.046652135778059	2.239461860690595	230.0	37	1.05	0.95				
	318	2	277.06105657578945	56.577032574035094	0.0	0.0	3	1.0467823030107344	1.9795448489739718	230.0	37	1.05	0.95				
	319	1	150.5947484691228	30.784561841754382	0.0	0.0	3	1.040458331822826	2.24589411824473	230.0	35	1.05	0.95				
	320	1	106.49794366877192	21.632394807719297	0.0	0.0	3	1.0432534974863312	3.8195735582292416	230.0	35	1.05	0.95				
	321	2	0.0	0.0	0.0	0.0	3	1.05	3.545910255884405	230.0	37	1.05	0.95				
	322	2	0.0	0.0	0.0	0.0	3	1.05	8.808023742591232	230.0	37	1.05	0.95				
	323	2	0.0	0.0	0.0	0.0	3	1.0467418104422546	4.90255003325747	230.0	35	1.05	0.95				
	324	1	0.0	0.0	0.0	0.0	3	1.023580246159798	-1.4931169778482702	230.0	36	1.05	0.95				
	325	1	0.0	0.0	0.0	0.0	3	1.0465693428593632	5.362176425083052	230.0	35	1.05	0.95				
];
