%% MATPOWER Case Format : Version 2
function mpc = RTS_GMLC
mpc.version = '2';

%%-----  Power Flow Data  -----%%
%% system MVA base
mpc.baseMVA = 100.0;
%% bus data
%    bus_i    type    Pd    Qd    Gs    Bs    area    Vm    Va    baseKV    zone    Vmax    Vmin
mpc.bus = [
	101	2	81.6145472463158	16.625185550175438	0.0	0.0	1	1.0417298367195058	0.8042309985913285	138.0	11	1.05	0.95				
	102	2	73.30195447122807	15.113805045614036	0.0	0.0	1	1.0416180237516992	0.6721001294141967	138.0	12	1.05	0.95				
	103	1	136.0242454105263	27.960539334385963	0.0	0.0	1	1.0244073246376317	-1.1534579806067824	138.0	11	1.05	0.95				
	104	1	55.921078668771926	11.335353784210525	0.0	0.0	1	1.0221694439168194	-3.1050588457835087	138.0	11	1.05	0.95				
	105	1	53.654007911929824	10.579663531929825	0.0	0.0	1	1.0348739411935344	-3.4698932370618962	138.0	11	1.05	0.95				
	106	1	102.77387431017544	21.15932706385965	0.0	-100.0	1	1.0372269640084681	-6.557951399305033	138.0	12	1.05	0.95				
	107	2	94.46128153508772	18.892256307017544	0.0	0.0	1	1.05	-7.25626078158537	138.0	12	1.05	0.95				
	108	1	129.22303313999998	26.449158829824558	0.0	0.0	1	1.0253356070152868	-8.532724344024407	138.0	12	1.05	0.95				
	109	1	132.24579414912282	27.20484908210526	0.0	0.0	1	1.0270932112068751	-4.081805797351219	138.0	13	1.05	0.95				
	110	1	147.35959919473686	30.227610091228073	0.0	0.0	1	1.05	-5.466696767233306	138.0	13	1.05	0.95				
	111	1	0.0	0.0	0.0	0.0	1	1.0124376174143952	-1.4717374131938004	230.0	13	1.05	0.95				
	112	1	0.0	0.0	0.0	0.0	1	1.0169744889868402	-0.8799587895703026	230.0	13	1.05	0.95				
	113	3	200.25791685438597	40.8072736231579	0.0	0.0	1	1.0143635561171642	-1.57265011113201e-27	230.0	14	1.05	0.95				
	114	2	146.60390894245614	29.471919838947368	0.0	0.0	1	1.011817956228055	0.6078186921960892	230.0	16	1.05	0.95				
	115	2	239.55380997298246	48.36417614596492	0.0	0.0	1	1.0445155602748828	8.787747549965111	230.0	16	1.05	0.95				
	116	2	75.56902522807017	15.113805045614036	0.0	0.0	1	1.0424116001857435	8.077653799952863	230.0	16	1.05	0.95				
	117	1	0.0	0.0	0.0	0.0	1	1.046763688712076	11.5809327182433	230.0	17	1.05	0.95				
	118	2	251.6448540094737	51.38693715508772	0.0	0.0	1	1.0496634879942772	12.429656369228582	230.0	17	1.05	0.95				
	119	1	136.77993566280702	27.960539334385963	0.0	0.0	1	1.0362613775450722	6.316805518397167	230.0	15	1.05	0.95				
	120	1	96.72835229192984	19.647946559298248	0.0	0.0	1	1.0373574961422876	5.937065133888366	230.0	15	1.05	0.95				
	121	2	0.0	0.0	0.0	0.0	1	1.05	13.078332785597585	230.0	17	1.05	0.95				
	122	2	0.0	0.0	0.0	0.0	1	1.05	19.403209134949805	230.0	17	1.05	0.95				
	123	2	0.0	0.0	0.0	0.0	1	1.039961176107639	6.288788381475472	230.0	15	1.05	0.95				
	124	1	0.0	0.0	0.0	0.0	1	1.0245231794013738	5.100463588393632	230.0	16	1.05	0.95				
	201	2	94.28112701052632	19.205414761403507	0.0	0.0	2	1.05	-21.13459321442308	138.0	21	1.05	0.95				
	202	2	84.67841962982456	17.45946796491228	0.0	0.0	2	1.05	-21.347669177338062	138.0	22	1.05	0.95				
	203	1	157.13521168421053	32.30001573508772	0.0	0.0	2	1.0188205252567148	-14.9660333007662	138.0	21	1.05	0.95				
	204	1	64.60003147017544	13.094600973684209	0.0	0.0	2	1.0180681691837399	-22.663661615534345	138.0	21	1.05	0.95				
	205	1	61.98111127543859	12.221627575438598	0.0	0.0	2	1.037418356814073	-23.339846080407085	138.0	21	1.05	0.95				
	206	1	118.72438216140351	24.443255150877196	0.0	-100.0	2	1.0349344534510032	-25.42606896694746	138.0	22	1.05	0.95				
	207	2	109.12167478070177	21.82433495614035	0.0	0.0	2	0.95	-35.39629225789064	138.0	22	1.05	0.95				
	208	1	149.27845109999998	30.55406893859649	0.0	0.0	2	0.9532465427394479	-32.30433392515922	138.0	22	1.05	0.95				
	209	1	152.77034469298246	31.427042336842103	0.0	0.0	2	1.020311388171213	-20.21347513332437	138.0	23	1.05	0.95				
	210	1	170.22981265789474	34.91893592982456	0.0	0.0	2	1.0470891483999347	-22.869194622891396	138.0	23	1.05	0.95				
	211	1	0.0	0.0	0.0	0.0	2	1.0301800537511758	-14.880652745415725	230.0	23	1.05	0.95				
	212	1	0.0	0.0	0.0	0.0	2	1.0207688304043574	-13.80185467152564	230.0	23	1.05	0.95				
	213	2	231.3379505350877	47.14056350526316	0.0	0.0	2	1.05	-11.554936849423513	230.0	24	1.05	0.95				
	214	2	169.35683925964912	34.04596253157895	0.0	0.0	2	1.05	-11.46159359553276	230.0	26	1.05	0.95				
	215	2	276.73256724385965	55.8702974877193	0.0	0.0	2	1.04174859338317	-0.3345620362444938	230.0	26	1.05	0.95				
	216	2	87.2973398245614	17.45946796491228	0.0	0.0	2	1.0457989716340077	-1.1646193767776154	230.0	26	1.05	0.95				
	217	1	0.0	0.0	0.0	0.0	2	1.047614377312373	2.798573353259238	230.0	27	1.05	0.95				
	218	2	290.7001416157895	59.362191080701756	0.0	0.0	2	1.05	3.3446599299745685	230.0	27	1.05	0.95				
	219	1	158.00818508245615	32.30001573508772	0.0	0.0	2	1.0410455119724846	-2.4974229955248566	230.0	25	1.05	0.95				
	220	1	111.7405949754386	22.697308354385967	0.0	0.0	2	1.0450715839473212	-2.020354498695422	230.0	25	1.05	0.95				
	221	2	0.0	0.0	0.0	0.0	2	1.05	3.846787190458451	230.0	27	1.05	0.95				
	222	2	0.0	0.0	0.0	0.0	2	1.05	9.947218939721393	230.0	27	1.05	0.95				
	223	2	0.0	0.0	0.0	0.0	2	1.05	-1.126126443665368	230.0	25	1.05	0.95				
	224	1	0.0	0.0	0.0	0.0	2	1.014349905114244	-5.758274446759423	230.0	26	1.05	0.95				
	301	2	71.57861435368422	14.580828849824561	0.0	0.0	3	1.001852286335282	-11.784496533026699	138.0	31	1.05	0.95				
	302	2	64.28819992877193	13.255298954385966	0.0	0.0	3	1.0015851219393754	-11.877011340836814	138.0	32	1.05	0.95				
	303	1	119.2976905894737	24.522303065614036	0.0	0.0	3	1.0173364329811174	-6.53963741939195	138.0	31	1.05	0.95				
	304	1	49.04460613122807	9.941474215789475	0.0	0.0	3	1.0023489744045617	-9.619482132742807	138.0	31	1.05	0.95				
	305	1	47.05631128807018	9.278709268070177	0.0	0.0	3	1.015793765426012	-9.917469945307717	138.0	31	1.05	0.95				
	306	1	90.13603288982456	18.557418536140354	0.0	-100.0	3	1.0314178232188467	-9.605101416677998	138.0	32	1.05	0.95				
	307	2	82.84561846491229	16.56912369298246	0.0	0.0	3	0.9940184347486171	-15.360355555715648	138.0	32	1.05	0.95				
	308	1	113.33280606	23.19677317017544	0.0	0.0	3	0.9969160460427064	-12.257539713237714	138.0	32	1.05	0.95				
	309	1	115.98386585087721	23.859538117894736	0.0	0.0	3	1.0271254466308082	-5.076535559005863	138.0	33	1.05	0.95				
	310	1	129.23916480526316	26.51059790877193	0.0	0.0	3	1.05	-5.931307413260556	138.0	33	1.05	0.95				
	311	1	0.0	0.0	0.0	0.0	3	1.0193995937750928	1.312797145647976	230.0	33	1.05	0.95				
	312	1	0.0	0.0	0.0	0.0	3	1.0222605552558617	2.4700766890208143	230.0	33	1.05	0.95				
	313	2	175.63271114561402	35.78930717684211	0.0	0.0	3	1.0432047606998516	8.594704101935946	230.0	34	1.05	0.95				
	314	2	128.57639985754386	25.847832961052635	0.0	0.0	3	1.0248999337055507	1.5779223152432282	230.0	36	1.05	0.95				
	315	2	210.09648842701756	42.41695665403509	0.0	0.0	3	1.0395648528900205	0.5384733020267503	230.0	36	1.05	0.95				
	316	2	66.27649477192983	13.255298954385966	0.0	0.0	3	1.03879884750238	1.2349788349302995	230.0	36	1.05	0.95				
	317	1	0.0	0.0	0.0	0.0	3	1.0432099828407477	1.8229379122800553	230.0	37	1.05	0.95				
	318	2	220.70072759052636	45.06801644491228	0.0	0.0	3	1.0432135627213057	1.338626252474279	230.0	37	1.05	0.95				
	319	1	119.96045553719298	24.522303065614036	0.0	0.0	3	1.0357882597842973	2.0683987974015396	230.0	35	1.05	0.95				
	320	1	84.83391330807018	17.231888640701758	0.0	0.0	3	1.0392080625920506	4.046415303877037	230.0	35	1.05	0.95				
	321	2	0.0	0.0	0.0	0.0	3	1.0454712846754282	2.7120301321484184	230.0	37	1.05	0.95				
	322	2	0.0	0.0	0.0	0.0	3	1.05	7.709065845208616	230.0	37	1.05	0.95				
	323	2	0.0	0.0	0.0	0.0	3	1.0418970580802547	5.02247252846114	230.0	35	1.05	0.95				
	324	1	0.0	0.0	0.0	0.0	3	1.0243483726939564	-0.3109010896717261	230.0	36	1.05	0.95				
	325	1	0.0	0.0	0.0	0.0	3	1.041255586568608	5.7001423198619054	230.0	35	1.05	0.95				
];
