%% MATPOWER Case Format : Version 2
function mpc = RTS_GMLC
mpc.version = '2';

%%-----  Power Flow Data  -----%%
%% system MVA base
mpc.baseMVA = 100.0;
%% bus data
%    bus_i    type    Pd    Qd    Gs    Bs    area    Vm    Va    baseKV    zone    Vmax    Vmin
mpc.bus = [
	101	2	81.94854031578949	16.693221175438598	0.0	0.0	1	1.0481212395025665	0.5646678792323755	138.0	11	1.05	0.95				
	102	2	73.60192972807017	15.175655614035088	0.0	0.0	1	1.0476704091984719	0.3846410702447137	138.0	12	1.05	0.95				
	103	1	136.5809005263158	28.074962885964915	0.0	0.0	1	1.0246278157497049	-2.1507231803713576	138.0	11	1.05	0.95				
	104	1	56.14992577192983	11.381741710526317	0.0	0.0	1	1.0251086132430363	-3.247214163095678	138.0	11	1.05	0.95				
	105	1	53.87357742982456	10.622958929824563	0.0	0.0	1	1.038229680809709	-3.5815607404790604	138.0	11	1.05	0.95				
	106	1	103.19445817543863	21.245917859649126	0.0	-100.0	1	1.0387582950770822	-6.624073963122775	138.0	12	1.05	0.95				
	107	2	94.8478475877193	18.96956951754386	0.0	0.0	1	1.0430271430094782	-4.410982249527367	138.0	12	1.05	0.95				
	108	1	129.7518555	26.557397324561403	0.0	0.0	1	1.0212932520720435	-6.9513276304596445	138.0	12	1.05	0.95				
	109	1	132.78698662280704	27.31618010526316	0.0	0.0	1	1.026812627063013	-4.239517915573541	138.0	13	1.05	0.95				
	110	1	147.9626422368421	30.351311228070177	0.0	0.0	1	1.05	-5.47080410762832	138.0	13	1.05	0.95				
	111	1	0.0	0.0	0.0	0.0	1	1.0120254443864993	-1.8928648358298148	230.0	13	1.05	0.95				
	112	1	0.0	0.0	0.0	0.0	1	1.0155686692470307	-1.080986280199265	230.0	13	1.05	0.95				
	113	3	201.07743688596491	40.97427015789474	0.0	0.0	1	1.012136480321277	8.911835279660353e-29	230.0	14	1.05	0.95				
	114	2	147.20385945614035	29.592528447368423	0.0	0.0	1	1.0116458905114023	-0.5182866761977354	230.0	16	1.05	0.95				
	115	2	240.53414148245614	48.56209796491228	0.0	0.0	1	1.0429493354915595	6.634281646388061	230.0	16	1.05	0.95				
	116	2	75.87827807017544	15.175655614035088	0.0	0.0	1	1.039752478507406	6.026630995348474	230.0	16	1.05	0.95				
	117	1	0.0	0.0	0.0	0.0	1	1.044695655118952	8.629550843554396	230.0	17	1.05	0.95				
	118	2	252.67466597368423	51.59722908771931	0.0	0.0	1	1.0467997647746523	9.01012447926202	230.0	17	1.05	0.95				
	119	1	137.33968330701757	28.074962885964915	0.0	0.0	1	1.0329536619305637	4.8398724041233425	230.0	15	1.05	0.95				
	120	1	97.12419592982457	19.728352298245618	0.0	0.0	1	1.0330317387720727	4.877019859719131	230.0	15	1.05	0.95				
	121	2	0.0	0.0	0.0	0.0	1	1.0499999392584893	10.58351033909724	230.0	17	1.05	0.95				
	122	2	0.0	0.0	0.0	0.0	1	1.05	16.328474907293412	230.0	17	1.05	0.95				
	123	2	0.0	0.0	0.0	0.0	1	1.0351786336942228	5.465046276318447	230.0	15	1.05	0.95				
	124	1	0.0	0.0	0.0	0.0	1	1.0249777233782942	3.373452114691632	230.0	16	1.05	0.95				
	201	2	80.1032583031579	16.31733039508772	0.0	0.0	2	1.0384040612453014	-11.39961102877702	138.0	21	1.05	0.95				
	202	2	71.94459310561403	14.833936722807017	0.0	0.0	2	1.038682247964089	-11.474230599858782	138.0	22	1.05	0.95				
	203	1	133.50543050526315	27.442782937192984	0.0	0.0	2	1.024980473791983	-8.711635989877466	138.0	21	1.05	0.95				
	204	1	54.88556587438597	11.125452542105263	0.0	0.0	2	1.0187547724703463	-12.972736909061002	138.0	21	1.05	0.95				
	205	1	52.660475365964906	10.383755705964912	0.0	0.0	2	1.034788875838437	-13.360690629528126	138.0	21	1.05	0.95				
	206	1	100.87076971508773	20.767511411929824	0.0	-100.0	2	1.038442001800853	-15.157351465738401	138.0	22	1.05	0.95				
	207	2	92.71210451754386	18.54242090350877	0.0	0.0	2	0.9612242278665113	-26.21721613866588	138.0	22	1.05	0.95				
	208	1	126.83015897999998	25.959389264912282	0.0	0.0	2	0.9658155585528476	-22.524408861733647	138.0	22	1.05	0.95				
	209	1	129.7969463245614	26.701086101052628	0.0	0.0	2	1.0258415677699855	-11.202556385142303	138.0	23	1.05	0.95				
	210	1	144.63088304736843	29.667873445614035	0.0	0.0	2	1.05	-13.0207151586617	138.0	23	1.05	0.95				
	211	1	0.0	0.0	0.0	0.0	2	1.0258872877505676	-7.736560038600499	230.0	23	1.05	0.95				
	212	1	0.0	0.0	0.0	0.0	2	1.024282938521688	-3.0238283633672567	230.0	23	1.05	0.95				
	213	2	196.54966157719298	40.05162915157895	0.0	0.0	2	1.0341591648197606	-5.1757500285347655	230.0	24	1.05	0.95				
	214	2	143.88918621122806	28.926176609473686	0.0	0.0	2	1.0375965426024762	-5.712273209201656	230.0	26	1.05	0.95				
	215	2	235.1178970564912	47.468597512982456	0.0	0.0	2	1.0409788222717289	1.8031905594704516	230.0	26	1.05	0.95				
	216	2	74.16968361403508	14.833936722807017	0.0	0.0	2	1.0430704337130505	1.740426776642954	230.0	26	1.05	0.95				
	217	1	0.0	0.0	0.0	0.0	2	1.0446729311977758	4.191272857638228	230.0	27	1.05	0.95				
	218	2	246.98504643473686	50.435384857543866	0.0	0.0	2	1.0452170029882157	4.416296703638192	230.0	27	1.05	0.95				
	219	1	134.2471273414035	27.442782937192984	0.0	0.0	2	1.0405743265740206	1.831888324529324	230.0	25	1.05	0.95				
	220	1	94.93719502596491	19.284117739649123	0.0	0.0	2	1.045006555458428	3.3046314369412806	230.0	25	1.05	0.95				
	221	2	0.0	0.0	0.0	0.0	2	1.04531019731251	4.306898533985638	230.0	27	1.05	0.95				
	222	2	0.0	0.0	0.0	0.0	2	1.05	10.769354166815974	230.0	27	1.05	0.95				
	223	2	0.0	0.0	0.0	0.0	2	1.05	4.648161838268877	230.0	25	1.05	0.95				
	224	1	0.0	0.0	0.0	0.0	2	1.0218681514510135	-2.1142490028497987	230.0	26	1.05	0.95				
	301	2	65.85574183578949	13.415058522105264	0.0	0.0	3	1.0029375449712798	-6.211326719133667	138.0	31	1.05	0.95				
	302	2	59.148212574736846	12.195507747368422	0.0	0.0	3	1.0026517069057763	-6.296485905852445	138.0	32	1.05	0.95				
	303	1	109.7595697263158	22.56168933263158	0.0	0.0	3	1.0197071419040347	-0.8704736192293728	138.0	31	1.05	0.95				
	304	1	45.12337866526316	9.146630810526316	0.0	0.0	3	1.0049740002437282	-4.025478375799537	138.0	31	1.05	0.95				
	305	1	43.29405250315789	8.536855423157895	0.0	0.0	3	1.0175410426006668	-4.74868017757061	138.0	31	1.05	0.95				
	306	1	82.92945268210528	17.07371084631579	0.0	-100.0	3	1.0334933956121288	-4.606432961999534	138.0	32	1.05	0.95				
	307	2	76.22192342105262	15.244384684210527	0.0	0.0	3	0.9962224714417914	-8.948152182201428	138.0	32	1.05	0.95				
	308	1	104.27159124	21.342138557894735	0.0	0.0	3	1.001748795596718	-6.159080876338062	138.0	32	1.05	0.95				
	309	1	106.7106927894737	21.951913945263158	0.0	0.0	3	1.028793814397842	0.30114938217077797	138.0	33	1.05	0.95				
	310	1	118.9062005368421	24.391015494736845	0.0	0.0	3	1.05	-1.3337060610976155	138.0	33	1.05	0.95				
	311	1	0.0	0.0	0.0	0.0	3	1.0183982613140978	6.294623304807191	230.0	33	1.05	0.95				
	312	1	0.0	0.0	0.0	0.0	3	1.0209990995958647	6.985206637417228	230.0	33	1.05	0.95				
	313	2	161.59047765263156	32.927870917894744	0.0	0.0	3	1.0427459141124489	13.86115781882537	230.0	34	1.05	0.95				
	314	2	118.29642514947369	23.781240107368422	0.0	0.0	3	1.0223015772429689	6.32636460330312	230.0	36	1.05	0.95				
	315	2	193.29879779578945	39.02562479157895	0.0	0.0	3	1.0383660416443354	6.0877355484810955	230.0	36	1.05	0.95				
	316	2	60.97753873684211	12.195507747368422	0.0	0.0	3	1.0379662830590075	6.913231135290828	230.0	36	1.05	0.95				
	317	1	0.0	0.0	0.0	0.0	3	1.042814640403207	7.395972367037458	230.0	37	1.05	0.95				
	318	2	203.05520399368424	41.46472634105264	0.0	0.0	3	1.0420682073374996	6.770641481719442	230.0	37	1.05	0.95				
	319	1	110.36934511368422	22.56168933263158	0.0	0.0	3	1.0371426265000114	8.2993941995049	230.0	35	1.05	0.95				
	320	1	78.0512495831579	15.85416007157895	0.0	0.0	3	1.038469973399421	9.316883012163226	230.0	35	1.05	0.95				
	321	2	0.0	0.0	0.0	0.0	3	1.0437563444746993	7.849254979960124	230.0	37	1.05	0.95				
	322	2	0.0	0.0	0.0	0.0	3	1.05	11.9983377614298	230.0	37	1.05	0.95				
	323	2	0.0	0.0	0.0	0.0	3	1.0390557991325076	9.643170140943695	230.0	35	1.05	0.95				
	324	1	0.0	0.0	0.0	0.0	3	1.0245995582504144	5.253799361934319	230.0	36	1.05	0.95				
	325	1	0.0	0.0	0.0	0.0	3	1.040669978462824	9.727921963433364	230.0	35	1.05	0.95				
];
