%% MATPOWER Case Format : Version 2
function mpc = RTS_GMLC
mpc.version = '2';

%%-----  Power Flow Data  -----%%
%% system MVA base
mpc.baseMVA = 100.0;
%% bus data
%    bus_i    type    Pd    Qd    Gs    Bs    area    Vm    Va    baseKV    zone    Vmax    Vmin
mpc.bus = [
	101	2	83.32459177263158	16.973527953684208	0.0	0.0	1	1.0347349901722245	-2.3679929920119682	138.0	11	1.05	0.95				
	102	2	74.83782779578947	15.430479957894738	0.0	0.0	1	1.0347796160625413	-2.436164702449469	138.0	12	1.05	0.95				
	103	1	138.87431962105262	28.54638792210526	0.0	0.0	1	1.0210102129575767	-2.899567162752526	138.0	11	1.05	0.95				
	104	1	57.09277584421052	11.572859968421051	0.0	0.0	1	1.0167296304639089	-5.553113212094919	138.0	11	1.05	0.95				
	105	1	54.77820385052631	10.801335970526315	0.0	0.0	1	1.031943913031317	-5.588313981180522	138.0	11	1.05	0.95				
	106	1	104.92726371368421	21.60267194105263	0.0	-100.0	1	1.0359179354701027	-8.0897232243157	138.0	12	1.05	0.95				
	107	2	96.4404997368421	19.28809994736842	0.0	0.0	1	1.05	-5.494888106869718	138.0	12	1.05	0.95				
	108	1	131.93060364	27.003339926315782	0.0	0.0	1	1.0250350274944484	-7.96197729381868	138.0	12	1.05	0.95				
	109	1	135.01669963157894	27.774863924210525	0.0	0.0	1	1.0269009231328798	-5.006621629771078	138.0	13	1.05	0.95				
	110	1	150.44717958947368	30.860959915789476	0.0	0.0	1	1.05	-6.425934183853069	138.0	13	1.05	0.95				
	111	1	0.0	0.0	0.0	0.0	1	1.0146070236111875	-1.9240895512060996	230.0	13	1.05	0.95				
	112	1	0.0	0.0	0.0	0.0	1	1.0169442462875886	-1.056104755082217	230.0	13	1.05	0.95				
	113	3	204.45385944210526	41.66229588631579	0.0	0.0	1	1.0170650193048671	7.051756551161776e-29	230.0	14	1.05	0.95				
	114	2	149.67565559157893	30.089435917894736	0.0	0.0	1	1.0174462843586696	0.21937080895569325	230.0	16	1.05	0.95				
	115	2	244.57310733263157	49.377535865263155	0.0	0.0	1	1.0452980096336137	8.252111854532178	230.0	16	1.05	0.95				
	116	2	77.15239978947368	15.430479957894738	0.0	0.0	1	1.0443626202194616	7.893305006343117	230.0	16	1.05	0.95				
	117	1	0.0	0.0	0.0	0.0	1	1.0474147025180445	11.121330301789735	230.0	17	1.05	0.95				
	118	2	256.91749129894737	52.463631856842106	0.0	0.0	1	1.0496950467084243	11.712322867669053	230.0	17	1.05	0.95				
	119	1	139.64584361894737	28.54638792210526	0.0	0.0	1	1.0386815188844007	6.596082434905483	230.0	15	1.05	0.95				
	120	1	98.75507173052631	20.05962394526316	0.0	0.0	1	1.0404071076672214	6.78481407995288	230.0	15	1.05	0.95				
	121	2	0.0	0.0	0.0	0.0	1	1.05	12.303016818392285	230.0	17	1.05	0.95				
	122	2	0.0	0.0	0.0	0.0	1	1.05	19.810873345080424	230.0	17	1.05	0.95				
	123	2	0.0	0.0	0.0	0.0	1	1.0435216198813235	7.456168264009104	230.0	15	1.05	0.95				
	124	1	0.0	0.0	0.0	0.0	1	1.0222341863913014	4.129157565891263	230.0	16	1.05	0.95				
	201	2	101.33606171368422	20.642531089824562	0.0	0.0	2	1.05	-13.435777123254146	138.0	21	1.05	0.95				
	202	2	91.01479616877192	18.765937354385965	0.0	0.0	2	1.05	-13.468204899119003	138.0	22	1.05	0.95				
	203	1	168.89343618947368	34.71698410561403	0.0	0.0	2	1.0216961646730691	-9.928054648693221	138.0	21	1.05	0.95				
	204	1	69.43396821122806	14.074453015789473	0.0	0.0	2	1.0178014519191465	-14.906598163178845	138.0	21	1.05	0.95				
	205	1	66.61907760807017	13.136156148070178	0.0	0.0	2	1.0357482536099745	-15.414528892094715	138.0	21	1.05	0.95				
	206	1	127.60837400982456	26.272312296140356	0.0	-100.0	2	1.031715947982941	-17.39162824402927	138.0	22	1.05	0.95				
	207	2	117.28710846491228	23.457421692982454	0.0	0.0	2	0.95	-26.651378332226297	138.0	22	1.05	0.95				
	208	1	160.44876438	32.840390370175434	0.0	0.0	2	0.9517764581252242	-24.05554172746939	138.0	22	1.05	0.95				
	209	1	164.20195185087718	33.77868723789474	0.0	0.0	2	1.022287536416151	-12.300740372767645	138.0	23	1.05	0.95				
	210	1	182.96788920526313	37.53187470877193	0.0	0.0	2	1.0454898130167471	-14.498202428755047	138.0	23	1.05	0.95				
	211	1	0.0	0.0	0.0	0.0	2	1.0307917034071	-7.20469695827726	230.0	23	1.05	0.95				
	212	1	0.0	0.0	0.0	0.0	2	1.0242232653774788	-3.2157985930006654	230.0	23	1.05	0.95				
	213	2	248.64866994561402	50.66803085684211	0.0	0.0	2	1.05	-2.5934638217945216	230.0	24	1.05	0.95				
	214	2	182.02959233754385	36.593577841052635	0.0	0.0	2	1.05	-5.356430951762351	230.0	26	1.05	0.95				
	215	2	297.44010706701755	60.050999534035086	0.0	0.0	2	1.0435447472150938	3.3221152102940312	230.0	26	1.05	0.95				
	216	2	93.82968677192981	18.765937354385965	0.0	0.0	2	1.047778596618694	3.085880425099754	230.0	26	1.05	0.95				
	217	1	0.0	0.0	0.0	0.0	2	1.0490880745793043	6.197436310494821	230.0	27	1.05	0.95				
	218	2	312.4528569505263	63.80418700491228	0.0	0.0	2	1.0499999971811231	6.703174086585191	230.0	27	1.05	0.95				
	219	1	169.831733057193	34.71698410561403	0.0	0.0	2	1.0413841430090807	2.671686200547011	230.0	25	1.05	0.95				
	220	1	120.10199906807017	24.395718560701756	0.0	0.0	2	1.0447022502623984	4.067693006230939	230.0	25	1.05	0.95				
	221	2	0.0	0.0	0.0	0.0	2	1.05	7.307229528895116	230.0	27	1.05	0.95				
	222	2	0.0	0.0	0.0	0.0	2	1.05	13.383713164408148	230.0	27	1.05	0.95				
	223	2	0.0	0.0	0.0	0.0	2	1.05	5.511092793984946	230.0	25	1.05	0.95				
	224	1	0.0	0.0	0.0	0.0	2	1.0185637080436645	-1.5928943295209657	230.0	26	1.05	0.95				
	301	2	87.27807656842106	17.778867449122806	0.0	0.0	3	1.0162406974995477	-18.027288916922323	138.0	31	1.05	0.95				
	302	2	78.38864284385964	16.162606771929823	0.0	0.0	3	1.0160238447420982	-18.43939083060053	138.0	32	1.05	0.95				
	303	1	145.46346094736842	29.900822528070176	0.0	0.0	3	1.017075506651438	-11.055402529000832	138.0	31	1.05	0.95				
	304	1	59.80164505614035	12.121955078947368	0.0	0.0	3	1.0029201405380963	-16.812813020123837	138.0	31	1.05	0.95				
	305	1	57.37725404035087	11.313824740350878	0.0	0.0	3	1.0190132380118837	-17.189599560809913	138.0	31	1.05	0.95				
	306	1	109.9057260491228	22.627649480701756	0.0	-100.0	3	1.026512808951431	-17.612177948505572	138.0	32	1.05	0.95				
	307	2	101.01629232456139	20.20325846491228	0.0	0.0	3	0.9960417398617711	-20.915893946220166	138.0	32	1.05	0.95				
	308	1	138.1902879	28.28456185087719	0.0	0.0	3	0.9902600208068542	-19.560843788398543	138.0	32	1.05	0.95				
	309	1	141.42280925438595	29.092692189473684	0.0	0.0	3	1.021351093884271	-12.140150494100759	138.0	33	1.05	0.95				
	310	1	157.58541602631578	32.32521354385965	0.0	0.0	3	1.0445455926262601	-13.735587149050254	138.0	33	1.05	0.95				
	311	1	0.0	0.0	0.0	0.0	3	1.0167086462372013	-5.689954502207308	230.0	33	1.05	0.95				
	312	1	0.0	0.0	0.0	0.0	3	1.0164226821696387	-4.998959723366498	230.0	33	1.05	0.95				
	313	2	214.15453972807015	43.63903828421053	0.0	0.0	3	1.0343132063983211	-0.25273823308936044	230.0	34	1.05	0.95				
	314	2	156.77728568771929	31.51708320526316	0.0	0.0	3	1.029449448736221	-3.3885572270032593	230.0	36	1.05	0.95				
	315	2	256.1773173350877	51.72034167017544	0.0	0.0	3	1.0478755904610946	0.4294483682979023	230.0	36	1.05	0.95				
	316	2	80.81303385964912	16.162606771929823	0.0	0.0	3	1.0448943713475949	0.524835529194715	230.0	36	1.05	0.95				
	317	1	0.0	0.0	0.0	0.0	3	1.0476267833816626	2.4910728803593942	230.0	37	1.05	0.95				
	318	2	269.1074027526316	54.9528630245614	0.0	0.0	3	1.0472029634137074	2.3398888056691867	230.0	37	1.05	0.95				
	319	1	146.27159128596492	29.900822528070176	0.0	0.0	3	1.0402305720687908	0.3547765106909797	230.0	35	1.05	0.95				
	320	1	103.44068334035089	21.011388803508773	0.0	0.0	3	1.040659335331632	0.5956907170306333	230.0	35	1.05	0.95				
	321	2	0.0	0.0	0.0	0.0	3	1.05	3.6328547292146554	230.0	37	1.05	0.95				
	322	2	0.0	0.0	0.0	0.0	3	1.05	8.959996792360675	230.0	37	1.05	0.95				
	323	2	0.0	0.0	0.0	0.0	3	1.0422001264274383	0.9283499684868217	230.0	35	1.05	0.95				
	324	1	0.0	0.0	0.0	0.0	3	1.024159354724192	-2.176391993655343	230.0	36	1.05	0.95				
	325	1	0.0	0.0	0.0	0.0	3	1.0401733067074368	1.878239056155684	230.0	35	1.05	0.95				
];
