%% MATPOWER Case Format : Version 2
function mpc = RTS_GMLC
mpc.version = '2';

%%-----  Power Flow Data  -----%%
%% system MVA base
mpc.baseMVA = 100.0;
%% bus data
%    bus_i    type    Pd    Qd    Gs    Bs    area    Vm    Va    baseKV    zone    Vmax    Vmin
mpc.bus = [
	101	2	60.73330035789475	12.371598221052633	0.0	0.0	1	1.0402268273067952	0.8472553177232665	138.0	11	1.05	0.95				
	102	2	54.54750124736842	11.246907473684212	0.0	0.0	1	1.0396561703222844	0.6437823016626919	138.0	12	1.05	0.95				
	103	1	101.22216726315791	20.806778826315792	0.0	0.0	1	1.0268643474796646	-1.3710684704466165	138.0	11	1.05	0.95				
	104	1	41.613557652631584	8.435180605263158	0.0	0.0	1	1.0229240893327598	-2.8291962277809573	138.0	11	1.05	0.95				
	105	1	39.92652153157895	7.872835231578948	0.0	0.0	1	1.03715376307431	-2.8048037136733575	138.0	11	1.05	0.95				
	106	1	76.47897082105264	15.745670463157897	0.0	-100.0	1	1.0428604494731657	-5.413047120300676	138.0	12	1.05	0.95				
	107	2	70.29317171052631	14.058634342105265	0.0	0.0	1	1.0074562618259044	-10.86867962900669	138.0	12	1.05	0.95				
	108	1	96.1610589	19.68208807894737	0.0	0.0	1	1.0044191875944515	-9.842027442959425	138.0	12	1.05	0.95				
	109	1	98.41044039473685	20.24443345263158	0.0	0.0	1	1.0254147167749972	-3.8098369698384076	138.0	13	1.05	0.95				
	110	1	109.65734786842106	22.493814947368424	0.0	0.0	1	1.05	-4.7667069791648125	138.0	13	1.05	0.95				
	111	1	0.0	0.0	0.0	0.0	1	1.0078741817683108	-1.4265130068889458	230.0	13	1.05	0.95				
	112	1	0.0	0.0	0.0	0.0	1	1.012694373993359	-0.8211094218091544	230.0	13	1.05	0.95				
	113	3	149.02152402631577	30.366650178947374	0.0	0.0	1	1.006060282320734	6.1817050721866725e-31	230.0	14	1.05	0.95				
	114	2	109.09500249473685	21.93146957368421	0.0	0.0	1	1.0053262117441057	0.28879052558871054	230.0	16	1.05	0.95				
	115	2	178.26348345789472	35.990103915789476	0.0	0.0	1	1.0384867687755162	6.4646779402267445	230.0	16	1.05	0.95				
	116	2	56.23453736842106	11.246907473684212	0.0	0.0	1	1.0354630300891212	6.059615211583488	230.0	16	1.05	0.95				
	117	1	0.0	0.0	0.0	0.0	1	1.0413285270412107	8.141247924686127	230.0	17	1.05	0.95				
	118	2	187.26100943684213	38.23948541052632	0.0	0.0	1	1.0431115774195543	8.239954968469762	230.0	17	1.05	0.95				
	119	1	101.78451263684212	20.806778826315792	0.0	0.0	1	1.0303112029532353	5.047191748653879	230.0	15	1.05	0.95				
	120	1	71.98020783157895	14.620979715789476	0.0	0.0	1	1.030085163071711	5.128058784507996	230.0	15	1.05	0.95				
	121	2	0.0	0.0	0.0	0.0	1	1.0465558312479286	9.545551790165344	230.0	17	1.05	0.95				
	122	2	0.0	0.0	0.0	0.0	1	1.05	15.824458150377502	230.0	17	1.05	0.95				
	123	2	0.0	0.0	0.0	0.0	1	1.0311528246922286	5.598991362336242	230.0	15	1.05	0.95				
	124	1	0.0	0.0	0.0	0.0	1	1.024095457886372	3.538067880142062	230.0	16	1.05	0.95				
	201	2	66.77538169263158	13.602392567017544	0.0	0.0	2	1.0302681554267323	-13.26169946291571	138.0	21	1.05	0.95				
	202	2	59.9741854091228	12.365811424561404	0.0	0.0	2	1.03070545046456	-13.267595808075368	138.0	22	1.05	0.95				
	203	1	111.29230282105264	22.876751135438596	0.0	0.0	2	1.0179588340763963	-11.288950328592264	138.0	21	1.05	0.95				
	204	1	45.75350227087719	9.274358568421052	0.0	0.0	2	1.0166075676330741	-15.058895166334855	138.0	21	1.05	0.95				
	205	1	43.89863055719298	8.656067997192983	0.0	0.0	2	1.0322650705712106	-15.379498999147724	138.0	21	1.05	0.95				
	206	1	84.08751768701755	17.312135994385965	0.0	-100.0	2	1.0400198761201682	-17.14015465458986	138.0	22	1.05	0.95				
	207	2	77.28632140350878	15.457264280701754	0.0	0.0	2	0.988259937018275	-26.34626259561233	138.0	22	1.05	0.95				
	208	1	105.72768768	21.640169992982454	0.0	0.0	2	0.9876888164663402	-23.358045549067644	138.0	22	1.05	0.95				
	209	1	108.20084996491228	22.258460564210523	0.0	0.0	2	1.024016158787872	-14.006421691243496	138.0	23	1.05	0.95				
	210	1	120.56666138947367	24.731622849122807	0.0	0.0	2	1.05	-15.564743528366467	138.0	23	1.05	0.95				
	211	1	0.0	0.0	0.0	0.0	2	1.0161851573289042	-10.446632866909622	230.0	23	1.05	0.95				
	212	1	0.0	0.0	0.0	0.0	2	1.0161412710418165	-8.519323630635734	230.0	23	1.05	0.95				
	213	2	163.8470013754386	33.38769084631579	0.0	0.0	2	1.016996683459853	-8.890178511839027	230.0	24	1.05	0.95				
	214	2	119.9483708182456	24.113332277894738	0.0	0.0	2	1.025516880097263	-7.481914948833939	230.0	26	1.05	0.95				
	215	2	195.99811107929824	39.57059655859649	0.0	0.0	2	1.0374968606007056	0.863955211808084	230.0	26	1.05	0.95				
	216	2	61.829057122807015	12.365811424561404	0.0	0.0	2	1.0396392821667801	0.49406378103724136	230.0	26	1.05	0.95				
	217	1	0.0	0.0	0.0	0.0	2	1.0420581857234983	3.513551825408224	230.0	27	1.05	0.95				
	218	2	205.89076021894738	42.043758843508776	0.0	0.0	2	1.0434574380742525	3.887913060091223	230.0	27	1.05	0.95				
	219	1	111.91059339228072	22.876751135438596	0.0	0.0	2	1.0380717157582826	-0.30813066903225683	230.0	25	1.05	0.95				
	220	1	79.14119311719298	16.075554851929823	0.0	0.0	2	1.0417723764684703	0.1667518698055246	230.0	25	1.05	0.95				
	221	2	0.0	0.0	0.0	0.0	2	1.0433330983734321	3.637599823604561	230.0	27	1.05	0.95				
	222	2	0.0	0.0	0.0	0.0	2	1.05	10.094506235704628	230.0	27	1.05	0.95				
	223	2	0.0	0.0	0.0	0.0	2	1.0453231847579059	0.8816362196270867	230.0	25	1.05	0.95				
	224	1	0.0	0.0	0.0	0.0	2	1.0149952237693964	-3.651518777156833	230.0	26	1.05	0.95				
	301	2	58.69788040421052	11.956975637894736	0.0	0.0	3	1.0067889744213865	-13.634064742256225	138.0	31	1.05	0.95				
	302	2	52.71939258526316	10.86997785263158	0.0	0.0	3	1.0063386548489375	-13.75011556475665	138.0	32	1.05	0.95				
	303	1	97.8298006736842	20.10945902736842	0.0	0.0	3	1.0220405732493107	-8.027730497826706	138.0	31	1.05	0.95				
	304	1	40.21891805473684	8.152483389473684	0.0	0.0	3	1.0068451162967977	-12.050657286109963	138.0	31	1.05	0.95				
	305	1	38.5884213768421	7.608984496842106	0.0	0.0	3	1.020742920220319	-12.439841684630442	138.0	31	1.05	0.95				
	306	1	73.91584939789475	15.217968993684211	0.0	-100.0	3	1.0364988556087373	-12.392931414777362	138.0	32	1.05	0.95				
	307	2	67.93736157894736	13.587472315789473	0.0	0.0	3	0.9942928548821363	-18.10462171687065	138.0	32	1.05	0.95				
	308	1	92.93831063999998	19.02246124210526	0.0	0.0	3	0.9975298614943804	-15.579291504372327	138.0	32	1.05	0.95				
	309	1	95.11230621052631	19.56596013473684	0.0	0.0	3	1.025616164306115	-8.43725169069926	138.0	33	1.05	0.95				
	310	1	105.98228406315788	21.73995570526316	0.0	0.0	3	1.05	-9.502441477914537	138.0	33	1.05	0.95				
	311	1	0.0	0.0	0.0	0.0	3	1.0119111971079344	-3.187163963160591	230.0	33	1.05	0.95				
	312	1	0.0	0.0	0.0	0.0	3	1.014248414146414	-2.6774383680487177	230.0	33	1.05	0.95				
	313	2	144.0272065473684	29.34894020210526	0.0	0.0	3	1.0203445350992415	1.5272203237455302	230.0	34	1.05	0.95				
	314	2	105.43878517052632	21.196456812631578	0.0	0.0	3	1.0162043609374019	-1.5169973398379337	230.0	36	1.05	0.95				
	315	2	172.2891489642105	34.78392912842105	0.0	0.0	3	1.0346972907711172	-0.5702558460472723	230.0	36	1.05	0.95				
	316	2	54.34988926315789	10.86997785263158	0.0	0.0	3	1.0342760909048871	0.4468281125321304	230.0	36	1.05	0.95				
	317	1	0.0	0.0	0.0	0.0	3	1.0416189102205782	2.0449825801383783	230.0	37	1.05	0.95				
	318	2	180.9851312463158	36.95792469894737	0.0	0.0	3	1.0391689389298016	0.8266751560507165	230.0	37	1.05	0.95				
	319	1	98.37329956631578	20.10945902736842	0.0	0.0	3	1.0311995943159498	0.931943530757942	230.0	35	1.05	0.95				
	320	1	69.5678582568421	14.130971208421053	0.0	0.0	3	1.0301627120406402	1.3154271636314046	230.0	35	1.05	0.95				
	321	2	0.0	0.0	0.0	0.0	3	1.039394971234273	0.9359436303148625	230.0	37	1.05	0.95				
	322	2	0.0	0.0	0.0	0.0	3	1.05	5.689731951534926	230.0	37	1.05	0.95				
	323	2	0.0	0.0	0.0	0.0	3	1.0299805190242248	1.6371695812876104	230.0	35	1.05	0.95				
	324	1	0.0	0.0	0.0	0.0	3	1.0222630111114437	-2.005624450587804	230.0	36	1.05	0.95				
	325	1	0.0	0.0	0.0	0.0	3	1.0301027219613603	2.3121711761433126	230.0	35	1.05	0.95				
];
