%% MATPOWER Case Format : Version 2
function mpc = RTS_GMLC
mpc.version = '2';

%%-----  Power Flow Data  -----%%
%% system MVA base
mpc.baseMVA = 100.0;
%% bus data
%    bus_i    type    Pd    Qd    Gs    Bs    area    Vm    Va    baseKV    zone    Vmax    Vmin
mpc.bus = [
	101	2	66.1306284	13.471053933333332	0.0	0.0	1	1.0321278618107166	0.1752372387848736	138.0	11	1.05	0.95				
	102	2	59.39510143333333	12.246412666666668	0.0	0.0	1	1.0321987831817114	0.12624005358926235	138.0	12	1.05	0.95				
	103	1	110.217714	22.65586343333333	0.0	0.0	1	1.0232126533930903	-1.1918543596503908	138.0	11	1.05	0.95				
	104	1	45.31172686666666	9.184809499999998	0.0	0.0	1	1.0180110064357484	-3.1761125573638207	138.0	11	1.05	0.95				
	105	1	43.47476496666666	8.572488866666667	0.0	0.0	1	1.032674004667107	-3.099725503378726	138.0	11	1.05	0.95				
	106	1	83.27560613333334	17.144977733333334	0.0	-100.0	1	1.0398631622802619	-5.494878073772935	138.0	12	1.05	0.95				
	107	2	76.54007916666666	15.308015833333332	0.0	0.0	1	1.0388025767667695	-5.34523552501224	138.0	12	1.05	0.95				
	108	1	104.7068283	21.431222166666664	0.0	0.0	1	1.0229720104941762	-6.654257618332804	138.0	12	1.05	0.95				
	109	1	107.15611083333334	22.043542799999997	0.0	0.0	1	1.0259337836383278	-3.398636509300358	138.0	13	1.05	0.95				
	110	1	119.4025235	24.492825333333336	0.0	0.0	1	1.05	-4.485389361781339	138.0	13	1.05	0.95				
	111	1	0.0	0.0	0.0	0.0	1	1.0079820987524977	-1.0163360468093188	230.0	13	1.05	0.95				
	112	1	0.0	0.0	0.0	0.0	1	1.013478398539043	-0.6102916801961789	230.0	13	1.05	0.95				
	113	3	162.26496783333332	33.0653142	0.0	0.0	1	1.0067345351645434	3.170673773524641e-28	230.0	14	1.05	0.95				
	114	2	118.79020286666666	23.8805047	0.0	0.0	1	1.0050540070851988	1.1246366186522487	230.0	16	1.05	0.95				
	115	2	194.10564076666665	39.18852053333333	0.0	0.0	1	1.0409952975835428	8.432173567930127	230.0	16	1.05	0.95				
	116	2	61.23206333333333	12.246412666666668	0.0	0.0	1	1.037769498964379	7.776901653403224	230.0	16	1.05	0.95				
	117	1	0.0	0.0	0.0	0.0	1	1.0440989962018579	10.775858846470047	230.0	17	1.05	0.95				
	118	2	203.9027709	41.63780306666667	0.0	0.0	1	1.0474698644377713	11.244012707221698	230.0	17	1.05	0.95				
	119	1	110.83003463333334	22.65586343333333	0.0	0.0	1	1.031398204272419	6.01188689451745	230.0	15	1.05	0.95				
	120	1	78.37704106666666	15.920336466666665	0.0	0.0	1	1.0313213274428448	5.646146380033941	230.0	15	1.05	0.95				
	121	2	0.0	0.0	0.0	0.0	1	1.05	11.972523656765565	230.0	17	1.05	0.95				
	122	2	0.0	0.0	0.0	0.0	1	1.05	19.37828914948543	230.0	17	1.05	0.95				
	123	2	0.0	0.0	0.0	0.0	1	1.0326353062487517	5.907030032942652	230.0	15	1.05	0.95				
	124	1	0.0	0.0	0.0	0.0	1	1.0222897725613733	4.855211369954243	230.0	16	1.05	0.95				
	201	2	74.57830946526317	15.191877854035088	0.0	0.0	2	1.0355641980819672	-16.585462758441945	138.0	21	1.05	0.95				
	202	2	66.98237053824562	13.810798049122807	0.0	0.0	2	1.035755090311525	-16.716728143490194	138.0	22	1.05	0.95				
	203	1	124.29718244210528	25.549976390877195	0.0	0.0	2	1.0221793489969628	-12.232622155292507	138.0	21	1.05	0.95				
	204	1	51.09995278175439	10.358098536842105	0.0	0.0	2	1.0170924802139758	-18.621156639936277	138.0	21	1.05	0.95				
	205	1	49.02833307438597	9.667558634385966	0.0	0.0	2	1.0338269360219114	-19.133234705596767	138.0	21	1.05	0.95				
	206	1	93.9134267340351	19.33511726877193	0.0	-100.0	2	1.0389691528622815	-21.21887116098345	138.0	22	1.05	0.95				
	207	2	86.31748780701754	17.26349756140351	0.0	0.0	2	0.9718032822246984	-31.517491002503824	138.0	22	1.05	0.95				
	208	1	118.08232332	24.168896585964912	0.0	0.0	2	0.9742064984166107	-28.120376476558032	138.0	22	1.05	0.95				
	209	1	120.84448292982457	24.859436488421053	0.0	0.0	2	1.0234024589814852	-17.38020165889135	138.0	23	1.05	0.95				
	210	1	134.65528097894736	27.621596098245615	0.0	0.0	2	1.05	-19.54491405263705	138.0	23	1.05	0.95				
	211	1	0.0	0.0	0.0	0.0	2	1.024341077827568	-13.453136418918907	230.0	23	1.05	0.95				
	212	1	0.0	0.0	0.0	0.0	2	1.01880793736886	-12.564444913922438	230.0	23	1.05	0.95				
	213	2	182.9930741508772	37.28915473263159	0.0	0.0	2	1.0306305908281552	-11.765601080811102	230.0	24	1.05	0.95				
	214	2	133.96474107649124	26.931056195789477	0.0	0.0	2	1.0400589953387342	-10.054351150667326	230.0	26	1.05	0.95				
	215	2	218.9011490785965	44.194553757192985	0.0	0.0	2	1.042351878739547	-0.4487198357416501	230.0	26	1.05	0.95				
	216	2	69.05399024561405	13.810798049122807	0.0	0.0	2	1.0455385422503594	-0.9846405491905015	230.0	26	1.05	0.95				
	217	1	0.0	0.0	0.0	0.0	2	1.0460856500767375	2.682604032121315	230.0	27	1.05	0.95				
	218	2	229.94978751789478	46.95671336701755	0.0	0.0	2	1.0482632823792648	3.168600930804232	230.0	27	1.05	0.95				
	219	1	124.98772234456142	25.549976390877195	0.0	0.0	2	1.0427600257380245	-2.0128891985838067	230.0	25	1.05	0.95				
	220	1	88.38910751438597	17.954037463859652	0.0	0.0	2	1.0462598103857836	-1.6117982171164462	230.0	25	1.05	0.95				
	221	2	0.0	0.0	0.0	0.0	2	1.0487789278491582	3.1931394120189225	230.0	27	1.05	0.95				
	222	2	0.0	0.0	0.0	0.0	2	1.05	9.503320378347006	230.0	27	1.05	0.95				
	223	2	0.0	0.0	0.0	0.0	2	1.05	-0.8894877022965346	230.0	25	1.05	0.95				
	224	1	0.0	0.0	0.0	0.0	2	1.02003775293354	-4.82412942228532	230.0	26	1.05	0.95				
	301	2	56.69914585263158	11.549826007017545	0.0	0.0	3	1.0209229959586539	-7.914205425787112	138.0	31	1.05	0.95				
	302	2	50.92423284912281	10.499841824561406	0.0	0.0	3	1.0178832888345672	-8.278700051281685	138.0	32	1.05	0.95				
	303	1	94.49857642105263	19.4247073754386	0.0	0.0	3	1.05	7.670054490858611	138.0	31	1.05	0.95				
	304	1	38.8494147508772	7.874881368421054	0.0	0.0	3	1.0081349354374478	-6.88974558508321	138.0	31	1.05	0.95				
	305	1	37.27443847719299	7.349889277192983	0.0	0.0	3	1.0263647795953634	-8.995033767799576	138.0	31	1.05	0.95				
	306	1	71.39892440701756	14.699778554385967	0.0	-100.0	3	1.0358743217181121	-10.212784242762504	138.0	32	1.05	0.95				
	307	2	65.62401140350877	13.124802280701756	0.0	0.0	3	0.9824403646295546	-10.530637211031419	138.0	32	1.05	0.95				
	308	1	89.7736476	18.374723192982458	0.0	0.0	3	0.9885230496996446	-10.310067133908507	138.0	32	1.05	0.95				
	309	1	91.87361596491229	18.89971528421053	0.0	0.0	3	1.0173843458058514	-3.564404753667021	138.0	33	1.05	0.95				
	310	1	102.37345778947369	20.99968364912281	0.0	0.0	3	1.04473183500126	-8.397061746756245	138.0	33	1.05	0.95				
	311	1	0.0	0.0	0.0	0.0	3	1.0046540175251193	-4.024033040536739	230.0	33	1.05	0.95				
	312	1	0.0	0.0	0.0	0.0	3	1.0094985447950813	-3.173499693496799	230.0	33	1.05	0.95				
	313	2	139.1229041754386	28.34957292631579	0.0	0.0	3	1.006560892902845	-1.316699829844927	230.0	34	1.05	0.95				
	314	2	101.84846569824562	20.47469155789474	0.0	0.0	3	1.0012604928576405	-4.3398376853248966	230.0	36	1.05	0.95				
	315	2	166.42249291929824	33.599493838596494	0.0	0.0	3	1.0499999831526696	-1.1694211811991218	230.0	36	1.05	0.95				
	316	2	52.499209122807024	10.499841824561406	0.0	0.0	3	1.0395455373977622	-1.6374159589860326	230.0	36	1.05	0.95				
	317	1	0.0	0.0	0.0	0.0	3	1.0458597562142637	-0.4880130480836392	230.0	37	1.05	0.95				
	318	2	174.82236637894738	35.69946220350878	0.0	0.0	3	1.046582298259337	-0.7623888123772538	230.0	37	1.05	0.95				
	319	1	95.0235685122807	19.4247073754386	0.0	0.0	3	1.028839196169935	-1.907358909895153	230.0	35	1.05	0.95				
	320	1	67.19898767719299	13.649794371929827	0.0	0.0	3	1.0235369997778743	-1.1252683877254364	230.0	35	1.05	0.95				
	321	2	0.0	0.0	0.0	0.0	3	1.049159545008969	0.19004827643621214	230.0	37	1.05	0.95				
	322	2	0.0	0.0	0.0	0.0	3	1.05	4.2649713650175425	230.0	37	1.05	0.95				
	323	2	0.0	0.0	0.0	0.0	3	1.0218651808294261	-0.28494449265733846	230.0	35	1.05	0.95				
	324	1	0.0	0.0	0.0	0.0	3	1.0471281790171403	2.209637248382368	230.0	36	1.05	0.95				
	325	1	0.0	0.0	0.0	0.0	3	1.0211280463084016	0.7663050714725606	230.0	35	1.05	0.95				
];
