%% MATPOWER Case Format : Version 2
function mpc = RTS_GMLC
mpc.version = '2';

%%-----  Power Flow Data  -----%%
%% system MVA base
mpc.baseMVA = 100.0;
%% bus data
%    bus_i    type    Pd    Qd    Gs    Bs    area    Vm    Va    baseKV    zone    Vmax    Vmin
mpc.bus = [
	101	2	87.26571003789475	17.776348341052632	0.0	0.0	1	1.0420004511929815	-0.18034257225395692	138.0	11	1.05	0.95				
	102	2	78.37753586736844	16.160316673684214	0.0	0.0	1	1.0418866905470454	-0.3148326801132465	138.0	12	1.05	0.95				
	103	1	145.44285006315792	29.896585846315794	0.0	0.0	1	1.0233963337337992	-1.1416074133541976	138.0	11	1.05	0.95				
	104	1	59.79317169263159	12.120237505263159	0.0	0.0	1	1.0216179998779504	-3.827977862521744	138.0	11	1.05	0.95				
	105	1	57.36912419157895	11.31222167157895	0.0	0.0	1	1.034452585937834	-4.339539901752588	138.0	11	1.05	0.95				
	106	1	109.89015338105266	22.6244433431579	0.0	-100.0	1	1.0358745189959593	-7.4086391841821735	138.0	12	1.05	0.95				
	107	2	101.00197921052632	20.200395842105266	0.0	0.0	1	1.05	-7.005750993216779	138.0	12	1.05	0.95				
	108	1	138.17070756	28.28055417894737	0.0	0.0	1	1.023857610874582	-8.74826531209679	138.0	12	1.05	0.95				
	109	1	141.40277089473685	29.088570012631582	0.0	0.0	1	1.0271252805176074	-4.4283095979386164	138.0	13	1.05	0.95				
	110	1	157.56308756842105	32.32063334736843	0.0	0.0	1	1.05	-6.054874925275424	138.0	13	1.05	0.95				
	111	1	0.0	0.0	0.0	0.0	1	1.0156289748013485	-1.5850317650120467	230.0	13	1.05	0.95				
	112	1	0.0	0.0	0.0	0.0	1	1.0180828139175147	-1.027947321667448	230.0	13	1.05	0.95				
	113	3	214.12419592631582	43.632855018947375	0.0	0.0	1	1.0178195330465507	-4.504143461724086e-28	230.0	14	1.05	0.95				
	114	2	156.75507173473687	31.512617513684216	0.0	0.0	1	1.0191737269864116	0.7123977982679246	230.0	16	1.05	0.95				
	115	2	256.14101927789477	51.713013355789485	0.0	0.0	1	1.043599336370892	9.691919997907116	230.0	16	1.05	0.95				
	116	2	80.80158336842106	16.160316673684214	0.0	0.0	1	1.042304681655035	8.86742959625437	230.0	16	1.05	0.95				
	117	1	0.0	0.0	0.0	0.0	1	1.046038357884996	12.858270762580865	230.0	17	1.05	0.95				
	118	2	269.0692726168421	54.94507669052633	0.0	0.0	1	1.0499999987340194	13.584105287796987	230.0	17	1.05	0.95				
	119	1	146.25086589684213	29.896585846315794	0.0	0.0	1	1.0367049000728343	6.8670952804920224	230.0	15	1.05	0.95				
	120	1	103.42602671157897	21.008411675789475	0.0	0.0	1	1.0388069118803986	6.267641268282681	230.0	15	1.05	0.95				
	121	2	0.0	0.0	0.0	0.0	1	1.05	14.510566695758925	230.0	17	1.05	0.95				
	122	2	0.0	0.0	0.0	0.0	1	1.05	23.585978224545812	230.0	17	1.05	0.95				
	123	2	0.0	0.0	0.0	0.0	1	1.042184446133602	6.534962390259016	230.0	15	1.05	0.95				
	124	1	0.0	0.0	0.0	0.0	1	1.022486852203878	5.671510430840505	230.0	16	1.05	0.95				
	201	2	103.25704392000002	21.03384228	0.0	0.0	2	1.05	-17.821879359838718	138.0	21	1.05	0.95				
	202	2	92.74012278	19.1216748	0.0	0.0	2	1.05	-17.988022368258644	138.0	22	1.05	0.95				
	203	1	172.0950732	35.37509838	0.0	0.0	2	1.0192587854318067	-12.865006716369665	138.0	21	1.05	0.95				
	204	1	70.75019676	14.341256099999999	0.0	0.0	2	1.0165397908758114	-18.798026276189596	138.0	21	1.05	0.95				
	205	1	67.88194553999999	13.38517236	0.0	0.0	2	1.0351073165446325	-19.407630982554785	138.0	21	1.05	0.95				
	206	1	130.02738864	26.77034472	0.0	-100.0	2	1.030624057030872	-21.21726834719432	138.0	22	1.05	0.95				
	207	2	119.5104675	23.9020935	0.0	0.0	2	0.95	-29.739920853259036	138.0	22	1.05	0.95				
	208	1	163.49031954	33.462930899999996	0.0	0.0	2	0.95100744317254	-27.353960981072735	138.0	22	1.05	0.95				
	209	1	167.3146545	34.41901463999999	0.0	0.0	2	1.0210230624623648	-15.582899668193692	138.0	23	1.05	0.95				
	210	1	186.43632929999998	38.2433496	0.0	0.0	2	1.0446513383769345	-18.023694800479348	138.0	23	1.05	0.95				
	211	1	0.0	0.0	0.0	0.0	2	1.0304949176113964	-10.604552478994956	230.0	23	1.05	0.95				
	212	1	0.0	0.0	0.0	0.0	2	1.0242780861481635	-5.9569870053247165	230.0	23	1.05	0.95				
	213	2	253.3621911	51.62852196000001	0.0	0.0	2	1.05	-6.2744579133883915	230.0	24	1.05	0.95				
	214	2	185.48024556	37.287265860000005	0.0	0.0	2	1.05	-8.515439029450885	230.0	26	1.05	0.95				
	215	2	303.07854557999997	61.18935936	0.0	0.0	2	1.0423484214794194	0.7692201650971643	230.0	26	1.05	0.95				
	216	2	95.608374	19.1216748	0.0	0.0	2	1.0466876097969862	0.392759273228021	230.0	26	1.05	0.95				
	217	1	0.0	0.0	0.0	0.0	2	1.0484332231139113	3.8367778677725335	230.0	27	1.05	0.95				
	218	2	318.37588542000003	65.01369432	0.0	0.0	2	1.05	4.258117772931062	230.0	27	1.05	0.95				
	219	1	173.05115694	35.37509838	0.0	0.0	2	1.0406446664912334	-0.304394462018994	230.0	25	1.05	0.95				
	220	1	122.37871872	24.85817724	0.0	0.0	2	1.0444619624953406	0.8802683315220926	230.0	25	1.05	0.95				
	221	2	0.0	0.0	0.0	0.0	2	1.05	4.829301683000359	230.0	27	1.05	0.95				
	222	2	0.0	0.0	0.0	0.0	2	1.05	10.951742116441837	230.0	27	1.05	0.95				
	223	2	0.0	0.0	0.0	0.0	2	1.05	2.220495840679739	230.0	25	1.05	0.95				
	224	1	0.0	0.0	0.0	0.0	2	1.0163706372218466	-4.282956369804886	230.0	26	1.05	0.95				
	301	2	95.66592851368422	19.487503956491228	0.0	0.0	3	0.9783283085190404	-11.833283001760183	138.0	31	1.05	0.95				
	302	2	85.92217653543858	17.7159126877193	0.0	0.0	3	0.9818993912985639	-12.234855276215338	138.0	32	1.05	0.95				
	303	1	159.44321418947368	32.7744384722807	0.0	0.0	3	0.9876181264009515	-8.115694244604898	138.0	31	1.05	0.95				
	304	1	65.5488769445614	13.286934515789472	0.0	0.0	3	0.9658836100138106	-10.796285590492309	138.0	31	1.05	0.95				
	305	1	62.8914900414035	12.40113888140351	0.0	0.0	3	0.9779199430216082	-10.740813881107183	138.0	31	1.05	0.95				
	306	1	120.46820627649124	24.80227776280702	0.0	-100.0	3	0.9835148528590529	-11.145714521109472	138.0	32	1.05	0.95				
	307	2	110.7244542982456	22.14489085964912	0.0	0.0	3	0.9526146509360457	-14.41162730910497	138.0	32	1.05	0.95				
	308	1	151.47105348	31.00284720350877	0.0	0.0	3	0.95	-12.515602336713833	138.0	32	1.05	0.95				
	309	1	155.01423601754385	31.888642837894732	0.0	0.0	3	0.986454066697402	-5.686640184032711	138.0	33	1.05	0.95				
	310	1	172.73014870526316	35.4318253754386	0.0	0.0	3	1.0043510178664026	-6.542370011863969	138.0	33	1.05	0.95				
	311	1	0.0	0.0	0.0	0.0	3	0.9831981716633837	2.1556844922962894	230.0	33	1.05	0.95				
	312	1	0.0	0.0	0.0	0.0	3	0.986275488313645	3.805868955288709	230.0	33	1.05	0.95				
	313	2	234.73584311228066	47.83296425684211	0.0	0.0	3	1.0126395463120643	11.284694334661813	230.0	34	1.05	0.95				
	314	2	171.84435307087716	34.54602974105263	0.0	0.0	3	0.9987514965077852	2.0694465776555653	230.0	36	1.05	0.95				
	315	2	280.79721610035085	56.69092060070176	0.0	0.0	3	1.0473876968839555	0.6544730578587546	230.0	36	1.05	0.95				
	316	2	88.57956343859648	17.7159126877193	0.0	0.0	3	1.0473593074195497	1.9325248184528794	230.0	36	1.05	0.95				
	317	1	0.0	0.0	0.0	0.0	3	1.0487631590908806	2.566718671219371	230.0	37	1.05	0.95				
	318	2	294.96994625052633	60.23410313824562	0.0	0.0	3	1.0471164348028168	1.8251100385101768	230.0	37	1.05	0.95				
	319	1	160.32900982385965	32.7744384722807	0.0	0.0	3	1.0362991691019565	3.8792232240649867	230.0	35	1.05	0.95				
	320	1	113.38184120140352	23.030686494035088	0.0	0.0	3	1.0323767825266492	5.842032488612277	230.0	35	1.05	0.95				
	321	2	0.0	0.0	0.0	0.0	3	1.05	3.0875885736350517	230.0	37	1.05	0.95				
	322	2	0.0	0.0	0.0	0.0	3	1.05	8.329687975926877	230.0	37	1.05	0.95				
	323	2	0.0	0.0	0.0	0.0	3	1.0316946942907934	6.8325248039776625	230.0	35	1.05	0.95				
	324	1	0.0	0.0	0.0	0.0	3	1.0164217512228169	-0.5213287552794027	230.0	36	1.05	0.95				
	325	1	0.0	0.0	0.0	0.0	3	1.0320404800265353	7.490180485893363	230.0	35	1.05	0.95				
];

%% generator data
%    bus    Pg    Qg    Qmax    Qmin    Vg    mBase    status    Pmax    Pmin    Pc1    Pc2    Qc1min    Qc1max    Qc2min    Qc2max    ramp_agc    ramp_10    ramp_30    ramp_q    apf
