%% MATPOWER Case Format : Version 2
function mpc = RTS_GMLC
mpc.version = '2';

%%-----  Power Flow Data  -----%%
%% system MVA base
mpc.baseMVA = 100.0;
%% bus data
%    bus_i    type    Pd    Qd    Gs    Bs    area    Vm    Va    baseKV    zone    Vmax    Vmin
mpc.bus = [
	101	2	55.830282025263166	11.372835227368423	0.0	0.0	1	1.0302339121589126	0.3456581367041615	138.0	11	1.05	0.95				
	102	2	50.14386441157895	10.338941115789476	0.0	0.0	1	1.0298150516780664	0.17651641478841798	138.0	12	1.05	0.95				
	103	1	93.05047004210529	19.12704106421053	0.0	0.0	1	1.0267897180698904	-0.6294750685528474	138.0	11	1.05	0.95				
	104	1	38.25408212842106	7.754205836842106	0.0	0.0	1	1.0185821024022172	-2.9812457582798744	138.0	11	1.05	0.95				
	105	1	36.703240961052636	7.237258781052633	0.0	0.0	1	1.032979788905234	-2.881199168270703	138.0	11	1.05	0.95				
	106	1	70.30479958736844	14.474517562105266	0.0	-100.0	1	1.0420661939375226	-5.201982536334463	138.0	12	1.05	0.95				
	107	2	64.61838197368421	12.923676394736844	0.0	0.0	1	1.0078618420764716	-11.491070887071768	138.0	12	1.05	0.95				
	108	1	88.39794654	18.09314695263158	0.0	0.0	1	1.0055351861404573	-9.920191460794749	138.0	12	1.05	0.95				
	109	1	90.46573476315791	18.610094008421054	0.0	0.0	1	1.0254838041836172	-3.461628896071616	138.0	13	1.05	0.95				
	110	1	100.80467587894736	20.677882231578952	0.0	0.0	1	1.05	-4.511421692818075	138.0	13	1.05	0.95				
	111	1	0.0	0.0	0.0	0.0	1	1.00796738843221	-0.8895707306783042	230.0	13	1.05	0.95				
	112	1	0.0	0.0	0.0	0.0	1	1.0133614661145942	-0.6569027933336122	230.0	13	1.05	0.95				
	113	3	136.99096978421053	27.915141012631583	0.0	0.0	1	1.0061463637899424	-1.1863926180657733e-29	230.0	14	1.05	0.95				
	114	2	100.2877288231579	20.160935175789476	0.0	0.0	1	1.0063406467255682	1.5304491904961501	230.0	16	1.05	0.95				
	115	2	163.87221668526317	33.08461157052632	0.0	0.0	1	1.0423488376319057	8.707733548849859	230.0	16	1.05	0.95				
	116	2	51.69470557894738	10.338941115789476	0.0	0.0	1	1.0395514656529736	7.94900768881416	230.0	16	1.05	0.95				
	117	1	0.0	0.0	0.0	0.0	1	1.0437566459561864	10.996354730937188	230.0	17	1.05	0.95				
	118	2	172.14336957789476	35.15239979368422	0.0	0.0	1	1.0471928839673055	11.090335031713	230.0	17	1.05	0.95				
	119	1	93.56741709789476	19.12704106421053	0.0	0.0	1	1.0337132534187932	6.198564744676844	230.0	15	1.05	0.95				
	120	1	66.16922314105264	13.440623450526317	0.0	0.0	1	1.0329957775114325	5.660554241133151	230.0	15	1.05	0.95				
	121	2	0.0	0.0	0.0	0.0	1	1.05	12.366900244712046	230.0	17	1.05	0.95				
	122	2	0.0	0.0	0.0	0.0	1	1.05	22.664817897004365	230.0	17	1.05	0.95				
	123	2	0.0	0.0	0.0	0.0	1	1.03349365195953	5.7552961342515605	230.0	15	1.05	0.95				
	124	1	0.0	0.0	0.0	0.0	1	1.024793498384076	5.2301303994801405	230.0	16	1.05	0.95				
	201	2	69.69935463157894	14.198016684210524	0.0	0.0	2	1.0325331886674058	-16.80801769964521	138.0	21	1.05	0.95				
	202	2	62.60034628947368	12.907287894736841	0.0	0.0	2	1.0328263026837847	-16.897556127740913	138.0	22	1.05	0.95				
	203	1	116.16559105263158	23.878482605263155	0.0	0.0	2	1.0172143998203127	-14.050734655090658	138.0	21	1.05	0.95				
	204	1	47.75696521052631	9.680465921052631	0.0	0.0	2	1.0165739859291265	-18.904665369070848	138.0	21	1.05	0.95				
	205	1	45.82087202631578	9.035101526315788	0.0	0.0	2	1.0329261490389035	-19.26027094770126	138.0	21	1.05	0.95				
	206	1	87.76955768421053	18.070203052631577	0.0	-100.0	2	1.039606789074182	-21.24522082224374	138.0	22	1.05	0.95				
	207	2	80.67054934210526	16.13410986842105	0.0	0.0	2	0.9819314152071276	-30.934558593507372	138.0	22	1.05	0.95				
	208	1	110.3573115	22.58775381578947	0.0	0.0	2	0.9824582215085428	-27.794794941801566	138.0	22	1.05	0.95				
	209	1	112.93876907894736	23.233118210526314	0.0	0.0	2	1.0232510654686477	-17.923940116100148	138.0	23	1.05	0.95				
	210	1	125.84605697368418	25.814575789473682	0.0	0.0	2	1.05	-19.706967524050707	138.0	23	1.05	0.95				
	211	1	0.0	0.0	0.0	0.0	2	1.0204752095672665	-14.069809062980365	230.0	23	1.05	0.95				
	212	1	0.0	0.0	0.0	0.0	2	1.0163024752718275	-13.10578153209791	230.0	23	1.05	0.95				
	213	2	171.02156460526314	34.84967731578947	0.0	0.0	2	1.023762670419933	-12.652839961820774	230.0	24	1.05	0.95				
	214	2	125.20069257894735	25.16921139473684	0.0	0.0	2	1.0339929677537236	-10.646006154607555	230.0	26	1.05	0.95				
	215	2	204.5805131315789	41.30332126315789	0.0	0.0	2	1.0396947602090307	-1.5055398295042561	230.0	26	1.05	0.95				
	216	2	64.5364394736842	12.907287894736841	0.0	0.0	2	1.043381205886408	-1.8378519264375563	230.0	26	1.05	0.95				
	217	1	0.0	0.0	0.0	0.0	2	1.0443041753716868	1.5678813924173092	230.0	27	1.05	0.95				
	218	2	214.9063434473684	43.88477884210526	0.0	0.0	2	1.045777935965957	1.7813419101157661	230.0	27	1.05	0.95				
	219	1	116.81095544736841	23.878482605263155	0.0	0.0	2	1.0419687932323747	-2.534578017146529	230.0	25	1.05	0.95				
	220	1	82.60664252631578	16.779474263157894	0.0	0.0	2	1.0460720743300467	-1.926742020039956	230.0	25	1.05	0.95				
	221	2	0.0	0.0	0.0	0.0	2	1.0454148887095103	1.4496287025653307	230.0	27	1.05	0.95				
	222	2	0.0	0.0	0.0	0.0	2	1.05	8.003870424422749	230.0	27	1.05	0.95				
	223	2	0.0	0.0	0.0	0.0	2	1.05	-1.1239857325733833	230.0	25	1.05	0.95				
	224	1	0.0	0.0	0.0	0.0	2	1.0155306147446397	-6.154765247234038	230.0	26	1.05	0.95				
	301	2	49.951281258947375	10.175260997192982	0.0	0.0	3	1.0090612088875817	-12.964107204848299	138.0	31	1.05	0.95				
	302	2	44.86365076035088	9.25023727017544	0.0	0.0	3	1.0084668622140507	-13.138301237666234	138.0	32	1.05	0.95				
	303	1	83.25213543157895	17.11293894982456	0.0	0.0	3	1.0338476612861174	-5.255473132933119	138.0	31	1.05	0.95				
	304	1	34.22587789964912	6.937677952631578	0.0	0.0	3	1.0106779009254274	-11.682514634741356	138.0	31	1.05	0.95				
	305	1	32.8383423091228	6.475166089122808	0.0	0.0	3	1.0236210153603686	-12.769354837632605	138.0	31	1.05	0.95				
	306	1	62.901613437192985	12.950332178245617	0.0	-100.0	3	1.039590868618743	-13.203900498215951	138.0	32	1.05	0.95				
	307	2	57.813982938596496	11.562796587719298	0.0	0.0	3	0.9923178396946549	-18.179395205112208	138.0	32	1.05	0.95				
	308	1	79.08952866	16.187915222807018	0.0	0.0	3	0.9978955654632155	-16.071806331551628	138.0	32	1.05	0.95				
	309	1	80.93957611403508	16.650427086315787	0.0	0.0	3	1.027258079230957	-8.602708438132234	138.0	33	1.05	0.95				
	310	1	90.18981338421052	18.50047454035088	0.0	0.0	3	1.05	-11.08590177742373	138.0	33	1.05	0.95				
	311	1	0.0	0.0	0.0	0.0	3	1.010561865310602	-5.228173213678508	230.0	33	1.05	0.95				
	312	1	0.0	0.0	0.0	0.0	3	1.0127474674068861	-4.929414604046651	230.0	33	1.05	0.95				
	313	2	122.56564382982455	24.975640629473688	0.0	0.0	3	1.01208592744064	-2.0838447018120507	230.0	34	1.05	0.95				
	314	2	89.72730152070176	18.037962676842106	0.0	0.0	3	1.0134731886935204	-3.281138366300207	230.0	36	1.05	0.95				
	315	2	146.6162607322807	29.600759264561404	0.0	0.0	3	1.0397167711783333	1.7974250221233579	230.0	36	1.05	0.95				
	316	2	46.25118635087719	9.25023727017544	0.0	0.0	3	1.0387728507590437	2.2071002301205764	230.0	36	1.05	0.95				
	317	1	0.0	0.0	0.0	0.0	3	1.05	7.029264255656429	230.0	37	1.05	0.95				
	318	2	154.01645054842106	31.450806718596493	0.0	0.0	3	1.0462181973007578	4.7285512932014475	230.0	37	1.05	0.95				
	319	1	83.71464729508772	17.11293894982456	0.0	0.0	3	1.0320511416692169	0.868181286971323	230.0	35	1.05	0.95				
	320	1	59.20151852912281	12.02530845122807	0.0	0.0	3	1.0297070654348937	0.5879715078149441	230.0	35	1.05	0.95				
	321	2	0.0	0.0	0.0	0.0	3	1.0452471118798172	4.379418619057387	230.0	37	1.05	0.95				
	322	2	0.0	0.0	0.0	0.0	3	1.05	9.761614541591499	230.0	37	1.05	0.95				
	323	2	0.0	0.0	0.0	0.0	3	1.0290838651372882	0.7874501249353213	230.0	35	1.05	0.95				
	324	1	0.0	0.0	0.0	0.0	3	1.0282705039627942	-0.8520296587160122	230.0	36	1.05	0.95				
	325	1	0.0	0.0	0.0	0.0	3	1.028057874779708	1.7722891347930798	230.0	35	1.05	0.95				
];
