%% MATPOWER Case Format : Version 2
function mpc = RTS_GMLC
mpc.version = '2';

%%-----  Power Flow Data  -----%%
%% system MVA base
mpc.baseMVA = 100.0;
%% bus data
%    bus_i    type    Pd    Qd    Gs    Bs    area    Vm    Va    baseKV    zone    Vmax    Vmin
mpc.bus = [
	101	2	49.965363663157895	10.17812963508772	0.0	0.0	1	1.030881321219712	0.259274676966615	138.0	11	1.05	0.95				
	102	2	44.87629884561403	9.252845122807019	0.0	0.0	1	1.029964452154111	-0.018153851091917503	138.0	12	1.05	0.95				
	103	1	83.27560610526315	17.11776347719298	0.0	0.0	1	1.0277196106738447	-0.42665829212275924	138.0	11	1.05	0.95				
	104	1	34.23552695438596	6.939633842105263	0.0	0.0	1	1.0195471684061206	-2.789862317655828	138.0	11	1.05	0.95				
	105	1	32.84760018596491	6.476991585964913	0.0	0.0	1	1.0342281232814006	-2.6709981988894054	138.0	11	1.05	0.95				
	106	1	62.91934683508772	12.953983171929826	0.0	-100.0	1	1.0438780891616017	-4.815703722313629	138.0	12	1.05	0.95				
	107	2	57.83028201754385	11.566056403508771	0.0	0.0	1	1.0008804204733759	-11.364448913090703	138.0	12	1.05	0.95				
	108	1	79.1118258	16.19247896491228	0.0	0.0	1	1.0028504978730788	-9.538011136524393	138.0	12	1.05	0.95				
	109	1	80.9623948245614	16.655121221052628	0.0	0.0	1	1.0248933489917749	-3.1726463678460344	138.0	13	1.05	0.95				
	110	1	90.21523994736842	18.505690245614037	0.0	0.0	1	1.05	-4.173772498355774	138.0	13	1.05	0.95				
	111	1	0.0	0.0	0.0	0.0	1	1.0059354429220717	-0.7593511567649116	230.0	13	1.05	0.95				
	112	1	0.0	0.0	0.0	0.0	1	1.0103903475398004	-0.58430268058557	230.0	13	1.05	0.95				
	113	3	122.60019787719298	24.982681831578947	0.0	0.0	1	1.0010008713541152	1.2787956524915164e-28	230.0	14	1.05	0.95				
	114	2	89.75259769122806	18.043047989473685	0.0	0.0	1	1.0047219874145774	1.6069159628834002	230.0	16	1.05	0.95				
	115	2	146.65759519649123	29.609104392982456	0.0	0.0	1	1.0393562692205252	8.311879031238352	230.0	16	1.05	0.95				
	116	2	46.264225614035084	9.252845122807019	0.0	0.0	1	1.035954637330974	7.635705280026543	230.0	16	1.05	0.95				
	117	1	0.0	0.0	0.0	0.0	1	1.0416255778056098	10.428293681961554	230.0	17	1.05	0.95				
	118	2	154.05987129473684	31.45967341754386	0.0	0.0	1	1.0446814158015332	10.58870734577528	230.0	17	1.05	0.95				
	119	1	83.7382483614035	17.11776347719298	0.0	0.0	1	1.0291932913523043	5.991001376058401	230.0	15	1.05	0.95				
	120	1	59.21820878596491	12.028698659649123	0.0	0.0	1	1.0270208604785385	5.447991421633559	230.0	15	1.05	0.95				
	121	2	0.0	0.0	0.0	0.0	1	1.0477500813902287	11.802342267718167	230.0	17	1.05	0.95				
	122	2	0.0	0.0	0.0	0.0	1	1.05	20.513261640647993	230.0	17	1.05	0.95				
	123	2	0.0	0.0	0.0	0.0	1	1.026486183932423	5.504179157508594	230.0	15	1.05	0.95				
	124	1	0.0	0.0	0.0	0.0	1	1.0239802126669169	5.045505350069296	230.0	16	1.05	0.95				
	201	2	54.99449079157894	11.20258145754386	0.0	0.0	2	1.025500794261915	-12.750306847021687	138.0	21	1.05	0.95				
	202	2	49.39320006280701	10.184164961403507	0.0	0.0	2	1.0264823481864658	-12.57971766258407	138.0	22	1.05	0.95				
	203	1	91.65748465263157	18.84070517859649	0.0	0.0	2	1.0167151555043947	-10.805135072345005	138.0	21	1.05	0.95				
	204	1	37.68141035719298	7.638123721052631	0.0	0.0	2	1.0164758839148924	-14.025071512547783	138.0	21	1.05	0.95				
	205	1	36.15378561298245	7.128915472982456	0.0	0.0	2	1.0314477881165598	-14.424832479941657	138.0	21	1.05	0.95				
	206	1	69.25232173754385	14.257830945964912	0.0	-100.0	2	1.0422864176192772	-15.81539856629316	138.0	22	1.05	0.95				
	207	2	63.651031008771916	12.730206201754385	0.0	0.0	2	0.9910232196145359	-23.126029321856887	138.0	22	1.05	0.95				
	208	1	87.07461041999998	17.82228868245614	0.0	0.0	2	0.994272733148849	-20.748486608831435	138.0	22	1.05	0.95				
	209	1	89.11144341228069	18.331496930526313	0.0	0.0	2	1.0232286645426243	-13.11945896898043	138.0	23	1.05	0.95				
	210	1	99.2956083736842	20.368329922807014	0.0	0.0	2	1.05	-14.492843363171373	138.0	23	1.05	0.95				
	211	1	0.0	0.0	0.0	0.0	2	1.010569840416805	-9.822271686577938	230.0	23	1.05	0.95				
	212	1	0.0	0.0	0.0	0.0	2	1.0106730475994694	-8.94942513516808	230.0	23	1.05	0.95				
	213	2	134.94018573859648	27.49724539578947	0.0	0.0	2	1.0085755841753112	-8.459649228073744	230.0	24	1.05	0.95				
	214	2	98.78640012561402	19.85912167473684	0.0	0.0	2	1.0158309102453202	-6.976008097954819	230.0	26	1.05	0.95				
	215	2	161.41901463824559	32.589327876491225	0.0	0.0	2	1.029888710877363	0.3381252032789665	230.0	26	1.05	0.95				
	216	2	50.92082480701754	10.184164961403507	0.0	0.0	2	1.0317024720125025	0.1624896702690237	230.0	26	1.05	0.95				
	217	1	0.0	0.0	0.0	0.0	2	1.0356286395288288	2.843585957333495	230.0	27	1.05	0.95				
	218	2	169.5663466073684	34.626160868771926	0.0	0.0	2	1.0364293828051392	2.9308601624214403	230.0	27	1.05	0.95				
	219	1	92.16669290070175	18.84070517859649	0.0	0.0	2	1.0311749877579128	-0.18627671207360022	230.0	25	1.05	0.95				
	220	1	65.17865575298245	13.23941444982456	0.0	0.0	2	1.034506494534509	0.4914769574555558	230.0	25	1.05	0.95				
	221	2	0.0	0.0	0.0	0.0	2	1.036889434934831	2.8417020585913115	230.0	27	1.05	0.95				
	222	2	0.0	0.0	0.0	0.0	2	1.05	9.341509751420372	230.0	27	1.05	0.95				
	223	2	0.0	0.0	0.0	0.0	2	1.0374306617181819	1.2445832327418125	230.0	25	1.05	0.95				
	224	1	0.0	0.0	0.0	0.0	2	1.011188590908225	-3.8255320190305335	230.0	26	1.05	0.95				
	301	2	42.520088576842106	8.66149952491228	0.0	0.0	3	1.0114162493117556	-8.42869192989005	138.0	31	1.05	0.95				
	302	2	38.18933881438596	7.874090477192983	0.0	0.0	3	1.011285377094226	-8.554685766671147	138.0	32	1.05	0.95				
	303	1	70.86681429473684	14.567067382807016	0.0	0.0	3	1.0319846603557845	-1.770600216413421	138.0	31	1.05	0.95				
	304	1	29.134134765614032	5.905567857894736	0.0	0.0	3	1.0140915999568112	-6.866422062758411	138.0	31	1.05	0.95				
	305	1	27.95302119403508	5.5118633340350875	0.0	0.0	3	1.0258973937456375	-8.498786727452368	138.0	31	1.05	0.95				
	306	1	53.54381524491229	11.023726668070175	0.0	-100.0	3	1.0422769268439578	-9.009637890189419	138.0	32	1.05	0.95				
	307	2	49.21306548245614	9.842613096491228	0.0	0.0	3	0.9907599986272322	-12.52279601022234	138.0	32	1.05	0.95				
	308	1	67.32347358	13.779658335087719	0.0	0.0	3	1.0000666918931393	-10.80022683497194	138.0	32	1.05	0.95				
	309	1	68.8982916754386	14.173362858947366	0.0	0.0	3	1.0286825674557776	-3.8823029905598876	138.0	33	1.05	0.95				
	310	1	76.77238215263156	15.748180954385965	0.0	0.0	3	1.05	-7.299363948929629	138.0	33	1.05	0.95				
	311	1	0.0	0.0	0.0	0.0	3	1.0046378755108185	-2.8132705325938465	230.0	33	1.05	0.95				
	312	1	0.0	0.0	0.0	0.0	3	1.0108029576655138	-2.1672625387921904	230.0	33	1.05	0.95				
	313	2	104.33169882280701	21.260044288421053	0.0	0.0	3	1.0070701935856237	0.22745753327478346	230.0	34	1.05	0.95				
	314	2	76.37867762877192	15.354476430526315	0.0	0.0	3	0.9944912119566373	-2.546855841426957	230.0	36	1.05	0.95				
	315	2	124.80433406350878	25.197089527017543	0.0	0.0	3	1.0212925284858925	0.03684178432967517	230.0	36	1.05	0.95				
	316	2	39.37045238596491	7.874090477192983	0.0	0.0	3	1.0188688270641861	0.18178465579415196	230.0	36	1.05	0.95				
	317	1	0.0	0.0	0.0	0.0	3	1.0302486490676859	2.95861492756337	230.0	37	1.05	0.95				
	318	2	131.10360644526315	26.771907622456144	0.0	0.0	3	1.0288639374254431	1.8517634518666986	230.0	37	1.05	0.95				
	319	1	71.26051881859648	14.567067382807016	0.0	0.0	3	1.0145073588379239	-0.041679157674878474	230.0	35	1.05	0.95				
	320	1	50.394179054035085	10.236317620350876	0.0	0.0	3	1.0132435081396038	0.5514356429498899	230.0	35	1.05	0.95				
	321	2	0.0	0.0	0.0	0.0	3	1.0285541954073985	1.8267896393089733	230.0	37	1.05	0.95				
	322	2	0.0	0.0	0.0	0.0	3	1.0429365579791363	6.636313348199075	230.0	37	1.05	0.95				
	323	2	0.0	0.0	0.0	0.0	3	1.0131245976182428	1.1908963438274198	230.0	35	1.05	0.95				
	324	1	0.0	0.0	0.0	0.0	3	1.0203758861221404	-0.6578214397933994	230.0	36	1.05	0.95				
	325	1	0.0	0.0	0.0	0.0	3	1.0136742017354659	2.1144024669979173	230.0	35	1.05	0.95				
];
