%% MATPOWER Case Format : Version 2
function mpc = RTS_GMLC
mpc.version = '2';

%%-----  Power Flow Data  -----%%
%% system MVA base
mpc.baseMVA = 100.0;
%% bus data
%    bus_i    type    Pd    Qd    Gs    Bs    area    Vm    Va    baseKV    zone    Vmax    Vmin
mpc.bus = [
	101	2	54.0	11.0	0.0	0.0	1	1.0293548906623196	0.4297544406608925	138.0	11	1.05	0.95				
	102	2	48.5	10.0	0.0	0.0	1	1.0283069430876826	0.10585455524089026	138.0	12	1.05	0.95				
	103	1	90.0	18.5	0.0	0.0	1	1.0243742088641545	1.4560762299729373	138.0	11	1.05	0.95				
	104	1	37.0	7.5	0.0	0.0	1	1.0174358752699502	-2.6529254324361924	138.0	11	1.05	0.95				
	105	1	35.5	7.000000000000001	0.0	0.0	1	1.0328268375994678	-2.6936101924325975	138.0	11	1.05	0.95				
	106	1	68.0	14.000000000000002	0.0	-100.0	1	1.0423065738815238	-4.98155166574391	138.0	12	1.05	0.95				
	107	2	62.5	12.5	0.0	0.0	1	0.9976638989311559	-12.267757748000992	138.0	12	1.05	0.95				
	108	1	85.5	17.5	0.0	0.0	1	0.9989595948630725	-10.129936297004651	138.0	12	1.05	0.95				
	109	1	87.5	18.0	0.0	0.0	1	1.0237307442362296	-2.8682785775822235	138.0	13	1.05	0.95				
	110	1	97.5	20.0	0.0	0.0	1	1.05	-4.26898003343152	138.0	13	1.05	0.95				
	111	1	0.0	0.0	0.0	0.0	1	1.0108803240781923	-0.0223566407284516	230.0	13	1.05	0.95				
	112	1	0.0	0.0	0.0	0.0	1	1.0122978252831323	-0.8690702291289114	230.0	13	1.05	0.95				
	113	3	132.5	27.0	0.0	0.0	1	1.0042658169632477	-8.428371171248871e-32	230.0	14	1.05	0.95				
	114	2	97.0	19.5	0.0	0.0	1	1.0193554766279616	3.543918872044863	230.0	16	1.05	0.95				
	115	2	158.5	32.0	0.0	0.0	1	1.0383582272732792	13.519826613944376	230.0	16	1.05	0.95				
	116	2	50.0	10.0	0.0	0.0	1	1.0338895072997214	11.642087855302922	230.0	16	1.05	0.95				
	117	1	0.0	0.0	0.0	0.0	1	1.0390311567432997	17.725253846297623	230.0	17	1.05	0.95				
	118	2	166.5	34.0	0.0	0.0	1	1.05	18.497463419782576	230.0	17	1.05	0.95				
	119	1	90.5	18.5	0.0	0.0	1	1.0253347000641935	7.4832972663708235	230.0	15	1.05	0.95				
	120	1	64.0	13.0	0.0	0.0	1	1.025335923945879	4.8166821784661265	230.0	15	1.05	0.95				
	121	2	0.0	0.0	0.0	0.0	1	1.05	20.425545435615373	230.0	17	1.05	0.95				
	122	2	0.0	0.0	0.0	0.0	1	1.05	36.506877071908754	230.0	17	1.05	0.95				
	123	2	0.0	0.0	0.0	0.0	1	1.026713953541067	3.733667193850763	230.0	15	1.05	0.95				
	124	1	0.0	0.0	0.0	0.0	1	1.0180321363902554	9.013952447179063	230.0	16	1.05	0.95				
	201	2	52.73351173894737	10.742011650526315	0.0	0.0	2	1.012259760921129	-15.951095878076577	138.0	21	1.05	0.95				
	202	2	47.36250591368421	9.765465136842105	0.0	0.0	2	1.0117616032826788	-16.148863709672987	138.0	22	1.05	0.95				
	203	1	87.88918623157895	18.066110503157894	0.0	0.0	2	1.0144206569153733	-12.004824315413622	138.0	21	1.05	0.95				
	204	1	36.13222100631579	7.324098852631579	0.0	0.0	2	1.0104621421210118	-15.835579662033135	138.0	21	1.05	0.95				
	205	1	34.66740123578948	6.8358255957894745	0.0	0.0	2	1.0250188374380291	-16.32120979155932	138.0	21	1.05	0.95				
	206	1	66.40516293052632	13.671651191578949	0.0	-100.0	2	1.0396408702533695	-17.08150573716878	138.0	22	1.05	0.95				
	207	2	61.034157105263155	12.206831421052632	0.0	0.0	2	0.9912673494909952	-23.225309866551093	138.0	22	1.05	0.95				
	208	1	83.49472691999999	17.08956398947368	0.0	0.0	2	0.9955410812376746	-20.96725506328876	138.0	22	1.05	0.95				
	209	1	85.44781994736842	17.577837246315788	0.0	0.0	2	1.024149990948217	-13.56324084761443	138.0	23	1.05	0.95				
	210	1	95.21328508421053	19.53093027368421	0.0	0.0	2	1.05	-15.121865067667388	138.0	23	1.05	0.95				
	211	1	0.0	0.0	0.0	0.0	2	1.0125297802016449	-9.877091878346798	230.0	23	1.05	0.95				
	212	1	0.0	0.0	0.0	0.0	2	1.012929587356082	-8.390161349241263	230.0	23	1.05	0.95				
	213	2	129.3924130631579	26.366755869473685	0.0	0.0	2	1.015513344467679	-7.668112348584921	230.0	24	1.05	0.95				
	214	2	94.72501182736842	19.042657016842107	0.0	0.0	2	1.0166726225891771	-7.309879780510304	230.0	26	1.05	0.95				
	215	2	154.78262241894737	31.24948843789474	0.0	0.0	2	1.0301893319799698	-0.9383508627038852	230.0	26	1.05	0.95				
	216	2	48.82732568421053	9.765465136842105	0.0	0.0	2	1.0333033616471532	-0.7155595619690905	230.0	26	1.05	0.95				
	217	1	0.0	0.0	0.0	0.0	2	1.0348696274207012	0.6555903997126589	230.0	27	1.05	0.95				
	218	2	162.59499452842107	33.20258146526316	0.0	0.0	2	1.033420531422989	-0.023032168823905127	230.0	27	1.05	0.95				
	219	1	88.37745948842105	18.066110503157894	0.0	0.0	2	1.0370867102994126	0.3943575419374344	230.0	25	1.05	0.95				
	220	1	62.49897687578948	12.695104677894737	0.0	0.0	2	1.0443977657230303	2.276279402853383	230.0	25	1.05	0.95				
	221	2	0.0	0.0	0.0	0.0	2	1.0350400294410411	0.47851043942106297	230.0	27	1.05	0.95				
	222	2	0.0	0.0	0.0	0.0	2	1.05	7.045723243785121	230.0	27	1.05	0.95				
	223	2	0.0	0.0	0.0	0.0	2	1.05	3.657619050415112	230.0	25	1.05	0.95				
	224	1	0.0	0.0	0.0	0.0	2	1.0106141953118986	-5.062720165819342	230.0	26	1.05	0.95				
	301	2	39.376779498947364	8.02119582385965	0.0	0.0	3	1.014624199363252	14.358917266641486	138.0	31	1.05	0.95				
	302	2	35.36618158701754	7.291996203508772	0.0	0.0	3	1.0144682764740192	14.197571828118457	138.0	32	1.05	0.95				
	303	1	65.62796583157895	13.490192976491228	0.0	0.0	3	1.0377995450551836	22.096482048519	138.0	31	1.05	0.95				
	304	1	26.980385952982456	5.468997152631578	0.0	0.0	3	1.0159215714537877	15.723028842588764	138.0	31	1.05	0.95				
	305	1	25.88658652245614	5.10439734245614	0.0	0.0	3	1.0280054662821978	13.91145289896843	138.0	31	1.05	0.95				
	306	1	49.58557418385965	10.20879468491228	0.0	-100.0	3	1.043854692961351	13.213534994079868	138.0	32	1.05	0.95				
	307	2	45.57497627192982	9.114995254385965	0.0	0.0	3	0.9579134471645612	10.477532804891478	138.0	32	1.05	0.95				
	308	1	62.346567539999995	12.760993356140348	0.0	0.0	3	0.9820606627116093	11.922658316548567	138.0	32	1.05	0.95				
	309	1	63.804966780701754	13.125593166315788	0.0	0.0	3	1.028069781173391	18.462220350104925	138.0	33	1.05	0.95				
	310	1	71.09696298421052	14.583992407017544	0.0	0.0	3	1.05	14.638942274059543	138.0	33	1.05	0.95				
	311	1	0.0	0.0	0.0	0.0	3	1.006795690574516	18.64744015657526	230.0	33	1.05	0.95				
	312	1	0.0	0.0	0.0	0.0	3	1.0145140540470976	18.78977142781313	230.0	33	1.05	0.95				
	313	2	96.61894969649121	19.688389749473682	0.0	0.0	3	1.010968030443271	20.943488892263854	230.0	34	1.05	0.95				
	314	2	70.73236317403509	14.219392596842104	0.0	0.0	3	0.9954326732707655	18.859439628413927	230.0	36	1.05	0.95				
	315	2	115.57813982561402	23.33438785122807	0.0	0.0	3	1.0227212081551893	21.327236930049505	230.0	36	1.05	0.95				
	316	2	36.45998101754386	7.291996203508772	0.0	0.0	3	1.0169346955598488	21.327592752753514	230.0	36	1.05	0.95				
	317	1	0.0	0.0	0.0	0.0	3	1.0433781110640665	25.533184926921148	230.0	37	1.05	0.95				
	318	2	121.41173678842105	24.792787091929824	0.0	0.0	3	1.045678476377961	22.352129303144462	230.0	37	1.05	0.95				
	319	1	65.99256564175438	13.490192976491228	0.0	0.0	3	1.0151606673918956	20.085898714436638	230.0	35	1.05	0.95				
	320	1	46.66877570245614	9.479595064561403	0.0	0.0	3	1.0160483463074896	19.735466448569337	230.0	35	1.05	0.95				
	321	2	0.0	0.0	0.0	0.0	3	1.040478004507423	22.671060506932278	230.0	37	1.05	0.95				
	322	2	0.0	0.0	0.0	0.0	3	1.05	28.118514381807294	230.0	37	1.05	0.95				
	323	2	0.0	0.0	0.0	0.0	3	1.016784383476522	19.830354059685455	230.0	35	1.05	0.95				
	324	1	0.0	0.0	0.0	0.0	3	1.0247566772044165	21.613798841654162	230.0	36	1.05	0.95				
	325	1	0.0	0.0	0.0	0.0	3	1.0203152924712542	19.898932524568746	230.0	35	1.05	0.95				
];

%% generator data
%    bus    Pg    Qg    Qmax    Qmin    Vg    mBase    status    Pmax    Pmin    Pc1    Pc2    Qc1min    Qc1max    Qc2min    Qc2max    ramp_agc    ramp_10    ramp_30    ramp_q    apf
