%% MATPOWER Case Format : Version 2
function mpc = RTS_GMLC
mpc.version = '2';

%%-----  Power Flow Data  -----%%
%% system MVA base
mpc.baseMVA = 100.0;
%% bus data
%    bus_i    type    Pd    Qd    Gs    Bs    area    Vm    Va    baseKV    zone    Vmax    Vmin
mpc.bus = [
	101	2	59.90499754105263	12.202869869473684	0.0	0.0	1	1.0341982616504335	1.4218136143269344	138.0	11	1.05	0.95				
	102	2	53.80356260631579	11.093518063157894	0.0	0.0	1	1.0340331729658985	1.3377796772500503	138.0	12	1.05	0.95				
	103	1	99.84166256842106	20.523008416842103	0.0	0.0	1	1.0256548764402758	-0.23288165193135837	138.0	11	1.05	0.95				
	104	1	41.046016833684206	8.32013854736842	0.0	0.0	1	1.0197900966290414	-1.9186747766736842	138.0	11	1.05	0.95				
	105	1	39.38198912421053	7.765462644210527	0.0	0.0	1	1.0345300156672426	-1.7894956586654507	138.0	11	1.05	0.95				
	106	1	75.4359228294737	15.530925288421054	0.0	-100.0	1	1.0420118600100408	-4.115436738551028	138.0	12	1.05	0.95				
	107	2	69.33448789473684	13.866897578947368	0.0	0.0	1	1.0283169443134428	-3.5686722220049587	138.0	12	1.05	0.95				
	108	1	94.84957944	19.413656610526314	0.0	0.0	1	1.0185228563099702	-4.9955678306127185	138.0	12	1.05	0.95				
	109	1	97.06828305263157	19.96833251368421	0.0	0.0	1	1.0255972395492796	-2.3427105119777516	138.0	13	1.05	0.95				
	110	1	108.16180111578946	22.18703612631579	0.0	0.0	1	1.05	-3.3005714121540413	138.0	13	1.05	0.95				
	111	1	0.0	0.0	0.0	0.0	1	1.0067941106085723	-0.4618790312213436	230.0	13	1.05	0.95				
	112	1	0.0	0.0	0.0	0.0	1	1.0112541633431777	0.04794994975243745	230.0	13	1.05	0.95				
	113	3	146.9891143368421	29.952498770526315	0.0	0.0	1	1.0012194843332767	1.280637722411588e-29	230.0	14	1.05	0.95				
	114	2	107.60712521263159	21.632360223157896	0.0	0.0	1	1.0049852660852334	1.6024617777216654	230.0	16	1.05	0.95				
	115	2	175.83226130105263	35.49925780210526	0.0	0.0	1	1.0408126594628349	8.35299762257689	230.0	16	1.05	0.95				
	116	2	55.46759031578947	11.093518063157894	0.0	0.0	1	1.0371348248893333	7.7917690123679915	230.0	16	1.05	0.95				
	117	1	0.0	0.0	0.0	0.0	1	1.0428593738867007	10.108536486816316	230.0	17	1.05	0.95				
	118	2	184.70707575157894	37.71796141473685	0.0	0.0	1	1.045543135983416	10.092546231262485	230.0	17	1.05	0.95				
	119	1	100.39633847157894	20.523008416842103	0.0	0.0	1	1.0305434330948073	6.513589092985223	230.0	15	1.05	0.95				
	120	1	70.99851560421052	14.421573482105263	0.0	0.0	1	1.0293507008210159	6.465190358808343	230.0	15	1.05	0.95				
	121	2	0.0	0.0	0.0	0.0	1	1.0493069842118432	11.345881406813906	230.0	17	1.05	0.95				
	122	2	0.0	0.0	0.0	0.0	1	1.05	19.61524763421882	230.0	17	1.05	0.95				
	123	2	0.0	0.0	0.0	0.0	1	1.0298282313542404	6.860436508488806	230.0	15	1.05	0.95				
	124	1	0.0	0.0	0.0	0.0	1	1.024269468125174	5.156059069264672	230.0	16	1.05	0.95				
	201	2	60.92743585263158	12.411144340350877	0.0	0.0	2	1.033311663304675	-8.710312332111744	138.0	21	1.05	0.95				
	202	2	54.72186368245614	11.28285849122807	0.0	0.0	2	1.0334929165503135	-8.778544074403063	138.0	22	1.05	0.95				
	203	1	101.54572642105262	20.87328820877193	0.0	0.0	2	1.0232355214165634	-7.062624078191551	138.0	21	1.05	0.95				
	204	1	41.74657641754386	8.462143868421052	0.0	0.0	2	1.0187393072903461	-11.073271397493901	138.0	21	1.05	0.95				
	205	1	40.05414764385964	7.89800094385965	0.0	0.0	2	1.034339590836377	-11.314854779989892	138.0	21	1.05	0.95				
	206	1	76.72343774035087	15.7960018877193	0.0	-100.0	2	1.0420180754314665	-13.31367583565014	138.0	22	1.05	0.95				
	207	2	70.51786557017543	14.103573114035086	0.0	0.0	2	0.9885360703176228	-21.85060838101284	138.0	22	1.05	0.95				
	208	1	96.46844009999998	19.74500235964912	0.0	0.0	2	0.9904222536728284	-19.171313655844425	138.0	22	1.05	0.95				
	209	1	98.7250117982456	20.309145284210526	0.0	0.0	2	1.0237890185254332	-10.662462170410103	138.0	23	1.05	0.95				
	210	1	110.00787028947367	22.56571698245614	0.0	0.0	2	1.05	-12.175309042975673	138.0	23	1.05	0.95				
	211	1	0.0	0.0	0.0	0.0	2	1.012779802825733	-7.607249787207719	230.0	23	1.05	0.95				
	212	1	0.0	0.0	0.0	0.0	2	1.013090430963949	-6.71369052911761	230.0	23	1.05	0.95				
	213	2	149.49787500877193	30.46371792631579	0.0	0.0	2	1.011310405155108	-6.391338813717065	230.0	24	1.05	0.95				
	214	2	109.44372736491228	22.001574057894736	0.0	0.0	2	1.01892430578686	-4.824288771678313	230.0	26	1.05	0.95				
	215	2	178.8333070859649	36.10514717192982	0.0	0.0	2	1.033303822651292	2.567963694876023	230.0	26	1.05	0.95				
	216	2	56.414292456140345	11.28285849122807	0.0	0.0	2	1.0358503356581477	2.5492520078256953	230.0	26	1.05	0.95				
	217	1	0.0	0.0	0.0	0.0	2	1.0395947310300984	5.429574353667863	230.0	27	1.05	0.95				
	218	2	187.85959387894735	38.36171887017544	0.0	0.0	2	1.0410084499743262	5.850014669634997	230.0	27	1.05	0.95				
	219	1	102.10986934561403	20.87328820877193	0.0	0.0	2	1.035339893087984	2.02070466532932	230.0	25	1.05	0.95				
	220	1	72.21029434385964	14.66771603859649	0.0	0.0	2	1.0393111148914396	2.637806685890354	230.0	25	1.05	0.95				
	221	2	0.0	0.0	0.0	0.0	2	1.0406834871601878	5.515111015254744	230.0	27	1.05	0.95				
	222	2	0.0	0.0	0.0	0.0	2	1.05	11.984526804383036	230.0	27	1.05	0.95				
	223	2	0.0	0.0	0.0	0.0	2	1.0428104995697232	3.3932402585432695	230.0	25	1.05	0.95				
	224	1	0.0	0.0	0.0	0.0	2	1.0175667938374382	-1.0394610394498989	230.0	26	1.05	0.95				
	301	2	47.62796581894737	9.701993037192981	0.0	0.0	3	1.0076104383961477	-13.457022909897915	138.0	31	1.05	0.95				
	302	2	42.77696930035087	8.819993670175439	0.0	0.0	3	1.007365322021887	-13.563936790598238	138.0	32	1.05	0.95				
	303	1	79.37994303157893	16.31698828982456	0.0	0.0	3	1.0272949072480484	-7.411180827227023	138.0	31	1.05	0.95				
	304	1	32.63397657964912	6.614995252631578	0.0	0.0	3	1.0113190348443355	-11.751453936174075	138.0	31	1.05	0.95				
	305	1	31.310977529122802	6.173995569122806	0.0	0.0	3	1.0231505341699183	-13.13177725142894	138.0	31	1.05	0.95				
	306	1	59.97595695719298	12.347991138245613	0.0	-100.0	3	1.0399432587331954	-13.465010920591231	138.0	32	1.05	0.95				
	307	2	55.12496043859648	11.024992087719298	0.0	0.0	3	0.9936320208353258	-17.827296313293278	138.0	32	1.05	0.95				
	308	1	75.41094587999999	15.434988922807017	0.0	0.0	3	0.9998909833869318	-15.83931049847369	138.0	32	1.05	0.95				
	309	1	77.17494461403508	15.875988606315788	0.0	0.0	3	1.0288959134359144	-8.479169298437025	138.0	33	1.05	0.95				
	310	1	85.99493828421052	17.639987340350878	0.0	0.0	3	1.05	-11.386316251123368	138.0	33	1.05	0.95				
	311	1	0.0	0.0	0.0	0.0	3	1.0088549780811573	-5.808601585869121	230.0	33	1.05	0.95				
	312	1	0.0	0.0	0.0	0.0	3	1.0124702395571752	-5.398001771316194	230.0	33	1.05	0.95				
	313	2	116.86491612982455	23.813982909473683	0.0	0.0	3	1.0107952770997637	-2.663564147537297	230.0	34	1.05	0.95				
	314	2	85.55393860070174	17.198987656842103	0.0	0.0	3	1.0072610752354874	-4.320486793095464	230.0	36	1.05	0.95				
	315	2	139.7968996722807	28.2239797445614	0.0	0.0	3	1.0344154349781527	0.15246500324337764	230.0	36	1.05	0.95				
	316	2	44.09996835087719	8.819993670175439	0.0	0.0	3	1.0322574963955797	0.4024667200253071	230.0	36	1.05	0.95				
	317	1	0.0	0.0	0.0	0.0	3	1.0390652855147509	2.124936560356871	230.0	37	1.05	0.95				
	318	2	146.85289460842102	29.98797847859649	0.0	0.0	3	1.0394174486870111	2.1263420443209253	230.0	37	1.05	0.95				
	319	1	79.82094271508771	16.31698828982456	0.0	0.0	3	1.0266477839948784	-0.5923850509947318	230.0	35	1.05	0.95				
	320	1	56.4479594891228	11.465991771228069	0.0	0.0	3	1.0249068114128395	-0.601943964552659	230.0	35	1.05	0.95				
	321	2	0.0	0.0	0.0	0.0	3	1.0417021453250117	2.9792701614566446	230.0	37	1.05	0.95				
	322	2	0.0	0.0	0.0	0.0	3	1.05	6.962605449816437	230.0	37	1.05	0.95				
	323	2	0.0	0.0	0.0	0.0	3	1.0245668991338142	-0.26611576979009666	230.0	35	1.05	0.95				
	324	1	0.0	0.0	0.0	0.0	3	1.0220341491899818	-2.685936782095323	230.0	36	1.05	0.95				
	325	1	0.0	0.0	0.0	0.0	3	1.0238467484284308	0.7268417447664766	230.0	35	1.05	0.95				
];
