%% MATPOWER Case Format : Version 2
function mpc = RTS_GMLC
mpc.version = '2';

%%-----  Power Flow Data  -----%%
%% system MVA base
mpc.baseMVA = 100.0;
%% bus data
%    bus_i    type    Pd    Qd    Gs    Bs    area    Vm    Va    baseKV    zone    Vmax    Vmin
mpc.bus = [
	101	2	77.19247898526316	15.724393867368422	0.0	0.0	1	1.0468163368400785	2.837336904501372	138.0	11	1.05	0.95				
	102	2	69.33028205157895	14.294903515789475	0.0	0.0	1	1.046335195499486	2.636434531904637	138.0	12	1.05	0.95				
	103	1	128.65413164210526	26.44557150421053	0.0	0.0	1	1.027332673297482	0.28741294731421396	138.0	11	1.05	0.95				
	104	1	52.89114300842106	10.721177636842105	0.0	0.0	1	1.0250751045137187	-1.2138391395657655	138.0	11	1.05	0.95				
	105	1	50.74690748105263	10.006432461052633	0.0	0.0	1	1.0378950909261226	-1.5311752167912789	138.0	11	1.05	0.95				
	106	1	97.20534390736843	20.012864922105265	0.0	-100.0	1	1.0395001032711333	-4.662865499065775	138.0	12	1.05	0.95				
	107	2	89.34314697368421	17.868629394736843	0.0	0.0	1	1.044954834527648	-2.7253693923937585	138.0	12	1.05	0.95				
	108	1	122.22142506	25.016081152631582	0.0	0.0	1	1.0237529341388618	-5.117348019990515	138.0	12	1.05	0.95				
	109	1	125.08040576315791	25.730826328421053	0.0	0.0	1	1.0267777687475028	-2.5306469322652	138.0	13	1.05	0.95				
	110	1	139.37530927894736	28.58980703157895	0.0	0.0	1	1.05	-3.7808818837268365	138.0	13	1.05	0.95				
	111	1	0.0	0.0	0.0	0.0	1	1.010835009356585	-0.7383422407149429	230.0	13	1.05	0.95				
	112	1	0.0	0.0	0.0	0.0	1	1.015012701533646	-0.04192087366237104	230.0	13	1.05	0.95				
	113	3	189.40747158421053	38.59623949263158	0.0	0.0	1	1.008376480161222	-8.950994364486443e-28	230.0	14	1.05	0.95				
	114	2	138.6605641031579	27.875061855789475	0.0	0.0	1	1.0098802052648885	1.1135696760640412	230.0	16	1.05	0.95				
	115	2	226.57422072526313	45.74369125052632	0.0	0.0	1	1.0430990183197117	8.56552914905567	230.0	16	1.05	0.95				
	116	2	71.47451757894737	14.294903515789475	0.0	0.0	1	1.0404494350803912	8.021655399987463	230.0	16	1.05	0.95				
	117	1	0.0	0.0	0.0	0.0	1	1.045568592475949	10.935350144500392	230.0	17	1.05	0.95				
	118	2	238.01014353789475	48.602671953684215	0.0	0.0	1	1.0482768543351695	11.41909306408113	230.0	17	1.05	0.95				
	119	1	129.36887681789474	26.44557150421053	0.0	0.0	1	1.0342484187939618	6.729943876174047	230.0	15	1.05	0.95				
	120	1	91.48738250105264	18.583374570526317	0.0	0.0	1	1.034408826946351	6.606364881937835	230.0	15	1.05	0.95				
	121	2	0.0	0.0	0.0	0.0	1	1.05	12.14784433311215	230.0	17	1.05	0.95				
	122	2	0.0	0.0	0.0	0.0	1	1.05	19.111208649620803	230.0	17	1.05	0.95				
	123	2	0.0	0.0	0.0	0.0	1	1.0363540672650466	7.07242558390263	230.0	15	1.05	0.95				
	124	1	0.0	0.0	0.0	0.0	1	1.0266384386481144	5.486086383904359	230.0	16	1.05	0.95				
	201	2	81.36124666105263	16.57358728280702	0.0	0.0	2	1.0386742584185873	-11.859440664519056	138.0	21	1.05	0.95				
	202	2	73.07445301964913	15.066897529824564	0.0	0.0	2	1.038923867991946	-11.958165000472542	138.0	22	1.05	0.95				
	203	1	135.60207776842105	27.873760430175437	0.0	0.0	2	1.0249963000021534	-8.310220636234213	138.0	21	1.05	0.95				
	204	1	55.747520860350875	11.300173147368419	0.0	0.0	2	1.0183933975099377	-13.472340590777424	138.0	21	1.05	0.95				
	205	1	53.48748623087719	10.546828270877194	0.0	0.0	2	1.0347355913193552	-13.938149852582058	138.0	21	1.05	0.95				
	206	1	102.45490320280702	21.093656541754388	0.0	-100.0	2	1.0381127269867085	-15.814254760166456	138.0	22	1.05	0.95				
	207	2	94.16810956140351	18.8336219122807	0.0	0.0	2	0.9581218004299304	-27.043384266687525	138.0	22	1.05	0.95				
	208	1	128.82197387999997	26.367070677192977	0.0	0.0	2	0.9632290941829984	-23.276332492303755	138.0	22	1.05	0.95				
	209	1	131.8353533859649	27.120415553684207	0.0	0.0	2	1.0254293555590503	-11.667090831830102	138.0	23	1.05	0.95				
	210	1	146.90225091578947	30.133795059649128	0.0	0.0	2	1.05	-13.682612559360752	138.0	23	1.05	0.95				
	211	1	0.0	0.0	0.0	0.0	2	1.0276907719946415	-8.129206909070051	230.0	23	1.05	0.95				
	212	1	0.0	0.0	0.0	0.0	2	1.024782790828899	-3.9022857175460426	230.0	23	1.05	0.95				
	213	2	199.63639227017543	40.680623330526316	0.0	0.0	2	1.0355169626478327	-5.897831196215192	230.0	24	1.05	0.95				
	214	2	146.14890603929825	29.380450183157897	0.0	0.0	2	1.0424085376418353	-5.6757576686973055	230.0	26	1.05	0.95				
	215	2	238.8103258477193	48.214072095438596	0.0	0.0	2	1.044104968673015	2.772871843226492	230.0	26	1.05	0.95				
	216	2	75.3344876491228	15.066897529824564	0.0	0.0	2	1.04649837819201	2.4451652918523954	230.0	26	1.05	0.95				
	217	1	0.0	0.0	0.0	0.0	2	1.0476306794106465	5.530532934279997	230.0	27	1.05	0.95				
	218	2	250.86384387157895	51.22745160140351	0.0	0.0	2	1.0492467580238805	6.007450502596476	230.0	27	1.05	0.95				
	219	1	136.35542264491227	27.873760430175437	0.0	0.0	2	1.0426378424724314	1.9141727479818282	230.0	25	1.05	0.95				
	220	1	96.42814419087719	19.58696678877193	0.0	0.0	2	1.0458853626677553	2.863179421600366	230.0	25	1.05	0.95				
	221	2	0.0	0.0	0.0	0.0	2	1.0498707356287653	6.1632677465551176	230.0	27	1.05	0.95				
	222	2	0.0	0.0	0.0	0.0	2	1.05	12.426702729247008	230.0	27	1.05	0.95				
	223	2	0.0	0.0	0.0	0.0	2	1.05	3.9302205556848375	230.0	25	1.05	0.95				
	224	1	0.0	0.0	0.0	0.0	2	1.0230772821510044	-1.3452065489631262	230.0	26	1.05	0.95				
	301	2	74.14109458105264	15.10281556280702	0.0	0.0	3	1.0104582265604274	-19.998325888387818	138.0	31	1.05	0.95				
	302	2	66.58968679964913	13.729832329824562	0.0	0.0	3	1.0099145698173777	-20.154370540835632	138.0	32	1.05	0.95				
	303	1	123.56849096842106	25.400189810175437	0.0	0.0	3	1.0219911657444127	-11.955668422655267	138.0	31	1.05	0.95				
	304	1	50.800379620350874	10.297374247368422	0.0	0.0	3	1.0058384625361763	-17.758570605254796	138.0	31	1.05	0.95				
	305	1	48.740904770877194	9.610882630877194	0.0	0.0	3	1.0202813070368049	-18.642896952788263	138.0	31	1.05	0.95				
	306	1	93.36285984280704	19.22176526175439	0.0	-100.0	3	1.0329550576739917	-18.629422591334215	138.0	32	1.05	0.95				
	307	2	85.81145206140351	17.162290412280704	0.0	0.0	3	0.9863210042209185	-25.428571044311767	138.0	32	1.05	0.95				
	308	1	117.39006642000001	24.027206577192985	0.0	0.0	3	0.9884635225687566	-22.146835961172712	138.0	32	1.05	0.95				
	309	1	120.13603288596492	24.713698193684213	0.0	0.0	3	1.02779216202245	-13.005065658742627	138.0	33	1.05	0.95				
	310	1	133.86586521578948	27.459664659649125	0.0	0.0	3	1.05	-15.08499339504208	138.0	33	1.05	0.95				
	311	1	0.0	0.0	0.0	0.0	3	1.0246218963873808	-6.626101124113599	230.0	33	1.05	0.95				
	312	1	0.0	0.0	0.0	0.0	3	1.0231976992803933	-5.778775797694808	230.0	33	1.05	0.95				
	313	2	181.92027837017545	37.07054729052632	0.0	0.0	3	1.0453081811478815	-0.8379807271262549	230.0	34	1.05	0.95				
	314	2	133.17937359929826	26.7731730431579	0.0	0.0	3	1.0381261228093832	-4.505629273439259	230.0	36	1.05	0.95				
	315	2	217.61784242771932	43.9354634554386	0.0	0.0	3	1.0480379848458643	-0.36976143986936755	230.0	36	1.05	0.95				
	316	2	68.64916164912282	13.729832329824562	0.0	0.0	3	1.047943229324791	0.5790862642295602	230.0	36	1.05	0.95				
	317	1	0.0	0.0	0.0	0.0	3	1.05	2.7179521946898797	230.0	37	1.05	0.95				
	318	2	228.601708291579	46.68142992140352	0.0	0.0	3	1.047006993544408	2.0778940896371663	230.0	37	1.05	0.95				
	319	1	124.2549825849123	25.400189810175437	0.0	0.0	3	1.0460279256997913	0.450341593063056	230.0	35	1.05	0.95				
	320	1	87.8709269108772	17.848782028771932	0.0	0.0	3	1.0477350933468585	0.6458863473191497	230.0	35	1.05	0.95				
	321	2	0.0	0.0	0.0	0.0	3	1.0499999995414189	2.784739551125637	230.0	37	1.05	0.95				
	322	2	0.0	0.0	0.0	0.0	3	1.05	7.106052199668307	230.0	37	1.05	0.95				
	323	2	0.0	0.0	0.0	0.0	3	1.0492844879769496	0.8264470242070495	230.0	35	1.05	0.95				
	324	1	0.0	0.0	0.0	0.0	3	1.0248645521794908	-3.895052277886253	230.0	36	1.05	0.95				
	325	1	0.0	0.0	0.0	0.0	3	1.0466911371085488	1.7624369602729872	230.0	35	1.05	0.95				
];
