%% MATPOWER Case Format : Version 2
function mpc = RTS_GMLC
mpc.version = '2';

%%-----  Power Flow Data  -----%%
%% system MVA base
mpc.baseMVA = 100.0;
%% bus data
%    bus_i    type    Pd    Qd    Gs    Bs    area    Vm    Va    baseKV    zone    Vmax    Vmin
mpc.bus = [
	101	2	88.9891143157895	18.127412175438597	0.0	0.0	1	1.0326792159471743	-5.2476726509021985	138.0	11	1.05	0.95				
	102	2	79.92540822807018	16.479465614035092	0.0	0.0	1	1.032659693663992	-5.316663312471171	138.0	12	1.05	0.95				
	103	1	148.3151905263158	30.487011385964912	0.0	0.0	1	1.015958231551735	-4.854352612130687	138.0	11	1.05	0.95				
	104	1	60.974022771929825	12.359599210526316	0.0	0.0	1	1.0147387041881797	-7.765249510716092	138.0	11	1.05	0.95				
	105	1	58.50210292982456	11.535625929824564	0.0	0.0	1	1.0304729194870463	-7.906507696951983	138.0	11	1.05	0.95				
	106	1	112.06036617543862	23.071251859649127	0.0	-100.0	1	1.0341719685737591	-10.144295713042629	138.0	12	1.05	0.95				
	107	2	102.9966600877193	20.599332017543862	0.0	0.0	1	1.05	-6.3423830454734125	138.0	12	1.05	0.95				
	108	1	140.89943100000002	28.839064824561405	0.0	0.0	1	1.0233629764989278	-9.248204906271274	138.0	12	1.05	0.95				
	109	1	144.19532412280702	29.663038105263162	0.0	0.0	1	1.0267421913232275	-6.430120038933833	138.0	13	1.05	0.95				
	110	1	160.67478973684211	32.958931228070185	0.0	0.0	1	1.05	-7.998271566012117	138.0	13	1.05	0.95				
	111	1	0.0	0.0	0.0	0.0	1	1.018044138294142	-2.6920041955770317	230.0	13	1.05	0.95				
	112	1	0.0	0.0	0.0	0.0	1	1.0183191022376448	-1.7264092755163933	230.0	13	1.05	0.95				
	113	3	218.35291938596492	44.49455715789475	0.0	0.0	1	1.0233561435997571	-2.877420257614746e-27	230.0	14	1.05	0.95				
	114	2	159.85081645614036	32.13495794736843	0.0	0.0	1	1.0246542825678346	-0.5440456843524032	230.0	16	1.05	0.95				
	115	2	261.19952998245617	52.734289964912286	0.0	0.0	1	1.0436525039920796	7.910951461878372	230.0	16	1.05	0.95				
	116	2	82.39732807017545	16.479465614035092	0.0	0.0	1	1.0442919857829804	7.5126715303450595	230.0	16	1.05	0.95				
	117	1	0.0	0.0	0.0	0.0	1	1.0471243817760458	11.051741457680684	230.0	17	1.05	0.95				
	118	2	274.38310247368423	56.03018308771931	0.0	0.0	1	1.0499999783406087	11.636631756141503	230.0	17	1.05	0.95				
	119	1	149.13916380701758	30.487011385964912	0.0	0.0	1	1.0392263533117814	6.120223876102906	230.0	15	1.05	0.95				
	120	1	105.46857992982457	21.42330529824562	0.0	0.0	1	1.0424493603661666	6.459587771269458	230.0	15	1.05	0.95				
	121	2	0.0	0.0	0.0	0.0	1	1.05	12.488739453114835	230.0	17	1.05	0.95				
	122	2	0.0	0.0	0.0	0.0	1	1.05	21.049126314644862	230.0	17	1.05	0.95				
	123	2	0.0	0.0	0.0	0.0	1	1.0466703488548557	7.247487985481634	230.0	15	1.05	0.95				
	124	1	0.0	0.0	0.0	0.0	1	1.017183876687104	3.20241034124503	230.0	16	1.05	0.95				
	201	2	88.63717930105264	18.055721709473683	0.0	0.0	2	1.0481769243978705	-11.611203822834897	138.0	21	1.05	0.95				
	202	2	79.6093184463158	16.4142924631579	0.0	0.0	2	1.049460030710312	-11.65031989441809	138.0	22	1.05	0.95				
	203	1	147.72863216842106	30.36644105684211	0.0	0.0	2	1.0274780498315927	-9.041193120149716	138.0	21	1.05	0.95				
	204	1	60.73288211368422	12.31071934736842	0.0	0.0	2	1.0221317907476268	-13.606594312353279	138.0	21	1.05	0.95				
	205	1	58.27073824421053	11.490004724210529	0.0	0.0	2	1.038598380709808	-13.992072944403649	138.0	21	1.05	0.95				
	206	1	111.61718874947371	22.980009448421058	0.0	-100.0	2	1.0385623415426353	-16.079598102586377	138.0	22	1.05	0.95				
	207	2	102.58932789473685	20.51786557894737	0.0	0.0	2	0.95	-27.72634320618875	138.0	22	1.05	0.95				
	208	1	140.34220056	28.72501181052631	0.0	0.0	2	0.9558458341331795	-23.98991224665606	138.0	22	1.05	0.95				
	209	1	143.6250590526316	29.545726433684212	0.0	0.0	2	1.0259748899291736	-11.927760745917022	138.0	23	1.05	0.95				
	210	1	160.03935151578946	32.8285849263158	0.0	0.0	2	1.05	-13.86641596571702	138.0	23	1.05	0.95				
	211	1	0.0	0.0	0.0	0.0	2	1.032013945975998	-6.53975808709256	230.0	23	1.05	0.95				
	212	1	0.0	0.0	0.0	0.0	2	1.0230538662727664	-5.08931298920475	230.0	23	1.05	0.95				
	213	2	217.4893751368421	44.31858965052632	0.0	0.0	2	1.05	-2.221986838056368	230.0	24	1.05	0.95				
	214	2	159.2186368926316	32.0078703031579	0.0	0.0	2	1.05	-4.243598209922216	230.0	26	1.05	0.95				
	215	2	260.16653554105267	52.52573588210526	0.0	0.0	2	1.0457831133424473	4.073404734564656	230.0	26	1.05	0.95				
	216	2	82.07146231578947	16.4142924631579	0.0	0.0	2	1.0497552276195674	4.07482402633273	230.0	26	1.05	0.95				
	217	1	0.0	0.0	0.0	0.0	2	1.05	7.112153114253699	230.0	27	1.05	0.95				
	218	2	273.29796951157897	55.808594374736856	0.0	0.0	2	1.0499999973475487	7.789010656982854	230.0	27	1.05	0.95				
	219	1	148.54934679157896	30.36644105684211	0.0	0.0	2	1.043721892763884	3.860382083596317	230.0	25	1.05	0.95				
	220	1	105.05147176421052	21.338580202105266	0.0	0.0	2	1.0459256338577352	5.2067990728963744	230.0	25	1.05	0.95				
	221	2	0.0	0.0	0.0	0.0	2	1.05	8.276748506795204	230.0	27	1.05	0.95				
	222	2	0.0	0.0	0.0	0.0	2	1.05	14.331828481906285	230.0	27	1.05	0.95				
	223	2	0.0	0.0	0.0	0.0	2	1.05	6.540365825528632	230.0	25	1.05	0.95				
	224	1	0.0	0.0	0.0	0.0	2	1.0222763917484712	-0.8071845118304661	230.0	26	1.05	0.95				
	301	2	66.84656752421053	13.616893384561404	0.0	0.0	3	1.0142277277129894	-11.381759045194237	138.0	31	1.05	0.95				
	302	2	60.03812083192982	12.378993985964913	0.0	0.0	3	1.012686142914396	-11.689305411977395	138.0	32	1.05	0.95				
	303	1	111.41094587368421	22.901138874035087	0.0	0.0	3	1.0456463609922275	1.0079548344741154	138.0	31	1.05	0.95				
	304	1	45.802277748070175	9.284245489473685	0.0	0.0	3	1.0091865029168952	-9.947393703122241	138.0	31	1.05	0.95				
	305	1	43.94542865017544	8.66529579017544	0.0	0.0	3	1.024060468040692	-11.497532049385976	138.0	31	1.05	0.95				
	306	1	84.17715910456141	17.33059158035088	0.0	-100.0	3	1.03600852643232	-12.250625365401467	138.0	32	1.05	0.95				
	307	2	77.3687124122807	15.47374248245614	0.0	0.0	3	1.0043029306250928	-13.529133202569263	138.0	32	1.05	0.95				
	308	1	105.84039858	21.663239475438594	0.0	0.0	3	1.001552968751992	-13.065169422663892	138.0	32	1.05	0.95				
	309	1	108.31619737719298	22.282189174736843	0.0	0.0	3	1.0277062226376539	-5.998887014308941	138.0	33	1.05	0.95				
	310	1	120.69519136315789	24.757987971929825	0.0	0.0	3	1.05	-9.629716757831003	138.0	33	1.05	0.95				
	311	1	0.0	0.0	0.0	0.0	3	1.0167288043583824	-3.327603130820246	230.0	33	1.05	0.95				
	312	1	0.0	0.0	0.0	0.0	3	1.0173841531179608	-2.452084010793251	230.0	33	1.05	0.95				
	313	2	164.02167031403508	33.423283762105264	0.0	0.0	3	1.0217331152240396	0.48241139027367236	230.0	34	1.05	0.95				
	314	2	120.07624166385963	24.13903827263158	0.0	0.0	3	1.0227714136350732	-2.1563884918987406	230.0	36	1.05	0.95				
	315	2	196.20705467754385	39.61278075508772	0.0	0.0	3	1.0466716490168646	3.630480020972603	230.0	36	1.05	0.95				
	316	2	61.89496992982456	12.378993985964913	0.0	0.0	3	1.0435931602504727	3.2554947089220367	230.0	36	1.05	0.95				
	317	1	0.0	0.0	0.0	0.0	3	1.0485061668803874	6.347817829314385	230.0	37	1.05	0.95				
	318	2	206.1102498663158	42.088579552280706	0.0	0.0	3	1.048239593144039	6.097976745216833	230.0	37	1.05	0.95				
	319	1	112.02989557298247	22.901138874035087	0.0	0.0	3	1.0378323427052056	2.577688838074214	230.0	35	1.05	0.95				
	320	1	79.22556151017544	16.092692181754387	0.0	0.0	3	1.0378815720517498	3.160792723997164	230.0	35	1.05	0.95				
	321	2	0.0	0.0	0.0	0.0	3	1.05	7.213055717383014	230.0	37	1.05	0.95				
	322	2	0.0	0.0	0.0	0.0	3	1.05	12.649197785720814	230.0	37	1.05	0.95				
	323	2	0.0	0.0	0.0	0.0	3	1.0394778676936833	3.9424995862170378	230.0	35	1.05	0.95				
	324	1	0.0	0.0	0.0	0.0	3	1.0406770008350212	2.6479033400123066	230.0	36	1.05	0.95				
	325	1	0.0	0.0	0.0	0.0	3	1.038853445383449	4.66347757285692	230.0	35	1.05	0.95				
];
