%% MATPOWER Case Format : Version 2
function mpc = RTS_GMLC
mpc.version = '2';

%%-----  Power Flow Data  -----%%
%% system MVA base
mpc.baseMVA = 100.0;
%% bus data
%    bus_i    type    Pd    Qd    Gs    Bs    area    Vm    Va    baseKV    zone    Vmax    Vmin
mpc.bus = [
	101	2	57.567046016842106	11.72662048491228	0.0	0.0	1	1.0137488673276085	0.18446643224844467	138.0	11	1.05	0.95				
	102	2	51.70373577438596	10.660564077192983	0.0	0.0	1	1.0127862383156394	-0.1421626392831382	138.0	12	1.05	0.95				
	103	1	95.94507669473684	19.722043542807015	0.0	0.0	1	1.0222105908522636	0.9433618021851233	138.0	11	1.05	0.95				
	104	1	39.44408708561403	7.995423057894737	0.0	0.0	1	1.0109375272160623	-2.9253245669663666	138.0	11	1.05	0.95				
	105	1	37.845002474035084	7.462394854035089	0.0	0.0	1	1.024405609598589	-2.9554665302190424	138.0	11	1.05	0.95				
	106	1	72.49183572491228	14.924789708070177	0.0	-100.0	1	1.037571987046236	-5.261242279193639	138.0	12	1.05	0.95				
	107	2	66.62852548245614	13.325705096491228	0.0	0.0	1	0.9906914388402396	-11.971900858536245	138.0	12	1.05	0.95				
	108	1	91.14782285999999	18.655987135087717	0.0	0.0	1	0.9946229123965613	-10.11448593712377	138.0	12	1.05	0.95				
	109	1	93.2799356754386	19.189015338947367	0.0	0.0	1	1.0259116628560518	-2.980062774041961	138.0	13	1.05	0.95				
	110	1	103.94049975263158	21.321128154385967	0.0	0.0	1	1.05	-4.383352745218549	138.0	13	1.05	0.95				
	111	1	0.0	0.0	0.0	0.0	1	1.0230427132647604	-0.054222473556461946	230.0	13	1.05	0.95				
	112	1	0.0	0.0	0.0	0.0	1	1.0170951357670022	-0.34279876181235597	230.0	13	1.05	0.95				
	113	3	141.252474022807	28.783523008421053	0.0	0.0	1	1.008167402384017	-1.1108096861748487e-28	230.0	14	1.05	0.95				
	114	2	103.40747154877192	20.788099950526316	0.0	0.0	1	1.05	3.406928805361119	230.0	16	1.05	0.95				
	115	2	168.96994062350876	34.11380504701754	0.0	0.0	1	1.0429731644052984	12.834471268901563	230.0	16	1.05	0.95				
	116	2	53.302820385964914	10.660564077192983	0.0	0.0	1	1.0457465517060474	11.69584462977812	230.0	16	1.05	0.95				
	117	1	0.0	0.0	0.0	0.0	1	1.0426800910418903	16.996111752380916	230.0	17	1.05	0.95				
	118	2	177.49839188526315	36.24591786245614	0.0	0.0	1	1.049485902546733	17.26624779624933	230.0	17	1.05	0.95				
	119	1	96.4781048985965	19.722043542807015	0.0	0.0	1	1.0432967935216804	8.67697790854577	230.0	15	1.05	0.95				
	120	1	68.22761009403509	13.858733300350877	0.0	0.0	1	1.0469518850230923	7.059105460921283	230.0	15	1.05	0.95				
	121	2	0.0	0.0	0.0	0.0	1	1.0435478882023659	18.827961766503613	230.0	17	1.05	0.95				
	122	2	0.0	0.0	0.0	0.0	1	1.05	36.78675227627559	230.0	17	1.05	0.95				
	123	2	0.0	0.0	0.0	0.0	1	1.05	6.563848430334871	230.0	15	1.05	0.95				
	124	1	0.0	0.0	0.0	0.0	1	1.0202875617815181	8.421467453284771	230.0	16	1.05	0.95				
	201	2	56.830473776842105	11.576577991578947	0.0	0.0	2	1.0236710135187945	-12.3074638807702	138.0	21	1.05	0.95				
	202	2	51.04218478105263	10.524161810526317	0.0	0.0	2	1.0247194664759702	-12.123140319521791	138.0	22	1.05	0.95				
	203	1	94.71745629473685	19.469699349473686	0.0	0.0	2	1.0148665444750258	-10.72873452757976	138.0	21	1.05	0.95				
	204	1	38.93939869894737	7.893121357894736	0.0	0.0	2	1.015534295998921	-13.474193436547951	138.0	21	1.05	0.95				
	205	1	37.36077442736842	7.366913267368422	0.0	0.0	2	1.0303068674727192	-13.845931220355888	138.0	21	1.05	0.95				
	206	1	71.56430031157896	14.733826534736844	0.0	-100.0	2	1.0414181662132713	-15.17246734395176	138.0	22	1.05	0.95				
	207	2	65.77601131578948	13.155202263157895	0.0	0.0	2	0.9899922810105161	-22.725644199693257	138.0	22	1.05	0.95				
	208	1	89.98158348	18.41728316842105	0.0	0.0	2	0.992991100480349	-20.256900311226616	138.0	22	1.05	0.95				
	209	1	92.08641584210527	18.94349125894737	0.0	0.0	2	1.0235859432305576	-12.419378913041564	138.0	23	1.05	0.95				
	210	1	102.61057765263158	21.048323621052635	0.0	0.0	2	1.05	-13.718555088007168	138.0	23	1.05	0.95				
	211	1	0.0	0.0	0.0	0.0	2	1.0125017494578534	-8.928422850654679	230.0	23	1.05	0.95				
	212	1	0.0	0.0	0.0	0.0	2	1.0117498902317916	-7.623597183223014	230.0	23	1.05	0.95				
	213	2	139.44514398947368	28.415236888421052	0.0	0.0	2	1.0120206628657378	-7.09060692981181	230.0	24	1.05	0.95				
	214	2	102.08436956210527	20.522115530526317	0.0	0.0	2	1.0186646188585844	-6.362009059249068	230.0	26	1.05	0.95				
	215	2	166.8079646968421	33.67731779368421	0.0	0.0	2	1.034109640016095	0.2701355094873661	230.0	26	1.05	0.95				
	216	2	52.62080905263158	10.524161810526317	0.0	0.0	2	1.036696881787018	0.45670677673744453	230.0	26	1.05	0.95				
	217	1	0.0	0.0	0.0	0.0	2	1.0417114545745172	2.537345375450098	230.0	27	1.05	0.95				
	218	2	175.22729414526316	35.78215015578948	0.0	0.0	2	1.040433570833075	2.058683954926252	230.0	27	1.05	0.95				
	219	1	95.24366438526316	19.469699349473686	0.0	0.0	2	1.0365742625949357	1.0273546477958988	230.0	25	1.05	0.95				
	220	1	67.35463558736842	13.681410353684212	0.0	0.0	2	1.0406438199708783	2.522751734242361	230.0	25	1.05	0.95				
	221	2	0.0	0.0	0.0	0.0	2	1.0403683236863526	2.2590063941788774	230.0	27	1.05	0.95				
	222	2	0.0	0.0	0.0	0.0	2	1.05	8.87217940520676	230.0	27	1.05	0.95				
	223	2	0.0	0.0	0.0	0.0	2	1.0444181165726818	3.72949303007843	230.0	25	1.05	0.95				
	224	1	0.0	0.0	0.0	0.0	2	1.013271333044188	-3.8151782784183714	230.0	26	1.05	0.95				
	301	2	44.94590317894737	9.155646943859649	0.0	0.0	3	1.0076965783936003	-6.60601840560775	138.0	31	1.05	0.95				
	302	2	40.36807970701754	8.323315403508772	0.0	0.0	3	1.0075784117161861	-6.714866726135696	138.0	32	1.05	0.95				
	303	1	74.90983863157895	15.398133496491228	0.0	0.0	3	1.0246472310247512	-1.4235021041595886	138.0	31	1.05	0.95				
	304	1	30.796266992982456	6.242486552631578	0.0	0.0	3	1.0106978460304183	-5.332572279505305	138.0	31	1.05	0.95				
	305	1	29.54776968245614	5.826320782456141	0.0	0.0	3	1.0234771046797562	-6.057163604732014	138.0	31	1.05	0.95				
	306	1	56.598544743859655	11.652641564912281	0.0	-100.0	3	1.0407011934807489	-6.252951867963038	138.0	32	1.05	0.95				
	307	2	52.02072127192983	10.404144254385965	0.0	0.0	3	0.9936963964706336	-10.752207461187446	138.0	32	1.05	0.95				
	308	1	71.16434670000001	14.565801956140351	0.0	0.0	3	1.0004436750135675	-8.890611648250635	138.0	32	1.05	0.95				
	309	1	72.82900978070175	14.981967726315789	0.0	0.0	3	1.0261368194850515	-2.496538734261501	138.0	33	1.05	0.95				
	310	1	81.15232518421053	16.646630807017544	0.0	0.0	3	1.05	-4.168232145323312	138.0	33	1.05	0.95				
	311	1	0.0	0.0	0.0	0.0	3	1.008467605837312	1.5176846136952309	230.0	33	1.05	0.95				
	312	1	0.0	0.0	0.0	0.0	3	1.0095829100544418	1.7678686962954082	230.0	33	1.05	0.95				
	313	2	110.28392909649124	22.472951589473684	0.0	0.0	3	1.0089802631029676	4.795131814649666	230.0	34	1.05	0.95				
	314	2	80.73615941403509	16.230465036842105	0.0	0.0	3	1.0114992683340895	3.594308193922718	230.0	36	1.05	0.95				
	315	2	131.92454914561404	26.634609291228074	0.0	0.0	3	1.0396824906876179	8.430996718592688	230.0	36	1.05	0.95				
	316	2	41.61657701754386	8.323315403508772	0.0	0.0	3	1.0382444747967694	8.963081335083954	230.0	36	1.05	0.95				
	317	1	0.0	0.0	0.0	0.0	3	1.05	14.039263997124042	230.0	37	1.05	0.95				
	318	2	138.58320146842104	28.299272371929828	0.0	0.0	3	1.0459964820458656	11.53630507786086	230.0	37	1.05	0.95				
	319	1	75.32600440175439	15.398133496491228	0.0	0.0	3	1.0289154780652832	7.726744286190286	230.0	35	1.05	0.95				
	320	1	53.26921858245615	10.820310024561405	0.0	0.0	3	1.0237462638525756	7.448916215891734	230.0	35	1.05	0.95				
	321	2	0.0	0.0	0.0	0.0	3	1.0453647146974907	11.137214671203687	230.0	37	1.05	0.95				
	322	2	0.0	0.0	0.0	0.0	3	1.05	16.61876536959793	230.0	37	1.05	0.95				
	323	2	0.0	0.0	0.0	0.0	3	1.0213701588235506	7.619848854689586	230.0	35	1.05	0.95				
	324	1	0.0	0.0	0.0	0.0	3	1.0217484550821725	4.75755101295627	230.0	36	1.05	0.95				
	325	1	0.0	0.0	0.0	0.0	3	1.0206321851769493	8.575979966284379	230.0	35	1.05	0.95				
];
