%% MATPOWER Case Format : Version 2
function mpc = RTS_GMLC
mpc.version = '2';

%%-----  Power Flow Data  -----%%
%% system MVA base
mpc.baseMVA = 100.0;
%% bus data
%    bus_i    type    Pd    Qd    Gs    Bs    area    Vm    Va    baseKV    zone    Vmax    Vmin
mpc.bus = [
	101	2	71.44779812210527	14.55418109894737	0.0	0.0	1	1.0314924457189358	0.14003775677225389	138.0	11	1.05	0.95				
	102	2	64.17070757263158	13.23107372631579	0.0	0.0	1	1.0315218138225686	0.08814321633688975	138.0	12	1.05	0.95				
	103	1	119.07966353684212	24.47748639368421	0.0	0.0	1	1.022434079186175	-0.8900501077776327	138.0	11	1.05	0.95				
	104	1	48.95497278736842	9.923305294736842	0.0	0.0	1	1.017090000799366	-3.0219930870317615	138.0	11	1.05	0.95				
	105	1	46.97031172842105	9.261751608421054	0.0	0.0	1	1.0317999641060966	-2.992976955682349	138.0	11	1.05	0.95				
	106	1	89.97130133894737	18.52350321684211	0.0	-100.0	1	1.0383848047849142	-5.350532448094561	138.0	12	1.05	0.95				
	107	2	82.69421078947369	16.538842157894738	0.0	0.0	1	1.0481382705688331	-1.975140185996563	138.0	12	1.05	0.95				
	108	1	113.12568035999999	23.15437902105263	0.0	0.0	1	1.0270460131874573	-4.649455368698634	138.0	12	1.05	0.95				
	109	1	115.77189510526316	23.81593270736842	0.0	0.0	1	1.0263927312431844	-2.885516765134697	138.0	13	1.05	0.95				
	110	1	129.00296883157893	26.46214745263158	0.0	0.0	1	1.05	-4.076341128405861	138.0	13	1.05	0.95				
	111	1	0.0	0.0	0.0	0.0	1	1.010636643043278	-0.639238428724433	230.0	13	1.05	0.95				
	112	1	0.0	0.0	0.0	0.0	1	1.0142355311431115	0.1194927378519339	230.0	13	1.05	0.95				
	113	3	175.31172687368422	35.723899061052634	0.0	0.0	1	1.0081856379526355	2.510180480660074e-23	230.0	14	1.05	0.95				
	114	2	128.34141514526317	25.80059376631579	0.0	0.0	1	1.0110223623424928	1.7214185211960402	230.0	16	1.05	0.95				
	115	2	209.71251856210523	42.33943592421053	0.0	0.0	1	1.043810412780724	9.33184640854276	230.0	16	1.05	0.95				
	116	2	66.15536863157895	13.23107372631579	0.0	0.0	1	1.0416551311335998	8.992057993419236	230.0	16	1.05	0.95				
	117	1	0.0	0.0	0.0	0.0	1	1.0466050396583775	11.75549138633219	230.0	17	1.05	0.95				
	118	2	220.2973775431579	44.985650669473685	0.0	0.0	1	1.0489339993040312	12.30204485749696	230.0	17	1.05	0.95				
	119	1	119.74121722315789	24.47748639368421	0.0	0.0	1	1.0363405575684645	7.80363511330377	230.0	15	1.05	0.95				
	120	1	84.67887184842105	17.20039584421053	0.0	0.0	1	1.037409473116498	8.02452979005567	230.0	15	1.05	0.95				
	121	2	0.0	0.0	0.0	0.0	1	1.05	12.737046978582885	230.0	17	1.05	0.95				
	122	2	0.0	0.0	0.0	0.0	1	1.05	18.8634617861554	230.0	17	1.05	0.95				
	123	2	0.0	0.0	0.0	0.0	1	1.0396626604905603	8.6376265900025	230.0	15	1.05	0.95				
	124	1	0.0	0.0	0.0	0.0	1	1.0230139892437153	5.544493545565962	230.0	16	1.05	0.95				
	201	2	81.07224934736841	16.514717459649123	0.0	0.0	2	1.0412159854080612	-10.787937916790412	138.0	21	1.05	0.95				
	202	2	72.81489061754385	15.01337950877193	0.0	0.0	2	1.041236747460254	-10.946288597728932	138.0	22	1.05	0.95				
	203	1	135.12041557894736	27.774752091228066	0.0	0.0	2	1.0258629876294618	-7.32617114668548	138.0	21	1.05	0.95				
	204	1	55.54950418245613	11.260034631578947	0.0	0.0	2	1.0192815294534687	-12.741465359907924	138.0	21	1.05	0.95				
	205	1	53.297497256140346	10.509365656140352	0.0	0.0	2	1.0359841569017503	-13.159730516659474	138.0	21	1.05	0.95				
	206	1	102.09098065964912	21.018731312280703	0.0	-100.0	2	1.038646517617066	-15.209812750295566	138.0	22	1.05	0.95				
	207	2	93.83362192982456	18.76672438596491	0.0	0.0	2	0.958534628622422	-26.52013560181329	138.0	22	1.05	0.95				
	208	1	128.36439479999999	26.273414140350877	0.0	0.0	2	0.963526106705212	-22.767884004888735	138.0	22	1.05	0.95				
	209	1	131.3670707017544	27.02408311578947	0.0	0.0	2	1.025023013220868	-11.185342238247797	138.0	23	1.05	0.95				
	210	1	146.3804502105263	30.02675901754386	0.0	0.0	2	1.05	-13.221259916510123	138.0	23	1.05	0.95				
	211	1	0.0	0.0	0.0	0.0	2	1.028331195938113	-6.427767390159686	230.0	23	1.05	0.95				
	212	1	0.0	0.0	0.0	0.0	2	1.0212913538282236	-5.231111950642508	230.0	23	1.05	0.95				
	213	2	198.92727849122804	40.536124673684206	0.0	0.0	2	1.0406161647512995	-3.0068414966408423	230.0	24	1.05	0.95				
	214	2	145.6297812350877	29.276090042105263	0.0	0.0	2	1.0451748144903743	-3.8487774309025733	230.0	26	1.05	0.95				
	215	2	237.96206521403508	48.04281442807017	0.0	0.0	2	1.043382302313739	4.389903239649295	230.0	26	1.05	0.95				
	216	2	75.06689754385964	15.01337950877193	0.0	0.0	2	1.0479197888603318	4.436948112682912	230.0	26	1.05	0.95				
	217	1	0.0	0.0	0.0	0.0	2	1.0486287903529738	7.771545220461452	230.0	27	1.05	0.95				
	218	2	249.97276882105263	51.04549032982456	0.0	0.0	2	1.0499999633947883	8.475637486941395	230.0	27	1.05	0.95				
	219	1	135.87108455438596	27.774752091228066	0.0	0.0	2	1.0434885416757655	3.905887319097026	230.0	25	1.05	0.95				
	220	1	96.08562885614035	19.51739336140351	0.0	0.0	2	1.0461987083832083	4.84769783227223	230.0	25	1.05	0.95				
	221	2	0.0	0.0	0.0	0.0	2	1.05	8.837744601594174	230.0	27	1.05	0.95				
	222	2	0.0	0.0	0.0	0.0	2	1.05	14.931281280586798	230.0	27	1.05	0.95				
	223	2	0.0	0.0	0.0	0.0	2	1.05	5.909335756814464	230.0	25	1.05	0.95				
	224	1	0.0	0.0	0.0	0.0	2	1.0221322305396088	0.028705867188728168	230.0	26	1.05	0.95				
	301	2	59.87662131789474	12.197089527719298	0.0	0.0	3	1.0084280265088286	-18.201990475058913	138.0	31	1.05	0.95				
	302	2	53.77807655403508	11.088263207017544	0.0	0.0	3	1.0077020841929032	-18.3672195201095	138.0	32	1.05	0.95				
	303	1	99.79436886315789	20.513286932982457	0.0	0.0	3	1.021526505493798	-11.98634618602629	138.0	31	1.05	0.95				
	304	1	41.02657386596491	8.316197405263157	0.0	0.0	3	1.0079815351730854	-16.63848669450383	138.0	31	1.05	0.95				
	305	1	39.36333438491228	7.761784244912281	0.0	0.0	3	1.0216797554188237	-17.44032405616569	138.0	31	1.05	0.95				
	306	1	75.4001898077193	15.523568489824562	0.0	-100.0	3	1.0366106139543345	-17.642580314175476	138.0	32	1.05	0.95				
	307	2	69.30164504385965	13.860329008771929	0.0	0.0	3	1.0073808500244787	-18.40725592025073	138.0	32	1.05	0.95				
	308	1	94.80465041999999	19.4044606122807	0.0	0.0	3	1.0058015582790074	-18.26188706129182	138.0	32	1.05	0.95				
	309	1	97.0223030614035	19.958873772631577	0.0	0.0	3	1.027013273958294	-12.962891730642973	138.0	33	1.05	0.95				
	310	1	108.11056626842104	22.176526414035088	0.0	0.0	3	1.05	-14.89863523602706	138.0	33	1.05	0.95				
	311	1	0.0	0.0	0.0	0.0	3	1.014250149950708	-8.320492359999996	230.0	33	1.05	0.95				
	312	1	0.0	0.0	0.0	0.0	3	1.0146646694145232	-7.779661036922159	230.0	33	1.05	0.95				
	313	2	146.91948749298246	29.93831065894737	0.0	0.0	3	1.0195227159831561	-4.3498738512623785	230.0	34	1.05	0.95				
	314	2	107.55615310807016	21.622113253684212	0.0	0.0	3	1.0218412744451766	-6.176219790035038	230.0	36	1.05	0.95				
	315	2	175.74897183122806	35.48244226245614	0.0	0.0	3	1.0455238516601755	-0.01718878813901883	230.0	36	1.05	0.95				
	316	2	55.441316035087716	11.088263207017544	0.0	0.0	3	1.0437460407054986	0.1801748544554259	230.0	36	1.05	0.95				
	317	1	0.0	0.0	0.0	0.0	3	1.0468995283175786	2.3035351524495953	230.0	37	1.05	0.95				
	318	2	184.6195823968421	37.70009490385965	0.0	0.0	3	1.0475713297946518	2.543589672865381	230.0	37	1.05	0.95				
	319	1	100.34878202350876	20.513286932982457	0.0	0.0	3	1.0380997841004442	-1.0131882115890813	230.0	35	1.05	0.95				
	320	1	70.96488452491228	14.414742169122807	0.0	0.0	3	1.0376279847089804	-1.0019349766744259	230.0	35	1.05	0.95				
	321	2	0.0	0.0	0.0	0.0	3	1.05	3.601859469552291	230.0	37	1.05	0.95				
	322	2	0.0	0.0	0.0	0.0	3	1.05	8.867256618374904	230.0	37	1.05	0.95				
	323	2	0.0	0.0	0.0	0.0	3	1.0384790321383113	-0.5809264533747719	230.0	35	1.05	0.95				
	324	1	0.0	0.0	0.0	0.0	3	1.0214922576148167	-4.445886525110174	230.0	36	1.05	0.95				
	325	1	0.0	0.0	0.0	0.0	3	1.0358446313867329	0.5323595268768543	230.0	35	1.05	0.95				
];
