%% MATPOWER Case Format : Version 2
function mpc = RTS_GMLC
mpc.version = '2';

%%-----  Power Flow Data  -----%%
%% system MVA base
mpc.baseMVA = 100.0;
%% bus data
%    bus_i    type    Pd    Qd    Gs    Bs    area    Vm    Va    baseKV    zone    Vmax    Vmin
mpc.bus = [
	101	2	62.910935166315795	12.815190496842108	0.0	0.0	1	1.034882014514388	0.032461786877916905	138.0	11	1.05	0.95				
	102	2	56.50333991789475	11.650173178947371	0.0	0.0	1	1.0326692733855638	-0.5815613359471171	138.0	12	1.05	0.95				
	103	1	104.85155861052633	21.552820381052634	0.0	0.0	1	1.0224336947874317	1.1052372640320507	138.0	11	1.05	0.95				
	104	1	43.10564076210527	8.737629884210527	0.0	0.0	1	1.0200871100083502	-3.0539441829992136	138.0	11	1.05	0.95				
	105	1	41.35811478526316	8.155121225263159	0.0	0.0	1	1.0342860798197986	-3.4780677038495456	138.0	11	1.05	0.95				
	106	1	79.22117761684213	16.310242450526317	0.0	-100.0	1	1.0408584057115724	-6.118090852726313	138.0	12	1.05	0.95				
	107	2	72.81358236842107	14.562716473684212	0.0	0.0	1	0.9970946538246163	-13.17731142936525	138.0	12	1.05	0.95				
	108	1	99.60898068	20.387803063157893	0.0	0.0	1	0.9960533606156159	-11.26932314437269	138.0	12	1.05	0.95				
	109	1	101.93901531578948	20.970311722105265	0.0	0.0	1	1.0237563866301411	-3.556431327187051	138.0	13	1.05	0.95				
	110	1	113.58918849473685	23.300346357894743	0.0	0.0	1	1.05	-5.208877702841974	138.0	13	1.05	0.95				
	111	1	0.0	0.0	0.0	0.0	1	1.0148219144235937	-0.4688554325499481	230.0	13	1.05	0.95				
	112	1	0.0	0.0	0.0	0.0	1	1.0141639490386711	-1.353031159572387	230.0	13	1.05	0.95				
	113	3	154.36479462105262	31.455467583157898	0.0	0.0	1	1.0090079218453278	4.692390891614405e-28	230.0	14	1.05	0.95				
	114	2	113.0066798357895	22.71783769894737	0.0	0.0	1	1.0276080741612441	3.0270060930713982	230.0	16	1.05	0.95				
	115	2	184.65524488631578	37.28055417263158	0.0	0.0	1	1.03590960506678	13.8449961866673	230.0	16	1.05	0.95				
	116	2	58.25086589473685	11.650173178947371	0.0	0.0	1	1.0331998607010968	11.634069305745534	230.0	16	1.05	0.95				
	117	1	0.0	0.0	0.0	0.0	1	1.0396205299085932	17.989197666925172	230.0	17	1.05	0.95				
	118	2	193.9753834294737	39.61058880842106	0.0	0.0	1	1.05	19.235881397882405	230.0	17	1.05	0.95				
	119	1	105.43406726947369	21.552820381052634	0.0	0.0	1	1.0248249643391398	7.105653273226538	230.0	15	1.05	0.95				
	120	1	74.56110834526316	15.145225132631582	0.0	0.0	1	1.026401137041894	4.168492544693653	230.0	15	1.05	0.95				
	121	2	0.0	0.0	0.0	0.0	1	1.05	21.673459785818206	230.0	17	1.05	0.95				
	122	2	0.0	0.0	0.0	0.0	1	1.05	34.152848796847266	230.0	17	1.05	0.95				
	123	2	0.0	0.0	0.0	0.0	1	1.0291575968675213	3.000828708872904	230.0	15	1.05	0.95				
	124	1	0.0	0.0	0.0	0.0	1	1.0148823036105217	9.083802769753374	230.0	16	1.05	0.95				
	201	2	56.20147961684211	11.448449551578946	0.0	0.0	2	1.0106525719503598	-15.107121587294204	138.0	21	1.05	0.95				
	202	2	50.47725484105262	10.407681410526315	0.0	0.0	2	1.0098133950917343	-15.373154376478322	138.0	22	1.05	0.95				
	203	1	93.66913269473683	19.25421060947368	0.0	0.0	2	1.0140233216020715	-11.202233340167567	138.0	21	1.05	0.95				
	204	1	38.50842121894736	7.8057610578947365	0.0	0.0	2	1.009167895919068	-14.383765107311397	138.0	21	1.05	0.95				
	205	1	36.94726900736842	7.285376987368421	0.0	0.0	2	1.0235634145092414	-14.855530519936503	138.0	21	1.05	0.95				
	206	1	70.77223359157895	14.570753974736842	0.0	-100.0	2	1.0382131236395904	-15.32565482654431	138.0	22	1.05	0.95				
	207	2	65.04800881578947	13.009601763157894	0.0	0.0	2	0.9924983960123279	-21.71687228644681	138.0	22	1.05	0.95				
	208	1	88.98567605999999	18.21344246842105	0.0	0.0	2	0.9950628190489446	-19.280908976260108	138.0	22	1.05	0.95				
	209	1	91.06721234210525	18.733826538947365	0.0	0.0	2	1.0252094564620922	-11.436153149467188	138.0	23	1.05	0.95				
	210	1	101.47489375263157	20.81536282105263	0.0	0.0	2	1.05	-12.931845451703417	138.0	23	1.05	0.95				
	211	1	0.0	0.0	0.0	0.0	2	1.0132726946546373	-7.795554511561769	230.0	23	1.05	0.95				
	212	1	0.0	0.0	0.0	0.0	2	1.0165215602078235	-4.270764139306805	230.0	23	1.05	0.95				
	213	2	137.90177868947367	28.100739808421054	0.0	0.0	2	1.0166436484828518	-5.060230961575138	230.0	24	1.05	0.95				
	214	2	100.95450968210524	20.294978750526315	0.0	0.0	2	1.0170803397688977	-5.767629426159767	230.0	26	1.05	0.95				
	215	2	164.9617503568421	33.30458051368421	0.0	0.0	2	1.032710919406338	0.13756744282542974	230.0	26	1.05	0.95				
	216	2	52.03840705263158	10.407681410526315	0.0	0.0	2	1.0345349902264285	0.26643879047365476	230.0	26	1.05	0.95				
	217	1	0.0	0.0	0.0	0.0	2	1.0363556920402266	1.292444117949746	230.0	27	1.05	0.95				
	218	2	173.28789548526316	35.386116795789476	0.0	0.0	2	1.0347529608206274	0.6707311557407796	230.0	27	1.05	0.95				
	219	1	94.18951676526315	19.25421060947368	0.0	0.0	2	1.037444694045521	1.3732022297482085	230.0	25	1.05	0.95				
	220	1	66.60916102736842	13.529985833684211	0.0	0.0	2	1.0443975227759341	3.3129456231482592	230.0	25	1.05	0.95				
	221	2	0.0	0.0	0.0	0.0	2	1.0365414704944056	1.2947492769796665	230.0	27	1.05	0.95				
	222	2	0.0	0.0	0.0	0.0	2	1.05	7.793001258554604	230.0	27	1.05	0.95				
	223	2	0.0	0.0	0.0	0.0	2	1.05	4.749179740387149	230.0	25	1.05	0.95				
	224	1	0.0	0.0	0.0	0.0	2	1.0116645851864774	-4.077342048700969	230.0	26	1.05	0.95				
	301	2	48.704207532631585	9.921227460350877	0.0	0.0	3	1.0025085923393693	37.22470816386537	138.0	31	1.05	0.95				
	302	2	43.74359380245615	9.019297691228072	0.0	0.0	3	1.00252093122069	36.86717359084945	138.0	32	1.05	0.95				
	303	1	81.17367922105264	16.68570072877193	0.0	0.0	3	1.0451711786954492	50.75643448149652	138.0	31	1.05	0.95				
	304	1	33.37140145754386	6.764473268421053	0.0	0.0	3	1.0062902877507416	37.9587727913213	138.0	31	1.05	0.95				
	305	1	32.01850680385965	6.31350838385965	0.0	0.0	3	1.02055946893083	36.00887218333966	138.0	31	1.05	0.95				
	306	1	61.33122430035088	12.6270167677193	0.0	-100.0	3	1.0383205639893458	34.792917209286095	138.0	32	1.05	0.95				
	307	2	56.37061057017544	11.27412211403509	0.0	0.0	3	0.9741975004017226	31.39934608343344	138.0	32	1.05	0.95				
	308	1	77.11499526	15.783770959649123	0.0	0.0	3	0.9892274416293044	33.365274603754834	138.0	32	1.05	0.95				
	309	1	78.91885479824562	16.234735844210526	0.0	0.0	3	1.0234044704482628	40.71187789780922	138.0	33	1.05	0.95				
	310	1	87.93815248947368	18.038595382456144	0.0	0.0	3	1.05	36.26294196383671	138.0	33	1.05	0.95				
	311	1	0.0	0.0	0.0	0.0	3	1.0136720399430137	39.312659156639846	230.0	33	1.05	0.95				
	312	1	0.0	0.0	0.0	0.0	3	1.0195142187248185	39.38976352353866	230.0	33	1.05	0.95				
	313	2	119.50569440877194	24.352103766315793	0.0	0.0	3	1.01844235287223	41.79422453694025	230.0	34	1.05	0.95				
	314	2	87.4871876049123	17.58763049789474	0.0	0.0	3	1.0087951875025318	38.02180933924106	230.0	36	1.05	0.95				
	315	2	142.95586840596494	28.861752611929823	0.0	0.0	3	1.0493047081106377	35.20974955259146	230.0	36	1.05	0.95				
	316	2	45.09648845614036	9.019297691228072	0.0	0.0	3	1.0377235214248441	35.09456540010083	230.0	36	1.05	0.95				
	317	1	0.0	0.0	0.0	0.0	3	1.05	35.458177975410905	230.0	37	1.05	0.95				
	318	2	150.17130655894738	30.66561215017544	0.0	0.0	3	1.048775956070117	32.36431294080876	230.0	37	1.05	0.95				
	319	1	81.62464410561404	16.68570072877193	0.0	0.0	3	1.0326863622660925	35.21718993114348	230.0	35	1.05	0.95				
	320	1	57.72350522385965	11.725086998596494	0.0	0.0	3	1.028683847144825	35.033983388451766	230.0	35	1.05	0.95				
	321	2	0.0	0.0	0.0	0.0	3	1.05	33.952241777148785	230.0	37	1.05	0.95				
	322	2	0.0	0.0	0.0	0.0	3	1.05	38.89139203382261	230.0	37	1.05	0.95				
	323	2	0.0	0.0	0.0	0.0	3	1.026348851923237	34.973144778714705	230.0	35	1.05	0.95				
	324	1	0.0	0.0	0.0	0.0	3	1.0439656237078012	42.55885976696868	230.0	36	1.05	0.95				
	325	1	0.0	0.0	0.0	0.0	3	1.0293248221804951	33.842107464990356	230.0	35	1.05	0.95				
];
