%% MATPOWER Case Format : Version 2
function mpc = RTS_GMLC
mpc.version = '2';

%%-----  Power Flow Data  -----%%
%% system MVA base
mpc.baseMVA = 100.0;
%% bus data
%    bus_i    type    Pd    Qd    Gs    Bs    area    Vm    Va    baseKV    zone    Vmax    Vmin
mpc.bus = [
	101	2	81.62790696	16.627906973333335	0.0	0.0	1	1.0315340636485306	-3.4477036447682687	138.0	11	1.05	0.95				
	102	2	73.31395347333334	15.116279066666669	0.0	0.0	1	1.0315514772290812	-3.50559081994503	138.0	12	1.05	0.95				
	103	1	136.0465116	27.965116273333336	0.0	0.0	1	1.0192392567240744	-3.8062636010655453	138.0	11	1.05	0.95				
	104	1	55.93023254666667	11.3372093	0.0	0.0	1	1.01560985758233	-6.22924758148871	138.0	11	1.05	0.95				
	105	1	53.66279068666666	10.581395346666667	0.0	0.0	1	1.030731452453071	-6.28634557652482	138.0	11	1.05	0.95				
	106	1	102.79069765333335	21.162790693333335	0.0	-100.0	1	1.0358262953767343	-8.561986639484703	138.0	12	1.05	0.95				
	107	2	94.47674416666668	18.895348833333333	0.0	0.0	1	1.05	-5.390124222901793	138.0	12	1.05	0.95				
	108	1	129.24418602	26.453488366666665	0.0	0.0	1	1.0254765445182614	-8.007796634734028	138.0	12	1.05	0.95				
	109	1	132.26744183333335	27.20930232	0.0	0.0	1	1.026832087016251	-5.394010118967395	138.0	13	1.05	0.95				
	110	1	147.38372090000001	30.232558133333338	0.0	0.0	1	1.05	-6.772577042647251	138.0	13	1.05	0.95				
	111	1	0.0	0.0	0.0	0.0	1	1.014283634851535	-2.18475866106193	230.0	13	1.05	0.95				
	112	1	0.0	0.0	0.0	0.0	1	1.0166581967572632	-1.2623621519276984	230.0	13	1.05	0.95				
	113	3	200.2906976333333	40.81395348	0.0	0.0	1	1.017163581902156	1.196430700064542e-26	230.0	14	1.05	0.95				
	114	2	146.62790694666668	29.476744180000004	0.0	0.0	1	1.0168559104946067	-0.16156211636829615	230.0	16	1.05	0.95				
	115	2	239.59302320666666	48.372093013333334	0.0	0.0	1	1.0448566679793871	7.599128727232461	230.0	16	1.05	0.95				
	116	2	75.58139533333333	15.116279066666669	0.0	0.0	1	1.0436119154443508	7.251408597022979	230.0	16	1.05	0.95				
	117	1	0.0	0.0	0.0	0.0	1	1.0472579282410186	10.238007092943416	230.0	17	1.05	0.95				
	118	2	251.68604646	51.39534882666668	0.0	0.0	1	1.0492254944359023	10.87623983104933	230.0	17	1.05	0.95				
	119	1	136.80232555333333	27.965116273333336	0.0	0.0	1	1.0380053996604006	6.053794351072516	230.0	15	1.05	0.95				
	120	1	96.74418602666667	19.651162786666667	0.0	0.0	1	1.0399078495187055	6.438656512052453	230.0	15	1.05	0.95				
	121	2	0.0	0.0	0.0	0.0	1	1.05	11.610664005989921	230.0	17	1.05	0.95				
	122	2	0.0	0.0	0.0	0.0	1	1.05	17.583696491808304	230.0	17	1.05	0.95				
	123	2	0.0	0.0	0.0	0.0	1	1.0431036604437254	7.206549769426439	230.0	15	1.05	0.95				
	124	1	0.0	0.0	0.0	0.0	1	1.0209754312817108	3.387137067091643	230.0	16	1.05	0.95				
	201	2	91.03415710736843	18.54399496631579	0.0	0.0	2	1.05	-12.84058829496419	138.0	21	1.05	0.95				
	202	2	81.76215962421053	16.858177242105267	0.0	0.0	2	1.05	-12.878258434185886	138.0	22	1.05	0.95				
	203	1	151.7235951789474	31.18762789789474	0.0	0.0	2	1.0257044104416386	-9.65957437105449	138.0	21	1.05	0.95				
	204	1	62.37525579578948	12.643632931578946	0.0	0.0	2	1.0211891381765112	-14.765246099548301	138.0	21	1.05	0.95				
	205	1	59.84652920947369	11.800724069473684	0.0	0.0	2	1.0388279244619805	-15.21274293906168	138.0	21	1.05	0.95				
	206	1	114.63560524631579	23.60144813894737	0.0	-100.0	2	1.0373891270216966	-17.319168476176372	138.0	22	1.05	0.95				
	207	2	105.3636077631579	21.072721552631577	0.0	0.0	2	0.95	-28.487643967047575	138.0	22	1.05	0.95				
	208	1	144.13741542	29.501810173684206	0.0	0.0	2	0.9549896058810109	-24.976550475347118	138.0	22	1.05	0.95				
	209	1	147.50905086842104	30.344719035789474	0.0	0.0	2	1.0246681869373593	-12.935371300004574	138.0	23	1.05	0.95				
	210	1	164.3672281105263	33.716354484210534	0.0	0.0	2	1.0491841730325615	-15.013448722423238	138.0	23	1.05	0.95				
	211	1	0.0	0.0	0.0	0.0	2	1.031414844609493	-7.492046350762071	230.0	23	1.05	0.95				
	212	1	0.0	0.0	0.0	0.0	2	1.0227227345350984	-6.115696046581688	230.0	23	1.05	0.95				
	213	2	223.3708484578947	45.517078553684215	0.0	0.0	2	1.05	-2.9814556518777637	230.0	24	1.05	0.95				
	214	2	163.52431924842105	32.873445622105265	0.0	0.0	2	1.05	-5.252424371008537	230.0	26	1.05	0.95				
	215	2	267.20210928736844	53.94616717473685	0.0	0.0	2	1.0444975611404768	3.270349254990738	230.0	26	1.05	0.95				
	216	2	84.29088621052631	16.858177242105267	0.0	0.0	2	1.0488215589144796	3.1381567210594543	230.0	26	1.05	0.95				
	217	1	0.0	0.0	0.0	0.0	2	1.0493047439792953	6.33618613565669	230.0	27	1.05	0.95				
	218	2	280.6886510810526	57.317802623157895	0.0	0.0	2	1.05	6.962792100681579	230.0	27	1.05	0.95				
	219	1	152.56650404105264	31.18762789789474	0.0	0.0	2	1.0430304764747094	2.654919245437031	230.0	25	1.05	0.95				
	220	1	107.8923343494737	21.915630414736842	0.0	0.0	2	1.045678646813149	3.8096994109357363	230.0	25	1.05	0.95				
	221	2	0.0	0.0	0.0	0.0	2	1.05	7.459339777247619	230.0	27	1.05	0.95				
	222	2	0.0	0.0	0.0	0.0	2	1.05	13.530606607353127	230.0	27	1.05	0.95				
	223	2	0.0	0.0	0.0	0.0	2	1.05	5.053800893883153	230.0	25	1.05	0.95				
	224	1	0.0	0.0	0.0	0.0	2	1.0210926914164982	-1.5390204886997345	230.0	26	1.05	0.95				
	301	2	72.21069280421052	14.70958557122807	0.0	0.0	3	1.0143216821751573	-17.30153375678585	138.0	31	1.05	0.95				
	302	2	64.85590001859649	13.372350519298246	0.0	0.0	3	1.0129450380751308	-17.663793100532732	138.0	32	1.05	0.95				
	303	1	120.35115467368422	24.738848460701753	0.0	0.0	3	1.021012665021302	-11.707683033712653	138.0	31	1.05	0.95				
	304	1	49.477696921403506	10.029262889473685	0.0	0.0	3	1.0085442773825233	-16.406290904568195	138.0	31	1.05	0.95				
	305	1	47.47184434350877	9.360645363508773	0.0	0.0	3	1.0232286362791863	-17.04826149016862	138.0	31	1.05	0.95				
	306	1	90.93198353122808	18.721290727017546	0.0	-100.0	3	1.0345313393313134	-17.656097715267027	138.0	32	1.05	0.95				
	307	2	83.57719074561403	16.715438149122807	0.0	0.0	3	1.0089734637121772	-19.01175222073983	138.0	32	1.05	0.95				
	308	1	114.33359694	23.40161340877193	0.0	0.0	3	1.0030734795547314	-18.85141203887784	138.0	32	1.05	0.95				
	309	1	117.00806704385967	24.07023093473684	0.0	0.0	3	1.027684330560142	-12.64687335456196	138.0	33	1.05	0.95				
	310	1	130.3804175631579	26.744701038596492	0.0	0.0	3	1.05	-14.65212409998069	138.0	33	1.05	0.95				
	311	1	0.0	0.0	0.0	0.0	3	1.019804668759418	-7.689788932700572	230.0	33	1.05	0.95				
	312	1	0.0	0.0	0.0	0.0	3	1.0180706186994182	-6.30093972216827	230.0	33	1.05	0.95				
	313	2	177.18364438070176	36.10534640210526	0.0	0.0	3	1.0313052828139646	-2.99345533287364	230.0	34	1.05	0.95				
	314	2	129.71180003719297	26.07608351263158	0.0	0.0	3	1.0291333004623235	-5.921125993154371	230.0	36	1.05	0.95				
	315	2	211.9517557308772	42.79152166175439	0.0	0.0	3	1.0474695357709893	0.40389110029864334	230.0	36	1.05	0.95				
	316	2	66.86175259649123	13.372350519298246	0.0	0.0	3	1.0463483686108455	0.6400543321406843	230.0	36	1.05	0.95				
	317	1	0.0	0.0	0.0	0.0	3	1.0478751757585767	2.361800606149847	230.0	37	1.05	0.95				
	318	2	222.6496361463158	45.46599176561404	0.0	0.0	3	1.0476579096944225	2.4285856809462008	230.0	37	1.05	0.95				
	319	1	121.01977219964913	24.738848460701753	0.0	0.0	3	1.0431922088251773	0.8726264809435411	230.0	35	1.05	0.95				
	320	1	85.58304332350878	17.38405567508772	0.0	0.0	3	1.0461750060764377	2.327687439191215	230.0	35	1.05	0.95				
	321	2	0.0	0.0	0.0	0.0	3	1.05	3.674704921962842	230.0	37	1.05	0.95				
	322	2	0.0	0.0	0.0	0.0	3	1.05	8.934753505241801	230.0	37	1.05	0.95				
	323	2	0.0	0.0	0.0	0.0	3	1.05	3.6112783467181346	230.0	35	1.05	0.95				
	324	1	0.0	0.0	0.0	0.0	3	1.0223019398417215	-4.067571991772126	230.0	36	1.05	0.95				
	325	1	0.0	0.0	0.0	0.0	3	1.0487049297915518	4.275302458720975	230.0	35	1.05	0.95				
];

%% generator data
%    bus    Pg    Qg    Qmax    Qmin    Vg    mBase    status    Pmax    Pmin    Pc1    Pc2    Qc1min    Qc1max    Qc2min    Qc2max    ramp_agc    ramp_10    ramp_30    ramp_q    apf
