%% MATPOWER Case Format : Version 2
function mpc = RTS_GMLC
mpc.version = '2';

%%-----  Power Flow Data  -----%%
%% system MVA base
mpc.baseMVA = 100.0;
%% bus data
%    bus_i    type    Pd    Qd    Gs    Bs    area    Vm    Va    baseKV    zone    Vmax    Vmin
mpc.bus = [
	101	2	77.82038594526317	15.852300840701755	0.0	0.0	1	1.0499999871675683	-0.6551802141429309	138.0	11	1.05	0.95				
	102	2	69.89423552491229	14.411182582456142	0.0	0.0	1	1.0495234276680534	-0.8873610281163901	138.0	12	1.05	0.95				
	103	1	129.7006432421053	26.660687777543863	0.0	0.0	1	1.0299406671948044	-1.7141817522576208	138.0	11	1.05	0.95				
	104	1	53.32137555508773	10.808386936842105	0.0	0.0	1	1.0261712406379675	-4.334434042278086	138.0	11	1.05	0.95				
	105	1	51.159698167719306	10.0878278077193	0.0	0.0	1	1.0397279021658343	-4.749098169981866	138.0	11	1.05	0.95				
	106	1	97.99604156070177	20.1756556154386	0.0	-100.0	1	1.0403873462610205	-7.746883358590699	138.0	12	1.05	0.95				
	107	2	90.06989114035089	18.013978228070176	0.0	0.0	1	1.0041318379349085	-13.405295265155795	138.0	12	1.05	0.95				
	108	1	123.21561108	25.219569519298247	0.0	0.0	1	0.9973050308819903	-12.52800436097485	138.0	12	1.05	0.95				
	109	1	126.09784759649123	25.94012864842105	0.0	0.0	1	1.0261780237523523	-5.224392795832464	138.0	13	1.05	0.95				
	110	1	140.50903017894737	28.822365164912284	0.0	0.0	1	1.05	-6.7141939680452305	138.0	13	1.05	0.95				
	111	1	0.0	0.0	0.0	0.0	1	1.0148648094059318	-2.2204608601376843	230.0	13	1.05	0.95				
	112	1	0.0	0.0	0.0	0.0	1	1.0163085860966787	-1.631425455518782	230.0	13	1.05	0.95				
	113	3	190.94816921754386	38.910192972631584	0.0	0.0	1	1.0164775266440569	1.2937642217880464e-28	230.0	14	1.05	0.95				
	114	2	139.78847104982458	28.10180603578948	0.0	0.0	1	1.0189401135141483	-0.38405924991641344	230.0	16	1.05	0.95				
	115	2	228.41724393192982	46.11578426385965	0.0	0.0	1	1.044818686503999	7.433123948225962	230.0	16	1.05	0.95				
	116	2	72.0559129122807	14.411182582456142	0.0	0.0	1	1.0421400834250165	6.579283578917221	230.0	16	1.05	0.95				
	117	1	0.0	0.0	0.0	0.0	1	1.0457331133414398	9.689755153386242	230.0	17	1.05	0.95				
	118	2	239.94618999789475	48.998020780350885	0.0	0.0	1	1.0477535770140198	10.309891304683024	230.0	17	1.05	0.95				
	119	1	130.42120237122808	26.660687777543863	0.0	0.0	1	1.0351171329490256	5.127800045134817	230.0	15	1.05	0.95				
	120	1	92.2315685277193	18.734537357192984	0.0	0.0	1	1.0344207975574136	4.740880692651237	230.0	15	1.05	0.95				
	121	2	0.0	0.0	0.0	0.0	1	1.05	12.065300640250955	230.0	17	1.05	0.95				
	122	2	0.0	0.0	0.0	0.0	1	1.05	17.662227002025112	230.0	17	1.05	0.95				
	123	2	0.0	0.0	0.0	0.0	1	1.0358858291849486	5.066695368920641	230.0	15	1.05	0.95				
	124	1	0.0	0.0	0.0	0.0	1	1.0277088462095476	4.024229281626743	230.0	16	1.05	0.95				
	201	2	69.66535494315791	14.191090821754388	0.0	0.0	2	1.0273861910406095	-10.15461115646566	138.0	21	1.05	0.95				
	202	2	62.56980953228071	12.900991656140354	0.0	0.0	2	1.0282587729608565	-9.980531585988649	138.0	22	1.05	0.95				
	203	1	116.10892490526317	23.86683456385965	0.0	0.0	2	1.0167556736881114	-9.392414341428543	138.0	21	1.05	0.95				
	204	1	47.7336691277193	9.675743742105263	0.0	0.0	2	1.0158302056794168	-10.908735253670265	138.0	21	1.05	0.95				
	205	1	45.79852037929825	9.030694159298246	0.0	0.0	2	1.0305907442785964	-11.216236105539648	138.0	21	1.05	0.95				
	206	1	87.72674326175441	18.061388318596492	0.0	-100.0	2	1.038972234475189	-12.383424586333238	138.0	22	1.05	0.95				
	207	2	80.6311978508772	16.12623957017544	0.0	0.0	2	0.9834008715040031	-21.713279886464328	138.0	22	1.05	0.95				
	208	1	110.30347866000001	22.576735398245614	0.0	0.0	2	0.9839084659141614	-18.584163710254376	138.0	22	1.05	0.95				
	209	1	112.88367699122807	23.221784981052636	0.0	0.0	2	1.0256320464723827	-9.036631734215748	138.0	23	1.05	0.95				
	210	1	125.78466864736843	25.801983312280708	0.0	0.0	2	1.05	-10.238311786506033	138.0	23	1.05	0.95				
	211	1	0.0	0.0	0.0	0.0	2	1.0175537095579203	-5.466883042655427	230.0	23	1.05	0.95				
	212	1	0.0	0.0	0.0	0.0	2	1.0200279784740944	-0.451759304000099	230.0	23	1.05	0.95				
	213	2	170.93813944385968	34.832677471578954	0.0	0.0	2	1.0220178683547014	-2.662548566953591	230.0	24	1.05	0.95				
	214	2	125.13961906456142	25.15693372947369	0.0	0.0	2	1.0236613153948442	-3.762892020953246	230.0	26	1.05	0.95				
	215	2	204.48071774982458	41.28317329964913	0.0	0.0	2	1.0393384972218098	2.501799894480621	230.0	26	1.05	0.95				
	216	2	64.50495828070176	12.900991656140354	0.0	0.0	2	1.0394403537773473	2.5974301994937186	230.0	26	1.05	0.95				
	217	1	0.0	0.0	0.0	0.0	2	1.0426354825000357	4.619252244879713	230.0	27	1.05	0.95				
	218	2	214.80151107473685	43.863371630877204	0.0	0.0	2	1.0429526210745408	4.7610229131605175	230.0	27	1.05	0.95				
	219	1	116.75397448807018	23.86683456385965	0.0	0.0	2	1.038036636016391	3.0722406622677156	230.0	25	1.05	0.95				
	220	1	82.56634659929826	16.771289152982458	0.0	0.0	2	1.0424089825067215	4.7037035996438545	230.0	25	1.05	0.95				
	221	2	0.0	0.0	0.0	0.0	2	1.0434612573522328	4.773776925519283	230.0	27	1.05	0.95				
	222	2	0.0	0.0	0.0	0.0	2	1.05	11.219011808017653	230.0	27	1.05	0.95				
	223	2	0.0	0.0	0.0	0.0	2	1.0470061023329784	6.067585382439088	230.0	25	1.05	0.95				
	224	1	0.0	0.0	0.0	0.0	2	1.0160228675432552	-1.9043683753979523	230.0	26	1.05	0.95				
	301	2	65.18949699789474	13.279341981052632	0.0	0.0	3	0.9909824857677804	3.5626115397109523	138.0	31	1.05	0.95				
	302	2	58.549826007368424	12.072129073684211	0.0	0.0	3	0.9909659910324873	3.536071548379711	138.0	32	1.05	0.95				
	303	1	108.6491616631579	22.33343878631579	0.0	0.0	3	1.0125388100941697	6.173789774147301	138.0	31	1.05	0.95				
	304	1	44.66687757263158	9.054096805263159	0.0	0.0	3	0.9990146851304188	5.6265008968989845	138.0	31	1.05	0.95				
	305	1	42.85605821157895	8.450490351578948	0.0	0.0	3	1.0109605232253975	5.649347829838493	138.0	31	1.05	0.95				
	306	1	82.09047770105263	16.900980703157895	0.0	-100.0	3	1.03053779463675	6.128846294827879	138.0	32	1.05	0.95				
	307	2	75.45080671052631	15.090161342105263	0.0	0.0	3	0.9892869857238247	2.4655032104039067	138.0	32	1.05	0.95				
	308	1	103.21670357999999	21.126225878947366	0.0	0.0	3	1.0002089243614463	5.1674964388072	138.0	32	1.05	0.95				
	309	1	105.63112939473685	21.729832332631577	0.0	0.0	3	1.027120412807393	9.785383177162757	138.0	33	1.05	0.95				
	310	1	117.70325846842104	24.144258147368422	0.0	0.0	3	1.05	9.650101182409735	138.0	33	1.05	0.95				
	311	1	0.0	0.0	0.0	0.0	3	1.018192368576848	15.835367347916954	230.0	33	1.05	0.95				
	312	1	0.0	0.0	0.0	0.0	3	1.0237824959624735	17.271463661995075	230.0	33	1.05	0.95				
	313	2	159.95571022631577	32.59474849894737	0.0	0.0	3	1.046407761209717	24.507341207461256	230.0	34	1.05	0.95				
	314	2	117.09965201473685	23.54065169368421	0.0	0.0	3	1.0196686414851723	14.160352416380665	230.0	36	1.05	0.95				
	315	2	191.3432458178947	38.63081303578947	0.0	0.0	3	1.0337048656896706	8.585483921673024	230.0	36	1.05	0.95				
	316	2	60.36064536842105	12.072129073684211	0.0	0.0	3	1.0354590553328458	9.865042527115705	230.0	36	1.05	0.95				
	317	1	0.0	0.0	0.0	0.0	3	1.0388192134664682	9.076530027410938	230.0	37	1.05	0.95				
	318	2	201.00094907684212	41.04523885052632	0.0	0.0	3	1.037133507388156	8.084729410375783	230.0	37	1.05	0.95				
	319	1	109.2527681168421	22.33343878631579	0.0	0.0	3	1.0359243404920093	12.681196402919305	230.0	35	1.05	0.95				
	320	1	77.26162607157895	15.693767795789473	0.0	0.0	3	1.039590618332295	14.90370399310883	230.0	35	1.05	0.95				
	321	2	0.0	0.0	0.0	0.0	3	1.0377735400610042	8.809976853799697	230.0	37	1.05	0.95				
	322	2	0.0	0.0	0.0	0.0	3	1.0499999948630412	13.225755996072998	230.0	37	1.05	0.95				
	323	2	0.0	0.0	0.0	0.0	3	1.0417032306729068	15.760855792868421	230.0	35	1.05	0.95				
	324	1	0.0	0.0	0.0	0.0	3	1.0228296557788064	9.605164590016651	230.0	36	1.05	0.95				
	325	1	0.0	0.0	0.0	0.0	3	1.0437466620372726	15.451840659446807	230.0	35	1.05	0.95				
];
