%% MATPOWER Case Format : Version 2
function mpc = RTS_GMLC
mpc.version = '2';

%%-----  Power Flow Data  -----%%
%% system MVA base
mpc.baseMVA = 100.0;
%% bus data
%    bus_i    type    Pd    Qd    Gs    Bs    area    Vm    Va    baseKV    zone    Vmax    Vmin
mpc.bus = [
	101	2	70.8733300168421	14.437159818245613	0.0	0.0	1	1.0313005224743799	0.28396945219171055	138.0	11	1.05	0.95				
	102	2	63.654750107719295	13.124690743859649	0.0	0.0	1	1.0313341391964808	0.23223416236440758	138.0	12	1.05	0.95				
	103	1	118.12221669473684	24.28067787614035	0.0	0.0	1	1.0225457813654195	-0.782091302900061	138.0	11	1.05	0.95				
	104	1	48.5613557522807	9.843518057894736	0.0	0.0	1	1.0170913283621525	-2.9023719527660887	138.0	11	1.05	0.95				
	105	1	46.59265214070175	9.187283520701754	0.0	0.0	1	1.031759022989176	-2.868546121260041	138.0	11	1.05	0.95				
	106	1	89.24789705824561	18.37456704140351	0.0	-100.0	1	1.0384788572609505	-5.232152829272808	138.0	12	1.05	0.95				
	107	2	82.0293171491228	16.40586342982456	0.0	0.0	1	1.048372388463798	-2.0152007380411905	138.0	12	1.05	0.95				
	108	1	112.21610586	22.968208801754383	0.0	0.0	1	1.0273548586584147	-4.620083117333958	138.0	12	1.05	0.95				
	109	1	114.84104400877193	23.624443338947366	0.0	0.0	1	1.0263807235764946	-2.8068194536896005	138.0	13	1.05	0.95				
	110	1	127.96573475263158	26.249381487719297	0.0	0.0	1	1.05	-3.987748607274635	138.0	13	1.05	0.95				
	111	1	0.0	0.0	0.0	0.0	1	1.010371822351397	-0.5889852862709254	230.0	13	1.05	0.95				
	112	1	0.0	0.0	0.0	0.0	1	1.0141212310603276	0.15268500287056339	230.0	13	1.05	0.95				
	113	3	173.90215235614033	35.43666500842105	0.0	0.0	1	1.0077784474960332	4.964513015092653e-28	230.0	14	1.05	0.95				
	114	2	127.30950021543859	25.593146950526314	0.0	0.0	1	1.0105329801154699	1.7847686336468305	230.0	16	1.05	0.95				
	115	2	208.0263482901754	41.999010380350875	0.0	0.0	1	1.0436973117447694	9.382602047357084	230.0	16	1.05	0.95				
	116	2	65.62345371929824	13.124690743859649	0.0	0.0	1	1.0415143565235827	9.037964827694886	230.0	16	1.05	0.95				
	117	1	0.0	0.0	0.0	0.0	1	1.0465518927567807	11.796183455206151	230.0	17	1.05	0.95				
	118	2	218.52610088526316	44.623948529122806	0.0	0.0	1	1.048914213129148	12.340942437061125	230.0	17	1.05	0.95				
	119	1	118.77845123192982	24.28067787614035	0.0	0.0	1	1.0362093592469297	7.832639830702746	230.0	15	1.05	0.95				
	120	1	83.99802076070175	17.062097967017543	0.0	0.0	1	1.0372319811772834	8.029124768727204	230.0	15	1.05	0.95				
	121	2	0.0	0.0	0.0	0.0	1	1.05	12.762230563354986	230.0	17	1.05	0.95				
	122	2	0.0	0.0	0.0	0.0	1	1.05	18.8947198402529	230.0	17	1.05	0.95				
	123	2	0.0	0.0	0.0	0.0	1	1.0394290482953705	8.625167477285993	230.0	15	1.05	0.95				
	124	1	0.0	0.0	0.0	0.0	1	1.02305569533068	5.615773740832491	230.0	16	1.05	0.95				
	201	2	82.07524004210526	16.71903037894737	0.0	0.0	2	1.0417372337764663	-11.221144572717346	138.0	21	1.05	0.95				
	202	2	73.71572485263157	15.199118526315791	0.0	0.0	2	1.041770190410223	-11.382735485541337	138.0	22	1.05	0.95				
	203	1	136.7920667368421	28.11836927368421	0.0	0.0	2	1.0255435015899308	-7.599222600688454	138.0	21	1.05	0.95				
	204	1	56.23673854736842	11.399338894736841	0.0	0.0	2	1.019294003726177	-13.141368652876153	138.0	21	1.05	0.95				
	205	1	53.95687076842105	10.639382968421053	0.0	0.0	2	1.0361311571090575	-13.575591515886707	138.0	21	1.05	0.95				
	206	1	103.35400597894737	21.278765936842106	0.0	-100.0	2	1.0385118087935143	-15.62496133014335	138.0	22	1.05	0.95				
	207	2	94.99449078947369	18.998898157894736	0.0	0.0	2	0.9562088510583253	-27.077637246375133	138.0	22	1.05	0.95				
	208	1	129.9524634	26.59845742105263	0.0	0.0	2	0.9616128675186397	-23.26688759345046	138.0	22	1.05	0.95				
	209	1	132.99228710526316	27.358413347368423	0.0	0.0	2	1.0249490894735234	-11.518378855020691	138.0	23	1.05	0.95				
	210	1	148.19140563157893	30.398237052631583	0.0	0.0	2	1.05	-13.591820324589555	138.0	23	1.05	0.95				
	211	1	0.0	0.0	0.0	0.0	2	1.0293178398356373	-6.679862636269655	230.0	23	1.05	0.95				
	212	1	0.0	0.0	0.0	0.0	2	1.0217828111841951	-5.480750961979718	230.0	23	1.05	0.95				
	213	2	201.3883204736842	41.03762002105263	0.0	0.0	2	1.0425065867167418	-3.155231139801307	230.0	24	1.05	0.95				
	214	2	147.43144970526313	29.63828112631579	0.0	0.0	2	1.046853223962743	-4.110535508369061	230.0	26	1.05	0.95				
	215	2	240.90602864210524	48.637179284210525	0.0	0.0	2	1.0434125453064644	4.209558562823928	230.0	26	1.05	0.95				
	216	2	75.99559263157894	15.199118526315791	0.0	0.0	2	1.0481870053584585	4.225812746485653	230.0	26	1.05	0.95				
	217	1	0.0	0.0	0.0	0.0	2	1.048669360732996	7.588635431353682	230.0	27	1.05	0.95				
	218	2	253.0653234631579	51.677002989473685	0.0	0.0	2	1.0499999632626111	8.277296820034776	230.0	27	1.05	0.95				
	219	1	137.55202266315789	28.11836927368421	0.0	0.0	2	1.0435516875389874	3.6670908123975554	230.0	25	1.05	0.95				
	220	1	97.27435856842105	19.758854084210526	0.0	0.0	2	1.0461944153587537	4.601763802629515	230.0	25	1.05	0.95				
	221	2	0.0	0.0	0.0	0.0	2	1.05	8.646079173131046	230.0	27	1.05	0.95				
	222	2	0.0	0.0	0.0	0.0	2	1.05	14.743061671178365	230.0	27	1.05	0.95				
	223	2	0.0	0.0	0.0	0.0	2	1.05	5.66618373221817	230.0	25	1.05	0.95				
	224	1	0.0	0.0	0.0	0.0	2	1.0219084538241798	-0.18485207877570342	230.0	26	1.05	0.95				
	301	2	61.49952545684212	12.527681111578948	0.0	0.0	3	1.0093002886355642	-18.535864049037784	138.0	31	1.05	0.95				
	302	2	55.235684901052636	11.388801010526317	0.0	0.0	3	1.008459995503585	-18.73369544417521	138.0	32	1.05	0.95				
	303	1	102.49920909473687	21.069281869473684	0.0	0.0	3	1.0220862001791229	-12.217412120766904	138.0	31	1.05	0.95				
	304	1	42.13856373894737	8.541600757894738	0.0	0.0	3	1.0080950558426742	-17.088397264207583	138.0	31	1.05	0.95				
	305	1	40.43024358736842	7.972160707368422	0.0	0.0	3	1.021958290426685	-17.88507781392611	138.0	31	1.05	0.95				
	306	1	77.44384687157896	15.944321414736844	0.0	-100.0	3	1.0363657380496767	-18.16535049994273	138.0	32	1.05	0.95				
	307	2	71.18000631578948	14.236001263157897	0.0	0.0	3	1.0068232890118494	-19.174686100886237	138.0	32	1.05	0.95				
	308	1	97.37424864	19.930401768421056	0.0	0.0	3	1.0049338471610927	-18.95507528493746	138.0	32	1.05	0.95				
	309	1	99.65200884210527	20.49984181894737	0.0	0.0	3	1.0270854293203144	-13.418706307250993	138.0	33	1.05	0.95				
	310	1	111.04080985263158	22.777602021052633	0.0	0.0	3	1.05	-15.406036375363675	138.0	33	1.05	0.95				
	311	1	0.0	0.0	0.0	0.0	3	1.0150041017067934	-8.753434964084553	230.0	33	1.05	0.95				
	312	1	0.0	0.0	0.0	0.0	3	1.0152211091257675	-8.177263241649495	230.0	33	1.05	0.95				
	313	2	150.9016133894737	30.74976272842106	0.0	0.0	3	1.0208250772832126	-4.766057372004352	230.0	34	1.05	0.95				
	314	2	110.47136980210527	22.20816197052632	0.0	0.0	3	1.0230489114979568	-6.5863682815848525	230.0	36	1.05	0.95				
	315	2	180.5124960168421	36.444163233684215	0.0	0.0	3	1.0460342380460088	-0.22655784740717108	230.0	36	1.05	0.95				
	316	2	56.94400505263159	11.388801010526317	0.0	0.0	3	1.0443286937081948	-0.10241024311681972	230.0	36	1.05	0.95				
	317	1	0.0	0.0	0.0	0.0	3	1.04706898235084	1.9740972864633808	230.0	37	1.05	0.95				
	318	2	189.6235368252632	38.72192343578948	0.0	0.0	3	1.0476245749072945	2.2262496497719173	230.0	37	1.05	0.95				
	319	1	103.06864914526317	21.069281869473684	0.0	0.0	3	1.0389039580243993	-1.2809485311198432	230.0	35	1.05	0.95				
	320	1	72.88832646736843	14.805441313684211	0.0	0.0	3	1.038784920595401	-1.2299361746035744	230.0	35	1.05	0.95				
	321	2	0.0	0.0	0.0	0.0	3	1.05	3.32041818631758	230.0	37	1.05	0.95				
	322	2	0.0	0.0	0.0	0.0	3	1.05	8.567041295002074	230.0	37	1.05	0.95				
	323	2	0.0	0.0	0.0	0.0	3	1.0399039917781034	-0.777266761184149	230.0	35	1.05	0.95				
	324	1	0.0	0.0	0.0	0.0	3	1.0219844786279215	-4.6635936346633935	230.0	36	1.05	0.95				
	325	1	0.0	0.0	0.0	0.0	3	1.0370404384220475	0.35179942751150534	230.0	35	1.05	0.95				
];
