%% MATPOWER Case Format : Version 2
function mpc = RTS_GMLC
mpc.version = '2';

%%-----  Power Flow Data  -----%%
%% system MVA base
mpc.baseMVA = 100.0;
%% bus data
%    bus_i    type    Pd    Qd    Gs    Bs    area    Vm    Va    baseKV    zone    Vmax    Vmin
mpc.bus = [
	101	2	88.22761010526315	17.972290947368418	0.0	0.0	1	1.0468863685316767	-0.03210456889009822	138.0	11	1.05	0.95				
	102	2	79.24146463157894	16.338446315789472	0.0	0.0	1	1.0467474589050472	-0.1720473628093916	138.0	12	1.05	0.95				
	103	1	147.04601684210525	30.226125684210526	0.0	0.0	1	1.0256608851062834	-1.739003452089996	138.0	11	1.05	0.95				
	104	1	60.45225136842105	12.253834736842103	0.0	0.0	1	1.0238801711962078	-3.888830552908084	138.0	11	1.05	0.95				
	105	1	58.001484421052616	11.436912421052632	0.0	0.0	1	1.0366804515617842	-4.356273295902587	138.0	11	1.05	0.95				
	106	1	111.10143494736842	22.873824842105265	0.0	-100.0	1	1.0366550431499306	-7.532214432103467	138.0	12	1.05	0.95				
	107	2	102.1152894736842	20.42305789473684	0.0	0.0	1	1.05	-6.809741488085617	138.0	12	1.05	0.95				
	108	1	139.69371599999997	28.592281052631574	0.0	0.0	1	1.0237050834695138	-8.761427226883397	138.0	12	1.05	0.95				
	109	1	142.96140526315787	29.40920336842105	0.0	0.0	1	1.027417332024354	-4.715356665491651	138.0	13	1.05	0.95				
	110	1	159.29985157894734	32.676892631578944	0.0	0.0	1	1.05	-6.238903152441644	138.0	13	1.05	0.95				
	111	1	0.0	0.0	0.0	0.0	1	1.0143852580115666	-2.041267138691288	230.0	13	1.05	0.95				
	112	1	0.0	0.0	0.0	0.0	1	1.0175688184917226	-1.2160574469025112	230.0	13	1.05	0.95				
	113	3	216.48441368421052	44.11380505263158	0.0	0.0	1	1.01720187131288	-1.514996921836881e-28	230.0	14	1.05	0.95				
	114	2	158.48292926315787	31.85997031578947	0.0	0.0	1	1.0152594123734338	-0.34670884514291667	230.0	16	1.05	0.95				
	115	2	258.9643741052631	52.28302821052632	0.0	0.0	1	1.0443349140812554	7.724814466713446	230.0	16	1.05	0.95				
	116	2	81.69223157894736	16.338446315789472	0.0	0.0	1	1.042441992754714	6.997135747908109	230.0	16	1.05	0.95				
	117	1	0.0	0.0	0.0	0.0	1	1.0458618478308794	10.049237738611701	230.0	17	1.05	0.95				
	118	2	272.0351311578947	55.55071747368421	0.0	0.0	1	1.0478465052245927	10.597615867678316	230.0	17	1.05	0.95				
	119	1	147.86293915789471	30.226125684210526	0.0	0.0	1	1.0362371500677494	5.653051933940137	230.0	15	1.05	0.95				
	120	1	104.56605642105264	21.239980210526316	0.0	0.0	1	1.0373046406994333	5.552798334499523	230.0	15	1.05	0.95				
	121	2	0.0	0.0	0.0	0.0	1	1.05	12.210038356742745	230.0	17	1.05	0.95				
	122	2	0.0	0.0	0.0	0.0	1	1.05	18.3311938986623	230.0	17	1.05	0.95				
	123	2	0.0	0.0	0.0	0.0	1	1.0402226657664038	6.102341518754866	230.0	15	1.05	0.95				
	124	1	0.0	0.0	0.0	0.0	1	1.0254442936664847	4.210892656837371	230.0	16	1.05	0.95				
	201	2	91.86714936	18.713678573333333	0.0	0.0	2	1.048193795643868	-17.032678622243594	138.0	21	1.05	0.95				
	202	2	82.51031007333333	17.012435066666665	0.0	0.0	2	1.05	-17.174022444063652	138.0	22	1.05	0.95				
	203	1	153.1119156	31.473004873333327	0.0	0.0	2	1.0238961615999538	-12.059172213312406	138.0	21	1.05	0.95				
	204	1	62.946009746666654	12.759326299999998	0.0	0.0	2	1.0210959092615801	-18.23026935989546	138.0	21	1.05	0.95				
	205	1	60.394144486666654	11.908704546666666	0.0	0.0	2	1.0383306475103395	-18.837559146557652	138.0	21	1.05	0.95				
	206	1	115.68455845333332	23.817409093333332	0.0	-100.0	2	1.0380417632876133	-20.657778851793303	138.0	22	1.05	0.95				
	207	2	106.32771916666665	21.265543833333332	0.0	0.0	2	0.95	-31.351360683705455	138.0	22	1.05	0.95				
	208	1	145.45631981999998	29.77176136666666	0.0	0.0	2	0.9549618630950814	-27.86992788388386	138.0	22	1.05	0.95				
	209	1	148.85880683333332	30.622383119999995	0.0	0.0	2	1.0249460397428785	-15.67262140968339	138.0	23	1.05	0.95				
	210	1	165.87124189999997	34.02487013333333	0.0	0.0	2	1.05	-18.022775113334916	138.0	23	1.05	0.95				
	211	1	0.0	0.0	0.0	0.0	2	1.0325082781195671	-10.845228007817044	230.0	23	1.05	0.95				
	212	1	0.0	0.0	0.0	0.0	2	1.0250649361739295	-7.7377723481244844	230.0	23	1.05	0.95				
	213	2	225.41476463333333	45.93357468	0.0	0.0	2	1.05	-7.501992321997474	230.0	24	1.05	0.95				
	214	2	165.02062014666666	33.17424838	0.0	0.0	2	1.05	-8.041369527045026	230.0	26	1.05	0.95				
	215	2	269.64709580666664	54.43979221333333	0.0	0.0	2	1.0437111957811158	1.6944304727115007	230.0	26	1.05	0.95				
	216	2	85.06217533333333	17.012435066666665	0.0	0.0	2	1.0474737396362397	1.2063004216755897	230.0	26	1.05	0.95				
	217	1	0.0	0.0	0.0	0.0	2	1.048494332278386	4.642828650418735	230.0	27	1.05	0.95				
	218	2	283.25704386	57.84227922666666	0.0	0.0	2	1.05	5.281052032789249	230.0	27	1.05	0.95				
	219	1	153.96253735333332	31.473004873333327	0.0	0.0	2	1.0421614744865408	0.7456405628743994	230.0	25	1.05	0.95				
	220	1	108.87958442666665	22.116165586666664	0.0	0.0	2	1.045332400496972	1.9367311993873946	230.0	25	1.05	0.95				
	221	2	0.0	0.0	0.0	0.0	2	1.05	5.811311499733528	230.0	27	1.05	0.95				
	222	2	0.0	0.0	0.0	0.0	2	1.05	11.864653121021105	230.0	27	1.05	0.95				
	223	2	0.0	0.0	0.0	0.0	2	1.05	3.2056852055151857	230.0	25	1.05	0.95				
	224	1	0.0	0.0	0.0	0.0	2	1.0187501200927103	-3.4174952117649395	230.0	26	1.05	0.95				
	301	2	79.41980387368422	16.178108196491227	0.0	0.0	3	0.9734927333609603	-4.552982259028542	138.0	31	1.05	0.95				
	302	2	71.33074977543859	14.707371087719299	0.0	0.0	3	0.9750929917838754	-4.674334829835739	138.0	32	1.05	0.95				
	303	1	132.3663397894737	27.208636512280705	0.0	0.0	3	0.9928583932809116	1.2673849929676708	138.0	31	1.05	0.95				
	304	1	54.41727302456141	11.030528315789475	0.0	0.0	3	0.9698788617271589	-1.8571558355356688	138.0	31	1.05	0.95				
	305	1	52.21116736140351	10.29515976140351	0.0	0.0	3	0.9816051318782304	-2.173074147259594	138.0	31	1.05	0.95				
	306	1	100.01012339649125	20.59031952280702	0.0	-100.0	3	0.9939745694216516	-1.6885319789094144	138.0	32	1.05	0.95				
	307	2	91.92106929824561	18.384213859649122	0.0	0.0	3	0.9500002203006838	-7.134698541181069	138.0	32	1.05	0.95				
	308	1	125.74802279999999	25.737899403508774	0.0	0.0	3	0.9574257297214724	-3.4423496956587862	138.0	32	1.05	0.95				
	309	1	128.68949701754386	26.473267957894738	0.0	0.0	3	0.9949938126850414	3.641083332897261	138.0	33	1.05	0.95				
	310	1	143.39686810526317	29.414742175438597	0.0	0.0	3	1.0141314251919866	2.7357822993741476	138.0	33	1.05	0.95				
	311	1	0.0	0.0	0.0	0.0	3	0.989602477292236	11.115085950710355	230.0	33	1.05	0.95				
	312	1	0.0	0.0	0.0	0.0	3	0.9938625989895951	12.511356312651865	230.0	33	1.05	0.95				
	313	2	194.87266691228072	39.70990193684211	0.0	0.0	3	1.0219461044770068	20.343620532610274	230.0	34	1.05	0.95				
	314	2	142.66149955087718	28.679373621052633	0.0	0.0	3	0.9992655310662544	10.62399160878091	230.0	36	1.05	0.95				
	315	2	233.11183174035088	47.063587480701756	0.0	0.0	3	1.032913462541419	7.743060036168634	230.0	36	1.05	0.95				
	316	2	73.53685543859649	14.707371087719299	0.0	0.0	3	1.0306945415883362	8.97926806626011	230.0	36	1.05	0.95				
	317	1	0.0	0.0	0.0	0.0	3	1.037793566892338	8.62601843348204	230.0	37	1.05	0.95				
	318	2	244.87772861052633	50.005061698245626	0.0	0.0	3	1.0381707402078226	7.809150527419843	230.0	37	1.05	0.95				
	319	1	133.10170834385966	27.208636512280705	0.0	0.0	3	1.0263467819717105	11.020098478151182	230.0	35	1.05	0.95				
	320	1	94.12717496140351	19.11958241403509	0.0	0.0	3	1.026478237156252	12.754202997499242	230.0	35	1.05	0.95				
	321	2	0.0	0.0	0.0	0.0	3	1.040349026870889	9.332775740748929	230.0	37	1.05	0.95				
	322	2	0.0	0.0	0.0	0.0	3	1.05	13.36991118422916	230.0	37	1.05	0.95				
	323	2	0.0	0.0	0.0	0.0	3	1.0268705025978007	13.383035215531699	230.0	35	1.05	0.95				
	324	1	0.0	0.0	0.0	0.0	3	1.01169640622408	7.2699990457101755	230.0	36	1.05	0.95				
	325	1	0.0	0.0	0.0	0.0	3	1.0298581542444392	13.294310171002474	230.0	35	1.05	0.95				
];
