%% MATPOWER Case Format : Version 2
function mpc = RTS_GMLC
mpc.version = '2';

%%-----  Power Flow Data  -----%%
%% system MVA base
mpc.baseMVA = 100.0;
%% bus data
%    bus_i    type    Pd    Qd    Gs    Bs    area    Vm    Va    baseKV    zone    Vmax    Vmin
mpc.bus = [
	101	2	83.37803066526317	16.984413654035087	0.0	0.0	1	1.0320973143677206	-3.929437439828338	138.0	11	1.05	0.95				
	102	2	74.88582383824561	15.44037604912281	0.0	0.0	1	1.032107611523381	-3.986617052386999	138.0	12	1.05	0.95				
	103	1	138.96338444210528	28.564695690877194	0.0	0.0	1	1.0187280239320606	-4.217086300184154	138.0	11	1.05	0.95				
	104	1	57.12939138175439	11.580282036842107	0.0	0.0	1	1.0155832607267303	-6.632077546308341	138.0	11	1.05	0.95				
	105	1	54.81333497438597	10.808263234385967	0.0	0.0	1	1.0308344863576677	-6.700317039788484	138.0	11	1.05	0.95				
	106	1	104.99455713403509	21.616526468771934	0.0	-100.0	1	1.0355224783907355	-8.95284592872921	138.0	12	1.05	0.95				
	107	2	96.50235030701755	19.30047006140351	0.0	0.0	1	1.05	-5.258978521983691	138.0	12	1.05	0.95				
	108	1	132.01521522000002	27.02065808596491	0.0	0.0	1	1.024962169820114	-8.103093832292824	138.0	12	1.05	0.95				
	109	1	135.10329042982457	27.792676888421052	0.0	0.0	1	1.0268790903214569	-5.668800359550682	138.0	13	1.05	0.95				
	110	1	150.54366647894736	30.88075209824562	0.0	0.0	1	1.05	-7.068534882514801	138.0	13	1.05	0.95				
	111	1	0.0	0.0	0.0	0.0	1	1.0150594074213617	-2.3735783340970746	230.0	13	1.05	0.95				
	112	1	0.0	0.0	0.0	0.0	1	1.0170119651604315	-1.3800882195712678	230.0	13	1.05	0.95				
	113	3	204.5849826508772	41.689015332631584	0.0	0.0	1	1.018534856561304	-6.0198857392354746e-27	230.0	14	1.05	0.95				
	114	2	149.77164767649123	30.108733295789474	0.0	0.0	1	1.0182341203637901	-0.42898950116270496	230.0	16	1.05	0.95				
	115	2	244.7299603785965	49.409203357192986	0.0	0.0	1	1.0448273789279197	7.2909137546499565	230.0	16	1.05	0.95				
	116	2	77.20188024561403	15.44037604912281	0.0	0.0	1	1.0439641369490018	6.98113421478314	230.0	16	1.05	0.95				
	117	1	0.0	0.0	0.0	0.0	1	1.0473915207856621	9.946721255813001	230.0	17	1.05	0.95				
	118	2	257.08226121789477	52.497278567017545	0.0	0.0	1	1.0492478137636563	10.57077239401832	230.0	17	1.05	0.95				
	119	1	139.7354032445614	28.564695690877194	0.0	0.0	1	1.0383952957641065	5.87944994956533	230.0	15	1.05	0.95				
	120	1	98.81840671438597	20.07248886385965	0.0	0.0	1	1.0404897848711747	6.37715744893695	230.0	15	1.05	0.95				
	121	2	0.0	0.0	0.0	0.0	1	1.05	11.32855050013175	230.0	17	1.05	0.95				
	122	2	0.0	0.0	0.0	0.0	1	1.05	17.31965776722883	230.0	17	1.05	0.95				
	123	2	0.0	0.0	0.0	0.0	1	1.043902973740341	7.217703970341899	230.0	15	1.05	0.95				
	124	1	0.0	0.0	0.0	0.0	1	1.0206331961991626	3.0427217961843938	230.0	16	1.05	0.95				
	201	2	88.77317801684212	18.08342515157895	0.0	0.0	2	1.0479518357644473	-11.446907870552383	138.0	21	1.05	0.95				
	202	2	79.73146544105263	16.43947741052632	0.0	0.0	2	1.0492361286531908	-11.489584806981618	138.0	22	1.05	0.95				
	203	1	147.95529669473686	30.41303320947369	0.0	0.0	2	1.0270208794401463	-8.74976271822071	138.0	21	1.05	0.95				
	204	1	60.82606641894738	12.329608057894738	0.0	0.0	2	1.0219321449558536	-13.452697333053688	138.0	21	1.05	0.95				
	205	1	58.36014480736842	11.507634187368424	0.0	0.0	2	1.0384577724976651	-13.848988126884642	138.0	21	1.05	0.95				
	206	1	111.78844639157897	23.01526837473685	0.0	-100.0	2	1.0384598456116174	-15.949839458816825	138.0	22	1.05	0.95				
	207	2	102.7467338157895	20.549346763157896	0.0	0.0	2	0.95	-27.56795305700179	138.0	22	1.05	0.95				
	208	1	140.55753186	28.769085468421054	0.0	0.0	2	0.9557954849592458	-23.844543588858098	138.0	22	1.05	0.95				
	209	1	143.84542734210527	29.591059338947375	0.0	0.0	2	1.0258487915494034	-11.773383825219184	138.0	23	1.05	0.95				
	210	1	160.2849047526316	32.87895482105264	0.0	0.0	2	1.05	-13.74046442897339	138.0	23	1.05	0.95				
	211	1	0.0	0.0	0.0	0.0	2	1.0319213630054302	-6.382887823728088	230.0	23	1.05	0.95				
	212	1	0.0	0.0	0.0	0.0	2	1.023511722490136	-5.014105902265332	230.0	23	1.05	0.95				
	213	2	217.82307568947368	44.38658900842106	0.0	0.0	2	1.05	-1.8837068857762191	230.0	24	1.05	0.95				
	214	2	159.46293088210527	32.056980950526324	0.0	0.0	2	1.05	-4.228965476940284	230.0	26	1.05	0.95				
	215	2	260.56571695684215	52.60632771368422	0.0	0.0	2	1.0452201472741942	3.9615008088376955	230.0	26	1.05	0.95				
	216	2	82.19738705263158	16.43947741052632	0.0	0.0	2	1.0494852655268523	3.900836394260085	230.0	26	1.05	0.95				
	217	1	0.0	0.0	0.0	0.0	2	1.049622863760791	6.978387960296048	230.0	27	1.05	0.95				
	218	2	273.7172988852632	55.894223195789486	0.0	0.0	2	1.05	7.656294102626621	230.0	27	1.05	0.95				
	219	1	148.77727056526317	30.41303320947369	0.0	0.0	2	1.0436151936870792	3.495426658242019	230.0	25	1.05	0.95				
	220	1	105.21265542736845	21.371320633684213	0.0	0.0	2	1.0459430171178505	4.6778584428560945	230.0	25	1.05	0.95				
	221	2	0.0	0.0	0.0	0.0	2	1.05	8.150363982312324	230.0	27	1.05	0.95				
	222	2	0.0	0.0	0.0	0.0	2	1.05	14.202490250677483	230.0	27	1.05	0.95				
	223	2	0.0	0.0	0.0	0.0	2	1.05	5.922450696981079	230.0	25	1.05	0.95				
	224	1	0.0	0.0	0.0	0.0	2	1.0223326862335285	-0.7688937990871351	230.0	26	1.05	0.95				
	301	2	67.00031636210527	13.6482125922807	0.0	0.0	3	1.0134357274384431	-15.370931043067028	138.0	31	1.05	0.95				
	302	2	60.17621006596491	12.407465992982457	0.0	0.0	3	1.0120754036233555	-15.72729868427575	138.0	32	1.05	0.95				
	303	1	111.6671939368421	22.953812087017546	0.0	0.0	3	1.0230115729995446	-10.256669207534847	138.0	31	1.05	0.95				
	304	1	45.90762417403509	9.305599494736843	0.0	0.0	3	1.0092967867171203	-14.673587391466125	138.0	31	1.05	0.95				
	305	1	44.04650427508771	8.68522619508772	0.0	0.0	3	1.023559517616265	-15.269367944086445	138.0	31	1.05	0.95				
	306	1	84.37076875228071	17.37045239017544	0.0	-100.0	3	1.0357968367855106	-15.918763262468014	138.0	32	1.05	0.95				
	307	2	77.54666245614035	15.50933249122807	0.0	0.0	3	1.0047229439863499	-17.958323407737932	138.0	32	1.05	0.95				
	308	1	106.08383423999999	21.713065487719298	0.0	0.0	3	1.0018814556366509	-17.48669582119186	138.0	32	1.05	0.95				
	309	1	108.56532743859648	22.333438787368422	0.0	0.0	3	1.0275801875102217	-11.275970316275037	138.0	33	1.05	0.95				
	310	1	120.97279343157894	24.814931985964915	0.0	0.0	3	1.05	-13.178623833789663	138.0	33	1.05	0.95				
	311	1	0.0	0.0	0.0	0.0	3	1.0168515619605218	-6.703639007886971	230.0	33	1.05	0.95				
	312	1	0.0	0.0	0.0	0.0	3	1.0173075737874882	-5.354809376580663	230.0	33	1.05	0.95				
	313	2	164.39892440701755	33.50015818105263	0.0	0.0	3	1.0264771295246564	-2.072636179130699	230.0	34	1.05	0.95				
	314	2	120.35242013192982	24.19455868631579	0.0	0.0	3	1.0231218253947558	-5.260959914462253	230.0	36	1.05	0.95				
	315	2	196.6583359887719	39.70389117754386	0.0	0.0	3	1.0455446143650058	0.6335096378765565	230.0	36	1.05	0.95				
	316	2	62.03732996491228	12.407465992982457	0.0	0.0	3	1.043594346602145	0.537266074050835	230.0	36	1.05	0.95				
	317	1	0.0	0.0	0.0	0.0	3	1.0467103966957094	2.5697072071881615	230.0	37	1.05	0.95				
	318	2	206.5843087831579	42.185384376140355	0.0	0.0	3	1.047343455686769	2.7715596224128536	230.0	37	1.05	0.95				
	319	1	112.28756723649123	22.953812087017546	0.0	0.0	3	1.0413957772150872	0.8799948784390982	230.0	35	1.05	0.95				
	320	1	79.40778235508772	16.129705790877193	0.0	0.0	3	1.0446788670503118	2.3449636293206932	230.0	35	1.05	0.95				
	321	2	0.0	0.0	0.0	0.0	3	1.05	3.970682133784319	230.0	37	1.05	0.95				
	322	2	0.0	0.0	0.0	0.0	3	1.05	9.195722020766556	230.0	37	1.05	0.95				
	323	2	0.0	0.0	0.0	0.0	3	1.0484462902636158	3.60051219218671	230.0	35	1.05	0.95				
	324	1	0.0	0.0	0.0	0.0	3	1.0234654295218821	-3.398982784837185	230.0	36	1.05	0.95				
	325	1	0.0	0.0	0.0	0.0	3	1.0473797495411274	4.243927762856643	230.0	35	1.05	0.95				
];
