%% MATPOWER Case Format : Version 2
function mpc = RTS_GMLC
mpc.version = '2';

%%-----  Power Flow Data  -----%%
%% system MVA base
mpc.baseMVA = 100.0;
%% bus data
%    bus_i    type    Pd    Qd    Gs    Bs    area    Vm    Va    baseKV    zone    Vmax    Vmin
mpc.bus = [
	101	2	84.17961405473685	17.147699159298245	0.0	0.0	1	1.0499998551703544	2.206306164872904	138.0	11	1.05	0.95				
	102	2	75.60576447508771	15.58881741754386	0.0	0.0	1	1.0497794893438308	2.0532002470013193	138.0	12	1.05	0.95				
	103	1	140.29935675789474	28.839312222456137	0.0	0.0	1	1.027696640432601	0.14976108983014752	138.0	11	1.05	0.95				
	104	1	57.67862444491227	11.691613063157893	0.0	0.0	1	1.0255744024196527	-1.8646702684037604	138.0	11	1.05	0.95				
	105	1	55.340301832280694	10.912172192280702	0.0	0.0	1	1.0385885299715927	-2.273426124446462	138.0	11	1.05	0.95				
	106	1	106.00395843929824	21.824344384561403	0.0	-100.0	1	1.0383428059293414	-5.512436558642778	138.0	12	1.05	0.95				
	107	2	97.43010885964911	19.486021771929824	0.0	0.0	1	1.044578479496387	-3.3729706539078967	138.0	12	1.05	0.95				
	108	1	133.28438892	27.28043048070175	0.0	0.0	1	1.0216151744892485	-5.9383839121112345	138.0	12	1.05	0.95				
	109	1	136.40215240350878	28.05987135157895	0.0	0.0	1	1.0270044454243328	-3.0151029608043696	138.0	13	1.05	0.95				
	110	1	151.99096982105263	31.17763483508772	0.0	0.0	1	1.05	-4.451382666350095	138.0	13	1.05	0.95				
	111	1	0.0	0.0	0.0	0.0	1	1.01354275649683	-0.9582357425189152	230.0	13	1.05	0.95				
	112	1	0.0	0.0	0.0	0.0	1	1.0163086132863015	-0.19349453521584936	230.0	13	1.05	0.95				
	113	3	206.55183078245614	42.08980702736842	0.0	0.0	1	1.0123087472789989	-1.5594097552263745e-28	230.0	14	1.05	0.95				
	114	2	151.21152895017542	30.398193964210524	0.0	0.0	1	1.015182991114633	1.0340722184256246	230.0	16	1.05	0.95				
	115	2	247.08275606807018	49.88421573614035	0.0	0.0	1	1.0447474722959387	9.112828410173336	230.0	16	1.05	0.95				
	116	2	77.9440870877193	15.58881741754386	0.0	0.0	1	1.0427907803248144	8.553571672963463	230.0	16	1.05	0.95				
	117	1	0.0	0.0	0.0	0.0	1	1.0471655569683171	11.846809378060469	230.0	17	1.05	0.95				
	118	2	259.55381000210525	53.00197921964912	0.0	0.0	1	1.049790681804642	12.650254481025023	230.0	17	1.05	0.95				
	119	1	141.07879762877192	28.839312222456137	0.0	0.0	1	1.0364899983664728	7.238331266046564	230.0	15	1.05	0.95				
	120	1	99.7684314722807	20.265462642807016	0.0	0.0	1	1.0369749566927542	7.067565190029869	230.0	15	1.05	0.95				
	121	2	0.0	0.0	0.0	0.0	1	1.05	13.113776566390609	230.0	17	1.05	0.95				
	122	2	0.0	0.0	0.0	0.0	1	1.05	19.1672763509018	230.0	17	1.05	0.95				
	123	2	0.0	0.0	0.0	0.0	1	1.039384132727339	7.551912707242779	230.0	15	1.05	0.95				
	124	1	0.0	0.0	0.0	0.0	1	1.0270334450819552	5.780716619779013	230.0	16	1.05	0.95				
	201	2	84.23422006736843	17.15882260631579	0.0	0.0	2	1.0402435483022103	-11.157478654639394	138.0	21	1.05	0.95				
	202	2	75.65480876421053	15.598929642105263	0.0	0.0	2	1.04051945144042	-11.248362052292041	138.0	22	1.05	0.95				
	203	1	140.3903667789474	28.858019837894737	0.0	0.0	2	1.025154774902346	-7.733010325808637	138.0	21	1.05	0.95				
	204	1	57.716039675789474	11.699197231578948	0.0	0.0	2	1.0187977870958949	-12.60997884602483	138.0	21	1.05	0.95				
	205	1	55.37620022947368	10.919250749473687	0.0	0.0	2	1.0352114714727547	-13.07316809875095	138.0	21	1.05	0.95				
	206	1	106.07272156631579	21.838501498947373	0.0	-100.0	2	1.0377746519075879	-14.881350743301107	138.0	22	1.05	0.95				
	207	2	97.4933102631579	19.49866205263158	0.0	0.0	2	0.9517821399622993	-26.523752106402732	138.0	22	1.05	0.95				
	208	1	133.37084844	27.298126873684208	0.0	0.0	2	0.9580772040614361	-22.590215450586097	138.0	22	1.05	0.95				
	209	1	136.49063436842107	28.078073355789474	0.0	0.0	2	1.0258563845698998	-10.575473219926742	138.0	23	1.05	0.95				
	210	1	152.08956401052632	31.197859284210526	0.0	0.0	2	1.05	-12.571449077620326	138.0	23	1.05	0.95				
	211	1	0.0	0.0	0.0	0.0	2	1.0302091061848553	-6.789807809182246	230.0	23	1.05	0.95				
	212	1	0.0	0.0	0.0	0.0	2	1.0264841769318274	-2.1295019142832854	230.0	23	1.05	0.95				
	213	2	206.68581775789474	42.11711003368421	0.0	0.0	2	1.039767195088508	-4.294701427226675	230.0	24	1.05	0.95				
	214	2	151.30961752842106	30.417912802105263	0.0	0.0	2	1.046643484039846	-4.366185824412384	230.0	26	1.05	0.95				
	215	2	247.24303482736843	49.916574854736844	0.0	0.0	2	1.0442780575838804	4.045567876642253	230.0	26	1.05	0.95				
	216	2	77.99464821052632	15.598929642105263	0.0	0.0	2	1.0483903369829086	3.8782853701741278	230.0	26	1.05	0.95				
	217	1	0.0	0.0	0.0	0.0	2	1.0487649268077184	7.1249738210757965	230.0	27	1.05	0.95				
	218	2	259.72217854105264	53.036360783157896	0.0	0.0	2	1.0499999898764398	7.855769254037608	230.0	27	1.05	0.95				
	219	1	141.17031326105266	28.858019837894737	0.0	0.0	2	1.0434870736681854	3.158180870307559	230.0	25	1.05	0.95				
	220	1	99.83314970947369	20.278608534736843	0.0	0.0	2	1.046139331595698	3.989306572069507	230.0	25	1.05	0.95				
	221	2	0.0	0.0	0.0	0.0	2	1.05	8.308439093313819	230.0	27	1.05	0.95				
	222	2	0.0	0.0	0.0	0.0	2	1.05	14.355932982626523	230.0	27	1.05	0.95				
	223	2	0.0	0.0	0.0	0.0	2	1.05	5.0113270409078305	230.0	25	1.05	0.95				
	224	1	0.0	0.0	0.0	0.0	2	1.0223345986141392	-0.3323853064843062	230.0	26	1.05	0.95				
	301	2	83.81018664	17.072445426666665	0.0	0.0	3	0.9984791663141211	-18.772591798287138	138.0	31	1.05	0.95				
	302	2	75.27396392666665	15.520404933333332	0.0	0.0	3	0.9984897903596752	-18.965227089733165	138.0	32	1.05	0.95				
	303	1	139.6836444	28.712749126666665	0.0	0.0	3	1.018113969848619	-9.180184102834138	138.0	31	1.05	0.95				
	304	1	57.42549825333333	11.640303699999999	0.0	0.0	3	0.9903567652933516	-16.01861197914948	138.0	31	1.05	0.95				
	305	1	55.097437513333325	10.864283453333332	0.0	0.0	3	1.0034480008686102	-17.23819550096558	138.0	31	1.05	0.95				
	306	1	105.53875354666667	21.728566906666664	0.0	-100.0	3	1.0128457042851766	-17.22758804234211	138.0	32	1.05	0.95				
	307	2	97.00253083333332	19.400506166666666	0.0	0.0	3	0.9584336434765038	-24.0023781869602	138.0	32	1.05	0.95				
	308	1	132.69946217999998	27.16070863333333	0.0	0.0	3	0.9644834289266366	-20.13968339978094	138.0	32	1.05	0.95				
	309	1	135.80354316666666	27.936728879999993	0.0	0.0	3	1.0143957238599972	-10.36182478745706	138.0	33	1.05	0.95				
	310	1	151.3239481	31.040809866666663	0.0	0.0	3	1.0317746873181846	-13.122275030204936	138.0	33	1.05	0.95				
	311	1	0.0	0.0	0.0	0.0	3	1.0138271329521618	-3.3339783616282244	230.0	33	1.05	0.95				
	312	1	0.0	0.0	0.0	0.0	3	1.0131388713747724	-2.4563029339240723	230.0	33	1.05	0.95				
	313	2	205.64536536666665	41.90509332	0.0	0.0	3	1.0472253056356389	4.704725834315939	230.0	34	1.05	0.95				
	314	2	150.5479278533333	30.26478962	0.0	0.0	3	1.028763016967504	-2.387422933899388	230.0	36	1.05	0.95				
	315	2	245.9984181933333	49.66529578666666	0.0	0.0	3	1.0473436761682586	-0.6434245609113302	230.0	36	1.05	0.95				
	316	2	77.60202466666667	15.520404933333332	0.0	0.0	3	1.0459851670890528	0.5153238070481625	230.0	36	1.05	0.95				
	317	1	0.0	0.0	0.0	0.0	3	1.0484131181010092	1.7847083397271568	230.0	37	1.05	0.95				
	318	2	258.41474214	52.769376773333335	0.0	0.0	3	1.0473093174031578	1.383517556834347	230.0	37	1.05	0.95				
	319	1	140.45966464666665	28.712749126666665	0.0	0.0	3	1.0412760769472071	0.5908267470705202	230.0	35	1.05	0.95				
	320	1	99.33059157333332	20.17652641333333	0.0	0.0	3	1.0438775613592024	1.9978394251039633	230.0	35	1.05	0.95				
	321	2	0.0	0.0	0.0	0.0	3	1.05	2.3113404713034127	230.0	37	1.05	0.95				
	322	2	0.0	0.0	0.0	0.0	3	1.05	7.241618346343788	230.0	37	1.05	0.95				
	323	2	0.0	0.0	0.0	0.0	3	1.0462393399755017	2.7120617627820427	230.0	35	1.05	0.95				
	324	1	0.0	0.0	0.0	0.0	3	1.0258249699588609	-3.5791701897677424	230.0	36	1.05	0.95				
	325	1	0.0	0.0	0.0	0.0	3	1.044301990074733	3.577234202879703	230.0	35	1.05	0.95				
];
