%% MATPOWER Case Format : Version 2
function mpc = RTS_GMLC
mpc.version = '2';

%%-----  Power Flow Data  -----%%
%% system MVA base
mpc.baseMVA = 100.0;
%% bus data
%    bus_i    type    Pd    Qd    Gs    Bs    area    Vm    Va    baseKV    zone    Vmax    Vmin
mpc.bus = [
	101	2	91.74121722947369	18.688025731929827	0.0	0.0	1	1.0328986671296103	-6.305871694042854	138.0	11	1.05	0.95				
	102	2	82.39720436350876	16.989114301754388	0.0	0.0	1	1.0328888511674306	-6.363728175524458	138.0	12	1.05	0.95				
	103	1	152.90202871578947	31.429861458245618	0.0	0.0	1	1.015692449363886	-6.152924229836958	138.0	11	1.05	0.95				
	104	1	62.859722916491236	12.74183572631579	0.0	0.0	1	1.0145987949067798	-8.668107190984628	138.0	11	1.05	0.95				
	105	1	60.31135577122807	11.892380011228072	0.0	0.0	1	1.030298169757259	-8.797867715524585	138.0	11	1.05	0.95				
	106	1	115.52597725192983	23.784760022456144	0.0	-100.0	1	1.0335414600360209	-10.963770538791875	138.0	12	1.05	0.95				
	107	2	106.18196438596492	21.236392877192984	0.0	0.0	1	1.05	-5.892648060201993	138.0	12	1.05	0.95				
	108	1	145.25692727999999	29.730950028070176	0.0	0.0	1	1.0225511587351523	-9.347773796869582	138.0	12	1.05	0.95				
	109	1	148.65475014035087	30.580405743157897	0.0	0.0	1	1.0272092886263997	-7.11274204474562	138.0	13	1.05	0.95				
	110	1	165.64386444210527	33.978228603508775	0.0	0.0	1	1.05	-8.639876641350435	138.0	13	1.05	0.95				
	111	1	0.0	0.0	0.0	0.0	1	1.019240921210142	-3.283939502145764	230.0	13	1.05	0.95				
	112	1	0.0	0.0	0.0	0.0	1	1.0196728946053415	-1.9820603769765976	230.0	13	1.05	0.95				
	113	3	225.1057644982456	45.870608614736845	0.0	0.0	1	1.0273174475417177	-4.010593221327087e-31	230.0	14	1.05	0.95				
	114	2	164.79440872701753	33.128772888421054	0.0	0.0	1	1.0248801056773524	-1.6001905591546663	230.0	16	1.05	0.95				
	115	2	269.27746168280703	54.365165765614044	0.0	0.0	1	1.044542502181086	6.099358895098514	230.0	16	1.05	0.95				
	116	2	84.94557150877193	16.989114301754388	0.0	0.0	1	1.0456882282976119	5.94700201302839	230.0	16	1.05	0.95				
	117	1	0.0	0.0	0.0	0.0	1	1.048035983359559	8.924720827788702	230.0	17	1.05	0.95				
	118	2	282.8687531242105	57.762988625964915	0.0	0.0	1	1.049589953602197	9.472304453725066	230.0	17	1.05	0.95				
	119	1	153.7514844308772	31.429861458245618	0.0	0.0	1	1.0411979897468637	5.225283909564526	230.0	15	1.05	0.95				
	120	1	108.73033153122809	22.085848592280705	0.0	0.0	1	1.0450679088200285	6.189850929241177	230.0	15	1.05	0.95				
	121	2	0.0	0.0	0.0	0.0	1	1.05	10.336666985496276	230.0	17	1.05	0.95				
	122	2	0.0	0.0	0.0	0.0	1	1.05	16.948349246347384	230.0	17	1.05	0.95				
	123	2	0.0	0.0	0.0	0.0	1	1.05	7.333589746076206	230.0	15	1.05	0.95				
	124	1	0.0	0.0	0.0	0.0	1	1.0183365011442806	1.5862047276824958	230.0	16	1.05	0.95				
	201	2	96.33810797052632	19.624429401403507	0.0	0.0	2	1.05	-14.839112824802129	138.0	21	1.05	0.95				
	202	2	86.52589326982455	17.84039036491228	0.0	0.0	2	1.05	-14.892737632472244	138.0	22	1.05	0.95				
	203	1	160.56351328421053	33.00472217508772	0.0	0.0	2	1.0223268232470308	-10.84599923267993	138.0	21	1.05	0.95				
	204	1	66.00944435017544	13.38029277368421	0.0	0.0	2	1.0183787638202157	-16.59169972602575	138.0	21	1.05	0.95				
	205	1	63.33338579543859	12.488273255438596	0.0	0.0	2	1.036538352451871	-17.124023204497565	138.0	21	1.05	0.95				
	206	1	121.31465448140351	24.976546510877192	0.0	-100.0	2	1.0333486776627105	-19.234642216332333	138.0	22	1.05	0.95				
	207	2	111.50243978070176	22.30048795614035	0.0	0.0	2	0.95	-29.2123550453799	138.0	22	1.05	0.95				
	208	1	152.53533761999998	31.22068313859649	0.0	0.0	2	0.9528170597889609	-26.263658391467516	138.0	22	1.05	0.95				
	209	1	156.10341569298245	32.1127026568421	0.0	0.0	2	1.0215042005219792	-14.391377626811444	138.0	23	1.05	0.95				
	210	1	173.94380605789473	35.68078072982456	0.0	0.0	2	1.0458988870063277	-16.673561557431736	138.0	23	1.05	0.95				
	211	1	0.0	0.0	0.0	0.0	2	1.029836429748752	-8.74117204898378	230.0	23	1.05	0.95				
	212	1	0.0	0.0	0.0	0.0	2	1.0201886327100478	-7.311647913262046	230.0	23	1.05	0.95				
	213	2	236.3851723350877	48.16905398526316	0.0	0.0	2	1.05	-4.176814007212124	230.0	24	1.05	0.95				
	214	2	173.0517865396491	34.788761211578944	0.0	0.0	2	1.05	-6.282048745071143	230.0	26	1.05	0.95				
	215	2	282.7701872838596	57.08924916771929	0.0	0.0	2	1.0442511440554247	2.984695646479474	230.0	26	1.05	0.95				
	216	2	89.2019518245614	17.84039036491228	0.0	0.0	2	1.0481892883182333	2.7382317592983196	230.0	26	1.05	0.95				
	217	1	0.0	0.0	0.0	0.0	2	1.0496619331058934	6.211250672653759	230.0	27	1.05	0.95				
	218	2	297.04249957578946	60.657327240701754	0.0	0.0	2	1.05	6.914774908756996	230.0	27	1.05	0.95				
	219	1	161.45553280245613	33.00472217508772	0.0	0.0	2	1.0421689203754971	2.1559268387352795	230.0	25	1.05	0.95				
	220	1	114.17849833543858	23.192507474385966	0.0	0.0	2	1.0452150477208935	3.317494485979188	230.0	25	1.05	0.95				
	221	2	0.0	0.0	0.0	0.0	2	1.05	7.592149577023228	230.0	27	1.05	0.95				
	222	2	0.0	0.0	0.0	0.0	2	1.05	13.562166705518461	230.0	27	1.05	0.95				
	223	2	0.0	0.0	0.0	0.0	2	1.05	4.60002093102574	230.0	25	1.05	0.95				
	224	1	0.0	0.0	0.0	0.0	2	1.0183849662228104	-2.1461933179856607	230.0	26	1.05	0.95				
	301	2	76.84024043368422	15.652641569824564	0.0	0.0	3	1.0172009991654123	-18.306637533410772	138.0	31	1.05	0.95				
	302	2	69.01391964877193	14.229674154385966	0.0	0.0	3	1.0156090097027444	-18.729244910764233	138.0	32	1.05	0.95				
	303	1	128.0670673894737	26.32489718561403	0.0	0.0	3	1.0193730318090044	-12.461649238621115	138.0	31	1.05	0.95				
	304	1	52.64979437122806	10.672255615789474	0.0	0.0	3	1.0087097821161815	-17.557604393241753	138.0	31	1.05	0.95				
	305	1	50.515343248070174	9.960771908070177	0.0	0.0	3	1.0241238548994358	-18.195626215479628	138.0	31	1.05	0.95				
	306	1	96.76178424982457	19.921543816140353	0.0	-100.0	3	1.033899708522403	-18.92775342031709	138.0	32	1.05	0.95				
	307	2	88.93546346491227	17.787092692982455	0.0	0.0	3	1.010631324037851	-20.422348967087743	138.0	32	1.05	0.95				
	308	1	121.66371402	24.90192977017544	0.0	0.0	3	1.0025312246963844	-20.26637953950081	138.0	32	1.05	0.95				
	309	1	124.50964885087718	25.613413477894735	0.0	0.0	3	1.027412625525799	-13.69144324412862	138.0	33	1.05	0.95				
	310	1	138.73932300526315	28.459348308771933	0.0	0.0	3	1.05	-15.807747978074119	138.0	33	1.05	0.95				
	311	1	0.0	0.0	0.0	0.0	3	1.0220351690089204	-8.52599092135962	230.0	33	1.05	0.95				
	312	1	0.0	0.0	0.0	0.0	3	1.0185230583527374	-7.132077520875759	230.0	33	1.05	0.95				
	313	2	188.54318254561403	38.42012021684211	0.0	0.0	3	1.034879325243559	-3.8416607032558354	230.0	34	1.05	0.95				
	314	2	138.02783929754386	27.747864601052637	0.0	0.0	3	1.0336445668166794	-6.525440144471964	230.0	36	1.05	0.95				
	315	2	225.54033534701756	45.53495729403509	0.0	0.0	3	1.0485892136889892	0.9119243105214228	230.0	36	1.05	0.95				
	316	2	71.14837077192982	14.229674154385966	0.0	0.0	3	1.047041157751373	0.646267425431107	230.0	36	1.05	0.95				
	317	1	0.0	0.0	0.0	0.0	3	1.0485086365889105	3.4688752025174376	230.0	37	1.05	0.95				
	318	2	236.92407467052635	48.380892124912286	0.0	0.0	3	1.0488519804117244	4.013744366262122	230.0	37	1.05	0.95				
	319	1	128.77855109719297	26.32489718561403	0.0	0.0	3	1.043208067345813	0.7131049132159095	230.0	35	1.05	0.95				
	320	1	91.06991458807018	18.498576400701754	0.0	0.0	3	1.0460703266195508	2.1034739541178507	230.0	35	1.05	0.95				
	321	2	0.0	0.0	0.0	0.0	3	1.05	4.8863733811815315	230.0	37	1.05	0.95				
	322	2	0.0	0.0	0.0	0.0	3	1.05	10.105574746989973	230.0	37	1.05	0.95				
	323	2	0.0	0.0	0.0	0.0	3	1.05	3.3823957629452375	230.0	35	1.05	0.95				
	324	1	0.0	0.0	0.0	0.0	3	1.0206133951081406	-4.016042475052869	230.0	36	1.05	0.95				
	325	1	0.0	0.0	0.0	0.0	3	1.049077351185927	3.960455375035257	230.0	35	1.05	0.95				
];

%% generator data
%    bus    Pg    Qg    Qmax    Qmin    Vg    mBase    status    Pmax    Pmin    Pc1    Pc2    Qc1min    Qc1max    Qc2min    Qc2max    ramp_agc    ramp_10    ramp_30    ramp_q    apf
