%% MATPOWER Case Format : Version 2
function mpc = RTS_GMLC
mpc.version = '2';

%%-----  Power Flow Data  -----%%
%% system MVA base
mpc.baseMVA = 100.0;
%% bus data
%    bus_i    type    Pd    Qd    Gs    Bs    area    Vm    Va    baseKV    zone    Vmax    Vmin
mpc.bus = [
	101	2	70.61949530526316	14.385452747368422	0.0	0.0	1	1.0323622068298979	-0.05641277517223714	138.0	11	1.05	0.95				
	102	2	63.426768931578934	13.077684315789472	0.0	0.0	1	1.032402347267854	-0.09366751467596665	138.0	12	1.05	0.95				
	103	1	117.69915884210526	24.193715984210524	0.0	0.0	1	1.0224928682774743	-1.581928947981787	138.0	11	1.05	0.95				
	104	1	48.38743196842105	9.808263236842105	0.0	0.0	1	1.0176820599789498	-3.1842476714966845	138.0	11	1.05	0.95				
	105	1	46.42577932105262	9.154379021052632	0.0	0.0	1	1.032398869828103	-3.109655880586354	138.0	11	1.05	0.95				
	106	1	88.92825334736843	18.308758042105264	0.0	-100.0	1	1.0388727575175651	-5.415284328402568	138.0	12	1.05	0.95				
	107	2	81.7355269736842	16.34710539473684	0.0	0.0	1	1.0468292553860534	-1.0260088817895858	138.0	12	1.05	0.95				
	108	1	111.81420089999999	22.885947552631574	0.0	0.0	1	1.0263414820070356	-4.133585806787848	138.0	12	1.05	0.95				
	109	1	114.42973776315787	23.53983176842105	0.0	0.0	1	1.0264497363659384	-3.0660658866364496	138.0	13	1.05	0.95				
	110	1	127.50742207894736	26.155368631578945	0.0	0.0	1	1.05	-4.13972727768349	138.0	13	1.05	0.95				
	111	1	0.0	0.0	0.0	0.0	1	1.0101835709317555	-0.9616297120624139	230.0	13	1.05	0.95				
	112	1	0.0	0.0	0.0	0.0	1	1.014157286484335	0.0023177829093924533	230.0	13	1.05	0.95				
	113	3	173.2793171842105	35.30974765263158	0.0	0.0	1	1.0079934066736556	-5.361779989543094e-28	230.0	14	1.05	0.95				
	114	2	126.85353786315787	25.50148441578947	0.0	0.0	1	1.0091254341268134	0.9222953422742101	230.0	16	1.05	0.95				
	115	2	207.28129640526313	41.84858981052631	0.0	0.0	1	1.0426606757675314	7.668159661249764	230.0	16	1.05	0.95				
	116	2	65.38842157894736	13.077684315789472	0.0	0.0	1	1.0401275466032105	7.486003576346514	230.0	16	1.05	0.95				
	117	1	0.0	0.0	0.0	0.0	1	1.045905265485342	10.017877893204732	230.0	17	1.05	0.95				
	118	2	217.74344385789473	44.46412667368421	0.0	0.0	1	1.0485075179218553	10.386329061520145	230.0	17	1.05	0.95				
	119	1	118.35304305789474	24.193715984210524	0.0	0.0	1	1.0352612054419477	6.80599586657043	230.0	15	1.05	0.95				
	120	1	83.69717962105263	17.000989610526315	0.0	0.0	1	1.0365270176680066	7.458793102594421	230.0	15	1.05	0.95				
	121	2	0.0	0.0	0.0	0.0	1	1.05	10.638832350595488	230.0	17	1.05	0.95				
	122	2	0.0	0.0	0.0	0.0	1	1.05	17.515513632682385	230.0	17	1.05	0.95				
	123	2	0.0	0.0	0.0	0.0	1	1.0389913961803043	8.30392318330087	230.0	15	1.05	0.95				
	124	1	0.0	0.0	0.0	0.0	1	1.0234760673779884	4.239734409980598	230.0	16	1.05	0.95				
	201	2	71.67133637052633	14.599716668070176	0.0	0.0	2	1.033827959179279	-8.125421516346561	138.0	21	1.05	0.95				
	202	2	64.37147803649123	13.272469698245615	0.0	0.0	2	1.0339269489775444	-8.21317576188937	138.0	22	1.05	0.95				
	203	1	119.45222728421055	24.554068941754387	0.0	0.0	2	1.027653384967742	-5.408729711585818	138.0	21	1.05	0.95				
	204	1	49.108137883508775	9.954352273684211	0.0	0.0	2	1.0179840844390637	-10.139592641957993	138.0	21	1.05	0.95				
	205	1	47.11726742877193	9.290728788771931	0.0	0.0	2	1.033371686077171	-10.511161840084835	138.0	21	1.05	0.95				
	206	1	90.25279394807019	18.581457577543862	0.0	-100.0	2	1.0393800218332905	-12.475629882522584	138.0	22	1.05	0.95				
	207	2	82.9529356140351	16.59058712280702	0.0	0.0	2	0.9791503343514757	-22.39380164982551	138.0	22	1.05	0.95				
	208	1	113.47961592	23.226821971929823	0.0	0.0	2	0.9804213129746668	-19.159747879794736	138.0	22	1.05	0.95				
	209	1	116.13410985964914	23.890445456842105	0.0	0.0	2	1.0255198591691401	-9.026650473451742	138.0	23	1.05	0.95				
	210	1	129.40657955789473	26.54493939649123	0.0	0.0	2	1.05	-10.836806138960984	138.0	23	1.05	0.95				
	211	1	0.0	0.0	0.0	0.0	2	1.0195525797605813	-4.85371234023008	230.0	23	1.05	0.95				
	212	1	0.0	0.0	0.0	0.0	2	1.0187020434680247	-4.062562694706819	230.0	23	1.05	0.95				
	213	2	175.86022350175438	35.83566818526317	0.0	0.0	2	1.0253241486839137	-1.9733667778616497	230.0	24	1.05	0.95				
	214	2	128.74295607298245	25.88131591157895	0.0	0.0	2	1.0300809127752013	-2.3537855093339477	230.0	26	1.05	0.95				
	215	2	210.36864471719298	42.47190303438597	0.0	0.0	2	1.043133399787864	5.2774892381687515	230.0	26	1.05	0.95				
	216	2	66.36234849122808	13.272469698245615	0.0	0.0	2	1.04567272528635	5.211562253206618	230.0	26	1.05	0.95				
	217	1	0.0	0.0	0.0	0.0	2	1.0478725079042326	8.533117641063976	230.0	27	1.05	0.95				
	218	2	220.9866204757895	45.126396974035096	0.0	0.0	2	1.0499995900447947	9.41818287895096	230.0	27	1.05	0.95				
	219	1	120.11585076912282	24.554068941754387	0.0	0.0	2	1.043098827351352	4.089000174068126	230.0	25	1.05	0.95				
	220	1	84.94380606877193	17.2542106077193	0.0	0.0	2	1.0464873890317772	4.357824163868102	230.0	25	1.05	0.95				
	221	2	0.0	0.0	0.0	0.0	2	1.05	9.753650941565462	230.0	27	1.05	0.95				
	222	2	0.0	0.0	0.0	0.0	2	1.05	15.786469336639664	230.0	27	1.05	0.95				
	223	2	0.0	0.0	0.0	0.0	2	1.05	4.988554185200005	230.0	25	1.05	0.95				
	224	1	0.0	0.0	0.0	0.0	2	1.0239755697462163	1.2936730891478574	230.0	26	1.05	0.95				
	301	2	58.390382804210525	11.894337237894739	0.0	0.0	3	1.008238715494225	-24.887790900147873	138.0	31	1.05	0.95				
	302	2	52.44321418526315	10.81303385263158	0.0	0.0	3	1.0074935177816764	-25.05422094519035	138.0	32	1.05	0.95				
	303	1	97.31730467368422	20.00411262736842	0.0	0.0	3	1.0279831563159154	-17.026910491316727	138.0	31	1.05	0.95				
	304	1	40.00822525473684	8.109775389473684	0.0	0.0	3	1.008325353188867	-23.281277789106422	138.0	31	1.05	0.95				
	305	1	38.38627017684211	7.569123696842106	0.0	0.0	3	1.0218796988998962	-24.30002457008845	138.0	31	1.05	0.95				
	306	1	73.52863019789476	15.138247393684212	0.0	-100.0	3	1.0370029592854233	-24.58446589325921	138.0	32	1.05	0.95				
	307	2	67.58146157894738	13.516292315789475	0.0	0.0	3	0.9979205962338646	-27.91157339293787	138.0	32	1.05	0.95				
	308	1	92.45143944	18.922809242105263	0.0	0.0	3	0.9995546743698228	-26.590160365729254	138.0	32	1.05	0.95				
	309	1	94.61404621052631	19.463460934736844	0.0	0.0	3	1.027310510398621	-19.627829698458108	138.0	33	1.05	0.95				
	310	1	105.4270800631579	21.62606770526316	0.0	0.0	3	1.05	-21.975577714320853	138.0	33	1.05	0.95				
	311	1	0.0	0.0	0.0	0.0	3	1.0149926959093278	-15.301533957334392	230.0	33	1.05	0.95				
	312	1	0.0	0.0	0.0	0.0	3	1.0154755924273204	-14.839816710003692	230.0	33	1.05	0.95				
	313	2	143.2726985473684	29.195191402105262	0.0	0.0	3	1.0189693627225154	-11.870358438705427	230.0	34	1.05	0.95				
	314	2	104.8864283705263	21.08541601263158	0.0	0.0	3	1.0236903033710893	-12.797784677397395	230.0	36	1.05	0.95				
	315	2	171.38658656421052	34.601708328421054	0.0	0.0	3	1.0462109563834543	-6.28918103701501	230.0	36	1.05	0.95				
	316	2	54.0651692631579	10.81303385263158	0.0	0.0	3	1.0455386679198762	-6.035487647936256	230.0	36	1.05	0.95				
	317	1	0.0	0.0	0.0	0.0	3	1.0481472091074189	-3.499419663059045	230.0	37	1.05	0.95				
	318	2	180.03701364631578	36.76431509894738	0.0	0.0	3	1.0486659892884245	-3.110963713652037	230.0	37	1.05	0.95				
	319	1	97.8579563663158	20.00411262736842	0.0	0.0	3	1.040906885953853	-7.363308167092283	230.0	35	1.05	0.95				
	320	1	69.20341665684211	14.056944008421054	0.0	0.0	3	1.041197485501668	-7.499319668143305	230.0	35	1.05	0.95				
	321	2	0.0	0.0	0.0	0.0	3	1.05	-2.5224494835644298	230.0	37	1.05	0.95				
	322	2	0.0	0.0	0.0	0.0	3	1.05	2.869639261813368	230.0	37	1.05	0.95				
	323	2	0.0	0.0	0.0	0.0	3	1.042365516577141	-7.172406562038469	230.0	35	1.05	0.95				
	324	1	0.0	0.0	0.0	0.0	3	1.0259227754296758	-10.281732067370275	230.0	36	1.05	0.95				
	325	1	0.0	0.0	0.0	0.0	3	1.0369457619008255	-5.706201146083859	230.0	35	1.05	0.95				
];
