%% MATPOWER Case Format : Version 2
function mpc = RTS_GMLC
mpc.version = '2';

%%-----  Power Flow Data  -----%%
%% system MVA base
mpc.baseMVA = 100.0;
%% bus data
%    bus_i    type    Pd    Qd    Gs    Bs    area    Vm    Va    baseKV    zone    Vmax    Vmin
mpc.bus = [
	101	2	58.78278079578948	11.974270162105265	0.0	0.0	1	1.0302869960464918	-0.14618677178222603	138.0	11	1.05	0.95				
	102	2	52.79564571473685	10.885700147368423	0.0	0.0	1	1.0298670066546256	-0.2979289686108606	138.0	12	1.05	0.95				
	103	1	97.97130132631581	20.138545272631582	0.0	0.0	1	1.0243466013366154	-1.51849145056535	138.0	11	1.05	0.95				
	104	1	40.277090545263164	8.164275110526315	0.0	0.0	1	1.018250185379161	-3.2888538120507556	138.0	11	1.05	0.95				
	105	1	38.6442355231579	7.619990103157896	0.0	0.0	1	1.032802570014603	-3.1629518964940866	138.0	11	1.05	0.95				
	106	1	74.02276100210527	15.239980206315792	0.0	-100.0	1	1.0414531774547533	-5.387380529901327	138.0	12	1.05	0.95				
	107	2	68.03562592105263	13.607125184210528	0.0	0.0	1	1.0232993005606958	-7.15190220459116	138.0	12	1.05	0.95				
	108	1	93.07273626000001	19.04997525789474	0.0	0.0	1	1.0155564703869389	-7.528865829806945	138.0	12	1.05	0.95				
	109	1	95.2498762894737	19.59426026526316	0.0	0.0	1	1.025640075297869	-3.5223041365616217	138.0	13	1.05	0.95				
	110	1	106.1355764368421	21.771400294736846	0.0	0.0	1	1.05	-4.494079853835115	138.0	13	1.05	0.95				
	111	1	0.0	0.0	0.0	0.0	1	1.006720915523714	-1.1956344136620132	230.0	13	1.05	0.95				
	112	1	0.0	0.0	0.0	0.0	1	1.0122518432920948	-0.7140387063817767	230.0	13	1.05	0.95				
	113	3	144.2355269526316	29.39139039789474	0.0	0.0	1	1.0043746148366268	6.662928370341495e-27	230.0	14	1.05	0.95				
	114	2	105.5912914294737	21.227115287368427	0.0	0.0	1	1.0032408586663788	0.6852141168565291	230.0	16	1.05	0.95				
	115	2	172.5383473357895	34.83424047157895	0.0	0.0	1	1.0384980570347726	7.020721839536905	230.0	16	1.05	0.95				
	116	2	54.42850073684211	10.885700147368423	0.0	0.0	1	1.0354175480135455	6.554699273806145	230.0	16	1.05	0.95				
	117	1	0.0	0.0	0.0	0.0	1	1.0412478841875816	8.883049502423127	230.0	17	1.05	0.95				
	118	2	181.24690745368423	37.011380501052635	0.0	0.0	1	1.0436040823755526	8.935265188789836	230.0	17	1.05	0.95				
	119	1	98.51558633368423	20.138545272631582	0.0	0.0	1	1.0299119903707652	5.255722430609165	230.0	15	1.05	0.95				
	120	1	69.6684809431579	14.15141019157895	0.0	0.0	1	1.029557053029168	5.172131318005709	230.0	15	1.05	0.95				
	121	2	0.0	0.0	0.0	0.0	1	1.0471456864685722	10.23137905565413	230.0	17	1.05	0.95				
	122	2	0.0	0.0	0.0	0.0	1	1.05	17.906966449846966	230.0	17	1.05	0.95				
	123	2	0.0	0.0	0.0	0.0	1	1.0304401803713679	5.539736064375436	230.0	15	1.05	0.95				
	124	1	0.0	0.0	0.0	0.0	1	1.0224073688113202	3.8379767304169325	230.0	16	1.05	0.95				
	201	2	66.24838659789474	13.495041714385964	0.0	0.0	2	1.0321484254638646	-14.17335140095051	138.0	21	1.05	0.95				
	202	2	59.50086574070175	12.268219740350878	0.0	0.0	2	1.0323640637454479	-14.266827915151248	138.0	22	1.05	0.95				
	203	1	110.41397766315788	22.69620651964912	0.0	0.0	2	1.020590455203638	-11.464450422366335	138.0	21	1.05	0.95				
	204	1	45.39241303929824	9.201164805263156	0.0	0.0	2	1.0170827205116255	-16.430869227047914	138.0	21	1.05	0.95				
	205	1	43.55218007824561	8.587753818245613	0.0	0.0	2	1.0330865350002425	-16.777057520882085	138.0	21	1.05	0.95				
	206	1	83.42389423438597	17.175507636491226	0.0	-100.0	2	1.0403348892251805	-18.81934412138636	138.0	22	1.05	0.95				
	207	2	76.67637337719297	15.335274675438596	0.0	0.0	2	0.9879680816929872	-28.06038588443826	138.0	22	1.05	0.95				
	208	1	104.89327877999999	21.46938454561403	0.0	0.0	2	0.9876165552225016	-25.098159629113905	138.0	22	1.05	0.95				
	209	1	107.34692272807015	22.08279553263158	0.0	0.0	2	1.02344006810948	-15.708647794694915	138.0	23	1.05	0.95				
	210	1	119.61514246842104	24.536439480701755	0.0	0.0	2	1.05	-17.477329447554265	138.0	23	1.05	0.95				
	211	1	0.0	0.0	0.0	0.0	2	1.016868819832486	-12.292292683446174	230.0	23	1.05	0.95				
	212	1	0.0	0.0	0.0	0.0	2	1.0154308428356298	-11.442863585307972	230.0	23	1.05	0.95				
	213	2	162.55391155964912	33.12419329894737	0.0	0.0	2	1.0179204295245554	-11.068294416417059	230.0	24	1.05	0.95				
	214	2	119.0017314814035	23.92302849368421	0.0	0.0	2	1.0269483383778406	-9.086366105494221	230.0	26	1.05	0.95				
	215	2	194.4512828845614	39.258303169122804	0.0	0.0	2	1.036744043945184	-0.4540746322248053	230.0	26	1.05	0.95				
	216	2	61.34109870175438	12.268219740350878	0.0	0.0	2	1.0402191086933228	-0.7993200825006921	230.0	26	1.05	0.95				
	217	1	0.0	0.0	0.0	0.0	2	1.041981814014399	2.4461646116470965	230.0	27	1.05	0.95				
	218	2	204.26585867684207	41.711947117192985	0.0	0.0	2	1.043423623723563	2.7646459668891668	230.0	27	1.05	0.95				
	219	1	111.02738865017542	22.69620651964912	0.0	0.0	2	1.0398513201543147	-1.6405623077597211	230.0	25	1.05	0.95				
	220	1	78.51660633824561	15.948685662456139	0.0	0.0	2	1.04452827442149	-1.2118261351980848	230.0	25	1.05	0.95				
	221	2	0.0	0.0	0.0	0.0	2	1.043120745997947	2.4529274594457746	230.0	27	1.05	0.95				
	222	2	0.0	0.0	0.0	0.0	2	1.05	8.95573732003369	230.0	27	1.05	0.95				
	223	2	0.0	0.0	0.0	0.0	2	1.0485675258594755	-0.5288789296407767	230.0	25	1.05	0.95				
	224	1	0.0	0.0	0.0	0.0	2	1.017009402278226	-4.556289637267297	230.0	26	1.05	0.95				
	301	2	49.780449208421054	10.140461875789473	0.0	0.0	3	1.0140123044147455	-6.754136166881367	138.0	31	1.05	0.95				
	302	2	44.71021827052631	9.218601705263158	0.0	0.0	3	1.0128899170598262	-7.0916317109459905	138.0	32	1.05	0.95				
	303	1	82.96741534736842	17.054413154736842	0.0	0.0	3	1.05	6.579308904223921	138.0	31	1.05	0.95				
	304	1	34.108826309473685	6.913951278947368	0.0	0.0	3	1.0111611132778429	-5.9605763846181	138.0	31	1.05	0.95				
	305	1	32.72603605368421	6.453021193684211	0.0	0.0	3	1.0263340850935982	-7.7826392501093205	138.0	31	1.05	0.95				
	306	1	62.68649159578948	12.906042387368421	0.0	-100.0	3	1.0406228180840138	-8.906593506754206	138.0	32	1.05	0.95				
	307	2	57.616260657894735	11.523252131578946	0.0	0.0	3	0.9891735161996641	-13.576717794793229	138.0	32	1.05	0.95				
	308	1	78.81904458	16.132552984210523	0.0	0.0	3	0.9952402754900712	-11.47149453442564	138.0	32	1.05	0.95				
	309	1	80.66276492105263	16.593483069473685	0.0	0.0	3	1.0241060586092505	-3.1367049589048275	138.0	33	1.05	0.95				
	310	1	89.88136662631578	18.437203410526315	0.0	0.0	3	1.05	-7.330680134197901	138.0	33	1.05	0.95				
	311	1	0.0	0.0	0.0	0.0	3	1.010168448689799	-2.811536939848603	230.0	33	1.05	0.95				
	312	1	0.0	0.0	0.0	0.0	3	1.0143495244324678	-2.2030690953993974	230.0	33	1.05	0.95				
	313	2	122.14647259473684	24.890224604210527	0.0	0.0	3	1.0121465150625926	-0.09297235085094438	230.0	34	1.05	0.95				
	314	2	89.42043654105262	17.976273325263158	0.0	0.0	3	1.0072419758367344	-2.674015154937999	230.0	36	1.05	0.95				
	315	2	146.11483702842105	29.499525456842107	0.0	0.0	3	1.0427028121395152	0.5348623554056662	230.0	36	1.05	0.95				
	316	2	46.093008526315785	9.218601705263158	0.0	0.0	3	1.0361815467225233	0.275385027686251	230.0	36	1.05	0.95				
	317	1	0.0	0.0	0.0	0.0	3	1.0441762598343907	2.0841245375249966	230.0	37	1.05	0.95				
	318	2	153.48971839263157	31.34324579789474	0.0	0.0	3	1.0433861294394784	1.2668834760708785	230.0	37	1.05	0.95				
	319	1	83.42834543263157	17.054413154736842	0.0	0.0	3	1.0285421072004866	-0.2858156531314884	230.0	35	1.05	0.95				
	320	1	58.999050913684215	11.984182216842106	0.0	0.0	3	1.0251522902378067	0.11828223238425557	230.0	35	1.05	0.95				
	321	2	0.0	0.0	0.0	0.0	3	1.0445963770919566	1.7849895808190552	230.0	37	1.05	0.95				
	322	2	0.0	0.0	0.0	0.0	3	1.05	6.232920492915899	230.0	37	1.05	0.95				
	323	2	0.0	0.0	0.0	0.0	3	1.0240910127623628	0.698455884581897	230.0	35	1.05	0.95				
	324	1	0.0	0.0	0.0	0.0	3	1.0428612816124911	2.8489388835137617	230.0	36	1.05	0.95				
	325	1	0.0	0.0	0.0	0.0	3	1.0241271981149753	1.5165891836469858	230.0	35	1.05	0.95				
];
