%% MATPOWER Case Format : Version 2
function mpc = RTS_GMLC
mpc.version = '2';

%%-----  Power Flow Data  -----%%
%% system MVA base
mpc.baseMVA = 100.0;
%% bus data
%    bus_i    type    Pd    Qd    Gs    Bs    area    Vm    Va    baseKV    zone    Vmax    Vmin
mpc.bus = [
	101	2	63.83275605473685	13.002968825964913	0.0	0.0	1	1.029914415549291	-0.776806112369767	138.0	11	1.05	0.95				
	102	2	57.33127164175439	11.820880750877194	0.0	0.0	1	1.029422510876724	-0.9699138296548918	138.0	12	1.05	0.95				
	103	1	106.38792675789475	21.86862938912281	0.0	0.0	1	1.024566279184092	-0.5923246592599976	138.0	11	1.05	0.95				
	104	1	43.73725877824562	8.865660563157896	0.0	0.0	1	1.0170508959952986	-3.8841284815361696	138.0	11	1.05	0.95				
	105	1	41.96412666561404	8.274616525614038	0.0	0.0	1	1.0319211342388679	-3.908585451026317	138.0	11	1.05	0.95				
	106	1	80.38198910596492	16.549233051228075	0.0	-100.0	1	1.03994718345269	-6.241670172140581	138.0	12	1.05	0.95				
	107	2	73.88050469298247	14.776100938596493	0.0	0.0	1	1.01016935600669	-11.374661739741656	138.0	12	1.05	0.95				
	108	1	101.06853042000002	20.68654131403509	0.0	0.0	1	1.0049933907476818	-10.329248651566472	138.0	12	1.05	0.95				
	109	1	103.43270657017544	21.27758535157895	0.0	0.0	1	1.0254174882781324	-3.863790628916655	138.0	13	1.05	0.95				
	110	1	115.25358732105263	23.641761501754388	0.0	0.0	1	1.05	-5.20728700259404	138.0	13	1.05	0.95				
	111	1	0.0	0.0	0.0	0.0	1	1.0119603415808642	-0.8443492007274666	230.0	13	1.05	0.95				
	112	1	0.0	0.0	0.0	0.0	1	1.0151377809077444	-0.7664135441918297	230.0	13	1.05	0.95				
	113	3	156.62666994912283	31.916378027368424	0.0	0.0	1	1.0108487774972374	2.07511966827194e-30	230.0	14	1.05	0.95				
	114	2	114.66254328350878	23.05071746421053	0.0	0.0	1	1.0158789170776987	2.1607560249646687	230.0	16	1.05	0.95				
	115	2	187.3609599014035	37.82681840280702	0.0	0.0	1	1.0449141184683544	10.89473820464729	230.0	16	1.05	0.95				
	116	2	59.10440375438597	11.820880750877194	0.0	0.0	1	1.04182439378343	9.915361546835566	230.0	16	1.05	0.95				
	117	1	0.0	0.0	0.0	0.0	1	1.0435787180176133	14.114964541130695	230.0	17	1.05	0.95				
	118	2	196.8176645021053	40.19099455298246	0.0	0.0	1	1.0497172195143236	14.153932473498072	230.0	17	1.05	0.95				
	119	1	106.97897079543861	21.86862938912281	0.0	0.0	1	1.0359260808886706	7.478884423641043	230.0	15	1.05	0.95				
	120	1	75.65363680561404	15.367144976140354	0.0	0.0	1	1.0365595647628052	6.478103307350321	230.0	15	1.05	0.95				
	121	2	0.0	0.0	0.0	0.0	1	1.05	15.581951995269666	230.0	17	1.05	0.95				
	122	2	0.0	0.0	0.0	0.0	1	1.05	30.99421154481362	230.0	17	1.05	0.95				
	123	2	0.0	0.0	0.0	0.0	1	1.0381406825376112	6.369728222831631	230.0	15	1.05	0.95				
	124	1	0.0	0.0	0.0	0.0	1	1.0228902273769578	6.630685738004302	230.0	16	1.05	0.95				
	201	2	68.15236896	13.882889973333334	0.0	0.0	2	1.0311878127085783	-16.178463012727605	138.0	21	1.05	0.95				
	202	2	61.21092397333333	12.620809066666668	0.0	0.0	2	1.0314975249855547	-16.24773543911019	138.0	22	1.05	0.95				
	203	1	113.5872816	23.348496773333334	0.0	0.0	2	1.0186053763156315	-13.534681544719733	138.0	21	1.05	0.95				
	204	1	46.69699354666667	9.4656068	0.0	0.0	2	1.0164557673724472	-18.238417016096655	138.0	21	1.05	0.95				
	205	1	44.803872186666666	8.834566346666668	0.0	0.0	2	1.0324459020281906	-18.59431102593428	138.0	21	1.05	0.95				
	206	1	85.82150165333334	17.669132693333335	0.0	-100.0	2	1.0397101584218602	-20.542214323823405	138.0	22	1.05	0.95				
	207	2	78.88005666666666	15.776011333333335	0.0	0.0	2	0.9852591282544166	-29.9959655120725	138.0	22	1.05	0.95				
	208	1	107.90791752	22.086415866666666	0.0	0.0	2	0.9852025320953908	-26.936665101393967	138.0	22	1.05	0.95				
	209	1	110.43207933333335	22.71745632	0.0	0.0	2	1.0236040777513695	-17.29955907066564	138.0	23	1.05	0.95				
	210	1	123.0528884	25.241618133333336	0.0	0.0	2	1.05	-19.044799486548975	138.0	23	1.05	0.95				
	211	1	0.0	0.0	0.0	0.0	2	1.019112619345119	-13.507617222777046	230.0	23	1.05	0.95				
	212	1	0.0	0.0	0.0	0.0	2	1.0158887977685596	-12.61854368207095	230.0	23	1.05	0.95				
	213	2	167.22572013333334	34.07618448	0.0	0.0	2	1.0211995189200354	-12.161028431086706	230.0	24	1.05	0.95				
	214	2	122.42184794666666	24.610577680000002	0.0	0.0	2	1.031851871538036	-10.082991595781722	230.0	26	1.05	0.95				
	215	2	200.03982370666668	40.386589013333335	0.0	0.0	2	1.0410017988503912	-1.067045248590684	230.0	26	1.05	0.95				
	216	2	63.10404533333334	12.620809066666668	0.0	0.0	2	1.0442070294499841	-1.3901939901880493	230.0	26	1.05	0.95				
	217	1	0.0	0.0	0.0	0.0	2	1.0457214521759772	2.069852097078777	230.0	27	1.05	0.95				
	218	2	210.13647096000003	42.91075082666667	0.0	0.0	2	1.047161205254107	2.290023916576967	230.0	27	1.05	0.95				
	219	1	114.21832205333334	23.348496773333334	0.0	0.0	2	1.042595080326733	-2.196391152450758	230.0	25	1.05	0.95				
	220	1	80.77317802666667	16.407051786666667	0.0	0.0	2	1.046366079860976	-1.7114213746840514	230.0	25	1.05	0.95				
	221	2	0.0	0.0	0.0	0.0	2	1.0466188449251184	1.9339154482511378	230.0	27	1.05	0.95				
	222	2	0.0	0.0	0.0	0.0	2	1.05	8.496408810854176	230.0	27	1.05	0.95				
	223	2	0.0	0.0	0.0	0.0	2	1.05	-0.985896805023204	230.0	25	1.05	0.95				
	224	1	0.0	0.0	0.0	0.0	2	1.0169557870813617	-5.687864202378767	230.0	26	1.05	0.95				
	301	2	49.57545080842106	10.098702942456141	0.0	0.0	3	1.0084559306622372	-10.169767765812438	138.0	31	1.05	0.95				
	302	2	44.52609933719298	9.18063903859649	0.0	0.0	3	1.0080381836221357	-10.362927812577889	138.0	32	1.05	0.95				
	303	1	82.62575134736842	16.984182221403508	0.0	0.0	3	1.039599857049783	-1.641375376023449	138.0	31	1.05	0.95				
	304	1	33.968364442807015	6.8854792789473676	0.0	0.0	3	1.0113744093694572	-8.810479225616271	138.0	31	1.05	0.95				
	305	1	32.59126858701754	6.426447327017544	0.0	0.0	3	1.0234413609413886	-10.270286995968593	138.0	31	1.05	0.95				
	306	1	62.42834546245615	12.852894654035088	0.0	-100.0	3	1.0395900070938762	-10.863638641595328	138.0	32	1.05	0.95				
	307	2	57.378993991228064	11.475798798245613	0.0	0.0	3	0.9908170444509193	-15.52298866322494	138.0	32	1.05	0.95				
	308	1	78.49446377999999	16.06611831754386	0.0	0.0	3	0.9974543261699506	-13.443864458316131	138.0	32	1.05	0.95				
	309	1	80.3305915877193	16.52515026947368	0.0	0.0	3	1.028834176305575	-5.673482638865402	138.0	33	1.05	0.95				
	310	1	89.51123062631578	18.36127807719298	0.0	0.0	3	1.05	-8.891638468964791	138.0	33	1.05	0.95				
	311	1	0.0	0.0	0.0	0.0	3	1.0101735460213306	-3.55315091671808	230.0	33	1.05	0.95				
	312	1	0.0	0.0	0.0	0.0	3	1.0142994346671925	-2.9505225016257635	230.0	33	1.05	0.95				
	313	2	121.64346726140349	24.78772540421053	0.0	0.0	3	1.0126924175979877	-0.38335389244896567	230.0	34	1.05	0.95				
	314	2	89.05219867438596	17.902246125263158	0.0	0.0	3	1.0082112680877369	-2.4941303267910286	230.0	36	1.05	0.95				
	315	2	145.5131287617544	29.378044923508774	0.0	0.0	3	1.0385055260528588	1.3450457963970142	230.0	36	1.05	0.95				
	316	2	45.90319519298245	9.18063903859649	0.0	0.0	3	1.0369409322687537	1.711118852958783	230.0	36	1.05	0.95				
	317	1	0.0	0.0	0.0	0.0	3	1.048017472757034	5.07835727227133	230.0	37	1.05	0.95				
	318	2	152.8576399926316	31.214172731228075	0.0	0.0	3	1.0457828103414903	3.305243122985683	230.0	37	1.05	0.95				
	319	1	83.08478329929825	16.984182221403508	0.0	0.0	3	1.0309824848621192	1.1016813876423066	230.0	35	1.05	0.95				
	320	1	58.75608984701755	11.934830750175438	0.0	0.0	3	1.0290196297966552	1.4564375674837893	230.0	35	1.05	0.95				
	321	2	0.0	0.0	0.0	0.0	3	1.04439597750522	3.2538365626781536	230.0	37	1.05	0.95				
	322	2	0.0	0.0	0.0	0.0	3	1.05	8.306756670112007	230.0	37	1.05	0.95				
	323	2	0.0	0.0	0.0	0.0	3	1.0287078359493533	2.004158113158054	230.0	35	1.05	0.95				
	324	1	0.0	0.0	0.0	0.0	3	1.0331097335195034	0.2197459304462749	230.0	36	1.05	0.95				
	325	1	0.0	0.0	0.0	0.0	3	1.0267592514791841	3.153579550792604	230.0	35	1.05	0.95				
];
