%% MATPOWER Case Format : Version 2
function mpc = RTS_GMLC
mpc.version = '2';

%%-----  Power Flow Data  -----%%
%% system MVA base
mpc.baseMVA = 100.0;
%% bus data
%    bus_i    type    Pd    Qd    Gs    Bs    area    Vm    Va    baseKV    zone    Vmax    Vmin
mpc.bus = [
	101	2	53.19841661052632	10.836714494736842	0.0	0.0	1	1.0310342903440821	-0.3021833540466509	138.0	11	1.05	0.95				
	102	2	47.780059363157896	9.85155863157895	0.0	0.0	1	1.0300660991282142	-0.5943321956403721	138.0	12	1.05	0.95				
	103	1	88.66402768421054	18.225383468421054	0.0	0.0	1	1.0280584988948	-0.35877578697032364	138.0	11	1.05	0.95				
	104	1	36.45076693684211	7.388668973684211	0.0	0.0	1	1.019087538750528	-3.2799148120539394	138.0	11	1.05	0.95				
	105	1	34.973033142105265	6.896091042105265	0.0	0.0	1	1.0339214237867078	-3.2268655907379213	138.0	11	1.05	0.95				
	106	1	66.99059869473686	13.79218208421053	0.0	-100.0	1	1.0430723413203993	-5.395568189414145	138.0	12	1.05	0.95				
	107	2	61.57224144736843	12.314448289473685	0.0	0.0	1	0.9992595978399171	-11.840855413013509	138.0	12	1.05	0.95				
	108	1	84.2308263	17.240227605263158	0.0	0.0	1	1.0009580148479575	-10.069155540047948	138.0	12	1.05	0.95				
	109	1	86.20113802631579	17.732805536842104	0.0	0.0	1	1.0249503738817984	-3.4715727315667517	138.0	13	1.05	0.95				
	110	1	96.05269665789474	19.7031172631579	0.0	0.0	1	1.05	-4.63026193492104	138.0	13	1.05	0.95				
	111	1	0.0	0.0	0.0	0.0	1	1.0080032719088696	-0.7962247649894127	230.0	13	1.05	0.95				
	112	1	0.0	0.0	0.0	0.0	1	1.0112637296415905	-0.8783676263457761	230.0	13	1.05	0.95				
	113	3	130.53315186842107	26.59920830526316	0.0	0.0	1	1.0029341585951657	-1.8937805610824203e-30	230.0	14	1.05	0.95				
	114	2	95.56011872631579	19.21053933157895	0.0	0.0	1	1.0100981685183394	1.8559299186876042	230.0	16	1.05	0.95				
	115	2	156.14720431052632	31.524987621052635	0.0	0.0	1	1.0431385890558504	9.544893694841475	230.0	16	1.05	0.95				
	116	2	49.25779315789474	9.85155863157895	0.0	0.0	1	1.0382732020141532	8.49376447077732	230.0	16	1.05	0.95				
	117	1	0.0	0.0	0.0	0.0	1	1.0419248122701923	13.136000527659485	230.0	17	1.05	0.95				
	118	2	164.0284512157895	33.49529934736843	0.0	0.0	1	1.0491623322661	13.432100346314016	230.0	17	1.05	0.95				
	119	1	89.15660561578949	18.225383468421054	0.0	0.0	1	1.0301158242970363	6.14525629852351	230.0	15	1.05	0.95				
	120	1	63.04997524210527	12.807026221052634	0.0	0.0	1	1.0276623449809124	5.0379168690397185	230.0	15	1.05	0.95				
	121	2	0.0	0.0	0.0	0.0	1	1.05	14.875960714266686	230.0	17	1.05	0.95				
	122	2	0.0	0.0	0.0	0.0	1	1.05	29.775219229227925	230.0	17	1.05	0.95				
	123	2	0.0	0.0	0.0	0.0	1	1.0271359295835834	4.804200059714721	230.0	15	1.05	0.95				
	124	1	0.0	0.0	0.0	0.0	1	1.0250881581979112	5.852983042847842	230.0	16	1.05	0.95				
	201	2	49.8095388	10.146387533333332	0.0	0.0	2	1.0216243069250077	-12.490229974607976	138.0	21	1.05	0.95				
	202	2	44.73634503333333	9.223988666666665	0.0	0.0	2	1.0221475658111583	-12.41322067306819	138.0	22	1.05	0.95				
	203	1	83.01589799999999	17.06437903333333	0.0	0.0	2	1.0162314579429061	-10.763388343285946	138.0	21	1.05	0.95				
	204	1	34.12875806666666	6.917991499999999	0.0	0.0	2	1.0155611364895867	-13.44282356764618	138.0	21	1.05	0.95				
	205	1	32.74515976666667	6.456792066666667	0.0	0.0	2	1.0302016475781715	-13.782579259618188	138.0	21	1.05	0.95				
	206	1	62.72312293333333	12.913584133333334	0.0	-100.0	2	1.0427569778907357	-14.95147128103424	138.0	22	1.05	0.95				
	207	2	57.64992916666666	11.529985833333333	0.0	0.0	2	0.991868706692839	-21.339801358972288	138.0	22	1.05	0.95				
	208	1	78.86510309999998	16.141980166666663	0.0	0.0	2	0.9969051384766181	-19.227125641244303	138.0	22	1.05	0.95				
	209	1	80.70990083333332	16.603179599999997	0.0	0.0	2	1.0233649385217638	-12.383483725714399	138.0	23	1.05	0.95				
	210	1	89.93388949999999	18.44797733333333	0.0	0.0	2	1.05	-13.608235544102598	138.0	23	1.05	0.95				
	211	1	0.0	0.0	0.0	0.0	2	1.0079643491674544	-9.283457751114419	230.0	23	1.05	0.95				
	212	1	0.0	0.0	0.0	0.0	2	1.009713069644613	-8.191007563524444	230.0	23	1.05	0.95				
	213	2	122.21784983333333	24.9047694	0.0	0.0	2	1.0057151270311167	-7.67598321813226	230.0	24	1.05	0.95				
	214	2	89.47269006666666	17.9867779	0.0	0.0	2	1.009729482736378	-6.8878059116513635	230.0	26	1.05	0.95				
	215	2	146.20022036666666	29.516763733333335	0.0	0.0	2	1.0261771022730888	-0.7124804505429924	230.0	26	1.05	0.95				
	216	2	46.11994333333333	9.223988666666665	0.0	0.0	2	1.0278789146876413	-0.6971534899185585	230.0	26	1.05	0.95				
	217	1	0.0	0.0	0.0	0.0	2	1.0316785471666017	0.9801296187053338	230.0	27	1.05	0.95				
	218	2	153.5794113	31.361561466666664	0.0	0.0	2	1.0306178253323075	0.3202206886100182	230.0	27	1.05	0.95				
	219	1	83.47709743333333	17.06437903333333	0.0	0.0	2	1.0291113490885861	-0.3449119145289304	230.0	25	1.05	0.95				
	220	1	59.03352746666667	11.991185266666667	0.0	0.0	2	1.0335267976793323	0.8516227005579762	230.0	25	1.05	0.95				
	221	2	0.0	0.0	0.0	0.0	2	1.0322102677795297	0.7844274713571204	230.0	27	1.05	0.95				
	222	2	0.0	0.0	0.0	0.0	2	1.05	7.355874488528426	230.0	27	1.05	0.95				
	223	2	0.0	0.0	0.0	0.0	2	1.0370392266549082	1.852592963962344	230.0	25	1.05	0.95				
	224	1	0.0	0.0	0.0	0.0	2	1.0100745382802423	-4.478270024906568	230.0	26	1.05	0.95				
	301	2	40.743435637894734	8.29958874105263	0.0	0.0	3	1.0109595259743256	-6.869993386113693	138.0	31	1.05	0.95				
	302	2	36.59364126736842	7.545080673684211	0.0	0.0	3	1.0109174960582892	-6.9339582924042595	138.0	32	1.05	0.95				
	303	1	67.90572606315789	13.958399246315789	0.0	0.0	3	1.0229056510895518	-2.5967974407066112	138.0	31	1.05	0.95				
	304	1	27.916798492631578	5.658810505263157	0.0	0.0	3	1.0135196590792004	-5.309908551862588	138.0	31	1.05	0.95				
	305	1	26.78503639157894	5.281556471578948	0.0	0.0	3	1.025756287509388	-6.415037069998625	138.0	31	1.05	0.95				
	306	1	51.30654858105264	10.563112943157895	0.0	-100.0	3	1.0426570591945616	-6.619317203519122	138.0	32	1.05	0.95				
	307	2	47.156754210526316	9.431350842105262	0.0	0.0	3	0.9854301173897188	-10.15410625905945	138.0	32	1.05	0.95				
	308	1	64.51043976	13.203891178947366	0.0	0.0	3	0.9974374930137307	-8.536642188217067	138.0	32	1.05	0.95				
	309	1	66.01945589473684	13.58114521263158	0.0	0.0	3	1.0272432011618722	-2.4391214601339133	138.0	33	1.05	0.95				
	310	1	73.56453656842105	15.090161347368422	0.0	0.0	3	1.05	-4.743484071798411	138.0	33	1.05	0.95				
	311	1	0.0	0.0	0.0	0.0	3	1.004435154675229	0.20539756451189456	230.0	33	1.05	0.95				
	312	1	0.0	0.0	0.0	0.0	3	1.009597903985326	0.6119951670131895	230.0	33	1.05	0.95				
	313	2	99.97231892631578	20.371717818947367	0.0	0.0	3	1.006978415506303	3.3731940940087086	230.0	34	1.05	0.95				
	314	2	73.18728253473684	14.712907313684209	0.0	0.0	3	0.9974944223624468	1.3802259027867223	230.0	36	1.05	0.95				
	315	2	119.58952867789472	24.144258155789473	0.0	0.0	3	1.0285119861407155	4.980196370544645	230.0	36	1.05	0.95				
	316	2	37.72540336842105	7.545080673684211	0.0	0.0	3	1.02636264681129	5.232911672005278	230.0	36	1.05	0.95				
	317	1	0.0	0.0	0.0	0.0	3	1.042355016987415	10.001219835043718	230.0	37	1.05	0.95				
	318	2	125.6255932168421	25.65327429052632	0.0	0.0	3	1.0405893200096925	7.866545030872012	230.0	37	1.05	0.95				
	319	1	68.28298009684211	13.958399246315789	0.0	0.0	3	1.019833819215326	4.518713613615342	230.0	35	1.05	0.95				
	320	1	48.288516311578945	9.808604875789474	0.0	0.0	3	1.0165102201439502	4.641364786580852	230.0	35	1.05	0.95				
	321	2	0.0	0.0	0.0	0.0	3	1.0385663222273145	7.529690356081475	230.0	37	1.05	0.95				
	322	2	0.0	0.0	0.0	0.0	3	1.05	12.81928589629571	230.0	37	1.05	0.95				
	323	2	0.0	0.0	0.0	0.0	3	1.0150467766850502	5.008283504984547	230.0	35	1.05	0.95				
	324	1	0.0	0.0	0.0	0.0	3	1.0167413446926374	2.1320240794883025	230.0	36	1.05	0.95				
	325	1	0.0	0.0	0.0	0.0	3	1.0159321462578825	5.869673647634961	230.0	35	1.05	0.95				
];
