%% MATPOWER Case Format : Version 2
function mpc = RTS_GMLC
mpc.version = '2';

%%-----  Power Flow Data  -----%%
%% system MVA base
mpc.baseMVA = 100.0;
%% bus data
%    bus_i    type    Pd    Qd    Gs    Bs    area    Vm    Va    baseKV    zone    Vmax    Vmin
mpc.bus = [
	101	2	89.16279070736843	18.162790699649122	0.0	0.0	1	1.0334557564025462	-5.917162606904498	138.0	11	1.05	0.95				
	102	2	80.08139535754385	16.51162790877193	0.0	0.0	1	1.033452374698068	-5.97341657130893	138.0	12	1.05	0.95				
	103	1	148.6046511789474	30.546511631228075	0.0	0.0	1	1.0168554017318578	-5.935784908789988	138.0	11	1.05	0.95				
	104	1	61.09302326245615	12.383720931578948	0.0	0.0	1	1.0152554099231368	-8.370060106056293	138.0	11	1.05	0.95				
	105	1	58.61627907614035	11.558139536140352	0.0	0.0	1	1.0308903793959387	-8.477430129865267	138.0	11	1.05	0.95				
	106	1	112.27906977964915	23.116279072280705	0.0	-100.0	1	1.034367242440975	-10.660756303593509	138.0	12	1.05	0.95				
	107	2	103.19767442982457	20.639534885964913	0.0	0.0	1	1.0479680731491996	-6.3329926835204144	138.0	12	1.05	0.95				
	108	1	141.17441861999998	28.895348840350877	0.0	0.0	1	1.0221365180982633	-9.471024648416106	138.0	12	1.05	0.95				
	109	1	144.4767442017544	29.72093023578947	0.0	0.0	1	1.0270603630671167	-6.989335885770386	138.0	13	1.05	0.95				
	110	1	160.9883721105263	33.02325581754386	0.0	0.0	1	1.05	-8.46676551649499	138.0	13	1.05	0.95				
	111	1	0.0	0.0	0.0	0.0	1	1.0177520448267463	-3.233062041122055	230.0	13	1.05	0.95				
	112	1	0.0	0.0	0.0	0.0	1	1.018624857916205	-2.068908613479594	230.0	13	1.05	0.95				
	113	3	218.7790697912281	44.581395353684215	0.0	0.0	1	1.0244257246996793	-2.5052451714458098e-28	230.0	14	1.05	0.95				
	114	2	160.1627907150877	32.197674422105266	0.0	0.0	1	1.0228221260833747	-1.5819930658397863	230.0	16	1.05	0.95				
	115	2	261.7093023540351	52.83720930807018	0.0	0.0	1	1.0446770637671832	5.995358471439564	230.0	16	1.05	0.95				
	116	2	82.55813954385965	16.51162790877193	0.0	0.0	1	1.045184173290649	5.767719858542326	230.0	16	1.05	0.95				
	117	1	0.0	0.0	0.0	0.0	1	1.0478478757390626	8.736732565442018	230.0	17	1.05	0.95				
	118	2	274.91860468105267	56.139534889824574	0.0	0.0	1	1.0494132424632852	9.337274058281794	230.0	17	1.05	0.95				
	119	1	149.43023257438597	30.546511631228075	0.0	0.0	1	1.0397553461994753	4.840713490528722	230.0	15	1.05	0.95				
	120	1	105.67441861614036	21.46511628140351	0.0	0.0	1	1.042556836638836	5.586498176407742	230.0	15	1.05	0.95				
	121	2	0.0	0.0	0.0	0.0	1	1.05	10.194906030510172	230.0	17	1.05	0.95				
	122	2	0.0	0.0	0.0	0.0	1	1.05	16.318515199547512	230.0	17	1.05	0.95				
	123	2	0.0	0.0	0.0	0.0	1	1.0467005364258783	6.598060641382943	230.0	15	1.05	0.95				
	124	1	0.0	0.0	0.0	0.0	1	1.0192843704855226	1.5970530046216205	230.0	16	1.05	0.95				
	201	2	84.50621753684212	17.214229498245615	0.0	0.0	2	1.0464301692233409	-10.624835711045495	138.0	21	1.05	0.95				
	202	2	75.8991027877193	15.649299543859652	0.0	0.0	2	1.046950989112066	-10.647483682140566	138.0	22	1.05	0.95				
	203	1	140.84369589473684	28.951204156140353	0.0	0.0	2	1.0282457458147465	-8.504090410590386	138.0	21	1.05	0.95				
	204	1	57.902408312280706	11.736974657894736	0.0	0.0	2	1.0217318846110082	-12.772537509650395	138.0	21	1.05	0.95				
	205	1	55.55501338070176	10.954509680701756	0.0	0.0	2	1.0381851088922678	-13.111122180123713	138.0	21	1.05	0.95				
	206	1	106.41523689824561	21.909019361403512	0.0	-100.0	2	1.0390251921231832	-15.220985959278554	138.0	22	1.05	0.95				
	207	2	97.80812214912281	19.561624429824562	0.0	0.0	2	0.9512239074153952	-27.29868791490623	138.0	22	1.05	0.95				
	208	1	133.8015111	27.386274201754386	0.0	0.0	2	0.9576321314725894	-23.349543923558926	138.0	22	1.05	0.95				
	209	1	136.93137100877192	28.168739178947366	0.0	0.0	2	1.0259335618852858	-11.381921503751993	138.0	23	1.05	0.95				
	210	1	152.58067055263157	31.298599087719303	0.0	0.0	2	1.05	-13.208421600909494	138.0	23	1.05	0.95				
	211	1	0.0	0.0	0.0	0.0	2	1.0298740863098905	-6.20040318873562	230.0	23	1.05	0.95				
	212	1	0.0	0.0	0.0	0.0	2	1.0223357004517022	-4.9104564277549745	230.0	23	1.05	0.95				
	213	2	207.35321895614035	42.25310876842106	0.0	0.0	2	1.044779979287945	-2.144357538519474	230.0	24	1.05	0.95				
	214	2	151.7982055754386	30.516134110526316	0.0	0.0	2	1.0471326827819794	-3.891580587759564	230.0	26	1.05	0.95				
	215	2	248.04139777017542	50.07775854035088	0.0	0.0	2	1.0463119258000793	4.276181826172468	230.0	26	1.05	0.95				
	216	2	78.24649771929825	15.649299543859652	0.0	0.0	2	1.0496945289792319	4.197084696448814	230.0	26	1.05	0.95				
	217	1	0.0	0.0	0.0	0.0	2	1.049968797729377	7.184224508667805	230.0	27	1.05	0.95				
	218	2	260.56083740526316	53.207618449122805	0.0	0.0	2	1.05	7.961596830276424	230.0	27	1.05	0.95				
	219	1	141.62616087192984	28.951204156140353	0.0	0.0	2	1.044160282193383	3.767481943909044	230.0	25	1.05	0.95				
	220	1	100.15551708070176	20.344089407017545	0.0	0.0	2	1.0462930946868492	4.854547473680966	230.0	25	1.05	0.95				
	221	2	0.0	0.0	0.0	0.0	2	1.05	8.455193311338581	230.0	27	1.05	0.95				
	222	2	0.0	0.0	0.0	0.0	2	1.05	14.468453088937974	230.0	27	1.05	0.95				
	223	2	0.0	0.0	0.0	0.0	2	1.05	6.018913514290017	230.0	25	1.05	0.95				
	224	1	0.0	0.0	0.0	0.0	2	1.0233601499373675	-0.4806558342500147	230.0	26	1.05	0.95				
	301	2	71.5444479663158	14.573869030175437	0.0	0.0	3	1.0145864744354032	-16.37830865491683	138.0	31	1.05	0.95				
	302	2	64.25751345122806	13.248971845614035	0.0	0.0	3	1.0131372111781942	-16.758392826116367	138.0	32	1.05	0.95				
	303	1	119.24074661052633	24.510597914385965	0.0	0.0	3	1.0251690350692564	-10.274621222939512	138.0	31	1.05	0.95				
	304	1	49.02119582877193	9.936728884210526	0.0	0.0	3	1.0090214374819295	-15.584757389513557	138.0	31	1.05	0.95				
	305	1	47.03385005192982	9.274280291929825	0.0	0.0	3	1.0235201850791296	-16.274656653690588	138.0	31	1.05	0.95				
	306	1	90.09300855017544	18.54856058385965	0.0	-100.0	3	1.0347860753894271	-16.961767564887623	138.0	32	1.05	0.95				
	307	2	82.80607403508772	16.561214807017542	0.0	0.0	3	1.0079467700771203	-18.423155064884057	138.0	32	1.05	0.95				
	308	1	113.27870927999999	23.18570072982456	0.0	0.0	3	1.0026942129435512	-18.21077562199196	138.0	32	1.05	0.95				
	309	1	115.92850364912279	23.84814932210526	0.0	0.0	3	1.028029528092124	-11.92036538166516	138.0	33	1.05	0.95				
	310	1	129.17747549473683	26.49794369122807	0.0	0.0	3	1.05	-14.048445084905488	138.0	33	1.05	0.95				
	311	1	0.0	0.0	0.0	0.0	3	1.0190985142088298	-7.301075611865016	230.0	33	1.05	0.95				
	312	1	0.0	0.0	0.0	0.0	3	1.018230588328357	-5.8397847127001254	230.0	33	1.05	0.95				
	313	2	175.54887695438595	35.7722239831579	0.0	0.0	3	1.0300880998329154	-2.599918734736844	230.0	34	1.05	0.95				
	314	2	128.51502690245613	25.83549509894737	0.0	0.0	3	1.0269309109232643	-5.791665480092794	230.0	36	1.05	0.95				
	315	2	209.99620375298247	42.39670990596491	0.0	0.0	3	1.046416449414122	0.3725793140708695	230.0	36	1.05	0.95				
	316	2	66.24485922807017	13.248971845614035	0.0	0.0	3	1.0449404710334165	0.37014089599850164	230.0	36	1.05	0.95				
	317	1	0.0	0.0	0.0	0.0	3	1.0473215672273601	2.3497662656130864	230.0	37	1.05	0.95				
	318	2	220.59538122947367	45.04650427508772	0.0	0.0	3	1.0475346858991177	2.50433397469757	230.0	37	1.05	0.95				
	319	1	119.90319520280701	24.510597914385965	0.0	0.0	3	1.042346647132946	0.7930063528990177	230.0	35	1.05	0.95				
	320	1	84.79341981192982	17.223663399298246	0.0	0.0	3	1.0458323210802194	2.403244044721327	230.0	35	1.05	0.95				
	321	2	0.0	0.0	0.0	0.0	3	1.05	3.709352907590428	230.0	37	1.05	0.95				
	322	2	0.0	0.0	0.0	0.0	3	1.05	8.950863030138516	230.0	37	1.05	0.95				
	323	2	0.0	0.0	0.0	0.0	3	1.05	3.7665764488496327	230.0	35	1.05	0.95				
	324	1	0.0	0.0	0.0	0.0	3	1.0251114880995011	-3.574340145051342	230.0	36	1.05	0.95				
	325	1	0.0	0.0	0.0	0.0	3	1.0492547886428916	4.301260979628251	230.0	35	1.05	0.95				
];
