%% MATPOWER Case Format : Version 2
function mpc = RTS_GMLC
mpc.version = '2';

%%-----  Power Flow Data  -----%%
%% system MVA base
mpc.baseMVA = 100.0;
%% bus data
%    bus_i    type    Pd    Qd    Gs    Bs    area    Vm    Va    baseKV    zone    Vmax    Vmin
mpc.bus = [
	101	2	85.87629886736843	17.493320139649125	0.0	0.0	1	1.037325350737951	-2.679140711565057	138.0	11	1.05	0.95				
	102	2	77.12963879754385	15.903018308771932	0.0	0.0	1	1.0373440317885707	-2.7472641290825313	138.0	12	1.05	0.95				
	103	1	143.1271647789474	29.420583871228068	0.0	0.0	1	1.0207303393908562	-3.6100616638031884	138.0	11	1.05	0.95				
	104	1	58.841167742456136	11.927263731578947	0.0	0.0	1	1.0179199190869226	-5.8426330677578155	138.0	11	1.05	0.95				
	105	1	56.45571499614035	11.132112816140353	0.0	0.0	1	1.0329417776674272	-5.924503931818208	138.0	11	1.05	0.95				
	106	1	108.14052449964913	22.264225632280706	0.0	-100.0	1	1.0358343003739565	-8.46194610658092	138.0	12	1.05	0.95				
	107	2	99.39386442982456	19.878772885964914	0.0	0.0	1	1.05	-4.765529550599148	138.0	12	1.05	0.95				
	108	1	135.97080654	27.830282040350873	0.0	0.0	1	1.0242867179998425	-7.746919402664176	138.0	12	1.05	0.95				
	109	1	139.1514102017544	28.62543295578947	0.0	0.0	1	1.027072522261023	-5.336412454175786	138.0	13	1.05	0.95				
	110	1	155.05442851052632	31.806036617543864	0.0	0.0	1	1.05	-6.724064976958668	138.0	13	1.05	0.95				
	111	1	0.0	0.0	0.0	0.0	1	1.0152502724507055	-2.273731714935854	230.0	13	1.05	0.95				
	112	1	0.0	0.0	0.0	0.0	1	1.0173662923465059	-1.2216698358228524	230.0	13	1.05	0.95				
	113	3	210.71499259122808	42.93814943368422	0.0	0.0	1	1.018509296869234	-9.673020948020592e-27	230.0	14	1.05	0.95				
	114	2	154.2592775950877	31.010885702105266	0.0	0.0	1	1.017862008108814	-0.477980371111096	230.0	16	1.05	0.95				
	115	2	252.06284019403506	50.889658588070176	0.0	0.0	1	1.044904563741312	7.121248603033351	230.0	16	1.05	0.95				
	116	2	79.51509154385965	15.903018308771932	0.0	0.0	1	1.04371125879853	6.870474227464697	230.0	16	1.05	0.95				
	117	1	0.0	0.0	0.0	0.0	1	1.0473567853734698	9.80144034057082	230.0	17	1.05	0.95				
	118	2	264.7852548410527	54.070262249824566	0.0	0.0	1	1.0493016316170003	10.40329419410631	230.0	17	1.05	0.95				
	119	1	143.922315694386	29.420583871228068	0.0	0.0	1	1.0381912520419916	5.878915066456484	230.0	15	1.05	0.95				
	120	1	101.77931717614035	20.67392380140351	0.0	0.0	1	1.0403169479818186	6.409341496663927	230.0	15	1.05	0.95				
	121	2	0.0	0.0	0.0	0.0	1	1.05	11.039341352189155	230.0	17	1.05	0.95				
	122	2	0.0	0.0	0.0	0.0	1	1.05	17.197416927873427	230.0	17	1.05	0.95				
	123	2	0.0	0.0	0.0	0.0	1	1.0438704661345442	7.284572952414585	230.0	15	1.05	0.95				
	124	1	0.0	0.0	0.0	0.0	1	1.0224208759967401	3.1545460570150117	230.0	16	1.05	0.95				
	201	2	87.29419172210527	17.782150165614038	0.0	0.0	2	1.0368002845487638	-10.105342374559436	138.0	21	1.05	0.95				
	202	2	78.40311663929825	16.165591059649127	0.0	0.0	2	1.0387836080404365	-10.241238138277746	138.0	22	1.05	0.95				
	203	1	145.49031953684212	29.906343460350882	0.0	0.0	2	1.0266013466052497	-7.6089853656789	138.0	21	1.05	0.95				
	204	1	59.812686920701765	12.124193294736843	0.0	0.0	2	1.0183376253029734	-11.669194562297413	138.0	21	1.05	0.95				
	205	1	57.38784826175439	11.315913741754388	0.0	0.0	2	1.0330401707274286	-12.026304608497641	138.0	21	1.05	0.95				
	206	1	109.92601920561407	22.631827483508776	0.0	-100.0	2	1.0364992986824986	-13.86616462203478	138.0	22	1.05	0.95				
	207	2	101.03494412280702	20.206988824561407	0.0	0.0	2	0.95	-25.524549584620218	138.0	22	1.05	0.95				
	208	1	138.21580356	28.289784354385965	0.0	0.0	2	0.9563772697017546	-21.65397059736332	138.0	22	1.05	0.95				
	209	1	141.44892177192986	29.09806390736842	0.0	0.0	2	1.0275069880686067	-9.576423215394836	138.0	23	1.05	0.95				
	210	1	157.61451283157896	32.331182119298255	0.0	0.0	2	1.05	-11.429890345047934	138.0	23	1.05	0.95				
	211	1	0.0	0.0	0.0	0.0	2	1.0335216937834817	-4.96333659359133	230.0	23	1.05	0.95				
	212	1	0.0	0.0	0.0	0.0	2	1.0289103625726006	-1.0710102156061527	230.0	23	1.05	0.95				
	213	2	214.1940815403509	43.647095861052634	0.0	0.0	2	1.05	-0.9217277451340821	230.0	24	1.05	0.95				
	214	2	156.8062332785965	31.522902566315796	0.0	0.0	2	1.05	-3.207727621368594	230.0	26	1.05	0.95				
	215	2	256.22461829543863	51.7298913908772	0.0	0.0	2	1.0454740751050198	4.178737585032918	230.0	26	1.05	0.95				
	216	2	80.82795529824563	16.165591059649127	0.0	0.0	2	1.05	4.2612107903693195	230.0	26	1.05	0.95				
	217	1	0.0	0.0	0.0	0.0	2	1.0497975086674416	7.268224313644031	230.0	27	1.05	0.95				
	218	2	269.1570911431579	54.963009602807034	0.0	0.0	2	1.05	7.95275921224009	230.0	27	1.05	0.95				
	219	1	146.2985990898246	29.906343460350882	0.0	0.0	2	1.044062840896146	3.83964896853417	230.0	25	1.05	0.95				
	220	1	103.4597827817544	21.015268377543865	0.0	0.0	2	1.0461592664717996	4.98156573643017	230.0	25	1.05	0.95				
	221	2	0.0	0.0	0.0	0.0	2	1.05	8.42055386455812	230.0	27	1.05	0.95				
	222	2	0.0	0.0	0.0	0.0	2	1.05	14.480426641927119	230.0	27	1.05	0.95				
	223	2	0.0	0.0	0.0	0.0	2	1.05	6.194429608719812	230.0	25	1.05	0.95				
	224	1	0.0	0.0	0.0	0.0	2	1.0235948072583958	-0.20376718634547034	230.0	26	1.05	0.95				
	301	2	73.21860170526317	14.91490034736842	0.0	0.0	3	1.0073088231096057	-17.032199790462922	138.0	31	1.05	0.95				
	302	2	65.76115153157895	13.559000315789474	0.0	0.0	3	1.0067638718635181	-17.169793515651214	138.0	32	1.05	0.95				
	303	1	122.03100284210527	25.084150584210523	0.0	0.0	3	1.0199276004129734	-9.973387120331957	138.0	31	1.05	0.95				
	304	1	50.168301168421046	10.169250236842105	0.0	0.0	3	1.0042010719368095	-14.901578891455769	138.0	31	1.05	0.95				
	305	1	48.13445112105263	9.491300221052633	0.0	0.0	3	1.0186238576027586	-15.466282996125097	138.0	31	1.05	0.95				
	306	1	92.20120214736842	18.982600442105266	0.0	-100.0	3	1.032356173700811	-15.331854325149209	138.0	32	1.05	0.95				
	307	2	84.74375197368421	16.94875039473684	0.0	0.0	3	1.000239510280173	-19.50108631963271	138.0	32	1.05	0.95				
	308	1	115.92945269999998	23.72825055263158	0.0	0.0	3	0.9988707537222948	-17.45367907120225	138.0	32	1.05	0.95				
	309	1	118.6412527631579	24.406200568421053	0.0	0.0	3	1.0268592996512884	-10.282711093205403	138.0	33	1.05	0.95				
	310	1	132.20025307894736	27.118000631578948	0.0	0.0	3	1.05	-11.7269428759643	138.0	33	1.05	0.95				
	311	1	0.0	0.0	0.0	0.0	3	1.019178477369328	-4.257686394287376	230.0	33	1.05	0.95				
	312	1	0.0	0.0	0.0	0.0	3	1.0198809807942104	-3.5431470176997837	230.0	33	1.05	0.95				
	313	2	179.6567541842105	36.609300852631584	0.0	0.0	3	1.0352474091909434	1.196938653415043	230.0	34	1.05	0.95				
	314	2	131.5223030631579	26.440050615789474	0.0	0.0	3	1.0282526478324312	-2.4075146247921455	230.0	36	1.05	0.95				
	315	2	214.91015500526314	43.388801010526315	0.0	0.0	3	1.0433133085560247	-0.15340872256685417	230.0	36	1.05	0.95				
	316	2	67.79500157894736	13.559000315789474	0.0	0.0	3	1.0418732978405214	0.3967448908948674	230.0	36	1.05	0.95				
	317	1	0.0	0.0	0.0	0.0	3	1.04523172793602	1.9106500400963653	230.0	37	1.05	0.95				
	318	2	225.75735525789474	46.10060107368421	0.0	0.0	3	1.0454852574072797	1.8894537513706133	230.0	37	1.05	0.95				
	319	1	122.70895285789474	25.084150584210523	0.0	0.0	3	1.0390342676052073	0.7276713617979139	230.0	35	1.05	0.95				
	320	1	86.77760202105263	17.626700410526315	0.0	0.0	3	1.03958504432903	1.1755938282342508	230.0	35	1.05	0.95				
	321	2	0.0	0.0	0.0	0.0	3	1.048177860250196	2.8720665865302575	230.0	37	1.05	0.95				
	322	2	0.0	0.0	0.0	0.0	3	1.05	8.266648922842924	230.0	37	1.05	0.95				
	323	2	0.0	0.0	0.0	0.0	3	1.0406424807621517	1.5305136342630525	230.0	35	1.05	0.95				
	324	1	0.0	0.0	0.0	0.0	3	1.0244224286554091	-2.232880372396295	230.0	36	1.05	0.95				
	325	1	0.0	0.0	0.0	0.0	3	1.039542460870098	2.329525208383586	230.0	35	1.05	0.95				
];
