%% MATPOWER Case Format : Version 2
function mpc = RTS_GMLC
mpc.version = '2';

%%-----  Power Flow Data  -----%%
%% system MVA base
mpc.baseMVA = 100.0;
%% bus data
%    bus_i    type    Pd    Qd    Gs    Bs    area    Vm    Va    baseKV    zone    Vmax    Vmin
mpc.bus = [
	101	2	74.68085106947369	15.212765958596492	0.0	0.0	1	1.0439912497212418	1.9836814182072744	138.0	11	1.05	0.95				
	102	2	67.07446809017543	13.829787235087718	0.0	0.0	1	1.0433591107984594	1.6966944924648308	138.0	12	1.05	0.95				
	103	1	124.46808511578946	25.585106384912276	0.0	0.0	1	1.0296434753884227	0.4458769488677701	138.0	11	1.05	0.95				
	104	1	51.17021276982455	10.37234042631579	0.0	0.0	1	1.024117254720535	-2.218125680991877	138.0	11	1.05	0.95				
	105	1	49.095744684561396	9.680851064561404	0.0	0.0	1	1.0364792020190114	-2.624597226036155	138.0	11	1.05	0.95				
	106	1	94.0425531985965	19.361702129122808	0.0	-100.0	1	1.039240393980475	-5.884997923957694	138.0	12	1.05	0.95				
	107	2	86.43617021929823	17.287234043859648	0.0	0.0	1	1.0336908246826262	-11.877573135483079	138.0	12	1.05	0.95				
	108	1	118.24468085999999	24.202127661403505	0.0	0.0	1	1.0156731944341857	-10.88491561296716	138.0	12	1.05	0.95				
	109	1	121.01063830701753	24.89361702315789	0.0	0.0	1	1.0266150022988358	-3.7156975954816795	138.0	13	1.05	0.95				
	110	1	134.84042554210524	27.659574470175436	0.0	0.0	1	1.05	-5.17839887440932	138.0	13	1.05	0.95				
	111	1	0.0	0.0	0.0	0.0	1	1.0115723983380085	-1.1967704472475442	230.0	13	1.05	0.95				
	112	1	0.0	0.0	0.0	0.0	1	1.0163896512758883	-0.8817000250567124	230.0	13	1.05	0.95				
	113	3	183.24468086491225	37.340425534736845	0.0	0.0	1	1.0125563705981393	7.292021029195491e-28	230.0	14	1.05	0.95				
	114	2	134.14893618035086	26.968085108421054	0.0	0.0	1	1.0110197310012936	1.0790570665047856	230.0	16	1.05	0.95				
	115	2	219.20212767614032	44.2553191522807	0.0	0.0	1	1.044515055195034	9.514975303492536	230.0	16	1.05	0.95				
	116	2	69.14893617543859	13.829787235087718	0.0	0.0	1	1.04174329298826	8.416695077242839	230.0	16	1.05	0.95				
	117	1	0.0	0.0	0.0	0.0	1	1.045560196162887	11.830953029206096	230.0	17	1.05	0.95				
	118	2	230.26595746421052	47.02127659929825	0.0	0.0	1	1.0480264412920535	12.58437037594606	230.0	17	1.05	0.95				
	119	1	125.15957447754384	25.585106384912276	0.0	0.0	1	1.035546443318166	6.457205843092223	230.0	15	1.05	0.95				
	120	1	88.5106383045614	17.978723405614033	0.0	0.0	1	1.0355643277470092	5.548922483708928	230.0	15	1.05	0.95				
	121	2	0.0	0.0	0.0	0.0	1	1.05	14.365611464615965	230.0	17	1.05	0.95				
	122	2	0.0	0.0	0.0	0.0	1	1.05	20.01724016874473	230.0	17	1.05	0.95				
	123	2	0.0	0.0	0.0	0.0	1	1.0372672061404835	5.565481731940952	230.0	15	1.05	0.95				
	124	1	0.0	0.0	0.0	0.0	1	1.0275000667219358	6.13543298828574	230.0	16	1.05	0.95				
	201	2	87.80418701052632	17.886038094736843	0.0	0.0	2	1.0372347288501313	-17.37788586689992	138.0	21	1.05	0.95				
	202	2	78.8611679631579	16.26003463157895	0.0	0.0	2	1.0409313396294988	-17.497494667478218	138.0	22	1.05	0.95				
	203	1	146.34031168421052	30.081064068421053	0.0	0.0	2	1.0217968057868756	-14.191093921257735	138.0	21	1.05	0.95				
	204	1	60.16212813684211	12.19502597368421	0.0	0.0	2	1.0185564489822925	-18.679084365365934	138.0	21	1.05	0.95				
	205	1	57.72312294210526	11.382024242105265	0.0	0.0	2	1.0332267084142344	-19.11667281442389	138.0	21	1.05	0.95				
	206	1	110.56823549473684	22.76404848421053	0.0	-100.0	2	1.0369469946199283	-20.85508054645952	138.0	22	1.05	0.95				
	207	2	101.62521644736842	20.325043289473683	0.0	0.0	2	0.95	-32.25943359473755	138.0	22	1.05	0.95				
	208	1	139.02329609999998	28.455060605263157	0.0	0.0	2	0.9560874416992672	-28.455423942669917	138.0	22	1.05	0.95				
	209	1	142.27530302631578	29.268062336842103	0.0	0.0	2	1.026373524668319	-16.363571834990484	138.0	23	1.05	0.95				
	210	1	158.53533765789473	32.5200692631579	0.0	0.0	2	1.05	-18.320360118736815	138.0	23	1.05	0.95				
	211	1	0.0	0.0	0.0	0.0	2	1.0341703878936426	-12.26328924630865	230.0	23	1.05	0.95				
	212	1	0.0	0.0	0.0	0.0	2	1.0283654388423087	-7.227543520729274	230.0	23	1.05	0.95				
	213	2	215.44545886842107	43.90209350526316	0.0	0.0	2	1.05	-9.512948695950554	230.0	24	1.05	0.95				
	214	2	157.7223359263158	31.707067531578947	0.0	0.0	2	1.05	-9.829320759000051	230.0	26	1.05	0.95				
	215	2	257.72154891052634	52.03211082105263	0.0	0.0	2	1.044739367529112	-1.1206849617540358	230.0	26	1.05	0.95				
	216	2	81.30017315789473	16.26003463157895	0.0	0.0	2	1.0486280672340513	-1.3622567589782892	230.0	26	1.05	0.95				
	217	1	0.0	0.0	0.0	0.0	2	1.0487075303014768	1.579095350517966	230.0	27	1.05	0.95				
	218	2	270.7295766157895	55.28411774736842	0.0	0.0	2	1.0499996690487854	1.5866685704230346	230.0	27	1.05	0.95				
	219	1	147.15331341578948	30.081064068421053	0.0	0.0	2	1.0430779767701104	-1.3956400948167984	230.0	25	1.05	0.95				
	220	1	104.06422164210527	21.138045021052633	0.0	0.0	2	1.0456644923641203	0.09589433788702174	230.0	25	1.05	0.95				
	221	2	0.0	0.0	0.0	0.0	2	1.05	1.4482052767552887	230.0	27	1.05	0.95				
	222	2	0.0	0.0	0.0	0.0	2	1.05	8.011933738508496	230.0	27	1.05	0.95				
	223	2	0.0	0.0	0.0	0.0	2	1.05	1.5028853748877424	230.0	25	1.05	0.95				
	224	1	0.0	0.0	0.0	0.0	2	1.0195896477990403	-5.963945352316211	230.0	26	1.05	0.95				
	301	2	62.84909838315789	12.802594115087718	0.0	0.0	3	0.9897084378506511	8.067284140717794	138.0	31	1.05	0.95				
	302	2	56.44780132561402	11.638721922807015	0.0	0.0	3	0.9894536128821839	8.064129930234479	138.0	32	1.05	0.95				
	303	1	104.74849730526314	21.53163555719298	0.0	0.0	3	1.0134525521494961	9.929562930084694	138.0	31	1.05	0.95				
	304	1	43.06327111438596	8.729041442105261	0.0	0.0	3	0.9990186288696087	10.11284969392842	138.0	31	1.05	0.95				
	305	1	41.31746282596491	8.147105345964913	0.0	0.0	3	1.010626696370905	10.184854942913141	138.0	31	1.05	0.95				
	306	1	79.14330907508771	16.294210691929827	0.0	-100.0	3	1.0308236797998902	10.701392502635303	138.0	32	1.05	0.95				
	307	2	72.74201201754384	14.54840240350877	0.0	0.0	3	0.9845599034843687	7.604507954745422	138.0	32	1.05	0.95				
	308	1	99.51107243999998	20.36776336491228	0.0	0.0	3	0.9989660093748655	10.166402644187876	138.0	32	1.05	0.95				
	309	1	101.83881682456139	20.949699461052628	0.0	0.0	3	1.027412670380914	14.14664779512584	138.0	33	1.05	0.95				
	310	1	113.47753874736841	23.27744384561403	0.0	0.0	3	1.05	14.14413501045379	138.0	33	1.05	0.95				
	311	1	0.0	0.0	0.0	0.0	3	1.0175581053762026	19.92633809654701	230.0	33	1.05	0.95				
	312	1	0.0	0.0	0.0	0.0	3	1.0241066597446498	21.599136947545997	230.0	33	1.05	0.95				
	313	2	154.21306547719297	31.424549191578944	0.0	0.0	3	1.0465553250886115	29.217151615071316	230.0	34	1.05	0.95				
	314	2	112.89560265122805	22.69550774947368	0.0	0.0	3	1.018565880702406	17.371290342954058	230.0	36	1.05	0.95				
	315	2	184.4737424764912	37.24391015298245	0.0	0.0	3	1.0375238224391155	10.764119385435382	230.0	36	1.05	0.95				
	316	2	58.19360961403508	11.638721922807015	0.0	0.0	3	1.0398274594757722	12.215148018012815	230.0	36	1.05	0.95				
	317	1	0.0	0.0	0.0	0.0	3	1.0433141408468467	10.688087489574695	230.0	37	1.05	0.95				
	318	2	193.78472001473682	39.57165453754386	0.0	0.0	3	1.0423991445085248	9.311185186094702	230.0	37	1.05	0.95				
	319	1	105.3304334014035	21.53163555719298	0.0	0.0	3	1.0391771105828902	15.461821506201522	230.0	35	1.05	0.95				
	320	1	74.4878203059649	15.13033849964912	0.0	0.0	3	1.0424432884968382	18.103129307387526	230.0	35	1.05	0.95				
	321	2	0.0	0.0	0.0	0.0	3	1.0419647795663298	10.366223484957276	230.0	37	1.05	0.95				
	322	2	0.0	0.0	0.0	0.0	3	1.05	14.817229552446914	230.0	37	1.05	0.95				
	323	2	0.0	0.0	0.0	0.0	3	1.0443534661896396	19.1164939245968	230.0	35	1.05	0.95				
	324	1	0.0	0.0	0.0	0.0	3	1.0264173450466936	12.346305909923805	230.0	36	1.05	0.95				
	325	1	0.0	0.0	0.0	0.0	3	1.0462506358563401	18.71747777654355	230.0	35	1.05	0.95				
];
