%% MATPOWER Case Format : Version 2
function mpc = RTS_GMLC
mpc.version = '2';

%%-----  Power Flow Data  -----%%
%% system MVA base
mpc.baseMVA = 100.0;
%% bus data
%    bus_i    type    Pd    Qd    Gs    Bs    area    Vm    Va    baseKV    zone    Vmax    Vmin
mpc.bus = [
	101	2	97.47253834105264	19.855517069473684	0.0	0.0	1	1.0476147146787995	-1.5107405260363165	138.0	11	1.05	0.95				
	102	2	87.54477980631579	18.050470063157896	0.0	0.0	1	1.0474101355099443	-1.6785631406263	138.0	12	1.05	0.95				
	103	1	162.45423056842105	33.39336961684211	0.0	0.0	1	1.0206607231121807	-2.168099004170308	138.0	11	1.05	0.95				
	104	1	66.78673923368422	13.53785254736842	0.0	0.0	1	1.0225446246426257	-5.170705044449184	138.0	11	1.05	0.95				
	105	1	64.07916872421052	12.635329044210527	0.0	0.0	1	1.0360244755926102	-5.757684523533825	138.0	11	1.05	0.95				
	106	1	122.74319642947368	25.270658088421055	0.0	-100.0	1	1.0343734484317524	-8.970413905695281	138.0	12	1.05	0.95				
	107	2	112.81543789473685	22.563087578947368	0.0	0.0	1	1.05	-7.937369012421612	138.0	12	1.05	0.95				
	108	1	154.33151904	31.588322610526316	0.0	0.0	1	1.020954721954079	-10.068537286624418	138.0	12	1.05	0.95				
	109	1	157.9416130526316	32.490846113684206	0.0	0.0	1	1.027051877651132	-5.4916127281152844	138.0	13	1.05	0.95				
	110	1	175.99208311578946	36.10094012631579	0.0	0.0	1	1.05	-7.294694999020211	138.0	13	1.05	0.95				
	111	1	0.0	0.0	0.0	0.0	1	1.0195251100329858	-2.1869881865419925	230.0	13	1.05	0.95				
	112	1	0.0	0.0	0.0	0.0	1	1.0197158917435867	-1.4320514103929658	230.0	13	1.05	0.95				
	113	3	239.1687283368421	48.73626917052632	0.0	0.0	1	1.0241739574000632	1.4264225890064926e-28	230.0	14	1.05	0.95				
	114	2	175.08955961263158	35.1984166231579	0.0	0.0	1	1.0268230609486053	0.07997552634540897	230.0	16	1.05	0.95				
	115	2	286.09995050105266	57.761504202105264	0.0	0.0	1	1.0417936118177678	9.749609724333268	230.0	16	1.05	0.95				
	116	2	90.25235031578947	18.050470063157896	0.0	0.0	1	1.0423557732832744	8.834326794280463	230.0	16	1.05	0.95				
	117	1	0.0	0.0	0.0	0.0	1	1.0464392394825897	13.008652263926324	230.0	17	1.05	0.95				
	118	2	300.54032655157897	61.37159821473684	0.0	0.0	1	1.05	14.16072420804607	230.0	17	1.05	0.95				
	119	1	163.35675407157893	33.39336961684211	0.0	0.0	1	1.0376556503164798	6.918684508803954	230.0	15	1.05	0.95				
	120	1	115.52300840421053	23.465611082105266	0.0	0.0	1	1.041388436034693	6.506591772930402	230.0	15	1.05	0.95				
	121	2	0.0	0.0	0.0	0.0	1	1.05	15.256504697578585	230.0	17	1.05	0.95				
	122	2	0.0	0.0	0.0	0.0	1	1.05	21.245845084754013	230.0	17	1.05	0.95				
	123	2	0.0	0.0	0.0	0.0	1	1.0461081459490875	6.941056584496969	230.0	15	1.05	0.95				
	124	1	0.0	0.0	0.0	0.0	1	1.0189514668334148	5.328340261038736	230.0	16	1.05	0.95				
	201	2	98.61608690526316	20.088462147368418	0.0	0.0	2	1.05	-16.285699096840123	138.0	21	1.05	0.95				
	202	2	88.57185583157894	18.26223831578947	0.0	0.0	2	1.05	-16.385516216627096	138.0	22	1.05	0.95				
	203	1	164.36014484210526	33.78514088421053	0.0	0.0	2	1.0224465646685212	-11.648228223449692	138.0	21	1.05	0.95				
	204	1	67.57028176842105	13.696678736842102	0.0	0.0	2	1.0183367180136378	-17.0867130155768	138.0	21	1.05	0.95				
	205	1	64.83094602105263	12.78356682105263	0.0	0.0	2	1.0364945556886676	-17.697070777103484	138.0	21	1.05	0.95				
	206	1	124.1832205473684	25.56713364210526	0.0	-100.0	2	1.0332074898033934	-19.355011746159686	138.0	22	1.05	0.95				
	207	2	114.13898947368419	22.82779789473684	0.0	0.0	2	0.95	-28.67929114399802	138.0	22	1.05	0.95				
	208	1	156.14213759999998	31.958917052631573	0.0	0.0	2	0.952531497062628	-25.854472183144487	138.0	22	1.05	0.95				
	209	1	159.7945852631579	32.87202896842105	0.0	0.0	2	1.0226143006280985	-13.964312903492603	138.0	23	1.05	0.95				
	210	1	178.05682357894733	36.52447663157894	0.0	0.0	2	1.046189459153584	-16.272614398043412	138.0	23	1.05	0.95				
	211	1	0.0	0.0	0.0	0.0	2	1.0305786916438864	-8.641685470677142	230.0	23	1.05	0.95				
	212	1	0.0	0.0	0.0	0.0	2	1.0225719489751885	-4.794985886220803	230.0	23	1.05	0.95				
	213	2	241.9746576842105	49.30804345263158	0.0	0.0	2	1.05	-4.182153041758397	230.0	24	1.05	0.95				
	214	2	177.1437116631579	35.61136471578947	0.0	0.0	2	1.05	-6.385657859344109	230.0	26	1.05	0.95				
	215	2	289.4564773052631	58.43916261052631	0.0	0.0	2	1.0439579428970431	2.536387808236684	230.0	26	1.05	0.95				
	216	2	91.31119157894736	18.26223831578947	0.0	0.0	2	1.0479502617538736	2.476298834423104	230.0	26	1.05	0.95				
	217	1	0.0	0.0	0.0	0.0	2	1.0493987035206835	5.602456510912087	230.0	27	1.05	0.95				
	218	2	304.0662679578947	62.0916102736842	0.0	0.0	2	1.05	6.105866174425103	230.0	27	1.05	0.95				
	219	1	165.27325675789473	33.78514088421053	0.0	0.0	2	1.0416055140778684	2.4206242434625542	230.0	25	1.05	0.95				
	220	1	116.87832522105262	23.740909810526315	0.0	0.0	2	1.0447509730264066	4.08195478643792	230.0	25	1.05	0.95				
	221	2	0.0	0.0	0.0	0.0	2	1.05	6.648190563915704	230.0	27	1.05	0.95				
	222	2	0.0	0.0	0.0	0.0	2	1.05	12.749894788387282	230.0	27	1.05	0.95				
	223	2	0.0	0.0	0.0	0.0	2	1.05	5.652448763852779	230.0	25	1.05	0.95				
	224	1	0.0	0.0	0.0	0.0	2	1.017722369206352	-2.7281500281501656	230.0	26	1.05	0.95				
	301	2	76.53274279578947	15.590003162105262	0.0	0.0	3	0.9920782472432564	0.05203421975564832	138.0	31	1.05	0.95				
	302	2	68.73774121473684	14.172730147368421	0.0	0.0	3	0.9933464170340435	-0.061576995126611994	138.0	32	1.05	0.95				
	303	1	127.55457132631578	26.219550772631578	0.0	0.0	3	1.0091010625536652	5.693024964945611	138.0	31	1.05	0.95				
	304	1	52.439101545263156	10.629547610526314	0.0	0.0	3	0.9894634527070522	2.554496534593699	138.0	31	1.05	0.95				
	305	1	50.31319202315788	9.920911103157895	0.0	0.0	3	1.0017709519573388	2.1662313150891905	138.0	31	1.05	0.95				
	306	1	96.37456500210526	19.84182220631579	0.0	-100.0	3	1.0151446641515105	2.556639475786573	138.0	32	1.05	0.95				
	307	2	88.57956342105263	17.715912684210526	0.0	0.0	3	0.9723827416284464	-2.395257141094413	138.0	32	1.05	0.95				
	308	1	121.17684275999999	24.802277757894732	0.0	0.0	3	0.9797092595010559	0.993959315226433	138.0	32	1.05	0.95				
	309	1	124.01138878947367	25.510914265263157	0.0	0.0	3	1.0134349279265176	7.659171624654766	138.0	33	1.05	0.95				
	310	1	138.18411893684208	28.345460294736842	0.0	0.0	3	1.0339234582262582	6.623370834731445	138.0	33	1.05	0.95				
	311	1	0.0	0.0	0.0	0.0	3	1.0056122825621696	14.560143008580805	230.0	33	1.05	0.95				
	312	1	0.0	0.0	0.0	0.0	3	1.0097576779091562	15.868720346652289	230.0	33	1.05	0.95				
	313	2	187.78867445263157	38.26637139789474	0.0	0.0	3	1.035288189291501	23.3140732779734	230.0	34	1.05	0.95				
	314	2	137.4754824294737	27.63682378736842	0.0	0.0	3	1.0122102787707048	14.05817347448982	230.0	36	1.05	0.95				
	315	2	224.63777283578943	45.35273647157894	0.0	0.0	3	1.0384559709406962	11.538233596453956	230.0	36	1.05	0.95				
	316	2	70.8636507368421	14.172730147368421	0.0	0.0	3	1.0369580755286762	12.675811660023555	230.0	36	1.05	0.95				
	317	1	0.0	0.0	0.0	0.0	3	1.0426405683043345	12.411394938214702	230.0	37	1.05	0.95				
	318	2	235.9759569536842	48.18728250105263	0.0	0.0	3	1.0426055007861683	11.525128670599173	230.0	37	1.05	0.95				
	319	1	128.26320783368422	26.219550772631578	0.0	0.0	3	1.0338409395241748	14.545908094911521	230.0	35	1.05	0.95				
	320	1	90.70547294315789	18.424549191578947	0.0	0.0	3	1.0346517554286405	16.132276860753585	230.0	35	1.05	0.95				
	321	2	0.0	0.0	0.0	0.0	3	1.044576886854544	13.06888573305661	230.0	37	1.05	0.95				
	322	2	0.0	0.0	0.0	0.0	3	1.05	17.13919766727755	230.0	37	1.05	0.95				
	323	2	0.0	0.0	0.0	0.0	3	1.0352965155004537	16.70110333774747	230.0	35	1.05	0.95				
	324	1	0.0	0.0	0.0	0.0	3	1.0217004835567782	11.160137836145037	230.0	36	1.05	0.95				
	325	1	0.0	0.0	0.0	0.0	3	1.037622868453655	16.585506002117654	230.0	35	1.05	0.95				
];
