%% MATPOWER Case Format : Version 2
function mpc = RTS_GMLC
mpc.version = '2';

%%-----  Power Flow Data  -----%%
%% system MVA base
mpc.baseMVA = 100.0;
%% bus data
%    bus_i    type    Pd    Qd    Gs    Bs    area    Vm    Va    baseKV    zone    Vmax    Vmin
mpc.bus = [
	101	2	100.70559128842108	20.51410192912281	0.0	0.0	1	1.0449796496073263	-4.5941165190685345	138.0	11	1.05	0.95				
	102	2	90.44854032385965	18.64918357192983	0.0	0.0	1	1.0448122570658243	-4.722144758190313	138.0	12	1.05	0.95				
	103	1	167.84265214736845	34.50098960807018	0.0	0.0	1	1.0183544520892012	-5.868339276918406	138.0	11	1.05	0.95				
	104	1	69.00197921614036	13.986887678947369	0.0	0.0	1	1.0205678995410319	-7.841298488840601	138.0	11	1.05	0.95				
	105	1	66.20460168035088	13.054428500350879	0.0	0.0	1	1.0347870712571965	-8.213542543550263	138.0	11	1.05	0.95				
	106	1	126.81444828912282	26.108857000701757	0.0	-100.0	1	1.0333278271473352	-11.093751881080742	138.0	12	1.05	0.95				
	107	2	116.5573973245614	23.31147946491228	0.0	0.0	1	1.05	-7.59664006422092	138.0	12	1.05	0.95				
	108	1	159.45051954000002	32.636071250877194	0.0	0.0	1	1.020271598821264	-10.728277089604942	138.0	12	1.05	0.95				
	109	1	163.18035625438597	33.56853042947369	0.0	0.0	1	1.0278272223103833	-7.40829589516961	138.0	13	1.05	0.95				
	110	1	181.8295398263158	37.29836714385966	0.0	0.0	1	1.05	-8.997133033953695	138.0	13	1.05	0.95				
	111	1	0.0	0.0	0.0	0.0	1	1.0205869320389087	-3.668579082412183	230.0	13	1.05	0.95				
	112	1	0.0	0.0	0.0	0.0	1	1.0214227577104433	-2.3122931957842554	230.0	13	1.05	0.95				
	113	3	247.10168232807018	50.35279564421054	0.0	0.0	1	1.0308257973598691	-1.708897323534014e-27	230.0	14	1.05	0.95				
	114	2	180.8970806477193	36.36590796526316	0.0	0.0	1	1.0254289045496876	-2.3947939811079855	230.0	16	1.05	0.95				
	115	2	295.58955961508775	59.67738743017544	0.0	0.0	1	1.0438838192429511	5.2867956935021025	230.0	16	1.05	0.95				
	116	2	93.24591785964913	18.64918357192983	0.0	0.0	1	1.045131835844269	5.105092803689743	230.0	16	1.05	0.95				
	117	1	0.0	0.0	0.0	0.0	1	1.0479837674368455	8.174917148572572	230.0	17	1.05	0.95				
	118	2	310.5089064726316	63.40722414456141	0.0	0.0	1	1.0497428630371741	8.836738010834933	230.0	17	1.05	0.95				
	119	1	168.77511132596493	34.50098960807018	0.0	0.0	1	1.0405013322322947	4.343570625962961	230.0	15	1.05	0.95				
	120	1	119.35477486035089	24.243938643508773	0.0	0.0	1	1.044600445447548	5.174504453106307	230.0	15	1.05	0.95				
	121	2	0.0	0.0	0.0	0.0	1	1.05	9.72004363582688	230.0	17	1.05	0.95				
	122	2	0.0	0.0	0.0	0.0	1	1.05	15.699058287435406	230.0	17	1.05	0.95				
	123	2	0.0	0.0	0.0	0.0	1	1.05	6.304522959058243	230.0	15	1.05	0.95				
	124	1	0.0	0.0	0.0	0.0	1	1.0203713420563552	1.1677046895187457	230.0	16	1.05	0.95				
	201	2	104.92302850105264	21.373209509473686	0.0	0.0	2	1.05	-17.324311442415024	138.0	21	1.05	0.95				
	202	2	94.2364237463158	19.430190463157896	0.0	0.0	2	1.05	-17.383984261127424	138.0	22	1.05	0.95				
	203	1	174.87171416842108	35.9458523568421	0.0	0.0	2	1.018275145946918	-12.69249148269186	138.0	21	1.05	0.95				
	204	1	71.8917047136842	14.572642847368419	0.0	0.0	2	1.014837926514368	-18.728781793118316	138.0	21	1.05	0.95				
	205	1	68.97717614421053	13.601133324210526	0.0	0.0	2	1.0334355814453728	-19.342617459289045	138.0	21	1.05	0.95				
	206	1	132.1252951494737	27.202266648421052	0.0	-100.0	2	1.0277596875220412	-21.384935012522494	138.0	22	1.05	0.95				
	207	2	121.43869039473685	24.287738078947367	0.0	0.0	2	0.9503253677523814	-29.495562311728417	138.0	22	1.05	0.95				
	208	1	166.12812846	34.00283331052631	0.0	0.0	2	0.95	-27.427973305579716	138.0	22	1.05	0.95				
	209	1	170.01416655263156	34.974342833684204	0.0	0.0	2	1.018326618556083	-15.888395780967658	138.0	23	1.05	0.95				
	210	1	189.44435701578948	38.86038092631579	0.0	0.0	2	1.0418111715186307	-18.352728746694027	138.0	23	1.05	0.95				
	211	1	0.0	0.0	0.0	0.0	2	1.028244231080299	-10.143893085072465	230.0	23	1.05	0.95				
	212	1	0.0	0.0	0.0	0.0	2	1.0192796768757215	-7.61438283210858	230.0	23	1.05	0.95				
	213	2	257.4500236368421	52.46151425052632	0.0	0.0	2	1.05	-5.272119075511512	230.0	24	1.05	0.95				
	214	2	188.4728474926316	37.8888714031579	0.0	0.0	2	1.05	-7.810549861661197	230.0	26	1.05	0.95				
	215	2	307.9685188410526	62.17660948210526	0.0	0.0	2	1.0439940995900185	2.092764025512665	230.0	26	1.05	0.95				
	216	2	97.15095231578947	19.430190463157896	0.0	0.0	2	1.047428663738279	1.5421714457549638	230.0	26	1.05	0.95				
	217	1	0.0	0.0	0.0	0.0	2	1.0494724102204978	4.950951098686469	230.0	27	1.05	0.95				
	218	2	323.51267121157895	66.06264757473684	0.0	0.0	2	1.05	5.5724047251872655	230.0	27	1.05	0.95				
	219	1	175.84322369157894	35.9458523568421	0.0	0.0	2	1.0409142691334252	0.8270923787413281	230.0	25	1.05	0.95				
	220	1	124.35321896421053	25.259247602105262	0.0	0.0	2	1.0445048762673277	2.0237604348459093	230.0	25	1.05	0.95				
	221	2	0.0	0.0	0.0	0.0	2	1.05	6.356642535010841	230.0	27	1.05	0.95				
	222	2	0.0	0.0	0.0	0.0	2	1.05	12.316898871188046	230.0	27	1.05	0.95				
	223	2	0.0	0.0	0.0	0.0	2	1.05	3.381793327788859	230.0	25	1.05	0.95				
	224	1	0.0	0.0	0.0	0.0	2	1.0152854881113438	-3.3746862299667413	230.0	26	1.05	0.95				
	301	2	92.77886743578948	18.899398922105263	0.0	0.0	3	0.9932927783865924	-14.419147936573008	138.0	31	1.05	0.95				
	302	2	83.32916797473683	17.18127174736842	0.0	0.0	3	0.9939988365076905	-14.913618297596773	138.0	32	1.05	0.95				
	303	1	154.6314457263158	31.785352732631576	0.0	0.0	3	0.9962198511056458	-8.677784946234743	138.0	31	1.05	0.95				
	304	1	63.57070546526315	12.885953810526315	0.0	0.0	3	0.9785697927922582	-13.307013256585282	138.0	31	1.05	0.95				
	305	1	60.99351470315789	12.026890223157896	0.0	0.0	3	0.9933653082429525	-13.45412191857386	138.0	31	1.05	0.95				
	306	1	116.83264788210528	24.05378044631579	0.0	-100.0	3	0.9988574997775919	-13.905157848705555	138.0	32	1.05	0.95				
	307	2	107.38294842105263	21.476589684210527	0.0	0.0	3	0.9674786478045205	-16.893069102571364	138.0	32	1.05	0.95				
	308	1	146.89987344	30.067225557894734	0.0	0.0	3	0.9637821443343482	-15.321159978817047	138.0	32	1.05	0.95				
	309	1	150.33612778947366	30.92628914526316	0.0	0.0	3	0.9981857858853401	-8.26984254416699	138.0	33	1.05	0.95				
	310	1	167.5173995368421	34.36254349473684	0.0	0.0	3	1.0186971928926034	-9.56383191875399	138.0	33	1.05	0.95				
	311	1	0.0	0.0	0.0	0.0	3	0.9950899737896999	-1.144331042986555	230.0	33	1.05	0.95				
	312	1	0.0	0.0	0.0	0.0	3	0.9965376918781105	0.14872559251217676	230.0	33	1.05	0.95				
	313	2	227.6518506526316	46.38943371789474	0.0	0.0	3	1.0206863133204067	6.28492207455569	230.0	34	1.05	0.95				
	314	2	166.65833594947367	33.50347990736842	0.0	0.0	3	1.0077144854331714	-0.16802831254512635	230.0	36	1.05	0.95				
	315	2	272.32315719578946	54.98006959157895	0.0	0.0	3	1.0375146706841942	1.3944773906192436	230.0	36	1.05	0.95				
	316	2	85.90635873684211	17.18127174736842	0.0	0.0	3	1.0332616982413512	1.7117027285910336	230.0	36	1.05	0.95				
	317	1	0.0	0.0	0.0	0.0	3	1.039480806983038	2.782566960704384	230.0	37	1.05	0.95				
	318	2	286.0681745936842	58.41632394105264	0.0	0.0	3	1.040363217838518	2.487941046330558	230.0	37	1.05	0.95				
	319	1	155.4905093136842	31.785352732631576	0.0	0.0	3	1.0277726780340546	2.7088286094578993	230.0	35	1.05	0.95				
	320	1	109.9601391831579	22.33565327157895	0.0	0.0	3	1.0282497819123275	3.9808742111758435	230.0	35	1.05	0.95				
	321	2	0.0	0.0	0.0	0.0	3	1.04399464150327	4.071304285982047	230.0	37	1.05	0.95				
	322	2	0.0	0.0	0.0	0.0	3	1.05	9.329619898159228	230.0	37	1.05	0.95				
	323	2	0.0	0.0	0.0	0.0	3	1.0299869811781093	4.743208334457629	230.0	35	1.05	0.95				
	324	1	0.0	0.0	0.0	0.0	3	1.0119744363716547	-0.4339796807832919	230.0	36	1.05	0.95				
	325	1	0.0	0.0	0.0	0.0	3	1.0313609602005709	5.175762541475888	230.0	35	1.05	0.95				
];
