%% MATPOWER Case Format : Version 2
function mpc = RTS_GMLC
mpc.version = '2';

%%-----  Power Flow Data  -----%%
%% system MVA base
mpc.baseMVA = 100.0;
%% bus data
%    bus_i    type    Pd    Qd    Gs    Bs    area    Vm    Va    baseKV    zone    Vmax    Vmin
mpc.bus = [
	101	2	46.07768432842105	9.386194955789474	0.0	0.0	1	1.036582125751468	2.7204922890409207	138.0	11	1.05	0.95				
	102	2	41.38458685052631	8.532904505263158	0.0	0.0	1	1.036174370270417	2.5793807524859758	138.0	12	1.05	0.95				
	103	1	76.79614054736842	15.785873334736841	0.0	0.0	1	1.0287331548795844	0.5634003308834413	138.0	11	1.05	0.95				
	104	1	31.571746669473683	6.399678378947367	0.0	0.0	1	1.0225545402553244	-0.8052978424459696	138.0	11	1.05	0.95				
	105	1	30.291810993684205	5.97303315368421	0.0	0.0	1	1.0373235693097038	-0.5726003177121709	138.0	11	1.05	0.95				
	106	1	58.023750635789476	11.94606630736842	0.0	-100.0	1	1.0460660053743482	-2.859480216994426	138.0	12	1.05	0.95				
	107	2	53.33065315789474	10.666130631578946	0.0	0.0	1	1.001408070182577	-8.14746873938029	138.0	12	1.05	0.95				
	108	1	72.95633351999999	14.932582884210523	0.0	0.0	1	1.005088180302663	-6.965815905756342	138.0	12	1.05	0.95				
	109	1	74.66291442105262	15.359228109473683	0.0	0.0	1	1.0246139361333144	-1.8577046201594922	138.0	13	1.05	0.95				
	110	1	83.19581892631578	17.065809010526316	0.0	0.0	1	1.05	-2.5787297952574506	138.0	13	1.05	0.95				
	111	1	0.0	0.0	0.0	0.0	1	1.0033823114583504	-0.18720964082649277	230.0	13	1.05	0.95				
	112	1	0.0	0.0	0.0	0.0	1	1.0082697689434887	0.18504400344124036	230.0	13	1.05	0.95				
	113	3	113.06098469473682	23.038842164210525	0.0	0.0	1	0.9952817444394316	-3.9239567924465766e-31	230.0	14	1.05	0.95				
	114	2	82.76917370105262	16.639163785263158	0.0	0.0	1	0.9999602135704044	1.8095551113728412	230.0	16	1.05	0.95				
	115	2	135.24653640842104	27.305294416842102	0.0	0.0	1	1.0366100040420745	7.542951363246997	230.0	16	1.05	0.95				
	116	2	42.664522526315785	8.532904505263158	0.0	0.0	1	1.03238538318371	7.095886027068224	230.0	16	1.05	0.95				
	117	1	0.0	0.0	0.0	0.0	1	1.039983521022312	8.992635202681672	230.0	17	1.05	0.95				
	118	2	142.07286001263157	29.011875317894738	0.0	0.0	1	1.0424064947915943	8.989748252797552	230.0	17	1.05	0.95				
	119	1	77.22278577263157	15.785873334736841	0.0	0.0	1	1.0260558168798675	6.056138079551002	230.0	15	1.05	0.95				
	120	1	54.610588833684204	11.092775856842104	0.0	0.0	1	1.0235438793096614	5.979786823575663	230.0	15	1.05	0.95				
	121	2	0.0	0.0	0.0	0.0	1	1.046259098745823	9.964447441016096	230.0	17	1.05	0.95				
	122	2	0.0	0.0	0.0	0.0	1	1.05	16.662888402779405	230.0	17	1.05	0.95				
	123	2	0.0	0.0	0.0	0.0	1	1.0227055662621212	6.269254944640032	230.0	15	1.05	0.95				
	124	1	0.0	0.0	0.0	0.0	1	1.024508541417247	4.927396073942917	230.0	16	1.05	0.95				
	201	2	49.588540863157895	10.10136943508772	0.0	0.0	2	1.0323606075411271	-6.13994851329744	138.0	21	1.05	0.95				
	202	2	44.537856145614036	9.183063122807019	0.0	0.0	2	1.0327747551693098	-6.0976414389145495	138.0	22	1.05	0.95				
	203	1	82.64756810526318	16.988666777192986	0.0	0.0	2	1.0186549213747838	-6.4526511937951465	138.0	21	1.05	0.95				
	204	1	33.97733355438597	6.887297342105263	0.0	0.0	2	1.0199588091820537	-8.41254162267494	138.0	21	1.05	0.95				
	205	1	32.59987408596491	6.428144185964914	0.0	0.0	2	1.0353807138669093	-8.483629837157949	138.0	21	1.05	0.95				
	206	1	62.44482923508773	12.856288371929828	0.0	-100.0	2	1.0449382329689039	-10.23167191482499	138.0	22	1.05	0.95				
	207	2	57.394144517543864	11.478828903508772	0.0	0.0	2	0.9907101051748974	-17.220398544996737	138.0	22	1.05	0.95				
	208	1	78.5151897	16.07036046491228	0.0	0.0	2	0.9962270803684459	-15.120808522221681	138.0	22	1.05	0.95				
	209	1	80.3518023245614	16.529513621052633	0.0	0.0	2	1.0228906138101843	-8.439731443010595	138.0	23	1.05	0.95				
	210	1	89.53486544736843	18.366126245614037	0.0	0.0	2	1.05	-9.406085484663173	138.0	23	1.05	0.95				
	211	1	0.0	0.0	0.0	0.0	2	1.0058721428344037	-5.722012026186068	230.0	23	1.05	0.95				
	212	1	0.0	0.0	0.0	0.0	2	1.0085150740159372	-5.146111618583922	230.0	23	1.05	0.95				
	213	2	121.67558637719299	24.794270431578948	0.0	0.0	2	0.9997638488194419	-4.824078429405311	230.0	24	1.05	0.95				
	214	2	89.07571229122807	17.906973089473684	0.0	0.0	2	1.007503963278803	-3.2011925951564506	230.0	26	1.05	0.95				
	215	2	145.55155049649125	29.385801992982458	0.0	0.0	2	1.0266669143574991	3.158488223808677	230.0	26	1.05	0.95				
	216	2	45.91531561403509	9.183063122807019	0.0	0.0	2	1.027832345524758	3.1386992097968696	230.0	26	1.05	0.95				
	217	1	0.0	0.0	0.0	0.0	2	1.0333035208057115	5.674114673146941	230.0	27	1.05	0.95				
	218	2	152.89800099473686	31.222414617543865	0.0	0.0	2	1.0347067951199684	6.05087323397714	230.0	27	1.05	0.95				
	219	1	83.10672126140352	16.988666777192986	0.0	0.0	2	1.0263912876694203	2.344455848138746	230.0	25	1.05	0.95				
	220	1	58.771603985964916	11.937982059649125	0.0	0.0	2	1.0284255034703378	2.548878580396668	230.0	25	1.05	0.95				
	221	2	0.0	0.0	0.0	0.0	2	1.0349571860378122	5.851400169427041	230.0	27	1.05	0.95				
	222	2	0.0	0.0	0.0	0.0	2	1.05	12.278708176496561	230.0	27	1.05	0.95				
	223	2	0.0	0.0	0.0	0.0	2	1.0302803317018168	3.011319812549652	230.0	25	1.05	0.95				
	224	1	0.0	0.0	0.0	0.0	2	1.0117989599060428	-0.44898495681458916	230.0	26	1.05	0.95				
	301	2	40.00885794947369	8.149952545263158	0.0	0.0	3	1.0100194364540598	-17.836489566285373	138.0	31	1.05	0.95				
	302	2	35.933881676842105	7.409047768421054	0.0	0.0	3	1.0100278977123214	-17.91790171733819	138.0	32	1.05	0.95				
	303	1	66.68142991578948	13.706738371578947	0.0	0.0	3	1.019415865553116	-13.73148082474686	138.0	31	1.05	0.95				
	304	1	27.413476743157894	5.55678582631579	0.0	0.0	3	1.0119656586769181	-16.66090570933012	138.0	31	1.05	0.95				
	305	1	26.30211957789474	5.186333437894738	0.0	0.0	3	1.025319185822438	-17.234241576509653	138.0	31	1.05	0.95				
	306	1	50.38152482526317	10.372666875789475	0.0	-100.0	3	1.0426230331463064	-17.359403358870587	138.0	32	1.05	0.95				
	307	2	46.30654855263158	9.261309710526316	0.0	0.0	3	0.9933802721868483	-21.292853462426763	138.0	32	1.05	0.95				
	308	1	63.34735842	12.965833594736843	0.0	0.0	3	1.0017579933706269	-19.674072283560196	138.0	32	1.05	0.95				
	309	1	64.8291679736842	13.336285983157895	0.0	0.0	3	1.0245287365165372	-14.105394112839122	138.0	33	1.05	0.95				
	310	1	72.23821574210527	14.818095536842108	0.0	0.0	3	1.05	-15.437312992595476	138.0	33	1.05	0.95				
	311	1	0.0	0.0	0.0	0.0	3	1.0030893550103572	-10.400162905565889	230.0	33	1.05	0.95				
	312	1	0.0	0.0	0.0	0.0	3	1.0083210530545805	-9.831776550144642	230.0	33	1.05	0.95				
	313	2	98.16988293157895	20.004428974736847	0.0	0.0	3	1.0066091962226864	-6.848470542073985	230.0	34	1.05	0.95				
	314	2	71.86776335368421	14.447643148421054	0.0	0.0	3	0.9972661118859779	-8.993848066462174	230.0	36	1.05	0.95				
	315	2	117.4334071294737	23.70895285894737	0.0	0.0	3	1.0215319565536358	-5.717730806791318	230.0	36	1.05	0.95				
	316	2	37.04523884210526	7.409047768421054	0.0	0.0	3	1.021162331702321	-4.812520917701376	230.0	36	1.05	0.95				
	317	1	0.0	0.0	0.0	0.0	3	1.0263842901986926	-3.8784541697581756	230.0	37	1.05	0.95				
	318	2	123.36064534421054	25.190762412631585	0.0	0.0	3	1.0258159525038293	-3.949469654354685	230.0	37	1.05	0.95				
	319	1	67.05188230421054	13.706738371578947	0.0	0.0	3	1.0187434471725039	-5.178688650465044	230.0	35	1.05	0.95				
	320	1	47.41790571789474	9.63176209894737	0.0	0.0	3	1.0188630616608003	-4.761473522511541	230.0	35	1.05	0.95				
	321	2	0.0	0.0	0.0	0.0	3	1.02650926313374	-4.005816468585879	230.0	37	1.05	0.95				
	322	2	0.0	0.0	0.0	0.0	3	1.0398197548246024	0.43631516672599757	230.0	37	1.05	0.95				
	323	2	0.0	0.0	0.0	0.0	3	1.019323737841993	-4.2409900223035955	230.0	35	1.05	0.95				
	324	1	0.0	0.0	0.0	0.0	3	1.0106892310535207	-8.74243184443369	230.0	36	1.05	0.95				
	325	1	0.0	0.0	0.0	0.0	3	1.0175415859623718	-3.031123826923295	230.0	35	1.05	0.95				
];
