%% MATPOWER Case Format : Version 2
function mpc = RTS_GMLC
mpc.version = '2';

%%-----  Power Flow Data  -----%%
%% system MVA base
mpc.baseMVA = 100.0;
%% bus data
%    bus_i    type    Pd    Qd    Gs    Bs    area    Vm    Va    baseKV    zone    Vmax    Vmin
mpc.bus = [
	101	2	59.223651650526335	12.064077188070177	0.0	0.0	1	1.0306456621195559	0.26062471178807095	138.0	11	1.05	0.95				
	102	2	53.191613056491235	10.967342898245617	0.0	0.0	1	1.030194588711067	0.10145946243784067	138.0	12	1.05	0.95				
	103	1	98.70608608421054	20.28958436175439	0.0	0.0	1	1.0255194004850257	-0.8480174425648466	138.0	11	1.05	0.95				
	104	1	40.57916872350878	8.225507173684212	0.0	0.0	1	1.018370683196777	-2.8902353288879463	138.0	11	1.05	0.95				
	105	1	38.934067288771935	7.677140028771931	0.0	0.0	1	1.0329094461627923	-2.790258115461505	138.0	11	1.05	0.95				
	106	1	74.5779317080702	15.354280057543862	0.0	-100.0	1	1.0413961571070651	-5.038554742261958	138.0	12	1.05	0.95				
	107	2	68.5458931140351	13.70917862280702	0.0	0.0	1	1.0220678056813355	-6.611039010481227	138.0	12	1.05	0.95				
	108	1	93.77078178000001	19.192850071929826	0.0	0.0	1	1.0147688390864886	-7.070708678437097	138.0	12	1.05	0.95				
	109	1	95.96425035964914	19.74121721684211	0.0	0.0	1	1.0257309113606548	-3.1090078024640246	138.0	13	1.05	0.95				
	110	1	106.93159325789475	21.934685796491234	0.0	0.0	1	1.05	-4.144467007802059	138.0	13	1.05	0.95				
	111	1	0.0	0.0	0.0	0.0	1	1.0074509624171764	-0.8263452162558726	230.0	13	1.05	0.95				
	112	1	0.0	0.0	0.0	0.0	1	1.0122593357006926	-0.42059794213354823	230.0	13	1.05	0.95				
	113	3	145.3172934017544	29.611825825263168	0.0	0.0	1	1.0038276481748531	-8.603787995799721e-29	230.0	14	1.05	0.95				
	114	2	106.38322611298247	21.38631865157895	0.0	0.0	1	1.0058047001693164	1.357752095848184	230.0	16	1.05	0.95				
	115	2	173.83238493719298	35.09549727438597	0.0	0.0	1	1.0415458604033196	8.177988060171714	230.0	16	1.05	0.95				
	116	2	54.83671449122808	10.967342898245617	0.0	0.0	1	1.0384640952488675	7.661787291343404	230.0	16	1.05	0.95				
	117	1	0.0	0.0	0.0	0.0	1	1.0434122436939668	10.336904957904274	230.0	17	1.05	0.95				
	118	2	182.6062592557895	37.2889658540351	0.0	0.0	1	1.0466131234271665	10.318132601495224	230.0	17	1.05	0.95				
	119	1	99.25445322912282	20.28958436175439	0.0	0.0	1	1.0320688680613668	6.174849917843083	230.0	15	1.05	0.95				
	120	1	70.19099454877194	14.257545767719302	0.0	0.0	1	1.0310673888132271	5.929004920938132	230.0	15	1.05	0.95				
	121	2	0.0	0.0	0.0	0.0	1	1.05	11.5584126469762	230.0	17	1.05	0.95				
	122	2	0.0	0.0	0.0	0.0	1	1.05	21.33305058420033	230.0	17	1.05	0.95				
	123	2	0.0	0.0	0.0	0.0	1	1.0315852651163513	6.209353917966346	230.0	15	1.05	0.95				
	124	1	0.0	0.0	0.0	0.0	1	1.0241794620660019	4.81884670164832	230.0	16	1.05	0.95				
	201	2	64.68440108210527	13.176452072280703	0.0	0.0	2	1.032193129968721	-12.640767114338727	138.0	21	1.05	0.95				
	202	2	58.09617504596491	11.978592792982457	0.0	0.0	2	1.0324084593576797	-12.724592499114715	138.0	22	1.05	0.95				
	203	1	107.80733513684211	22.160396667017544	0.0	0.0	2	1.0209590016512624	-10.320070944387528	138.0	21	1.05	0.95				
	204	1	44.32079333403509	8.983944594736842	0.0	0.0	2	1.0174489507355344	-14.923672180086184	138.0	21	1.05	0.95				
	205	1	42.52400441508772	8.38501495508772	0.0	0.0	2	1.0333095742906593	-15.232206047392546	138.0	21	1.05	0.95				
	206	1	81.45443099228072	16.77002991017544	0.0	-100.0	2	1.0407673737026721	-17.25410749344104	138.0	22	1.05	0.95				
	207	2	74.86620495614036	14.97324099122807	0.0	0.0	2	0.98794701719634	-26.28781719097875	138.0	22	1.05	0.95				
	208	1	102.41696838	20.962537387719298	0.0	0.0	2	0.9883479300223175	-23.409628623962803	138.0	22	1.05	0.95				
	209	1	104.81268693859649	21.561467027368423	0.0	0.0	2	1.0235557277413228	-14.289488360710834	138.0	23	1.05	0.95				
	210	1	116.79127973157894	23.957185585964915	0.0	0.0	2	1.05	-15.96586455697179	138.0	23	1.05	0.95				
	211	1	0.0	0.0	0.0	0.0	2	1.0157312676232082	-10.944627329066474	230.0	23	1.05	0.95				
	212	1	0.0	0.0	0.0	0.0	2	1.0148641319655318	-10.090091765043699	230.0	23	1.05	0.95				
	213	2	158.71635450701754	32.342200541052634	0.0	0.0	2	1.0160702255226743	-9.722234095630476	230.0	24	1.05	0.95				
	214	2	116.19235009192982	23.35825594631579	0.0	0.0	2	1.0247720666650422	-7.838333095365064	230.0	26	1.05	0.95				
	215	2	189.86069576877193	38.33149693754386	0.0	0.0	2	1.0360749091497683	0.4544213370031094	230.0	26	1.05	0.95				
	216	2	59.89296396491228	11.978592792982457	0.0	0.0	2	1.0393821371576863	0.21111740825773134	230.0	26	1.05	0.95				
	217	1	0.0	0.0	0.0	0.0	2	1.041760827016304	3.3938632576301155	230.0	27	1.05	0.95				
	218	2	199.4435700031579	40.72721549614036	0.0	0.0	2	1.0431551549114813	3.7286040958165008	230.0	27	1.05	0.95				
	219	1	108.40626477649123	22.160396667017544	0.0	0.0	2	1.0390471272167339	-0.557313076341456	230.0	25	1.05	0.95				
	220	1	76.66299387508772	15.572170630877194	0.0	0.0	2	1.0435765059696942	-0.0907048340610802	230.0	25	1.05	0.95				
	221	2	0.0	0.0	0.0	0.0	2	1.042773320396624	3.3982597289251286	230.0	27	1.05	0.95				
	222	2	0.0	0.0	0.0	0.0	2	1.05	9.901698936053814	230.0	27	1.05	0.95				
	223	2	0.0	0.0	0.0	0.0	2	1.0474815880665096	0.6035077841691364	230.0	25	1.05	0.95				
	224	1	0.0	0.0	0.0	0.0	2	1.017033447004848	-3.5635046030936235	230.0	26	1.05	0.95				
	301	2	51.454602985263165	10.481493200701756	0.0	0.0	3	1.0100417533800512	-13.861988757065673	138.0	31	1.05	0.95				
	302	2	46.21385638491228	9.528630182456142	0.0	0.0	3	1.0092567897240055	-14.07513306569734	138.0	32	1.05	0.95				
	303	1	85.75767164210527	17.62796583754386	0.0	0.0	3	1.0396313447829368	-4.82880560909766	138.0	31	1.05	0.95				
	304	1	35.25593167508772	7.146472636842106	0.0	0.0	3	1.0108404440784475	-12.661781572208245	138.0	31	1.05	0.95				
	305	1	33.8266371477193	6.6700411277192995	0.0	0.0	3	1.0239842737680016	-13.892718351119033	138.0	31	1.05	0.95				
	306	1	64.79468524070177	13.340082255438599	0.0	-100.0	3	1.0393829373203243	-14.466995837633334	138.0	32	1.05	0.95				
	307	2	59.55393864035088	11.910787728070177	0.0	0.0	3	0.9913441201259874	-19.58683342957841	138.0	32	1.05	0.95				
	308	1	81.46978806	16.675102819298246	0.0	0.0	3	0.9967317759023752	-17.405228832937397	138.0	32	1.05	0.95				
	309	1	83.37551409649124	17.151534328421054	0.0	0.0	3	1.0274002712300079	-9.559883817201909	138.0	33	1.05	0.95				
	310	1	92.90414427894737	19.057260364912285	0.0	0.0	3	1.05	-12.390308026615363	138.0	33	1.05	0.95				
	311	1	0.0	0.0	0.0	0.0	3	1.0113023572440711	-6.62330485970025	230.0	33	1.05	0.95				
	312	1	0.0	0.0	0.0	0.0	3	1.013621315652808	-6.236641149907191	230.0	33	1.05	0.95				
	313	2	126.25434991754388	25.727301492631582	0.0	0.0	3	1.0128420739674564	-3.506168661555232	230.0	34	1.05	0.95				
	314	2	92.42771276982457	18.580828855789477	0.0	0.0	3	1.013976349477061	-4.919215747769575	230.0	36	1.05	0.95				
	315	2	151.02878839192982	30.491616583859653	0.0	0.0	3	1.041475662005032	0.006712430655866859	230.0	36	1.05	0.95				
	316	2	47.64315091228071	9.528630182456142	0.0	0.0	3	1.0402897186102138	0.3080524544158161	230.0	36	1.05	0.95				
	317	1	0.0	0.0	0.0	0.0	3	1.0494550595685093	3.8967874524146775	230.0	37	1.05	0.95				
	318	2	158.65169253789475	32.397342620350884	0.0	0.0	3	1.0470046034655576	2.4419148291682267	230.0	37	1.05	0.95				
	319	1	86.23410315122808	17.62796583754386	0.0	0.0	3	1.0333896137221903	-0.8786506772357877	230.0	35	1.05	0.95				
	320	1	60.983233167719305	12.387219237192983	0.0	0.0	3	1.0309661649670028	-1.0015690543851854	230.0	35	1.05	0.95				
	321	2	0.0	0.0	0.0	0.0	3	1.0464997758390089	2.407039995757814	230.0	37	1.05	0.95				
	322	2	0.0	0.0	0.0	0.0	3	1.05	7.333691354780224	230.0	37	1.05	0.95				
	323	2	0.0	0.0	0.0	0.0	3	1.0303788031379957	-0.7057522322543998	230.0	35	1.05	0.95				
	324	1	0.0	0.0	0.0	0.0	3	1.0335467331298518	-1.8142515627473694	230.0	36	1.05	0.95				
	325	1	0.0	0.0	0.0	0.0	3	1.0289285718960217	0.3335658392050965	230.0	35	1.05	0.95				
];
