%% MATPOWER Case Format : Version 2
function mpc = RTS_GMLC
mpc.version = '2';

%%-----  Power Flow Data  -----%%
%% system MVA base
mpc.baseMVA = 100.0;
%% bus data
%    bus_i    type    Pd    Qd    Gs    Bs    area    Vm    Va    baseKV    zone    Vmax    Vmin
mpc.bus = [
	101	2	57.353290446315796	11.683077683508774	0.0	0.0	1	1.031669119741719	-0.7942710866564388	138.0	11	1.05	0.95				
	102	2	51.511751604561404	10.620979712280704	0.0	0.0	1	1.0306190681088412	-1.1078327027397215	138.0	12	1.05	0.95				
	103	1	95.58881741052633	19.6488124677193	0.0	0.0	1	1.0244744039227447	0.11567710369656198	138.0	11	1.05	0.95				
	104	1	39.2976249354386	7.965734784210526	0.0	0.0	1	1.0181415425448848	-3.6825815149919454	138.0	11	1.05	0.95				
	105	1	37.70447797859649	7.434685798596492	0.0	0.0	1	1.0337413032718081	-3.723263575202614	138.0	11	1.05	0.95				
	106	1	72.22266204350878	14.869371597192984	0.0	-100.0	1	1.0421257595719786	-5.930264757625683	138.0	12	1.05	0.95				
	107	2	66.38112320175439	13.276224640350879	0.0	0.0	1	0.9987287738833597	-11.838076663168767	138.0	12	1.05	0.95				
	108	1	90.80937654	18.586714496491226	0.0	0.0	1	0.9994472082721616	-10.311619338987086	138.0	12	1.05	0.95				
	109	1	92.93357248245616	19.117763482105264	0.0	0.0	1	1.024060349856806	-3.6284407653925896	138.0	13	1.05	0.95				
	110	1	103.55455219473684	21.241959424561408	0.0	0.0	1	1.05	-5.012126678854104	138.0	13	1.05	0.95				
	111	1	0.0	0.0	0.0	0.0	1	1.0107571234598982	-0.6566160245542088	230.0	13	1.05	0.95				
	112	1	0.0	0.0	0.0	0.0	1	1.011816156127899	-1.1782552977777636	230.0	13	1.05	0.95				
	113	3	140.7279811877193	28.676645223157898	0.0	0.0	1	1.0051759162092748	5.865612233377788e-33	230.0	14	1.05	0.95				
	114	2	103.02350320912281	20.710910438947373	0.0	0.0	1	1.018042532040002	2.48378015834767	230.0	16	1.05	0.95				
	115	2	168.34252843964913	33.98713507929825	0.0	0.0	1	1.0392337025789833	11.846443735837425	230.0	16	1.05	0.95				
	116	2	53.104898561403516	10.620979712280704	0.0	0.0	1	1.0353945155918454	10.152039845852254	230.0	16	1.05	0.95				
	117	1	0.0	0.0	0.0	0.0	1	1.0411956935152824	15.652800077639734	230.0	17	1.05	0.95				
	118	2	176.83931220947372	36.11133102175439	0.0	0.0	1	1.05	16.50300272570466	230.0	17	1.05	0.95				
	119	1	96.11986639614037	19.6488124677193	0.0	0.0	1	1.0262653594449185	6.62339989306489	230.0	15	1.05	0.95				
	120	1	67.9742701585965	13.807273625964914	0.0	0.0	1	1.0249622490023285	4.561383830691683	230.0	15	1.05	0.95				
	121	2	0.0	0.0	0.0	0.0	1	1.05	18.559823783295737	230.0	17	1.05	0.95				
	122	2	0.0	0.0	0.0	0.0	1	1.05	31.448259341838348	230.0	17	1.05	0.95				
	123	2	0.0	0.0	0.0	0.0	1	1.0254884211778181	3.8326528195452294	230.0	15	1.05	0.95				
	124	1	0.0	0.0	0.0	0.0	1	1.0190512362212207	7.46853544844597	230.0	16	1.05	0.95				
	201	2	50.999527781052635	10.388792696140351	0.0	0.0	2	1.0143923477004348	-11.876094240443908	138.0	21	1.05	0.95				
	202	2	45.805131432982456	9.444356996491228	0.0	0.0	2	1.014276487724039	-11.945920903420772	138.0	22	1.05	0.95				
	203	1	84.99921296842106	17.47206044350877	0.0	0.0	2	1.0156722549613302	-9.603532582310452	138.0	21	1.05	0.95				
	204	1	34.94412088701754	7.08326774736842	0.0	0.0	2	1.0122868531486116	-12.114269577754431	138.0	21	1.05	0.95				
	205	1	33.52746733754386	6.611049897543859	0.0	0.0	2	1.0263683043354446	-12.470138039374712	138.0	21	1.05	0.95				
	206	1	64.22162757614035	13.222099795087718	0.0	-100.0	2	1.0406936859407625	-13.307391506231376	138.0	22	1.05	0.95				
	207	2	59.02723122807018	11.805446245614034	0.0	0.0	2	0.9905396212635318	-19.467543146648985	138.0	22	1.05	0.95				
	208	1	80.74925232	16.527624743859647	0.0	0.0	2	0.9959165110416351	-17.302288387984735	138.0	22	1.05	0.95				
	209	1	82.63812371929824	16.999842593684207	0.0	0.0	2	1.0245087320214539	-10.300979574301715	138.0	23	1.05	0.95				
	210	1	92.08248071578947	18.888713992982456	0.0	0.0	2	1.05	-11.548189748497833	138.0	23	1.05	0.95				
	211	1	0.0	0.0	0.0	0.0	2	1.0104400706361922	-6.762257471013565	230.0	23	1.05	0.95				
	212	1	0.0	0.0	0.0	0.0	2	1.0122311334968535	-5.098829417051654	230.0	23	1.05	0.95				
	213	2	125.13773020350875	25.499763890526317	0.0	0.0	2	1.0125690406175	-4.426802816791134	230.0	24	1.05	0.95				
	214	2	91.61026286596491	18.416496143157897	0.0	0.0	2	1.0119130634891034	-4.579463637704056	230.0	26	1.05	0.95				
	215	2	149.69305839438596	30.22194238877193	0.0	0.0	2	1.029421405558138	0.8307504169419186	230.0	26	1.05	0.95				
	216	2	47.221784982456136	9.444356996491228	0.0	0.0	2	1.0322145971162842	1.348281699652971	230.0	26	1.05	0.95				
	217	1	0.0	0.0	0.0	0.0	2	1.0342099050653835	2.3042157494350666	230.0	27	1.05	0.95				
	218	2	157.24854399157894	32.110813788070175	0.0	0.0	2	1.0326497742828362	1.6856268951040254	230.0	27	1.05	0.95				
	219	1	85.47143081824561	17.47206044350877	0.0	0.0	2	1.0362389637036038	2.935966587832449	230.0	25	1.05	0.95				
	220	1	60.44388477754386	12.277664095438597	0.0	0.0	2	1.043968079693178	5.199129091313367	230.0	25	1.05	0.95				
	221	2	0.0	0.0	0.0	0.0	2	1.0343500547899473	2.2049300732397503	230.0	27	1.05	0.95				
	222	2	0.0	0.0	0.0	0.0	2	1.05	8.740875151270044	230.0	27	1.05	0.95				
	223	2	0.0	0.0	0.0	0.0	2	1.05	6.775211317001905	230.0	25	1.05	0.95				
	224	1	0.0	0.0	0.0	0.0	2	1.0113952715372372	-3.0645834107770233	230.0	26	1.05	0.95				
	301	2	40.36760518736842	8.223030686315788	0.0	0.0	3	1.00967335362883	23.249997564168506	138.0	31	1.05	0.95				
	302	2	36.25608984421052	7.475482442105262	0.0	0.0	3	1.0097357817469226	22.911685995282994	138.0	32	1.05	0.95				
	303	1	67.27934197894736	13.829642517894737	0.0	0.0	3	1.047863776956106	36.54887271320403	138.0	31	1.05	0.95				
	304	1	27.659285035789473	5.606611831578947	0.0	0.0	3	1.0114908511264167	24.02190897614235	138.0	31	1.05	0.95				
	305	1	26.53796266947368	5.232837709473684	0.0	0.0	3	1.025209950231746	21.636835816738824	138.0	31	1.05	0.95				
	306	1	50.83328060631579	10.465675418947368	0.0	-100.0	3	1.0421512517387228	20.27054855949008	138.0	32	1.05	0.95				
	307	2	46.72176526315789	9.344353052631577	0.0	0.0	3	0.9669710846797829	17.446068190124556	138.0	32	1.05	0.95				
	308	1	63.91537487999999	13.08209427368421	0.0	0.0	3	0.9857922004198792	18.995743345346337	138.0	32	1.05	0.95				
	309	1	65.41047136842104	13.455868395789473	0.0	0.0	3	1.0239042295374428	26.474164428671415	138.0	33	1.05	0.95				
	310	1	72.8859538105263	14.950964884210524	0.0	0.0	3	1.05	21.23713383084574	138.0	33	1.05	0.95				
	311	1	0.0	0.0	0.0	0.0	3	1.0117380909037488	24.343306279445617	230.0	33	1.05	0.95				
	312	1	0.0	0.0	0.0	0.0	3	1.0179997357334933	24.47251749996972	230.0	33	1.05	0.95				
	313	2	99.05014235789473	20.18380259368421	0.0	0.0	3	1.015542021373803	26.0269257089119	230.0	34	1.05	0.95				
	314	2	72.51217968842104	14.577190762105264	0.0	0.0	3	1.0045451576741835	23.434971523727846	230.0	36	1.05	0.95				
	315	2	118.4863967073684	23.92154381473684	0.0	0.0	3	1.0441121197072727	24.935638961019027	230.0	36	1.05	0.95				
	316	2	37.37741221052631	7.475482442105262	0.0	0.0	3	1.0320614149894822	24.380201754857485	230.0	36	1.05	0.95				
	317	1	0.0	0.0	0.0	0.0	3	1.0495853232899108	27.078061206245355	230.0	37	1.05	0.95				
	318	2	124.46678266105262	25.416640303157894	0.0	0.0	3	1.05	24.540156640805865	230.0	37	1.05	0.95				
	319	1	67.65311610105262	13.829642517894737	0.0	0.0	3	1.0265270280947967	23.160130010192365	230.0	35	1.05	0.95				
	320	1	47.84308762947368	9.718127174736841	0.0	0.0	3	1.0241759275614735	22.824454215711036	230.0	35	1.05	0.95				
	321	2	0.0	0.0	0.0	0.0	3	1.0483617988606384	25.299001349191062	230.0	37	1.05	0.95				
	322	2	0.0	0.0	0.0	0.0	3	1.05	30.342343941865582	230.0	37	1.05	0.95				
	323	2	0.0	0.0	0.0	0.0	3	1.0231466253054937	22.93065064093704	230.0	35	1.05	0.95				
	324	1	0.0	0.0	0.0	0.0	3	1.0418654903345834	29.37531374640748	230.0	36	1.05	0.95				
	325	1	0.0	0.0	0.0	0.0	3	1.026781029813639	22.56811725169124	230.0	35	1.05	0.95				
];
