%% MATPOWER Case Format : Version 2
function mpc = RTS_GMLC
mpc.version = '2';

%%-----  Power Flow Data  -----%%
%% system MVA base
mpc.baseMVA = 100.0;
%% bus data
%    bus_i    type    Pd    Qd    Gs    Bs    area    Vm    Va    baseKV    zone    Vmax    Vmin
mpc.bus = [
	101	2	50.219198412631584	10.229836713684211	0.0	0.0	1	1.031052950630559	0.2709742482032804	138.0	11	1.05	0.95				
	102	2	45.104280055789474	9.299851557894739	0.0	0.0	1	1.0301064809999323	-0.015725282898964393	138.0	12	1.05	0.95				
	103	1	83.69866402105264	17.204725382105263	0.0	0.0	1	1.0281750414972777	-0.09609948503814653	138.0	11	1.05	0.95				
	104	1	34.409450764210526	6.974888668421054	0.0	0.0	1	1.0194970845082252	-2.8023325270246238	138.0	11	1.05	0.95				
	105	1	33.01447303052632	6.509896090526317	0.0	0.0	1	1.034247888014949	-2.7129676302820296	138.0	11	1.05	0.95				
	106	1	63.23899059368422	13.019792181052633	0.0	-100.0	1	1.0438128147197194	-4.890987013562872	138.0	12	1.05	0.95				
	107	2	58.1240722368421	11.624814447368422	0.0	0.0	1	0.9993513793057245	-11.537081383504441	138.0	12	1.05	0.95				
	108	1	79.51373082	16.27474022631579	0.0	0.0	1	1.0017911854281532	-9.666539051958395	138.0	12	1.05	0.95				
	109	1	81.37370113157894	16.739732804210526	0.0	0.0	1	1.0247801237219711	-3.1882378007749885	138.0	13	1.05	0.95				
	110	1	90.67355268947368	18.599703115789477	0.0	0.0	1	1.05	-4.263441208435765	138.0	13	1.05	0.95				
	111	1	0.0	0.0	0.0	0.0	1	1.0065166181301284	-0.7025346981050671	230.0	13	1.05	0.95				
	112	1	0.0	0.0	0.0	0.0	1	1.0106929733368801	-0.8421744382909568	230.0	13	1.05	0.95				
	113	3	123.22303314210525	25.109599206315792	0.0	0.0	1	1.0014351435334914	-5.5051289483663616e-30	230.0	14	1.05	0.95				
	114	2	90.20856011157895	18.134710537894737	0.0	0.0	1	1.0064589460587596	1.8159725819907577	230.0	16	1.05	0.95				
	115	2	147.40264719263158	29.75952498526316	0.0	0.0	1	1.0408234877536537	9.249124454569548	230.0	16	1.05	0.95				
	116	2	46.49925778947369	9.299851557894739	0.0	0.0	1	1.0366669365155903	8.07825357984232	230.0	16	1.05	0.95				
	117	1	0.0	0.0	0.0	0.0	1	1.0413972668280553	12.340123354586106	230.0	17	1.05	0.95				
	118	2	154.84252843894737	31.61949529684211	0.0	0.0	1	1.0465428286272571	12.91561100179677	230.0	17	1.05	0.95				
	119	1	84.16365659894738	17.204725382105263	0.0	0.0	1	1.0283051795876028	5.722038984921074	230.0	15	1.05	0.95				
	120	1	59.51904997052632	12.089807025263159	0.0	0.0	1	1.0253921943582474	4.557373055355522	230.0	15	1.05	0.95				
	121	2	0.0	0.0	0.0	0.0	1	1.0482666541378622	14.537509570815105	230.0	17	1.05	0.95				
	122	2	0.0	0.0	0.0	0.0	1	1.05	25.237111712538642	230.0	17	1.05	0.95				
	123	2	0.0	0.0	0.0	0.0	1	1.0245014235811427	4.272790092433297	230.0	15	1.05	0.95				
	124	1	0.0	0.0	0.0	0.0	1	1.0243659854531333	5.758116184747812	230.0	16	1.05	0.95				
	201	2	54.60349441263159	11.122934047017544	0.0	0.0	2	1.0196897400692864	-13.072954812857624	138.0	21	1.05	0.95				
	202	2	49.04202738912281	10.111758224561406	0.0	0.0	2	1.0203337404894213	-12.983125949714019	138.0	22	1.05	0.95				
	203	1	91.00582402105263	18.706752715438597	0.0	0.0	2	1.0152267335947898	-11.06774244479597	138.0	21	1.05	0.95				
	204	1	37.413505430877194	7.583818668421054	0.0	0.0	2	1.014114029775812	-13.953558384810302	138.0	21	1.05	0.95				
	205	1	35.89674169719299	7.078230757192984	0.0	0.0	2	1.0285969261821442	-14.335918976818613	138.0	21	1.05	0.95				
	206	1	68.75995592701756	14.156461514385969	0.0	-100.0	2	1.0410465811479854	-15.519759221673421	138.0	22	1.05	0.95				
	207	2	63.198488903508775	12.639697780701756	0.0	0.0	2	0.9896525131769663	-22.552815125517686	138.0	22	1.05	0.95				
	208	1	86.45553282	17.695576892982455	0.0	0.0	2	0.9937886339866094	-20.20168112607546	138.0	22	1.05	0.95				
	209	1	88.4778844649123	18.201164804210528	0.0	0.0	2	1.0238722225571146	-12.663758620734379	138.0	23	1.05	0.95				
	210	1	98.58964268947369	20.223516449122812	0.0	0.0	2	1.05	-13.987836795962567	138.0	23	1.05	0.95				
	211	1	0.0	0.0	0.0	0.0	2	1.01128248678445	-9.282296057439911	230.0	23	1.05	0.95				
	212	1	0.0	0.0	0.0	0.0	2	1.0130684384226714	-7.817002492721381	230.0	23	1.05	0.95				
	213	2	133.9807964754386	27.301747206315795	0.0	0.0	2	1.0131836322698655	-7.266742009718457	230.0	24	1.05	0.95				
	214	2	98.08405477824562	19.71792853789474	0.0	0.0	2	1.0136513790701152	-6.949585647727984	230.0	26	1.05	0.95				
	215	2	160.27136785929827	32.357626318596495	0.0	0.0	2	1.0280744563583788	-0.788576413072465	230.0	26	1.05	0.95				
	216	2	50.55879112280702	10.111758224561406	0.0	0.0	2	1.0314190786042226	-0.5764389124696018	230.0	26	1.05	0.95				
	217	1	0.0	0.0	0.0	0.0	2	1.033154983401294	0.8382210651299441	230.0	27	1.05	0.95				
	218	2	168.3607744389474	34.37997796350878	0.0	0.0	2	1.0317514483663726	0.1179525071151325	230.0	27	1.05	0.95				
	219	1	91.51141193228072	18.706752715438597	0.0	0.0	2	1.0356924319048846	0.4105550630595686	230.0	25	1.05	0.95				
	220	1	64.71525263719299	13.145285691929825	0.0	0.0	2	1.043571387730021	2.220334081674233	230.0	25	1.05	0.95				
	221	2	0.0	0.0	0.0	0.0	2	1.033435864836045	0.625585241321395	230.0	27	1.05	0.95				
	222	2	0.0	0.0	0.0	0.0	2	1.05	7.205067816648889	230.0	27	1.05	0.95				
	223	2	0.0	0.0	0.0	0.0	2	1.0495246692473672	3.5742163321908573	230.0	25	1.05	0.95				
	224	1	0.0	0.0	0.0	0.0	2	1.0105901150794137	-4.629113370350212	230.0	26	1.05	0.95				
	301	2	40.28218916210527	8.205631125614035	0.0	0.0	3	1.0128878955987692	3.4946046722188537	138.0	31	1.05	0.95				
	302	2	36.179373599298245	7.459664659649123	0.0	0.0	3	1.0127677558911308	3.377042354700741	138.0	32	1.05	0.95				
	303	1	67.1369819368421	13.800379620350878	0.0	0.0	3	1.0305643532287236	9.490765169640131	138.0	31	1.05	0.95				
	304	1	27.600759240701755	5.594748494736843	0.0	0.0	3	1.014648921375366	4.872248790248629	138.0	31	1.05	0.95				
	305	1	26.481809541754387	5.221765261754387	0.0	0.0	3	1.026924147497739	3.5435337745703928	138.0	31	1.05	0.95				
	306	1	50.725719685614045	10.443530523508773	0.0	-100.0	3	1.0432394321451781	3.1141839969573426	138.0	32	1.05	0.95				
	307	2	46.62290412280702	9.324580824561405	0.0	0.0	3	0.9684824353850991	-0.12257702771974224	138.0	32	1.05	0.95				
	308	1	63.78013284	13.054413154385966	0.0	0.0	3	0.9878181830477027	1.4092582048890578	138.0	32	1.05	0.95				
	309	1	65.27206577192983	13.42739638736842	0.0	0.0	3	1.027458002575078	7.621975480705693	138.0	33	1.05	0.95				
	310	1	72.73173043157895	14.919329319298246	0.0	0.0	3	1.05	4.79540985360276	138.0	33	1.05	0.95				
	311	1	0.0	0.0	0.0	0.0	3	1.0056519218698756	9.49135281412714	230.0	33	1.05	0.95				
	312	1	0.0	0.0	0.0	0.0	3	1.0126185565817325	9.507809971655472	230.0	33	1.05	0.95				
	313	2	98.84055674035088	20.141094581052634	0.0	0.0	3	1.009622378166512	12.054000822490456	230.0	34	1.05	0.95				
	314	2	72.35874719859649	14.546346086315792	0.0	0.0	3	0.9967424076416976	10.6716150850876	230.0	36	1.05	0.95				
	315	2	118.2356848554386	23.870926910877195	0.0	0.0	3	1.0261062960587686	14.449641624059497	230.0	36	1.05	0.95				
	316	2	37.29832329824562	7.459664659649123	0.0	0.0	3	1.0227315740219558	14.516814647282525	230.0	36	1.05	0.95				
	317	1	0.0	0.0	0.0	0.0	3	1.0459307735440204	19.8788055684732	230.0	37	1.05	0.95				
	318	2	124.2034165831579	25.362859842807023	0.0	0.0	3	1.046708811977322	16.910213710083415	230.0	37	1.05	0.95				
	319	1	67.50996516982457	13.800379620350878	0.0	0.0	3	1.0185738594140135	12.922314958316042	230.0	35	1.05	0.95				
	320	1	47.74185382175439	9.69756405754386	0.0	0.0	3	1.0176797270872247	12.271711209360976	230.0	35	1.05	0.95				
	321	2	0.0	0.0	0.0	0.0	3	1.0411819581613906	16.755988204295825	230.0	37	1.05	0.95				
	322	2	0.0	0.0	0.0	0.0	3	1.05	22.31166002640746	230.0	37	1.05	0.95				
	323	2	0.0	0.0	0.0	0.0	3	1.0174607094453383	12.206914905338941	230.0	35	1.05	0.95				
	324	1	0.0	0.0	0.0	0.0	3	1.0205596300554485	12.565608194962484	230.0	36	1.05	0.95				
	325	1	0.0	0.0	0.0	0.0	3	1.0204272802005632	12.42320493951405	230.0	35	1.05	0.95				
];
