%% MATPOWER Case Format : Version 2
function mpc = RTS_GMLC
mpc.version = '2';

%%-----  Power Flow Data  -----%%
%% system MVA base
mpc.baseMVA = 100.0;
%% bus data
%    bus_i    type    Pd    Qd    Gs    Bs    area    Vm    Va    baseKV    zone    Vmax    Vmin
mpc.bus = [
	101	2	76.0569025263158	15.493072736842105	0.0	0.0	1	1.0310356193656212	-1.4420148040197116	138.0	11	1.05	0.95				
	102	2	68.31036615789473	14.084611578947367	0.0	0.0	1	1.0310617527437722	-1.4986399947998799	138.0	12	1.05	0.95				
	103	1	126.76150421052633	26.056531421052632	0.0	0.0	1	1.02099779183509	-2.112783878179788	138.0	11	1.05	0.95				
	104	1	52.113062842105265	10.563458684210527	0.0	0.0	1	1.0162235770149155	-4.445573516338929	138.0	11	1.05	0.95				
	105	1	50.000371105263156	9.859228105263158	0.0	0.0	1	1.0310701187756748	-4.460420273617545	138.0	11	1.05	0.95				
	106	1	95.77535873684211	19.718456210526316	0.0	-100.0	1	1.0371098799334957	-6.790822774097728	138.0	12	1.05	0.95				
	107	2	88.02882236842105	17.60576447368421	0.0	0.0	1	1.05	-3.7326040224126555	138.0	12	1.05	0.95				
	108	1	120.423429	24.64807026315789	0.0	0.0	1	1.0269691074128418	-6.2833862936735265	138.0	12	1.05	0.95				
	109	1	123.24035131578948	25.35230084210526	0.0	0.0	1	1.0266101677453503	-4.000852954015922	138.0	13	1.05	0.95				
	110	1	137.32496289473684	28.169223157894734	0.0	0.0	1	1.05	-5.290580551773047	138.0	13	1.05	0.95				
	111	1	0.0	0.0	0.0	0.0	1	1.0121581449598105	-1.2981510214073642	230.0	13	1.05	0.95				
	112	1	0.0	0.0	0.0	0.0	1	1.0152942902720536	-0.497097159708302	230.0	13	1.05	0.95				
	113	3	186.62110342105262	38.0284512631579	0.0	0.0	1	1.0120418603493229	-5.995564635618176e-28	230.0	14	1.05	0.95				
	114	2	136.62073231578947	27.464992578947367	0.0	0.0	1	1.0134401782658236	0.9770133334945144	230.0	16	1.05	0.95				
	115	2	223.24109352631578	45.07075705263158	0.0	0.0	1	1.0445518177714381	8.764171963169535	230.0	16	1.05	0.95				
	116	2	70.42305789473684	14.084611578947367	0.0	0.0	1	1.0426370797496547	8.404166870669657	230.0	16	1.05	0.95				
	117	1	0.0	0.0	0.0	0.0	1	1.0468372539304311	11.366783845957546	230.0	17	1.05	0.95				
	118	2	234.50878278947366	47.887679368421054	0.0	0.0	1	1.0491358404787712	11.936959513446212	230.0	17	1.05	0.95				
	119	1	127.4657347894737	26.056531421052632	0.0	0.0	1	1.0371114946172064	7.137311001585016	230.0	15	1.05	0.95				
	120	1	90.14151410526316	18.309995052631578	0.0	0.0	1	1.0385146120986717	7.3677099016736785	230.0	15	1.05	0.95				
	121	2	0.0	0.0	0.0	0.0	1	1.05	12.492381414647438	230.0	17	1.05	0.95				
	122	2	0.0	0.0	0.0	0.0	1	1.05	19.114781665926596	230.0	17	1.05	0.95				
	123	2	0.0	0.0	0.0	0.0	1	1.041151978003443	8.015582666115163	230.0	15	1.05	0.95				
	124	1	0.0	0.0	0.0	0.0	1	1.0221212033740261	4.740749999194576	230.0	16	1.05	0.95				
	201	2	88.56917992421054	18.041869984561405	0.0	0.0	2	1.0476076922036914	-12.10745133091732	138.0	21	1.05	0.95				
	202	2	79.54824493192983	16.401699985964914	0.0	0.0	2	1.0489862627221582	-12.169314328426378	138.0	22	1.05	0.95				
	203	1	147.61529987368422	30.343144974035084	0.0	0.0	2	1.0255599722271906	-8.802324027600084	138.0	21	1.05	0.95				
	204	1	60.68628994807017	12.301274989473685	0.0	0.0	2	1.0214512706174523	-14.192819881470491	138.0	21	1.05	0.95				
	205	1	58.22603495017543	11.48118999017544	0.0	0.0	2	1.0382583050382825	-14.638058639570176	138.0	21	1.05	0.95				
	206	1	111.5315599045614	22.96237998035088	0.0	-100.0	2	1.038395428100139	-16.811866516062814	138.0	22	1.05	0.95				
	207	2	102.51062491228072	20.50212498245614	0.0	0.0	2	0.95	-28.403502349727034	138.0	22	1.05	0.95				
	208	1	140.23453487999998	28.702974975438593	0.0	0.0	2	0.9557228576234629	-24.68721991821428	138.0	22	1.05	0.95				
	209	1	143.514874877193	29.523059974736842	0.0	0.0	2	1.0251308498158471	-12.56855161263686	138.0	23	1.05	0.95				
	210	1	159.91657486315788	32.80339997192983	0.0	0.0	2	1.05	-14.666868582492038	138.0	23	1.05	0.95				
	211	1	0.0	0.0	0.0	0.0	2	1.0321645550912095	-7.409656385834748	230.0	23	1.05	0.95				
	212	1	0.0	0.0	0.0	0.0	2	1.0236500796699592	-6.1123339351744415	230.0	23	1.05	0.95				
	213	2	217.3225248140351	44.28458996210527	0.0	0.0	2	1.05	-3.4614291373933876	230.0	24	1.05	0.95				
	214	2	159.09648986385966	31.983314972631582	0.0	0.0	2	1.05	-4.937181323491633	230.0	26	1.05	0.95				
	215	2	259.96694477754386	52.48543995508772	0.0	0.0	2	1.0439784142399582	3.803045360707489	230.0	26	1.05	0.95				
	216	2	82.00849992982457	16.401699985964914	0.0	0.0	2	1.0485246962276518	3.6411050838126022	230.0	26	1.05	0.95				
	217	1	0.0	0.0	0.0	0.0	2	1.0489692877938706	6.943486893743726	230.0	27	1.05	0.95				
	218	2	273.0883047663158	55.7657799522807	0.0	0.0	2	1.0499999994543947	7.58913084556599	230.0	27	1.05	0.95				
	219	1	148.43538487298247	30.343144974035084	0.0	0.0	2	1.043120270115972	3.0713361695365946	230.0	25	1.05	0.95				
	220	1	104.97087991017544	21.322209981754387	0.0	0.0	2	1.0458213832469971	4.108356880824619	230.0	25	1.05	0.95				
	221	2	0.0	0.0	0.0	0.0	2	1.05	8.053406146756341	230.0	27	1.05	0.95				
	222	2	0.0	0.0	0.0	0.0	2	1.05	14.129822098645523	230.0	27	1.05	0.95				
	223	2	0.0	0.0	0.0	0.0	2	1.05	5.271685666381386	230.0	25	1.05	0.95				
	224	1	0.0	0.0	0.0	0.0	2	1.0211763571029655	-0.886743917290901	230.0	26	1.05	0.95				
	301	2	63.31034482105263	12.896551722807018	0.0	0.0	3	1.0108705783844456	-16.791780737624926	138.0	31	1.05	0.95				
	302	2	56.862068959649115	11.724137929824561	0.0	0.0	3	1.0098493284030232	-17.036858944341127	138.0	32	1.05	0.95				
	303	1	105.51724136842104	21.68965517017544	0.0	0.0	3	1.0268377673197333	-9.719536498815827	138.0	31	1.05	0.95				
	304	1	43.37931034035088	8.79310344736842	0.0	0.0	3	1.008705482029299	-15.492871649161247	138.0	31	1.05	0.95				
	305	1	41.62068965087719	8.206896550877193	0.0	0.0	3	1.0226201763135254	-16.365284745879038	138.0	31	1.05	0.95				
	306	1	79.72413792280702	16.413793101754386	0.0	-100.0	3	1.0362398389069014	-16.78874478157347	138.0	32	1.05	0.95				
	307	2	73.2758620614035	14.6551724122807	0.0	0.0	3	1.006304732779187	-18.028174427393672	138.0	32	1.05	0.95				
	308	1	100.24137929999999	20.51724137719298	0.0	0.0	3	1.0040942758648166	-17.72589430612773	138.0	32	1.05	0.95				
	309	1	102.58620688596491	21.103448273684208	0.0	0.0	3	1.027578944402485	-11.838442438442648	138.0	33	1.05	0.95				
	310	1	114.31034481578945	23.448275859649122	0.0	0.0	3	1.05	-14.057065338848428	138.0	33	1.05	0.95				
	311	1	0.0	0.0	0.0	0.0	3	1.015488202600824	-7.4975982867879445	230.0	33	1.05	0.95				
	312	1	0.0	0.0	0.0	0.0	3	1.0158207735700209	-6.73244471621227	230.0	33	1.05	0.95				
	313	2	155.34482757017543	31.655172410526315	0.0	0.0	3	1.0217348867162743	-3.416830230374573	230.0	34	1.05	0.95				
	314	2	113.72413791929823	22.862068963157895	0.0	0.0	3	1.0226716797141437	-5.617993685300372	230.0	36	1.05	0.95				
	315	2	185.82758618771928	37.517241375438594	0.0	0.0	3	1.0456866917286578	0.8099200604994012	230.0	36	1.05	0.95				
	316	2	58.6206896491228	11.724137929824561	0.0	0.0	3	1.0433989477458212	0.5767347893793324	230.0	36	1.05	0.95				
	317	1	0.0	0.0	0.0	0.0	3	1.046841785264577	2.7708517202398846	230.0	37	1.05	0.95				
	318	2	195.20689653157893	39.86206896140351	0.0	0.0	3	1.047468746787232	2.947544145270119	230.0	37	1.05	0.95				
	319	1	106.10344826491227	21.68965517017544	0.0	0.0	3	1.0386100155826614	-0.24477447835713875	230.0	35	1.05	0.95				
	320	1	75.03448275087719	15.24137930877193	0.0	0.0	3	1.0391336958759214	0.15043944936017883	230.0	35	1.05	0.95				
	321	2	0.0	0.0	0.0	0.0	3	1.05	4.148532879722362	230.0	37	1.05	0.95				
	322	2	0.0	0.0	0.0	0.0	3	1.05	9.382762667305384	230.0	37	1.05	0.95				
	323	2	0.0	0.0	0.0	0.0	3	1.040769480113847	0.8037140957294406	230.0	35	1.05	0.95				
	324	1	0.0	0.0	0.0	0.0	3	1.0254335331118247	-3.102257323787082	230.0	36	1.05	0.95				
	325	1	0.0	0.0	0.0	0.0	3	1.038719638060949	1.781177543757827	230.0	35	1.05	0.95				
];
