%% MATPOWER Case Format : Version 2
function mpc = RTS_GMLC
mpc.version = '2';

%%-----  Power Flow Data  -----%%
%% system MVA base
mpc.baseMVA = 100.0;
%% bus data
%    bus_i    type    Pd    Qd    Gs    Bs    area    Vm    Va    baseKV    zone    Vmax    Vmin
mpc.bus = [
	101	2	98.15388423157896	19.994309750877193	0.0	0.0	1	1.0380822909246044	-6.907179243900286	138.0	11	1.05	0.95				
	102	2	88.15672935614035	18.176645228070175	0.0	0.0	1	1.0377329303959817	-7.062676922168552	138.0	12	1.05	0.95				
	103	1	163.58980705263158	33.626793671929825	0.0	0.0	1	1.0155309257311516	-6.802151701487542	138.0	11	1.05	0.95				
	104	1	67.25358734385965	13.632483921052632	0.0	0.0	1	1.0156217554342657	-9.552921513020284	138.0	11	1.05	0.95				
	105	1	64.52709055964912	12.723651659649123	0.0	0.0	1	1.0320541019439489	-9.632191010836832	138.0	11	1.05	0.95				
	106	1	123.60118755087721	25.447303319298246	0.0	-100.0	1	1.0328497837263058	-12.002753444108954	138.0	12	1.05	0.95				
	107	2	113.60403267543859	22.72080653508772	0.0	0.0	1	1.05	-6.724605557275619	138.0	12	1.05	0.95				
	108	1	155.4103167	31.809129149122807	0.0	0.0	1	1.020724399386141	-10.378060434783308	138.0	12	1.05	0.95				
	109	1	159.04564574561405	32.717961410526314	0.0	0.0	1	1.0272755246274137	-7.931524532727376	138.0	13	1.05	0.95				
	110	1	177.2222909736842	36.35329045614035	0.0	0.0	1	1.05	-9.543351098117945	138.0	13	1.05	0.95				
	111	1	0.0	0.0	0.0	0.0	1	1.0213989090344078	-3.8312770932017335	230.0	13	1.05	0.95				
	112	1	0.0	0.0	0.0	0.0	1	1.0207174497161327	-2.549613732386966	230.0	13	1.05	0.95				
	113	3	240.84054927192983	49.07694211578948	0.0	0.0	1	1.0311820279398933	9.253927263546694e-28	230.0	14	1.05	0.95				
	114	2	176.3134587122807	35.444458194736846	0.0	0.0	1	1.0291657119264077	-2.347813638892173	230.0	16	1.05	0.95				
	115	2	288.0998268649123	58.165264729824564	0.0	0.0	1	1.0435769703818984	5.534144192698021	230.0	16	1.05	0.95				
	116	2	90.88322614035089	18.176645228070175	0.0	0.0	1	1.0453383805891472	5.31896634461913	230.0	16	1.05	0.95				
	117	1	0.0	0.0	0.0	0.0	1	1.04792858742855	8.565700853766677	230.0	17	1.05	0.95				
	118	2	302.6411430473684	61.80059377543861	0.0	0.0	1	1.0499998994011719	9.187777191622748	230.0	17	1.05	0.95				
	119	1	164.4986393140351	33.626793671929825	0.0	0.0	1	1.0404620047587454	4.403490407868133	230.0	15	1.05	0.95				
	120	1	116.33052945964913	23.62963879649123	0.0	0.0	1	1.0443851365325059	5.176848169170757	230.0	15	1.05	0.95				
	121	2	0.0	0.0	0.0	0.0	1	1.05	10.113825181514706	230.0	17	1.05	0.95				
	122	2	0.0	0.0	0.0	0.0	1	1.05	17.109499783442033	230.0	17	1.05	0.95				
	123	2	0.0	0.0	0.0	0.0	1	1.0495493670037628	6.259184495917959	230.0	15	1.05	0.95				
	124	1	0.0	0.0	0.0	0.0	1	1.0175702083536684	0.9864408852522574	230.0	16	1.05	0.95				
	201	2	91.03415710736843	18.54399496631579	0.0	0.0	2	1.04727344440275	-10.804817871552096	138.0	21	1.05	0.95				
	202	2	81.76215962421053	16.858177242105267	0.0	0.0	2	1.048627871265381	-10.829787313425527	138.0	22	1.05	0.95				
	203	1	151.7235951789474	31.18762789789474	0.0	0.0	2	1.0276541139152697	-8.641530569456595	138.0	21	1.05	0.95				
	204	1	62.37525579578948	12.643632931578946	0.0	0.0	2	1.0217511117240865	-12.659781402626164	138.0	21	1.05	0.95				
	205	1	59.84652920947369	11.800724069473684	0.0	0.0	2	1.037878642832246	-13.018698423286278	138.0	21	1.05	0.95				
	206	1	114.63560524631579	23.60144813894737	0.0	-100.0	2	1.0377618372149602	-15.02889289461721	138.0	22	1.05	0.95				
	207	2	105.3636077631579	21.072721552631577	0.0	0.0	2	0.95	-26.399356875693172	138.0	22	1.05	0.95				
	208	1	144.13741542	29.501810173684206	0.0	0.0	2	0.9554535862937128	-22.80386830665127	138.0	22	1.05	0.95				
	209	1	147.50905086842104	30.344719035789474	0.0	0.0	2	1.0267940927403039	-10.785772729036557	138.0	23	1.05	0.95				
	210	1	164.3672281105263	33.716354484210534	0.0	0.0	2	1.05	-12.647624380422398	138.0	23	1.05	0.95				
	211	1	0.0	0.0	0.0	0.0	2	1.032556174204545	-5.646705231727054	230.0	23	1.05	0.95				
	212	1	0.0	0.0	0.0	0.0	2	1.0258019736780393	-2.8742918521525245	230.0	23	1.05	0.95				
	213	2	223.3708484578947	45.517078553684215	0.0	0.0	2	1.05	-1.2317598875031168	230.0	24	1.05	0.95				
	214	2	163.52431924842105	32.873445622105265	0.0	0.0	2	1.05	-3.7085966503304655	230.0	26	1.05	0.95				
	215	2	267.20210928736844	53.94616717473685	0.0	0.0	2	1.047021415273554	4.313066311355879	230.0	26	1.05	0.95				
	216	2	84.29088621052631	16.858177242105267	0.0	0.0	2	1.049999936180867	4.235192366741364	230.0	26	1.05	0.95				
	217	1	0.0	0.0	0.0	0.0	2	1.05	7.0481086344380115	230.0	27	1.05	0.95				
	218	2	280.6886510810526	57.317802623157895	0.0	0.0	2	1.0492243097051934	7.770080952059487	230.0	27	1.05	0.95				
	219	1	152.56650404105264	31.18762789789474	0.0	0.0	2	1.0436386682926861	3.985976037694067	230.0	25	1.05	0.95				
	220	1	107.8923343494737	21.915630414736842	0.0	0.0	2	1.0458218439413847	5.343283332747234	230.0	25	1.05	0.95				
	221	2	0.0	0.0	0.0	0.0	2	1.05	8.339652097452635	230.0	27	1.05	0.95				
	222	2	0.0	0.0	0.0	0.0	2	1.05	14.344827299840583	230.0	27	1.05	0.95				
	223	2	0.0	0.0	0.0	0.0	2	1.05	6.698673075602774	230.0	25	1.05	0.95				
	224	1	0.0	0.0	0.0	0.0	2	1.0233284850293294	-0.5031703232308978	230.0	26	1.05	0.95				
	301	2	87.55140778105263	17.83454602947368	0.0	0.0	3	1.0190609278333398	-15.143273715132816	138.0	31	1.05	0.95				
	302	2	78.63413476631578	16.213223663157894	0.0	0.0	3	1.0188705986814501	-15.582139170365547	138.0	32	1.05	0.95				
	303	1	145.91901296842104	29.994463776842107	0.0	0.0	3	1.0178562969773217	-9.199661703621524	138.0	31	1.05	0.95				
	304	1	59.98892755368421	12.159917747368421	0.0	0.0	3	1.0056082039227356	-14.13341537622735	138.0	31	1.05	0.95				
	305	1	57.55694400421052	11.349256564210528	0.0	0.0	3	1.0216529369634664	-14.396586137058105	138.0	31	1.05	0.95				
	306	1	110.2499209094737	22.698513128421055	0.0	-100.0	3	1.029010618741558	-14.873287881763986	138.0	32	1.05	0.95				
	307	2	101.33264789473684	20.266529578947367	0.0	0.0	3	1.0018570544207963	-17.29881841893252	138.0	32	1.05	0.95				
	308	1	138.62306232	28.373141410526316	0.0	0.0	3	0.99514617756861	-16.38093008473704	138.0	32	1.05	0.95				
	309	1	141.86570705263156	29.18380259368421	0.0	0.0	3	1.023637508233807	-9.611260366491372	138.0	33	1.05	0.95				
	310	1	158.07893071578945	32.42644732631579	0.0	0.0	3	1.0468785782050358	-11.03836175016679	138.0	33	1.05	0.95				
	311	1	0.0	0.0	0.0	0.0	3	1.017981601852622	-3.3451906335689174	230.0	33	1.05	0.95				
	312	1	0.0	0.0	0.0	0.0	3	1.0181236258908437	-2.2067884710336756	230.0	33	1.05	0.95				
	313	2	214.82521353684209	43.775703890526316	0.0	0.0	3	1.0359961892442164	2.398090956113985	230.0	34	1.05	0.95				
	314	2	157.26826953263156	31.61578614315789	0.0	0.0	3	1.0285303763746316	-1.5577829444791302	230.0	36	1.05	0.95				
	315	2	256.97959506105263	51.88231572210527	0.0	0.0	3	1.0470441106553643	1.641404548225375	230.0	36	1.05	0.95				
	316	2	81.06611831578947	16.213223663157894	0.0	0.0	3	1.044140187751198	1.7979206901940827	230.0	36	1.05	0.95				
	317	1	0.0	0.0	0.0	0.0	3	1.0467798706074214	3.3782990284715013	230.0	37	1.05	0.95				
	318	2	269.95017399157894	55.12496045473685	0.0	0.0	3	1.0468227513366724	3.322207761200933	230.0	37	1.05	0.95				
	319	1	146.72967415157893	29.994463776842107	0.0	0.0	3	1.0411612569366357	2.6246583077817736	230.0	35	1.05	0.95				
	320	1	103.76463144421054	21.077190762105264	0.0	0.0	3	1.0432269300227255	3.7210812621013805	230.0	35	1.05	0.95				
	321	2	0.0	0.0	0.0	0.0	3	1.05	4.684605893999974	230.0	37	1.05	0.95				
	322	2	0.0	0.0	0.0	0.0	3	1.05	9.946824054671717	230.0	37	1.05	0.95				
	323	2	0.0	0.0	0.0	0.0	3	1.0460143525956316	4.5455093685913095	230.0	35	1.05	0.95				
	324	1	0.0	0.0	0.0	0.0	3	1.024681530079845	-0.8059830155328381	230.0	36	1.05	0.95				
	325	1	0.0	0.0	0.0	0.0	3	1.0458763440382945	5.012807283779595	230.0	35	1.05	0.95				
];
