%% MATPOWER Case Format : Version 2
function mpc = RTS_GMLC
mpc.version = '2';

%%-----  Power Flow Data  -----%%
%% system MVA base
mpc.baseMVA = 100.0;
%% bus data
%    bus_i    type    Pd    Qd    Gs    Bs    area    Vm    Va    baseKV    zone    Vmax    Vmin
mpc.bus = [
	101	2	72.39633843789474	14.747402274385962	0.0	0.0	1	1.0307165628942532	-0.21712986375543106	138.0	11	1.05	0.95				
	102	2	65.02263730070175	13.406729340350875	0.0	0.0	1	1.0307535786541429	-0.27126446821502187	138.0	12	1.05	0.95				
	103	1	120.66056406315788	24.802449279649117	0.0	0.0	1	1.021969404269209	-1.1457243280497307	138.0	11	1.05	0.95				
	104	1	49.604898559298235	10.055047005263157	0.0	0.0	1	1.0166212131041588	-3.3595365286403314	138.0	11	1.05	0.95				
	105	1	47.5938891582456	9.384710538245614	0.0	0.0	1	1.0312914559667634	-3.3418305935476447	138.0	11	1.05	0.95				
	106	1	91.16575951438595	18.769421076491227	0.0	-100.0	1	1.0379484559261094	-5.701588644513878	138.0	12	1.05	0.95				
	107	2	83.79205837719297	16.758411675438595	0.0	0.0	1	1.05	-2.7016372029686138	138.0	12	1.05	0.95				
	108	1	114.62753585999998	23.46177634561403	0.0	0.0	1	1.0279414776506	-5.215914431092711	138.0	12	1.05	0.95				
	109	1	117.30888172807016	24.132112812631576	0.0	0.0	1	1.0264731888907856	-3.166853315560477	138.0	13	1.05	0.95				
	110	1	130.71561106842105	26.81345868070175	0.0	0.0	1	1.05	-4.385837511018533	138.0	13	1.05	0.95				
	111	1	0.0	0.0	0.0	0.0	1	1.0108145669836628	-0.7905999023873479	230.0	13	1.05	0.95				
	112	1	0.0	0.0	0.0	0.0	1	1.0145039583373758	-0.04280569419506275	230.0	13	1.05	0.95				
	113	3	177.6391637596491	36.19816921894737	0.0	0.0	1	1.0091246244865997	-1.3422089476897107e-27	230.0	14	1.05	0.95				
	114	2	130.0452746014035	26.14312221368421	0.0	0.0	1	1.011100804974886	1.58077514667962	230.0	16	1.05	0.95				
	115	2	212.4966600445614	42.9015338891228	0.0	0.0	1	1.0439112574489546	9.284396606788755	230.0	16	1.05	0.95				
	116	2	67.03364670175438	13.406729340350875	0.0	0.0	1	1.041810453036808	8.92025371754114	230.0	16	1.05	0.95				
	117	1	0.0	0.0	0.0	0.0	1	1.0466149339847663	11.760719955390798	230.0	17	1.05	0.95				
	118	2	223.22204351684206	45.58287975719298	0.0	0.0	1	1.0489775971448976	12.325362612352842	230.0	17	1.05	0.95				
	119	1	121.33090053017543	24.802449279649117	0.0	0.0	1	1.0364554381198892	7.669720428903765	230.0	15	1.05	0.95				
	120	1	85.8030677782456	17.428748142456136	0.0	0.0	1	1.037612924263355	7.852604969337195	230.0	15	1.05	0.95				
	121	2	0.0	0.0	0.0	0.0	1	1.05	12.797615001380416	230.0	17	1.05	0.95				
	122	2	0.0	0.0	0.0	0.0	1	1.05	19.04532895292784	230.0	17	1.05	0.95				
	123	2	0.0	0.0	0.0	0.0	1	1.0399460894736894	8.450945809619562	230.0	15	1.05	0.95				
	124	1	0.0	0.0	0.0	0.0	1	1.0226476797686688	5.421439525059697	230.0	16	1.05	0.95				
	201	2	87.82118685473684	17.88950102596491	0.0	0.0	2	1.0463440897101866	-11.8724988342925	138.0	21	1.05	0.95				
	202	2	78.87643634175437	16.263182750877192	0.0	0.0	2	1.047631453560291	-11.972473256026875	138.0	22	1.05	0.95				
	203	1	146.36864475789474	30.086888089122805	0.0	0.0	2	1.025113576915973	-8.2736531164275	138.0	21	1.05	0.95				
	204	1	60.17377617824561	12.197387063157894	0.0	0.0	2	1.0209043418789343	-13.867707014556705	138.0	21	1.05	0.95				
	205	1	57.734298765614035	11.384227925614034	0.0	0.0	2	1.0377323460971368	-14.328009233265954	138.0	21	1.05	0.95				
	206	1	110.58964270596492	22.76845585122807	0.0	-100.0	2	1.0383140587304271	-16.46314569011929	138.0	22	1.05	0.95				
	207	2	101.64489219298245	20.32897843859649	0.0	0.0	2	0.95	-28.0658097132602	138.0	22	1.05	0.95				
	208	1	139.05021251999997	28.460569814035086	0.0	0.0	2	0.9558631317011648	-24.302517906700142	138.0	22	1.05	0.95				
	209	1	142.30284907017543	29.273728951578942	0.0	0.0	2	1.0249979163121545	-12.15962509816887	138.0	23	1.05	0.95				
	210	1	158.56603182105263	32.526365501754384	0.0	0.0	2	1.05	-14.29660789964845	138.0	23	1.05	0.95				
	211	1	0.0	0.0	0.0	0.0	2	1.0321378711082319	-7.018142608700939	230.0	23	1.05	0.95				
	212	1	0.0	0.0	0.0	0.0	2	1.0236866681702126	-5.739002993886897	230.0	23	1.05	0.95				
	213	2	215.4871714491228	43.91059342736842	0.0	0.0	2	1.05	-3.075803030307573	230.0	24	1.05	0.95				
	214	2	157.75287268350874	31.713206364210528	0.0	0.0	2	1.05	-4.538931775529849	230.0	26	1.05	0.95				
	215	2	257.77144660140345	52.042184802807014	0.0	0.0	2	1.0436064309684732	4.153886686232872	230.0	26	1.05	0.95				
	216	2	81.31591375438596	16.263182750877192	0.0	0.0	2	1.0483566932084958	4.00865014353918	230.0	26	1.05	0.95				
	217	1	0.0	0.0	0.0	0.0	2	1.0487890267629447	7.330121523611468	230.0	27	1.05	0.95				
	218	2	270.78199280210526	55.29482135298246	0.0	0.0	2	1.0499999959150648	7.977659665844907	230.0	27	1.05	0.95				
	219	1	147.1818038954386	30.086888089122805	0.0	0.0	2	1.043098626137083	3.42493049867922	230.0	25	1.05	0.95				
	220	1	104.08436960561403	21.14213757614035	0.0	0.0	2	1.045843275254238	4.4370917216794075	230.0	25	1.05	0.95				
	221	2	0.0	0.0	0.0	0.0	2	1.05	8.429074658790366	230.0	27	1.05	0.95				
	222	2	0.0	0.0	0.0	0.0	2	1.05	14.509770853250695	230.0	27	1.05	0.95				
	223	2	0.0	0.0	0.0	0.0	2	1.05	5.58183433598041	230.0	25	1.05	0.95				
	224	1	0.0	0.0	0.0	0.0	2	1.0210285558971564	-0.4691283229724273	230.0	26	1.05	0.95				
	301	2	59.48370769263159	12.117051567017544	0.0	0.0	3	1.0085190163080222	-16.8631857526282	138.0	31	1.05	0.95				
	302	2	53.42518190912281	11.015501424561405	0.0	0.0	3	1.0077727588330272	-17.02532793506376	138.0	32	1.05	0.95				
	303	1	99.13951282105265	20.3786776354386	0.0	0.0	3	1.0282573790732772	-9.285440835221056	138.0	31	1.05	0.95				
	304	1	40.7573552708772	8.261626068421053	0.0	0.0	3	1.0083504129969534	-15.222107385833562	138.0	31	1.05	0.95				
	305	1	39.105030057192984	7.710850997192983	0.0	0.0	3	1.021822946788272	-16.179630443304145	138.0	31	1.05	0.95				
	306	1	74.90540968701755	15.421701994385966	0.0	-100.0	3	1.0367528367126082	-16.41986965083336	138.0	32	1.05	0.95				
	307	2	68.84688390350878	13.769376780701755	0.0	0.0	3	1.0073933302955824	-17.01799208742959	138.0	32	1.05	0.95				
	308	1	94.18253718	19.27712749298246	0.0	0.0	3	1.0060443959285892	-16.89287510773787	138.0	32	1.05	0.95				
	309	1	96.38563746491229	19.82790256421053	0.0	0.0	3	1.0275727859780517	-11.50400093780996	138.0	33	1.05	0.95				
	310	1	107.40113888947369	22.03100284912281	0.0	0.0	3	1.05	-13.727432598845597	138.0	33	1.05	0.95				
	311	1	0.0	0.0	0.0	0.0	3	1.013838861852665	-7.310838400887289	230.0	33	1.05	0.95				
	312	1	0.0	0.0	0.0	0.0	3	1.0146790534785144	-6.733587925492585	230.0	33	1.05	0.95				
	313	2	145.9553938754386	29.741853846315795	0.0	0.0	3	1.018333889005981	-3.388983347511382	230.0	34	1.05	0.95				
	314	2	106.85036381824563	21.48022777789474	0.0	0.0	3	1.020239755343064	-5.410330720389973	230.0	36	1.05	0.95				
	315	2	174.59569757929827	35.249604558596495	0.0	0.0	3	1.0441682478079601	0.3736617610949854	230.0	36	1.05	0.95				
	316	2	55.07750712280702	11.015501424561405	0.0	0.0	3	1.0424757677352434	0.5856788067490986	230.0	36	1.05	0.95				
	317	1	0.0	0.0	0.0	0.0	3	1.0465350704907046	2.766673897144793	230.0	37	1.05	0.95				
	318	2	183.4080987189474	37.452704843508776	0.0	0.0	3	1.0473626449778188	2.925465238700214	230.0	37	1.05	0.95				
	319	1	99.69028789228072	20.3786776354386	0.0	0.0	3	1.0368346228060679	-0.5045497494743726	230.0	35	1.05	0.95				
	320	1	70.49920911719299	14.320151851929827	0.0	0.0	3	1.0362958080793883	-0.4074743261375007	230.0	35	1.05	0.95				
	321	2	0.0	0.0	0.0	0.0	3	1.0499999936838147	3.988278129444812	230.0	37	1.05	0.95				
	322	2	0.0	0.0	0.0	0.0	3	1.05	9.283638548290513	230.0	37	1.05	0.95				
	323	2	0.0	0.0	0.0	0.0	3	1.0371150701931429	0.0592094813292097	230.0	35	1.05	0.95				
	324	1	0.0	0.0	0.0	0.0	3	1.0260852031527599	-3.223504875909907	230.0	36	1.05	0.95				
	325	1	0.0	0.0	0.0	0.0	3	1.0348774554327025	1.127437496888292	230.0	35	1.05	0.95				
];
