%% MATPOWER Case Format : Version 2
function mpc = RTS_GMLC
mpc.version = '2';

%%-----  Power Flow Data  -----%%
%% system MVA base
mpc.baseMVA = 100.0;
%% bus data
%    bus_i    type    Pd    Qd    Gs    Bs    area    Vm    Va    baseKV    zone    Vmax    Vmin
mpc.bus = [
	101	2	80.27857496842105	16.35304304912281	0.0	0.0	1	1.033207561609229	-2.6467543942714506	138.0	11	1.05	0.95				
	102	2	72.10205344385965	14.866402771929826	0.0	0.0	1	1.0332043360062118	-2.698125256479471	138.0	12	1.05	0.95				
	103	1	133.79762494736843	27.502845128070174	0.0	0.0	1	1.0202569293411288	-3.248792670798261	138.0	11	1.05	0.95				
	104	1	55.00569025614035	11.149802078947369	0.0	0.0	1	1.0165683522299929	-5.437645315337704	138.0	11	1.05	0.95				
	105	1	52.775729840350884	10.40648194035088	0.0	0.0	1	1.0317675739211731	-5.470997610583609	138.0	11	1.05	0.95				
	106	1	101.09153884912281	20.81296388070176	0.0	-100.0	1	1.036609484463838	-7.728833533284896	138.0	12	1.05	0.95				
	107	2	92.9150173245614	18.58300346491228	0.0	0.0	1	1.0467409182121494	-2.8951788390633864	138.0	12	1.05	0.95				
	108	1	127.1077437	26.016204850877195	0.0	0.0	1	1.0236896706265026	-6.221056452348555	138.0	12	1.05	0.95				
	109	1	130.08102425438597	26.759524989473682	0.0	0.0	1	1.0267520284935416	-4.6718153631747	138.0	13	1.05	0.95				
	110	1	144.9474270263158	29.73280554385965	0.0	0.0	1	1.05	-5.988675903721219	138.0	13	1.05	0.95				
	111	1	0.0	0.0	0.0	0.0	1	1.0142819117602264	-1.8117792599096372	230.0	13	1.05	0.95				
	112	1	0.0	0.0	0.0	0.0	1	1.0162990060740602	-0.7824477810451841	230.0	13	1.05	0.95				
	113	3	196.97983672807018	40.13928748421053	0.0	0.0	1	1.0155059740748997	4.423116354295382e-22	230.0	14	1.05	0.95				
	114	2	144.2041068877193	28.98948540526316	0.0	0.0	1	1.0169855736166178	0.16200554787828267	230.0	16	1.05	0.95				
	115	2	235.63248393508772	47.57248887017545	0.0	0.0	1	1.045078075955656	7.6495672368645	230.0	16	1.05	0.95				
	116	2	74.33201385964912	14.866402771929826	0.0	0.0	1	1.0432977387665503	7.432099446753122	230.0	16	1.05	0.95				
	117	1	0.0	0.0	0.0	0.0	1	1.0471944440295542	10.198417389201376	230.0	17	1.05	0.95				
	118	2	247.52560615263158	50.545769424561406	0.0	0.0	1	1.0490723461323717	10.731580409469098	230.0	17	1.05	0.95				
	119	1	134.54094508596492	27.502845128070174	0.0	0.0	1	1.037999663380917	6.527862723159664	230.0	15	1.05	0.95				
	120	1	95.1449777403509	19.326323603508776	0.0	0.0	1	1.0399535561016957	7.145410228661893	230.0	15	1.05	0.95				
	121	2	0.0	0.0	0.0	0.0	1	1.05	11.338929034158724	230.0	17	1.05	0.95				
	122	2	0.0	0.0	0.0	0.0	1	1.05	17.44206166439631	230.0	17	1.05	0.95				
	123	2	0.0	0.0	0.0	0.0	1	1.0431974234548376	8.03167151490648	230.0	15	1.05	0.95				
	124	1	0.0	0.0	0.0	0.0	1	1.022140582799088	3.6231540633265618	230.0	16	1.05	0.95				
	201	2	76.02329607157895	15.48622697754386	0.0	0.0	2	1.0384300991032738	-7.697346230059617	138.0	21	1.05	0.95				
	202	2	68.28018258280703	14.07838816140351	0.0	0.0	2	1.0383895868739679	-7.82178308958472	138.0	22	1.05	0.95				
	203	1	126.7054934526316	26.045018098596493	0.0	0.0	2	1.028386162486155	-5.629872986575297	138.0	21	1.05	0.95				
	204	1	52.09003619719299	10.558791121052632	0.0	0.0	2	1.0194877743871325	-9.75522924842701	138.0	21	1.05	0.95				
	205	1	49.97827797298246	9.854871712982458	0.0	0.0	2	1.0352019404445556	-10.043161012844887	138.0	21	1.05	0.95				
	206	1	95.73303949754387	19.709743425964916	0.0	-100.0	2	1.0393283059874165	-12.030951676201381	138.0	22	1.05	0.95				
	207	2	87.98992600877193	17.597985201754387	0.0	0.0	2	0.9702836658349808	-22.650319935759754	138.0	22	1.05	0.95				
	208	1	120.37021878	24.637179282456138	0.0	0.0	2	0.973242467218351	-19.185771621487497	138.0	22	1.05	0.95				
	209	1	123.1858964122807	25.341098690526316	0.0	0.0	2	1.02602686290398	-8.498433714419948	138.0	23	1.05	0.95				
	210	1	137.26428457368422	28.15677632280702	0.0	0.0	2	1.05	-10.21613229239254	138.0	23	1.05	0.95				
	211	1	0.0	0.0	0.0	0.0	2	1.0228433799251064	-3.9290585690966813	230.0	23	1.05	0.95				
	212	1	0.0	0.0	0.0	0.0	2	1.0192586329452673	-2.7201940676758514	230.0	23	1.05	0.95				
	213	2	186.53864313859648	38.01164803578948	0.0	0.0	2	1.0319719279223256	-0.4815794211239582	230.0	24	1.05	0.95				
	214	2	136.56036516561406	27.452856914736845	0.0	0.0	2	1.0350301717785786	-1.6277406401459238	230.0	26	1.05	0.95				
	215	2	223.1424523582456	45.05084211649123	0.0	0.0	2	1.0439759140738467	5.677212149724553	230.0	26	1.05	0.95				
	216	2	70.39194080701755	14.07838816140351	0.0	0.0	2	1.0466919156617556	5.928794460387274	230.0	26	1.05	0.95				
	217	1	0.0	0.0	0.0	0.0	2	1.0487364123699516	8.905927793980037	230.0	27	1.05	0.95				
	218	2	234.40516288736845	47.866519748771935	0.0	0.0	2	1.0499999981345451	9.73189082021116	230.0	27	1.05	0.95				
	219	1	127.40941286070178	26.045018098596493	0.0	0.0	2	1.0432207527929664	5.601807030953231	230.0	25	1.05	0.95				
	220	1	90.10168423298246	18.30190460982456	0.0	0.0	2	1.046220852282971	6.63557900828986	230.0	25	1.05	0.95				
	221	2	0.0	0.0	0.0	0.0	2	1.05	10.099168592229484	230.0	27	1.05	0.95				
	222	2	0.0	0.0	0.0	0.0	2	1.05	16.142818557491058	230.0	27	1.05	0.95				
	223	2	0.0	0.0	0.0	0.0	2	1.05	7.713904091466656	230.0	25	1.05	0.95				
	224	1	0.0	0.0	0.0	0.0	2	1.0239738949665567	1.4611458757188827	230.0	26	1.05	0.95				
	301	2	67.05156596210527	13.658652325614035	0.0	0.0	3	1.0129835600716783	-17.657670562346084	138.0	31	1.05	0.95				
	302	2	60.22223979929825	12.416956659649124	0.0	0.0	3	1.0117391348115992	-17.97244834728814	138.0	32	1.05	0.95				
	303	1	111.7526099368421	22.97136982035088	0.0	0.0	3	1.0237374848842558	-11.361636910096458	138.0	31	1.05	0.95				
	304	1	45.94273964070176	9.312717494736843	0.0	0.0	3	1.008948720299362	-16.632955047116482	138.0	31	1.05	0.95				
	305	1	44.080196141754385	8.691869661754387	0.0	0.0	3	1.0232668235199391	-17.420071690854943	138.0	31	1.05	0.95				
	306	1	84.43530528561405	17.383739323508774	0.0	-100.0	3	1.035686002786849	-17.987464943880788	138.0	32	1.05	0.95				
	307	2	77.60597912280703	15.521195824561405	0.0	0.0	3	1.0054775133168958	-19.847769798013196	138.0	32	1.05	0.95				
	308	1	106.16497944000001	21.729674154385965	0.0	0.0	3	1.0022834233154598	-19.36915056598899	138.0	32	1.05	0.95				
	309	1	108.64837077192983	22.35052198736842	0.0	0.0	3	1.0275896548268113	-13.002101026810111	138.0	33	1.05	0.95				
	310	1	121.06532743157894	24.833913319298247	0.0	0.0	3	1.05	-15.191290543672435	138.0	33	1.05	0.95				
	311	1	0.0	0.0	0.0	0.0	3	1.0173270839509905	-8.398374754175736	230.0	33	1.05	0.95				
	312	1	0.0	0.0	0.0	0.0	3	1.0168375189843648	-7.536370313566213	230.0	33	1.05	0.95				
	313	2	164.5246757403509	33.525782981052636	0.0	0.0	3	1.0251674461674467	-4.219427985104602	230.0	34	1.05	0.95				
	314	2	120.4444795985965	24.21306548631579	0.0	0.0	3	1.0259972381511129	-6.389744076121229	230.0	36	1.05	0.95				
	315	2	196.8087630554386	39.734261310877194	0.0	0.0	3	1.0468809407980106	0.36925844156590276	230.0	36	1.05	0.95				
	316	2	62.08478329824562	12.416956659649124	0.0	0.0	3	1.0450367474186837	0.20510070675408718	230.0	36	1.05	0.95				
	317	1	0.0	0.0	0.0	0.0	3	1.0475734504404384	2.6062475441968385	230.0	37	1.05	0.95				
	318	2	206.74232838315788	42.217652642807025	0.0	0.0	3	1.0479313864077917	2.891156206932791	230.0	37	1.05	0.95				
	319	1	112.37345776982457	22.97136982035088	0.0	0.0	3	1.0406032801189118	-0.5479244716316805	230.0	35	1.05	0.95				
	320	1	79.46852262175439	16.142043657543862	0.0	0.0	3	1.0418126037595974	-0.032557229441433445	230.0	35	1.05	0.95				
	321	2	0.0	0.0	0.0	0.0	3	1.05	3.9629017722099453	230.0	37	1.05	0.95				
	322	2	0.0	0.0	0.0	0.0	3	1.05	9.20565706235716	230.0	37	1.05	0.95				
	323	2	0.0	0.0	0.0	0.0	3	1.0440170440185477	0.708748401765481	230.0	35	1.05	0.95				
	324	1	0.0	0.0	0.0	0.0	3	1.023466118333194	-3.9743800089424832	230.0	36	1.05	0.95				
	325	1	0.0	0.0	0.0	0.0	3	1.0421668194706306	1.5954466132911476	230.0	35	1.05	0.95				
];
