%% MATPOWER Case Format : Version 2
function mpc = RTS_GMLC
mpc.version = '2';

%%-----  Power Flow Data  -----%%
%% system MVA base
mpc.baseMVA = 100.0;
%% bus data
%    bus_i    type    Pd    Qd    Gs    Bs    area    Vm    Va    baseKV    zone    Vmax    Vmin
mpc.bus = [
	101	2	80.73280553684212	16.445571498245613	0.0	0.0	1	1.0499282195109578	-0.6092838268634095	138.0	11	1.05	0.95				
	102	2	72.5100197877193	14.95051954385965	0.0	0.0	1	1.0492956952989791	-0.8523589312388253	138.0	12	1.05	0.95				
	103	1	134.55467589473687	27.65846115614035	0.0	0.0	1	1.0289322998057213	-1.76588884908999	138.0	11	1.05	0.95				
	104	1	55.3169223122807	11.212889657894738	0.0	0.0	1	1.0260262372615474	-4.251441551131994	138.0	11	1.05	0.95				
	105	1	53.07434438070175	10.465363680701756	0.0	0.0	1	1.0393282099647712	-4.723880160363593	138.0	11	1.05	0.95				
	106	1	101.66353289824563	20.930727361403513	0.0	-100.0	1	1.0395390058501939	-7.757897434802471	138.0	12	1.05	0.95				
	107	2	93.44074714912281	18.688149429824563	0.0	0.0	1	1.012261806640546	-11.395538287889437	138.0	12	1.05	0.95				
	108	1	127.82694210000001	26.16340920175439	0.0	0.0	1	1.002266241693903	-11.415943552260776	138.0	12	1.05	0.95				
	109	1	130.81704600877197	26.91093517894737	0.0	0.0	1	1.026460012880995	-5.106351234715736	138.0	13	1.05	0.95				
	110	1	145.7675655526316	29.9010390877193	0.0	0.0	1	1.05	-6.625222497194076	138.0	13	1.05	0.95				
	111	1	0.0	0.0	0.0	0.0	1	1.0149554931255897	-2.1667537143401985	230.0	13	1.05	0.95				
	112	1	0.0	0.0	0.0	0.0	1	1.0166381471283943	-1.5743543336561219	230.0	13	1.05	0.95				
	113	3	198.09438395614038	40.36640276842106	0.0	0.0	1	1.0166862375776564	5.503943551179405e-28	230.0	14	1.05	0.95				
	114	2	145.0200395754386	29.15351311052632	0.0	0.0	1	1.018706785160969	-0.3319892790113708	230.0	16	1.05	0.95				
	115	2	236.96573477017546	47.84166254035088	0.0	0.0	1	1.0448818370081974	7.54748833691274	230.0	16	1.05	0.95				
	116	2	74.75259771929825	14.95051954385965	0.0	0.0	1	1.042579143223545	6.791963334393832	230.0	16	1.05	0.95				
	117	1	0.0	0.0	0.0	0.0	1	1.0457178660883588	9.899273141542249	230.0	17	1.05	0.95				
	118	2	248.9261504052632	50.83176644912282	0.0	0.0	1	1.0477317176365426	10.414762300159243	230.0	17	1.05	0.95				
	119	1	135.30220187192984	27.65846115614035	0.0	0.0	1	1.0353231316906744	5.224061733117982	230.0	15	1.05	0.95				
	120	1	95.68332508070176	19.43567540701755	0.0	0.0	1	1.034832288936979	4.8015751714569435	230.0	15	1.05	0.95				
	121	2	0.0	0.0	0.0	0.0	1	1.05	12.175189903903146	230.0	17	1.05	0.95				
	122	2	0.0	0.0	0.0	0.0	1	1.05	18.656580460167337	230.0	17	1.05	0.95				
	123	2	0.0	0.0	0.0	0.0	1	1.0365316663320678	5.12702169075042	230.0	15	1.05	0.95				
	124	1	0.0	0.0	0.0	0.0	1	1.0271793210054376	4.0800898718529055	230.0	16	1.05	0.95				
	201	2	70.83834408	14.430033053333332	0.0	0.0	2	1.0311461911130746	-11.049911863968488	138.0	21	1.05	0.95				
	202	2	63.62332755333333	13.118211866666668	0.0	0.0	2	1.0315743856920196	-11.028044806425859	138.0	22	1.05	0.95				
	203	1	118.06390680000001	24.26869195333333	0.0	0.0	2	1.0199588705615807	-9.823381286100199	138.0	21	1.05	0.95				
	204	1	48.53738390666666	9.8386589	0.0	0.0	2	1.017015287798212	-12.573496768969624	138.0	21	1.05	0.95				
	205	1	46.56965212666667	9.182748306666667	0.0	0.0	2	1.032290643040201	-12.843277971057995	138.0	21	1.05	0.95				
	206	1	89.20384069333333	18.365496613333335	0.0	-100.0	2	1.0392686174913317	-14.45240925384345	138.0	22	1.05	0.95				
	207	2	81.98882416666666	16.397764833333333	0.0	0.0	2	0.9808438646583706	-24.17916834566832	138.0	22	1.05	0.95				
	208	1	112.16071146	22.956870766666665	0.0	0.0	2	0.9817970145452352	-20.988413624996014	138.0	22	1.05	0.95				
	209	1	114.78435383333334	23.61278136	0.0	0.0	2	1.0253806391057114	-11.17142208911555	138.0	23	1.05	0.95				
	210	1	127.9025657	26.236423733333336	0.0	0.0	2	1.05	-12.582552623503288	138.0	23	1.05	0.95				
	211	1	0.0	0.0	0.0	0.0	2	1.0184832684950502	-7.487055945646447	230.0	23	1.05	0.95				
	212	1	0.0	0.0	0.0	0.0	2	1.0192246478485703	-4.065902165715615	230.0	23	1.05	0.95				
	213	2	173.81630723333333	35.41917204	0.0	0.0	2	1.0219534701345867	-5.24280723234733	230.0	24	1.05	0.95				
	214	2	127.24665510666667	25.58051314	0.0	0.0	2	1.0272063589599816	-5.090600277668728	230.0	26	1.05	0.95				
	215	2	207.92365808666665	41.978277973333334	0.0	0.0	2	1.041603207164852	2.381006937851002	230.0	26	1.05	0.95				
	216	2	65.59105933333333	13.118211866666668	0.0	0.0	2	1.042427730108281	2.2985402510872786	230.0	26	1.05	0.95				
	217	1	0.0	0.0	0.0	0.0	2	1.0450430843155558	4.744766666754447	230.0	27	1.05	0.95				
	218	2	218.41822758	44.60192034666667	0.0	0.0	2	1.046002764495857	5.124115986518336	230.0	27	1.05	0.95				
	219	1	118.71981739333334	24.26869195333333	0.0	0.0	2	1.0407535862768842	2.2011725549065857	230.0	25	1.05	0.95				
	220	1	83.95655594666667	17.05367542666667	0.0	0.0	2	1.0447965360661786	3.35088848064501	230.0	25	1.05	0.95				
	221	2	0.0	0.0	0.0	0.0	2	1.0459852037187876	4.964039468987005	230.0	27	1.05	0.95				
	222	2	0.0	0.0	0.0	0.0	2	1.05	11.386343258514072	230.0	27	1.05	0.95				
	223	2	0.0	0.0	0.0	0.0	2	1.048981337909977	4.458220212470104	230.0	25	1.05	0.95				
	224	1	0.0	0.0	0.0	0.0	2	1.018187453983344	-2.144995504196636	230.0	26	1.05	0.95				
	301	2	67.70072762526316	13.790888960701755	0.0	0.0	3	0.9943611913856524	0.9900804641632072	138.0	31	1.05	0.95				
	302	2	60.80528314491228	12.537171782456142	0.0	0.0	3	0.994271162547808	0.9462788726381554	138.0	32	1.05	0.95				
	303	1	112.83454604210526	23.19376779754386	0.0	0.0	3	1.0142815877207536	4.343275863135041	138.0	31	1.05	0.95				
	304	1	46.38753559508772	9.402878836842104	0.0	0.0	3	1.0000401413377156	3.127113249815655	138.0	31	1.05	0.95				
	305	1	44.50695982771929	8.776020247719298	0.0	0.0	3	1.012348521192884	3.0452141659137193	138.0	31	1.05	0.95				
	306	1	85.25276812070176	17.552040495438597	0.0	-100.0	3	1.0306448172220493	3.4893807062045274	138.0	32	1.05	0.95				
	307	2	78.35732364035087	15.671464728070175	0.0	0.0	3	0.9921623221914557	-0.31548046208534486	138.0	32	1.05	0.95				
	308	1	107.19281873999999	21.940050619298244	0.0	0.0	3	1.001347753210955	2.512297552361191	138.0	32	1.05	0.95				
	309	1	109.70025309649122	22.566909208421052	0.0	0.0	3	1.0273548123493688	7.45466152912727	138.0	33	1.05	0.95				
	310	1	122.23742487894735	25.074343564912283	0.0	0.0	3	1.05	7.0939936832940615	138.0	33	1.05	0.95				
	311	1	0.0	0.0	0.0	0.0	3	1.0184245325083296	13.631721025362113	230.0	33	1.05	0.95				
	312	1	0.0	0.0	0.0	0.0	3	1.0231678453559714	14.941886760381424	230.0	33	1.05	0.95				
	313	2	166.11752611754383	33.85036381263158	0.0	0.0	3	1.0446902491995707	21.82229947428982	230.0	34	1.05	0.95				
	314	2	121.61056628982456	24.447484975789475	0.0	0.0	3	1.0211325201348505	12.635372741268666	230.0	36	1.05	0.95				
	315	2	198.71417275192982	40.118949703859656	0.0	0.0	3	1.035583460657719	7.927089857599114	230.0	36	1.05	0.95				
	316	2	62.6858589122807	12.537171782456142	0.0	0.0	3	1.0372741559201033	9.424385366421522	230.0	36	1.05	0.95				
	317	1	0.0	0.0	0.0	0.0	3	1.0406312515470808	8.55824130008328	230.0	37	1.05	0.95				
	318	2	208.74391017789472	42.62638406035088	0.0	0.0	3	1.038865607853912	7.401833126587125	230.0	37	1.05	0.95				
	319	1	113.46140463122806	23.19376779754386	0.0	0.0	3	1.0368476596167953	11.892972429634918	230.0	35	1.05	0.95				
	320	1	80.23789940771931	16.298323317192985	0.0	0.0	3	1.0395347864178144	13.83558046161919	230.0	35	1.05	0.95				
	321	2	0.0	0.0	0.0	0.0	3	1.0393477448976953	8.142482242401048	230.0	37	1.05	0.95				
	322	2	0.0	0.0	0.0	0.0	3	1.05	12.622169502403732	230.0	37	1.05	0.95				
	323	2	0.0	0.0	0.0	0.0	3	1.0409833314668655	14.533715727154974	230.0	35	1.05	0.95				
	324	1	0.0	0.0	0.0	0.0	3	1.0238388379616596	8.494572203388065	230.0	36	1.05	0.95				
	325	1	0.0	0.0	0.0	0.0	3	1.0429536222449274	14.338294434094745	230.0	35	1.05	0.95				
];
