%% MATPOWER Case Format : Version 2
function mpc = RTS_GMLC
mpc.version = '2';

%%-----  Power Flow Data  -----%%
%% system MVA base
mpc.baseMVA = 100.0;
%% bus data
%    bus_i    type    Pd    Qd    Gs    Bs    area    Vm    Va    baseKV    zone    Vmax    Vmin
mpc.bus = [
	101	2	60.18555171789475	12.260019794385967	0.0	0.0	1	1.0328080776616797	2.3878943145078275	138.0	11	1.05	0.95				
	102	2	54.055541820701755	11.145472540350879	0.0	0.0	1	1.0328669479519335	2.3468960939405314	138.0	12	1.05	0.95				
	103	1	100.30925286315791	20.619124199649125	0.0	0.0	1	1.0254539680696044	0.5038956997401394	138.0	11	1.05	0.95				
	104	1	41.23824839929825	8.359104405263158	0.0	0.0	1	1.0191977913681562	-1.1582597772739256	138.0	11	1.05	0.95				
	105	1	39.56642751824562	7.801830778245615	0.0	0.0	1	1.0336330894428452	-1.0213126759161106	138.0	11	1.05	0.95				
	106	1	75.78921327438599	15.60366155649123	0.0	-100.0	1	1.0414833438203468	-3.444635385826707	138.0	12	1.05	0.95				
	107	2	69.659203377193	13.931840675438597	0.0	0.0	1	1.0380270105973994	-2.4309287947753497	138.0	12	1.05	0.95				
	108	1	95.29379022	19.504576945614037	0.0	0.0	1	1.024196537281015	-4.08741240847266	138.0	12	1.05	0.95				
	109	1	97.52288472807018	20.061850572631577	0.0	0.0	1	1.0258252628249118	-1.7722228815050123	138.0	13	1.05	0.95				
	110	1	108.66835726842106	22.290945080701757	0.0	0.0	1	1.05	-2.7198641218827437	138.0	13	1.05	0.95				
	111	1	0.0	0.0	0.0	0.0	1	1.0064546387053195	-0.0698345943585639	230.0	13	1.05	0.95				
	112	1	0.0	0.0	0.0	0.0	1	1.0118361499017987	0.3654857742953474	230.0	13	1.05	0.95				
	113	3	147.67751115964913	30.092775858947373	0.0	0.0	1	1.0011415856116268	1.9521130190718012e-28	230.0	14	1.05	0.95				
	114	2	108.11108364140351	21.733671453684213	0.0	0.0	1	1.0035703723054963	2.1567335698355743	230.0	16	1.05	0.95				
	115	2	176.65573976456142	35.66551212912281	0.0	0.0	1	1.0413422847791007	9.167835214823942	230.0	16	1.05	0.95				
	116	2	55.72736270175439	11.145472540350879	0.0	0.0	1	1.0378033713922221	8.566645892820175	230.0	16	1.05	0.95				
	117	1	0.0	0.0	0.0	0.0	1	1.0445370738321074	11.121309286305658	230.0	17	1.05	0.95				
	118	2	185.57211779684212	37.89460663719299	0.0	0.0	1	1.0474062216864486	11.539441799504344	230.0	17	1.05	0.95				
	119	1	100.86652649017545	20.619124199649125	0.0	0.0	1	1.0315068108233287	7.101570736115716	230.0	15	1.05	0.95				
	120	1	71.33102425824562	14.48911430245614	0.0	0.0	1	1.0306850504708176	6.893098979252843	230.0	15	1.05	0.95				
	121	2	0.0	0.0	0.0	0.0	1	1.05	12.238801196324086	230.0	17	1.05	0.95				
	122	2	0.0	0.0	0.0	0.0	1	1.05	18.311570785338606	230.0	17	1.05	0.95				
	123	2	0.0	0.0	0.0	0.0	1	1.031349911518946	7.200830554074078	230.0	15	1.05	0.95				
	124	1	0.0	0.0	0.0	0.0	1	1.024433810230974	5.944077419887598	230.0	16	1.05	0.95				
	201	2	70.73634505263159	14.409255473684212	0.0	0.0	2	1.0339481485962536	-12.077890403329677	138.0	21	1.05	0.95				
	202	2	63.53171731578947	13.099323157894737	0.0	0.0	2	1.0341072916765635	-12.189833186632384	138.0	22	1.05	0.95				
	203	1	117.89390842105266	24.233747842105263	0.0	0.0	2	1.0233151195666226	-8.561688566517708	138.0	21	1.05	0.95				
	204	1	48.467495684210526	9.824492368421053	0.0	0.0	2	1.0173012688851681	-14.21223685692211	138.0	21	1.05	0.95				
	205	1	46.50259721052631	9.169526210526318	0.0	0.0	2	1.0334696987848062	-14.643997090437853	138.0	21	1.05	0.95				
	206	1	89.07539747368422	18.339052421052635	0.0	-100.0	2	1.0395862773328814	-16.70508751616391	138.0	22	1.05	0.95				
	207	2	81.8707697368421	16.374153947368423	0.0	0.0	2	0.9801192896416436	-26.504491751544254	138.0	22	1.05	0.95				
	208	1	111.999213	22.92381552631579	0.0	0.0	2	0.9810383421123045	-23.312987697513744	138.0	22	1.05	0.95				
	209	1	114.61907763157895	23.578781684210526	0.0	0.0	2	1.0238576280372358	-13.210099861303032	138.0	23	1.05	0.95				
	210	1	127.71840078947369	26.198646315789475	0.0	0.0	2	1.05	-15.181047598501305	138.0	23	1.05	0.95				
	211	1	0.0	0.0	0.0	0.0	2	1.0204744235518153	-9.528169092170906	230.0	23	1.05	0.95				
	212	1	0.0	0.0	0.0	0.0	2	1.0172720224608598	-8.601595601352852	230.0	23	1.05	0.95				
	213	2	173.56603184210528	35.368172526315796	0.0	0.0	2	1.0240406929955632	-7.846405894933752	230.0	24	1.05	0.95				
	214	2	127.06343463157894	25.543680157894737	0.0	0.0	2	1.0330687851708258	-6.403492811392163	230.0	26	1.05	0.95				
	215	2	207.6242720526316	41.91783410526316	0.0	0.0	2	1.0405951688664967	2.3173636748154167	230.0	26	1.05	0.95				
	216	2	65.4966157894737	13.099323157894737	0.0	0.0	2	1.0438275268742092	2.0294011787685293	230.0	26	1.05	0.95				
	217	1	0.0	0.0	0.0	0.0	2	1.0453059268609195	5.470082563359382	230.0	27	1.05	0.95				
	218	2	218.10373057894742	44.53769873684211	0.0	0.0	2	1.047652067933033	6.095000127459932	230.0	27	1.05	0.95				
	219	1	118.54887457894738	24.233747842105263	0.0	0.0	2	1.0421338081358706	1.218736139276271	230.0	25	1.05	0.95				
	220	1	83.83566821052632	17.02912010526316	0.0	0.0	2	1.0461196896938325	1.7450483510509	230.0	25	1.05	0.95				
	221	2	0.0	0.0	0.0	0.0	2	1.0481687058378277	6.166678118406615	230.0	27	1.05	0.95				
	222	2	0.0	0.0	0.0	0.0	2	1.05	12.403183856900508	230.0	27	1.05	0.95				
	223	2	0.0	0.0	0.0	0.0	2	1.05	2.5101719361043067	230.0	25	1.05	0.95				
	224	1	0.0	0.0	0.0	0.0	2	1.020555600499907	-1.7314350144060204	230.0	26	1.05	0.95				
	301	2	50.20752925894737	10.22745966385965	0.0	0.0	3	1.0109791547449756	-12.820216084644118	138.0	31	1.05	0.95				
	302	2	45.09379942701754	9.297690603508773	0.0	0.0	3	1.0101841848860391	-13.05562563446165	138.0	32	1.05	0.95				
	303	1	83.67921543157894	17.200727616491225	0.0	0.0	3	1.0410809405273174	-3.350265993214639	138.0	31	1.05	0.95				
	304	1	34.40145523298245	6.973267952631579	0.0	0.0	3	1.0109580277877683	-11.838862028560593	138.0	31	1.05	0.95				
	305	1	33.00680164245613	6.5083834224561405	0.0	0.0	3	1.0246565491687287	-12.950817767684768	138.0	31	1.05	0.95				
	306	1	63.22429610385964	13.016766844912281	0.0	-100.0	3	1.039947063324174	-13.574451704374441	138.0	32	1.05	0.95				
	307	2	58.11056627192982	11.622113254385964	0.0	0.0	3	0.9913816406643793	-18.653554974029536	138.0	32	1.05	0.95				
	308	1	79.49525465999999	16.27095855614035	0.0	0.0	3	0.9969994892502196	-16.53126368647893	138.0	32	1.05	0.95				
	309	1	81.35479278070174	16.73584308631579	0.0	0.0	3	1.0261916978681456	-8.937688526130334	138.0	33	1.05	0.95				
	310	1	90.65248338421051	18.595381207017546	0.0	0.0	3	1.05	-11.585467047812848	138.0	33	1.05	0.95				
	311	1	0.0	0.0	0.0	0.0	3	1.010220531027298	-6.038168658369014	230.0	33	1.05	0.95				
	312	1	0.0	0.0	0.0	0.0	3	1.0129795279701532	-5.605028038648042	230.0	33	1.05	0.95				
	313	2	123.19440049649121	25.103764629473684	0.0	0.0	3	1.012049643877452	-2.8911580474236698	230.0	34	1.05	0.95				
	314	2	90.18759885403507	18.130496676842107	0.0	0.0	3	1.0116660706542349	-4.482503805975281	230.0	36	1.05	0.95				
	315	2	147.36839606561404	29.75260993122807	0.0	0.0	3	1.0393997313599959	0.38726692536548074	230.0	36	1.05	0.95				
	316	2	46.488453017543854	9.297690603508773	0.0	0.0	3	1.0368316703620348	0.4824845434414425	230.0	36	1.05	0.95				
	317	1	0.0	0.0	0.0	0.0	3	1.0423387840457368	1.79023230169779	230.0	37	1.05	0.95				
	318	2	154.80654854842103	31.61214805192982	0.0	0.0	3	1.0429622068639444	1.8369897624139397	230.0	37	1.05	0.95				
	319	1	84.14409996175438	17.200727616491225	0.0	0.0	3	1.030908845332064	-0.5587708577019578	230.0	35	1.05	0.95				
	320	1	59.50521986245614	12.086997784561403	0.0	0.0	3	1.0291595865326404	-0.5707495870832634	230.0	35	1.05	0.95				
	321	2	0.0	0.0	0.0	0.0	3	1.0451378731068253	2.8534351798967044	230.0	37	1.05	0.95				
	322	2	0.0	0.0	0.0	0.0	3	1.05	6.765280156957214	230.0	37	1.05	0.95				
	323	2	0.0	0.0	0.0	0.0	3	1.028912779931929	-0.22131113928288595	230.0	35	1.05	0.95				
	324	1	0.0	0.0	0.0	0.0	3	1.0336803519756428	-1.025045756992998	230.0	36	1.05	0.95				
	325	1	0.0	0.0	0.0	0.0	3	1.0274922537391007	0.8362436174513597	230.0	35	1.05	0.95				
];
