%% MATPOWER Case Format : Version 2
function mpc = RTS_GMLC
mpc.version = '2';

%%-----  Power Flow Data  -----%%
%% system MVA base
mpc.baseMVA = 100.0;
%% bus data
%    bus_i    type    Pd    Qd    Gs    Bs    area    Vm    Va    baseKV    zone    Vmax    Vmin
mpc.bus = [
	101	2	55.58980702736842	11.323849579649123	0.0	0.0	1	1.0293051619873308	-0.29183645617712833	138.0	11	1.05	0.95				
	102	2	49.927882237543855	10.294408708771929	0.0	0.0	1	1.028301089426885	-0.6042728346701661	138.0	12	1.05	0.95				
	103	1	92.64967837894737	19.04465611122807	0.0	0.0	1	1.025461726109547	0.398973843539338	138.0	11	1.05	0.95				
	104	1	38.08931222245614	7.720806531578947	0.0	0.0	1	1.017583772909023	-3.268985505513589	138.0	11	1.05	0.95				
	105	1	36.545150916140344	7.206086096140352	0.0	0.0	1	1.0327016067167223	-3.2861354983074618	138.0	11	1.05	0.95				
	106	1	70.00197921964913	14.412172192280703	0.0	-100.0	1	1.0419767192197773	-5.512908901812287	138.0	12	1.05	0.95				
	107	2	64.34005442982456	12.868010885964912	0.0	0.0	1	0.998053581171168	-12.614695616307953	138.0	12	1.05	0.95				
	108	1	88.01719446	18.015215240350877	0.0	0.0	1	0.9989660863216184	-10.567015219487438	138.0	12	1.05	0.95				
	109	1	90.07607620175439	18.52993567578947	0.0	0.0	1	1.0244442711234785	-3.3482391235551865	138.0	13	1.05	0.95				
	110	1	100.37048491052632	20.588817417543858	0.0	0.0	1	1.05	-4.684104620382076	138.0	13	1.05	0.95				
	111	1	0.0	0.0	0.0	0.0	1	1.0105367225231237	-0.45597232977690827	230.0	13	1.05	0.95				
	112	1	0.0	0.0	0.0	0.0	1	1.0129267188967974	-0.7930387776614504	230.0	13	1.05	0.95				
	113	3	136.40091539122804	27.79490351368421	0.0	0.0	1	1.0060200280785245	-2.0084180621383712e-30	230.0	14	1.05	0.95				
	114	2	99.85576447508771	20.074096982105264	0.0	0.0	1	1.0162156215116571	2.7626630518610704	230.0	16	1.05	0.95				
	115	2	163.1663780340351	32.942107868070174	0.0	0.0	1	1.041028870458525	11.778910598840847	230.0	16	1.05	0.95				
	116	2	51.47204354385965	10.294408708771929	0.0	0.0	1	1.0370857532094817	10.396209417853763	230.0	16	1.05	0.95				
	117	1	0.0	0.0	0.0	0.0	1	1.0406652850628546	15.813250651107984	230.0	17	1.05	0.95				
	118	2	171.40190500105263	35.000989609824565	0.0	0.0	1	1.05	16.265468038965953	230.0	17	1.05	0.95				
	119	1	93.16439881438596	19.04465611122807	0.0	0.0	1	1.030309074780847	7.337812230372734	230.0	15	1.05	0.95				
	120	1	65.88421573614035	13.38273132140351	0.0	0.0	1	1.0301463984045103	5.657502807812646	230.0	15	1.05	0.95				
	121	2	0.0	0.0	0.0	0.0	1	1.05	17.922483728615106	230.0	17	1.05	0.95				
	122	2	0.0	0.0	0.0	0.0	1	1.05	34.42519999290037	230.0	17	1.05	0.95				
	123	2	0.0	0.0	0.0	0.0	1	1.0310861877396198	5.123948178032032	230.0	15	1.05	0.95				
	124	1	0.0	0.0	0.0	0.0	1	1.0209807753073674	7.535643076642559	230.0	16	1.05	0.95				
	201	2	56.26947899368421	11.462301276491228	0.0	0.0	2	1.0226186288254893	-13.504552516388832	138.0	21	1.05	0.95				
	202	2	50.53832835543859	10.420273887719299	0.0	0.0	2	1.0236625064813833	-13.32083051841841	138.0	22	1.05	0.95				
	203	1	93.78246498947368	19.277506692280703	0.0	0.0	2	1.0155812980315895	-11.939649776307512	138.0	21	1.05	0.95				
	204	1	38.555013384561406	7.815205415789474	0.0	0.0	2	1.015265416442833	-14.709003835303125	138.0	21	1.05	0.95				
	205	1	36.99197230140351	7.294191721403509	0.0	0.0	2	1.0298313851879803	-15.079230277824765	138.0	21	1.05	0.95				
	206	1	70.85786243649123	14.588383442807018	0.0	-100.0	2	1.0412937672539402	-16.420918269081906	138.0	22	1.05	0.95				
	207	2	65.12671179824561	13.025342359649123	0.0	0.0	2	0.9889991648388269	-23.893648007276614	138.0	22	1.05	0.95				
	208	1	89.09334174	18.235479303508768	0.0	0.0	2	0.9926967292997116	-21.45734270161313	138.0	22	1.05	0.95				
	209	1	91.17739651754387	18.756492997894735	0.0	0.0	2	1.0237829948149908	-13.703963309317185	138.0	23	1.05	0.95				
	210	1	101.59767040526316	20.840547775438598	0.0	0.0	2	1.05	-15.002418668950025	138.0	23	1.05	0.95				
	211	1	0.0	0.0	0.0	0.0	2	1.0117270518278736	-10.33098912268453	230.0	23	1.05	0.95				
	212	1	0.0	0.0	0.0	0.0	2	1.0132345105046536	-8.969162845565043	230.0	23	1.05	0.95				
	213	2	138.0686290122807	28.134739496842105	0.0	0.0	2	1.013078430238883	-8.462920509286553	230.0	24	1.05	0.95				
	214	2	101.07665671087717	20.31953408105263	0.0	0.0	2	1.0149832174847535	-7.896413292726573	230.0	26	1.05	0.95				
	215	2	165.16134112035087	33.34487644070175	0.0	0.0	2	1.0302762888186703	-1.3933530221899266	230.0	26	1.05	0.95				
	216	2	52.10136943859649	10.420273887719299	0.0	0.0	2	1.0332458967967093	-1.2908024528703697	230.0	26	1.05	0.95				
	217	1	0.0	0.0	0.0	0.0	2	1.0353095922214262	0.4178434952084136	230.0	27	1.05	0.95				
	218	2	173.49756023052632	35.428931218245616	0.0	0.0	2	1.0339597159970637	-0.37624418635761414	230.0	27	1.05	0.95				
	219	1	94.30347868385965	19.277506692280703	0.0	0.0	2	1.03654408888279	-0.5987315455622046	230.0	25	1.05	0.95				
	220	1	66.6897528814035	13.546356054035089	0.0	0.0	2	1.0435824645428846	0.9865097332983888	230.0	25	1.05	0.95				
	221	2	0.0	0.0	0.0	0.0	2	1.035389810549626	0.09677470743112394	230.0	27	1.05	0.95				
	222	2	0.0	0.0	0.0	0.0	2	1.05	6.720974301924596	230.0	27	1.05	0.95				
	223	2	0.0	0.0	0.0	0.0	2	1.049007005744206	2.231067321236795	230.0	25	1.05	0.95				
	224	1	0.0	0.0	0.0	0.0	2	1.0117489797765111	-5.327053682158638	230.0	26	1.05	0.95				
	301	2	42.74217018947369	8.706738371929825	0.0	0.0	3	1.0122583483700178	1.81230331968071	138.0	31	1.05	0.95				
	302	2	38.388801003508775	7.915216701754386	0.0	0.0	3	1.0120087416225527	1.609657601876684	138.0	32	1.05	0.95				
	303	1	71.23695031578949	14.643150898245613	0.0	0.0	3	1.0402881596235907	9.965162184531406	138.0	31	1.05	0.95				
	304	1	29.286301796491227	5.93641252631579	0.0	0.0	3	1.0134561883826851	2.735508011279743	138.0	31	1.05	0.95				
	305	1	28.09901929122807	5.540651691228071	0.0	0.0	3	1.0263265595535196	1.586201578798073	138.0	31	1.05	0.95				
	306	1	53.823473571929824	11.081303382456142	0.0	-100.0	3	1.042388152309695	0.972816823984	138.0	32	1.05	0.95				
	307	2	49.470104385964916	9.894020877192983	0.0	0.0	3	0.9786083234024155	-2.9300259688887436	138.0	32	1.05	0.95				
	308	1	67.67510279999999	13.851629228070175	0.0	0.0	3	0.9925508340006636	-1.231760937778515	138.0	32	1.05	0.95				
	309	1	69.25814614035089	14.247390063157894	0.0	0.0	3	1.0264382980960176	5.281894656325507	138.0	33	1.05	0.95				
	310	1	77.17336284210526	15.830433403508772	0.0	0.0	3	1.05	2.635761439561335	138.0	33	1.05	0.95				
	311	1	0.0	0.0	0.0	0.0	3	1.006625540054194	7.3015577206056275	230.0	33	1.05	0.95				
	312	1	0.0	0.0	0.0	0.0	3	1.0122489692617413	7.593658978062103	230.0	33	1.05	0.95				
	313	2	104.87662129824562	21.371085094736845	0.0	0.0	3	1.0097502528852578	10.136112695074	230.0	34	1.05	0.95				
	314	2	76.77760200701755	15.434672568421053	0.0	0.0	3	1.0002013452832084	8.288378040219092	230.0	36	1.05	0.95				
	315	2	125.45618472280702	25.328693445614036	0.0	0.0	3	1.0336572617109572	11.982680037831994	230.0	36	1.05	0.95				
	316	2	39.57608350877193	7.915216701754386	0.0	0.0	3	1.0301614197747688	11.984056925138121	230.0	36	1.05	0.95				
	317	1	0.0	0.0	0.0	0.0	3	1.049053265992566	16.629072662756396	230.0	37	1.05	0.95				
	318	2	131.78835808421053	26.911736785964912	0.0	0.0	3	1.0487507373999612	13.988508920111048	230.0	37	1.05	0.95				
	319	1	71.6327111508772	14.643150898245613	0.0	0.0	3	1.0235791637112603	10.947686940306992	230.0	35	1.05	0.95				
	320	1	50.65738689122807	10.289781712280702	0.0	0.0	3	1.0205051137493886	10.818171154033699	230.0	35	1.05	0.95				
	321	2	0.0	0.0	0.0	0.0	3	1.0445848445265917	13.9650821014372	230.0	37	1.05	0.95				
	322	2	0.0	0.0	0.0	0.0	3	1.05	19.350281687918827	230.0	37	1.05	0.95				
	323	2	0.0	0.0	0.0	0.0	3	1.0192137181869838	11.05715110548098	230.0	35	1.05	0.95				
	324	1	0.0	0.0	0.0	0.0	3	1.0310151957546971	11.2155189428846	230.0	36	1.05	0.95				
	325	1	0.0	0.0	0.0	0.0	3	1.0208832440594808	11.660086878083593	230.0	35	1.05	0.95				
];
