%% MATPOWER Case Format : Version 2
function mpc = RTS_GMLC
mpc.version = '2';

%%-----  Power Flow Data  -----%%
%% system MVA base
mpc.baseMVA = 100.0;
%% bus data
%    bus_i    type    Pd    Qd    Gs    Bs    area    Vm    Va    baseKV    zone    Vmax    Vmin
mpc.bus = [
	101	2	54.72142503157895	11.146956950877192	0.0	0.0	1	1.0293589982778952	-0.7194961909305904	138.0	11	1.05	0.95				
	102	2	49.14794655614035	10.133597228070174	0.0	0.0	1	1.028451876954747	-1.0057311513863354	138.0	12	1.05	0.95				
	103	1	91.20237505263158	18.747154871929823	0.0	0.0	1	1.027368415037355	-0.7490215976484519	138.0	11	1.05	0.95				
	104	1	37.494309743859645	7.60019792105263	0.0	0.0	1	1.0182111936300913	-3.6951865097199352	138.0	11	1.05	0.95				
	105	1	35.974270159649116	7.093518059649123	0.0	0.0	1	1.0328771185918915	-3.6499771390205455	138.0	11	1.05	0.95				
	106	1	68.9084611508772	14.187036119298247	0.0	-100.0	1	1.0422750224041233	-5.829654535963852	138.0	12	1.05	0.95				
	107	2	63.33498267543859	12.66699653508772	0.0	0.0	1	1.0002613157125482	-13.132839466293877	138.0	12	1.05	0.95				
	108	1	86.64225629999999	17.733795149122805	0.0	0.0	1	1.0005866477780714	-11.007618760268677	138.0	12	1.05	0.95				
	109	1	88.66897574561403	18.240475010526314	0.0	0.0	1	1.0251868943556637	-3.828420228280111	138.0	13	1.05	0.95				
	110	1	98.80257297368419	20.26719445614035	0.0	0.0	1	1.05	-5.008818942892437	138.0	13	1.05	0.95				
	111	1	0.0	0.0	0.0	0.0	1	1.0087752458112542	-0.9769504235870153	230.0	13	1.05	0.95				
	112	1	0.0	0.0	0.0	0.0	1	1.012768635037694	-0.9164990481190426	230.0	13	1.05	0.95				
	113	3	134.27016327192982	27.360712515789476	0.0	0.0	1	1.006267975455348	7.226967134924458e-28	230.0	14	1.05	0.95				
	114	2	98.2958931122807	19.76051459473684	0.0	0.0	1	1.0098773457776156	1.6992651968061028	230.0	16	1.05	0.95				
	115	2	160.61751606491225	32.42751112982456	0.0	0.0	1	1.0435552921290074	9.318523657334207	230.0	16	1.05	0.95				
	116	2	50.66798614035088	10.133597228070174	0.0	0.0	1	1.0408385669387572	8.42496612773687	230.0	16	1.05	0.95				
	117	1	0.0	0.0	0.0	0.0	1	1.0441352189607906	11.786745555121799	230.0	17	1.05	0.95				
	118	2	168.72439384736842	34.4542305754386	0.0	0.0	1	1.0477753319943037	11.948516544432291	230.0	17	1.05	0.95				
	119	1	91.70905491403508	18.747154871929823	0.0	0.0	1	1.0335160432591282	6.33654365418383	230.0	15	1.05	0.95				
	120	1	64.85502225964912	13.173676396491226	0.0	0.0	1	1.0316694658804275	5.480178563300024	230.0	15	1.05	0.95				
	121	2	0.0	0.0	0.0	0.0	1	1.05	13.26843898944863	230.0	17	1.05	0.95				
	122	2	0.0	0.0	0.0	0.0	1	1.05	24.24152894479591	230.0	17	1.05	0.95				
	123	2	0.0	0.0	0.0	0.0	1	1.0315057957000162	5.392760527612841	230.0	15	1.05	0.95				
	124	1	0.0	0.0	0.0	0.0	1	1.0248890372447335	5.569283893364233	230.0	16	1.05	0.95				
	201	2	62.91641743578948	12.816307255438597	0.0	0.0	2	1.0290059148480462	-14.239360810801	138.0	21	1.05	0.95				
	202	2	56.50826380807017	11.651188414035088	0.0	0.0	2	1.0294652725050153	-14.236038395464435	138.0	22	1.05	0.95				
	203	1	104.8606957263158	21.554698565964912	0.0	0.0	2	1.0165737721910408	-12.737364629890793	138.0	21	1.05	0.95				
	204	1	43.109397131929825	8.738391310526316	0.0	0.0	2	1.0165179999802978	-16.167270763677603	138.0	21	1.05	0.95				
	205	1	41.36171886982456	8.155831889824562	0.0	0.0	2	1.0320754740716283	-16.434579097247518	138.0	21	1.05	0.95				
	206	1	79.22808121543859	16.311663779649123	0.0	-100.0	2	1.040708930313647	-18.205707466700236	138.0	22	1.05	0.95				
	207	2	72.81992758771929	14.563985517543859	0.0	0.0	2	0.9881576912858303	-26.90453270707767	138.0	22	1.05	0.95				
	208	1	99.61766094	20.3895797245614	0.0	0.0	2	0.9892894661929775	-24.1203009965697	138.0	22	1.05	0.95				
	209	1	101.94789862280702	20.972139145263156	0.0	0.0	2	1.0236131937154627	-15.371043640854515	138.0	23	1.05	0.95				
	210	1	113.59908703684209	23.302376828070177	0.0	0.0	2	1.05	-16.807483131044084	138.0	23	1.05	0.95				
	211	1	0.0	0.0	0.0	0.0	2	1.015052513055527	-11.742302939853609	230.0	23	1.05	0.95				
	212	1	0.0	0.0	0.0	0.0	2	1.0143908082589796	-10.677828000782934	230.0	23	1.05	0.95				
	213	2	154.3782464859649	31.45820871789474	0.0	0.0	2	1.016424076899497	-10.2103856495893	230.0	24	1.05	0.95				
	214	2	113.01652761614034	22.71981740736842	0.0	0.0	2	1.0229863307839473	-8.737196767828106	230.0	26	1.05	0.95				
	215	2	184.67133636245615	37.28380292491228	0.0	0.0	2	1.035658126398254	-0.7357768824922153	230.0	26	1.05	0.95				
	216	2	58.255942070175436	11.651188414035088	0.0	0.0	2	1.0384912657513743	-0.9373223983418366	230.0	26	1.05	0.95				
	217	1	0.0	0.0	0.0	0.0	2	1.040701774791409	1.99163258421515	230.0	27	1.05	0.95				
	218	2	193.9922870936842	39.614040607719296	0.0	0.0	2	1.041545109296806	2.0862851437322965	230.0	27	1.05	0.95				
	219	1	105.44325514701754	21.554698565964912	0.0	0.0	2	1.039405994983629	-1.171754618544453	230.0	25	1.05	0.95				
	220	1	74.56760584982456	15.146544938245615	0.0	0.0	2	1.044805204088074	-0.2744444965030302	230.0	25	1.05	0.95				
	221	2	0.0	0.0	0.0	0.0	2	1.0416448482256968	1.91690854270072	230.0	27	1.05	0.95				
	222	2	0.0	0.0	0.0	0.0	2	1.05	8.450311028922872	230.0	27	1.05	0.95				
	223	2	0.0	0.0	0.0	0.0	2	1.0492659015331984	0.6411406348435361	230.0	25	1.05	0.95				
	224	1	0.0	0.0	0.0	0.0	2	1.013555352078864	-5.196534815725264	230.0	26	1.05	0.95				
	301	2	45.236317604210534	9.214805437894737	0.0	0.0	3	1.0078186574451446	-11.431709959951032	138.0	31	1.05	0.95				
	302	2	40.628914885263164	8.37709585263158	0.0	0.0	3	1.0077035307490296	-11.531749416319487	138.0	32	1.05	0.95				
	303	1	75.39386267368423	15.497627327368422	0.0	0.0	3	1.0253522308565584	-6.20364366528539	138.0	31	1.05	0.95				
	304	1	30.995254654736843	6.282821889473684	0.0	0.0	3	1.0112267234531809	-9.982626838231532	138.0	31	1.05	0.95				
	305	1	29.738690276842107	5.8639670968421065	0.0	0.0	3	1.0235241769791743	-10.944162023743939	138.0	31	1.05	0.95				
	306	1	56.96425179789475	11.727934193684213	0.0	-100.0	3	1.0406598471645525	-11.172478736876519	138.0	32	1.05	0.95				
	307	2	52.35684907894738	10.471369815789474	0.0	0.0	3	0.9910358479297896	-15.498073063183345	138.0	32	1.05	0.95				
	308	1	71.62416954000001	14.659917742105263	0.0	0.0	3	0.9990199036472974	-13.634485806773464	138.0	32	1.05	0.95				
	309	1	73.29958871052632	15.078772534736842	0.0	0.0	3	1.0272722210515512	-7.005478488265527	138.0	33	1.05	0.95				
	310	1	81.67668456315789	16.75419170526316	0.0	0.0	3	1.05	-9.107700214332604	138.0	33	1.05	0.95				
	311	1	0.0	0.0	0.0	0.0	3	1.0077381520428046	-3.5246905279165266	230.0	33	1.05	0.95				
	312	1	0.0	0.0	0.0	0.0	3	1.0113810825455534	-3.2181582719961703	230.0	33	1.05	0.95				
	313	2	110.99652004736842	22.618158802105267	0.0	0.0	3	1.0101692457868192	-0.30739458686228377	230.0	34	1.05	0.95				
	314	2	81.25782977052633	16.335336912631583	0.0	0.0	3	1.0066851568766324	-1.6953154805783437	230.0	36	1.05	0.95				
	315	2	132.77696926421055	26.806706728421055	0.0	0.0	3	1.0383191286774596	2.8750680517457927	230.0	36	1.05	0.95				
	316	2	41.8854792631579	8.37709585263158	0.0	0.0	3	1.0370756437150626	3.3118403941155314	230.0	36	1.05	0.95				
	317	1	0.0	0.0	0.0	0.0	3	1.05	8.210495115250389	230.0	37	1.05	0.95				
	318	2	139.4786459463158	28.482125898947373	0.0	0.0	3	1.0472917588835877	5.999414088783696	230.0	37	1.05	0.95				
	319	1	75.8127174663158	15.497627327368422	0.0	0.0	3	1.0296119590862784	2.1864554902601765	230.0	35	1.05	0.95				
	320	1	53.61341345684211	10.890224608421054	0.0	0.0	3	1.0260370278560331	2.0129909671975317	230.0	35	1.05	0.95				
	321	2	0.0	0.0	0.0	0.0	3	1.0454842349461642	5.583329635829994	230.0	37	1.05	0.95				
	322	2	0.0	0.0	0.0	0.0	3	1.05	10.9569007291308	230.0	37	1.05	0.95				
	323	2	0.0	0.0	0.0	0.0	3	1.0245550275507478	2.24184233075025	230.0	35	1.05	0.95				
	324	1	0.0	0.0	0.0	0.0	3	1.0220747237155912	-0.5145256547980814	230.0	36	1.05	0.95				
	325	1	0.0	0.0	0.0	0.0	3	1.0241537413919675	3.1872601334470754	230.0	35	1.05	0.95				
];
