%% MATPOWER Case Format : Version 2
function mpc = RTS_GMLC
mpc.version = '2';

%%-----  Power Flow Data  -----%%
%% system MVA base
mpc.baseMVA = 100.0;
%% bus data
%    bus_i    type    Pd    Qd    Gs    Bs    area    Vm    Va    baseKV    zone    Vmax    Vmin
mpc.bus = [
	101	2	59.103414151578946	12.039584364210526	0.0	0.0	1	1.03311616150676	2.4478314827128846	138.0	11	1.05	0.95				
	102	2	53.08362196947368	10.945076694736843	0.0	0.0	1	1.0331797130644758	2.409689734251366	138.0	12	1.05	0.95				
	103	1	98.50569025263157	20.248391885263157	0.0	0.0	1	1.0257023160999408	0.4268936393593923	138.0	11	1.05	0.95				
	104	1	40.496783770526314	8.208807521052632	0.0	0.0	1	1.0194859562301763	-1.1258361162503496	138.0	11	1.05	0.95				
	105	1	38.855022266315785	7.6615536863157905	0.0	0.0	1	1.0339097502892274	-0.9734411462480376	138.0	11	1.05	0.95				
	106	1	74.42652152421053	15.323107372631581	0.0	-100.0	1	1.0418313856997108	-3.3950988043694954	138.0	12	1.05	0.95				
	107	2	68.40672934210525	13.681345868421053	0.0	0.0	1	1.036111497853279	-2.7611882198512	138.0	12	1.05	0.95				
	108	1	93.58040573999999	19.15388421578947	0.0	0.0	1	1.023355875145127	-4.256186386069878	138.0	12	1.05	0.95				
	109	1	95.76942107894737	19.701138050526314	0.0	0.0	1	1.0257787346750746	-1.806347636803154	138.0	13	1.05	0.95				
	110	1	106.7144977736842	21.890153389473685	0.0	0.0	1	1.05	-2.7171188710437497	138.0	13	1.05	0.95				
	111	1	0.0	0.0	0.0	0.0	1	1.0060342581166	-0.12624757026338196	230.0	13	1.05	0.95				
	112	1	0.0	0.0	0.0	0.0	1	1.0115921623053554	0.31409383507203875	230.0	13	1.05	0.95				
	113	3	145.02226620526315	29.551707075789473	0.0	0.0	1	1.000603197383207	-6.238286417314716e-30	230.0	14	1.05	0.95				
	114	2	106.16724393894737	21.342899554736842	0.0	0.0	1	1.0027047448700708	2.013660834073419	230.0	16	1.05	0.95				
	115	2	173.47946561157895	35.02424542315789	0.0	0.0	1	1.0409731486365152	8.829397824856434	230.0	16	1.05	0.95				
	116	2	54.72538347368421	10.945076694736843	0.0	0.0	1	1.037260623321972	8.238918651665236	230.0	16	1.05	0.95				
	117	1	0.0	0.0	0.0	0.0	1	1.0439357535991258	10.649680076989931	230.0	17	1.05	0.95				
	118	2	182.23552696736843	37.213260762105264	0.0	0.0	1	1.0467725348933772	10.903207251830159	230.0	17	1.05	0.95				
	119	1	99.05294408736842	20.248391885263157	0.0	0.0	1	1.0309796185016062	6.8310197826787595	230.0	15	1.05	0.95				
	120	1	70.04849084631579	14.228599703157895	0.0	0.0	1	1.030030394511846	6.654564903849636	230.0	15	1.05	0.95				
	121	2	0.0	0.0	0.0	0.0	1	1.0499999941803237	11.79593230080586	230.0	17	1.05	0.95				
	122	2	0.0	0.0	0.0	0.0	1	1.05	18.497159196089466	230.0	17	1.05	0.95				
	123	2	0.0	0.0	0.0	0.0	1	1.0305846680554107	6.973119481669453	230.0	15	1.05	0.95				
	124	1	0.0	0.0	0.0	0.0	1	1.0245857765744046	5.7016908416082694	230.0	16	1.05	0.95				
	201	2	69.39335747368422	14.13568392982456	0.0	0.0	2	1.0333519882716091	-12.207781704905418	138.0	21	1.05	0.95				
	202	2	62.32551550877192	12.850621754385966	0.0	0.0	2	1.0335181853341726	-12.317697227153474	138.0	22	1.05	0.95				
	203	1	115.6555957894737	23.773650245614032	0.0	0.0	2	1.0227603904543046	-8.819558164828507	138.0	21	1.05	0.95				
	204	1	47.547300491228064	9.637966315789473	0.0	0.0	2	1.0171849201940397	-14.39321991742043	138.0	21	1.05	0.95				
	205	1	45.61970722807017	8.995435228070175	0.0	0.0	2	1.033313862830977	-14.80957035757967	138.0	21	1.05	0.95				
	206	1	87.38422792982456	17.99087045614035	0.0	-100.0	2	1.0397818474585074	-16.879054224581658	138.0	22	1.05	0.95				
	207	2	80.31638596491229	16.063277192982454	0.0	0.0	2	0.9827758041630392	-26.508889885408	138.0	22	1.05	0.95				
	208	1	109.872816	22.488588070175435	0.0	0.0	2	0.983185926778699	-23.38629400255739	138.0	22	1.05	0.95				
	209	1	112.44294035087718	23.131119157894737	0.0	0.0	2	1.0236967832152897	-13.483458312480227	138.0	23	1.05	0.95				
	210	1	125.29356210526315	25.70124350877193	0.0	0.0	2	1.05	-15.420129800762155	138.0	23	1.05	0.95				
	211	1	0.0	0.0	0.0	0.0	2	1.0194420498364625	-9.941243318984567	230.0	23	1.05	0.95				
	212	1	0.0	0.0	0.0	0.0	2	1.0167175447063268	-9.012502671580977	230.0	23	1.05	0.95				
	213	2	170.27073824561404	34.69667873684211	0.0	0.0	2	1.0221529434245502	-8.470289520998403	230.0	24	1.05	0.95				
	214	2	124.65103101754384	25.058712421052633	0.0	0.0	2	1.0312668473028017	-6.77396144041872	230.0	26	1.05	0.95				
	215	2	203.68235480701756	41.12198961403509	0.0	0.0	2	1.0392658407398765	1.9203628976877292	230.0	26	1.05	0.95				
	216	2	64.25310877192982	12.850621754385966	0.0	0.0	2	1.0427056010870435	1.6420456509910737	230.0	26	1.05	0.95				
	217	1	0.0	0.0	0.0	0.0	2	1.0442429317753832	5.015762552698309	230.0	27	1.05	0.95				
	218	2	213.9628522105263	43.69211396491228	0.0	0.0	2	1.0463472271091319	5.574463639424755	230.0	27	1.05	0.95				
	219	1	116.29812687719298	23.773650245614032	0.0	0.0	2	1.0416100938097033	0.8766176224375113	230.0	25	1.05	0.95				
	220	1	82.24397922807017	16.705808280701753	0.0	0.0	2	1.0459675026597568	1.4206295725799993	230.0	25	1.05	0.95				
	221	2	0.0	0.0	0.0	0.0	2	1.046665846915702	5.554972893684037	230.0	27	1.05	0.95				
	222	2	0.0	0.0	0.0	0.0	2	1.05	11.851854587240055	230.0	27	1.05	0.95				
	223	2	0.0	0.0	0.0	0.0	2	1.05	2.1863383662703586	230.0	25	1.05	0.95				
	224	1	0.0	0.0	0.0	0.0	2	1.0197075653683687	-2.0793180571514616	230.0	26	1.05	0.95				
	301	2	52.37709586105264	10.669408416140351	0.0	0.0	3	1.0121420452882934	-12.882836374737275	138.0	31	1.05	0.95				
	302	2	47.04239165298246	9.699462196491229	0.0	0.0	3	1.0110542360921113	-13.141536729233149	138.0	32	1.05	0.95				
	303	1	87.29515976842106	17.944005063508772	0.0	0.0	3	1.0440680606450676	-2.3962342305613897	138.0	31	1.05	0.95				
	304	1	35.888010127017544	7.274596647368421	0.0	0.0	3	1.0109221707342284	-11.870840309459378	138.0	31	1.05	0.95				
	305	1	34.433090797543855	6.789623537543861	0.0	0.0	3	1.0249876258127815	-13.143261891053248	138.0	31	1.05	0.95				
	306	1	65.95634293614036	13.579247075087721	0.0	-100.0	3	1.0395713536161093	-13.85716930280002	138.0	32	1.05	0.95				
	307	2	60.62163872807018	12.124327745614035	0.0	0.0	3	0.991005864234744	-19.145013419157628	138.0	32	1.05	0.95				
	308	1	82.93040178000001	16.97405884385965	0.0	0.0	3	0.9958899060983402	-16.91223855468628	138.0	32	1.05	0.95				
	309	1	84.87029421929824	17.45903195368421	0.0	0.0	3	1.026254770297636	-8.844389697500622	138.0	33	1.05	0.95				
	310	1	94.56975641578947	19.398924392982458	0.0	0.0	3	1.05	-11.844695119040498	138.0	33	1.05	0.95				
	311	1	0.0	0.0	0.0	0.0	3	1.0113670561190142	-6.188573786803271	230.0	33	1.05	0.95				
	312	1	0.0	0.0	0.0	0.0	3	1.013671131477305	-5.767856863592757	230.0	33	1.05	0.95				
	313	2	128.51787410350877	26.18854793052632	0.0	0.0	3	1.012816399762028	-3.1200515346630087	230.0	34	1.05	0.95				
	314	2	94.08478330596492	18.913951283157896	0.0	0.0	3	1.014069156005057	-4.640481999233909	230.0	36	1.05	0.95				
	315	2	153.73647581438595	31.03827902877193	0.0	0.0	3	1.0419889960071906	0.43237683335401206	230.0	36	1.05	0.95				
	316	2	48.49731098245614	9.699462196491229	0.0	0.0	3	1.0390822732077354	0.43839696186413574	230.0	36	1.05	0.95				
	317	1	0.0	0.0	0.0	0.0	3	1.0445611109363577	2.032450358503976	230.0	37	1.05	0.95				
	318	2	161.49604557157895	32.97817146807018	0.0	0.0	3	1.044828040215384	1.9514897114174334	230.0	37	1.05	0.95				
	319	1	87.78013287824562	17.944005063508772	0.0	0.0	3	1.032615413985791	-0.7087751569333778	230.0	35	1.05	0.95				
	320	1	62.07655805754386	12.6093008554386	0.0	0.0	3	1.0306549064747346	-0.7789027266357743	230.0	35	1.05	0.95				
	321	2	0.0	0.0	0.0	0.0	3	1.0470091438744713	2.946672824898939	230.0	37	1.05	0.95				
	322	2	0.0	0.0	0.0	0.0	3	1.05	6.923153226490108	230.0	37	1.05	0.95				
	323	2	0.0	0.0	0.0	0.0	3	1.0303717112332402	-0.44763965457250904	230.0	35	1.05	0.95				
	324	1	0.0	0.0	0.0	0.0	3	1.0370544887669135	-0.6349187062939677	230.0	36	1.05	0.95				
	325	1	0.0	0.0	0.0	0.0	3	1.0289317445294648	0.5899980457433908	230.0	35	1.05	0.95				
];
