%% MATPOWER Case Format : Version 2
function mpc = RTS_GMLC
mpc.version = '2';

%%-----  Power Flow Data  -----%%
%% system MVA base
mpc.baseMVA = 100.0;
%% bus data
%    bus_i    type    Pd    Qd    Gs    Bs    area    Vm    Va    baseKV    zone    Vmax    Vmin
mpc.bus = [
	101	2	71.22068283789474	14.507916874385964	0.0	0.0	1	1.0367830944937397	1.4288422111603425	138.0	11	1.05	0.95				
	102	2	63.96672440070176	13.18901534035088	0.0	0.0	1	1.0363451593278739	1.2188327242598562	138.0	12	1.05	0.95				
	103	1	118.7011380631579	24.399678379649124	0.0	0.0	1	1.0276596341135928	-0.19881564863955004	138.0	11	1.05	0.95				
	104	1	48.79935675929825	9.891761505263158	0.0	0.0	1	1.0215597292410938	-2.350072775956373	138.0	11	1.05	0.95				
	105	1	46.82100445824561	9.232310738245616	0.0	0.0	1	1.0337206380708375	-2.69292234284183	138.0	11	1.05	0.95				
	106	1	89.68530431438599	18.46462147649123	0.0	-100.0	1	1.038886038433774	-5.631257632773889	138.0	12	1.05	0.95				
	107	2	82.43134587719298	16.486269175438597	0.0	0.0	1	1.045121400177155	-8.177471299977142	138.0	12	1.05	0.95				
	108	1	112.76608116	23.080776845614036	0.0	0.0	1	1.024946657096895	-8.511137460580997	138.0	12	1.05	0.95				
	109	1	115.40388422807017	23.74022761263158	0.0	0.0	1	1.0269690729875478	-3.4872256436026507	138.0	13	1.05	0.95				
	110	1	128.59289956842105	26.37803068070176	0.0	0.0	1	1.05	-4.8124705587143835	138.0	13	1.05	0.95				
	111	1	0.0	0.0	0.0	0.0	1	1.0091527405453566	-1.2636903766896352	230.0	13	1.05	0.95				
	112	1	0.0	0.0	0.0	0.0	1	1.0153119014294736	-0.7970232947933746	230.0	13	1.05	0.95				
	113	3	174.75445325964913	35.61034141894737	0.0	0.0	1	1.0094749403922598	1.094896231678787e-29	230.0	14	1.05	0.95				
	114	2	127.93344880140351	25.718579913684213	0.0	0.0	1	1.005383371572958	0.6163050000369635	230.0	16	1.05	0.95				
	115	2	209.04589314456143	42.20484908912281	0.0	0.0	1	1.0413382066952281	7.876209468660825	230.0	16	1.05	0.95				
	116	2	65.94507670175439	13.18901534035088	0.0	0.0	1	1.038765873827762	7.195429551783303	230.0	16	1.05	0.95				
	117	1	0.0	0.0	0.0	0.0	1	1.0437561955462125	9.903093228904863	230.0	17	1.05	0.95				
	118	2	219.59710541684214	44.842652157192994	0.0	0.0	1	1.0459010387042507	10.312492730001503	230.0	17	1.05	0.95				
	119	1	119.36058883017544	24.399678379649124	0.0	0.0	1	1.0334765221220783	5.6973448769918775	230.0	15	1.05	0.95				
	120	1	84.40969817824562	17.145719942456143	0.0	0.0	1	1.0336532736992536	5.166199567299773	230.0	15	1.05	0.95				
	121	2	0.0	0.0	0.0	0.0	1	1.0487360755883888	11.798245109223183	230.0	17	1.05	0.95				
	122	2	0.0	0.0	0.0	0.0	1	1.05	17.799439052583907	230.0	17	1.05	0.95				
	123	2	0.0	0.0	0.0	0.0	1	1.0353053730852346	5.368529929227437	230.0	15	1.05	0.95				
	124	1	0.0	0.0	0.0	0.0	1	1.0258956400699557	4.866203725293795	230.0	16	1.05	0.95				
	201	2	87.70218794526315	17.86526050736842	0.0	0.0	2	1.036498161205491	-17.497181205673368	138.0	21	1.05	0.95				
	202	2	78.76955769157894	16.241145915789474	0.0	0.0	2	1.0395469114966611	-17.633588973661816	138.0	22	1.05	0.95				
	203	1	146.17031324210527	30.046119944210524	0.0	0.0	2	1.0231876284124406	-13.539478427094384	138.0	21	1.05	0.95				
	204	1	60.09223988842105	12.180859436842104	0.0	0.0	2	1.0178582533258949	-18.90213329685109	138.0	21	1.05	0.95				
	205	1	57.65606800105262	11.368802141052631	0.0	0.0	2	1.0328328669689872	-19.41034693198938	138.0	21	1.05	0.95				
	206	1	110.43979222736841	22.737604282105263	0.0	-100.0	2	1.0365779924058778	-21.24719099632235	138.0	22	1.05	0.95				
	207	2	101.50716197368422	20.30143239473684	0.0	0.0	2	0.95	-32.63976039377589	138.0	22	1.05	0.95				
	208	1	138.86179758	28.422005352631572	0.0	0.0	2	0.956074418914144	-28.83512304307047	138.0	22	1.05	0.95				
	209	1	142.11002676315786	29.234062648421048	0.0	0.0	2	1.0262021511454746	-16.658672379390953	138.0	23	1.05	0.95				
	210	1	158.35117267894736	32.48229183157895	0.0	0.0	2	1.05	-18.793073443893924	138.0	23	1.05	0.95				
	211	1	0.0	0.0	0.0	0.0	2	1.0343551421611596	-12.802407959506464	230.0	23	1.05	0.95				
	212	1	0.0	0.0	0.0	0.0	2	1.0290149613295667	-7.96301445563339	230.0	23	1.05	0.95				
	213	2	215.1951833842105	43.851093972631574	0.0	0.0	2	1.05	-10.233780971121055	230.0	24	1.05	0.95				
	214	2	157.53911538315788	31.670234535789472	0.0	0.0	2	1.05	-10.358688864300813	230.0	26	1.05	0.95				
	215	2	257.4221627652631	51.97166693052632	0.0	0.0	2	1.044573801500043	-1.529679460317703	230.0	26	1.05	0.95				
	216	2	81.20572957894736	16.241145915789474	0.0	0.0	2	1.0484440227299	-1.882351778843621	230.0	26	1.05	0.95				
	217	1	0.0	0.0	0.0	0.0	2	1.0482681595126455	1.1496127913349394	230.0	27	1.05	0.95				
	218	2	270.41507949789474	55.21989611368421	0.0	0.0	2	1.0497756512584655	1.1631011195650331	230.0	27	1.05	0.95				
	219	1	146.98237053789472	30.046119944210524	0.0	0.0	2	1.0430717667727267	-2.143577705738679	230.0	25	1.05	0.95				
	220	1	103.94333386105264	21.113489690526315	0.0	0.0	2	1.0457420064139806	-0.8523976141392732	230.0	25	1.05	0.95				
	221	2	0.0	0.0	0.0	0.0	2	1.05	1.0280305765408368	230.0	27	1.05	0.95				
	222	2	0.0	0.0	0.0	0.0	2	1.05	7.587913317894939	230.0	27	1.05	0.95				
	223	2	0.0	0.0	0.0	0.0	2	1.05	0.4442540602769463	230.0	25	1.05	0.95				
	224	1	0.0	0.0	0.0	0.0	2	1.0214736927776142	-5.984472434322036	230.0	26	1.05	0.95				
	301	2	81.69186967578949	16.6409364154386	0.0	0.0	3	0.9737497905632827	-8.271858744942522	138.0	31	1.05	0.95				
	302	2	73.37140146807019	15.128124014035091	0.0	0.0	3	0.9761568524915548	-8.478838520015788	138.0	32	1.05	0.95				
	303	1	136.1531161263158	27.987029425964916	0.0	0.0	3	0.9954709993262567	-3.7256778140777795	138.0	31	1.05	0.95				
	304	1	55.97405885192983	11.346093010526316	0.0	0.0	3	0.9700316526805228	-5.985838043118401	138.0	31	1.05	0.95				
	305	1	53.70484024982456	10.589686809824563	0.0	0.0	3	0.981018856701597	-6.099438785952633	138.0	31	1.05	0.95				
	306	1	102.87124329543862	21.179373619649127	0.0	-100.0	3	0.992713597853295	-5.763467989879793	138.0	32	1.05	0.95				
	307	2	94.5507750877193	18.91015501754386	0.0	0.0	3	0.95	-12.086635572661997	138.0	32	1.05	0.95				
	308	1	129.34546032	26.4742170245614	0.0	0.0	3	0.9553240051147939	-8.24198450296086	138.0	32	1.05	0.95				
	309	1	132.37108512280705	27.230623225263162	0.0	0.0	3	0.9946862213530747	-0.6538296493235468	138.0	33	1.05	0.95				
	310	1	147.49920913684213	30.256248028070182	0.0	0.0	3	1.0129523359358592	-1.3176649763377306	138.0	33	1.05	0.95				
	311	1	0.0	0.0	0.0	0.0	3	0.9891611433080301	7.143813405062365	230.0	33	1.05	0.95				
	312	1	0.0	0.0	0.0	0.0	3	0.9932760237571973	8.67425218375722	230.0	33	1.05	0.95				
	313	2	200.44764318596492	40.845934837894745	0.0	0.0	3	1.0209136898995883	16.840604494208144	230.0	34	1.05	0.95				
	314	2	146.74280293614038	29.49984182736842	0.0	0.0	3	1.001676430870614	6.4366440053569045	230.0	36	1.05	0.95				
	315	2	239.78076562245616	48.409996844912285	0.0	0.0	3	1.047908874475123	2.737725261814083	230.0	36	1.05	0.95				
	316	2	75.64062007017544	15.128124014035091	0.0	0.0	3	1.0439817372507414	4.18400754330424	230.0	36	1.05	0.95				
	317	1	0.0	0.0	0.0	0.0	3	1.0472778213458769	3.7027592551378015	230.0	37	1.05	0.95				
	318	2	251.88326483368425	51.43562164771931	0.0	0.0	3	1.0467237583266877	2.821865856704459	230.0	37	1.05	0.95				
	319	1	136.90952232701756	27.987029425964916	0.0	0.0	3	1.0356397813678453	6.480797022459893	230.0	35	1.05	0.95				
	320	1	96.81999368982457	19.66656121824562	0.0	0.0	3	1.0329393396173852	8.546829808883162	230.0	35	1.05	0.95				
	321	2	0.0	0.0	0.0	0.0	3	1.0499999937481808	4.013703213488724	230.0	37	1.05	0.95				
	322	2	0.0	0.0	0.0	0.0	3	1.05	8.235923657528014	230.0	37	1.05	0.95				
	323	2	0.0	0.0	0.0	0.0	3	1.0325379067844696	9.559919999385674	230.0	35	1.05	0.95				
	324	1	0.0	0.0	0.0	0.0	3	1.022100955033122	2.4552450464791513	230.0	36	1.05	0.95				
	325	1	0.0	0.0	0.0	0.0	3	1.0343118566405043	9.757894437094624	230.0	35	1.05	0.95				
];
