%% MATPOWER Case Format : Version 2
function mpc = RTS_GMLC
mpc.version = '2';

%%-----  Power Flow Data  -----%%
%% system MVA base
mpc.baseMVA = 100.0;
%% bus data
%    bus_i    type    Pd    Qd    Gs    Bs    area    Vm    Va    baseKV    zone    Vmax    Vmin
mpc.bus = [
	101	2	54.627906960000004	11.127906973333333	0.0	0.0	1	1.0401170931123305	0.9619517424249726	138.0	11	1.05	0.95				
	102	2	49.063953473333335	10.116279066666667	0.0	0.0	1	1.039125017486032	0.6605830932136366	138.0	12	1.05	0.95				
	103	1	91.0465116	18.715116273333336	0.0	0.0	1	1.0261286525411504	-1.1861835492909336	138.0	11	1.05	0.95				
	104	1	37.43023254666667	7.5872093000000005	0.0	0.0	1	1.0237907777935875	-2.545033026383343	138.0	11	1.05	0.95				
	105	1	35.91279068666667	7.0813953466666675	0.0	0.0	1	1.0379321841452718	-2.5570811984674666	138.0	11	1.05	0.95				
	106	1	68.79069765333334	14.162790693333335	0.0	-100.0	1	1.044466997593479	-5.071918477451911	138.0	12	1.05	0.95				
	107	2	63.22674416666667	12.645348833333333	0.0	0.0	1	0.9998462335892526	-12.186184147870227	138.0	12	1.05	0.95				
	108	1	86.49418602	17.70348836666667	0.0	0.0	1	1.0006725617945793	-10.333818534660296	138.0	12	1.05	0.95				
	109	1	88.51744183333334	18.209302320000003	0.0	0.0	1	1.0246480770935458	-3.660595381659992	138.0	13	1.05	0.95				
	110	1	98.6337209	20.232558133333335	0.0	0.0	1	1.05	-4.559886149329695	138.0	13	1.05	0.95				
	111	1	0.0	0.0	0.0	0.0	1	1.0061990016958067	-1.2464118783609528	230.0	13	1.05	0.95				
	112	1	0.0	0.0	0.0	0.0	1	1.0108509645242627	-0.9809151360801576	230.0	13	1.05	0.95				
	113	3	134.04069763333334	27.313953480000002	0.0	0.0	1	1.002794451798918	9.076325299120297e-31	230.0	14	1.05	0.95				
	114	2	98.12790694666667	19.72674418	0.0	0.0	1	1.0037528517091223	0.6411493851214891	230.0	16	1.05	0.95				
	115	2	160.34302320666666	32.372093013333334	0.0	0.0	1	1.0347886500570203	6.817581021611738	230.0	16	1.05	0.95				
	116	2	50.58139533333333	10.116279066666667	0.0	0.0	1	1.032196289301178	6.314060362206617	230.0	16	1.05	0.95				
	117	1	0.0	0.0	0.0	0.0	1	1.037817255556576	9.251464721371127	230.0	17	1.05	0.95				
	118	2	168.43604646	34.39534882666667	0.0	0.0	1	1.040142329865379	9.594921966718605	230.0	17	1.05	0.95				
	119	1	91.55232555333333	18.715116273333336	0.0	0.0	1	1.0258949159028126	4.695795422960015	230.0	15	1.05	0.95				
	120	1	64.74418602666667	13.151162786666667	0.0	0.0	1	1.0246037745640193	4.260361303342919	230.0	15	1.05	0.95				
	121	2	0.0	0.0	0.0	0.0	1	1.0426248599115755	11.080473028421418	230.0	17	1.05	0.95				
	122	2	0.0	0.0	0.0	0.0	1	1.05	18.508789459082855	230.0	17	1.05	0.95				
	123	2	0.0	0.0	0.0	0.0	1	1.024770290935981	4.4096588881674625	230.0	15	1.05	0.95				
	124	1	0.0	0.0	0.0	0.0	1	1.0213696220450683	3.8180828880356312	230.0	16	1.05	0.95				
	201	2	52.80151111578948	10.755863375438595	0.0	0.0	2	1.0224709219718264	-12.916804236816787	138.0	21	1.05	0.95				
	202	2	47.42357942807017	9.778057614035088	0.0	0.0	2	1.0231623635909644	-12.804363031795043	138.0	22	1.05	0.95				
	203	1	88.00251852631578	18.089406585964912	0.0	0.0	2	1.0161544003222729	-11.11431284408687	138.0	21	1.05	0.95				
	204	1	36.178813171929825	7.333543210526315	0.0	0.0	2	1.0155378592428312	-13.939910327345284	138.0	21	1.05	0.95				
	205	1	34.71210452982456	6.8446403298245615	0.0	0.0	2	1.0302362889925398	-14.304360055963363	138.0	21	1.05	0.95				
	206	1	66.4907917754386	13.689280659649123	0.0	-100.0	2	1.0421752521750447	-15.537609394984	138.0	22	1.05	0.95				
	207	2	61.1128600877193	12.22257201754386	0.0	0.0	2	0.9910984324678954	-22.399032043286894	138.0	22	1.05	0.95				
	208	1	83.6023926	17.1116008245614	0.0	0.0	2	0.9952838589222287	-20.13562969801783	138.0	22	1.05	0.95				
	209	1	85.558004122807	17.600503705263158	0.0	0.0	2	1.023500355882611	-12.85687733213468	138.0	23	1.05	0.95				
	210	1	95.3360617368421	19.556115228070176	0.0	0.0	2	1.05	-14.140100494684537	138.0	23	1.05	0.95				
	211	1	0.0	0.0	0.0	0.0	2	1.0095924235385252	-9.607608356929532	230.0	23	1.05	0.95				
	212	1	0.0	0.0	0.0	0.0	2	1.010810761476436	-8.430499881756829	230.0	23	1.05	0.95				
	213	2	129.5592633859649	26.40075555789474	0.0	0.0	2	1.0087082274356116	-7.91006678435923	230.0	24	1.05	0.95				
	214	2	94.84715885614034	19.06721234736842	0.0	0.0	2	1.0123544468901982	-7.131054435987128	230.0	26	1.05	0.95				
	215	2	154.98221318245612	31.289784364912283	0.0	0.0	2	1.0278022411624435	-0.5332701093408669	230.0	26	1.05	0.95				
	216	2	48.89028807017544	9.778057614035088	0.0	0.0	2	1.0295284231263895	-0.6475052107870256	230.0	26	1.05	0.95				
	217	1	0.0	0.0	0.0	0.0	2	1.0322918092630964	0.9313559619805077	230.0	27	1.05	0.95				
	218	2	162.80465927368422	33.2453958877193	0.0	0.0	2	1.0312075520719193	0.2807705742760045	230.0	27	1.05	0.95				
	219	1	88.49142140701754	18.089406585964912	0.0	0.0	2	1.031225872475589	-0.2282323753685503	230.0	25	1.05	0.95				
	220	1	62.579568729824565	12.711474898245614	0.0	0.0	2	1.036394045529467	1.0741152490774126	230.0	25	1.05	0.95				
	221	2	0.0	0.0	0.0	0.0	2	1.0330272867859989	0.8160138183234525	230.0	27	1.05	0.95				
	222	2	0.0	0.0	0.0	0.0	2	1.05	7.35664106533957	230.0	27	1.05	0.95				
	223	2	0.0	0.0	0.0	0.0	2	1.0404990963027765	2.14983554705893	230.0	25	1.05	0.95				
	224	1	0.0	0.0	0.0	0.0	2	1.010401920201272	-4.491852114590364	230.0	26	1.05	0.95				
	301	2	43.75007909052632	8.912053148070175	0.0	0.0	3	1.0087077113762248	-2.6672900825229475	138.0	31	1.05	0.95				
	302	2	39.29405251649122	8.101866498245613	0.0	0.0	3	1.0085721166899688	-2.777443795782162	138.0	32	1.05	0.95				
	303	1	72.91679848421052	14.988453021754387	0.0	0.0	3	1.0254430644132397	2.365122514241398	138.0	31	1.05	0.95				
	304	1	29.976906043508773	6.07639987368421	0.0	0.0	3	1.0110408276793386	-1.5001914481336005	138.0	31	1.05	0.95				
	305	1	28.76162606877193	5.6713065487719305	0.0	0.0	3	1.0241543380390676	-2.1079308257798197	138.0	31	1.05	0.95				
	306	1	55.09269218807018	11.342613097543861	0.0	-100.0	3	1.0412659494023577	-2.2895695233389692	138.0	32	1.05	0.95				
	307	2	50.63666561403508	10.127333122807016	0.0	0.0	3	0.9836915232719605	-6.6023661447694115	138.0	32	1.05	0.95				
	308	1	69.27095856	14.178266371929823	0.0	0.0	3	0.9950570951197841	-4.834141722558801	138.0	32	1.05	0.95				
	309	1	70.89133185964911	14.583359696842106	0.0	0.0	3	1.0254059854888076	1.2090562557572784	138.0	33	1.05	0.95				
	310	1	78.99319835789473	16.203732996491226	0.0	0.0	3	1.05	-0.24377663626306176	138.0	33	1.05	0.95				
	311	1	0.0	0.0	0.0	0.0	3	1.0047605985735917	4.631647400086449	230.0	33	1.05	0.95				
	312	1	0.0	0.0	0.0	0.0	3	1.0109393689354966	4.69713178772897	230.0	33	1.05	0.95				
	313	2	107.34973110175436	21.87503954526316	0.0	0.0	3	1.0086924043988832	7.64007201952551	230.0	34	1.05	0.95				
	314	2	78.58810503298244	15.798639671578945	0.0	0.0	3	0.9987607465802849	6.279939608363954	230.0	36	1.05	0.95				
	315	2	128.41458399719298	25.925972794385967	0.0	0.0	3	1.0272928404013164	8.365207688560657	230.0	36	1.05	0.95				
	316	2	40.509332491228065	8.101866498245613	0.0	0.0	3	1.0246823691204214	8.623543038489178	230.0	36	1.05	0.95				
	317	1	0.0	0.0	0.0	0.0	3	1.0411501483722707	12.541687940055393	230.0	37	1.05	0.95				
	318	2	134.89607719578947	27.54634609403509	0.0	0.0	3	1.0397836592625773	10.354896752678531	230.0	37	1.05	0.95				
	319	1	73.3218918091228	14.988453021754387	0.0	0.0	3	1.0207615019975416	8.10885640632948	230.0	35	1.05	0.95				
	320	1	51.85194558877193	10.532426447719297	0.0	0.0	3	1.0184042815738692	7.746566966210759	230.0	35	1.05	0.95				
	321	2	0.0	0.0	0.0	0.0	3	1.037541810184094	10.316785154936438	230.0	37	1.05	0.95				
	322	2	0.0	0.0	0.0	0.0	3	1.05	15.505867798917633	230.0	37	1.05	0.95				
	323	2	0.0	0.0	0.0	0.0	3	1.0172627484199652	7.753024569608093	230.0	35	1.05	0.95				
	324	1	0.0	0.0	0.0	0.0	3	1.019841178290928	7.03000172535881	230.0	36	1.05	0.95				
	325	1	0.0	0.0	0.0	0.0	3	1.0195342548702304	8.050468764213946	230.0	35	1.05	0.95				
];
