%% MATPOWER Case Format : Version 2
function mpc = RTS_GMLC
mpc.version = '2';

%%-----  Power Flow Data  -----%%
%% system MVA base
mpc.baseMVA = 100.0;
%% bus data
%    bus_i    type    Pd    Qd    Gs    Bs    area    Vm    Va    baseKV    zone    Vmax    Vmin
mpc.bus = [
	101	2	51.662048475789476	10.523750615438598	0.0	0.0	1	1.031908113792412	1.8306187078732898	138.0	11	1.05	0.95				
	102	2	46.400173168070175	9.567046014035089	0.0	0.0	1	1.0314821334767137	1.6634888350806314	138.0	12	1.05	0.95				
	103	1	86.1034141263158	17.69903512596491	0.0	0.0	1	1.0283181212665202	0.6398695183517904	138.0	11	1.05	0.95				
	104	1	35.39807025192982	7.175284510526316	0.0	0.0	1	1.0198252076304202	-1.632730740019355	138.0	11	1.05	0.95				
	105	1	33.963013349824564	6.696932209824562	0.0	0.0	1	1.0342472849113846	-1.5024671731256487	138.0	11	1.05	0.95				
	106	1	65.05591289543861	13.393864419649123	0.0	-100.0	1	1.0434698587117068	-3.852118547338116	138.0	12	1.05	0.95				
	107	2	59.794037587719295	11.95880751754386	0.0	0.0	1	1.0051095816777131	-10.109304957729144	138.0	12	1.05	0.95				
	108	1	81.79824341999999	16.742330524561403	0.0	0.0	1	1.005172458689583	-8.532149341818268	138.0	12	1.05	0.95				
	109	1	83.71165262280702	17.220682825263157	0.0	0.0	1	1.0251776634514695	-2.3880443375049403	138.0	13	1.05	0.95				
	110	1	93.27869863684211	19.134092028070178	0.0	0.0	1	1.05	-3.3686752952422174	138.0	13	1.05	0.95				
	111	1	0.0	0.0	0.0	0.0	1	1.0065738252788818	-0.2106959217253063	230.0	13	1.05	0.95				
	112	1	0.0	0.0	0.0	0.0	1	1.0117420324841309	-0.04903051523838518	230.0	13	1.05	0.95				
	113	3	126.7633596859649	25.831024237894738	0.0	0.0	1	1.0017938628529106	1.526217199871793e-30	230.0	14	1.05	0.95				
	114	2	92.80034633614035	18.655739727368424	0.0	0.0	1	1.0051468365700273	2.3820569944843166	230.0	16	1.05	0.95				
	115	2	151.63767932245614	30.61454724491228	0.0	0.0	1	1.0419625374873256	9.560638397434438	230.0	16	1.05	0.95				
	116	2	47.83523007017544	9.567046014035089	0.0	0.0	1	1.0388306709797661	8.79424353008336	230.0	16	1.05	0.95				
	117	1	0.0	0.0	0.0	0.0	1	1.043531787919079	11.76528555910645	230.0	17	1.05	0.95				
	118	2	159.2913161336842	32.527956447719305	0.0	0.0	1	1.0470874136486248	11.83313759535913	230.0	17	1.05	0.95				
	119	1	86.58176642701754	17.69903512596491	0.0	0.0	1	1.0325392503759057	7.044662826805891	230.0	15	1.05	0.95				
	120	1	61.22909448982456	12.437159818245615	0.0	0.0	1	1.0310034388547284	6.435132549554313	230.0	15	1.05	0.95				
	121	2	0.0	0.0	0.0	0.0	1	1.05	12.997517789621046	230.0	17	1.05	0.95				
	122	2	0.0	0.0	0.0	0.0	1	1.05	23.310789286530138	230.0	17	1.05	0.95				
	123	2	0.0	0.0	0.0	0.0	1	1.0308770439130086	6.463506687280254	230.0	15	1.05	0.95				
	124	1	0.0	0.0	0.0	0.0	1	1.0256027030105987	6.232619161435955	230.0	16	1.05	0.95				
	201	2	64.32740439157895	13.103730524210524	0.0	0.0	2	1.0291415717685815	-14.193057919589606	138.0	21	1.05	0.95				
	202	2	57.77553912947367	11.912482294736842	0.0	0.0	2	1.0295997481029986	-14.214002290549775	138.0	22	1.05	0.95				
	203	1	107.21234065263157	22.038092245263154	0.0	0.0	2	1.0170574354869906	-11.841983615688905	138.0	21	1.05	0.95				
	204	1	44.07618449052631	8.93436172105263	0.0	0.0	2	1.016153312277145	-16.154511926523096	138.0	21	1.05	0.95				
	205	1	42.28931214631578	8.338737606315789	0.0	0.0	2	1.0319225925651385	-16.500084958525836	138.0	21	1.05	0.95				
	206	1	81.00487960421052	16.677475212631578	0.0	-100.0	2	1.0403137290802813	-18.347782820378455	138.0	22	1.05	0.95				
	207	2	74.45301434210526	14.890602868421052	0.0	0.0	2	0.9880795004511106	-27.223628189695358	138.0	22	1.05	0.95				
	208	1	101.85172361999999	20.846844015789472	0.0	0.0	2	0.9885351421421018	-24.363255214369218	138.0	22	1.05	0.95				
	209	1	104.23422007894736	21.44246813052631	0.0	0.0	2	1.0233220515488537	-15.31259735074595	138.0	23	1.05	0.95				
	210	1	116.1467023736842	23.824964589473684	0.0	0.0	2	1.05	-16.945488289669854	138.0	23	1.05	0.95				
	211	1	0.0	0.0	0.0	0.0	2	1.0163065379832528	-11.71413068361091	230.0	23	1.05	0.95				
	212	1	0.0	0.0	0.0	0.0	2	1.014992425111796	-10.876793161835321	230.0	23	1.05	0.95				
	213	2	157.84039040526315	32.163702195789476	0.0	0.0	2	1.0172899319771984	-10.42828352098374	230.0	24	1.05	0.95				
	214	2	115.55107825894734	23.229340474736844	0.0	0.0	2	1.026354402031765	-8.445914354419612	230.0	26	1.05	0.95				
	215	2	188.81284437157893	38.11994334315789	0.0	0.0	2	1.0365519828021446	0.06034370005544333	230.0	26	1.05	0.95				
	216	2	59.56241147368421	11.912482294736842	0.0	0.0	2	1.0402059861647368	-0.18734499154474776	230.0	26	1.05	0.95				
	217	1	0.0	0.0	0.0	0.0	2	1.0420803998038577	3.1189964731904447	230.0	27	1.05	0.95				
	218	2	198.3428302073684	40.50243980210526	0.0	0.0	2	1.0436131490813023	3.4275989710949797	230.0	27	1.05	0.95				
	219	1	107.80796476736842	22.038092245263154	0.0	0.0	2	1.040079265561855	-0.9851982683515713	230.0	25	1.05	0.95				
	220	1	76.23988668631578	15.486226983157895	0.0	0.0	2	1.0447468581708639	-0.552278692987183	230.0	25	1.05	0.95				
	221	2	0.0	0.0	0.0	0.0	2	1.0432225987141264	3.067128354335296	230.0	27	1.05	0.95				
	222	2	0.0	0.0	0.0	0.0	2	1.05	9.593068238815787	230.0	27	1.05	0.95				
	223	2	0.0	0.0	0.0	0.0	2	1.048697193280621	0.12009912292360263	230.0	25	1.05	0.95				
	224	1	0.0	0.0	0.0	0.0	2	1.0144158449186371	-4.361672296065337	230.0	26	1.05	0.95				
	301	2	47.81588104421053	9.740272064561402	0.0	0.0	3	1.0067394419325857	-15.491527739567447	138.0	31	1.05	0.95				
	302	2	42.94574501192982	8.854792785964912	0.0	0.0	3	1.0064921172227081	-15.620712522999352	138.0	32	1.05	0.95				
	303	1	79.6931350736842	16.381366654035087	0.0	0.0	3	1.0269958352155837	-9.538386330036031	138.0	31	1.05	0.95				
	304	1	32.762733308070175	6.641094589473684	0.0	0.0	3	1.0098967207100378	-14.189471179689464	138.0	31	1.05	0.95				
	305	1	31.434514390175437	6.19835495017544	0.0	0.0	3	1.0226123539761829	-14.99003347319969	138.0	31	1.05	0.95				
	306	1	60.212590944561406	12.39670990035088	0.0	-100.0	3	1.0396627667771356	-15.236467390952553	138.0	32	1.05	0.95				
	307	2	55.3424549122807	11.06849098245614	0.0	0.0	3	0.9921787830234279	-20.072226414798216	138.0	32	1.05	0.95				
	308	1	75.70847832	15.495887375438597	0.0	0.0	3	0.9985707010442515	-18.072269063334414	138.0	32	1.05	0.95				
	309	1	77.47943687719298	15.938627014736841	0.0	0.0	3	1.0266691653423026	-11.208275322708714	138.0	33	1.05	0.95				
	310	1	86.33422966315788	17.709585571929825	0.0	0.0	3	1.05	-13.06353255544074	138.0	33	1.05	0.95				
	311	1	0.0	0.0	0.0	0.0	3	1.0100151375052897	-7.160947565251325	230.0	33	1.05	0.95				
	312	1	0.0	0.0	0.0	0.0	3	1.0122898289882247	-6.801628781825921	230.0	33	1.05	0.95				
	313	2	117.32600441403508	23.907940522105264	0.0	0.0	3	1.0122651964429934	-3.792408728517767	230.0	34	1.05	0.95				
	314	2	85.89149002385965	17.26684593263158	0.0	0.0	3	1.0133605361428124	-5.057798431849588	230.0	36	1.05	0.95				
	315	2	140.34846565754387	28.335336915087723	0.0	0.0	3	1.0407867732361358	-0.25663292916685837	230.0	36	1.05	0.95				
	316	2	44.27396392982456	8.854792785964912	0.0	0.0	3	1.0405871398420496	0.5040373702174871	230.0	36	1.05	0.95				
	317	1	0.0	0.0	0.0	0.0	3	1.0499999984274035	4.1134942907437235	230.0	37	1.05	0.95				
	318	2	147.43229988631577	30.106295472280703	0.0	0.0	3	1.0470721133922924	2.407501837771765	230.0	37	1.05	0.95				
	319	1	80.13587471298246	16.381366654035087	0.0	0.0	3	1.0343227354194615	-0.619454469253083	230.0	35	1.05	0.95				
	320	1	56.670673830175446	11.511230621754386	0.0	0.0	3	1.0320312879837825	-0.7516055503999647	230.0	35	1.05	0.95				
	321	2	0.0	0.0	0.0	0.0	3	1.0459991238347623	2.1189543712106276	230.0	37	1.05	0.95				
	322	2	0.0	0.0	0.0	0.0	3	1.05	7.244332110145848	230.0	37	1.05	0.95				
	323	2	0.0	0.0	0.0	0.0	3	1.0313532668174341	-0.4864546199769807	230.0	35	1.05	0.95				
	324	1	0.0	0.0	0.0	0.0	3	1.023974914037944	-3.7196894777244007	230.0	36	1.05	0.95				
	325	1	0.0	0.0	0.0	0.0	3	1.0292308530016325	0.6512094463764768	230.0	35	1.05	0.95				
];
