%% MATPOWER Case Format : Version 2
function mpc = RTS_GMLC
mpc.version = '2';

%%-----  Power Flow Data  -----%%
%% system MVA base
mpc.baseMVA = 100.0;
%% bus data
%    bus_i    type    Pd    Qd    Gs    Bs    area    Vm    Va    baseKV    zone    Vmax    Vmin
mpc.bus = [
	101	2	62.30974763368421	12.69272636982456	0.0	0.0	1	1.0440646720492017	0.937008210127032	138.0	11	1.05	0.95				
	102	2	55.963384448771926	11.538842154385964	0.0	0.0	1	1.043528120744016	0.7296913250742915	138.0	12	1.05	0.95				
	103	1	103.84957938947367	21.346857985614033	0.0	0.0	1	1.0284950451459138	-1.3918935189704689	138.0	11	1.05	0.95				
	104	1	42.693715971228066	8.654131615789474	0.0	0.0	1	1.0245276930733636	-2.9588315957107523	138.0	11	1.05	0.95				
	105	1	40.962889648070174	8.077189508070177	0.0	0.0	1	1.038682868058322	-2.9791368524776227	138.0	11	1.05	0.95				
	106	1	78.46412664982456	16.154379016140354	0.0	-100.0	1	1.0431612635495011	-5.749425517025366	138.0	12	1.05	0.95				
	107	2	72.11776346491227	14.423552692982454	0.0	0.0	1	1.0041313742076385	-12.539758717824546	138.0	12	1.05	0.95				
	108	1	98.65710041999999	20.19297377017544	0.0	0.0	1	1.0013261382636514	-11.011949408338316	138.0	12	1.05	0.95				
	109	1	100.96486885087718	20.769915877894736	0.0	0.0	1	1.0254249173492034	-4.182073634680492	138.0	13	1.05	0.95				
	110	1	112.50371100526316	23.07768430877193	0.0	0.0	1	1.05	-5.183280894730694	138.0	13	1.05	0.95				
	111	1	0.0	0.0	0.0	0.0	1	1.0084382340000226	-1.727137817738885	230.0	13	1.05	0.95				
	112	1	0.0	0.0	0.0	0.0	1	1.0131437202704519	-1.205672117618763	230.0	13	1.05	0.95				
	113	3	152.88965854561403	31.154873816842105	0.0	0.0	1	1.0075774889517868	-1.402408415315708e-29	230.0	14	1.05	0.95				
	114	2	111.92676889754385	22.50074220105263	0.0	0.0	1	1.0059301728756538	-0.18658339860254408	230.0	16	1.05	0.95				
	115	2	182.89064814701752	36.924294894035086	0.0	0.0	1	1.038683038351184	6.04959109951756	230.0	16	1.05	0.95				
	116	2	57.69421077192982	11.538842154385964	0.0	0.0	1	1.0352743455969926	5.441024452659982	230.0	16	1.05	0.95				
	117	1	0.0	0.0	0.0	0.0	1	1.041344731606124	7.777934298889472	230.0	17	1.05	0.95				
	118	2	192.12172187052633	39.23206332491228	0.0	0.0	1	1.04340459405438	8.015703141665142	230.0	17	1.05	0.95				
	119	1	104.42652149719298	21.346857985614033	0.0	0.0	1	1.029470436084012	4.274319301767674	230.0	15	1.05	0.95				
	120	1	73.84858978807017	15.000494800701755	0.0	0.0	1	1.0286288087900803	4.121333928412426	230.0	15	1.05	0.95				
	121	2	0.0	0.0	0.0	0.0	1	1.0467968260923368	9.418139948024594	230.0	17	1.05	0.95				
	122	2	0.0	0.0	0.0	0.0	1	1.05	15.439472951280534	230.0	17	1.05	0.95				
	123	2	0.0	0.0	0.0	0.0	1	1.029391478003993	4.475820522046183	230.0	15	1.05	0.95				
	124	1	0.0	0.0	0.0	0.0	1	1.0252338224692696	3.266895748333345	230.0	16	1.05	0.95				
	201	2	72.69132694736842	14.80749252631579	0.0	0.0	2	1.0317592977625054	-13.643076608137482	138.0	21	1.05	0.95				
	202	2	65.28758068421052	13.461356842105262	0.0	0.0	2	1.0322790672020135	-13.632110704731513	138.0	22	1.05	0.95				
	203	1	121.15221157894737	24.903510157894736	0.0	0.0	2	1.0163360330959241	-11.958508076106812	138.0	21	1.05	0.95				
	204	1	49.80702031578947	10.096017631578947	0.0	0.0	2	1.016547576421043	-15.120381251712551	138.0	21	1.05	0.95				
	205	1	47.78781678947368	9.422949789473686	0.0	0.0	2	1.0323682124122946	-15.430715666818461	138.0	21	1.05	0.95				
	206	1	91.53722652631579	18.84589957894737	0.0	-100.0	2	1.0389421005769794	-17.053253540583828	138.0	22	1.05	0.95				
	207	2	84.1334802631579	16.82669605263158	0.0	0.0	2	0.9765585055871983	-27.023091135081824	138.0	22	1.05	0.95				
	208	1	115.094601	23.55737447368421	0.0	0.0	2	0.9782240325749901	-23.732202381995418	138.0	22	1.05	0.95				
	209	1	117.78687236842104	24.23044231578947	0.0	0.0	2	1.0245964767327862	-13.600917761526677	138.0	23	1.05	0.95				
	210	1	131.24822921052632	26.922713684210525	0.0	0.0	2	1.05	-15.111585660778713	138.0	23	1.05	0.95				
	211	1	0.0	0.0	0.0	0.0	2	1.0200339935292144	-9.993720835067508	230.0	23	1.05	0.95				
	212	1	0.0	0.0	0.0	0.0	2	1.0208553507167366	-6.215923917122561	230.0	23	1.05	0.95				
	213	2	178.36297815789473	36.34566347368421	0.0	0.0	2	1.0245975029234333	-7.851544961543313	230.0	24	1.05	0.95				
	214	2	130.57516136842105	26.249645842105263	0.0	0.0	2	1.029623020178663	-7.556962334281789	230.0	26	1.05	0.95				
	215	2	213.36250594736842	43.07634189473684	0.0	0.0	2	1.0382166357545746	0.3358515663312489	230.0	26	1.05	0.95				
	216	2	67.30678421052632	13.461356842105262	0.0	0.0	2	1.0403463117241332	0.036385487372958554	230.0	26	1.05	0.95				
	217	1	0.0	0.0	0.0	0.0	2	1.0419723619560715	2.74597570233905	230.0	27	1.05	0.95				
	218	2	224.13159142105266	45.768613263157896	0.0	0.0	2	1.0429778251778845	3.0213166581733217	230.0	27	1.05	0.95				
	219	1	121.82527942105264	24.903510157894736	0.0	0.0	2	1.0392016580632586	-0.4697496127013719	230.0	25	1.05	0.95				
	220	1	86.15268378947368	17.49976389473684	0.0	0.0	2	1.0438839802104025	0.3610093784418495	230.0	25	1.05	0.95				
	221	2	0.0	0.0	0.0	0.0	2	1.04321474880448	2.8872327743688735	230.0	27	1.05	0.95				
	222	2	0.0	0.0	0.0	0.0	2	1.05	9.337272860656816	230.0	27	1.05	0.95				
	223	2	0.0	0.0	0.0	0.0	2	1.0483592073870442	1.306440920323316	230.0	25	1.05	0.95				
	224	1	0.0	0.0	0.0	0.0	2	1.0146409740471078	-4.22237125651073	230.0	26	1.05	0.95				
	301	2	65.73615946105264	13.390699149473683	0.0	0.0	3	1.0039146340261274	-12.001479892255384	138.0	31	1.05	0.95				
	302	2	59.04080988631579	12.173362863157895	0.0	0.0	3	1.0036057235471805	-12.094734291284297	138.0	32	1.05	0.95				
	303	1	109.56026576842106	22.520721296842105	0.0	0.0	3	1.0178886900979962	-6.968199116339858	138.0	31	1.05	0.95				
	304	1	45.04144259368421	9.13002214736842	0.0	0.0	3	1.0041644655995678	-10.086538757055793	138.0	31	1.05	0.95				
	305	1	43.215438164210525	8.521354004210528	0.0	0.0	3	1.0179018849763861	-10.345952466081085	138.0	31	1.05	0.95				
	306	1	82.7788674694737	17.042708008421055	0.0	-100.0	3	1.0336832770004118	-10.101654612055103	138.0	32	1.05	0.95				
	307	2	76.08351789473684	15.216703578947369	0.0	0.0	3	0.99441499097174	-15.84279762714064	138.0	32	1.05	0.95				
	308	1	104.08225248000001	21.303385010526316	0.0	0.0	3	0.9974021200839225	-13.002679724767384	138.0	32	1.05	0.95				
	309	1	106.51692505263158	21.912053153684212	0.0	0.0	3	1.0261094968198823	-5.960311702322121	138.0	33	1.05	0.95				
	310	1	118.69028791578948	24.34672572631579	0.0	0.0	3	1.05	-6.74236730924452	138.0	33	1.05	0.95				
	311	1	0.0	0.0	0.0	0.0	3	1.0156491896122737	0.0838703571604664	230.0	33	1.05	0.95				
	312	1	0.0	0.0	0.0	0.0	3	1.0181744579622098	0.8953917142768362	230.0	33	1.05	0.95				
	313	2	161.2970579368421	32.86807973052632	0.0	0.0	3	1.0324531122414702	6.2755667973342195	230.0	34	1.05	0.95				
	314	2	118.08161977263158	23.738057583157897	0.0	0.0	3	1.0205102359271288	1.016029952182804	230.0	36	1.05	0.95				
	315	2	192.94780138105264	38.954761162105264	0.0	0.0	3	1.0354700640543684	-0.009156234986407387	230.0	36	1.05	0.95				
	316	2	60.866814315789476	12.173362863157895	0.0	0.0	3	1.03556470607787	1.183646424914132	230.0	36	1.05	0.95				
	317	1	0.0	0.0	0.0	0.0	3	1.041768892008279	2.179012589561603	230.0	37	1.05	0.95				
	318	2	202.68649167157898	41.38943373473685	0.0	0.0	3	1.039357250895706	0.9812136988732717	230.0	37	1.05	0.95				
	319	1	110.16893391157896	22.520721296842105	0.0	0.0	3	1.0335726696415377	2.454100151824239	230.0	35	1.05	0.95				
	320	1	77.90952232421053	15.825371722105263	0.0	0.0	3	1.034042623633853	3.452948621901418	230.0	35	1.05	0.95				
	321	2	0.0	0.0	0.0	0.0	3	1.0396958870826762	1.223692315133259	230.0	37	1.05	0.95				
	322	2	0.0	0.0	0.0	0.0	3	1.05	5.917745475939643	230.0	37	1.05	0.95				
	323	2	0.0	0.0	0.0	0.0	3	1.034658671461162	3.961226138577692	230.0	35	1.05	0.95				
	324	1	0.0	0.0	0.0	0.0	3	1.0221619119613754	-0.8151138994957101	230.0	36	1.05	0.95				
	325	1	0.0	0.0	0.0	0.0	3	1.035234428567182	4.426878392128338	230.0	35	1.05	0.95				
];
