%% MATPOWER Case Format : Version 2
function mpc = RTS_GMLC
mpc.version = '2';

%%-----  Power Flow Data  -----%%
%% system MVA base
mpc.baseMVA = 100.0;
%% bus data
%    bus_i    type    Pd    Qd    Gs    Bs    area    Vm    Va    baseKV    zone    Vmax    Vmin
mpc.bus = [
	101	2	97.72637309052634	19.907224148070178	0.0	0.0	1	1.047240202726639	-1.9012135146742335	138.0	11	1.05	0.95				
	102	2	87.77276101649123	18.097476498245616	0.0	0.0	1	1.0470515564882632	-2.0564375065355316	138.0	12	1.05	0.95				
	103	1	162.87728848421054	33.48033152175439	0.0	0.0	1	1.0186356524010054	-2.700611947549878	138.0	11	1.05	0.95				
	104	1	66.96066304350877	13.57310737368421	0.0	0.0	1	1.0222124585738317	-5.464188390162818	138.0	11	1.05	0.95				
	105	1	64.24604156877193	12.668233548771932	0.0	0.0	1	1.0359090120726193	-6.0298889595093055	138.0	11	1.05	0.95				
	106	1	123.06284018807018	25.336467097543864	0.0	-100.0	1	1.0343137233855766	-9.176012508965389	138.0	12	1.05	0.95				
	107	2	113.1092281140351	22.62184562280702	0.0	0.0	1	1.05	-7.555242244837352	138.0	12	1.05	0.95				
	108	1	154.73342406	31.670583871929825	0.0	0.0	1	1.0208925647163603	-9.924898104982045	138.0	12	1.05	0.95				
	109	1	158.35291935964912	32.57545769684211	0.0	0.0	1	1.026852926025866	-5.6809513050427105	138.0	13	1.05	0.95				
	110	1	176.45039585789476	36.19495299649123	0.0	0.0	1	1.05	-7.435784704334961	138.0	13	1.05	0.95				
	111	1	0.0	0.0	0.0	0.0	1	1.019732855711806	-2.2759058349747323	230.0	13	1.05	0.95				
	112	1	0.0	0.0	0.0	0.0	1	1.0195943225341406	-1.5332831587508908	230.0	13	1.05	0.95				
	113	3	239.79156360175438	48.86318654526317	0.0	0.0	1	1.0244736403207102	-1.4375486541291275e-28	230.0	14	1.05	0.95				
	114	2	175.54552203298246	35.290079171578945	0.0	0.0	1	1.027533157829385	-0.015991821645162888	230.0	16	1.05	0.95				
	115	2	286.845002497193	57.911924794385975	0.0	0.0	1	1.041081267875773	9.671913468363005	230.0	16	1.05	0.95				
	116	2	90.48738249122808	18.097476498245616	0.0	0.0	1	1.0417078857255884	8.756737142882601	230.0	16	1.05	0.95				
	117	1	0.0	0.0	0.0	0.0	1	1.0458591265294457	13.080828519096567	230.0	17	1.05	0.95				
	118	2	301.3229836957895	61.53142009403509	0.0	0.0	1	1.05	14.122741418556817	230.0	17	1.05	0.95				
	119	1	163.7821623091228	33.48033152175439	0.0	0.0	1	1.0367605744661001	6.722007445217673	230.0	15	1.05	0.95				
	120	1	115.82384958877195	23.526719447719298	0.0	0.0	1	1.040661949663554	6.333634510506359	230.0	15	1.05	0.95				
	121	2	0.0	0.0	0.0	0.0	1	1.05	15.260306978756873	230.0	17	1.05	0.95				
	122	2	0.0	0.0	0.0	0.0	1	1.05	22.746120643832967	230.0	17	1.05	0.95				
	123	2	0.0	0.0	0.0	0.0	1	1.045492412468587	6.783589472130023	230.0	15	1.05	0.95				
	124	1	0.0	0.0	0.0	0.0	1	1.0171461157805686	5.086739826305945	230.0	16	1.05	0.95				
	201	2	96.47410672421051	19.652132851228068	0.0	0.0	2	1.05	-14.773096329010277	138.0	21	1.05	0.95				
	202	2	86.64804029859647	17.865575319298244	0.0	0.0	2	1.05	-14.861746253185542	138.0	22	1.05	0.95				
	203	1	160.7901778736842	33.05131434070175	0.0	0.0	2	1.0244071054183346	-10.634398331441139	138.0	21	1.05	0.95				
	204	1	66.1026286814035	13.399181489473683	0.0	0.0	2	1.0199503505236756	-15.633035403717816	138.0	21	1.05	0.95				
	205	1	63.422792383508764	12.505902723508772	0.0	0.0	2	1.0377802047536724	-16.19439066365615	138.0	21	1.05	0.95				
	206	1	121.48591217122807	25.011805447017544	0.0	-100.0	2	1.035403780762516	-17.83455270302436	138.0	22	1.05	0.95				
	207	2	111.65984574561404	22.331969149122806	0.0	0.0	2	0.95	-27.749861232677194	138.0	22	1.05	0.95				
	208	1	152.75066897999997	31.264756808771928	0.0	0.0	2	0.953641361741743	-24.65024273961853	138.0	22	1.05	0.95				
	209	1	156.32378404385963	32.158035574736836	0.0	0.0	2	1.0246756632019631	-12.660901948950107	138.0	23	1.05	0.95				
	210	1	174.18935936315788	35.73115063859649	0.0	0.0	2	1.048195552968392	-14.84855333629108	138.0	23	1.05	0.95				
	211	1	0.0	0.0	0.0	0.0	2	1.0321212972840588	-7.775295253510044	230.0	23	1.05	0.95				
	212	1	0.0	0.0	0.0	0.0	2	1.0249954767525147	-3.112280414096023	230.0	23	1.05	0.95				
	213	2	236.71887298070172	48.23705336210526	0.0	0.0	2	1.05	-3.8221182311948327	230.0	24	1.05	0.95				
	214	2	173.29608059719294	34.837871872631574	0.0	0.0	2	1.05	-5.537139436341391	230.0	26	1.05	0.95				
	215	2	283.1693688108772	57.16984102175439	0.0	0.0	2	1.0446022281170362	3.1607695747719133	230.0	26	1.05	0.95				
	216	2	89.32787659649122	17.865575319298244	0.0	0.0	2	1.0484744185237325	3.160972175360325	230.0	26	1.05	0.95				
	217	1	0.0	0.0	0.0	0.0	2	1.049548267698232	6.150045049690332	230.0	27	1.05	0.95				
	218	2	297.4618290663158	60.74295608561403	0.0	0.0	2	1.05	6.709018948512081	230.0	27	1.05	0.95				
	219	1	161.6834566396491	33.05131434070175	0.0	0.0	2	1.0420671243912902	3.222012930033286	230.0	25	1.05	0.95				
	220	1	114.33968204350877	23.225247915087717	0.0	0.0	2	1.0449503195062486	4.9472208457283156	230.0	25	1.05	0.95				
	221	2	0.0	0.0	0.0	0.0	2	1.05	7.256407003863852	230.0	27	1.05	0.95				
	222	2	0.0	0.0	0.0	0.0	2	1.05	13.334309504225754	230.0	27	1.05	0.95				
	223	2	0.0	0.0	0.0	0.0	2	1.05	6.538801142365643	230.0	25	1.05	0.95				
	224	1	0.0	0.0	0.0	0.0	2	1.0194238124091817	-1.9649634741428326	230.0	26	1.05	0.95				
	301	2	83.10977537684211	16.929769058245615	0.0	0.0	3	1.0169591952376043	-0.09975744417238032	138.0	31	1.05	0.95				
	302	2	74.6448908477193	15.390699143859651	0.0	0.0	3	1.0167506267446431	-0.37455143062683993	138.0	32	1.05	0.95				
	303	1	138.51629229473684	28.47279341614035	0.0	0.0	3	1.0424731613471392	11.300878874514137	138.0	31	1.05	0.95				
	304	1	56.9455868322807	11.543024357894737	0.0	0.0	3	1.0070012099470371	1.91002362364253	138.0	31	1.05	0.95				
	305	1	54.63698196070176	10.773489400701756	0.0	0.0	3	1.0221208573012621	1.014260664714119	138.0	31	1.05	0.95				
	306	1	104.65675417824562	21.54697880140351	0.0	-100.0	3	1.0315255879277934	0.8078870394578977	138.0	32	1.05	0.95				
	307	2	96.19186964912281	19.23837392982456	0.0	0.0	3	0.976440576884706	-6.070463416975545	138.0	32	1.05	0.95				
	308	1	131.59047768	26.933723501754386	0.0	0.0	3	0.9820178584448248	-2.3746731185225376	138.0	32	1.05	0.95				
	309	1	134.66861750877192	27.703258458947367	0.0	0.0	3	1.027542468375143	6.9206751164541584	138.0	33	1.05	0.95				
	310	1	150.0593166526316	30.781398287719302	0.0	0.0	3	1.0492271955967964	4.6008918242889045	138.0	33	1.05	0.95				
	311	1	0.0	0.0	0.0	0.0	3	1.0218535524065353	12.429200935904337	230.0	33	1.05	0.95				
	312	1	0.0	0.0	0.0	0.0	3	1.02389486742707	13.345318387275137	230.0	33	1.05	0.95				
	313	2	203.92676365614034	41.554887688421054	0.0	0.0	3	1.0453602886411821	19.410630390619776	230.0	34	1.05	0.95				
	314	2	149.2897816954386	30.011863330526317	0.0	0.0	3	1.0293103649276871	12.795778636658481	230.0	36	1.05	0.95				
	315	2	243.94258143017544	49.25023726035088	0.0	0.0	3	1.0484165202345392	12.209353057686126	230.0	36	1.05	0.95				
	316	2	76.95349571929825	15.390699143859651	0.0	0.0	3	1.0454234822531814	12.826600753971999	230.0	36	1.05	0.95				
	317	1	0.0	0.0	0.0	0.0	3	1.049569095597003	13.380862022808309	230.0	37	1.05	0.95				
	318	2	256.2551407452632	52.32837708912281	0.0	0.0	3	1.04825115840537	12.330036466996475	230.0	37	1.05	0.95				
	319	1	139.28582725192985	28.47279341614035	0.0	0.0	3	1.0417135383105822	13.846134252882429	230.0	35	1.05	0.95				
	320	1	98.50047452070176	20.007908887017546	0.0	0.0	3	1.0418629886153423	14.700227979629755	230.0	35	1.05	0.95				
	321	2	0.0	0.0	0.0	0.0	3	1.05	13.82603900365334	230.0	37	1.05	0.95				
	322	2	0.0	0.0	0.0	0.0	3	1.05	17.998133614526143	230.0	37	1.05	0.95				
	323	2	0.0	0.0	0.0	0.0	3	1.042510701986327	15.065037822579091	230.0	35	1.05	0.95				
	324	1	0.0	0.0	0.0	0.0	3	1.044083959416616	13.688565154612391	230.0	36	1.05	0.95				
	325	1	0.0	0.0	0.0	0.0	3	1.0439778600455658	15.08491943233905	230.0	35	1.05	0.95				
];

%% generator data
%    bus    Pg    Qg    Qmax    Qmin    Vg    mBase    status    Pmax    Pmin    Pc1    Pc2    Qc1min    Qc1max    Qc2min    Qc2max    ramp_agc    ramp_10    ramp_30    ramp_q    apf
