%% MATPOWER Case Format : Version 2
function mpc = RTS_GMLC
mpc.version = '2';

%%-----  Power Flow Data  -----%%
%% system MVA base
mpc.baseMVA = 100.0;
%% bus data
%    bus_i    type    Pd    Qd    Gs    Bs    area    Vm    Va    baseKV    zone    Vmax    Vmin
mpc.bus = [
	101	2	89.59030184842106	18.24987630245614	0.0	0.0	1	1.0430827380333674	-0.825047213814884	138.0	11	1.05	0.95				
	102	2	80.46536369719298	16.590796638596494	0.0	0.0	1	1.0430551476905006	-0.9352257951029592	138.0	12	1.05	0.95				
	103	1	149.31716974736844	30.69297378140351	0.0	0.0	1	1.0238115085388448	-1.3918748863856758	138.0	11	1.05	0.95				
	104	1	61.38594756280702	12.443097478947369	0.0	0.0	1	1.0213325443832175	-4.371086971681057	138.0	11	1.05	0.95				
	105	1	58.89732806701754	11.613557647017545	0.0	0.0	1	1.034870771186669	-4.826781430986208	138.0	11	1.05	0.95				
	106	1	112.81741714245615	23.22711529403509	0.0	-100.0	1	1.0356565531504554	-7.823177248693657	138.0	12	1.05	0.95				
	107	2	103.69247899122809	20.738495798245616	0.0	0.0	1	1.05	-6.108080131575467	138.0	12	1.05	0.95				
	108	1	141.85131126000002	29.033894117543856	0.0	0.0	1	1.0233052485041267	-8.396260601938456	138.0	12	1.05	0.95				
	109	1	145.1694705877193	29.863433949473684	0.0	0.0	1	1.0271654619152226	-4.636756084895233	138.0	13	1.05	0.95				
	110	1	161.7602672263158	33.18159327719299	0.0	0.0	1	1.05	-6.318466184566276	138.0	13	1.05	0.95				
	111	1	0.0	0.0	0.0	0.0	1	1.0164567728599991	-1.7816279683936564	230.0	13	1.05	0.95				
	112	1	0.0	0.0	0.0	0.0	1	1.0180905118865182	-1.061958091988624	230.0	13	1.05	0.95				
	113	3	219.82805546140352	44.79515092421053	0.0	0.0	1	1.0189149768877002	1.2058973844799539e-30	230.0	14	1.05	0.95				
	114	2	160.93072739438597	32.35205344526316	0.0	0.0	1	1.0207059939912453	0.37438517590425147	230.0	16	1.05	0.95				
	115	2	262.9641267217544	53.090549243508775	0.0	0.0	1	1.0436297581844016	9.355710104692735	230.0	16	1.05	0.95				
	116	2	82.95398319298246	16.590796638596494	0.0	0.0	1	1.0428190379339188	8.470844383940726	230.0	16	1.05	0.95				
	117	1	0.0	0.0	0.0	0.0	1	1.0467285582116486	12.085259558075364	230.0	17	1.05	0.95				
	118	2	276.23676403263164	56.408708571228075	0.0	0.0	1	1.0495885640685554	12.952482426051478	230.0	17	1.05	0.95				
	119	1	150.14670957929826	30.69297378140351	0.0	0.0	1	1.0369541288981847	6.731626432610635	230.0	15	1.05	0.95				
	120	1	106.18109848701755	21.56803563017544	0.0	0.0	1	1.0389555947060023	6.436260276962473	230.0	15	1.05	0.95				
	121	2	0.0	0.0	0.0	0.0	1	1.05	14.333776550493273	230.0	17	1.05	0.95				
	122	2	0.0	0.0	0.0	0.0	1	1.05	20.22527730988594	230.0	17	1.05	0.95				
	123	2	0.0	0.0	0.0	0.0	1	1.042406937501933	6.885605141474051	230.0	15	1.05	0.95				
	124	1	0.0	0.0	0.0	0.0	1	1.0227685944579865	5.365899281265899	230.0	16	1.05	0.95				
	201	2	94.48512514105263	19.246969936140353	0.0	0.0	2	1.05	-14.668285411244439	138.0	21	1.05	0.95				
	202	2	84.86164017298246	17.49724539649123	0.0	0.0	2	1.05	-14.765571457089031	138.0	22	1.05	0.95				
	203	1	157.47520856842107	32.36990398350877	0.0	0.0	2	1.0248312820158674	-10.332842175923501	138.0	21	1.05	0.95				
	204	1	64.73980796701754	13.122934047368421	0.0	0.0	2	1.020999248131549	-15.653418208783846	138.0	21	1.05	0.95				
	205	1	62.11522115754386	12.24807177754386	0.0	0.0	2	1.0388998349790868	-16.223362456679382	138.0	21	1.05	0.95				
	206	1	118.98126869614036	24.49614355508772	0.0	-100.0	2	1.0373015342167669	-17.920408179689847	138.0	22	1.05	0.95				
	207	2	109.35778372807017	21.871556745614036	0.0	0.0	2	0.95	-28.2989953950564	138.0	22	1.05	0.95				
	208	1	149.60144814	30.620179443859648	0.0	0.0	2	0.954512074813931	-24.977867786770297	138.0	22	1.05	0.95				
	209	1	153.10089721929825	31.49504171368421	0.0	0.0	2	1.025773024110118	-12.859438639846354	138.0	23	1.05	0.95				
	210	1	170.59814261578947	34.99449079298246	0.0	0.0	2	1.049918524492004	-15.078788347348413	138.0	23	1.05	0.95				
	211	1	0.0	0.0	0.0	0.0	2	1.0333135486078326	-8.413757692758494	230.0	23	1.05	0.95				
	212	1	0.0	0.0	0.0	0.0	2	1.0269391759854876	-3.456992311857202	230.0	23	1.05	0.95				
	213	2	231.83850150350875	47.24256257052632	0.0	0.0	2	1.05	-5.129655329803443	230.0	24	1.05	0.95				
	214	2	169.72328034596492	34.1196285231579	0.0	0.0	2	1.05	-5.986913716934085	230.0	26	1.05	0.95				
	215	2	277.33133953438596	55.99118526877193	0.0	0.0	2	1.0440623713784722	2.954476971948164	230.0	26	1.05	0.95				
	216	2	87.48622698245615	17.49724539649123	0.0	0.0	2	1.0481540072452398	2.8617782033441963	230.0	26	1.05	0.95				
	217	1	0.0	0.0	0.0	0.0	2	1.0490804779204166	5.98221226157939	230.0	27	1.05	0.95				
	218	2	291.32913585157894	59.49063434807018	0.0	0.0	2	1.05	6.56095119424231	230.0	27	1.05	0.95				
	219	1	158.3500708382456	32.36990398350877	0.0	0.0	2	1.0421822115283343	2.7172042141741537	230.0	25	1.05	0.95				
	220	1	111.98237053754386	22.746419015438597	0.0	0.0	2	1.0451415219412286	4.228566914529045	230.0	25	1.05	0.95				
	221	2	0.0	0.0	0.0	0.0	2	1.05	7.087699520928149	230.0	27	1.05	0.95				
	222	2	0.0	0.0	0.0	0.0	2	1.05	13.16587378795591	230.0	27	1.05	0.95				
	223	2	0.0	0.0	0.0	0.0	2	1.05	5.690082494522067	230.0	25	1.05	0.95				
	224	1	0.0	0.0	0.0	0.0	2	1.0199914614242211	-1.986269518432923	230.0	26	1.05	0.95				
	301	2	80.87187600000001	16.47390066666667	0.0	0.0	3	0.968607748063374	-1.591696008434932	138.0	31	1.05	0.95				
	302	2	72.63492566666667	14.976273333333335	0.0	0.0	3	0.9708295979012902	-1.7444126012927568	138.0	32	1.05	0.95				
	303	1	134.78646	27.70610566666667	0.0	0.0	3	0.9932324577186157	3.746427540551309	138.0	31	1.05	0.95				
	304	1	55.41221133333334	11.232205	0.0	0.0	3	0.9654801100596633	1.0354491469424287	138.0	31	1.05	0.95				
	305	1	53.16577033333333	10.483391333333335	0.0	0.0	3	0.976160700386911	0.7849660784887665	138.0	31	1.05	0.95				
	306	1	101.83865866666667	20.96678266666667	0.0	-100.0	3	0.9881816893596519	1.2423520896552527	138.0	32	1.05	0.95				
	307	2	93.60170833333335	18.720341666666666	0.0	0.0	3	0.95	-4.456529755208527	138.0	32	1.05	0.95				
	308	1	128.04713700000002	26.208478333333336	0.0	0.0	3	0.9550043611599133	-0.6453106217259399	138.0	32	1.05	0.95				
	309	1	131.04239166666667	26.957292	0.0	0.0	3	0.9911609351904398	6.588396128926266	138.0	33	1.05	0.95				
	310	1	146.018665	29.95254666666667	0.0	0.0	3	1.0087147072080487	5.765593278052937	138.0	33	1.05	0.95				
	311	1	0.0	0.0	0.0	0.0	3	0.984401885784087	14.354023499081844	230.0	33	1.05	0.95				
	312	1	0.0	0.0	0.0	0.0	3	0.9892769154488975	15.769185731048548	230.0	33	1.05	0.95				
	313	2	198.43562166666666	40.43593800000001	0.0	0.0	3	1.0167637214857155	24.17173139883097	230.0	34	1.05	0.95				
	314	2	145.26985133333335	29.203733000000003	0.0	0.0	3	0.9958410853686003	13.592369120704204	230.0	36	1.05	0.95				
	315	2	237.37393233333336	47.92407466666667	0.0	0.0	3	1.0454821493987185	10.218934207796407	230.0	36	1.05	0.95				
	316	2	74.88136666666666	14.976273333333335	0.0	0.0	3	1.040268805409405	11.507314534798416	230.0	36	1.05	0.95				
	317	1	0.0	0.0	0.0	0.0	3	1.045446840755897	11.112219759918789	230.0	37	1.05	0.95				
	318	2	249.35495100000003	50.91932933333334	0.0	0.0	3	1.0457885270438485	10.277770142813058	230.0	37	1.05	0.95				
	319	1	135.53527366666668	27.70610566666667	0.0	0.0	3	1.0323811557132736	13.549164679438592	230.0	35	1.05	0.95				
	320	1	95.84814933333334	19.469155333333337	0.0	0.0	3	1.0294148190481263	15.263652868224352	230.0	35	1.05	0.95				
	321	2	0.0	0.0	0.0	0.0	3	1.0493126093453917	11.780929695396752	230.0	37	1.05	0.95				
	322	2	0.0	0.0	0.0	0.0	3	1.05	15.859388120111014	230.0	37	1.05	0.95				
	323	2	0.0	0.0	0.0	0.0	3	1.0285215330248725	16.03696200972244	230.0	35	1.05	0.95				
	324	1	0.0	0.0	0.0	0.0	3	1.01958347568086	9.77126562915787	230.0	36	1.05	0.95				
	325	1	0.0	0.0	0.0	0.0	3	1.0314454581394743	15.902103473435524	230.0	35	1.05	0.95				
];

%% generator data
%    bus    Pg    Qg    Qmax    Qmin    Vg    mBase    status    Pmax    Pmin    Pc1    Pc2    Qc1min    Qc1max    Qc2min    Qc2max    ramp_agc    ramp_10    ramp_30    ramp_q    apf
