%% MATPOWER Case Format : Version 2
function mpc = RTS_GMLC
mpc.version = '2';

%%-----  Power Flow Data  -----%%
%% system MVA base
mpc.baseMVA = 100.0;
%% bus data
%    bus_i    type    Pd    Qd    Gs    Bs    area    Vm    Va    baseKV    zone    Vmax    Vmin
mpc.bus = [
	101	2	61.307768425263156	12.488619494035087	0.0	0.0	1	1.0382448874843238	-0.802609049661621	138.0	11	1.05	0.95				
	102	2	55.0634586782456	11.353290449122806	0.0	0.0	1	1.037863117664654	-0.9881654629285145	138.0	12	1.05	0.95				
	103	1	102.17961404210524	21.003587330877192	0.0	0.0	1	1.0210096396382817	-0.7617374257746808	138.0	11	1.05	0.95				
	104	1	42.007174661754384	8.514967836842104	0.0	0.0	1	1.0202474312464882	-3.878065773112274	138.0	11	1.05	0.95				
	105	1	40.30418109438596	7.947303314385964	0.0	0.0	1	1.036531274950034	-3.874483790488939	138.0	11	1.05	0.95				
	106	1	77.20237505403509	15.894606628771928	0.0	-100.0	1	1.0427183552397654	-6.163539348831322	138.0	12	1.05	0.95				
	107	2	70.95806530701753	14.191613061403508	0.0	0.0	1	1.0063283513880137	-12.253840217391346	138.0	12	1.05	0.95				
	108	1	97.07063333999999	19.86825828596491	0.0	0.0	1	1.0025649911605388	-10.782138436557457	138.0	12	1.05	0.95				
	109	1	99.34129142982455	20.43592280842105	0.0	0.0	1	1.0234210905700327	-3.9580667416542745	138.0	13	1.05	0.95				
	110	1	110.69458187894736	22.706580898245612	0.0	0.0	1	1.05	-5.218183781840114	138.0	13	1.05	0.95				
	111	1	0.0	0.0	0.0	0.0	1	1.0076525090971749	-0.9698951897108355	230.0	13	1.05	0.95				
	112	1	0.0	0.0	0.0	0.0	1	1.011660886806474	-0.8773004895791681	230.0	13	1.05	0.95				
	113	3	150.43109845087716	30.653884212631578	0.0	0.0	1	1.0082153141090728	-1.2421432522511053e-28	230.0	14	1.05	0.95				
	114	2	110.1269173564912	22.13891637578947	0.0	0.0	1	1.0064586451526507	1.8958763863718966	230.0	16	1.05	0.95				
	115	2	179.94965361859647	36.33052943719298	0.0	0.0	1	1.0297297174723596	10.324926561712317	230.0	16	1.05	0.95				
	116	2	56.76645224561403	11.353290449122806	0.0	0.0	1	1.0280909635406403	9.397835220002245	230.0	16	1.05	0.95				
	117	1	0.0	0.0	0.0	0.0	1	1.0320424894672136	12.975646349707802	230.0	17	1.05	0.95				
	118	2	189.03228597789473	38.601187527017544	0.0	0.0	1	1.034664312559675	13.219499003616413	230.0	17	1.05	0.95				
	119	1	102.74727856456141	21.003587330877192	0.0	0.0	1	1.0231526772062898	7.043100829194163	230.0	15	1.05	0.95				
	120	1	72.66105887438596	14.759277583859648	0.0	0.0	1	1.0243676439737308	6.099027832127339	230.0	15	1.05	0.95				
	121	2	0.0	0.0	0.0	0.0	1	1.036929275884172	14.780490119049215	230.0	17	1.05	0.95				
	122	2	0.0	0.0	0.0	0.0	1	1.05	25.530576534734593	230.0	17	1.05	0.95				
	123	2	0.0	0.0	0.0	0.0	1	1.0262059850815062	6.01480587326454	230.0	15	1.05	0.95				
	124	1	0.0	0.0	0.0	0.0	1	1.0127654866537752	6.16451758208295	230.0	16	1.05	0.95				
	201	2	63.953407856842105	13.027546044912281	0.0	0.0	2	1.0287436773148202	-14.158784613706228	138.0	21	1.05	0.95				
	202	2	57.43963483438597	11.843223677192983	0.0	0.0	2	1.0292378320075508	-14.16145002394965	138.0	22	1.05	0.95				
	203	1	106.58901309473686	21.909963802807017	0.0	0.0	2	1.0169653719428315	-12.439080950815125	138.0	21	1.05	0.95				
	204	1	43.81992760561403	8.882417757894737	0.0	0.0	2	1.0162942089662126	-16.069698243043057	138.0	21	1.05	0.95				
	205	1	42.043444054035085	8.290256574035089	0.0	0.0	2	1.0318085279107143	-16.359394288606598	138.0	21	1.05	0.95				
	206	1	80.53392100491229	16.580513148070178	0.0	-100.0	2	1.0403747492103208	-18.14220041529811	138.0	22	1.05	0.95				
	207	2	74.02014798245614	14.804029596491228	0.0	0.0	2	0.9884853122213679	-26.977544452880853	138.0	22	1.05	0.95				
	208	1	101.25956244000001	20.72564143508772	0.0	0.0	2	0.9890414755185007	-24.13816040758135	138.0	22	1.05	0.95				
	209	1	103.62820717543859	21.31780261894737	0.0	0.0	2	1.0237372497916668	-15.215242273785739	138.0	23	1.05	0.95				
	210	1	115.47143085263158	23.686447354385965	0.0	0.0	2	1.05	-16.706641799396625	138.0	23	1.05	0.95				
	211	1	0.0	0.0	0.0	0.0	2	1.015120641236803	-11.55948166269277	230.0	23	1.05	0.95				
	212	1	0.0	0.0	0.0	0.0	2	1.0155170638388256	-10.438396372444386	230.0	23	1.05	0.95				
	213	2	156.922713722807	31.976703928421053	0.0	0.0	2	1.0198536858755087	-9.980438337465817	230.0	24	1.05	0.95				
	214	2	114.87926966877194	23.094286170526317	0.0	0.0	2	1.0203335193270597	-8.538785272153838	230.0	26	1.05	0.95				
	215	2	187.71509528350876	37.89831576701754	0.0	0.0	2	1.0332410663503486	-0.494168916176586	230.0	26	1.05	0.95				
	216	2	59.21611838596491	11.843223677192983	0.0	0.0	2	1.0354099945276436	-0.6457712601105701	230.0	26	1.05	0.95				
	217	1	0.0	0.0	0.0	0.0	2	1.0374549198381977	2.318470609434811	230.0	27	1.05	0.95				
	218	2	197.18967422526316	40.26696050245614	0.0	0.0	2	1.0382415190459167	2.3801327617039303	230.0	27	1.05	0.95				
	219	1	107.1811742785965	21.909963802807017	0.0	0.0	2	1.037824735050265	-0.8130441088674727	230.0	25	1.05	0.95				
	220	1	75.79663153403509	15.396190780350876	0.0	0.0	2	1.0446652580832434	0.16274839115839307	230.0	25	1.05	0.95				
	221	2	0.0	0.0	0.0	0.0	2	1.0389553328650978	2.196883013691694	230.0	27	1.05	0.95				
	222	2	0.0	0.0	0.0	0.0	2	1.05	8.74570967904518	230.0	27	1.05	0.95				
	223	2	0.0	0.0	0.0	0.0	2	1.05	1.1261030522908444	230.0	25	1.05	0.95				
	224	1	0.0	0.0	0.0	0.0	2	1.0122948135041734	-4.945501436725224	230.0	26	1.05	0.95				
	301	2	52.63334386105264	10.721607082807019	0.0	0.0	3	1.0296743683586773	2.4160331128915904	138.0	31	1.05	0.95				
	302	2	47.27254031964912	9.746915529824562	0.0	0.0	3	1.0259308503374147	2.068250183505399	138.0	32	1.05	0.95				
	303	1	87.72223976842105	18.031793730175437	0.0	0.0	3	1.05	17.64222335217889	138.0	31	1.05	0.95				
	304	1	36.063587460350874	7.31018664736842	0.0	0.0	3	1.0109386162271934	3.3346443635467486	138.0	31	1.05	0.95				
	305	1	34.60155013087719	6.822840870877194	0.0	0.0	3	1.0306236281473555	1.3302837407492527	138.0	31	1.05	0.95				
	306	1	66.27902560280702	13.645681741754387	0.0	-100.0	3	1.037750537881781	0.1388255581072076	138.0	32	1.05	0.95				
	307	2	60.918222061403505	12.183644412280701	0.0	0.0	3	0.95	3.4385272695811553	138.0	32	1.05	0.95				
	308	1	83.33612778	17.05710217719298	0.0	0.0	3	0.9704523880887532	2.0289018842721216	138.0	32	1.05	0.95				
	309	1	85.28551088596491	17.54444795368421	0.0	0.0	3	1.0142247985440844	6.418244545405679	138.0	33	1.05	0.95				
	310	1	95.03242641578947	19.493831059649125	0.0	0.0	3	1.0432002053549345	1.7896709438777234	138.0	33	1.05	0.95				
	311	1	0.0	0.0	0.0	0.0	3	1.0032171487827635	5.380868141404637	230.0	33	1.05	0.95				
	312	1	0.0	0.0	0.0	0.0	3	1.007790429304851	6.072805700952683	230.0	33	1.05	0.95				
	313	2	129.14663077017542	26.31667193052632	0.0	0.0	3	1.0047264866237973	7.757811514513661	230.0	34	1.05	0.95				
	314	2	94.54508063929823	19.006485283157897	0.0	0.0	3	0.9992680371396603	4.666720372042919	230.0	36	1.05	0.95				
	315	2	154.4886111477193	31.190129695438596	0.0	0.0	3	1.0493734807807866	7.082045427518145	230.0	36	1.05	0.95				
	316	2	48.734577649122805	9.746915529824562	0.0	0.0	3	1.0355045714074547	6.610102435152256	230.0	36	1.05	0.95				
	317	1	0.0	0.0	0.0	0.0	3	1.0495283873597272	9.228184160610825	230.0	37	1.05	0.95				
	318	2	162.28614357157895	33.13951280140351	0.0	0.0	3	1.05	7.59065110002534	230.0	37	1.05	0.95				
	319	1	88.20958554491229	18.031793730175437	0.0	0.0	3	1.0241889944962423	6.152354815357843	230.0	35	1.05	0.95				
	320	1	62.38025939087719	12.67099018877193	0.0	0.0	3	1.0179430746731712	6.705047131725734	230.0	35	1.05	0.95				
	321	2	0.0	0.0	0.0	0.0	3	1.05	8.009387541720999	230.0	37	1.05	0.95				
	322	2	0.0	0.0	0.0	0.0	3	1.05	12.835077543872984	230.0	37	1.05	0.95				
	323	2	0.0	0.0	0.0	0.0	3	1.015507699442552	7.395123852431596	230.0	35	1.05	0.95				
	324	1	0.0	0.0	0.0	0.0	3	1.0463017504056862	11.116930759616448	230.0	36	1.05	0.95				
	325	1	0.0	0.0	0.0	0.0	3	1.0162307260960584	8.032019624373516	230.0	35	1.05	0.95				
];
