%% MATPOWER Case Format : Version 2
function mpc = RTS_GMLC
mpc.version = '2';

%%-----  Power Flow Data  -----%%
%% system MVA base
mpc.baseMVA = 100.0;
%% bus data
%    bus_i    type    Pd    Qd    Gs    Bs    area    Vm    Va    baseKV    zone    Vmax    Vmin
mpc.bus = [
	101	2	74.49381492631579	15.174666003508772	0.0	0.0	1	1.0421776828400737	2.3774730075979065	138.0	11	1.05	0.95				
	102	2	66.9064819245614	13.795150912280704	0.0	0.0	1	1.041529205664053	2.1131659556856617	138.0	12	1.05	0.95				
	103	1	124.15635821052634	25.5210291877193	0.0	0.0	1	1.0276290135603567	-0.07080549498366624	138.0	11	1.05	0.95				
	104	1	51.0420583754386	10.346363184210526	0.0	0.0	1	1.0236152538079775	-1.7650853418791577	138.0	11	1.05	0.95				
	105	1	48.97278573859649	9.656605638596492	0.0	0.0	1	1.0357241131045372	-2.0982334406674576	138.0	11	1.05	0.95				
	106	1	93.80702620350878	19.313211277192984	0.0	-100.0	1	1.038968069928825	-5.276206520889907	138.0	12	1.05	0.95				
	107	2	86.21969320175438	17.24393864035088	0.0	0.0	1	1.0499999920981882	-6.666951438510745	138.0	12	1.05	0.95				
	108	1	117.94854030000002	24.14151409649123	0.0	0.0	1	1.027251523254742	-7.609298641001688	138.0	12	1.05	0.95				
	109	1	120.70757048245615	24.831271642105264	0.0	0.0	1	1.0270490052074859	-3.2434044372363653	138.0	13	1.05	0.95				
	110	1	134.50272139473685	27.590301824561408	0.0	0.0	1	1.05	-4.511754479670945	138.0	13	1.05	0.95				
	111	1	0.0	0.0	0.0	0.0	1	1.0092260309521406	-1.2014513884478717	230.0	13	1.05	0.95				
	112	1	0.0	0.0	0.0	0.0	1	1.015318596167624	-0.6760651652003693	230.0	13	1.05	0.95				
	113	3	182.7857495877193	37.246907463157896	0.0	0.0	1	1.0091044407492646	1.2480102937500079e-26	230.0	14	1.05	0.95				
	114	2	133.8129638491228	26.90054427894737	0.0	0.0	1	1.0052234172312229	0.5218615841006158	230.0	16	1.05	0.95				
	115	2	218.65314195964913	44.14448291929825	0.0	0.0	1	1.0416861051438844	7.764775390275433	230.0	16	1.05	0.95				
	116	2	68.97575456140352	13.795150912280704	0.0	0.0	1	1.0387852236705923	7.077000658645585	230.0	16	1.05	0.95				
	117	1	0.0	0.0	0.0	0.0	1	1.044058093717477	9.823975529224171	230.0	17	1.05	0.95				
	118	2	229.6892626894737	46.90351310175439	0.0	0.0	1	1.0464645736167149	10.237108924404229	230.0	17	1.05	0.95				
	119	1	124.84611575614035	25.5210291877193	0.0	0.0	1	1.0328896002908998	5.560954443623438	230.0	15	1.05	0.95				
	120	1	88.2889658385965	17.933696185964916	0.0	0.0	1	1.0329916696641304	5.116545282454955	230.0	15	1.05	0.95				
	121	2	0.0	0.0	0.0	0.0	1	1.0496228710135729	11.776745550817251	230.0	17	1.05	0.95				
	122	2	0.0	0.0	0.0	0.0	1	1.05	17.84723458770668	230.0	17	1.05	0.95				
	123	2	0.0	0.0	0.0	0.0	1	1.0347533566885672	5.389406458083943	230.0	15	1.05	0.95				
	124	1	0.0	0.0	0.0	0.0	1	1.026349947908042	4.846010632021342	230.0	16	1.05	0.95				
	201	2	88.00818510315789	17.92759326175438	0.0	0.0	2	1.037445888768185	-17.05231315523469	138.0	21	1.05	0.95				
	202	2	79.04438847228069	16.297812056140348	0.0	0.0	2	1.0403298236288068	-17.192934696218376	138.0	22	1.05	0.95				
	203	1	146.68030850526316	30.150952303859647	0.0	0.0	2	1.0238753746645	-12.872902453194305	138.0	21	1.05	0.95				
	204	1	60.301904607719294	12.223359042105262	0.0	0.0	2	1.018110720887489	-18.459196315027633	138.0	21	1.05	0.95				
	205	1	57.85723279929823	11.408468439298245	0.0	0.0	2	1.033276545565279	-18.98842258333831	138.0	21	1.05	0.95				
	206	1	110.82512198175438	22.81693687859649	0.0	-100.0	2	1.0366794017081096	-20.841940853538393	138.0	22	1.05	0.95				
	207	2	101.86132535087718	20.372265070175434	0.0	0.0	2	0.95	-32.180564172034934	138.0	22	1.05	0.95				
	208	1	139.34629307999998	28.521171098245606	0.0	0.0	2	0.9559924813962517	-28.399496890705578	138.0	22	1.05	0.95				
	209	1	142.60585549122803	29.336061701052625	0.0	0.0	2	1.0261190751891354	-16.20391185543116	138.0	23	1.05	0.95				
	210	1	158.9036675473684	32.595624112280696	0.0	0.0	2	1.05	-18.388555168386784	138.0	23	1.05	0.95				
	211	1	0.0	0.0	0.0	0.0	2	1.0343265047229107	-12.365347569601493	230.0	23	1.05	0.95				
	212	1	0.0	0.0	0.0	0.0	2	1.0286403728146176	-7.600425454012089	230.0	23	1.05	0.95				
	213	2	215.9460097438596	44.00409255157894	0.0	0.0	2	1.05	-9.775221051513858	230.0	24	1.05	0.95				
	214	2	158.08877694456137	31.78073350947368	0.0	0.0	2	1.05	-9.933154816699643	230.0	26	1.05	0.95				
	215	2	258.3203210898245	52.152998579649115	0.0	0.0	2	1.0443353322274322	-1.188820443201957	230.0	26	1.05	0.95				
	216	2	81.48906028070174	16.297812056140348	0.0	0.0	2	1.0482592863738152	-1.4531603793600925	230.0	26	1.05	0.95				
	217	1	0.0	0.0	0.0	0.0	2	1.0481141775588023	1.565588859044787	230.0	27	1.05	0.95				
	218	2	271.3585707347368	55.41256099087719	0.0	0.0	2	1.0496166229953041	1.6363720977330825	230.0	27	1.05	0.95				
	219	1	147.49519910807015	30.150952303859647	0.0	0.0	2	1.0428828065597135	-1.5774892841601058	230.0	25	1.05	0.95				
	220	1	104.30599715929823	21.187155672982453	0.0	0.0	2	1.0456187560643286	-0.16130632699338227	230.0	25	1.05	0.95				
	221	2	0.0	0.0	0.0	0.0	2	1.05	1.559430661221322	230.0	27	1.05	0.95				
	222	2	0.0	0.0	0.0	0.0	2	1.05	8.073931796344782	230.0	27	1.05	0.95				
	223	2	0.0	0.0	0.0	0.0	2	1.05	1.2056495347270786	230.0	25	1.05	0.95				
	224	1	0.0	0.0	0.0	0.0	2	1.0220183883997795	-5.525926223639384	230.0	26	1.05	0.95				
	301	2	72.9452704926316	14.859221767017544	0.0	0.0	3	1.0026632860244002	-6.146566346906152	138.0	31	1.05	0.95				
	302	2	65.5156596091228	13.508383424561405	0.0	0.0	3	1.0035034388019155	-6.227525128553032	138.0	32	1.05	0.95				
	303	1	121.57545082105263	24.990509335438595	0.0	0.0	3	1.0149455970002266	-1.5056891201369915	138.0	31	1.05	0.95				
	304	1	49.98101867087719	10.131287568421051	0.0	0.0	3	1.0011357115103208	-3.761594082236903	138.0	31	1.05	0.95				
	305	1	47.954761157192976	9.455868397192983	0.0	0.0	3	1.014101487831552	-4.062874370554	138.0	31	1.05	0.95				
	306	1	91.85700728701754	18.911736794385966	0.0	-100.0	3	1.0287166477699186	-3.642224454927889	138.0	32	1.05	0.95				
	307	2	84.42739640350877	16.885479280701755	0.0	0.0	3	0.9869091312022077	-8.898938051726137	138.0	32	1.05	0.95				
	308	1	115.49667827999998	23.639670992982452	0.0	0.0	3	0.9925620534456379	-5.7405388193374005	138.0	32	1.05	0.95				
	309	1	118.19835496491228	24.315090164210527	0.0	0.0	3	1.0242915472957324	1.019936111184365	138.0	33	1.05	0.95				
	310	1	131.70673838947368	27.01676684912281	0.0	0.0	3	1.046604025372496	0.19760363133414485	138.0	33	1.05	0.95				
	311	1	0.0	0.0	0.0	0.0	3	1.0153888127588886	7.669904619208518	230.0	33	1.05	0.95				
	312	1	0.0	0.0	0.0	0.0	3	1.0189915501403135	8.896659012068264	230.0	33	1.05	0.95				
	313	2	178.9860803754386	36.4726352463158	0.0	0.0	3	1.0413733388178221	15.766375545128742	230.0	34	1.05	0.95				
	314	2	131.0313192182456	26.34134767789474	0.0	0.0	3	1.020696853746004	7.450244200163625	230.0	36	1.05	0.95				
	315	2	214.10787727929824	43.22682695859649	0.0	0.0	3	1.0401602131424768	4.612584087580103	230.0	36	1.05	0.95				
	316	2	67.54191712280702	13.508383424561405	0.0	0.0	3	1.039923059085438	5.996055913664995	230.0	36	1.05	0.95				
	317	1	0.0	0.0	0.0	0.0	3	1.0442884921858906	5.872920479395187	230.0	37	1.05	0.95				
	318	2	224.91458401894735	45.92850364350877	0.0	0.0	3	1.0427249707514628	4.727047446949061	230.0	37	1.05	0.95				
	319	1	122.2508699922807	24.990509335438595	0.0	0.0	3	1.0376515587180175	7.999092976980571	230.0	35	1.05	0.95				
	320	1	86.45365391719298	17.560898451929823	0.0	0.0	3	1.0389012208350614	9.645931782533516	230.0	35	1.05	0.95				
	321	2	0.0	0.0	0.0	0.0	3	1.0438480317432335	5.650616157575789	230.0	37	1.05	0.95				
	322	2	0.0	0.0	0.0	0.0	3	1.05	10.067147347882184	230.0	37	1.05	0.95				
	323	2	0.0	0.0	0.0	0.0	3	1.039883545606785	10.312648797221154	230.0	35	1.05	0.95				
	324	1	0.0	0.0	0.0	0.0	3	1.0248171011577785	4.217866902378118	230.0	36	1.05	0.95				
	325	1	0.0	0.0	0.0	0.0	3	1.0412908665166445	10.44087211707953	230.0	35	1.05	0.95				
];
