%% MATPOWER Case Format : Version 2
function mpc = RTS_GMLC
mpc.version = '2';

%%-----  Power Flow Data  -----%%
%% system MVA base
mpc.baseMVA = 100.0;
%% bus data
%    bus_i    type    Pd    Qd    Gs    Bs    area    Vm    Va    baseKV    zone    Vmax    Vmin
mpc.bus = [
	101	2	74.1464621431579	15.10390895508772	0.0	0.0	1	1.0462127817306135	-1.2468387598153672	138.0	11	1.05	0.95				
	102	2	66.59450766561403	13.730826322807019	0.0	0.0	1	1.0451681809265407	-1.589019368611074	138.0	12	1.05	0.95				
	103	1	123.57743690526316	25.40202869719298	0.0	0.0	1	1.0304630288394614	-1.428148663332691	138.0	11	1.05	0.95				
	104	1	50.80405739438596	10.298119742105262	0.0	0.0	1	1.0250144071540293	-4.5449235862314605	138.0	11	1.05	0.95				
	105	1	48.74443344596491	9.611578425964913	0.0	0.0	1	1.0385253140707988	-5.01546354822183	138.0	11	1.05	0.95				
	106	1	93.36961899508772	19.223156851929826	0.0	-100.0	1	1.0406310200621491	-7.82874031032575	138.0	12	1.05	0.95				
	107	2	85.81766451754386	17.16353290350877	0.0	0.0	1	1.0002145118497627	-14.245115947252135	138.0	12	1.05	0.95				
	108	1	117.39856506	24.02894606491228	0.0	0.0	1	0.9954859476229898	-12.88642407229658	138.0	12	1.05	0.95				
	109	1	120.1447303245614	24.715487381052633	0.0	0.0	1	1.0259763325245845	-5.152605399792319	138.0	13	1.05	0.95				
	110	1	133.8755566473684	27.461652645614038	0.0	0.0	1	1.05	-6.7338257800370425	138.0	13	1.05	0.95				
	111	1	0.0	0.0	0.0	0.0	1	1.0145017750162948	-2.061110418157156	230.0	13	1.05	0.95				
	112	1	0.0	0.0	0.0	0.0	1	1.0156409171997252	-1.628124795378353	230.0	13	1.05	0.95				
	113	3	181.93344877719298	37.07323107157895	0.0	0.0	1	1.0152176164557283	2.666712511203161e-28	230.0	14	1.05	0.95				
	114	2	133.18901533122806	26.775111329473685	0.0	0.0	1	1.0195524567493925	0.04935789247366879	230.0	16	1.05	0.95				
	115	2	217.6335972164912	43.938644232982455	0.0	0.0	1	1.0452967710014973	8.136460729536989	230.0	16	1.05	0.95				
	116	2	68.65413161403508	13.730826322807019	0.0	0.0	1	1.0426270462490144	7.180345085014491	230.0	16	1.05	0.95				
	117	1	0.0	0.0	0.0	0.0	1	1.0459624502491456	10.41855778661682	230.0	17	1.05	0.95				
	118	2	228.61825827473683	46.68480949754386	0.0	0.0	1	1.0480161982272709	11.097120868886943	230.0	17	1.05	0.95				
	119	1	124.26397822140352	25.40202869719298	0.0	0.0	1	1.035178944278345	5.504010979600861	230.0	15	1.05	0.95				
	120	1	87.87728846596491	17.850074219649123	0.0	0.0	1	1.0339215081478388	4.875316119333871	230.0	15	1.05	0.95				
	121	2	0.0	0.0	0.0	0.0	1	1.05	12.85363225912932	230.0	17	1.05	0.95				
	122	2	0.0	0.0	0.0	0.0	1	1.05	18.472698092428793	230.0	17	1.05	0.95				
	123	2	0.0	0.0	0.0	0.0	1	1.0349047114683672	5.043723529636595	230.0	15	1.05	0.95				
	124	1	0.0	0.0	0.0	0.0	1	1.0277149196302287	4.570749150440277	230.0	16	1.05	0.95				
	201	2	65.90838975157895	13.425783097543862	0.0	0.0	2	1.0251229957377836	-9.685289967749002	138.0	21	1.05	0.95				
	202	2	59.195498202807016	12.20525736140351	0.0	0.0	2	1.0261522153810103	-9.448920067299548	138.0	22	1.05	0.95				
	203	1	109.8473162526316	22.579726118596493	0.0	0.0	2	1.0150308751114614	-9.394515288626165	138.0	21	1.05	0.95				
	204	1	45.15945223719299	9.153943021052632	0.0	0.0	2	1.0154245976126521	-10.274851769087336	138.0	21	1.05	0.95				
	205	1	43.328663632982455	8.543680152982457	0.0	0.0	2	1.0299195740107678	-10.560048642013264	138.0	21	1.05	0.95				
	206	1	82.99575005754387	17.087360305964914	0.0	-100.0	2	1.0395126952596743	-11.583669742855484	138.0	22	1.05	0.95				
	207	2	76.28285850877194	15.256571701754387	0.0	0.0	2	0.990766321017764	-20.356829005960527	138.0	22	1.05	0.95				
	208	1	104.35495044000001	21.35920038245614	0.0	0.0	2	0.9898718809269877	-17.416647840633555	138.0	22	1.05	0.95				
	209	1	106.79600191228072	21.969463250526317	0.0	0.0	2	1.025356651252367	-8.45545263203531	138.0	23	1.05	0.95				
	210	1	119.00125927368421	24.41051472280702	0.0	0.0	2	1.05	-9.498901530268462	138.0	23	1.05	0.95				
	211	1	0.0	0.0	0.0	0.0	2	1.0144302195948487	-5.0298589926714685	230.0	23	1.05	0.95				
	212	1	0.0	0.0	0.0	0.0	2	1.0180030655798815	0.08396445293179255	230.0	23	1.05	0.95				
	213	2	161.71966003859652	32.954194875789476	0.0	0.0	2	1.0177504735097904	-2.0842206748168635	230.0	24	1.05	0.95				
	214	2	118.39099640561403	23.800251854736846	0.0	0.0	2	1.0178436919968432	-3.6359649781753935	230.0	26	1.05	0.95				
	215	2	193.45332917824564	39.05682355649123	0.0	0.0	2	1.0353531410497936	1.8148292368482482	230.0	26	1.05	0.95				
	216	2	61.02628680701755	12.20525736140351	0.0	0.0	2	1.035437589485195	2.0789050853839517	230.0	26	1.05	0.95				
	217	1	0.0	0.0	0.0	0.0	2	1.038770793577564	3.479742071407412	230.0	27	1.05	0.95				
	218	2	203.21753506736843	41.49787502877194	0.0	0.0	2	1.0377949436779514	3.0884547441439683	230.0	27	1.05	0.95				
	219	1	110.45757912070178	22.579726118596493	0.0	0.0	2	1.0346091298247206	3.031004264341707	230.0	25	1.05	0.95				
	220	1	78.11364711298246	15.866834569824565	0.0	0.0	2	1.0393678119015464	5.017717064646203	230.0	25	1.05	0.95				
	221	2	0.0	0.0	0.0	0.0	2	1.039157042580962	3.4550324773760774	230.0	27	1.05	0.95				
	222	2	0.0	0.0	0.0	0.0	2	1.05	9.9664903453519	230.0	27	1.05	0.95				
	223	2	0.0	0.0	0.0	0.0	2	1.0442581082416287	6.552038677688496	230.0	25	1.05	0.95				
	224	1	0.0	0.0	0.0	0.0	2	1.0138284182149153	-2.3448495947195447	230.0	26	1.05	0.95				
	301	2	61.34577665684211	12.496361911578948	0.0	0.0	3	0.992078969398724	5.629036025178027	138.0	31	1.05	0.95				
	302	2	55.097595701052626	11.360329010526316	0.0	0.0	3	0.9920250459851974	5.60274522587081	138.0	32	1.05	0.95				
	303	1	102.24296109473686	21.016608669473683	0.0	0.0	3	1.0131444203712732	8.063743074298916	138.0	31	1.05	0.95				
	304	1	42.03321733894737	8.520246757894737	0.0	0.0	3	1.0001498967574811	7.524182644250357	138.0	31	1.05	0.95				
	305	1	40.32916798736842	7.9522303073684215	0.0	0.0	3	1.0122192151358318	7.580836149825992	138.0	31	1.05	0.95				
	306	1	77.25023727157895	15.904460614736843	0.0	-100.0	3	1.0319581629937926	8.018129779858864	138.0	32	1.05	0.95				
	307	2	71.00205631578947	14.200411263157894	0.0	0.0	3	0.9894054237923471	4.36571811473759	138.0	32	1.05	0.95				
	308	1	97.13081303999999	19.880575768421053	0.0	0.0	3	1.0004590385381487	6.89458346944943	138.0	32	1.05	0.95				
	309	1	99.40287884210525	20.44859221894737	0.0	0.0	3	1.026590517699638	11.405112770661386	138.0	33	1.05	0.95				
	310	1	110.76320785263158	22.720658021052632	0.0	0.0	3	1.05	11.335219138554834	138.0	33	1.05	0.95				
	311	1	0.0	0.0	0.0	0.0	3	1.015591410302842	17.156097906748165	230.0	33	1.05	0.95				
	312	1	0.0	0.0	0.0	0.0	3	1.021421908654899	18.44359736525989	230.0	33	1.05	0.95				
	313	2	150.5243593894737	30.672888328421056	0.0	0.0	3	1.039318633717974	25.23160091391434	230.0	34	1.05	0.95				
	314	2	110.19519140210525	22.152641570526317	0.0	0.0	3	1.015844676008483	15.739394602004474	230.0	36	1.05	0.95				
	315	2	180.0612148168421	36.35305283368421	0.0	0.0	3	1.0319486565441809	10.4144344393943	230.0	36	1.05	0.95				
	316	2	56.80164505263158	11.360329010526316	0.0	0.0	3	1.033158943345672	11.60141088488882	230.0	36	1.05	0.95				
	317	1	0.0	0.0	0.0	0.0	3	1.037632971847686	10.947021548496224	230.0	37	1.05	0.95				
	318	2	189.14947802526316	38.62511863578948	0.0	0.0	3	1.0360319973077738	9.877621695163008	230.0	37	1.05	0.95				
	319	1	102.81097754526316	21.016608669473683	0.0	0.0	3	1.033350138477552	14.193681430504519	230.0	35	1.05	0.95				
	320	1	72.70610566736842	14.76842771368421	0.0	0.0	3	1.036072180537067	16.160712117288032	230.0	35	1.05	0.95				
	321	2	0.0	0.0	0.0	0.0	3	1.036602801570384	10.618508041828314	230.0	37	1.05	0.95				
	322	2	0.0	0.0	0.0	0.0	3	1.0499999313159523	15.054956351284078	230.0	37	1.05	0.95				
	323	2	0.0	0.0	0.0	0.0	3	1.037545185824117	16.92577955156672	230.0	35	1.05	0.95				
	324	1	0.0	0.0	0.0	0.0	3	1.0220157455819936	11.455342870474453	230.0	36	1.05	0.95				
	325	1	0.0	0.0	0.0	0.0	3	1.0399633101330263	16.58574456401912	230.0	35	1.05	0.95				
];
