%% MATPOWER Case Format : Version 2
function mpc = RTS_GMLC
mpc.version = '2';

%%-----  Power Flow Data  -----%%
%% system MVA base
mpc.baseMVA = 100.0;
%% bus data
%    bus_i    type    Pd    Qd    Gs    Bs    area    Vm    Va    baseKV    zone    Vmax    Vmin
mpc.bus = [
	101	2	97.39238002105265	19.83918852280702	0.0	0.0	1	1.0483981174758905	-1.0387198934706618	138.0	11	1.05	0.95				
	102	2	87.47278575964913	18.035625929824565	0.0	0.0	1	1.048102454291884	-1.2279254984907024	138.0	12	1.05	0.95				
	103	1	162.32063336842108	33.36590797017544	0.0	0.0	1	1.019903679145167	-1.4651738988496574	138.0	11	1.05	0.95				
	104	1	66.73181594035088	13.526719447368421	0.0	0.0	1	1.0226090116524202	-4.74373160659711	138.0	11	1.05	0.95				
	105	1	64.02647205087719	12.624938150877195	0.0	0.0	1	1.036386953182093	-5.3377789124617765	138.0	11	1.05	0.95				
	106	1	122.64225632280703	25.24987630175439	0.0	-100.0	1	1.0345281834928606	-8.585082188043039	138.0	12	1.05	0.95				
	107	2	112.72266206140351	22.544532412280706	0.0	0.0	1	1.05	-6.765644163226609	138.0	12	1.05	0.95				
	108	1	154.2046017	31.562345377192987	0.0	0.0	1	1.0209475091166615	-9.227801950486542	138.0	12	1.05	0.95				
	109	1	157.81172688596493	32.46412667368421	0.0	0.0	1	1.0266255639495814	-5.083886574185041	138.0	13	1.05	0.95				
	110	1	175.8473528157895	36.07125185964913	0.0	0.0	1	1.05	-6.935090417737467	138.0	13	1.05	0.95				
	111	1	0.0	0.0	0.0	0.0	1	1.0198197424538749	-1.8845658512923982	230.0	13	1.05	0.95				
	112	1	0.0	0.0	0.0	0.0	1	1.0194333004254255	-1.3576098190117842	230.0	13	1.05	0.95				
	113	3	238.9720435701755	48.69619001052632	0.0	0.0	1	1.0228630401105114	3.362571163078232e-28	230.0	14	1.05	0.95				
	114	2	174.94557151929826	35.1694705631579	0.0	0.0	1	1.0287249104171692	0.561403548981313	230.0	16	1.05	0.95				
	115	2	285.8646709877193	57.7140029754386	0.0	0.0	1	1.0400484780179304	10.895082760185028	230.0	16	1.05	0.95				
	116	2	90.17812964912282	18.035625929824565	0.0	0.0	1	1.0407112517816717	9.59952968088654	230.0	16	1.05	0.95				
	117	1	0.0	0.0	0.0	0.0	1	1.0450701185490086	13.925101475137348	230.0	17	1.05	0.95				
	118	2	300.29317173157904	61.321128161403514	0.0	0.0	1	1.0499594343800014	14.715380623032877	230.0	17	1.05	0.95				
	119	1	163.2224146649123	33.36590797017544	0.0	0.0	1	1.0354742094559277	7.150488316710106	230.0	15	1.05	0.95				
	120	1	115.4280059508772	23.446313708771935	0.0	0.0	1	1.0392505980272155	6.295587861517979	230.0	15	1.05	0.95				
	121	2	0.0	0.0	0.0	0.0	1	1.05	17.099012184690867	230.0	17	1.05	0.95				
	122	2	0.0	0.0	0.0	0.0	1	1.05	25.493060303855145	230.0	17	1.05	0.95				
	123	2	0.0	0.0	0.0	0.0	1	1.043977969136171	6.49026232279902	230.0	15	1.05	0.95				
	124	1	0.0	0.0	0.0	0.0	1	1.0170016496249235	6.3046156900759875	230.0	16	1.05	0.95				
	201	2	87.77018732210527	17.879112232280704	0.0	0.0	2	1.0387072598376648	-12.555996652963628	138.0	21	1.05	0.95				
	202	2	78.83063120596492	16.25373839298246	0.0	0.0	2	1.0417633652769824	-12.660747927837262	138.0	22	1.05	0.95				
	203	1	146.28364553684213	30.06941602701755	0.0	0.0	2	1.0272454142118452	-9.671805554689177	138.0	21	1.05	0.95				
	204	1	60.1388320540351	12.190303794736842	0.0	0.0	2	1.0195480413080942	-13.819201925166238	138.0	21	1.05	0.95				
	205	1	57.70077129508772	11.377616875087721	0.0	0.0	2	1.0339963585283576	-14.239596707942855	138.0	21	1.05	0.95				
	206	1	110.52542107228072	22.755233750175442	0.0	-100.0	2	1.0371770168928816	-15.946129740770557	138.0	22	1.05	0.95				
	207	2	101.58586495614034	20.317172991228073	0.0	0.0	2	0.95	-27.422645630963622	138.0	22	1.05	0.95				
	208	1	138.96946326000003	28.444042187719297	0.0	0.0	2	0.9562639797802318	-23.58606677996338	138.0	22	1.05	0.95				
	209	1	142.22021093859652	29.25672910736842	0.0	0.0	2	1.0274563447265226	-11.492062380659904	138.0	23	1.05	0.95				
	210	1	158.47394933157898	32.50747678596492	0.0	0.0	2	1.05	-13.392031982290277	138.0	23	1.05	0.95				
	211	1	0.0	0.0	0.0	0.0	2	1.034403954662425	-7.428981006887936	230.0	23	1.05	0.95				
	212	1	0.0	0.0	0.0	0.0	2	1.027211487369264	-2.1038300403694086	230.0	23	1.05	0.95				
	213	2	215.36203370701753	43.885093661052636	0.0	0.0	2	1.05	-4.282521709482714	230.0	24	1.05	0.95				
	214	2	157.66126241192984	31.69478986631579	0.0	0.0	2	1.05	-5.400720300366771	230.0	26	1.05	0.95				
	215	2	257.62175352877193	52.01196285754387	0.0	0.0	2	1.047213049566691	2.1871616774068423	230.0	26	1.05	0.95				
	216	2	81.26869196491229	16.25373839298246	0.0	0.0	2	1.05	2.4728781267270508	230.0	26	1.05	0.95				
	217	1	0.0	0.0	0.0	0.0	2	1.05	4.819486932934852	230.0	27	1.05	0.95				
	218	2	270.6247442431579	55.26271053614036	0.0	0.0	2	1.0496604053561251	4.925718250002358	230.0	27	1.05	0.95				
	219	1	147.09633245649124	30.06941602701755	0.0	0.0	2	1.0432019695971984	3.4500793899300297	230.0	25	1.05	0.95				
	220	1	104.02392571508774	21.129859910877197	0.0	0.0	2	1.0452881268529117	5.823657153977556	230.0	25	1.05	0.95				
	221	2	0.0	0.0	0.0	0.0	2	1.05	4.863601976254278	230.0	27	1.05	0.95				
	222	2	0.0	0.0	0.0	0.0	2	1.05	11.35911110521623	230.0	27	1.05	0.95				
	223	2	0.0	0.0	0.0	0.0	2	1.05	7.713290432615448	230.0	25	1.05	0.95				
	224	1	0.0	0.0	0.0	0.0	2	1.024805873714178	-2.21752231040016	230.0	26	1.05	0.95				
	301	2	79.84688388631578	16.265105976842104	0.0	0.0	3	1.0035054430394554	19.967930421441523	138.0	31	1.05	0.95				
	302	2	71.71433089789471	14.786459978947367	0.0	0.0	3	1.0031072560983996	19.678120600382034	138.0	32	1.05	0.95				
	303	1	133.0781398105263	27.354950961052626	0.0	0.0	3	1.0443606329481563	31.598165948422746	138.0	31	1.05	0.95				
	304	1	54.70990192210525	11.089844984210524	0.0	0.0	3	1.0028006200419115	21.75031004385943	138.0	31	1.05	0.95				
	305	1	52.49193292526315	10.350521985263157	0.0	0.0	3	1.0162835164434019	20.761664439098656	138.0	31	1.05	0.95				
	306	1	100.54792785684211	20.701043970526314	0.0	-100.0	3	1.0298002114460065	20.399389919961692	138.0	32	1.05	0.95				
	307	2	92.41537486842104	18.483074973684207	0.0	0.0	3	0.9842204107103838	15.254182840480956	138.0	32	1.05	0.95				
	308	1	126.42423281999997	25.876304963157885	0.0	0.0	3	0.9920359705843435	18.70072326614894	138.0	32	1.05	0.95				
	309	1	129.38152481578948	26.615627962105258	0.0	0.0	3	1.0295355497601966	26.44667417019547	138.0	33	1.05	0.95				
	310	1	144.16798479473684	29.572919957894733	0.0	0.0	3	1.05	23.9297575093425	138.0	33	1.05	0.95				
	311	1	0.0	0.0	0.0	0.0	3	1.0219253218258537	30.715345514411336	230.0	33	1.05	0.95				
	312	1	0.0	0.0	0.0	0.0	3	1.0281879824732847	31.7430895161966	230.0	33	1.05	0.95				
	313	2	195.9205947210526	39.92344194315789	0.0	0.0	3	1.049999996183674	38.78086657935529	230.0	34	1.05	0.95				
	314	2	143.42866179578942	28.833596958947368	0.0	0.0	3	1.0229442843146557	28.988347569260117	230.0	36	1.05	0.95				
	315	2	234.36539066631576	47.31667193263157	0.0	0.0	3	1.0488331893818297	24.422550754418086	230.0	36	1.05	0.95				
	316	2	73.93229989473683	14.786459978947367	0.0	0.0	3	1.0440225361168878	25.43486379393837	230.0	36	1.05	0.95				
	317	1	0.0	0.0	0.0	0.0	3	1.05	25.232116112814918	230.0	37	1.05	0.95				
	318	2	246.19455864947363	50.273963928421054	0.0	0.0	3	1.0469935693536399	22.688695037304235	230.0	37	1.05	0.95				
	319	1	133.81746280947365	27.354950961052626	0.0	0.0	3	1.0433021059127012	26.938645438621172	230.0	35	1.05	0.95				
	320	1	94.63334386526314	19.222397972631576	0.0	0.0	3	1.0459897642317162	28.17199978175601	230.0	35	1.05	0.95				
	321	2	0.0	0.0	0.0	0.0	3	1.0482096602337105	23.890411362319245	230.0	37	1.05	0.95				
	322	2	0.0	0.0	0.0	0.0	3	1.05	28.76230852209349	230.0	37	1.05	0.95				
	323	2	0.0	0.0	0.0	0.0	3	1.0476232365949492	28.57044438864769	230.0	35	1.05	0.95				
	324	1	0.0	0.0	0.0	0.0	3	1.0471034786752782	29.08089689224264	230.0	36	1.05	0.95				
	325	1	0.0	0.0	0.0	0.0	3	1.049073088734733	27.603355810376907	230.0	35	1.05	0.95				
];

%% generator data
%    bus    Pg    Qg    Qmax    Qmin    Vg    mBase    status    Pmax    Pmin    Pc1    Pc2    Qc1min    Qc1max    Qc2min    Qc2max    ramp_agc    ramp_10    ramp_30    ramp_q    apf
