%% MATPOWER Case Format : Version 2
function mpc = RTS_GMLC
mpc.version = '2';

%%-----  Power Flow Data  -----%%
%% system MVA base
mpc.baseMVA = 100.0;
%% bus data
%    bus_i    type    Pd    Qd    Gs    Bs    area    Vm    Va    baseKV    zone    Vmax    Vmin
mpc.bus = [
	101	2	77.31271648421053	15.748886691228067	0.0	0.0	1	1.0332360703366072	-2.1382096271288744	138.0	11	1.05	0.95				
	102	2	69.43827313859649	14.317169719298246	0.0	0.0	1	1.0332531290876104	-2.178622693402017	138.0	12	1.05	0.95				
	103	1	128.8545274736842	26.48676398070175	0.0	0.0	1	1.0208349687868112	-3.2345708641753683	138.0	11	1.05	0.95				
	104	1	52.9735279614035	10.737877289473682	0.0	0.0	1	1.0170827032799739	-5.003671893335142	138.0	11	1.05	0.95				
	105	1	50.825952503508766	10.022018803508772	0.0	0.0	1	1.0321406101057498	-4.985511138907733	138.0	11	1.05	0.95				
	106	1	97.35675409122807	20.044037607017543	0.0	-100.0	1	1.0374119656559346	-7.230992522627277	138.0	12	1.05	0.95				
	107	2	89.48231074561403	17.896462149122804	0.0	0.0	1	1.046153097494648	-2.173549576399083	138.0	12	1.05	0.95				
	108	1	122.41180109999999	25.055047008771925	0.0	0.0	1	1.0240768281893347	-5.588591519961807	138.0	12	1.05	0.95				
	109	1	125.27523504385965	25.77090549473684	0.0	0.0	1	1.0266953534619758	-4.419653926508251	138.0	13	1.05	0.95				
	110	1	139.59240476315787	28.63433943859649	0.0	0.0	1	1.05	-5.613667643013447	138.0	13	1.05	0.95				
	111	1	0.0	0.0	0.0	0.0	1	1.0128558070782396	-1.80812959751536	230.0	13	1.05	0.95				
	112	1	0.0	0.0	0.0	0.0	1	1.0157100962799397	-0.689079498342623	230.0	13	1.05	0.95				
	113	3	189.70249878070175	38.65635824210526	0.0	0.0	1	1.0134869718712447	9.893002192199563e-30	230.0	14	1.05	0.95				
	114	2	138.87654627719297	27.918480952631576	0.0	0.0	1	1.0136515562532975	-0.12405741983144249	230.0	16	1.05	0.95				
	115	2	226.92714005087717	45.81494310175438	0.0	0.0	1	1.0437195380743038	6.743922504506968	230.0	16	1.05	0.95				
	116	2	71.58584859649122	14.317169719298246	0.0	0.0	1	1.0414799823195735	6.569193947398754	230.0	16	1.05	0.95				
	117	1	0.0	0.0	0.0	0.0	1	1.0464645731275177	9.159756596218319	230.0	17	1.05	0.95				
	118	2	238.3808758263158	48.678377045614035	0.0	0.0	1	1.048645883136074	9.617643940670504	230.0	17	1.05	0.95				
	119	1	129.57038595964912	26.48676398070175	0.0	0.0	1	1.0365606873651365	5.98713715661762	230.0	15	1.05	0.95				
	120	1	91.62988620350876	18.612320635087716	0.0	0.0	1	1.0385033343503396	6.838112154776287	230.0	15	1.05	0.95				
	121	2	0.0	0.0	0.0	0.0	1	1.05	10.09209309082121	230.0	17	1.05	0.95				
	122	2	0.0	0.0	0.0	0.0	1	1.05	16.237790486567604	230.0	17	1.05	0.95				
	123	2	0.0	0.0	0.0	0.0	1	1.0417096178844398	7.833913180065214	230.0	15	1.05	0.95				
	124	1	0.0	0.0	0.0	0.0	1	1.0226537827054425	3.0531844907712538	230.0	16	1.05	0.95				
	201	2	65.77239099789473	13.3980796477193	0.0	0.0	2	1.0323862796770864	-7.165682053240477	138.0	21	1.05	0.95				
	202	2	59.07335117403508	12.180072407017544	0.0	0.0	2	1.0324185264716554	-7.2435794065442884	138.0	22	1.05	0.95				
	203	1	109.62065166315789	22.533133952982457	0.0	0.0	2	1.029711947843386	-5.049053536473794	138.0	21	1.05	0.95				
	204	1	45.066267905964914	9.135054305263157	0.0	0.0	2	1.0183995976866196	-9.395833526147394	138.0	21	1.05	0.95				
	205	1	43.23925704491228	8.526050684912281	0.0	0.0	2	1.0333016724616098	-9.701348328734493	138.0	21	1.05	0.95				
	206	1	82.8244923677193	17.052101369824562	0.0	-100.0	2	1.0405100331182342	-11.700110140181838	138.0	22	1.05	0.95				
	207	2	76.12545254385965	15.22509050877193	0.0	0.0	2	0.9868632656052095	-20.85174416362418	138.0	22	1.05	0.95				
	208	1	104.13961908	21.315126712280698	0.0	0.0	2	0.987692207898385	-17.926072827727882	138.0	22	1.05	0.95				
	209	1	106.57563356140352	21.924130332631577	0.0	0.0	2	1.0255954933629203	-8.686246093533097	138.0	23	1.05	0.95				
	210	1	118.75570596842104	24.36014481403509	0.0	0.0	2	1.05	-10.347170336282414	138.0	23	1.05	0.95				
	211	1	0.0	0.0	0.0	0.0	2	1.0159308417310524	-5.167431739591671	230.0	23	1.05	0.95				
	212	1	0.0	0.0	0.0	0.0	2	1.0155135158385136	-4.302477008441979	230.0	23	1.05	0.95				
	213	2	161.38595939298247	32.886195498947366	0.0	0.0	2	1.0158368011423204	-3.643894900249576	230.0	24	1.05	0.95				
	214	2	118.14670234807016	23.751141193684212	0.0	0.0	2	1.0251144550743234	-2.1521076758245243	230.0	26	1.05	0.95				
	215	2	193.05414765122805	38.97623170245615	0.0	0.0	2	1.0440018679028336	5.834878375429511	230.0	26	1.05	0.95				
	216	2	60.90036203508772	12.180072407017544	0.0	0.0	2	1.04536284773563	5.76165930700118	230.0	26	1.05	0.95				
	217	1	0.0	0.0	0.0	0.0	2	1.0480340216035133	8.997983465868531	230.0	27	1.05	0.95				
	218	2	202.79820557684212	41.41224618385965	0.0	0.0	2	1.05	10.003812139480065	230.0	27	1.05	0.95				
	219	1	110.22965528350876	22.533133952982457	0.0	0.0	2	1.0434848843007711	5.0038969812773395	230.0	25	1.05	0.95				
	220	1	77.9524634049123	15.834094129122809	0.0	0.0	2	1.0467503086533831	5.488112765000832	230.0	25	1.05	0.95				
	221	2	0.0	0.0	0.0	0.0	2	1.05	10.325120901648443	230.0	27	1.05	0.95				
	222	2	0.0	0.0	0.0	0.0	2	1.05	16.316099987613736	230.0	27	1.05	0.95				
	223	2	0.0	0.0	0.0	0.0	2	1.049999810698078	6.197731483238549	230.0	25	1.05	0.95				
	224	1	0.0	0.0	0.0	0.0	2	1.0250278786017317	1.7722140389905838	230.0	26	1.05	0.95				
	301	2	59.70578930526317	12.16229041403509	0.0	0.0	3	1.0112364830051983	-20.25766712341671	138.0	31	1.05	0.95				
	302	2	53.62464409824561	11.056627649122808	0.0	0.0	3	1.010301924642677	-20.46937928753909	138.0	32	1.05	0.95				
	303	1	99.50964884210526	20.454761150877193	0.0	0.0	3	1.0317161172376696	-10.839470884069911	138.0	31	1.05	0.95				
	304	1	40.909522301754386	8.292470736842105	0.0	0.0	3	1.0089420197349641	-18.77338096322736	138.0	31	1.05	0.95				
	305	1	39.25102815438596	7.739639354385966	0.0	0.0	3	1.0233440919003278	-19.913325509255802	138.0	31	1.05	0.95				
	306	1	75.1850680140351	15.479278708771933	0.0	-100.0	3	1.0373632512431332	-20.346522463425483	138.0	32	1.05	0.95				
	307	2	69.10392280701755	13.82078456140351	0.0	0.0	3	0.9934811183132972	-26.132174366040662	138.0	32	1.05	0.95				
	308	1	94.5341664	19.349098385964915	0.0	0.0	3	0.9947494041545206	-23.74434373588732	138.0	32	1.05	0.95				
	309	1	96.74549192982457	19.901929768421052	0.0	0.0	3	1.0265059891127148	-15.127298330818913	138.0	33	1.05	0.95				
	310	1	107.80211957894737	22.113255298245615	0.0	0.0	3	1.05	-17.793855716416935	138.0	33	1.05	0.95				
	311	1	0.0	0.0	0.0	0.0	3	1.016529283645332	-10.704566673763225	230.0	33	1.05	0.95				
	312	1	0.0	0.0	0.0	0.0	3	1.0152382786069132	-10.588209874318126	230.0	33	1.05	0.95				
	313	2	146.5003163508772	29.852894652631583	0.0	0.0	3	1.0201286511557395	-7.58760063237877	230.0	34	1.05	0.95				
	314	2	107.24928819649122	21.560423915789475	0.0	0.0	3	1.0285539823144494	-7.703467030773933	230.0	36	1.05	0.95				
	315	2	175.2475482385965	35.381208477192985	0.0	0.0	3	1.0469302696792369	-0.19180532217187604	230.0	36	1.05	0.95				
	316	2	55.28313824561404	11.056627649122808	0.0	0.0	3	1.0455746733585676	-0.13199896458026758	230.0	36	1.05	0.95				
	317	1	0.0	0.0	0.0	0.0	3	1.05	4.3819849102531165	230.0	37	1.05	0.95				
	318	2	184.09285035789475	37.59253400701755	0.0	0.0	3	1.0466026546847158	3.6651905673687635	230.0	37	1.05	0.95				
	319	1	100.06248022456141	20.454761150877193	0.0	0.0	3	1.0387950801301682	-2.2845164791893287	230.0	35	1.05	0.95				
	320	1	70.76241695438597	14.37361594385965	0.0	0.0	3	1.0379502340061588	-3.118153952093224	230.0	35	1.05	0.95				
	321	2	0.0	0.0	0.0	0.0	3	1.0499999840612797	3.9056915534779764	230.0	37	1.05	0.95				
	322	2	0.0	0.0	0.0	0.0	3	1.05	8.440420594338816	230.0	37	1.05	0.95				
	323	2	0.0	0.0	0.0	0.0	3	1.0385258636365307	-3.163791814873608	230.0	35	1.05	0.95				
	324	1	0.0	0.0	0.0	0.0	3	1.027871465203556	-4.162422792545363	230.0	36	1.05	0.95				
	325	1	0.0	0.0	0.0	0.0	3	1.0359182552071153	-2.0556119619565285	230.0	35	1.05	0.95				
];
