%% MATPOWER Case Format : Version 2
function mpc = RTS_GMLC
mpc.version = '2';

%%-----  Power Flow Data  -----%%
%% system MVA base
mpc.baseMVA = 100.0;
%% bus data
%    bus_i    type    Pd    Qd    Gs    Bs    area    Vm    Va    baseKV    zone    Vmax    Vmin
mpc.bus = [
	101	2	76.47105391578948	15.57743690877193	0.0	0.0	1	1.0484862151652166	-0.1589611279049748	138.0	11	1.05	0.95				
	102	2	68.68233546140351	14.161306280701755	0.0	0.0	1	1.047780453613544	-0.4117162224753194	138.0	12	1.05	0.95				
	103	1	127.45175652631579	26.19841661929825	0.0	0.0	1	1.0280077889250379	-2.121967084215852	138.0	11	1.05	0.95				
	104	1	52.3968332385965	10.620979710526317	0.0	0.0	1	1.0257474014356511	-3.9213577730467803	138.0	11	1.05	0.95				
	105	1	50.272637296491226	9.91291439649123	0.0	0.0	1	1.039115525516619	-4.2497321034171165	138.0	11	1.05	0.95				
	106	1	96.29688270877195	19.82582879298246	0.0	-100.0	1	1.040332339179235	-7.23875522936108	138.0	12	1.05	0.95				
	107	2	88.50816425438597	17.701632850877193	0.0	0.0	1	1.0119683809839377	-11.236057261283412	138.0	12	1.05	0.95				
	108	1	121.0791687	24.782285991228072	0.0	0.0	1	1.0032502243258716	-11.079385995145275	138.0	12	1.05	0.95				
	109	1	123.91142995614035	25.49035130526316	0.0	0.0	1	1.0263462792235691	-4.941344189782274	138.0	13	1.05	0.95				
	110	1	138.0727362368421	28.32261256140351	0.0	0.0	1	1.05	-6.243186264947413	138.0	13	1.05	0.95				
	111	1	0.0	0.0	0.0	0.0	1	1.0129945878091577	-2.167644885112044	230.0	13	1.05	0.95				
	112	1	0.0	0.0	0.0	0.0	1	1.0159310036911322	-1.4142354350192026	230.0	13	1.05	0.95				
	113	3	187.63730821929826	38.23552695789474	0.0	0.0	1	1.014450801925066	6.99452321168019e-30	230.0	14	1.05	0.95				
	114	2	137.36467092280702	27.614547247368428	0.0	0.0	1	1.014150938193545	-0.586257846195965	230.0	16	1.05	0.95				
	115	2	224.4567045491228	45.31618009824562	0.0	0.0	1	1.043221648733524	6.463997431333935	230.0	16	1.05	0.95				
	116	2	70.80653140350877	14.161306280701755	0.0	0.0	1	1.0405167256057555	5.929809809604856	230.0	16	1.05	0.95				
	117	1	0.0	0.0	0.0	0.0	1	1.0450219871827335	8.49867885730324	230.0	17	1.05	0.95				
	118	2	235.78574957368423	48.14844135438597	0.0	0.0	1	1.0469100380008662	8.86106013296094	230.0	17	1.05	0.95				
	119	1	128.15982184035087	26.19841661929825	0.0	0.0	1	1.0344548475309256	4.805128033187962	230.0	15	1.05	0.95				
	120	1	90.63236019649123	18.40969816491228	0.0	0.0	1	1.0346021385496265	4.822143434815407	230.0	15	1.05	0.95				
	121	2	0.0	0.0	0.0	0.0	1	1.0499999702774658	10.468396590126067	230.0	17	1.05	0.95				
	122	2	0.0	0.0	0.0	0.0	1	1.05	16.20717093079304	230.0	17	1.05	0.95				
	123	2	0.0	0.0	0.0	0.0	1	1.0365341747841956	5.360415879751497	230.0	15	1.05	0.95				
	124	1	0.0	0.0	0.0	0.0	1	1.0266322021124812	3.267098649092732	230.0	16	1.05	0.95				
	201	2	74.03431448842106	15.081064062456143	0.0	0.0	2	1.0322934241850046	-11.937087909697848	138.0	21	1.05	0.95				
	202	2	66.49378245719298	13.710058238596492	0.0	0.0	2	1.0327852936362214	-11.91937749960938	138.0	22	1.05	0.95				
	203	1	123.39052414736844	25.36360774140351	0.0	0.0	2	1.0190882695304815	-10.438588795123936	138.0	21	1.05	0.95				
	204	1	50.72721548280702	10.282543678947368	0.0	0.0	2	1.0169656049278208	-13.33300522510821	138.0	21	1.05	0.95				
	205	1	48.67070674701755	9.597040767017544	0.0	0.0	2	1.032486968707621	-13.634297981284305	138.0	21	1.05	0.95				
	206	1	93.22839602245615	19.19408153403509	0.0	-100.0	2	1.0387318687358564	-15.216587290261833	138.0	22	1.05	0.95				
	207	2	85.68786399122807	17.137572798245614	0.0	0.0	2	0.9741926180296724	-25.358812538341464	138.0	22	1.05	0.95				
	208	1	117.22099794	23.99260191754386	0.0	0.0	2	0.9763752609242892	-21.99949697063948	138.0	22	1.05	0.95				
	209	1	119.9630095877193	24.678104829473686	0.0	0.0	2	1.025391942614583	-11.705013807270849	138.0	23	1.05	0.95				
	210	1	133.6730678263158	27.420116477192984	0.0	0.0	2	1.05	-13.185281829891032	138.0	23	1.05	0.95				
	211	1	0.0	0.0	0.0	0.0	2	1.0209437729021553	-8.099944203130821	230.0	23	1.05	0.95				
	212	1	0.0	0.0	0.0	0.0	2	1.0218131648872069	-3.8141170366579877	230.0	23	1.05	0.95				
	213	2	181.65827166140352	37.01715724421053	0.0	0.0	2	1.0260938905738863	-5.740816417496602	230.0	24	1.05	0.95				
	214	2	132.98756491438596	26.73461356526316	0.0	0.0	2	1.0304872413595	-5.875566426041121	230.0	26	1.05	0.95				
	215	2	217.30442308175438	43.872186363508774	0.0	0.0	2	1.0410779357031152	1.6020035776564	230.0	26	1.05	0.95				
	216	2	68.55029119298246	13.710058238596492	0.0	0.0	2	1.0425371029659583	1.4752723574433446	230.0	26	1.05	0.95				
	217	1	0.0	0.0	0.0	0.0	2	1.0448381452321325	4.075518553188401	230.0	27	1.05	0.95				
	218	2	228.27246967263162	46.614198011228076	0.0	0.0	2	1.045669178091284	4.375666468666789	230.0	27	1.05	0.95				
	219	1	124.07602705929826	25.36360774140351	0.0	0.0	2	1.040764605739078	1.215011358866949	230.0	25	1.05	0.95				
	220	1	87.74437272701755	17.82307571017544	0.0	0.0	2	1.0450524309679863	2.2781684241820788	230.0	25	1.05	0.95				
	221	2	0.0	0.0	0.0	0.0	2	1.045644640136054	4.209399045592513	230.0	27	1.05	0.95				
	222	2	0.0	0.0	0.0	0.0	2	1.05	10.664955518208625	230.0	27	1.05	0.95				
	223	2	0.0	0.0	0.0	0.0	2	1.0494706826453475	3.3586956653496163	230.0	25	1.05	0.95				
	224	1	0.0	0.0	0.0	0.0	2	1.017762418293708	-2.861405585348213	230.0	26	1.05	0.95				
	301	2	65.01866498526316	13.244542867368422	0.0	0.0	3	0.9978068889062234	-4.073051646415342	138.0	31	1.05	0.95				
	302	2	58.39639355157895	12.040493515789475	0.0	0.0	3	0.9976701288767875	-4.127172579528803	138.0	32	1.05	0.95				
	303	1	108.36444164210528	22.27491300421053	0.0	0.0	3	1.015101689716939	-0.4465200766977794	138.0	31	1.05	0.95				
	304	1	44.54982600842106	9.030370136842105	0.0	0.0	3	1.0018900816082297	-2.069717505699136	138.0	31	1.05	0.95				
	305	1	42.74375198105263	8.428345461052633	0.0	0.0	3	1.0146694659156166	-2.183801542805774	138.0	31	1.05	0.95				
	306	1	81.87535590736843	16.856690922105265	0.0	-100.0	3	1.0323279937530527	-1.8068501833287802	138.0	32	1.05	0.95				
	307	2	75.25308447368421	15.050616894736843	0.0	0.0	3	0.992246973102387	-6.4942727517460295	138.0	32	1.05	0.95				
	308	1	102.94621956	21.07086365263158	0.0	0.0	3	0.999169333023379	-3.7446369305583604	138.0	32	1.05	0.95				
	309	1	105.35431826315791	21.672888328421053	0.0	0.0	3	1.0266844126122292	2.0624311421704604	138.0	33	1.05	0.95				
	310	1	117.39481177894737	24.08098703157895	0.0	0.0	3	1.05	1.624701964150985	138.0	33	1.05	0.95				
	311	1	0.0	0.0	0.0	0.0	3	1.0164720526198332	8.14456134776427	230.0	33	1.05	0.95				
	312	1	0.0	0.0	0.0	0.0	3	1.0206940751429754	9.301596997945316	230.0	33	1.05	0.95				
	313	2	159.53653908421052	32.50933249263158	0.0	0.0	3	1.0393681112521294	15.78380384344628	230.0	34	1.05	0.95				
	314	2	116.7927871031579	23.478962355789477	0.0	0.0	3	1.018879424038401	7.622922856719899	230.0	36	1.05	0.95				
	315	2	190.84182222526317	38.52957925052632	0.0	0.0	3	1.0338614989865105	4.138552082185935	230.0	36	1.05	0.95				
	316	2	60.20246757894737	12.040493515789475	0.0	0.0	3	1.0349552130445432	5.553360703746161	230.0	36	1.05	0.95				
	317	1	0.0	0.0	0.0	0.0	3	1.0386525454128566	4.869518383193691	230.0	37	1.05	0.95				
	318	2	200.47421703789476	40.937677953684215	0.0	0.0	3	1.0371705792408816	3.958108649114195	230.0	37	1.05	0.95				
	319	1	108.96646631789476	22.27491300421053	0.0	0.0	3	1.034333214545683	7.766489624608078	230.0	35	1.05	0.95				
	320	1	77.05915850105264	15.652641570526319	0.0	0.0	3	1.0361411855566656	9.391218152547822	230.0	35	1.05	0.95				
	321	2	0.0	0.0	0.0	0.0	3	1.037852089654505	4.574025002375472	230.0	37	1.05	0.95				
	322	2	0.0	0.0	0.0	0.0	3	1.0499999951532462	9.001107592015995	230.0	37	1.05	0.95				
	323	2	0.0	0.0	0.0	0.0	3	1.0372606136665914	10.059334553369235	230.0	35	1.05	0.95				
	324	1	0.0	0.0	0.0	0.0	3	1.0222858880100076	4.288997274380366	230.0	36	1.05	0.95				
	325	1	0.0	0.0	0.0	0.0	3	1.0391251185931791	10.100175078564355	230.0	35	1.05	0.95				
];
