%% MATPOWER Case Format : Version 2
function mpc = RTS_GMLC
mpc.version = '2';

%%-----  Power Flow Data  -----%%
%% system MVA base
mpc.baseMVA = 100.0;
%% bus data
%    bus_i    type    Pd    Qd    Gs    Bs    area    Vm    Va    baseKV    zone    Vmax    Vmin
mpc.bus = [
	101	2	70.51261751999999	14.363681346666665	0.0	0.0	1	1.0321631867365757	0.1833139708861915	138.0	11	1.05	0.95				
	102	2	63.33077684666666	13.057892133333334	0.0	0.0	1	1.0321969790931078	0.13858769844907964	138.0	12	1.05	0.95				
	103	1	117.5210292	24.157100446666664	0.0	0.0	1	1.0226329734470545	-1.1094078973539865	138.0	11	1.05	0.95				
	104	1	48.31420089333333	9.7934191	0.0	0.0	1	1.017548746589524	-2.9798274189787493	138.0	11	1.05	0.95				
	105	1	46.35551707333333	9.140524493333334	0.0	0.0	1	1.0322742421977977	-2.9252336267614836	138.0	11	1.05	0.95				
	106	1	88.79366650666667	18.28104898666667	0.0	-100.0	1	1.038815346119568	-5.261620559859658	138.0	12	1.05	0.95				
	107	2	81.61182583333333	16.322365166666668	0.0	0.0	1	1.047323882865942	-1.381259621910335	138.0	12	1.05	0.95				
	108	1	111.64497774	22.851311233333334	0.0	0.0	1	1.0267382976418278	-4.269539069641975	138.0	12	1.05	0.95				
	109	1	114.25655616666666	23.504205839999997	0.0	0.0	1	1.026365470612564	-2.887639438227704	138.0	13	1.05	0.95				
	110	1	127.31444830000001	26.11578426666667	0.0	0.0	1	1.05	-4.01382643943234	138.0	13	1.05	0.95				
	111	1	0.0	0.0	0.0	0.0	1	1.0101510603845185	-0.7526737950862736	230.0	13	1.05	0.95				
	112	1	0.0	0.0	0.0	0.0	1	1.013998942586158	0.07416161311515256	230.0	13	1.05	0.95				
	113	3	173.01707076666665	35.256308759999996	0.0	0.0	1	1.0075899821276804	-4.46400778753948e-28	230.0	14	1.05	0.95				
	114	2	126.66155369333332	25.46288966	0.0	0.0	1	1.0096547898239234	1.370401351303548	230.0	16	1.05	0.95				
	115	2	206.96759031333332	41.785254826666666	0.0	0.0	1	1.04305090311842	8.597556111565346	230.0	16	1.05	0.95				
	116	2	65.28946066666667	13.057892133333334	0.0	0.0	1	1.0405304402041444	8.259363754399105	230.0	16	1.05	0.95				
	117	1	0.0	0.0	0.0	0.0	1	1.0459991660119852	11.047296865506935	230.0	17	1.05	0.95				
	118	2	217.41390402000002	44.396833253333334	0.0	0.0	1	1.0487173721211434	11.52196474084027	230.0	17	1.05	0.95				
	119	1	118.17392380666666	24.157100446666664	0.0	0.0	1	1.0352722522708362	7.2682414634404005	230.0	15	1.05	0.95				
	120	1	83.57050965333333	16.975259773333335	0.0	0.0	1	1.0362393944548316	7.647585772573103	230.0	15	1.05	0.95				
	121	2	0.0	0.0	0.0	0.0	1	1.05	11.872144961300652	230.0	17	1.05	0.95				
	122	2	0.0	0.0	0.0	0.0	1	1.05	18.78155870331128	230.0	17	1.05	0.95				
	123	2	0.0	0.0	0.0	0.0	1	1.0384443992038177	8.342532425809292	230.0	15	1.05	0.95				
	124	1	0.0	0.0	0.0	0.0	1	1.0232379772597255	4.999124219563278	230.0	16	1.05	0.95				
	201	2	75.05430506526316	15.288839920701754	0.0	0.0	2	1.035828820117915	-9.546848867064538	138.0	21	1.05	0.95				
	202	2	67.40988510491228	13.89894538245614	0.0	0.0	2	1.0359591456057664	-9.644726220406032	138.0	22	1.05	0.95				
	203	1	125.09050844210527	25.71304895754386	0.0	0.0	2	1.026713926213946	-6.320625018727715	138.0	21	1.05	0.95				
	204	1	51.42609791508772	10.424209036842106	0.0	0.0	2	1.018148829176531	-11.441909107297487	138.0	21	1.05	0.95				
	205	1	49.341256107719296	9.729261767719299	0.0	0.0	2	1.0339989698637633	-11.86522311797288	138.0	21	1.05	0.95				
	206	1	94.51282860070177	19.458523535438598	0.0	-100.0	2	1.0389997323664084	-13.822226235090907	138.0	22	1.05	0.95				
	207	2	86.86840864035088	17.373681728070174	0.0	0.0	2	0.9718930028892049	-24.182371766207744	138.0	22	1.05	0.95				
	208	1	118.83598302	24.32315441929824	0.0	0.0	2	0.9744746253444307	-20.76720723790643	138.0	22	1.05	0.95				
	209	1	121.61577209649124	25.01810168842105	0.0	0.0	2	1.0252718921861341	-10.099989306378829	138.0	23	1.05	0.95				
	210	1	135.51471747894738	27.79789076491228	0.0	0.0	2	1.05	-12.029877320845092	138.0	23	1.05	0.95				
	211	1	0.0	0.0	0.0	0.0	2	1.022852431947683	-5.7103917052030155	230.0	23	1.05	0.95				
	212	1	0.0	0.0	0.0	0.0	2	1.0195932802464542	-4.767501083110992	230.0	23	1.05	0.95				
	213	2	184.16102631754384	37.52715253263158	0.0	0.0	2	1.0309675155407434	-2.6655408946331756	230.0	24	1.05	0.95				
	214	2	134.81977020982455	27.10294349578947	0.0	0.0	2	1.0359041563195022	-3.1311700546592984	230.0	26	1.05	0.95				
	215	2	220.29828431192985	44.47662522385965	0.0	0.0	2	1.0431056826842633	4.7999940888612	230.0	26	1.05	0.95				
	216	2	69.4947269122807	13.89894538245614	0.0	0.0	2	1.0464245756214017	4.769771410906232	230.0	26	1.05	0.95				
	217	1	0.0	0.0	0.0	0.0	2	1.048029387203412	8.112048489328199	230.0	27	1.05	0.95				
	218	2	231.41744061789473	47.25641430035088	0.0	0.0	2	1.0499663674130677	8.928769716961847	230.0	27	1.05	0.95				
	219	1	125.78545571122808	25.71304895754386	0.0	0.0	2	1.0432315852771081	3.869265267901558	230.0	25	1.05	0.95				
	220	1	88.9532504477193	18.068628997192985	0.0	0.0	2	1.0463894946971635	4.388018243005238	230.0	25	1.05	0.95				
	221	2	0.0	0.0	0.0	0.0	2	1.05	9.27115480859347	230.0	27	1.05	0.95				
	222	2	0.0	0.0	0.0	0.0	2	1.05	15.328113270795118	230.0	27	1.05	0.95				
	223	2	0.0	0.0	0.0	0.0	2	1.05	5.178014398091096	230.0	25	1.05	0.95				
	224	1	0.0	0.0	0.0	0.0	2	1.0230569831130072	0.6570499764511656	230.0	26	1.05	0.95				
	301	2	66.16323947368421	13.477696929824562	0.0	0.0	3	1.0121612708593657	-20.057343359478676	138.0	31	1.05	0.95				
	302	2	59.42439100877193	12.252451754385966	0.0	0.0	3	1.011014118386222	-20.29331905734562	138.0	32	1.05	0.95				
	303	1	110.27206578947369	22.667035745614033	0.0	0.0	3	1.0405316638885689	-8.69730378867753	138.0	31	1.05	0.95				
	304	1	45.334071491228066	9.189338815789473	0.0	0.0	3	1.00961044111868	-18.03137714586325	138.0	31	1.05	0.95				
	305	1	43.49620372807017	8.576716228070175	0.0	0.0	3	1.023047106454292	-20.031457605876103	138.0	31	1.05	0.95				
	306	1	83.31667192982457	17.15343245614035	0.0	-100.0	3	1.0357791163546155	-20.68708714602926	138.0	32	1.05	0.95				
	307	2	76.57782346491227	15.315564692982456	0.0	0.0	3	0.9960710636625725	-24.957584251348216	138.0	32	1.05	0.95				
	308	1	104.75846250000001	21.44179057017544	0.0	0.0	3	0.9954939803154567	-23.01716392938113	138.0	32	1.05	0.95				
	309	1	107.2089528508772	22.054413157894736	0.0	0.0	3	1.0303722003279496	-13.703239998687563	138.0	33	1.05	0.95				
	310	1	119.46140460526316	24.504903508771932	0.0	0.0	3	1.05	-18.04010996458908	138.0	33	1.05	0.95				
	311	1	0.0	0.0	0.0	0.0	3	1.018707529561173	-11.08191844370429	230.0	33	1.05	0.95				
	312	1	0.0	0.0	0.0	0.0	3	1.0186314218386214	-10.653329484225821	230.0	33	1.05	0.95				
	313	2	162.34498574561403	33.08161973684211	0.0	0.0	3	1.0219960782100885	-8.076982016469307	230.0	34	1.05	0.95				
	314	2	118.84878201754385	23.89228092105263	0.0	0.0	3	1.0278200306968888	-8.917316440714123	230.0	36	1.05	0.95				
	315	2	194.20136030701752	39.20784561403509	0.0	0.0	3	1.0478212436655456	-2.268027636627398	230.0	36	1.05	0.95				
	316	2	61.26225877192982	12.252451754385966	0.0	0.0	3	1.0473228654441415	-2.1735339759223242	230.0	36	1.05	0.95				
	317	1	0.0	0.0	0.0	0.0	3	1.0497169046910033	0.6230815101389023	230.0	37	1.05	0.95				
	318	2	204.00332171052634	41.65833596491228	0.0	0.0	3	1.0487778221935005	0.5421181041468902	230.0	37	1.05	0.95				
	319	1	110.88468837719299	22.667035745614033	0.0	0.0	3	1.0410681453361383	-3.8467409339289134	230.0	35	1.05	0.95				
	320	1	78.41569122807017	15.928187280701756	0.0	0.0	3	1.040957091551383	-4.152921857000072	230.0	35	1.05	0.95				
	321	2	0.0	0.0	0.0	0.0	3	1.05	1.2761663658862599	230.0	37	1.05	0.95				
	322	2	0.0	0.0	0.0	0.0	3	1.05	6.796282753244378	230.0	37	1.05	0.95				
	323	2	0.0	0.0	0.0	0.0	3	1.0422188247900497	-3.8673407729304543	230.0	35	1.05	0.95				
	324	1	0.0	0.0	0.0	0.0	3	1.0363754626805317	-4.677734495323665	230.0	36	1.05	0.95				
	325	1	0.0	0.0	0.0	0.0	3	1.038004375363342	-2.565197305237281	230.0	35	1.05	0.95				
];
