%% MATPOWER Case Format : Version 2
function mpc = RTS_GMLC
mpc.version = '2';

%%-----  Power Flow Data  -----%%
%% system MVA base
mpc.baseMVA = 100.0;
%% bus data
%    bus_i    type    Pd    Qd    Gs    Bs    area    Vm    Va    baseKV    zone    Vmax    Vmin
mpc.bus = [
	101	2	87.67986146526316	17.860712520701753	0.0	0.0	1	1.0481016667776568	0.7629510825020255	138.0	11	1.05	0.95				
	102	2	78.74950520491227	16.23701138245614	0.0	0.0	1	1.0478920751888312	0.6113131339633038	138.0	12	1.05	0.95				
	103	1	146.13310244210524	30.03847105754386	0.0	0.0	1	1.0256143476677804	-1.1677616621277414	138.0	11	1.05	0.95				
	104	1	60.07694211508772	12.177758536842104	0.0	0.0	1	1.024401518819062	-3.1546603569543525	138.0	11	1.05	0.95				
	105	1	57.64139040771929	11.365907967719298	0.0	0.0	1	1.0373351005292808	-3.5932592130585275	138.0	11	1.05	0.95				
	106	1	110.41167740070175	22.731815935438597	0.0	-100.0	1	1.0370585186697825	-6.787521532710328	138.0	12	1.05	0.95				
	107	2	101.48132114035087	20.296264228070175	0.0	0.0	1	1.05	-4.889062196295442	138.0	12	1.05	0.95				
	108	1	138.82644731999997	28.414769919298244	0.0	0.0	1	1.0238932360767912	-7.346771474517256	138.0	12	1.05	0.95				
	109	1	142.07384959649121	29.22662048842105	0.0	0.0	1	1.0272815561830453	-4.0526013896638995	138.0	13	1.05	0.95				
	110	1	158.31086097894735	32.47402276491228	0.0	0.0	1	1.05	-5.531467554831818	138.0	13	1.05	0.95				
	111	1	0.0	0.0	0.0	0.0	1	1.0143682018940732	-1.5871689980863815	230.0	13	1.05	0.95				
	112	1	0.0	0.0	0.0	0.0	1	1.0170895370341997	-0.7673696376602835	230.0	13	1.05	0.95				
	113	3	215.14040081754385	43.83993073263158	0.0	0.0	1	1.0154493101166766	7.600837420833373e-28	230.0	14	1.05	0.95				
	114	2	157.49901040982454	31.662172195789474	0.0	0.0	1	1.0160019935620754	0.275757372096971	230.0	16	1.05	0.95				
	115	2	257.35663041192976	51.958436423859645	0.0	0.0	1	1.0448901551220027	8.391241134136354	230.0	16	1.05	0.95				
	116	2	81.1850569122807	16.23701138245614	0.0	0.0	1	1.043152736684824	7.819362057876072	230.0	16	1.05	0.95				
	117	1	0.0	0.0	0.0	0.0	1	1.0472088053987865	11.202188511217086	230.0	17	1.05	0.95				
	118	2	270.34623951789473	55.205838700350874	0.0	0.0	1	1.0497849939148214	12.03943655798432	230.0	17	1.05	0.95				
	119	1	146.94495301122805	30.03847105754386	0.0	0.0	1	1.036666310470251	6.463579848662276	230.0	15	1.05	0.95				
	120	1	103.91687284771929	21.108114797192982	0.0	0.0	1	1.0374921211085992	6.368928502936177	230.0	15	1.05	0.95				
	121	2	0.0	0.0	0.0	0.0	1	1.05	12.648209292886081	230.0	17	1.05	0.95				
	122	2	0.0	0.0	0.0	0.0	1	1.05	18.63577129922164	230.0	17	1.05	0.95				
	123	2	0.0	0.0	0.0	0.0	1	1.0402531318749584	6.917798314319053	230.0	15	1.05	0.95				
	124	1	0.0	0.0	0.0	0.0	1	1.0256569490101448	4.843840343403417	230.0	16	1.05	0.95				
	201	2	85.84920511578947	17.487801042105264	0.0	0.0	2	1.0325787650889242	-12.369706443034948	138.0	21	1.05	0.95				
	202	2	77.10530459473684	15.898000947368422	0.0	0.0	2	1.0352742564276227	-12.49272167694486	138.0	22	1.05	0.95				
	203	1	143.08200852631578	29.411301752631573	0.0	0.0	2	1.025209777335103	-8.891955063018806	138.0	21	1.05	0.95				
	204	1	58.822603505263146	11.923500710526316	0.0	0.0	2	1.0167629654712267	-13.853874837619358	138.0	21	1.05	0.95				
	205	1	56.43790336315789	11.128600663157895	0.0	0.0	2	1.0310490744315892	-14.321361939538093	138.0	21	1.05	0.95				
	206	1	108.10640644210527	22.25720132631579	0.0	-100.0	2	1.0360196130727342	-16.159878795680374	138.0	22	1.05	0.95				
	207	2	99.36250592105263	19.872501184210524	0.0	0.0	2	0.95	-27.876498128833216	138.0	22	1.05	0.95				
	208	1	135.9279081	27.821501657894732	0.0	0.0	2	0.956616542919483	-23.921675961243896	138.0	22	1.05	0.95				
	209	1	139.10750828947366	28.616401705263154	0.0	0.0	2	1.0270792112366354	-11.749683983783607	138.0	23	1.05	0.95				
	210	1	155.0055092368421	31.796001894736843	0.0	0.0	2	1.05	-13.785638994453178	138.0	23	1.05	0.95				
	211	1	0.0	0.0	0.0	0.0	2	1.0344013826058218	-7.768501258947967	230.0	23	1.05	0.95				
	212	1	0.0	0.0	0.0	0.0	2	1.0300801958462278	-3.261992663505275	230.0	23	1.05	0.95				
	213	2	210.6485125526316	42.92460255789474	0.0	0.0	2	1.0499999669431435	-5.158080692218465	230.0	24	1.05	0.95				
	214	2	154.21060918947367	31.001101847368425	0.0	0.0	2	1.05	-5.285901065609663	230.0	26	1.05	0.95				
	215	2	251.9833150157895	50.87360303157895	0.0	0.0	2	1.0449351848389794	3.383371472964885	230.0	26	1.05	0.95				
	216	2	79.4900047368421	15.898000947368422	0.0	0.0	2	1.049210528590908	3.129911952998084	230.0	26	1.05	0.95				
	217	1	0.0	0.0	0.0	0.0	2	1.0490813811731439	6.395864692573278	230.0	27	1.05	0.95				
	218	2	264.7017157736842	54.053203221052634	0.0	0.0	2	1.05	7.119461835728314	230.0	27	1.05	0.95				
	219	1	143.8769085736842	29.411301752631573	0.0	0.0	2	1.0438113672713627	2.3756222598069145	230.0	25	1.05	0.95				
	220	1	101.7472060631579	20.667401231578946	0.0	0.0	2	1.0462092463301709	3.203520681324142	230.0	25	1.05	0.95				
	221	2	0.0	0.0	0.0	0.0	2	1.05	7.597531234197126	230.0	27	1.05	0.95				
	222	2	0.0	0.0	0.0	0.0	2	1.05	13.637916932846323	230.0	27	1.05	0.95				
	223	2	0.0	0.0	0.0	0.0	2	1.05	4.234643711902646	230.0	25	1.05	0.95				
	224	1	0.0	0.0	0.0	0.0	2	1.022087748895091	-1.1776045635257186	230.0	26	1.05	0.95				
	301	2	85.68933881684211	17.455235684912278	0.0	0.0	3	0.9827634908967408	-17.028625380208084	138.0	31	1.05	0.95				
	302	2	76.96172097438595	15.868396077192982	0.0	0.0	3	0.9832614817186902	-17.23463908657174	138.0	32	1.05	0.95				
	303	1	142.81556469473685	29.356532742807012	0.0	0.0	3	1.0079721452779629	-7.680938754965516	138.0	31	1.05	0.95				
	304	1	58.713065485614024	11.901297057894736	0.0	0.0	3	0.9746874991692739	-14.222504913027803	138.0	31	1.05	0.95				
	305	1	56.33280607403508	11.107877254035088	0.0	0.0	3	0.9868419145733259	-15.263970974866139	138.0	31	1.05	0.95				
	306	1	107.90509332491227	22.215754508070177	0.0	-100.0	3	0.995689983071759	-15.169033657772546	138.0	32	1.05	0.95				
	307	2	99.17747548245613	19.835495096491226	0.0	0.0	3	0.95	-20.840702048397	138.0	32	1.05	0.95				
	308	1	135.67478645999998	27.769693135087714	0.0	0.0	3	0.9550302282541338	-17.165229860362395	138.0	32	1.05	0.95				
	309	1	138.84846567543858	28.563112938947366	0.0	0.0	3	0.9998556739067327	-8.34003113186803	138.0	33	1.05	0.95				
	310	1	154.71686175263156	31.736792154385963	0.0	0.0	3	1.015735436539987	-10.773913657460625	138.0	33	1.05	0.95				
	311	1	0.0	0.0	0.0	0.0	3	0.9967793107125443	-1.530758809420763	230.0	33	1.05	0.95				
	312	1	0.0	0.0	0.0	0.0	3	0.9982480424971791	0.24478943747631626	230.0	33	1.05	0.95				
	313	2	210.256248022807	42.844669408421055	0.0	0.0	3	1.028738147691048	7.2306286915092555	230.0	34	1.05	0.95				
	314	2	153.9234419487719	30.943372350526317	0.0	0.0	3	1.0103459165199626	-1.5539588668797728	230.0	36	1.05	0.95				
	315	2	251.51407782350876	50.77886744701754	0.0	0.0	3	1.045185088635785	-0.4092308836532964	230.0	36	1.05	0.95				
	316	2	79.3419803859649	15.868396077192982	0.0	0.0	3	1.0409552643905597	0.8981851111334135	230.0	36	1.05	0.95				
	317	1	0.0	0.0	0.0	0.0	3	1.0453212992409022	1.6584456965080474	230.0	37	1.05	0.95				
	318	2	264.2087946852632	53.952546662456136	0.0	0.0	3	1.0448856011933927	1.2025367004526686	230.0	37	1.05	0.95				
	319	1	143.6089844985965	29.356532742807012	0.0	0.0	3	1.0356499789873646	2.4829024619467446	230.0	35	1.05	0.95				
	320	1	101.55773489403508	20.628914900350875	0.0	0.0	3	1.0353015301529365	3.9589759549670998	230.0	35	1.05	0.95				
	321	2	0.0	0.0	0.0	0.0	3	1.0482768355482908	2.1989798265201235	230.0	37	1.05	0.95				
	322	2	0.0	0.0	0.0	0.0	3	1.05	6.492239077579233	230.0	37	1.05	0.95				
	323	2	0.0	0.0	0.0	0.0	3	1.0358822729949693	4.615551077414644	230.0	35	1.05	0.95				
	324	1	0.0	0.0	0.0	0.0	3	1.0220698459354494	-2.808122835766762	230.0	36	1.05	0.95				
	325	1	0.0	0.0	0.0	0.0	3	1.035750058318955	5.298063469435804	230.0	35	1.05	0.95				
];
