%% MATPOWER Case Format : Version 2
function mpc = RTS_GMLC
mpc.version = '2';

%%-----  Power Flow Data  -----%%
%% system MVA base
mpc.baseMVA = 100.0;
%% bus data
%    bus_i    type    Pd    Qd    Gs    Bs    area    Vm    Va    baseKV    zone    Vmax    Vmin
mpc.bus = [
	101	2	65.15536861894738	13.272389903859649	0.0	0.0	1	1.0316252137167166	1.3188017624483441	138.0	11	1.05	0.95				
	102	2	58.51917366701754	12.065809003508772	0.0	0.0	1	1.0316909594859578	1.2839022003916627	138.0	12	1.05	0.95				
	103	1	108.59228103157893	22.32174665649123	0.0	0.0	1	1.0237018539448022	-0.5510558666022589	138.0	11	1.05	0.95				
	104	1	44.64349331298246	9.049356752631578	0.0	0.0	1	1.0181314449225527	-2.0236979760506415	138.0	11	1.05	0.95				
	105	1	42.833621962456135	8.446066302456142	0.0	0.0	1	1.0325730846178367	-1.9030851195206433	138.0	11	1.05	0.95				
	106	1	82.04750122385965	16.892132604912284	0.0	-100.0	1	1.0400313876595895	-4.258410286887996	138.0	12	1.05	0.95				
	107	2	75.41130627192982	15.082261254385966	0.0	0.0	1	1.0481560362350744	-0.9245213555528264	138.0	12	1.05	0.95				
	108	1	103.16266698000001	21.11516575614035	0.0	0.0	1	1.028715223476479	-3.563708418968868	138.0	12	1.05	0.95				
	109	1	105.57582878070176	21.71845620631579	0.0	0.0	1	1.0262569421545908	-2.2855085044814816	138.0	13	1.05	0.95				
	110	1	117.64163778421053	24.131618007017543	0.0	0.0	1	1.05	-3.2613255588871417	138.0	13	1.05	0.95				
	111	1	0.0	0.0	0.0	0.0	1	1.0077542839469256	-0.48442964125555077	230.0	13	1.05	0.95				
	112	1	0.0	0.0	0.0	0.0	1	1.012796530326409	0.2722592617356217	230.0	13	1.05	0.95				
	113	3	159.87196929649122	32.57768430947369	0.0	0.0	1	1.0037713473280971	2.9025562247464855e-30	230.0	14	1.05	0.95				
	114	2	117.03834733403508	23.528327556842104	0.0	0.0	1	1.0049700327839557	1.484678886873034	230.0	16	1.05	0.95				
	115	2	191.24307270561403	38.61058881122807	0.0	0.0	1	1.0416028738087246	8.117928214772267	230.0	16	1.05	0.95				
	116	2	60.32904501754386	12.065809003508772	0.0	0.0	1	1.0385378225660045	7.833547038795701	230.0	16	1.05	0.95				
	117	1	0.0	0.0	0.0	0.0	1	1.0453702822737683	10.315257272194806	230.0	17	1.05	0.95				
	118	2	200.89571990842106	41.02375061192983	0.0	0.0	1	1.048266825736142	10.736194057321	230.0	17	1.05	0.95				
	119	1	109.19557148175438	22.32174665649123	0.0	0.0	1	1.0331817698721197	6.8993508459868105	230.0	15	1.05	0.95				
	120	1	77.22117762245614	15.685551704561403	0.0	0.0	1	1.033486285820567	7.239609593261251	230.0	15	1.05	0.95				
	121	2	0.0	0.0	0.0	0.0	1	1.05	10.921774153412407	230.0	17	1.05	0.95				
	122	2	0.0	0.0	0.0	0.0	1	1.05	17.194990516114178	230.0	17	1.05	0.95				
	123	2	0.0	0.0	0.0	0.0	1	1.0350902224557992	7.879993608254912	230.0	15	1.05	0.95				
	124	1	0.0	0.0	0.0	0.0	1	1.023931524191496	4.899203139801637	230.0	16	1.05	0.95				
	201	2	75.68329922526317	15.416968360701755	0.0	0.0	2	1.0359505722819173	-10.746466590986092	138.0	21	1.05	0.95				
	202	2	67.97481504491229	14.015425782456143	0.0	0.0	2	1.0360854879665395	-10.856722217900984	138.0	22	1.05	0.95				
	203	1	126.13883204210528	25.928537697543863	0.0	0.0	2	1.025707858909154	-7.070492945731345	138.0	21	1.05	0.95				
	204	1	51.857075395087726	10.511569336842106	0.0	0.0	2	1.017831410752126	-12.660896334003626	138.0	21	1.05	0.95				
	205	1	49.754761527719296	9.8107980477193	0.0	0.0	2	1.033959220681708	-13.123351590578336	138.0	21	1.05	0.95				
	206	1	95.30489532070176	19.6215960954386	0.0	-100.0	2	1.0388338674126738	-15.119859642801337	138.0	22	1.05	0.95				
	207	2	87.59641114035088	17.519282228070175	0.0	0.0	2	0.9702708681621316	-25.56280782620647	138.0	22	1.05	0.95				
	208	1	119.83189044	24.526995119298245	0.0	0.0	2	0.9731014660572932	-22.1115391020996	138.0	22	1.05	0.95				
	209	1	122.63497559649123	25.227766408421054	0.0	0.0	2	1.024814420263333	-11.300165614019843	138.0	23	1.05	0.95				
	210	1	136.65040137894738	28.030851564912286	0.0	0.0	2	1.05	-13.32972371760751	138.0	23	1.05	0.95				
	211	1	0.0	0.0	0.0	0.0	2	1.0235141013980464	-6.930724362413668	230.0	23	1.05	0.95				
	212	1	0.0	0.0	0.0	0.0	2	1.020281067793321	-6.119224378468617	230.0	23	1.05	0.95				
	213	2	185.70439161754388	37.841649612631585	0.0	0.0	2	1.0320056817795793	-3.9151844647154244	230.0	24	1.05	0.95				
	214	2	135.94963008982458	27.330080275789477	0.0	0.0	2	1.0372464832057553	-4.308188669500391	230.0	26	1.05	0.95				
	215	2	222.14449865192984	44.84936250385965	0.0	0.0	2	1.0427069172383912	3.9110649261466035	230.0	26	1.05	0.95				
	216	2	70.0771289122807	14.015425782456143	0.0	0.0	2	1.0463824741293046	3.6995703734969725	230.0	26	1.05	0.95				
	217	1	0.0	0.0	0.0	0.0	2	1.0474607573356238	7.193584838319248	230.0	27	1.05	0.95				
	218	2	233.35683927789478	47.65244766035088	0.0	0.0	2	1.049697068286225	8.006605517357238	230.0	27	1.05	0.95				
	219	1	126.83960333122808	25.928537697543863	0.0	0.0	2	1.0431273079210905	2.4783750458503286	230.0	25	1.05	0.95				
	220	1	89.6987250077193	18.220053517192987	0.0	0.0	2	1.0463873728794322	2.729460844281642	230.0	25	1.05	0.95				
	221	2	0.0	0.0	0.0	0.0	2	1.05	8.358806871208486	230.0	27	1.05	0.95				
	222	2	0.0	0.0	0.0	0.0	2	1.05	14.413284056514296	230.0	27	1.05	0.95				
	223	2	0.0	0.0	0.0	0.0	2	1.05	3.377098433009202	230.0	25	1.05	0.95				
	224	1	0.0	0.0	0.0	0.0	2	1.0226146105449825	-0.17736054168251103	230.0	26	1.05	0.95				
	301	2	54.409996837894745	11.083517874385965	0.0	0.0	3	1.00697161136192	-25.126446807810538	138.0	31	1.05	0.95				
	302	2	48.86823790070176	10.075925340350878	0.0	0.0	3	1.0064139824979876	-25.253883955415063	138.0	32	1.05	0.95				
	303	1	90.6833280631579	18.640461879649123	0.0	0.0	3	1.0227329352645647	-18.762789238436962	138.0	31	1.05	0.95				
	304	1	37.28092375929825	7.5569440052631585	0.0	0.0	3	1.0082987863247808	-23.55922997311173	138.0	31	1.05	0.95				
	305	1	35.769534958245615	7.053147738245615	0.0	0.0	3	1.0217094786475274	-24.38600955456567	138.0	31	1.05	0.95				
	306	1	68.51629231438598	14.10629547649123	0.0	-100.0	3	1.0378109155419766	-24.55210190036013	138.0	32	1.05	0.95				
	307	2	62.974533377192984	12.594906675438597	0.0	0.0	3	0.9951824309651525	-28.8172949401762	138.0	32	1.05	0.95				
	308	1	86.14916165999999	17.632869345614036	0.0	0.0	3	0.9985804078351733	-27.10058873696754	138.0	32	1.05	0.95				
	309	1	88.16434672807017	18.136665612631578	0.0	0.0	3	1.0265767413342606	-20.116597126266463	138.0	33	1.05	0.95				
	310	1	98.24027206842105	20.151850680701756	0.0	0.0	3	1.05	-22.027120859537415	138.0	33	1.05	0.95				
	311	1	0.0	0.0	0.0	0.0	3	1.0134902786071227	-15.450882678151672	230.0	33	1.05	0.95				
	312	1	0.0	0.0	0.0	0.0	3	1.0144340466082737	-14.969646200078728	230.0	33	1.05	0.95				
	313	2	133.50601075964912	27.204998418947373	0.0	0.0	3	1.0175485769808859	-11.879622472776978	230.0	34	1.05	0.95				
	314	2	97.73647580140351	19.648054413684214	0.0	0.0	3	1.02144351341977	-12.939185511262005	230.0	36	1.05	0.95				
	315	2	159.7034166445614	32.24296108912281	0.0	0.0	3	1.0457524003059424	-6.759512371917574	230.0	36	1.05	0.95				
	316	2	50.37962670175439	10.075925340350878	0.0	0.0	3	1.0446999648923754	-6.403589361694104	230.0	36	1.05	0.95				
	317	1	0.0	0.0	0.0	0.0	3	1.047530504501109	-4.092229039247092	230.0	37	1.05	0.95				
	318	2	167.76415691684213	34.25814615719299	0.0	0.0	3	1.0482658667451508	-3.7038292236652737	230.0	37	1.05	0.95				
	319	1	91.18712433017544	18.640461879649123	0.0	0.0	3	1.0406350849859998	-7.538714168430511	230.0	35	1.05	0.95				
	320	1	64.48592217824562	13.098702942456143	0.0	0.0	3	1.0409132033976742	-7.574199812276331	230.0	35	1.05	0.95				
	321	2	0.0	0.0	0.0	0.0	3	1.05	-3.0766954691444988	230.0	37	1.05	0.95				
	322	2	0.0	0.0	0.0	0.0	3	1.05	2.299970494334542	230.0	37	1.05	0.95				
	323	2	0.0	0.0	0.0	0.0	3	1.0419190564312892	-7.2183744547678765	230.0	35	1.05	0.95				
	324	1	0.0	0.0	0.0	0.0	3	1.0220357909081987	-11.205074021309919	230.0	36	1.05	0.95				
	325	1	0.0	0.0	0.0	0.0	3	1.0363381412785555	-5.725447672979282	230.0	35	1.05	0.95				
];
