%% MATPOWER Case Format : Version 2
function mpc = RTS_GMLC
mpc.version = '2';

%%-----  Power Flow Data  -----%%
%% system MVA base
mpc.baseMVA = 100.0;
%% bus data
%    bus_i    type    Pd    Qd    Gs    Bs    area    Vm    Va    baseKV    zone    Vmax    Vmin
mpc.bus = [
	101	2	65.3691241894737	13.315932705263158	0.0	0.0	1	1.0338428982805012	-1.573022532919597	138.0	11	1.05	0.95				
	102	2	58.71115783684211	12.105393368421053	0.0	0.0	1	1.0335397414559697	-1.687058487447475	138.0	12	1.05	0.95				
	103	1	108.94854031578949	22.39497773157895	0.0	0.0	1	1.0225146097634732	-2.9192978588490206	138.0	11	1.05	0.95				
	104	1	44.7899554631579	9.07904502631579	0.0	0.0	1	1.0187840560917545	-4.53384324219996	138.0	11	1.05	0.95				
	105	1	42.97414645789473	8.47377535789474	0.0	0.0	1	1.0339188341712284	-4.43642902011924	138.0	11	1.05	0.95				
	106	1	82.31667490526317	16.94755071578948	0.0	-100.0	1	1.0407034664790185	-6.620450413033959	138.0	12	1.05	0.95				
	107	2	75.65870855263158	15.131741710526317	0.0	0.0	1	1.0256278378595882	-6.262859863302135	138.0	12	1.05	0.95				
	108	1	103.5011133	21.184438394736844	0.0	0.0	1	1.0153950130693234	-7.601157873304528	138.0	12	1.05	0.95				
	109	1	105.92219197368422	21.789708063157896	0.0	0.0	1	1.0256107878279528	-4.414608121300754	138.0	13	1.05	0.95				
	110	1	118.02758534210527	24.210786736842106	0.0	0.0	1	1.05	-5.432573533989697	138.0	13	1.05	0.95				
	111	1	0.0	0.0	0.0	0.0	1	1.0084380100445711	-1.8537265514904762	230.0	13	1.05	0.95				
	112	1	0.0	0.0	0.0	0.0	1	1.0124693923761552	-1.106748205391071	230.0	13	1.05	0.95				
	113	3	160.39646213157894	32.68456209473685	0.0	0.0	1	1.0070638128117146	4.829721430376657e-29	230.0	14	1.05	0.95				
	114	2	117.42231567368422	23.605517068421054	0.0	0.0	1	1.0066644014808468	-0.30836596590413834	230.0	16	1.05	0.95				
	115	2	191.8704848894737	38.73725877894737	0.0	0.0	1	1.0376220106287817	5.847545995182825	230.0	16	1.05	0.95				
	116	2	60.52696684210527	12.105393368421053	0.0	0.0	1	1.034764433732698	5.520810316718628	230.0	16	1.05	0.95				
	117	1	0.0	0.0	0.0	0.0	1	1.040119753804722	7.750264350599825	230.0	17	1.05	0.95				
	118	2	201.55479958421054	41.158337452631585	0.0	0.0	1	1.041973634201696	7.761133103573209	230.0	17	1.05	0.95				
	119	1	109.55380998421053	22.39497773157895	0.0	0.0	1	1.029102579682376	4.568085174110075	230.0	15	1.05	0.95				
	120	1	77.47451755789474	15.737011378947372	0.0	0.0	1	1.0292058349869833	4.90473255564018	230.0	15	1.05	0.95				
	121	2	0.0	0.0	0.0	0.0	1	1.0453392521552207	9.161975716382651	230.0	17	1.05	0.95				
	122	2	0.0	0.0	0.0	0.0	1	1.05	16.684990574700606	230.0	17	1.05	0.95				
	123	2	0.0	0.0	0.0	0.0	1	1.0307253918092742	5.548434973048089	230.0	15	1.05	0.95				
	124	1	0.0	0.0	0.0	0.0	1	1.0209319619307264	2.5826508140102336	230.0	16	1.05	0.95				
	201	2	59.09145286736843	12.03714780631579	0.0	0.0	2	1.0329528313824157	-9.525312976712975	138.0	21	1.05	0.95				
	202	2	53.072878964210524	10.942861642105264	0.0	0.0	2	1.0331793138915306	-9.56289203760262	138.0	22	1.05	0.95				
	203	1	98.48575477894738	20.24429403789474	0.0	0.0	2	1.023858054247832	-8.186114284713977	138.0	21	1.05	0.95				
	204	1	40.48858807578948	8.207146231578948	0.0	0.0	2	1.0190546245975498	-11.803897937363294	138.0	21	1.05	0.95				
	205	1	38.847158829473685	7.660003149473685	0.0	0.0	2	1.0344351149988031	-12.028516067804437	138.0	21	1.05	0.95				
	206	1	74.4114591663158	15.32000629894737	0.0	-100.0	2	1.0424777683629496	-13.95138131818291	138.0	22	1.05	0.95				
	207	2	68.3928852631579	13.67857705263158	0.0	0.0	2	0.988911691588411	-22.205188224978514	138.0	22	1.05	0.95				
	208	1	93.56146704	19.15000787368421	0.0	0.0	2	0.9914854951901722	-19.622413291639113	138.0	22	1.05	0.95				
	209	1	95.75003936842106	19.697150955789475	0.0	0.0	2	1.0239839372674544	-11.416976119572812	138.0	23	1.05	0.95				
	210	1	106.69290101052631	21.885723284210528	0.0	0.0	2	1.05	-12.838221495527552	138.0	23	1.05	0.95				
	211	1	0.0	0.0	0.0	0.0	2	1.011640697966612	-8.344986821339559	230.0	23	1.05	0.95				
	212	1	0.0	0.0	0.0	0.0	2	1.0120959158592344	-7.545641282940137	230.0	23	1.05	0.95				
	213	2	144.99291675789473	29.545726433684216	0.0	0.0	2	1.0090267470896945	-7.201015798562832	230.0	24	1.05	0.95				
	214	2	106.14575792842105	21.338580202105266	0.0	0.0	2	1.0174672361743884	-5.5156022320274465	230.0	26	1.05	0.95				
	215	2	173.44435702736843	35.017157254736844	0.0	0.0	2	1.034060239879563	1.9202662575811298	230.0	26	1.05	0.95				
	216	2	54.71430821052632	10.942861642105264	0.0	0.0	2	1.0356659420230945	1.8071570379092181	230.0	26	1.05	0.95				
	217	1	0.0	0.0	0.0	0.0	2	1.039870808810978	4.6407875582751705	230.0	27	1.05	0.95				
	218	2	182.19864634105264	37.2057295831579	0.0	0.0	2	1.0414164566893351	5.1261755927648975	230.0	27	1.05	0.95				
	219	1	99.03289786105263	20.24429403789474	0.0	0.0	2	1.0342281034697371	1.1437113851568146	230.0	25	1.05	0.95				
	220	1	70.03431450947369	14.225720134736845	0.0	0.0	2	1.037214826118189	1.6139597661960057	230.0	25	1.05	0.95				
	221	2	0.0	0.0	0.0	0.0	2	1.041126042292094	4.81300412678847	230.0	27	1.05	0.95				
	222	2	0.0	0.0	0.0	0.0	2	1.05	11.248760960354254	230.0	27	1.05	0.95				
	223	2	0.0	0.0	0.0	0.0	2	1.0400510816878847	2.2793878317568637	230.0	25	1.05	0.95				
	224	1	0.0	0.0	0.0	0.0	2	1.0176999609868398	-1.8657110091816007	230.0	26	1.05	0.95				
	301	2	44.860487191578954	9.138247390877194	0.0	0.0	3	1.0137535897274548	-5.461639072099363	138.0	31	1.05	0.95				
	302	2	40.291363496140356	8.307497628070177	0.0	0.0	3	1.013084447006952	-5.781138451954535	138.0	32	1.05	0.95				
	303	1	74.7674786526316	15.368870611929825	0.0	0.0	3	1.0484794879234478	6.682247555969736	138.0	31	1.05	0.95				
	304	1	30.73774122385965	6.230623221052632	0.0	0.0	3	1.012126871135105	-4.873315933299875	138.0	31	1.05	0.95				
	305	1	29.491616579649122	5.815248339649124	0.0	0.0	3	1.0268442939618336	-6.425506894969064	138.0	31	1.05	0.95				
	306	1	56.4909838708772	11.630496679298249	0.0	-100.0	3	1.0419887333447333	-7.475192964656961	138.0	32	1.05	0.95				
	307	2	51.9218601754386	10.38437203508772	0.0	0.0	3	0.9891812811687827	-11.652668130722654	138.0	32	1.05	0.95				
	308	1	71.02910472	14.538120849122807	0.0	0.0	3	0.9971501859196259	-9.798219389029212	138.0	32	1.05	0.95				
	309	1	72.69060424561404	14.953495730526317	0.0	0.0	3	1.0237252033685784	-2.4148622347972344	138.0	33	1.05	0.95				
	310	1	80.99810187368422	16.614995256140354	0.0	0.0	3	1.05	-6.052917232149281	138.0	33	1.05	0.95				
	311	1	0.0	0.0	0.0	0.0	3	1.0073010674532499	-1.9680579732035965	230.0	33	1.05	0.95				
	312	1	0.0	0.0	0.0	0.0	3	1.0125500269600278	-1.3912626748975447	230.0	33	1.05	0.95				
	313	2	110.07434357192982	22.430243595789477	0.0	0.0	3	1.0097121033379743	0.7598192479702932	230.0	34	1.05	0.95				
	314	2	80.58272699228071	16.199620374736845	0.0	0.0	3	1.0007611160383145	-1.9799485652927356	230.0	36	1.05	0.95				
	315	2	131.6738374049123	26.583992409824564	0.0	0.0	3	1.03842827596379	0.8852208787109882	230.0	36	1.05	0.95				
	316	2	41.53748814035088	8.307497628070177	0.0	0.0	3	1.0305967076472544	0.46820711315612007	230.0	36	1.05	0.95				
	317	1	0.0	0.0	0.0	0.0	3	1.0376360885759102	1.6117892889667356	230.0	37	1.05	0.95				
	318	2	138.31983550736845	28.2454919354386	0.0	0.0	3	1.038050438967891	1.491763470049194	230.0	37	1.05	0.95				
	319	1	75.1828535340351	15.368870611929825	0.0	0.0	3	1.0231325967298712	0.03256968063980916	230.0	35	1.05	0.95				
	320	1	53.16798481964913	10.799746916491229	0.0	0.0	3	1.0193799839584614	0.4683112324430584	230.0	35	1.05	0.95				
	321	2	0.0	0.0	0.0	0.0	3	1.040680975467261	2.2349011841354414	230.0	37	1.05	0.95				
	322	2	0.0	0.0	0.0	0.0	3	1.05	6.305374957065657	230.0	37	1.05	0.95				
	323	2	0.0	0.0	0.0	0.0	3	1.0179285335758976	1.0359181992515154	230.0	35	1.05	0.95				
	324	1	0.0	0.0	0.0	0.0	3	1.039636734491723	3.104332563000373	230.0	36	1.05	0.95				
	325	1	0.0	0.0	0.0	0.0	3	1.0188742877882448	1.7416287438540337	230.0	35	1.05	0.95				
];
