%% MATPOWER Case Format : Version 2
function mpc = RTS_GMLC
mpc.version = '2';

%%-----  Power Flow Data  -----%%
%% system MVA base
mpc.baseMVA = 100.0;
%% bus data
%    bus_i    type    Pd    Qd    Gs    Bs    area    Vm    Va    baseKV    zone    Vmax    Vmin
mpc.bus = [
	101	2	78.07422069473685	15.904007919298246	0.0	0.0	1	1.030214475451591	-1.994746384142219	138.0	11	1.05	0.95				
	102	2	70.12221673508773	14.458189017543862	0.0	0.0	1	1.030233316217457	-2.0621785080246937	138.0	12	1.05	0.95				
	103	1	130.12370115789474	26.747649682456142	0.0	0.0	1	1.0201150397100591	-2.231709067263983	138.0	11	1.05	0.95				
	104	1	53.495299364912285	10.843641763157894	0.0	0.0	1	1.015471152840638	-4.969651147193487	138.0	11	1.05	0.95				
	105	1	51.32657101228071	10.120732312280703	0.0	0.0	1	1.0303903766499618	-5.027113148292125	138.0	11	1.05	0.95				
	106	1	98.31568531929827	20.241464624561406	0.0	-100.0	1	1.036353599804671	-7.381855531519844	138.0	12	1.05	0.95				
	107	2	90.36368135964914	18.072736271929827	0.0	0.0	1	1.05	-5.377735269466441	138.0	12	1.05	0.95				
	108	1	123.6175161	25.301830780701756	0.0	0.0	1	1.0264368920894182	-7.488206544668551	138.0	12	1.05	0.95				
	109	1	126.50915390350879	26.024740231578946	0.0	0.0	1	1.0265818585007214	-4.413676347500277	138.0	13	1.05	0.95				
	110	1	140.96734292105265	28.916378035087725	0.0	0.0	1	1.05	-5.808959028486409	138.0	13	1.05	0.95				
	111	1	0.0	0.0	0.0	0.0	1	1.013155680543025	-1.411430257286696	230.0	13	1.05	0.95				
	112	1	0.0	0.0	0.0	0.0	1	1.0160158952707148	-0.7532272529825663	230.0	13	1.05	0.95				
	113	3	191.57100448245615	39.037110347368426	0.0	0.0	1	1.0140892209478327	-1.929337905295606e-27	230.0	14	1.05	0.95				
	114	2	140.24443347017547	28.193468584210528	0.0	0.0	1	1.0157537939327665	1.1030638622452134	230.0	16	1.05	0.95				
	115	2	229.1622959280702	46.266204856140355	0.0	0.0	1	1.0451227635030984	9.485163971957776	230.0	16	1.05	0.95				
	116	2	72.29094508771931	14.458189017543862	0.0	0.0	1	1.0437815028180746	8.98354427955269	230.0	16	1.05	0.95				
	117	1	0.0	0.0	0.0	0.0	1	1.046975120630127	12.430550094213634	230.0	17	1.05	0.95				
	118	2	240.72884714210528	49.157842659649134	0.0	0.0	1	1.049785595783414	13.018869119542808	230.0	17	1.05	0.95				
	119	1	130.84661060877195	26.747649682456142	0.0	0.0	1	1.0380264700747561	7.310851976916383	230.0	15	1.05	0.95				
	120	1	92.53240971228071	18.79564572280702	0.0	0.0	1	1.0396280973104062	7.219667388374254	230.0	15	1.05	0.95				
	121	2	0.0	0.0	0.0	0.0	1	1.05	13.64149791555655	230.0	17	1.05	0.95				
	122	2	0.0	0.0	0.0	0.0	1	1.05	22.019811958677405	230.0	17	1.05	0.95				
	123	2	0.0	0.0	0.0	0.0	1	1.0423864948411041	7.703419476722681	230.0	15	1.05	0.95				
	124	1	0.0	0.0	0.0	0.0	1	1.021056717490134	5.154680185814155	230.0	16	1.05	0.95				
	201	2	96.2531087494737	19.607114745263157	0.0	0.0	2	1.05	-15.527606060825395	138.0	21	1.05	0.95				
	202	2	86.44955137684211	17.824649768421054	0.0	0.0	2	1.05	-15.586778627092306	138.0	22	1.05	0.95				
	203	1	160.42184791578947	32.97560207157895	0.0	0.0	2	1.0213394001822063	-11.335669671400423	138.0	21	1.05	0.95				
	204	1	65.9512041431579	13.368487326315789	0.0	0.0	2	1.0182335091538441	-17.304592849082344	138.0	21	1.05	0.95				
	205	1	63.277506677894735	12.477254837894739	0.0	0.0	2	1.0365769074973328	-17.85178690301013	138.0	21	1.05	0.95				
	206	1	121.20761842526318	24.954509675789478	0.0	-100.0	2	1.033418612191789	-19.984524301905214	138.0	22	1.05	0.95				
	207	2	111.40406105263159	22.280812210526317	0.0	0.0	2	0.95	-29.95762582436445	138.0	22	1.05	0.95				
	208	1	152.40075552	31.19313709473684	0.0	0.0	2	0.9528004182066794	-27.009484053032512	138.0	22	1.05	0.95				
	209	1	155.9656854736842	32.084369583157894	0.0	0.0	2	1.021213489768853	-15.122181655271042	138.0	23	1.05	0.95				
	210	1	173.79033524210524	35.64929953684211	0.0	0.0	2	1.0459769102357779	-17.444741550475282	138.0	23	1.05	0.95				
	211	1	0.0	0.0	0.0	0.0	2	1.029904302967676	-9.55658671982696	230.0	23	1.05	0.95				
	212	1	0.0	0.0	0.0	0.0	2	1.0203478695477821	-8.12854483130241	230.0	23	1.05	0.95				
	213	2	236.17660943157892	48.12655437473685	0.0	0.0	2	1.05	-5.013965955364938	230.0	24	1.05	0.95				
	214	2	172.89910275368422	34.758067048421054	0.0	0.0	2	1.05	-7.1406376651207575	230.0	26	1.05	0.95				
	215	2	282.5206988294737	57.038879258947375	0.0	0.0	2	1.0426341587557477	2.0641673828438374	230.0	26	1.05	0.95				
	216	2	89.12324884210527	17.824649768421054	0.0	0.0	2	1.0471978167209202	1.8267318740848422	230.0	26	1.05	0.95				
	217	1	0.0	0.0	0.0	0.0	2	1.048603522814207	5.299339984219204	230.0	27	1.05	0.95				
	218	2	296.78041864421056	60.60380921263159	0.0	0.0	2	1.049999998678317	5.793145858130066	230.0	27	1.05	0.95				
	219	1	161.31308040421052	32.97560207157895	0.0	0.0	2	1.0416040055290487	1.238624737950805	230.0	25	1.05	0.95				
	220	1	114.07775851789475	23.17204469894737	0.0	0.0	2	1.0450180578902406	2.3953753369343973	230.0	25	1.05	0.95				
	221	2	0.0	0.0	0.0	0.0	2	1.05	6.282043694509561	230.0	27	1.05	0.95				
	222	2	0.0	0.0	0.0	0.0	2	1.05	12.408371866276061	230.0	27	1.05	0.95				
	223	2	0.0	0.0	0.0	0.0	2	1.05	3.67435797103124	230.0	25	1.05	0.95				
	224	1	0.0	0.0	0.0	0.0	2	1.0176580740154773	-2.909024323135487	230.0	26	1.05	0.95				
	301	2	72.89402089263159	14.848782033684211	0.0	0.0	3	1.0165781414844608	-15.038515790410768	138.0	31	1.05	0.95				
	302	2	65.46962987578947	13.498892757894737	0.0	0.0	3	1.0147414149972904	-15.46904667008853	138.0	32	1.05	0.95				
	303	1	121.49003482105263	24.97295160210526	0.0	0.0	3	1.0420059061818752	-4.296158972242247	138.0	31	1.05	0.95				
	304	1	49.94590320421052	10.12416956842105	0.0	0.0	3	1.0095061185439276	-14.194853561380501	138.0	31	1.05	0.95				
	305	1	47.921069290526304	9.449224930526317	0.0	0.0	3	1.0245169251115342	-15.437219694311239	138.0	31	1.05	0.95				
	306	1	91.79247075368421	18.898449861052633	0.0	-100.0	3	1.0348373429263449	-16.41526392973075	138.0	32	1.05	0.95				
	307	2	84.3680797368421	16.87361594736842	0.0	0.0	3	1.005016584735627	-18.051788295201483	138.0	32	1.05	0.95				
	308	1	115.41553307999999	23.623062326315786	0.0	0.0	3	1.0002712953825568	-17.638567910501735	138.0	32	1.05	0.95				
	309	1	118.11531163157893	24.298006964210526	0.0	0.0	3	1.0282100175387374	-10.399059316696484	138.0	33	1.05	0.95				
	310	1	131.61420438947366	26.997785515789474	0.0	0.0	3	1.05	-13.677361418258286	138.0	33	1.05	0.95				
	311	1	0.0	0.0	0.0	0.0	3	1.0194132092716597	-7.0626712286934845	230.0	33	1.05	0.95				
	312	1	0.0	0.0	0.0	0.0	3	1.019452500376759	-6.011477273728296	230.0	33	1.05	0.95				
	313	2	178.86032904210523	36.447010446315794	0.0	0.0	3	1.0273362715036367	-3.0411452200789437	230.0	34	1.05	0.95				
	314	2	130.93925975157893	26.322840877894738	0.0	0.0	3	1.0271436713717883	-5.635130281812041	230.0	36	1.05	0.95				
	315	2	213.95745021263158	43.196456825263155	0.0	0.0	3	1.047810023852051	0.9818088848885981	230.0	36	1.05	0.95				
	316	2	67.49446378947368	13.498892757894737	0.0	0.0	3	1.0457115961600616	0.4829853499781394	230.0	36	1.05	0.95				
	317	1	0.0	0.0	0.0	0.0	3	1.0486096775058047	2.976595447409889	230.0	37	1.05	0.95				
	318	2	224.75656441894736	45.89623537684211	0.0	0.0	3	1.0480864346495582	2.8513960017625717	230.0	37	1.05	0.95				
	319	1	122.16497945894736	24.97295160210526	0.0	0.0	3	1.0416375314851007	-0.05044032606129035	230.0	35	1.05	0.95				
	320	1	86.39291365052631	17.548560585263157	0.0	0.0	3	1.0437723519470778	0.7542326403567514	230.0	35	1.05	0.95				
	321	2	0.0	0.0	0.0	0.0	3	1.05	4.159449946039112	230.0	37	1.05	0.95				
	322	2	0.0	0.0	0.0	0.0	3	1.05	9.470871152605772	230.0	37	1.05	0.95				
	323	2	0.0	0.0	0.0	0.0	3	1.0468442018619768	1.6900592184465757	230.0	35	1.05	0.95				
	324	1	0.0	0.0	0.0	0.0	3	1.0379682209775585	-0.9966535342142216	230.0	36	1.05	0.95				
	325	1	0.0	0.0	0.0	0.0	3	1.0441670781304795	2.6804425314674063	230.0	35	1.05	0.95				
];
