%% MATPOWER Case Format : Version 2
function mpc = RTS_GMLC
mpc.version = '2';

%%-----  Power Flow Data  -----%%
%% system MVA base
mpc.baseMVA = 100.0;
%% bus data
%    bus_i    type    Pd    Qd    Gs    Bs    area    Vm    Va    baseKV    zone    Vmax    Vmin
mpc.bus = [
	101	2	52.07619990315789	10.608114795087719	0.0	0.0	1	1.012276823782664	1.195713432208816	138.0	11	1.05	0.95				
	102	2	46.772142505614035	9.643740722807017	0.0	0.0	1	1.0111803358677451	0.8681453448000372	138.0	12	1.05	0.95				
	103	1	86.79366650526316	17.84092033719298	0.0	0.0	1	1.0224841366967932	1.7441828839237532	138.0	11	1.05	0.95				
	104	1	35.68184067438596	7.232805542105263	0.0	0.0	1	1.010848626967145	-2.159121738046024	138.0	11	1.05	0.95				
	105	1	34.23527956596491	6.750618505964913	0.0	0.0	1	1.0241583293540177	-2.155563609420702	138.0	11	1.05	0.95				
	106	1	65.57743691508772	13.501237011929826	0.0	-100.0	1	1.0384646570865321	-4.533556095741225	138.0	12	1.05	0.95				
	107	2	60.27337951754386	12.054675903508771	0.0	0.0	1	0.9864239411915855	-11.62189288571204	138.0	12	1.05	0.95				
	108	1	82.45398318	16.876546264912278	0.0	0.0	1	0.9935516649766482	-9.574651877795759	138.0	12	1.05	0.95				
	109	1	84.3827313245614	17.35873330105263	0.0	0.0	1	1.0254869103224271	-2.6118466740779245	138.0	13	1.05	0.95				
	110	1	94.02647204736842	19.287481445614034	0.0	0.0	1	1.05	-3.950090324675165	138.0	13	1.05	0.95				
	111	1	0.0	0.0	0.0	0.0	1	1.0219920223277945	0.11082113884948733	230.0	13	1.05	0.95				
	112	1	0.0	0.0	0.0	0.0	1	1.0175056141424148	-0.8846032228440545	230.0	13	1.05	0.95				
	113	3	127.77956457719297	26.038099951578946	0.0	0.0	1	1.0040716086512358	-1.4840454233566171e-30	230.0	14	1.05	0.95				
	114	2	93.54428501122807	18.80529440947368	0.0	0.0	1	1.05	3.4875136539461953	230.0	16	1.05	0.95				
	115	2	152.8532904564912	30.859970312982455	0.0	0.0	1	1.04005250675523	13.355710634935669	230.0	16	1.05	0.95				
	116	2	48.218703614035086	9.643740722807017	0.0	0.0	1	1.041573837194192	11.40198882083476	230.0	16	1.05	0.95				
	117	1	0.0	0.0	0.0	0.0	1	1.0391985009143294	17.718476479997165	230.0	17	1.05	0.95				
	118	2	160.56828303473685	32.78871845754386	0.0	0.0	1	1.0478569158953985	18.425751935130016	230.0	17	1.05	0.95				
	119	1	87.2758535414035	17.84092033719298	0.0	0.0	1	1.0394872127092685	6.991587626138475	230.0	15	1.05	0.95				
	120	1	61.71994062596491	12.536862939649124	0.0	0.0	1	1.0453651856281774	4.087968184420471	230.0	15	1.05	0.95				
	121	2	0.0	0.0	0.0	0.0	1	1.0429695042752425	20.282482940209693	230.0	17	1.05	0.95				
	122	2	0.0	0.0	0.0	0.0	1	1.05	38.24613943625809	230.0	17	1.05	0.95				
	123	2	0.0	0.0	0.0	0.0	1	1.049976757470153	2.85850292903632	230.0	15	1.05	0.95				
	124	1	0.0	0.0	0.0	0.0	1	1.0189689723087871	9.0340506826629	230.0	16	1.05	0.95				
	201	2	51.305524938947364	10.451125450526314	0.0	0.0	2	1.0128976287636864	-15.342823919221557	138.0	21	1.05	0.95				
	202	2	46.079962213684205	9.501023136842106	0.0	0.0	2	1.012515845730108	-15.521652526932739	138.0	22	1.05	0.95				
	203	1	85.50920823157895	17.576892803157897	0.0	0.0	2	1.0125325148300808	-11.613177580699647	138.0	21	1.05	0.95				
	204	1	35.15378560631579	7.125767352631579	0.0	0.0	2	1.0107898094542787	-15.340454084279774	138.0	21	1.05	0.95				
	205	1	33.72863213578947	6.6507161957894745	0.0	0.0	2	1.0255486312207902	-15.804070171631194	138.0	21	1.05	0.95				
	206	1	64.60695733052631	13.301432391578949	0.0	-100.0	2	1.040202155161071	-16.59824240739379	138.0	22	1.05	0.95				
	207	2	59.38139460526316	11.87627892105263	0.0	0.0	2	0.9918351723560387	-22.608417349808995	138.0	22	1.05	0.95				
	208	1	81.23374781999999	16.626790489473684	0.0	0.0	2	0.9963130339362076	-20.419739013910146	138.0	22	1.05	0.95				
	209	1	83.13395244736842	17.101841646315787	0.0	0.0	2	1.0235389285228027	-13.227696016943483	138.0	23	1.05	0.95				
	210	1	92.63497558421052	19.00204627368421	0.0	0.0	2	1.05	-14.738510965989704	138.0	23	1.05	0.95				
	211	1	0.0	0.0	0.0	0.0	2	1.0119236942847796	-9.689288156624311	230.0	23	1.05	0.95				
	212	1	0.0	0.0	0.0	0.0	2	1.0116342156338036	-8.278479440131202	230.0	23	1.05	0.95				
	213	2	125.88855656315789	25.652762469473682	0.0	0.0	2	1.0125951947040597	-7.586569891225825	230.0	24	1.05	0.95				
	214	2	92.15992442736841	18.526995116842105	0.0	0.0	2	1.0171192124837884	-7.194262190346246	230.0	26	1.05	0.95				
	215	2	150.59121671894735	30.403274037894732	0.0	0.0	2	1.0316061798339902	-0.957154224820993	230.0	26	1.05	0.95				
	216	2	47.50511568421052	9.501023136842106	0.0	0.0	2	1.0347536640144341	-0.7925677721874592	230.0	26	1.05	0.95				
	217	1	0.0	0.0	0.0	0.0	2	1.0399172397849583	0.4863058741478528	230.0	27	1.05	0.95				
	218	2	158.19203522842105	32.30347866526316	0.0	0.0	2	1.0374826650265372	-0.12567670671754483	230.0	27	1.05	0.95				
	219	1	85.98425938842105	17.576892803157897	0.0	0.0	2	1.036363238176308	0.2238458680355185	230.0	25	1.05	0.95				
	220	1	60.806548075789465	12.351330077894737	0.0	0.0	2	1.0415603638064501	2.0067866782016366	230.0	25	1.05	0.95				
	221	2	0.0	0.0	0.0	0.0	2	1.0377740529156398	0.3989503817681564	230.0	27	1.05	0.95				
	222	2	0.0	0.0	0.0	0.0	2	1.05	6.934710218985293	230.0	27	1.05	0.95				
	223	2	0.0	0.0	0.0	0.0	2	1.0458790248257137	3.3309803503528057	230.0	25	1.05	0.95				
	224	1	0.0	0.0	0.0	0.0	2	1.0112913929060494	-4.914782557612257	230.0	26	1.05	0.95				
	301	2	39.39386271157895	8.024675737543859	0.0	0.0	3	1.0129372156587664	5.880122666561454	138.0	31	1.05	0.95				
	302	2	35.38152484280701	7.295159761403508	0.0	0.0	3	1.012852836815506	5.790509443108328	138.0	32	1.05	0.95				
	303	1	65.65643785263158	13.496045558596489	0.0	0.0	3	1.0270490126682796	10.896768706354514	138.0	31	1.05	0.95				
	304	1	26.992091117192977	5.471369821052631	0.0	0.0	3	1.0146589370981285	7.29563315871416	138.0	31	1.05	0.95				
	305	1	25.897817152982448	5.106611832982456	0.0	0.0	3	1.027018911341421	6.122234166196907	138.0	31	1.05	0.95				
	306	1	49.60708637754386	10.213223665964913	0.0	-100.0	3	1.0434977858195733	5.8087214461462775	138.0	32	1.05	0.95				
	307	2	45.59474850877193	9.118949701754385	0.0	0.0	3	0.9698657517329005	2.603456159119402	138.0	32	1.05	0.95				
	308	1	62.373615959999995	12.766529582456137	0.0	0.0	3	0.9888945084301001	4.095366935656547	138.0	32	1.05	0.95				
	309	1	63.83264791228069	13.131287570526315	0.0	0.0	3	1.027100796131208	10.021409783577454	138.0	33	1.05	0.95				
	310	1	71.1278076736842	14.590319522807016	0.0	0.0	3	1.05	7.5412064347917145	138.0	33	1.05	0.95				
	311	1	0.0	0.0	0.0	0.0	3	1.0050388632647642	12.271619064695475	230.0	33	1.05	0.95				
	312	1	0.0	0.0	0.0	0.0	3	1.0113427327611204	12.401074332972327	230.0	33	1.05	0.95				
	313	2	96.66086683859648	19.696931355789474	0.0	0.0	3	1.0085442812111325	15.0493336754072	230.0	34	1.05	0.95				
	314	2	70.76304968561402	14.22556153473684	0.0	0.0	3	0.9967674039246188	13.47435018733145	230.0	36	1.05	0.95				
	315	2	115.62828221824559	23.344511236491226	0.0	0.0	3	1.026491976668588	17.044773046307967	230.0	36	1.05	0.95				
	316	2	36.47579880701754	7.295159761403508	0.0	0.0	3	1.023345503270899	17.29675428437047	230.0	36	1.05	0.95				
	317	1	0.0	0.0	0.0	0.0	3	1.0459409698074398	22.601012792785113	230.0	37	1.05	0.95				
	318	2	121.4644100273684	24.80354318877193	0.0	0.0	3	1.0459164574294935	19.362331170452432	230.0	37	1.05	0.95				
	319	1	66.02119584070175	13.496045558596489	0.0	0.0	3	1.0184327050030315	15.99763897475003	230.0	35	1.05	0.95				
	320	1	46.68902247298245	9.483707689824561	0.0	0.0	3	1.0166074804152914	15.58762802641601	230.0	35	1.05	0.95				
	321	2	0.0	0.0	0.0	0.0	3	1.0409769999196479	19.266177045657383	230.0	37	1.05	0.95				
	322	2	0.0	0.0	0.0	0.0	3	1.05	24.905020871895044	230.0	37	1.05	0.95				
	323	2	0.0	0.0	0.0	0.0	3	1.015844812587795	15.64999773403013	230.0	35	1.05	0.95				
	324	1	0.0	0.0	0.0	0.0	3	1.0184362512376828	14.719203189836438	230.0	36	1.05	0.95				
	325	1	0.0	0.0	0.0	0.0	3	1.017911686551365	16.059990985223724	230.0	35	1.05	0.95				
];
