%% MATPOWER Case Format : Version 2
function mpc = RTS_GMLC
mpc.version = '2';

%%-----  Power Flow Data  -----%%
%% system MVA base
mpc.baseMVA = 100.0;
%% bus data
%    bus_i    type    Pd    Qd    Gs    Bs    area    Vm    Va    baseKV    zone    Vmax    Vmin
mpc.bus = [
	101	2	64.44730330105264	13.128154376140353	0.0	0.0	1	1.0464794571177487	1.9522833220763907	138.0	11	1.05	0.95				
	102	2	57.883226112982456	11.934685796491229	0.0	0.0	1	1.045363948088759	1.5820267688031728	138.0	12	1.05	0.95				
	103	1	107.41217216842107	22.079168723508776	0.0	0.0	1	1.0315168929385572	0.4454087568822036	138.0	11	1.05	0.95				
	104	1	44.15833744701755	8.951014347368421	0.0	0.0	1	1.0262016790515511	-1.9994485867839245	138.0	11	1.05	0.95				
	105	1	42.368134577543856	8.35428005754386	0.0	0.0	1	1.0393088010305058	-2.312488659533217	138.0	11	1.05	0.95				
	106	1	81.15586341614036	16.70856011508772	0.0	-100.0	1	1.0427960854036975	-5.333158495983495	138.0	12	1.05	0.95				
	107	2	74.59178622807018	14.918357245614036	0.0	0.0	1	0.9987765441109946	-13.930513078714192	138.0	12	1.05	0.95				
	108	1	102.04156356	20.88570014385965	0.0	0.0	1	0.9963118148767872	-11.650500376161979	138.0	12	1.05	0.95				
	109	1	104.42850071929826	21.48243443368421	0.0	0.0	1	1.0254931940316205	-3.5275268285094112	138.0	13	1.05	0.95				
	110	1	116.36318651578948	23.869371592982457	0.0	0.0	1	1.05	-4.82454586582856	138.0	13	1.05	0.95				
	111	1	0.0	0.0	0.0	0.0	1	1.0110239236583483	-1.0042121911142665	230.0	13	1.05	0.95				
	112	1	0.0	0.0	0.0	0.0	1	1.0146643306646281	-0.9107516398943141	230.0	13	1.05	0.95				
	113	3	158.13458680350877	32.22365165052632	0.0	0.0	1	1.0092800271089446	-3.252874301551162e-30	230.0	14	1.05	0.95				
	114	2	115.76645222596491	23.272637303157897	0.0	0.0	1	1.0126080141021296	1.3590080967645275	230.0	16	1.05	0.95				
	115	2	189.16476987438597	38.19099454877193	0.0	0.0	1	1.0436438407237743	9.158677451387902	230.0	16	1.05	0.95				
	116	2	59.673428982456144	11.934685796491229	0.0	0.0	1	1.0412468360141862	8.237801812664877	230.0	16	1.05	0.95				
	117	1	0.0	0.0	0.0	0.0	1	1.0453294967196372	11.83948682511629	230.0	17	1.05	0.95				
	118	2	198.71251851157896	40.57793170807018	0.0	0.0	1	1.0480809073446673	12.698824240314895	230.0	17	1.05	0.95				
	119	1	108.00890645824563	22.079168723508776	0.0	0.0	1	1.0337546848829342	6.069674465091832	230.0	15	1.05	0.95				
	120	1	76.38198909754387	15.5150915354386	0.0	0.0	1	1.032185304591769	4.98701997283489	230.0	15	1.05	0.95				
	121	2	0.0	0.0	0.0	0.0	1	1.05	14.510846624705229	230.0	17	1.05	0.95				
	122	2	0.0	0.0	0.0	0.0	1	1.05	19.974492432604983	230.0	17	1.05	0.95				
	123	2	0.0	0.0	0.0	0.0	1	1.0326045200760456	4.840805990612258	230.0	15	1.05	0.95				
	124	1	0.0	0.0	0.0	0.0	1	1.0280666501193652	5.903331997051029	230.0	16	1.05	0.95				
	201	2	71.94333384000001	14.65512356	0.0	0.0	2	1.0268717182447045	-14.614649529766018	138.0	21	1.05	0.95				
	202	2	64.61577206	13.3228396	0.0	0.0	2	1.028037798678913	-14.422205170805173	138.0	22	1.05	0.95				
	203	1	119.9055564	24.647253260000003	0.0	0.0	2	1.0136475635636018	-12.66897639436842	138.0	21	1.05	0.95				
	204	1	49.294506520000006	9.992129700000001	0.0	0.0	2	1.0148915096519708	-15.099876694605644	138.0	21	1.05	0.95				
	205	1	47.29608058	9.32598772	0.0	0.0	2	1.0300193133780868	-15.545229809518021	138.0	21	1.05	0.95				
	206	1	90.59530928000001	18.65197544	0.0	-100.0	2	1.0383177876850307	-16.65377209911194	138.0	22	1.05	0.95				
	207	2	83.2677475	16.6535495	0.0	0.0	2	0.9783514464123523	-26.167559669480475	138.0	22	1.05	0.95				
	208	1	113.91027858	23.314969299999998	0.0	0.0	2	0.9797279496480454	-22.917687643026753	138.0	22	1.05	0.95				
	209	1	116.5748465	23.98111128	0.0	0.0	2	1.0250017914015088	-12.933495539569462	138.0	23	1.05	0.95				
	210	1	129.89768610000002	26.6456792	0.0	0.0	2	1.05	-14.366650905031518	138.0	23	1.05	0.95				
	211	1	0.0	0.0	0.0	0.0	2	1.0208512139770534	-9.234846751724856	230.0	23	1.05	0.95				
	212	1	0.0	0.0	0.0	0.0	2	1.0210825119462952	-4.27096502815764	230.0	23	1.05	0.95				
	213	2	176.52762470000002	35.971666920000004	0.0	0.0	2	1.0292204797098836	-6.151625334799689	230.0	24	1.05	0.95				
	214	2	129.23154412	25.979537220000005	0.0	0.0	2	1.0281446587289258	-7.578822495837093	230.0	26	1.05	0.95				
	215	2	211.16700766	42.63308672	0.0	0.0	2	1.034711291661334	-1.2371213140665376	230.0	26	1.05	0.95				
	216	2	66.614198	13.3228396	0.0	0.0	2	1.0370533442185768	-1.1044560886575494	230.0	26	1.05	0.95				
	217	1	0.0	0.0	0.0	0.0	2	1.0377856233924838	0.2429094263364753	230.0	27	1.05	0.95				
	218	2	221.82527934	45.297654640000005	0.0	0.0	2	1.036055421796205	-0.721788996798882	230.0	27	1.05	0.95				
	219	1	120.57169838000002	24.647253260000003	0.0	0.0	2	1.0371666119972793	0.11817890156165288	230.0	25	1.05	0.95				
	220	1	85.26617344	17.319691480000003	0.0	0.0	2	1.043648654250259	2.4336353562546176	230.0	25	1.05	0.95				
	221	2	0.0	0.0	0.0	0.0	2	1.0379250386001129	-0.0772392607559986	230.0	27	1.05	0.95				
	222	2	0.0	0.0	0.0	0.0	2	1.05	6.54916702555628	230.0	27	1.05	0.95				
	223	2	0.0	0.0	0.0	0.0	2	1.05	4.17863050548038	230.0	25	1.05	0.95				
	224	1	0.0	0.0	0.0	0.0	2	1.0126329248373898	-5.4767795164107556	230.0	26	1.05	0.95				
	301	2	49.490034783157896	10.081303381754385	0.0	0.0	3	1.0017052393508004	14.59647571695786	138.0	31	1.05	0.95				
	302	2	44.4493830922807	9.16482125614035	0.0	0.0	3	1.001530505725813	14.595108462571517	138.0	32	1.05	0.95				
	303	1	82.48339130526315	16.954919323859645	0.0	0.0	3	1.0168643495880008	15.863289926098284	138.0	31	1.05	0.95				
	304	1	33.90983864771929	6.873615942105261	0.0	0.0	3	1.0063496769909306	16.1422466796913	138.0	31	1.05	0.95				
	305	1	32.53511545929824	6.415374879298246	0.0	0.0	3	1.0190896636358462	16.294182432616502	138.0	31	1.05	0.95				
	306	1	62.32078454175438	12.830749758596491	0.0	-100.0	3	1.0377207478408383	16.696513541170013	138.0	32	1.05	0.95				
	307	2	57.28013285087719	11.456026570175437	0.0	0.0	3	0.9817127381929841	14.048013591738872	138.0	32	1.05	0.95				
	308	1	78.35922173999998	16.03843719824561	0.0	0.0	3	0.9985636211441932	15.986064612420636	138.0	32	1.05	0.95				
	309	1	80.19218599122806	16.49667826105263	0.0	0.0	3	1.025087908831994	19.284204966923618	138.0	33	1.05	0.95				
	310	1	89.3570072473684	18.3296425122807	0.0	0.0	3	1.05	19.455057258116835	138.0	33	1.05	0.95				
	311	1	0.0	0.0	0.0	0.0	3	1.0060953462100237	24.108759979709113	230.0	33	1.05	0.95				
	312	1	0.0	0.0	0.0	0.0	3	1.0142223468580747	25.169387601302898	230.0	33	1.05	0.95				
	313	2	121.43388164385962	24.745017391578948	0.0	0.0	3	1.0202618091833329	31.726387410669282	230.0	34	1.05	0.95				
	314	2	88.8987661845614	17.87140144947368	0.0	0.0	3	1.00152953696844	22.20353566615016	230.0	36	1.05	0.95				
	315	2	145.26241690982454	29.327428019649123	0.0	0.0	3	1.0302861396326297	15.905616337143414	230.0	36	1.05	0.95				
	316	2	45.82410628070175	9.16482125614035	0.0	0.0	3	1.0307863967217263	17.02690611414602	230.0	36	1.05	0.95				
	317	1	0.0	0.0	0.0	0.0	3	1.038146497262121	15.573533199396465	230.0	37	1.05	0.95				
	318	2	152.59427391473685	31.16039227087719	0.0	0.0	3	1.0386697303094263	14.24170531472733	230.0	37	1.05	0.95				
	319	1	82.94163236807016	16.954919323859645	0.0	0.0	3	1.0297138391521812	19.757626323449728	230.0	35	1.05	0.95				
	320	1	58.654856039298245	11.914267632982455	0.0	0.0	3	1.029921039245939	21.570572032712303	230.0	35	1.05	0.95				
	321	2	0.0	0.0	0.0	0.0	3	1.0375861160112754	15.363489304446505	230.0	37	1.05	0.95				
	322	2	0.0	0.0	0.0	0.0	3	1.0499999922998753	19.75583368521114	230.0	37	1.05	0.95				
	323	2	0.0	0.0	0.0	0.0	3	1.02958871521347	22.23891771395316	230.0	35	1.05	0.95				
	324	1	0.0	0.0	0.0	0.0	3	1.0235849001870612	17.72825608808461	230.0	36	1.05	0.95				
	325	1	0.0	0.0	0.0	0.0	3	1.0327713941138936	21.58692054832624	230.0	35	1.05	0.95				
];

%% generator data
%    bus    Pg    Qg    Qmax    Qmin    Vg    mBase    status    Pmax    Pmin    Pc1    Pc2    Qc1min    Qc1max    Qc2min    Qc2max    ramp_agc    ramp_10    ramp_30    ramp_q    apf
