%% MATPOWER Case Format : Version 2
function mpc = RTS_GMLC
mpc.version = '2';

%%-----  Power Flow Data  -----%%
%% system MVA base
mpc.baseMVA = 100.0;
%% bus data
%    bus_i    type    Pd    Qd    Gs    Bs    area    Vm    Va    baseKV    zone    Vmax    Vmin
mpc.bus = [
	101	2	71.27412173052632	14.518802574736842	0.0	0.0	1	1.0461028437471336	2.006102102895647	138.0	11	1.05	0.95				
	102	2	64.01472044315788	13.19891143157895	0.0	0.0	1	1.0454243122496754	1.7710085208201871	138.0	12	1.05	0.95				
	103	1	118.79020288421054	24.417986148421054	0.0	0.0	1	1.027552694746872	-0.5448030108437646	138.0	11	1.05	0.95				
	104	1	48.83597229684211	9.89918357368421	0.0	0.0	1	1.025226122693245	-1.9150964830881276	138.0	11	1.05	0.95				
	105	1	46.85613558210526	9.239238002105264	0.0	0.0	1	1.0384445065128973	-2.1462206688221794	138.0	11	1.05	0.95				
	106	1	89.75259773473685	18.478476004210528	0.0	-100.0	1	1.041068224880309	-5.1222828762808525	138.0	12	1.05	0.95				
	107	2	82.49319644736842	16.498639289473687	0.0	0.0	1	1.024466051452959	-6.444082108557161	138.0	12	1.05	0.95				
	108	1	112.85069274000001	23.098095005263158	0.0	0.0	1	1.0129935064814264	-7.387852919772766	138.0	12	1.05	0.95				
	109	1	115.49047502631579	23.758040576842106	0.0	0.0	1	1.026218280410907	-3.2034003360136967	138.0	13	1.05	0.95				
	110	1	128.68938645789473	26.3978228631579	0.0	0.0	1	1.05	-4.342240587109837	138.0	13	1.05	0.95				
	111	1	0.0	0.0	0.0	0.0	1	1.010048840597651	-1.1006758077428924	230.0	13	1.05	0.95				
	112	1	0.0	0.0	0.0	0.0	1	1.014117432424219	-0.5030057775985358	230.0	13	1.05	0.95				
	113	3	174.88557646842105	35.63706086526316	0.0	0.0	1	1.0076426483192513	-4.743377809847133e-29	230.0	14	1.05	0.95				
	114	2	128.02944088631577	25.737877291578947	0.0	0.0	1	1.0092420902843575	0.6934054455073533	230.0	16	1.05	0.95				
	115	2	209.2027461905263	42.23651658105263	0.0	0.0	1	1.0423798963694224	7.662446971573744	230.0	16	1.05	0.95				
	116	2	65.99455715789475	13.19891143157895	0.0	0.0	1	1.0396210394452081	7.179413298711053	230.0	16	1.05	0.95				
	117	1	0.0	0.0	0.0	0.0	1	1.0438250171420491	10.007193251980112	230.0	17	1.05	0.95				
	118	2	219.7618753357895	44.876298867368426	0.0	0.0	1	1.0469659040067403	10.021629611917207	230.0	17	1.05	0.95				
	119	1	119.45014845578947	24.417986148421054	0.0	0.0	1	1.0329118760673235	5.824968129708726	230.0	15	1.05	0.95				
	120	1	84.47303316210527	17.158584861052635	0.0	0.0	1	1.0323134814612815	5.665863805004567	230.0	15	1.05	0.95				
	121	2	0.0	0.0	0.0	0.0	1	1.05	11.319659026149038	230.0	17	1.05	0.95				
	122	2	0.0	0.0	0.0	0.0	1	1.05	21.388238477070782	230.0	17	1.05	0.95				
	123	2	0.0	0.0	0.0	0.0	1	1.0335857056722952	6.074720688266518	230.0	15	1.05	0.95				
	124	1	0.0	0.0	0.0	0.0	1	1.0263549901361233	4.606514530780483	230.0	16	1.05	0.95				
	201	2	74.32331184	15.139933893333332	0.0	0.0	2	1.0342699851988466	-11.489765348773837	138.0	21	1.05	0.95				
	202	2	66.75334489333333	13.763576266666666	0.0	0.0	2	1.0345672199086866	-11.555063451641717	138.0	22	1.05	0.95				
	203	1	123.87218639999999	25.462616093333335	0.0	0.0	2	1.0209812383988068	-9.361898345404395	138.0	21	1.05	0.95				
	204	1	50.92523218666667	10.3226822	0.0	0.0	2	1.0174909521974025	-13.296425650974983	138.0	21	1.05	0.95				
	205	1	48.86069574666666	9.634503386666667	0.0	0.0	2	1.0333585432983692	-13.615482584048856	138.0	21	1.05	0.95				
	206	1	93.59231861333333	19.269006773333334	0.0	-100.0	2	1.0389380412412457	-15.45330488558318	138.0	22	1.05	0.95				
	207	2	86.02235166666667	17.204470333333333	0.0	0.0	2	0.973322149057924	-25.74297663897112	138.0	22	1.05	0.95				
	208	1	117.67857708	24.086258466666663	0.0	0.0	2	0.9756190525400196	-22.366372610649	138.0	22	1.05	0.95				
	209	1	120.43129233333332	24.774437279999997	0.0	0.0	2	1.0249797162798548	-11.931341071649323	138.0	23	1.05	0.95				
	210	1	134.19486859999998	27.527152533333332	0.0	0.0	2	1.05	-13.60008776685875	138.0	23	1.05	0.95				
	211	1	0.0	0.0	0.0	0.0	2	1.0208900607304783	-8.585943024999098	230.0	23	1.05	0.95				
	212	1	0.0	0.0	0.0	0.0	2	1.0219160029069565	-4.820243551006304	230.0	23	1.05	0.95				
	213	2	182.3673855333333	37.16165592	0.0	0.0	2	1.025575147126133	-6.524462653988779	230.0	24	1.05	0.95				
	214	2	133.50668978666667	26.83897372	0.0	0.0	2	1.0303794660753307	-6.26287785692156	230.0	26	1.05	0.95				
	215	2	218.15268382666665	44.04344405333333	0.0	0.0	2	1.0386843588082098	1.4882476300386425	230.0	26	1.05	0.95				
	216	2	68.81788133333333	13.763576266666666	0.0	0.0	2	1.0412898050880948	1.2570552252457756	230.0	26	1.05	0.95				
	217	1	0.0	0.0	0.0	0.0	2	1.0432474037341348	4.055974482150288	230.0	27	1.05	0.95				
	218	2	229.16354484000001	46.79615930666667	0.0	0.0	2	1.0441288854549464	4.329012988127425	230.0	27	1.05	0.95				
	219	1	124.56036521333334	25.462616093333335	0.0	0.0	2	1.0402963786487818	0.7561748583387398	230.0	25	1.05	0.95				
	220	1	88.08688810666666	17.892649146666667	0.0	0.0	2	1.0452799350385773	1.616802001699691	230.0	25	1.05	0.95				
	221	2	0.0	0.0	0.0	0.0	2	1.0440332391586449	4.14339807183217	230.0	27	1.05	0.95				
	222	2	0.0	0.0	0.0	0.0	2	1.05	10.615587467884005	230.0	27	1.05	0.95				
	223	2	0.0	0.0	0.0	0.0	2	1.0499999805788736	2.5876004000969948	230.0	25	1.05	0.95				
	224	1	0.0	0.0	0.0	0.0	2	1.0185481875119584	-2.5479257786430534	230.0	26	1.05	0.95				
	301	2	66.64156912421053	13.575134451228072	0.0	0.0	3	1.0096752156514741	-19.008250390751844	138.0	31	1.05	0.95				
	302	2	59.854001898596486	12.341031319298246	0.0	0.0	3	1.0090927326121903	-19.166220094565585	138.0	32	1.05	0.95				
	303	1	111.06928187368422	22.830907940701756	0.0	0.0	3	1.025284908486171	-11.093858857405616	138.0	31	1.05	0.95				
	304	1	45.66181588140351	9.255773489473684	0.0	0.0	3	1.007425089058793	-17.02461387160482	138.0	31	1.05	0.95				
	305	1	43.81066118350877	8.638721923508772	0.0	0.0	3	1.0212316062548332	-18.027210146668022	138.0	31	1.05	0.95				
	306	1	83.91901297122809	17.277443847017544	0.0	-100.0	3	1.035009557244161	-18.1593181615372	138.0	32	1.05	0.95				
	307	2	77.13144574561403	15.426289149122807	0.0	0.0	3	0.9956440065563488	-24.528510929143554	138.0	32	1.05	0.95				
	308	1	105.51581778	21.596804808771928	0.0	0.0	3	0.9954675773231508	-21.59789089760253	138.0	32	1.05	0.95				
	309	1	107.98402404385965	22.213856374736842	0.0	0.0	3	1.0280163628733938	-12.76376093937509	138.0	33	1.05	0.95				
	310	1	120.3250553631579	24.68206263859649	0.0	0.0	3	1.05	-15.066279241887177	138.0	33	1.05	0.95				
	311	1	0.0	0.0	0.0	0.0	3	1.020086915219656	-7.021465621114185	230.0	33	1.05	0.95				
	312	1	0.0	0.0	0.0	0.0	3	1.0192428475364042	-6.452817327234949	230.0	33	1.05	0.95				
	313	2	163.51866498070174	33.32078456210527	0.0	0.0	3	1.0360415515541084	-1.473563908007681	230.0	34	1.05	0.95				
	314	2	119.70800379719297	24.065011072631577	0.0	0.0	3	1.0305107130183122	-5.111050742487949	230.0	36	1.05	0.95				
	315	2	195.6053464108772	39.491300221754386	0.0	0.0	3	1.044820889780882	-0.494657220813056	230.0	36	1.05	0.95				
	316	2	61.70515659649123	12.341031319298246	0.0	0.0	3	1.044741108928233	0.42135032871542305	230.0	36	1.05	0.95				
	317	1	0.0	0.0	0.0	0.0	3	1.05	3.731319410460972	230.0	37	1.05	0.95				
	318	2	205.47817146631579	41.95950648561404	0.0	0.0	3	1.0459854703505371	2.3967889595568446	230.0	37	1.05	0.95				
	319	1	111.68633343964913	22.830907940701756	0.0	0.0	3	1.042274790109885	0.20077807371395573	230.0	35	1.05	0.95				
	320	1	78.98260044350877	16.04334071508772	0.0	0.0	3	1.0427837570309506	0.20730907669815188	230.0	35	1.05	0.95				
	321	2	0.0	0.0	0.0	0.0	3	1.0477933537819872	2.513251707769528	230.0	37	1.05	0.95				
	322	2	0.0	0.0	0.0	0.0	3	1.05	7.335890126699379	230.0	37	1.05	0.95				
	323	2	0.0	0.0	0.0	0.0	3	1.0435802498987068	0.33008039970713215	230.0	35	1.05	0.95				
	324	1	0.0	0.0	0.0	0.0	3	1.0245758746351237	-4.218785316226931	230.0	36	1.05	0.95				
	325	1	0.0	0.0	0.0	0.0	3	1.041609714982634	1.2466971190857352	230.0	35	1.05	0.95				
];
