%% MATPOWER Case Format : Version 2
function mpc = RTS_GMLC
mpc.version = '2';

%%-----  Power Flow Data  -----%%
%% system MVA base
mpc.baseMVA = 100.0;
%% bus data
%    bus_i    type    Pd    Qd    Gs    Bs    area    Vm    Va    baseKV    zone    Vmax    Vmin
mpc.bus = [
	101	2	79.81098464842107	16.25779316912281	0.0	0.0	1	1.0327593821840428	-2.5045593747217327	138.0	11	1.05	0.95				
	102	2	71.68208806385965	14.779811971929826	0.0	0.0	1	1.0327613900434673	-2.5572954628945888	138.0	12	1.05	0.95				
	103	1	133.01830774736845	27.34265214807018	0.0	0.0	1	1.020289217033545	-3.0925506245533794	138.0	11	1.05	0.95				
	104	1	54.68530429614036	11.08485897894737	0.0	0.0	1	1.0164387974311793	-5.32441518887426	138.0	11	1.05	0.95				
	105	1	52.468332500350876	10.345868380350879	0.0	0.0	1	1.031580916331543	-5.357521562946965	138.0	11	1.05	0.95				
	106	1	100.50272140912281	20.691736760701758	0.0	-100.0	1	1.0366111210054223	-7.627286216763304	138.0	12	1.05	0.95				
	107	2	92.37382482456141	18.474764964912282	0.0	0.0	1	1.0475526833943622	-3.144967739306501	138.0	12	1.05	0.95				
	108	1	126.36739236000001	25.864670950877194	0.0	0.0	1	1.024357028510438	-6.317862735881783	138.0	12	1.05	0.95				
	109	1	129.323354754386	26.603661549473685	0.0	0.0	1	1.0267414781358535	-4.597273579032783	138.0	13	1.05	0.95				
	110	1	144.1031667263158	29.559623943859652	0.0	0.0	1	1.05	-5.916374062331675	138.0	13	1.05	0.95				
	111	1	0.0	0.0	0.0	0.0	1	1.0140071306325973	-1.7431563662966056	230.0	13	1.05	0.95				
	112	1	0.0	0.0	0.0	0.0	1	1.0161561865766051	-0.7401278205645895	230.0	13	1.05	0.95				
	113	3	195.83250862807017	39.905492324210535	0.0	0.0	1	1.0151258096026619	5.421638288286287e-29	230.0	14	1.05	0.95				
	114	2	143.3641761277193	28.820633345263165	0.0	0.0	1	1.0165170031350663	0.28875098586504105	230.0	16	1.05	0.95				
	115	2	234.26001975508774	47.29539831017544	0.0	0.0	1	1.0450248204733537	7.851291026051146	230.0	16	1.05	0.95				
	116	2	73.89905985964913	14.779811971929826	0.0	0.0	1	1.0432294665723776	7.610187908071475	230.0	16	1.05	0.95				
	117	1	0.0	0.0	0.0	0.0	1	1.04716525951248	10.404683173103873	230.0	17	1.05	0.95				
	118	2	246.08386933263162	50.25136070456141	0.0	0.0	1	1.0490835582058768	10.95296399174045	230.0	17	1.05	0.95				
	119	1	133.75729834596493	27.34265214807018	0.0	0.0	1	1.0379272743898686	6.662248618555284	230.0	15	1.05	0.95				
	120	1	94.59079662035089	19.213755563508776	0.0	0.0	1	1.0398347914256743	7.233811518443016	230.0	15	1.05	0.95				
	121	2	0.0	0.0	0.0	0.0	1	1.05	11.564706615216739	230.0	17	1.05	0.95				
	122	2	0.0	0.0	0.0	0.0	1	1.05	17.647179450402955	230.0	17	1.05	0.95				
	123	2	0.0	0.0	0.0	0.0	1	1.0430160629281482	8.091945576667182	230.0	15	1.05	0.95				
	124	1	0.0	0.0	0.0	0.0	1	1.0220624208492748	3.8075971055812308	230.0	16	1.05	0.95				
	201	2	78.77727056842106	16.047221782456138	0.0	0.0	2	1.0400092719559222	-8.986238247367112	138.0	21	1.05	0.95				
	202	2	70.75365967719299	14.588383438596491	0.0	0.0	2	1.0399749883055587	-9.125201103667594	138.0	22	1.05	0.95				
	203	1	131.2954509473684	26.988509361403505	0.0	0.0	2	1.0278646263736262	-6.2925048350414015	138.0	21	1.05	0.95				
	204	1	53.97701872280701	10.941287578947367	0.0	0.0	2	1.0195409882013102	-10.973222010227403	138.0	21	1.05	0.95				
	205	1	51.788761207017544	10.211868407017546	0.0	0.0	2	1.035668440858887	-11.322139158362663	138.0	21	1.05	0.95				
	206	1	99.20100738245614	20.42373681403509	0.0	-100.0	2	1.0389762833172655	-13.32988213108117	138.0	22	1.05	0.95				
	207	2	91.17739649122807	18.235479298245615	0.0	0.0	2	0.9641034087346898	-24.3200972191264	138.0	22	1.05	0.95				
	208	1	124.73067839999999	25.52967101754386	0.0	0.0	2	0.968159753338268	-20.70177517223083	138.0	22	1.05	0.95				
	209	1	127.6483550877193	26.25909018947368	0.0	0.0	2	1.0257439021596388	-9.545896994577653	138.0	23	1.05	0.95				
	210	1	142.23673852631578	29.176766877192982	0.0	0.0	2	1.05	-11.409808492412946	138.0	23	1.05	0.95				
	211	1	0.0	0.0	0.0	0.0	2	1.0257169530320578	-4.805783811847024	230.0	23	1.05	0.95				
	212	1	0.0	0.0	0.0	0.0	2	1.0202282039202661	-3.6422026050652367	230.0	23	1.05	0.95				
	213	2	193.29608056140347	39.38863528421053	0.0	0.0	2	1.0362536659227153	-1.3962265837407557	230.0	24	1.05	0.95				
	214	2	141.50731935438597	28.44734770526316	0.0	0.0	2	1.0406790512889332	-2.276717446897685	230.0	26	1.05	0.95				
	215	2	231.22587750175438	46.68282700350877	0.0	0.0	2	1.0448502720974542	5.807885715416832	230.0	26	1.05	0.95				
	216	2	72.94191719298246	14.588383438596491	0.0	0.0	2	1.0481776914471947	5.776155845263913	230.0	26	1.05	0.95				
	217	1	0.0	0.0	0.0	0.0	2	1.04911368832918	8.827635750856093	230.0	27	1.05	0.95				
	218	2	242.89658425263156	49.60050369122807	0.0	0.0	2	1.05	9.66441295979964	230.0	27	1.05	0.95				
	219	1	132.02487011929824	26.988509361403505	0.0	0.0	2	1.043857606865037	5.252195883343773	230.0	25	1.05	0.95				
	220	1	93.36565400701754	18.96489847017544	0.0	0.0	2	1.0464061977695542	6.160105123484421	230.0	25	1.05	0.95				
	221	2	0.0	0.0	0.0	0.0	2	1.05	10.09742199192917	230.0	27	1.05	0.95				
	222	2	0.0	0.0	0.0	0.0	2	1.05	16.111047000335134	230.0	27	1.05	0.95				
	223	2	0.0	0.0	0.0	0.0	2	1.05	7.188142938946358	230.0	25	1.05	0.95				
	224	1	0.0	0.0	0.0	0.0	2	1.0232622676010834	1.3006118043292931	230.0	26	1.05	0.95				
	301	2	66.40240429894739	13.526415690526317	0.0	0.0	3	1.0127834643059124	-17.422636152591068	138.0	31	1.05	0.95				
	302	2	59.63919645368422	12.296741536842108	0.0	0.0	3	1.0115493348808429	-17.73701588180891	138.0	32	1.05	0.95				
	303	1	110.67067383157895	22.748971843157896	0.0	0.0	3	1.0225144576798555	-11.540658223590578	138.0	31	1.05	0.95				
	304	1	45.49794368631579	9.22255615263158	0.0	0.0	3	1.0088475727360366	-16.469584061278034	138.0	31	1.05	0.95				
	305	1	43.65343245578948	8.607719075789475	0.0	0.0	3	1.0232437773797596	-17.15985483488767	138.0	31	1.05	0.95				
	306	1	83.61784245052633	17.21543815157895	0.0	-100.0	3	1.0358169958190444	-17.70899515349052	138.0	32	1.05	0.95				
	307	2	76.85463460526316	15.370926921052632	0.0	0.0	3	1.0054825472300533	-19.557680507992927	138.0	32	1.05	0.95				
	308	1	105.13714014	21.519297689473685	0.0	0.0	3	1.0024563190623796	-19.10957311614382	138.0	32	1.05	0.95				
	309	1	107.59648844736842	22.134134766315793	0.0	0.0	3	1.0272362567559046	-12.919917985556411	138.0	33	1.05	0.95				
	310	1	119.89322998421052	24.593483073684215	0.0	0.0	3	1.05	-14.924929328439537	138.0	33	1.05	0.95				
	311	1	0.0	0.0	0.0	0.0	3	1.0169862378655594	-8.187765859495341	230.0	33	1.05	0.95				
	312	1	0.0	0.0	0.0	0.0	3	1.016606505362344	-7.273716269816481	230.0	33	1.05	0.95				
	313	2	162.9318253631579	33.201202149473694	0.0	0.0	3	1.0250909402949135	-3.929877552913257	230.0	34	1.05	0.95				
	314	2	119.27839290736844	23.978645996842108	0.0	0.0	3	1.0254221650049606	-6.212264943958656	230.0	36	1.05	0.95				
	315	2	194.90335335894738	39.34957291789474	0.0	0.0	3	1.046706239416641	0.38857561038106486	230.0	36	1.05	0.95				
	316	2	61.48370768421053	12.296741536842108	0.0	0.0	3	1.0448422803343915	0.29754687182756456	230.0	36	1.05	0.95				
	317	1	0.0	0.0	0.0	0.0	3	1.0472550315149014	2.467414439029965	230.0	37	1.05	0.95				
	318	2	204.74074658842105	41.80892122526316	0.0	0.0	3	1.0477324653502205	2.7649073551152736	230.0	37	1.05	0.95				
	319	1	111.28551090842107	22.748971843157896	0.0	0.0	3	1.0407308657934387	-0.31548443010127347	230.0	35	1.05	0.95				
	320	1	78.69914583578948	15.98576399789474	0.0	0.0	3	1.0421317477294978	0.3105427656983135	230.0	35	1.05	0.95				
	321	2	0.0	0.0	0.0	0.0	3	1.05	3.883402351949077	230.0	37	1.05	0.95				
	322	2	0.0	0.0	0.0	0.0	3	1.05	9.10274635585516	230.0	37	1.05	0.95				
	323	2	0.0	0.0	0.0	0.0	3	1.0444499261126363	1.1077722710444629	230.0	35	1.05	0.95				
	324	1	0.0	0.0	0.0	0.0	3	1.0226387582243266	-4.024549515406262	230.0	36	1.05	0.95				
	325	1	0.0	0.0	0.0	0.0	3	1.0426380787616645	1.9797539476325714	230.0	35	1.05	0.95				
];
