%% MATPOWER Case Format : Version 2
function mpc = RTS_GMLC
mpc.version = '2';

%%-----  Power Flow Data  -----%%
%% system MVA base
mpc.baseMVA = 100.0;
%% bus data
%    bus_i    type    Pd    Qd    Gs    Bs    area    Vm    Va    baseKV    zone    Vmax    Vmin
mpc.bus = [
	101	2	85.52894608421055	17.42256309122807	0.0	0.0	1	1.0343663738497049	-2.422804185159289	138.0	11	1.05	0.95				
	102	2	76.8176645385965	15.838693719298247	0.0	0.0	1	1.0344693442047201	-2.4697627557560446	138.0	12	1.05	0.95				
	103	1	142.5482434736842	29.301583380701757	0.0	0.0	1	1.0186779507716257	-2.4404008683674276	138.0	11	1.05	0.95				
	104	1	58.603166761403514	11.879020289473685	0.0	0.0	1	1.0171578537916484	-5.269565242501665	138.0	11	1.05	0.95				
	105	1	56.227362703508774	11.087085603508774	0.0	0.0	1	1.0315108445464063	-5.595314990873574	138.0	11	1.05	0.95				
	106	1	107.70311729122808	22.174171207017547	0.0	-100.0	1	1.0352631053853307	-8.081921561495657	138.0	12	1.05	0.95				
	107	2	98.99183574561404	19.798367149122807	0.0	0.0	1	1.05	-5.008464437149021	138.0	12	1.05	0.95				
	108	1	135.4208313	27.71771400877193	0.0	0.0	1	1.0243558581973193	-7.666055079870554	138.0	12	1.05	0.95				
	109	1	138.58857004385965	28.509648694736846	0.0	0.0	1	1.0267165873975406	-4.739987007240755	138.0	13	1.05	0.95				
	110	1	154.4272637631579	31.677387438596494	0.0	0.0	1	1.05	-6.318036666739061	138.0	13	1.05	0.95				
	111	1	0.0	0.0	0.0	0.0	1	1.0164566650996194	-1.5906534286178378	230.0	13	1.05	0.95				
	112	1	0.0	0.0	0.0	0.0	1	1.017412924614821	-0.8337112864338884	230.0	13	1.05	0.95				
	113	3	209.8626917807018	42.76447304210527	0.0	0.0	1	1.018267358667462	2.722263204764866e-31	230.0	14	1.05	0.95				
	114	2	153.635329077193	30.885452752631583	0.0	0.0	1	1.022359238654438	0.966231262585337	230.0	16	1.05	0.95				
	115	2	251.04329545087722	50.68381990175439	0.0	0.0	1	1.0440129554189652	9.899841069854414	230.0	16	1.05	0.95				
	116	2	79.19346859649123	15.838693719298247	0.0	0.0	1	1.0438333102737032	9.38594161468902	230.0	16	1.05	0.95				
	117	1	0.0	0.0	0.0	0.0	1	1.0466882251144456	13.152206026465036	230.0	17	1.05	0.95				
	118	2	263.7142504263158	53.85155864561404	0.0	0.0	1	1.05	13.77152680362233	230.0	17	1.05	0.95				
	119	1	143.34017815964916	29.301583380701757	0.0	0.0	1	1.0388750214535276	7.725244670302814	230.0	15	1.05	0.95				
	120	1	101.36763980350878	20.590301835087722	0.0	0.0	1	1.0416499703753377	7.642385747684296	230.0	15	1.05	0.95				
	121	2	0.0	0.0	0.0	0.0	1	1.05	14.451425870605469	230.0	17	1.05	0.95				
	122	2	0.0	0.0	0.0	0.0	1	1.05	23.805421571609553	230.0	17	1.05	0.95				
	123	2	0.0	0.0	0.0	0.0	1	1.0453712768337642	8.177609161761545	230.0	15	1.05	0.95				
	124	1	0.0	0.0	0.0	0.0	1	1.019003021863295	5.338896063706488	230.0	16	1.05	0.95				
	201	2	98.15709114947369	19.994963011929826	0.0	0.0	2	1.05	-11.634291719053554	138.0	21	1.05	0.95				
	202	2	88.15960964350876	18.177239101754385	0.0	0.0	2	1.05	-11.654248079474772	138.0	22	1.05	0.95				
	203	1	163.59515191578947	33.627892338245616	0.0	0.0	2	1.0239529255153343	-8.712579287917778	138.0	21	1.05	0.95				
	204	1	67.25578467649123	13.632929326315788	0.0	0.0	2	1.0195325243161881	-13.198149481743284	138.0	21	1.05	0.95				
	205	1	64.52919881122806	12.72406737122807	0.0	0.0	2	1.0371251619808644	-13.64674827601552	138.0	21	1.05	0.95				
	206	1	123.60522589192983	25.44813474245614	0.0	-100.0	2	1.0341424785366755	-15.610219776046948	138.0	22	1.05	0.95				
	207	2	113.6077443859649	22.721548877192983	0.0	0.0	2	0.95	-25.613572252009387	138.0	22	1.05	0.95				
	208	1	155.41539432	31.810168428070174	0.0	0.0	2	0.9530887634538668	-22.668959649838417	138.0	22	1.05	0.95				
	209	1	159.05084214035088	32.71903038315789	0.0	0.0	2	1.0242215846434328	-10.809997844300113	138.0	23	1.05	0.95				
	210	1	177.22808124210525	36.35447820350877	0.0	0.0	2	1.0474276893665002	-12.863159457085498	138.0	23	1.05	0.95				
	211	1	0.0	0.0	0.0	0.0	2	1.031598126938167	-5.757495596789284	230.0	23	1.05	0.95				
	212	1	0.0	0.0	0.0	0.0	2	1.025484267658122	-1.8800477581402277	230.0	23	1.05	0.95				
	213	2	240.84841809824562	49.07854557473684	0.0	0.0	2	1.05	-1.0955064332096118	230.0	24	1.05	0.95				
	214	2	176.31921928701752	35.445616248421054	0.0	0.0	2	1.05	-4.047581426510046	230.0	26	1.05	0.95				
	215	2	288.109239762807	58.16716512561404	0.0	0.0	2	1.044204579979121	4.06509403398303	230.0	26	1.05	0.95				
	216	2	90.88619550877193	18.177239101754385	0.0	0.0	2	1.0485243241336626	4.004109239366409	230.0	26	1.05	0.95				
	217	1	0.0	0.0	0.0	0.0	2	1.0495117302493375	7.083799015999547	230.0	27	1.05	0.95				
	218	2	302.6510310442105	61.80261294596492	0.0	0.0	2	1.05	7.607468388213139	230.0	27	1.05	0.95				
	219	1	164.50401387087717	33.627892338245616	0.0	0.0	2	1.0421057867253425	3.6686699224220023	230.0	25	1.05	0.95				
	220	1	116.33433025122808	23.630410832280702	0.0	0.0	2	1.0450478069014855	5.076791727478627	230.0	25	1.05	0.95				
	221	2	0.0	0.0	0.0	0.0	2	1.05	8.158047373677723	230.0	27	1.05	0.95				
	222	2	0.0	0.0	0.0	0.0	2	1.05	14.248564665253486	230.0	27	1.05	0.95				
	223	2	0.0	0.0	0.0	0.0	2	1.05	6.506201268002855	230.0	25	1.05	0.95				
	224	1	0.0	0.0	0.0	0.0	2	1.0204767050809733	-0.6809899341141316	230.0	26	1.05	0.95				
	301	2	95.25593167578948	19.403986082105266	0.0	0.0	3	1.0004792397000155	-22.689260535471917	138.0	31	1.05	0.95				
	302	2	85.55393863473685	17.639987347368425	0.0	0.0	3	1.0006720161428146	-23.19817291255684	138.0	32	1.05	0.95				
	303	1	158.7598861263158	32.63397659263158	0.0	0.0	3	0.9955718047145525	-15.303719351529471	138.0	31	1.05	0.95				
	304	1	65.26795318526317	13.229990510526315	0.0	0.0	3	0.9831956291140159	-21.336235030338823	138.0	31	1.05	0.95				
	305	1	62.6219550831579	12.347991143157897	0.0	0.0	3	0.998762717191143	-22.014625731937343	138.0	31	1.05	0.95				
	306	1	119.95191396210527	24.695982286315793	0.0	-100.0	3	1.0028112108258262	-22.639443969234918	138.0	32	1.05	0.95				
	307	2	110.24992092105263	22.049984184210526	0.0	0.0	3	0.9704019806431854	-25.195682058202255	138.0	32	1.05	0.95				
	308	1	150.82189182000002	30.86997785789474	0.0	0.0	3	0.9636866798428425	-24.19986915956578	138.0	32	1.05	0.95				
	309	1	154.34988928947368	31.751977225263158	0.0	0.0	3	1.0023696334328134	-16.021333324763678	138.0	33	1.05	0.95				
	310	1	171.9898766368421	35.27997469473685	0.0	0.0	3	1.0223939074537982	-18.36506913523403	138.0	33	1.05	0.95				
	311	1	0.0	0.0	0.0	0.0	3	1.0062075755405397	-8.796574559652855	230.0	33	1.05	0.95				
	312	1	0.0	0.0	0.0	0.0	3	1.0014698120115086	-7.534588695006603	230.0	33	1.05	0.95				
	313	2	233.7298323526316	47.62796583789474	0.0	0.0	3	1.031574434743808	-2.4869704550664533	230.0	34	1.05	0.95				
	314	2	171.1078772694737	34.39797532736842	0.0	0.0	3	1.0277422693696576	-6.346560358961564	230.0	36	1.05	0.95				
	315	2	279.5937994557895	56.44795951157895	0.0	0.0	3	1.0479083086991918	0.10737928645010053	230.0	36	1.05	0.95				
	316	2	88.1999367368421	17.639987347368425	0.0	0.0	3	1.0491036431731948	0.6512151072610944	230.0	36	1.05	0.95				
	317	1	0.0	0.0	0.0	0.0	3	1.0495275511014788	2.4684133058369504	230.0	37	1.05	0.95				
	318	2	293.70578933368427	59.97595698105263	0.0	0.0	3	1.0479179867434343	2.22244226022244	230.0	37	1.05	0.95				
	319	1	159.64188549368424	32.63397659263158	0.0	0.0	3	1.0448192935352383	1.1924666137467006	230.0	35	1.05	0.95				
	320	1	112.8959190231579	22.93198355157895	0.0	0.0	3	1.0466619002267097	2.2457857050020618	230.0	35	1.05	0.95				
	321	2	0.0	0.0	0.0	0.0	3	1.05	3.4543942577569977	230.0	37	1.05	0.95				
	322	2	0.0	0.0	0.0	0.0	3	1.05	8.843575118132705	230.0	37	1.05	0.95				
	323	2	0.0	0.0	0.0	0.0	3	1.05	3.227251158107386	230.0	35	1.05	0.95				
	324	1	0.0	0.0	0.0	0.0	3	1.009933059566341	-4.340942223345689	230.0	36	1.05	0.95				
	325	1	0.0	0.0	0.0	0.0	3	1.0473905067236773	4.154404146264432	230.0	35	1.05	0.95				
];

%% generator data
%    bus    Pg    Qg    Qmax    Qmin    Vg    mBase    status    Pmax    Pmin    Pc1    Pc2    Qc1min    Qc1max    Qc2min    Qc2max    ramp_agc    ramp_10    ramp_30    ramp_q    apf
