%% MATPOWER Case Format : Version 2
function mpc = RTS_GMLC
mpc.version = '2';

%%-----  Power Flow Data  -----%%
%% system MVA base
mpc.baseMVA = 100.0;
%% bus data
%    bus_i    type    Pd    Qd    Gs    Bs    area    Vm    Va    baseKV    zone    Vmax    Vmin
mpc.bus = [
	101	2	53.74616525052631	10.948292921403509	0.0	0.0	1	1.0115867301947525	0.5165290300452472	138.0	11	1.05	0.95				
	102	2	48.27201878982456	9.952993564912282	0.0	0.0	1	1.0104683468691165	0.1976729625077156	138.0	12	1.05	0.95				
	103	1	89.57694208421051	18.41303809508772	0.0	0.0	1	1.0228689493834038	0.8422724806253041	138.0	11	1.05	0.95				
	104	1	36.82607619017544	7.464745173684211	0.0	0.0	1	1.0105853901183237	-2.7479585840995684	138.0	11	1.05	0.95				
	105	1	35.33312715543859	6.967095495438596	0.0	0.0	1	1.0236852614523635	-2.730565641548821	138.0	11	1.05	0.95				
	106	1	67.6803562414035	13.934190990877193	0.0	-100.0	1	1.0379294179276541	-5.062082037118228	138.0	12	1.05	0.95				
	107	2	62.20620978070175	12.44124195614035	0.0	0.0	1	0.9878440550046229	-11.739328216309035	138.0	12	1.05	0.95				
	108	1	85.09809498	17.41773873859649	0.0	0.0	1	0.9942378934222382	-9.88210482151394	138.0	12	1.05	0.95				
	109	1	87.08869369298246	17.915388416842106	0.0	0.0	1	1.0260625232866618	-3.070173892959371	138.0	13	1.05	0.95				
	110	1	97.04168725789472	19.905987129824563	0.0	0.0	1	1.05	-4.369417959835114	138.0	13	1.05	0.95				
	111	1	0.0	0.0	0.0	0.0	1	1.0225990257888822	-0.2838956537936647	230.0	13	1.05	0.95				
	112	1	0.0	0.0	0.0	0.0	1	1.0176006598454435	-0.9451162548784182	230.0	13	1.05	0.95				
	113	3	131.87716473508772	26.873082625263155	0.0	0.0	1	1.0055886961806066	-7.359170201473238e-31	230.0	14	1.05	0.95				
	114	2	96.54403757964911	19.408337451578948	0.0	0.0	1	1.05	2.802845206305453	230.0	16	1.05	0.95				
	115	2	157.75494800385962	31.849579407719297	0.0	0.0	1	1.0418237911428578	12.011806573403783	230.0	16	1.05	0.95				
	116	2	49.7649678245614	9.952993564912282	0.0	0.0	1	1.04381591892948	10.375103898525271	230.0	16	1.05	0.95				
	117	1	0.0	0.0	0.0	0.0	1	1.0409224539858057	16.23915422847083	230.0	17	1.05	0.95				
	118	2	165.71734285578947	33.84017812070175	0.0	0.0	1	1.0486297373273823	16.75463085280262	230.0	17	1.05	0.95				
	119	1	90.07459176245614	18.41303809508772	0.0	0.0	1	1.0416932517026085	6.671466236279835	230.0	15	1.05	0.95				
	120	1	63.699158815438594	12.938891634385966	0.0	0.0	1	1.0463353457130138	4.40068073336342	230.0	15	1.05	0.95				
	121	2	0.0	0.0	0.0	0.0	1	1.0430454702317278	18.467206740865695	230.0	17	1.05	0.95				
	122	2	0.0	0.0	0.0	0.0	1	1.05	36.43022714165739	230.0	17	1.05	0.95				
	123	2	0.0	0.0	0.0	0.0	1	1.0499999994316744	3.5246969408846445	230.0	15	1.05	0.95				
	124	1	0.0	0.0	0.0	0.0	1	1.020773182340576	7.8609617461132535	230.0	16	1.05	0.95				
	201	2	50.42153311578947	10.271053042105263	0.0	0.0	2	1.015944154307051	-13.911809852093395	138.0	21	1.05	0.95				
	202	2	45.28600659473684	9.337320947368422	0.0	0.0	2	1.0158820409008755	-13.997405333693823	138.0	22	1.05	0.95				
	203	1	84.03588852631579	17.274043752631577	0.0	0.0	2	1.0135774803965054	-11.0302820950803	138.0	21	1.05	0.95				
	204	1	34.548087505263155	7.002990710526315	0.0	0.0	2	1.0125567806954834	-14.240570608939276	138.0	21	1.05	0.95				
	205	1	33.14748936315789	6.536124663157896	0.0	0.0	2	1.0272470748431128	-14.646322892986902	138.0	21	1.05	0.95				
	206	1	63.493782442105264	13.072249326315792	0.0	-100.0	2	1.0412210936052948	-15.558248290530095	138.0	22	1.05	0.95				
	207	2	58.358255921052624	11.671651184210525	0.0	0.0	2	0.9921096357504062	-21.65729884414132	138.0	22	1.05	0.95				
	208	1	79.8340941	16.340311657894734	0.0	0.0	2	0.9968129825875458	-19.512849302782836	138.0	22	1.05	0.95				
	209	1	81.70155828947368	16.807177705263157	0.0	0.0	2	1.0234503298245	-12.508552748008606	138.0	23	1.05	0.95				
	210	1	91.03887923684209	18.674641894736844	0.0	0.0	2	1.05	-13.884095851073631	138.0	23	1.05	0.95				
	211	1	0.0	0.0	0.0	0.0	2	1.0104360960952743	-9.121268735516349	230.0	23	1.05	0.95				
	212	1	0.0	0.0	0.0	0.0	2	1.0104205104276451	-7.798064333030529	230.0	23	1.05	0.95				
	213	2	123.71950255263158	25.210766557894736	0.0	0.0	2	1.0094274093235074	-7.163004634976058	230.0	24	1.05	0.95				
	214	2	90.57201318947368	18.20777584736842	0.0	0.0	2	1.0148355380297946	-6.699540754605216	230.0	26	1.05	0.95				
	215	2	147.99653701578944	29.87942703157895	0.0	0.0	2	1.0308027269584716	-0.609810084274045	230.0	26	1.05	0.95				
	216	2	46.6866047368421	9.337320947368422	0.0	0.0	2	1.0332631387317883	-0.4523952849326388	230.0	26	1.05	0.95				
	217	1	0.0	0.0	0.0	0.0	2	1.0390942319222645	0.9049893435827527	230.0	27	1.05	0.95				
	218	2	155.46639377368422	31.746891221052632	0.0	0.0	2	1.036817946246125	0.2881848494366828	230.0	27	1.05	0.95				
	219	1	84.5027545736842	17.274043752631577	0.0	0.0	2	1.033792493888184	0.41017296109156176	230.0	25	1.05	0.95				
	220	1	59.7588540631579	12.138517231578946	0.0	0.0	2	1.0378705170399265	2.051520316229847	230.0	25	1.05	0.95				
	221	2	0.0	0.0	0.0	0.0	2	1.037155600222999	0.7915392091895861	230.0	27	1.05	0.95				
	222	2	0.0	0.0	0.0	0.0	2	1.05	7.336846105288971	230.0	27	1.05	0.95				
	223	2	0.0	0.0	0.0	0.0	2	1.0414559685916631	3.297164506891687	230.0	25	1.05	0.95				
	224	1	0.0	0.0	0.0	0.0	2	1.011477261779103	-4.486502246693381	230.0	26	1.05	0.95				
	301	2	41.35843087578947	8.42486554877193	0.0	0.0	3	1.0122239095919525	-0.5543376914273614	138.0	31	1.05	0.95				
	302	2	37.14599810140351	7.658968680701755	0.0	0.0	3	1.0120398231718315	-0.6934094492441406	138.0	32	1.05	0.95				
	303	1	68.9307181263158	14.169092059298244	0.0	0.0	3	1.0320735520374178	5.512223630647187	138.0	31	1.05	0.95				
	304	1	28.338184118596487	5.744226510526315	0.0	0.0	3	1.0135265148571921	0.5173317201793686	138.0	31	1.05	0.95				
	305	1	27.189338816491226	5.361278076491229	0.0	0.0	3	1.0264034527126382	-0.36035514977307365	138.0	31	1.05	0.95				
	306	1	52.08098702877193	10.722556152982458	0.0	-100.0	3	1.042776301442135	-0.7251589151036002	138.0	32	1.05	0.95				
	307	2	47.86855425438596	9.573710850877193	0.0	0.0	3	0.9830218558819034	-4.591428480029278	138.0	32	1.05	0.95				
	308	1	65.48418222	13.403195191228068	0.0	0.0	3	0.9955967862779218	-2.947779742637671	138.0	32	1.05	0.95				
	309	1	67.01597595614035	13.786143625263156	0.0	0.0	3	1.026128463701669	3.081506596468645	138.0	33	1.05	0.95				
	310	1	74.6749446368421	15.31793736140351	0.0	0.0	3	1.05	1.0683519602487388	138.0	33	1.05	0.95				
	311	1	0.0	0.0	0.0	0.0	3	1.0049916333504925	6.00329536088653	230.0	33	1.05	0.95				
	312	1	0.0	0.0	0.0	0.0	3	1.0099643194501173	6.2510018060060935	230.0	33	1.05	0.95				
	313	2	101.48133501929823	20.679215437894737	0.0	0.0	3	1.0076241584750196	9.029077408791126	230.0	34	1.05	0.95				
	314	2	74.29199620280701	14.934988927368423	0.0	0.0	3	0.9993585717313684	7.4223190812119135	230.0	36	1.05	0.95				
	315	2	121.3946535891228	24.508699778245617	0.0	0.0	3	1.0329066966387632	11.473983715974079	230.0	36	1.05	0.95				
	316	2	38.29484340350877	7.658968680701755	0.0	0.0	3	1.0305444939682458	11.629490077806965	230.0	36	1.05	0.95				
	317	1	0.0	0.0	0.0	0.0	3	1.047516340361818	16.815711994060575	230.0	37	1.05	0.95				
	318	2	127.52182853368421	26.040493514385965	0.0	0.0	3	1.0456728917693447	14.12553359072764	230.0	37	1.05	0.95				
	319	1	69.31366656035088	14.169092059298244	0.0	0.0	3	1.0227386901402156	10.536036892233598	230.0	35	1.05	0.95				
	320	1	49.017399556491235	9.95665928491228	0.0	0.0	3	1.018482972750656	10.331186148078627	230.0	35	1.05	0.95				
	321	2	0.0	0.0	0.0	0.0	3	1.0429087917945177	13.890065642092607	230.0	37	1.05	0.95				
	322	2	0.0	0.0	0.0	0.0	3	1.05	19.373267238246598	230.0	37	1.05	0.95				
	323	2	0.0	0.0	0.0	0.0	3	1.016477742209907	10.520393597614248	230.0	35	1.05	0.95				
	324	1	0.0	0.0	0.0	0.0	3	1.0244457860871807	9.223046786303923	230.0	36	1.05	0.95				
	325	1	0.0	0.0	0.0	0.0	3	1.0174219593366058	11.21011828028094	230.0	35	1.05	0.95				
];
