%% MATPOWER Case Format : Version 2
function mpc = RTS_GMLC
mpc.version = '2';

%%-----  Power Flow Data  -----%%
%% system MVA base
mpc.baseMVA = 100.0;
%% bus data
%    bus_i    type    Pd    Qd    Gs    Bs    area    Vm    Va    baseKV    zone    Vmax    Vmin
mpc.bus = [
	101	2	70.2187036294737	14.303809998596492	0.0	0.0	1	1.0313933584578736	0.4065282382219456	138.0	11	1.05	0.95				
	102	2	63.066798630175434	13.00346363508772	0.0	0.0	1	1.0314301436539592	0.3572569867701734	138.0	12	1.05	0.95				
	103	1	117.0311727157895	24.056407724912283	0.0	0.0	1	1.0227092917856768	-0.7681473395570115	138.0	11	1.05	0.95				
	104	1	48.112815449824566	9.75259772631579	0.0	0.0	1	1.017241622125459	-2.795030797127044	138.0	11	1.05	0.95				
	105	1	46.162295904561404	9.102424544561405	0.0	0.0	1	1.0318840111828378	-2.7498868251830206	138.0	11	1.05	0.95				
	106	1	88.4235527185965	18.20484908912281	0.0	-100.0	1	1.0386738393798745	-5.110271451924652	138.0	12	1.05	0.95				
	107	2	81.27164771929824	16.25432954385965	0.0	0.0	1	1.0480164245310668	-1.8130639225672993	138.0	12	1.05	0.95				
	108	1	111.17961408000001	22.756061361403507	0.0	0.0	1	1.0273110117000037	-4.451108407771216	138.0	12	1.05	0.95				
	109	1	113.78030680701754	23.406234543157893	0.0	0.0	1	1.026373120445147	-2.738878127319011	138.0	13	1.05	0.95				
	110	1	126.78377044210526	26.00692727017544	0.0	0.0	1	1.05	-3.8925895599679023	138.0	13	1.05	0.95				
	111	1	0.0	0.0	0.0	0.0	1	1.010105804020429	-0.5759817287917023	230.0	13	1.05	0.95				
	112	1	0.0	0.0	0.0	0.0	1	1.0140017711195803	0.17780104676010283	230.0	13	1.05	0.95				
	113	3	172.2958931649123	35.10935181473685	0.0	0.0	1	1.007343255165555	-3.034168717621442e-28	230.0	14	1.05	0.95				
	114	2	126.13359726035087	25.356754088421052	0.0	0.0	1	1.009932123955227	1.743239532554692	230.0	16	1.05	0.95				
	115	2	206.10489861614036	41.6110836322807	0.0	0.0	1	1.0434512404115195	9.191689133438038	230.0	16	1.05	0.95				
	116	2	65.0173181754386	13.00346363508772	0.0	0.0	1	1.0412074071276733	8.881426056456554	230.0	16	1.05	0.95				
	117	1	0.0	0.0	0.0	0.0	1	1.0464433001687046	11.569285988017244	230.0	17	1.05	0.95				
	118	2	216.5076695242105	44.21177635929825	0.0	0.0	1	1.048828363415792	12.081987611230998	230.0	17	1.05	0.95				
	119	1	117.68134589754386	24.056407724912283	0.0	0.0	1	1.0359583778900905	7.730383636395889	230.0	15	1.05	0.95				
	120	1	83.2221672645614	16.904502725614037	0.0	0.0	1	1.0369424159178213	7.963487381750144	230.0	15	1.05	0.95				
	121	2	0.0	0.0	0.0	0.0	1	1.05	12.4594715604774	230.0	17	1.05	0.95				
	122	2	0.0	0.0	0.0	0.0	1	1.05	18.621699944136118	230.0	17	1.05	0.95				
	123	2	0.0	0.0	0.0	0.0	1	1.039100023401341	8.575530999218646	230.0	15	1.05	0.95				
	124	1	0.0	0.0	0.0	0.0	1	1.0232122901707956	5.499892120525335	230.0	16	1.05	0.95				
	201	2	80.1032583031579	16.31733039508772	0.0	0.0	2	1.0405470675609456	-10.853269300685083	138.0	21	1.05	0.95				
	202	2	71.94459310561403	14.833936722807017	0.0	0.0	2	1.0405575792989632	-11.012775904911718	138.0	22	1.05	0.95				
	203	1	133.50543050526315	27.442782937192984	0.0	0.0	2	1.0257814054270347	-7.402219296815577	138.0	21	1.05	0.95				
	204	1	54.88556587438597	11.125452542105263	0.0	0.0	2	1.0190995262057	-12.856529048950684	138.0	21	1.05	0.95				
	205	1	52.660475365964906	10.383755705964912	0.0	0.0	2	1.035745419996367	-13.27122040856516	138.0	21	1.05	0.95				
	206	1	100.87076971508773	20.767511411929824	0.0	-100.0	2	1.0387222742073505	-15.338905997432281	138.0	22	1.05	0.95				
	207	2	92.71210451754386	18.54242090350877	0.0	0.0	2	0.9606572623334416	-26.513144078076326	138.0	22	1.05	0.95				
	208	1	126.83015897999998	25.959389264912282	0.0	0.0	2	0.9652542374423818	-22.816011793721444	138.0	22	1.05	0.95				
	209	1	129.7969463245614	26.701086101052628	0.0	0.0	2	1.0249275327679892	-11.375027309411008	138.0	23	1.05	0.95				
	210	1	144.63088304736843	29.667873445614035	0.0	0.0	2	1.05	-13.40607134390127	138.0	23	1.05	0.95				
	211	1	0.0	0.0	0.0	0.0	2	1.0273497415233424	-6.710403231313843	230.0	23	1.05	0.95				
	212	1	0.0	0.0	0.0	0.0	2	1.0211258281789064	-5.601127073289541	230.0	23	1.05	0.95				
	213	2	196.54966157719298	40.05162915157895	0.0	0.0	2	1.0387757084886688	-3.393559332926863	230.0	24	1.05	0.95				
	214	2	143.88918621122806	28.926176609473686	0.0	0.0	2	1.0435790401584861	-4.1185324593844195	230.0	26	1.05	0.95				
	215	2	235.1178970564912	47.468597512982456	0.0	0.0	2	1.0431963777175395	4.125576857385209	230.0	26	1.05	0.95				
	216	2	74.16968361403508	14.833936722807017	0.0	0.0	2	1.047604247073449	4.12421891909679	230.0	26	1.05	0.95				
	217	1	0.0	0.0	0.0	0.0	2	1.0484420261449885	7.534617464039619	230.0	27	1.05	0.95				
	218	2	246.98504643473686	50.435384857543866	0.0	0.0	2	1.0499997275368878	8.246439233248372	230.0	27	1.05	0.95				
	219	1	134.2471273414035	27.442782937192984	0.0	0.0	2	1.043424596805027	3.426574431683227	230.0	25	1.05	0.95				
	220	1	94.93719502596491	19.284117739649123	0.0	0.0	2	1.0462497557569665	4.207072266740022	230.0	25	1.05	0.95				
	221	2	0.0	0.0	0.0	0.0	2	1.05	8.596436352281334	230.0	27	1.05	0.95				
	222	2	0.0	0.0	0.0	0.0	2	1.05	14.691663032631347	230.0	27	1.05	0.95				
	223	2	0.0	0.0	0.0	0.0	2	1.05	5.173928511027837	230.0	25	1.05	0.95				
	224	1	0.0	0.0	0.0	0.0	2	1.0222362475542375	-0.16561389118747918	230.0	26	1.05	0.95				
	301	2	70.00695981473685	14.260676999298244	0.0	0.0	3	1.0136140339902622	-21.14029946408162	138.0	31	1.05	0.95				
	302	2	62.87662131508771	12.96425181754386	0.0	0.0	3	1.0122207376998897	-21.503901787735945	138.0	32	1.05	0.95				
	303	1	116.67826635789473	23.98386586245614	0.0	0.0	3	1.0196278963249883	-15.59101890246406	138.0	31	1.05	0.95				
	304	1	47.96773172491228	9.723188863157894	0.0	0.0	3	1.008417189474841	-20.34614982524067	138.0	31	1.05	0.95				
	305	1	46.023093952280696	9.074976272280702	0.0	0.0	3	1.0232094933754736	-20.975071660853917	138.0	31	1.05	0.95				
	306	1	88.15691235929825	18.149952544561405	0.0	-100.0	3	1.034984208580264	-21.61419680434617	138.0	32	1.05	0.95				
	307	2	81.02657385964912	16.205314771929825	0.0	0.0	3	1.0048813195614672	-23.775880987132364	138.0	32	1.05	0.95				
	308	1	110.84435304	22.68744068070175	0.0	0.0	3	1.0008790043517868	-23.264234091633508	138.0	32	1.05	0.95				
	309	1	113.43720340350876	23.335653271578945	0.0	0.0	3	1.027112584626227	-16.748136518830187	138.0	33	1.05	0.95				
	310	1	126.40145522105261	25.92850363508772	0.0	0.0	3	1.05	-18.73182214145992	138.0	33	1.05	0.95				
	311	1	0.0	0.0	0.0	0.0	3	1.019116732898542	-11.673435248981685	230.0	33	1.05	0.95				
	312	1	0.0	0.0	0.0	0.0	3	1.0181489776506385	-10.798566490858207	230.0	33	1.05	0.95				
	313	2	171.7763365824561	35.00347990736842	0.0	0.0	3	1.028854134933234	-7.433382542939663	230.0	34	1.05	0.95				
	314	2	125.75324263017542	25.28029104421053	0.0	0.0	3	1.0296666397746028	-9.393206809686838	230.0	36	1.05	0.95				
	315	2	205.48339130807017	41.48560581614035	0.0	0.0	3	1.0487294427619744	-2.365063836962464	230.0	36	1.05	0.95				
	316	2	64.8212590877193	12.96425181754386	0.0	0.0	3	1.0479112897786214	-2.257625678065592	230.0	36	1.05	0.95				
	317	1	0.0	0.0	0.0	0.0	3	1.0485971739084459	-0.15483586820994574	230.0	37	1.05	0.95				
	318	2	215.85479276210523	44.07845617964912	0.0	0.0	3	1.048267236734317	0.11557159491914226	230.0	37	1.05	0.95				
	319	1	117.32647894877192	23.98386586245614	0.0	0.0	3	1.044281575105757	-3.10485435574444	230.0	35	1.05	0.95				
	320	1	82.9712116322807	16.853527362807018	0.0	0.0	3	1.0464921357344157	-2.628737291985378	230.0	35	1.05	0.95				
	321	2	0.0	0.0	0.0	0.0	3	1.05	1.2047805133950718	230.0	37	1.05	0.95				
	322	2	0.0	0.0	0.0	0.0	3	1.05	6.446753825739189	230.0	37	1.05	0.95				
	323	2	0.0	0.0	0.0	0.0	3	1.049344907441225	-1.8944443059065206	230.0	35	1.05	0.95				
	324	1	0.0	0.0	0.0	0.0	3	1.0210063119890291	-7.238838207009941	230.0	36	1.05	0.95				
	325	1	0.0	0.0	0.0	0.0	3	1.0452780970103834	-0.7144416336593568	230.0	35	1.05	0.95				
];
