%% MATPOWER Case Format : Version 2
function mpc = RTS_GMLC
mpc.version = '2';

%%-----  Power Flow Data  -----%%
%% system MVA base
mpc.baseMVA = 100.0;
%% bus data
%    bus_i    type    Pd    Qd    Gs    Bs    area    Vm    Va    baseKV    zone    Vmax    Vmin
mpc.bus = [
	101	2	85.98317665263157	17.515091540350873	0.0	0.0	1	1.02975482731778	-3.2733631299509676	138.0	11	1.05	0.95				
	102	2	77.22563088245613	15.922810491228068	0.0	0.0	1	1.0297020919796769	-3.3675211985971756	138.0	12	1.05	0.95				
	103	1	143.30529442105262	29.457199408771924	0.0	0.0	1	1.0141013651940136	-2.2022850874933284	138.0	11	1.05	0.95				
	104	1	58.91439881754385	11.94210786842105	0.0	0.0	1	1.0134143542483192	-6.040851146744999	138.0	11	1.05	0.95				
	105	1	56.525977243859636	11.145967343859649	0.0	0.0	1	1.0292087922497628	-6.228716945046275	138.0	11	1.05	0.95				
	106	1	108.27511134035086	22.291934687719298	0.0	-100.0	1	1.034113797310171	-8.607342211845946	138.0	12	1.05	0.95				
	107	2	99.51756557017542	19.903513114035086	0.0	0.0	1	1.05	-6.565414075018221	138.0	12	1.05	0.95				
	108	1	136.14002969999996	27.864918359649117	0.0	0.0	1	1.0240336442656823	-8.7131152177285	138.0	12	1.05	0.95				
	109	1	139.3245917982456	28.661058884210522	0.0	0.0	1	1.0258598027051056	-4.990954780044008	138.0	13	1.05	0.95				
	110	1	155.24740228947365	31.845620982456136	0.0	0.0	1	1.05	-6.698273292462922	138.0	13	1.05	0.95				
	111	1	0.0	0.0	0.0	0.0	1	1.0183291646200598	-1.405899483309682	230.0	13	1.05	0.95				
	112	1	0.0	0.0	0.0	0.0	1	1.0180226326252146	-0.9443058185573575	230.0	13	1.05	0.95				
	113	3	210.9772390087719	42.991588326315785	0.0	0.0	1	1.0203217582576345	1.0690362616596486e-29	230.0	14	1.05	0.95				
	114	2	154.45126176491226	31.049480457894735	0.0	0.0	1	1.028341577832592	1.7722214549728257	230.0	16	1.05	0.95				
	115	2	252.37654628596488	50.95299357192982	0.0	0.0	1	1.0408073388952923	12.027261314941759	230.0	16	1.05	0.95				
	116	2	79.61405245614034	15.922810491228068	0.0	0.0	1	1.0407806020627144	11.176694209512398	230.0	16	1.05	0.95				
	117	1	0.0	0.0	0.0	0.0	1	1.0426674455842408	16.24715794601464	230.0	17	1.05	0.95				
	118	2	265.11479467894736	54.13755567017543	0.0	0.0	1	1.05	16.69382678694403	230.0	17	1.05	0.95				
	119	1	144.10143494561402	29.457199408771924	0.0	0.0	1	1.0374942285333675	8.69374504515807	230.0	15	1.05	0.95				
	120	1	101.90598714385963	20.699653638596487	0.0	0.0	1	1.042684630354298	8.042939977806256	230.0	15	1.05	0.95				
	121	2	0.0	0.0	0.0	0.0	1	1.05	17.385243309957186	230.0	17	1.05	0.95				
	122	2	0.0	0.0	0.0	0.0	1	1.05	33.54601053249142	230.0	17	1.05	0.95				
	123	2	0.0	0.0	0.0	0.0	1	1.0476860283374303	8.26890814401898	230.0	15	1.05	0.95				
	124	1	0.0	0.0	0.0	0.0	1	1.0126352956227698	6.771123637387655	230.0	16	1.05	0.95				
	201	2	87.3111915663158	17.785613096842106	0.0	0.0	2	1.0459871288221998	-15.866637754190204	138.0	21	1.05	0.95				
	202	2	78.41838501789474	16.16873917894737	0.0	0.0	2	1.047531768446001	-16.057299977876273	138.0	22	1.05	0.95				
	203	1	145.51865261052632	29.91216748105263	0.0	0.0	2	1.0250486035424444	-11.558479928883454	138.0	21	1.05	0.95				
	204	1	59.82433496210526	12.126554384210527	0.0	0.0	2	1.0208217019576198	-17.583454013839066	138.0	21	1.05	0.95				
	205	1	57.399024085263164	11.318117425263159	0.0	0.0	2	1.037694135048122	-18.083604359116293	138.0	21	1.05	0.95				
	206	1	109.94742641684212	22.636234850526318	0.0	-100.0	2	1.0385598721862417	-20.10518560332069	138.0	22	1.05	0.95				
	207	2	101.05461986842106	20.21092397368421	0.0	0.0	2	0.95	-31.56653604206203	138.0	22	1.05	0.95				
	208	1	138.24271998	28.29529356315789	0.0	0.0	2	0.9559335934265739	-27.775779375185593	138.0	22	1.05	0.95				
	209	1	141.47646781578948	29.103730522105266	0.0	0.0	2	1.024769207934132	-15.584490822937857	138.0	23	1.05	0.95				
	210	1	157.64520699473684	32.33747835789474	0.0	0.0	2	1.05	-17.820013677410415	138.0	23	1.05	0.95				
	211	1	0.0	0.0	0.0	0.0	2	1.031968099578588	-10.375659631928132	230.0	23	1.05	0.95				
	212	1	0.0	0.0	0.0	0.0	2	1.0227902227953014	-9.108705625457912	230.0	23	1.05	0.95				
	213	2	214.23579412105263	43.6555957831579	0.0	0.0	2	1.05	-6.863184612396578	230.0	24	1.05	0.95				
	214	2	156.83677003578947	31.52904139894737	0.0	0.0	2	1.05	-7.4094614638310645	230.0	26	1.05	0.95				
	215	2	256.2745159863158	51.73996537263158	0.0	0.0	2	1.0439826011685762	1.8954248764876405	230.0	26	1.05	0.95				
	216	2	80.84369589473684	16.16873917894737	0.0	0.0	2	1.0483033693294197	1.7998527783056362	230.0	26	1.05	0.95				
	217	1	0.0	0.0	0.0	0.0	2	1.049333316131291	5.49567933983086	230.0	27	1.05	0.95				
	218	2	269.2095073294737	54.97371320842106	0.0	0.0	2	1.05	6.046738705921101	230.0	27	1.05	0.95				
	219	1	146.32708956947369	29.91216748105263	0.0	0.0	2	1.0431205821336047	1.1995303122971126	230.0	25	1.05	0.95				
	220	1	103.47993074526316	21.01936093263158	0.0	0.0	2	1.0458731546877604	2.1884653955995415	230.0	25	1.05	0.95				
	221	2	0.0	0.0	0.0	0.0	2	1.05	6.394664182900838	230.0	27	1.05	0.95				
	222	2	0.0	0.0	0.0	0.0	2	1.05	12.554021805575228	230.0	27	1.05	0.95				
	223	2	0.0	0.0	0.0	0.0	2	1.05	3.317120672807205	230.0	25	1.05	0.95				
	224	1	0.0	0.0	0.0	0.0	2	1.0197823204302832	-3.1088130882231644	230.0	26	1.05	0.95				
	301	2	66.29990509894738	13.505536223859648	0.0	0.0	3	1.0127539658573654	-15.828154777374777	138.0	31	1.05	0.95				
	302	2	59.547136987017545	12.277760203508773	0.0	0.0	3	1.01139944477123	-16.096593354634535	138.0	32	1.05	0.95				
	303	1	110.49984183157895	22.71385637649123	0.0	0.0	3	1.0441705748044536	-3.5650902542082044	138.0	31	1.05	0.95				
	304	1	45.42771275298246	9.208320152631579	0.0	0.0	3	1.009417397890072	-13.99884879651438	138.0	31	1.05	0.95				
	305	1	43.58604872245614	8.594432142456142	0.0	0.0	3	1.0233815331728617	-15.95555157839806	138.0	31	1.05	0.95				
	306	1	83.48876938385965	17.188864284912285	0.0	-100.0	3	1.0358435551256788	-16.701686504832633	138.0	32	1.05	0.95				
	307	2	76.73600127192982	15.347200254385966	0.0	0.0	3	0.9981057987735369	-19.735342138702077	138.0	32	1.05	0.95				
	308	1	104.97484974	21.48608035614035	0.0	0.0	3	0.9973033064243316	-18.3645745749302	138.0	32	1.05	0.95				
	309	1	107.43040178070176	22.09996836631579	0.0	0.0	3	1.0294992187295176	-9.793143185197835	138.0	33	1.05	0.95				
	310	1	119.70816198421052	24.555520407017546	0.0	0.0	3	1.05	-14.114020213427878	138.0	33	1.05	0.95				
	311	1	0.0	0.0	0.0	0.0	3	1.0177613714571045	-7.540021722095739	230.0	33	1.05	0.95				
	312	1	0.0	0.0	0.0	0.0	3	1.0187735251895842	-6.913716890644448	230.0	33	1.05	0.95				
	313	2	162.68032269649123	33.14995254947369	0.0	0.0	3	1.0212802561932266	-4.451443512536136	230.0	34	1.05	0.95				
	314	2	119.09427397403509	23.941632396842106	0.0	0.0	3	1.0247810801348847	-5.808475220178938	230.0	36	1.05	0.95				
	315	2	194.60249922561403	39.28883265122807	0.0	0.0	3	1.0471757324289663	0.5828400075230379	230.0	36	1.05	0.95				
	316	2	61.38880101754386	12.277760203508773	0.0	0.0	3	1.0452265878663352	0.34182173410680355	230.0	36	1.05	0.95				
	317	1	0.0	0.0	0.0	0.0	3	1.05	4.216477868089781	230.0	37	1.05	0.95				
	318	2	204.42470738842107	41.744384691929824	0.0	0.0	3	1.0479569813598817	3.4915346212802207	230.0	37	1.05	0.95				
	319	1	111.11372984175438	22.71385637649123	0.0	0.0	3	1.0404853611565918	-0.8945416744166496	230.0	35	1.05	0.95				
	320	1	78.57766530245614	15.961088264561404	0.0	0.0	3	1.0414814471689606	-0.8134742951111923	230.0	35	1.05	0.95				
	321	2	0.0	0.0	0.0	0.0	3	1.05	4.218898424782847	230.0	37	1.05	0.95				
	322	2	0.0	0.0	0.0	0.0	3	1.05	9.994920609055809	230.0	37	1.05	0.95				
	323	2	0.0	0.0	0.0	0.0	3	1.0434188123802317	-0.3151115853098203	230.0	35	1.05	0.95				
	324	1	0.0	0.0	0.0	0.0	3	1.0393243265451242	-0.974487266174228	230.0	36	1.05	0.95				
	325	1	0.0	0.0	0.0	0.0	3	1.0379773590359522	1.1404427090400753	230.0	35	1.05	0.95				
];

%% generator data
%    bus    Pg    Qg    Qmax    Qmin    Vg    mBase    status    Pmax    Pmin    Pc1    Pc2    Qc1min    Qc1max    Qc2min    Qc2max    ramp_agc    ramp_10    ramp_30    ramp_q    apf
