%% MATPOWER Case Format : Version 2
function mpc = RTS_GMLC
mpc.version = '2';

%%-----  Power Flow Data  -----%%
%% system MVA base
mpc.baseMVA = 100.0;
%% bus data
%    bus_i    type    Pd    Qd    Gs    Bs    area    Vm    Va    baseKV    zone    Vmax    Vmin
mpc.bus = [
	101	2	91.15338941052633	18.568283028070176	0.0	0.0	1	1.0386975450210236	-4.1567634018290915	138.0	11	1.05	0.95				
	102	2	81.86924789649123	16.880257298245617	0.0	0.0	1	1.0387666362429033	-4.219486687877269	138.0	12	1.05	0.95				
	103	1	151.92231568421056	31.22847600175439	0.0	0.0	1	1.0188593091688158	-4.895174687454728	138.0	11	1.05	0.95				
	104	1	62.45695200350878	12.660192973684211	0.0	0.0	1	1.0177122739136035	-7.259988137435886	138.0	11	1.05	0.95				
	105	1	59.92491340877193	11.816180108771931	0.0	0.0	1	1.033002973215292	-7.382172983787331	138.0	11	1.05	0.95				
	106	1	114.78574962807019	23.632360217543862	0.0	-100.0	1	1.0347435590782275	-9.94926703365553	138.0	12	1.05	0.95				
	107	2	105.50160811403511	21.10032162280702	0.0	0.0	1	1.05	-7.071168698588597	138.0	12	1.05	0.95				
	108	1	144.3261999	29.540450271929824	0.0	0.0	1	1.0228747669016582	-9.756783151635766	138.0	12	1.05	0.95				
	109	1	147.70225135964915	30.384463136842104	0.0	0.0	1	1.0271374717686494	-6.538869682850893	138.0	13	1.05	0.95				
	110	1	164.58250865789475	33.760514596491234	0.0	0.0	1	1.05	-8.012708254719847	138.0	13	1.05	0.95				
	111	1	0.0	0.0	0.0	0.0	1	1.0171657368847373	-2.9788923913620895	230.0	13	1.05	0.95				
	112	1	0.0	0.0	0.0	0.0	1	1.0185110194706515	-1.8656343569533511	230.0	13	1.05	0.95				
	113	3	223.66340920175438	45.576694705263165	0.0	0.0	1	1.0231777197614076	-2.862507492671982e-27	230.0	14	1.05	0.95				
	114	2	163.73849579298246	32.916501731578954	0.0	0.0	1	1.0213652853548496	-1.2915820277927843	230.0	16	1.05	0.95				
	115	2	267.552078177193	54.01682335438597	0.0	0.0	1	1.0444508274007556	6.513693214712001	230.0	16	1.05	0.95				
	116	2	84.40128649122808	16.880257298245617	0.0	0.0	1	1.044633565985357	6.222481718746504	230.0	16	1.05	0.95				
	117	1	0.0	0.0	0.0	0.0	1	1.0477215848053278	9.300117716959607	230.0	17	1.05	0.95				
	118	2	281.0562840157895	57.392874814035096	0.0	0.0	1	1.0495521342683312	9.97906710554142	230.0	17	1.05	0.95				
	119	1	152.76632854912282	31.22847600175439	0.0	0.0	1	1.0391488647036284	5.191140020110568	230.0	15	1.05	0.95				
	120	1	108.03364670877194	21.9443344877193	0.0	0.0	1	1.0418020824858178	5.74361305690318	230.0	15	1.05	0.95				
	121	2	0.0	0.0	0.0	0.0	1	1.05	10.795382508496541	230.0	17	1.05	0.95				
	122	2	0.0	0.0	0.0	0.0	1	1.05	16.720321757102127	230.0	17	1.05	0.95				
	123	2	0.0	0.0	0.0	0.0	1	1.0458806953149342	6.663693311243751	230.0	15	1.05	0.95				
	124	1	0.0	0.0	0.0	0.0	1	1.0205802964112756	2.300342503908286	230.0	16	1.05	0.95				
	201	2	93.73713207157896	19.09460097754386	0.0	0.0	2	1.05	-13.352027004983247	138.0	21	1.05	0.95				
	202	2	84.18983158280702	17.358728161403512	0.0	0.0	2	1.05	-13.386938372981406	138.0	22	1.05	0.95				
	203	1	156.2285534526316	32.113647098596495	0.0	0.0	2	1.0249485528492954	-10.136086985228285	138.0	21	1.05	0.95				
	204	1	64.22729419719299	13.019046121052632	0.0	0.0	2	1.0199625511407857	-15.147545510511575	138.0	21	1.05	0.95				
	205	1	61.62348497298245	12.151109712982459	0.0	0.0	2	1.0376327219608237	-15.607702221956776	138.0	21	1.05	0.95				
	206	1	118.03935149754388	24.302219425964918	0.0	-100.0	2	1.03528132881484	-17.674155474625387	138.0	22	1.05	0.95				
	207	2	108.49205100877192	21.69841020175439	0.0	0.0	2	0.95	-28.266506711924304	138.0	22	1.05	0.95				
	208	1	148.41712578	30.377774282456137	0.0	0.0	2	0.9539289409012169	-25.03093428598046	138.0	22	1.05	0.95				
	209	1	151.8888714122807	31.24571069052632	0.0	0.0	2	1.0234164461860566	-13.10504922214685	138.0	23	1.05	0.95				
	210	1	169.2475995736842	34.717456322807024	0.0	0.0	2	1.047406496034342	-15.20584618404388	138.0	23	1.05	0.95				
	211	1	0.0	0.0	0.0	0.0	2	1.0305134953759063	-7.44059249077862	230.0	23	1.05	0.95				
	212	1	0.0	0.0	0.0	0.0	2	1.0210441675298498	-5.965131175253091	230.0	23	1.05	0.95				
	213	2	230.00314813859652	46.86856603578948	0.0	0.0	2	1.05	-2.781392055353519	230.0	24	1.05	0.95				
	214	2	168.37966316561403	33.849519914736845	0.0	0.0	2	1.05	-5.1221127527428685	230.0	26	1.05	0.95				
	215	2	275.1358413582456	55.54793011649123	0.0	0.0	2	1.0453701738325367	3.7959168400028855	230.0	26	1.05	0.95				
	216	2	86.79364080701755	17.358728161403512	0.0	0.0	2	1.049104929444235	3.5352560469590184	230.0	26	1.05	0.95				
	217	1	0.0	0.0	0.0	0.0	2	1.0497325224879495	6.5541102006353125	230.0	27	1.05	0.95				
	218	2	289.0228238873684	59.01967574877194	0.0	0.0	2	1.05	7.21778383250499	230.0	27	1.05	0.95				
	219	1	157.09648986070178	32.113647098596495	0.0	0.0	2	1.0428930084500425	3.1690616297136653	230.0	25	1.05	0.95				
	220	1	111.09586023298246	22.566346609824564	0.0	0.0	2	1.0454976390800308	4.472500773982958	230.0	25	1.05	0.95				
	221	2	0.0	0.0	0.0	0.0	2	1.05	7.802872322093056	230.0	27	1.05	0.95				
	222	2	0.0	0.0	0.0	0.0	2	1.05	13.824833035284051	230.0	27	1.05	0.95				
	223	2	0.0	0.0	0.0	0.0	2	1.05	5.8158283051970825	230.0	25	1.05	0.95				
	224	1	0.0	0.0	0.0	0.0	2	1.0198918285906637	-1.3798169320707723	230.0	26	1.05	0.95				
	301	2	73.13318571789475	14.897500794385966	0.0	0.0	3	1.006407488343988	-12.478614419856616	138.0	31	1.05	0.95				
	302	2	65.68443532070175	13.543182540350879	0.0	0.0	3	1.0058344260464753	-12.611262614714583	138.0	32	1.05	0.95				
	303	1	121.8886428631579	25.054887699649125	0.0	0.0	3	1.0193701129479993	-5.651689359359945	138.0	31	1.05	0.95				
	304	1	50.10977539929825	10.157386905263158	0.0	0.0	3	1.003737499430651	-10.36697348285334	138.0	31	1.05	0.95				
	305	1	48.07829801824561	9.480227778245615	0.0	0.0	3	1.0181261499025709	-10.858053363812612	138.0	31	1.05	0.95				
	306	1	92.09364127438597	18.96045555649123	0.0	-100.0	3	1.0321276955177978	-10.69348544243264	138.0	32	1.05	0.95				
	307	2	84.64489087719298	16.928978175438598	0.0	0.0	3	1.0077495993849166	-11.882129244579543	138.0	32	1.05	0.95				
	308	1	115.79421072	23.700569445614033	0.0	0.0	3	1.004834566159931	-11.149484925269354	138.0	32	1.05	0.95				
	309	1	118.50284722807018	24.37772857263158	0.0	0.0	3	1.026715224398595	-5.770343769232553	138.0	33	1.05	0.95				
	310	1	132.04602976842105	27.086365080701757	0.0	0.0	3	1.05	-7.067290347979819	138.0	33	1.05	0.95				
	311	1	0.0	0.0	0.0	0.0	3	1.017692463068899	0.0411276437759384	230.0	33	1.05	0.95				
	312	1	0.0	0.0	0.0	0.0	3	1.0189505659972198	0.6299341677360302	230.0	33	1.05	0.95				
	313	2	179.44716865964912	36.566592858947374	0.0	0.0	3	1.032358080160028	5.426450004632963	230.0	34	1.05	0.95				
	314	2	131.3688706414035	26.40920595368421	0.0	0.0	3	1.0252592132889893	1.696963307404738	230.0	36	1.05	0.95				
	315	2	214.6594432645614	43.33818412912281	0.0	0.0	3	1.042882790403547	3.9892390778744793	230.0	36	1.05	0.95				
	316	2	67.71591270175439	13.543182540350879	0.0	0.0	3	1.0400659392672467	4.009258136291481	230.0	36	1.05	0.95				
	317	1	0.0	0.0	0.0	0.0	3	1.0445218292000873	5.522367141817449	230.0	37	1.05	0.95				
	318	2	225.49398929684213	46.04682063719299	0.0	0.0	3	1.0453218532499713	5.4593596026247875	230.0	37	1.05	0.95				
	319	1	122.56580199017544	25.054887699649125	0.0	0.0	3	1.0361832271225304	4.135381736710608	230.0	35	1.05	0.95				
	320	1	86.67636825824562	17.60613730245614	0.0	0.0	3	1.0358576501534191	4.419267540659838	230.0	35	1.05	0.95				
	321	2	0.0	0.0	0.0	0.0	3	1.0484894613713784	6.89385727327173	230.0	37	1.05	0.95				
	322	2	0.0	0.0	0.0	0.0	3	1.05	12.127640023228338	230.0	37	1.05	0.95				
	323	2	0.0	0.0	0.0	0.0	3	1.0364070378168344	4.68584695611796	230.0	35	1.05	0.95				
	324	1	0.0	0.0	0.0	0.0	3	1.024125709874691	1.9479098228023703	230.0	36	1.05	0.95				
	325	1	0.0	0.0	0.0	0.0	3	1.0368968650278383	5.207454966021855	230.0	35	1.05	0.95				
];
