%% MATPOWER Case Format : Version 2
function mpc = RTS_GMLC
mpc.version = '2';

%%-----  Power Flow Data  -----%%
%% system MVA base
mpc.baseMVA = 100.0;
%% bus data
%    bus_i    type    Pd    Qd    Gs    Bs    area    Vm    Va    baseKV    zone    Vmax    Vmin
mpc.bus = [
	101	2	81.45423056842105	16.59252844912281	0.0	0.0	1	1.0302462360268907	-2.181648640007315	138.0	11	1.05	0.95				
	102	2	73.15796634385964	15.084116771929827	0.0	0.0	1	1.030223607982354	-2.2627864556642954	138.0	12	1.05	0.95				
	103	1	135.75705094736844	27.905616028070174	0.0	0.0	1	1.017718982589856	-1.781579299625116	138.0	11	1.05	0.95				
	104	1	55.81123205614035	11.31308757894737	0.0	0.0	1	1.0146707727494693	-5.074346751962487	138.0	11	1.05	0.95				
	105	1	53.54861454035088	10.558881740350879	0.0	0.0	1	1.029996981466344	-5.1949710338053094	138.0	11	1.05	0.95				
	106	1	102.57199404912282	21.117763480701758	0.0	-100.0	1	1.0354466513263594	-7.568139834609632	138.0	12	1.05	0.95				
	107	2	94.27572982456141	18.855145964912282	0.0	0.0	1	1.05	-5.086083612492986	138.0	12	1.05	0.95				
	108	1	128.9691984	26.39720435087719	0.0	0.0	1	1.0254091258307432	-7.406464168192238	138.0	12	1.05	0.95				
	109	1	131.98602175438597	27.151410189473683	0.0	0.0	1	1.026225862403539	-4.311601472492216	138.0	13	1.05	0.95				
	110	1	147.0701385263158	30.168233543859653	0.0	0.0	1	1.05	-5.858402688326766	138.0	13	1.05	0.95				
	111	1	0.0	0.0	0.0	0.0	1	1.0155904361470538	-1.1469648213097456	230.0	13	1.05	0.95				
	112	1	0.0	0.0	0.0	0.0	1	1.0167483195261997	-0.5963519280709886	230.0	13	1.05	0.95				
	113	3	199.8645472280702	40.72711528421053	0.0	0.0	1	1.0162247166687612	-1.719052723314684e-28	230.0	14	1.05	0.95				
	114	2	146.31593268771928	29.414027705263162	0.0	0.0	1	1.022018282357788	1.801945031207991	230.0	16	1.05	0.95				
	115	2	239.08325083508774	48.26917367017544	0.0	0.0	1	1.0435049570038024	11.147952053249991	230.0	16	1.05	0.95				
	116	2	75.42058385964913	15.084116771929827	0.0	0.0	1	1.0428449279797767	10.544963380368797	230.0	16	1.05	0.95				
	117	1	0.0	0.0	0.0	0.0	1	1.045282126392164	14.73073054004631	230.0	17	1.05	0.95				
	118	2	251.15054425263162	51.28599702456141	0.0	0.0	1	1.05	15.187051063633408	230.0	17	1.05	0.95				
	119	1	136.51125678596492	27.905616028070174	0.0	0.0	1	1.0381070935557382	8.469049122919708	230.0	15	1.05	0.95				
	120	1	96.53834734035088	19.609351803508773	0.0	0.0	1	1.0412153046571027	8.087301844528508	230.0	15	1.05	0.95				
	121	2	0.0	0.0	0.0	0.0	1	1.05	15.773829330160538	230.0	17	1.05	0.95				
	122	2	0.0	0.0	0.0	0.0	1	1.05	28.33245681152328	230.0	17	1.05	0.95				
	123	2	0.0	0.0	0.0	0.0	1	1.0449011812173399	8.43216011621382	230.0	15	1.05	0.95				
	124	1	0.0	0.0	0.0	0.0	1	1.0175177181602777	6.369939018397317	230.0	16	1.05	0.95				
	201	2	89.67416968421053	18.26696049122807	0.0	0.0	2	1.05	-13.897782519114283	138.0	21	1.05	0.95				
	202	2	80.54068943859647	16.606327719298246	0.0	0.0	2	1.05	-13.986256087961523	138.0	22	1.05	0.95				
	203	1	149.4569494736842	30.72170628070175	0.0	0.0	2	1.0253571168271962	-10.146303833420887	138.0	21	1.05	0.95				
	204	1	61.4434125614035	12.454745789473682	0.0	0.0	2	1.0215018048600473	-15.762052635829523	138.0	21	1.05	0.95				
	205	1	58.95246340350876	11.624429403508772	0.0	0.0	2	1.0393760524486404	-16.243646344401586	138.0	21	1.05	0.95				
	206	1	112.92302849122807	23.248858807017545	0.0	-100.0	2	1.0383714565221227	-18.335725480572844	138.0	22	1.05	0.95				
	207	2	103.78954824561401	20.757909649122805	0.0	0.0	2	0.95	-29.64455191175271	138.0	22	1.05	0.95				
	208	1	141.98410199999998	29.061073508771923	0.0	0.0	2	0.9554089213852872	-26.017264017092263	138.0	22	1.05	0.95				
	209	1	145.30536754385963	29.891389894736836	0.0	0.0	2	1.0247588092275672	-13.89033935521642	138.0	23	1.05	0.95				
	210	1	161.91169526315787	33.21265543859649	0.0	0.0	2	1.0499194374230194	-16.057896162931282	138.0	23	1.05	0.95				
	211	1	0.0	0.0	0.0	0.0	2	1.0318119675695971	-8.595973996565075	230.0	23	1.05	0.95				
	212	1	0.0	0.0	0.0	0.0	2	1.022927107473186	-7.269690469722662	230.0	23	1.05	0.95				
	213	2	220.03384228070172	44.83708484210526	0.0	0.0	2	1.05	-4.580462567206568	230.0	24	1.05	0.95				
	214	2	161.08137887719295	32.38233905263158	0.0	0.0	2	1.05	-6.0201368365308	230.0	26	1.05	0.95				
	215	2	263.2102943508772	53.14024870175438	0.0	0.0	2	1.0438282197972575	2.8588423735859436	230.0	26	1.05	0.95				
	216	2	83.03163859649122	16.606327719298246	0.0	0.0	2	1.0483075512846247	2.772074792631737	230.0	26	1.05	0.95				
	217	1	0.0	0.0	0.0	0.0	2	1.0491773887174598	6.27405543138404	230.0	27	1.05	0.95				
	218	2	276.4953565263158	56.46151424561403	0.0	0.0	2	1.05	6.832851908769672	230.0	27	1.05	0.95				
	219	1	150.2872658596491	30.72170628070175	0.0	0.0	2	1.0428826476166366	2.220964565784111	230.0	25	1.05	0.95				
	220	1	106.28049740350876	21.588226035087718	0.0	0.0	2	1.0456931028306433	3.293773435692737	230.0	25	1.05	0.95				
	221	2	0.0	0.0	0.0	0.0	2	1.05	7.238884782479117	230.0	27	1.05	0.95				
	222	2	0.0	0.0	0.0	0.0	2	1.05	13.372340325128997	230.0	27	1.05	0.95				
	223	2	0.0	0.0	0.0	0.0	2	1.05	4.483891636947107	230.0	25	1.05	0.95				
	224	1	0.0	0.0	0.0	0.0	2	1.0204469286658278	-1.9799883626939432	230.0	26	1.05	0.95				
	301	2	70.19487504	14.298956026666668	0.0	0.0	3	1.012895915509439	-16.297444754317564	138.0	31	1.05	0.95				
	302	2	63.04539702666667	12.999050933333333	0.0	0.0	3	1.0115424814794334	-16.55824352715171	138.0	32	1.05	0.95				
	303	1	116.9914584	24.048244226666668	0.0	0.0	3	1.0437375964711588	-3.8067518114458765	138.0	31	1.05	0.95				
	304	1	48.096488453333336	9.7492882	0.0	0.0	3	1.0091755681733714	-14.159901369805555	138.0	31	1.05	0.95				
	305	1	46.14663081333333	9.099335653333334	0.0	0.0	3	1.0228942334890685	-16.34831014018696	138.0	31	1.05	0.95				
	306	1	88.39354634666667	18.198671306666668	0.0	-100.0	3	1.0347899300026335	-17.080349859819915	138.0	32	1.05	0.95				
	307	2	81.24406833333333	16.248813666666667	0.0	0.0	3	1.0041529389231012	-18.243059571315502	138.0	32	1.05	0.95				
	308	1	111.14188547999998	22.74833913333333	0.0	0.0	3	1.0007856657761964	-17.624966800309704	138.0	32	1.05	0.95				
	309	1	113.74169566666667	23.39829168	0.0	0.0	3	1.0309204924786322	-9.571905038594437	138.0	33	1.05	0.95				
	310	1	126.74074660000001	25.998101866666666	0.0	0.0	3	1.05	-14.3152023037342	138.0	33	1.05	0.95				
	311	1	0.0	0.0	0.0	0.0	3	1.018985527279961	-7.593283636054095	230.0	33	1.05	0.95				
	312	1	0.0	0.0	0.0	0.0	3	1.0196497466077277	-6.989459312418966	230.0	33	1.05	0.95				
	313	2	172.23742486666666	35.09743752	0.0	0.0	3	1.0228027481761033	-4.456649093685052	230.0	34	1.05	0.95				
	314	2	126.09079405333334	25.34814932	0.0	0.0	3	1.0262330625926	-5.971620598604823	230.0	36	1.05	0.95				
	315	2	206.03495729333332	41.59696298666667	0.0	0.0	3	1.047465414890757	0.35519383883743955	230.0	36	1.05	0.95				
	316	2	64.99525466666667	12.999050933333333	0.0	0.0	3	1.0459036497278256	0.2510818967730867	230.0	36	1.05	0.95				
	317	1	0.0	0.0	0.0	0.0	3	1.05	3.799123980319521	230.0	37	1.05	0.95				
	318	2	216.43419804	44.196773173333334	0.0	0.0	3	1.0480980876270023	3.1984496313287014	230.0	37	1.05	0.95				
	319	1	117.64141094666667	24.048244226666668	0.0	0.0	3	1.0401141416751487	-1.1740296546216007	230.0	35	1.05	0.95				
	320	1	83.19392597333334	16.898766213333335	0.0	0.0	3	1.0407008516591225	-1.1908960136561773	230.0	35	1.05	0.95				
	321	2	0.0	0.0	0.0	0.0	3	1.05	3.942599418870108	230.0	37	1.05	0.95				
	322	2	0.0	0.0	0.0	0.0	3	1.05	9.66318211037476	230.0	37	1.05	0.95				
	323	2	0.0	0.0	0.0	0.0	3	1.0425659474186884	-0.7194192416538039	230.0	35	1.05	0.95				
	324	1	0.0	0.0	0.0	0.0	3	1.0393283811825653	-1.205740361936217	230.0	36	1.05	0.95				
	325	1	0.0	0.0	0.0	0.0	3	1.0378999040715085	0.642143145418214	230.0	35	1.05	0.95				
];

%% generator data
%    bus    Pg    Qg    Qmax    Qmin    Vg    mBase    status    Pmax    Pmin    Pc1    Pc2    Qc1min    Qc1max    Qc2min    Qc2max    ramp_agc    ramp_10    ramp_30    ramp_q    apf
