%% MATPOWER Case Format : Version 2
function mpc = RTS_GMLC
mpc.version = '2';

%%-----  Power Flow Data  -----%%
%% system MVA base
mpc.baseMVA = 100.0;
%% bus data
%    bus_i    type    Pd    Qd    Gs    Bs    area    Vm    Va    baseKV    zone    Vmax    Vmin
mpc.bus = [
	101	2	71.99554676210526	14.665759525614035	0.0	0.0	1	1.0311608769755836	0.030517575268201622	138.0	11	1.05	0.95				
	102	2	64.66266699929825	13.332508659649122	0.0	0.0	1	1.0311901463546134	-0.024158638663112544	138.0	12	1.05	0.95				
	103	1	119.99257793684211	24.665141020350877	0.0	0.0	1	1.0222555492622383	-0.8904101112174779	138.0	11	1.05	0.95				
	104	1	49.33028204070175	9.999381494736841	0.0	0.0	1	1.0168548737471084	-3.1245712914219883	138.0	11	1.05	0.95				
	105	1	47.33040574175438	9.332756061754386	0.0	0.0	1	1.0315602504271026	-3.106564666195366	138.0	11	1.05	0.95				
	106	1	90.66105888561404	18.665512123508773	0.0	-100.0	1	1.0381547300652354	-5.470682816804563	138.0	12	1.05	0.95				
	107	2	83.32817912280701	16.665635824561402	0.0	0.0	1	1.0489337817544309	-2.3226308426145095	138.0	12	1.05	0.95				
	108	1	113.99294903999998	23.331890154385963	0.0	0.0	1	1.0273958694501182	-4.900202761367659	138.0	12	1.05	0.95				
	109	1	116.65945077192983	23.99851558736842	0.0	0.0	1	1.0264134368847844	-2.958386037918076	138.0	13	1.05	0.95				
	110	1	129.99195943157895	26.665017319298244	0.0	0.0	1	1.05	-4.176673540505035	138.0	13	1.05	0.95				
	111	1	0.0	0.0	0.0	0.0	1	1.0108267551466628	-0.6471607270222625	230.0	13	1.05	0.95				
	112	1	0.0	0.0	0.0	0.0	1	1.014339282087535	0.08945273336293827	230.0	13	1.05	0.95				
	113	3	176.65573974035087	35.99777338105263	0.0	0.0	1	1.0085672167425812	-1.3144299587930653e-28	230.0	14	1.05	0.95				
	114	2	129.3253339985965	25.99839188631579	0.0	0.0	1	1.0114851271332044	1.7832824573412338	230.0	16	1.05	0.95				
	115	2	211.3202622554386	42.66402771087719	0.0	0.0	1	1.044077889803392	9.545358351941076	230.0	16	1.05	0.95				
	116	2	66.66254329824561	13.332508659649122	0.0	0.0	1	1.0420315607907953	9.181958914354068	230.0	16	1.05	0.95				
	117	1	0.0	0.0	0.0	0.0	1	1.0466692883676105	12.059206481976142	230.0	17	1.05	0.95				
	118	2	221.9862691831579	45.33052944280702	0.0	0.0	1	1.0490689626946472	12.60070866168478	230.0	17	1.05	0.95				
	119	1	120.65920336982457	24.665141020350877	0.0	0.0	1	1.0366355944765744	7.920651207165712	230.0	15	1.05	0.95				
	120	1	85.32805542175439	17.33226125754386	0.0	0.0	1	1.0377168598184388	8.086688644709263	230.0	15	1.05	0.95				
	121	2	0.0	0.0	0.0	0.0	1	1.05	13.044040425841814	230.0	17	1.05	0.95				
	122	2	0.0	0.0	0.0	0.0	1	1.05	19.66967596838078	230.0	17	1.05	0.95				
	123	2	0.0	0.0	0.0	0.0	1	1.0399858665466657	8.673055729337905	230.0	15	1.05	0.95				
	124	1	0.0	0.0	0.0	0.0	1	1.0228499305689154	5.679817266797758	230.0	16	1.05	0.95				
	201	2	84.45521800421054	17.203840704561404	0.0	0.0	2	1.0434474183240274	-11.700236295282036	138.0	21	1.05	0.95				
	202	2	75.85329765192984	15.639855185964912	0.0	0.0	2	1.0435002549697943	-11.86556398305724	138.0	22	1.05	0.95				
	203	1	140.75869667368423	28.933732094035086	0.0	0.0	2	1.025318547401256	-7.8243561077876285	138.0	21	1.05	0.95				
	204	1	57.86746418807017	11.729891389473684	0.0	0.0	2	1.0196160089022486	-13.522614073202236	138.0	21	1.05	0.95				
	205	1	55.521485910175436	10.94789863017544	0.0	0.0	2	1.036731858886231	-13.984425845071597	138.0	21	1.05	0.95				
	206	1	106.35101526456141	21.89579726035088	0.0	-100.0	2	1.0383168521839734	-16.0156906258012	138.0	22	1.05	0.95				
	207	2	97.7490949122807	19.54981898245614	0.0	0.0	2	0.9506890000477238	-27.811516795627835	138.0	22	1.05	0.95				
	208	1	133.72076184	27.369746575438597	0.0	0.0	2	0.9570839758255381	-23.86004284449209	138.0	22	1.05	0.95				
	209	1	136.848732877193	28.151739334736842	0.0	0.0	2	1.0249232084254893	-11.73015479137854	138.0	23	1.05	0.95				
	210	1	152.4885880631579	31.279710371929824	0.0	0.0	2	1.05	-13.864823181004551	138.0	23	1.05	0.95				
	211	1	0.0	0.0	0.0	0.0	2	1.031378807162745	-6.660888586370111	230.0	23	1.05	0.95				
	212	1	0.0	0.0	0.0	0.0	2	1.0228300807245252	-5.4312781605780405	230.0	23	1.05	0.95				
	213	2	207.22808121403506	42.22760900210527	0.0	0.0	2	1.0470964129611866	-2.885222750851917	230.0	24	1.05	0.95				
	214	2	151.70659530385967	30.497717612631583	0.0	0.0	2	1.0499999961102982	-4.092903028285458	230.0	26	1.05	0.95				
	215	2	247.89170469754387	50.04753659508771	0.0	0.0	2	1.0437698824988348	4.472290679884808	230.0	26	1.05	0.95				
	216	2	78.19927592982457	15.639855185964912	0.0	0.0	2	1.0486557339602718	4.389081434965864	230.0	26	1.05	0.95				
	217	1	0.0	0.0	0.0	0.0	2	1.0488744673899877	7.719859798197267	230.0	27	1.05	0.95				
	218	2	260.40358884631576	53.175507632280706	0.0	0.0	2	1.04999999195192	8.404531211411266	230.0	27	1.05	0.95				
	219	1	141.54068943298245	28.933732094035086	0.0	0.0	2	1.0435953382820655	3.8188839912822425	230.0	25	1.05	0.95				
	220	1	100.09507319017543	20.33181174175439	0.0	0.0	2	1.0461320767357474	4.784034400430889	230.0	25	1.05	0.95				
	221	2	0.0	0.0	0.0	0.0	2	1.05	8.818556283169173	230.0	27	1.05	0.95				
	222	2	0.0	0.0	0.0	0.0	2	1.05	14.899366582545168	230.0	27	1.05	0.95				
	223	2	0.0	0.0	0.0	0.0	2	1.05	5.880963215618878	230.0	25	1.05	0.95				
	224	1	0.0	0.0	0.0	0.0	2	1.021384755571169	-0.10201823798226689	230.0	26	1.05	0.95				
	301	2	61.328693444210536	12.492881997894736	0.0	0.0	3	1.0086078972790815	-18.005903904183235	138.0	31	1.05	0.95				
	302	2	55.08225244526316	11.357165452631579	0.0	0.0	3	1.007897962205119	-18.165727439777925	138.0	32	1.05	0.95				
	303	1	102.21448907368422	21.01075608736842	0.0	0.0	3	1.02121621586943	-11.813970783214089	138.0	31	1.05	0.95				
	304	1	42.02151217473684	8.517874089473684	0.0	0.0	3	1.008338615246594	-16.230895763258005	138.0	31	1.05	0.95				
	305	1	40.3179373568421	7.950015816842106	0.0	0.0	3	1.0215895476474333	-17.284223414347707	138.0	31	1.05	0.95				
	306	1	77.22872507789475	15.900031633684211	0.0	-100.0	3	1.0362642890474854	-17.516899903110346	138.0	32	1.05	0.95				
	307	2	70.98228407894737	14.196456815789475	0.0	0.0	3	1.0073837202254394	-18.267727495729215	138.0	32	1.05	0.95				
	308	1	97.10376461999999	19.875039542105263	0.0	0.0	3	1.0055591891981095	-18.056629297811586	138.0	32	1.05	0.95				
	309	1	99.37519771052632	20.442897814736842	0.0	0.0	3	1.0283200658011362	-12.340506842015005	138.0	33	1.05	0.95				
	310	1	110.73236316315788	22.714330905263157	0.0	0.0	3	1.05	-14.739434818136072	138.0	33	1.05	0.95				
	311	1	0.0	0.0	0.0	0.0	3	1.0149077622573834	-8.07949214655818	230.0	33	1.05	0.95				
	312	1	0.0	0.0	0.0	0.0	3	1.0154105366258868	-7.558509543073561	230.0	33	1.05	0.95				
	313	2	150.48244224736843	30.664346722105268	0.0	0.0	3	1.0198550612145694	-4.206267226273976	230.0	34	1.05	0.95				
	314	2	110.16450489052632	22.146472632631582	0.0	0.0	3	1.0222423836850778	-5.993611878382709	230.0	36	1.05	0.95				
	315	2	180.01107242421054	36.34292944842105	0.0	0.0	3	1.0455363078653936	0.051787298939358566	230.0	36	1.05	0.95				
	316	2	56.7858272631579	11.357165452631579	0.0	0.0	3	1.0440808738596723	0.36300043750465893	230.0	36	1.05	0.95				
	317	1	0.0	0.0	0.0	0.0	3	1.0476073202817149	2.790886152139761	230.0	37	1.05	0.95				
	318	2	189.09680478631577	38.614362538947375	0.0	0.0	3	1.0478278517605795	2.868867851277924	230.0	37	1.05	0.95				
	319	1	102.78234734631579	21.01075608736842	0.0	0.0	3	1.0381328483238237	-0.9259042634192792	230.0	35	1.05	0.95				
	320	1	72.6858588968421	14.764315088421053	0.0	0.0	3	1.0375942829468996	-0.9733793784140361	230.0	35	1.05	0.95				
	321	2	0.0	0.0	0.0	0.0	3	1.05	3.8506742023132596	230.0	37	1.05	0.95				
	322	2	0.0	0.0	0.0	0.0	3	1.05	9.210000133749718	230.0	37	1.05	0.95				
	323	2	0.0	0.0	0.0	0.0	3	1.03846134698166	-0.5748767744017462	230.0	35	1.05	0.95				
	324	1	0.0	0.0	0.0	0.0	3	1.0215227354487044	-4.337047061521686	230.0	36	1.05	0.95				
	325	1	0.0	0.0	0.0	0.0	3	1.035678339555161	0.5628218237508645	230.0	35	1.05	0.95				
];
