%% MATPOWER Case Format : Version 2
function mpc = RTS_GMLC
mpc.version = '2';

%%-----  Power Flow Data  -----%%
%% system MVA base
mpc.baseMVA = 100.0;
%% bus data
%    bus_i    type    Pd    Qd    Gs    Bs    area    Vm    Va    baseKV    zone    Vmax    Vmin
mpc.bus = [
	101	2	68.24146464	13.901039093333335	0.0	0.0	1	1.0166773460445795	-0.6696738335032079	138.0	11	1.05	0.95				
	102	2	61.290945093333335	12.637308266666667	0.0	0.0	1	1.0161814155209357	-0.8843288109756062	138.0	12	1.05	0.95				
	103	1	113.7357744	23.379020293333333	0.0	0.0	1	1.018341496112284	0.15173168614316473	138.0	11	1.05	0.95				
	104	1	46.75804058666667	9.4779812	0.0	0.0	1	1.010525269650671	-3.829380016184897	138.0	11	1.05	0.95				
	105	1	44.86244434666666	8.846115786666669	0.0	0.0	1	1.0245231941894888	-3.921377253566553	138.0	11	1.05	0.95				
	106	1	85.93369621333335	17.692231573333338	0.0	-100.0	1	1.0354546095230635	-6.341428967593247	138.0	12	1.05	0.95				
	107	2	78.98317666666667	15.796635333333334	0.0	0.0	1	1.0077765142944792	-10.251299311341594	138.0	12	1.05	0.95				
	108	1	108.04898568000002	22.115289466666667	0.0	0.0	1	1.0029428764743469	-9.760131145747238	138.0	12	1.05	0.95				
	109	1	110.57644733333333	22.74715488	0.0	0.0	1	1.0259980875751542	-3.6237295217174967	138.0	13	1.05	0.95				
	110	1	123.21375560000001	25.274616533333333	0.0	0.0	1	1.05	-5.158087664576255	138.0	13	1.05	0.95				
	111	1	0.0	0.0	0.0	0.0	1	1.024384431066301	-0.4440492487920995	230.0	13	1.05	0.95				
	112	1	0.0	0.0	0.0	0.0	1	1.0183851603895941	-0.598825961271506	230.0	13	1.05	0.95				
	113	3	167.44433453333335	34.12073232	0.0	0.0	1	1.0136271752454635	-4.9691858257576565e-27	230.0	14	1.05	0.95				
	114	2	122.58189018666667	24.64275112	0.0	0.0	1	1.05	2.9879443296493386	230.0	16	1.05	0.95				
	115	2	200.3013360266667	40.439386453333334	0.0	0.0	1	1.0420326830366478	13.199997974045377	230.0	16	1.05	0.95				
	116	2	63.18654133333334	12.637308266666667	0.0	0.0	1	1.0445095643326279	11.855262310892098	230.0	16	1.05	0.95				
	117	1	0.0	0.0	0.0	0.0	1	1.0417471727101317	16.995519875769606	230.0	17	1.05	0.95				
	118	2	210.41118264	42.966848106666674	0.0	0.0	1	1.0484279960530702	17.17209406449092	230.0	17	1.05	0.95				
	119	1	114.36763981333333	23.379020293333333	0.0	0.0	1	1.0416031861488602	8.715617203683667	230.0	15	1.05	0.95				
	120	1	80.87877290666667	16.428500746666668	0.0	0.0	1	1.0460762682334706	7.17970751638124	230.0	15	1.05	0.95				
	121	2	0.0	0.0	0.0	0.0	1	1.0437733335217436	18.866787419016024	230.0	17	1.05	0.95				
	122	2	0.0	0.0	0.0	0.0	1	1.05	36.8236669522251	230.0	17	1.05	0.95				
	123	2	0.0	0.0	0.0	0.0	1	1.05	6.801285991735005	230.0	15	1.05	0.95				
	124	1	0.0	0.0	0.0	0.0	1	1.0166793269741796	8.368608645623139	230.0	16	1.05	0.95				
	201	2	70.75334485894736	14.41271839719298	0.0	0.0	2	1.0331548326664384	-15.36969157349327	138.0	21	1.05	0.95				
	202	2	63.54698566035088	13.102471270175439	0.0	0.0	2	1.0334390817047632	-15.455094955095738	138.0	22	1.05	0.95				
	203	1	117.92224143157894	24.23957184982456	0.0	0.0	2	1.0184216743871817	-12.70851019774427	138.0	21	1.05	0.95				
	204	1	48.47914369964912	9.826853452631577	0.0	0.0	2	1.016892384508388	-17.403737185277162	138.0	21	1.05	0.95				
	205	1	46.5137730091228	9.171729889122807	0.0	0.0	2	1.0331416471774508	-17.755481813260133	138.0	21	1.05	0.95				
	206	1	89.09680463719299	18.343459778245613	0.0	-100.0	2	1.0395074055583409	-19.711754115381762	138.0	22	1.05	0.95				
	207	2	81.89044543859649	16.378089087719296	0.0	0.0	2	0.9800071455901047	-29.534523052485888	138.0	22	1.05	0.95				
	208	1	112.02612935999998	22.929324722807014	0.0	0.0	2	0.9809330647634619	-26.34163340500577	138.0	22	1.05	0.95				
	209	1	114.64662361403508	23.584448286315787	0.0	0.0	2	1.0236593799051543	-16.337703712910958	138.0	23	1.05	0.95				
	210	1	127.7490948842105	26.204942540350878	0.0	0.0	2	1.05	-18.105801554192603	138.0	23	1.05	0.95				
	211	1	0.0	0.0	0.0	0.0	2	1.0218152171492523	-12.393927462098098	230.0	23	1.05	0.95				
	212	1	0.0	0.0	0.0	0.0	2	1.0159112620052444	-11.239789428504922	230.0	23	1.05	0.95				
	213	2	173.60774432982453	35.37667242947368	0.0	0.0	2	1.024745526618418	-10.768146704415415	230.0	24	1.05	0.95				
	214	2	127.09397132070175	25.549818976842104	0.0	0.0	2	1.0370305787453722	-9.087486292517212	230.0	26	1.05	0.95				
	215	2	207.67416963228067	41.9279080645614	0.0	0.0	2	1.043665959978362	-0.3150225743409325	230.0	26	1.05	0.95				
	216	2	65.51235635087718	13.102471270175439	0.0	0.0	2	1.047095636282411	-0.4077655353796965	230.0	26	1.05	0.95				
	217	1	0.0	0.0	0.0	0.0	2	1.049428887595233	2.8444133611630398	230.0	27	1.05	0.95				
	218	2	218.15614664842101	44.548402318596494	0.0	0.0	2	1.0499999960334003	3.0157878925553105	230.0	27	1.05	0.95				
	219	1	118.5773649950877	24.23957184982456	0.0	0.0	2	1.0439507013121054	-0.6814618997193865	230.0	25	1.05	0.95				
	220	1	83.8558161291228	17.03321265122807	0.0	0.0	2	1.0466462162966612	0.3070222500059251	230.0	25	1.05	0.95				
	221	2	0.0	0.0	0.0	0.0	2	1.0490935807400048	2.668737919776707	230.0	27	1.05	0.95				
	222	2	0.0	0.0	0.0	0.0	2	1.05	9.249873479703451	230.0	27	1.05	0.95				
	223	2	0.0	0.0	0.0	0.0	2	1.05	1.3260176781032031	230.0	25	1.05	0.95				
	224	1	0.0	0.0	0.0	0.0	2	1.0186221301507634	-4.896129430434095	230.0	26	1.05	0.95				
	301	2	56.78456184	11.56722556	0.0	0.0	3	1.0163277672756277	-4.938265449954476	138.0	31	1.05	0.95				
	302	2	51.00094906	10.515659600000001	0.0	0.0	3	1.014864579106256	-5.221819049966809	138.0	32	1.05	0.95				
	303	1	94.64093640000002	19.453970260000002	0.0	0.0	3	1.0473621539407156	7.084683274207449	138.0	31	1.05	0.95				
	304	1	38.907940520000004	7.8867446999999995	0.0	0.0	3	1.0118142609775231	-3.6871240427853746	138.0	31	1.05	0.95				
	305	1	37.33059158	7.360961720000001	0.0	0.0	3	1.0265720098468925	-5.360203567389354	138.0	31	1.05	0.95				
	306	1	71.50648528	14.721923440000001	0.0	-100.0	3	1.0393072797233813	-6.198158907252612	138.0	32	1.05	0.95				
	307	2	65.7228725	13.144574500000001	0.0	0.0	3	0.9927653749905486	-11.841329696892647	138.0	32	1.05	0.95				
	308	1	89.90888958	18.4024043	0.0	0.0	3	0.995077519993636	-9.376383353295097	138.0	32	1.05	0.95				
	309	1	92.0120215	18.92818728	0.0	0.0	3	1.0266499315641826	-0.2813384221812806	138.0	33	1.05	0.95				
	310	1	102.5276811	21.031319200000002	0.0	0.0	3	1.05	-4.09808636285832	138.0	33	1.05	0.95				
	311	1	0.0	0.0	0.0	0.0	3	1.0133186423118377	1.8571706198127311	230.0	33	1.05	0.95				
	312	1	0.0	0.0	0.0	0.0	3	1.0130127457675193	2.2178412132346903	230.0	33	1.05	0.95				
	313	2	139.3324897	28.39228092	0.0	0.0	3	1.012114294270734	4.751194938052315	230.0	34	1.05	0.95				
	314	2	102.00189812	20.50553622	0.0	0.0	3	1.0198725892371248	3.4390610299836086	230.0	36	1.05	0.95				
	315	2	166.67320466	33.65011072	0.0	0.0	3	1.0435634575681167	8.531386112084114	230.0	36	1.05	0.95				
	316	2	52.578298000000004	10.515659600000001	0.0	0.0	3	1.0408199382805798	8.854467042788192	230.0	36	1.05	0.95				
	317	1	0.0	0.0	0.0	0.0	3	1.05	13.141670849922447	230.0	37	1.05	0.95				
	318	2	175.08573234	35.75324264	0.0	0.0	3	1.0448124906137546	10.571212130057708	230.0	37	1.05	0.95				
	319	1	95.16671938	19.453970260000002	0.0	0.0	3	1.0315954608365014	7.415463289388165	230.0	35	1.05	0.95				
	320	1	67.30022144	13.67035748	0.0	0.0	3	1.0278562971068705	7.164739083313578	230.0	35	1.05	0.95				
	321	2	0.0	0.0	0.0	0.0	3	1.0455894264159329	10.526761208986214	230.0	37	1.05	0.95				
	322	2	0.0	0.0	0.0	0.0	3	1.05	15.895643674131813	230.0	37	1.05	0.95				
	323	2	0.0	0.0	0.0	0.0	3	1.0267720770454445	7.4291540931047555	230.0	35	1.05	0.95				
	324	1	0.0	0.0	0.0	0.0	3	1.040143690395241	7.987250199870741	230.0	36	1.05	0.95				
	325	1	0.0	0.0	0.0	0.0	3	1.0254999143326136	8.396985430040054	230.0	35	1.05	0.95				
];

%% generator data
%    bus    Pg    Qg    Qmax    Qmin    Vg    mBase    status    Pmax    Pmin    Pc1    Pc2    Qc1min    Qc1max    Qc2min    Qc2max    ramp_agc    ramp_10    ramp_30    ramp_q    apf
