%% MATPOWER Case Format : Version 2
function mpc = RTS_GMLC
mpc.version = '2';

%%-----  Power Flow Data  -----%%
%% system MVA base
mpc.baseMVA = 100.0;
%% bus data
%    bus_i    type    Pd    Qd    Gs    Bs    area    Vm    Va    baseKV    zone    Vmax    Vmin
mpc.bus = [
	101	2	65.11528947789473	13.264225634385966	0.0	0.0	1	1.0314287680935672	1.3185350800917008	138.0	11	1.05	0.95				
	102	2	58.483176660701744	12.058386940350877	0.0	0.0	1	1.0314974204752663	1.2840347490076003	138.0	12	1.05	0.95				
	103	1	108.5254824631579	22.30801583964912	0.0	0.0	1	1.0236704762313453	-0.5699810827823157	138.0	11	1.05	0.95				
	104	1	44.61603167929824	9.043790205263157	0.0	0.0	1	1.0180619978585275	-2.0264501134950352	138.0	11	1.05	0.95				
	105	1	42.807273638245604	8.440870858245614	0.0	0.0	1	1.0324768895632888	-1.9040514437535956	138.0	11	1.05	0.95				
	106	1	81.99703119438595	16.881741716491227	0.0	-100.0	1	1.0399939731001422	-4.259143182564552	138.0	12	1.05	0.95				
	107	2	75.36491837719296	15.072983675438595	0.0	0.0	1	1.0481235125003625	-1.0028824639914367	138.0	12	1.05	0.95				
	108	1	103.09920833999999	21.102177145614032	0.0	0.0	1	1.0287235322796378	-3.609498520691784	138.0	12	1.05	0.95				
	109	1	105.51088572807016	21.705096492631576	0.0	0.0	1	1.0262802599578003	-2.2914356707607153	138.0	13	1.05	0.95				
	110	1	117.56927266842104	24.116773880701754	0.0	0.0	1	1.05	-3.263381534511665	138.0	13	1.05	0.95				
	111	1	0.0	0.0	0.0	0.0	1	1.0077475319028626	-0.4901883817675271	230.0	13	1.05	0.95				
	112	1	0.0	0.0	0.0	0.0	1	1.0128656964863714	0.29098531527580207	230.0	13	1.05	0.95				
	113	3	159.7736269596491	32.55764473894737	0.0	0.0	1	1.0038602395777503	6.480591827368324e-31	230.0	14	1.05	0.95				
	114	2	116.96635332140349	23.51385453368421	0.0	0.0	1	1.0048542459832277	1.4723502353534044	230.0	16	1.05	0.95				
	115	2	191.1254330045614	38.5868382091228	0.0	0.0	1	1.0415968874821506	8.069167042343718	230.0	16	1.05	0.95				
	116	2	60.29193470175438	12.058386940350877	0.0	0.0	1	1.0385819464823267	7.808150307253299	230.0	16	1.05	0.95				
	117	1	0.0	0.0	0.0	0.0	1	1.045400642059981	10.256247526229965	230.0	17	1.05	0.95				
	118	2	200.7721425568421	40.99851559719298	0.0	0.0	1	1.0482636840234747	10.661777410417308	230.0	17	1.05	0.95				
	119	1	109.12840181017542	22.30801583964912	0.0	0.0	1	1.0334344942142535	6.929546165691428	230.0	15	1.05	0.95				
	120	1	77.1736764182456	15.67590302245614	0.0	0.0	1	1.033900664758517	7.317226986295575	230.0	15	1.05	0.95				
	121	2	0.0	0.0	0.0	0.0	1	1.05	10.832095647262788	230.0	17	1.05	0.95				
	122	2	0.0	0.0	0.0	0.0	1	1.05	17.11734306719802	230.0	17	1.05	0.95				
	123	2	0.0	0.0	0.0	0.0	1	1.0356037238062799	7.982902714818811	230.0	15	1.05	0.95				
	124	1	0.0	0.0	0.0	0.0	1	1.023948919271421	4.861712882525778	230.0	16	1.05	0.95				
	201	2	75.85329766736844	15.451597672982459	0.0	0.0	2	1.0360120127185632	-10.982920809970702	138.0	21	1.05	0.95				
	202	2	68.1274988308772	14.046906975438597	0.0	0.0	2	1.0361469171910747	-11.094909920446394	138.0	22	1.05	0.95				
	203	1	126.42216277894738	25.986777904561404	0.0	0.0	2	1.0255821902698101	-7.239566469433226	138.0	21	1.05	0.95				
	204	1	51.97355580912281	10.535180231578948	0.0	0.0	2	1.0177957721320057	-12.8964004537675	138.0	21	1.05	0.95				
	205	1	49.86651976280702	9.832834882807019	0.0	0.0	2	1.0339672538169369	-13.3649416728131	138.0	21	1.05	0.95				
	206	1	95.51896743298246	19.665669765614037	0.0	-100.0	2	1.0388006052750896	-15.365970881922609	138.0	22	1.05	0.95				
	207	2	87.79316859649123	17.558633719298246	0.0	0.0	2	0.9698709767729267	-25.83153255897425	138.0	22	1.05	0.95				
	208	1	120.10105464	24.582087207017544	0.0	0.0	2	0.9727687778806817	-22.37074417125986	138.0	22	1.05	0.95				
	209	1	122.91043603508773	25.284432555789476	0.0	0.0	2	1.0247577149983793	-11.527059639910798	138.0	23	1.05	0.95				
	210	1	136.95734301052633	28.093813950877195	0.0	0.0	2	1.05	-13.571790208133393	138.0	23	1.05	0.95				
	211	1	0.0	0.0	0.0	0.0	2	1.023715593546278	-7.150022250539653	230.0	23	1.05	0.95				
	212	1	0.0	0.0	0.0	0.0	2	1.0203690798075702	-6.357619404640137	230.0	23	1.05	0.95				
	213	2	186.12151742456143	37.92664883368422	0.0	0.0	2	1.0322395526932315	-4.153926281823791	230.0	24	1.05	0.95				
	214	2	136.2549976617544	27.391468602105267	0.0	0.0	2	1.0377086958723492	-4.498862574937055	230.0	26	1.05	0.95				
	215	2	222.64347556070177	44.95010232140351	0.0	0.0	2	1.0427828049139483	3.7942302911578523	230.0	26	1.05	0.95				
	216	2	70.23453487719298	14.046906975438597	0.0	0.0	2	1.0465764094120282	3.559755899119339	230.0	26	1.05	0.95				
	217	1	0.0	0.0	0.0	0.0	2	1.047586544279806	7.101962965529484	230.0	27	1.05	0.95				
	218	2	233.88100114105268	47.75948371649123	0.0	0.0	2	1.0497707427129692	7.905903224639269	230.0	27	1.05	0.95				
	219	1	127.12450812771931	25.986777904561404	0.0	0.0	2	1.04321675730997	2.2898131317027386	230.0	25	1.05	0.95				
	220	1	89.90020464280703	18.260979068070178	0.0	0.0	2	1.0464212245672888	2.5011207083486404	230.0	25	1.05	0.95				
	221	2	0.0	0.0	0.0	0.0	2	1.05	8.253528460110639	230.0	27	1.05	0.95				
	222	2	0.0	0.0	0.0	0.0	2	1.05	14.313384313511808	230.0	27	1.05	0.95				
	223	2	0.0	0.0	0.0	0.0	2	1.05	3.128129420191354	230.0	25	1.05	0.95				
	224	1	0.0	0.0	0.0	0.0	2	1.022547699537225	-0.3129505390770545	230.0	26	1.05	0.95				
	301	2	54.78582728842105	11.160075929122806	0.0	0.0	3	1.006816603500513	-25.648002857065062	138.0	31	1.05	0.95				
	302	2	49.20578932385965	10.145523571929825	0.0	0.0	3	1.006259927185487	-25.774507127726604	138.0	32	1.05	0.95				
	303	1	91.30971214736842	18.769218608070172	0.0	0.0	3	1.0224763507556016	-19.293927913964183	138.0	31	1.05	0.95				
	304	1	37.538437216140345	7.609142678947369	0.0	0.0	3	1.008165008293052	-24.0612815776703	138.0	31	1.05	0.95				
	305	1	36.01660868035088	7.101866500350877	0.0	0.0	3	1.0215680386413937	-24.88911376072222	138.0	31	1.05	0.95				
	306	1	68.9895602891228	14.203733000701755	0.0	-100.0	3	1.0376663596228861	-25.047948183751696	138.0	32	1.05	0.95				
	307	2	63.40952232456141	12.68190446491228	0.0	0.0	3	0.9958741151778099	-29.020294518600007	138.0	32	1.05	0.95				
	308	1	86.74422653999999	17.75466625087719	0.0	0.0	3	0.9990463562458862	-27.432038118967526	138.0	32	1.05	0.95				
	309	1	88.77333125438595	18.26194242947368	0.0	0.0	3	1.0266243047936392	-20.589755385073474	138.0	33	1.05	0.95				
	310	1	98.91885482631578	20.29104714385965	0.0	0.0	3	1.05	-22.500756378089317	138.0	33	1.05	0.95				
	311	1	0.0	0.0	0.0	0.0	3	1.0135969925159518	-15.923547463364422	230.0	33	1.05	0.95				
	312	1	0.0	0.0	0.0	0.0	3	1.0145896510564794	-15.425030331873419	230.0	33	1.05	0.95				
	313	2	134.42818732807015	27.392913644210527	0.0	0.0	3	1.0177925971145956	-12.341669720517197	230.0	34	1.05	0.95				
	314	2	98.4115786477193	19.78377096526316	0.0	0.0	3	1.0215205683243298	-13.421677952420243	230.0	36	1.05	0.95				
	315	2	160.8065486150877	32.46567543017544	0.0	0.0	3	1.045815188543588	-7.2428068402308	230.0	36	1.05	0.95				
	316	2	50.72761785964912	10.145523571929825	0.0	0.0	3	1.0448105535775045	-6.878774270754589	230.0	36	1.05	0.95				
	317	1	0.0	0.0	0.0	0.0	3	1.0475605098395213	-4.572638080606933	230.0	37	1.05	0.95				
	318	2	168.92296747263157	34.4947801445614	0.0	0.0	3	1.0482997303673731	-4.170684877680473	230.0	37	1.05	0.95				
	319	1	91.81698832596491	18.769218608070172	0.0	0.0	3	1.0409023506869304	-7.990634863595392	230.0	35	1.05	0.95				
	320	1	64.93135086035088	13.189180643508772	0.0	0.0	3	1.0413450685746726	-7.999642243973941	230.0	35	1.05	0.95				
	321	2	0.0	0.0	0.0	0.0	3	1.05	-3.549424334354776	230.0	37	1.05	0.95				
	322	2	0.0	0.0	0.0	0.0	3	1.05	1.824239949903881	230.0	37	1.05	0.95				
	323	2	0.0	0.0	0.0	0.0	3	1.042460775429614	-7.6271324679555255	230.0	35	1.05	0.95				
	324	1	0.0	0.0	0.0	0.0	3	1.0219142683126667	-11.704848552426538	230.0	36	1.05	0.95				
	325	1	0.0	0.0	0.0	0.0	3	1.036639630656845	-6.110135020212903	230.0	35	1.05	0.95				
];
