%% MATPOWER Case Format : Version 2
function mpc = RTS_GMLC
mpc.version = '2';

%%-----  Power Flow Data  -----%%
%% system MVA base
mpc.baseMVA = 100.0;
%% bus data
%    bus_i    type    Pd    Qd    Gs    Bs    area    Vm    Va    baseKV    zone    Vmax    Vmin
mpc.bus = [
	101	2	47.093023250526315	9.593023254736842	0.0	0.0	1	1.035421199840392	2.474931572149039	138.0	11	1.05	0.95				
	102	2	42.2965116231579	8.720930231578947	0.0	0.0	1	1.035016890875829	2.3330446130393385	138.0	12	1.05	0.95				
	103	1	78.48837208421052	16.133720928421052	0.0	0.0	1	1.0286399341727122	0.3572531665320293	138.0	11	1.05	0.95				
	104	1	32.267441856842105	6.54069767368421	0.0	0.0	1	1.0219920048195086	-1.0285236920878453	138.0	11	1.05	0.95				
	105	1	30.95930232210526	6.104651162105264	0.0	0.0	1	1.036625057599499	-0.8023898819030568	138.0	11	1.05	0.95				
	106	1	59.30232557473685	12.209302324210528	0.0	-100.0	1	1.0455383384077575	-3.086860588448109	138.0	12	1.05	0.95				
	107	2	54.505813947368424	10.901162789473684	0.0	0.0	1	1.0018708722703111	-8.488028205964023	138.0	12	1.05	0.95				
	108	1	74.56395348	15.261627905263156	0.0	0.0	1	1.005049059486678	-7.2631224606367155	138.0	12	1.05	0.95				
	109	1	76.30813952631578	15.697674416842105	0.0	0.0	1	1.024834627551035	-2.020074612649123	138.0	13	1.05	0.95				
	110	1	85.02906975789473	17.441860463157894	0.0	0.0	1	1.05	-2.758492821579019	138.0	13	1.05	0.95				
	111	1	0.0	0.0	0.0	0.0	1	1.0039585831332842	-0.26661183323192145	230.0	13	1.05	0.95				
	112	1	0.0	0.0	0.0	0.0	1	1.0090028164245215	0.17473770043460043	230.0	13	1.05	0.95				
	113	3	115.55232556842105	23.546511625263157	0.0	0.0	1	0.9966395739755369	4.831869919172917e-31	230.0	14	1.05	0.95				
	114	2	84.5930232463158	17.005813951578947	0.0	0.0	1	1.0005607176244253	1.7499530041754352	230.0	16	1.05	0.95				
	115	2	138.22674417052633	27.90697674105263	0.0	0.0	1	1.0377028404373978	7.435859617051017	230.0	16	1.05	0.95				
	116	2	43.604651157894736	8.720930231578947	0.0	0.0	1	1.0337059837185687	7.11423803400996	230.0	16	1.05	0.95				
	117	1	0.0	0.0	0.0	0.0	1	1.0411202823546817	8.851752464364578	230.0	17	1.05	0.95				
	118	2	145.20348835578946	29.651162787368424	0.0	0.0	1	1.0434464433000954	8.790656777037013	230.0	17	1.05	0.95				
	119	1	78.92441859578948	16.133720928421052	0.0	0.0	1	1.027819904300498	6.188103255418665	230.0	15	1.05	0.95				
	120	1	55.81395348210526	11.337209301052633	0.0	0.0	1	1.0257496600772573	6.226978347072582	230.0	15	1.05	0.95				
	121	2	0.0	0.0	0.0	0.0	1	1.0474311697500926	9.729951997010867	230.0	17	1.05	0.95				
	122	2	0.0	0.0	0.0	0.0	1	1.05	16.330788897993518	230.0	17	1.05	0.95				
	123	2	0.0	0.0	0.0	0.0	1	1.025210365806787	6.585491299120588	230.0	15	1.05	0.95				
	124	1	0.0	0.0	0.0	0.0	1	1.0250483837204887	4.786524198620016	230.0	16	1.05	0.95				
	201	2	51.985518669473684	10.589642691929825	0.0	0.0	2	1.0316882436229964	-7.374810126982767	138.0	21	1.05	0.95				
	202	2	46.690697323508765	9.626947901754386	0.0	0.0	2	1.0320949821224934	-7.34524109397163	138.0	22	1.05	0.95				
	203	1	86.64253111578948	17.809853618245615	0.0	0.0	2	1.0188986329743395	-7.179203342146028	138.0	21	1.05	0.95				
	204	1	35.61970723649123	7.220210926315788	0.0	0.0	2	1.0193103543851911	-9.609244837447575	138.0	21	1.05	0.95				
	205	1	34.175665051228066	6.738863531228071	0.0	0.0	2	1.0347356444075522	-9.73238716085261	138.0	21	1.05	0.95				
	206	1	65.46324573192983	13.477727062456141	0.0	-100.0	2	1.0441433150336603	-11.507745961692573	138.0	22	1.05	0.95				
	207	2	60.16842438596491	12.033684877192982	0.0	0.0	2	0.9898798966047497	-18.792357875634366	138.0	22	1.05	0.95				
	208	1	82.31040456	16.847158828070175	0.0	0.0	2	0.9948120719013733	-16.5726260469483	138.0	22	1.05	0.95				
	209	1	84.23579414035088	17.328506223157895	0.0	0.0	2	1.0230258261891916	-9.503108958073074	138.0	23	1.05	0.95				
	210	1	93.86274204210527	19.253895803508772	0.0	0.0	2	1.05	-10.597184134280353	138.0	23	1.05	0.95				
	211	1	0.0	0.0	0.0	0.0	2	1.0076266644342835	-6.620119211055653	230.0	23	1.05	0.95				
	212	1	0.0	0.0	0.0	0.0	2	1.0096416605980465	-6.117070638425693	230.0	23	1.05	0.95				
	213	2	127.5570596982456	25.992759334736842	0.0	0.0	2	1.0021452418636403	-5.769375408615641	230.0	24	1.05	0.95				
	214	2	93.38139464701753	18.772548408421052	0.0	0.0	2	1.0112242873864963	-3.848547544989101	230.0	26	1.05	0.95				
	215	2	152.587124242807	30.806233285614038	0.0	0.0	2	1.0297699376090885	3.095289780961308	230.0	26	1.05	0.95				
	216	2	48.13473950877193	9.626947901754386	0.0	0.0	2	1.031230681370494	2.9773380736463064	230.0	26	1.05	0.95				
	217	1	0.0	0.0	0.0	0.0	2	1.0363538195467565	5.9177577113228	230.0	27	1.05	0.95				
	218	2	160.28868256421052	32.731622865964916	0.0	0.0	2	1.0384044085114028	6.498311371367808	230.0	27	1.05	0.95				
	219	1	87.12387851087719	17.809853618245615	0.0	0.0	2	1.029330543451771	1.9224555178988374	230.0	25	1.05	0.95				
	220	1	61.612466571228076	12.515032272280703	0.0	0.0	2	1.0312829730022859	1.937291975489482	230.0	25	1.05	0.95				
	221	2	0.0	0.0	0.0	0.0	2	1.0381449564760674	6.11830649420082	230.0	27	1.05	0.95				
	222	2	0.0	0.0	0.0	0.0	2	1.05	12.53969924491562	230.0	27	1.05	0.95				
	223	2	0.0	0.0	0.0	0.0	2	1.0331495082156787	2.3101954191242586	230.0	25	1.05	0.95				
	224	1	0.0	0.0	0.0	0.0	2	1.013009093751559	-0.7511868832723226	230.0	26	1.05	0.95				
	301	2	40.89718443789474	8.330907941052631	0.0	0.0	3	1.0094957591824318	-19.03180099311962	138.0	31	1.05	0.95				
	302	2	36.73173046736842	7.573552673684211	0.0	0.0	3	1.009486961551321	-19.115788418668306	138.0	32	1.05	0.95				
	303	1	68.1619740631579	14.01107244631579	0.0	0.0	3	1.0199564189545967	-14.813955591163287	138.0	31	1.05	0.95				
	304	1	28.02214489263158	5.680164505263158	0.0	0.0	3	1.0116665953906248	-17.833279776117145	138.0	31	1.05	0.95				
	305	1	26.886111991578947	5.301486871578948	0.0	0.0	3	1.0249262621603528	-18.420126609014257	138.0	31	1.05	0.95				
	306	1	51.50015818105263	10.602973743157897	0.0	-100.0	3	1.0422518330121964	-18.547361728365342	138.0	32	1.05	0.95				
	307	2	47.33470421052632	9.466940842105263	0.0	0.0	3	0.9930230157951963	-22.58554056330648	138.0	32	1.05	0.95				
	308	1	64.75387536	13.253717178947369	0.0	0.0	3	1.0012797714782837	-20.924586987441113	138.0	32	1.05	0.95				
	309	1	66.26858589473684	13.63239481263158	0.0	0.0	3	1.0247727857808582	-15.224718850559336	138.0	33	1.05	0.95				
	310	1	73.84213856842106	15.147105347368422	0.0	0.0	3	1.05	-16.587734184059528	138.0	33	1.05	0.95				
	311	1	0.0	0.0	0.0	0.0	3	1.003843880226761	-11.452738525836573	230.0	33	1.05	0.95				
	312	1	0.0	0.0	0.0	0.0	3	1.008909175632735	-10.866642082438869	230.0	33	1.05	0.95				
	313	2	100.34957292631579	20.44859221894737	0.0	0.0	3	1.0074532091602129	-7.873889879425258	230.0	34	1.05	0.95				
	314	2	73.46346093473684	14.768427713684213	0.0	0.0	3	0.9988860006325415	-9.995048731139084	230.0	36	1.05	0.95				
	315	2	120.04080987789474	24.235368555789474	0.0	0.0	3	1.0238594418725928	-6.588344034795911	230.0	36	1.05	0.95				
	316	2	37.86776336842105	7.573552673684211	0.0	0.0	3	1.0234325337548442	-5.695744454683374	230.0	36	1.05	0.95				
	317	1	0.0	0.0	0.0	0.0	3	1.0288069034752783	-4.712253676614022	230.0	37	1.05	0.95				
	318	2	126.0996520168421	25.750079090526317	0.0	0.0	3	1.0283264165295458	-4.760767789231499	230.0	37	1.05	0.95				
	319	1	68.54065169684212	14.01107244631579	0.0	0.0	3	1.0209505724268146	-6.057221545510522	230.0	35	1.05	0.95				
	320	1	48.47073711157895	9.845618475789475	0.0	0.0	3	1.0210988783018748	-5.623134464498467	230.0	35	1.05	0.95				
	321	2	0.0	0.0	0.0	0.0	3	1.0290560149549386	-4.794785399369918	230.0	37	1.05	0.95				
	322	2	0.0	0.0	0.0	0.0	3	1.0422753245009722	-0.391114687504689	230.0	37	1.05	0.95				
	323	2	0.0	0.0	0.0	0.0	3	1.0216125207835378	-5.088446658443073	230.0	35	1.05	0.95				
	324	1	0.0	0.0	0.0	0.0	3	1.0121000976739851	-9.687252414249683	230.0	36	1.05	0.95				
	325	1	0.0	0.0	0.0	0.0	3	1.0194131158577149	-3.830393432289422	230.0	35	1.05	0.95				
];
