%% MATPOWER Case Format : Version 2
function mpc = RTS_GMLC
mpc.version = '2';

%%-----  Power Flow Data  -----%%
%% system MVA base
mpc.baseMVA = 100.0;
%% bus data
%    bus_i    type    Pd    Qd    Gs    Bs    area    Vm    Va    baseKV    zone    Vmax    Vmin
mpc.bus = [
	101	2	89.45670459789474	18.2226620477193	0.0	0.0	1	1.0499999882176971	-1.050747950305821	138.0	11	1.05	0.95				
	102	2	80.34537357403508	16.566056407017545	0.0	0.0	1	1.0492636915544358	-1.3655891555421136	138.0	12	1.05	0.95				
	103	1	149.0945076631579	30.647204352982456	0.0	0.0	1	1.0235088879253584	-0.821310195437522	138.0	11	1.05	0.95				
	104	1	61.29440870596491	12.424542305263158	0.0	0.0	1	1.0241011210299493	-4.7118682210362035	138.0	11	1.05	0.95				
	105	1	58.809500244912286	11.596239484912282	0.0	0.0	1	1.0381940270965955	-5.308544312178655	138.0	11	1.05	0.95				
	106	1	112.64918356771932	23.192478969824563	0.0	-100.0	1	1.037078252198495	-8.505273864201273	138.0	12	1.05	0.95				
	107	2	103.53785254385966	20.70757050877193	0.0	0.0	1	1.0145163898418115	-12.146701989078881	138.0	12	1.05	0.95				
	108	1	141.63978228	28.9905987122807	0.0	0.0	1	1.00067049857667	-12.23329997436493	138.0	12	1.05	0.95				
	109	1	144.95299356140353	29.818901532631582	0.0	0.0	1	1.025636556497198	-5.21540841929141	138.0	13	1.05	0.95				
	110	1	161.51904996842106	33.13211281403509	0.0	0.0	1	1.05	-7.103832701745931	138.0	13	1.05	0.95				
	111	1	0.0	0.0	0.0	0.0	1	1.0205525309094585	-1.796988287846073	230.0	13	1.05	0.95				
	112	1	0.0	0.0	0.0	0.0	1	1.0191702498023787	-1.533171984952173	230.0	13	1.05	0.95				
	113	3	219.50024739298243	44.72835229894737	0.0	0.0	1	1.0228987980591708	3.405479200247001e-30	230.0	14	1.05	0.95				
	114	2	160.69074714807016	32.30380999368421	0.0	0.0	1	1.0321858878350825	0.9414522105847537	230.0	16	1.05	0.95				
	115	2	262.57199405122805	53.01138050245614	0.0	0.0	1	1.0406721731346988	11.43469654998562	230.0	16	1.05	0.95				
	116	2	82.83028203508772	16.566056407017545	0.0	0.0	1	1.0411310970587182	9.948114419912251	230.0	16	1.05	0.95				
	117	1	0.0	0.0	0.0	0.0	1	1.0450841129772428	14.58181726188567	230.0	17	1.05	0.95				
	118	2	275.82483917684215	56.32459178385966	0.0	0.0	1	1.05	15.575190810965923	230.0	17	1.05	0.95				
	119	1	149.92281048350878	30.647204352982456	0.0	0.0	1	1.0356973697114746	7.257273657944854	230.0	15	1.05	0.95				
	120	1	106.02276100491228	21.535873329122808	0.0	0.0	1	1.03864848275521	5.992566470180457	230.0	15	1.05	0.95				
	121	2	0.0	0.0	0.0	0.0	1	1.05	17.93248368289348	230.0	17	1.05	0.95				
	122	2	0.0	0.0	0.0	0.0	1	1.05	25.86245697481568	230.0	17	1.05	0.95				
	123	2	0.0	0.0	0.0	0.0	1	1.0426113372491064	5.910603878530811	230.0	15	1.05	0.95				
	124	1	0.0	0.0	0.0	0.0	1	1.0188679033417665	6.870278321182959	230.0	16	1.05	0.95				
	201	2	81.37824650526316	16.57705021403509	0.0	0.0	2	1.0377258711326518	-11.687911036692396	138.0	21	1.05	0.95				
	202	2	73.08972139824562	15.07004564912281	0.0	0.0	2	1.0383177818330245	-11.655688738564816	138.0	22	1.05	0.95				
	203	1	135.63041084210528	27.879584450877193	0.0	0.0	2	1.019554489852821	-10.341734927261754	138.0	21	1.05	0.95				
	204	1	55.759168901754386	11.302534236842105	0.0	0.0	2	1.0183756700591182	-12.674014487401415	138.0	21	1.05	0.95				
	205	1	53.49866205438596	10.549031954385967	0.0	0.0	2	1.0343592176885688	-12.982173410837257	138.0	21	1.05	0.95				
	206	1	102.47631041403508	21.098063908771934	0.0	-100.0	2	1.0381904189090811	-14.39956766819067	138.0	22	1.05	0.95				
	207	2	94.18778530701755	18.83755706140351	0.0	0.0	2	0.9585006113829138	-25.545945046132005	138.0	22	1.05	0.95				
	208	1	128.8488903	26.37257988596491	0.0	0.0	2	0.9636104215373451	-21.781163338111888	138.0	22	1.05	0.95				
	209	1	131.86289942982455	27.12608216842105	0.0	0.0	2	1.0259939243885317	-10.457283300889516	138.0	23	1.05	0.95				
	210	1	146.93294507894737	30.14009129824562	0.0	0.0	2	1.05	-11.920534592658775	138.0	23	1.05	0.95				
	211	1	0.0	0.0	0.0	0.0	2	1.0286215994706471	-6.365204071895787	230.0	23	1.05	0.95				
	212	1	0.0	0.0	0.0	0.0	2	1.0238588887762656	-0.767039597112837	230.0	23	1.05	0.95				
	213	2	199.6781048508772	40.68912325263158	0.0	0.0	2	1.0406896968535593	-2.9721837047820294	230.0	24	1.05	0.95				
	214	2	146.17944279649123	29.386589015789475	0.0	0.0	2	1.0415857531577923	-4.672700178584433	230.0	26	1.05	0.95				
	215	2	238.8602235385965	48.224146077192984	0.0	0.0	2	1.0440704935730027	1.9740521284897876	230.0	26	1.05	0.95				
	216	2	75.35022824561403	15.07004564912281	0.0	0.0	2	1.0454226580760073	2.3796807932170423	230.0	26	1.05	0.95				
	217	1	0.0	0.0	0.0	0.0	2	1.0471044546845547	4.3054305979184715	230.0	27	1.05	0.95				
	218	2	250.91626005789473	51.23815520701754	0.0	0.0	2	1.0467113021817644	4.201341437647549	230.0	27	1.05	0.95				
	219	1	136.38391312456142	27.879584450877193	0.0	0.0	2	1.0407843951762077	3.822397687824221	230.0	25	1.05	0.95				
	220	1	96.44829215438597	19.59105934385965	0.0	0.0	2	1.0444499110309404	6.4932685221883855	230.0	25	1.05	0.95				
	221	2	0.0	0.0	0.0	0.0	2	1.0472202454687223	4.23188083214561	230.0	27	1.05	0.95				
	222	2	0.0	0.0	0.0	0.0	2	1.05	10.770803490320516	230.0	27	1.05	0.95				
	223	2	0.0	0.0	0.0	0.0	2	1.05	8.499622351803149	230.0	25	1.05	0.95				
	224	1	0.0	0.0	0.0	0.0	2	1.0193978503047212	-2.581335255018035	230.0	26	1.05	0.95				
	301	2	73.93609618105265	15.061056629473685	0.0	0.0	3	0.9932720784268059	24.790444579093162	138.0	31	1.05	0.95				
	302	2	66.40556786631579	13.691869663157895	0.0	0.0	3	0.9922913490228422	24.56905224685712	138.0	32	1.05	0.95				
	303	1	123.22682696842107	25.329958876842106	0.0	0.0	3	1.0399897412634775	34.20884091027971	138.0	31	1.05	0.95				
	304	1	50.65991775368421	10.268902247368421	0.0	0.0	3	1.0000780409920014	26.564302700161203	138.0	31	1.05	0.95				
	305	1	48.60613730421053	9.584308764210528	0.0	0.0	3	1.0118071813422924	25.68953963675235	138.0	31	1.05	0.95				
	306	1	93.1047137094737	19.168617528421056	0.0	-100.0	3	1.0287966105338355	25.437470970402966	138.0	32	1.05	0.95				
	307	2	85.57418539473684	17.11483707894737	0.0	0.0	3	0.9838206525242081	21.48032472454161	138.0	32	1.05	0.95				
	308	1	117.06548562	23.960771910526315	0.0	0.0	3	0.995587019994957	24.589959138195628	138.0	32	1.05	0.95				
	309	1	119.8038595526316	24.645365393684212	0.0	0.0	3	1.031106242963439	30.960557561867677	138.0	33	1.05	0.95				
	310	1	133.49572921578948	27.38373932631579	0.0	0.0	3	1.05	28.78733877489396	138.0	33	1.05	0.95				
	311	1	0.0	0.0	0.0	0.0	3	1.0222442614091765	34.79402562400435	230.0	33	1.05	0.95				
	312	1	0.0	0.0	0.0	0.0	3	1.0288608811453297	36.032857544088095	230.0	33	1.05	0.95				
	313	2	181.41727303684212	36.968048090526324	0.0	0.0	3	1.05	43.36080754184562	230.0	34	1.05	0.95				
	314	2	132.81113573263158	26.6991458431579	0.0	0.0	3	1.0229592556708982	32.0275675480371	230.0	36	1.05	0.95				
	315	2	217.01613416105263	43.81398292210527	0.0	0.0	3	1.0489221691821715	25.637777571940187	230.0	36	1.05	0.95				
	316	2	68.45934831578948	13.691869663157895	0.0	0.0	3	1.0451362786333722	26.596570716199505	230.0	36	1.05	0.95				
	317	1	0.0	0.0	0.0	0.0	3	1.05	25.52305683418406	230.0	37	1.05	0.95				
	318	2	227.969629891579	46.55235685473685	0.0	0.0	3	1.0482520260731816	23.318176789743006	230.0	37	1.05	0.95				
	319	1	123.91142045157896	25.329958876842106	0.0	0.0	3	1.044588913697579	28.839767390257265	230.0	35	1.05	0.95				
	320	1	87.62796584421054	17.799430562105265	0.0	0.0	3	1.047316415033489	30.59323531704444	230.0	35	1.05	0.95				
	321	2	0.0	0.0	0.0	0.0	3	1.048971466996108	24.696463713952358	230.0	37	1.05	0.95				
	322	2	0.0	0.0	0.0	0.0	3	1.05	29.367104053205804	230.0	37	1.05	0.95				
	323	2	0.0	0.0	0.0	0.0	3	1.0488940239717022	31.216056491785768	230.0	35	1.05	0.95				
	324	1	0.0	0.0	0.0	0.0	3	1.0453597839716966	30.85242532718659	230.0	36	1.05	0.95				
	325	1	0.0	0.0	0.0	0.0	3	1.05	30.0969468232343	230.0	35	1.05	0.95				
];
