%% MATPOWER Case Format : Version 2
function mpc = RTS_GMLC
mpc.version = '2';

%%-----  Power Flow Data  -----%%
%% system MVA base
mpc.baseMVA = 100.0;
%% bus data
%    bus_i    type    Pd    Qd    Gs    Bs    area    Vm    Va    baseKV    zone    Vmax    Vmin
mpc.bus = [
	101	2	75.69618999157896	15.419594257543858	0.0	0.0	1	1.0470930073019038	0.25277267448720836	138.0	11	1.05	0.95				
	102	2	67.98639286280701	14.017812961403509	0.0	0.0	1	1.046424470882274	0.03494412333237265	138.0	12	1.05	0.95				
	103	1	126.1603166526316	25.93295397859649	0.0	0.0	1	1.0237426342615865	-2.7006751099533672	138.0	11	1.05	0.95				
	104	1	51.86590795719298	10.513359721052632	0.0	0.0	1	1.025225679808371	-3.4285500574139935	138.0	11	1.05	0.95				
	105	1	49.76323601298245	9.812469072982456	0.0	0.0	1	1.0386436883084065	-3.680710686381613	138.0	11	1.05	0.95				
	106	1	95.32112813754387	19.62493814596491	0.0	-100.0	1	1.0403330282150225	-6.567081773999906	138.0	12	1.05	0.95				
	107	2	87.61133100877193	17.522266201754384	0.0	0.0	1	1.0288572439375998	-6.287535846771588	138.0	12	1.05	0.95				
	108	1	119.85230082	24.531172682456138	0.0	0.0	1	1.0145241387075572	-7.939325396414528	138.0	12	1.05	0.95				
	109	1	122.6558634122807	25.232063330526316	0.0	0.0	1	1.0261481859868586	-4.451024550912753	138.0	13	1.05	0.95				
	110	1	136.6736763736842	28.035625922807018	0.0	0.0	1	1.05	-5.527821147387001	138.0	13	1.05	0.95				
	111	1	0.0	0.0	0.0	0.0	1	1.0104968857629686	-2.055883007366441	230.0	13	1.05	0.95				
	112	1	0.0	0.0	0.0	0.0	1	1.014350706303731	-1.1869379702431473	230.0	13	1.05	0.95				
	113	3	185.7360217385965	37.84809499578948	0.0	0.0	1	1.0104442647328296	-4.133275960062657e-28	230.0	14	1.05	0.95				
	114	2	135.97278572561402	27.334735274736843	0.0	0.0	1	1.0089994465817134	-0.841981332804945	230.0	16	1.05	0.95				
	115	2	222.1823354382456	44.85700147649123	0.0	0.0	1	1.0393998325128826	5.590285191294933	230.0	16	1.05	0.95				
	116	2	70.08906480701754	14.017812961403509	0.0	0.0	1	1.0363364975321026	5.133963941077173	230.0	16	1.05	0.95				
	117	1	0.0	0.0	0.0	0.0	1	1.0416544153593426	7.391173024399595	230.0	17	1.05	0.95				
	118	2	233.3965858073684	47.66056406877193	0.0	0.0	1	1.0432740242310765	7.597493273840285	230.0	17	1.05	0.95				
	119	1	126.86120730070176	25.93295397859649	0.0	0.0	1	1.030184977999364	4.160258868461093	230.0	15	1.05	0.95				
	120	1	89.71400295298245	18.223156849824562	0.0	0.0	1	1.0306491903522146	4.515079789463687	230.0	15	1.05	0.95				
	121	2	0.0	0.0	0.0	0.0	1	1.0466546241769634	9.174052129297136	230.0	17	1.05	0.95				
	122	2	0.0	0.0	0.0	0.0	1	1.05	14.98271198229457	230.0	17	1.05	0.95				
	123	2	0.0	0.0	0.0	0.0	1	1.0328252108314393	5.237383039177502	230.0	15	1.05	0.95				
	124	1	0.0	0.0	0.0	0.0	1	1.0230038203269818	2.505841406210633	230.0	16	1.05	0.95				
	201	2	73.66031795368421	15.004879583157892	0.0	0.0	2	1.0351388129904016	-9.98082193993026	138.0	21	1.05	0.95				
	202	2	66.15787816210525	13.640799621052633	0.0	0.0	2	1.0354059267928193	-10.031588958919182	138.0	22	1.05	0.95				
	203	1	122.76719658947368	25.235479298947368	0.0	0.0	2	1.0227115046329436	-8.35704793872195	138.0	21	1.05	0.95				
	204	1	50.470958597894736	10.230599715789472	0.0	0.0	2	1.0182550990292412	-11.752250045671781	138.0	21	1.05	0.95				
	205	1	48.42483865473683	9.548559734736841	0.0	0.0	2	1.0339138302259074	-12.02746765581816	138.0	21	1.05	0.95				
	206	1	92.7574374231579	19.097119469473682	0.0	-100.0	2	1.0393570955882276	-13.814638295629813	138.0	22	1.05	0.95				
	207	2	85.25499763157895	17.05099952631579	0.0	0.0	2	0.9749942798419801	-24.017574973256462	138.0	22	1.05	0.95				
	208	1	116.62883676	23.871399336842103	0.0	0.0	2	0.9770315967254011	-20.678343489100058	138.0	22	1.05	0.95				
	209	1	119.35699668421051	24.553439317894735	0.0	0.0	2	1.0254341342987894	-10.398424389290414	138.0	23	1.05	0.95				
	210	1	132.99779630526314	27.281599242105266	0.0	0.0	2	1.05	-11.953485616022657	138.0	23	1.05	0.95				
	211	1	0.0	0.0	0.0	0.0	2	1.0196213382980033	-7.160213689914976	230.0	23	1.05	0.95				
	212	1	0.0	0.0	0.0	0.0	2	1.021185855773344	-2.963161004668908	230.0	23	1.05	0.95				
	213	2	180.74059497894734	36.83015897684211	0.0	0.0	2	1.0235480898734701	-4.956406024674528	230.0	24	1.05	0.95				
	214	2	132.3157563242105	26.59955926105263	0.0	0.0	2	1.0276945287918826	-5.104519926593393	230.0	26	1.05	0.95				
	215	2	216.20667399368418	43.65055878736842	0.0	0.0	2	1.0381578935110667	2.171758775841998	230.0	26	1.05	0.95				
	216	2	68.20399810526315	13.640799621052633	0.0	0.0	2	1.039739172136047	2.0024510180183737	230.0	26	1.05	0.95				
	217	1	0.0	0.0	0.0	0.0	2	1.0424349435988676	4.507257129939152	230.0	27	1.05	0.95				
	218	2	227.1193136905263	46.37871871157895	0.0	0.0	2	1.0433398357243306	4.851796128321487	230.0	27	1.05	0.95				
	219	1	123.44923657052631	25.235479298947368	0.0	0.0	2	1.0379571887789565	1.6637979479918672	230.0	25	1.05	0.95				
	220	1	87.30111757473684	17.73303950736842	0.0	0.0	2	1.0422146983826392	2.659431919243922	230.0	25	1.05	0.95				
	221	2	0.0	0.0	0.0	0.0	2	1.0433764940571522	4.716595564587555	230.0	27	1.05	0.95				
	222	2	0.0	0.0	0.0	0.0	2	1.05	11.140168936639274	230.0	27	1.05	0.95				
	223	2	0.0	0.0	0.0	0.0	2	1.0465797990133938	3.703325460914865	230.0	25	1.05	0.95				
	224	1	0.0	0.0	0.0	0.0	2	1.0192717604214439	-1.7528983114817038	230.0	26	1.05	0.95				
	301	2	60.884530218947376	12.402404303859651	0.0	0.0	3	1.003644048447728	-7.861078905693957	138.0	31	1.05	0.95				
	302	2	54.68332806701754	11.274913003508773	0.0	0.0	3	1.0033494968434935	-7.941895030831254	138.0	32	1.05	0.95				
	303	1	101.47421703157895	20.85858905649123	0.0	0.0	3	1.0206045380306752	-2.9290267262767613	138.0	31	1.05	0.95				
	304	1	41.71717811298246	8.456184752631579	0.0	0.0	3	1.0061249014765714	-5.886771977598884	138.0	31	1.05	0.95				
	305	1	40.02594116245614	7.892439102456142	0.0	0.0	3	1.0187223746121392	-6.531078043631615	138.0	31	1.05	0.95				
	306	1	76.66940842385966	15.784878204912284	0.0	-100.0	3	1.0351141400096102	-6.421727895695179	138.0	32	1.05	0.95				
	307	2	70.46820627192983	14.093641254385966	0.0	0.0	3	0.996830403553949	-10.39217676591743	138.0	32	1.05	0.95				
	308	1	96.40050618000001	19.73109775614035	0.0	0.0	3	1.0033131946704024	-7.841562552317476	138.0	32	1.05	0.95				
	309	1	98.65548878070176	20.294843406315792	0.0	0.0	3	1.0280775274695058	-1.917870497314123	138.0	33	1.05	0.95				
	310	1	109.93040178421055	22.549826007017547	0.0	0.0	3	1.05	-3.3952248897504638	138.0	33	1.05	0.95				
	311	1	0.0	0.0	0.0	0.0	3	1.0146124537241406	3.56207290209822	230.0	33	1.05	0.95				
	312	1	0.0	0.0	0.0	0.0	3	1.0179801663803703	4.259257307507937	230.0	33	1.05	0.95				
	313	2	149.39259729649123	30.442265109473688	0.0	0.0	3	1.0327494558379944	10.317167379323273	230.0	34	1.05	0.95				
	314	2	109.36665613403508	21.98608035684211	0.0	0.0	3	1.0165531464317534	3.8072457513827276	230.0	36	1.05	0.95				
	315	2	178.70737110561404	36.079721611228074	0.0	0.0	3	1.032142864030103	2.2534051493180614	230.0	36	1.05	0.95				
	316	2	56.374565017543866	11.274913003508773	0.0	0.0	3	1.0317890045700726	3.1866456131845693	230.0	36	1.05	0.95				
	317	1	0.0	0.0	0.0	0.0	3	1.0369121319490415	3.296653112622362	230.0	37	1.05	0.95				
	318	2	187.72730150842108	38.33470421192983	0.0	0.0	3	1.0359333323892295	2.719105235865816	230.0	37	1.05	0.95				
	319	1	102.03796268175441	20.85858905649123	0.0	0.0	3	1.0302794861330096	4.534701029642962	230.0	35	1.05	0.95				
	320	1	72.15944322245615	14.657386904561406	0.0	0.0	3	1.031547384384054	5.84469759703759	230.0	35	1.05	0.95				
	321	2	0.0	0.0	0.0	0.0	3	1.0371727721375883	3.3583021298576865	230.0	37	1.05	0.95				
	322	2	0.0	0.0	0.0	0.0	3	1.049999788196979	7.64152909125846	230.0	37	1.05	0.95				
	323	2	0.0	0.0	0.0	0.0	3	1.032253605548997	6.388053768390306	230.0	35	1.05	0.95				
	324	1	0.0	0.0	0.0	0.0	3	1.0227729034232707	2.121383018748221	230.0	36	1.05	0.95				
	325	1	0.0	0.0	0.0	0.0	3	1.0337488418833929	6.631061867593676	230.0	35	1.05	0.95				
];
