%% MATPOWER Case Format : Version 2
function mpc = RTS_GMLC
mpc.version = '2';

%%-----  Power Flow Data  -----%%
%% system MVA base
mpc.baseMVA = 100.0;
%% bus data
%    bus_i    type    Pd    Qd    Gs    Bs    area    Vm    Va    baseKV    zone    Vmax    Vmin
mpc.bus = [
	101	2	52.20979711578948	10.635329042105262	0.0	0.0	1	1.0345870042999012	1.7684526232792597	138.0	11	1.05	0.95				
	102	2	46.89213259473684	9.66848094736842	0.0	0.0	1	1.034159717019811	1.6217358051817259	138.0	12	1.05	0.95				
	103	1	87.01632852631579	17.88668975263158	0.0	0.0	1	1.0265637327949033	0.03505731243740013	138.0	11	1.05	0.95				
	104	1	35.77337950526316	7.251360710526315	0.0	0.0	1	1.0208639017600545	-1.563337391240554	138.0	11	1.05	0.95				
	105	1	34.32310736315789	6.7679366631578946	0.0	0.0	1	1.0356908670777965	-1.3861800791181478	138.0	11	1.05	0.95				
	106	1	65.74567044210526	13.535873326315789	0.0	-100.0	1	1.0441115191879966	-3.6410709321884736	138.0	12	1.05	0.95				
	107	2	60.42800592105263	12.085601184210526	0.0	0.0	1	1.0100384601569903	-6.6943486666182155	138.0	12	1.05	0.95				
	108	1	82.6655121	16.919841657894736	0.0	0.0	1	1.0092121983609752	-6.500645687535482	138.0	12	1.05	0.95				
	109	1	84.59920828947368	17.403265705263156	0.0	0.0	1	1.0249186144899816	-2.215859723995136	138.0	13	1.05	0.95				
	110	1	94.2676892368421	19.33696189473684	0.0	0.0	1	1.05	-3.065260004029011	138.0	13	1.05	0.95				
	111	1	0.0	0.0	0.0	0.0	1	1.005140418815398	-0.36689079548222914	230.0	13	1.05	0.95				
	112	1	0.0	0.0	0.0	0.0	1	1.0097955680505912	0.16986004103743754	230.0	13	1.05	0.95				
	113	3	128.10737255263157	26.10489855789474	0.0	0.0	1	0.9988221290682322	-8.311195332093933e-31	230.0	14	1.05	0.95				
	114	2	93.78426518947369	18.853537847368422	0.0	0.0	1	1.0024268900824849	1.7052530123284606	230.0	16	1.05	0.95				
	115	2	153.24542301578947	30.93913903157895	0.0	0.0	1	1.0367523866863448	7.827699049276772	230.0	16	1.05	0.95				
	116	2	48.342404736842106	9.66848094736842	0.0	0.0	1	1.0334518285927967	7.468063271391352	230.0	16	1.05	0.95				
	117	1	0.0	0.0	0.0	0.0	1	1.039902562789153	9.396214105926509	230.0	17	1.05	0.95				
	118	2	160.9802077736842	32.87283522105263	0.0	0.0	1	1.0417476216476955	9.397632342358401	230.0	17	1.05	0.95				
	119	1	87.4997525736842	17.88668975263158	0.0	0.0	1	1.0282080496459538	6.541970858974464	230.0	15	1.05	0.95				
	120	1	61.8782780631579	12.569025231578948	0.0	0.0	1	1.027244999740431	6.6715409856874945	230.0	15	1.05	0.95				
	121	2	0.0	0.0	0.0	0.0	1	1.045190513780693	10.507687996843012	230.0	17	1.05	0.95				
	122	2	0.0	0.0	0.0	0.0	1	1.05	17.174841008151216	230.0	17	1.05	0.95				
	123	2	0.0	0.0	0.0	0.0	1	1.0275527412600565	7.113599984050182	230.0	15	1.05	0.95				
	124	1	0.0	0.0	0.0	0.0	1	1.0229609513259161	4.912727217697348	230.0	16	1.05	0.95				
	201	2	54.29749725473685	11.06060129263158	0.0	0.0	2	1.0322037133266753	-7.39033616317708	138.0	21	1.05	0.95				
	202	2	48.767196608421045	10.055092084210527	0.0	0.0	2	1.032599078064084	-7.372767439726997	138.0	22	1.05	0.95				
	203	1	90.49582875789474	18.601920355789474	0.0	0.0	2	1.0205582172007879	-6.7179758046488	138.0	21	1.05	0.95				
	204	1	37.20384071157895	7.541319063157895	0.0	0.0	2	1.0192961928319177	-9.574338324224552	138.0	21	1.05	0.95				
	205	1	35.695576898947365	7.038564458947369	0.0	0.0	2	1.0347152515098703	-9.747482318901843	138.0	21	1.05	0.95				
	206	1	68.37462617263158	14.077128917894738	0.0	-100.0	2	1.0436657490378265	-11.542526720127244	138.0	22	1.05	0.95				
	207	2	62.84432552631579	12.568865105263157	0.0	0.0	2	0.9901803973289394	-19.118220191729932	138.0	22	1.05	0.95				
	208	1	85.97103732	17.59641114736842	0.0	0.0	2	0.9940984614115501	-16.779380116324372	138.0	22	1.05	0.95				
	209	1	87.9820557368421	18.099165751578948	0.0	0.0	2	1.0233064610128537	-9.331838799177286	138.0	23	1.05	0.95				
	210	1	98.03714782105263	20.110184168421053	0.0	0.0	2	1.05	-10.54603018533779	138.0	23	1.05	0.95				
	211	1	0.0	0.0	0.0	0.0	2	1.0088832379931194	-6.387313038034852	230.0	23	1.05	0.95				
	212	1	0.0	0.0	0.0	0.0	2	1.0099182166941811	-5.744366254760143	230.0	23	1.05	0.95				
	213	2	133.22997011578948	27.148748627368423	0.0	0.0	2	1.00422300668604	-5.3936929401276075	230.0	24	1.05	0.95				
	214	2	97.53439321684209	19.607429564210527	0.0	0.0	2	1.013270128011323	-3.6303781942004982	230.0	26	1.05	0.95				
	215	2	159.37320953473684	32.176294669473684	0.0	0.0	2	1.0306179331082501	3.346911002128676	230.0	26	1.05	0.95				
	216	2	50.27546042105263	10.055092084210527	0.0	0.0	2	1.0320218954338927	3.3193783320946957	230.0	26	1.05	0.95				
	217	1	0.0	0.0	0.0	0.0	2	1.037196353407321	6.227181901459998	230.0	27	1.05	0.95				
	218	2	167.41728320210527	34.18731308631579	0.0	0.0	2	1.039063706555843	6.754147009864512	230.0	27	1.05	0.95				
	219	1	90.99858336210526	18.601920355789474	0.0	0.0	2	1.0297856341119436	2.4945084183740387	230.0	25	1.05	0.95				
	220	1	64.35258933894737	13.071619709473683	0.0	0.0	2	1.0316224463651626	2.7487844015969096	230.0	25	1.05	0.95				
	221	2	0.0	0.0	0.0	0.0	2	1.0387806280993894	6.374661146051496	230.0	27	1.05	0.95				
	222	2	0.0	0.0	0.0	0.0	2	1.05	12.817619009921192	230.0	27	1.05	0.95				
	223	2	0.0	0.0	0.0	0.0	2	1.0335759828409383	3.268604908310815	230.0	25	1.05	0.95				
	224	1	0.0	0.0	0.0	0.0	2	1.0144024018891422	-0.4238684860531769	230.0	26	1.05	0.95				
	301	2	40.333438799999996	8.216070866666666	0.0	0.0	3	1.0110158235678617	-13.758881539767152	138.0	31	1.05	0.95				
	302	2	36.22540336666666	7.469155333333333	0.0	0.0	3	1.0109620900249234	-13.867605306343474	138.0	32	1.05	0.95				
	303	1	67.222398	13.817937366666666	0.0	0.0	3	1.0243144659405126	-8.673737297093934	138.0	31	1.05	0.95				
	304	1	27.63587473333333	5.6018665	0.0	0.0	3	1.0127112242824874	-12.622197670665326	138.0	31	1.05	0.95				
	305	1	26.515501433333327	5.228408733333334	0.0	0.0	3	1.0258667399068804	-13.379921644079532	138.0	31	1.05	0.95				
	306	1	50.79025626666667	10.456817466666667	0.0	-100.0	3	1.0427801930865221	-13.632210545898475	138.0	32	1.05	0.95				
	307	2	46.68222083333333	9.336444166666666	0.0	0.0	3	0.9934237616334909	-17.508115765700147	138.0	32	1.05	0.95				
	308	1	63.86127809999999	13.071021833333333	0.0	0.0	3	1.0017941912903512	-15.875147446102348	138.0	32	1.05	0.95				
	309	1	65.35510916666667	13.444479599999998	0.0	0.0	3	1.0252114061606505	-10.065776313479361	138.0	33	1.05	0.95				
	310	1	72.8242645	14.938310666666666	0.0	0.0	3	1.05	-11.79627808519835	138.0	33	1.05	0.95				
	311	1	0.0	0.0	0.0	0.0	3	1.0030503337313679	-6.9141821284687515	230.0	33	1.05	0.95				
	312	1	0.0	0.0	0.0	0.0	3	1.0084199913656986	-6.416020064605575	230.0	33	1.05	0.95				
	313	2	98.96630816666665	20.166719399999998	0.0	0.0	3	1.0060443132146515	-3.562292239026092	230.0	34	1.05	0.95				
	314	2	72.45080673333332	14.5648529	0.0	0.0	3	0.9960463053932	-5.679864733760431	230.0	36	1.05	0.95				
	315	2	118.38611203333332	23.901297066666665	0.0	0.0	3	1.0203495345478566	-2.505379867805817	230.0	36	1.05	0.95				
	316	2	37.345776666666666	7.469155333333333	0.0	0.0	3	1.0197022563842995	-1.7185280616437368	230.0	36	1.05	0.95				
	317	1	0.0	0.0	0.0	0.0	3	1.0254150646795117	-0.8845342163389035	230.0	37	1.05	0.95				
	318	2	124.36143629999998	25.395128133333333	0.0	0.0	3	1.0249043769311992	-1.0837642770272478	230.0	37	1.05	0.95				
	319	1	67.59585576666667	13.817937366666666	0.0	0.0	3	1.016381156645286	-2.243946122046689	230.0	35	1.05	0.95				
	320	1	47.80259413333333	9.709901933333333	0.0	0.0	3	1.0157852242765073	-1.956624820841938	230.0	35	1.05	0.95				
	321	2	0.0	0.0	0.0	0.0	3	1.025635624893406	-0.9343478811461641	230.0	37	1.05	0.95				
	322	2	0.0	0.0	0.0	0.0	3	1.0389440327355062	3.4847128682149053	230.0	37	1.05	0.95				
	323	2	0.0	0.0	0.0	0.0	3	1.0158432161121707	-1.503117961814015	230.0	35	1.05	0.95				
	324	1	0.0	0.0	0.0	0.0	3	1.013607814961113	-4.84852514675791	230.0	36	1.05	0.95				
	325	1	0.0	0.0	0.0	0.0	3	1.015335878213155	-0.47031857617494194	230.0	35	1.05	0.95				
];
