%% MATPOWER Case Format : Version 2
function mpc = RTS_GMLC
mpc.version = '2';

%%-----  Power Flow Data  -----%%
%% system MVA base
mpc.baseMVA = 100.0;
%% bus data
%    bus_i    type    Pd    Qd    Gs    Bs    area    Vm    Va    baseKV    zone    Vmax    Vmin
mpc.bus = [
	101	2	55.87036120421052	11.380999504561402	0.0	0.0	1	1.035301554344648	0.5829888220927928	138.0	11	1.05	0.95				
	102	2	50.17986145192982	10.346363185964911	0.0	0.0	1	1.0343204537305024	0.27280942075637377	138.0	12	1.05	0.95				
	103	1	93.1172686736842	19.140771894035087	0.0	0.0	1	1.0278660360423844	-0.8328777864843968	138.0	11	1.05	0.95				
	104	1	38.281543788070174	7.759772389473683	0.0	0.0	1	1.0216593119301363	-2.842942502021939	138.0	11	1.05	0.95				
	105	1	36.729589310175434	7.242454230175438	0.0	0.0	1	1.0353629025986675	-2.894433309717329	138.0	11	1.05	0.95				
	106	1	70.35526966456139	14.484908460350876	0.0	-100.0	1	1.0430125317439722	-5.391695896557105	138.0	12	1.05	0.95				
	107	2	64.66476991228069	12.932953982456139	0.0	0.0	1	0.9998812362521412	-13.586916081630328	138.0	12	1.05	0.95				
	108	1	88.46140523999999	18.106135575438593	0.0	0.0	1	0.9996691887014386	-11.23699128614101	138.0	12	1.05	0.95				
	109	1	90.53067787719297	18.623453734736838	0.0	0.0	1	1.0253423277318385	-3.74843493279755	138.0	13	1.05	0.95				
	110	1	100.87704106315786	20.692726371929822	0.0	0.0	1	1.05	-4.798578874719937	138.0	13	1.05	0.95				
	111	1	0.0	0.0	0.0	0.0	1	1.0083702001392718	-1.0832066077391094	230.0	13	1.05	0.95				
	112	1	0.0	0.0	0.0	0.0	1	1.0130801853280667	-0.9413630638207675	230.0	13	1.05	0.95				
	113	3	137.08931221403506	27.93518060210526	0.0	0.0	1	1.0063104011644644	1.4356150669611591e-27	230.0	14	1.05	0.95				
	114	2	100.35972290385963	20.175408212631577	0.0	0.0	1	1.0076815519679974	1.2553148938844003	230.0	16	1.05	0.95				
	115	2	163.98985649754383	33.108362195087714	0.0	0.0	1	1.0423741335383194	8.274195731237862	230.0	16	1.05	0.95				
	116	2	51.731815929824556	10.346363185964911	0.0	0.0	1	1.0397079653072792	7.574064919635424	230.0	16	1.05	0.95				
	117	1	0.0	0.0	0.0	0.0	1	1.0435084969416828	10.896510802194245	230.0	17	1.05	0.95				
	118	2	172.26694704631578	35.177634832280695	0.0	0.0	1	1.0475057905681877	10.982701284181257	230.0	17	1.05	0.95				
	119	1	93.63458683298245	19.140771894035087	0.0	0.0	1	1.032611118996249	5.63410699298986	230.0	15	1.05	0.95				
	120	1	66.21672439017543	13.450272141754386	0.0	0.0	1	1.0309509478704466	4.9270039027800046	230.0	15	1.05	0.95				
	121	2	0.0	0.0	0.0	0.0	1	1.05	12.253784859894735	230.0	17	1.05	0.95				
	122	2	0.0	0.0	0.0	0.0	1	1.05	23.750834014047495	230.0	17	1.05	0.95				
	123	2	0.0	0.0	0.0	0.0	1	1.030937091924487	4.930338981045573	230.0	15	1.05	0.95				
	124	1	0.0	0.0	0.0	0.0	1	1.0254756535707754	4.879217665112122	230.0	16	1.05	0.95				
	201	2	63.98740750736843	13.034471899649125	0.0	0.0	2	1.0290499236027182	-15.548737835270074	138.0	21	1.05	0.95				
	202	2	57.47017155754386	11.849519908771931	0.0	0.0	2	1.0295017324515578	-15.557056876091137	138.0	22	1.05	0.95				
	203	1	106.64567917894739	21.92161183122807	0.0	0.0	2	1.0163510564838714	-13.613293747589317	138.0	21	1.05	0.95				
	204	1	43.84322366245614	8.887139931578949	0.0	0.0	2	1.0162378269902097	-17.47731391463549	138.0	21	1.05	0.95				
	205	1	42.06579567614035	8.294663936140353	0.0	0.0	2	1.0319472299896673	-17.785122635401525	138.0	21	1.05	0.95				
	206	1	80.57673537964914	16.589327872280705	0.0	-100.0	2	1.0404138083495744	-19.589122557686515	138.0	22	1.05	0.95				
	207	2	74.05949942982457	14.811899885964912	0.0	0.0	2	0.9880893098655786	-28.42604240533506	138.0	22	1.05	0.95				
	208	1	101.31339522	20.736659840350878	0.0	0.0	2	0.98872494119008	-25.584291344360455	138.0	22	1.05	0.95				
	209	1	103.68329920175438	21.329135835789472	0.0	0.0	2	1.0234346935997987	-16.631504659208115	138.0	23	1.05	0.95				
	210	1	115.53281911052633	23.699039817543863	0.0	0.0	2	1.05	-18.168569251082484	138.0	23	1.05	0.95				
	211	1	0.0	0.0	0.0	0.0	2	1.0159604103357414	-12.957479609800524	230.0	23	1.05	0.95				
	212	1	0.0	0.0	0.0	0.0	2	1.0147537846316228	-12.024736595876488	230.0	23	1.05	0.95				
	213	2	157.00613879122807	31.993703753684215	0.0	0.0	2	1.0172410535324146	-11.553977121551773	230.0	24	1.05	0.95				
	214	2	114.94034311508771	23.106563822105265	0.0	0.0	2	1.025399133161738	-9.759781361709033	230.0	26	1.05	0.95				
	215	2	187.8148905540351	37.91846370807018	0.0	0.0	2	1.0371924514544693	-1.1270598888309122	230.0	26	1.05	0.95				
	216	2	59.24759954385965	11.849519908771931	0.0	0.0	2	1.0398153800654373	-1.623276574032851	230.0	26	1.05	0.95				
	217	1	0.0	0.0	0.0	0.0	2	1.0414168329009845	1.4097624843139565	230.0	27	1.05	0.95				
	218	2	197.29450648105265	40.28836768982457	0.0	0.0	2	1.0423849826409972	1.5339822782930528	230.0	27	1.05	0.95				
	219	1	107.23815517438598	21.92161183122807	0.0	0.0	2	1.0400766333290925	-2.194633776398837	230.0	25	1.05	0.95				
	220	1	75.83692741614036	15.40437588140351	0.0	0.0	2	1.0450154317830727	-1.5715007225669269	230.0	25	1.05	0.95				
	221	2	0.0	0.0	0.0	0.0	2	1.0425613683584034	1.4156046227875017	230.0	27	1.05	0.95				
	222	2	0.0	0.0	0.0	0.0	2	1.05	7.918207096508169	230.0	27	1.05	0.95				
	223	2	0.0	0.0	0.0	0.0	2	1.0491618209175142	-0.7980218984282933	230.0	25	1.05	0.95				
	224	1	0.0	0.0	0.0	0.0	2	1.0137569172225118	-5.761248911571362	230.0	26	1.05	0.95				
	301	2	52.13793103578948	10.620689655438596	0.0	0.0	3	1.0072321816737722	-15.212812861811367	138.0	31	1.05	0.95				
	302	2	46.82758620807018	9.65517241403509	0.0	0.0	3	1.0067271485782938	-15.33078462803435	138.0	32	1.05	0.95				
	303	1	86.89655172631579	17.862068965964912	0.0	0.0	3	1.0233672324080434	-9.596702983299519	138.0	31	1.05	0.95				
	304	1	35.724137931929825	7.241379310526316	0.0	0.0	3	1.0084743883232297	-13.823348011158929	138.0	31	1.05	0.95				
	305	1	34.275862069824555	6.758620689824562	0.0	0.0	3	1.0221034708570123	-14.363384527318082	138.0	31	1.05	0.95				
	306	1	65.6551724154386	13.517241379649125	0.0	-100.0	3	1.0384919621757969	-14.452972744159696	138.0	32	1.05	0.95				
	307	2	60.344827587719294	12.06896551754386	0.0	0.0	3	0.992757938637609	-20.027655591978217	138.0	32	1.05	0.95				
	308	1	82.55172414	16.896551724561405	0.0	0.0	3	0.9970304834727561	-17.802782197500658	138.0	32	1.05	0.95				
	309	1	84.48275862280703	17.379310345263157	0.0	0.0	3	1.0255760914912762	-10.613073291611016	138.0	33	1.05	0.95				
	310	1	94.1379310368421	19.31034482807018	0.0	0.0	3	1.05	-11.963153858359997	138.0	33	1.05	0.95				
	311	1	0.0	0.0	0.0	0.0	3	1.0102380153253392	-5.9553670499322	230.0	33	1.05	0.95				
	312	1	0.0	0.0	0.0	0.0	3	1.012271599935208	-5.624850216208949	230.0	33	1.05	0.95				
	313	2	127.93103448596493	26.06896551789474	0.0	0.0	3	1.0126133755994124	-2.45391997736171	230.0	34	1.05	0.95				
	314	2	93.65517241614036	18.827586207368423	0.0	0.0	3	1.0156083165435204	-3.629779610341539	230.0	36	1.05	0.95				
	315	2	153.03448276245615	30.89655172491228	0.0	0.0	3	1.0399571196213682	-0.038895796231425854	230.0	36	1.05	0.95				
	316	2	48.27586207017544	9.65517241403509	0.0	0.0	3	1.0388838918433307	0.43519251391696945	230.0	36	1.05	0.95				
	317	1	0.0	0.0	0.0	0.0	3	1.05	5.090461447783326	230.0	37	1.05	0.95				
	318	2	160.75862069368424	32.8275862077193	0.0	0.0	3	1.0466099792616348	2.978836867676851	230.0	37	1.05	0.95				
	319	1	87.37931034701755	17.862068965964912	0.0	0.0	3	1.0342597806229512	0.015330927870598832	230.0	35	1.05	0.95				
	320	1	61.79310344982456	12.551724138245616	0.0	0.0	3	1.0322928037090577	-0.023693197598130673	230.0	35	1.05	0.95				
	321	2	0.0	0.0	0.0	0.0	3	1.0455858399858509	2.592030017425365	230.0	37	1.05	0.95				
	322	2	0.0	0.0	0.0	0.0	3	1.05	7.915088577035313	230.0	37	1.05	0.95				
	323	2	0.0	0.0	0.0	0.0	3	1.0317442429900885	0.2238296370236005	230.0	35	1.05	0.95				
	324	1	0.0	0.0	0.0	0.0	3	1.0230135765302963	-2.785302605484032	230.0	36	1.05	0.95				
	325	1	0.0	0.0	0.0	0.0	3	1.0302896008813827	1.2419484847559816	230.0	35	1.05	0.95				
];
