%% MATPOWER Case Format : Version 2
function mpc = RTS_GMLC
mpc.version = '2';

%%-----  Power Flow Data  -----%%
%% system MVA base
mpc.baseMVA = 100.0;
%% bus data
%    bus_i    type    Pd    Qd    Gs    Bs    area    Vm    Va    baseKV    zone    Vmax    Vmin
mpc.bus = [
	101	2	89.49678377684211	18.23082632491228	0.0	0.0	1	1.0253889071924958	-3.478905531060689	138.0	11	1.05	0.95				
	102	2	80.38137061438596	16.57347847719298	0.0	0.0	1	1.025435339970677	-3.5988658791140433	138.0	12	1.05	0.95				
	103	1	149.16130629473685	30.660935182807016	0.0	0.0	1	1.007055213093243	-1.4267604121576598	138.0	11	1.05	0.95				
	104	1	61.32187036561403	12.430108857894737	0.0	0.0	1	1.0102676684336396	-6.246655754883946	138.0	11	1.05	0.95				
	105	1	58.83584859403508	11.601434934035089	0.0	0.0	1	1.0264752044164187	-6.520958481068323	138.0	11	1.05	0.95				
	106	1	112.69965364491227	23.202869868070177	0.0	-100.0	1	1.0320427772204417	-8.974238414205212	138.0	12	1.05	0.95				
	107	2	103.58424048245614	20.716848096491226	0.0	0.0	1	1.0420855470878694	-7.523103238830981	138.0	12	1.05	0.95				
	108	1	141.70324098	29.003587335087715	0.0	0.0	1	1.0180778735968394	-9.451734158242198	138.0	12	1.05	0.95				
	109	1	145.0179366754386	29.83226125894737	0.0	0.0	1	1.0249128499732234	-5.02465223654457	138.0	13	1.05	0.95				
	110	1	161.59141515263158	33.14695695438596	0.0	0.0	1	1.05	-6.956538770526054	138.0	13	1.05	0.95				
	111	1	0.0	0.0	0.0	0.0	1	1.0260657270410019	-1.0738241341259331	230.0	13	1.05	0.95				
	112	1	0.0	0.0	0.0	0.0	1	1.0196183503815777	-1.0462317110120505	230.0	13	1.05	0.95				
	113	3	219.598589822807	44.748391888421054	0.0	0.0	1	1.0239314483244915	-1.4102706240815145e-28	230.0	14	1.05	0.95				
	114	2	160.76274122877192	32.31828303052632	0.0	0.0	1	1.05	2.7356193434579175	230.0	16	1.05	0.95				
	115	2	262.68963386350873	53.03513112701754	0.0	0.0	1	1.0338543848247628	14.890070395244425	230.0	16	1.05	0.95				
	116	2	82.8673923859649	16.57347847719298	0.0	0.0	1	1.0372403128282799	13.462196222782921	230.0	16	1.05	0.95				
	117	1	0.0	0.0	0.0	0.0	1	1.037733003385485	19.70373243090322	230.0	17	1.05	0.95				
	118	2	275.9484166452632	56.34982682245614	0.0	0.0	1	1.0470611978781963	20.443398743254914	230.0	17	1.05	0.95				
	119	1	149.9899802185965	30.660935182807016	0.0	0.0	1	1.0351752270492691	9.829857363262636	230.0	15	1.05	0.95				
	120	1	106.07026225403509	21.545522020350877	0.0	0.0	1	1.0432089841521819	8.259667495070815	230.0	15	1.05	0.95				
	121	2	0.0	0.0	0.0	0.0	1	1.0438195568899424	21.577907624486773	230.0	17	1.05	0.95				
	122	2	0.0	0.0	0.0	0.0	1	1.05	39.53439435655533	230.0	17	1.05	0.95				
	123	2	0.0	0.0	0.0	0.0	1	1.05	8.008760235761264	230.0	15	1.05	0.95				
	124	1	0.0	0.0	0.0	0.0	1	1.0025109755452928	8.8619840215491	230.0	16	1.05	0.95				
	201	2	84.38721862736843	17.189988979649122	0.0	0.0	2	1.042996609595476	-18.062760073390763	138.0	21	1.05	0.95				
	202	2	75.79222413754385	15.62726270877193	0.0	0.0	2	1.0432721842271973	-18.199943174098806	138.0	22	1.05	0.95				
	203	1	140.64536437894736	28.910436011228068	0.0	0.0	2	1.0222925872063844	-13.001206692624022	138.0	21	1.05	0.95				
	204	1	57.820872022456136	11.720447031578948	0.0	0.0	2	1.018848138576106	-19.65427171845992	138.0	21	1.05	0.95				
	205	1	55.476782616140355	10.939083896140351	0.0	0.0	2	1.0365388537612101	-20.251415195499206	138.0	21	1.05	0.95				
	206	1	106.26538641964913	21.878167792280703	0.0	-100.0	2	1.0383150670471106	-22.22255264812213	138.0	22	1.05	0.95				
	207	2	97.67039192982456	19.53407838596491	0.0	0.0	2	0.9500999618963316	-33.885613287748285	138.0	22	1.05	0.95				
	208	1	133.61309616	27.347709740350872	0.0	0.0	2	0.956475699210614	-29.93205169075767	138.0	22	1.05	0.95				
	209	1	136.73854870175438	28.129072875789475	0.0	0.0	2	1.0237313701519501	-17.69043170993802	138.0	23	1.05	0.95				
	210	1	152.3658114105263	31.25452541754386	0.0	0.0	2	1.05	-20.03410549470278	138.0	23	1.05	0.95				
	211	1	0.0	0.0	0.0	0.0	2	1.032152982530043	-12.782424508080426	230.0	23	1.05	0.95				
	212	1	0.0	0.0	0.0	0.0	2	1.0222634408767783	-11.554592031562073	230.0	23	1.05	0.95				
	213	2	207.06123089122806	42.19360931368421	0.0	0.0	2	1.049866769590445	-10.216959608423071	230.0	24	1.05	0.95				
	214	2	151.5844482750877	30.473162282105264	0.0	0.0	2	1.05	-9.22850735347095	230.0	26	1.05	0.95				
	215	2	247.69211393403506	50.007240668070175	0.0	0.0	2	1.043977714193639	0.9989317573710356	230.0	26	1.05	0.95				
	216	2	78.13631354385964	15.62726270877193	0.0	0.0	2	1.047737957034156	0.6555510786637957	230.0	26	1.05	0.95				
	217	1	0.0	0.0	0.0	0.0	2	1.0492065362406815	4.637398687339935	230.0	27	1.05	0.95				
	218	2	260.19392410105263	53.132693209824566	0.0	0.0	2	1.05	5.225607687800849	230.0	27	1.05	0.95				
	219	1	141.42672751438596	28.910436011228068	0.0	0.0	2	1.0430738118464984	0.0679932931562507	230.0	25	1.05	0.95				
	220	1	100.01448133614035	20.31544152140351	0.0	0.0	2	1.0459528869204635	1.018282870161172	230.0	25	1.05	0.95				
	221	2	0.0	0.0	0.0	0.0	2	1.05	5.546922093856122	230.0	27	1.05	0.95				
	222	2	0.0	0.0	0.0	0.0	2	1.05	11.702113527966024	230.0	27	1.05	0.95				
	223	2	0.0	0.0	0.0	0.0	2	1.05	2.1063469723292605	230.0	25	1.05	0.95				
	224	1	0.0	0.0	0.0	0.0	2	1.017953484301165	-4.196122361079818	230.0	26	1.05	0.95				
	301	2	67.34198038736842	13.717810819649124	0.0	0.0	3	1.0428663928139426	0.7105880690394526	138.0	31	1.05	0.95				
	302	2	60.48307497754386	12.47073710877193	0.0	0.0	3	1.0401064662167085	0.3339999988317316	138.0	32	1.05	0.95				
	303	1	112.23663397894737	23.07086365122807	0.0	0.0	3	1.05	18.171875666527267	138.0	31	1.05	0.95				
	304	1	46.14172730245614	9.353052831578946	0.0	0.0	3	1.0114478771081825	2.520687198574717	138.0	31	1.05	0.95				
	305	1	44.27111673614035	8.729515976140352	0.0	0.0	3	1.0327576148545896	-0.13466899554994602	138.0	31	1.05	0.95				
	306	1	84.80101233964913	17.459031952280704	0.0	-100.0	3	1.0330063554294167	-1.3197644894978915	138.0	32	1.05	0.95				
	307	2	77.94210692982456	15.588421385964912	0.0	0.0	3	0.950000000669912	0.42652098867322547	138.0	32	1.05	0.95				
	308	1	106.62480228	21.823789940350878	0.0	0.0	3	0.9634540821438623	-0.19296429970802134	138.0	32	1.05	0.95				
	309	1	109.1189497017544	22.447326795789476	0.0	0.0	3	1.010305106747343	6.964856075437778	138.0	33	1.05	0.95				
	310	1	121.5896868105263	24.94147421754386	0.0	0.0	3	1.037728222028903	0.9930939289213354	138.0	33	1.05	0.95				
	311	1	0.0	0.0	0.0	0.0	3	0.9962017877078144	6.223963354076968	230.0	33	1.05	0.95				
	312	1	0.0	0.0	0.0	0.0	3	0.9997958759838994	7.098182192995017	230.0	33	1.05	0.95				
	313	2	165.23726669122806	33.67099019368421	0.0	0.0	3	0.9964187748403501	9.362848583366855	230.0	34	1.05	0.95				
	314	2	120.96614995508772	24.317937362105262	0.0	0.0	3	0.9942488245768568	5.845633461470961	230.0	36	1.05	0.95				
	315	2	197.6611831740351	39.906358748070176	0.0	0.0	3	1.05	9.085293267529389	230.0	36	1.05	0.95				
	316	2	62.35368554385965	12.47073710877193	0.0	0.0	3	1.0387444864401991	9.111305579783195	230.0	36	1.05	0.95				
	317	1	0.0	0.0	0.0	0.0	3	1.05	11.81771103205512	230.0	37	1.05	0.95				
	318	2	207.63777286105264	42.40050616982457	0.0	0.0	3	1.0478645937347861	9.700205693039372	230.0	37	1.05	0.95				
	319	1	112.86017083438597	23.07086365122807	0.0	0.0	3	1.0223476160964544	8.462050602839435	230.0	35	1.05	0.95				
	320	1	79.81271749614035	16.211958241403508	0.0	0.0	3	1.013352233878137	9.111454122503481	230.0	35	1.05	0.95				
	321	2	0.0	0.0	0.0	0.0	3	1.04960590972545	10.101908106530516	230.0	37	1.05	0.95				
	322	2	0.0	0.0	0.0	0.0	3	1.05	15.122882100610582	230.0	37	1.05	0.95				
	323	2	0.0	0.0	0.0	0.0	3	1.0101208376937747	9.965527143589313	230.0	35	1.05	0.95				
	324	1	0.0	0.0	0.0	0.0	3	1.0470787452947576	12.558457583228057	230.0	36	1.05	0.95				
	325	1	0.0	0.0	0.0	0.0	3	1.0101619413913905	10.971606834560625	230.0	35	1.05	0.95				
];
