%% MATPOWER Case Format : Version 2
function mpc = RTS_GMLC
mpc.version = '2';

%%-----  Power Flow Data  -----%%
%% system MVA base
mpc.baseMVA = 100.0;
%% bus data
%    bus_i    type    Pd    Qd    Gs    Bs    area    Vm    Va    baseKV    zone    Vmax    Vmin
mpc.bus = [
	101	2	76.35081641684211	15.55294408491228	0.0	0.0	1	1.0474842133807627	0.27245721085757385	138.0	11	1.05	0.95				
	102	2	68.57434437438596	14.139040077192982	0.0	0.0	1	1.04681050677515	0.024211963672670093	138.0	12	1.05	0.95				
	103	1	127.25136069473683	26.157224142807017	0.0	0.0	1	1.0279570146070447	-1.653239527151524	138.0	11	1.05	0.95				
	104	1	52.314448285614034	10.604280057894735	0.0	0.0	1	1.0252924702581898	-3.5488470519530764	138.0	11	1.05	0.95				
	105	1	50.19359227403508	9.89732805403509	0.0	0.0	1	1.0385602447713693	-3.8764040084853364	138.0	11	1.05	0.95				
	106	1	96.14547252491228	19.79465610807018	0.0	-100.0	1	1.0400718194336318	-6.893786936182994	138.0	12	1.05	0.95				
	107	2	88.36900048245613	17.673800096491227	0.0	0.0	1	1.0158446017651295	-10.523911887494203	138.0	12	1.05	0.95				
	108	1	120.88879266	24.743320135087714	0.0	0.0	1	1.0057412834693287	-10.525741408294008	138.0	12	1.05	0.95				
	109	1	123.7166006754386	25.450272138947366	0.0	0.0	1	1.0264086267935428	-4.6112082726221395	138.0	13	1.05	0.95				
	110	1	137.85564075263156	28.278080154385965	0.0	0.0	1	1.05	-5.928106756691848	138.0	13	1.05	0.95				
	111	1	0.0	0.0	0.0	0.0	1	1.0127973763010087	-1.9177018345727435	230.0	13	1.05	0.95				
	112	1	0.0	0.0	0.0	0.0	1	1.0161036923893947	-1.255339736554901	230.0	13	1.05	0.95				
	113	3	187.342281022807	38.175408208421054	0.0	0.0	1	1.0139583731399369	8.468516871305998e-30	230.0	14	1.05	0.95				
	114	2	137.14868874877192	27.571128150526313	0.0	0.0	1	1.0137029756424438	-0.18712335469213406	230.0	16	1.05	0.95				
	115	2	224.10378522350874	45.24492824701754	0.0	0.0	1	1.043483926758427	7.08438851980437	230.0	16	1.05	0.95				
	116	2	70.69520038596491	14.139040077192982	0.0	0.0	1	1.0410757376364328	6.519267381934538	230.0	16	1.05	0.95				
	117	1	0.0	0.0	0.0	0.0	1	1.0449430397557897	9.34849807868348	230.0	17	1.05	0.95				
	118	2	235.41501728526316	48.07273626245614	0.0	0.0	1	1.0472214665412511	9.632157684606298	230.0	17	1.05	0.95				
	119	1	127.95831269859647	26.157224142807017	0.0	0.0	1	1.0349624434978397	5.2014162474386465	230.0	15	1.05	0.95				
	120	1	90.48985649403508	18.38075210035088	0.0	0.0	1	1.0350949485018104	5.029423032869316	230.0	15	1.05	0.95				
	121	2	0.0	0.0	0.0	0.0	1	1.05	11.15498707103311	230.0	17	1.05	0.95				
	122	2	0.0	0.0	0.0	0.0	1	1.05	18.711741549999072	230.0	17	1.05	0.95				
	123	2	0.0	0.0	0.0	0.0	1	1.0369768604681395	5.462517416120278	230.0	15	1.05	0.95				
	124	1	0.0	0.0	0.0	0.0	1	1.0266068017500718	3.831615903586664	230.0	16	1.05	0.95				
	201	2	69.75035416421053	14.208405477894736	0.0	0.0	2	1.030428571786866	-14.150023878287996	138.0	21	1.05	0.95				
	202	2	62.64615142526316	12.91673225263158	0.0	0.0	2	1.0308310046766378	-14.168113473779195	138.0	22	1.05	0.95				
	203	1	116.25059027368422	23.89595466736842	0.0	0.0	2	1.0204068893274352	-11.671840069577334	138.0	21	1.05	0.95				
	204	1	47.79190933473684	9.687549189473685	0.0	0.0	2	1.0164424639454386	-15.876379089031413	138.0	21	1.05	0.95				
	205	1	45.854399496842106	9.041712576842107	0.0	0.0	2	1.0319753007161043	-16.25263623781368	138.0	21	1.05	0.95				
	206	1	87.83377931789474	18.083425153684214	0.0	-100.0	2	1.0392581912945387	-18.030062391042385	138.0	22	1.05	0.95				
	207	2	80.72957657894737	16.145915315789473	0.0	0.0	2	0.9825963297238458	-27.600356890695057	138.0	22	1.05	0.95				
	208	1	110.43806076	22.60428144210526	0.0	0.0	2	0.9831389236392547	-24.462857486837763	138.0	22	1.05	0.95				
	209	1	113.02140721052632	23.25011805473684	0.0	0.0	2	1.0246074739672457	-14.64540050597849	138.0	23	1.05	0.95				
	210	1	125.93813946315791	25.83346450526316	0.0	0.0	2	1.05	-16.335874506503178	138.0	23	1.05	0.95				
	211	1	0.0	0.0	0.0	0.0	2	1.0190333868425503	-10.922438401498459	230.0	23	1.05	0.95				
	212	1	0.0	0.0	0.0	0.0	2	1.0180067033231812	-8.921367561618895	230.0	23	1.05	0.95				
	213	2	171.14670234736843	34.87517708210527	0.0	0.0	2	1.0215560393357128	-9.229733870226601	230.0	24	1.05	0.95				
	214	2	125.29230285052633	25.187627892631582	0.0	0.0	2	1.0303007478143884	-7.8834414545292315	230.0	26	1.05	0.95				
	215	2	204.73020620421053	41.333543208421055	0.0	0.0	2	1.0420747488708066	0.7796094053514129	230.0	26	1.05	0.95				
	216	2	64.5836612631579	12.91673225263158	0.0	0.0	2	1.0439644218116992	0.3496129165248765	230.0	26	1.05	0.95				
	217	1	0.0	0.0	0.0	0.0	2	1.0457662408973178	3.329878945681699	230.0	27	1.05	0.95				
	218	2	215.0635920063158	43.91688965894737	0.0	0.0	2	1.046895410210032	3.676626697591505	230.0	27	1.05	0.95				
	219	1	116.89642688631581	23.89595466736842	0.0	0.0	2	1.0423016601033015	-0.355111136942048	230.0	25	1.05	0.95				
	220	1	82.66708641684211	16.791751928421053	0.0	0.0	2	1.046190698956873	0.2458182335348592	230.0	25	1.05	0.95				
	221	2	0.0	0.0	0.0	0.0	2	1.0466755662356289	3.466677859033141	230.0	27	1.05	0.95				
	222	2	0.0	0.0	0.0	0.0	2	1.05	9.92208664050749	230.0	27	1.05	0.95				
	223	2	0.0	0.0	0.0	0.0	2	1.049999970450988	1.0452630583137001	230.0	25	1.05	0.95				
	224	1	0.0	0.0	0.0	0.0	2	1.0183058269833798	-3.838444090849457	230.0	26	1.05	0.95				
	301	2	68.45238848842105	13.94400506245614	0.0	0.0	3	1.0024239314737544	-8.464189332298568	138.0	31	1.05	0.95				
	302	2	61.480385957192986	12.676368238596492	0.0	0.0	3	1.0021409573435118	-8.556929962215971	138.0	32	1.05	0.95				
	303	1	114.08731414736843	23.45128124140351	0.0	0.0	3	1.0209760404574448	-3.009222344234069	138.0	31	1.05	0.95				
	304	1	46.90256248280702	9.507276178947368	0.0	0.0	3	1.0041010112885205	-6.282821682506269	138.0	31	1.05	0.95				
	305	1	45.00110724701754	8.873457767017545	0.0	0.0	3	1.0167949060528991	-6.874206543836951	138.0	31	1.05	0.95				
	306	1	86.19930402245615	17.74691553403509	0.0	-100.0	3	1.0325769733831949	-6.685468755469508	138.0	32	1.05	0.95				
	307	2	79.22730149122808	15.845460298245614	0.0	0.0	3	0.9950977371402395	-11.624914753456295	138.0	32	1.05	0.95				
	308	1	108.38294844	22.183644417543857	0.0	0.0	3	0.9996355961432599	-8.697047111562329	138.0	32	1.05	0.95				
	309	1	110.91822208771931	22.817462829473683	0.0	0.0	3	1.0286382844251911	-1.8543534066559457	138.0	33	1.05	0.95				
	310	1	123.5945903263158	25.352736477192984	0.0	0.0	3	1.05	-3.255814179749767	138.0	33	1.05	0.95				
	311	1	0.0	0.0	0.0	0.0	3	1.018775534702998	4.116406302219707	230.0	33	1.05	0.95				
	312	1	0.0	0.0	0.0	0.0	3	1.0215877505984945	5.094254166056651	230.0	33	1.05	0.95				
	313	2	167.96187916140352	34.226194244210525	0.0	0.0	3	1.0420663079368404	11.519377091555826	230.0	34	1.05	0.95				
	314	2	122.96077191438597	24.71891806526316	0.0	0.0	3	1.0231345217417922	4.156279374538743	230.0	36	1.05	0.95				
	315	2	200.9204365817544	40.56437836350877	0.0	0.0	3	1.03753782965986	2.5929224233975448	230.0	36	1.05	0.95				
	316	2	63.381841192982456	12.676368238596492	0.0	0.0	3	1.0383778667318597	3.95076004246324	230.0	36	1.05	0.95				
	317	1	0.0	0.0	0.0	0.0	3	1.0443146489615787	4.749081954961591	230.0	37	1.05	0.95				
	318	2	211.0615311726316	43.09965201122807	0.0	0.0	3	1.04162277224725	3.270878049547392	230.0	37	1.05	0.95				
	319	1	114.72113255929825	23.45128124140351	0.0	0.0	3	1.0368490674665827	5.510210369452037	230.0	35	1.05	0.95				
	320	1	81.12875672701755	16.47927871017544	0.0	0.0	3	1.0385493567438695	6.940694365030384	230.0	35	1.05	0.95				
	321	2	0.0	0.0	0.0	0.0	3	1.0416001923998743	3.6291976230318093	230.0	37	1.05	0.95				
	322	2	0.0	0.0	0.0	0.0	3	1.05	8.394849805469589	230.0	37	1.05	0.95				
	323	2	0.0	0.0	0.0	0.0	3	1.0396877999303074	7.536412680795966	230.0	35	1.05	0.95				
	324	1	0.0	0.0	0.0	0.0	3	1.0253819881532547	1.881536467997656	230.0	36	1.05	0.95				
	325	1	0.0	0.0	0.0	0.0	3	1.0406340627199462	7.846347923850533	230.0	35	1.05	0.95				
];
