%% MATPOWER Case Format : Version 2
function mpc = RTS_GMLC
mpc.version = '2';

%%-----  Power Flow Data  -----%%
%% system MVA base
mpc.baseMVA = 100.0;
%% bus data
%    bus_i    type    Pd    Qd    Gs    Bs    area    Vm    Va    baseKV    zone    Vmax    Vmin
mpc.bus = [
	101	2	95.00098960421052	19.352053437894735	0.0	0.0	1	1.0460587337697271	-1.481241215196845	138.0	11	1.05	0.95				
	102	2	85.32496288526315	17.59277585263158	0.0	0.0	1	1.045929404708186	-1.624526938271636	138.0	12	1.05	0.95				
	103	1	158.3349826736842	32.54663532736842	0.0	0.0	1	1.023178518129998	-2.3402812997111857	138.0	11	1.05	0.95				
	104	1	65.09327065473684	13.194581889473683	0.0	0.0	1	1.0223838233835245	-5.093135764586925	138.0	11	1.05	0.95				
	105	1	62.454354276842096	12.314943096842105	0.0	0.0	1	1.0356197101811435	-5.623591283463708	138.0	11	1.05	0.95				
	106	1	119.63087579789473	24.62988619368421	0.0	-100.0	1	1.034772152224876	-8.751287747268282	138.0	12	1.05	0.95				
	107	2	109.95484907894735	21.99096981578947	0.0	0.0	1	1.05	-7.326348328653867	138.0	12	1.05	0.95				
	108	1	150.41823354	30.787357742105257	0.0	0.0	1	1.0218219466342566	-9.585008520048408	138.0	12	1.05	0.95				
	109	1	153.9367887105263	31.666996534736835	0.0	0.0	1	1.0275508405174216	-5.395704104925606	138.0	13	1.05	0.95				
	110	1	171.52956456315786	35.18555170526316	0.0	0.0	1	1.05	-7.116919137806145	138.0	13	1.05	0.95				
	111	1	0.0	0.0	0.0	0.0	1	1.0182125655323886	-2.2862776844358597	230.0	13	1.05	0.95				
	112	1	0.0	0.0	0.0	0.0	1	1.019496460404068	-1.3448674350116248	230.0	13	1.05	0.95				
	113	3	233.10428004736838	47.50049480210526	0.0	0.0	1	1.022951583414418	1.9918772047884384e-30	230.0	14	1.05	0.95				
	114	2	170.6499257705263	34.30591291263158	0.0	0.0	1	1.0230364890174048	-0.3200103406344765	230.0	16	1.05	0.95				
	115	2	278.8454972642105	56.296882728421046	0.0	0.0	1	1.0438068431417091	8.391825090560342	230.0	16	1.05	0.95				
	116	2	87.96387926315788	17.59277585263158	0.0	0.0	1	1.0436618002550255	7.827341081477573	230.0	16	1.05	0.95				
	117	1	0.0	0.0	0.0	0.0	1	1.0469277967975692	11.597969635277126	230.0	17	1.05	0.95				
	118	2	292.91971794631576	59.815437898947366	0.0	0.0	1	1.05	12.395014242649193	230.0	17	1.05	0.95				
	119	1	159.21462146631578	32.54663532736842	0.0	0.0	1	1.0390801599384263	6.474131780089461	230.0	15	1.05	0.95				
	120	1	112.59376545684209	22.87060860842105	0.0	0.0	1	1.0422111599337405	6.461677433338917	230.0	15	1.05	0.95				
	121	2	0.0	0.0	0.0	0.0	1	1.05	13.104955597923567	230.0	17	1.05	0.95				
	122	2	0.0	0.0	0.0	0.0	1	1.05	20.914359677217966	230.0	17	1.05	0.95				
	123	2	0.0	0.0	0.0	0.0	1	1.046554150074759	7.097442329693472	230.0	15	1.05	0.95				
	124	1	0.0	0.0	0.0	0.0	1	1.0226603196806747	4.410969866267597	230.0	16	1.05	0.95				
	201	2	98.48008815157895	20.06075869754386	0.0	0.0	2	1.05	-15.113530323050776	138.0	21	1.05	0.95				
	202	2	88.44970880280701	18.23705336140351	0.0	0.0	2	1.05	-15.215594636681255	138.0	22	1.05	0.95				
	203	1	164.13348025263156	33.73854871859649	0.0	0.0	2	1.0237162484237972	-11.003827125108186	138.0	21	1.05	0.95				
	204	1	67.47709743719298	13.67779002105263	0.0	0.0	2	1.01947227125703	-15.973754296352217	138.0	21	1.05	0.95				
	205	1	64.74153943298245	12.765937352982457	0.0	0.0	2	1.0373378567200648	-16.528161264443177	138.0	21	1.05	0.95				
	206	1	124.01196285754385	25.531874705964913	0.0	-100.0	2	1.0345566907186952	-18.18418001379274	138.0	22	1.05	0.95				
	207	2	113.98158350877192	22.796316701754385	0.0	0.0	2	0.95	-27.806043624462845	138.0	22	1.05	0.95				
	208	1	155.92680624	31.914843382456137	0.0	0.0	2	0.9531258659219681	-24.864262731621153	138.0	22	1.05	0.95				
	209	1	159.5742169122807	32.82669605052631	0.0	0.0	2	1.0245499177910447	-12.914184853844338	138.0	23	1.05	0.95				
	210	1	177.8112702736842	36.47410672280702	0.0	0.0	2	1.0478457882305556	-15.115685291436188	138.0	23	1.05	0.95				
	211	1	0.0	0.0	0.0	0.0	2	1.031913044600105	-8.017689008907713	230.0	23	1.05	0.95				
	212	1	0.0	0.0	0.0	0.0	2	1.0267082003186017	-3.0971595062490875	230.0	23	1.05	0.95				
	213	2	241.6409570385965	49.24004407578948	0.0	0.0	2	1.05	-3.6365494689801694	230.0	24	1.05	0.95				
	214	2	176.89941760561402	35.56225405473684	0.0	0.0	2	1.05	-6.1373768892330425	230.0	26	1.05	0.95				
	215	2	289.0572957782456	58.358570756491225	0.0	0.0	2	1.0444751273770971	2.387150274615912	230.0	26	1.05	0.95				
	216	2	91.18526680701754	18.23705336140351	0.0	0.0	2	1.048509365615153	2.1707133956972493	230.0	26	1.05	0.95				
	217	1	0.0	0.0	0.0	0.0	2	1.0495341452386695	5.42963581913418	230.0	27	1.05	0.95				
	218	2	303.64693846736844	62.005981428771925	0.0	0.0	2	1.05	5.942317407260534	230.0	27	1.05	0.95				
	219	1	165.04533292070175	33.73854871859649	0.0	0.0	2	1.0421489943242948	1.5674837218836666	230.0	25	1.05	0.95				
	220	1	116.71714151298245	23.70816936982456	0.0	0.0	2	1.0451389643675661	2.7474926641798905	230.0	25	1.05	0.95				
	221	2	0.0	0.0	0.0	0.0	2	1.05	6.489419371735165	230.0	27	1.05	0.95				
	222	2	0.0	0.0	0.0	0.0	2	1.05	12.585624887365265	230.0	27	1.05	0.95				
	223	2	0.0	0.0	0.0	0.0	2	1.05	4.054330213152381	230.0	25	1.05	0.95				
	224	1	0.0	0.0	0.0	0.0	2	1.0196806390417812	-2.585351317871212	230.0	26	1.05	0.95				
	301	2	90.31888644631579	18.398291683508774	0.0	0.0	3	0.9806245514703972	-14.822758357410805	138.0	31	1.05	0.95				
	302	2	81.11974060456141	16.725719712280704	0.0	0.0	3	0.9820419862726705	-15.225303658002888	138.0	32	1.05	0.95				
	303	1	150.53147741052632	30.9425814677193	0.0	0.0	3	0.99180418979373	-9.35662265235484	138.0	31	1.05	0.95				
	304	1	61.8851629354386	12.544289784210527	0.0	0.0	3	0.9694973233853422	-13.180454842468967	138.0	31	1.05	0.95				
	305	1	59.376304978596494	11.708003798596494	0.0	0.0	3	0.9824687691322648	-13.40831195805947	138.0	31	1.05	0.95				
	306	1	113.73489404350879	23.416007597192987	0.0	-100.0	3	0.9895249192068001	-13.590486555291138	138.0	32	1.05	0.95				
	307	2	104.5357482017544	20.907149640350877	0.0	0.0	3	0.95	-18.46792807226548	138.0	32	1.05	0.95				
	308	1	143.00490354	29.270009496491227	0.0	0.0	3	0.9504583908656709	-15.784204583700426	138.0	32	1.05	0.95				
	309	1	146.35004748245615	30.10629548210526	0.0	0.0	3	0.9916105239129167	-7.834080543664104	138.0	33	1.05	0.95				
	310	1	163.07576719473684	33.45143942456141	0.0	0.0	3	1.0099707101757474	-9.09023234090501	138.0	33	1.05	0.95				
	311	1	0.0	0.0	0.0	0.0	3	0.9897104787316241	-0.12553575757545343	230.0	33	1.05	0.95				
	312	1	0.0	0.0	0.0	0.0	3	0.9917867747474658	1.3898070657932928	230.0	33	1.05	0.95				
	313	2	221.61578618771932	45.15944322315789	0.0	0.0	3	1.0215130148564968	8.61450635982477	230.0	34	1.05	0.95				
	314	2	162.23948120912283	32.61515343894737	0.0	0.0	3	1.004000807441085	0.1619640342875526	230.0	36	1.05	0.95				
	315	2	265.10265743964914	53.52230307929825	0.0	0.0	3	1.040801842582273	-0.3047403755685613	230.0	36	1.05	0.95				
	316	2	83.6285985614035	16.725719712280704	0.0	0.0	3	1.0369189823939968	0.7982157361726305	230.0	36	1.05	0.95				
	317	1	0.0	0.0	0.0	0.0	3	1.0422682633770002	1.7088039810140887	230.0	37	1.05	0.95				
	318	2	278.48323320947367	56.867447021754394	0.0	0.0	3	1.042645585209184	1.2749721117152248	230.0	37	1.05	0.95				
	319	1	151.36776339614036	30.9425814677193	0.0	0.0	3	1.030278123459516	2.40624404706064	230.0	35	1.05	0.95				
	320	1	107.0446061585965	21.743435625964914	0.0	0.0	3	1.0301366864339494	4.263963033854786	230.0	35	1.05	0.95				
	321	2	0.0	0.0	0.0	0.0	3	1.0463365752657976	2.431240457241911	230.0	37	1.05	0.95				
	322	2	0.0	0.0	0.0	0.0	3	1.05	7.915874461299939	230.0	37	1.05	0.95				
	323	2	0.0	0.0	0.0	0.0	3	1.0310982660294952	5.102369867667761	230.0	35	1.05	0.95				
	324	1	0.0	0.0	0.0	0.0	3	1.0132970576880431	-1.9276031317809406	230.0	36	1.05	0.95				
	325	1	0.0	0.0	0.0	0.0	3	1.0313753789235554	5.78780073934916	230.0	35	1.05	0.95				
];

%% generator data
%    bus    Pg    Qg    Qmax    Qmin    Vg    mBase    status    Pmax    Pmin    Pc1    Pc2    Qc1min    Qc1max    Qc2min    Qc2max    ramp_agc    ramp_10    ramp_30    ramp_q    apf
