%% MATPOWER Case Format : Version 2
function mpc = RTS_GMLC
mpc.version = '2';

%%-----  Power Flow Data  -----%%
%% system MVA base
mpc.baseMVA = 100.0;
%% bus data
%    bus_i    type    Pd    Qd    Gs    Bs    area    Vm    Va    baseKV    zone    Vmax    Vmin
mpc.bus = [
	101	2	52.18307768842105	10.629886195789474	0.0	0.0	1	1.0321188084339894	1.5960690548086744	138.0	11	1.05	0.95				
	102	2	46.86813459052632	9.663532905263159	0.0	0.0	1	1.0316868598512523	1.4265780503839547	138.0	12	1.05	0.95				
	103	1	86.97179614736842	17.877535874736843	0.0	0.0	1	1.0283139278334545	0.5102969525485105	138.0	11	1.05	0.95				
	104	1	35.755071749473686	7.247649678947369	0.0	0.0	1	1.0198196859477848	-1.853527584850757	138.0	11	1.05	0.95				
	105	1	34.30554181368421	6.764473033684211	0.0	0.0	1	1.0342957101900878	-1.7339437274938914	138.0	11	1.05	0.95				
	106	1	65.71202375578949	13.528946067368421	0.0	-100.0	1	1.0433885773400864	-4.086496172054735	138.0	12	1.05	0.95				
	107	2	60.39708065789474	12.079416131578947	0.0	0.0	1	1.0047816864604862	-10.503928701859069	138.0	12	1.05	0.95				
	108	1	82.62320634	16.911182584210525	0.0	0.0	1	1.0047218385029453	-8.859172023457463	138.0	12	1.05	0.95				
	109	1	84.55591292105264	17.394359229473682	0.0	0.0	1	1.0251476165634672	-2.57685730896906	138.0	13	1.05	0.95				
	110	1	94.21944582631579	19.327065810526317	0.0	0.0	1	1.05	-3.5826744695890773	138.0	13	1.05	0.95				
	111	1	0.0	0.0	0.0	0.0	1	1.0068156249092635	-0.3047635431992757	230.0	13	1.05	0.95				
	112	1	0.0	0.0	0.0	0.0	1	1.0117950449782225	-0.23783519717334628	230.0	13	1.05	0.95				
	113	3	128.04181099473684	26.091538844210525	0.0	0.0	1	1.002196356777548	5.59312753212133e-31	230.0	14	1.05	0.95				
	114	2	93.73626918105263	18.843889165263157	0.0	0.0	1	1.0058121073004183	2.3109751744507543	230.0	16	1.05	0.95				
	115	2	153.16699654842105	30.92330529684211	0.0	0.0	1	1.0423080114758994	9.621482211595776	230.0	16	1.05	0.95				
	116	2	48.31766452631579	9.663532905263159	0.0	0.0	1	1.0392543474500555	8.78711384722708	230.0	16	1.05	0.95				
	117	1	0.0	0.0	0.0	0.0	1	1.0435078454757758	11.955300141463795	230.0	17	1.05	0.95				
	118	2	160.8978228726316	32.856011877894744	0.0	0.0	1	1.0473467184139842	12.028563482566321	230.0	17	1.05	0.95				
	119	1	87.45497279263158	17.877535874736843	0.0	0.0	1	1.0321587439603133	6.809949804147299	230.0	15	1.05	0.95				
	120	1	61.84661059368422	12.562592776842104	0.0	0.0	1	1.030161026310054	6.009207158350673	230.0	15	1.05	0.95				
	121	2	0.0	0.0	0.0	0.0	1	1.05	13.21237594380845	230.0	17	1.05	0.95				
	122	2	0.0	0.0	0.0	0.0	1	1.05	24.270124162650077	230.0	17	1.05	0.95				
	123	2	0.0	0.0	0.0	0.0	1	1.0298084969634862	5.936179117713597	230.0	15	1.05	0.95				
	124	1	0.0	0.0	0.0	0.0	1	1.0255981398540819	6.223143153344791	230.0	16	1.05	0.95				
	201	2	64.54840232842106	13.148748622456141	0.0	0.0	2	1.0291411321362613	-14.478997139399777	138.0	21	1.05	0.95				
	202	2	57.97402801719299	11.953407838596492	0.0	0.0	2	1.0296006443898138	-14.499439651605435	138.0	22	1.05	0.95				
	203	1	107.58067054736844	22.11380450140351	0.0	0.0	2	1.0169313698869336	-12.133349701340883	138.0	21	1.05	0.95				
	204	1	44.22760900280702	8.965055878947368	0.0	0.0	2	1.016122174164623	-16.429672553144407	138.0	21	1.05	0.95				
	205	1	42.43459782701755	8.367385487017545	0.0	0.0	2	1.0318991640639474	-16.775262007197	138.0	21	1.05	0.95				
	206	1	81.28317330245616	16.73477097403509	0.0	-100.0	2	1.0402603564886121	-18.618643305633483	138.0	22	1.05	0.95				
	207	2	74.70879899122808	14.941759798245617	0.0	0.0	2	0.9881224393847288	-27.524661647294316	138.0	22	1.05	0.95				
	208	1	102.20163702	20.91846371754386	0.0	0.0	2	0.9884637118439616	-24.652516641531456	138.0	22	1.05	0.95				
	209	1	104.59231858771932	21.516134109473686	0.0	0.0	2	1.0233363732496776	-15.571015284149484	138.0	23	1.05	0.95				
	210	1	116.5457264263158	23.906815677192984	0.0	0.0	2	1.05	-17.203287005342474	138.0	23	1.05	0.95				
	211	1	0.0	0.0	0.0	0.0	2	1.0164344272699133	-11.949644627980135	230.0	23	1.05	0.95				
	212	1	0.0	0.0	0.0	0.0	2	1.0150362019713846	-11.0887573672209	230.0	23	1.05	0.95				
	213	2	158.3826538614035	32.27420116421053	0.0	0.0	2	1.017615419731468	-10.635988984209087	230.0	24	1.05	0.95				
	214	2	115.94805603438598	23.30914528526316	0.0	0.0	2	1.0265082961507717	-8.68491564574142	230.0	26	1.05	0.95				
	215	2	189.4615142417544	38.250905083508776	0.0	0.0	2	1.0365334652332592	-0.1598088895393138	230.0	26	1.05	0.95				
	216	2	59.767039192982466	11.953407838596492	0.0	0.0	2	1.0401379277261464	-0.41642335159627825	230.0	26	1.05	0.95				
	217	1	0.0	0.0	0.0	0.0	2	1.0418828595208163	2.8340339000886257	230.0	27	1.05	0.95				
	218	2	199.02424051263162	40.64158665122808	0.0	0.0	2	1.0434041503484794	3.156126344329117	230.0	27	1.05	0.95				
	219	1	108.17834093929825	22.11380450140351	0.0	0.0	2	1.0401264578033098	-1.170640968026816	230.0	25	1.05	0.95				
	220	1	76.50181016701755	15.539430190175441	0.0	0.0	2	1.0449102315063867	-0.6962192882399498	230.0	25	1.05	0.95				
	221	2	0.0	0.0	0.0	0.0	2	1.0430848315742267	2.812036597349577	230.0	27	1.05	0.95				
	222	2	0.0	0.0	0.0	0.0	2	1.05	9.326079942911948	230.0	27	1.05	0.95				
	223	2	0.0	0.0	0.0	0.0	2	1.04894642105331	3.4785042437269295e-5	230.0	25	1.05	0.95				
	224	1	0.0	0.0	0.0	0.0	2	1.0142626711358336	-4.607960468288643	230.0	26	1.05	0.95				
	301	2	47.74754823157895	9.72635241754386	0.0	0.0	3	1.0067426671940625	-16.098819493169334	138.0	31	1.05	0.95				
	302	2	42.884372022807014	8.842138561403509	0.0	0.0	3	1.0064641699941015	-16.214271855978335	138.0	32	1.05	0.95				
	303	1	79.57924705263157	16.35795633859649	0.0	0.0	3	1.0240674232895512	-10.562959633427393	138.0	31	1.05	0.95				
	304	1	32.71591267719298	6.631603921052632	0.0	0.0	3	1.0096461366015137	-14.76104755396466	138.0	31	1.05	0.95				
	305	1	31.389591892982455	6.189496992982456	0.0	0.0	3	1.0225803011881573	-15.494500321787347	138.0	31	1.05	0.95				
	306	1	60.126542217543864	12.378993985964913	0.0	-100.0	3	1.0396635524747797	-15.68266530751156	138.0	32	1.05	0.95				
	307	2	55.26336600877193	11.052673201754386	0.0	0.0	3	0.9926809613713332	-20.547064322880313	138.0	32	1.05	0.95				
	308	1	75.6002847	15.47374248245614	0.0	0.0	3	0.9988017397171514	-18.547526836724277	138.0	32	1.05	0.95				
	309	1	77.3687124122807	15.915849410526315	0.0	0.0	3	1.026241617887586	-11.76309284140126	138.0	33	1.05	0.95				
	310	1	86.2108509736842	17.684277122807018	0.0	0.0	3	1.05	-13.46776711060714	138.0	33	1.05	0.95				
	311	1	0.0	0.0	0.0	0.0	3	1.0099879114869688	-7.466186284358712	230.0	33	1.05	0.95				
	312	1	0.0	0.0	0.0	0.0	3	1.011963755444584	-7.121917882605499	230.0	33	1.05	0.95				
	313	2	117.15833593859648	23.873774115789477	0.0	0.0	3	1.0122000577472081	-4.052793094096261	230.0	34	1.05	0.95				
	314	2	85.76874404561403	17.242170194736843	0.0	0.0	3	1.0142191058445023	-5.233855983254579	230.0	36	1.05	0.95				
	315	2	140.1478961982456	28.294843396491228	0.0	0.0	3	1.0408121570350153	-0.22905370871841035	230.0	36	1.05	0.95				
	316	2	44.210692807017544	8.842138561403509	0.0	0.0	3	1.0404193690230488	0.5134379057999594	230.0	36	1.05	0.95				
	317	1	0.0	0.0	0.0	0.0	3	1.05	4.601363732174827	230.0	37	1.05	0.95				
	318	2	147.22160704736842	30.063271108771932	0.0	0.0	3	1.0465522124194828	2.739527855405038	230.0	37	1.05	0.95				
	319	1	80.02135398070176	16.35795633859649	0.0	0.0	3	1.0345102604419858	-0.6497365589799081	230.0	35	1.05	0.95				
	320	1	56.589686792982455	11.49478012982456	0.0	0.0	3	1.0325364165190585	-0.8176543524196139	230.0	35	1.05	0.95				
	321	2	0.0	0.0	0.0	0.0	3	1.0457962059333181	2.356929657313518	230.0	37	1.05	0.95				
	322	2	0.0	0.0	0.0	0.0	3	1.05	7.580342442456021	230.0	37	1.05	0.95				
	323	2	0.0	0.0	0.0	0.0	3	1.0320239795420076	-0.5731646702762724	230.0	35	1.05	0.95				
	324	1	0.0	0.0	0.0	0.0	3	1.021647241054255	-4.075818471902554	230.0	36	1.05	0.95				
	325	1	0.0	0.0	0.0	0.0	3	1.0296941112884825	0.588022928638896	230.0	35	1.05	0.95				
];
