%% MATPOWER Case Format : Version 2
function mpc = RTS_GMLC
mpc.version = '2';

%%-----  Power Flow Data  -----%%
%% system MVA base
mpc.baseMVA = 100.0;
%% bus data
%    bus_i    type    Pd    Qd    Gs    Bs    area    Vm    Va    baseKV    zone    Vmax    Vmin
mpc.bus = [
	101	2	81.36071253473685	16.573478479298245	0.0	0.0	1	1.0370788680774654	-2.723931471525096	138.0	11	1.05	0.95				
	102	2	73.07397329508771	15.066798617543862	0.0	0.0	1	1.036902134870132	-2.8125809712371117	138.0	12	1.05	0.95				
	103	1	135.60118755789475	27.87357744245614	0.0	0.0	1	1.0204056465067943	-4.051231302116717	138.0	11	1.05	0.95				
	104	1	55.74715488491228	11.300098963157893	0.0	0.0	1	1.0185428635851574	-5.6652442664572575	138.0	11	1.05	0.95				
	105	1	53.4871350922807	10.546759032280702	0.0	0.0	1	1.0335276143367491	-5.717839879779208	138.0	11	1.05	0.95				
	106	1	102.45423059929826	21.093518064561405	0.0	-100.0	1	1.0371322618244532	-8.089131647174558	138.0	12	1.05	0.95				
	107	2	94.16749135964912	18.833498271929823	0.0	0.0	1	1.0450001399051154	-2.974126182157041	138.0	12	1.05	0.95				
	108	1	128.82112818	26.366897580701753	0.0	0.0	1	1.0222831935627197	-6.492348196832499	138.0	12	1.05	0.95				
	109	1	131.83448790350877	27.12023751157895	0.0	0.0	1	1.0267411345981927	-5.16034664575951	138.0	13	1.05	0.95				
	110	1	146.90128652105264	30.133597235087723	0.0	0.0	1	1.05	-6.391987693809863	138.0	13	1.05	0.95				
	111	1	0.0	0.0	0.0	0.0	1	1.0138644547158349	-2.310970298782668	230.0	13	1.05	0.95				
	112	1	0.0	0.0	0.0	0.0	1	1.0162562261659471	-1.2884311477918733	230.0	13	1.05	0.95				
	113	3	199.63508168245613	40.680356267368424	0.0	0.0	1	1.0156673592815069	1.384399922099514e-29	230.0	14	1.05	0.95				
	114	2	146.14794659017542	29.380257304210527	0.0	0.0	1	1.0155553855012762	-0.82269969645921	230.0	16	1.05	0.95				
	115	2	238.8087580880702	48.21375557614035	0.0	0.0	1	1.0440606445043659	6.134072353933433	230.0	16	1.05	0.95				
	116	2	75.33399308771929	15.066798617543862	0.0	0.0	1	1.0416414953929118	5.846692306055083	230.0	16	1.05	0.95				
	117	1	0.0	0.0	0.0	0.0	1	1.0463261611507837	8.71817328041489	230.0	17	1.05	0.95				
	118	2	250.86219698210525	51.22711529964913	0.0	0.0	1	1.048739423739797	9.23788231497647	230.0	17	1.05	0.95				
	119	1	136.35452748877194	27.87357744245614	0.0	0.0	1	1.0353954770286102	4.909094324454495	230.0	15	1.05	0.95				
	120	1	96.4275111522807	19.58683820280702	0.0	0.0	1	1.036665077899291	5.517491438228429	230.0	15	1.05	0.95				
	121	2	0.0	0.0	0.0	0.0	1	1.05	9.840645973912302	230.0	17	1.05	0.95				
	122	2	0.0	0.0	0.0	0.0	1	1.05	16.466468076440204	230.0	17	1.05	0.95				
	123	2	0.0	0.0	0.0	0.0	1	1.0395928878023937	6.41015615509975	230.0	15	1.05	0.95				
	124	1	0.0	0.0	0.0	0.0	1	1.0224537945226058	2.369046125389832	230.0	16	1.05	0.95				
	201	2	67.48937511157895	13.747835670877192	0.0	0.0	2	1.0321660342589534	-6.590291990182478	138.0	21	1.05	0.95				
	202	2	60.61545727614035	12.498032428070177	0.0	0.0	2	1.0322452876398422	-6.644856423065038	138.0	22	1.05	0.95				
	203	1	112.48229185263159	23.121359991929825	0.0	0.0	2	1.029302467352132	-5.171009547825393	138.0	21	1.05	0.95				
	204	1	46.24271998385965	9.373524321052631	0.0	0.0	2	1.0184217589824605	-8.665674502708383	138.0	21	1.05	0.95				
	205	1	44.36801511964912	8.748622699649124	0.0	0.0	2	1.0330700194014728	-8.914568590017526	138.0	21	1.05	0.95				
	206	1	84.9866205108772	17.497245399298247	0.0	-100.0	2	1.0401162538044846	-10.805669232995404	138.0	22	1.05	0.95				
	207	2	78.1127026754386	15.62254053508772	0.0	0.0	2	0.987673389917401	-20.201081245335843	138.0	22	1.05	0.95				
	208	1	106.85817725999999	21.871556749122806	0.0	0.0	2	0.9875462406323233	-17.185371244249346	138.0	22	1.05	0.95				
	209	1	109.35778374561404	22.496458370526316	0.0	0.0	2	1.0263041258666339	-7.784595728566249	138.0	23	1.05	0.95				
	210	1	121.85581617368422	24.996064856140354	0.0	0.0	2	1.05	-9.294549722824526	138.0	23	1.05	0.95				
	211	1	0.0	0.0	0.0	0.0	2	1.0151093877655415	-4.616798613844842	230.0	23	1.05	0.95				
	212	1	0.0	0.0	0.0	0.0	2	1.017555635586258	-1.987154172317997	230.0	23	1.05	0.95				
	213	2	165.59892967192982	33.744687555789476	0.0	0.0	2	1.014799896511892	-2.866753274644064	230.0	24	1.05	0.95				
	214	2	121.2309145522807	24.371163234736844	0.0	0.0	2	1.0216392390831603	-2.2017370288924973	230.0	26	1.05	0.95				
	215	2	198.0938139849123	39.99370376982456	0.0	0.0	2	1.0428710730626065	4.915681595826447	230.0	26	1.05	0.95				
	216	2	62.49016214035088	12.498032428070177	0.0	0.0	2	1.043387288635725	4.970617383160575	230.0	26	1.05	0.95				
	217	1	0.0	0.0	0.0	0.0	2	1.0472984249513813	7.764484642256413	230.0	27	1.05	0.95				
	218	2	208.09223992736844	42.4933102554386	0.0	0.0	2	1.0496625622363966	8.589670713957576	230.0	27	1.05	0.95				
	219	1	113.1071934740351	23.121359991929825	0.0	0.0	2	1.0415812630699353	4.612777070964178	230.0	25	1.05	0.95				
	220	1	79.98740753964913	16.24744215649123	0.0	0.0	2	1.0450939507328554	5.477515981941025	230.0	25	1.05	0.95				
	221	2	0.0	0.0	0.0	0.0	2	1.049999988396727	8.780550107802101	230.0	27	1.05	0.95				
	222	2	0.0	0.0	0.0	0.0	2	1.05	14.89354680481139	230.0	27	1.05	0.95				
	223	2	0.0	0.0	0.0	0.0	2	1.0487040374292875	6.407631788437279	230.0	25	1.05	0.95				
	224	1	0.0	0.0	0.0	0.0	2	1.0251689847853576	1.1494407101300244	230.0	26	1.05	0.95				
	301	2	63.58367603368421	12.952230303157894	0.0	0.0	3	1.010113313242391	-18.25636525047763	138.0	31	1.05	0.95				
	302	2	57.107560882105254	11.774754821052632	0.0	0.0	3	1.0092633937502886	-18.455904884739642	138.0	32	1.05	0.95				
	303	1	105.97279338947368	21.78329641894737	0.0	0.0	3	1.0299660865242535	-9.537129388151595	138.0	31	1.05	0.95				
	304	1	43.56659283789474	8.831066115789472	0.0	0.0	3	1.007319698744648	-16.739175206305546	138.0	31	1.05	0.95				
	305	1	41.80037961473684	8.242328374736843	0.0	0.0	3	1.022033084198765	-17.513147611426888	138.0	31	1.05	0.95				
	306	1	80.06833278315789	16.484656749473686	0.0	-100.0	3	1.0359639940011838	-17.759342695600846	138.0	32	1.05	0.95				
	307	2	73.59221763157895	14.718443526315788	0.0	0.0	3	0.9926296268990198	-24.561339469221267	138.0	32	1.05	0.95				
	308	1	100.67415371999999	20.605820936842104	0.0	0.0	3	0.9928739582014627	-21.756591198337283	138.0	32	1.05	0.95				
	309	1	103.02910468421051	21.194558677894733	0.0	0.0	3	1.02591159611464	-12.926684232683982	138.0	33	1.05	0.95				
	310	1	114.80385950526315	23.549509642105264	0.0	0.0	3	1.05	-14.880298725137045	138.0	33	1.05	0.95				
	311	1	0.0	0.0	0.0	0.0	3	1.0160952570233492	-7.905334888759018	230.0	33	1.05	0.95				
	312	1	0.0	0.0	0.0	0.0	3	1.0160556457147523	-7.712791810822542	230.0	33	1.05	0.95				
	313	2	156.01550137894736	31.791838016842107	0.0	0.0	3	1.0222353515678604	-4.344128677079125	230.0	34	1.05	0.95				
	314	2	114.21512176421051	22.96077190105263	0.0	0.0	3	1.0267521356020062	-5.060766720646751	230.0	36	1.05	0.95				
	315	2	186.6298639136842	37.67921542736842	0.0	0.0	3	1.0458541053934511	-0.09538195645828726	230.0	36	1.05	0.95				
	316	2	58.87377410526315	11.774754821052632	0.0	0.0	3	1.0442201868959242	-0.07183934220683089	230.0	36	1.05	0.95				
	317	1	0.0	0.0	0.0	0.0	3	1.05	3.4939566822780304	230.0	37	1.05	0.95				
	318	2	196.0496677705263	40.03416639157894	0.0	0.0	3	1.0485193074482153	3.0297192105501902	230.0	37	1.05	0.95				
	319	1	106.5615311305263	21.78329641894737	0.0	0.0	3	1.0380745511425316	-1.325112966216984	230.0	35	1.05	0.95				
	320	1	75.35843085473684	15.307181267368422	0.0	0.0	3	1.0367697837342251	-1.6729149532573089	230.0	35	1.05	0.95				
	321	2	0.0	0.0	0.0	0.0	3	1.05	3.5070720116623204	230.0	37	1.05	0.95				
	322	2	0.0	0.0	0.0	0.0	3	1.05	7.849479397300671	230.0	37	1.05	0.95				
	323	2	0.0	0.0	0.0	0.0	3	1.0369515572331498	-1.552000651055186	230.0	35	1.05	0.95				
	324	1	0.0	0.0	0.0	0.0	3	1.0295279914229685	-2.596275685978918	230.0	36	1.05	0.95				
	325	1	0.0	0.0	0.0	0.0	3	1.0353541205220715	-0.5934624883329789	230.0	35	1.05	0.95				
];
