%% MATPOWER Case Format : Version 2
function mpc = RTS_GMLC
mpc.version = '2';

%%-----  Power Flow Data  -----%%
%% system MVA base
mpc.baseMVA = 100.0;
%% bus data
%    bus_i    type    Pd    Qd    Gs    Bs    area    Vm    Va    baseKV    zone    Vmax    Vmin
mpc.bus = [
	101	2	100.6655121094737	20.505937651929827	0.0	0.0	1	1.0435496917406104	-5.745130661368575	138.0	11	1.05	0.95				
	102	2	90.41254328350878	18.641761501754388	0.0	0.0	1	1.0433995717644216	-5.851443422031844	138.0	12	1.05	0.95				
	103	1	167.7758535157895	34.48725877824562	0.0	0.0	1	1.0163550608946337	-6.902991171769219	138.0	11	1.05	0.95				
	104	1	68.97451755649124	13.981321126315791	0.0	0.0	1	1.0197722199238468	-8.63030683770134	138.0	11	1.05	0.95				
	105	1	66.17825333122808	13.049233051228073	0.0	0.0	1	1.034292985782187	-8.993454085398954	138.0	11	1.05	0.95				
	106	1	126.76397821192984	26.098466102456147	0.0	-100.0	1	1.0332356168329728	-11.663164183797333	138.0	12	1.05	0.95				
	107	2	116.51100938596493	23.302201877192985	0.0	0.0	1	1.05	-6.880939442960763	138.0	12	1.05	0.95				
	108	1	159.38706084	32.62308262807018	0.0	0.0	1	1.020136166609328	-10.489287011613271	138.0	12	1.05	0.95				
	109	1	163.11541314035088	33.5551707031579	0.0	0.0	1	1.027670832440488	-7.842127882819432	138.0	13	1.05	0.95				
	110	1	181.75717464210527	37.283523003508776	0.0	0.0	1	1.05	-9.390385539588596	138.0	13	1.05	0.95				
	111	1	0.0	0.0	0.0	0.0	1	1.0209632550338277	-3.9581468412805045	230.0	13	1.05	0.95				
	112	1	0.0	0.0	0.0	0.0	1	1.0211247194239952	-2.5155414690427103	230.0	13	1.05	0.95				
	113	3	247.00333989824563	50.33275605473685	0.0	0.0	1	1.0312321033740828	-7.794392457220443e-30	230.0	14	1.05	0.95				
	114	2	180.82508656701756	36.35143492842106	0.0	0.0	1	1.0268887389186918	-2.822450437619907	230.0	16	1.05	0.95				
	115	2	295.471919802807	59.65363680561404	0.0	0.0	1	1.0437624363316036	4.606430132052794	230.0	16	1.05	0.95				
	116	2	93.20880750877194	18.641761501754388	0.0	0.0	1	1.0452921897090168	4.490185693320638	230.0	16	1.05	0.95				
	117	1	0.0	0.0	0.0	0.0	1	1.0479987054999331	7.4419420031041	230.0	17	1.05	0.95				
	118	2	310.3853290042106	63.38198910596492	0.0	0.0	1	1.049558316513421	8.049701982366013	230.0	17	1.05	0.95				
	119	1	168.7079415908772	34.48725877824562	0.0	0.0	1	1.0403588723496766	3.8562244447304583	230.0	15	1.05	0.95				
	120	1	119.30727361122808	24.234289952280704	0.0	0.0	1	1.04448091652607	4.910368266226731	230.0	15	1.05	0.95				
	121	2	0.0	0.0	0.0	0.0	1	1.05	8.999088422582956	230.0	17	1.05	0.95				
	122	2	0.0	0.0	0.0	0.0	1	1.05	14.899746523770796	230.0	17	1.05	0.95				
	123	2	0.0	0.0	0.0	0.0	1	1.0499999869647079	6.161922344921502	230.0	15	1.05	0.95				
	124	1	0.0	0.0	0.0	0.0	1	1.0190935627522686	0.36322266776389106	230.0	16	1.05	0.95				
	201	2	99.94207460210527	20.358570752280702	0.0	0.0	2	1.05	-12.410167686960207	138.0	21	1.05	0.95				
	202	2	89.76278922596491	18.507791592982457	0.0	0.0	2	1.05	-12.423985710014405	138.0	22	1.05	0.95				
	203	1	166.5701243368421	34.239414447017545	0.0	0.0	2	1.024039733419429	-9.6180366252733	138.0	21	1.05	0.95				
	204	1	68.47882889403509	13.880843694736841	0.0	0.0	2	1.0187998530734452	-13.871347030477652	138.0	21	1.05	0.95				
	205	1	65.70266015508773	12.95545411508772	0.0	0.0	2	1.036302886176427	-14.316417812690023	138.0	21	1.05	0.95				
	206	1	125.85298283228073	25.91090823017544	0.0	-100.0	2	1.0327084398577473	-16.23656522105042	138.0	22	1.05	0.95				
	207	2	115.67369745614036	23.13473949122807	0.0	0.0	2	0.95	-25.85418310480553	138.0	22	1.05	0.95				
	208	1	158.24161812	32.388635287719296	0.0	0.0	2	0.9524058054265737	-23.0941432144121	138.0	22	1.05	0.95				
	209	1	161.9431764385965	33.31402486736842	0.0	0.0	2	1.0235690109975641	-11.331684333429443	138.0	23	1.05	0.95				
	210	1	180.45096803157895	37.015583185964914	0.0	0.0	2	1.046213546696631	-13.367432953176806	138.0	23	1.05	0.95				
	211	1	0.0	0.0	0.0	0.0	2	1.0309800741680148	-6.117373608115919	230.0	23	1.05	0.95				
	212	1	0.0	0.0	0.0	0.0	2	1.0245032867619508	-2.0843192959824144	230.0	23	1.05	0.95				
	213	2	245.22823860701752	49.97103730105263	0.0	0.0	2	1.05	-1.190935188033037	230.0	24	1.05	0.95				
	214	2	179.52557845192982	36.09019360631579	0.0	0.0	2	1.05	-4.499652359513024	230.0	26	1.05	0.95				
	215	2	293.34849674877194	59.22493309754386	0.0	0.0	2	1.046231672982946	3.6547068430449947	230.0	26	1.05	0.95				
	216	2	92.53895796491229	18.507791592982457	0.0	0.0	2	1.049525353069517	3.5155406299529526	230.0	26	1.05	0.95				
	217	1	0.0	0.0	0.0	0.0	2	1.05	6.312409246724956	230.0	27	1.05	0.95				
	218	2	308.1547300231579	62.926491416140365	0.0	0.0	2	1.0493117314141507	6.90803875445538	230.0	27	1.05	0.95				
	219	1	167.49551391649123	34.239414447017545	0.0	0.0	2	1.042445604899247	3.3302632782512336	230.0	25	1.05	0.95				
	220	1	118.44986619508772	24.060129070877196	0.0	0.0	2	1.0450505735370335	4.899144555585734	230.0	25	1.05	0.95				
	221	2	0.0	0.0	0.0	0.0	2	1.05	7.550356174549682	230.0	27	1.05	0.95				
	222	2	0.0	0.0	0.0	0.0	2	1.05	13.576600916491461	230.0	27	1.05	0.95				
	223	2	0.0	0.0	0.0	0.0	2	1.05	6.428613382865911	230.0	25	1.05	0.95				
	224	1	0.0	0.0	0.0	0.0	2	1.0210472247395137	-1.2674128342100293	230.0	26	1.05	0.95				
	301	2	85.34767479157894	17.385637457543858	0.0	0.0	3	1.0182142831925907	-15.201756261721982	138.0	31	1.05	0.95				
	302	2	76.65485606280701	15.805124961403507	0.0	0.0	3	1.0179914940809214	-15.595540381774068	138.0	32	1.05	0.95				
	303	1	142.24612465263158	29.23948117859649	0.0	0.0	3	1.0164703587988977	-9.664148213216489	138.0	31	1.05	0.95				
	304	1	58.47896235719298	11.85384372105263	0.0	0.0	3	1.0061186834121867	-14.068797431390571	138.0	31	1.05	0.95				
	305	1	56.10819361298245	11.063587472982455	0.0	0.0	3	1.0220898214634115	-14.2951058956122	138.0	31	1.05	0.95				
	306	1	107.47484973754386	22.12717494596491	0.0	-100.0	3	1.0304387118267684	-14.65771522510418	138.0	32	1.05	0.95				
	307	2	98.78203100877192	19.756406201754384	0.0	0.0	3	1.002395700510543	-17.323918602472343	138.0	32	1.05	0.95				
	308	1	135.13381841999998	27.658968682456138	0.0	0.0	3	0.9967020677510198	-16.237911371054622	138.0	32	1.05	0.95				
	309	1	138.2948434122807	28.449224930526313	0.0	0.0	3	1.0245433902789534	-9.57260086819076	138.0	33	1.05	0.95				
	310	1	154.0999683736842	31.610249922807014	0.0	0.0	3	1.048212261163846	-10.846596877657204	138.0	33	1.05	0.95				
	311	1	0.0	0.0	0.0	0.0	3	1.0187403204119576	-3.2419694899690876	230.0	33	1.05	0.95				
	312	1	0.0	0.0	0.0	0.0	3	1.019079579421222	-2.051330916697669	230.0	33	1.05	0.95				
	313	2	209.41790573859643	42.67383739578947	0.0	0.0	3	1.037236145766159	2.6727887288449517	230.0	34	1.05	0.95				
	314	2	153.30971212561403	30.81999367473684	0.0	0.0	3	1.0286928627665624	-1.6148601093991828	230.0	36	1.05	0.95				
	315	2	250.5112306382456	50.57639987649123	0.0	0.0	3	1.0472029188116974	1.5688234127756366	230.0	36	1.05	0.95				
	316	2	79.02562480701754	15.805124961403507	0.0	0.0	3	1.0442477631044356	1.7158099535878113	230.0	36	1.05	0.95				
	317	1	0.0	0.0	0.0	0.0	3	1.046774619366876	3.2684010199792892	230.0	37	1.05	0.95				
	318	2	263.1553306073684	53.73742486877193	0.0	0.0	3	1.046861901598246	3.239776652366081	230.0	37	1.05	0.95				
	319	1	143.03638090070174	29.23948117859649	0.0	0.0	3	1.0413475389175084	2.5188345213732792	230.0	35	1.05	0.95				
	320	1	101.15279975298246	20.54666244982456	0.0	0.0	3	1.0435247987375291	3.671359154664726	230.0	35	1.05	0.95				
	321	2	0.0	0.0	0.0	0.0	3	1.05	4.6044968612348445	230.0	37	1.05	0.95				
	322	2	0.0	0.0	0.0	0.0	3	1.05	9.855022285815389	230.0	37	1.05	0.95				
	323	2	0.0	0.0	0.0	0.0	3	1.0462417399808157	4.490342832748212	230.0	35	1.05	0.95				
	324	1	0.0	0.0	0.0	0.0	3	1.0237748779728628	-1.0063130803463476	230.0	36	1.05	0.95				
	325	1	0.0	0.0	0.0	0.0	3	1.046399733909716	4.869313564406059	230.0	35	1.05	0.95				
];
