%% MATPOWER Case Format : Version 2
function mpc = RTS_GMLC
mpc.version = '2';

%%-----  Power Flow Data  -----%%
%% system MVA base
mpc.baseMVA = 100.0;
%% bus data
%    bus_i    type    Pd    Qd    Gs    Bs    area    Vm    Va    baseKV    zone    Vmax    Vmin
mpc.bus = [
	101	2	69.87135080842106	14.233052942456142	0.0	0.0	1	1.0471748492226065	-0.40067336766319617	138.0	11	1.05	0.95				
	102	2	62.754824337192986	12.939139038596492	0.0	0.0	1	1.0460428857856732	-0.7551013989196627	138.0	12	1.05	0.95				
	103	1	116.45225134736843	23.937407221403507	0.0	0.0	1	1.0306059835300285	-1.436911336009523	138.0	11	1.05	0.95				
	104	1	47.874814442807015	9.704354278947369	0.0	0.0	1	1.025774419219776	-3.90504267442517	138.0	11	1.05	0.95				
	105	1	45.933943587017545	9.057397327017545	0.0	0.0	1	1.0394707715614275	-4.2275972282885945	138.0	11	1.05	0.95				
	106	1	87.98614546245615	18.11479465403509	0.0	-100.0	1	1.0419345892802065	-7.045367810483458	138.0	12	1.05	0.95				
	107	2	80.86961899122808	16.173923798245614	0.0	0.0	1	0.9995409129220121	-13.188443023776776	138.0	12	1.05	0.95				
	108	1	110.62963878000001	22.643493317543857	0.0	0.0	1	0.9966300888458995	-11.943188651706246	138.0	12	1.05	0.95				
	109	1	113.2174665877193	23.290450269473684	0.0	0.0	1	1.0257828188970866	-4.767221549134436	138.0	13	1.05	0.95				
	110	1	126.15660562631578	25.878278077192984	0.0	0.0	1	1.05	-6.134793726078792	138.0	13	1.05	0.95				
	111	1	0.0	0.0	0.0	0.0	1	1.0120957842424483	-1.9632815241712087	230.0	13	1.05	0.95				
	112	1	0.0	0.0	0.0	0.0	1	1.0140923733503566	-1.4975727312540088	230.0	13	1.05	0.95				
	113	3	171.44359226140352	34.93567540421053	0.0	0.0	1	1.0111875072359553	1.0021631873116455e-29	230.0	14	1.05	0.95				
	114	2	125.50964867438597	25.23132112526316	0.0	0.0	1	1.014874398519116	-0.1323139612276221	230.0	16	1.05	0.95				
	115	2	205.0853537617544	41.405244923508775	0.0	0.0	1	1.0427829318491832	6.982887383120284	230.0	16	1.05	0.95				
	116	2	64.69569519298246	12.939139038596492	0.0	0.0	1	1.0398850091048983	6.360888935146655	230.0	16	1.05	0.95				
	117	1	0.0	0.0	0.0	0.0	1	1.0447607517318596	9.518248290603644	230.0	17	1.05	0.95				
	118	2	215.4366649926316	43.993072731228075	0.0	0.0	1	1.047371583887319	10.165008930341136	230.0	17	1.05	0.95				
	119	1	117.09920829929825	23.937407221403507	0.0	0.0	1	1.0324121645767346	4.8976394504698995	230.0	15	1.05	0.95				
	120	1	82.81048984701755	16.82088075017544	0.0	0.0	1	1.0306672379226358	4.431933217989213	230.0	15	1.05	0.95				
	121	2	0.0	0.0	0.0	0.0	1	1.05	11.84882194494023	230.0	17	1.05	0.95				
	122	2	0.0	0.0	0.0	0.0	1	1.05	17.44616436687064	230.0	17	1.05	0.95				
	123	2	0.0	0.0	0.0	0.0	1	1.0312197295281604	4.664263440162848	230.0	15	1.05	0.95				
	124	1	0.0	0.0	0.0	0.0	1	1.0275187079928543	3.8381446934938586	230.0	16	1.05	0.95				
	201	2	62.16842436631579	12.663938296842103	0.0	0.0	2	1.0252757617663626	-8.409222644219929	138.0	21	1.05	0.95				
	202	2	55.83645521789473	11.512671178947368	0.0	0.0	2	1.0263200812594093	-8.1629013589551	138.0	22	1.05	0.95				
	203	1	103.6140406105263	21.29844168105263	0.0	0.0	2	1.014592982842624	-8.603927089167987	138.0	21	1.05	0.95				
	204	1	42.59688336210526	8.634503384210525	0.0	0.0	2	1.0159965147984407	-9.1095724617814	138.0	21	1.05	0.95				
	205	1	40.86998268526315	8.058869825263157	0.0	0.0	2	1.0304941932866396	-9.340249309308023	138.0	21	1.05	0.95				
	206	1	78.2861640168421	16.117739650526314	0.0	-100.0	2	1.040556971458656	-10.364504527625131	138.0	22	1.05	0.95				
	207	2	71.95419486842104	14.39083897368421	0.0	0.0	2	0.9925651898964132	-18.659606162143398	138.0	22	1.05	0.95				
	208	1	98.43333857999998	20.14717456315789	0.0	0.0	2	0.9924993060740525	-15.911831068973576	138.0	22	1.05	0.95				
	209	1	100.73587281578946	20.72280812210526	0.0	0.0	2	1.0249337175185789	-7.528896413805546	138.0	23	1.05	0.95				
	210	1	112.24854399473682	23.025342357894736	0.0	0.0	2	1.05	-8.44594482573737	138.0	23	1.05	0.95				
	211	1	0.0	0.0	0.0	0.0	2	1.0115740240562738	-4.388250951438341	230.0	23	1.05	0.95				
	212	1	0.0	0.0	0.0	0.0	2	1.0159994860042	0.63228763715655	230.0	23	1.05	0.95				
	213	2	152.5428931210526	31.084212183157895	0.0	0.0	2	1.0132374060159242	-1.4776759429825619	230.0	24	1.05	0.95				
	214	2	111.67291043578946	22.449708798947366	0.0	0.0	2	1.012633996792452	-3.2790145614144595	230.0	26	1.05	0.95				
	215	2	182.47583818631577	36.840547772631574	0.0	0.0	2	1.0307244019708306	1.5096124695062867	230.0	26	1.05	0.95				
	216	2	57.56335589473684	11.512671178947368	0.0	0.0	2	1.0308682169687806	1.8334375456469594	230.0	26	1.05	0.95				
	217	1	0.0	0.0	0.0	0.0	2	1.0344772727050033	2.721616900880113	230.0	27	1.05	0.95				
	218	2	191.68597512947366	39.14308200842105	0.0	0.0	2	1.0328195499074422	1.9841242747087504	230.0	27	1.05	0.95				
	219	1	104.18967416947366	21.29844168105263	0.0	0.0	2	1.0301282069529494	3.0397108492263407	230.0	25	1.05	0.95				
	220	1	73.68109554526315	14.966472532631578	0.0	0.0	2	1.0347610741012094	5.19104699429498	230.0	25	1.05	0.95				
	221	2	0.0	0.0	0.0	0.0	2	1.0348235114608402	2.6341479690746543	230.0	27	1.05	0.95				
	222	2	0.0	0.0	0.0	0.0	2	1.05	9.165846115929028	230.0	27	1.05	0.95				
	223	2	0.0	0.0	0.0	0.0	2	1.0395482049154343	6.794097908500709	230.0	25	1.05	0.95				
	224	1	0.0	0.0	0.0	0.0	2	1.012179051573956	-2.2563181906799006	230.0	26	1.05	0.95				
	301	2	56.52831384	11.515026893333333	0.0	0.0	3	0.9949626056868691	5.9790698077477105	138.0	31	1.05	0.95				
	302	2	50.770800393333325	10.468206266666668	0.0	0.0	3	0.9948092951441923	5.955840301814888	138.0	32	1.05	0.95				
	303	1	94.2138564	19.36618159333333	0.0	0.0	3	1.0132333128224296	8.272858562121142	138.0	31	1.05	0.95				
	304	1	38.73236318666666	7.8511547	0.0	0.0	3	1.0021986898842243	7.729284055348922	138.0	31	1.05	0.95				
	305	1	37.162132246666665	7.327744386666667	0.0	0.0	3	1.0145711977184946	7.737005004428141	138.0	31	1.05	0.95				
	306	1	71.18380261333334	14.655488773333333	0.0	-100.0	3	1.0340851613320425	8.110059314997727	138.0	32	1.05	0.95				
	307	2	65.42628916666666	13.085257833333333	0.0	0.0	3	0.9900811399332519	4.6017208098226225	138.0	32	1.05	0.95				
	308	1	89.50316358	18.319360966666665	0.0	0.0	3	1.001237206087567	6.912549173763109	138.0	32	1.05	0.95				
	309	1	91.59680483333334	18.842771279999997	0.0	0.0	3	1.0259914135157377	11.312815989888435	138.0	33	1.05	0.95				
	310	1	102.06501109999999	20.936412533333336	0.0	0.0	3	1.05	11.159864036608422	138.0	33	1.05	0.95				
	311	1	0.0	0.0	0.0	0.0	3	1.0118128252828058	16.510955938772344	230.0	33	1.05	0.95				
	312	1	0.0	0.0	0.0	0.0	3	1.01811116500172	17.61971487162665	230.0	33	1.05	0.95				
	313	2	138.70373303333332	28.26415692	0.0	0.0	3	1.0300831591735995	23.83432834455392	230.0	34	1.05	0.95				
	314	2	101.54160078666665	20.413002220000003	0.0	0.0	3	1.0097880848830085	15.325718617106952	230.0	36	1.05	0.95				
	315	2	165.92106932666667	33.49826005333333	0.0	0.0	3	1.0264444140608828	10.301001149460255	230.0	36	1.05	0.95				
	316	2	52.34103133333333	10.468206266666668	0.0	0.0	3	1.0272313761061638	11.336476749856303	230.0	36	1.05	0.95				
	317	1	0.0	0.0	0.0	0.0	3	1.031685029835969	10.669175515819381	230.0	37	1.05	0.95				
	318	2	174.29563434	35.59190130666667	0.0	0.0	3	1.0304274557283046	9.75045743684266	230.0	37	1.05	0.95				
	319	1	94.73726671333334	19.36618159333333	0.0	0.0	3	1.0278278808760317	13.750227999819371	230.0	35	1.05	0.95				
	320	1	66.99652010666667	13.608668146666666	0.0	0.0	3	1.0300939468755295	15.450461890787329	230.0	35	1.05	0.95				
	321	2	0.0	0.0	0.0	0.0	3	1.0310614704887657	10.494176337582957	230.0	37	1.05	0.95				
	322	2	0.0	0.0	0.0	0.0	3	1.0446799068402832	14.91366061169188	230.0	37	1.05	0.95				
	323	2	0.0	0.0	0.0	0.0	3	1.0311972877438031	16.120578853797856	230.0	35	1.05	0.95				
	324	1	0.0	0.0	0.0	0.0	3	1.0188652978203097	11.469579783879741	230.0	36	1.05	0.95				
	325	1	0.0	0.0	0.0	0.0	3	1.0341566297430185	15.76487852025872	230.0	35	1.05	0.95				
];
