%% MATPOWER Case Format : Version 2
function mpc = RTS_GMLC
mpc.version = '2';

%%-----  Power Flow Data  -----%%
%% system MVA base
mpc.baseMVA = 100.0;
%% bus data
%    bus_i    type    Pd    Qd    Gs    Bs    area    Vm    Va    baseKV    zone    Vmax    Vmin
mpc.bus = [
	101	2	76.01682334736843	15.484908459649125	0.0	0.0	1	1.0328148946491635	-1.1102698982771861	138.0	11	1.05	0.95				
	102	2	68.27436911754386	14.077189508771932	0.0	0.0	1	1.032819903043114	-1.160099687375718	138.0	12	1.05	0.95				
	103	1	126.69470557894738	26.042800591228072	0.0	0.0	1	1.0214328294422674	-1.9674046400421843	138.0	11	1.05	0.95				
	104	1	52.085601182456145	10.557892131578948	0.0	0.0	1	1.0170223568955101	-4.068411895959698	138.0	11	1.05	0.95				
	105	1	49.97402275614035	9.854032656140351	0.0	0.0	1	1.0320237397255128	-4.06784861583296	138.0	11	1.05	0.95				
	106	1	95.72488865964914	19.708065312280702	0.0	-100.0	1	1.0375903278929668	-6.36527698705744	138.0	12	1.05	0.95				
	107	2	87.98243442982456	17.596486885964914	0.0	0.0	1	1.046792220159223	-1.5354247384856374	138.0	12	1.05	0.95				
	108	1	120.35997030000001	24.635081640350876	0.0	0.0	1	1.0248185821142355	-4.84502903982783	138.0	12	1.05	0.95				
	109	1	123.1754082017544	25.33894111578947	0.0	0.0	1	1.0265645486868313	-3.599697528853843	138.0	13	1.05	0.95				
	110	1	137.25259771052632	28.154379017543864	0.0	0.0	1	1.05	-4.844460091991522	138.0	13	1.05	0.95				
	111	1	0.0	0.0	0.0	0.0	1	1.0127482516447925	-1.134819157108901	230.0	13	1.05	0.95				
	112	1	0.0	0.0	0.0	0.0	1	1.0153390668280078	-0.1925941125959595	230.0	13	1.05	0.95				
	113	3	186.52276099122807	38.008411673684215	0.0	0.0	1	1.0118600487883491	-2.1035050878605643e-33	230.0	14	1.05	0.95				
	114	2	136.5487382350877	27.45051954210527	0.0	0.0	1	1.0144605040055044	1.0177191890454866	230.0	16	1.05	0.95				
	115	2	223.1234537140351	45.047006428070176	0.0	0.0	1	1.0444746196401091	8.49728019189404	230.0	16	1.05	0.95				
	116	2	70.38594754385966	14.077189508771932	0.0	0.0	1	1.0425851575775278	8.27924424119264	230.0	16	1.05	0.95				
	117	1	0.0	0.0	0.0	0.0	1	1.046879058298769	11.021259220022186	230.0	17	1.05	0.95				
	118	2	234.38520532105264	47.86244432982457	0.0	0.0	1	1.049015576233601	11.488264128434242	230.0	17	1.05	0.95				
	119	1	127.39856505438598	26.042800591228072	0.0	0.0	1	1.0373843657304451	7.335873153882873	230.0	15	1.05	0.95				
	120	1	90.09401285614035	18.30034636140351	0.0	0.0	1	1.0389697063164438	7.847267520846736	230.0	15	1.05	0.95				
	121	2	0.0	0.0	0.0	0.0	1	1.05	11.945865290004019	230.0	17	1.05	0.95				
	122	2	0.0	0.0	0.0	0.0	1	1.05	18.65578762849124	230.0	17	1.05	0.95				
	123	2	0.0	0.0	0.0	0.0	1	1.041788377606179	8.648335542781592	230.0	15	1.05	0.95				
	124	1	0.0	0.0	0.0	0.0	1	1.0227504757869743	4.625629916744996	230.0	16	1.05	0.95				
	201	2	75.05430506526316	15.288839920701754	0.0	0.0	2	1.0377714347931513	-6.858477704014765	138.0	21	1.05	0.95				
	202	2	67.40988510491228	13.89894538245614	0.0	0.0	2	1.0377308678037958	-6.984587949697763	138.0	22	1.05	0.95				
	203	1	125.09050844210527	25.71304895754386	0.0	0.0	2	1.0282079822617989	-4.78702006420481	138.0	21	1.05	0.95				
	204	1	51.42609791508772	10.424209036842106	0.0	0.0	2	1.019300559576485	-8.967686654130796	138.0	21	1.05	0.95				
	205	1	49.341256107719296	9.729261767719299	0.0	0.0	2	1.0349665512584385	-9.253141549606136	138.0	21	1.05	0.95				
	206	1	94.51282860070177	19.458523535438598	0.0	-100.0	2	1.0394054834516837	-11.260138076972996	138.0	22	1.05	0.95				
	207	2	86.86840864035088	17.373681728070174	0.0	0.0	2	0.9722922003613469	-21.750048386853315	138.0	22	1.05	0.95				
	208	1	118.83598302	24.32315441929824	0.0	0.0	2	0.9748709397053569	-18.337670746141587	138.0	22	1.05	0.95				
	209	1	121.61577209649124	25.01810168842105	0.0	0.0	2	1.0259139695772053	-7.7861854304621225	138.0	23	1.05	0.95				
	210	1	135.51471747894738	27.79789076491228	0.0	0.0	2	1.05	-9.502162840972142	138.0	23	1.05	0.95				
	211	1	0.0	0.0	0.0	0.0	2	1.0219353491856455	-3.3308218680767676	230.0	23	1.05	0.95				
	212	1	0.0	0.0	0.0	0.0	2	1.019138720748941	-2.179096541693444	230.0	23	1.05	0.95				
	213	2	184.16102631754384	37.52715253263158	0.0	0.0	2	1.030404439757256	0.04282492150249468	230.0	24	1.05	0.95				
	214	2	134.81977020982455	27.10294349578947	0.0	0.0	2	1.0333568130014514	-1.0641855514335865	230.0	26	1.05	0.95				
	215	2	220.29828431192985	44.47662522385965	0.0	0.0	2	1.0433930508443525	6.129924695565294	230.0	26	1.05	0.95				
	216	2	69.4947269122807	13.89894538245614	0.0	0.0	2	1.0461761935102256	6.383465452919407	230.0	26	1.05	0.95				
	217	1	0.0	0.0	0.0	0.0	2	1.0484305639125526	9.405410644588692	230.0	27	1.05	0.95				
	218	2	231.41744061789473	47.25641430035088	0.0	0.0	2	1.0499999851200161	10.233346808491797	230.0	27	1.05	0.95				
	219	1	125.78545571122808	25.71304895754386	0.0	0.0	2	1.0430382349280956	5.960303197037338	230.0	25	1.05	0.95				
	220	1	88.9532504477193	18.068628997192985	0.0	0.0	2	1.0462139518088767	6.894335821914373	230.0	25	1.05	0.95				
	221	2	0.0	0.0	0.0	0.0	2	1.05	10.583955071874934	230.0	27	1.05	0.95				
	222	2	0.0	0.0	0.0	0.0	2	1.05	16.6333360834694	230.0	27	1.05	0.95				
	223	2	0.0	0.0	0.0	0.0	2	1.05	7.911539001257791	230.0	25	1.05	0.95				
	224	1	0.0	0.0	0.0	0.0	2	1.024050954193859	2.0584562926243914	230.0	26	1.05	0.95				
	301	2	63.31034482105263	12.896551722807018	0.0	0.0	3	1.0103938709110452	-18.831915153309623	138.0	31	1.05	0.95				
	302	2	56.862068959649115	11.724137929824561	0.0	0.0	3	1.0094022988865599	-19.054272551873833	138.0	32	1.05	0.95				
	303	1	105.51724136842104	21.68965517017544	0.0	0.0	3	1.031482180661286	-10.260285874170656	138.0	31	1.05	0.95				
	304	1	43.37931034035088	8.79310344736842	0.0	0.0	3	1.0085067375264372	-17.314017173444064	138.0	31	1.05	0.95				
	305	1	41.62068965087719	8.206896550877193	0.0	0.0	3	1.0223632606962665	-18.378996243819277	138.0	31	1.05	0.95				
	306	1	79.72413792280702	16.413793101754386	0.0	-100.0	3	1.0361271422054756	-18.783210755176615	138.0	32	1.05	0.95				
	307	2	73.2758620614035	14.6551724122807	0.0	0.0	3	1.0061640981829125	-19.852090994930062	138.0	32	1.05	0.95				
	308	1	100.24137929999999	20.51724137719298	0.0	0.0	3	1.0040460533244424	-19.55114381715027	138.0	32	1.05	0.95				
	309	1	102.58620688596491	21.103448273684208	0.0	0.0	3	1.0278525968777492	-13.502552453029145	138.0	33	1.05	0.95				
	310	1	114.31034481578945	23.448275859649122	0.0	0.0	3	1.05	-16.04418831751144	138.0	33	1.05	0.95				
	311	1	0.0	0.0	0.0	0.0	3	1.0157734481060954	-9.391399615541438	230.0	33	1.05	0.95				
	312	1	0.0	0.0	0.0	0.0	3	1.0159604428424345	-8.8562141223997	230.0	33	1.05	0.95				
	313	2	155.34482757017543	31.655172410526315	0.0	0.0	3	1.0208774890578702	-5.572512224722057	230.0	34	1.05	0.95				
	314	2	113.72413791929823	22.862068963157895	0.0	0.0	3	1.0237420583741643	-7.347575240259872	230.0	36	1.05	0.95				
	315	2	185.82758618771928	37.517241375438594	0.0	0.0	3	1.045381289344922	-1.1109538152008531	230.0	36	1.05	0.95				
	316	2	58.6206896491228	11.724137929824561	0.0	0.0	3	1.0442548840149628	-0.9256937050194298	230.0	36	1.05	0.95				
	317	1	0.0	0.0	0.0	0.0	3	1.047208308720424	1.4218762692892868	230.0	37	1.05	0.95				
	318	2	195.20689653157893	39.86206896140351	0.0	0.0	3	1.0479227576070127	1.772719869336664	230.0	37	1.05	0.95				
	319	1	106.10344826491227	21.68965517017544	0.0	0.0	3	1.0383505386978473	-2.258677882801292	230.0	35	1.05	0.95				
	320	1	75.03448275087719	15.24137930877193	0.0	0.0	3	1.0380786507070852	-2.3106389730126335	230.0	35	1.05	0.95				
	321	2	0.0	0.0	0.0	0.0	3	1.05	2.6666456042928375	230.0	37	1.05	0.95				
	322	2	0.0	0.0	0.0	0.0	3	1.05	7.953184797993178	230.0	37	1.05	0.95				
	323	2	0.0	0.0	0.0	0.0	3	1.0391760465527609	-1.9018208536103782	230.0	35	1.05	0.95				
	324	1	0.0	0.0	0.0	0.0	3	1.0286296070945407	-4.52410297930815	230.0	36	1.05	0.95				
	325	1	0.0	0.0	0.0	0.0	3	1.0362178922787537	-0.7467161481067791	230.0	35	1.05	0.95				
];
