%% MATPOWER Case Format : Version 2
function mpc = RTS_GMLC
mpc.version = '2';

%%-----  Power Flow Data  -----%%
%% system MVA base
mpc.baseMVA = 100.0;
%% bus data
%    bus_i    type    Pd    Qd    Gs    Bs    area    Vm    Va    baseKV    zone    Vmax    Vmin
mpc.bus = [
	101	2	54.10687778526317	11.021771400701756	0.0	0.0	1	1.033238208000949	1.3089629336133906	138.0	11	1.05	0.95				
	102	2	48.59599208491229	10.019792182456143	0.0	0.0	1	1.0328206720310389	1.164558253390466	138.0	12	1.05	0.95				
	103	1	90.17812964210528	18.536615537543863	0.0	0.0	1	1.0249783001280284	-0.435115653319089	138.0	11	1.05	0.95				
	104	1	37.073231075087726	7.514844136842107	0.0	0.0	1	1.020013736843568	-1.9545669555083944	138.0	11	1.05	0.95				
	105	1	35.570262247719306	7.0138545277193005	0.0	0.0	1	1.0348226455466862	-1.7817532424138005	138.0	11	1.05	0.95				
	106	1	68.13458684070177	14.027709055438601	0.0	-100.0	1	1.0433401178494175	-4.0136615666618605	138.0	12	1.05	0.95				
	107	2	62.62370114035088	12.524740228070177	0.0	0.0	1	1.0186386046000533	-5.725479677367043	138.0	12	1.05	0.95				
	108	1	85.66922316	17.534636319298247	0.0	0.0	1	1.0140579008928783	-6.110253426033386	138.0	12	1.05	0.95				
	109	1	87.67318159649125	18.035625928421055	0.0	0.0	1	1.0250190643905006	-2.47752658455296	138.0	13	1.05	0.95				
	110	1	97.69297377894738	20.039584364912287	0.0	0.0	1	1.05	-3.3354534256802317	138.0	13	1.05	0.95				
	111	1	0.0	0.0	0.0	0.0	1	1.004959683693872	-0.5970300529639844	230.0	13	1.05	0.95				
	112	1	0.0	0.0	0.0	0.0	1	1.0101262064974692	-0.05239623962825223	230.0	13	1.05	0.95				
	113	3	132.76224641754388	27.053438892631586	0.0	0.0	1	0.9996073493164724	-2.1311434072040408e-29	230.0	14	1.05	0.95				
	114	2	97.19198416982458	19.538594755789475	0.0	0.0	1	1.001210337810177	1.31371879874162	230.0	16	1.05	0.95				
	115	2	158.81370609192984	32.063334983859654	0.0	0.0	1	1.0350363695518336	7.356884180799109	230.0	16	1.05	0.95				
	116	2	50.09896091228071	10.019792182456143	0.0	0.0	1	1.031961528924651	6.97061580873124	230.0	16	1.05	0.95				
	117	1	0.0	0.0	0.0	0.0	1	1.0383890024592932	8.89878733567316	230.0	17	1.05	0.95				
	118	2	166.82953983789477	34.067293420350886	0.0	0.0	1	1.0399035899237878	8.951584270386023	230.0	17	1.05	0.95				
	119	1	90.67911925122809	18.536615537543863	0.0	0.0	1	1.0269969159307113	5.987417705441837	230.0	15	1.05	0.95				
	120	1	64.12666996771931	13.025729837192983	0.0	0.0	1	1.026508486252877	6.1031961341155085	230.0	15	1.05	0.95				
	121	2	0.0	0.0	0.0	0.0	1	1.043151999226887	10.152721491899365	230.0	17	1.05	0.95				
	122	2	0.0	0.0	0.0	0.0	1	1.05	16.283049536861945	230.0	17	1.05	0.95				
	123	2	0.0	0.0	0.0	0.0	1	1.0271610308652455	6.550899418021801	230.0	15	1.05	0.95				
	124	1	0.0	0.0	0.0	0.0	1	1.0213111283335108	4.441784779484146	230.0	16	1.05	0.95				
	201	2	59.669447494736836	12.154887452631579	0.0	0.0	2	1.0331719180907362	-9.560151958461153	138.0	21	1.05	0.95				
	202	2	53.59200376842105	11.049897684210526	0.0	0.0	2	1.033449478865907	-9.602955669409306	138.0	22	1.05	0.95				
	203	1	99.44907915789474	20.44231071578947	0.0	0.0	2	1.021152716514594	-8.047651780313581	138.0	21	1.05	0.95				
	204	1	40.88462143157894	8.287423263157894	0.0	0.0	2	1.0187389819446624	-11.83122896887439	138.0	21	1.05	0.95				
	205	1	39.22713677894736	7.734928378947369	0.0	0.0	2	1.034473481886263	-12.068411685910316	138.0	21	1.05	0.95				
	206	1	75.13930425263158	15.469856757894737	0.0	-100.0	2	1.0423899846586107	-13.999557015733604	138.0	22	1.05	0.95				
	207	2	69.06186052631578	13.812372105263156	0.0	0.0	2	0.9895004630793643	-22.34056721732058	138.0	22	1.05	0.95				
	208	1	94.4766252	19.33732094736842	0.0	0.0	2	0.991438623641681	-19.723672370620463	138.0	22	1.05	0.95				
	209	1	96.6866047368421	19.889815831578943	0.0	0.0	2	1.023379307812523	-11.411938672901984	138.0	23	1.05	0.95				
	210	1	107.73650242105262	22.099795368421052	0.0	0.0	2	1.05	-12.867115722481364	138.0	23	1.05	0.95				
	211	1	0.0	0.0	0.0	0.0	2	1.0120764160329405	-8.310153375373352	230.0	23	1.05	0.95				
	212	1	0.0	0.0	0.0	0.0	2	1.0119399274385958	-7.518237771896324	230.0	23	1.05	0.95				
	213	2	146.41114431578944	29.834723747368418	0.0	0.0	2	1.009833988256965	-7.173462251014548	230.0	24	1.05	0.95				
	214	2	107.1840075368421	21.547300484210528	0.0	0.0	2	1.0184817935693518	-5.436335077414956	230.0	26	1.05	0.95				
	215	2	175.14087829473684	35.35967258947368	0.0	0.0	2	1.0319715474533622	2.1092572933154954	230.0	26	1.05	0.95				
	216	2	55.249488421052625	11.049897684210526	0.0	0.0	2	1.0342967940585512	2.0076239342733855	230.0	26	1.05	0.95				
	217	1	0.0	0.0	0.0	0.0	2	1.0382045917317795	4.978536076136262	230.0	27	1.05	0.95				
	218	2	183.98079644210526	37.56965212631579	0.0	0.0	2	1.0398470093172392	5.4190070430260855	230.0	27	1.05	0.95				
	219	1	100.00157404210526	20.44231071578947	0.0	0.0	2	1.0328652580483169	1.3008134097611646	230.0	25	1.05	0.95				
	220	1	70.71934517894736	14.364866989473684	0.0	0.0	2	1.0359384895400576	1.7462371237811594	230.0	25	1.05	0.95				
	221	2	0.0	0.0	0.0	0.0	2	1.039623483599032	5.074826866391489	230.0	27	1.05	0.95				
	222	2	0.0	0.0	0.0	0.0	2	1.05	11.538810006826651	230.0	27	1.05	0.95				
	223	2	0.0	0.0	0.0	0.0	2	1.0388452614286252	2.4028533338359	230.0	25	1.05	0.95				
	224	1	0.0	0.0	0.0	0.0	2	1.015345276190936	-1.6932983340843637	230.0	26	1.05	0.95				
	301	2	41.76842771368422	8.508383423157897	0.0	0.0	3	1.0100548658440576	-11.798262599608247	138.0	31	1.05	0.95				
	302	2	37.514236002105264	7.734894021052634	0.0	0.0	3	1.010018855745555	-11.873788270099688	138.0	32	1.05	0.95				
	303	1	69.6140461894737	14.309553938947369	0.0	0.0	3	1.0229685668677482	-7.099059073829857	138.0	31	1.05	0.95				
	304	1	28.619107877894738	5.801170515789474	0.0	0.0	3	1.0129541984100012	-10.23493927821977	138.0	31	1.05	0.95				
	305	1	27.458873774736848	5.414425814736844	0.0	0.0	3	1.0251732383906653	-11.397625812163568	138.0	31	1.05	0.95				
	306	1	52.59727934315791	10.828851629473688	0.0	-100.0	3	1.0421656128024417	-11.64108690577385	138.0	32	1.05	0.95				
	307	2	48.34308763157896	9.66861752631579	0.0	0.0	3	0.9930783522807854	-15.351794514185299	138.0	32	1.05	0.95				
	308	1	66.13334388000001	13.536064536842108	0.0	0.0	3	1.0014880474171508	-13.655417389533087	138.0	32	1.05	0.95				
	309	1	67.68032268421054	13.92280923789474	0.0	0.0	3	1.0273438003847601	-7.314704238542767	138.0	33	1.05	0.95				
	310	1	75.41521670526316	15.469788042105268	0.0	0.0	3	1.05	-9.750065091474015	138.0	33	1.05	0.95				
	311	1	0.0	0.0	0.0	0.0	3	1.0041996211675437	-4.732659087859639	230.0	33	1.05	0.95				
	312	1	0.0	0.0	0.0	0.0	3	1.0094453317719365	-4.327986980063795	230.0	33	1.05	0.95				
	313	2	102.48734577894739	20.88421385684211	0.0	0.0	3	1.0066427245695315	-1.5820969141045051	230.0	34	1.05	0.95				
	314	2	75.02847200421053	15.083043341052635	0.0	0.0	3	0.9970898890173662	-3.535474983096288	230.0	36	1.05	0.95				
	315	2	122.59807023368423	24.751660867368425	0.0	0.0	3	1.0254073167796864	0.06992333485687464	230.0	36	1.05	0.95				
	316	2	38.67447010526316	7.734894021052634	0.0	0.0	3	1.023179406717939	0.43445692033319455	230.0	36	1.05	0.95				
	317	1	0.0	0.0	0.0	0.0	3	1.0310509825627048	1.8092690202967836	230.0	37	1.05	0.95				
	318	2	128.78598545052634	26.298639671578954	0.0	0.0	3	1.0315162722485922	1.7241406349309332	230.0	37	1.05	0.95				
	319	1	70.00079089052633	14.309553938947369	0.0	0.0	3	1.0178336256915128	-0.34003377374132965	230.0	35	1.05	0.95				
	320	1	49.50332173473685	10.055362227368423	0.0	0.0	3	1.0156779522272412	-0.24782684675237635	230.0	35	1.05	0.95				
	321	2	0.0	0.0	0.0	0.0	3	1.0332989507849888	2.4589690337457446	230.0	37	1.05	0.95				
	322	2	0.0	0.0	0.0	0.0	3	1.0457996781594887	6.5450783235850425	230.0	37	1.05	0.95				
	323	2	0.0	0.0	0.0	0.0	3	1.0149000446703815	0.10923770963631413	230.0	35	1.05	0.95				
	324	1	0.0	0.0	0.0	0.0	3	1.0152639904496636	-2.633859072428908	230.0	36	1.05	0.95				
	325	1	0.0	0.0	0.0	0.0	3	1.0151678859808515	0.9768141600915582	230.0	35	1.05	0.95				
];
