%% MATPOWER Case Format : Version 2
function mpc = RTS_GMLC
mpc.version = '2';

%%-----  Power Flow Data  -----%%
%% system MVA base
mpc.baseMVA = 100.0;
%% bus data
%    bus_i    type    Pd    Qd    Gs    Bs    area    Vm    Va    baseKV    zone    Vmax    Vmin
mpc.bus = [
	101	2	81.84166253052632	16.671449774736843	0.0	0.0	1	1.0307094194634245	-3.9274446565897314	138.0	11	1.05	0.95				
	102	2	73.5059376431579	15.15586343157895	0.0	0.0	1	1.030742170434027	-3.9872590281441824	138.0	12	1.05	0.95				
	103	1	136.40277088421053	28.038347348421055	0.0	0.0	1	1.018898966365905	-4.2312461753362065	138.0	11	1.05	0.95				
	104	1	56.07669469684211	11.366897573684211	0.0	0.0	1	1.0152192116815903	-6.717349544108312	138.0	11	1.05	0.95				
	105	1	53.80331518210526	10.609104402105265	0.0	0.0	1	1.030274401514292	-6.778959162403695	138.0	11	1.05	0.95				
	106	1	103.05987133473687	21.21820880421053	0.0	-100.0	1	1.03556108727333	-9.062782399245274	138.0	12	1.05	0.95				
	107	2	94.72414644736843	18.944829289473684	0.0	0.0	1	1.05	-7.114582046691952	138.0	12	1.05	0.95				
	108	1	129.58263234	26.522761005263156	0.0	0.0	1	1.0254414949580724	-9.216541543526056	138.0	12	1.05	0.95				
	109	1	132.6138050263158	27.28055417684211	0.0	0.0	1	1.0268703019578125	-5.876585845138721	138.0	13	1.05	0.95				
	110	1	147.76966845789474	30.3117268631579	0.0	0.0	1	1.05	-7.268756542267159	138.0	13	1.05	0.95				
	111	1	0.0	0.0	0.0	0.0	1	1.014167676896834	-2.4611444139065215	230.0	13	1.05	0.95				
	112	1	0.0	0.0	0.0	0.0	1	1.0169442037958887	-1.5952716993356746	230.0	13	1.05	0.95				
	113	3	200.81519046842104	40.92083126526316	0.0	0.0	1	1.0182394526163328	-3.920272611339275e-26	230.0	14	1.05	0.95				
	114	2	147.0118752863158	29.553933691578948	0.0	0.0	1	1.0163696554105635	-0.4689458783198565	230.0	16	1.05	0.95				
	115	2	240.22043539052632	48.498762981052636	0.0	0.0	1	1.0447130014977646	7.302998651284901	230.0	16	1.05	0.95				
	116	2	75.77931715789474	15.15586343157895	0.0	0.0	1	1.0435899974150595	6.910076367823391	230.0	16	1.05	0.95				
	117	1	0.0	0.0	0.0	0.0	1	1.0472197289177352	9.96793194584609	230.0	17	1.05	0.95				
	118	2	252.34512613578949	51.529935667368434	0.0	0.0	1	1.049248171106623	10.63883712478659	230.0	17	1.05	0.95				
	119	1	137.16056405578948	28.038347348421055	0.0	0.0	1	1.0379469955857934	5.5780801188095905	230.0	15	1.05	0.95				
	120	1	96.99752596210527	19.702622461052634	0.0	0.0	1	1.0398876228250242	5.849599578617697	230.0	15	1.05	0.95				
	121	2	0.0	0.0	0.0	0.0	1	1.05	11.40848394967367	230.0	17	1.05	0.95				
	122	2	0.0	0.0	0.0	0.0	1	1.05	17.35486476347553	230.0	17	1.05	0.95				
	123	2	0.0	0.0	0.0	0.0	1	1.0430803155636514	6.556808432330714	230.0	15	1.05	0.95				
	124	1	0.0	0.0	0.0	0.0	1	1.0205924491290297	3.043875156538309	230.0	16	1.05	0.95				
	201	2	97.93609317473685	19.949944905964912	0.0	0.0	2	1.05	-17.014172572507714	138.0	21	1.05	0.95				
	202	2	87.96112072175438	18.13631355087719	0.0	0.0	2	1.05	-17.075546531836128	138.0	22	1.05	0.95				
	203	1	163.22682195789474	33.552180069122805	0.0	0.0	2	1.0205250004561823	-12.662682083727598	138.0	21	1.05	0.95				
	204	1	67.10436013824561	13.602235163157895	0.0	0.0	2	1.0173912049364047	-18.725250842820646	138.0	21	1.05	0.95				
	205	1	64.38391310561403	12.695419485614035	0.0	0.0	2	1.0358361990285583	-19.29146163317535	138.0	21	1.05	0.95				
	206	1	123.3269321459649	25.39083897122807	0.0	-100.0	2	1.0321111117804496	-21.414526364659675	138.0	22	1.05	0.95				
	207	2	113.35195969298243	22.67039193859649	0.0	0.0	2	0.95	-31.00376612156939	138.0	22	1.05	0.95				
	208	1	155.06548085999998	31.738548714035087	0.0	0.0	2	0.9521184407539522	-28.236883894144036	138.0	22	1.05	0.95				
	209	1	158.69274357017545	32.645364391578944	0.0	0.0	2	1.020311241988495	-16.417814295515093	138.0	23	1.05	0.95				
	210	1	176.8290571210526	36.27262710175438	0.0	0.0	2	1.044899962479342	-18.78425356994716	138.0	23	1.05	0.95				
	211	1	0.0	0.0	0.0	0.0	2	1.0293585402195748	-10.74044471449467	230.0	23	1.05	0.95				
	212	1	0.0	0.0	0.0	0.0	2	1.0194892607516668	-9.309662430853026	230.0	23	1.05	0.95				
	213	2	240.3061545491228	48.96804658736843	0.0	0.0	2	1.05	-6.184019910098859	230.0	24	1.05	0.95				
	214	2	175.92224144350877	35.36581142421053	0.0	0.0	2	1.05	-8.218221829771538	230.0	26	1.05	0.95				
	215	2	287.4605697814035	58.036203362807015	0.0	0.0	2	1.0425803823361495	1.350187088374466	230.0	26	1.05	0.95				
	216	2	90.68156775438597	18.13631355087719	0.0	0.0	2	1.046957405385156	1.0020785512918602	230.0	26	1.05	0.95				
	217	1	0.0	0.0	0.0	0.0	2	1.0485865768672586	4.509630089542021	230.0	27	1.05	0.95				
	218	2	301.96962062210525	61.66346607298245	0.0	0.0	2	1.05	5.074568152605042	230.0	27	1.05	0.95				
	219	1	164.1336376354386	33.552180069122805	0.0	0.0	2	1.0413148231334306	0.3491620555386514	230.0	25	1.05	0.95				
	220	1	116.07240672561403	23.57720761614035	0.0	0.0	2	1.0448752643727848	1.479150314192898	230.0	25	1.05	0.95				
	221	2	0.0	0.0	0.0	0.0	2	1.05	5.664807371737918	230.0	27	1.05	0.95				
	222	2	0.0	0.0	0.0	0.0	2	1.05	11.723388122203092	230.0	27	1.05	0.95				
	223	2	0.0	0.0	0.0	0.0	2	1.05	2.7545223522344484	230.0	25	1.05	0.95				
	224	1	0.0	0.0	0.0	0.0	2	1.0164240511962923	-3.847725317096209	230.0	26	1.05	0.95				
	301	2	66.45365389894738	13.536855423859647	0.0	0.0	3	1.0132904689802396	-14.44722116800632	138.0	31	1.05	0.95				
	302	2	59.685226187017534	12.30623220350877	0.0	0.0	3	1.0119193783439084	-14.805970751741018	138.0	32	1.05	0.95				
	303	1	110.75608983157895	22.766529576491227	0.0	0.0	3	1.025713097187776	-8.990114280383674	138.0	31	1.05	0.95				
	304	1	45.53305915298245	9.229674152631578	0.0	0.0	3	1.0094856380171902	-13.771494197199216	138.0	31	1.05	0.95				
	305	1	43.687124322456135	8.61436254245614	0.0	0.0	3	1.0235784424067735	-14.395767415276689	138.0	31	1.05	0.95				
	306	1	83.68237898385965	17.22872508491228	0.0	-100.0	3	1.0359152468522412	-15.06851771014719	138.0	32	1.05	0.95				
	307	2	76.91395127192982	15.382790254385965	0.0	0.0	3	1.004580582626835	-17.018563030721268	138.0	32	1.05	0.95				
	308	1	105.21828534	21.535906356140348	0.0	0.0	3	1.0020465440367106	-16.575101824908433	138.0	32	1.05	0.95				
	309	1	107.67953178070175	22.151217966315787	0.0	0.0	3	1.027824256452341	-10.41121785975434	138.0	33	1.05	0.95				
	310	1	119.98576398421052	24.61246440701754	0.0	0.0	3	1.05	-12.371223903124035	138.0	33	1.05	0.95				
	311	1	0.0	0.0	0.0	0.0	3	1.0164581368657561	-6.024171376040637	230.0	33	1.05	0.95				
	312	1	0.0	0.0	0.0	0.0	3	1.0173092206616134	-4.636655891988693	230.0	33	1.05	0.95				
	313	2	163.05757669649122	33.22682694947369	0.0	0.0	3	1.0256902382984616	-1.389329739833886	230.0	34	1.05	0.95				
	314	2	119.37045237403507	23.997152796842105	0.0	0.0	3	1.0219831661471896	-4.730321768382377	230.0	36	1.05	0.95				
	315	2	195.053780425614	39.37994305122807	0.0	0.0	3	1.0450298655985686	0.8414171682431959	230.0	36	1.05	0.95				
	316	2	61.53116101754386	12.30623220350877	0.0	0.0	3	1.0432408450422839	0.8255276467143972	230.0	36	1.05	0.95				
	317	1	0.0	0.0	0.0	0.0	3	1.0466073449984084	2.4690866879997317	230.0	37	1.05	0.95				
	318	2	204.89876618842104	41.841189491929825	0.0	0.0	3	1.0471783503642298	2.4825387983174996	230.0	37	1.05	0.95				
	319	1	111.37140144175439	22.766529576491227	0.0	0.0	3	1.0410611297219758	1.2814433524388191	230.0	35	1.05	0.95				
	320	1	78.75988610245614	15.998101864561404	0.0	0.0	3	1.0443514589010447	2.8360141394388734	230.0	35	1.05	0.95				
	321	2	0.0	0.0	0.0	0.0	3	1.0499999938682694	3.8534529417395587	230.0	37	1.05	0.95				
	322	2	0.0	0.0	0.0	0.0	3	1.05	9.084972979162663	230.0	37	1.05	0.95				
	323	2	0.0	0.0	0.0	0.0	3	1.0481531227608005	4.137158738130812	230.0	35	1.05	0.95				
	324	1	0.0	0.0	0.0	0.0	3	1.0254582545250157	-2.8078277482911864	230.0	36	1.05	0.95				
	325	1	0.0	0.0	0.0	0.0	3	1.047273958494214	4.743267234836327	230.0	35	1.05	0.95				
];
