%% MATPOWER Case Format : Version 2
function mpc = RTS_GMLC
mpc.version = '2';

%%-----  Power Flow Data  -----%%
%% system MVA base
mpc.baseMVA = 100.0;
%% bus data
%    bus_i    type    Pd    Qd    Gs    Bs    area    Vm    Va    baseKV    zone    Vmax    Vmin
mpc.bus = [
	101	2	58.315190513684215	11.879020289824561	0.0	0.0	1	1.0499999900459136	3.546487399760354	138.0	11	1.05	0.95				
	102	2	52.375680368771924	10.799109354385966	0.0	0.0	1	1.0489378449088615	3.1759852744158787	138.0	12	1.05	0.95				
	103	1	97.19198418947369	19.978352305614035	0.0	0.0	1	1.0332005295368802	1.0756564032739697	138.0	11	1.05	0.95				
	104	1	39.95670461122807	8.099332015789473	0.0	0.0	1	1.0287611460957542	-0.6812887893911916	138.0	11	1.05	0.95				
	105	1	38.336838208070176	7.559376548070176	0.0	0.0	1	1.0415283501369073	-0.9563360271808836	138.0	11	1.05	0.95				
	106	1	73.43394360982457	15.118753096140352	0.0	-100.0	1	1.045003456869822	-4.068474388014513	138.0	12	1.05	0.95				
	107	2	67.49443346491229	13.498886692982456	0.0	0.0	1	0.9984332816683731	-12.261443746686556	138.0	12	1.05	0.95				
	108	1	92.33238498	18.898441370175437	0.0	0.0	1	0.9983956998978726	-10.164302310632067	138.0	12	1.05	0.95				
	109	1	94.4922068508772	19.438396837894736	0.0	0.0	1	1.0252005598974103	-2.8147992836124742	138.0	13	1.05	0.95				
	110	1	105.29131620526316	21.59821870877193	0.0	0.0	1	1.05	-3.909624251950037	138.0	13	1.05	0.95				
	111	1	0.0	0.0	0.0	0.0	1	1.0080629344377376	-0.8053239885234028	230.0	13	1.05	0.95				
	112	1	0.0	0.0	0.0	0.0	1	1.0120836586844997	-1.0142665607054773	230.0	13	1.05	0.95				
	113	3	143.08819894561404	29.157595256842107	0.0	0.0	1	1.0035116804915518	-8.523735478061953e-31	230.0	14	1.05	0.95				
	114	2	104.75136073754385	21.058263241052632	0.0	0.0	1	1.0073354849235996	1.1448533746742946	230.0	16	1.05	0.95				
	115	2	171.16588326701753	34.55714993403509	0.0	0.0	1	1.0421127917736697	8.496651844078281	230.0	16	1.05	0.95				
	116	2	53.995546771929824	10.799109354385966	0.0	0.0	1	1.0374202863838708	7.0955542168524115	230.0	16	1.05	0.95				
	117	1	0.0	0.0	0.0	0.0	1	1.0435876009375336	11.172484918719002	230.0	17	1.05	0.95				
	118	2	179.80517075052634	36.71697180491228	0.0	0.0	1	1.0478523966283992	12.225257860976328	230.0	17	1.05	0.95				
	119	1	97.731939657193	19.978352305614035	0.0	0.0	1	1.0272768639457106	4.551776575110377	230.0	15	1.05	0.95				
	120	1	69.11429986807018	14.038842160701757	0.0	0.0	1	1.023153250246703	2.9786656609695186	230.0	15	1.05	0.95				
	121	2	0.0	0.0	0.0	0.0	1	1.05	14.086259966412351	230.0	17	1.05	0.95				
	122	2	0.0	0.0	0.0	0.0	1	1.05	19.693977269713947	230.0	17	1.05	0.95				
	123	2	0.0	0.0	0.0	0.0	1	1.0220245065746398	2.525309767543991	230.0	15	1.05	0.95				
	124	1	0.0	0.0	0.0	0.0	1	1.0291319633592346	5.717568137112311	230.0	16	1.05	0.95				
	201	2	65.14339683789474	13.269951207719297	0.0	0.0	2	1.0180625741792988	-14.136356409443476	138.0	21	1.05	0.95				
	202	2	58.50842123403508	12.063592007017544	0.0	0.0	2	1.018305958469228	-14.15656196169301	138.0	22	1.05	0.95				
	203	1	108.57232806315788	22.317645212982455	0.0	0.0	2	1.0127205267691541	-11.317768099592502	138.0	21	1.05	0.95				
	204	1	44.63529042596491	9.047694005263157	0.0	0.0	2	1.0116190629302522	-14.02215494595348	138.0	21	1.05	0.95				
	205	1	42.82575162491227	8.44451440491228	0.0	0.0	2	1.0263216935089732	-14.476652568640375	138.0	21	1.05	0.95				
	206	1	82.0324256477193	16.88902880982456	0.0	-100.0	2	1.0378678790193647	-15.268426686230233	138.0	22	1.05	0.95				
	207	2	75.39745004385965	15.079490008771929	0.0	0.0	2	0.9921038234576414	-23.40703825158885	138.0	22	1.05	0.95				
	208	1	103.14371165999998	21.1112860122807	0.0	0.0	2	0.9909281152253578	-20.503800563170685	138.0	22	1.05	0.95				
	209	1	105.55643006140349	21.714465612631574	0.0	0.0	2	1.025143466799837	-11.434980145657748	138.0	23	1.05	0.95				
	210	1	117.62002206842104	24.127184014035088	0.0	0.0	2	1.05	-12.888634255966391	138.0	23	1.05	0.95				
	211	1	0.0	0.0	0.0	0.0	2	1.0163331987510804	-7.92348510358277	230.0	23	1.05	0.95				
	212	1	0.0	0.0	0.0	0.0	2	1.0194925894865356	-3.0783273438056913	230.0	23	1.05	0.95				
	213	2	159.84259409298244	32.57169841894737	0.0	0.0	2	1.0226831387159458	-4.864431316880323	230.0	24	1.05	0.95				
	214	2	117.01684246807017	23.52400441368421	0.0	0.0	2	1.020196565692883	-6.365380227394168	230.0	26	1.05	0.95				
	215	2	191.20793331122806	38.60349442245614	0.0	0.0	2	1.0304785758381156	-0.5386855001399486	230.0	26	1.05	0.95				
	216	2	60.317960035087715	12.063592007017544	0.0	0.0	2	1.0329449739675505	-0.4304831069180929	230.0	26	1.05	0.95				
	217	1	0.0	0.0	0.0	0.0	2	1.0337455716768467	0.4858971435178254	230.0	27	1.05	0.95				
	218	2	200.85880691684207	41.01621282385965	0.0	0.0	2	1.0321087456803213	-0.2540301337848727	230.0	27	1.05	0.95				
	219	1	109.17550766350877	22.317645212982455	0.0	0.0	2	1.0354775915403327	0.8267974509204351	230.0	25	1.05	0.95				
	220	1	77.20698884491227	15.682669609122806	0.0	0.0	2	1.0432970189417707	3.0534123335741366	230.0	25	1.05	0.95				
	221	2	0.0	0.0	0.0	0.0	2	1.0343329034491957	0.4591644785179862	230.0	27	1.05	0.95				
	222	2	0.0	0.0	0.0	0.0	2	1.05	6.966389842331793	230.0	27	1.05	0.95				
	223	2	0.0	0.0	0.0	0.0	2	1.05	4.702745152506717	230.0	25	1.05	0.95				
	224	1	0.0	0.0	0.0	0.0	2	1.0105172264241842	-4.547488728042738	230.0	26	1.05	0.95				
	301	2	62.13160390736843	12.656437832982457	0.0	0.0	3	0.9930617863002539	12.623655437807017	138.0	31	1.05	0.95				
	302	2	55.80338499087719	11.505852575438597	0.0	0.0	3	0.9929341821037853	12.59211272452421	138.0	32	1.05	0.95				
	303	1	103.55267317894739	21.285827264561405	0.0	0.0	3	1.0172079462689554	15.810122163060498	138.0	31	1.05	0.95				
	304	1	42.57165452912281	8.629389431578947	0.0	0.0	3	1.0015696328534596	14.759730977714616	138.0	31	1.05	0.95				
	305	1	40.84577664280702	8.054096802807019	0.0	0.0	3	1.0128206470660648	14.330950525423928	138.0	31	1.05	0.95				
	306	1	78.23979751298246	16.108193605614037	0.0	-100.0	3	1.032065194678847	14.633700036701205	138.0	32	1.05	0.95				
	307	2	71.91157859649124	14.382315719298248	0.0	0.0	3	0.9881655711184787	10.642645485337558	138.0	32	1.05	0.95				
	308	1	98.37503952	20.135242007017546	0.0	0.0	3	0.9984988112898975	13.225778500547461	138.0	32	1.05	0.95				
	309	1	100.67621003508773	20.710534635789475	0.0	0.0	3	1.0290499939541127	18.853981685728495	138.0	33	1.05	0.95				
	310	1	112.18206261052632	23.011705150877194	0.0	0.0	3	1.05	17.869596156543206	138.0	33	1.05	0.95				
	311	1	0.0	0.0	0.0	0.0	3	1.0160261487789035	23.96979947287366	230.0	33	1.05	0.95				
	312	1	0.0	0.0	0.0	0.0	3	1.0220726973561507	24.68086783109859	230.0	33	1.05	0.95				
	313	2	152.4525466245614	31.065801953684215	0.0	0.0	3	1.0357090261635726	31.07982324728192	230.0	34	1.05	0.95				
	314	2	111.60676998175438	22.436412522105268	0.0	0.0	3	1.016146738635647	23.274417787399255	230.0	36	1.05	0.95				
	315	2	182.36776332070178	36.81872824140351	0.0	0.0	3	1.0390024963127495	19.163853330559746	230.0	36	1.05	0.95				
	316	2	57.52926287719299	11.505852575438597	0.0	0.0	3	1.0392635665828895	20.332617427810685	230.0	36	1.05	0.95				
	317	1	0.0	0.0	0.0	0.0	3	1.05	21.422698880335414	230.0	37	1.05	0.95				
	318	2	191.57244538105266	39.11989875649123	0.0	0.0	3	1.0480146615882375	18.85598694223677	230.0	37	1.05	0.95				
	319	1	104.1279658077193	21.285827264561405	0.0	0.0	3	1.0382283689942031	21.76451566436472	230.0	35	1.05	0.95				
	320	1	73.63745648280702	14.957608348070178	0.0	0.0	3	1.0388202504838346	22.69789831270089	230.0	35	1.05	0.95				
	321	2	0.0	0.0	0.0	0.0	3	1.045654094113356	19.58835575032284	230.0	37	1.05	0.95				
	322	2	0.0	0.0	0.0	0.0	3	1.05	24.65020773291745	230.0	37	1.05	0.95				
	323	2	0.0	0.0	0.0	0.0	3	1.0388145098793582	22.955004166384718	230.0	35	1.05	0.95				
	324	1	0.0	0.0	0.0	0.0	3	1.027190890267596	19.787019296136858	230.0	36	1.05	0.95				
	325	1	0.0	0.0	0.0	0.0	3	1.0411961914385157	22.20637088688833	230.0	35	1.05	0.95				
];
