%% MATPOWER Case Format : Version 2
function mpc = RTS_GMLC
mpc.version = '2';

%%-----  Power Flow Data  -----%%
%% system MVA base
mpc.baseMVA = 100.0;
%% bus data
%    bus_i    type    Pd    Qd    Gs    Bs    area    Vm    Va    baseKV    zone    Vmax    Vmin
mpc.bus = [
	101	2	65.89015340210527	13.422068285614037	0.0	0.0	1	1.0341489059363604	0.05600955909450406	138.0	11	1.05	0.95				
	102	2	59.17911925929824	12.201880259649123	0.0	0.0	1	1.0342036470620593	0.012186623828018103	138.0	12	1.05	0.95				
	103	1	109.81692233684211	22.57347848035088	0.0	0.0	1	1.0236272551185133	-1.4511808469080774	138.0	11	1.05	0.95				
	104	1	45.14695696070176	9.151410194736842	0.0	0.0	1	1.018912623244668	-3.26035577753874	138.0	11	1.05	0.95				
	105	1	43.316674921754384	8.541316181754386	0.0	0.0	1	1.033772313033923	-3.1709013190670343	138.0	11	1.05	0.95				
	106	1	82.97278576561405	17.082632363508772	0.0	-100.0	1	1.04045137284858	-5.539291326082524	138.0	12	1.05	0.95				
	107	2	76.26175162280701	15.252350324561403	0.0	0.0	1	1.0347581231298824	-4.992551383324384	138.0	12	1.05	0.95				
	108	1	104.32607622	21.353290454385963	0.0	0.0	1	1.0206764013070737	-6.476237326908254	138.0	12	1.05	0.95				
	109	1	106.76645227192982	21.96338446736842	0.0	0.0	1	1.0258092306970288	-3.4746549353238922	138.0	13	1.05	0.95				
	110	1	118.96833253157895	24.403760519298245	0.0	0.0	1	1.05	-4.5229734520014695	138.0	13	1.05	0.95				
	111	1	0.0	0.0	0.0	0.0	1	1.0079354863504244	-1.1325093545472311	230.0	13	1.05	0.95				
	112	1	0.0	0.0	0.0	0.0	1	1.0128814068822778	-0.6639381887255733	230.0	13	1.05	0.95				
	113	3	161.67491344035088	32.945076701052635	0.0	0.0	1	1.0058795375367036	-1.5774924838903694e-30	230.0	14	1.05	0.95				
	114	2	118.35823851859648	23.793666506315788	0.0	0.0	1	1.0055122906812304	0.8465181248624998	230.0	16	1.05	0.95				
	115	2	193.3998021154386	39.04601683087719	0.0	0.0	1	1.0407562745989156	7.845121841910209	230.0	16	1.05	0.95				
	116	2	61.00940129824561	12.201880259649123	0.0	0.0	1	1.0372720416491275	7.271039404892411	230.0	16	1.05	0.95				
	117	1	0.0	0.0	0.0	0.0	1	1.0443630082749138	10.10667418977536	230.0	17	1.05	0.95				
	118	2	203.16130632315787	41.486392882807024	0.0	0.0	1	1.047639624550039	10.667927347350084	230.0	17	1.05	0.95				
	119	1	110.42701634982457	22.57347848035088	0.0	0.0	1	1.0305671590311758	5.66487851562177	230.0	15	1.05	0.95				
	120	1	78.09203366175439	15.86244433754386	0.0	0.0	1	1.030082278616595	5.434960822245431	230.0	15	1.05	0.95				
	121	2	0.0	0.0	0.0	0.0	1	1.05	11.202295968277049	230.0	17	1.05	0.95				
	122	2	0.0	0.0	0.0	0.0	1	1.05	17.33999363901287	230.0	17	1.05	0.95				
	123	2	0.0	0.0	0.0	0.0	1	1.0311813869537467	5.770166638886987	230.0	15	1.05	0.95				
	124	1	0.0	0.0	0.0	0.0	1	1.0226779977806895	4.388595677801126	230.0	16	1.05	0.95				
	201	2	66.52038406736843	13.55044860631579	0.0	0.0	2	1.0321281181992077	-13.491486319818895	138.0	21	1.05	0.95				
	202	2	59.745159764210534	12.318589642105266	0.0	0.0	2	1.0323072336561159	-13.593244708159894	138.0	22	1.05	0.95				
	203	1	110.86730677894738	22.78939083789474	0.0	0.0	2	1.0226474581588412	-10.518080003320101	138.0	21	1.05	0.95				
	204	1	45.57878167578948	9.238942231578948	0.0	0.0	2	1.017137465376358	-15.772453708820688	138.0	21	1.05	0.95				
	205	1	43.73099322947368	8.623012749473686	0.0	0.0	2	1.0330165269486236	-16.14511019124265	138.0	21	1.05	0.95				
	206	1	83.7664095663158	17.246025498947372	0.0	-100.0	2	1.040221284318263	-18.218448297119117	138.0	22	1.05	0.95				
	207	2	76.9911852631579	15.39823705263158	0.0	0.0	2	0.9876443636154961	-27.4863005209897	138.0	22	1.05	0.95				
	208	1	105.32394144000001	21.557531873684212	0.0	0.0	2	0.987354660756859	-24.51101853494986	138.0	22	1.05	0.95				
	209	1	107.78765936842105	22.173461355789474	0.0	0.0	2	1.0236808686957055	-15.052844183697118	138.0	23	1.05	0.95				
	210	1	120.10624901052634	24.637179284210532	0.0	0.0	2	1.05	-16.888098221289905	138.0	23	1.05	0.95				
	211	1	0.0	0.0	0.0	0.0	2	1.0168046040521401	-11.733738899730058	230.0	23	1.05	0.95				
	212	1	0.0	0.0	0.0	0.0	2	1.0161075247261249	-10.855722530278552	230.0	23	1.05	0.95				
	213	2	163.22131275789476	33.26019203368421	0.0	0.0	2	1.0186645971404247	-10.506870767625667	230.0	24	1.05	0.95				
	214	2	119.49031952842107	24.021249802105267	0.0	0.0	2	1.0257552218065122	-8.588510835645446	230.0	26	1.05	0.95				
	215	2	195.24964582736843	39.419486854736846	0.0	0.0	2	1.036608010272728	-0.0644860544015792	230.0	26	1.05	0.95				
	216	2	61.59294821052632	12.318589642105266	0.0	0.0	2	1.0398258336040285	-0.3776313652046811	230.0	26	1.05	0.95				
	217	1	0.0	0.0	0.0	0.0	2	1.0418059124985466	2.8214384345944588	230.0	27	1.05	0.95				
	218	2	205.10451754105264	41.8832047831579	0.0	0.0	2	1.0431087280823508	3.1406100740080514	230.0	27	1.05	0.95				
	219	1	111.48323626105265	22.78939083789474	0.0	0.0	2	1.040215062910936	-1.17179273847648	230.0	25	1.05	0.95				
	220	1	78.83897370947369	16.014166534736844	0.0	0.0	2	1.045567332857573	-0.6980473751725679	230.0	25	1.05	0.95				
	221	2	0.0	0.0	0.0	0.0	2	1.0428672352972423	2.833636950682387	230.0	27	1.05	0.95				
	222	2	0.0	0.0	0.0	0.0	2	1.05	9.334086752342264	230.0	27	1.05	0.95				
	223	2	0.0	0.0	0.0	0.0	2	1.05	0.009755124244885038	230.0	25	1.05	0.95				
	224	1	0.0	0.0	0.0	0.0	2	1.0183891864365595	-3.966618999515345	230.0	26	1.05	0.95				
	301	2	58.71496361684212	11.960455551578947	0.0	0.0	3	1.0210612826936138	-9.821706720109038	138.0	31	1.05	0.95				
	302	2	52.73473584105264	10.873141410526317	0.0	0.0	3	1.0178695002173617	-10.187707142428737	138.0	32	1.05	0.95				
	303	1	97.85827269473685	20.115311609473686	0.0	0.0	3	1.05	5.95692530001686	138.0	31	1.05	0.95				
	304	1	40.23062321894737	8.154856057894737	0.0	0.0	3	1.0079512534331947	-8.733029579395648	138.0	31	1.05	0.95				
	305	1	38.59965200736843	7.6111989873684225	0.0	0.0	3	1.026339212176894	-10.850963928961487	138.0	31	1.05	0.95				
	306	1	73.93736159157896	15.222397974736845	0.0	-100.0	3	1.0355960254830743	-12.05589803869572	138.0	32	1.05	0.95				
	307	2	67.95713381578949	13.591426763157896	0.0	0.0	3	0.9842584668219362	-12.220699732554934	138.0	32	1.05	0.95				
	308	1	92.96535906000001	19.027997468421056	0.0	0.0	3	0.9892045090235437	-12.076899999757023	138.0	32	1.05	0.95				
	309	1	95.13998734210527	19.57165453894737	0.0	0.0	3	1.0178839812851252	-5.278933082766898	138.0	33	1.05	0.95				
	310	1	106.01312875263159	21.746282821052635	0.0	0.0	3	1.0450658358091822	-10.141985649330163	138.0	33	1.05	0.95				
	311	1	0.0	0.0	0.0	0.0	3	1.0057925002788282	-5.546263131765682	230.0	33	1.05	0.95				
	312	1	0.0	0.0	0.0	0.0	3	1.0104145194760221	-4.721698474576722	230.0	33	1.05	0.95				
	313	2	144.06912368947368	29.35748180842106	0.0	0.0	3	1.0077126388260307	-2.8352572142774566	230.0	34	1.05	0.95				
	314	2	105.46947168210528	21.20262575052632	0.0	0.0	3	1.0036026822104571	-5.66236977709138	230.0	36	1.05	0.95				
	315	2	172.33929135684212	34.794052513684214	0.0	0.0	3	1.0490122714165013	-2.013478646061187	230.0	36	1.05	0.95				
	316	2	54.365707052631585	10.873141410526317	0.0	0.0	3	1.0405914079782264	-2.5644414739123143	230.0	36	1.05	0.95				
	317	1	0.0	0.0	0.0	0.0	3	1.046065581058613	-1.1643739669082247	230.0	37	1.05	0.95				
	318	2	181.0378044852632	36.96868079578948	0.0	0.0	3	1.0465713674087553	-1.285074283755054	230.0	37	1.05	0.95				
	319	1	98.40192976526318	20.115311609473686	0.0	0.0	3	1.0306115220041283	-2.980531264066797	230.0	35	1.05	0.95				
	320	1	69.58810502736843	14.135083833684211	0.0	0.0	3	1.0261464862891398	-2.295295901602429	230.0	35	1.05	0.95				
	321	2	0.0	0.0	0.0	0.0	3	1.0490686969386966	-0.32694137542603446	230.0	37	1.05	0.95				
	322	2	0.0	0.0	0.0	0.0	3	1.05	3.6854640455088696	230.0	37	1.05	0.95				
	323	2	0.0	0.0	0.0	0.0	3	1.0249793879227118	-1.4977488453122543	230.0	35	1.05	0.95				
	324	1	0.0	0.0	0.0	0.0	3	1.046655681587194	1.0349611175684217	230.0	36	1.05	0.95				
	325	1	0.0	0.0	0.0	0.0	3	1.0237723809128303	-0.41461285968038664	230.0	35	1.05	0.95				
];
