%% MATPOWER Case Format : Version 2
function mpc = RTS_GMLC
mpc.version = '2';

%%-----  Power Flow Data  -----%%
%% system MVA base
mpc.baseMVA = 100.0;
%% bus data
%    bus_i    type    Pd    Qd    Gs    Bs    area    Vm    Va    baseKV    zone    Vmax    Vmin
mpc.bus = [
	101	2	88.12073232000002	17.95051954666667	0.0	0.0	1	1.033442166326221	-5.4084829868549775	138.0	11	1.05	0.95				
	102	2	79.14547254666667	16.318654133333336	0.0	0.0	1	1.0334359407734623	-5.465341847859337	138.0	12	1.05	0.95				
	103	1	146.8678872	30.18951014666667	0.0	0.0	1	1.017269940383686	-5.456201814520673	138.0	11	1.05	0.95				
	104	1	60.37902029333334	12.238990600000001	0.0	0.0	1	1.0154065632368214	-7.905522604534088	138.0	11	1.05	0.95				
	105	1	57.93122217333333	11.423057893333336	0.0	0.0	1	1.0310009842934862	-8.00768459499832	138.0	11	1.05	0.95				
	106	1	110.96684810666669	22.846115786666672	0.0	-100.0	1	1.0346333086558255	-10.204325688466598	138.0	12	1.05	0.95				
	107	2	101.99158833333335	20.398317666666667	0.0	0.0	1	1.048046547448724	-5.725733585744849	138.0	12	1.05	0.95				
	108	1	139.52449284000002	28.557644733333333	0.0	0.0	1	1.0224385941842065	-8.923466973868175	138.0	12	1.05	0.95				
	109	1	142.78822366666668	29.373577440000005	0.0	0.0	1	1.0270016337487249	-6.5996855080759325	138.0	13	1.05	0.95				
	110	1	159.1068778	32.63730826666667	0.0	0.0	1	1.05	-8.067200446513286	138.0	13	1.05	0.95				
	111	1	0.0	0.0	0.0	0.0	1	1.0173579793337881	-2.9760472433100658	230.0	13	1.05	0.95				
	112	1	0.0	0.0	0.0	0.0	1	1.0182969326465316	-1.831537951556226	230.0	13	1.05	0.95				
	113	3	216.22216726666664	44.06036616000001	0.0	0.0	1	1.0231402118213706	-4.092150013346659e-28	230.0	14	1.05	0.95				
	114	2	158.29094509333333	31.821375560000003	0.0	0.0	1	1.0222275827162561	-1.2294949524104206	230.0	16	1.05	0.95				
	115	2	258.65066801333336	52.21969322666668	0.0	0.0	1	1.0447959625076089	6.42907128200142	230.0	16	1.05	0.95				
	116	2	81.59327066666667	16.318654133333336	0.0	0.0	1	1.0451383169739095	6.190013439399453	230.0	16	1.05	0.95				
	117	1	0.0	0.0	0.0	0.0	1	1.0478160796128864	9.164781368558005	230.0	17	1.05	0.95				
	118	2	271.70559132000005	55.483424053333344	0.0	0.0	1	1.0493973013736912	9.7647488257099	230.0	17	1.05	0.95				
	119	1	147.68381990666668	30.18951014666667	0.0	0.0	1	1.0397026177372237	5.255355073651162	230.0	15	1.05	0.95				
	120	1	104.43938645333336	21.214250373333336	0.0	0.0	1	1.04238496932958	5.976712609205662	230.0	15	1.05	0.95				
	121	2	0.0	0.0	0.0	0.0	1	1.05	10.599803551496162	230.0	17	1.05	0.95				
	122	2	0.0	0.0	0.0	0.0	1	1.05	16.773652441470418	230.0	17	1.05	0.95				
	123	2	0.0	0.0	0.0	0.0	1	1.0464074127812075	6.968367869566462	230.0	15	1.05	0.95				
	124	1	0.0	0.0	0.0	0.0	1	1.0195728565296773	2.0465477539146306	230.0	16	1.05	0.95				
	201	2	84.0812214694737	17.12765622526316	0.0	0.0	2	1.0452329851276216	-10.119303729487651	138.0	21	1.05	0.95				
	202	2	75.5173933568421	15.570596568421054	0.0	0.0	2	1.045590375910426	-10.176597347202767	138.0	22	1.05	0.95				
	203	1	140.13536911578947	28.80560365157895	0.0	0.0	2	1.0281587948713387	-7.851969028410398	138.0	21	1.05	0.95				
	204	1	57.6112073031579	11.67794742631579	0.0	0.0	2	1.0212610618050721	-12.13430244170261	138.0	21	1.05	0.95				
	205	1	55.27561781789474	10.899417597894738	0.0	0.0	2	1.0376724716013217	-12.476682723138529	138.0	21	1.05	0.95				
	206	1	105.88005666526317	21.798835195789476	0.0	-100.0	2	1.0388785801862321	-14.520319046054835	138.0	22	1.05	0.95				
	207	2	97.31622855263157	19.463245710526316	0.0	0.0	2	0.9522729585907493	-26.446508781595938	138.0	22	1.05	0.95				
	208	1	133.12860066000002	27.248543994736842	0.0	0.0	2	0.9585022936473603	-22.523181149502438	138.0	22	1.05	0.95				
	209	1	136.24271997368422	28.027073823157895	0.0	0.0	2	1.0260359230077647	-10.616185293375072	138.0	23	1.05	0.95				
	210	1	151.81331654210527	31.14119313684211	0.0	0.0	2	1.05	-12.44938462769938	138.0	23	1.05	0.95				
	211	1	0.0	0.0	0.0	0.0	2	1.0298821739070871	-5.412455319199178	230.0	23	1.05	0.95				
	212	1	0.0	0.0	0.0	0.0	2	1.0220657496170422	-4.0413994304388705	230.0	23	1.05	0.95				
	213	2	206.31040453157894	42.04061073473685	0.0	0.0	2	1.0450136825074614	-1.3062906260805855	230.0	24	1.05	0.95				
	214	2	151.0347867136842	30.362663308421055	0.0	0.0	2	1.047042776763451	-3.1229538022697834	230.0	26	1.05	0.95				
	215	2	246.79395560947367	49.82590901894737	0.0	0.0	2	1.0460601801742029	4.8863188181510875	230.0	26	1.05	0.95				
	216	2	77.85298284210526	15.570596568421054	0.0	0.0	2	1.0495619814360497	4.9151538328139655	230.0	26	1.05	0.95				
	217	1	0.0	0.0	0.0	0.0	2	1.0499280212878752	7.813974539159892	230.0	27	1.05	0.95				
	218	2	259.25043286421055	52.940028332631584	0.0	0.0	2	1.05	8.592886128945256	230.0	27	1.05	0.95				
	219	1	140.91389894421053	28.80560365157895	0.0	0.0	2	1.0440656119544416	4.685507468342125	230.0	25	1.05	0.95				
	220	1	99.65181803789474	20.241775538947373	0.0	0.0	2	1.0462144774989153	5.939896822834652	230.0	25	1.05	0.95				
	221	2	0.0	0.0	0.0	0.0	2	1.05	9.079191388862501	230.0	27	1.05	0.95				
	222	2	0.0	0.0	0.0	0.0	2	1.05	15.094707506717313	230.0	27	1.05	0.95				
	223	2	0.0	0.0	0.0	0.0	2	1.05	7.193050486108831	230.0	25	1.05	0.95				
	224	1	0.0	0.0	0.0	0.0	2	1.0232325963696212	0.14446073046865163	230.0	26	1.05	0.95				
	301	2	67.15406516210525	13.6795317922807	0.0	0.0	3	1.0141014140428946	-12.516267256271831	138.0	31	1.05	0.95				
	302	2	60.31429926596491	12.435937992982456	0.0	0.0	3	1.0126518065721977	-12.836385735377688	138.0	32	1.05	0.95				
	303	1	111.9234419368421	23.00648528701754	0.0	0.0	3	1.0410516635352098	-1.945224325958784	138.0	31	1.05	0.95				
	304	1	46.01297057403508	9.326953494736841	0.0	0.0	3	1.0095488884522874	-11.252147229193545	138.0	31	1.05	0.95				
	305	1	44.147579875087715	8.70515659508772	0.0	0.0	3	1.0239353496337007	-12.574052580373868	138.0	31	1.05	0.95				
	306	1	84.5643783522807	17.41031319017544	0.0	-100.0	3	1.0359111058761352	-13.301264566436068	138.0	32	1.05	0.95				
	307	2	77.72461245614035	15.54492249122807	0.0	0.0	3	1.0048351686915828	-14.7957881267765	138.0	32	1.05	0.95				
	308	1	106.32726983999999	21.762891487719298	0.0	0.0	3	1.0019271891615724	-14.316612303262925	138.0	32	1.05	0.95				
	309	1	108.81445743859648	22.384688387368417	0.0	0.0	3	1.028275534673466	-7.422659279798541	138.0	33	1.05	0.95				
	310	1	121.25039543157894	24.871875985964913	0.0	0.0	3	1.05	-10.638941509973298	138.0	33	1.05	0.95				
	311	1	0.0	0.0	0.0	0.0	3	1.0167886325775006	-4.253532102127922	230.0	33	1.05	0.95				
	312	1	0.0	0.0	0.0	0.0	3	1.0173226489537592	-3.2799437873955326	230.0	33	1.05	0.95				
	313	2	164.77617840701754	33.57703258105263	0.0	0.0	3	1.0227638150822589	-0.2518488824727587	230.0	34	1.05	0.95				
	314	2	120.62859853192982	24.25007908631579	0.0	0.0	3	1.0228222887702914	-2.9676937106882297	230.0	36	1.05	0.95				
	315	2	197.10961718877192	39.79500157754386	0.0	0.0	3	1.0461306290307693	3.303317214892913	230.0	36	1.05	0.95				
	316	2	62.17968996491228	12.435937992982456	0.0	0.0	3	1.0427936314332436	2.628359149213681	230.0	36	1.05	0.95				
	317	1	0.0	0.0	0.0	0.0	3	1.046890065252075	5.12280880619121	230.0	37	1.05	0.95				
	318	2	207.0583675831579	42.28218917614035	0.0	0.0	3	1.0474979424940318	5.237843889554669	230.0	37	1.05	0.95				
	319	1	112.54523883649124	23.00648528701754	0.0	0.0	3	1.0379361953281807	2.1467262894423307	230.0	35	1.05	0.95				
	320	1	79.59000315508771	16.166719390877194	0.0	0.0	3	1.0387916748166823	2.9063438680950764	230.0	35	1.05	0.95				
	321	2	0.0	0.0	0.0	0.0	3	1.05	6.509452220040274	230.0	37	1.05	0.95				
	322	2	0.0	0.0	0.0	0.0	3	1.05	11.74018225567485	230.0	37	1.05	0.95				
	323	2	0.0	0.0	0.0	0.0	3	1.0409074118483264	3.7853491575604394	230.0	35	1.05	0.95				
	324	1	0.0	0.0	0.0	0.0	3	1.0365998250892683	1.3341136709560149	230.0	36	1.05	0.95				
	325	1	0.0	0.0	0.0	0.0	3	1.0407891203749144	4.361181496470129	230.0	35	1.05	0.95				
];
