%% MATPOWER Case Format : Version 2
function mpc = RTS_GMLC
mpc.version = '2';

%%-----  Power Flow Data  -----%%
%% system MVA base
mpc.baseMVA = 100.0;
%% bus data
%    bus_i    type    Pd    Qd    Gs    Bs    area    Vm    Va    baseKV    zone    Vmax    Vmin
mpc.bus = [
	101	2	76.37753588210528	15.558386938947368	0.0	0.0	1	1.0494379729114447	1.0175823335804204	138.0	11	1.05	0.95				
	102	2	68.59834241263158	14.14398812631579	0.0	0.0	1	1.048714278923021	0.7408234582318468	138.0	12	1.05	0.95				
	103	1	127.29589313684211	26.16637803368421	0.0	0.0	1	1.0299120725418116	-0.6713877226410537	138.0	11	1.05	0.95				
	104	1	52.33275606736842	10.607991094736843	0.0	0.0	1	1.0262585327566096	-2.9898685699799574	138.0	11	1.05	0.95				
	105	1	50.21115784842105	9.900791688421053	0.0	0.0	1	1.039289686303188	-3.387478674161278	138.0	11	1.05	0.95				
	106	1	96.17911925894738	19.801583376842107	0.0	-100.0	1	1.0402966218823293	-6.555922119644653	138.0	12	1.05	0.95				
	107	2	88.39992578947368	17.679985157894738	0.0	0.0	1	1.0131771535095693	-11.618417800312816	138.0	12	1.05	0.95				
	108	1	120.93109847999999	24.75197922105263	0.0	0.0	1	1.003523515822321	-11.041961770447516	138.0	12	1.05	0.95				
	109	1	123.75989610526317	25.459178627368424	0.0	0.0	1	1.026338367721517	-4.297635060010792	138.0	13	1.05	0.95				
	110	1	137.90388423157896	28.28797625263158	0.0	0.0	1	1.05	-5.712532638634613	138.0	13	1.05	0.95				
	111	1	0.0	0.0	0.0	0.0	1	1.0132574516186241	-1.6731203093772975	230.0	13	1.05	0.95				
	112	1	0.0	0.0	0.0	0.0	1	1.016564473171976	-1.137202231840397	230.0	13	1.05	0.95				
	113	3	187.4078426736842	38.18876794105264	0.0	0.0	1	1.0143719894253782	-7.302499556298992e-29	230.0	14	1.05	0.95				
	114	2	137.19668482526316	27.580776846315793	0.0	0.0	1	1.014622201528377	0.24715465924474794	230.0	16	1.05	0.95				
	115	2	224.18221180210526	45.26076200421053	0.0	0.0	1	1.0441933216703783	8.076624292644498	230.0	16	1.05	0.95				
	116	2	70.71994063157895	14.14398812631579	0.0	0.0	1	1.0417033419229793	7.216479486261875	230.0	16	1.05	0.95				
	117	1	0.0	0.0	0.0	0.0	1	1.0455559556807523	10.276541315667533	230.0	17	1.05	0.95				
	118	2	235.4974023031579	48.08955962947369	0.0	0.0	1	1.0476304390837625	10.876552772149722	230.0	17	1.05	0.95				
	119	1	128.0030925431579	26.16637803368421	0.0	0.0	1	1.0355380977465178	5.662325206290974	230.0	15	1.05	0.95				
	120	1	90.52152400842105	18.387184564210525	0.0	0.0	1	1.035582015352394	5.201969162808832	230.0	15	1.05	0.95				
	121	2	0.0	0.0	0.0	0.0	1	1.05	12.585146656202994	230.0	17	1.05	0.95				
	122	2	0.0	0.0	0.0	0.0	1	1.05	18.191004649279314	230.0	17	1.05	0.95				
	123	2	0.0	0.0	0.0	0.0	1	1.0373800734326626	5.476266070628803	230.0	15	1.05	0.95				
	124	1	0.0	0.0	0.0	0.0	1	1.0277640855510177	4.815616857109975	230.0	16	1.05	0.95				
	201	2	74.69730837473685	15.216118372631579	0.0	0.0	2	1.0328477813354258	-15.529479059309994	138.0	21	1.05	0.95				
	202	2	67.08924918842105	13.832834884210529	0.0	0.0	2	1.0333192180536925	-15.549056514085327	138.0	22	1.05	0.95				
	203	1	124.49551395789476	25.59074453578948	0.0	0.0	2	1.0190304992041281	-12.76670562938723	138.0	21	1.05	0.95				
	204	1	51.18148907157896	10.374626163157895	0.0	0.0	2	1.0166668101912668	-17.034507394173012	138.0	21	1.05	0.95				
	205	1	49.10656383894737	9.68298441894737	0.0	0.0	2	1.0326391221886553	-17.44688595829025	138.0	21	1.05	0.95				
	206	1	94.06327721263159	19.36596883789474	0.0	-100.0	2	1.0386065792880592	-19.162546066815597	138.0	22	1.05	0.95				
	207	2	86.45521802631579	17.29104360526316	0.0	0.0	2	0.9723242612089614	-29.37756750574113	138.0	22	1.05	0.95				
	208	1	118.27073826	24.207461047368422	0.0	0.0	2	0.9747685555234388	-25.97940608631445	138.0	22	1.05	0.95				
	209	1	121.0373052368421	24.899102791578947	0.0	0.0	2	1.0246442613382007	-15.439832607617527	138.0	23	1.05	0.95				
	210	1	134.87014012105266	27.665669768421058	0.0	0.0	2	1.05	-17.204123861266112	138.0	23	1.05	0.95				
	211	1	0.0	0.0	0.0	0.0	2	1.0233297767147018	-11.487830618201741	230.0	23	1.05	0.95				
	212	1	0.0	0.0	0.0	0.0	2	1.0201769803207874	-8.722167799449826	230.0	23	1.05	0.95				
	213	2	183.28506221578948	37.348654187368425	0.0	0.0	2	1.0290205675097563	-9.420440757919295	230.0	24	1.05	0.95				
	214	2	134.1784983768421	26.97402802421053	0.0	0.0	2	1.0370733188819745	-8.569093466690655	230.0	26	1.05	0.95				
	215	2	219.25043291473685	44.26507162947369	0.0	0.0	2	1.0430840891607265	0.12312743518813757	230.0	26	1.05	0.95				
	216	2	69.16417442105264	13.832834884210529	0.0	0.0	2	1.045164938515365	-0.18793596568929266	230.0	26	1.05	0.95				
	217	1	0.0	0.0	0.0	0.0	2	1.046406038536474	2.7745305953880877	230.0	27	1.05	0.95				
	218	2	230.3167008221053	47.031638606315795	0.0	0.0	2	1.0473905512460064	3.0149889971298247	230.0	27	1.05	0.95				
	219	1	125.18715570210529	25.59074453578948	0.0	0.0	2	1.0424809146392844	-0.5796402684740283	230.0	25	1.05	0.95				
	220	1	88.53014325894738	17.982685349473687	0.0	0.0	2	1.0460191997632267	0.3769053496103687	230.0	25	1.05	0.95				
	221	2	0.0	0.0	0.0	0.0	2	1.0472831082072742	2.8108114855283883	230.0	27	1.05	0.95				
	222	2	0.0	0.0	0.0	0.0	2	1.05	9.306329990226434	230.0	27	1.05	0.95				
	223	2	0.0	0.0	0.0	0.0	2	1.05	1.4037516715605751	230.0	25	1.05	0.95				
	224	1	0.0	0.0	0.0	0.0	2	1.0178030629791788	-4.647799146590762	230.0	26	1.05	0.95				
	301	2	69.92154382736842	14.24327744631579	0.0	0.0	3	1.000395102685948	1.572327833672821	138.0	31	1.05	0.95				
	302	2	62.79990510421053	12.948434042105264	0.0	0.0	3	1.0021093474202263	1.5097705747263366	138.0	32	1.05	0.95				
	303	1	116.53590637894737	23.954602977894737	0.0	0.0	3	1.0168608753659267	5.0284473206900095	138.0	31	1.05	0.95				
	304	1	47.909205955789474	9.711325531578947	0.0	0.0	3	1.0031522427270536	3.8638130106779562	138.0	31	1.05	0.95				
	305	1	45.96694084947368	9.063903829473684	0.0	0.0	3	1.0150152903263212	3.722784113048497	138.0	31	1.05	0.95				
	306	1	88.0493514863158	18.12780765894737	0.0	-100.0	3	1.0318844524388218	4.203179564558986	138.0	32	1.05	0.95				
	307	2	80.9277127631579	16.185542552631578	0.0	0.0	3	0.9857367223770332	-0.06477433485150517	138.0	32	1.05	0.95				
	308	1	110.70911106000001	22.65975957368421	0.0	0.0	3	0.9961500246055612	2.877882885635395	138.0	32	1.05	0.95				
	309	1	113.29879786842105	23.307181275789475	0.0	0.0	3	1.027665018279918	8.418072228891997	138.0	33	1.05	0.95				
	310	1	126.24723191052631	25.896868084210528	0.0	0.0	3	1.05	7.939022601164851	138.0	33	1.05	0.95				
	311	1	0.0	0.0	0.0	0.0	3	1.0178079116042742	14.77548664087986	230.0	33	1.05	0.95				
	312	1	0.0	0.0	0.0	0.0	3	1.0231914479745197	16.23107571944421	230.0	33	1.05	0.95				
	313	2	171.56675105789475	34.96077191368421	0.0	0.0	3	1.047300527411727	23.85573195476128	230.0	34	1.05	0.95				
	314	2	125.59981020842106	25.24944638210527	0.0	0.0	3	1.0202887753113534	13.211278847032528	230.0	36	1.05	0.95				
	315	2	205.23267956736842	41.43498893473684	0.0	0.0	3	1.0384481249648518	7.758067651862539	230.0	36	1.05	0.95				
	316	2	64.74217021052631	12.948434042105264	0.0	0.0	3	1.040281433995328	9.47405190442523	230.0	36	1.05	0.95				
	317	1	0.0	0.0	0.0	0.0	3	1.0428672445363523	8.00948789932545	230.0	37	1.05	0.95				
	318	2	215.59142680105262	44.0246757431579	0.0	0.0	3	1.0414138357487415	6.685616599776755	230.0	37	1.05	0.95				
	319	1	117.18332808105262	23.954602977894737	0.0	0.0	3	1.039059815411892	12.234660354766788	230.0	35	1.05	0.95				
	320	1	82.86997786947369	16.832964254736844	0.0	0.0	3	1.0416654884730765	14.47263827299081	230.0	35	1.05	0.95				
	321	2	0.0	0.0	0.0	0.0	3	1.0416896194982372	7.6136932792020815	230.0	37	1.05	0.95				
	322	2	0.0	0.0	0.0	0.0	3	1.05	12.092688986553137	230.0	37	1.05	0.95				
	323	2	0.0	0.0	0.0	0.0	3	1.0433021001894862	15.333353474606968	230.0	35	1.05	0.95				
	324	1	0.0	0.0	0.0	0.0	3	1.0271081670015594	8.580024571580424	230.0	36	1.05	0.95				
	325	1	0.0	0.0	0.0	0.0	3	1.0451231454594971	15.104148794220286	230.0	35	1.05	0.95				
];
