%% MATPOWER Case Format : Version 2
function mpc = RTS_GMLC
mpc.version = '2';

%%-----  Power Flow Data  -----%%
%% system MVA base
mpc.baseMVA = 100.0;
%% bus data
%    bus_i    type    Pd    Qd    Gs    Bs    area    Vm    Va    baseKV    zone    Vmax    Vmin
mpc.bus = [
	101	2	92.30232558315791	18.80232558175439	0.0	0.0	1	1.0439554314806534	-1.404689182290101	138.0	11	1.05	0.95				
	102	2	82.9011627922807	17.093023256140352	0.0	0.0	1	1.043771783955158	-1.5555298326399278	138.0	12	1.05	0.95				
	103	1	153.83720930526317	31.622093023859648	0.0	0.0	1	1.0206953069090456	-2.6696168424509072	138.0	11	1.05	0.95				
	104	1	63.244186047719296	12.819767442105261	0.0	0.0	1	1.021288012150874	-5.08007001623957	138.0	11	1.05	0.95				
	105	1	60.68023255929824	11.965116279298247	0.0	0.0	1	1.034925962691965	-5.480562178362081	138.0	11	1.05	0.95				
	106	1	116.2325581417544	23.930232558596494	0.0	-100.0	1	1.0350437254150018	-8.5496733922196	138.0	12	1.05	0.95				
	107	2	106.8313953508772	21.36627907017544	0.0	0.0	1	1.05	-7.679246884082093	138.0	12	1.05	0.95				
	108	1	146.14534884	29.91279069824561	0.0	0.0	1	1.0224689873434893	-9.679468151027903	138.0	12	1.05	0.95				
	109	1	149.5639534912281	30.76744186105263	0.0	0.0	1	1.0271420597400749	-5.389424123577549	138.0	13	1.05	0.95				
	110	1	166.65697674736845	34.186046512280704	0.0	0.0	1	1.05	-6.973439448408331	138.0	13	1.05	0.95				
	111	1	0.0	0.0	0.0	0.0	1	1.0171782340406	-2.170635362625598	230.0	13	1.05	0.95				
	112	1	0.0	0.0	0.0	0.0	1	1.0191184554015706	-1.3478941469831234	230.0	13	1.05	0.95				
	113	3	226.48255814385965	46.151162791578955	0.0	0.0	1	1.0220037457855469	-6.255933743663234e-29	230.0	14	1.05	0.95				
	114	2	165.8023255845614	33.33139534947369	0.0	0.0	1	1.0212019337703677	-0.05479878285527974	230.0	16	1.05	0.95				
	115	2	270.92441860982456	54.697674419649125	0.0	0.0	1	1.0435755584992874	8.745621762479097	230.0	16	1.05	0.95				
	116	2	85.46511628070176	17.093023256140352	0.0	0.0	1	1.0435878283281286	8.134871358210543	230.0	16	1.05	0.95				
	117	1	0.0	0.0	0.0	0.0	1	1.0472574658516987	11.737081283796257	230.0	17	1.05	0.95				
	118	2	284.5988372147369	58.1162790708772	0.0	0.0	1	1.0499999925486379	12.620849086642409	230.0	17	1.05	0.95				
	119	1	154.6918604680702	31.622093023859648	0.0	0.0	1	1.038531448086265	6.469575800327814	230.0	15	1.05	0.95				
	120	1	109.39534883929825	22.220930232982457	0.0	0.0	1	1.041620883048417	6.3565800446789105	230.0	15	1.05	0.95				
	121	2	0.0	0.0	0.0	0.0	1	1.05	13.536117728681665	230.0	17	1.05	0.95				
	122	2	0.0	0.0	0.0	0.0	1	1.05	19.712242646838895	230.0	17	1.05	0.95				
	123	2	0.0	0.0	0.0	0.0	1	1.0458054891102788	6.920183137581969	230.0	15	1.05	0.95				
	124	1	0.0	0.0	0.0	0.0	1	1.020719662070903	4.51886597010494	230.0	16	1.05	0.95				
	201	2	106.01101841684213	21.59483708491228	0.0	0.0	2	1.05	-19.206810154596454	138.0	21	1.05	0.95				
	202	2	95.21359987438596	19.631670077192986	0.0	0.0	2	1.05	-19.285700558495392	138.0	22	1.05	0.95				
	203	1	176.68503069473687	36.31858964280702	0.0	0.0	2	1.015362859415505	-13.82654535624048	138.0	21	1.05	0.95				
	204	1	72.63717928561404	14.723752557894738	0.0	0.0	2	1.0131376165214885	-20.62550323871907	138.0	21	1.05	0.95				
	205	1	69.6924287740351	13.742169054035092	0.0	0.0	2	1.0322940060619608	-21.30328868820771	138.0	21	1.05	0.95				
	206	1	133.49535652491232	27.484338108070183	0.0	-100.0	2	1.0258535050110944	-23.40684459107027	138.0	22	1.05	0.95				
	207	2	122.69793798245617	24.53958759649123	0.0	0.0	2	0.9516872324884211	-30.808544904499644	138.0	22	1.05	0.95				
	208	1	167.85077916000003	34.35542263508772	0.0	0.0	2	0.95	-29.05674750973951	138.0	22	1.05	0.95				
	209	1	171.77711317543861	35.337006138947366	0.0	0.0	2	1.015697850345539	-17.726061352051158	138.0	23	1.05	0.95				
	210	1	191.4087832526316	39.26334015438597	0.0	0.0	2	1.0398345623587049	-20.3578712158868	138.0	23	1.05	0.95				
	211	1	0.0	0.0	0.0	0.0	2	1.0269546524425752	-11.731854008731906	230.0	23	1.05	0.95				
	212	1	0.0	0.0	0.0	0.0	2	1.0152891579040988	-10.113034990352167	230.0	23	1.05	0.95				
	213	2	260.11962852280703	53.00550920842107	0.0	0.0	2	1.05	-6.952847216033055	230.0	24	1.05	0.95				
	214	2	190.42719974877193	38.28175665052632	0.0	0.0	2	1.05	-9.022536628631583	230.0	26	1.05	0.95				
	215	2	311.1619707235088	62.82134424701755	0.0	0.0	2	1.0419837729538945	1.5158153253265756	230.0	26	1.05	0.95				
	216	2	98.15835038596492	19.631670077192986	0.0	0.0	2	1.0458706864483873	0.9544656913605466	230.0	26	1.05	0.95				
	217	1	0.0	0.0	0.0	0.0	2	1.0485314413824485	4.461965672455736	230.0	27	1.05	0.95				
	218	2	326.8673067852632	66.74767826245616	0.0	0.0	2	1.05	4.944759955180283	230.0	27	1.05	0.95				
	219	1	177.6666141985965	36.31858964280702	0.0	0.0	2	1.0398589991113374	0.3939194984858668	230.0	25	1.05	0.95				
	220	1	125.6426884940351	25.52117110035088	0.0	0.0	2	1.0440383763881933	1.7472907408622995	230.0	25	1.05	0.95				
	221	2	0.0	0.0	0.0	0.0	2	1.05	5.6302080157125305	230.0	27	1.05	0.95				
	222	2	0.0	0.0	0.0	0.0	2	1.05	11.683649283253677	230.0	27	1.05	0.95				
	223	2	0.0	0.0	0.0	0.0	2	1.05	3.1974362571432913	230.0	25	1.05	0.95				
	224	1	0.0	0.0	0.0	0.0	2	1.0121099991771156	-4.15344890069203	230.0	26	1.05	0.95				
	301	2	73.40651693052632	14.953179374736845	0.0	0.0	3	1.0058205942273373	-6.425411465814537	138.0	31	1.05	0.95				
	302	2	65.92992724315789	13.59379943157895	0.0	0.0	3	1.0060567625276766	-6.535836129426213	138.0	32	1.05	0.95				
	303	1	122.34419488421054	25.14852894842105	0.0	0.0	3	1.018686598331926	-0.68411931938352	138.0	31	1.05	0.95				
	304	1	50.2970578968421	10.195349573684211	0.0	0.0	3	1.0038680875838704	-4.211237520021378	138.0	31	1.05	0.95				
	305	1	48.25798798210526	9.515659602105265	0.0	0.0	3	1.017558368873889	-4.5578716579292	138.0	31	1.05	0.95				
	306	1	92.43783613473686	19.03131920421053	0.0	-100.0	3	1.0319912744958215	-4.259084178042763	138.0	32	1.05	0.95				
	307	2	84.96124644736842	16.992249289473683	0.0	0.0	3	1.0007701884061495	-6.704803006031548	138.0	32	1.05	0.95				
	308	1	116.22698514000001	23.78914900526316	0.0	0.0	3	1.0020180063734243	-5.100847195435229	138.0	32	1.05	0.95				
	309	1	118.94574502631579	24.468838976842104	0.0	0.0	3	1.027010267752358	0.4589835378171818	138.0	33	1.05	0.95				
	310	1	132.53954445789472	27.1875988631579	0.0	0.0	3	1.05	-0.5132735032078969	138.0	33	1.05	0.95				
	311	1	0.0	0.0	0.0	0.0	3	1.0176207387533973	6.611792222113547	230.0	33	1.05	0.95				
	312	1	0.0	0.0	0.0	0.0	3	1.0202801851806411	7.558371344512957	230.0	33	1.05	0.95				
	313	2	180.11784246842106	36.70325846526316	0.0	0.0	3	1.0379067844733512	13.411558229441585	230.0	34	1.05	0.95				
	314	2	131.85985448631578	26.507908891578953	0.0	0.0	3	1.0228375812327437	7.171581396231817	230.0	36	1.05	0.95				
	315	2	215.46172099052635	43.50015818105263	0.0	0.0	3	1.0401423093275526	6.695625645313314	230.0	36	1.05	0.95				
	316	2	67.96899715789473	13.59379943157895	0.0	0.0	3	1.0387930614682936	7.402713939221875	230.0	36	1.05	0.95				
	317	1	0.0	0.0	0.0	0.0	3	1.0436751064873484	7.969883847553908	230.0	37	1.05	0.95				
	318	2	226.3367605357895	46.21891806736843	0.0	0.0	3	1.0441466583274999	7.418256867076635	230.0	37	1.05	0.95				
	319	1	123.02388485578948	25.14852894842105	0.0	0.0	3	1.036064051301543	8.508221530281675	230.0	35	1.05	0.95				
	320	1	87.00031636210527	17.671939261052632	0.0	0.0	3	1.0367969772220018	9.553509912988796	230.0	35	1.05	0.95				
	321	2	0.0	0.0	0.0	0.0	3	1.0465576200820923	8.990591534357133	230.0	37	1.05	0.95				
	322	2	0.0	0.0	0.0	0.0	3	1.05	14.359159253335784	230.0	37	1.05	0.95				
	323	2	0.0	0.0	0.0	0.0	3	1.03767555774425	10.0523164704915	230.0	35	1.05	0.95				
	324	1	0.0	0.0	0.0	0.0	3	1.0248799650907192	5.700783491528635	230.0	36	1.05	0.95				
	325	1	0.0	0.0	0.0	0.0	3	1.0388242475716134	10.352519336667935	230.0	35	1.05	0.95				
];

%% generator data
%    bus    Pg    Qg    Qmax    Qmin    Vg    mBase    status    Pmax    Pmin    Pc1    Pc2    Qc1min    Qc1max    Qc2min    Qc2max    ramp_agc    ramp_10    ramp_30    ramp_q    apf
