%% MATPOWER Case Format : Version 2
function mpc = RTS_GMLC
mpc.version = '2';

%%-----  Power Flow Data  -----%%
%% system MVA base
mpc.baseMVA = 100.0;
%% bus data
%    bus_i    type    Pd    Qd    Gs    Bs    area    Vm    Va    baseKV    zone    Vmax    Vmin
mpc.bus = [
	101	2	92.60959922526317	18.86491836070175	0.0	0.0	1	1.0478039485491675	-0.0973462695166674	138.0	11	1.05	0.95				
	102	2	83.17714004491226	17.14992578245614	0.0	0.0	1	1.0475640824966859	-0.2762163780147291	138.0	12	1.05	0.95				
	103	1	154.34933204210526	31.72736269754386	0.0	0.0	1	1.0239610949040006	-1.3401270812821213	138.0	11	1.05	0.95				
	104	1	63.45472539508772	12.862444336842104	0.0	0.0	1	1.0234736644530469	-4.03357066718047	138.0	11	1.05	0.95				
	105	1	60.88223652771929	12.004948047719298	0.0	0.0	1	1.03649299538572	-4.558600064171359	138.0	11	1.05	0.95				
	106	1	116.61949532070174	24.009896095438595	0.0	-100.0	1	1.0355511404342828	-7.854491471989196	138.0	12	1.05	0.95				
	107	2	107.18703614035088	21.437407228070175	0.0	0.0	1	1.05	-7.340150278597028	138.0	12	1.05	0.95				
	108	1	146.63186543999998	30.012370119298243	0.0	0.0	1	1.0223709317545462	-9.25536503750437	138.0	12	1.05	0.95				
	109	1	150.0618505964912	30.86986640842105	0.0	0.0	1	1.027240769964352	-4.77972825823572	138.0	13	1.05	0.95				
	110	1	167.21177637894735	34.29985156491228	0.0	0.0	1	1.05	-6.459287148602189	138.0	13	1.05	0.95				
	111	1	0.0	0.0	0.0	0.0	1	1.0170376210034895	-1.8700612198608673	230.0	13	1.05	0.95				
	112	1	0.0	0.0	0.0	0.0	1	1.018799056524702	-1.2008125573101367	230.0	13	1.05	0.95				
	113	3	227.23651661754386	46.304799612631584	0.0	0.0	1	1.0201520547523117	-1.0930573556523644e-27	230.0	14	1.05	0.95				
	114	2	166.35428008982453	33.44235527578947	0.0	0.0	1	1.0214408213928279	0.2551729502166004	230.0	16	1.05	0.95				
	115	2	271.8263236519298	54.87976250385964	0.0	0.0	1	1.043113483886512	9.264705109948949	230.0	16	1.05	0.95				
	116	2	85.7496289122807	17.14992578245614	0.0	0.0	1	1.042123761150348	8.497679152724704	230.0	16	1.05	0.95				
	117	1	0.0	0.0	0.0	0.0	1	1.045724222030082	12.59078855790386	230.0	17	1.05	0.95				
	118	2	285.5462642778947	58.30974766035087	0.0	0.0	1	1.05	13.271535372233084	230.0	17	1.05	0.95				
	119	1	155.20682833122805	31.72736269754386	0.0	0.0	1	1.0366195647264353	6.586712856189863	230.0	15	1.05	0.95				
	120	1	109.75952500771928	22.29490351719298	0.0	0.0	1	1.0391623422890424	6.0979082291938065	230.0	15	1.05	0.95				
	121	2	0.0	0.0	0.0	0.0	1	1.05	14.161088723593931	230.0	17	1.05	0.95				
	122	2	0.0	0.0	0.0	0.0	1	1.05	24.0760496471406	230.0	17	1.05	0.95				
	123	2	0.0	0.0	0.0	0.0	1	1.0430199240177682	6.461078706695785	230.0	15	1.05	0.95				
	124	1	0.0	0.0	0.0	0.0	1	1.0226859211840191	5.32569622754024	230.0	16	1.05	0.95				
	201	2	101.11506373894738	20.59751298385965	0.0	0.0	2	1.05	-16.9935490855422	138.0	21	1.05	0.95				
	202	2	90.81630724701755	18.725011803508774	0.0	0.0	2	1.05	-17.095442631383325	138.0	22	1.05	0.95				
	203	1	168.52510623157897	34.64127183649123	0.0	0.0	2	1.021273949659454	-12.159102897063068	138.0	21	1.05	0.95				
	204	1	69.28254367298246	14.04375885263158	0.0	0.0	2	1.0177733692561175	-17.70057757439672	138.0	21	1.05	0.95				
	205	1	66.47379190245614	13.107508262456141	0.0	0.0	2	1.0360642366611859	-18.33466641690105	138.0	21	1.05	0.95				
	206	1	127.33008026385966	26.215016524912283	0.0	-100.0	2	1.0323561487944644	-19.974438533556707	138.0	22	1.05	0.95				
	207	2	117.03132377192983	23.406264754385965	0.0	0.0	2	0.95	-28.902123274900283	138.0	22	1.05	0.95				
	208	1	160.09885092	32.76877065614035	0.0	0.0	2	0.9519419771795736	-26.267454181706068	138.0	22	1.05	0.95				
	209	1	163.84385328070178	33.705021246315795	0.0	0.0	2	1.022577167745501	-14.40215221367865	138.0	23	1.05	0.95				
	210	1	182.56886508421053	37.45002360701755	0.0	0.0	2	1.0460058493086	-16.763142942463595	138.0	23	1.05	0.95				
	211	1	0.0	0.0	0.0	0.0	2	1.0310128633330242	-9.421576002161263	230.0	23	1.05	0.95				
	212	1	0.0	0.0	0.0	0.0	2	1.0252293580628808	-4.52307727238914	230.0	23	1.05	0.95				
	213	2	248.10640639649125	50.55753186947369	0.0	0.0	2	1.05	-4.9833426258682945	230.0	24	1.05	0.95				
	214	2	181.6326144940351	36.51377301684211	0.0	0.0	2	1.05	-7.449998765843884	230.0	26	1.05	0.95				
	215	2	296.79143708561406	59.920037771228074	0.0	0.0	2	1.0433327387120728	1.4562079468349765	230.0	26	1.05	0.95				
	216	2	93.62505901754386	18.725011803508774	0.0	0.0	2	1.0475283594486529	1.1554633043073332	230.0	26	1.05	0.95				
	217	1	0.0	0.0	0.0	0.0	2	1.0488587747207923	4.460886347719857	230.0	27	1.05	0.95				
	218	2	311.77144652842105	63.66504013192983	0.0	0.0	2	1.05	4.935996698360141	230.0	27	1.05	0.95				
	219	1	169.4613568217544	34.64127183649123	0.0	0.0	2	1.041322653473585	0.542385219681499	230.0	25	1.05	0.95				
	220	1	119.84007554245615	24.342515344561406	0.0	0.0	2	1.0447537052035203	1.761446392563372	230.0	25	1.05	0.95				
	221	2	0.0	0.0	0.0	0.0	2	1.05	5.508650119877691	230.0	27	1.05	0.95				
	222	2	0.0	0.0	0.0	0.0	2	1.05	11.609466543219876	230.0	27	1.05	0.95				
	223	2	0.0	0.0	0.0	0.0	2	1.05	3.1066375304133342	230.0	25	1.05	0.95				
	224	1	0.0	0.0	0.0	0.0	2	1.0177485724849806	-3.593789178080726	230.0	26	1.05	0.95				
	301	2	93.0863650736842	18.96203732982456	0.0	0.0	3	0.9780162763729441	-15.035461818798995	138.0	31	1.05	0.95				
	302	2	83.60534640877192	17.238215754385966	0.0	0.0	3	0.9799957208335885	-15.493040327829782	138.0	32	1.05	0.95				
	303	1	155.14394178947367	31.890699145614033	0.0	0.0	3	0.9876872965408949	-9.95247129267093	138.0	31	1.05	0.95				
	304	1	63.781398291228065	12.928661815789471	0.0	0.0	3	0.9660365026100259	-13.456365063413458	138.0	31	1.05	0.95				
	305	1	61.19566592807016	12.066751028070176	0.0	0.0	3	0.9784509755941427	-13.772822117400375	138.0	31	1.05	0.95				
	306	1	117.21986712982455	24.13350205614035	0.0	-100.0	3	0.9844446815597502	-14.078229023682775	138.0	32	1.05	0.95				
	307	2	107.73884846491227	21.547769692982456	0.0	0.0	3	0.95	-17.879574890584895	138.0	32	1.05	0.95				
	308	1	147.3867447	30.166877570175433	0.0	0.0	3	0.9500117388800815	-15.368599343454035	138.0	32	1.05	0.95				
	309	1	150.8343878508772	31.028788357894733	0.0	0.0	3	0.9882540230895729	-7.976354876341716	138.0	33	1.05	0.95				
	310	1	168.07260360526314	34.47643150877193	0.0	0.0	3	1.0052204313164033	-9.490874769388215	138.0	33	1.05	0.95				
	311	1	0.0	0.0	0.0	0.0	3	0.9868703366124941	0.13671013665121987	230.0	33	1.05	0.95				
	312	1	0.0	0.0	0.0	0.0	3	0.9884152080044384	1.2661820652687772	230.0	33	1.05	0.95				
	313	2	228.406358745614	46.5431825368421	0.0	0.0	3	1.0213632033545241	9.323647661016365	230.0	34	1.05	0.95				
	314	2	167.21069281754384	33.614520721052635	0.0	0.0	3	1.003236315443754	0.5009214433943148	230.0	36	1.05	0.95				
	315	2	273.2257197070175	55.162290414035084	0.0	0.0	3	1.0442830859176286	-0.04369129423397012	230.0	36	1.05	0.95				
	316	2	86.19107877192982	17.238215754385966	0.0	0.0	3	1.0419367335688772	1.19647662274774	230.0	36	1.05	0.95				
	317	1	0.0	0.0	0.0	0.0	3	1.0477621766545933	2.559876952462893	230.0	37	1.05	0.95				
	318	2	287.0162923105263	58.609933564912275	0.0	0.0	3	1.046607029674305	1.6783183888928919	230.0	37	1.05	0.95				
	319	1	156.00585257719297	31.890699145614033	0.0	0.0	3	1.0338464133101397	2.7925230477288068	230.0	35	1.05	0.95				
	320	1	110.32458082807017	22.409680480701756	0.0	0.0	3	1.03159984610125	4.284324580617386	230.0	35	1.05	0.95				
	321	2	0.0	0.0	0.0	0.0	3	1.05	2.6298987540456245	230.0	37	1.05	0.95				
	322	2	0.0	0.0	0.0	0.0	3	1.05	6.947250951099585	230.0	37	1.05	0.95				
	323	2	0.0	0.0	0.0	0.0	3	1.0321684549454726	5.253157879904774	230.0	35	1.05	0.95				
	324	1	0.0	0.0	0.0	0.0	3	1.0130896772353908	-1.7983278611211369	230.0	36	1.05	0.95				
	325	1	0.0	0.0	0.0	0.0	3	1.0320130250912052	6.012763017400444	230.0	35	1.05	0.95				
];

%% generator data
%    bus    Pg    Qg    Qmax    Qmin    Vg    mBase    status    Pmax    Pmin    Pc1    Pc2    Qc1min    Qc1max    Qc2min    Qc2max    ramp_agc    ramp_10    ramp_30    ramp_q    apf
