%% MATPOWER Case Format : Version 2
function mpc = RTS_GMLC
mpc.version = '2';

%%-----  Power Flow Data  -----%%
%% system MVA base
mpc.baseMVA = 100.0;
%% bus data
%    bus_i    type    Pd    Qd    Gs    Bs    area    Vm    Va    baseKV    zone    Vmax    Vmin
mpc.bus = [
	101	2	55.42949034947369	11.291192478596491	0.0	0.0	1	1.0304373196972572	0.9405927881111142	138.0	11	1.05	0.95				
	102	2	49.78389411017544	10.264720435087721	0.0	0.0	1	1.0300220935629667	0.7891545461567091	138.0	12	1.05	0.95				
	103	1	92.38248391578948	18.989732804912283	0.0	0.0	1	1.0253126349272517	-0.5936370040814355	138.0	11	1.05	0.95				
	104	1	37.979465609824565	7.698540326315789	0.0	0.0	1	1.0187636922703314	-2.3311877189080157	138.0	11	1.05	0.95				
	105	1	36.4397575445614	7.185304304561405	0.0	0.0	1	1.0332095516825055	-2.1815886747093303	138.0	11	1.05	0.95				
	106	1	69.80009895859651	14.37060860912281	0.0	-100.0	1	1.0422925102124374	-4.438822736616342	138.0	12	1.05	0.95				
	107	2	64.15450271929825	12.83090054385965	0.0	0.0	1	1.0215689271564297	-6.698556002288678	138.0	12	1.05	0.95				
	108	1	87.76335972	17.963260761403507	0.0	0.0	1	1.015358235449676	-6.851973044499456	138.0	12	1.05	0.95				
	109	1	89.81630380701755	18.476496783157895	0.0	0.0	1	1.0254789030007936	-2.7965630982855783	138.0	13	1.05	0.95				
	110	1	100.08102424210526	20.529440870175442	0.0	0.0	1	1.05	-3.7181263910890126	138.0	13	1.05	0.95				
	111	1	0.0	0.0	0.0	0.0	1	1.005738524139317	-0.7197545474826502	230.0	13	1.05	0.95				
	112	1	0.0	0.0	0.0	0.0	1	1.011537007141438	-0.30801778828677	230.0	13	1.05	0.95				
	113	3	136.00754576491227	27.714745174736844	0.0	0.0	1	1.0018854061305034	9.94268397362579e-30	230.0	14	1.05	0.95				
	114	2	99.56778822035088	20.016204848421054	0.0	0.0	1	1.0018993176852335	1.3093298270393618	230.0	16	1.05	0.95				
	115	2	162.69581889614037	32.8471053922807	0.0	0.0	1	1.0381633969468416	7.666566421793403	230.0	16	1.05	0.95				
	116	2	51.3236021754386	10.264720435087721	0.0	0.0	1	1.035021928193322	7.179333511012523	230.0	16	1.05	0.95				
	117	1	0.0	0.0	0.0	0.0	1	1.0410394952138562	9.462443130699224	230.0	17	1.05	0.95				
	118	2	170.90759524421054	34.900049479298254	0.0	0.0	1	1.043386676535369	9.50938450896819	230.0	17	1.05	0.95				
	119	1	92.89571993754386	18.989732804912283	0.0	0.0	1	1.0296047725445812	5.849374747828244	230.0	15	1.05	0.95				
	120	1	65.6942107845614	13.344136565614036	0.0	0.0	1	1.0289865972590448	5.680197463439949	230.0	15	1.05	0.95				
	121	2	0.0	0.0	0.0	0.0	1	1.0468625768800155	10.729958815595937	230.0	17	1.05	0.95				
	122	2	0.0	0.0	0.0	0.0	1	1.05	18.339449082569278	230.0	17	1.05	0.95				
	123	2	0.0	0.0	0.0	0.0	1	1.0295678519824283	5.978304156563254	230.0	15	1.05	0.95				
	124	1	0.0	0.0	0.0	0.0	1	1.0228657683791662	4.584309456232249	230.0	16	1.05	0.95				
	201	2	66.29938613052632	13.505430508070173	0.0	0.0	2	1.032312722841894	-13.847808467814327	138.0	21	1.05	0.95				
	202	2	59.54667087649123	12.277664098245614	0.0	0.0	2	1.032543744320383	-13.94134233600382	138.0	22	1.05	0.95				
	203	1	110.49897688421053	22.713678581754383	0.0	0.0	2	1.0198872606821963	-11.127155782630147	138.0	21	1.05	0.95				
	204	1	45.427357163508766	9.20824807368421	0.0	0.0	2	1.0170674392730765	-16.100530655182492	138.0	21	1.05	0.95				
	205	1	43.58570754877192	8.59436486877193	0.0	0.0	2	1.0331668283846642	-16.446824603049375	138.0	21	1.05	0.95				
	206	1	83.48811586807018	17.18872973754386	0.0	-100.0	2	1.0403681563476717	-18.48707513831044	138.0	22	1.05	0.95				
	207	2	76.73540061403507	15.347080122807016	0.0	0.0	2	0.9882466363102195	-27.738191247683183	138.0	22	1.05	0.95				
	208	1	104.97402804000001	21.485912171929822	0.0	0.0	2	0.9877184569170935	-24.77209124994686	138.0	22	1.05	0.95				
	209	1	107.42956085964911	22.099795376842103	0.0	0.0	2	1.0232807072141483	-15.372570595183014	138.0	23	1.05	0.95				
	210	1	119.70722495789472	24.555328196491228	0.0	0.0	2	1.05	-17.14140335598526	138.0	23	1.05	0.95				
	211	1	0.0	0.0	0.0	0.0	2	1.0169042633979586	-11.95567553095195	230.0	23	1.05	0.95				
	212	1	0.0	0.0	0.0	0.0	2	1.0152300853630178	-11.0890089236068	230.0	23	1.05	0.95				
	213	2	162.67904930175436	33.14969306526316	0.0	0.0	2	1.0179852540303878	-10.71528802548736	230.0	24	1.05	0.95				
	214	2	119.09334175298245	23.941444991578948	0.0	0.0	2	1.0270645722765757	-8.764659962969194	230.0	26	1.05	0.95				
	215	2	194.60097595719296	39.28852511438596	0.0	0.0	2	1.035994535188487	-0.17894931926953972	230.0	26	1.05	0.95				
	216	2	61.388320491228065	12.277664098245614	0.0	0.0	2	1.0396618116178444	-0.48735555294095184	230.0	26	1.05	0.95				
	217	1	0.0	0.0	0.0	0.0	2	1.0414478242472407	2.770769090262772	230.0	27	1.05	0.95				
	218	2	204.42310723578947	41.74405793403509	0.0	0.0	2	1.0429192707933912	3.0764467564616775	230.0	27	1.05	0.95				
	219	1	111.1128600891228	22.713678581754383	0.0	0.0	2	1.0392141733607603	-1.29107973069087	230.0	25	1.05	0.95				
	220	1	78.57705022877192	15.960963327719297	0.0	0.0	2	1.043825999393143	-0.8276477038250354	230.0	25	1.05	0.95				
	221	2	0.0	0.0	0.0	0.0	2	1.0426147414396025	2.7536487743092337	230.0	27	1.05	0.95				
	222	2	0.0	0.0	0.0	0.0	2	1.05	9.265314939784965	230.0	27	1.05	0.95				
	223	2	0.0	0.0	0.0	0.0	2	1.0478453155197327	-0.12477324806559584	230.0	25	1.05	0.95				
	224	1	0.0	0.0	0.0	0.0	2	1.016365717424484	-4.258018280243883	230.0	26	1.05	0.95				
	301	2	44.33090794105263	9.03037013614035	0.0	0.0	3	1.0100272893610558	-11.853042656707231	138.0	31	1.05	0.95				
	302	2	39.815722872982455	8.209427396491229	0.0	0.0	3	1.0098191011436612	-12.022815341588645	138.0	32	1.05	0.95				
	303	1	73.88484656842105	15.187440683508772	0.0	0.0	3	1.0342217574114632	-4.774880060193929	138.0	31	1.05	0.95				
	304	1	30.374881367017544	6.157070547368421	0.0	0.0	3	1.0120792024235183	-10.806673352420109	138.0	31	1.05	0.95				
	305	1	29.143467257543858	5.74659917754386	0.0	0.0	3	1.024904412398023	-11.754242738651051	138.0	31	1.05	0.95				
	306	1	55.82410629614035	11.49319835508772	0.0	-100.0	3	1.0414382562737334	-12.198473923491763	138.0	32	1.05	0.95				
	307	2	51.30892122807017	10.261784245614034	0.0	0.0	3	0.99120028133808	-16.51679204099971	138.0	32	1.05	0.95				
	308	1	70.19060424	14.366497943859649	0.0	0.0	3	0.999257246500188	-14.694965631360043	138.0	32	1.05	0.95				
	309	1	71.83248971929824	14.77696931368421	0.0	0.0	3	1.0264012208588564	-8.128034724823895	138.0	33	1.05	0.95				
	310	1	80.04191711578947	16.418854792982458	0.0	0.0	3	1.05	-10.332342341994309	138.0	33	1.05	0.95				
	311	1	0.0	0.0	0.0	0.0	3	1.0065198646518554	-5.2121400913659	230.0	33	1.05	0.95				
	312	1	0.0	0.0	0.0	0.0	3	1.0108834164199787	-4.817766582375132	230.0	33	1.05	0.95				
	313	2	108.77491300350877	22.165453970526315	0.0	0.0	3	1.0089793649676435	-2.057304289546082	230.0	34	1.05	0.95				
	314	2	79.63144574596491	16.008383423157895	0.0	0.0	3	1.0028357522755653	-3.8303768846063626	230.0	36	1.05	0.95				
	315	2	130.11942423438597	26.270167668771933	0.0	0.0	3	1.0330748430921777	0.2831744580435213	230.0	36	1.05	0.95				
	316	2	41.04713698245614	8.209427396491229	0.0	0.0	3	1.0309904302363742	0.5280018635416053	230.0	36	1.05	0.95				
	317	1	0.0	0.0	0.0	0.0	3	1.0414253522314663	3.2262259765472776	230.0	37	1.05	0.95				
	318	2	136.68696615157893	27.912053148070175	0.0	0.0	3	1.0404167968778313	2.2293136874317248	230.0	37	1.05	0.95				
	319	1	74.29531793824562	15.187440683508772	0.0	0.0	3	1.0246422921833442	-0.36345601334394895	230.0	35	1.05	0.95				
	320	1	52.540335337543866	10.672255615438598	0.0	0.0	3	1.0218832570935208	-0.3388332824702268	230.0	35	1.05	0.95				
	321	2	0.0	0.0	0.0	0.0	3	1.0404944585388831	2.5456635755231782	230.0	37	1.05	0.95				
	322	2	0.0	0.0	0.0	0.0	3	1.05	7.132553441100591	230.0	37	1.05	0.95				
	323	2	0.0	0.0	0.0	0.0	3	1.0208537877640986	-0.004534547577047691	230.0	35	1.05	0.95				
	324	1	0.0	0.0	0.0	0.0	3	1.026147416414268	-1.6299572058121117	230.0	36	1.05	0.95				
	325	1	0.0	0.0	0.0	0.0	3	1.0206343007490366	0.9174983082367353	230.0	35	1.05	0.95				
];
