%% MATPOWER Case Format : Version 2
function mpc = RTS_GMLC
mpc.version = '2';

%%-----  Power Flow Data  -----%%
%% system MVA base
mpc.baseMVA = 100.0;
%% bus data
%    bus_i    type    Pd    Qd    Gs    Bs    area    Vm    Va    baseKV    zone    Vmax    Vmin
mpc.bus = [
	101	2	85.27511133473685	17.37085601263158	0.0	0.0	1	1.0319989639410947	-4.050145031613035	138.0	11	1.05	0.95				
	102	2	76.58968332842106	15.791687284210528	0.0	0.0	1	1.0319865629994198	-4.118031057089382	138.0	12	1.05	0.95				
	103	1	142.12518555789475	29.214621475789475	0.0	0.0	1	1.017485508289236	-3.8863941684883434	138.0	11	1.05	0.95				
	104	1	58.42924295157895	11.843765463157894	0.0	0.0	1	1.0150727452392299	-6.719620534116105	138.0	11	1.05	0.95				
	105	1	56.06048985894737	11.054181098947371	0.0	0.0	1	1.0305394380019521	-6.831342581616014	138.0	11	1.05	0.95				
	106	1	107.3834735326316	22.108362197894742	0.0	-100.0	1	1.0349672569960535	-9.106298221678022	138.0	12	1.05	0.95				
	107	2	98.6980455263158	19.73960910526316	0.0	0.0	1	1.05	-5.601257672148704	138.0	12	1.05	0.95				
	108	1	135.01892628000002	27.635452747368422	0.0	0.0	1	1.0244074242972532	-8.369368171266201	138.0	12	1.05	0.95				
	109	1	138.17726373684212	28.42503711157895	0.0	0.0	1	1.0266852349660394	-5.647879421642295	138.0	13	1.05	0.95				
	110	1	153.96895102105265	31.583374568421057	0.0	0.0	1	1.05	-7.153956164622523	138.0	13	1.05	0.95				
	111	1	0.0	0.0	0.0	0.0	1	1.01636407220891	-2.2073014573239624	230.0	13	1.05	0.95				
	112	1	0.0	0.0	0.0	0.0	1	1.0174522440916625	-1.3297275611102353	230.0	13	1.05	0.95				
	113	3	209.23985651578948	42.637555667368424	0.0	0.0	1	1.0198205795200839	5.776959612472554e-28	230.0	14	1.05	0.95				
	114	2	153.17936665684212	30.79379020421053	0.0	0.0	1	1.0216507552139669	0.062437720426176506	230.0	16	1.05	0.95				
	115	2	250.29824345473685	50.533399309473694	0.0	0.0	1	1.0442476842946533	8.485953182288842	230.0	16	1.05	0.95				
	116	2	78.95843642105264	15.791687284210528	0.0	0.0	1	1.044235947365111	8.05564945688811	230.0	16	1.05	0.95				
	117	1	0.0	0.0	0.0	0.0	1	1.0472323061758586	11.52419882367069	230.0	17	1.05	0.95				
	118	2	262.93159328210527	53.6917367663158	0.0	0.0	1	1.0499948323595816	12.123747644820517	230.0	17	1.05	0.95				
	119	1	142.91476992210528	29.214621475789475	0.0	0.0	1	1.0389131261608866	6.6054735192880285	230.0	15	1.05	0.95				
	120	1	101.06679861894739	20.529193469473686	0.0	0.0	1	1.041538776093287	6.831087719312421	230.0	15	1.05	0.95				
	121	2	0.0	0.0	0.0	0.0	1	1.05	12.910055803465742	230.0	17	1.05	0.95				
	122	2	0.0	0.0	0.0	0.0	1	1.05	21.122070271908157	230.0	17	1.05	0.95				
	123	2	0.0	0.0	0.0	0.0	1	1.0452388436862063	7.533670397542362	230.0	15	1.05	0.95				
	124	1	0.0	0.0	0.0	0.0	1	1.0186593502947707	3.9192207968776773	230.0	16	1.05	0.95				
	201	2	89.50417124210527	18.23233117894737	0.0	0.0	2	1.049556713057143	-11.882943728493146	138.0	21	1.05	0.95				
	202	2	80.38800565263158	16.57484652631579	0.0	0.0	2	1.05	-11.917340719023311	138.0	22	1.05	0.95				
	203	1	149.17361873684212	30.66346607368421	0.0	0.0	2	1.0269982078398703	-9.076349568686735	138.0	21	1.05	0.95				
	204	1	61.32693214736842	12.431134894736843	0.0	0.0	2	1.022055931240553	-13.847099145730668	138.0	21	1.05	0.95				
	205	1	58.840705168421046	11.602392568421054	0.0	0.0	2	1.039200034130793	-14.257312281030902	138.0	21	1.05	0.95				
	206	1	112.70895637894738	23.20478513684211	0.0	-100.0	2	1.0384568239169158	-16.349481428021967	138.0	22	1.05	0.95				
	207	2	103.59279078947368	20.718558157894737	0.0	0.0	2	0.95	-27.852638151957876	138.0	22	1.05	0.95				
	208	1	141.7149378	29.005981421052628	0.0	0.0	2	0.9556110989497884	-24.18381323779437	138.0	22	1.05	0.95				
	209	1	145.02990710526316	29.834723747368418	0.0	0.0	2	1.025691961704604	-12.11418459735042	138.0	23	1.05	0.95				
	210	1	161.60475363157894	33.14969305263158	0.0	0.0	2	1.05	-14.10454667064415	138.0	23	1.05	0.95				
	211	1	0.0	0.0	0.0	0.0	2	1.0318062022691532	-6.679509888127708	230.0	23	1.05	0.95				
	212	1	0.0	0.0	0.0	0.0	2	1.0233180379192266	-5.313291949492437	230.0	23	1.05	0.95				
	213	2	219.6167164736842	44.752085621052636	0.0	0.0	2	1.05	-2.16707772878183	230.0	24	1.05	0.95				
	214	2	160.77601130526315	32.320950726315786	0.0	0.0	2	1.05	-4.483986123221548	230.0	26	1.05	0.95				
	215	2	262.71131744210527	53.03950888421053	0.0	0.0	2	1.0452178939490355	3.8180560774716583	230.0	26	1.05	0.95				
	216	2	82.87423263157895	16.57484652631579	0.0	0.0	2	1.0494121401716647	3.747544441638493	230.0	26	1.05	0.95				
	217	1	0.0	0.0	0.0	0.0	2	1.0497109981202046	6.903076922258901	230.0	27	1.05	0.95				
	218	2	275.9711946631579	56.35447818947369	0.0	0.0	2	1.05	7.552233840071484	230.0	27	1.05	0.95				
	219	1	150.0023610631579	30.66346607368421	0.0	0.0	2	1.0435111867898366	3.3065563344045246	230.0	25	1.05	0.95				
	220	1	106.07901776842105	21.547300484210528	0.0	0.0	2	1.0458910527602776	4.47072598505832	230.0	25	1.05	0.95				
	221	2	0.0	0.0	0.0	0.0	2	1.05	8.034595879252866	230.0	27	1.05	0.95				
	222	2	0.0	0.0	0.0	0.0	2	1.05	14.10263568451811	230.0	27	1.05	0.95				
	223	2	0.0	0.0	0.0	0.0	2	1.05	5.710106351327231	230.0	25	1.05	0.95				
	224	1	0.0	0.0	0.0	0.0	2	1.0220650891387115	-0.980648965353202	230.0	26	1.05	0.95				
	301	2	76.84024043368422	15.652641569824564	0.0	0.0	3	1.0170675065890389	-16.441979314060145	138.0	31	1.05	0.95				
	302	2	69.01391964877193	14.229674154385966	0.0	0.0	3	1.0153769631583394	-16.875417559093705	138.0	32	1.05	0.95				
	303	1	128.0670673894737	26.32489718561403	0.0	0.0	3	1.0326229020054005	-8.209362857487033	138.0	31	1.05	0.95				
	304	1	52.64979437122806	10.672255615789474	0.0	0.0	3	1.0094504852408714	-15.58424126979463	138.0	31	1.05	0.95				
	305	1	50.515343248070174	9.960771908070177	0.0	0.0	3	1.0241474304482983	-16.572661878960112	138.0	31	1.05	0.95				
	306	1	96.76178424982457	19.921543816140353	0.0	-100.0	3	1.033870405848719	-17.43695708971924	138.0	32	1.05	0.95				
	307	2	88.93546346491227	17.787092692982455	0.0	0.0	3	1.0096501669807216	-18.67666595971948	138.0	32	1.05	0.95				
	308	1	121.66371402	24.90192977017544	0.0	0.0	3	1.00227023029836	-18.53142794024059	138.0	32	1.05	0.95				
	309	1	124.50964885087718	25.613413477894735	0.0	0.0	3	1.0290778000247465	-11.629842116250945	138.0	33	1.05	0.95				
	310	1	138.73932300526315	28.459348308771933	0.0	0.0	3	1.05	-14.427585937600984	138.0	33	1.05	0.95				
	311	1	0.0	0.0	0.0	0.0	3	1.0214563303571804	-7.475016527649636	230.0	33	1.05	0.95				
	312	1	0.0	0.0	0.0	0.0	3	1.0195909890059958	-5.978877482231381	230.0	33	1.05	0.95				
	313	2	188.54318254561403	38.42012021684211	0.0	0.0	3	1.0328092437379899	-2.8890680062465224	230.0	34	1.05	0.95				
	314	2	138.02783929754386	27.747864601052637	0.0	0.0	3	1.0303539182792996	-6.010494966862309	230.0	36	1.05	0.95				
	315	2	225.54033534701756	45.53495729403509	0.0	0.0	3	1.0470972866045705	0.5168659783375802	230.0	36	1.05	0.95				
	316	2	71.14837077192982	14.229674154385966	0.0	0.0	3	1.045815068444437	0.4020098841414082	230.0	36	1.05	0.95				
	317	1	0.0	0.0	0.0	0.0	3	1.0482742813756092	2.7194211670820354	230.0	37	1.05	0.95				
	318	2	236.92407467052635	48.380892124912286	0.0	0.0	3	1.0478319069894153	2.6869549230371974	230.0	37	1.05	0.95				
	319	1	128.77855109719297	26.32489718561403	0.0	0.0	3	1.0423822943779126	0.7104468987854856	230.0	35	1.05	0.95				
	320	1	91.06991458807018	18.498576400701754	0.0	0.0	3	1.0456934198626955	2.3124221583129074	230.0	35	1.05	0.95				
	321	2	0.0	0.0	0.0	0.0	3	1.05	3.889638617922665	230.0	37	1.05	0.95				
	322	2	0.0	0.0	0.0	0.0	3	1.05	9.205885071181012	230.0	37	1.05	0.95				
	323	2	0.0	0.0	0.0	0.0	3	1.05	3.706429008829103	230.0	35	1.05	0.95				
	324	1	0.0	0.0	0.0	0.0	3	1.0305891356511894	-2.73543143586126	230.0	36	1.05	0.95				
	325	1	0.0	0.0	0.0	0.0	3	1.0482432066914946	4.469106736996963	230.0	35	1.05	0.95				
];

%% generator data
%    bus    Pg    Qg    Qmax    Qmin    Vg    mBase    status    Pmax    Pmin    Pc1    Pc2    Qc1min    Qc1max    Qc2min    Qc2max    ramp_agc    ramp_10    ramp_30    ramp_q    apf
