%% MATPOWER Case Format : Version 2
function mpc = RTS_GMLC
mpc.version = '2';

%%-----  Power Flow Data  -----%%
%% system MVA base
mpc.baseMVA = 100.0;
%% bus data
%    bus_i    type    Pd    Qd    Gs    Bs    area    Vm    Va    baseKV    zone    Vmax    Vmin
mpc.bus = [
	101	2	51.755566547368424	10.542800592982458	0.0	0.0	1	1.0327765929651453	-0.7600227626664542	138.0	11	1.05	0.95				
	102	2	46.48416625087719	9.584364175438598	0.0	0.0	1	1.0318703715643254	-1.0256704498708697	138.0	12	1.05	0.95				
	103	1	86.25927757894736	17.7310737245614	0.0	0.0	1	1.0257855797562658	-1.6698116256314213	138.0	11	1.05	0.95				
	104	1	35.4621474491228	7.1882731315789465	0.0	0.0	1	1.0200136739448202	-3.6728216701427847	138.0	11	1.05	0.95				
	105	1	34.02449282280702	6.709054922807018	0.0	0.0	1	1.0350826189801408	-3.5376935874250974	138.0	11	1.05	0.95				
	106	1	65.17367639298246	13.418109845614037	0.0	-100.0	1	1.043977544472999	-5.611617907642621	138.0	12	1.05	0.95				
	107	2	59.90227609649123	11.980455219298246	0.0	0.0	1	1.0006966920708518	-11.096980118133581	138.0	12	1.05	0.95				
	108	1	81.94631369999999	16.772637307017543	0.0	0.0	1	1.0027249622513827	-9.739381210337632	138.0	12	1.05	0.95				
	109	1	83.86318653508772	17.251855515789476	0.0	0.0	1	1.024649738965064	-3.8919026319979197	138.0	13	1.05	0.95				
	110	1	93.44755071052631	19.168728350877196	0.0	0.0	1	1.05	-4.839811758276858	138.0	13	1.05	0.95				
	111	1	0.0	0.0	0.0	0.0	1	1.0057060290084903	-1.3523468763002384	230.0	13	1.05	0.95				
	112	1	0.0	0.0	0.0	0.0	1	1.0097871758027925	-1.046218610374134	230.0	13	1.05	0.95				
	113	3	126.9928253245614	25.877783273684212	0.0	0.0	1	1.0014128245314977	2.9560347366669975e-31	230.0	14	1.05	0.95				
	114	2	92.96833250175438	18.689510142105263	0.0	0.0	1	1.0040199136597792	0.5979409202454523	230.0	16	1.05	0.95				
	115	2	151.91217218070173	30.669965361403513	0.0	0.0	1	1.0350296598250126	6.568601084257155	230.0	16	1.05	0.95				
	116	2	47.921820877192985	9.584364175438598	0.0	0.0	1	1.0322450927134146	6.191507599869424	230.0	16	1.05	0.95				
	117	1	0.0	0.0	0.0	0.0	1	1.038170449836638	9.01957380255628	230.0	17	1.05	0.95				
	118	2	159.57966352105265	32.58683819649123	0.0	0.0	1	1.0407719133584807	9.248823402832874	230.0	17	1.05	0.95				
	119	1	86.7384957877193	17.7310737245614	0.0	0.0	1	1.0258018228532872	4.775371089621268	230.0	15	1.05	0.95				
	120	1	61.339930722807026	12.459673428070175	0.0	0.0	1	1.0239753135942506	4.470908371734402	230.0	15	1.05	0.95				
	121	2	0.0	0.0	0.0	0.0	1	1.043470799548983	10.571852531296862	230.0	17	1.05	0.95				
	122	2	0.0	0.0	0.0	0.0	1	1.05	18.69317967239643	230.0	17	1.05	0.95				
	123	2	0.0	0.0	0.0	0.0	1	1.0237341484220612	4.6731728686836975	230.0	15	1.05	0.95				
	124	1	0.0	0.0	0.0	0.0	1	1.0211401775502547	3.4825696607614285	230.0	16	1.05	0.95				
	201	2	47.59955928	9.69620652	0.0	0.0	2	1.0226907252160087	-10.072739546901817	138.0	21	1.05	0.95				
	202	2	42.75145602	8.814733200000001	0.0	0.0	2	1.0233012480967583	-9.955432060054196	138.0	22	1.05	0.95				
	203	1	79.3325988	16.307256419999998	0.0	0.0	2	1.0168841303602985	-9.12446893442839	138.0	21	1.05	0.95				
	204	1	32.614512839999996	6.6110499	0.0	0.0	2	1.0165364173413036	-11.144163387394332	138.0	21	1.05	0.95				
	205	1	31.29230286	6.1703132400000005	0.0	0.0	2	1.0310221419541532	-11.41467658824837	138.0	21	1.05	0.95				
	206	1	59.940185760000006	12.340626480000001	0.0	-100.0	2	1.0435980220394234	-12.585170229262966	138.0	22	1.05	0.95				
	207	2	55.0920825	11.0184165	0.0	0.0	2	0.9921553740720375	-18.758262047384676	138.0	22	1.05	0.95				
	208	1	75.36596886	15.425783099999999	0.0	0.0	2	0.9979635054901593	-16.75769298601739	138.0	22	1.05	0.95				
	209	1	77.1289155	15.866519760000001	0.0	0.0	2	1.0234411250143545	-10.30004220482742	138.0	23	1.05	0.95				
	210	1	85.9436487	17.629466400000002	0.0	0.0	2	1.05	-11.356989323893625	138.0	23	1.05	0.95				
	211	1	0.0	0.0	0.0	0.0	2	1.0061665091122782	-7.344712699201546	230.0	23	1.05	0.95				
	212	1	0.0	0.0	0.0	0.0	2	1.0087485243563	-6.201142129127886	230.0	23	1.05	0.95				
	213	2	116.7952149	23.79977964	0.0	0.0	2	1.0029715345862107	-5.713234722712927	230.0	24	1.05	0.95				
	214	2	85.50291204	17.18872974	0.0	0.0	2	1.0061158810810173	-5.1780670292152795	230.0	26	1.05	0.95				
	215	2	139.71352122	28.207146240000004	0.0	0.0	2	1.0243384487577762	0.395551758791066	230.0	26	1.05	0.95				
	216	2	44.073666	8.814733200000001	0.0	0.0	2	1.025705553394024	0.5545329776459417	230.0	26	1.05	0.95				
	217	1	0.0	0.0	0.0	0.0	2	1.0299455468970304	1.9738112798865608	230.0	27	1.05	0.95				
	218	2	146.76530778	29.970092880000003	0.0	0.0	2	1.0288865553676338	1.3794242080940327	230.0	27	1.05	0.95				
	219	1	79.77333546	16.307256419999998	0.0	0.0	2	1.0270955224939973	1.1164654577454596	230.0	25	1.05	0.95				
	220	1	56.41429248000001	11.45915316	0.0	0.0	2	1.03149134949037	2.458641387307289	230.0	25	1.05	0.95				
	221	2	0.0	0.0	0.0	0.0	2	1.0306450442220347	1.8579355059320901	230.0	27	1.05	0.95				
	222	2	0.0	0.0	0.0	0.0	2	1.05	8.396323950027124	230.0	27	1.05	0.95				
	223	2	0.0	0.0	0.0	0.0	2	1.0349738258279524	3.5255189042183	230.0	25	1.05	0.95				
	224	1	0.0	0.0	0.0	0.0	2	1.0098113935701947	-3.1795715114248706	230.0	26	1.05	0.95				
	301	2	41.32426448842105	8.417905729122808	0.0	0.0	3	1.0106135175665028	-7.58558169737467	138.0	31	1.05	0.95				
	302	2	37.11531162385965	7.652641571929824	0.0	0.0	3	1.0105643969871718	-7.661486462556975	138.0	32	1.05	0.95				
	303	1	68.87377414736842	14.157386908070174	0.0	0.0	3	1.0236838484517488	-2.9227796729393916	138.0	31	1.05	0.95				
	304	1	28.31477381614035	5.7394811789473685	0.0	0.0	3	1.0132710667849332	-6.051668471315635	138.0	31	1.05	0.95				
	305	1	27.166877580350878	5.356849100350878	0.0	0.0	3	1.025521132800828	-7.189891420253286	138.0	31	1.05	0.95				
	306	1	52.03796268912281	10.713698200701756	0.0	-100.0	3	1.0424183367417676	-7.43274009650887	138.0	32	1.05	0.95				
	307	2	47.8290098245614	9.56580196491228	0.0	0.0	3	0.9853648540966715	-11.035893606956657	138.0	32	1.05	0.95				
	308	1	65.43008544	13.392122750877192	0.0	0.0	3	0.9971868979292775	-9.389326624209536	138.0	32	1.05	0.95				
	309	1	66.96061375438596	13.774754829473684	0.0	0.0	3	1.0272761990264314	-3.170933459718146	138.0	33	1.05	0.95				
	310	1	74.61325532631578	15.305283143859649	0.0	0.0	3	1.05	-5.560392217222772	138.0	33	1.05	0.95				
	311	1	0.0	0.0	0.0	0.0	3	1.00473429286006	-0.48832557856934167	230.0	33	1.05	0.95				
	312	1	0.0	0.0	0.0	0.0	3	1.010290609927622	-0.30427309095141375	230.0	33	1.05	0.95				
	313	2	101.39750082807018	20.662132244210525	0.0	0.0	3	1.0076118527949807	2.4539828838592843	230.0	34	1.05	0.95				
	314	2	74.2306232477193	14.92265106526316	0.0	0.0	3	0.9979403345916962	0.9636106987617852	230.0	36	1.05	0.95				
	315	2	121.29436891508772	24.48845303017544	0.0	0.0	3	1.0298563413822077	5.10423167715034	230.0	36	1.05	0.95				
	316	2	38.26320785964912	7.652641571929824	0.0	0.0	3	1.0276162340982786	5.225579169439283	230.0	36	1.05	0.95				
	317	1	0.0	0.0	0.0	0.0	3	1.0434970337675726	10.572944298157307	230.0	37	1.05	0.95				
	318	2	127.41648217263158	26.018981344561404	0.0	0.0	3	1.0415931075328668	8.423979087550524	230.0	37	1.05	0.95				
	319	1	69.25640622596492	14.157386908070174	0.0	0.0	3	1.020812348016894	3.9776298416800016	230.0	35	1.05	0.95				
	320	1	48.97690606035088	9.948434043508772	0.0	0.0	3	1.0175085467587663	3.640795224467035	230.0	35	1.05	0.95				
	321	2	0.0	0.0	0.0	0.0	3	1.039668561326491	7.943934119806875	230.0	37	1.05	0.95				
	322	2	0.0	0.0	0.0	0.0	3	1.05	13.298966344309683	230.0	37	1.05	0.95				
	323	2	0.0	0.0	0.0	0.0	3	1.0160174530857249	3.756960284607178	230.0	35	1.05	0.95				
	324	1	0.0	0.0	0.0	0.0	3	1.0173951272464188	2.087861293634347	230.0	36	1.05	0.95				
	325	1	0.0	0.0	0.0	0.0	3	1.0174322332866301	4.352246122403603	230.0	35	1.05	0.95				
];

%% generator data
%    bus    Pg    Qg    Qmax    Qmin    Vg    mBase    status    Pmax    Pmin    Pc1    Pc2    Qc1min    Qc1max    Qc2min    Qc2max    ramp_agc    ramp_10    ramp_30    ramp_q    apf
