%% MATPOWER Case Format : Version 2
function mpc = RTS_GMLC
mpc.version = '2';

%%-----  Power Flow Data  -----%%
%% system MVA base
mpc.baseMVA = 100.0;
%% bus data
%    bus_i    type    Pd    Qd    Gs    Bs    area    Vm    Va    baseKV    zone    Vmax    Vmin
mpc.bus = [
	101	2	52.61058882947369	10.716971798596491	0.0	0.0	1	1.0303624767046784	2.350909852954006	138.0	11	1.05	0.95				
	102	2	47.25210293017544	9.74270163508772	0.0	0.0	1	1.0299277244953948	2.1879370898759993	138.0	12	1.05	0.95				
	103	1	87.68431471578948	18.02399802491228	0.0	0.0	1	1.0275264874215437	1.0452978077508057	138.0	11	1.05	0.95				
	104	1	36.04799604982456	7.30702622631579	0.0	0.0	1	1.0191077710484613	-1.0774380562224102	138.0	11	1.05	0.95				
	105	1	34.5865908045614	6.819891144561405	0.0	0.0	1	1.0333783318757543	-0.9414183245925503	138.0	11	1.05	0.95				
	106	1	66.25037111859649	13.63978228912281	0.0	-100.0	1	1.042876747329814	-3.2730958494541897	138.0	12	1.05	0.95				
	107	2	60.891885219298246	12.17837704385965	0.0	0.0	1	1.017066386365065	-6.579047074084942	138.0	12	1.05	0.95				
	108	1	83.30009898	17.049727861403507	0.0	0.0	1	1.0132243939771688	-6.273138442693339	138.0	12	1.05	0.95				
	109	1	85.24863930701756	17.536862943157892	0.0	0.0	1	1.0254232012654902	-1.7667214017643422	138.0	13	1.05	0.95				
	110	1	94.99134094210527	19.48540327017544	0.0	0.0	1	1.05	-2.7325147442683275	138.0	13	1.05	0.95				
	111	1	0.0	0.0	0.0	0.0	1	1.005860051526231	0.11348160027887802	230.0	13	1.05	0.95				
	112	1	0.0	0.0	0.0	0.0	1	1.011423908456449	0.3119228831774292	230.0	13	1.05	0.95				
	113	3	129.0907966649123	26.305294414736846	0.0	0.0	1	1.0001494608669925	-8.949584892558938e-29	230.0	14	1.05	0.95				
	114	2	94.50420586035088	18.99826818842105	0.0	0.0	1	1.0036154555596057	2.69072540726203	230.0	16	1.05	0.95				
	115	2	154.42182091614035	31.176645232280702	0.0	0.0	1	1.041442509001297	9.776057421692807	230.0	16	1.05	0.95				
	116	2	48.7135081754386	9.74270163508772	0.0	0.0	1	1.0383210512760899	9.130954026318426	230.0	16	1.05	0.95				
	117	1	0.0	0.0	0.0	0.0	1	1.0435375541453993	11.82385321652842	230.0	17	1.05	0.95				
	118	2	162.2159822242105	33.125185559298245	0.0	0.0	1	1.0467177994705499	11.873292141250381	230.0	17	1.05	0.95				
	119	1	88.17144979754387	18.02399802491228	0.0	0.0	1	1.0321715378565424	7.422971705909348	230.0	15	1.05	0.95				
	120	1	62.353290464561404	12.665512125614036	0.0	0.0	1	1.0308298236071785	6.867518623159379	230.0	15	1.05	0.95				
	121	2	0.0	0.0	0.0	0.0	1	1.05	13.036237502989916	230.0	17	1.05	0.95				
	122	2	0.0	0.0	0.0	0.0	1	1.05	22.371394631496	230.0	17	1.05	0.95				
	123	2	0.0	0.0	0.0	0.0	1	1.0308527627849178	6.932311381099361	230.0	15	1.05	0.95				
	124	1	0.0	0.0	0.0	0.0	1	1.0251984999804864	6.520398701169406	230.0	16	1.05	0.95				
	201	2	65.68739177684212	13.380764991578948	0.0	0.0	2	1.0321172030932806	-13.452546818680933	138.0	21	1.05	0.95				
	202	2	58.997009281052634	12.164331810526317	0.0	0.0	2	1.0323716463250605	-13.544126682374454	138.0	22	1.05	0.95				
	203	1	109.47898629473684	22.504013849473687	0.0	0.0	2	1.0189134237612072	-10.819551455414615	138.0	21	1.05	0.95				
	204	1	45.00802769894737	9.123248857894737	0.0	0.0	2	1.0169864191678901	-15.7225277266588	138.0	21	1.05	0.95				
	205	1	43.18337792736842	8.515032267368422	0.0	0.0	2	1.0331390712284574	-16.058234063593943	138.0	21	1.05	0.95				
	206	1	82.71745631157896	17.030064534736844	0.0	-100.0	2	1.0404848584860833	-18.096922758229688	138.0	22	1.05	0.95				
	207	2	76.02707381578948	15.205414763157895	0.0	0.0	2	0.9882095393262701	-27.269226624836012	138.0	22	1.05	0.95				
	208	1	104.00503698000001	21.287580668421054	0.0	0.0	2	0.9879322962226252	-24.33504650758513	138.0	22	1.05	0.95				
	209	1	106.43790334210527	21.89579725894737	0.0	0.0	2	1.0230802659770917	-15.032552366178548	138.0	23	1.05	0.95				
	210	1	118.60223515263158	24.328663621052634	0.0	0.0	2	1.05	-16.77680821032221	138.0	23	1.05	0.95				
	211	1	0.0	0.0	0.0	0.0	2	1.0166285816365894	-11.634243679698132	230.0	23	1.05	0.95				
	212	1	0.0	0.0	0.0	0.0	2	1.0150786375983518	-10.824272305553913	230.0	23	1.05	0.95				
	213	2	161.1773964894737	32.84369588842106	0.0	0.0	2	1.0173570212405385	-10.452428782040428	230.0	24	1.05	0.95				
	214	2	117.99401856210527	23.72044703052632	0.0	0.0	2	1.0268190635108752	-8.420785965141503	230.0	26	1.05	0.95				
	215	2	192.80465919684212	38.92586179368421	0.0	0.0	2	1.0357558117294374	0.15218535026808425	230.0	26	1.05	0.95				
	216	2	60.82165905263158	12.164331810526317	0.0	0.0	2	1.0395993801241348	-0.148241923623752	230.0	26	1.05	0.95				
	217	1	0.0	0.0	0.0	0.0	2	1.0415609252159954	3.2308013439591585	230.0	27	1.05	0.95				
	218	2	202.5361246452632	41.35872815578948	0.0	0.0	2	1.043098427066929	3.5127193314572733	230.0	27	1.05	0.95				
	219	1	110.08720288526317	22.504013849473687	0.0	0.0	2	1.0389501778378925	-1.0554947080353765	230.0	25	1.05	0.95				
	220	1	77.85172358736843	15.813631353684213	0.0	0.0	2	1.0433441387483626	-0.6917616351844467	230.0	25	1.05	0.95				
	221	2	0.0	0.0	0.0	0.0	2	1.042671839536757	3.1563534925555503	230.0	27	1.05	0.95				
	222	2	0.0	0.0	0.0	0.0	2	1.05	9.6906173526511	230.0	27	1.05	0.95				
	223	2	0.0	0.0	0.0	0.0	2	1.0471886564918829	-0.04678453937847304	230.0	25	1.05	0.95				
	224	1	0.0	0.0	0.0	0.0	2	1.0158260381951858	-3.932737205422276	230.0	26	1.05	0.95				
	301	2	48.48212592	9.875988613333334	0.0	0.0	3	1.0091551054244543	-12.323693513941217	138.0	31	1.05	0.95				
	302	2	43.544131613333334	8.978171466666668	0.0	0.0	3	1.0087104760635879	-12.518548279722443	138.0	32	1.05	0.95				
	303	1	80.80354320000001	16.609617213333333	0.0	0.0	3	1.0374607791453956	-4.0899009398070065	138.0	31	1.05	0.95				
	304	1	33.21923442666667	6.733628599999999	0.0	0.0	3	1.0111872112832512	-11.157294592143874	138.0	31	1.05	0.95				
	305	1	31.872508706666665	6.284720026666666	0.0	0.0	3	1.0239241406404516	-12.326675517871688	138.0	31	1.05	0.95				
	306	1	61.05156597333335	12.569440053333333	0.0	-100.0	3	1.040051262830009	-12.860665834832597	138.0	32	1.05	0.95				
	307	2	56.11357166666666	11.222714333333334	0.0	0.0	3	0.9917050441511807	-17.602906236536896	138.0	32	1.05	0.95				
	308	1	76.76336604000001	15.711800066666665	0.0	0.0	3	0.998120744765067	-15.572007248586974	138.0	32	1.05	0.95				
	309	1	78.55900033333334	16.16070864	0.0	0.0	3	1.0273392358808198	-8.209226985893578	138.0	33	1.05	0.95				
	310	1	87.5371718	17.956342933333335	0.0	0.0	3	1.05	-10.883576455157879	138.0	33	1.05	0.95				
	311	1	0.0	0.0	0.0	0.0	3	1.009375875635481	-5.468697906630908	230.0	33	1.05	0.95				
	312	1	0.0	0.0	0.0	0.0	3	1.0129683327800842	-4.977551204091644	230.0	33	1.05	0.95				
	313	2	118.96077193333332	24.24106296	0.0	0.0	3	1.0116633530388883	-2.2756752539640597	230.0	34	1.05	0.95				
	314	2	87.08826322666667	17.50743436	0.0	0.0	3	1.008559450138347	-4.0839695442824775	230.0	36	1.05	0.95				
	315	2	142.30401774666666	28.730148693333334	0.0	0.0	3	1.036058212846517	-0.018297845258433948	230.0	36	1.05	0.95				
	316	2	44.89085733333334	8.978171466666668	0.0	0.0	3	1.0348369726502946	0.5337708864777378	230.0	36	1.05	0.95				
	317	1	0.0	0.0	0.0	0.0	3	1.0430191212202469	2.6006188810214987	230.0	37	1.05	0.95				
	318	2	149.48655492	30.525782986666673	0.0	0.0	3	1.041264198934034	1.5415223382132492	230.0	37	1.05	0.95				
	319	1	81.25245177333333	16.609617213333333	0.0	0.0	3	1.0293116267304403	-0.3055828237090627	230.0	35	1.05	0.95				
	320	1	57.46029738666667	11.671622906666668	0.0	0.0	3	1.0276679815254386	-0.16826378292916705	230.0	35	1.05	0.95				
	321	2	0.0	0.0	0.0	0.0	3	1.0414088945758666	1.7860684041536805	230.0	37	1.05	0.95				
	322	2	0.0	0.0	0.0	0.0	3	1.05	6.4294370979015785	230.0	37	1.05	0.95				
	323	2	0.0	0.0	0.0	0.0	3	1.027436996582475	0.25264602575406964	230.0	35	1.05	0.95				
	324	1	0.0	0.0	0.0	0.0	3	1.030001050246504	-1.5570380249286757	230.0	36	1.05	0.95				
	325	1	0.0	0.0	0.0	0.0	3	1.0259848074340034	1.3389603774489154	230.0	35	1.05	0.95				
];
