%% MATPOWER Case Format : Version 2
function mpc = RTS_GMLC
mpc.version = '2';

%%-----  Power Flow Data  -----%%
%% system MVA base
mpc.baseMVA = 100.0;
%% bus data
%    bus_i    type    Pd    Qd    Gs    Bs    area    Vm    Va    baseKV    zone    Vmax    Vmin
mpc.bus = [
	101	2	52.156358223157895	10.624443341754386	0.0	0.0	1	1.0407842437892079	1.722520203772098	138.0	11	1.05	0.95				
	102	2	46.8441365522807	9.658584856140351	0.0	0.0	1	1.039816983348231	1.4314073594141494	138.0	12	1.05	0.95				
	103	1	86.92726370526316	17.86838198385965	0.0	0.0	1	1.0263785122642701	-0.6042977253679972	138.0	11	1.05	0.95				
	104	1	35.7367639677193	7.243938642105263	0.0	0.0	1	1.0244110688383588	-1.815752982011421	138.0	11	1.05	0.95				
	105	1	34.287976239298246	6.761009399298246	0.0	0.0	1	1.0385445458835587	-1.8161930126166692	138.0	11	1.05	0.95				
	106	1	65.67837702175439	13.522018798596491	0.0	-100.0	1	1.0452518136392974	-4.32220878551446	138.0	12	1.05	0.95				
	107	2	60.36615535087719	12.073231070175439	0.0	0.0	1	1.0011772168719382	-11.055074286724404	138.0	12	1.05	0.95				
	108	1	82.58090052	16.902523498245614	0.0	0.0	1	1.0023986849630198	-9.350292684226341	138.0	12	1.05	0.95				
	109	1	84.51261749122807	17.38545274105263	0.0	0.0	1	1.024438396393622	-3.071149455438213	138.0	13	1.05	0.95				
	110	1	94.17120234736842	19.317169712280702	0.0	0.0	1	1.05	-3.913705449846717	138.0	13	1.05	0.95				
	111	1	0.0	0.0	0.0	0.0	1	1.0048266561207533	-0.9574108398930586	230.0	13	1.05	0.95				
	112	1	0.0	0.0	0.0	0.0	1	1.0096194520976396	-0.6000753668632592	230.0	13	1.05	0.95				
	113	3	127.97624934385965	26.078179111578947	0.0	0.0	1	0.9999398681928994	1.284298658999877e-30	230.0	14	1.05	0.95				
	114	2	93.6882731045614	18.834240469473684	0.0	0.0	1	1.001423501174851	0.8643992314890281	230.0	16	1.05	0.95				
	115	2	153.08856996982456	30.907471539649123	0.0	0.0	1	1.0331276974304715	6.956096334350204	230.0	16	1.05	0.95				
	116	2	48.292924280701754	9.658584856140351	0.0	0.0	1	1.029822586306855	6.3063260631723	230.0	16	1.05	0.95				
	117	1	0.0	0.0	0.0	0.0	1	1.0362290653476218	8.52644952651442	230.0	17	1.05	0.95				
	118	2	160.81543785473684	32.83918851087719	0.0	0.0	1	1.0376410941430219	8.729471253226349	230.0	17	1.05	0.95				
	119	1	87.41019294807018	17.86838198385965	0.0	0.0	1	1.024067037918908	4.990221899405419	230.0	15	1.05	0.95				
	120	1	61.814943079298246	12.556160312982456	0.0	0.0	1	1.0228211559029747	4.775938839748037	230.0	15	1.05	0.95				
	121	2	0.0	0.0	0.0	0.0	1	1.0403791902725548	10.029387964320204	230.0	17	1.05	0.95				
	122	2	0.0	0.0	0.0	0.0	1	1.05	15.941481822153623	230.0	17	1.05	0.95				
	123	2	0.0	0.0	0.0	0.0	1	1.0229310150476159	5.031346706418331	230.0	15	1.05	0.95				
	124	1	0.0	0.0	0.0	0.0	1	1.0209013049120828	4.117764827553194	230.0	16	1.05	0.95				
	201	2	52.393514892631586	10.672753033684211	0.0	0.0	2	1.0270788420610457	-11.41428413728815	138.0	21	1.05	0.95				
	202	2	47.05713837578948	9.702502757894738	0.0	0.0	2	1.0280454812697803	-11.233727850500953	138.0	22	1.05	0.95				
	203	1	87.32252482105264	17.949630102105267	0.0	0.0	2	1.0170988072451133	-9.906362214103979	138.0	21	1.05	0.95				
	204	1	35.899260204210535	7.2768770684210535	0.0	0.0	2	1.017544481026545	-12.738240357891279	138.0	21	1.05	0.95				
	205	1	34.44388479052632	6.791751930526317	0.0	0.0	2	1.0325853171005022	-13.091780865724907	138.0	21	1.05	0.95				
	206	1	65.97701875368422	13.583503861052634	0.0	-100.0	2	1.0433537027415758	-14.463556892865165	138.0	22	1.05	0.95				
	207	2	60.64064223684211	12.128128447368422	0.0	0.0	2	0.9924661799557356	-21.45175232347599	138.0	22	1.05	0.95				
	208	1	82.95639858	16.979379826315792	0.0	0.0	2	0.9961326152486928	-19.20363706566863	138.0	22	1.05	0.95				
	209	1	84.89689913157895	17.46450496421053	0.0	0.0	2	1.0230123878089286	-11.981674344886008	138.0	23	1.05	0.95				
	210	1	94.59940188947368	19.405005515789476	0.0	0.0	2	1.05	-13.24249329031405	138.0	23	1.05	0.95				
	211	1	0.0	0.0	0.0	0.0	2	1.0084284704040805	-8.870766761747992	230.0	23	1.05	0.95				
	212	1	0.0	0.0	0.0	0.0	2	1.0087201806460577	-7.994883438532342	230.0	23	1.05	0.95				
	213	2	128.55816154210527	26.196757446315793	0.0	0.0	2	1.0047250372311445	-7.572539448979365	230.0	24	1.05	0.95				
	214	2	94.11427675157896	18.91988037789474	0.0	0.0	2	1.0122657932119576	-6.185599112478391	230.0	26	1.05	0.95				
	215	2	153.7846687126316	31.048008825263164	0.0	0.0	2	1.0273461228450937	0.8650839575187711	230.0	26	1.05	0.95				
	216	2	48.51251378947369	9.702502757894738	0.0	0.0	2	1.0280712057913073	0.5873452198183109	230.0	26	1.05	0.95				
	217	1	0.0	0.0	0.0	0.0	2	1.0325390999152284	2.8971948470242075	230.0	27	1.05	0.95				
	218	2	161.5466709189474	32.98850937684211	0.0	0.0	2	1.0330102138339055	2.873670078964233	230.0	27	1.05	0.95				
	219	1	87.80764995894738	17.949630102105267	0.0	0.0	2	1.0264512342306957	0.2461162883840958	230.0	25	1.05	0.95				
	220	1	62.09601765052633	12.613253585263159	0.0	0.0	2	1.0285826427462734	0.8933966178599775	230.0	25	1.05	0.95				
	221	2	0.0	0.0	0.0	0.0	2	1.0340445443760458	2.984742307315077	230.0	27	1.05	0.95				
	222	2	0.0	0.0	0.0	0.0	2	1.05	9.446405638259767	230.0	27	1.05	0.95				
	223	2	0.0	0.0	0.0	0.0	2	1.0307412400401639	1.617653180771013	230.0	25	1.05	0.95				
	224	1	0.0	0.0	0.0	0.0	2	1.0102392928800663	-3.170571773153732	230.0	26	1.05	0.95				
	301	2	37.92470737263158	7.725403353684211	0.0	0.0	3	1.010756297782797	-8.17492637970959	138.0	31	1.05	0.95				
	302	2	34.06200569578948	7.023093957894737	0.0	0.0	3	1.010800763841573	-8.244401994946806	138.0	32	1.05	0.95				
	303	1	63.20784562105264	12.992723822105265	0.0	0.0	3	1.0168630468207858	-4.7746354296677085	138.0	31	1.05	0.95				
	304	1	25.98544764421053	5.267320468421053	0.0	0.0	3	1.011979546457561	-7.136140564340456	138.0	31	1.05	0.95				
	305	1	24.931983550526315	4.916165770526317	0.0	0.0	3	1.0259306727317816	-7.452838271927761	138.0	31	1.05	0.95				
	306	1	47.75703891368421	9.832331541052634	0.0	-100.0	3	1.0433567788114313	-7.4964399011149805	138.0	32	1.05	0.95				
	307	2	43.894337236842105	8.778867447368421	0.0	0.0	3	0.9914552628685557	-11.278868438465185	138.0	32	1.05	0.95				
	308	1	60.047453340000004	12.29041442631579	0.0	0.0	3	1.0011903586114284	-9.767759080778347	138.0	32	1.05	0.95				
	309	1	61.45207213157895	12.641569124210527	0.0	0.0	3	1.023048692005666	-4.774535745552654	138.0	33	1.05	0.95				
	310	1	68.47516608947369	14.046187915789474	0.0	0.0	3	1.05	-5.5974336990344105	138.0	33	1.05	0.95				
	311	1	0.0	0.0	0.0	0.0	3	0.9996061990422108	-1.436980944212303	230.0	33	1.05	0.95				
	312	1	0.0	0.0	0.0	0.0	3	1.0063916082353386	-0.9466079643415889	230.0	33	1.05	0.95				
	313	2	93.05599494210527	18.96235368631579	0.0	0.0	3	1.0032814230069	2.0285249594359125	230.0	34	1.05	0.95				
	314	2	68.12401139157896	13.695033217894736	0.0	0.0	3	0.988718997882942	-0.5578189854934704	230.0	36	1.05	0.95				
	315	2	111.31603923263158	22.47390066526316	0.0	0.0	3	1.0070942115410548	-0.28912508227985945	230.0	36	1.05	0.95				
	316	2	35.115469789473686	7.023093957894737	0.0	0.0	3	1.0059015838098513	0.3440863396637825	230.0	36	1.05	0.95				
	317	1	0.0	0.0	0.0	0.0	3	1.0125324939092535	0.7477993438786144	230.0	37	1.05	0.95				
	318	2	116.93451439894737	23.878519456842106	0.0	0.0	3	1.0125597986369723	0.37086364044479025	230.0	37	1.05	0.95				
	319	1	63.55900031894737	12.992723822105265	0.0	0.0	3	1.00589092255109	1.0654238171874286	230.0	35	1.05	0.95				
	320	1	44.94780133052632	9.130022145263158	0.0	0.0	3	1.0062903647550472	1.6545859258116304	230.0	35	1.05	0.95				
	321	2	0.0	0.0	0.0	0.0	3	1.012730498714697	0.7093310200487718	230.0	37	1.05	0.95				
	322	2	0.0	0.0	0.0	0.0	3	1.0263444893849	5.233323055877801	230.0	37	1.05	0.95				
	323	2	0.0	0.0	0.0	0.0	3	1.0066015838566233	2.145343196312822	230.0	35	1.05	0.95				
	324	1	0.0	0.0	0.0	0.0	3	1.0054196038590497	-1.0834191168514877	230.0	36	1.05	0.95				
	325	1	0.0	0.0	0.0	0.0	3	1.0081719941388865	2.83825067049963	230.0	35	1.05	0.95				
];
