%% MATPOWER Case Format : Version 2
function mpc = RTS_GMLC
mpc.version = '2';

%%-----  Power Flow Data  -----%%
%% system MVA base
mpc.baseMVA = 100.0;
%% bus data
%    bus_i    type    Pd    Qd    Gs    Bs    area    Vm    Va    baseKV    zone    Vmax    Vmin
mpc.bus = [
	101	2	73.09104404210527	14.888916378947368	0.0	0.0	1	1.0295017326705094	-0.35025670203615006	138.0	11	1.05	0.95				
	102	2	65.64658585263157	13.535378526315789	0.0	0.0	1	1.0295365590851364	-0.4155184873612075	138.0	12	1.05	0.95				
	103	1	121.81840673684209	25.04045027368421	0.0	0.0	1	1.021723495882611	-0.9092973571465109	138.0	11	1.05	0.95				
	104	1	50.08090054736842	10.151533894736842	0.0	0.0	1	1.0159232840435233	-3.5226748334211653	138.0	11	1.05	0.95				
	105	1	48.050593768421045	9.474764968421052	0.0	0.0	1	1.0305415990394649	-3.538755070457738	138.0	11	1.05	0.95				
	106	1	92.04057397894736	18.949529936842104	0.0	-100.0	1	1.0374225879357293	-5.939494281570542	138.0	12	1.05	0.95				
	107	2	84.59611578947369	16.919223157894734	0.0	0.0	1	1.05	-4.229809669522099	138.0	12	1.05	0.95				
	108	1	115.72748639999999	23.68691242105263	0.0	0.0	1	1.0277961104173652	-6.199622605608739	138.0	12	1.05	0.95				
	109	1	118.43456210526315	24.36368134736842	0.0	0.0	1	1.026458526041735	-3.314894697800209	138.0	13	1.05	0.95				
	110	1	131.96994063157894	27.070757052631578	0.0	0.0	1	1.05	-4.622106516633593	138.0	13	1.05	0.95				
	111	1	0.0	0.0	0.0	0.0	1	1.0112557985728063	-0.7267422953494542	230.0	13	1.05	0.95				
	112	1	0.0	0.0	0.0	0.0	1	1.0150088913941677	-0.16955646493684562	230.0	13	1.05	0.95				
	113	3	179.34376547368421	36.54552202105263	0.0	0.0	1	1.010113600136452	-9.72199160934191e-31	230.0	14	1.05	0.95				
	114	2	131.29317170526315	26.393988126315787	0.0	0.0	1	1.0124213234235733	1.9506788136490365	230.0	16	1.05	0.95				
	115	2	214.53574964210526	43.313211284210524	0.0	0.0	1	1.0449904210717165	10.259265880892851	230.0	16	1.05	0.95				
	116	2	67.67689263157894	13.535378526315789	0.0	0.0	1	1.0433387379700207	9.747381924818233	230.0	16	1.05	0.95				
	117	1	0.0	0.0	0.0	0.0	1	1.046813185530759	13.112778465228672	230.0	17	1.05	0.95				
	118	2	225.3640524631579	46.02028698947368	0.0	0.0	1	1.0496557025740787	13.663860229706252	230.0	17	1.05	0.95				
	119	1	122.49517566315788	25.04045027368421	0.0	0.0	1	1.037539027467416	8.034579230216137	230.0	15	1.05	0.95				
	120	1	86.62642256842105	17.595992084210526	0.0	0.0	1	1.0386041443516165	7.8230092968530025	230.0	15	1.05	0.95				
	121	2	0.0	0.0	0.0	0.0	1	1.05	14.146162494235492	230.0	17	1.05	0.95				
	122	2	0.0	0.0	0.0	0.0	1	1.05	22.646243368309506	230.0	17	1.05	0.95				
	123	2	0.0	0.0	0.0	0.0	1	1.040835604268989	8.208614788052953	230.0	15	1.05	0.95				
	124	1	0.0	0.0	0.0	0.0	1	1.0222898965328127	6.125927638264058	230.0	16	1.05	0.95				
	201	2	96.83110341473686	19.72485439929825	0.0	0.0	2	1.05	-15.60995399251886	138.0	21	1.05	0.95				
	202	2	86.96867621508773	17.931685817543862	0.0	0.0	2	1.05	-15.676974038229407	138.0	22	1.05	0.95				
	203	1	161.38517235789476	33.173618762456144	0.0	0.0	2	1.0201074753068318	-11.108811489325419	138.0	21	1.05	0.95				
	204	1	66.34723752491229	13.448764363157895	0.0	0.0	2	1.0177388913242065	-17.3908756390299	138.0	21	1.05	0.95				
	205	1	63.65748465228071	12.552180072280702	0.0	0.0	2	1.0363167965633626	-17.96444384493614	138.0	21	1.05	0.95				
	206	1	121.93546355929827	25.104360144561404	0.0	-100.0	2	1.0329634093692923	-20.121085547390635	138.0	22	1.05	0.95				
	207	2	112.07303635964914	22.414607271929825	0.0	0.0	2	0.95	-29.935350984932203	138.0	22	1.05	0.95				
	208	1	153.31591373999998	31.380450180701754	0.0	0.0	2	0.9525082658771116	-27.060227515641664	138.0	22	1.05	0.95				
	209	1	156.9022509035088	32.27703447157894	0.0	0.0	2	1.0205345352687905	-15.180459126716872	138.0	23	1.05	0.95				
	210	1	174.83393672105262	35.863371635087724	0.0	0.0	2	1.0456223605250772	-17.571269567062828	138.0	23	1.05	0.95				
	211	1	0.0	0.0	0.0	0.0	2	1.0297893506317803	-9.674699308828954	230.0	23	1.05	0.95				
	212	1	0.0	0.0	0.0	0.0	2	1.020127330415831	-8.247799118756928	230.0	23	1.05	0.95				
	213	2	237.59483708245614	48.41555170736843	0.0	0.0	2	1.05	-5.225542450655066	230.0	24	1.05	0.95				
	214	2	173.93735243017545	34.96678734421053	0.0	0.0	2	1.05	-7.206229568529488	230.0	26	1.05	0.95				
	215	2	284.2172202080702	57.381394616140355	0.0	0.0	2	1.0418385683433178	2.125374978489132	230.0	26	1.05	0.95				
	216	2	89.6584290877193	17.931685817543862	0.0	0.0	2	1.0466343576342299	1.8767295031115265	230.0	26	1.05	0.95				
	217	1	0.0	0.0	0.0	0.0	2	1.048226804946174	5.424677380865053	230.0	27	1.05	0.95				
	218	2	298.5625688621053	60.967731779649135	0.0	0.0	2	1.0499999921432503	5.890272659563637	230.0	27	1.05	0.95				
	219	1	162.28175664877193	33.173618762456144	0.0	0.0	2	1.0412279314966095	1.258532599024667	230.0	25	1.05	0.95				
	220	1	114.76278923228071	23.31119156280702	0.0	0.0	2	1.044872551468523	2.4001109978078494	230.0	25	1.05	0.95				
	221	2	0.0	0.0	0.0	0.0	2	1.05	6.367904302355739	230.0	27	1.05	0.95				
	222	2	0.0	0.0	0.0	0.0	2	1.05	12.509666184538885	230.0	27	1.05	0.95				
	223	2	0.0	0.0	0.0	0.0	2	1.05	3.674417289834049	230.0	25	1.05	0.95				
	224	1	0.0	0.0	0.0	0.0	2	1.0169516195460413	-2.784051614223252	230.0	26	1.05	0.95				
	301	2	70.39987344000001	14.34071496	0.0	0.0	3	1.013917413990096	-15.93858839765153	138.0	31	1.05	0.95				
	302	2	63.22951596000001	13.0370136	0.0	0.0	3	1.0124597800535255	-16.24777898817434	138.0	32	1.05	0.95				
	303	1	117.33312240000001	24.11847516	0.0	0.0	3	1.04232190882568	-4.376194271940508	138.0	31	1.05	0.95				
	304	1	48.23695032	9.777760200000001	0.0	0.0	3	1.0094164329496285	-14.249138246779083	138.0	31	1.05	0.95				
	305	1	46.28139828	9.125909520000002	0.0	0.0	3	1.0234118809755344	-16.052843009393097	138.0	31	1.05	0.95				
	306	1	88.65169248000001	18.251819040000004	0.0	-100.0	3	1.0349620689108405	-16.831556366009952	138.0	32	1.05	0.95				
	307	2	81.481335	16.296267	0.0	0.0	3	1.0040824055254198	-18.364288258061716	138.0	32	1.05	0.95				
	308	1	111.46646628	22.814773799999998	0.0	0.0	3	1.0005659147047472	-17.734924159158204	138.0	32	1.05	0.95				
	309	1	114.073869	23.46662448	0.0	0.0	3	1.0300149874159932	-9.97076654770854	138.0	33	1.05	0.95				
	310	1	127.11088260000001	26.0740272	0.0	0.0	3	1.05	-14.078191390124081	138.0	33	1.05	0.95				
	311	1	0.0	0.0	0.0	0.0	3	1.0188706995075738	-7.31132647214396	230.0	33	1.05	0.95				
	312	1	0.0	0.0	0.0	0.0	3	1.0192009280198273	-6.684177555696088	230.0	33	1.05	0.95				
	313	2	172.7404302	35.199936720000004	0.0	0.0	3	1.0240860802766878	-3.762847750554664	230.0	34	1.05	0.95				
	314	2	126.45903192000002	25.42217652	0.0	0.0	3	1.026521001289064	-5.701928245241822	230.0	36	1.05	0.95				
	315	2	206.63666556	41.71844352	0.0	0.0	3	1.047075537928623	0.5065915093016259	230.0	36	1.05	0.95				
	316	2	65.185068	13.0370136	0.0	0.0	3	1.0458989117303952	0.5193939975210546	230.0	36	1.05	0.95				
	317	1	0.0	0.0	0.0	0.0	3	1.05	3.7810829938655153	230.0	37	1.05	0.95				
	318	2	217.06627644000002	44.325846240000004	0.0	0.0	3	1.0483355867437167	3.193141288259083	230.0	37	1.05	0.95				
	319	1	117.98497308	24.11847516	0.0	0.0	3	1.039819740882029	-0.8598552318144751	230.0	35	1.05	0.95				
	320	1	83.43688704	16.948117680000003	0.0	0.0	3	1.040157634716678	-0.8328572944215226	230.0	35	1.05	0.95				
	321	2	0.0	0.0	0.0	0.0	3	1.05	4.05670739284038	230.0	37	1.05	0.95				
	322	2	0.0	0.0	0.0	0.0	3	1.05	9.725348559382406	230.0	37	1.05	0.95				
	323	2	0.0	0.0	0.0	0.0	3	1.0419056739595878	-0.33526970168473913	230.0	35	1.05	0.95				
	324	1	0.0	0.0	0.0	0.0	3	1.037970984833773	-1.3249649194149742	230.0	36	1.05	0.95				
	325	1	0.0	0.0	0.0	0.0	3	1.038393272502526	0.8666357531419053	230.0	35	1.05	0.95				
];

%% generator data
%    bus    Pg    Qg    Qmax    Qmin    Vg    mBase    status    Pmax    Pmin    Pc1    Pc2    Qc1min    Qc1max    Qc2min    Qc2max    ramp_agc    ramp_10    ramp_30    ramp_q    apf
