%% MATPOWER Case Format : Version 2
function mpc = RTS_GMLC
mpc.version = '2';

%%-----  Power Flow Data  -----%%
%% system MVA base
mpc.baseMVA = 100.0;
%% bus data
%    bus_i    type    Pd    Qd    Gs    Bs    area    Vm    Va    baseKV    zone    Vmax    Vmin
mpc.bus = [
	101	2	88.32112813894739	17.991340917192986	0.0	0.0	1	1.0477372602823538	0.5814806197144963	138.0	11	1.05	0.95				
	102	2	79.32545768035088	16.35576447017544	0.0	0.0	1	1.0475266397255567	0.4139815615292195	138.0	12	1.05	0.95				
	103	1	147.20188023157897	30.25816426982456	0.0	0.0	1	1.0257131705129365	-1.1889566051308216	138.0	11	1.05	0.95				
	104	1	60.51632853964912	12.26682335263158	0.0	0.0	1	1.0241073920280845	-3.4643618983355045	138.0	11	1.05	0.95				
	105	1	58.06296386912281	11.449035129122809	0.0	0.0	1	1.0369198391382273	-3.923130667706782	138.0	11	1.05	0.95				
	106	1	111.21919839719301	22.898070258245617	0.0	-100.0	1	1.0366589393665107	-7.207037400483691	138.0	12	1.05	0.95				
	107	2	102.2235279385965	20.4447055877193	0.0	0.0	1	1.05	-7.094071781645154	138.0	12	1.05	0.95				
	108	1	139.84178622000002	28.622587822807017	0.0	0.0	1	1.0235861182040482	-8.821596929190104	138.0	12	1.05	0.95				
	109	1	143.1129391140351	29.44037604631579	0.0	0.0	1	1.0272930366524147	-4.453286394833124	138.0	13	1.05	0.95				
	110	1	159.46870358421054	32.71152894035088	0.0	0.0	1	1.05	-5.9933019316166956	138.0	13	1.05	0.95				
	111	1	0.0	0.0	0.0	0.0	1	1.0145265689504375	-1.8132688806412458	230.0	13	1.05	0.95				
	112	1	0.0	0.0	0.0	0.0	1	1.0177924498669244	-1.0804085717608511	230.0	13	1.05	0.95				
	113	3	216.71387922982456	44.16056406947369	0.0	0.0	1	1.0172289266591747	6.974272342179032e-32	230.0	14	1.05	0.95				
	114	2	158.65091536070176	31.89374071684211	0.0	0.0	1	1.0155883920578268	0.0535175887267271	230.0	16	1.05	0.95				
	115	2	259.2388668522807	52.338446304561415	0.0	0.0	1	1.044113118822814	8.496035368881227	230.0	16	1.05	0.95				
	116	2	81.7788223508772	16.35576447017544	0.0	0.0	1	1.0424208869173908	7.6443346901396465	230.0	16	1.05	0.95				
	117	1	0.0	0.0	0.0	0.0	1	1.0460043569597046	10.844703197789425	230.0	17	1.05	0.95				
	118	2	272.3234784284211	55.609599198596506	0.0	0.0	1	1.0481304725718885	11.51676080700259	230.0	17	1.05	0.95				
	119	1	148.01966845508773	30.25816426982456	0.0	0.0	1	1.036337178264606	6.096524614072024	230.0	15	1.05	0.95				
	120	1	104.67689260912283	21.262493811228072	0.0	0.0	1	1.0375745991996141	5.795590547914386	230.0	15	1.05	0.95				
	121	2	0.0	0.0	0.0	0.0	1	1.05	13.201234584203762	230.0	17	1.05	0.95				
	122	2	0.0	0.0	0.0	0.0	1	1.05	18.790407176557927	230.0	17	1.05	0.95				
	123	2	0.0	0.0	0.0	0.0	1	1.0405562976679146	6.23528400125186	230.0	15	1.05	0.95				
	124	1	0.0	0.0	0.0	0.0	1	1.0250687777790615	4.898312946409184	230.0	16	1.05	0.95				
	201	2	97.57909648421054	19.87722335789474	0.0	0.0	2	1.05	-18.23566911194571	138.0	21	1.05	0.95				
	202	2	87.64048480526316	18.07020305263158	0.0	0.0	2	1.05	-18.3570965577726	138.0	22	1.05	0.95				
	203	1	162.6318274736842	33.429875647368426	0.0	0.0	2	1.0208734594493323	-12.887343997574282	138.0	21	1.05	0.95				
	204	1	66.85975129473685	13.552652289473684	0.0	0.0	2	1.0181223448930299	-19.1613584162482	138.0	21	1.05	0.95				
	205	1	64.1492208368421	12.649142136842107	0.0	0.0	2	1.036739745102854	-19.82529667780351	138.0	21	1.05	0.95				
	206	1	122.87738075789474	25.298284273684214	0.0	-100.0	2	1.0336399958442104	-21.577980871193482	138.0	22	1.05	0.95				
	207	2	112.93876907894737	22.587753815789473	0.0	0.0	2	0.95	-31.00459934180926	138.0	22	1.05	0.95				
	208	1	154.50023610000002	31.62285534210526	0.0	0.0	2	0.9526584872012912	-28.123844673322267	138.0	22	1.05	0.95				
	209	1	158.11427671052633	32.526365494736844	0.0	0.0	2	1.021799302183943	-16.161156596877245	138.0	23	1.05	0.95				
	210	1	176.1844797631579	36.14040610526316	0.0	0.0	2	1.0464066976427304	-18.617189532616905	138.0	23	1.05	0.95				
	211	1	0.0	0.0	0.0	0.0	2	1.030448207446473	-10.8638057404787	230.0	23	1.05	0.95				
	212	1	0.0	0.0	0.0	0.0	2	1.021875469622588	-7.754093779313769	230.0	23	1.05	0.95				
	213	2	239.4301904473684	48.78954824210527	0.0	0.0	2	1.05	-6.648847998793171	230.0	24	1.05	0.95				
	214	2	175.2809696105263	35.23689595263158	0.0	0.0	2	1.05	-8.349369467970496	230.0	26	1.05	0.95				
	215	2	286.41271838421056	57.824649768421054	0.0	0.0	2	1.0423661539906757	0.9850388095352897	230.0	26	1.05	0.95				
	216	2	90.35101526315789	18.07020305263158	0.0	0.0	2	1.046849743114617	0.8345717755412965	230.0	26	1.05	0.95				
	217	1	0.0	0.0	0.0	0.0	2	1.0483987184761565	4.170853792537579	230.0	27	1.05	0.95				
	218	2	300.8688808263158	61.43869037894737	0.0	0.0	2	1.05	4.654376444073287	230.0	27	1.05	0.95				
	219	1	163.5353376263158	33.429875647368426	0.0	0.0	2	1.0411594774057107	0.5849524661264722	230.0	25	1.05	0.95				
	220	1	115.64929953684211	23.491263968421052	0.0	0.0	2	1.0447010496486533	2.0605153850688924	230.0	25	1.05	0.95				
	221	2	0.0	0.0	0.0	0.0	2	1.05	5.163188621603635	230.0	27	1.05	0.95				
	222	2	0.0	0.0	0.0	0.0	2	1.05	11.28569707615719	230.0	27	1.05	0.95				
	223	2	0.0	0.0	0.0	0.0	2	1.05	3.522229913802737	230.0	25	1.05	0.95				
	224	1	0.0	0.0	0.0	0.0	2	1.0166304742875756	-4.163201206100776	230.0	26	1.05	0.95				
	301	2	68.1619740631579	13.884846568421052	0.0	0.0	3	0.9956302189202967	3.54929129730574	138.0	31	1.05	0.95				
	302	2	61.21955077894737	12.622587789473686	0.0	0.0	3	0.9961724562401496	3.501904224477355	138.0	32	1.05	0.95				
	303	1	113.60329010526317	23.351787410526317	0.0	0.0	3	1.0146639871525978	6.793360946174734	138.0	31	1.05	0.95				
	304	1	46.703574821052634	9.466940842105263	0.0	0.0	3	1.0007660752702778	5.721311471310959	138.0	31	1.05	0.95				
	305	1	44.81018665263158	8.83581145263158	0.0	0.0	3	1.0128786480492564	5.656923500374963	138.0	31	1.05	0.95				
	306	1	85.83359696842106	17.67162290526316	0.0	-100.0	3	1.030953159128082	6.1259599958064355	138.0	32	1.05	0.95				
	307	2	78.89117368421053	15.778234736842107	0.0	0.0	3	0.9898191210383049	2.3839375628800994	138.0	32	1.05	0.95				
	308	1	107.92312560000002	22.089528631578947	0.0	0.0	3	1.00008380196102	5.226383792791578	138.0	32	1.05	0.95				
	309	1	110.44764315789475	22.720658021052632	0.0	0.0	3	1.0273412041567636	10.098495647774177	138.0	33	1.05	0.95				
	310	1	123.07023094736842	25.24517557894737	0.0	0.0	3	1.05	9.77267742997386	138.0	33	1.05	0.95				
	311	1	0.0	0.0	0.0	0.0	3	1.018175573917383	16.399079567260085	230.0	33	1.05	0.95				
	312	1	0.0	0.0	0.0	0.0	3	1.0232148914943644	17.634697700526704	230.0	33	1.05	0.95				
	313	2	167.24928821052632	34.08098703157895	0.0	0.0	3	1.0457586113576867	24.884431199090198	230.0	34	1.05	0.95				
	314	2	122.43910155789474	24.614046189473687	0.0	0.0	3	1.0206510513392166	15.238335727811906	230.0	36	1.05	0.95				
	315	2	200.0680164631579	40.39228092631579	0.0	0.0	3	1.0378384020878875	10.494351881171955	230.0	36	1.05	0.95				
	316	2	63.11293894736843	12.622587789473686	0.0	0.0	3	1.0391790500348714	11.937729445610211	230.0	36	1.05	0.95				
	317	1	0.0	0.0	0.0	0.0	3	1.0427855899731127	10.826901187140052	230.0	37	1.05	0.95				
	318	2	210.16608669473683	42.91679848421053	0.0	0.0	3	1.0418601398361087	9.662524328090203	230.0	37	1.05	0.95				
	319	1	114.23441949473685	23.351787410526317	0.0	0.0	3	1.0381199338279457	14.142128518550471	230.0	35	1.05	0.95				
	320	1	80.78456185263158	16.40936412631579	0.0	0.0	3	1.0400258839985905	15.866507644513995	230.0	35	1.05	0.95				
	321	2	0.0	0.0	0.0	0.0	3	1.0423927279063077	10.81007808697972	230.0	37	1.05	0.95				
	322	2	0.0	0.0	0.0	0.0	3	1.05	15.141260968759191	230.0	37	1.05	0.95				
	323	2	0.0	0.0	0.0	0.0	3	1.0414490751448773	16.63626179566584	230.0	35	1.05	0.95				
	324	1	0.0	0.0	0.0	0.0	3	1.0252986104975925	11.029147505246511	230.0	36	1.05	0.95				
	325	1	0.0	0.0	0.0	0.0	3	1.0434911679314542	16.34941125687583	230.0	35	1.05	0.95				
];
