%% MATPOWER Case Format : Version 2
function mpc = RTS_GMLC
mpc.version = '2';

%%-----  Power Flow Data  -----%%
%% system MVA base
mpc.baseMVA = 100.0;
%% bus data
%    bus_i    type    Pd    Qd    Gs    Bs    area    Vm    Va    baseKV    zone    Vmax    Vmin
mpc.bus = [
	101	2	93.10390897263157	18.965611087017543	0.0	0.0	1	1.041946816889724	-2.5258382329570486	138.0	11	1.05	0.95				
	102	2	83.6211034291228	17.241464624561402	0.0	0.0	1	1.0419670611848253	-2.614156503935892	138.0	12	1.05	0.95				
	103	1	155.17318162105263	31.896709555438598	0.0	0.0	1	1.0195917442057427	-3.10000491987475	138.0	11	1.05	0.95				
	104	1	63.793419110877196	12.931098468421052	0.0	0.0	1	1.020320296395275	-5.764001512173245	138.0	11	1.05	0.95				
	105	1	61.20719941719297	12.069025237192983	0.0	0.0	1	1.0340954372757647	-6.241495624888732	138.0	11	1.05	0.95				
	106	1	117.24195944701754	24.138050474385967	0.0	-100.0	1	1.0346500916910353	-9.101486758015684	138.0	12	1.05	0.95				
	107	2	107.75915390350876	21.551830780701753	0.0	0.0	1	1.05	-7.247002519495496	138.0	12	1.05	0.95				
	108	1	147.41452253999998	30.17256309298245	0.0	0.0	1	1.0222870991819177	-9.586453640497522	138.0	12	1.05	0.95				
	109	1	150.86281546491227	31.034636324210524	0.0	0.0	1	1.0270951458552864	-5.663033009162843	138.0	13	1.05	0.95				
	110	1	168.10428008947366	34.482929249122805	0.0	0.0	1	1.05	-7.331527308081032	138.0	13	1.05	0.95				
	111	1	0.0	0.0	0.0	0.0	1	1.0180590152864606	-2.295777191052472	230.0	13	1.05	0.95				
	112	1	0.0	0.0	0.0	0.0	1	1.0189196453130962	-1.4438062758604093	230.0	13	1.05	0.95				
	113	3	228.44940627543858	46.551954486315786	0.0	0.0	1	1.0224813300510802	2.5793582611710953e-28	230.0	14	1.05	0.95				
	114	2	167.2422068582456	33.62085601789474	0.0	0.0	1	1.0240499054442416	-0.11208248019318097	230.0	16	1.05	0.95				
	115	2	273.27721429929824	55.172686798596494	0.0	0.0	1	1.0433243040358064	8.828717815508156	230.0	16	1.05	0.95				
	116	2	86.20732312280701	17.241464624561402	0.0	0.0	1	1.043766970149016	8.236448144926811	230.0	16	1.05	0.95				
	117	1	0.0	0.0	0.0	0.0	1	1.0471739422805864	11.928722443305638	230.0	17	1.05	0.95				
	118	2	287.07038599894736	58.62097972350877	0.0	0.0	1	1.05	12.796404249739396	230.0	17	1.05	0.95				
	119	1	156.0352548522807	31.896709555438598	0.0	0.0	1	1.038825293721142	6.596777734938791	230.0	15	1.05	0.95				
	120	1	110.34537359719299	22.413904011929827	0.0	0.0	1	1.0421053427211684	6.529977520042669	230.0	15	1.05	0.95				
	121	2	0.0	0.0	0.0	0.0	1	1.05	13.706764566320135	230.0	17	1.05	0.95				
	122	2	0.0	0.0	0.0	0.0	1	1.05	20.393710982480407	230.0	17	1.05	0.95				
	123	2	0.0	0.0	0.0	0.0	1	1.0464364375764756	7.123476859054113	230.0	15	1.05	0.95				
	124	1	0.0	0.0	0.0	0.0	1	1.0194771879946236	4.414173941862749	230.0	16	1.05	0.95				
	201	2	99.73807650947369	20.317015585263157	0.0	0.0	2	1.05	-16.29050104401883	138.0	21	1.05	0.95				
	202	2	89.57956871684209	18.470014168421052	0.0	0.0	2	1.05	-16.345652979552096	138.0	22	1.05	0.95				
	203	1	166.23012751578946	34.16952621157894	0.0	0.0	2	1.0203756046694294	-12.068293274914682	138.0	21	1.05	0.95				
	204	1	68.33905242315788	13.852510626315789	0.0	0.0	2	1.0165822712187587	-17.89686025997421	138.0	21	1.05	0.95				
	205	1	65.56855029789473	12.929009917894737	0.0	0.0	2	1.0349471408722135	-18.459683580506752	138.0	21	1.05	0.95				
	206	1	125.59609634526316	25.858019835789474	0.0	-100.0	2	1.0305580632953972	-20.53895962211241	138.0	22	1.05	0.95				
	207	2	115.43758855263158	23.087517710526313	0.0	0.0	2	0.95	-29.71373933893731	138.0	22	1.05	0.95				
	208	1	157.91862114	32.32252479473684	0.0	0.0	2	0.9513840234963523	-27.144085782966567	138.0	22	1.05	0.95				
	209	1	161.6126239736842	33.246025503157895	0.0	0.0	2	1.0195243060252384	-15.434365430940133	138.0	23	1.05	0.95				
	210	1	180.08263814210525	36.940028336842104	0.0	0.0	2	1.0435320106667514	-17.784195003998775	138.0	23	1.05	0.95				
	211	1	0.0	0.0	0.0	0.0	2	1.0287207200441066	-9.609945817749907	230.0	23	1.05	0.95				
	212	1	0.0	0.0	0.0	0.0	2	1.0179675776476864	-7.990466658292158	230.0	23	1.05	0.95				
	213	2	244.72768773157892	49.86903825473684	0.0	0.0	2	1.05	-4.806939847128322	230.0	24	1.05	0.95				
	214	2	179.15913743368418	36.01652762842105	0.0	0.0	2	1.05	-7.181168628744537	230.0	26	1.05	0.95				
	215	2	292.7497245694737	59.104045338947365	0.0	0.0	2	1.043501003961094	2.242889345929856	230.0	26	1.05	0.95				
	216	2	92.35007084210525	18.470014168421052	0.0	0.0	2	1.047491267148203	2.0064263878162194	230.0	26	1.05	0.95				
	217	1	0.0	0.0	0.0	0.0	2	1.0492146961547049	5.284929880970535	230.0	27	1.05	0.95				
	218	2	307.5257359042105	62.79804817263158	0.0	0.0	2	1.05	5.7749214650855665	230.0	27	1.05	0.95				
	219	1	167.1536282242105	34.16952621157894	0.0	0.0	2	1.0413316753730748	1.714416920235063	230.0	25	1.05	0.95				
	220	1	118.20809067789473	24.01101841894737	0.0	0.0	2	1.044698918946382	3.189661780686584	230.0	25	1.05	0.95				
	221	2	0.0	0.0	0.0	0.0	2	1.05	6.32980615481939	230.0	27	1.05	0.95				
	222	2	0.0	0.0	0.0	0.0	2	1.05	12.431816601831883	230.0	27	1.05	0.95				
	223	2	0.0	0.0	0.0	0.0	2	1.05	4.665695023149989	230.0	25	1.05	0.95				
	224	1	0.0	0.0	0.0	0.0	2	1.0164849015739001	-3.060998114555218	230.0	26	1.05	0.95				
	301	2	82.2214489263158	16.748813670175437	0.0	0.0	3	1.0039675382194422	-6.91689400948845	138.0	31	1.05	0.95				
	302	2	73.84704209122806	15.226194245614035	0.0	0.0	3	1.0044548404690343	-7.206676067996113	138.0	32	1.05	0.95				
	303	1	137.03574821052632	28.168459354385966	0.0	0.0	3	1.0112517511562502	-1.5041426293813942	138.0	31	1.05	0.95				
	304	1	56.33691870877193	11.419645684210526	0.0	0.0	3	0.995765175358403	-5.275831933698825	138.0	31	1.05	0.95				
	305	1	54.05298957192982	10.658335971929827	0.0	0.0	3	1.010107886077331	-5.478357884594319	138.0	31	1.05	0.95				
	306	1	103.53812087017545	21.316671943859653	0.0	-100.0	3	1.020376948740401	-5.521607949213569	138.0	32	1.05	0.95				
	307	2	95.16371403508772	19.032742807017545	0.0	0.0	3	0.9888818757935721	-7.806554696786244	138.0	32	1.05	0.95				
	308	1	130.18396080000002	26.64583992982456	0.0	0.0	3	0.9881564895373338	-6.40512503140288	138.0	32	1.05	0.95				
	309	1	133.22919964912282	27.40714964210526	0.0	0.0	3	1.0166032066235686	-0.5199063145158435	138.0	33	1.05	0.95				
	310	1	148.45539389473683	30.45238849122807	0.0	0.0	3	1.0388131459075056	-1.5425103240808071	138.0	33	1.05	0.95				
	311	1	0.0	0.0	0.0	0.0	3	1.009024944686226	6.053560412626764	230.0	33	1.05	0.95				
	312	1	0.0	0.0	0.0	0.0	3	1.0114833240877525	7.048636475557765	230.0	33	1.05	0.95				
	313	2	201.74707375438595	41.1107244631579	0.0	0.0	3	1.031259030062768	13.163962128470247	230.0	34	1.05	0.95				
	314	2	147.69408418245612	29.69107877894737	0.0	0.0	3	1.0166367295526788	6.736114378878965	230.0	36	1.05	0.95				
	315	2	241.33517879298245	48.72382158596491	0.0	0.0	3	1.039158010116061	6.4271338055412235	230.0	36	1.05	0.95				
	316	2	76.13097122807018	15.226194245614035	0.0	0.0	3	1.0370046053542719	7.276080464948803	230.0	36	1.05	0.95				
	317	1	0.0	0.0	0.0	0.0	3	1.0433025435467556	8.430541100538292	230.0	37	1.05	0.95				
	318	2	253.5161341894737	51.769060435087724	0.0	0.0	3	1.04307732365712	7.603006199202248	230.0	37	1.05	0.95				
	319	1	137.79705792280703	28.168459354385966	0.0	0.0	3	1.0327344240781005	8.278810491180614	230.0	35	1.05	0.95				
	320	1	97.44764317192983	19.794052519298248	0.0	0.0	3	1.0328061521533232	9.279501835489123	230.0	35	1.05	0.95				
	321	2	0.0	0.0	0.0	0.0	3	1.045508346657518	8.944861499054989	230.0	37	1.05	0.95				
	322	2	0.0	0.0	0.0	0.0	3	1.05	14.51075308811692	230.0	37	1.05	0.95				
	323	2	0.0	0.0	0.0	0.0	3	1.0336530035492477	9.794787512290704	230.0	35	1.05	0.95				
	324	1	0.0	0.0	0.0	0.0	3	1.0209653586640157	5.297992405632179	230.0	36	1.05	0.95				
	325	1	0.0	0.0	0.0	0.0	3	1.035022905909145	10.134312795057623	230.0	35	1.05	0.95				
];
