%% MATPOWER Case Format : Version 2
function mpc = RTS_GMLC
mpc.version = '2';

%%-----  Power Flow Data  -----%%
%% system MVA base
mpc.baseMVA = 100.0;
%% bus data
%    bus_i    type    Pd    Qd    Gs    Bs    area    Vm    Va    baseKV    zone    Vmax    Vmin
mpc.bus = [
	101	2	69.45719941894737	14.148688770526316	0.0	0.0	1	1.0488958382020632	0.4761382104858173	138.0	11	1.05	0.95				
	102	2	62.3828550336842	12.862444336842104	0.0	0.0	1	1.0482835116021798	0.2596362647466311	138.0	12	1.05	0.95				
	103	1	115.76199903157895	23.795522023157893	0.0	0.0	1	1.0264504950485993	-2.0285662150643713	138.0	11	1.05	0.95				
	104	1	47.59104404631579	9.646833252631579	0.0	0.0	1	1.0264766373135825	-3.285349662383695	138.0	11	1.05	0.95				
	105	1	45.66167739578947	9.003711035789475	0.0	0.0	1	1.0402384326016778	-3.520284581039194	138.0	11	1.05	0.95				
	106	1	87.46462149052631	18.00742207157895	0.0	-100.0	1	1.0423807089779478	-6.396749533556098	138.0	12	1.05	0.95				
	107	2	80.39027710526315	16.078055421052632	0.0	0.0	1	1.0064778939834274	-11.353166424315528	138.0	12	1.05	0.95				
	108	1	109.97389908	22.50927758947368	0.0	0.0	1	1.0015359290393269	-10.719734136735253	138.0	12	1.05	0.95				
	109	1	112.54638794736842	23.15239980631579	0.0	0.0	1	1.0254207474323882	-4.528341311979413	138.0	13	1.05	0.95				
	110	1	125.40883228421052	25.72488867368421	0.0	0.0	1	1.05	-5.622373452229476	138.0	13	1.05	0.95				
	111	1	0.0	0.0	0.0	0.0	1	1.0102618358273452	-1.9016293765578844	230.0	13	1.05	0.95				
	112	1	0.0	0.0	0.0	0.0	1	1.0134011665121856	-1.313009826703602	230.0	13	1.05	0.95				
	113	3	170.42738746315788	34.728599709473684	0.0	0.0	1	1.0093977913050916	-3.915290294085404e-28	230.0	14	1.05	0.95				
	114	2	124.7657100673684	25.081766456842104	0.0	0.0	1	1.0102905493585501	-0.31347586782103765	230.0	16	1.05	0.95				
	115	2	203.86974273894737	41.159821877894736	0.0	0.0	1	1.0397397315185766	6.563634175133715	230.0	16	1.05	0.95				
	116	2	64.31222168421053	12.862444336842104	0.0	0.0	1	1.0364288379211193	5.823716757981018	230.0	16	1.05	0.95				
	117	1	0.0	0.0	0.0	0.0	1	1.0416223082541436	8.511975789225087	230.0	17	1.05	0.95				
	118	2	214.15969820842108	43.732310745263156	0.0	0.0	1	1.043544928375871	8.92349634644315	230.0	17	1.05	0.95				
	119	1	116.40512124842107	23.795522023157893	0.0	0.0	1	1.0292542737195483	4.366970792475229	230.0	15	1.05	0.95				
	120	1	82.31964375578947	16.721177637894737	0.0	0.0	1	1.02866225302834	4.328692719617981	230.0	15	1.05	0.95				
	121	2	0.0	0.0	0.0	0.0	1	1.046519239612388	10.612417576287433	230.0	17	1.05	0.95				
	122	2	0.0	0.0	0.0	0.0	1	1.05	16.296446780295224	230.0	17	1.05	0.95				
	123	2	0.0	0.0	0.0	0.0	1	1.029894995346306	4.795065689843915	230.0	15	1.05	0.95				
	124	1	0.0	0.0	0.0	0.0	1	1.0239014488497489	3.3579675928977024	230.0	16	1.05	0.95				
	201	2	65.34739493052632	13.311506374736842	0.0	0.0	2	1.03061534413142	-9.905396353566914	138.0	21	1.05	0.95				
	202	2	58.691641743157895	12.101369431578949	0.0	0.0	2	1.0310436942689596	-9.872013432120307	138.0	22	1.05	0.95				
	203	1	108.91232488421055	22.387533448421053	0.0	0.0	2	1.0181601480537816	-9.269829668733168	138.0	21	1.05	0.95				
	204	1	44.775066896842105	9.07602707368421	0.0	0.0	2	1.0173695684201471	-11.608613483092261	138.0	21	1.05	0.95				
	205	1	42.95986148210526	8.470958602105265	0.0	0.0	2	1.032692606762293	-11.808731283111088	138.0	21	1.05	0.95				
	206	1	82.28931213473685	16.94191720421053	0.0	-100.0	2	1.040575448844077	-13.433850605711918	138.0	22	1.05	0.95				
	207	2	75.63355894736843	15.126711789473685	0.0	0.0	2	0.990123930552436	-22.473341177402364	138.0	22	1.05	0.95				
	208	1	103.46670864000001	21.177396505263157	0.0	0.0	2	0.9895758814880491	-19.560822767683124	138.0	22	1.05	0.95				
	209	1	105.88698252631579	21.782464976842107	0.0	0.0	2	1.0246157878227882	-10.566996420839269	138.0	23	1.05	0.95				
	210	1	117.98835195789475	24.202738863157897	0.0	0.0	2	1.05	-11.818950167958565	138.0	23	1.05	0.95				
	211	1	0.0	0.0	0.0	0.0	2	1.0140342323890388	-7.06567364716641	230.0	23	1.05	0.95				
	212	1	0.0	0.0	0.0	0.0	2	1.0153409977147798	-4.334177774300415	230.0	23	1.05	0.95				
	213	2	160.34314496842106	32.67369746526316	0.0	0.0	2	1.0150975964193774	-5.009163673282093	230.0	24	1.05	0.95				
	214	2	117.38328348631579	23.597670391578948	0.0	0.0	2	1.0198073492770572	-4.7150773831159665	230.0	26	1.05	0.95				
	215	2	191.80670549052633	38.72438218105263	0.0	0.0	2	1.0356475514334622	2.3202743070612533	230.0	26	1.05	0.95				
	216	2	60.50684715789474	12.101369431578949	0.0	0.0	2	1.036529945177677	2.309493236818075	230.0	26	1.05	0.95				
	217	1	0.0	0.0	0.0	0.0	2	1.039723798348756	4.441575632942388	230.0	27	1.05	0.95				
	218	2	201.4878010357895	41.14465606736842	0.0	0.0	2	1.0403203878269545	4.654556356591227	230.0	27	1.05	0.95				
	219	1	109.51739335578947	22.387533448421053	0.0	0.0	2	1.035608990240739	2.441492743013859	230.0	25	1.05	0.95				
	220	1	77.44876436210527	15.731780261052632	0.0	0.0	2	1.0397942961257545	3.7067055039783714	230.0	25	1.05	0.95				
	221	2	0.0	0.0	0.0	0.0	2	1.0408253935054659	4.641549308291988	230.0	27	1.05	0.95				
	222	2	0.0	0.0	0.0	0.0	2	1.05	11.06615500815266	230.0	27	1.05	0.95				
	223	2	0.0	0.0	0.0	0.0	2	1.043891221814135	4.84482808797147	230.0	25	1.05	0.95				
	224	1	0.0	0.0	0.0	0.0	2	1.0146837854724842	-1.9934000385610606	230.0	26	1.05	0.95				
	301	2	55.12749131368422	11.229674156491228	0.0	0.0	3	1.003949355665054	0.4441780762370239	138.0	31	1.05	0.95				
	302	2	49.512654235438596	10.208794687719298	0.0	0.0	3	1.0034770843569274	0.33060933572855566	138.0	32	1.05	0.95				
	303	1	91.87915218947369	18.8862701722807	0.0	0.0	3	1.026688627426171	5.858309831471666	138.0	31	1.05	0.95				
	304	1	37.7725403445614	7.656596015789472	0.0	0.0	3	1.0070990235030362	1.9282266489564364	138.0	31	1.05	0.95				
	305	1	36.24122114140351	7.14615628140351	0.0	0.0	3	1.0199173954683651	1.4420660679019672	138.0	31	1.05	0.95				
	306	1	69.41980387649124	14.29231256280702	0.0	-100.0	3	1.0368376427165353	1.4091468949023098	138.0	32	1.05	0.95				
	307	2	63.80496679824561	12.760993359649122	0.0	0.0	3	0.9939768601429095	-2.824029840735946	138.0	32	1.05	0.95				
	308	1	87.28519458	17.865390703508773	0.0	0.0	3	1.0014421382693486	-0.5289684336391695	138.0	32	1.05	0.95				
	309	1	89.32695351754386	18.375830437894734	0.0	0.0	3	1.0269617696737	5.3171118143709855	138.0	33	1.05	0.95				
	310	1	99.53574820526315	20.417589375438595	0.0	0.0	3	1.05	4.077622418875228	138.0	33	1.05	0.95				
	311	1	0.0	0.0	0.0	0.0	3	1.0097331074275124	9.627491382286902	230.0	33	1.05	0.95				
	312	1	0.0	0.0	0.0	0.0	3	1.014441715065521	10.234128767392718	230.0	33	1.05	0.95				
	313	2	135.2665296122807	27.56374565684211	0.0	0.0	3	1.0189160079160111	15.104585358861462	230.0	34	1.05	0.95				
	314	2	99.02530847087719	19.907149641052634	0.0	0.0	3	1.008413346081617	9.815953223606899	230.0	36	1.05	0.95				
	315	2	161.80939580035087	32.668143000701754	0.0	0.0	3	1.0296826442041467	8.354993599778144	230.0	36	1.05	0.95				
	316	2	51.04397343859649	10.208794687719298	0.0	0.0	3	1.028355390405886	9.082526673907026	230.0	36	1.05	0.95				
	317	1	0.0	0.0	0.0	0.0	3	1.0370134731494303	9.940687294300632	230.0	37	1.05	0.95				
	318	2	169.9764315505263	34.70990193824562	0.0	0.0	3	1.03538127683051	8.657654656814538	230.0	37	1.05	0.95				
	319	1	92.38959192385965	18.8862701722807	0.0	0.0	3	1.0250769185554789	9.75929159662382	230.0	35	1.05	0.95				
	320	1	65.33628600140351	13.271433094035087	0.0	0.0	3	1.024415748909841	10.60243018790371	230.0	35	1.05	0.95				
	321	2	0.0	0.0	0.0	0.0	3	1.0355045846058044	9.132630277438459	230.0	37	1.05	0.95				
	322	2	0.0	0.0	0.0	0.0	3	1.0494676884337866	13.760937434994196	230.0	37	1.05	0.95				
	323	2	0.0	0.0	0.0	0.0	3	1.024025922954925	10.995797676078054	230.0	35	1.05	0.95				
	324	1	0.0	0.0	0.0	0.0	3	1.0253949278550727	9.068619698581902	230.0	36	1.05	0.95				
	325	1	0.0	0.0	0.0	0.0	3	1.0268355056461014	10.974426807863388	230.0	35	1.05	0.95				
];
