%% MATPOWER Case Format : Version 2
function mpc = RTS_GMLC
mpc.version = '2';

%%-----  Power Flow Data  -----%%
%% system MVA base
mpc.baseMVA = 100.0;
%% bus data
%    bus_i    type    Pd    Qd    Gs    Bs    area    Vm    Va    baseKV    zone    Vmax    Vmin
mpc.bus = [
	101	2	98.94210786947369	20.15487382526316	0.0	0.0	1	1.048175277601226	-2.0602047567183686	138.0	11	1.05	0.95				
	102	2	88.8646709568421	18.322612568421054	0.0	0.0	1	1.0479223298872613	-2.2249497346120632	138.0	12	1.05	0.95				
	103	1	164.90351311578948	33.89683325157895	0.0	0.0	1	1.02019440188215	-3.019876943351938	138.0	11	1.05	0.95				
	104	1	67.7936665031579	13.74195942631579	0.0	0.0	1	1.0225730032485165	-5.586143508958741	138.0	11	1.05	0.95				
	105	1	65.04527461789473	12.82582879789474	0.0	0.0	1	1.0363091456082223	-6.111310502680087	138.0	11	1.05	0.95				
	106	1	124.59376546526317	25.65165759578948	0.0	-100.0	1	1.0342618114402786	-9.228128061008826	138.0	12	1.05	0.95				
	107	2	114.51632855263159	22.903265710526316	0.0	0.0	1	1.05	-6.377253818860659	138.0	12	1.05	0.95				
	108	1	156.65833745999998	32.06457199473684	0.0	0.0	1	1.0206760950542106	-9.273279812226939	138.0	12	1.05	0.95				
	109	1	160.32285997368422	32.980702623157896	0.0	0.0	1	1.0273156520089686	-5.682779793723959	138.0	13	1.05	0.95				
	110	1	178.64547254210527	36.64522513684211	0.0	0.0	1	1.05	-7.406836406551172	138.0	13	1.05	0.95				
	111	1	0.0	0.0	0.0	0.0	1	1.0200753169046999	-2.3787774792051404	230.0	13	1.05	0.95				
	112	1	0.0	0.0	0.0	0.0	1	1.019763856310185	-1.372630003014801	230.0	13	1.05	0.95				
	113	3	242.77461653157894	49.471053934736844	0.0	0.0	1	1.024820833475294	1.0432321291875861e-28	230.0	14	1.05	0.95				
	114	2	177.7293419136842	35.729094508421056	0.0	0.0	1	1.02757281767411	-0.32372458827911477	230.0	16	1.05	0.95				
	115	2	290.4134092094737	58.63236021894737	0.0	0.0	1	1.0429716998359058	8.632458730638254	230.0	16	1.05	0.95				
	116	2	91.61306284210526	18.322612568421054	0.0	0.0	1	1.0436900449509232	8.204588247405347	230.0	16	1.05	0.95				
	117	1	0.0	0.0	0.0	0.0	1	1.0464042128425615	12.105682207558704	230.0	17	1.05	0.95				
	118	2	305.07149926421056	62.29688273263159	0.0	0.0	1	1.05	12.715394911509309	230.0	17	1.05	0.95				
	119	1	165.81964374421054	33.89683325157895	0.0	0.0	1	1.0390817419161424	6.751597559664632	230.0	15	1.05	0.95				
	120	1	117.26472043789474	23.819396338947367	0.0	0.0	1	1.0429602641425169	6.853669968741035	230.0	15	1.05	0.95				
	121	2	0.0	0.0	0.0	0.0	1	1.05	13.444941141909263	230.0	17	1.05	0.95				
	122	2	0.0	0.0	0.0	0.0	1	1.05	23.380028728029128	230.0	17	1.05	0.95				
	123	2	0.0	0.0	0.0	0.0	1	1.0479109262543462	7.576655930034996	230.0	15	1.05	0.95				
	124	1	0.0	0.0	0.0	0.0	1	1.0198522387653228	4.3169379283704545	230.0	16	1.05	0.95				
	201	2	101.14906342736842	20.60443884631579	0.0	0.0	2	1.05	-11.185240774915378	138.0	21	1.05	0.95				
	202	2	90.84684400421052	18.731308042105265	0.0	0.0	2	1.05	-11.19068964045513	138.0	22	1.05	0.95				
	203	1	168.5817723789474	34.65291987789474	0.0	0.0	2	1.0236500342196548	-8.613732804878548	138.0	21	1.05	0.95				
	204	1	69.30583975578948	14.048481031578946	0.0	0.0	2	1.0185915852473828	-12.564615834586702	138.0	21	1.05	0.95				
	205	1	66.49614354947369	13.111915629473685	0.0	0.0	2	1.0360517043267061	-12.994753290822095	138.0	21	1.05	0.95				
	206	1	127.3728946863158	26.22383125894737	0.0	-100.0	2	1.0322282378635468	-14.869571507161478	138.0	22	1.05	0.95				
	207	2	117.07067526315788	23.41413505263158	0.0	0.0	2	0.95	-24.301053403749332	138.0	22	1.05	0.95				
	208	1	160.15268376	32.779789073684206	0.0	0.0	2	0.9521212947670196	-21.63289381411194	138.0	22	1.05	0.95				
	209	1	163.89894536842107	33.71635447578947	0.0	0.0	2	1.0236471461386392	-9.9178542141153	138.0	23	1.05	0.95				
	210	1	182.63025341052634	37.46261608421053	0.0	0.0	2	1.0460069651481918	-11.909264763004462	138.0	23	1.05	0.95				
	211	1	0.0	0.0	0.0	0.0	2	1.0311748627315864	-4.834625526449138	230.0	23	1.05	0.95				
	212	1	0.0	0.0	0.0	0.0	2	1.0254697713485867	-0.10167476924110196	230.0	23	1.05	0.95				
	213	2	248.1898315578947	50.57453171368421	0.0	0.0	2	1.05	0.09855047142635309	230.0	24	1.05	0.95				
	214	2	181.69368800842105	36.526050682105264	0.0	0.0	2	1.05	-3.370600626890702	230.0	26	1.05	0.95				
	215	2	296.8912324673684	59.940185734736836	0.0	0.0	2	1.0453356345471303	4.632187593383529	230.0	26	1.05	0.95				
	216	2	93.65654021052632	18.731308042105265	0.0	0.0	2	1.049123654583768	4.500742976439198	230.0	26	1.05	0.95				
	217	1	0.0	0.0	0.0	0.0	2	1.05	7.350710376703586	230.0	27	1.05	0.95				
	218	2	311.8762789010527	63.6864473431579	0.0	0.0	2	1.0499397479427697	7.905839461157573	230.0	27	1.05	0.95				
	219	1	169.51833778105262	34.65291987789474	0.0	0.0	2	1.0421253363876404	4.235938064544351	230.0	25	1.05	0.95				
	220	1	119.88037146947367	24.35070045473684	0.0	0.0	2	1.0449210398238988	5.7569625873350505	230.0	25	1.05	0.95				
	221	2	0.0	0.0	0.0	0.0	2	1.05	8.54464096156713	230.0	27	1.05	0.95				
	222	2	0.0	0.0	0.0	0.0	2	1.05	14.588189012574375	230.0	27	1.05	0.95				
	223	2	0.0	0.0	0.0	0.0	2	1.05	7.268024814110348	230.0	25	1.05	0.95				
	224	1	0.0	0.0	0.0	0.0	2	1.020392272881151	-0.2821446350725035	230.0	26	1.05	0.95				
	301	2	94.50427081263157	19.250869980350878	0.0	0.0	3	0.9899239906938956	-19.892750464899457	138.0	31	1.05	0.95				
	302	2	84.87883582245614	17.500790891228068	0.0	0.0	3	0.9906363668988731	-20.37551045024251	138.0	32	1.05	0.95				
	303	1	157.5071180210526	32.376463148771926	0.0	0.0	3	0.9893852493399488	-13.919067889150813	138.0	31	1.05	0.95				
	304	1	64.75292629754385	13.125593168421052	0.0	0.0	3	0.9747078885115006	-18.409605043897585	138.0	31	1.05	0.95				
	305	1	62.127807663859635	12.250553623859648	0.0	0.0	3	0.9889261153221544	-18.952479803792002	138.0	31	1.05	0.95				
	306	1	119.00537806035088	24.501107247719297	0.0	-100.0	3	0.9936006871807455	-19.435128119870075	138.0	32	1.05	0.95				
	307	2	109.37994307017543	21.875988614035087	0.0	0.0	3	0.967904633085422	-20.967739009481484	138.0	32	1.05	0.95				
	308	1	149.63176212	30.62638405964912	0.0	0.0	3	0.9617930620173659	-20.012199445910355	138.0	32	1.05	0.95				
	309	1	153.1319202982456	31.501423604210522	0.0	0.0	3	0.9953931007550859	-12.985290048606977	138.0	33	1.05	0.95				
	310	1	170.63271118947367	35.001581782456135	0.0	0.0	3	1.0137818218290633	-15.00444491191841	138.0	33	1.05	0.95				
	311	1	0.0	0.0	0.0	0.0	3	0.9955279034979088	-5.4220532842871885	230.0	33	1.05	0.95				
	312	1	0.0	0.0	0.0	0.0	3	0.9946560165081566	-4.1192032685243545	230.0	33	1.05	0.95				
	313	2	231.8854793087719	47.25213540631579	0.0	0.0	3	1.0243603866671822	2.1867667917225124	230.0	34	1.05	0.95				
	314	2	169.75767164491228	34.12654223789474	0.0	0.0	3	1.0134373627782989	-3.9212042797710103	230.0	36	1.05	0.95				
	315	2	277.38753562596486	56.00253085192982	0.0	0.0	3	1.0431354174830803	-0.268479117022764	230.0	36	1.05	0.95				
	316	2	87.50395445614035	17.500790891228068	0.0	0.0	3	1.0410518815420828	0.31938455930242426	230.0	36	1.05	0.95				
	317	1	0.0	0.0	0.0	0.0	3	1.0462245948664344	2.428393601591455	230.0	37	1.05	0.95				
	318	2	291.38816833894737	59.50268903017544	0.0	0.0	3	1.0464674766201445	2.1733328618175745	230.0	37	1.05	0.95				
	319	1	158.38215756561402	32.376463148771926	0.0	0.0	3	1.035296261332259	1.0330955292503314	230.0	35	1.05	0.95				
	320	1	112.00506170385964	22.75102815859649	0.0	0.0	3	1.0351812550660646	1.9448595170642584	230.0	35	1.05	0.95				
	321	2	0.0	0.0	0.0	0.0	3	1.049999989002301	3.2874075815026504	230.0	37	1.05	0.95				
	322	2	0.0	0.0	0.0	0.0	3	1.05	8.724884601146043	230.0	37	1.05	0.95				
	323	2	0.0	0.0	0.0	0.0	3	1.0373596501602862	2.840958504748873	230.0	35	1.05	0.95				
	324	1	0.0	0.0	0.0	0.0	3	1.0066330186562347	-4.604520077010508	230.0	36	1.05	0.95				
	325	1	0.0	0.0	0.0	0.0	3	1.0360754346064438	3.734227263117498	230.0	35	1.05	0.95				
];
