%% MATPOWER Case Format : Version 2
function mpc = RTS_GMLC
mpc.version = '2';

%%-----  Power Flow Data  -----%%
%% system MVA base
mpc.baseMVA = 100.0;
%% bus data
%    bus_i    type    Pd    Qd    Gs    Bs    area    Vm    Va    baseKV    zone    Vmax    Vmin
mpc.bus = [
	101	2	64.18010887578947	13.073725882105263	0.0	0.0	1	1.0482527428073427	1.0205446663163673	138.0	11	1.05	0.95				
	102	2	57.64324593473684	11.885205347368421	0.0	0.0	1	1.0470559253503815	0.6543437551389136	138.0	12	1.05	0.95				
	103	1	106.96684812631581	21.98762989263158	0.0	0.0	1	1.0306546511808483	-0.7780993044589565	138.0	11	1.05	0.95				
	104	1	43.97525978526316	8.913904010526316	0.0	0.0	1	1.0272439496264496	-2.67690241788887	138.0	11	1.05	0.95				
	105	1	42.19247898315789	8.319643743157897	0.0	0.0	1	1.0405048933649519	-2.995045172297484	138.0	11	1.05	0.95				
	106	1	80.81939636210528	16.639287486315794	0.0	-100.0	1	1.043512129397291	-5.878737739643095	138.0	12	1.05	0.95				
	107	2	74.28253342105263	14.856506684210528	0.0	0.0	1	0.9993476236226517	-12.804496621706154	138.0	12	1.05	0.95				
	108	1	101.61850572	20.79910935789474	0.0	0.0	1	0.9978070489338171	-11.213215699602795	138.0	12	1.05	0.95				
	109	1	103.99554678947369	21.39336962526316	0.0	0.0	1	1.0253729847692037	-4.063216712899218	138.0	13	1.05	0.95				
	110	1	115.8807521368421	23.770410694736842	0.0	0.0	1	1.05	-5.266980430504154	138.0	13	1.05	0.95				
	111	1	0.0	0.0	0.0	0.0	1	1.0094959303803068	-1.5832924415312457	230.0	13	1.05	0.95				
	112	1	0.0	0.0	0.0	0.0	1	1.012514459434265	-1.3233054588974964	230.0	13	1.05	0.95				
	113	3	157.4789708526316	32.090054437894736	0.0	0.0	1	1.0068156494957037	6.360188135950823e-31	230.0	14	1.05	0.95				
	114	2	115.28649186947368	23.176150427368423	0.0	0.0	1	1.0100617533469542	0.200296567068138	230.0	16	1.05	0.95				
	115	2	188.38050475578947	38.03265711157895	0.0	0.0	1	1.040085231710806	6.954092454073995	230.0	16	1.05	0.95				
	116	2	59.42602673684211	11.885205347368421	0.0	0.0	1	1.0369294103606574	6.292783079598027	230.0	16	1.05	0.95				
	117	1	0.0	0.0	0.0	0.0	1	1.0426208659810683	9.45802016127643	230.0	17	1.05	0.95				
	118	2	197.88866903368424	40.40969818105264	0.0	0.0	1	1.0453852042054141	10.10830186174816	230.0	17	1.05	0.95				
	119	1	107.56110839368422	21.98762989263158	0.0	0.0	1	1.0287374569262429	4.539510769329227	230.0	15	1.05	0.95				
	120	1	76.0653142231579	15.450766951578949	0.0	0.0	1	1.0261653924037948	3.8007913392260417	230.0	15	1.05	0.95				
	121	2	0.0	0.0	0.0	0.0	1	1.0480853883344956	11.74913889807139	230.0	17	1.05	0.95				
	122	2	0.0	0.0	0.0	0.0	1	1.05	17.360054376967394	230.0	17	1.05	0.95				
	123	2	0.0	0.0	0.0	0.0	1	1.026026598380285	3.847524073898269	230.0	15	1.05	0.95				
	124	1	0.0	0.0	0.0	0.0	1	1.0266092375386031	4.059354687701864	230.0	16	1.05	0.95				
	201	2	59.44844955789473	12.109869354385964	0.0	0.0	2	1.0203610080024446	-11.51996032891939	138.0	21	1.05	0.95				
	202	2	53.39351488070175	11.008972140350878	0.0	0.0	2	1.0205947436849676	-11.498291834605006	138.0	22	1.05	0.95				
	203	1	99.0807492631579	20.366598459649122	0.0	0.0	2	1.0141957012270115	-9.834448787100232	138.0	21	1.05	0.95				
	204	1	40.733196919298244	8.256729105263156	0.0	0.0	2	1.0136651373070489	-11.604114732792459	138.0	21	1.05	0.95				
	205	1	39.081851098245615	7.706280498245614	0.0	0.0	2	1.0282862154169823	-11.946778981235616	138.0	21	1.05	0.95				
	206	1	74.86101055438597	15.412560996491228	0.0	-100.0	2	1.0399832379576426	-12.733626028202677	138.0	22	1.05	0.95				
	207	2	68.80607587719298	13.761215175438595	0.0	0.0	2	0.9944590435468382	-20.189370871630096	138.0	22	1.05	0.95				
	208	1	94.1267118	19.265701245614032	0.0	0.0	2	0.9947378545356051	-17.578841505932772	138.0	22	1.05	0.95				
	209	1	96.32850622807017	19.816149852631575	0.0	0.0	2	1.024783864679832	-9.428919638090065	138.0	23	1.05	0.95				
	210	1	107.33747836842105	22.017944280701755	0.0	0.0	2	1.05	-10.616068542114952	138.0	23	1.05	0.95				
	211	1	0.0	0.0	0.0	0.0	2	1.0114830376603259	-6.224879045038627	230.0	23	1.05	0.95				
	212	1	0.0	0.0	0.0	0.0	2	1.0151276844996968	-1.6261572616575866	230.0	23	1.05	0.95				
	213	2	145.8688808596491	29.724224778947367	0.0	0.0	2	1.0128218251130998	-3.4821250855939607	230.0	24	1.05	0.95				
	214	2	106.7870297614035	21.467495673684212	0.0	0.0	2	1.0133929934116133	-4.769020564913698	230.0	26	1.05	0.95				
	215	2	174.4922084245614	35.228710849122805	0.0	0.0	2	1.0285105320717824	0.6006918411155505	230.0	26	1.05	0.95				
	216	2	55.04486070175438	11.008972140350878	0.0	0.0	2	1.0288357238549566	0.6928658980046579	230.0	26	1.05	0.95				
	217	1	0.0	0.0	0.0	0.0	2	1.0322980229054166	1.751065441263873	230.0	27	1.05	0.95				
	218	2	183.2993861368421	37.430505277192985	0.0	0.0	2	1.0309293516981106	1.0712572714576054	230.0	27	1.05	0.95				
	219	1	99.63119787017544	20.366598459649122	0.0	0.0	2	1.0281377623593833	1.5371205439064797	230.0	25	1.05	0.95				
	220	1	70.45742169824561	14.31166378245614	0.0	0.0	2	1.0322383149384267	3.3320528255702415	230.0	25	1.05	0.95				
	221	2	0.0	0.0	0.0	0.0	2	1.033059293947868	1.7212349970427816	230.0	27	1.05	0.95				
	222	2	0.0	0.0	0.0	0.0	2	1.05	8.228290772689782	230.0	27	1.05	0.95				
	223	2	0.0	0.0	0.0	0.0	2	1.03636365172654	4.725852099981456	230.0	25	1.05	0.95				
	224	1	0.0	0.0	0.0	0.0	2	1.0102833861244414	-3.292709872961403	230.0	26	1.05	0.95				
	301	2	51.59126857263158	10.509332487017543	0.0	0.0	3	0.9993288805301022	6.14816270473007	138.0	31	1.05	0.95				
	302	2	46.336602329122805	9.553938624561404	0.0	0.0	3	0.9992194015292839	6.129310483114865	138.0	32	1.05	0.95				
	303	1	85.98544762105263	17.674786455438596	0.0	0.0	3	1.0140708701584888	8.253706796953198	138.0	31	1.05	0.95				
	304	1	35.34957291087719	7.165453968421052	0.0	0.0	3	1.005035675778009	7.7886779636219465	138.0	31	1.05	0.95				
	305	1	33.916482117192984	6.687757037192983	0.0	0.0	3	1.0176692529471896	7.718319536145545	138.0	31	1.05	0.95				
	306	1	64.96678264701755	13.375514074385967	0.0	-100.0	3	1.0366148065553757	8.032208059318304	138.0	32	1.05	0.95				
	307	2	59.71211640350877	11.942423280701755	0.0	0.0	3	0.9901643627343518	4.752051325187951	138.0	32	1.05	0.95				
	308	1	81.68617524	16.719392592982455	0.0	0.0	3	1.0018141535701313	6.836314549957064	138.0	32	1.05	0.95				
	309	1	83.59696296491228	17.197089524210526	0.0	0.0	3	1.0255170515089689	11.097469376682229	138.0	33	1.05	0.95				
	310	1	93.15090158947368	19.107877249122808	0.0	0.0	3	1.05	10.81309992697366	138.0	33	1.05	0.95				
	311	1	0.0	0.0	0.0	0.0	3	1.0078576887537496	15.743313531202496	230.0	33	1.05	0.95				
	312	1	0.0	0.0	0.0	0.0	3	1.0144447211746577	16.68255600775763	230.0	33	1.05	0.95				
	313	2	126.58968677543858	25.79563428631579	0.0	0.0	3	1.0207566190505317	22.425468128277604	230.0	34	1.05	0.95				
	314	2	92.67320465824561	18.630180317894737	0.0	0.0	3	1.0038382604660248	14.710446718040586	230.0	36	1.05	0.95				
	315	2	151.42992719929825	30.572603598596494	0.0	0.0	3	1.0223706645524584	9.851461009445611	230.0	36	1.05	0.95				
	316	2	47.76969312280702	9.553938624561404	0.0	0.0	3	1.0226633507017364	10.79132642831642	230.0	36	1.05	0.95				
	317	1	0.0	0.0	0.0	0.0	3	1.0279075062105258	10.101503549365473	230.0	37	1.05	0.95				
	318	2	159.07307809894738	32.483391323508776	0.0	0.0	3	1.0270261117233788	9.146579680217343	230.0	37	1.05	0.95				
	319	1	86.4631445522807	17.674786455438596	0.0	0.0	3	1.0228317161227722	13.081278097385272	230.0	35	1.05	0.95				
	320	1	61.14520719719299	12.420120211929826	0.0	0.0	3	1.0240365738841537	14.581092953320976	230.0	35	1.05	0.95				
	321	2	0.0	0.0	0.0	0.0	3	1.0274271682762934	9.946283086447124	230.0	37	1.05	0.95				
	322	2	0.0	0.0	0.0	0.0	3	1.0410923323780021	14.388142668988488	230.0	37	1.05	0.95				
	323	2	0.0	0.0	0.0	0.0	3	1.024652477354102	15.259082195976305	230.0	35	1.05	0.95				
	324	1	0.0	0.0	0.0	0.0	3	1.0168730257974978	11.12884222522131	230.0	36	1.05	0.95				
	325	1	0.0	0.0	0.0	0.0	3	1.0279343665861986	14.969874151625513	230.0	35	1.05	0.95				
];
