%% MATPOWER Case Format : Version 2
function mpc = RTS_GMLC
mpc.version = '2';

%%-----  Power Flow Data  -----%%
%% system MVA base
mpc.baseMVA = 100.0;
%% bus data
%    bus_i    type    Pd    Qd    Gs    Bs    area    Vm    Va    baseKV    zone    Vmax    Vmin
mpc.bus = [
	101	2	78.8758040463158	16.06729341684211	0.0	0.0	1	1.0331349173714617	-2.1123424953108922	138.0	11	1.05	0.95				
	102	2	70.84215733789475	14.606630378947369	0.0	0.0	1	1.033132628106886	-2.1638435936700837	138.0	12	1.05	0.95				
	103	1	131.45967341052634	27.022266201052638	0.0	0.0	1	1.0206725870006195	-2.7765421169381184	138.0	11	1.05	0.95				
	104	1	54.044532402105276	10.954972784210527	0.0	0.0	1	1.016736092087771	-4.960145817794532	138.0	11	1.05	0.95				
	105	1	51.85353784526316	10.224641265263159	0.0	0.0	1	1.0318804409442415	-4.984221971616961	138.0	11	1.05	0.95				
	106	1	99.32508657684211	20.449282530526318	0.0	-100.0	1	1.0369455779812746	-7.257313913140236	138.0	12	1.05	0.95				
	107	2	91.29143986842105	18.25828797368421	0.0	0.0	1	1.0462844875971697	-2.4484122631854737	138.0	12	1.05	0.95				
	108	1	124.88668974000001	25.561603163157898	0.0	0.0	1	1.0237854556188888	-5.760201108682959	138.0	12	1.05	0.95				
	109	1	127.80801581578949	26.291934682105268	0.0	0.0	1	1.02667489447174	-4.293303174708406	138.0	13	1.05	0.95				
	110	1	142.41464619473686	29.213260757894737	0.0	0.0	1	1.05	-5.591182932754932	138.0	13	1.05	0.95				
	111	1	0.0	0.0	0.0	0.0	1	1.0138223969480258	-1.559774761204313	230.0	13	1.05	0.95				
	112	1	0.0	0.0	0.0	0.0	1	1.0160020821359617	-0.5744453927129205	230.0	13	1.05	0.95				
	113	3	193.53785252105266	39.4379020231579	0.0	0.0	1	1.0142995973862703	1.0288280248888388e-27	230.0	14	1.05	0.95				
	114	2	141.6843146757895	28.482929238947367	0.0	0.0	1	1.0162978388514827	0.504084655938688	230.0	16	1.05	0.95				
	115	2	231.51509150631583	46.74121721263158	0.0	0.0	1	1.0449350255958516	8.019488184504544	230.0	16	1.05	0.95				
	116	2	73.03315189473685	14.606630378947369	0.0	0.0	1	1.0432085703346046	7.814236252017021	230.0	16	1.05	0.95				
	117	1	0.0	0.0	0.0	0.0	1	1.0470174550441385	10.653183872056458	230.0	17	1.05	0.95				
	118	2	243.20039580947372	49.662543288421055	0.0	0.0	1	1.0491321260982467	11.109492987817966	230.0	17	1.05	0.95				
	119	1	132.1900049294737	27.022266201052638	0.0	0.0	1	1.0378964436079636	6.862133107077068	230.0	15	1.05	0.95				
	120	1	93.48243442526316	18.98861949263158	0.0	0.0	1	1.0396940831336798	7.413979280558997	230.0	15	1.05	0.95				
	121	2	0.0	0.0	0.0	0.0	1	1.05	11.618329541856564	230.0	17	1.05	0.95				
	122	2	0.0	0.0	0.0	0.0	1	1.05	18.769404907971058	230.0	17	1.05	0.95				
	123	2	0.0	0.0	0.0	0.0	1	1.0427670034136782	8.255343437318498	230.0	15	1.05	0.95				
	124	1	0.0	0.0	0.0	0.0	1	1.0223368642285735	4.029006409164522	230.0	16	1.05	0.95				
	201	2	73.47331970526315	14.966787347368419	0.0	0.0	2	1.0349924933740695	-7.768066506670879	138.0	21	1.05	0.95				
	202	2	65.98992603157893	13.606170315789473	0.0	0.0	2	1.0351052637964997	-7.842721520793902	138.0	22	1.05	0.95				
	203	1	122.45553284210524	25.171415084210523	0.0	0.0	2	1.0282451434124342	-5.397744307394759	138.0	21	1.05	0.95				
	204	1	50.342830168421045	10.204627736842104	0.0	0.0	2	1.0184856788525372	-9.6492228021603	138.0	21	1.05	0.95				
	205	1	48.30190462105262	9.52431922105263	0.0	0.0	2	1.0338030096249495	-9.996183798392254	138.0	21	1.05	0.95				
	206	1	92.52195814736842	19.04863844210526	0.0	-100.0	2	1.0392568295755256	-11.886284429720604	138.0	22	1.05	0.95				
	207	2	85.0385644736842	17.00771289473684	0.0	0.0	2	0.9757020617366615	-22.041978459694594	138.0	22	1.05	0.95				
	208	1	116.33275619999999	23.810798052631572	0.0	0.0	2	0.9776648828870969	-18.71485124596487	138.0	22	1.05	0.95				
	209	1	119.05399026315789	24.49110656842105	0.0	0.0	2	1.0260401315459065	-8.374205020595978	138.0	23	1.05	0.95				
	210	1	132.66016057894734	27.212340631578947	0.0	0.0	2	1.05	-10.112294448808667	138.0	23	1.05	0.95				
	211	1	0.0	0.0	0.0	0.0	2	1.020955978456815	-3.9230224502123847	230.0	23	1.05	0.95				
	212	1	0.0	0.0	0.0	0.0	2	1.0188291669916785	-2.8857321480979117	230.0	23	1.05	0.95				
	213	2	180.2817566842105	36.736659852631576	0.0	0.0	2	1.028627164725903	-0.6305286137091833	230.0	24	1.05	0.95				
	214	2	131.97985206315786	26.532032115789473	0.0	0.0	2	1.0320438095109152	-1.5649490240988508	230.0	26	1.05	0.95				
	215	2	215.65779950526314	43.53974501052631	0.0	0.0	2	1.043838322885144	5.752422749400252	230.0	26	1.05	0.95				
	216	2	68.03085157894736	13.606170315789473	0.0	0.0	2	1.046280902389852	5.910756582703076	230.0	26	1.05	0.95				
	217	1	0.0	0.0	0.0	0.0	2	1.0485239380683116	9.001803316807045	230.0	27	1.05	0.95				
	218	2	226.54273575789472	46.26097907368421	0.0	0.0	2	1.0499999970886087	9.86281717171202	230.0	27	1.05	0.95				
	219	1	123.13584135789472	25.171415084210523	0.0	0.0	2	1.0432823133926408	5.285366640097471	230.0	25	1.05	0.95				
	220	1	87.07949002105262	17.688021410526314	0.0	0.0	2	1.046402047606134	6.0161183027488265	230.0	25	1.05	0.95				
	221	2	0.0	0.0	0.0	0.0	2	1.05	10.20996747055694	230.0	27	1.05	0.95				
	222	2	0.0	0.0	0.0	0.0	2	1.05	16.247727446775777	230.0	27	1.05	0.95				
	223	2	0.0	0.0	0.0	0.0	2	1.05	6.9116903056886	230.0	25	1.05	0.95				
	224	1	0.0	0.0	0.0	0.0	2	1.0240398009621667	1.5951620696450162	230.0	26	1.05	0.95				
	301	2	58.68079722947369	11.953495731929825	0.0	0.0	3	1.0121743695099494	-16.586832284070898	138.0	31	1.05	0.95				
	302	2	52.70404936350877	10.866814301754387	0.0	0.0	3	1.0109491968205055	-16.841470779551678	138.0	32	1.05	0.95				
	303	1	97.80132871578948	20.103606458245615	0.0	0.0	3	1.0411636222390954	-5.907784033158484	138.0	31	1.05	0.95				
	304	1	40.20721291649123	8.15011072631579	0.0	0.0	3	1.009666352510712	-15.330575124494686	138.0	31	1.05	0.95				
	305	1	38.57719077122807	7.606770011228072	0.0	0.0	3	1.0240857301827422	-16.577786672104725	138.0	31	1.05	0.95				
	306	1	73.89433725192983	15.213540022456144	0.0	-100.0	3	1.0378295398188795	-17.192430436441906	138.0	32	1.05	0.95				
	307	2	67.91758938596492	13.583517877192982	0.0	0.0	3	0.9967856301472722	-20.758565221067986	138.0	32	1.05	0.95				
	308	1	92.91126227999999	19.016925028070176	0.0	0.0	3	0.998450428045167	-19.319493167055516	138.0	32	1.05	0.95				
	309	1	95.08462514035088	19.560265743157895	0.0	0.0	3	1.0266590982206938	-11.873530668945707	138.0	33	1.05	0.95				
	310	1	105.95143944210525	21.733628603508773	0.0	0.0	3	1.05	-14.824218994033556	138.0	33	1.05	0.95				
	311	1	0.0	0.0	0.0	0.0	3	1.0143171542678528	-8.545157182156451	230.0	33	1.05	0.95				
	312	1	0.0	0.0	0.0	0.0	3	1.014700382720265	-8.212688763801903	230.0	33	1.05	0.95				
	313	2	143.9852894982456	29.340398614736845	0.0	0.0	3	1.0156887072039984	-5.47629779243051	230.0	34	1.05	0.95				
	314	2	105.40809872701755	21.190287888421054	0.0	0.0	3	1.0221726839676426	-6.393244919196179	230.0	36	1.05	0.95				
	315	2	172.239006682807	34.773805765614036	0.0	0.0	3	1.0460089241967523	0.02235491839313187	230.0	36	1.05	0.95				
	316	2	54.33407150877193	10.866814301754387	0.0	0.0	3	1.0442109016199437	-0.09786144841123769	230.0	36	1.05	0.95				
	317	1	0.0	0.0	0.0	0.0	3	1.0481826788602389	2.712382497503786	230.0	37	1.05	0.95				
	318	2	180.93245812421054	36.94716862596491	0.0	0.0	3	1.0482619839841762	2.7529515222485887	230.0	37	1.05	0.95				
	319	1	98.34466943087719	20.103606458245615	0.0	0.0	3	1.037235630664568	-1.7001009887309113	230.0	35	1.05	0.95				
	320	1	69.54761153122807	14.126858592280703	0.0	0.0	3	1.035702835420782	-2.06767398159788	230.0	35	1.05	0.95				
	321	2	0.0	0.0	0.0	0.0	3	1.05	3.5038849407980694	230.0	37	1.05	0.95				
	322	2	0.0	0.0	0.0	0.0	3	1.05	8.968827232278947	230.0	37	1.05	0.95				
	323	2	0.0	0.0	0.0	0.0	3	1.03587410620172	-1.8615438264536222	230.0	35	1.05	0.95				
	324	1	0.0	0.0	0.0	0.0	3	1.035962593451191	-2.2054912690600266	230.0	36	1.05	0.95				
	325	1	0.0	0.0	0.0	0.0	3	1.0333765558916956	-0.7311583881599933	230.0	35	1.05	0.95				
];
