%% MATPOWER Case Format : Version 2
function mpc = RTS_GMLC
mpc.version = '2';

%%-----  Power Flow Data  -----%%
%% system MVA base
mpc.baseMVA = 100.0;
%% bus data
%    bus_i    type    Pd    Qd    Gs    Bs    area    Vm    Va    baseKV    zone    Vmax    Vmin
mpc.bus = [
	101	2	86.50420582736842	17.621227112982453	0.0	0.0	1	1.0409617265200173	-1.6772639361626605	138.0	11	1.05	0.95				
	102	2	77.69359227087719	16.019297375438597	0.0	0.0	1	1.0410076872404423	-1.7581262609568238	138.0	12	1.05	0.95				
	103	1	144.17367637894736	29.6357001445614	0.0	0.0	1	1.022586917894419	-2.824294324075156	138.0	11	1.05	0.95				
	104	1	59.2714002891228	12.014473031578946	0.0	0.0	1	1.0193982259001237	-5.28483702698487	138.0	11	1.05	0.95				
	105	1	56.86850568280701	11.213508162807017	0.0	0.0	1	1.0344215094010434	-5.35941319956395	138.0	11	1.05	0.95				
	106	1	108.93122215298246	22.427016325614034	0.0	-100.0	1	1.036247325343482	-8.147374625289814	138.0	12	1.05	0.95				
	107	2	100.12060859649121	20.024121719298243	0.0	0.0	1	1.05	-5.814307289917184	138.0	12	1.05	0.95				
	108	1	136.96499255999998	28.03377040701754	0.0	0.0	1	1.0241637209635066	-8.312692663584935	138.0	12	1.05	0.95				
	109	1	140.1688520350877	28.83473527578947	0.0	0.0	1	1.0269933701455893	-5.183090615049959	138.0	13	1.05	0.95				
	110	1	156.1881494105263	32.038594750877195	0.0	0.0	1	1.05	-6.603565937468368	138.0	13	1.05	0.95				
	111	1	0.0	0.0	0.0	0.0	1	1.0146764882043398	-2.1955694967916473	230.0	13	1.05	0.95				
	112	1	0.0	0.0	0.0	0.0	1	1.017229625100413	-1.3670290624563066	230.0	13	1.05	0.95				
	113	3	212.25569022456136	43.25210291368421	0.0	0.0	1	1.0176694988032629	2.1675850491626997e-27	230.0	14	1.05	0.95				
	114	2	155.38718454175438	31.23762988210526	0.0	0.0	1	1.0167772284058896	-0.38316312639467337	230.0	16	1.05	0.95				
	115	2	253.90586340070175	51.2617516014035	0.0	0.0	1	1.0444526089346697	7.59940815711458	230.0	16	1.05	0.95				
	116	2	80.09648687719297	16.019297375438597	0.0	0.0	1	1.0430719354030413	7.026988206093454	230.0	16	1.05	0.95				
	117	1	0.0	0.0	0.0	0.0	1	1.0470413155579843	10.403688610630644	230.0	17	1.05	0.95				
	118	2	266.7213013010526	54.46561107649123	0.0	0.0	1	1.0495843351272818	11.216604483575924	230.0	17	1.05	0.95				
	119	1	144.9746412477193	29.6357001445614	0.0	0.0	1	1.0365897408777394	5.61584760292353	230.0	15	1.05	0.95				
	120	1	102.523503202807	20.825086588070175	0.0	0.0	1	1.037738881708358	5.637962262151178	230.0	15	1.05	0.95				
	121	2	0.0	0.0	0.0	0.0	1	1.05	11.955408914964705	230.0	17	1.05	0.95				
	122	2	0.0	0.0	0.0	0.0	1	1.05	17.996806774184552	230.0	17	1.05	0.95				
	123	2	0.0	0.0	0.0	0.0	1	1.0406490581687782	6.242536827390986	230.0	15	1.05	0.95				
	124	1	0.0	0.0	0.0	0.0	1	1.023218609686399	3.7385097017301026	230.0	16	1.05	0.95				
	201	2	89.40217221473685	18.21155359929825	0.0	0.0	2	1.0395115469118605	-13.350716964816128	138.0	21	1.05	0.95				
	202	2	80.29639541508772	16.555957817543863	0.0	0.0	2	1.0421650219900251	-13.466173800809967	138.0	22	1.05	0.95				
	203	1	149.00362035789473	30.62852196245614	0.0	0.0	2	1.0253565174124426	-9.843333382414103	138.0	21	1.05	0.95				
	204	1	61.25704392491228	12.416968363157894	0.0	0.0	2	1.01908107509107	-14.597349057620782	138.0	21	1.05	0.95				
	205	1	58.77365025228071	11.589170472280703	0.0	0.0	2	1.0341912846308325	-15.075438898849805	138.0	21	1.05	0.95				
	206	1	112.58051315929826	23.178340944561405	0.0	-100.0	2	1.036808464490209	-16.82038848742666	138.0	22	1.05	0.95				
	207	2	103.47473635964913	20.694947271929827	0.0	0.0	2	0.95	-28.02150408840424	138.0	22	1.05	0.95				
	208	1	141.55343934	28.97292618070175	0.0	0.0	2	0.9558130042523094	-24.313282864493928	138.0	22	1.05	0.95				
	209	1	144.86463090350878	29.800724071578948	0.0	0.0	2	1.026874907889514	-12.184747231359749	138.0	23	1.05	0.95				
	210	1	161.42058872105264	33.111915635087726	0.0	0.0	2	1.05	-14.224510890571816	138.0	23	1.05	0.95				
	211	1	0.0	0.0	0.0	0.0	2	1.0336056708361323	-7.743729549006874	230.0	23	1.05	0.95				
	212	1	0.0	0.0	0.0	0.0	2	1.0286660076721843	-3.3255725593658054	230.0	23	1.05	0.95				
	213	2	219.36644108245616	44.701086107368425	0.0	0.0	2	1.05	-4.118563232238937	230.0	24	1.05	0.95				
	214	2	160.59279083017543	32.284117744210526	0.0	0.0	2	1.05	-5.702250421126457	230.0	26	1.05	0.95				
	215	2	262.4119314080702	52.97906501614036	0.0	0.0	2	1.0443933351259649	2.2719117519964303	230.0	26	1.05	0.95				
	216	2	82.77978908771931	16.555957817543863	0.0	0.0	2	1.0489709770822586	2.30045427228239	230.0	26	1.05	0.95				
	217	1	0.0	0.0	0.0	0.0	2	1.0491226382586707	5.454500851992831	230.0	27	1.05	0.95				
	218	2	275.6566976621053	56.29025657964913	0.0	0.0	2	1.049999999987666	6.0769484758143015	230.0	27	1.05	0.95				
	219	1	149.83141824877194	30.62852196245614	0.0	0.0	2	1.0432520877790028	1.9065708006605484	230.0	25	1.05	0.95				
	220	1	105.95813003228072	21.52274516280702	0.0	0.0	2	1.0457878516652184	3.110753587723213	230.0	25	1.05	0.95				
	221	2	0.0	0.0	0.0	0.0	2	1.05	6.53638253113744	230.0	27	1.05	0.95				
	222	2	0.0	0.0	0.0	0.0	2	1.05	12.623838023363726	230.0	27	1.05	0.95				
	223	2	0.0	0.0	0.0	0.0	2	1.05	4.371197760101047	230.0	25	1.05	0.95				
	224	1	0.0	0.0	0.0	0.0	2	1.0220281691345623	-2.2321818065972914	230.0	26	1.05	0.95				
	301	2	74.77317303157895	15.231572284210529	0.0	0.0	3	1.00861223680503	-12.932724244789927	138.0	31	1.05	0.95				
	302	2	67.15738688947368	13.846883894736845	0.0	0.0	3	1.0086116791723054	-13.051131623541206	138.0	32	1.05	0.95				
	303	1	124.62195505263158	25.616735205263158	0.0	0.0	3	1.0197903855596024	-6.709204736875187	138.0	31	1.05	0.95				
	304	1	51.233470410526316	10.385162921052633	0.0	0.0	3	1.004513553996475	-10.663473061093862	138.0	31	1.05	0.95				
	305	1	49.15643782631579	9.69281872631579	0.0	0.0	3	1.018621745926669	-11.095529767292014	138.0	31	1.05	0.95				
	306	1	94.15881048421055	19.38563745263158	0.0	-100.0	3	1.0319327265645877	-10.82245446221574	138.0	32	1.05	0.95				
	307	2	86.54302434210527	17.308604868421053	0.0	0.0	3	0.991463772604926	-16.95727518970751	138.0	32	1.05	0.95				
	308	1	118.39085730000001	24.232046815789474	0.0	0.0	3	0.9938053002673056	-13.685439289905714	138.0	32	1.05	0.95				
	309	1	121.16023407894738	24.924391010526318	0.0	0.0	3	1.0267180508196025	-5.886646341186355	138.0	33	1.05	0.95				
	310	1	135.00711797368422	27.69376778947369	0.0	0.0	3	1.049607364813281	-7.036233752245665	138.0	33	1.05	0.95				
	311	1	0.0	0.0	0.0	0.0	3	1.0191522178877788	0.619676048490105	230.0	33	1.05	0.95				
	312	1	0.0	0.0	0.0	0.0	3	1.021072645173831	1.726397561065862	230.0	33	1.05	0.95				
	313	2	183.47121160526316	37.386586515789475	0.0	0.0	3	1.0418570766181912	7.649737462812746	230.0	34	1.05	0.95				
	314	2	134.31477377894737	27.001423594736846	0.0	0.0	3	1.0263417885522388	1.3709603900621385	230.0	36	1.05	0.95				
	315	2	219.47310973157897	44.310028463157906	0.0	0.0	3	1.043136366429958	1.434713627833507	230.0	36	1.05	0.95				
	316	2	69.23441947368421	13.846883894736845	0.0	0.0	3	1.0414156459305437	2.241001787618682	230.0	36	1.05	0.95				
	317	1	0.0	0.0	0.0	0.0	3	1.0448422396179635	2.921497676181564	230.0	37	1.05	0.95				
	318	2	230.55061684736847	47.079405242105274	0.0	0.0	3	1.0443803305819641	2.6508374567296626	230.0	37	1.05	0.95				
	319	1	125.31429924736844	25.616735205263158	0.0	0.0	3	1.0394820422778372	3.641007854020306	230.0	35	1.05	0.95				
	320	1	88.62005692631581	18.000949063157897	0.0	0.0	3	1.0407747638004603	4.801330711949949	230.0	35	1.05	0.95				
	321	2	0.0	0.0	0.0	0.0	3	1.047141928541835	3.7540738931041537	230.0	37	1.05	0.95				
	322	2	0.0	0.0	0.0	0.0	3	1.05	7.763177543780263	230.0	37	1.05	0.95				
	323	2	0.0	0.0	0.0	0.0	3	1.0420063262783124	5.353871931158812	230.0	35	1.05	0.95				
	324	1	0.0	0.0	0.0	0.0	3	1.0264175153076354	0.22180861013599995	230.0	36	1.05	0.95				
	325	1	0.0	0.0	0.0	0.0	3	1.0418684725928913	5.910890098817443	230.0	35	1.05	0.95				
];
