%% MATPOWER Case Format : Version 2
function mpc = RTS_GMLC
mpc.version = '2';

%%-----  Power Flow Data  -----%%
%% system MVA base
mpc.baseMVA = 100.0;
%% bus data
%    bus_i    type    Pd    Qd    Gs    Bs    area    Vm    Va    baseKV    zone    Vmax    Vmin
mpc.bus = [
	101	2	92.46264226105264	18.834982682807016	0.0	0.0	1	1.0411831582944502	-2.9715996340396944	138.0	11	1.05	0.95				
	102	2	83.04515091964913	17.122711529824564	0.0	0.0	1	1.0412220567499408	-3.0563378370032934	138.0	12	1.05	0.95				
	103	1	154.10440376842104	31.67701633017544	0.0	0.0	1	1.0202507808064398	-3.7285490678104507	138.0	11	1.05	0.95				
	104	1	63.35403266035088	12.84203364736842	0.0	0.0	1	1.0190260572056555	-6.347561632587412	138.0	11	1.05	0.95				
	105	1	60.78562593087719	11.985898070877194	0.0	0.0	1	1.0338757078099305	-6.5612077073484105	138.0	11	1.05	0.95				
	106	1	116.43443840280703	23.97179614175439	0.0	-100.0	1	1.0347382768947964	-9.345456431538498	138.0	12	1.05	0.95				
	107	2	107.0169470614035	21.403389412280703	0.0	0.0	1	1.05	-6.91034230843163	138.0	12	1.05	0.95				
	108	1	146.39918358	29.96474517719298	0.0	0.0	1	1.0225155027760746	-9.48298450236182	138.0	12	1.05	0.95				
	109	1	149.8237258859649	30.82088075368421	0.0	0.0	1	1.0272003436688486	-5.97808701823347	138.0	13	1.05	0.95				
	110	1	166.94643741578946	34.24542305964913	0.0	0.0	1	1.05	-7.537262461065386	138.0	13	1.05	0.95				
	111	1	0.0	0.0	0.0	0.0	1	1.0176296716131505	-2.6077156073655305	230.0	13	1.05	0.95				
	112	1	0.0	0.0	0.0	0.0	1	1.0189456808810178	-1.5887503204012552	230.0	13	1.05	0.95				
	113	3	226.87592777017542	46.23132113052632	0.0	0.0	1	1.0230868346182496	7.745154968559796e-29	230.0	14	1.05	0.95				
	114	2	166.09030183929826	33.3892874831579	0.0	0.0	1	1.0221009936853767	-0.7432208185970798	230.0	16	1.05	0.95				
	115	2	271.3949777477193	54.792676895438596	0.0	0.0	1	1.0440332797227136	7.581492860486256	230.0	16	1.05	0.95				
	116	2	85.61355764912281	17.122711529824564	0.0	0.0	1	1.0441946977079632	7.10262826918844	230.0	16	1.05	0.95				
	117	1	0.0	0.0	0.0	0.0	1	1.0476569947487078	10.484887628093889	230.0	17	1.05	0.95				
	118	2	285.09314697157896	58.217219201403516	0.0	0.0	1	1.0499996136172114	11.31051060207801	230.0	17	1.05	0.95				
	119	1	154.9605393449123	31.67701633017544	0.0	0.0	1	1.0390930408681849	5.880774774005618	230.0	15	1.05	0.95				
	120	1	109.58535379087719	22.259524988771933	0.0	0.0	1	1.0419747493402156	6.165591457497104	230.0	15	1.05	0.95				
	121	2	0.0	0.0	0.0	0.0	1	1.05	12.16877590701404	230.0	17	1.05	0.95				
	122	2	0.0	0.0	0.0	0.0	1	1.05	18.01965757729289	230.0	17	1.05	0.95				
	123	2	0.0	0.0	0.0	0.0	1	1.0461471001497091	6.947546406882941	230.0	15	1.05	0.95				
	124	1	0.0	0.0	0.0	0.0	1	1.0209710903685927	3.3975952009272996	230.0	16	1.05	0.95				
	201	2	95.6921139663158	19.49283803017544	0.0	0.0	2	1.05	-13.866384269709009	138.0	21	1.05	0.95				
	202	2	85.94569495122808	17.72076184561404	0.0	0.0	2	1.05	-13.960989905798202	138.0	22	1.05	0.95				
	203	1	159.48685661052633	32.783409414385964	0.0	0.0	2	1.0252682362650898	-10.069316510294962	138.0	21	1.05	0.95				
	204	1	65.56681882877193	13.290571384210528	0.0	0.0	2	1.020664977224761	-14.814642623313212	138.0	21	1.05	0.95				
	205	1	62.90870455192983	12.404533291929827	0.0	0.0	2	1.0383227875835273	-15.335347865976217	138.0	21	1.05	0.95				
	206	1	120.50118055017546	24.809066583859654	0.0	-100.0	2	1.0363130575670592	-16.995397008156235	138.0	22	1.05	0.95				
	207	2	110.75476153508772	22.150952307017548	0.0	0.0	2	0.95	-27.175872041427017	138.0	22	1.05	0.95				
	208	1	151.51251378	31.01133322982456	0.0	0.0	2	0.9540997746293849	-23.967209701567604	138.0	22	1.05	0.95				
	209	1	155.05666614912283	31.89737132210527	0.0	0.0	2	1.0256238114358867	-11.945780982072709	138.0	23	1.05	0.95				
	210	1	172.77742799473685	35.44152369122808	0.0	0.0	2	1.0490761204200891	-14.064154803064698	138.0	23	1.05	0.95				
	211	1	0.0	0.0	0.0	0.0	2	1.0322588199111857	-6.978127222395871	230.0	23	1.05	0.95				
	212	1	0.0	0.0	0.0	0.0	2	1.026458281426155	-2.516284152732903	230.0	23	1.05	0.95				
	213	2	234.800094454386	47.8460569831579	0.0	0.0	2	1.05	-2.5879730695718113	230.0	24	1.05	0.95				
	214	2	171.89138990245615	34.55548559894737	0.0	0.0	2	1.05	-5.067366943537681	230.0	26	1.05	0.95				
	215	2	280.8740752529825	56.706437905964926	0.0	0.0	2	1.0449303449663845	3.171843890586068	230.0	26	1.05	0.95				
	216	2	88.60380922807019	17.72076184561404	0.0	0.0	2	1.0489846696544258	3.1168736638329655	230.0	26	1.05	0.95				
	217	1	0.0	0.0	0.0	0.0	2	1.0497314894171543	6.173635499383686	230.0	27	1.05	0.95				
	218	2	295.05068472947374	60.25059027508773	0.0	0.0	2	1.05	6.7433135159216535	230.0	27	1.05	0.95				
	219	1	160.37289470280706	32.783409414385964	0.0	0.0	2	1.0425990772638756	2.8341029037315955	230.0	25	1.05	0.95				
	220	1	113.41287581192985	23.036990399298247	0.0	0.0	2	1.0452948401784583	4.244580992710027	230.0	25	1.05	0.95				
	221	2	0.0	0.0	0.0	0.0	2	1.05	7.282840412898792	230.0	27	1.05	0.95				
	222	2	0.0	0.0	0.0	0.0	2	1.05	13.359653659518338	230.0	27	1.05	0.95				
	223	2	0.0	0.0	0.0	0.0	2	1.05	5.659258658921705	230.0	25	1.05	0.95				
	224	1	0.0	0.0	0.0	0.0	2	1.0207517667604529	-1.7498102856706577	230.0	26	1.05	0.95				
	301	2	75.98608037052632	15.47864600140351	0.0	0.0	3	1.001259099044537	-10.41910415031498	138.0	31	1.05	0.95				
	302	2	68.24675736982456	14.071496364912282	0.0	0.0	3	1.0013979369048507	-10.541405685284975	138.0	32	1.05	0.95				
	303	1	126.64346728421054	26.032268275087723	0.0	0.0	3	1.01345161283705	-4.133295359823929	138.0	31	1.05	0.95				
	304	1	52.06453655017545	10.553622273684212	0.0	0.0	3	0.9967996264826304	-8.095304200698887	138.0	31	1.05	0.95				
	305	1	49.9538120954386	9.850047455438599	0.0	0.0	3	1.0107049900660334	-8.474731991846431	138.0	31	1.05	0.95				
	306	1	95.68617528140352	19.700094910877198	0.0	-100.0	3	1.023650553887514	-8.162627415533148	138.0	32	1.05	0.95				
	307	2	87.94685228070176	17.58937045614035	0.0	0.0	3	0.9807225165194614	-14.618428171344922	138.0	32	1.05	0.95				
	308	1	120.31129392	24.62511863859649	0.0	0.0	3	0.9835882296951488	-11.228213112292659	138.0	32	1.05	0.95				
	309	1	123.12559319298246	25.328693456842107	0.0	0.0	3	1.019418242893359	-3.183031426580779	138.0	33	1.05	0.95				
	310	1	137.19708955789474	28.142992729824563	0.0	0.0	3	1.041871767575024	-4.238249946955288	138.0	33	1.05	0.95				
	311	1	0.0	0.0	0.0	0.0	3	1.0134354036294608	3.7434184273524913	230.0	33	1.05	0.95				
	312	1	0.0	0.0	0.0	0.0	3	1.0152256692763184	4.697518002454461	230.0	33	1.05	0.95				
	313	2	186.44732683508772	37.99304018526316	0.0	0.0	3	1.0379590851974034	10.969181949771565	230.0	34	1.05	0.95				
	314	2	136.49351473964913	27.43941791157895	0.0	0.0	3	1.0224103919302203	4.648959243652076	230.0	36	1.05	0.95				
	315	2	223.03321738385966	45.0287883677193	0.0	0.0	3	1.0417095540433214	4.408406736142181	230.0	36	1.05	0.95				
	316	2	70.3574818245614	14.071496364912282	0.0	0.0	3	1.039456669297028	5.189091496987978	230.0	36	1.05	0.95				
	317	1	0.0	0.0	0.0	0.0	3	1.0435547697090337	6.01335076930403	230.0	37	1.05	0.95				
	318	2	234.29041447578948	47.84308764070176	0.0	0.0	3	1.0436436204672723	5.642936338569873	230.0	37	1.05	0.95				
	319	1	127.34704210245616	26.032268275087723	0.0	0.0	3	1.0364693660484865	6.316506045435554	230.0	35	1.05	0.95				
	320	1	90.0575767354386	18.292945274385968	0.0	0.0	3	1.0370521700932411	7.339697791603371	230.0	35	1.05	0.95				
	321	2	0.0	0.0	0.0	0.0	3	1.0465164243098046	6.898281882978211	230.0	37	1.05	0.95				
	322	2	0.0	0.0	0.0	0.0	3	1.05	12.190135229887298	230.0	37	1.05	0.95				
	323	2	0.0	0.0	0.0	0.0	3	1.037907293426198	7.826968524216361	230.0	35	1.05	0.95				
	324	1	0.0	0.0	0.0	0.0	3	1.0226968879872778	3.0361170385265184	230.0	36	1.05	0.95				
	325	1	0.0	0.0	0.0	0.0	3	1.038805373632119	8.199088087424181	230.0	35	1.05	0.95				
];
