%% MATPOWER Case Format : Version 2
function mpc = RTS_GMLC
mpc.version = '2';

%%-----  Power Flow Data  -----%%
%% system MVA base
mpc.baseMVA = 100.0;
%% bus data
%    bus_i    type    Pd    Qd    Gs    Bs    area    Vm    Va    baseKV    zone    Vmax    Vmin
mpc.bus = [
	101	2	81.69470560421053	16.641514104561402	0.0	0.0	1	1.0442617605739184	0.3070167519524026	138.0	11	1.05	0.95				
	102	2	73.37394855192981	15.128649185964912	0.0	0.0	1	1.0435516269215173	0.04809718273166404	138.0	12	1.05	0.95				
	103	1	136.1578426736842	27.988000994035083	0.0	0.0	1	1.0264394058059405	-1.3334381154353363	138.0	11	1.05	0.95				
	104	1	55.976001988070166	11.346486889473683	0.0	0.0	1	1.0233397498494852	-3.403024342909227	138.0	11	1.05	0.95				
	105	1	53.70670461017543	10.590054430175439	0.0	0.0	1	1.0363519090824458	-3.768815782948192	138.0	11	1.05	0.95				
	106	1	102.8748144645614	21.180108860350877	0.0	-100.0	1	1.0379163345940123	-6.784147666197113	138.0	12	1.05	0.95				
	107	2	94.55405741228068	18.91081148245614	0.0	0.0	1	1.044351457263469	-5.335993099250325	138.0	12	1.05	0.95				
	108	1	129.34995053999998	26.475136075438595	0.0	0.0	1	1.02220713722502	-7.475861662220436	138.0	12	1.05	0.95				
	109	1	132.37568037719296	27.231568534736837	0.0	0.0	1	1.0271104590969626	-4.14827144807067	138.0	13	1.05	0.95				
	110	1	147.50432956315788	30.257298371929824	0.0	0.0	1	1.05	-5.573260239997877	138.0	13	1.05	0.95				
	111	1	0.0	0.0	0.0	0.0	1	1.0126063953895528	-1.7406475175920597	230.0	13	1.05	0.95				
	112	1	0.0	0.0	0.0	0.0	1	1.0163541593158674	-1.0650316929583168	230.0	13	1.05	0.95				
	113	3	200.45460171403505	40.84735280210526	0.0	0.0	1	1.01337348061637	1.1594359814888315e-29	230.0	14	1.05	0.95				
	114	2	146.74789710385963	29.50086591263158	0.0	0.0	1	1.012575786427457	-0.07907673244147219	230.0	16	1.05	0.95				
	115	2	239.7890895975438	48.411677395087715	0.0	0.0	1	1.0436619138480019	7.624210871237941	230.0	16	1.05	0.95				
	116	2	75.64324592982456	15.128649185964912	0.0	0.0	1	1.04088265850654	6.839899381178933	230.0	16	1.05	0.95				
	117	1	0.0	0.0	0.0	0.0	1	1.045111113307911	9.641943911785832	230.0	17	1.05	0.95				
	118	2	251.89200894631577	51.4374072322807	0.0	0.0	1	1.0470901078712256	10.110385950262868	230.0	17	1.05	0.95				
	119	1	136.91427513298245	27.988000994035083	0.0	0.0	1	1.0343776560078064	5.385633650796295	230.0	15	1.05	0.95				
	120	1	96.82335479017543	19.667243941754382	0.0	0.0	1	1.0346702475670413	5.124218969610475	230.0	15	1.05	0.95				
	121	2	0.0	0.0	0.0	0.0	1	1.05	11.853016184112768	230.0	17	1.05	0.95				
	122	2	0.0	0.0	0.0	0.0	1	1.05	17.497165410093576	230.0	17	1.05	0.95				
	123	2	0.0	0.0	0.0	0.0	1	1.0368625866339911	5.544610316946639	230.0	15	1.05	0.95				
	124	1	0.0	0.0	0.0	0.0	1	1.0259014258664303	4.294795167944775	230.0	16	1.05	0.95				
	201	2	79.59326301473686	16.213442465964913	0.0	0.0	2	1.0383436448599939	-14.895770829823036	138.0	21	1.05	0.95				
	202	2	71.48654178175438	14.739493150877195	0.0	0.0	2	1.03854607367697	-15.00648746142094	138.0	22	1.05	0.95				
	203	1	132.65543835789475	27.26806232912281	0.0	0.0	2	1.024855152809433	-11.010890523643376	138.0	21	1.05	0.95				
	204	1	54.53612465824562	11.054619863157896	0.0	0.0	2	1.0182538145462874	-16.629045859884986	138.0	21	1.05	0.95				
	205	1	52.325200685614035	10.317645205614037	0.0	0.0	2	1.0347484571968972	-17.118386520995035	138.0	21	1.05	0.95				
	206	1	100.22855342596493	20.635290411228073	0.0	-100.0	2	1.0384461363702027	-19.062180102407858	138.0	22	1.05	0.95				
	207	2	92.12183219298247	18.424366438596493	0.0	0.0	2	0.9617564710291627	-30.04057584727978	138.0	22	1.05	0.95				
	208	1	126.02266644	25.794113014035087	0.0	0.0	2	0.9661470330096115	-26.37215540551039	138.0	22	1.05	0.95				
	209	1	128.97056507017547	26.531087671578952	0.0	0.0	2	1.0248779636684142	-14.977457128093121	138.0	23	1.05	0.95				
	210	1	143.71005822105266	29.47898630175439	0.0	0.0	2	1.05	-17.060737045310717	138.0	23	1.05	0.95				
	211	1	0.0	0.0	0.0	0.0	2	1.0273597620817114	-11.148762742129621	230.0	23	1.05	0.95				
	212	1	0.0	0.0	0.0	0.0	2	1.021802241109222	-8.270132629107767	230.0	23	1.05	0.95				
	213	2	195.29828424912282	39.79663150736843	0.0	0.0	2	1.0349861846302806	-9.043948478921026	230.0	24	1.05	0.95				
	214	2	142.97308356350877	28.74201164421053	0.0	0.0	2	1.0434909637534684	-8.273891924367767	230.0	26	1.05	0.95				
	215	2	233.6209664414035	47.16637808280702	0.0	0.0	2	1.0444260085063508	0.6823547971487347	230.0	26	1.05	0.95				
	216	2	73.69746575438597	14.739493150877195	0.0	0.0	2	1.04668602910255	0.3489464708267357	230.0	26	1.05	0.95				
	217	1	0.0	0.0	0.0	0.0	2	1.0474160579064529	3.317772896699664	230.0	27	1.05	0.95				
	218	2	245.41256096210532	50.114276712982466	0.0	0.0	2	1.0485406301701283	3.6329717159213457	230.0	27	1.05	0.95				
	219	1	133.3924130154386	27.26806232912281	0.0	0.0	2	1.042849351915465	0.09428959243127236	230.0	25	1.05	0.95				
	220	1	94.33275616561404	19.16134109614035	0.0	0.0	2	1.0459450594694253	1.2528678330683591	230.0	25	1.05	0.95				
	221	2	0.0	0.0	0.0	0.0	2	1.048777082803224	3.6010594148708917	230.0	27	1.05	0.95				
	222	2	0.0	0.0	0.0	0.0	2	1.05	10.000876817036996	230.0	27	1.05	0.95				
	223	2	0.0	0.0	0.0	0.0	2	1.05	2.4229594582009324	230.0	25	1.05	0.95				
	224	1	0.0	0.0	0.0	0.0	2	1.0224269844532539	-3.66187000565536	230.0	26	1.05	0.95				
	301	2	69.81904458947369	14.222397971929826	0.0	0.0	3	1.0002110156508983	-1.0185021377658647	138.0	31	1.05	0.95				
	302	2	62.70784560350877	12.929452701754387	0.0	0.0	3	1.0012555636008307	-1.0807791286859276	138.0	32	1.05	0.95				
	303	1	116.36507431578949	23.919487498245616	0.0	0.0	3	1.0152690708257999	2.6341980764698687	138.0	31	1.05	0.95				
	304	1	47.83897499649123	9.69708952631579	0.0	0.0	3	1.0024932394085166	1.2148079660058895	138.0	31	1.05	0.95				
	305	1	45.89955709122807	9.050616891228072	0.0	0.0	3	1.0149623838052855	1.1062191485710762	138.0	31	1.05	0.95				
	306	1	87.92027837192984	18.101233782456145	0.0	-100.0	3	1.03171730501657	1.5735349782584709	138.0	32	1.05	0.95				
	307	2	80.80907938596492	16.161815877192982	0.0	0.0	3	0.9887195054966804	-3.1610908521519425	138.0	32	1.05	0.95				
	308	1	110.5468206	22.626542228070175	0.0	0.0	3	0.9967141112710064	-0.1970805039816888	138.0	32	1.05	0.95				
	309	1	113.13271114035088	23.273014863157897	0.0	0.0	3	1.0270450943786689	5.721281693879915	138.0	33	1.05	0.95				
	310	1	126.06216384210526	25.858905403508775	0.0	0.0	3	1.05	5.293678788104534	138.0	33	1.05	0.95				
	311	1	0.0	0.0	0.0	0.0	3	1.0181574074979893	12.275492229330357	230.0	33	1.05	0.95				
	312	1	0.0	0.0	0.0	0.0	3	1.0227440794378937	13.594579050810266	230.0	33	1.05	0.95				
	313	2	171.31524829824562	34.909522294736846	0.0	0.0	3	1.0466254354244142	20.89462341046103	230.0	34	1.05	0.95				
	314	2	125.41569120701755	25.212432768421056	0.0	0.0	3	1.0214045387103614	11.288203894337554	230.0	36	1.05	0.95				
	315	2	204.93182532280704	41.37424864561404	0.0	0.0	3	1.0378986473580032	7.138098494032598	230.0	36	1.05	0.95				
	316	2	64.64726350877193	12.929452701754387	0.0	0.0	3	1.0391976682874793	8.646951305971555	230.0	36	1.05	0.95				
	317	1	0.0	0.0	0.0	0.0	3	1.0423008720526943	7.668551631661061	230.0	37	1.05	0.95				
	318	2	215.27538748421057	43.96013918596492	0.0	0.0	3	1.0410183159582174	6.581724873893	230.0	37	1.05	0.95				
	319	1	117.0115469508772	23.919487498245616	0.0	0.0	3	1.0384279386491888	11.093620248217482	230.0	35	1.05	0.95				
	320	1	82.74849729122808	16.808288512280704	0.0	0.0	3	1.040680153298669	12.93293168962815	230.0	35	1.05	0.95				
	321	2	0.0	0.0	0.0	0.0	3	1.0418235991747236	7.582243425323896	230.0	37	1.05	0.95				
	322	2	0.0	0.0	0.0	0.0	3	1.05	11.9390769999106	230.0	37	1.05	0.95				
	323	2	0.0	0.0	0.0	0.0	3	1.042051772320033	13.637748257255298	230.0	35	1.05	0.95				
	324	1	0.0	0.0	0.0	0.0	3	1.0249230161589975	7.343827456365041	230.0	36	1.05	0.95				
	325	1	0.0	0.0	0.0	0.0	3	1.0438627813876182	13.490531444048564	230.0	35	1.05	0.95				
];
