%% MATPOWER Case Format : Version 2
function mpc = RTS_GMLC
mpc.version = '2';

%%-----  Power Flow Data  -----%%
%% system MVA base
mpc.baseMVA = 100.0;
%% bus data
%    bus_i    type    Pd    Qd    Gs    Bs    area    Vm    Va    baseKV    zone    Vmax    Vmin
mpc.bus = [
	101	2	82.95051956210527	16.89732805894737	0.0	0.0	1	1.0315994671211095	-3.9654878445607977	138.0	11	1.05	0.95				
	102	2	74.5018555326316	15.361207326315792	0.0	0.0	1	1.031616774077992	-4.023874602846741	138.0	12	1.05	0.95				
	103	1	138.25086593684213	28.418233553684214	0.0	0.0	1	1.0187387931512117	-4.244063501710602	138.0	11	1.05	0.95				
	104	1	56.83646710736843	11.520905494736843	0.0	0.0	1	1.0154306745538406	-6.695529987882238	138.0	11	1.05	0.95				
	105	1	54.53228600842106	10.752845128421054	0.0	0.0	1	1.0306195019391786	-6.763008035322635	138.0	11	1.05	0.95				
	106	1	104.45620981894739	21.505690256842108	0.0	-100.0	1	1.0355038525797393	-9.026528501737204	138.0	12	1.05	0.95				
	107	2	96.0075457894737	19.20150915789474	0.0	0.0	1	1.05	-5.959686623249104	138.0	12	1.05	0.95				
	108	1	131.33832264	26.882112821052633	0.0	0.0	1	1.0251248695511042	-8.53747987833467	138.0	12	1.05	0.95				
	109	1	134.41056410526318	27.65017318736842	0.0	0.0	1	1.026876287997296	-5.768143096930336	138.0	13	1.05	0.95				
	110	1	149.77177143157897	30.722414652631585	0.0	0.0	1	1.05	-7.168910701700281	138.0	13	1.05	0.95				
	111	1	0.0	0.0	0.0	0.0	1	1.0147890862004292	-2.417987482861032	230.0	13	1.05	0.95				
	112	1	0.0	0.0	0.0	0.0	1	1.017008453948055	-1.4746228247458908	230.0	13	1.05	0.95				
	113	3	203.53599707368423	41.475259781052635	0.0	0.0	1	1.01851363341331	-2.1139244431203434e-28	230.0	14	1.05	0.95				
	114	2	149.0037110652632	29.954354286315795	0.0	0.0	1	1.0176841178065938	-0.4547888265058246	230.0	16	1.05	0.95				
	115	2	243.47513612210528	49.15586344421053	0.0	0.0	1	1.0447840875971797	7.300853149531004	230.0	16	1.05	0.95				
	116	2	76.80603663157896	15.361207326315792	0.0	0.0	1	1.0438855072415152	6.953718775064837	230.0	16	1.05	0.95				
	117	1	0.0	0.0	0.0	0.0	1	1.0473541459892266	9.963958464027986	230.0	17	1.05	0.95				
	118	2	255.76410198315793	52.22810490947369	0.0	0.0	1	1.0492675026651839	10.611672728184965	230.0	17	1.05	0.95				
	119	1	139.0189263031579	28.418233553684214	0.0	0.0	1	1.0382485812133897	5.755217569908162	230.0	15	1.05	0.95				
	120	1	98.31172688842106	19.969569524210527	0.0	0.0	1	1.0402658456607126	6.161482179438985	230.0	15	1.05	0.95				
	121	2	0.0	0.0	0.0	0.0	1	1.05	11.382750892084012	230.0	17	1.05	0.95				
	122	2	0.0	0.0	0.0	0.0	1	1.05	17.33768326737086	230.0	17	1.05	0.95				
	123	2	0.0	0.0	0.0	0.0	1	1.0435883364546354	6.949421710848283	230.0	15	1.05	0.95				
	124	1	0.0	0.0	0.0	0.0	1	1.0205623826322063	3.0387068641182853	230.0	16	1.05	0.95				
	201	2	91.81614986526316	18.70328978736842	0.0	0.0	2	1.05	-13.445645143684954	138.0	21	1.05	0.95				
	202	2	82.46450497157893	17.002990715789473	0.0	0.0	2	1.05	-13.484649258982726	138.0	22	1.05	0.95				
	203	1	153.02691644210523	31.455532824210525	0.0	0.0	2	1.0253011593173864	-10.180751353721105	138.0	21	1.05	0.95				
	204	1	62.91106564842105	12.752243036842103	0.0	0.0	2	1.020798893413024	-15.341194665215488	138.0	21	1.05	0.95				
	205	1	60.36061704105262	11.902093501052631	0.0	0.0	2	1.038492027697443	-15.798307589088603	138.0	21	1.05	0.95				
	206	1	115.62033686736841	23.804187002105262	0.0	-100.0	2	1.036795897876946	-17.901416663294803	138.0	22	1.05	0.95				
	207	2	106.2686919736842	21.25373839473684	0.0	0.0	2	0.95	-28.90080160853978	138.0	22	1.05	0.95				
	208	1	145.37557062	29.755233752631575	0.0	0.0	2	0.9546764754976588	-25.470089358913654	138.0	22	1.05	0.95				
	209	1	148.7761687631579	30.605383288421052	0.0	0.0	2	1.0242407790985442	-13.454791057588636	138.0	23	1.05	0.95				
	210	1	165.77915947894735	34.005981431578945	0.0	0.0	2	1.0486969947261586	-15.555258872313072	138.0	23	1.05	0.95				
	211	1	0.0	0.0	0.0	0.0	2	1.0311764789765436	-7.9701919870965	230.0	23	1.05	0.95				
	212	1	0.0	0.0	0.0	0.0	2	1.0223159399206316	-6.578960112918236	230.0	23	1.05	0.95				
	213	2	225.28962698421049	45.90807493263158	0.0	0.0	2	1.05	-3.441802237730003	230.0	24	1.05	0.95				
	214	2	164.92900994315787	33.155831895789476	0.0	0.0	2	1.05	-5.699939047642178	230.0	26	1.05	0.95				
	215	2	269.49740284526314	54.40957029052631	0.0	0.0	2	1.0445045174046244	2.9356821439684433	230.0	26	1.05	0.95				
	216	2	85.01495357894736	17.002990715789473	0.0	0.0	2	1.0487477508985774	2.780726447313051	230.0	26	1.05	0.95				
	217	1	0.0	0.0	0.0	0.0	2	1.0493272411741033	5.991093577492342	230.0	27	1.05	0.95				
	218	2	283.0997954178947	57.810168433684204	0.0	0.0	2	1.05	6.607759541255941	230.0	27	1.05	0.95				
	219	1	153.87706597789472	31.455532824210525	0.0	0.0	2	1.0429105382863029	2.2990201512808572	230.0	25	1.05	0.95				
	220	1	108.81914058105262	22.103887930526316	0.0	0.0	2	1.0456079913434166	3.46883163485782	230.0	25	1.05	0.95				
	221	2	0.0	0.0	0.0	0.0	2	1.05	7.111498281390263	230.0	27	1.05	0.95				
	222	2	0.0	0.0	0.0	0.0	2	1.05	13.183848685470183	230.0	27	1.05	0.95				
	223	2	0.0	0.0	0.0	0.0	2	1.05	4.72627944307361	230.0	25	1.05	0.95				
	224	1	0.0	0.0	0.0	0.0	2	1.0206819191205638	-1.9414679863419526	230.0	26	1.05	0.95				
	301	2	71.88611199157894	14.64346725754386	0.0	0.0	3	1.0141837394608333	-17.11702853803577	138.0	31	1.05	0.95				
	302	2	64.56437836280702	13.31224296140351	0.0	0.0	3	1.0128344580109148	-17.47246854188262	138.0	32	1.05	0.95				
	303	1	119.81018665263159	24.627649478596492	0.0	0.0	3	1.0201589465841743	-11.75925237501304	138.0	31	1.05	0.95				
	304	1	49.255298957192984	9.984182221052631	0.0	0.0	3	1.0085153777362628	-16.20830686645841	138.0	31	1.05	0.95				
	305	1	47.258462512982454	9.318570072982457	0.0	0.0	3	1.0231868593964895	-16.827444973166767	138.0	31	1.05	0.95				
	306	1	90.52325213754386	18.637140145964914	0.0	-100.0	3	1.034590154146266	-17.411885696751092	138.0	32	1.05	0.95				
	307	2	83.20151850877193	16.640303701754387	0.0	0.0	3	1.0091690691452258	-18.734073694983692	138.0	32	1.05	0.95				
	308	1	113.81967732	23.296425182456137	0.0	0.0	3	1.0032921583165737	-18.588735330938185	138.0	32	1.05	0.95				
	309	1	116.48212591228071	23.962037330526314	0.0	0.0	3	1.0276113148185417	-12.455411356848748	138.0	33	1.05	0.95				
	310	1	129.79436887368422	26.62448592280702	0.0	0.0	3	1.05	-14.404412205514747	138.0	33	1.05	0.95				
	311	1	0.0	0.0	0.0	0.0	3	1.0196460187556287	-7.4763876386471395	230.0	33	1.05	0.95				
	312	1	0.0	0.0	0.0	0.0	3	1.0178988808708451	-6.0217650527402204	230.0	33	1.05	0.95				
	313	2	176.3872192385965	35.94305599578947	0.0	0.0	3	1.031349636629805	-2.707047450958001	230.0	34	1.05	0.95				
	314	2	129.12875672561404	25.95887377473684	0.0	0.0	3	1.0287056116951017	-5.776956215742258	230.0	36	1.05	0.95				
	315	2	210.9990509382456	42.59917747649123	0.0	0.0	3	1.0473282628503047	0.4552925252808862	230.0	36	1.05	0.95				
	316	2	66.56121480701755	13.31224296140351	0.0	0.0	3	1.0460603818382488	0.6695254016727713	230.0	36	1.05	0.95				
	317	1	0.0	0.0	0.0	0.0	3	1.0479953228758732	2.5285810094003787	230.0	37	1.05	0.95				
	318	2	221.64884530736845	45.26162606877193	0.0	0.0	3	1.0477021689615458	2.5304292912106217	230.0	37	1.05	0.95				
	319	1	120.47579880070177	24.627649478596492	0.0	0.0	3	1.0429758375457112	1.0633742250307092	230.0	35	1.05	0.95				
	320	1	85.19835495298246	17.30591584982456	0.0	0.0	3	1.046054316855899	2.6534451556629186	230.0	35	1.05	0.95				
	321	2	0.0	0.0	0.0	0.0	3	1.05	3.7628074668716516	230.0	37	1.05	0.95				
	322	2	0.0	0.0	0.0	0.0	3	1.05	9.053800721578705	230.0	37	1.05	0.95				
	323	2	0.0	0.0	0.0	0.0	3	1.05	4.008579230373154	230.0	35	1.05	0.95				
	324	1	0.0	0.0	0.0	0.0	3	1.0217578563805716	-4.051387354653553	230.0	36	1.05	0.95				
	325	1	0.0	0.0	0.0	0.0	3	1.048930887816357	4.6212143667717775	230.0	35	1.05	0.95				
];

%% generator data
%    bus    Pg    Qg    Qmax    Qmin    Vg    mBase    status    Pmax    Pmin    Pc1    Pc2    Qc1min    Qc1max    Qc2min    Qc2max    ramp_agc    ramp_10    ramp_30    ramp_q    apf
