%% MATPOWER Case Format : Version 2
function mpc = RTS_GMLC
mpc.version = '2';

%%-----  Power Flow Data  -----%%
%% system MVA base
mpc.baseMVA = 100.0;
%% bus data
%    bus_i    type    Pd    Qd    Gs    Bs    area    Vm    Va    baseKV    zone    Vmax    Vmin
mpc.bus = [
	101	2	66.03711032842105	13.452003955789474	0.0	0.0	1	1.0391530076164712	-0.021246405755966723	138.0	11	1.05	0.95				
	102	2	59.31110835052632	12.22909450526316	0.0	0.0	1	1.0380410687322068	-0.38740612745416425	138.0	12	1.05	0.95				
	103	1	110.06185054736844	22.62382483473684	0.0	0.0	1	1.0257737873279011	-0.4160906845349892	138.0	11	1.05	0.95				
	104	1	45.24764966947368	9.171820878947369	0.0	0.0	1	1.0211940776036126	-3.6137388042747633	138.0	11	1.05	0.95				
	105	1	43.413285493684214	8.56036615368421	0.0	0.0	1	1.0359284869616674	-3.7306839974806496	138.0	11	1.05	0.95				
	106	1	83.15784263578948	17.12073230736842	0.0	-100.0	1	1.0410952766907513	-6.447327052009479	138.0	12	1.05	0.95				
	107	2	76.43184065789474	15.286368131578948	0.0	0.0	1	0.9982722587914693	-14.760582711168029	138.0	12	1.05	0.95				
	108	1	104.55875802000001	21.400915384210524	0.0	0.0	1	0.9953558093837952	-12.48631036979697	138.0	12	1.05	0.95				
	109	1	107.00457692105263	22.012370109473682	0.0	0.0	1	1.024894460639664	-4.21555052870882	138.0	13	1.05	0.95				
	110	1	119.2336714263158	24.45818901052632	0.0	0.0	1	1.05	-5.5920248874744125	138.0	13	1.05	0.95				
	111	1	0.0	0.0	0.0	0.0	1	1.0136827638859898	-1.0312974395909995	230.0	13	1.05	0.95				
	112	1	0.0	0.0	0.0	0.0	1	1.0154116746172386	-1.1102108995519206	230.0	13	1.05	0.95				
	113	3	162.03550219473684	33.018555164210525	0.0	0.0	1	1.012267919776118	5.227121266322285e-31	230.0	14	1.05	0.95				
	114	2	118.62221670105264	23.84673428526316	0.0	0.0	1	1.0204241711002806	1.965537906886308	230.0	16	1.05	0.95				
	115	2	193.83114790842106	39.13310241684211	0.0	0.0	1	1.042136897146214	10.764398667350795	230.0	16	1.05	0.95				
	116	2	61.14547252631579	12.22909450526316	0.0	0.0	1	1.039835434450978	9.901235853146543	230.0	16	1.05	0.95				
	117	1	0.0	0.0	0.0	0.0	1	1.041838776372442	14.82515182900858	230.0	17	1.05	0.95				
	118	2	203.6144235126316	41.57892131789474	0.0	0.0	1	1.05	15.006402117280993	230.0	17	1.05	0.95				
	119	1	110.6733052726316	22.62382483473684	0.0	0.0	1	1.0336546767605783	7.0937113782882495	230.0	15	1.05	0.95				
	120	1	78.26620483368421	15.897822856842106	0.0	0.0	1	1.0344988907651176	5.70500916669607	230.0	15	1.05	0.95				
	121	2	0.0	0.0	0.0	0.0	1	1.05	16.51780539235802	230.0	17	1.05	0.95				
	122	2	0.0	0.0	0.0	0.0	1	1.05	33.576892940391154	230.0	17	1.05	0.95				
	123	2	0.0	0.0	0.0	0.0	1	1.0363489024421386	5.400249946040906	230.0	15	1.05	0.95				
	124	1	0.0	0.0	0.0	0.0	1	1.0220349143304144	6.598982179209481	230.0	16	1.05	0.95				
	201	2	58.989453802105274	12.016370218947369	0.0	0.0	2	1.0232727776944899	-15.528120636938638	138.0	21	1.05	0.95				
	202	2	52.98126869263158	10.923972926315791	0.0	0.0	2	1.024242455524121	-15.359681536828669	138.0	22	1.05	0.95				
	203	1	98.31575633684211	20.209349913684214	0.0	0.0	2	1.0164742646914187	-13.330227695306293	138.0	21	1.05	0.95				
	204	1	40.41869982736843	8.192979694736842	0.0	0.0	2	1.015083154836591	-16.676842278200155	138.0	21	1.05	0.95				
	205	1	38.78010388842105	7.6467810484210545	0.0	0.0	2	1.029816680455336	-17.111396702791183	138.0	21	1.05	0.95				
	206	1	74.28301589894738	15.293562096842109	0.0	-100.0	2	1.0407106197148221	-18.481346034064998	138.0	22	1.05	0.95				
	207	2	68.2748307894737	13.654966157894737	0.0	0.0	2	0.9889687422667266	-26.298921802625998	138.0	22	1.05	0.95				
	208	1	93.39996852000002	19.116952621052633	0.0	0.0	2	0.991540128349939	-23.720960834795967	138.0	22	1.05	0.95				
	209	1	95.58476310526316	19.663151267368423	0.0	0.0	2	1.0238924124676374	-15.512785575001447	138.0	23	1.05	0.95				
	210	1	106.50873603157895	21.847945852631582	0.0	0.0	2	1.05	-16.965084324118223	138.0	23	1.05	0.95				
	211	1	0.0	0.0	0.0	0.0	2	1.0137502650469	-11.856278912206502	230.0	23	1.05	0.95				
	212	1	0.0	0.0	0.0	0.0	2	1.0134256486985869	-10.795665804220297	230.0	23	1.05	0.95				
	213	2	144.74264127368423	29.494726901052637	0.0	0.0	2	1.0144937867967947	-10.222737141446975	230.0	24	1.05	0.95				
	214	2	105.96253738526316	21.30174720631579	0.0	0.0	2	1.0209244348063988	-8.887245969078256	230.0	26	1.05	0.95				
	215	2	173.14497088210527	34.95671336421053	0.0	0.0	2	1.0365042084103036	-1.0210219364491908	230.0	26	1.05	0.95				
	216	2	54.61986463157895	10.923972926315791	0.0	0.0	2	1.0381043924889555	-1.3791309801028198	230.0	26	1.05	0.95				
	217	1	0.0	0.0	0.0	0.0	2	1.0401866392119445	0.9499194395651072	230.0	27	1.05	0.95				
	218	2	181.88414922315792	37.14150794947369	0.0	0.0	2	1.0396862620701623	0.527160145794214	230.0	27	1.05	0.95				
	219	1	98.8619549831579	20.209349913684214	0.0	0.0	2	1.038815338629194	-1.4648181472998802	230.0	25	1.05	0.95				
	220	1	69.91342672842106	14.201164804210528	0.0	0.0	2	1.0436243472186666	-0.5050713634230806	230.0	25	1.05	0.95				
	221	2	0.0	0.0	0.0	0.0	2	1.04062950453664	0.8033451765948969	230.0	27	1.05	0.95				
	222	2	0.0	0.0	0.0	0.0	2	1.05	7.364161906977148	230.0	27	1.05	0.95				
	223	2	0.0	0.0	0.0	0.0	2	1.0476177798072899	0.42033760615535376	230.0	25	1.05	0.95				
	224	1	0.0	0.0	0.0	0.0	2	1.0136225596774004	-5.592638442602546	230.0	26	1.05	0.95				
	301	2	55.22999051368422	11.250553623157895	0.0	0.0	3	1.0057297020524514	-8.350260220693288	138.0	31	1.05	0.95				
	302	2	49.60471370210527	10.227776021052632	0.0	0.0	3	1.005256946493225	-8.463922243490348	138.0	32	1.05	0.95				
	303	1	92.0499841894737	18.92138563894737	0.0	0.0	3	1.0259868578635458	-2.763095748024489	138.0	31	1.05	0.95				
	304	1	37.84277127789474	7.670832015789474	0.0	0.0	3	1.007836494997749	-6.801488887641772	138.0	31	1.05	0.95				
	305	1	36.308604874736844	7.159443214736844	0.0	0.0	3	1.0208382156642553	-7.390717254849255	138.0	31	1.05	0.95				
	306	1	69.54887694315791	14.318886429473688	0.0	-100.0	3	1.0372565366101223	-7.443707359608041	138.0	32	1.05	0.95				
	307	2	63.92360013157895	12.78472002631579	0.0	0.0	3	0.9934730057166228	-12.484027252317524	138.0	32	1.05	0.95				
	308	1	87.44748498	17.898608036842106	0.0	0.0	3	0.9988688193291726	-10.145773447214967	138.0	32	1.05	0.95				
	309	1	89.49304018421054	18.409996837894738	0.0	0.0	3	1.0269509961445233	-3.355921233777854	138.0	33	1.05	0.95				
	310	1	99.72081620526316	20.455552042105264	0.0	0.0	3	1.05	-4.789796066432158	138.0	33	1.05	0.95				
	311	1	0.0	0.0	0.0	0.0	3	1.0105831283461941	0.9359114147970805	230.0	33	1.05	0.95				
	312	1	0.0	0.0	0.0	0.0	3	1.0141370225461384	1.859801372579777	230.0	33	1.05	0.95				
	313	2	135.51803227894737	27.61499525684211	0.0	0.0	3	1.0171444600698178	5.861146176831294	230.0	34	1.05	0.95				
	314	2	99.20942740421054	19.944163241052635	0.0	0.0	3	1.0119364147400434	1.690748322843624	230.0	36	1.05	0.95				
	315	2	162.1102499336842	32.728883267368424	0.0	0.0	3	1.0369005936356646	3.4600817162043023	230.0	36	1.05	0.95				
	316	2	51.13888010526316	10.227776021052632	0.0	0.0	3	1.0359037746461095	4.043346550507951	230.0	36	1.05	0.95				
	317	1	0.0	0.0	0.0	0.0	3	1.0474426573564084	7.389176792908863	230.0	37	1.05	0.95				
	318	2	170.29247075052635	34.774438471578954	0.0	0.0	3	1.0449235914329362	5.405778650942464	230.0	37	1.05	0.95				
	319	1	92.56137299052632	18.92138563894737	0.0	0.0	3	1.0321837525012914	4.63731478680054	230.0	35	1.05	0.95				
	320	1	65.45776653473685	13.296108827368421	0.0	0.0	3	1.0308532082153832	5.315804311108637	230.0	35	1.05	0.95				
	321	2	0.0	0.0	0.0	0.0	3	1.0434425735046835	5.369296271384955	230.0	37	1.05	0.95				
	322	2	0.0	0.0	0.0	0.0	3	1.05	10.49675739473697	230.0	37	1.05	0.95				
	323	2	0.0	0.0	0.0	0.0	3	1.03086624313865	5.9407713146002035	230.0	35	1.05	0.95				
	324	1	0.0	0.0	0.0	0.0	3	1.025888368219311	2.159289473827764	230.0	36	1.05	0.95				
	325	1	0.0	0.0	0.0	0.0	3	1.0301346908903448	6.84040794899223	230.0	35	1.05	0.95				
];
