%% MATPOWER Case Format : Version 2
function mpc = RTS_GMLC
mpc.version = '2';

%%-----  Power Flow Data  -----%%
%% system MVA base
mpc.baseMVA = 100.0;
%% bus data
%    bus_i    type    Pd    Qd    Gs    Bs    area    Vm    Va    baseKV    zone    Vmax    Vmin
mpc.bus = [
	101	2	88.22761010526315	17.972290947368418	0.0	0.0	1	1.0315782367274777	-4.372704511322496	138.0	11	1.05	0.95				
	102	2	79.24146463157894	16.338446315789472	0.0	0.0	1	1.0315359158923898	-4.455224201361214	138.0	12	1.05	0.95				
	103	1	147.04601684210525	30.226125684210526	0.0	0.0	1	1.014937112122127	-3.5674896980021646	138.0	11	1.05	0.95				
	104	1	60.45225136842105	12.253834736842103	0.0	0.0	1	1.014119846067742	-6.985284636673942	138.0	11	1.05	0.95				
	105	1	58.001484421052616	11.436912421052632	0.0	0.0	1	1.0299470832826707	-7.158353622317724	138.0	11	1.05	0.95				
	106	1	111.10143494736842	22.873824842105265	0.0	-100.0	1	1.0340406323558586	-9.4612500514659	138.0	12	1.05	0.95				
	107	2	102.1152894736842	20.42305789473684	0.0	0.0	1	1.05	-6.308027368661259	138.0	12	1.05	0.95				
	108	1	139.69371599999997	28.592281052631574	0.0	0.0	1	1.0235145731414281	-8.934348163945977	138.0	12	1.05	0.95				
	109	1	142.96140526315787	29.40920336842105	0.0	0.0	1	1.026323971265289	-5.74073662244602	138.0	13	1.05	0.95				
	110	1	159.29985157894734	32.676892631578944	0.0	0.0	1	1.05	-7.397075999006766	138.0	13	1.05	0.95				
	111	1	0.0	0.0	0.0	0.0	1	1.0184967348701464	-2.049318083960288	230.0	13	1.05	0.95				
	112	1	0.0	0.0	0.0	0.0	1	1.0182498229588024	-1.3308895537180694	230.0	13	1.05	0.95				
	113	3	216.48441368421052	44.11380505263158	0.0	0.0	1	1.0222101023164785	1.057046985542403e-29	230.0	14	1.05	0.95				
	114	2	158.48292926315787	31.85997031578947	0.0	0.0	1	1.0271082890987755	0.6496724770921105	230.0	16	1.05	0.95				
	115	2	258.9643741052631	52.28302821052632	0.0	0.0	1	1.0424418762023844	10.051740342734817	230.0	16	1.05	0.95				
	116	2	81.69223157894736	16.338446315789472	0.0	0.0	1	1.0430681901856524	9.468253137636673	230.0	16	1.05	0.95				
	117	1	0.0	0.0	0.0	0.0	1	1.0454667276861471	13.685168727053323	230.0	17	1.05	0.95				
	118	2	272.0351311578947	55.55071747368421	0.0	0.0	1	1.05	14.213773389112005	230.0	17	1.05	0.95				
	119	1	147.86293915789471	30.226125684210526	0.0	0.0	1	1.0387569447352312	7.515997813845681	230.0	15	1.05	0.95				
	120	1	104.56605642105264	21.239980210526316	0.0	0.0	1	1.042850824329502	7.358107039708218	230.0	15	1.05	0.95				
	121	2	0.0	0.0	0.0	0.0	1	1.05	15.00902370346759	230.0	17	1.05	0.95				
	122	2	0.0	0.0	0.0	0.0	1	1.05	26.86322443279728	230.0	17	1.05	0.95				
	123	2	0.0	0.0	0.0	0.0	1	1.047396298598273	7.868171577599441	230.0	15	1.05	0.95				
	124	1	0.0	0.0	0.0	0.0	1	1.0148465321353368	5.025571227932338	230.0	16	1.05	0.95				
	201	2	90.38816306526316	18.412403587368424	0.0	0.0	2	1.05	-12.825638916316224	138.0	21	1.05	0.95				
	202	2	81.18196127157896	16.738548715789474	0.0	0.0	2	1.05	-12.859415078164558	138.0	22	1.05	0.95				
	203	1	150.64693844210527	30.966315124210524	0.0	0.0	2	1.0264949170607252	-9.813692300137019	138.0	21	1.05	0.95				
	204	1	61.93263024842105	12.553911536842104	0.0	0.0	2	1.0215869848739754	-14.763795221350778	138.0	21	1.05	0.95				
	205	1	59.42184794105263	11.716984101052633	0.0	0.0	2	1.0390964628899426	-15.195536348771354	138.0	21	1.05	0.95				
	206	1	113.82213126736845	23.433968202105266	0.0	-100.0	2	1.0378630728194236	-17.294024777318715	138.0	22	1.05	0.95				
	207	2	104.6159294736842	20.923185894736843	0.0	0.0	2	0.95	-28.609584774156676	138.0	22	1.05	0.95				
	208	1	143.11459152	29.29246025263158	0.0	0.0	2	0.9552653238022476	-25.029290941914034	138.0	22	1.05	0.95				
	209	1	146.46230126315788	30.12938768842105	0.0	0.0	2	1.0251567589665322	-12.974537751817675	138.0	23	1.05	0.95				
	210	1	163.20084997894736	33.47709743157895	0.0	0.0	2	1.049556706522959	-15.013304048548884	138.0	23	1.05	0.95				
	211	1	0.0	0.0	0.0	0.0	2	1.031597683200521	-7.517102524839392	230.0	23	1.05	0.95				
	212	1	0.0	0.0	0.0	0.0	2	1.0229345594037194	-6.1717489877468	230.0	23	1.05	0.95				
	213	2	221.7857704842105	45.19408153263158	0.0	0.0	2	1.05	-3.122989225404143	230.0	24	1.05	0.95				
	214	2	162.3639225431579	32.64016999578948	0.0	0.0	2	1.05	-5.177653956415793	230.0	26	1.05	0.95				
	215	2	265.3059971452632	53.563355890526324	0.0	0.0	2	1.0452251951739382	3.4297625930449516	230.0	26	1.05	0.95				
	216	2	83.69274357894737	16.738548715789474	0.0	0.0	2	1.049261845481924	3.310155554119487	230.0	26	1.05	0.95				
	217	1	0.0	0.0	0.0	0.0	2	1.0498223960680664	6.609036864304846	230.0	27	1.05	0.95				
	218	2	278.69683611789475	56.911065633684224	0.0	0.0	2	1.05	7.220445875072198	230.0	27	1.05	0.95				
	219	1	151.48386587789474	30.966315124210524	0.0	0.0	2	1.0433599270355554	2.7836001543734983	230.0	25	1.05	0.95				
	220	1	107.12671178105265	21.760113330526316	0.0	0.0	2	1.0458315985007347	3.888667834522478	230.0	25	1.05	0.95				
	221	2	0.0	0.0	0.0	0.0	2	1.05	7.685858861882836	230.0	27	1.05	0.95				
	222	2	0.0	0.0	0.0	0.0	2	1.05	13.775414555045073	230.0	27	1.05	0.95				
	223	2	0.0	0.0	0.0	0.0	2	1.05	5.101466311148196	230.0	25	1.05	0.95				
	224	1	0.0	0.0	0.0	0.0	2	1.0213845849220495	-1.4969730394799217	230.0	26	1.05	0.95				
	301	2	83.46852261473686	17.002847199298245	0.0	0.0	3	1.0225058691003386	-15.105378419397976	138.0	31	1.05	0.95				
	302	2	74.96709901508773	15.45713381754386	0.0	0.0	3	1.020086587199693	-15.659538537405927	138.0	32	1.05	0.95				
	303	1	139.11420435789475	28.59569756245614	0.0	0.0	3	1.0473459940402112	-2.1606024625261266	138.0	31	1.05	0.95				
	304	1	57.19139512491228	11.592850363157895	0.0	0.0	3	1.010017644213347	-14.335870289449378	138.0	31	1.05	0.95				
	305	1	54.8728250522807	10.819993672280702	0.0	0.0	3	1.0262133669449292	-15.959485366444477	138.0	31	1.05	0.95				
	306	1	105.10850995929826	21.639987344561405	0.0	-100.0	3	1.033179184697561	-17.291855161512082	138.0	32	1.05	0.95				
	307	2	96.60708635964912	19.321417271929825	0.0	0.0	3	1.0069955324272724	-19.08603707466331	138.0	32	1.05	0.95				
	308	1	132.15849414000002	27.049984180701752	0.0	0.0	3	0.9979764267436324	-18.629806871338804	138.0	32	1.05	0.95				
	309	1	135.24992090350878	27.822840871578947	0.0	0.0	3	1.0287665314718704	-10.103230818416447	138.0	33	1.05	0.95				
	310	1	150.70705472105263	30.91426763508772	0.0	0.0	3	1.05	-14.355798214919533	138.0	33	1.05	0.95				
	311	1	0.0	0.0	0.0	0.0	3	1.024197638139792	-7.382600740125532	230.0	33	1.05	0.95				
	312	1	0.0	0.0	0.0	0.0	3	1.0220753398206113	-5.936285143221884	230.0	33	1.05	0.95				
	313	2	204.80702308245614	41.73426130736843	0.0	0.0	3	1.0349566863420203	-3.215901494416778	230.0	34	1.05	0.95				
	314	2	149.93419803017545	30.141410944210527	0.0	0.0	3	1.0339270642726317	-6.260400382172838	230.0	36	1.05	0.95				
	315	2	244.9955710080702	49.46282821614035	0.0	0.0	3	1.0499999846297638	0.5958862619826678	230.0	36	1.05	0.95				
	316	2	77.2856690877193	15.45713381754386	0.0	0.0	3	1.0475839394858648	0.05225334760200691	230.0	36	1.05	0.95				
	317	1	0.0	0.0	0.0	0.0	3	1.0491545797587898	2.6443775598266748	230.0	37	1.05	0.95				
	318	2	257.36127806210527	52.55425497964913	0.0	0.0	3	1.0478762054080726	2.5091556140720197	230.0	37	1.05	0.95				
	319	1	139.88706104877193	28.59569756245614	0.0	0.0	3	1.0429055717531697	0.020313112979622776	230.0	35	1.05	0.95				
	320	1	98.9256564322807	20.09427396280702	0.0	0.0	3	1.0457586027397128	1.4390481802864103	230.0	35	1.05	0.95				
	321	2	0.0	0.0	0.0	0.0	3	1.05	3.8051871158611235	230.0	37	1.05	0.95				
	322	2	0.0	0.0	0.0	0.0	3	1.05	9.125496077219788	230.0	37	1.05	0.95				
	323	2	0.0	0.0	0.0	0.0	3	1.05	2.7772660327351417	230.0	35	1.05	0.95				
	324	1	0.0	0.0	0.0	0.0	3	1.0432812012708643	-0.4342746016746348	230.0	36	1.05	0.95				
	325	1	0.0	0.0	0.0	0.0	3	1.046928988481057	3.785903214743674	230.0	35	1.05	0.95				
];

%% generator data
%    bus    Pg    Qg    Qmax    Qmin    Vg    mBase    status    Pmax    Pmin    Pc1    Pc2    Qc1min    Qc1max    Qc2min    Qc2max    ramp_agc    ramp_10    ramp_30    ramp_q    apf
