%% MATPOWER Case Format : Version 2
function mpc = RTS_GMLC
mpc.version = '2';

%%-----  Power Flow Data  -----%%
%% system MVA base
mpc.baseMVA = 100.0;
%% bus data
%    bus_i    type    Pd    Qd    Gs    Bs    area    Vm    Va    baseKV    zone    Vmax    Vmin
mpc.bus = [
	101	2	58.92973776	12.00420584	0.0	0.0	1	1.049945234626044	2.027004853852258	138.0	11	1.05	0.95				
	102	2	52.92763484	10.912914400000002	0.0	0.0	1	1.0488073224571655	1.6850544669082412	138.0	12	1.05	0.95				
	103	1	98.2162296	20.18889164	0.0	0.0	1	1.0295039373405466	-0.5721666144068769	138.0	11	1.05	0.95				
	104	1	40.37778328	8.184685799999999	0.0	0.0	1	1.0283420715817295	-1.849438964339735	138.0	11	1.05	0.95				
	105	1	38.74084612	7.639040080000001	0.0	0.0	1	1.041900829896882	-2.0588626855910235	138.0	11	1.05	0.95				
	106	1	74.20781792000001	15.278080160000002	0.0	-100.0	1	1.045221881669572	-4.9391935431296465	138.0	12	1.05	0.95				
	107	2	68.205715	13.641143	0.0	0.0	1	0.9998102196039685	-11.682490300500904	138.0	12	1.05	0.95				
	108	1	93.30541812	19.0976002	0.0	0.0	1	0.9997427396620094	-10.159212087518346	138.0	12	1.05	0.95				
	109	1	95.488001	19.64324592	0.0	0.0	1	1.0247393999929855	-3.571612997152443	138.0	13	1.05	0.95				
	110	1	106.4009154	21.825828800000004	0.0	0.0	1	1.05	-4.563604621872435	138.0	13	1.05	0.95				
	111	1	0.0	0.0	0.0	0.0	1	1.0067239940929136	-1.3734669540093258	230.0	13	1.05	0.95				
	112	1	0.0	0.0	0.0	0.0	1	1.0103144850567427	-1.313649218433259	230.0	13	1.05	0.95				
	113	3	144.5961158	29.46486888	0.0	0.0	1	1.0022666786032022	-1.798563962283033e-32	230.0	14	1.05	0.95				
	114	2	105.85526968	21.28018308	0.0	0.0	1	1.0051592780051686	0.22915808673145355	230.0	16	1.05	0.95				
	115	2	172.96969324	34.92132608	0.0	0.0	1	1.0357301747313277	6.501843806111591	230.0	16	1.05	0.95				
	116	2	54.564572	10.912914400000002	0.0	0.0	1	1.0323171925878882	5.775427031564479	230.0	16	1.05	0.95				
	117	1	0.0	0.0	0.0	0.0	1	1.0387387343932917	8.873834436112883	230.0	17	1.05	0.95				
	118	2	181.70002476	37.103908960000005	0.0	0.0	1	1.041304221635037	9.489639590208663	230.0	17	1.05	0.95				
	119	1	98.76187532	20.18889164	0.0	0.0	1	1.0230576546388264	3.7132352176169063	230.0	15	1.05	0.95				
	120	1	69.84265216	14.186788720000001	0.0	0.0	1	1.0195219660956534	2.7191584592532334	230.0	15	1.05	0.95				
	121	2	0.0	0.0	0.0	0.0	1	1.0438704039862425	11.090633444230543	230.0	17	1.05	0.95				
	122	2	0.0	0.0	0.0	0.0	1	1.05	16.726395330250412	230.0	17	1.05	0.95				
	123	2	0.0	0.0	0.0	0.0	1	1.0186641833132541	2.593690508021806	230.0	15	1.05	0.95				
	124	1	0.0	0.0	0.0	0.0	1	1.0241642595833287	3.8455744047486546	230.0	16	1.05	0.95				
	201	2	54.29749725473685	11.06060129263158	0.0	0.0	2	1.0170754003505909	-11.644270332946649	138.0	21	1.05	0.95				
	202	2	48.767196608421045	10.055092084210527	0.0	0.0	2	1.0167133083382527	-11.771292088324374	138.0	22	1.05	0.95				
	203	1	90.49582875789474	18.601920355789474	0.0	0.0	2	1.0142181346960688	-9.196430599962646	138.0	21	1.05	0.95				
	204	1	37.20384071157895	7.541319063157895	0.0	0.0	2	1.012574576131021	-11.359518057412837	138.0	21	1.05	0.95				
	205	1	35.695576898947365	7.038564458947369	0.0	0.0	2	1.027219492325753	-11.721584079381252	138.0	21	1.05	0.95				
	206	1	68.37462617263158	14.077128917894738	0.0	-100.0	2	1.0404475199825716	-12.319584278989142	138.0	22	1.05	0.95				
	207	2	62.84432552631579	12.568865105263157	0.0	0.0	2	0.9956987089678615	-18.771484819974223	138.0	22	1.05	0.95				
	208	1	85.97103732	17.59641114736842	0.0	0.0	2	0.9975614029326186	-16.422811564959115	138.0	22	1.05	0.95				
	209	1	87.9820557368421	18.099165751578948	0.0	0.0	2	1.0245111889607132	-8.95231937990866	138.0	23	1.05	0.95				
	210	1	98.03714782105263	20.110184168421053	0.0	0.0	2	1.05	-10.18738844191639	138.0	23	1.05	0.95				
	211	1	0.0	0.0	0.0	0.0	2	1.0093365667051675	-5.847411315858924	230.0	23	1.05	0.95				
	212	1	0.0	0.0	0.0	0.0	2	1.0130194667594041	-1.6987093264151718	230.0	23	1.05	0.95				
	213	2	133.22997011578948	27.148748627368423	0.0	0.0	2	1.009156845163875	-3.2555563354036083	230.0	24	1.05	0.95				
	214	2	97.53439321684209	19.607429564210527	0.0	0.0	2	1.01026474836822	-4.31046359032992	230.0	26	1.05	0.95				
	215	2	159.37320953473684	32.176294669473684	0.0	0.0	2	1.0253354231465865	0.9051376974607745	230.0	26	1.05	0.95				
	216	2	50.27546042105263	10.055092084210527	0.0	0.0	2	1.0254997972575877	0.9729187544487299	230.0	26	1.05	0.95				
	217	1	0.0	0.0	0.0	0.0	2	1.0291627571174677	1.8421847945533385	230.0	27	1.05	0.95				
	218	2	167.41728320210527	34.18731308631579	0.0	0.0	2	1.0281318189057442	1.2991694084743826	230.0	27	1.05	0.95				
	219	1	90.99858336210526	18.601920355789474	0.0	0.0	2	1.0248575205156527	1.8154675804461522	230.0	25	1.05	0.95				
	220	1	64.35258933894737	13.071619709473683	0.0	0.0	2	1.028429929569271	3.5250242662611275	230.0	25	1.05	0.95				
	221	2	0.0	0.0	0.0	0.0	2	1.030467602909826	1.9700471101267032	230.0	27	1.05	0.95				
	222	2	0.0	0.0	0.0	0.0	2	1.0499999996078964	8.412258209444644	230.0	27	1.05	0.95				
	223	2	0.0	0.0	0.0	0.0	2	1.031986605400734	4.841303940438703	230.0	25	1.05	0.95				
	224	1	0.0	0.0	0.0	0.0	2	1.0087445604154714	-2.8752005240626666	230.0	26	1.05	0.95				
	301	2	46.4492249431579	9.46187915508772	0.0	0.0	3	1.0041091686422552	4.7902583992861	138.0	31	1.05	0.95				
	302	2	41.71828536561404	8.601708322807019	0.0	0.0	3	1.0040453371913591	4.757766759995805	138.0	32	1.05	0.95				
	303	1	77.41537490526316	15.913160397192982	0.0	0.0	3	1.0158676053551414	7.334574354286915	138.0	31	1.05	0.95				
	304	1	31.826320794385964	6.451281242105263	0.0	0.0	3	1.0081558191475448	6.276015113704711	138.0	31	1.05	0.95				
	305	1	30.536064545964912	6.021195825964913	0.0	0.0	3	1.0210797331703976	6.022338164932325	138.0	31	1.05	0.95				
	306	1	58.49161659508773	12.042391651929826	0.0	-100.0	3	1.039311682675174	6.194236583979859	138.0	32	1.05	0.95				
	307	2	53.760677017543856	10.752135403508772	0.0	0.0	3	0.992667496693638	3.0877931170815187	138.0	32	1.05	0.95				
	308	1	73.54460616	15.05298956491228	0.0	0.0	3	1.003597478689892	4.94818093862576	138.0	32	1.05	0.95				
	309	1	75.26494782456142	15.483074981052633	0.0	0.0	3	1.0251431700486227	9.280500219334773	138.0	33	1.05	0.95				
	310	1	83.86665614736842	17.203416645614038	0.0	0.0	3	1.05	8.633557551100061	138.0	33	1.05	0.95				
	311	1	0.0	0.0	0.0	0.0	3	1.0036899323889823	13.044037734284862	230.0	33	1.05	0.95				
	312	1	0.0	0.0	0.0	0.0	3	1.0105750032147318	13.79725140516043	230.0	33	1.05	0.95				
	313	2	113.97263527719299	23.22461247157895	0.0	0.0	3	1.0107766264574567	18.545136953405837	230.0	34	1.05	0.95				
	314	2	83.43657073122807	16.773331229473683	0.0	0.0	3	0.9964442501428435	12.420645279574066	230.0	36	1.05	0.95				
	315	2	136.33707691649124	27.52546663298246	0.0	0.0	3	1.0154035017150278	8.757437773589233	230.0	36	1.05	0.95				
	316	2	43.00854161403509	8.601708322807019	0.0	0.0	3	1.0148213518995335	9.455403888029116	230.0	36	1.05	0.95				
	317	1	0.0	0.0	0.0	0.0	3	1.020879711290855	9.184511342028635	230.0	37	1.05	0.95				
	318	2	143.21844357473685	29.245808297543864	0.0	0.0	3	1.0202461532638354	8.354740636671345	230.0	37	1.05	0.95				
	319	1	77.84546032140352	15.913160397192982	0.0	0.0	3	1.0148528803288976	11.3623932837442	230.0	35	1.05	0.95				
	320	1	55.05093326596492	11.182220819649123	0.0	0.0	3	1.0152828208302545	12.519758061079147	230.0	35	1.05	0.95				
	321	2	0.0	0.0	0.0	0.0	3	1.0205922284389715	9.05613160441945	230.0	37	1.05	0.95				
	322	2	0.0	0.0	0.0	0.0	3	1.034285901855323	13.54581834774513	230.0	37	1.05	0.95				
	323	2	0.0	0.0	0.0	0.0	3	1.0153908938022835	13.080426556912817	230.0	35	1.05	0.95				
	324	1	0.0	0.0	0.0	0.0	3	1.013196883416837	9.945040690069003	230.0	36	1.05	0.95				
	325	1	0.0	0.0	0.0	0.0	3	1.0189261159247736	12.92380477568059	230.0	35	1.05	0.95				
];

%% generator data
%    bus    Pg    Qg    Qmax    Qmin    Vg    mBase    status    Pmax    Pmin    Pc1    Pc2    Qc1min    Qc1max    Qc2min    Qc2max    ramp_agc    ramp_10    ramp_30    ramp_q    apf
