%% MATPOWER Case Format : Version 2
function mpc = RTS_GMLC
mpc.version = '2';

%%-----  Power Flow Data  -----%%
%% system MVA base
mpc.baseMVA = 100.0;
%% bus data
%    bus_i    type    Pd    Qd    Gs    Bs    area    Vm    Va    baseKV    zone    Vmax    Vmin
mpc.bus = [
	101	2	85.46214744	17.408955959999997	0.0	0.0	1	1.031964158750895	-4.207149089655915	138.0	11	1.05	0.95				
	102	2	76.75766945999999	15.8263236	0.0	0.0	1	1.0319557165775026	-4.274427036845998	138.0	12	1.05	0.95				
	103	1	142.43691239999998	29.278698659999996	0.0	0.0	1	1.0174277105701746	-4.056652936680124	138.0	11	1.05	0.95				
	104	1	58.55739731999999	11.869742699999998	0.0	0.0	1	1.015041403675621	-6.867164704200957	138.0	11	1.05	0.95				
	105	1	56.18344877999999	11.078426519999999	0.0	0.0	1	1.0305027562838958	-6.978181492265113	138.0	11	1.05	0.95				
	106	1	107.61900048	22.156853039999998	0.0	-100.0	1	1.0349135955851851	-9.248860145527397	138.0	12	1.05	0.95				
	107	2	98.91452249999999	19.782904499999997	0.0	0.0	1	1.05	-5.867888374038733	138.0	12	1.05	0.95				
	108	1	135.31506678	27.696066299999995	0.0	0.0	1	1.0243701020534595	-8.584452124289742	138.0	12	1.05	0.95				
	109	1	138.48033149999998	28.487382479999994	0.0	0.0	1	1.0267140265607566	-5.781071190717695	138.0	13	1.05	0.95				
	110	1	154.3066551	31.6526472	0.0	0.0	1	1.05	-7.284839084515681	138.0	13	1.05	0.95				
	111	1	0.0	0.0	0.0	0.0	1	1.0163699501555823	-2.297958326591471	230.0	13	1.05	0.95				
	112	1	0.0	0.0	0.0	0.0	1	1.0175156438994444	-1.41188875232825	230.0	13	1.05	0.95				
	113	3	209.69878769999997	42.73107372	0.0	0.0	1	1.020124678501362	-2.9858991881196343e-28	230.0	14	1.05	0.95				
	114	2	153.51533891999998	30.861331019999998	0.0	0.0	1	1.0215482102366746	-0.06685604245506113	230.0	16	1.05	0.95				
	115	2	250.84722906	50.644235519999995	0.0	0.0	1	1.04424009202562	8.288934496773287	230.0	16	1.05	0.95				
	116	2	79.13161799999999	15.8263236	0.0	0.0	1	1.04420496629146	7.882902021200107	230.0	16	1.05	0.95				
	117	1	0.0	0.0	0.0	0.0	1	1.0471507729920684	11.357321935890768	230.0	17	1.05	0.95				
	118	2	263.50828793999995	53.80950024	0.0	0.0	1	1.0499869303749305	11.92191096975626	230.0	17	1.05	0.95				
	119	1	143.22822858	29.278698659999996	0.0	0.0	1	1.0388806151211818	6.445928000631853	230.0	15	1.05	0.95				
	120	1	101.28847103999999	20.57422068	0.0	0.0	1	1.0415198664170113	6.686360360430578	230.0	15	1.05	0.95				
	121	2	0.0	0.0	0.0	0.0	1	1.05	12.680365017441387	230.0	17	1.05	0.95				
	122	2	0.0	0.0	0.0	0.0	1	1.05	21.24425286696219	230.0	17	1.05	0.95				
	123	2	0.0	0.0	0.0	0.0	1	1.0452398282436048	7.398303860261661	230.0	15	1.05	0.95				
	124	1	0.0	0.0	0.0	0.0	1	1.0186697653881425	3.732364797020086	230.0	16	1.05	0.95				
	201	2	89.04517552421053	18.13883205122807	0.0	0.0	2	1.0485214959440672	-12.374926686933803	138.0	21	1.05	0.95				
	202	2	79.97575949859649	16.489847319298246	0.0	0.0	2	1.049812898529116	-12.423738052528277	138.0	22	1.05	0.95				
	203	1	148.40862587368423	30.50621754070175	0.0	0.0	2	1.0267674839192238	-9.455047565946916	138.0	21	1.05	0.95				
	204	1	61.0124350814035	12.367385489473683	0.0	0.0	2	1.0220177235945955	-14.386508190713375	138.0	21	1.05	0.95				
	205	1	58.538957983508766	11.542893123508772	0.0	0.0	2	1.038707276569527	-14.801980380976445	138.0	21	1.05	0.95				
	206	1	112.13096177122807	23.085786247017545	0.0	-100.0	2	1.03851663607089	-16.920516689628258	138.0	22	1.05	0.95				
	207	2	103.06154574561404	20.612309149122808	0.0	0.0	2	0.95	-28.481518275274965	138.0	22	1.05	0.95				
	208	1	140.98819458	28.857232808771926	0.0	0.0	2	0.9556990472993594	-24.783414515289408	138.0	22	1.05	0.95				
	209	1	144.28616404385966	29.68172517473684	0.0	0.0	2	1.0256221768595912	-12.6976746592355	138.0	23	1.05	0.95				
	210	1	160.7760113631579	32.97969463859649	0.0	0.0	2	1.05	-14.713344346400357	138.0	23	1.05	0.95				
	211	1	0.0	0.0	0.0	0.0	2	1.0319837521262916	-7.355692135332897	230.0	23	1.05	0.95				
	212	1	0.0	0.0	0.0	0.0	2	1.0233365283052716	-6.004846438636705	230.0	23	1.05	0.95				
	213	2	218.49047698070177	44.52258776210527	0.0	0.0	2	1.05	-3.1376912818522635	230.0	24	1.05	0.95				
	214	2	159.95151899719298	32.15520227263158	0.0	0.0	2	1.05	-4.980717800863526	230.0	26	1.05	0.95				
	215	2	261.36408001087716	52.767511421754385	0.0	0.0	2	1.0451924076488013	3.5943984942821268	230.0	26	1.05	0.95				
	216	2	82.44923659649123	16.489847319298246	0.0	0.0	2	1.0493044805235499	3.4779652120831184	230.0	26	1.05	0.95				
	217	1	0.0	0.0	0.0	0.0	2	1.0496580008783625	6.67909622241535	230.0	27	1.05	0.95				
	218	2	274.5559578663158	56.065480885614036	0.0	0.0	2	1.05	7.335504749577972	230.0	27	1.05	0.95				
	219	1	149.23311823964914	30.50621754070175	0.0	0.0	2	1.043499169302361	3.0172464948753817	230.0	25	1.05	0.95				
	220	1	105.53502284350877	21.43680151508772	0.0	0.0	2	1.045908680750794	4.156403004722387	230.0	25	1.05	0.95				
	221	2	0.0	0.0	0.0	0.0	2	1.05	7.815221359644793	230.0	27	1.05	0.95				
	222	2	0.0	0.0	0.0	0.0	2	1.05	13.881442964754358	230.0	27	1.05	0.95				
	223	2	0.0	0.0	0.0	0.0	2	1.05	5.379031604613016	230.0	25	1.05	0.95				
	224	1	0.0	0.0	0.0	0.0	2	1.02174361658416	-1.2612846742474075	230.0	26	1.05	0.95				
	301	2	69.40904775157895	14.13888009754386	0.0	0.0	3	1.01499951052504	-14.391503873535502	138.0	31	1.05	0.95				
	302	2	62.33960770280702	12.853527361403511	0.0	0.0	3	1.013439090830381	-14.763643575300032	138.0	32	1.05	0.95				
	303	1	115.68174625263158	23.779025618596492	0.0	0.0	3	1.0387276982883518	-4.867360669191654	138.0	31	1.05	0.95				
	304	1	47.558051237192984	9.64014552105263	0.0	0.0	3	1.0098313440661437	-13.385023764791557	138.0	31	1.05	0.95				
	305	1	45.630022132982454	8.997469152982458	0.0	0.0	3	1.0241283844255422	-14.584765221725924	138.0	31	1.05	0.95				
	306	1	87.40398605754388	17.994938305964915	0.0	-100.0	3	1.0354835005241911	-15.413168176569041	138.0	32	1.05	0.95				
	307	2	80.33454600877194	16.066909201754388	0.0	0.0	3	1.0041471073914612	-17.33778694904645	138.0	32	1.05	0.95				
	308	1	109.89765894000001	22.49367288245614	0.0	0.0	3	1.0008115251195646	-16.756176582097396	138.0	32	1.05	0.95				
	309	1	112.46836441228072	23.136349250526315	0.0	0.0	3	1.0286992422629855	-9.638847866963905	138.0	33	1.05	0.95				
	310	1	125.32189177368423	25.707054722807023	0.0	0.0	3	1.05	-12.719753115574195	138.0	33	1.05	0.95				
	311	1	0.0	0.0	0.0	0.0	3	1.0178255286216757	-6.241539825877172	230.0	33	1.05	0.95				
	312	1	0.0	0.0	0.0	0.0	3	1.018351024988204	-5.119640057832996	230.0	33	1.05	0.95				
	313	2	170.3092375385965	34.70452387578948	0.0	0.0	3	1.0252907170310925	-2.0825105176202716	230.0	34	1.05	0.95				
	314	2	124.67921540561404	25.064378354736842	0.0	0.0	3	1.0240615098248118	-4.950490802502674	230.0	36	1.05	0.95				
	315	2	203.72840867824564	41.13128755649123	0.0	0.0	3	1.0460977136801248	1.3255799039566496	230.0	36	1.05	0.95				
	316	2	64.26763680701755	12.853527361403511	0.0	0.0	3	1.043502736136325	0.7811827113347046	230.0	36	1.05	0.95				
	317	1	0.0	0.0	0.0	0.0	3	1.0473192780456506	3.295825580337501	230.0	37	1.05	0.95				
	318	2	214.01123056736844	43.70199302877194	0.0	0.0	3	1.0476082480262856	3.3447253003484416	230.0	37	1.05	0.95				
	319	1	116.32442262070177	23.779025618596492	0.0	0.0	3	1.0397521346312517	0.5394513808031208	230.0	35	1.05	0.95				
	320	1	82.26257511298246	16.70958556982456	0.0	0.0	3	1.0418166684016303	1.5426353490816138	230.0	35	1.05	0.95				
	321	2	0.0	0.0	0.0	0.0	3	1.05	4.59170514448499	230.0	37	1.05	0.95				
	322	2	0.0	0.0	0.0	0.0	3	1.05	9.85822426145354	230.0	37	1.05	0.95				
	323	2	0.0	0.0	0.0	0.0	3	1.0447905336260128	2.5659493339485167	230.0	35	1.05	0.95				
	324	1	0.0	0.0	0.0	0.0	3	1.0348579256856925	-0.9945629176530557	230.0	36	1.05	0.95				
	325	1	0.0	0.0	0.0	0.0	3	1.043095389691601	3.4094892376799915	230.0	35	1.05	0.95				
];

%% generator data
%    bus    Pg    Qg    Qmax    Qmin    Vg    mBase    status    Pmax    Pmin    Pc1    Pc2    Qc1min    Qc1max    Qc2min    Qc2max    ramp_agc    ramp_10    ramp_30    ramp_q    apf
