%% MATPOWER Case Format : Version 2
function mpc = RTS_GMLC
mpc.version = '2';

%%-----  Power Flow Data  -----%%
%% system MVA base
mpc.baseMVA = 100.0;
%% bus data
%    bus_i    type    Pd    Qd    Gs    Bs    area    Vm    Va    baseKV    zone    Vmax    Vmin
mpc.bus = [
	101	2	85.60910440421054	17.438891637894734	0.0	0.0	1	1.0442773518301902	0.24423554798453534	138.0	11	1.05	0.95				
	102	2	76.88965858526315	15.85353785263158	0.0	0.0	1	1.0441279559817882	0.1020223306867542	138.0	12	1.05	0.95				
	103	1	142.6818406736842	29.329045027368423	0.0	0.0	1	1.0261492297423767	-1.4392031265989829	138.0	11	1.05	0.95				
	104	1	58.658090054736846	11.890153389473683	0.0	0.0	1	1.0229466215566894	-3.6326144731693093	138.0	11	1.05	0.95				
	105	1	56.2800593768421	11.097476496842106	0.0	0.0	1	1.0356877451272797	-4.047219319017386	138.0	11	1.05	0.95				
	106	1	107.80405739789474	22.19495299368421	0.0	-100.0	1	1.0367538479573464	-7.181601168041965	138.0	12	1.05	0.95				
	107	2	99.08461157894737	19.816922315789473	0.0	0.0	1	1.05	-6.76171791745405	138.0	12	1.05	0.95				
	108	1	135.54774863999998	27.74369124210526	0.0	0.0	1	1.0244369809122182	-8.547055313262472	138.0	12	1.05	0.95				
	109	1	138.7184562105263	28.53636813473684	0.0	0.0	1	1.0274835349318823	-4.469811448939856	138.0	13	1.05	0.95				
	110	1	154.5719940631579	31.70707570526316	0.0	0.0	1	1.05	-5.958632631098649	138.0	13	1.05	0.95				
	111	1	0.0	0.0	0.0	0.0	1	1.0138347598788866	-1.8736167787170102	230.0	13	1.05	0.95				
	112	1	0.0	0.0	0.0	0.0	1	1.017550536883549	-1.118764774211873	230.0	13	1.05	0.95				
	113	3	210.0593765473684	42.80455220210527	0.0	0.0	1	1.0163599634691043	4.2073619072637604e-29	230.0	14	1.05	0.95				
	114	2	153.7793171705263	30.91439881263158	0.0	0.0	1	1.0140421603301935	-0.1206453216807734	230.0	16	1.05	0.95				
	115	2	251.27857496421052	50.731321128421044	0.0	0.0	1	1.044830468404215	7.828302372815127	230.0	16	1.05	0.95				
	116	2	79.26768926315789	15.85353785263158	0.0	0.0	1	1.0426207741829823	7.140691606701177	230.0	16	1.05	0.95				
	117	1	0.0	0.0	0.0	0.0	1	1.045413742870649	10.250379182084945	230.0	17	1.05	0.95				
	118	2	263.9614052463158	53.90202869894737	0.0	0.0	1	1.0478357604337505	10.540976081264267	230.0	17	1.05	0.95				
	119	1	143.4745175663158	29.329045027368423	0.0	0.0	1	1.0365023028616869	5.7388361162728	230.0	15	1.05	0.95				
	120	1	101.46264225684209	20.609599208421052	0.0	0.0	1	1.0373969084795738	5.54320494292259	230.0	15	1.05	0.95				
	121	2	0.0	0.0	0.0	0.0	1	1.05	12.12592566980247	230.0	17	1.05	0.95				
	122	2	0.0	0.0	0.0	0.0	1	1.05	20.722049467804705	230.0	17	1.05	0.95				
	123	2	0.0	0.0	0.0	0.0	1	1.0400879611798477	6.022832425805037	230.0	15	1.05	0.95				
	124	1	0.0	0.0	0.0	0.0	1	1.026158375940114	4.387884893629509	230.0	16	1.05	0.95				
	201	2	101.33606171368422	20.642531089824562	0.0	0.0	2	1.05	-18.02888426461377	138.0	21	1.05	0.95				
	202	2	91.01479616877192	18.765937354385965	0.0	0.0	2	1.05	-18.144264244627156	138.0	22	1.05	0.95				
	203	1	168.89343618947368	34.71698410561403	0.0	0.0	2	1.0199883025559453	-12.707539710146962	138.0	21	1.05	0.95				
	204	1	69.43396821122806	14.074453015789473	0.0	0.0	2	1.0173607322574696	-18.776848783663187	138.0	21	1.05	0.95				
	205	1	66.61907760807017	13.136156148070178	0.0	0.0	2	1.035960820039439	-19.450811919060175	138.0	21	1.05	0.95				
	206	1	127.60837400982456	26.272312296140356	0.0	-100.0	2	1.0321562584731097	-21.14036194211237	138.0	22	1.05	0.95				
	207	2	117.28710846491228	23.457421692982454	0.0	0.0	2	0.95	-29.96937311628033	138.0	22	1.05	0.95				
	208	1	160.44876438	32.840390370175434	0.0	0.0	2	0.9517575344979036	-27.377195963445875	138.0	22	1.05	0.95				
	209	1	164.20195185087718	33.77868723789474	0.0	0.0	2	1.021904741133812	-15.489642424622955	138.0	23	1.05	0.95				
	210	1	182.96788920526313	37.53187470877193	0.0	0.0	2	1.045850318141222	-17.95639252003699	138.0	23	1.05	0.95				
	211	1	0.0	0.0	0.0	0.0	2	1.0310581208595437	-10.634239195491414	230.0	23	1.05	0.95				
	212	1	0.0	0.0	0.0	0.0	2	1.0249497281444397	-5.826072514172923	230.0	23	1.05	0.95				
	213	2	248.64866994561402	50.66803085684211	0.0	0.0	2	1.05	-6.54528253995558	230.0	24	1.05	0.95				
	214	2	182.02959233754385	36.593577841052635	0.0	0.0	2	1.05	-8.430407786347729	230.0	26	1.05	0.95				
	215	2	297.44010706701755	60.050999534035086	0.0	0.0	2	1.0424881433123054	0.9252054229012395	230.0	26	1.05	0.95				
	216	2	93.82968677192981	18.765937354385965	0.0	0.0	2	1.046818589517611	0.5250637048588768	230.0	26	1.05	0.95				
	217	1	0.0	0.0	0.0	0.0	2	1.0483201767564618	3.8876750907100837	230.0	27	1.05	0.95				
	218	2	312.4528569505263	63.80418700491228	0.0	0.0	2	1.05	4.366491858903554	230.0	27	1.05	0.95				
	219	1	169.831733057193	34.71698410561403	0.0	0.0	2	1.0409010104172662	-0.13406436655435366	230.0	25	1.05	0.95				
	220	1	120.10199906807017	24.395718560701756	0.0	0.0	2	1.04460966791685	1.049999270310166	230.0	25	1.05	0.95				
	221	2	0.0	0.0	0.0	0.0	2	1.05	4.9508872758807465	230.0	27	1.05	0.95				
	222	2	0.0	0.0	0.0	0.0	2	1.05	11.045546806543102	230.0	27	1.05	0.95				
	223	2	0.0	0.0	0.0	0.0	2	1.05	2.3772770331753015	230.0	25	1.05	0.95				
	224	1	0.0	0.0	0.0	0.0	2	1.0167289874477172	-4.129161122920769	230.0	26	1.05	0.95				
	301	2	94.3846884	19.226510599999997	0.0	0.0	3	0.9758554899658749	-8.992789724839472	138.0	31	1.05	0.95				
	302	2	84.7714331	17.478646	0.0	0.0	3	0.9790946275564054	-9.394332307489766	138.0	32	1.05	0.95				
	303	1	157.307814	32.3354951	0.0	0.0	3	0.9873502942239455	-5.793685540877565	138.0	31	1.05	0.95				
	304	1	64.6709902	13.108984499999998	0.0	0.0	3	0.9643421905388639	-7.839278674600379	138.0	31	1.05	0.95				
	305	1	62.04919329999999	12.235052200000002	0.0	0.0	3	0.9760650431470882	-7.7629891735865595	138.0	31	1.05	0.95				
	306	1	118.8547928	24.470104400000004	0.0	-100.0	3	0.982101379158396	-8.086282274239807	138.0	32	1.05	0.95				
	307	2	109.2415375	21.8483075	0.0	0.0	3	0.9509891340667785	-11.591554145956778	138.0	32	1.05	0.95				
	308	1	149.4424233	30.587630499999996	0.0	0.0	3	0.95	-9.32240074875025	138.0	32	1.05	0.95				
	309	1	152.9381525	31.4615628	0.0	0.0	3	0.9856813317860338	-2.6800584999068287	138.0	33	1.05	0.95				
	310	1	170.4167985	34.957292	0.0	0.0	3	1.0030294039536858	-3.458600515778857	138.0	33	1.05	0.95				
	311	1	0.0	0.0	0.0	0.0	3	0.9809419381888147	5.15177802320684	230.0	33	1.05	0.95				
	312	1	0.0	0.0	0.0	0.0	3	0.9851492754745689	6.886700293449836	230.0	33	1.05	0.95				
	313	2	231.59205949999998	47.1923442	0.0	0.0	3	1.0120294128971379	15.02363108370243	230.0	34	1.05	0.95				
	314	2	169.5428662	34.083359699999995	0.0	0.0	3	0.9956456358945691	4.369806374529073	230.0	36	1.05	0.95				
	315	2	277.03653909999997	55.9316672	0.0	0.0	3	1.047968384081477	1.6676973798932941	230.0	36	1.05	0.95				
	316	2	87.39323	17.478646	0.0	0.0	3	1.0475837902656104	3.025884381314004	230.0	36	1.05	0.95				
	317	1	0.0	0.0	0.0	0.0	3	1.0488254797642396	3.1425990880326573	230.0	37	1.05	0.95				
	318	2	291.0194559	59.4273964	0.0	0.0	3	1.047046524355745	2.3958840307691593	230.0	37	1.05	0.95				
	319	1	158.18174630000001	32.3354951	0.0	0.0	3	1.036183692939998	5.236330776534612	230.0	35	1.05	0.95				
	320	1	111.8633344	22.7222398	0.0	0.0	3	1.0320782655156926	7.403816754197999	230.0	35	1.05	0.95				
	321	2	0.0	0.0	0.0	0.0	3	1.05	3.6768533767859854	230.0	37	1.05	0.95				
	322	2	0.0	0.0	0.0	0.0	3	1.05	7.813122534994013	230.0	37	1.05	0.95				
	323	2	0.0	0.0	0.0	0.0	3	1.0311245974352428	8.410351144828418	230.0	35	1.05	0.95				
	324	1	0.0	0.0	0.0	0.0	3	1.0181331845539936	1.0609607455725207	230.0	36	1.05	0.95				
	325	1	0.0	0.0	0.0	0.0	3	1.0327571569296943	8.735364161106688	230.0	35	1.05	0.95				
];

%% generator data
%    bus    Pg    Qg    Qmax    Qmin    Vg    mBase    status    Pmax    Pmin    Pc1    Pc2    Qc1min    Qc1max    Qc2min    Qc2max    ramp_agc    ramp_10    ramp_30    ramp_q    apf
