%% MATPOWER Case Format : Version 2
function mpc = RTS_GMLC
mpc.version = '2';

%%-----  Power Flow Data  -----%%
%% system MVA base
mpc.baseMVA = 100.0;
%% bus data
%    bus_i    type    Pd    Qd    Gs    Bs    area    Vm    Va    baseKV    zone    Vmax    Vmin
mpc.bus = [
	101	2	76.29737752421053	15.542058384561402	0.0	0.0	1	1.0418976445859418	2.1211043941885372	138.0	11	1.05	0.95				
	102	2	68.52634833192982	14.129143985964912	0.0	0.0	1	1.041238833160849	1.844492321098906	138.0	12	1.05	0.95				
	103	1	127.16229587368422	26.138916374035087	0.0	0.0	1	1.0284879995609435	0.16877001055381072	138.0	11	1.05	0.95				
	104	1	52.277832748070175	10.596857989473683	0.0	0.0	1	1.0233544373416188	-1.9923452673054811	138.0	11	1.05	0.95				
	105	1	50.15846115017544	9.89040079017544	0.0	0.0	1	1.035329484146466	-2.3931941423988348	138.0	11	1.05	0.95				
	106	1	96.0781791045614	19.78080158035088	0.0	-100.0	1	1.0383869708657452	-5.608265249246602	138.0	12	1.05	0.95				
	107	2	88.3071499122807	17.661429982456138	0.0	0.0	1	1.048822735407274	-7.718988121540794	138.0	12	1.05	0.95				
	108	1	120.80418107999999	24.726001975438592	0.0	0.0	1	1.0258781348476398	-8.363024357094732	138.0	12	1.05	0.95				
	109	1	123.63000987719298	25.432459174736838	0.0	0.0	1	1.0271913911642734	-3.396800686307618	138.0	13	1.05	0.95				
	110	1	137.75915386315788	28.258287971929825	0.0	0.0	1	1.05	-4.792039505267127	138.0	13	1.05	0.95				
	111	1	0.0	0.0	0.0	0.0	1	1.010403134364	-1.2046216645550503	230.0	13	1.05	0.95				
	112	1	0.0	0.0	0.0	0.0	1	1.0160721211106238	-0.7485453936741494	230.0	13	1.05	0.95				
	113	3	187.2111578140351	38.148688762105266	0.0	0.0	1	1.0107650043755005	7.072213661423344e-30	230.0	14	1.05	0.95				
	114	2	137.05269666385965	27.55183077263158	0.0	0.0	1	1.0077606665958194	0.7196481386295989	230.0	16	1.05	0.95				
	115	2	223.94693217754386	45.21326075508772	0.0	0.0	1	1.0432091867787714	8.426346370380909	230.0	16	1.05	0.95				
	116	2	70.64571992982455	14.129143985964912	0.0	0.0	1	1.0407584246417927	7.653906351374888	230.0	16	1.05	0.95				
	117	1	0.0	0.0	0.0	0.0	1	1.044968353113921	10.68863468760267	230.0	17	1.05	0.95				
	118	2	235.2502473663158	48.0390895522807	0.0	0.0	1	1.0474332107319742	11.146638862494425	230.0	17	1.05	0.95				
	119	1	127.86875307298244	26.138916374035087	0.0	0.0	1	1.0346638960628458	5.950328148923915	230.0	15	1.05	0.95				
	120	1	90.42652151017543	18.367887181754387	0.0	0.0	1	1.034761201623257	5.3072142038424674	230.0	15	1.05	0.95				
	121	2	0.0	0.0	0.0	0.0	1	1.0499999984945532	12.708883023981079	230.0	17	1.05	0.95				
	122	2	0.0	0.0	0.0	0.0	1	1.05	19.559630282318654	230.0	17	1.05	0.95				
	123	2	0.0	0.0	0.0	0.0	1	1.0365791089826133	5.481298766498785	230.0	15	1.05	0.95				
	124	1	0.0	0.0	0.0	0.0	1	1.027161708457544	5.351115195704833	230.0	16	1.05	0.95				
	201	2	89.04517552421053	18.13883205122807	0.0	0.0	2	1.0390576922779895	-17.721948081399905	138.0	21	1.05	0.95				
	202	2	79.97575949859649	16.489847319298246	0.0	0.0	2	1.0420119666113141	-17.862831089908603	138.0	22	1.05	0.95				
	203	1	148.40862587368423	30.50621754070175	0.0	0.0	2	1.023870294828523	-13.489766166619532	138.0	21	1.05	0.95				
	204	1	61.0124350814035	12.367385489473683	0.0	0.0	2	1.0186467749389374	-19.069697708443577	138.0	21	1.05	0.95				
	205	1	58.538957983508766	11.542893123508772	0.0	0.0	2	1.033980906016962	-19.60557130858526	138.0	21	1.05	0.95				
	206	1	112.13096177122807	23.085786247017545	0.0	-100.0	2	1.0368246761057816	-21.439452091759595	138.0	22	1.05	0.95				
	207	2	103.06154574561404	20.612309149122808	0.0	0.0	2	0.95	-32.62725268800917	138.0	22	1.05	0.95				
	208	1	140.98819458	28.857232808771926	0.0	0.0	2	0.9557597960972186	-28.918201582385883	138.0	22	1.05	0.95				
	209	1	144.28616404385966	29.68172517473684	0.0	0.0	2	1.0260770236146926	-16.729898438756017	138.0	23	1.05	0.95				
	210	1	160.7760113631579	32.97969463859649	0.0	0.0	2	1.05	-18.926563367357897	138.0	23	1.05	0.95				
	211	1	0.0	0.0	0.0	0.0	2	1.034217912482113	-12.825549683238401	230.0	23	1.05	0.95				
	212	1	0.0	0.0	0.0	0.0	2	1.0284979885048626	-7.9921214146449495	230.0	23	1.05	0.95				
	213	2	218.49047698070177	44.52258776210527	0.0	0.0	2	1.05	-10.209814756245736	230.0	24	1.05	0.95				
	214	2	159.95151899719298	32.15520227263158	0.0	0.0	2	1.05	-10.346505154478775	230.0	26	1.05	0.95				
	215	2	261.36408001087716	52.767511421754385	0.0	0.0	2	1.0447602648318917	-1.3853573903895202	230.0	26	1.05	0.95				
	216	2	82.44923659649123	16.489847319298246	0.0	0.0	2	1.048452759081097	-1.7430450146645562	230.0	26	1.05	0.95				
	217	1	0.0	0.0	0.0	0.0	2	1.0484725564127246	1.2645602955793804	230.0	27	1.05	0.95				
	218	2	274.5559578663158	56.065480885614036	0.0	0.0	2	1.0498909683678783	1.264160041171981	230.0	27	1.05	0.95				
	219	1	149.23311823964914	30.50621754070175	0.0	0.0	2	1.0429149101614108	-1.925950091862301	230.0	25	1.05	0.95				
	220	1	105.53502284350877	21.43680151508772	0.0	0.0	2	1.045612683832388	-0.5431176559773403	230.0	25	1.05	0.95				
	221	2	0.0	0.0	0.0	0.0	2	1.05	1.1447534917523483	230.0	27	1.05	0.95				
	222	2	0.0	0.0	0.0	0.0	2	1.05	7.70402760946575	230.0	27	1.05	0.95				
	223	2	0.0	0.0	0.0	0.0	2	1.05	0.8125007963218608	230.0	25	1.05	0.95				
	224	1	0.0	0.0	0.0	0.0	2	1.021714470969273	-5.877563801654356	230.0	26	1.05	0.95				
	301	2	80.34229674947369	16.366023411929827	0.0	0.0	3	0.9694280946110989	-6.860203846486423	138.0	31	1.05	0.95				
	302	2	72.15928504350877	14.878203101754389	0.0	0.0	3	0.9717933571090409	-7.011491461494755	138.0	32	1.05	0.95				
	303	1	133.9038279157895	27.52467573824562	0.0	0.0	3	0.9933277930250691	-2.182867329789595	138.0	31	1.05	0.95				
	304	1	55.04935147649124	11.15865232631579	0.0	0.0	3	0.966811277954328	-4.28087563487945	138.0	31	1.05	0.95				
	305	1	52.81762101122808	10.414742171228072	0.0	0.0	3	0.9773645223441487	-4.472733165564921	138.0	31	1.05	0.95				
	306	1	101.17178109192983	20.829484342456144	0.0	-100.0	3	0.9897006428396959	-4.003725734372474	138.0	32	1.05	0.95				
	307	2	92.98876938596491	18.597753877192986	0.0	0.0	3	0.95	-10.041233971850678	138.0	32	1.05	0.95				
	308	1	127.20863652000001	26.036855428070176	0.0	0.0	3	0.9547980972355098	-6.251618200959051	138.0	32	1.05	0.95				
	309	1	130.1842771403509	26.780765583157894	0.0	0.0	3	0.9924270808842096	1.201663936341564	138.0	33	1.05	0.95				
	310	1	145.0624802421053	29.756406203508778	0.0	0.0	3	1.010135023099765	0.4935234871255662	138.0	33	1.05	0.95				
	311	1	0.0	0.0	0.0	0.0	3	0.9861454407089463	8.993488575878338	230.0	33	1.05	0.95				
	312	1	0.0	0.0	0.0	0.0	3	0.990628396085202	10.589944456211255	230.0	33	1.05	0.95				
	313	2	197.13619109824563	40.171148374736845	0.0	0.0	3	1.0179148738129462	18.889051589512775	230.0	34	1.05	0.95				
	314	2	144.31857008701755	29.01249604842106	0.0	0.0	3	0.9986754514563663	8.133762360635352	230.0	36	1.05	0.95				
	315	2	235.81951916280707	47.61024992561404	0.0	0.0	3	1.0478176901403262	4.173528712202274	230.0	36	1.05	0.95				
	316	2	74.39101550877194	14.878203101754389	0.0	0.0	3	1.0442130116756767	5.892927850962215	230.0	36	1.05	0.95				
	317	1	0.0	0.0	0.0	0.0	3	1.0487536093983916	5.658963908425673	230.0	37	1.05	0.95				
	318	2	247.72208164421053	50.585890545964915	0.0	0.0	3	1.0472440540424155	4.22834276316377	230.0	37	1.05	0.95				
	319	1	134.6477380708772	27.52467573824562	0.0	0.0	3	1.035567499331707	8.340229197061502	230.0	35	1.05	0.95				
	320	1	95.22049985122808	19.341664032280708	0.0	0.0	3	1.0325937283194804	10.507377025415588	230.0	35	1.05	0.95				
	321	2	0.0	0.0	0.0	0.0	3	1.0495040063523	5.0144804766909115	230.0	37	1.05	0.95				
	322	2	0.0	0.0	0.0	0.0	3	1.05	9.612743476350905	230.0	37	1.05	0.95				
	323	2	0.0	0.0	0.0	0.0	3	1.0316997711573934	11.441867971940377	230.0	35	1.05	0.95				
	324	1	0.0	0.0	0.0	0.0	3	1.0212766676457183	3.8791431662649525	230.0	36	1.05	0.95				
	325	1	0.0	0.0	0.0	0.0	3	1.033859469131648	11.558824091519366	230.0	35	1.05	0.95				
];
