%% MATPOWER Case Format : Version 2
function mpc = RTS_GMLC
mpc.version = '2';

%%-----  Power Flow Data  -----%%
%% system MVA base
mpc.baseMVA = 100.0;
%% bus data
%    bus_i    type    Pd    Qd    Gs    Bs    area    Vm    Va    baseKV    zone    Vmax    Vmin
mpc.bus = [
	101	2	89.6303809894737	18.258040571929822	0.0	0.0	1	1.036190154090423	-4.043359089919684	138.0	11	1.05	0.95				
	102	2	80.50136070350877	16.598218701754387	0.0	0.0	1	1.0359033557861423	-4.192973634847393	138.0	12	1.05	0.95				
	103	1	149.38396831578947	30.706704598245615	0.0	0.0	1	1.0189682045916557	-4.810169280071941	138.0	11	1.05	0.95				
	104	1	61.41340919649123	12.44866402631579	0.0	0.0	1	1.0182439797746827	-6.990565912586712	138.0	11	1.05	0.95				
	105	1	58.923676391228064	11.61875309122807	0.0	0.0	1	1.0318462715331038	-7.362021431273182	138.0	11	1.05	0.95				
	106	1	112.86788717192984	23.23750618245614	0.0	-100.0	1	1.0344234282860727	-9.98649431961404	138.0	12	1.05	0.95				
	107	2	103.73886688596492	20.74777337719298	0.0	0.0	1	1.05	-8.42275761877272	138.0	12	1.05	0.95				
	108	1	141.9147699	29.046882728070173	0.0	0.0	1	1.0233483492757323	-10.527555942313786	138.0	12	1.05	0.95				
	109	1	145.23441364035088	29.87679366315789	0.0	0.0	1	1.0274950257866347	-6.593139847365852	138.0	13	1.05	0.95				
	110	1	161.83263234210526	33.196437403508774	0.0	0.0	1	1.05	-8.121228882648053	138.0	13	1.05	0.95				
	111	1	0.0	0.0	0.0	0.0	1	1.0167364592537844	-3.008468831680158	230.0	13	1.05	0.95				
	112	1	0.0	0.0	0.0	0.0	1	1.0193288017852558	-2.054098301221423	230.0	13	1.05	0.95				
	113	3	219.9263977982456	44.81519049473685	0.0	0.0	1	1.0242034613564677	1.7153876678779427e-28	230.0	14	1.05	0.95				
	114	2	161.00272140701753	32.36652646842105	0.0	0.0	1	1.019270499075897	-1.2911658995687865	230.0	16	1.05	0.95				
	115	2	263.08176642280705	53.114299845614035	0.0	0.0	1	1.0443473308288325	6.539946341281421	230.0	16	1.05	0.95				
	116	2	82.99109350877193	16.598218701754387	0.0	0.0	1	1.0442326732277714	6.1646920321140195	230.0	16	1.05	0.95				
	117	1	0.0	0.0	0.0	0.0	1	1.047448555635332	9.395865633738632	230.0	17	1.05	0.95				
	118	2	276.3603413842105	56.43394358596492	0.0	0.0	1	1.0496065370867496	10.08283953208281	230.0	17	1.05	0.95				
	119	1	150.2138792508772	30.706704598245615	0.0	0.0	1	1.038900819356933	4.836061196977978	230.0	15	1.05	0.95				
	120	1	106.22859969122807	21.577684312280702	0.0	0.0	1	1.0416027802584398	5.099880791839967	230.0	15	1.05	0.95				
	121	2	0.0	0.0	0.0	0.0	1	1.05	10.876874057807326	230.0	17	1.05	0.95				
	122	2	0.0	0.0	0.0	0.0	1	1.05	17.370575368894013	230.0	17	1.05	0.95				
	123	2	0.0	0.0	0.0	0.0	1	1.0455470528339388	5.852151332519075	230.0	15	1.05	0.95				
	124	1	0.0	0.0	0.0	0.0	1	1.0206336082599436	2.347607177242999	230.0	16	1.05	0.95				
	201	2	105.58602234947368	21.508263811929822	0.0	0.0	2	1.05	-20.47695042452164	138.0	21	1.05	0.95				
	202	2	94.83189044350875	19.552967101754383	0.0	0.0	2	1.05	-20.56072230821826	138.0	22	1.05	0.95				
	203	1	175.97670391578944	36.17298913824561	0.0	0.0	2	1.0150335016185785	-14.943323696605248	138.0	21	1.05	0.95				
	204	1	72.34597827649122	14.664725326315786	0.0	0.0	2	1.0132613785103866	-21.933840886240823	138.0	21	1.05	0.95				
	205	1	69.41303321122805	13.687076971228072	0.0	0.0	2	1.0325275496256803	-22.62179327581825	138.0	21	1.05	0.95				
	206	1	132.96017629192983	27.374153942456143	0.0	-100.0	2	1.0262566146813001	-24.748958268214395	138.0	22	1.05	0.95				
	207	2	122.2060443859649	24.44120887719298	0.0	0.0	2	0.9514632477006031	-32.27995878929972	138.0	22	1.05	0.95				
	208	1	167.17786872	34.217692428070166	0.0	0.0	2	0.95	-30.46781331475113	138.0	22	1.05	0.95				
	209	1	171.08846214035086	35.19534078315789	0.0	0.0	2	1.0157522627089173	-19.079255072717025	138.0	23	1.05	0.95				
	210	1	190.64142924210523	39.10593420350877	0.0	0.0	2	1.0402075109681281	-21.74043339241394	138.0	23	1.05	0.95				
	211	1	0.0	0.0	0.0	0.0	2	1.0271027010084692	-13.129519323130001	230.0	23	1.05	0.95				
	212	1	0.0	0.0	0.0	0.0	2	1.0158693868423194	-11.62394154537946	230.0	23	1.05	0.95				
	213	2	259.07681409824556	52.79301117473684	0.0	0.0	2	1.05	-8.48762694050098	230.0	24	1.05	0.95				
	214	2	189.6637808870175	38.12828584842105	0.0	0.0	2	1.05	-10.326464643945952	230.0	26	1.05	0.95				
	215	2	309.914528562807	62.56949472561403	0.0	0.0	2	1.0414913238725805	0.40544250742458066	230.0	26	1.05	0.95				
	216	2	97.76483550877192	19.552967101754383	0.0	0.0	2	1.0455008558807122	-0.23628910351589572	230.0	26	1.05	0.95				
	217	1	0.0	0.0	0.0	0.0	2	1.048281766758141	3.4678828113528635	230.0	27	1.05	0.95				
	218	2	325.5569022442105	66.48008814596491	0.0	0.0	2	1.05	4.0539664586403505	230.0	27	1.05	0.95				
	219	1	176.95435227087717	36.17298913824561	0.0	0.0	2	1.03975059195564	-1.041274262547503	230.0	25	1.05	0.95				
	220	1	125.13898945122806	25.4188572322807	0.0	0.0	2	1.044093424224161	0.09241063274951966	230.0	25	1.05	0.95				
	221	2	0.0	0.0	0.0	0.0	2	1.05	4.827480323851771	230.0	27	1.05	0.95				
	222	2	0.0	0.0	0.0	0.0	2	1.05	10.805737105930275	230.0	27	1.05	0.95				
	223	2	0.0	0.0	0.0	0.0	2	1.05	1.4197782175269589	230.0	25	1.05	0.95				
	224	1	0.0	0.0	0.0	0.0	2	1.011677146501141	-5.266954867298124	230.0	26	1.05	0.95				
	301	2	72.55235686736843	14.77918380631579	0.0	0.0	3	1.0072125161183652	-12.709029492484785	138.0	31	1.05	0.95				
	302	2	65.16276496421052	13.435621642105264	0.0	0.0	3	1.0064847760733688	-12.886172903460574	138.0	32	1.05	0.95				
	303	1	120.92059477894739	24.855900037894738	0.0	0.0	3	1.019597269690883	-6.472408985812107	138.0	31	1.05	0.95				
	304	1	49.711800075789476	10.07671623157895	0.0	0.0	3	1.0043708884905205	-10.904817748710672	138.0	31	1.05	0.95				
	305	1	47.69645682947369	9.404935149473687	0.0	0.0	3	1.0188196418144098	-11.32100900970198	138.0	31	1.05	0.95				
	306	1	91.3622271663158	18.809870298947374	0.0	-100.0	3	1.0325444988108814	-11.285702485602153	138.0	32	1.05	0.95				
	307	2	83.9726352631579	16.79452705263158	0.0	0.0	3	1.0072809435636612	-12.548692835164143	138.0	32	1.05	0.95				
	308	1	114.87456504	23.51233787368421	0.0	0.0	3	1.0046711790532297	-11.845088318112177	138.0	32	1.05	0.95				
	309	1	117.56168936842106	24.184118955789476	0.0	0.0	3	1.0266615039307505	-6.541918383025871	138.0	33	1.05	0.95				
	310	1	130.99731101052632	26.87124328421053	0.0	0.0	3	1.05	-7.778951848522165	138.0	33	1.05	0.95				
	311	1	0.0	0.0	0.0	0.0	3	1.0170587967130116	-0.8926802168970179	230.0	33	1.05	0.95				
	312	1	0.0	0.0	0.0	0.0	3	1.0186314132181158	-0.21399218410265122	230.0	33	1.05	0.95				
	313	2	178.02198675789475	36.276178433684215	0.0	0.0	3	1.0309854193816015	4.470078729967998	230.0	34	1.05	0.95				
	314	2	130.32552992842105	26.199462202105266	0.0	0.0	3	1.023836666269194	0.6064033258946618	230.0	36	1.05	0.95				
	315	2	212.95460302736845	42.993989254736846	0.0	0.0	3	1.0428636849291981	2.9450208682259125	230.0	36	1.05	0.95				
	316	2	67.17810821052632	13.435621642105264	0.0	0.0	3	1.0399042285291582	2.8740072786389543	230.0	36	1.05	0.95				
	317	1	0.0	0.0	0.0	0.0	3	1.0447263130507207	4.112168654142803	230.0	37	1.05	0.95				
	318	2	223.70310034105265	45.6811135831579	0.0	0.0	3	1.045568266006789	3.8786644267674806	230.0	37	1.05	0.95				
	319	1	121.59237586105264	24.855900037894738	0.0	0.0	3	1.0360013149800236	3.094830408707689	230.0	35	1.05	0.95				
	320	1	85.98797850947369	17.466308134736845	0.0	0.0	3	1.0358745664166609	3.565454594701167	230.0	35	1.05	0.95				
	321	2	0.0	0.0	0.0	0.0	3	1.0485485492379412	5.498433382653594	230.0	37	1.05	0.95				
	322	2	0.0	0.0	0.0	0.0	3	1.05	10.726574741042958	230.0	37	1.05	0.95				
	323	2	0.0	0.0	0.0	0.0	3	1.036610649064887	3.953628703499117	230.0	35	1.05	0.95				
	324	1	0.0	0.0	0.0	0.0	3	1.0244458998268988	0.9746584463186597	230.0	36	1.05	0.95				
	325	1	0.0	0.0	0.0	0.0	3	1.0368127454222849	4.542979679307308	230.0	35	1.05	0.95				
];
