%% MATPOWER Case Format : Version 2
function mpc = RTS_GMLC
mpc.version = '2';

%%-----  Power Flow Data  -----%%
%% system MVA base
mpc.baseMVA = 100.0;
%% bus data
%    bus_i    type    Pd    Qd    Gs    Bs    area    Vm    Va    baseKV    zone    Vmax    Vmin
mpc.bus = [
	101	2	61.61504206736842	12.551212272982456	0.0	0.0	1	1.0473624509926698	3.2480347465628174	138.0	11	1.05	0.95				
	102	2	55.33943593087719	11.410192975438596	0.0	0.0	1	1.0462312288041684	2.866019483579764	138.0	12	1.05	0.95				
	103	1	102.69173677894736	21.1088570045614	0.0	0.0	1	1.0327630492323645	1.2019180163025598	138.0	11	1.05	0.95				
	104	1	42.2177140091228	8.557644731578947	0.0	0.0	1	1.0271897433726271	-0.9815387662049199	138.0	11	1.05	0.95				
	105	1	40.506185062807006	7.987135082807018	0.0	0.0	1	1.0397553105718966	-1.3032160307784912	138.0	11	1.05	0.95				
	106	1	77.58931223298245	15.974270165614035	0.0	-100.0	1	1.0434541634940324	-4.464708384523131	138.0	12	1.05	0.95				
	107	2	71.31370609649123	14.262741219298244	0.0	0.0	1	0.9981849390396121	-14.08622453193097	138.0	12	1.05	0.95				
	108	1	97.55714993999999	19.96783770701754	0.0	0.0	1	0.9962007468409233	-11.397934926061614	138.0	12	1.05	0.95				
	109	1	99.83918853508771	20.538347355789472	0.0	0.0	1	1.0255381636471743	-2.975122829958868	138.0	13	1.05	0.95				
	110	1	111.2493815105263	22.820385950877192	0.0	0.0	1	1.05	-4.196900692977729	138.0	13	1.05	0.95				
	111	1	0.0	0.0	0.0	0.0	1	1.010195111838047	-0.7181547063554256	230.0	13	1.05	0.95				
	112	1	0.0	0.0	0.0	0.0	1	1.0150539033951511	-0.6923708935076935	230.0	13	1.05	0.95				
	113	3	151.1850569245614	30.80752103368421	0.0	0.0	1	1.008502119378278	-1.1735747572606292e-30	230.0	14	1.05	0.95				
	114	2	110.67887186175437	22.24987630210526	0.0	0.0	1	1.0099531407517641	1.6013597147372305	230.0	16	1.05	0.95				
	115	2	180.85155866070173	36.512617521403506	0.0	0.0	1	1.0431734900914966	9.160622533046984	230.0	16	1.05	0.95				
	116	2	57.050964877192975	11.410192975438596	0.0	0.0	1	1.0407974392628219	8.234962576030618	230.0	16	1.05	0.95				
	117	1	0.0	0.0	0.0	0.0	1	1.0452710029264345	11.803688178840275	230.0	17	1.05	0.95				
	118	2	189.9797130410526	38.794656116491225	0.0	0.0	1	1.0481625970864643	12.657359162405674	230.0	17	1.05	0.95				
	119	1	103.26224642771929	21.1088570045614	0.0	0.0	1	1.034169569700342	6.1417405051813905	230.0	15	1.05	0.95				
	120	1	73.02523504280701	14.833250868070175	0.0	0.0	1	1.032650535305211	4.896985967132556	230.0	15	1.05	0.95				
	121	2	0.0	0.0	0.0	0.0	1	1.05	14.272554704299475	230.0	17	1.05	0.95				
	122	2	0.0	0.0	0.0	0.0	1	1.05	19.839461199221205	230.0	17	1.05	0.95				
	123	2	0.0	0.0	0.0	0.0	1	1.0329957931855802	4.641710829517648	230.0	15	1.05	0.95				
	124	1	0.0	0.0	0.0	0.0	1	1.0290626768171456	6.18359597162915	230.0	16	1.05	0.95				
	201	2	74.22131277473684	15.119156305964912	0.0	0.0	2	1.0277780157134453	-16.76957786013086	138.0	21	1.05	0.95				
	202	2	66.66173462175439	13.744687550877194	0.0	0.0	2	1.0289884813926515	-16.59320770694334	138.0	22	1.05	0.95				
	203	1	123.70218795789474	25.427671969122805	0.0	0.0	2	1.0130542869907282	-14.206727676938458	138.0	21	1.05	0.95				
	204	1	50.85534393824561	10.308515663157895	0.0	0.0	2	1.0147596689849963	-17.211296195484426	138.0	21	1.05	0.95				
	205	1	48.79364080561403	9.621281285614035	0.0	0.0	2	1.030182586939285	-17.71578244685872	138.0	21	1.05	0.95				
	206	1	93.46387534596492	19.24256257122807	0.0	-100.0	2	1.0379229616086434	-18.85351824240744	138.0	22	1.05	0.95				
	207	2	85.90429719298245	17.180859438596492	0.0	0.0	2	0.9734551938536171	-28.65847151910141	138.0	22	1.05	0.95				
	208	1	117.51707856	24.053203214035086	0.0	0.0	2	0.9757129209808226	-25.28677589316216	138.0	22	1.05	0.95				
	209	1	120.26601607017544	24.740437591578946	0.0	0.0	2	1.0248097888708865	-14.9108774275082	138.0	23	1.05	0.95				
	210	1	134.01070362105264	27.489375101754387	0.0	0.0	2	1.05	-16.48788566657788	138.0	23	1.05	0.95				
	211	1	0.0	0.0	0.0	0.0	2	1.0230336793500603	-11.232708749230275	230.0	23	1.05	0.95				
	212	1	0.0	0.0	0.0	0.0	2	1.022659658920264	-6.067252003518166	230.0	23	1.05	0.95				
	213	2	182.1171100491228	37.11065638736842	0.0	0.0	2	1.0323257981928817	-8.207271339090601	230.0	24	1.05	0.95				
	214	2	133.32346924350878	26.802140724210528	0.0	0.0	2	1.0319624316141005	-9.501620216705152	230.0	26	1.05	0.95				
	215	2	217.85329768140352	43.983000162807016	0.0	0.0	2	1.0352858332891397	-2.731073340603423	230.0	26	1.05	0.95				
	216	2	68.72343775438597	13.744687550877194	0.0	0.0	2	1.0379505445980537	-2.7768448967813137	230.0	26	1.05	0.95				
	217	1	0.0	0.0	0.0	0.0	2	1.0381710531315755	-1.148597679139156	230.0	27	1.05	0.95				
	218	2	228.84904772210527	46.73193767298246	0.0	0.0	2	1.0367072190952096	-2.178445364248003	230.0	27	1.05	0.95				
	219	1	124.3894223354386	25.427671969122805	0.0	0.0	2	1.0377404861366766	-1.9094594869902903	230.0	25	1.05	0.95				
	220	1	87.96600032561403	17.86809381614035	0.0	0.0	2	1.0439207022871313	0.13779155846933347	230.0	25	1.05	0.95				
	221	2	0.0	0.0	0.0	0.0	2	1.0384835893787834	-1.5436917540747332	230.0	27	1.05	0.95				
	222	2	0.0	0.0	0.0	0.0	2	1.05	5.11264880534287	230.0	27	1.05	0.95				
	223	2	0.0	0.0	0.0	0.0	2	1.05	1.7526745192368127	230.0	25	1.05	0.95				
	224	1	0.0	0.0	0.0	0.0	2	1.0127074978928403	-6.982289706752568	230.0	26	1.05	0.95				
	301	2	71.73236319157894	14.612148057543859	0.0	0.0	3	0.9977349200659262	5.4179201198820195	138.0	31	1.05	0.95				
	302	2	64.42628916280701	13.283770961403507	0.0	0.0	3	0.999958072981028	5.3672171098834935	138.0	32	1.05	0.95				
	303	1	119.55393865263157	24.574976278596488	0.0	0.0	3	1.0131831074487692	8.707499335472269	138.0	31	1.05	0.95				
	304	1	49.149952557192975	9.96282822105263	0.0	0.0	3	0.9992236532550163	8.017018653455127	138.0	31	1.05	0.95				
	305	1	47.157386912982446	9.298639672982457	0.0	0.0	3	1.0105031746387616	7.674495091298429	138.0	31	1.05	0.95				
	306	1	90.32964253754385	18.597279345964914	0.0	-100.0	3	1.0264112317508196	8.197923672282593	138.0	32	1.05	0.95				
	307	2	83.02356850877192	16.604713701754385	0.0	0.0	3	0.9757026329191064	4.081988787246677	138.0	32	1.05	0.95				
	308	1	113.57624171999998	23.246599182456134	0.0	0.0	3	0.9880967814996456	7.133090874966909	138.0	32	1.05	0.95				
	309	1	116.23299591228069	23.910787730526312	0.0	0.0	3	1.0236354729501593	12.901245749084378	138.0	33	1.05	0.95				
	310	1	129.5167668736842	26.567541922807013	0.0	0.0	3	1.0444507104030303	12.076209526207487	138.0	33	1.05	0.95				
	311	1	0.0	0.0	0.0	0.0	3	1.0127528924715825	19.065918530895406	230.0	33	1.05	0.95				
	312	1	0.0	0.0	0.0	0.0	3	1.018783942686932	20.52195328462793	230.0	33	1.05	0.95				
	313	2	176.00996523859646	35.86618159578947	0.0	0.0	3	1.0417486454866571	28.3588912389822	230.0	34	1.05	0.95				
	314	2	128.85257832561402	25.903353374736838	0.0	0.0	3	1.01578794430113	17.304643509524627	230.0	36	1.05	0.95				
	315	2	210.5477697382456	42.50806707649122	0.0	0.0	3	1.0413499302400655	11.55850044857913	230.0	36	1.05	0.95				
	316	2	66.41885480701754	13.283770961403507	0.0	0.0	3	1.0420280150823693	13.113575539852498	230.0	36	1.05	0.95				
	317	1	0.0	0.0	0.0	0.0	3	1.048397550099474	12.905462043005688	230.0	37	1.05	0.95				
	318	2	221.17478650736842	45.164821268771924	0.0	0.0	3	1.0464624203792992	10.902487782380968	230.0	37	1.05	0.95				
	319	1	120.21812720070176	24.574976278596488	0.0	0.0	3	1.03966904841712	15.915556718312795	230.0	35	1.05	0.95				
	320	1	85.01613415298245	17.26890224982456	0.0	0.0	3	1.0412461523235745	18.1217664917442	230.0	35	1.05	0.95				
	321	2	0.0	0.0	0.0	0.0	3	1.045485069534681	11.723689093634118	230.0	37	1.05	0.95				
	322	2	0.0	0.0	0.0	0.0	3	1.05	16.52600503935579	230.0	37	1.05	0.95				
	323	2	0.0	0.0	0.0	0.0	3	1.042307400679574	18.95334605550616	230.0	35	1.05	0.95				
	324	1	0.0	0.0	0.0	0.0	3	1.0274441358054753	12.365116685220121	230.0	36	1.05	0.95				
	325	1	0.0	0.0	0.0	0.0	3	1.0443703881227147	18.560626230812453	230.0	35	1.05	0.95				
];
