%% MATPOWER Case Format : Version 2
function mpc = RTS_GMLC
mpc.version = '2';

%%-----  Power Flow Data  -----%%
%% system MVA base
mpc.baseMVA = 100.0;
%% bus data
%    bus_i    type    Pd    Qd    Gs    Bs    area    Vm    Va    baseKV    zone    Vmax    Vmin
mpc.bus = [
	101	2	52.27659576	10.648936173333334	0.0	0.0	1	1.0129283856421651	1.4059098070566294	138.0	11	1.05	0.95				
	102	2	46.95212767333333	9.680851066666667	0.0	0.0	1	1.0117964003516557	1.0890094971037547	138.0	12	1.05	0.95				
	103	1	87.1276596	17.909574473333333	0.0	0.0	1	1.0241091371425823	1.6383836876535156	138.0	11	1.05	0.95				
	104	1	35.819148946666665	7.2606383	0.0	0.0	1	1.0114010714457138	-1.8970332632362295	138.0	11	1.05	0.95				
	105	1	34.36702128666666	6.7765957466666675	0.0	0.0	1	1.0245269905695025	-1.8684585737661787	138.0	11	1.05	0.95				
	106	1	65.82978725333334	13.553191493333335	0.0	-100.0	1	1.0386158628170017	-4.205133200584986	138.0	12	1.05	0.95				
	107	2	60.50531916666667	12.101063833333333	0.0	0.0	1	0.987486324672493	-10.322997978860945	138.0	12	1.05	0.95				
	108	1	82.77127662	16.941489366666666	0.0	0.0	1	0.9948053857240274	-8.701091101613098	138.0	12	1.05	0.95				
	109	1	84.70744683333334	17.42553192	0.0	0.0	1	1.0260056093986818	-2.311339005597124	138.0	13	1.05	0.95				
	110	1	94.3882979	19.361702133333335	0.0	0.0	1	1.05	-3.583002109537667	138.0	13	1.05	0.95				
	111	1	0.0	0.0	0.0	0.0	1	1.0218813404373885	0.19878884100880168	230.0	13	1.05	0.95				
	112	1	0.0	0.0	0.0	0.0	1	1.016420996015285	-0.34880765064393077	230.0	13	1.05	0.95				
	113	3	128.27127663333334	26.13829788	0.0	0.0	1	1.0024531610810556	-2.0908056810201095e-31	230.0	14	1.05	0.95				
	114	2	93.90425534666666	18.87765958	0.0	0.0	1	1.05	3.414359506691705	230.0	16	1.05	0.95				
	115	2	153.44148940666668	30.978723413333338	0.0	0.0	1	1.0428806305553695	12.60530262374791	230.0	16	1.05	0.95				
	116	2	48.40425533333333	9.680851066666667	0.0	0.0	1	1.0448978748238276	11.073869635126826	230.0	16	1.05	0.95				
	117	1	0.0	0.0	0.0	0.0	1	1.0417841947501914	16.760342164094702	230.0	17	1.05	0.95				
	118	2	161.18617026	32.91489362666667	0.0	0.0	1	1.049120192500813	17.205115092194315	230.0	17	1.05	0.95				
	119	1	87.61170215333334	17.909574473333333	0.0	0.0	1	1.0428192760660502	7.683458156465553	230.0	15	1.05	0.95				
	120	1	61.957446826666676	12.585106386666666	0.0	0.0	1	1.046838178864148	5.6555159191002815	230.0	15	1.05	0.95				
	121	2	0.0	0.0	0.0	0.0	1	1.0429894025196174	18.82160397098961	230.0	17	1.05	0.95				
	122	2	0.0	0.0	0.0	0.0	1	1.05	36.78509393899925	230.0	17	1.05	0.95				
	123	2	0.0	0.0	0.0	0.0	1	1.05	4.901335129983228	230.0	15	1.05	0.95				
	124	1	0.0	0.0	0.0	0.0	1	1.0221431208071934	8.529402497612876	230.0	16	1.05	0.95				
	201	2	50.65953093473685	10.319534079298247	0.0	0.0	2	1.0231969593423895	-10.421606061725154	138.0	21	1.05	0.95				
	202	2	45.49976389508772	9.38139461754386	0.0	0.0	2	1.0240236525729545	-10.284293111683356	138.0	22	1.05	0.95				
	203	1	84.43255155789474	17.35558004245614	0.0	0.0	2	1.0139113568853393	-9.222954475037112	138.0	21	1.05	0.95				
	204	1	34.71116008491228	7.036045963157894	0.0	0.0	2	1.0160402854810318	-11.515158781163095	138.0	21	1.05	0.95				
	205	1	33.3039508922807	6.566976232280703	0.0	0.0	2	1.0308805290445964	-11.819979276082837	138.0	21	1.05	0.95				
	206	1	63.79348339929825	13.133952464561405	0.0	-100.0	2	1.0429450503029483	-13.037898321719547	138.0	22	1.05	0.95				
	207	2	58.63371635964912	11.726743271929825	0.0	0.0	2	0.9921833131063659	-19.671215848104183	138.0	22	1.05	0.95				
	208	1	80.21092398	16.417440580701754	0.0	0.0	2	0.9966666463202508	-17.512745757176493	138.0	22	1.05	0.95				
	209	1	82.08720290350877	16.88651031157895	0.0	0.0	2	1.0229837340702976	-10.5911638754323	138.0	23	1.05	0.95				
	210	1	91.46859752105263	18.76278923508772	0.0	0.0	2	1.05	-11.730772789843375	138.0	23	1.05	0.95				
	211	1	0.0	0.0	0.0	0.0	2	1.0086153394382518	-7.502145193711428	230.0	23	1.05	0.95				
	212	1	0.0	0.0	0.0	0.0	2	1.008947733588787	-6.204943559434849	230.0	23	1.05	0.95				
	213	2	124.30347868245615	25.329765467368425	0.0	0.0	2	1.0057913028960916	-5.71214732924271	230.0	24	1.05	0.95				
	214	2	90.99952779017543	18.29371950421053	0.0	0.0	2	1.0115004474787177	-5.328625006426626	230.0	26	1.05	0.95				
	215	2	148.69510468807016	30.020462776140356	0.0	0.0	2	1.028018058082286	0.35909541695491487	230.0	26	1.05	0.95				
	216	2	46.9069730877193	9.38139461754386	0.0	0.0	2	1.0301792222636774	0.5945332395236775	230.0	26	1.05	0.95				
	217	1	0.0	0.0	0.0	0.0	2	1.0371462814102146	1.9886914499858532	230.0	27	1.05	0.95				
	218	2	156.20022038210527	31.896741699649127	0.0	0.0	2	1.034916576754058	1.3364435109578532	230.0	27	1.05	0.95				
	219	1	84.90162128877193	17.35558004245614	0.0	0.0	2	1.029517763801335	1.4025621299569921	230.0	25	1.05	0.95				
	220	1	60.04092555228071	12.195813002807018	0.0	0.0	2	1.0325907820931537	3.010257272315461	230.0	25	1.05	0.95				
	221	2	0.0	0.0	0.0	0.0	2	1.0352200567851044	1.8168303967097856	230.0	27	1.05	0.95				
	222	2	0.0	0.0	0.0	0.0	2	1.05	8.38313280226094	230.0	27	1.05	0.95				
	223	2	0.0	0.0	0.0	0.0	2	1.0356306420679646	4.24440662301527	230.0	25	1.05	0.95				
	224	1	0.0	0.0	0.0	0.0	2	1.0108870384421202	-3.214945337784512	230.0	26	1.05	0.95				
	301	2	39.51344512421053	8.049035117894737	0.0	0.0	3	1.0119160438077197	-2.3908499865460118	138.0	31	1.05	0.95				
	302	2	35.488927565263154	7.317304652631579	0.0	0.0	3	1.011882492026769	-2.460649812657644	138.0	32	1.05	0.95				
	303	1	65.85574187368421	13.53701360736842	0.0	0.0	3	1.0232615467502582	1.9658384777398614	138.0	31	1.05	0.95				
	304	1	27.07402721473684	5.487978489473684	0.0	0.0	3	1.0140044344928676	-0.9196673609418249	138.0	31	1.05	0.95				
	305	1	25.9764315168421	5.1221132568421055	0.0	0.0	3	1.0264310720253815	-1.990133153794433	138.0	31	1.05	0.95				
	306	1	49.75767163789474	10.244226513684211	0.0	-100.0	3	1.0432241262746007	-2.215642802590921	138.0	32	1.05	0.95				
	307	2	45.73315407894737	9.146630815789473	0.0	0.0	3	0.9879934324964678	-5.647656910079183	138.0	32	1.05	0.95				
	308	1	62.56295478	12.805283142105262	0.0	0.0	3	0.9992710840279772	-4.081070461787512	138.0	32	1.05	0.95				
	309	1	64.02641571052632	13.171148374736841	0.0	0.0	3	1.0267963271541265	1.8400770485186368	138.0	33	1.05	0.95				
	310	1	71.34372036315789	14.634609305263158	0.0	0.0	3	1.05	-0.40893848394373755	138.0	33	1.05	0.95				
	311	1	0.0	0.0	0.0	0.0	3	1.0031052319856024	4.345493897844514	230.0	33	1.05	0.95				
	312	1	0.0	0.0	0.0	0.0	3	1.0084425468345228	4.786436465936411	230.0	33	1.05	0.95				
	313	2	96.95428664736842	19.756722562105264	0.0	0.0	3	1.0053934274800784	7.522459211891676	230.0	34	1.05	0.95				
	314	2	70.97785513052631	14.268744072631579	0.0	0.0	3	0.9947422141879886	5.355778548597205	230.0	36	1.05	0.95				
	315	2	115.97927874421052	23.415374888421052	0.0	0.0	3	1.023410305434616	8.449715539808734	230.0	36	1.05	0.95				
	316	2	36.58652326315789	7.317304652631579	0.0	0.0	3	1.0211027830196833	8.929386548429134	230.0	36	1.05	0.95				
	317	1	0.0	0.0	0.0	0.0	3	1.0353646649890789	12.418532896175046	230.0	37	1.05	0.95				
	318	2	121.83312246631579	24.87883581894737	0.0	0.0	3	1.0332811028246716	10.545089273923127	230.0	37	1.05	0.95				
	319	1	66.22160710631579	13.53701360736842	0.0	0.0	3	1.0153119935614563	8.337302665051226	230.0	35	1.05	0.95				
	320	1	46.830749776842104	9.512496048421053	0.0	0.0	3	1.0124977541083204	8.551687592498517	230.0	35	1.05	0.95				
	321	2	0.0	0.0	0.0	0.0	3	1.0325031306047414	10.45876392229295	230.0	37	1.05	0.95				
	322	2	0.0	0.0	0.0	0.0	3	1.0477021315577972	15.552899347753739	230.0	37	1.05	0.95				
	323	2	0.0	0.0	0.0	0.0	3	1.0112915710640171	8.962585645837287	230.0	35	1.05	0.95				
	324	1	0.0	0.0	0.0	0.0	3	1.014803628699895	5.998713619776686	230.0	36	1.05	0.95				
	325	1	0.0	0.0	0.0	0.0	3	1.0119228139613694	9.819264350294178	230.0	35	1.05	0.95				
];
