%% MATPOWER Case Format : Version 2
function mpc = RTS_GMLC
mpc.version = '2';

%%-----  Power Flow Data  -----%%
%% system MVA base
mpc.baseMVA = 100.0;
%% bus data
%    bus_i    type    Pd    Qd    Gs    Bs    area    Vm    Va    baseKV    zone    Vmax    Vmin
mpc.bus = [
	101	2	75.92330527578947	15.465858482105263	0.0	0.0	1	1.0326852749522968	-1.2061521951010716	138.0	11	1.05	0.95				
	102	2	68.19037603473683	14.059871347368421	0.0	0.0	1	1.0326947100872639	-1.2556227768993344	138.0	12	1.05	0.95				
	103	1	126.53884212631579	26.010761992631576	0.0	0.0	1	1.0213811030038664	-2.0823557470294567	138.0	11	1.05	0.95				
	104	1	52.02152398526315	10.544903510526314	0.0	0.0	1	1.0169830041579269	-4.168087566427798	138.0	11	1.05	0.95				
	105	1	49.91254328315789	9.841909943157894	0.0	0.0	1	1.0319678673060841	-4.165393058065395	138.0	11	1.05	0.95				
	106	1	95.60712516210526	19.68381988631579	0.0	-100.0	1	1.0375836608950044	-6.462796918514541	138.0	12	1.05	0.95				
	107	2	87.87419592105262	17.574839184210525	0.0	0.0	1	1.0470885508646046	-1.8821211483411042	138.0	12	1.05	0.95				
	108	1	120.21190002	24.604774857894736	0.0	0.0	1	1.0250712094266576	-5.085147808188788	138.0	12	1.05	0.95				
	109	1	123.02387428947368	25.307768425263156	0.0	0.0	1	1.0265683195578623	-3.7058578675956846	138.0	13	1.05	0.95				
	110	1	137.08374563684208	28.119742694736843	0.0	0.0	1	1.05	-4.9459237216982315	138.0	13	1.05	0.95				
	111	1	0.0	0.0	0.0	0.0	1	1.0125479656370988	-1.2093515877297498	230.0	13	1.05	0.95				
	112	1	0.0	0.0	0.0	0.0	1	1.0152612672523174	-0.2690685793879179	230.0	13	1.05	0.95				
	113	3	186.29329535263156	37.96165263789474	0.0	0.0	1	1.011773901561871	-1.0612601454125462e-29	230.0	14	1.05	0.95				
	114	2	136.38075206947366	27.416749127368423	0.0	0.0	1	1.0140432996835835	0.9093389254936445	230.0	16	1.05	0.95				
	115	2	222.84896085578944	44.991588311578944	0.0	0.0	1	1.044322906853242	8.351073696739663	230.0	16	1.05	0.95				
	116	2	70.2993567368421	14.059871347368421	0.0	0.0	1	1.042341443672066	8.118562261352382	230.0	16	1.05	0.95				
	117	1	0.0	0.0	0.0	0.0	1	1.046856849393436	10.811166924284482	230.0	17	1.05	0.95				
	118	2	234.0968579336842	47.80356258105263	0.0	0.0	1	1.0489310637160991	11.319024080313195	230.0	17	1.05	0.95				
	119	1	127.24183569368421	26.010761992631576	0.0	0.0	1	1.0371297044689785	7.174948186492743	230.0	15	1.05	0.95				
	120	1	89.98317662315789	18.277832751578945	0.0	0.0	1	1.0386979430476253	7.685149808384634	230.0	15	1.05	0.95				
	121	2	0.0	0.0	0.0	0.0	1	1.05	11.811298014678599	230.0	17	1.05	0.95				
	122	2	0.0	0.0	0.0	0.0	1	1.05	17.93480335701143	230.0	17	1.05	0.95				
	123	2	0.0	0.0	0.0	0.0	1	1.0415039039923653	8.485222134188994	230.0	15	1.05	0.95				
	124	1	0.0	0.0	0.0	0.0	1	1.0226765014635542	4.490711838199079	230.0	16	1.05	0.95				
	201	2	76.56729104842105	15.597040769122808	0.0	0.0	2	1.0386844927605547	-7.73592783683481	138.0	21	1.05	0.95				
	202	2	68.76877066385966	14.179127971929825	0.0	0.0	2	1.0386583732547505	-7.867419342411319	138.0	22	1.05	0.95				
	203	1	127.61215174736844	26.23138674807018	0.0	0.0	2	1.0278406034893093	-5.40789178183217	138.0	21	1.05	0.95				
	204	1	52.46277349614036	10.634345978947369	0.0	0.0	2	1.0193792238700436	-9.795264010720103	138.0	21	1.05	0.95				
	205	1	50.335904300350876	9.92538958035088	0.0	0.0	2	1.0352542033201542	-10.106525367806736	138.0	21	1.05	0.95				
	206	1	96.41807020912282	19.85077916070176	0.0	-100.0	2	1.039235962120054	-12.113732294079426	138.0	22	1.05	0.95				
	207	2	88.61954982456142	17.72390996491228	0.0	0.0	2	0.9689706516746692	-22.80529971999769	138.0	22	1.05	0.95				
	208	1	121.23154416000001	24.813473950877192	0.0	0.0	2	0.9721453449176399	-19.309975527343987	138.0	22	1.05	0.95				
	209	1	124.06736975438596	25.522430349473684	0.0	0.0	2	1.0257952432037527	-8.5135384351774	138.0	23	1.05	0.95				
	210	1	138.2464977263158	28.35825594385965	0.0	0.0	2	1.05	-10.289811878596828	138.0	23	1.05	0.95				
	211	1	0.0	0.0	0.0	0.0	2	1.0234589241192453	-3.9641597333830734	230.0	23	1.05	0.95				
	212	1	0.0	0.0	0.0	0.0	2	1.019572142338796	-2.763801945307876	230.0	23	1.05	0.95				
	213	2	187.8734456280702	38.28364552421053	0.0	0.0	2	1.0329588488172157	-0.5378596537875227	230.0	24	1.05	0.95				
	214	2	137.5375413277193	27.649299545263162	0.0	0.0	2	1.036082010882495	-1.6445692230294517	230.0	26	1.05	0.95				
	215	2	224.73917835508774	45.37320951017544	0.0	0.0	2	1.0434452979227702	5.737189030854678	230.0	26	1.05	0.95				
	216	2	70.89563985964912	14.179127971929825	0.0	0.0	2	1.046550506567522	5.97702603748837	230.0	26	1.05	0.95				
	217	1	0.0	0.0	0.0	0.0	2	1.048513408126388	9.02217306814916	230.0	27	1.05	0.95				
	218	2	236.0824807326316	48.20903510456141	0.0	0.0	2	1.0499999821729664	9.823542641581605	230.0	27	1.05	0.95				
	219	1	128.32110814596493	26.23138674807018	0.0	0.0	2	1.0430960268081904	5.610335734409462	230.0	25	1.05	0.95				
	220	1	90.74641902035088	18.432866363508772	0.0	0.0	2	1.04616849226234	6.619170147900746	230.0	25	1.05	0.95				
	221	2	0.0	0.0	0.0	0.0	2	1.05	10.181047165042575	230.0	27	1.05	0.95				
	222	2	0.0	0.0	0.0	0.0	2	1.05	16.238165478968547	230.0	27	1.05	0.95				
	223	2	0.0	0.0	0.0	0.0	2	1.05	7.687383205115117	230.0	25	1.05	0.95				
	224	1	0.0	0.0	0.0	0.0	2	1.0236542879136437	1.5819036344685973	230.0	26	1.05	0.95				
	301	2	60.184118955789465	12.259727935438596	0.0	0.0	3	1.0089487664432668	-17.441506622447527	138.0	31	1.05	0.95				
	302	2	54.05425498807017	11.145207214035088	0.0	0.0	3	1.008173590661618	-17.606779977599693	138.0	32	1.05	0.95				
	303	1	100.30686492631577	20.61863334596491	0.0	0.0	3	1.029217421484039	-9.494970611021378	138.0	31	1.05	0.95				
	304	1	41.23726669192982	8.358905410526313	0.0	0.0	3	1.00851993598549	-15.735696461922705	138.0	31	1.05	0.95				
	305	1	39.565485609824556	7.801645049824561	0.0	0.0	3	1.0219671190380204	-16.80040563087302	138.0	31	1.05	0.95				
	306	1	75.78740905543859	15.603290099649122	0.0	-100.0	3	1.0366651295991796	-17.068856129567997	138.0	32	1.05	0.95				
	307	2	69.65754508771928	13.931509017543858	0.0	0.0	3	1.0074087073012545	-17.68060905687656	138.0	32	1.05	0.95				
	308	1	95.29152167999999	19.5041126245614	0.0	0.0	3	1.0058712737669424	-17.522750473398226	138.0	32	1.05	0.95				
	309	1	97.52056312280702	20.061372985263155	0.0	0.0	3	1.0279037059827532	-11.937797118392957	138.0	33	1.05	0.95				
	310	1	108.66577033684209	22.290414428070175	0.0	0.0	3	1.05	-14.369876745428947	138.0	33	1.05	0.95				
	311	1	0.0	0.0	0.0	0.0	3	1.0141651621199919	-7.8933742817571195	230.0	33	1.05	0.95				
	312	1	0.0	0.0	0.0	0.0	3	1.0147965187493135	-7.39762725898515	230.0	33	1.05	0.95				
	313	2	147.6739955859649	30.092059477894733	0.0	0.0	3	1.0182240685714818	-4.084834950623735	230.0	34	1.05	0.95				
	314	2	108.10850997614034	21.73315406736842	0.0	0.0	3	1.0209137470747063	-5.937533223937572	230.0	36	1.05	0.95				
	315	2	176.65153434245613	35.66466308491228	0.0	0.0	3	1.0443833062028443	0.02879466293381051	230.0	36	1.05	0.95				
	316	2	55.72603607017543	11.145207214035088	0.0	0.0	3	1.0426576955017914	0.1788077590694325	230.0	36	1.05	0.95				
	317	1	0.0	0.0	0.0	0.0	3	1.0464404374802256	2.4910401437160004	230.0	37	1.05	0.95				
	318	2	185.5677001136842	37.893704527719294	0.0	0.0	3	1.0475218540183833	2.8290328045596356	230.0	37	1.05	0.95				
	319	1	100.86412528701754	20.61863334596491	0.0	0.0	3	1.036417400684592	-1.119002014158424	230.0	35	1.05	0.95				
	320	1	71.32932616982455	14.488769378245614	0.0	0.0	3	1.0355213442900089	-1.1911131788125113	230.0	35	1.05	0.95				
	321	2	0.0	0.0	0.0	0.0	3	1.05	3.8022450176387674	230.0	37	1.05	0.95				
	322	2	0.0	0.0	0.0	0.0	3	1.05	9.062410691489216	230.0	37	1.05	0.95				
	323	2	0.0	0.0	0.0	0.0	3	1.0361458498415546	-0.8120684350713476	230.0	35	1.05	0.95				
	324	1	0.0	0.0	0.0	0.0	3	1.0267354668891042	-3.520334761534195	230.0	36	1.05	0.95				
	325	1	0.0	0.0	0.0	0.0	3	1.0340442966584533	0.24821110320095122	230.0	35	1.05	0.95				
];
