%% MATPOWER Case Format : Version 2
function mpc = RTS_GMLC
mpc.version = '2';

%%-----  Power Flow Data  -----%%
%% system MVA base
mpc.baseMVA = 100.0;
%% bus data
%    bus_i    type    Pd    Qd    Gs    Bs    area    Vm    Va    baseKV    zone    Vmax    Vmin
mpc.bus = [
	101	2	79.94458189894738	16.28500742385965	0.0	0.0	1	1.0446234952955058	1.19527583746711	138.0	11	1.05	0.95				
	102	2	71.80207818701754	14.804552203508772	0.0	0.0	1	1.0439356941025304	0.9324486170826946	138.0	12	1.05	0.95				
	103	1	133.24096983157895	27.38842157649123	0.0	0.0	1	1.0274722670554937	-0.6092014240130847	138.0	11	1.05	0.95				
	104	1	54.77684315298246	11.10341415263158	0.0	0.0	1	1.023863864124382	-2.7124698974844055	138.0	11	1.05	0.95				
	105	1	52.55616032245614	10.363186542456141	0.0	0.0	1	1.0365291544199193	-3.0996586197330944	138.0	11	1.05	0.95				
	106	1	100.67095498385964	20.726373084912282	0.0	-100.0	1	1.0382808191075084	-6.22330442795666	138.0	12	1.05	0.95				
	107	2	92.52845127192982	18.505690254385964	0.0	0.0	1	1.042987281101924	-6.088531338643672	138.0	12	1.05	0.95				
	108	1	126.57892134	25.90796635614035	0.0	0.0	1	1.021800675330945	-7.698036075481164	138.0	12	1.05	0.95				
	109	1	129.53983178070177	26.648193966315787	0.0	0.0	1	1.0270703825762915	-3.7645681474294506	138.0	13	1.05	0.95				
	110	1	144.3443839842105	29.609104407017544	0.0	0.0	1	1.05	-5.181893870253848	138.0	13	1.05	0.95				
	111	1	0.0	0.0	0.0	0.0	1	1.012031524464545	-1.4722758342441753	230.0	13	1.05	0.95				
	112	1	0.0	0.0	0.0	0.0	1	1.016408585576945	-0.8848238263232281	230.0	13	1.05	0.95				
	113	3	196.1603166964912	39.97229094947369	0.0	0.0	1	1.0125664619165395	9.9217388005363e-28	230.0	14	1.05	0.95				
	114	2	143.60415637403509	28.86887679684211	0.0	0.0	1	1.0112572172912917	0.31131489674321816	230.0	16	1.05	0.95				
	115	2	234.65215242561405	47.37456705122807	0.0	0.0	1	1.0436475256037816	8.12022737040319	230.0	16	1.05	0.95				
	116	2	74.02276101754386	14.804552203508772	0.0	0.0	1	1.040977658665229	7.286493316809682	230.0	16	1.05	0.95				
	117	1	0.0	0.0	0.0	0.0	1	1.0451452813647617	10.139057818174985	230.0	17	1.05	0.95				
	118	2	246.49579418842106	50.33547749192982	0.0	0.0	1	1.0471914439451835	10.610678506788046	230.0	17	1.05	0.95				
	119	1	133.98119744175438	27.38842157649123	0.0	0.0	1	1.0346975922165442	5.720820154257941	230.0	15	1.05	0.95				
	120	1	94.74913410245614	19.245917864561406	0.0	0.0	1	1.0349872732508252	5.294834913170915	230.0	15	1.05	0.95				
	121	2	0.0	0.0	0.0	0.0	1	1.05	12.3124856489073	230.0	17	1.05	0.95				
	122	2	0.0	0.0	0.0	0.0	1	1.05	18.175205718300123	230.0	17	1.05	0.95				
	123	2	0.0	0.0	0.0	0.0	1	1.0370812163706418	5.61264765614095	230.0	15	1.05	0.95				
	124	1	0.0	0.0	0.0	0.0	1	1.0265347262362887	4.872762374238319	230.0	16	1.05	0.95				
	201	2	80.5792539031579	16.414292461754385	0.0	0.0	2	1.0393641947170909	-17.47875205232669	138.0	21	1.05	0.95				
	202	2	72.3721076722807	14.922084056140353	0.0	0.0	2	1.0395511055141604	-17.614003725028027	138.0	22	1.05	0.95				
	203	1	134.29875650526319	27.60585550385965	0.0	0.0	2	1.0232193256620863	-12.687574174021519	138.0	21	1.05	0.95				
	204	1	55.2117110077193	11.191563042105264	0.0	0.0	2	1.0179606628510347	-19.254325026052197	138.0	21	1.05	0.95				
	205	1	52.97339839929825	10.445458839298247	0.0	0.0	2	1.0351059174650392	-19.820929351351662	138.0	21	1.05	0.95				
	206	1	101.4701715817544	20.890917678596495	0.0	-100.0	2	1.0383741620396332	-21.84387950278902	138.0	22	1.05	0.95				
	207	2	93.2630253508772	18.65260507017544	0.0	0.0	2	0.9589262094612153	-32.95876300178014	138.0	22	1.05	0.95				
	208	1	127.58381868000002	26.11364709824561	0.0	0.0	2	0.9637237005468038	-29.229300822769137	138.0	22	1.05	0.95				
	209	1	130.56823549122808	26.859751301052633	0.0	0.0	2	1.0238686572607205	-17.579748857280883	138.0	23	1.05	0.95				
	210	1	145.49031954736844	29.844168112280705	0.0	0.0	2	1.05	-19.860209741227045	138.0	23	1.05	0.95				
	211	1	0.0	0.0	0.0	0.0	2	1.0300026300830032	-13.106328187021564	230.0	23	1.05	0.95				
	212	1	0.0	0.0	0.0	0.0	2	1.0203231645112245	-11.93086492516898	230.0	23	1.05	0.95				
	213	2	197.71761374385966	40.28962695157895	0.0	0.0	2	1.0403509001688092	-10.679527371914268	230.0	24	1.05	0.95				
	214	2	144.7442153445614	29.098063909473687	0.0	0.0	2	1.04999997400423	-9.84377746553486	230.0	26	1.05	0.95				
	215	2	236.51503228982457	47.75066897964913	0.0	0.0	2	1.0455084218805963	-0.025624608551201397	230.0	26	1.05	0.95				
	216	2	74.61042028070176	14.922084056140353	0.0	0.0	2	1.0489669017030336	-0.5980975888011433	230.0	26	1.05	0.95				
	217	1	0.0	0.0	0.0	0.0	2	1.0486697266992242	2.6781485115450625	230.0	27	1.05	0.95				
	218	2	248.45269953473687	50.7350857908772	0.0	0.0	2	1.0499572687826877	3.02336565750577	230.0	27	1.05	0.95				
	219	1	135.0448607080702	27.60585550385965	0.0	0.0	2	1.0441471640708713	-1.1562469002800426	230.0	25	1.05	0.95				
	220	1	95.50133795929825	19.398709272982458	0.0	0.0	2	1.0464573712826222	-0.2481374156535771	230.0	25	1.05	0.95				
	221	2	0.0	0.0	0.0	0.0	2	1.05	3.043152428540902	230.0	27	1.05	0.95				
	222	2	0.0	0.0	0.0	0.0	2	1.05	9.412109415255934	230.0	27	1.05	0.95				
	223	2	0.0	0.0	0.0	0.0	2	1.05	0.7921158706556685	230.0	25	1.05	0.95				
	224	1	0.0	0.0	0.0	0.0	2	1.0211647596949895	-4.7197325908591194	230.0	26	1.05	0.95				
	301	2	72.56944004210527	14.782663712280703	0.0	0.0	3	1.0042060709698029	-1.4422692495231015	138.0	31	1.05	0.95				
	302	2	65.17810818596492	13.438785192982458	0.0	0.0	3	1.0055755690327617	-1.5374528490152566	138.0	32	1.05	0.95				
	303	1	120.94906673684211	24.861752607017547	0.0	0.0	3	1.0204205098221935	3.2420165368482707	138.0	31	1.05	0.95				
	304	1	49.72350521403509	10.079088894736842	0.0	0.0	3	1.0036181786788807	0.826895713467511	138.0	31	1.05	0.95				
	305	1	47.70768743508772	9.407149635087722	0.0	0.0	3	1.0161044414600615	0.6036907440528486	138.0	31	1.05	0.95				
	306	1	91.38373931228071	18.814299270175443	0.0	-100.0	3	1.031116766729932	1.0055325095684622	138.0	32	1.05	0.95				
	307	2	83.99240745614036	16.79848149122807	0.0	0.0	3	0.9864023035568699	-3.471192185266371	138.0	32	1.05	0.95				
	308	1	114.9016134	23.5178740877193	0.0	0.0	3	0.9954052571176012	-0.3884140216201156	138.0	32	1.05	0.95				
	309	1	117.58937043859649	24.18981334736842	0.0	0.0	3	1.0267060308065639	5.4987199623192415	138.0	33	1.05	0.95				
	310	1	131.02815563157895	26.877570385964916	0.0	0.0	3	1.048845444008094	4.805350038837687	138.0	33	1.05	0.95				
	311	1	0.0	0.0	0.0	0.0	3	1.0163747798909766	11.866699843650236	230.0	33	1.05	0.95				
	312	1	0.0	0.0	0.0	0.0	3	1.0212336440916898	13.277546418642979	230.0	33	1.05	0.95				
	313	2	178.06390380701754	36.284720021052635	0.0	0.0	3	1.0438012357894801	20.578943968380162	230.0	34	1.05	0.95				
	314	2	130.35621637192983	26.205631126315794	0.0	0.0	3	1.0195322213744766	10.766918419063453	230.0	36	1.05	0.95				
	315	2	213.0047453087719	43.00411261754386	0.0	0.0	3	1.039951635329227	6.548362106597158	230.0	36	1.05	0.95				
	316	2	67.19392596491228	13.438785192982458	0.0	0.0	3	1.0403073087785184	8.020242274517734	230.0	36	1.05	0.95				
	317	1	0.0	0.0	0.0	0.0	3	1.0434954282932694	6.979258315744459	230.0	37	1.05	0.95				
	318	2	223.75577346315788	45.691869656140355	0.0	0.0	3	1.0424339576623234	5.851443836542615	230.0	37	1.05	0.95				
	319	1	121.62100599649123	24.861752607017547	0.0	0.0	3	1.0382936524298807	10.475933772991569	230.0	35	1.05	0.95				
	320	1	86.00822523508772	17.470420750877196	0.0	0.0	3	1.0400618378351996	12.465088823875414	230.0	35	1.05	0.95				
	321	2	0.0	0.0	0.0	0.0	3	1.0434521077107608	6.983940415313151	230.0	37	1.05	0.95				
	322	2	0.0	0.0	0.0	0.0	3	1.05	11.309528220048328	230.0	37	1.05	0.95				
	323	2	0.0	0.0	0.0	0.0	3	1.041364996543121	13.266797111023374	230.0	35	1.05	0.95				
	324	1	0.0	0.0	0.0	0.0	3	1.0289448312563618	7.107785131611411	230.0	36	1.05	0.95				
	325	1	0.0	0.0	0.0	0.0	3	1.0431165628218055	13.190136196040083	230.0	35	1.05	0.95				
];
