%% MATPOWER Case Format : Version 2
function mpc = RTS_GMLC
mpc.version = '2';

%%-----  Power Flow Data  -----%%
%% system MVA base
mpc.baseMVA = 100.0;
%% bus data
%    bus_i    type    Pd    Qd    Gs    Bs    area    Vm    Va    baseKV    zone    Vmax    Vmin
mpc.bus = [
	101	2	102.86986642105265	20.954972789473683	0.0	0.0	1	1.0482757134806837	-3.2994093067965724	138.0	11	1.05	0.95				
	102	2	92.39238002631579	19.049975263157894	0.0	0.0	1	1.0480657216022833	-3.458624553971569	138.0	12	1.05	0.95				
	103	1	171.44977736842105	35.2424542368421	0.0	0.0	1	1.019591356727439	-3.672911988351816	138.0	11	1.05	0.95				
	104	1	70.4849084736842	14.28748144736842	0.0	0.0	1	1.0219779365161552	-6.664832517123577	138.0	11	1.05	0.95				
	105	1	67.62741218421053	13.334982684210528	0.0	0.0	1	1.0359779411572037	-7.234261465968944	138.0	11	1.05	0.95				
	106	1	129.53983178947368	26.669965368421057	0.0	-100.0	1	1.0332971481618776	-10.316622972945837	138.0	12	1.05	0.95				
	107	2	119.06234539473684	23.81246907894737	0.0	0.0	1	1.05	-7.491654751115242	138.0	12	1.05	0.95				
	108	1	162.8772885	33.33745671052631	0.0	0.0	1	1.0195758447165721	-10.379092231608903	138.0	12	1.05	0.95				
	109	1	166.68728355263158	34.28995547368421	0.0	0.0	1	1.0274843373691795	-6.4410040111025175	138.0	13	1.05	0.95				
	110	1	185.73725881578946	38.09995052631579	0.0	0.0	1	1.05	-8.295697325054054	138.0	13	1.05	0.95				
	111	1	0.0	0.0	0.0	0.0	1	1.022004414572392	-2.8401100625108766	230.0	13	1.05	0.95				
	112	1	0.0	0.0	0.0	0.0	1	1.02078216241501	-1.7621513513449698	230.0	13	1.05	0.95				
	113	3	252.4121722368421	51.434933210526324	0.0	0.0	1	1.0288136759856328	-3.2684207052288034e-28	230.0	14	1.05	0.95				
	114	2	184.78476005263158	37.147451763157896	0.0	0.0	1	1.030995301594737	-0.8569308395666568	230.0	16	1.05	0.95				
	115	2	301.9421079210526	60.95992084210526	0.0	0.0	1	1.042578019333904	8.358203024433504	230.0	16	1.05	0.95				
	116	2	95.24987631578948	19.049975263157894	0.0	0.0	1	1.0443308564879223	7.807204673959171	230.0	16	1.05	0.95				
	117	1	0.0	0.0	0.0	0.0	1	1.0474532369904548	11.53652140302358	230.0	17	1.05	0.95				
	118	2	317.18208813157895	64.76991589473684	0.0	0.0	1	1.05	12.5202511283587	230.0	17	1.05	0.95				
	119	1	172.40227613157896	35.2424542368421	0.0	0.0	1	1.0399601871285231	6.446149231826628	230.0	15	1.05	0.95				
	120	1	121.91984168421052	24.764967842105264	0.0	0.0	1	1.0441504242097628	6.579850752327425	230.0	15	1.05	0.95				
	121	2	0.0	0.0	0.0	0.0	1	1.05	13.556682551836719	230.0	17	1.05	0.95				
	122	2	0.0	0.0	0.0	0.0	1	1.05	19.28421607505071	230.0	17	1.05	0.95				
	123	2	0.0	0.0	0.0	0.0	1	1.0494469535817406	7.3442839886264295	230.0	15	1.05	0.95				
	124	1	0.0	0.0	0.0	0.0	1	1.0188822121158698	3.9024255271430115	230.0	16	1.05	0.95				
	201	2	97.27309932631579	19.814890603508772	0.0	0.0	2	1.05	-11.21946842412354	138.0	21	1.05	0.95				
	202	2	87.3656540245614	18.013536912280703	0.0	0.0	2	1.05	-11.325118157191177	138.0	22	1.05	0.95				
	203	1	162.12183221052632	33.325043287719296	0.0	0.0	2	1.0257167852522528	-8.643315530129946	138.0	21	1.05	0.95				
	204	1	66.65008657543859	13.510152684210524	0.0	0.0	2	1.0203245687411544	-12.230612131163019	138.0	21	1.05	0.95				
	205	1	63.94805603859649	12.609475838596493	0.0	0.0	2	1.0375822802596264	-12.62350107359571	138.0	21	1.05	0.95				
	206	1	122.49205100350878	25.218951677192987	0.0	-100.0	2	1.035036432003793	-14.264814785904573	138.0	22	1.05	0.95				
	207	2	112.58460570175437	22.516921140350878	0.0	0.0	2	0.95	-24.261078826569435	138.0	22	1.05	0.95				
	208	1	154.0157406	31.523689596491224	0.0	0.0	2	0.9535884466221809	-21.195531920901207	138.0	22	1.05	0.95				
	209	1	157.61844798245613	32.42436644210526	0.0	0.0	2	1.0255532519999777	-9.345388104839138	138.0	23	1.05	0.95				
	210	1	175.63198489473683	36.027073824561406	0.0	0.0	2	1.0480128748367121	-11.235852945087627	138.0	23	1.05	0.95				
	211	1	0.0	0.0	0.0	0.0	2	1.03208996272966	-4.363214616067128	230.0	23	1.05	0.95				
	212	1	0.0	0.0	0.0	0.0	2	1.0259825293457747	0.9365338881486363	230.0	23	1.05	0.95				
	213	2	238.67936408771925	48.63654966315789	0.0	0.0	2	1.05	0.4480978457022361	230.0	24	1.05	0.95				
	214	2	174.7313080491228	35.12639697894737	0.0	0.0	2	1.05	-2.9216335141053706	230.0	26	1.05	0.95				
	215	2	285.5145600596491	57.64331811929825	0.0	0.0	2	1.0455130462444062	4.368260027873806	230.0	26	1.05	0.95				
	216	2	90.06768456140351	18.013536912280703	0.0	0.0	2	1.0493923525647906	4.688580925738172	230.0	26	1.05	0.95				
	217	1	0.0	0.0	0.0	0.0	2	1.05	7.398974265713568	230.0	27	1.05	0.95				
	218	2	299.92538958947364	61.24602550175439	0.0	0.0	2	1.049384212983093	7.942073042944805	230.0	27	1.05	0.95				
	219	1	163.02250905614036	33.325043287719296	0.0	0.0	2	1.0423570247740839	5.018443242044262	230.0	25	1.05	0.95				
	220	1	115.2866362385965	23.41759798596491	0.0	0.0	2	1.0449132644563248	6.99159846067131	230.0	25	1.05	0.95				
	221	2	0.0	0.0	0.0	0.0	2	1.05	8.48035547210753	230.0	27	1.05	0.95				
	222	2	0.0	0.0	0.0	0.0	2	1.05	14.568147406158548	230.0	27	1.05	0.95				
	223	2	0.0	0.0	0.0	0.0	2	1.05	8.72436965704078	230.0	25	1.05	0.95				
	224	1	0.0	0.0	0.0	0.0	2	1.0216035864030526	-0.4672039234206829	230.0	26	1.05	0.95				
	301	2	87.15849415578947	17.75450806877193	0.0	0.0	3	0.9817353736690426	-4.021336270751345	138.0	31	1.05	0.95				
	302	2	78.2812401214035	16.140461880701753	0.0	0.0	3	0.9835026994793462	-4.344920483535725	138.0	32	1.05	0.95				
	303	1	145.2641569263158	29.859854479298242	0.0	0.0	3	0.997495628768455	1.7499942717950367	138.0	31	1.05	0.95				
	304	1	59.719708958596485	12.105346410526314	0.0	0.0	3	0.9734659955483962	-2.0344699959952885	138.0	31	1.05	0.95				
	305	1	57.29863967649123	11.298323316491228	0.0	0.0	3	0.9856187641789236	-2.4088876158089003	138.0	31	1.05	0.95				
	306	1	109.75514078877194	22.596646632982456	0.0	-100.0	3	0.994379126416117	-2.435971038239453	138.0	32	1.05	0.95				
	307	2	100.87788675438595	20.17557735087719	0.0	0.0	3	0.95	-8.182909543594594	138.0	32	1.05	0.95				
	308	1	138.00094907999997	28.245808291228062	0.0	0.0	3	0.9550645043728914	-4.544249693899248	138.0	32	1.05	0.95				
	309	1	141.22904145614035	29.052831385263154	0.0	0.0	3	0.996669821327555	3.36141800454984	138.0	33	1.05	0.95				
	310	1	157.3695033368421	32.28092376140351	0.0	0.0	3	1.0145097107693433	1.9814541779107624	138.0	33	1.05	0.95				
	311	1	0.0	0.0	0.0	0.0	3	0.9930419298809674	11.028276012950336	230.0	33	1.05	0.95				
	312	1	0.0	0.0	0.0	0.0	3	0.9963318028066682	12.246770855276596	230.0	33	1.05	0.95				
	313	2	213.8611199192982	43.579247077894735	0.0	0.0	3	1.029098971597785	20.531091720698196	230.0	34	1.05	0.95				
	314	2	156.562480242807	31.473900667368422	0.0	0.0	3	1.0045096910219762	10.649044670116973	230.0	36	1.05	0.95				
	315	2	255.8263208091228	51.64947801824561	0.0	0.0	3	1.0399653320777253	8.813677289855262	230.0	36	1.05	0.95				
	316	2	80.70230940350876	16.140461880701753	0.0	0.0	3	1.0354824181340923	9.875355677532408	230.0	36	1.05	0.95				
	317	1	0.0	0.0	0.0	0.0	3	1.0409370309877117	10.288743470981666	230.0	37	1.05	0.95				
	318	2	268.7386903136842	54.87757039438597	0.0	0.0	3	1.0413164395944077	9.684104626837113	230.0	37	1.05	0.95				
	319	1	146.07118002035088	29.859854479298242	0.0	0.0	3	1.030098862009494	11.404937448414943	230.0	35	1.05	0.95				
	320	1	103.29895603649122	20.98260044491228	0.0	0.0	3	1.0299339778440137	12.889704132580906	230.0	35	1.05	0.95				
	321	2	0.0	0.0	0.0	0.0	3	1.0446786300854785	11.090131454757053	230.0	37	1.05	0.95				
	322	2	0.0	0.0	0.0	0.0	3	1.05	16.541116589952406	230.0	37	1.05	0.95				
	323	2	0.0	0.0	0.0	0.0	3	1.0307725122900795	13.586304597268295	230.0	35	1.05	0.95				
	324	1	0.0	0.0	0.0	0.0	3	1.0171689284864056	8.064895170009379	230.0	36	1.05	0.95				
	325	1	0.0	0.0	0.0	0.0	3	1.0332542784812089	13.59340883077259	230.0	35	1.05	0.95				
];

%% generator data
%    bus    Pg    Qg    Qmax    Qmin    Vg    mBase    status    Pmax    Pmin    Pc1    Pc2    Qc1min    Qc1max    Qc2min    Qc2max    ramp_agc    ramp_10    ramp_30    ramp_q    apf
