%% MATPOWER Case Format : Version 2
function mpc = RTS_GMLC
mpc.version = '2';

%%-----  Power Flow Data  -----%%
%% system MVA base
mpc.baseMVA = 100.0;
%% bus data
%    bus_i    type    Pd    Qd    Gs    Bs    area    Vm    Va    baseKV    zone    Vmax    Vmin
mpc.bus = [
	101	2	81.0	16.5	0.0	0.0	1	1.033565998680797	-2.766268417166205	138.0	11	1.05	0.95				
	102	2	72.75	15.000000000000002	0.0	0.0	1	1.0335600956014437	-2.814531814852156	138.0	12	1.05	0.95				
	103	1	135.0	27.749999999999996	0.0	0.0	1	1.0201092063712585	-3.4286495460172217	138.0	11	1.05	0.95				
	104	1	55.49999999999999	11.249999999999998	0.0	0.0	1	1.0166407748596455	-5.51233240162605	138.0	11	1.05	0.95				
	105	1	53.25	10.500000000000002	0.0	0.0	1	1.0318854336743501	-5.542896296769269	138.0	11	1.05	0.95				
	106	1	102.0	21.000000000000004	0.0	-100.0	1	1.036527172639259	-7.779950522009522	138.0	12	1.05	0.95				
	107	2	93.75	18.75	0.0	0.0	1	1.0463048142627465	-2.1495222703683283	138.0	12	1.05	0.95				
	108	1	128.25	26.249999999999996	0.0	0.0	1	1.0230692437487827	-5.817775825873673	138.0	12	1.05	0.95				
	109	1	131.25	27.0	0.0	0.0	1	1.0268100612334616	-4.686449269798862	138.0	13	1.05	0.95				
	110	1	146.25	30.000000000000004	0.0	0.0	1	1.05	-5.992365959011733	138.0	13	1.05	0.95				
	111	1	0.0	0.0	0.0	0.0	1	1.014809330477923	-1.8644866079230638	230.0	13	1.05	0.95				
	112	1	0.0	0.0	0.0	0.0	1	1.0166757364270342	-0.7498687298058349	230.0	13	1.05	0.95				
	113	3	198.74999999999997	40.5	0.0	0.0	1	1.016393062111834	3.137713715900689e-26	230.0	14	1.05	0.95				
	114	2	145.5	29.25	0.0	0.0	1	1.0175503534961508	0.014764456512055133	230.0	16	1.05	0.95				
	115	2	237.75	48.0	0.0	0.0	1	1.0450604031638793	7.334144758733385	230.0	16	1.05	0.95				
	116	2	75.0	15.000000000000002	0.0	0.0	1	1.0433759898869297	7.196959515725318	230.0	16	1.05	0.95				
	117	1	0.0	0.0	0.0	0.0	1	1.0472185490772588	9.870095344027224	230.0	17	1.05	0.95				
	118	2	249.75	51.0	0.0	0.0	1	1.0490142940253406	10.34349263524515	230.0	17	1.05	0.95				
	119	1	135.75	27.749999999999996	0.0	0.0	1	1.038332924414153	6.459498061359846	230.0	15	1.05	0.95				
	120	1	96.0	19.5	0.0	0.0	1	1.0405644376341583	7.234041138563983	230.0	15	1.05	0.95				
	121	2	0.0	0.0	0.0	0.0	1	1.05	10.910062708075715	230.0	17	1.05	0.95				
	122	2	0.0	0.0	0.0	0.0	1	1.05	17.189134820899135	230.0	17	1.05	0.95				
	123	2	0.0	0.0	0.0	0.0	1	1.0440522903319511	8.210094136018881	230.0	15	1.05	0.95				
	124	1	0.0	0.0	0.0	0.0	1	1.0222451747001318	3.358756532524229	230.0	16	1.05	0.95				
	201	2	72.53832834947369	14.776326145263157	0.0	0.0	2	1.0364129451993551	-5.25758854004708	138.0	21	1.05	0.95				
	202	2	65.1501652768421	13.433023768421053	0.0	0.0	2	1.0363395773624877	-5.365033093460307	138.0	22	1.05	0.95				
	203	1	120.89721391578946	24.851093971578948	0.0	0.0	2	1.0293964364755803	-3.9285646461541353	138.0	21	1.05	0.95				
	204	1	49.702187943157895	10.074767826315789	0.0	0.0	2	1.0194097377046645	-7.412519209649277	138.0	21	1.05	0.95				
	205	1	47.68723437789474	9.403116637894737	0.0	0.0	2	1.0345958072857198	-7.628036163586946	138.0	21	1.05	0.95				
	206	1	91.34456162526317	18.806233275789474	0.0	-100.0	2	1.039752425147552	-9.597645988074852	138.0	22	1.05	0.95				
	207	2	83.95639855263158	16.791279710526315	0.0	0.0	2	0.9778966401445534	-19.761016139203935	138.0	22	1.05	0.95				
	208	1	114.85235322	23.50779159473684	0.0	0.0	2	0.9794971575932584	-16.485022980416982	138.0	22	1.05	0.95				
	209	1	117.5389579736842	24.179442783157896	0.0	0.0	2	1.0264186824745853	-6.375910752833186	138.0	23	1.05	0.95				
	210	1	130.97198174210527	26.866047536842107	0.0	0.0	2	1.05	-7.921284796514665	138.0	23	1.05	0.95				
	211	1	0.0	0.0	0.0	0.0	2	1.0193551782943149	-1.9983982443554122	230.0	23	1.05	0.95				
	212	1	0.0	0.0	0.0	0.0	2	1.0181393817614368	-0.8296580491029507	230.0	23	1.05	0.95				
	213	2	177.98756493157896	36.269164174736844	0.0	0.0	2	1.0263470257558687	1.4057175728163966	230.0	24	1.05	0.95				
	214	2	130.3003305536842	26.194396348421055	0.0	0.0	2	1.0286015299326428	0.11941812903729072	230.0	26	1.05	0.95				
	215	2	212.91342672947366	42.98567605894737	0.0	0.0	2	1.0439097486297577	6.833662609278063	230.0	26	1.05	0.95				
	216	2	67.16511884210526	13.433023768421053	0.0	0.0	2	1.045854475550155	7.187514153084937	230.0	26	1.05	0.95				
	217	1	0.0	0.0	0.0	0.0	2	1.0485815351883268	9.99464189401592	230.0	27	1.05	0.95				
	218	2	223.65984574421054	45.672280812631584	0.0	0.0	2	1.05	10.893660103644812	230.0	27	1.05	0.95				
	219	1	121.56886510421052	24.851093971578948	0.0	0.0	2	1.0430647857075956	6.8962738392815535	230.0	25	1.05	0.95				
	220	1	85.97135211789474	17.462930898947366	0.0	0.0	2	1.0462744121185803	7.901871230430242	230.0	25	1.05	0.95				
	221	2	0.0	0.0	0.0	0.0	2	1.05	11.255784713962552	230.0	27	1.05	0.95				
	222	2	0.0	0.0	0.0	0.0	2	1.05	17.272742741980377	230.0	27	1.05	0.95				
	223	2	0.0	0.0	0.0	0.0	2	1.05	8.941560799935496	230.0	25	1.05	0.95				
	224	1	0.0	0.0	0.0	0.0	2	1.025007442922609	2.8175232241257113	230.0	26	1.05	0.95				
	301	2	63.6520088463158	12.96614995017544	0.0	0.0	3	1.012525841333794	-15.893854275804689	138.0	31	1.05	0.95				
	302	2	57.16893387122808	11.787409045614037	0.0	0.0	3	1.0112143924145633	-16.15790094073948	138.0	32	1.05	0.95				
	303	1	106.08668141052632	21.806706734385966	0.0	0.0	3	1.0424272660327947	-4.612217950063623	138.0	31	1.05	0.95				
	304	1	43.61341346877193	8.840556784210527	0.0	0.0	3	1.0091019705712734	-14.445057400302629	138.0	31	1.05	0.95				
	305	1	41.845302111929826	8.251186331929826	0.0	0.0	3	1.0235569725025873	-15.800074437976747	138.0	31	1.05	0.95				
	306	1	80.15438151017545	16.502372663859653	0.0	-100.0	3	1.036519436402236	-16.407756616069566	138.0	32	1.05	0.95				
	307	2	73.67130653508774	14.734261307017546	0.0	0.0	3	1.0053617787168374	-17.369906258136215	138.0	32	1.05	0.95				
	308	1	100.78234734000003	20.627965829824564	0.0	0.0	3	1.003324610796057	-17.05507528039949	138.0	32	1.05	0.95				
	309	1	103.13982914912283	21.217336282105265	0.0	0.0	3	1.0275285790393387	-10.64060692593473	138.0	33	1.05	0.95				
	310	1	114.92723819473684	23.574818091228074	0.0	0.0	3	1.05	-13.815326409425712	138.0	33	1.05	0.95				
	311	1	0.0	0.0	0.0	0.0	3	1.015334733252023	-7.518067193405399	230.0	33	1.05	0.95				
	312	1	0.0	0.0	0.0	0.0	3	1.0159954223159844	-6.914761308509449	230.0	33	1.05	0.95				
	313	2	156.183169854386	31.8260044231579	0.0	0.0	3	1.0190899573893755	-3.849775920487054	230.0	34	1.05	0.95				
	314	2	114.33786774245615	22.985447638947374	0.0	0.0	3	1.0217144416217228	-5.9895279873983	230.0	36	1.05	0.95				
	315	2	186.8304333729825	37.71970894596492	0.0	0.0	3	1.0454763756650605	-0.20632677456209508	230.0	36	1.05	0.95				
	316	2	58.93704522807018	11.787409045614037	0.0	0.0	3	1.043029582865641	-0.26498281552230035	230.0	36	1.05	0.95				
	317	1	0.0	0.0	0.0	0.0	3	1.0466416175999904	1.9452758648575543	230.0	37	1.05	0.95				
	318	2	196.2603606094737	40.07719075508773	0.0	0.0	3	1.047672584909576	2.281457395706575	230.0	37	1.05	0.95				
	319	1	106.67605186280704	21.806706734385966	0.0	0.0	3	1.0365012493496906	-1.4388438063763398	230.0	35	1.05	0.95				
	320	1	75.43941789192984	15.323631759298248	0.0	0.0	3	1.0356716199502034	-1.3426171680589705	230.0	35	1.05	0.95				
	321	2	0.0	0.0	0.0	0.0	3	1.0499999833249112	3.1059262228990354	230.0	37	1.05	0.95				
	322	2	0.0	0.0	0.0	0.0	3	1.05	8.42524837097181	230.0	37	1.05	0.95				
	323	2	0.0	0.0	0.0	0.0	3	1.0365154262753875	-0.8476114560619723	230.0	35	1.05	0.95				
	324	1	0.0	0.0	0.0	0.0	3	1.037415541141017	-1.8613663607661846	230.0	36	1.05	0.95				
	325	1	0.0	0.0	0.0	0.0	3	1.0347886382197158	0.14142311725074325	230.0	35	1.05	0.95				
];

%% generator data
%    bus    Pg    Qg    Qmax    Qmin    Vg    mBase    status    Pmax    Pmin    Pc1    Pc2    Qc1min    Qc1max    Qc2min    Qc2max    ramp_agc    ramp_10    ramp_30    ramp_q    apf
