%% MATPOWER Case Format : Version 2
function mpc = RTS_GMLC
mpc.version = '2';

%%-----  Power Flow Data  -----%%
%% system MVA base
mpc.baseMVA = 100.0;
%% bus data
%    bus_i    type    Pd    Qd    Gs    Bs    area    Vm    Va    baseKV    zone    Vmax    Vmin
mpc.bus = [
	101	2	51.12765958736843	10.41489361964912	0.0	0.0	1	1.0319277875095387	-0.5426602241564864	138.0	11	1.05	0.95				
	102	2	45.92021277754385	9.468085108771929	0.0	0.0	1	1.031020885068765	-0.8117156997686874	138.0	12	1.05	0.95				
	103	1	85.21276597894736	17.51595745122807	0.0	0.0	1	1.026529191351478	-1.4046009970910849	138.0	11	1.05	0.95				
	104	1	35.03191490245614	7.101063831578946	0.0	0.0	1	1.0198000513639875	-3.502520286494834	138.0	11	1.05	0.95				
	105	1	33.611702136140345	6.62765957614035	0.0	0.0	1	1.0346921716357553	-3.3703666324821655	138.0	11	1.05	0.95				
	106	1	64.38297873964912	13.2553191522807	0.0	-100.0	1	1.0439013707634488	-5.466893579075772	138.0	12	1.05	0.95				
	107	2	59.17553192982455	11.835106385964911	0.0	0.0	1	1.0007531996225956	-11.453898207501185	138.0	12	1.05	0.95				
	108	1	80.95212767999999	16.569148940350875	0.0	0.0	1	1.0027157835318388	-9.876673319678702	138.0	12	1.05	0.95				
	109	1	82.84574470175437	17.04255319578947	0.0	0.0	1	1.024791882572732	-3.778541117577433	138.0	13	1.05	0.95				
	110	1	92.3138298105263	18.936170217543857	0.0	0.0	1	1.05	-4.738742012154655	138.0	13	1.05	0.95				
	111	1	0.0	0.0	0.0	0.0	1	1.0057467525072021	-1.2634258504702114	230.0	13	1.05	0.95				
	112	1	0.0	0.0	0.0	0.0	1	1.010126146635684	-0.9849980588327975	230.0	13	1.05	0.95				
	113	3	125.45212769122804	25.563829793684214	0.0	0.0	1	1.0016005546707056	-1.6439654681588546e-28	230.0	14	1.05	0.95				
	114	2	91.8404255550877	18.462765962105262	0.0	0.0	1	1.003854403879375	0.7465252348254792	230.0	16	1.05	0.95				
	115	2	150.06914897403507	30.29787234807017	0.0	0.0	1	1.0367731754706415	6.954659282198109	230.0	16	1.05	0.95				
	116	2	47.340425543859645	9.468085108771929	0.0	0.0	1	1.033394281146607	6.371121253444583	230.0	16	1.05	0.95				
	117	1	0.0	0.0	0.0	0.0	1	1.0395210467210039	8.921538662738058	230.0	17	1.05	0.95				
	118	2	157.64361706105262	32.19148936982456	0.0	0.0	1	1.0419759209426989	9.085116030893003	230.0	17	1.05	0.95				
	119	1	85.68617023438595	17.51595745122807	0.0	0.0	1	1.026916557345802	4.918966891121849	230.0	15	1.05	0.95				
	120	1	60.59574469614034	12.308510641403508	0.0	0.0	1	1.025006317151864	4.569734602635672	230.0	15	1.05	0.95				
	121	2	0.0	0.0	0.0	0.0	1	1.045028736516773	10.327957280301295	230.0	17	1.05	0.95				
	122	2	0.0	0.0	0.0	0.0	1	1.05	17.98188929200417	230.0	17	1.05	0.95				
	123	2	0.0	0.0	0.0	0.0	1	1.024684031289386	4.742254126821765	230.0	15	1.05	0.95				
	124	1	0.0	0.0	0.0	0.0	1	1.0223610939063326	3.8264007407732183	230.0	16	1.05	0.95				
	201	2	51.78152053894737	10.548087517192982	0.0	0.0	2	1.0252614922429044	-11.198605961766814	138.0	21	1.05	0.95				
	202	2	46.50747678035088	9.58917047017544	0.0	0.0	2	1.0262583394153468	-11.005932199063437	138.0	22	1.05	0.95				
	203	1	86.30253423157896	17.73996536982456	0.0	0.0	2	1.0167798270950639	-10.119220691890085	138.0	21	1.05	0.95				
	204	1	35.47993073964912	7.1918778526315785	0.0	0.0	2	1.017029041302068	-12.521525561659715	138.0	21	1.05	0.95				
	205	1	34.04155516912281	6.712419329122808	0.0	0.0	2	1.0317422077686755	-12.836120241449171	138.0	21	1.05	0.95				
	206	1	65.20635919719298	13.424838658245616	0.0	-100.0	2	1.0430913277170397	-14.17830357833483	138.0	22	1.05	0.95				
	207	2	59.9323154385965	11.986463087719299	0.0	0.0	2	0.9911131361309884	-21.086083619381725	138.0	22	1.05	0.95				
	208	1	81.98740752	16.781048322807017	0.0	0.0	2	0.9956770307697514	-18.874575758914457	138.0	22	1.05	0.95				
	209	1	83.90524161403509	17.26050684631579	0.0	0.0	2	1.0233474346565348	-11.793924555320501	138.0	23	1.05	0.95				
	210	1	93.49441208421052	19.17834094035088	0.0	0.0	2	1.05	-12.960070662430441	138.0	23	1.05	0.95				
	211	1	0.0	0.0	0.0	0.0	2	1.0082326594367266	-8.709066466724105	230.0	23	1.05	0.95				
	212	1	0.0	0.0	0.0	0.0	2	1.0099882748848483	-7.634438937509689	230.0	23	1.05	0.95				
	213	2	127.05650872982457	25.890760269473684	0.0	0.0	2	1.0059478675909992	-7.172780100833428	230.0	24	1.05	0.95				
	214	2	93.01495356070176	18.698882416842107	0.0	0.0	2	1.0101470951543414	-6.299180261404978	230.0	26	1.05	0.95				
	215	2	151.9883519522807	30.685345504561408	0.0	0.0	2	1.0264939730192655	0.016328187761038462	230.0	26	1.05	0.95				
	216	2	47.945852350877196	9.58917047017544	0.0	0.0	2	1.0281934274389832	0.02888110565843513	230.0	26	1.05	0.95				
	217	1	0.0	0.0	0.0	0.0	2	1.0321070303793394	1.9234893300809475	230.0	27	1.05	0.95				
	218	2	159.65968832842105	32.60317959859649	0.0	0.0	2	1.0316293996381383	1.562104546952785	230.0	27	1.05	0.95				
	219	1	86.78199275508773	17.73996536982456	0.0	0.0	2	1.029307665214196	0.26146885975402767	230.0	25	1.05	0.95				
	220	1	61.370691009122815	12.46592161122807	0.0	0.0	2	1.033805708063906	1.3888341187275124	230.0	25	1.05	0.95				
	221	2	0.0	0.0	0.0	0.0	2	1.0329355891862166	1.8425433282386239	230.0	27	1.05	0.95				
	222	2	0.0	0.0	0.0	0.0	2	1.05	8.36952266092984	230.0	27	1.05	0.95				
	223	2	0.0	0.0	0.0	0.0	2	1.037417919736605	2.3650157398585696	230.0	25	1.05	0.95				
	224	1	0.0	0.0	0.0	0.0	2	1.0103730916873226	-3.782203191610145	230.0	26	1.05	0.95				
	301	2	40.26510598736843	8.202151219649123	0.0	0.0	3	1.0118583959296057	-10.882599180745796	138.0	31	1.05	0.95				
	302	2	36.16403037754386	7.45650110877193	0.0	0.0	3	1.0117560024933516	-10.98971633117513	138.0	32	1.05	0.95				
	303	1	67.10850997894737	13.79452705122807	0.0	0.0	3	1.0266484341983264	-5.814174828690851	138.0	31	1.05	0.95				
	304	1	27.58905410245614	5.592375831578948	0.0	0.0	3	1.0133514896594644	-9.72252170301352	138.0	31	1.05	0.95				
	305	1	26.47057893614035	5.219550776140352	0.0	0.0	3	1.0263112429966217	-10.515639988231264	138.0	31	1.05	0.95				
	306	1	50.704207539649126	10.439101552280704	0.0	-100.0	3	1.0429936683554277	-10.77317609724463	138.0	32	1.05	0.95				
	307	2	46.60313192982456	9.320626385964912	0.0	0.0	3	0.9886136393257137	-14.565349606901222	138.0	32	1.05	0.95				
	308	1	63.75308448	13.048876940350876	0.0	0.0	3	0.9991489894161198	-12.955259726124178	138.0	32	1.05	0.95				
	309	1	65.24438470175438	13.421701995789473	0.0	0.0	3	1.025711733865593	-7.15241390221152	138.0	33	1.05	0.95				
	310	1	72.70088581052632	14.91300221754386	0.0	0.0	3	1.05	-8.946103357475959	138.0	33	1.05	0.95				
	311	1	0.0	0.0	0.0	0.0	3	1.0036037106591207	-4.011497766987285	230.0	33	1.05	0.95				
	312	1	0.0	0.0	0.0	0.0	3	1.0085280919006174	-3.682534033984769	230.0	33	1.05	0.95				
	313	2	98.79863969122808	20.132552993684214	0.0	0.0	3	1.0060807402509042	-0.8325766344217003	230.0	34	1.05	0.95				
	314	2	72.32806075508772	14.540177162105264	0.0	0.0	3	0.9973363448749598	-2.6056725827922684	230.0	36	1.05	0.95				
	315	2	118.18554257403508	23.860803548070177	0.0	0.0	3	1.0294397807383828	1.4488821032144465	230.0	36	1.05	0.95				
	316	2	37.28250554385965	7.45650110877193	0.0	0.0	3	1.0273041481561191	1.5330122816333966	230.0	36	1.05	0.95				
	317	1	0.0	0.0	0.0	0.0	3	1.0416102279584956	6.361890834848052	230.0	37	1.05	0.95				
	318	2	124.15074346105264	25.352103769824563	0.0	0.0	3	1.0396845402000758	4.627920565257339	230.0	37	1.05	0.95				
	319	1	67.48133503438596	13.79452705122807	0.0	0.0	3	1.0200597178268578	0.657527886274633	230.0	35	1.05	0.95				
	320	1	47.72160709614035	9.693451441403509	0.0	0.0	3	1.0161072605118522	0.6289978420386257	230.0	35	1.05	0.95				
	321	2	0.0	0.0	0.0	0.0	3	1.0383936246226044	4.1746607642487294	230.0	37	1.05	0.95				
	322	2	0.0	0.0	0.0	0.0	3	1.05	9.350907135484626	230.0	37	1.05	0.95				
	323	2	0.0	0.0	0.0	0.0	3	1.0142514591705003	0.9094330970637873	230.0	35	1.05	0.95				
	324	1	0.0	0.0	0.0	0.0	3	1.0190342303082751	-1.2894585950877602	230.0	36	1.05	0.95				
	325	1	0.0	0.0	0.0	0.0	3	1.0149806372763226	1.727875798648863	230.0	35	1.05	0.95				
];
