%% MATPOWER Case Format : Version 2
function mpc = RTS_GMLC
mpc.version = '2';

%%-----  Power Flow Data  -----%%
%% system MVA base
mpc.baseMVA = 100.0;
%% bus data
%    bus_i    type    Pd    Qd    Gs    Bs    area    Vm    Va    baseKV    zone    Vmax    Vmin
mpc.bus = [
	101	2	73.49183571789474	14.9705591277193	0.0	0.0	1	1.0484392459729774	-0.2729273322823738	138.0	11	1.05	0.95				
	102	2	66.0065561540351	13.609599207017546	0.0	0.0	1	1.0472563483170632	-0.6574937602644494	138.0	12	1.05	0.95				
	103	1	122.4863928631579	25.17775853298246	0.0	0.0	1	1.0298562856218338	-1.239859020557562	138.0	11	1.05	0.95				
	104	1	50.35551706596492	10.207199405263157	0.0	0.0	1	1.026124774666695	-3.914041679178157	138.0	11	1.05	0.95				
	105	1	48.31407718491228	9.526719444912283	0.0	0.0	1	1.0394606582983081	-4.3435699979368305	138.0	11	1.05	0.95				
	106	1	92.5452746077193	19.053438889824566	0.0	-100.0	1	1.0410716484882538	-7.331396192110238	138.0	12	1.05	0.95				
	107	2	85.05999504385964	17.01199900877193	0.0	0.0	1	1.000499517260542	-14.710627351934917	138.0	12	1.05	0.95				
	108	1	116.36207322000001	23.816798612280703	0.0	0.0	1	0.9953173354246944	-13.011548429855543	138.0	12	1.05	0.95				
	109	1	119.08399306140352	24.49727857263158	0.0	0.0	1	1.0258223088375744	-4.928245443986413	138.0	13	1.05	0.95				
	110	1	132.69359226842107	27.21919841403509	0.0	0.0	1	1.05	-6.402694115923549	138.0	13	1.05	0.95				
	111	1	0.0	0.0	0.0	0.0	1	1.0140015243814302	-1.9109078399907224	230.0	13	1.05	0.95				
	112	1	0.0	0.0	0.0	0.0	1	1.0157782682299341	-1.5101694314353384	230.0	13	1.05	0.95				
	113	3	180.32718949298246	36.74591785894737	0.0	0.0	1	1.014790218979823	-1.8085460150194196e-28	230.0	14	1.05	0.95				
	114	2	132.0131123080702	26.53871845368421	0.0	0.0	1	1.0180926815978955	0.208911924429959	230.0	16	1.05	0.95				
	115	2	215.71214743122806	43.55071746245614	0.0	0.0	1	1.0436935130735572	8.08828726996772	230.0	16	1.05	0.95				
	116	2	68.04799603508772	13.609599207017546	0.0	0.0	1	1.0421500562843786	7.308943497808519	230.0	16	1.05	0.95				
	117	1	0.0	0.0	0.0	0.0	1	1.0456922885846167	10.905060999679588	230.0	17	1.05	0.95				
	118	2	226.5998267968421	46.27263730385965	0.0	0.0	1	1.0482154278947846	11.7545100356057	230.0	17	1.05	0.95				
	119	1	123.16687282350878	25.17775853298246	0.0	0.0	1	1.0349260251791688	5.543775127709356	230.0	15	1.05	0.95				
	120	1	87.10143492491228	17.692478969122806	0.0	0.0	1	1.033979520086168	4.8835927067653255	230.0	15	1.05	0.95				
	121	2	0.0	0.0	0.0	0.0	1	1.05	13.686822336036851	230.0	17	1.05	0.95				
	122	2	0.0	0.0	0.0	0.0	1	1.05	19.10709507116737	230.0	17	1.05	0.95				
	123	2	0.0	0.0	0.0	0.0	1	1.0351046404905033	5.030135909782534	230.0	15	1.05	0.95				
	124	1	0.0	0.0	0.0	0.0	1	1.0267782823905833	4.607833680172004	230.0	16	1.05	0.95				
	201	2	71.60333699368422	14.585864943157894	0.0	0.0	2	1.0268767703129946	-12.015240618439794	138.0	21	1.05	0.95				
	202	2	64.31040452210526	13.259877221052632	0.0	0.0	2	1.0279616369524305	-11.800231600567482	138.0	22	1.05	0.95				
	203	1	119.3388949894737	24.53077285894737	0.0	0.0	2	1.0149141223732627	-10.806718247695727	138.0	21	1.05	0.95				
	204	1	49.06154571789474	9.944907915789473	0.0	0.0	2	1.0152131134246203	-12.433186538794114	138.0	21	1.05	0.95				
	205	1	47.07256413473684	9.281914054736843	0.0	0.0	2	1.0300565517300588	-12.814941003320305	138.0	21	1.05	0.95				
	206	1	90.1671651031579	18.563828109473686	0.0	-100.0	2	1.038414021804757	-13.845195462582598	138.0	22	1.05	0.95				
	207	2	82.87423263157895	16.57484652631579	0.0	0.0	2	0.979374728799118	-23.323117414036805	138.0	22	1.05	0.95				
	208	1	113.37195023999999	23.204785136842105	0.0	0.0	2	0.9806192287196569	-20.093173312962215	138.0	22	1.05	0.95				
	209	1	116.02392568421051	23.867778997894735	0.0	0.0	2	1.0255381393639968	-10.24464004893432	138.0	23	1.05	0.95				
	210	1	129.28380290526314	26.519754442105263	0.0	0.0	2	1.05	-11.513713271269186	138.0	23	1.05	0.95				
	211	1	0.0	0.0	0.0	0.0	2	1.0202523222328763	-6.428999471347618	230.0	23	1.05	0.95				
	212	1	0.0	0.0	0.0	0.0	2	1.0209186764805724	-1.2069097990761282	230.0	23	1.05	0.95				
	213	2	175.69337317894735	35.80166849684211	0.0	0.0	2	1.0278343475621217	-3.2698412267618857	230.0	24	1.05	0.95				
	214	2	128.62080904421052	25.856760581052633	0.0	0.0	2	1.027520020713439	-4.7960623983170425	230.0	26	1.05	0.95				
	215	2	210.1690539536842	42.43160710736842	0.0	0.0	2	1.0384497457401156	1.2954269057064605	230.0	26	1.05	0.95				
	216	2	66.29938610526315	13.259877221052632	0.0	0.0	2	1.0395432026740772	1.5968308807470433	230.0	26	1.05	0.95				
	217	1	0.0	0.0	0.0	0.0	2	1.0414609170317994	3.2088078189172817	230.0	27	1.05	0.95				
	218	2	220.7769557305263	45.08358255157895	0.0	0.0	2	1.0406608871393435	2.890489416546454	230.0	27	1.05	0.95				
	219	1	120.00188885052631	24.53077285894737	0.0	0.0	2	1.0386874243083692	2.7667420985304205	230.0	25	1.05	0.95				
	220	1	84.86321421473684	17.237840387368422	0.0	0.0	2	1.044226507098612	5.029893500745814	230.0	25	1.05	0.95				
	221	2	0.0	0.0	0.0	0.0	2	1.0417956011057217	3.1451970520645753	230.0	27	1.05	0.95				
	222	2	0.0	0.0	0.0	0.0	2	1.05	9.674646410377107	230.0	27	1.05	0.95				
	223	2	0.0	0.0	0.0	0.0	2	1.05	6.746066278342082	230.0	25	1.05	0.95				
	224	1	0.0	0.0	0.0	0.0	2	1.0145142408402186	-3.184076564598784	230.0	26	1.05	0.95				
	301	2	54.47832965052633	11.09743752140351	0.0	0.0	3	0.9969623404061343	15.36416675885777	138.0	31	1.05	0.95				
	302	2	48.92961088982456	10.088579564912282	0.0	0.0	3	0.9967735573440865	15.365976227747586	138.0	32	1.05	0.95				
	303	1	90.79721608421053	18.66387219508772	0.0	0.0	3	1.0146993976981922	16.718408723426286	138.0	31	1.05	0.95				
	304	1	37.32774439017544	7.566434673684211	0.0	0.0	3	1.003416275528467	17.102750061637604	138.0	31	1.05	0.95				
	305	1	35.8144574554386	7.0620056954385975	0.0	0.0	3	1.0157872234539869	17.24852781339997	138.0	31	1.05	0.95				
	306	1	68.60234104140352	14.124011390877195	0.0	-100.0	3	1.0350944976144958	17.710459327863028	138.0	32	1.05	0.95				
	307	2	63.05362228070176	12.610724456140352	0.0	0.0	3	0.9814014405653883	15.210486146381456	138.0	32	1.05	0.95				
	308	1	86.25735528	17.655014238596493	0.0	0.0	3	0.9986250556002679	17.365732980953823	138.0	32	1.05	0.95				
	309	1	88.27507119298245	18.159443216842106	0.0	0.0	3	1.0257663061754585	20.580913655036582	138.0	33	1.05	0.95				
	310	1	98.36365075789473	20.177159129824563	0.0	0.0	3	1.05	20.736973463256763	138.0	33	1.05	0.95				
	311	1	0.0	0.0	0.0	0.0	3	1.0100928899963408	25.85336459663688	230.0	33	1.05	0.95				
	312	1	0.0	0.0	0.0	0.0	3	1.0183500292464096	26.9836424370609	230.0	33	1.05	0.95				
	313	2	133.67367923508772	27.239164825263163	0.0	0.0	3	1.0308339804639728	34.169081044899144	230.0	34	1.05	0.95				
	314	2	97.85922177964912	19.67273015157895	0.0	0.0	3	1.0067370416761425	23.704357860790356	230.0	36	1.05	0.95				
	315	2	159.90398610385967	32.2834546077193	0.0	0.0	3	1.032177332044419	17.05573975649665	230.0	36	1.05	0.95				
	316	2	50.442897824561406	10.088579564912282	0.0	0.0	3	1.0335880480858266	18.248494947445273	230.0	36	1.05	0.95				
	317	1	0.0	0.0	0.0	0.0	3	1.0393430337579024	16.834412690753734	230.0	37	1.05	0.95				
	318	2	167.97484975578948	34.30117052070176	0.0	0.0	3	1.039147583429543	15.525516463622195	230.0	37	1.05	0.95				
	319	1	91.30164506245615	18.66387219508772	0.0	0.0	3	1.0339604525411286	20.97345444282873	230.0	35	1.05	0.95				
	320	1	64.5669092154386	13.115153434385965	0.0	0.0	3	1.0359870319871483	22.8671923813727	230.0	35	1.05	0.95				
	321	2	0.0	0.0	0.0	0.0	3	1.03844129056857	16.60282431272524	230.0	37	1.05	0.95				
	322	2	0.0	0.0	0.0	0.0	3	1.049999999938132	21.00676002028988	230.0	37	1.05	0.95				
	323	2	0.0	0.0	0.0	0.0	3	1.0366392682865055	23.51247366119626	230.0	35	1.05	0.95				
	324	1	0.0	0.0	0.0	0.0	3	1.0239013111364033	18.876661847506355	230.0	36	1.05	0.95				
	325	1	0.0	0.0	0.0	0.0	3	1.0391472977198688	22.681958779734366	230.0	35	1.05	0.95				
];
