%% MATPOWER Case Format : Version 2
function mpc = RTS_GMLC
mpc.version = '2';

%%-----  Power Flow Data  -----%%
%% system MVA base
mpc.baseMVA = 100.0;
%% bus data
%    bus_i    type    Pd    Qd    Gs    Bs    area    Vm    Va    baseKV    zone    Vmax    Vmin
mpc.bus = [
	101	2	78.36813458526315	15.96387926736842	0.0	0.0	1	1.0321551294967215	-0.47176792049943056	138.0	11	1.05	0.95				
	102	2	70.38619495157894	14.512617515789472	0.0	0.0	1	1.0321605168485006	-0.5676108202278176	138.0	12	1.05	0.95				
	103	1	130.61355764210526	26.848342404210523	0.0	0.0	1	1.0203878669005733	-0.9323524888794932	138.0	11	1.05	0.95				
	104	1	53.69668480842105	10.884463136842104	0.0	0.0	1	1.0163798551203906	-3.9583659156035154	138.0	11	1.05	0.95				
	105	1	51.51979218105262	10.158832261052632	0.0	0.0	1	1.0309683542125077	-4.061179971309324	138.0	11	1.05	0.95				
	106	1	98.68579910736842	20.317664522105265	0.0	-100.0	1	1.0363598671397107	-6.7290888399070505	138.0	12	1.05	0.95				
	107	2	90.7038594736842	18.14077189473684	0.0	0.0	1	1.05	-6.567320461139762	138.0	12	1.05	0.95				
	108	1	124.08287975999998	25.397080652631576	0.0	0.0	1	1.0261715076484683	-8.003265534460747	138.0	12	1.05	0.95				
	109	1	126.98540326315788	26.12271152842105	0.0	0.0	1	1.0263293008888676	-3.955715164254592	138.0	13	1.05	0.95				
	110	1	141.49802077894736	29.025235031578944	0.0	0.0	1	1.05	-5.4078475967248725	138.0	13	1.05	0.95				
	111	1	0.0	0.0	0.0	0.0	1	1.013383728019768	-1.0247584175559636	230.0	13	1.05	0.95				
	112	1	0.0	0.0	0.0	0.0	1	1.0167585827630659	-0.7362015512623787	230.0	13	1.05	0.95				
	113	3	192.2921820842105	39.184067292631575	0.0	0.0	1	1.0143311121620533	-1.7106583076161807e-27	230.0	14	1.05	0.95				
	114	2	140.7723899031579	28.29960415578947	0.0	0.0	1	1.0162844617228441	1.7814245883004842	230.0	16	1.05	0.95				
	115	2	230.02498762526312	46.44037605052631	0.0	0.0	1	1.043218455912361	11.00503370180362	230.0	16	1.05	0.95				
	116	2	72.56308757894736	14.512617515789472	0.0	0.0	1	1.0411584661043418	10.122403031057246	230.0	16	1.05	0.95				
	117	1	0.0	0.0	0.0	0.0	1	1.044683961618622	14.490884094557613	230.0	17	1.05	0.95				
	118	2	241.6350816378947	49.34289955368421	0.0	0.0	1	1.05	15.06585935244328	230.0	17	1.05	0.95				
	119	1	131.3391885178947	26.848342404210523	0.0	0.0	1	1.0356700655695636	7.6700647274952765	230.0	15	1.05	0.95				
	120	1	92.88075210105262	18.866402770526314	0.0	0.0	1	1.0378846411617018	6.776168488767729	230.0	15	1.05	0.95				
	121	2	0.0	0.0	0.0	0.0	1	1.05	15.757846593742483	230.0	17	1.05	0.95				
	122	2	0.0	0.0	0.0	0.0	1	1.05	27.894922101439636	230.0	17	1.05	0.95				
	123	2	0.0	0.0	0.0	0.0	1	1.040943855813412	6.823437345878883	230.0	15	1.05	0.95				
	124	1	0.0	0.0	0.0	0.0	1	1.0196972018807624	6.583463907632687	230.0	16	1.05	0.95				
	201	2	103.47804185684211	21.07886037824561	0.0	0.0	2	1.05	-19.987331426024188	138.0	21	1.05	0.95				
	202	2	92.9386116677193	19.162600343859648	0.0	0.0	2	1.05	-20.175958197531713	138.0	22	1.05	0.95				
	203	1	172.46340309473683	35.45081063614035	0.0	0.0	2	1.0166822554646786	-14.213279539032383	138.0	21	1.05	0.95				
	204	1	70.9016212722807	14.371950257894737	0.0	0.0	2	1.0155888106823094	-21.034172966860964	138.0	21	1.05	0.95				
	205	1	68.02723122070175	13.413820240701755	0.0	0.0	2	1.0347366666083286	-21.70939803936178	138.0	21	1.05	0.95				
	206	1	130.30568233824562	26.82764048140351	0.0	-100.0	2	1.0299964007626619	-23.60277993637622	138.0	22	1.05	0.95				
	207	2	119.76625214912279	23.95325042982456	0.0	0.0	2	0.95	-31.916708354575263	138.0	22	1.05	0.95				
	208	1	163.84023294	33.53455060175438	0.0	0.0	2	0.9505843381459748	-29.62093009955015	138.0	22	1.05	0.95				
	209	1	167.6727530087719	34.49268061894736	0.0	0.0	2	1.019383987094835	-17.842763345655403	138.0	23	1.05	0.95				
	210	1	186.83535335263159	38.325200687719295	0.0	0.0	2	1.043976019249915	-20.45903354154827	138.0	23	1.05	0.95				
	211	1	0.0	0.0	0.0	0.0	2	1.0298885173114634	-12.779938508871568	230.0	23	1.05	0.95				
	212	1	0.0	0.0	0.0	0.0	2	1.0227482353188997	-8.897369931474017	230.0	23	1.05	0.95				
	213	2	253.90445455614034	51.739020928421056	0.0	0.0	2	1.05	-8.677560410019598	230.0	24	1.05	0.95				
	214	2	185.8772233354386	37.36707067052632	0.0	0.0	2	1.05	-10.336728746219457	230.0	26	1.05	0.95				
	215	2	303.72721545017544	61.320321100350874	0.0	0.0	2	1.040753649814863	-0.46323414672187685	230.0	26	1.05	0.95				
	216	2	95.81300171929824	19.162600343859648	0.0	0.0	2	1.0454277945828339	-0.8932753418456341	230.0	26	1.05	0.95				
	217	1	0.0	0.0	0.0	0.0	2	1.0476971661392247	2.849546114399406	230.0	27	1.05	0.95				
	218	2	319.05729572526315	65.15284116912281	0.0	0.0	2	1.05	3.199952465910997	230.0	27	1.05	0.95				
	219	1	173.42153311192982	35.45081063614035	0.0	0.0	2	1.0399192920621123	-1.7169341402308844	230.0	25	1.05	0.95				
	220	1	122.64064220070175	24.911380447017546	0.0	0.0	2	1.0442333742781758	-0.6361630140401596	230.0	25	1.05	0.95				
	221	2	0.0	0.0	0.0	0.0	2	1.05	3.7154294357977187	230.0	27	1.05	0.95				
	222	2	0.0	0.0	0.0	0.0	2	1.05	9.887452833592869	230.0	27	1.05	0.95				
	223	2	0.0	0.0	0.0	0.0	2	1.05	0.6483961732844178	230.0	25	1.05	0.95				
	224	1	0.0	0.0	0.0	0.0	2	1.0142691294315833	-5.553754348899333	230.0	26	1.05	0.95				
	301	2	80.73521037473684	16.446061372631576	0.0	0.0	3	1.015671884508785	-16.415498973773587	138.0	31	1.05	0.95				
	302	2	72.51217968842104	14.950964884210524	0.0	0.0	3	1.014206849977154	-16.721168491694968	138.0	32	1.05	0.95				
	303	1	134.55868395789471	27.659285035789473	0.0	0.0	3	1.0437132943860759	-3.0201808823302874	138.0	31	1.05	0.95				
	304	1	55.31857007157895	11.213223663157894	0.0	0.0	3	1.0066994434772156	-14.443381662010408	138.0	31	1.05	0.95				
	305	1	53.07592533894736	10.465675418947368	0.0	0.0	3	1.022609024230226	-15.939216984831171	138.0	31	1.05	0.95				
	306	1	101.66656121263158	20.931350837894737	0.0	-100.0	3	1.032382502753145	-16.477550262431706	138.0	32	1.05	0.95				
	307	2	93.44353052631578	18.688706105263154	0.0	0.0	3	0.980340629558479	-22.945542967883497	138.0	32	1.05	0.95				
	308	1	127.83074975999997	26.16418854736842	0.0	0.0	3	0.9821596428917412	-19.875783615785892	138.0	32	1.05	0.95				
	309	1	130.82094273684208	26.911736791578946	0.0	0.0	3	1.0281483353150143	-9.533964861966457	138.0	33	1.05	0.95				
	310	1	145.7719076210526	29.90192976842105	0.0	0.0	3	1.05	-13.067657317125818	138.0	33	1.05	0.95				
	311	1	0.0	0.0	0.0	0.0	3	1.0250903196013943	-5.280706733495661	230.0	33	1.05	0.95				
	312	1	0.0	0.0	0.0	0.0	3	1.0246588860602808	-4.698419822462648	230.0	33	1.05	0.95				
	313	2	198.10028471578946	40.36760518736842	0.0	0.0	3	1.0393982344697479	-1.1309977011826056	230.0	34	1.05	0.95				
	314	2	145.02435937684209	29.154381524210528	0.0	0.0	3	1.0372150738646357	-3.038453702152535	230.0	36	1.05	0.95				
	315	2	236.9727934147368	47.84308762947368	0.0	0.0	3	1.0491463396848435	0.44640651651021573	230.0	36	1.05	0.95				
	316	2	74.75482442105262	14.950964884210524	0.0	0.0	3	1.0467290602460217	0.6660107971285351	230.0	36	1.05	0.95				
	317	1	0.0	0.0	0.0	0.0	3	1.05	3.1709920578792254	230.0	37	1.05	0.95				
	318	2	248.93356532210524	50.83328060631579	0.0	0.0	3	1.0465760782764257	2.1935788192462913	230.0	37	1.05	0.95				
	319	1	135.30623220210524	27.659285035789473	0.0	0.0	3	1.0448859409604485	0.6489305930382797	230.0	35	1.05	0.95				
	320	1	95.68617525894736	19.436254349473682	0.0	0.0	3	1.047111107179658	0.9469503733315822	230.0	35	1.05	0.95				
	321	2	0.0	0.0	0.0	0.0	3	1.0499999977951449	3.148074121653732	230.0	37	1.05	0.95				
	322	2	0.0	0.0	0.0	0.0	3	1.05	7.5046433940624535	230.0	37	1.05	0.95				
	323	2	0.0	0.0	0.0	0.0	3	1.049633175453782	1.373749640568154	230.0	35	1.05	0.95				
	324	1	0.0	0.0	0.0	0.0	3	1.0430243217533568	0.6481616982543106	230.0	36	1.05	0.95				
	325	1	0.0	0.0	0.0	0.0	3	1.045526605869499	2.5557141861835757	230.0	35	1.05	0.95				
];
