%% MATPOWER Case Format : Version 2
function mpc = RTS_GMLC
mpc.version = '2';

%%-----  Power Flow Data  -----%%
%% system MVA base
mpc.baseMVA = 100.0;
%% bus data
%    bus_i    type    Pd    Qd    Gs    Bs    area    Vm    Va    baseKV    zone    Vmax    Vmin
mpc.bus = [
	101	2	84.20633348210526	17.153142005614036	0.0	0.0	1	1.0431500968267398	0.8135945281542599	138.0	11	1.05	0.95				
	102	2	75.62976247929825	15.593765459649124	0.0	0.0	1	1.0424163669543467	0.52511822746738	138.0	12	1.05	0.95				
	103	1	140.3438891368421	28.848466100350876	0.0	0.0	1	1.026168283208567	-0.41617474526115106	138.0	11	1.05	0.95				
	104	1	57.69693220070175	11.695324094736842	0.0	0.0	1	1.022799409395041	-3.0333153074854238	138.0	11	1.05	0.95				
	105	1	55.357867381754374	10.915635821754387	0.0	0.0	1	1.035226200385751	-3.5284046439663332	138.0	11	1.05	0.95				
	106	1	106.03760512561405	21.831271643508774	0.0	-100.0	1	1.0367323648092168	-6.713912034969261	138.0	12	1.05	0.95				
	107	2	97.46103412280702	19.492206824561404	0.0	0.0	1	1.05	-6.44911328557078	138.0	12	1.05	0.95				
	108	1	133.32669468	27.289089554385964	0.0	0.0	1	1.0247545113585554	-8.12260700268456	138.0	12	1.05	0.95				
	109	1	136.44544777192982	28.068777827368418	0.0	0.0	1	1.027250847425079	-3.9352859416053505	138.0	13	1.05	0.95				
	110	1	152.03921323157894	31.187530919298247	0.0	0.0	1	1.05	-5.526551728786934	138.0	13	1.05	0.95				
	111	1	0.0	0.0	0.0	0.0	1	1.0139120721887234	-1.4225409693482625	230.0	13	1.05	0.95				
	112	1	0.0	0.0	0.0	0.0	1	1.0174766376668727	-0.9412912644847955	230.0	13	1.05	0.95				
	113	3	206.61739234035088	42.10316674105263	0.0	0.0	1	1.015168762619909	-1.6813513569741173e-29	230.0	14	1.05	0.95				
	114	2	151.2595249585965	30.407842646315792	0.0	0.0	1	1.0153197205984406	0.6922688620310494	230.0	16	1.05	0.95				
	115	2	247.1611825354386	49.90004947087719	0.0	0.0	1	1.043529617432856	9.274540558671985	230.0	16	1.05	0.95				
	116	2	77.96882729824561	15.593765459649124	0.0	0.0	1	1.0416046447128913	8.396845480530068	230.0	16	1.05	0.95				
	117	1	0.0	0.0	0.0	0.0	1	1.0450121733021096	12.028855027624521	230.0	17	1.05	0.95				
	118	2	259.6361949031579	53.018802562807025	0.0	0.0	1	1.0484774382648383	12.50528653690055	230.0	17	1.05	0.95				
	119	1	141.12357740982458	28.848466100350876	0.0	0.0	1	1.035545347715349	6.427067891786152	230.0	15	1.05	0.95				
	120	1	99.80009894175438	20.27189509754386	0.0	0.0	1	1.036698099511798	5.694209857421736	230.0	15	1.05	0.95				
	121	2	0.0	0.0	0.0	0.0	1	1.05	14.266418588266076	230.0	17	1.05	0.95				
	122	2	0.0	0.0	0.0	0.0	1	1.05	23.194139845888277	230.0	17	1.05	0.95				
	123	2	0.0	0.0	0.0	0.0	1	1.0394269604676312	5.87027628778617	230.0	15	1.05	0.95				
	124	1	0.0	0.0	0.0	0.0	1	1.0248739683992283	5.670889515179137	230.0	16	1.05	0.95				
	201	2	91.57815204631581	18.65480875017544	0.0	0.0	2	1.0441544897277497	-16.92910866809858	138.0	21	1.05	0.95				
	202	2	82.25074767122807	16.95891704561404	0.0	0.0	2	1.0470272605602984	-17.071087941630772	138.0	22	1.05	0.95				
	203	1	152.63025341052634	31.373996534385967	0.0	0.0	2	1.0241582150441146	-12.439450528437286	138.0	21	1.05	0.95				
	204	1	62.74799306877193	12.71918778421053	0.0	0.0	2	1.0202693021283724	-18.134556371567573	138.0	21	1.05	0.95				
	205	1	60.20415551192983	11.871241931929827	0.0	0.0	2	1.0362920143168846	-18.69839461231437	138.0	21	1.05	0.95				
	206	1	115.32063591017545	23.742483863859654	0.0	-100.0	2	1.0373957057363796	-20.492883260081225	138.0	22	1.05	0.95				
	207	2	105.99323153508773	21.198646307017547	0.0	0.0	2	0.95	-31.29419463095096	138.0	22	1.05	0.95				
	208	1	144.99874074000002	29.678104829824566	0.0	0.0	2	0.9551624087573809	-27.767642820074386	138.0	22	1.05	0.95				
	209	1	148.39052414912283	30.526050682105264	0.0	0.0	2	1.0258017609093568	-15.590533081824884	138.0	23	1.05	0.95				
	210	1	165.34944119473687	33.91783409122808	0.0	0.0	2	1.05	-17.84322900196959	138.0	23	1.05	0.95				
	211	1	0.0	0.0	0.0	0.0	2	1.0339569841845089	-11.57069079340312	230.0	23	1.05	0.95				
	212	1	0.0	0.0	0.0	0.0	2	1.027365841427804	-6.56936697703577	230.0	23	1.05	0.95				
	213	2	224.70565085438596	45.789076023157904	0.0	0.0	2	1.05	-8.772606731946532	230.0	24	1.05	0.95				
	214	2	164.50149534245614	33.06988823894738	0.0	0.0	2	1.05	-9.113065329125112	230.0	26	1.05	0.95				
	215	2	268.7988351729825	54.26853454596492	0.0	0.0	2	1.0449819158916993	-0.16610168376308476	230.0	26	1.05	0.95				
	216	2	84.79458522807019	16.95891704561404	0.0	0.0	2	1.0484481860023336	-0.39412274265440933	230.0	26	1.05	0.95				
	217	1	0.0	0.0	0.0	0.0	2	1.0489185173220799	2.5513930142587684	230.0	27	1.05	0.95				
	218	2	282.3659688094737	57.66031795508773	0.0	0.0	2	1.049999855899898	2.6619033869025626	230.0	27	1.05	0.95				
	219	1	153.47819926280704	31.373996534385967	0.0	0.0	2	1.0425182428334547	-0.27413288026985744	230.0	25	1.05	0.95				
	220	1	108.53706909192984	22.046592159298246	0.0	0.0	2	1.0452705092138037	1.417242079301622	230.0	25	1.05	0.95				
	221	2	0.0	0.0	0.0	0.0	2	1.05	2.6964072270340496	230.0	27	1.05	0.95				
	222	2	0.0	0.0	0.0	0.0	2	1.05	9.151856837027557	230.0	27	1.05	0.95				
	223	2	0.0	0.0	0.0	0.0	2	1.05	2.958178039119101	230.0	25	1.05	0.95				
	224	1	0.0	0.0	0.0	0.0	2	1.0217277387741435	-4.721636741651747	230.0	26	1.05	0.95				
	301	2	82.78519456421053	16.863650744561404	0.0	0.0	3	0.9803150482671408	-3.3960746453816655	138.0	31	1.05	0.95				
	302	2	74.35336919192981	15.330591585964914	0.0	0.0	3	0.9822006767134916	-3.632237669864476	138.0	32	1.05	0.95				
	303	1	137.9753242736842	28.361594434035087	0.0	0.0	3	0.9995766620333427	1.8322610308111589	138.0	31	1.05	0.95				
	304	1	56.723188868070174	11.497943689473683	0.0	0.0	3	0.9750390393041031	-1.2232818196859179	138.0	31	1.05	0.95				
	305	1	54.42360013017543	10.73141411017544	0.0	0.0	3	0.9867695294811086	-1.4467021190619764	138.0	31	1.05	0.95				
	306	1	104.2480227845614	21.46282822035088	0.0	-100.0	3	0.9976597331403289	-1.23738470298812	138.0	32	1.05	0.95				
	307	2	95.8161974122807	19.16323948245614	0.0	0.0	3	0.95	-8.012359076591824	138.0	32	1.05	0.95				
	308	1	131.07655806	26.828535275438593	0.0	0.0	3	0.9557507013489692	-4.123167128803539	138.0	32	1.05	0.95				
	309	1	134.142676377193	27.59506485473684	0.0	0.0	3	0.9989458869306993	4.05744648405345	138.0	33	1.05	0.95				
	310	1	149.4732679631579	30.661183171929828	0.0	0.0	3	1.0175772433081363	3.1242660629071892	138.0	33	1.05	0.95				
	311	1	0.0	0.0	0.0	0.0	3	0.9948445311453564	11.846685652004918	230.0	33	1.05	0.95				
	312	1	0.0	0.0	0.0	0.0	3	0.9981531878274187	13.070574936502632	230.0	33	1.05	0.95				
	313	2	203.13033851403506	41.392597282105264	0.0	0.0	3	1.0269528405205866	20.929489283593	230.0	34	1.05	0.95				
	314	2	148.70673838385963	29.89465359263158	0.0	0.0	3	1.0073890468074427	11.782934601084483	230.0	36	1.05	0.95				
	315	2	242.98987663754383	49.05789307508772	0.0	0.0	3	1.047395785646542	9.133926140543364	230.0	36	1.05	0.95				
	316	2	76.65295792982457	15.330591585964914	0.0	0.0	3	1.0440809026673332	10.901359388593818	230.0	36	1.05	0.95				
	317	1	0.0	0.0	0.0	0.0	3	1.05	12.213410724608416	230.0	37	1.05	0.95				
	318	2	255.25434990631578	52.1240113922807	0.0	0.0	3	1.045504953301471	9.836729092217503	230.0	37	1.05	0.95				
	319	1	138.74185385298244	28.361594434035087	0.0	0.0	3	1.0371307547528061	12.523149568291439	230.0	35	1.05	0.95				
	320	1	98.11578615017544	19.92976906175439	0.0	0.0	3	1.0348688639599322	13.922328111661876	230.0	35	1.05	0.95				
	321	2	0.0	0.0	0.0	0.0	3	1.0485929629115873	10.214543409483285	230.0	37	1.05	0.95				
	322	2	0.0	0.0	0.0	0.0	3	1.05	15.345248957688762	230.0	37	1.05	0.95				
	323	2	0.0	0.0	0.0	0.0	3	1.0342244294806846	14.51600802409977	230.0	35	1.05	0.95				
	324	1	0.0	0.0	0.0	0.0	3	1.0223583435565078	8.366175445340604	230.0	36	1.05	0.95				
	325	1	0.0	0.0	0.0	0.0	3	1.036456947740083	14.50257443546229	230.0	35	1.05	0.95				
];
