%% MATPOWER Case Format : Version 2
function mpc = RTS_GMLC
mpc.version = '2';

%%-----  Power Flow Data  -----%%
%% system MVA base
mpc.baseMVA = 100.0;
%% bus data
%    bus_i    type    Pd    Qd    Gs    Bs    area    Vm    Va    baseKV    zone    Vmax    Vmin
mpc.bus = [
	101	2	52.530430471578946	10.700643244210527	0.0	0.0	1	1.0342602104118714	0.7743157481919845	138.0	11	1.05	0.95				
	102	2	47.18010884947368	9.727857494736842	0.0	0.0	1	1.0338537378601984	0.6191919089873658	138.0	12	1.05	0.95				
	103	1	87.55071745263159	17.996536365263157	0.0	0.0	1	1.026612232642753	-0.6951002030344211	138.0	11	1.05	0.95				
	104	1	35.993072730526315	7.2958931210526305	0.0	0.0	1	1.0206162227719426	-2.5804231817138272	138.0	11	1.05	0.95				
	105	1	34.533894106315785	6.80950024631579	0.0	0.0	1	1.0354511070797907	-2.4256790034651203	138.0	11	1.05	0.95				
	106	1	66.14943096421054	13.61900049263158	0.0	-100.0	1	1.0439226392993006	-4.709123474442374	138.0	12	1.05	0.95				
	107	2	60.79910934210526	12.159821868421053	0.0	0.0	1	1.0042996988519957	-10.747664122916675	138.0	12	1.05	0.95				
	108	1	83.17318158	17.023750615789474	0.0	0.0	1	1.0044813438887221	-9.269879501170482	138.0	12	1.05	0.95				
	109	1	85.11875307894738	17.510143490526314	0.0	0.0	1	1.0248384616492252	-3.231897372904416	138.0	13	1.05	0.95				
	110	1	94.8466105736842	19.455714989473684	0.0	0.0	1	1.05	-4.140378194184651	138.0	13	1.05	0.95				
	111	1	0.0	0.0	0.0	0.0	1	1.0058271217044714	-0.9022086125324009	230.0	13	1.05	0.95				
	112	1	0.0	0.0	0.0	0.0	1	1.0107032911431655	-0.6014952425747357	230.0	13	1.05	0.95				
	113	3	128.89411180526315	26.265215235789473	0.0	0.0	1	1.001754456923137	-6.368098895552958e-32	230.0	14	1.05	0.95				
	114	2	94.36021769894737	18.969322114736844	0.0	0.0	1	1.0033054039980953	1.210371824061331	230.0	16	1.05	0.95				
	115	2	154.18654129157895	31.1291439831579	0.0	0.0	1	1.0372021013232238	7.6188115615573055	230.0	16	1.05	0.95				
	116	2	48.63928747368421	9.727857494736842	0.0	0.0	1	1.0339807944974502	7.04788742692523	230.0	16	1.05	0.95				
	117	1	0.0	0.0	0.0	0.0	1	1.039949337204357	9.371760550006663	230.0	17	1.05	0.95				
	118	2	161.96882728736844	33.07471548210527	0.0	0.0	1	1.0420317870796016	9.486351828700483	230.0	17	1.05	0.95				
	119	1	88.03711032736842	17.996536365263157	0.0	0.0	1	1.0279269731280334	5.583341947178188	230.0	15	1.05	0.95				
	120	1	62.2582879663158	12.646214743157897	0.0	0.0	1	1.0265330365576306	5.247178975186685	230.0	15	1.05	0.95				
	121	2	0.0	0.0	0.0	0.0	1	1.0451681495195042	10.710776478309429	230.0	17	1.05	0.95				
	122	2	0.0	0.0	0.0	0.0	1	1.05	17.8964341559289	230.0	17	1.05	0.95				
	123	2	0.0	0.0	0.0	0.0	1	1.026551682069708	5.435385822682111	230.0	15	1.05	0.95				
	124	1	0.0	0.0	0.0	0.0	1	1.022704762681119	4.508783626980186	230.0	16	1.05	0.95				
	201	2	60.468440096842116	12.317645204912282	0.0	0.0	2	1.0310491492700533	-12.40376683641616	138.0	21	1.05	0.95				
	202	2	54.30961749438596	11.197859277192984	0.0	0.0	2	1.0314791689766343	-12.403794426360385	138.0	22	1.05	0.95				
	203	1	100.78073349473684	20.716039662807017	0.0	0.0	2	1.0178400957976004	-10.88145789211793	138.0	21	1.05	0.95				
	204	1	41.43207932561403	8.398394457894737	0.0	0.0	2	1.0176627287901014	-14.42008998557026	138.0	21	1.05	0.95				
	205	1	39.75240043403509	7.838501494035088	0.0	0.0	2	1.0333949168322476	-14.682634803502086	138.0	21	1.05	0.95				
	206	1	76.14544308491229	15.677002988070177	0.0	-100.0	2	1.041812358005082	-16.48338560265668	138.0	22	1.05	0.95				
	207	2	69.98662048245615	13.997324096491228	0.0	0.0	2	0.9895459382632951	-24.86087916709414	138.0	22	1.05	0.95				
	208	1	95.74169682	19.596253735087718	0.0	0.0	2	0.9910866818312188	-22.201372662906966	138.0	22	1.05	0.95				
	209	1	97.9812686754386	20.15614669894737	0.0	0.0	2	1.0232344627022423	-13.79038437581313	138.0	23	1.05	0.95				
	210	1	109.17912795263159	22.39571855438597	0.0	0.0	2	1.05	-15.218124155392692	138.0	23	1.05	0.95				
	211	1	0.0	0.0	0.0	0.0	2	1.0131156191915003	-10.371499595961671	230.0	23	1.05	0.95				
	212	1	0.0	0.0	0.0	0.0	2	1.012218725645265	-9.584499581829844	230.0	23	1.05	0.95				
	213	2	148.37163542280703	30.234220048421058	0.0	0.0	2	1.0117720851623413	-9.156360957918002	230.0	24	1.05	0.95				
	214	2	108.61923498877192	21.835825590526316	0.0	0.0	2	1.0209592527552245	-7.2815878576945545	230.0	26	1.05	0.95				
	215	2	177.4860695435088	35.833149687017546	0.0	0.0	2	1.0334799158896095	0.7133777199152233	230.0	26	1.05	0.95				
	216	2	55.98929638596491	11.197859277192984	0.0	0.0	2	1.0357861823919312	0.5148180603075615	230.0	26	1.05	0.95				
	217	1	0.0	0.0	0.0	0.0	2	1.0390011707586437	3.5650226091477184	230.0	27	1.05	0.95				
	218	2	186.44435696526318	38.072721542456144	0.0	0.0	2	1.040724363068179	3.994889266093683	230.0	27	1.05	0.95				
	219	1	101.34062645859649	20.716039662807017	0.0	0.0	2	1.0343223999559137	-0.23776439024838805	230.0	25	1.05	0.95				
	220	1	71.66629937403509	14.557217060350878	0.0	0.0	2	1.0374501000266618	0.1789031783159599	230.0	25	1.05	0.95				
	221	2	0.0	0.0	0.0	0.0	2	1.0405965639577017	3.6593528029564464	230.0	27	1.05	0.95				
	222	2	0.0	0.0	0.0	0.0	2	1.05	10.125028095345662	230.0	27	1.05	0.95				
	223	2	0.0	0.0	0.0	0.0	2	1.0404075572073304	0.8239206309279988	230.0	25	1.05	0.95				
	224	1	0.0	0.0	0.0	0.0	2	1.013228889452263	-3.6096032431386846	230.0	26	1.05	0.95				
	301	2	41.2900980631579	8.410945901754385	0.0	0.0	3	1.0124205571032205	-9.076243004906763	138.0	31	1.05	0.95				
	302	2	37.0846251122807	7.6463144561403515	0.0	0.0	3	1.0122457723483076	-9.257311781806948	138.0	32	1.05	0.95				
	303	1	68.81683010526316	14.145681743859647	0.0	0.0	3	1.0356573092900598	-1.589236786961474	138.0	31	1.05	0.95				
	304	1	28.291363487719295	5.7347358421052625	0.0	0.0	3	1.0135837484990524	-8.112824464325206	138.0	31	1.05	0.95				
	305	1	27.14441631929824	5.3524201192982455	0.0	0.0	3	1.0265878417254002	-9.213053285565682	138.0	31	1.05	0.95				
	306	1	51.99493830175439	10.704840238596491	0.0	-100.0	3	1.0428370952603438	-9.763486328033748	138.0	32	1.05	0.95				
	307	2	47.789465350877194	9.557893070175439	0.0	0.0	3	0.9911172345160267	-13.592001990621533	138.0	32	1.05	0.95				
	308	1	65.3759886	13.381050298245611	0.0	0.0	3	1.000223472581787	-11.921428239922818	138.0	32	1.05	0.95				
	309	1	66.90525149122807	13.763366021052631	0.0	0.0	3	1.0259770836151285	-5.604269133118486	138.0	33	1.05	0.95				
	310	1	74.55156594736842	15.292628912280703	0.0	0.0	3	1.05	-8.117005870803474	138.0	33	1.05	0.95				
	311	1	0.0	0.0	0.0	0.0	3	1.0038345815491003	-3.6460364354885733	230.0	33	1.05	0.95				
	312	1	0.0	0.0	0.0	0.0	3	1.0096953964216693	-3.115415878821884	230.0	33	1.05	0.95				
	313	2	101.31366654385965	20.64504903157895	0.0	0.0	3	1.0065314936865688	-0.5566620392459222	230.0	34	1.05	0.95				
	314	2	74.1692502245614	14.910313189473683	0.0	0.0	3	0.994983109143121	-2.9885342714295486	230.0	36	1.05	0.95				
	315	2	121.19408412982455	24.468206259649122	0.0	0.0	3	1.0233710308823762	-0.1287811925186104	230.0	36	1.05	0.95				
	316	2	38.231572280701755	7.6463144561403515	0.0	0.0	3	1.020955103297124	0.20301137557816595	230.0	36	1.05	0.95				
	317	1	0.0	0.0	0.0	0.0	3	1.030435934509863	1.995034336488724	230.0	37	1.05	0.95				
	318	2	127.31113569473685	25.997469150877194	0.0	0.0	3	1.029399613022182	1.1413229461628125	230.0	37	1.05	0.95				
	319	1	69.19914582807017	14.145681743859647	0.0	0.0	3	1.0160697609495482	-0.24680331237227962	230.0	35	1.05	0.95				
	320	1	48.936412519298244	9.940208792982457	0.0	0.0	3	1.014212849224504	0.12371027620436367	230.0	35	1.05	0.95				
	321	2	0.0	0.0	0.0	0.0	3	1.0294615275232082	1.2834573476094004	230.0	37	1.05	0.95				
	322	2	0.0	0.0	0.0	0.0	3	1.0433309333080205	5.924981828468774	230.0	37	1.05	0.95				
	323	2	0.0	0.0	0.0	0.0	3	1.013644786099176	0.6317005831037413	230.0	35	1.05	0.95				
	324	1	0.0	0.0	0.0	0.0	3	1.0232509040371058	-0.6934036232750804	230.0	36	1.05	0.95				
	325	1	0.0	0.0	0.0	0.0	3	1.0141663643181427	1.5065099411101153	230.0	35	1.05	0.95				
];
