%% MATPOWER Case Format : Version 2
function mpc = RTS_GMLC
mpc.version = '2';

%%-----  Power Flow Data  -----%%
%% system MVA base
mpc.baseMVA = 100.0;
%% bus data
%    bus_i    type    Pd    Qd    Gs    Bs    area    Vm    Va    baseKV    zone    Vmax    Vmin
mpc.bus = [
	101	2	59.91835725473684	12.20559129263158	0.0	0.0	1	1.0468238067437923	2.2129157902701326	138.0	11	1.05	0.95				
	102	2	53.81556160842105	11.095992084210526	0.0	0.0	1	1.0457141344105967	1.862395153804101	138.0	12	1.05	0.95				
	103	1	99.86392875789474	20.527585355789473	0.0	0.0	1	1.030241752764832	0.06783305957403023	138.0	11	1.05	0.95				
	104	1	41.055170711578945	8.321994063157895	0.0	0.0	1	1.0268918883210705	-1.685155034664615	138.0	11	1.05	0.95				
	105	1	39.39077189894737	7.76719445894737	0.0	0.0	1	1.0401422184538123	-1.923627250954985	138.0	11	1.05	0.95				
	106	1	75.45274617263158	15.53438891789474	0.0	-100.0	1	1.0441706617239535	-4.836379079046964	138.0	12	1.05	0.95				
	107	2	69.34995052631578	13.869990105263158	0.0	0.0	1	0.9986432394297845	-12.809337925888805	138.0	12	1.05	0.95				
	108	1	94.87073232	19.41798614736842	0.0	0.0	1	0.998031416901829	-10.750999700525519	138.0	12	1.05	0.95				
	109	1	97.0899307368421	19.972785751578947	0.0	0.0	1	1.0251048023081617	-3.3369239869214287	138.0	13	1.05	0.95				
	110	1	108.18592282105264	22.19198416842105	0.0	0.0	1	1.05	-4.436929653896286	138.0	13	1.05	0.95				
	111	1	0.0	0.0	0.0	0.0	1	1.0083985327250564	-1.0334440434240872	230.0	13	1.05	0.95				
	112	1	0.0	0.0	0.0	0.0	1	1.0124592879308434	-0.905261491414959	230.0	13	1.05	0.95				
	113	3	147.02189511578948	29.95917862736842	0.0	0.0	1	1.0051008614461394	1.9774598424610967e-31	230.0	14	1.05	0.95				
	114	2	107.6311232168421	21.637184564210525	0.0	0.0	1	1.0078409439308806	1.0110021932017104	230.0	16	1.05	0.95				
	115	2	175.87147453473685	35.507174669473685	0.0	0.0	1	1.039490881619113	7.972414947764351	230.0	16	1.05	0.95				
	116	2	55.47996042105263	11.095992084210526	0.0	0.0	1	1.0365937188583214	7.199084089353084	230.0	16	1.05	0.95				
	117	1	0.0	0.0	0.0	0.0	1	1.0420352023533301	10.443917677892905	230.0	17	1.05	0.95				
	118	2	184.74826820210527	37.72637308631579	0.0	0.0	1	1.0446715479251196	11.13174633393044	230.0	17	1.05	0.95				
	119	1	100.41872836210526	20.527585355789473	0.0	0.0	1	1.0289675231133568	5.2100409678884585	230.0	15	1.05	0.95				
	120	1	71.01434933894737	14.424789709473684	0.0	0.0	1	1.0269199251258476	4.33116671728183	230.0	15	1.05	0.95				
	121	2	0.0	0.0	0.0	0.0	1	1.047107725971766	12.799904956535698	230.0	17	1.05	0.95				
	122	2	0.0	0.0	0.0	0.0	1	1.05	18.384363972588655	230.0	17	1.05	0.95				
	123	2	0.0	0.0	0.0	0.0	1	1.0268875152683066	4.2705668066655225	230.0	15	1.05	0.95				
	124	1	0.0	0.0	0.0	0.0	1	1.0259089280822948	5.012112867588941	230.0	16	1.05	0.95				
	201	2	64.19140563789473	13.076027074385966	0.0	0.0	2	1.0240018561931445	-13.284573367752856	138.0	21	1.05	0.95				
	202	2	57.65339210070175	11.887297340350877	0.0	0.0	2	1.0248809861963422	-13.13892636441384	138.0	22	1.05	0.95				
	203	1	106.9856760631579	21.991500079649125	0.0	0.0	2	1.0135595116038785	-11.570782770182817	138.0	21	1.05	0.95				
	204	1	43.98300015929825	8.915473005263157	0.0	0.0	2	1.0146619832397261	-13.850564205609649	138.0	21	1.05	0.95				
	205	1	42.19990555824562	8.321108138245616	0.0	0.0	2	1.029573685554683	-14.241338520639525	138.0	21	1.05	0.95				
	206	1	80.83362191438597	16.642216276491233	0.0	-100.0	2	1.0396587358198335	-15.317874431851626	138.0	22	1.05	0.95				
	207	2	74.29560837719298	14.859121675438598	0.0	0.0	2	0.993480473925888	-23.73179212110565	138.0	22	1.05	0.95				
	208	1	101.63639226000001	20.802770345614036	0.0	0.0	2	0.9920083569220058	-20.87358217595426	138.0	22	1.05	0.95				
	209	1	104.01385172807018	21.39713521263158	0.0	0.0	2	1.0244676599926799	-11.997189857767426	138.0	23	1.05	0.95				
	210	1	115.90114906842106	23.774594680701753	0.0	0.0	2	1.05	-13.311488821097551	138.0	23	1.05	0.95				
	211	1	0.0	0.0	0.0	0.0	2	1.0138109148485774	-8.70077863944973	230.0	23	1.05	0.95				
	212	1	0.0	0.0	0.0	0.0	2	1.016428081871655	-4.4079852811291795	230.0	23	1.05	0.95				
	213	2	157.50668975964913	32.095702818947366	0.0	0.0	2	1.0167412348579024	-6.055624640145979	230.0	24	1.05	0.95				
	214	2	115.3067842014035	23.18022981368421	0.0	0.0	2	1.0173003506381844	-7.033047713837042	230.0	26	1.05	0.95				
	215	2	188.4136628445614	38.03935148912281	0.0	0.0	2	1.0288759766527389	-1.0190126823728614	230.0	26	1.05	0.95				
	216	2	59.43648670175439	11.887297340350877	0.0	0.0	2	1.03040609170858	-0.9863188763345714	230.0	26	1.05	0.95				
	217	1	0.0	0.0	0.0	0.0	2	1.0329464967384394	0.3929487198428191	230.0	27	1.05	0.95				
	218	2	197.9235007168421	40.416810957192986	0.0	0.0	2	1.0315522985396892	-0.43302795362018215	230.0	27	1.05	0.95				
	219	1	107.58004093017544	21.991500079649125	0.0	0.0	2	1.0304224570495404	-0.21137984088270753	230.0	25	1.05	0.95				
	220	1	76.07870297824562	15.45348654245614	0.0	0.0	2	1.0356344140799512	1.5999370531802541	230.0	25	1.05	0.95				
	221	2	0.0	0.0	0.0	0.0	2	1.033548731518947	0.18517687051262433	230.0	27	1.05	0.95				
	222	2	0.0	0.0	0.0	0.0	2	1.05	6.762714798409247	230.0	27	1.05	0.95				
	223	2	0.0	0.0	0.0	0.0	2	1.0405866231905976	3.0294954510060546	230.0	25	1.05	0.95				
	224	1	0.0	0.0	0.0	0.0	2	1.0101275150807858	-4.952245214076363	230.0	26	1.05	0.95				
	301	2	44.587155978947365	9.082568810526316	0.0	0.0	3	1.0055516581324133	8.955134573330731	138.0	31	1.05	0.95				
	302	2	40.0458715736842	8.256880736842104	0.0	0.0	3	1.005460590275171	8.934367124866023	138.0	32	1.05	0.95				
	303	1	74.31192663157896	15.275229363157894	0.0	0.0	3	1.0165009949415746	10.723903971951206	138.0	31	1.05	0.95				
	304	1	30.55045872631579	6.192660552631579	0.0	0.0	3	1.008680380850518	10.279690093710942	138.0	31	1.05	0.95				
	305	1	29.311926615789467	5.779816515789474	0.0	0.0	3	1.0219821161013578	10.339562610261165	138.0	31	1.05	0.95				
	306	1	56.14678901052632	11.559633031578947	0.0	-100.0	3	1.0401271351222732	10.609183760536997	138.0	32	1.05	0.95				
	307	2	51.60550460526315	10.321100921052631	0.0	0.0	3	0.9867629687294309	7.6170261719487815	138.0	32	1.05	0.95				
	308	1	70.5963303	14.449541289473682	0.0	0.0	3	1.0006913986915218	9.36736508571378	138.0	32	1.05	0.95				
	309	1	72.24770644736842	14.862385326315788	0.0	0.0	3	1.0240724945824067	13.079170190264984	138.0	33	1.05	0.95				
	310	1	80.50458718421052	16.51376147368421	0.0	0.0	3	1.05	13.048076973403989	138.0	33	1.05	0.95				
	311	1	0.0	0.0	0.0	0.0	3	1.0024403226846337	17.309311176321945	230.0	33	1.05	0.95				
	312	1	0.0	0.0	0.0	0.0	3	1.0101029219307762	18.175982310317966	230.0	33	1.05	0.95				
	313	2	109.4036697631579	22.293577989473683	0.0	0.0	3	1.0110991378527283	23.552786742932525	230.0	34	1.05	0.95				
	314	2	80.0917431473684	16.100917436842106	0.0	0.0	3	0.9948996048205816	16.183637746472844	230.0	36	1.05	0.95				
	315	2	130.87155967894736	26.42201835789474	0.0	0.0	3	1.0193012655230198	11.450455833840014	230.0	36	1.05	0.95				
	316	2	41.284403684210524	8.256880736842104	0.0	0.0	3	1.0188727092021275	12.317364962392912	230.0	36	1.05	0.95				
	317	1	0.0	0.0	0.0	0.0	3	1.026234692201073	11.432700695586556	230.0	37	1.05	0.95				
	318	2	137.47706426842106	28.07339450526316	0.0	0.0	3	1.026471730338579	10.366923101768792	230.0	37	1.05	0.95				
	319	1	74.72477066842104	15.275229363157894	0.0	0.0	3	1.01813969379701	14.64306339215201	230.0	35	1.05	0.95				
	320	1	52.84403671578948	10.733944957894737	0.0	0.0	3	1.017953762988463	16.1060895110377	230.0	35	1.05	0.95				
	321	2	0.0	0.0	0.0	0.0	3	1.0259805375101283	11.297074367214258	230.0	37	1.05	0.95				
	322	2	0.0	0.0	0.0	0.0	3	1.0396829027054235	15.742892857364927	230.0	37	1.05	0.95				
	323	2	0.0	0.0	0.0	0.0	3	1.0174780209641385	16.712706726602452	230.0	35	1.05	0.95				
	324	1	0.0	0.0	0.0	0.0	3	1.0161928717539208	12.882033160863921	230.0	36	1.05	0.95				
	325	1	0.0	0.0	0.0	0.0	3	1.0213062667590551	16.390373720809876	230.0	35	1.05	0.95				
];
