%% MATPOWER Case Format : Version 2
function mpc = RTS_GMLC
mpc.version = '2';

%%-----  Power Flow Data  -----%%
%% system MVA base
mpc.baseMVA = 100.0;
%% bus data
%    bus_i    type    Pd    Qd    Gs    Bs    area    Vm    Va    baseKV    zone    Vmax    Vmin
mpc.bus = [
	101	2	91.91489362105264	18.723404256140352	0.0	0.0	1	1.0341025157266746	-6.768536039015996	138.0	11	1.05	0.95				
	102	2	82.55319149298246	17.02127659649123	0.0	0.0	1	1.0340934817130893	-6.823325353746086	138.0	12	1.05	0.95				
	103	1	153.19148936842106	31.489361703508774	0.0	0.0	1	1.015955547820202	-6.692461984445574	138.0	11	1.05	0.95				
	104	1	62.97872340701755	12.76595744736842	0.0	0.0	1	1.0150999306054624	-9.098412016421012	138.0	11	1.05	0.95				
	105	1	60.425531917543864	11.91489361754386	0.0	0.0	1	1.030909132401855	-9.221780101313069	138.0	11	1.05	0.95				
	106	1	115.74468085614036	23.82978723508772	0.0	-100.0	1	1.0338090823058954	-11.368309633664126	138.0	12	1.05	0.95				
	107	2	106.38297872807017	21.276595745614035	0.0	0.0	1	1.0473992993133987	-6.417685612871894	138.0	12	1.05	0.95				
	108	1	145.5319149	29.787234043859645	0.0	0.0	1	1.0209781377292952	-9.831024151362662	138.0	12	1.05	0.95				
	109	1	148.93617021929825	30.638297873684213	0.0	0.0	1	1.027170948481406	-7.51628445265799	138.0	13	1.05	0.95				
	110	1	165.95744681578947	34.04255319298246	0.0	0.0	1	1.05	-9.023682094668965	138.0	13	1.05	0.95				
	111	1	0.0	0.0	0.0	0.0	1	1.0191711466901243	-3.591235721033963	230.0	13	1.05	0.95				
	112	1	0.0	0.0	0.0	0.0	1	1.0194606348551434	-2.3127150711260684	230.0	13	1.05	0.95				
	113	3	225.53191490350875	45.95744681052632	0.0	0.0	1	1.0273308896477336	-8.95160164492657e-29	230.0	14	1.05	0.95				
	114	2	165.10638298596493	33.19148936315789	0.0	0.0	1	1.0251788254878704	-2.091898622547013	230.0	16	1.05	0.95				
	115	2	269.787234054386	54.46808510877194	0.0	0.0	1	1.0445682946305646	5.375868166051128	230.0	16	1.05	0.95				
	116	2	85.10638298245614	17.02127659649123	0.0	0.0	1	1.0456168934553949	5.212920474134885	230.0	16	1.05	0.95				
	117	1	0.0	0.0	0.0	0.0	1	1.048062549320644	8.128324281308494	230.0	17	1.05	0.95				
	118	2	283.40425533157895	57.87234042807018	0.0	0.0	1	1.0494769389767467	8.708320339484422	230.0	17	1.05	0.95				
	119	1	154.04255319824563	31.489361703508774	0.0	0.0	1	1.0404524392618038	4.442877820990986	230.0	15	1.05	0.95				
	120	1	108.93617021754388	22.127659575438596	0.0	0.0	1	1.0437662850420044	5.370567308879971	230.0	15	1.05	0.95				
	121	2	0.0	0.0	0.0	0.0	1	1.05	9.604620075863508	230.0	17	1.05	0.95				
	122	2	0.0	0.0	0.0	0.0	1	1.05	15.65397895951078	230.0	17	1.05	0.95				
	123	2	0.0	0.0	0.0	0.0	1	1.0483894512929102	6.497615571868694	230.0	15	1.05	0.95				
	124	1	0.0	0.0	0.0	0.0	1	1.0186987842092294	0.9299828639881891	230.0	16	1.05	0.95				
	201	2	80.66425312421053	16.431607117894735	0.0	0.0	2	1.0414242465046728	-9.698263190269994	138.0	21	1.05	0.95				
	202	2	72.44844956526316	14.937824652631578	0.0	0.0	2	1.041457260406692	-9.804914233956149	138.0	22	1.05	0.95				
	203	1	134.44042187368422	27.63497560736842	0.0	0.0	2	1.0288056302333874	-7.582778125947705	138.0	21	1.05	0.95				
	204	1	55.26995121473684	11.203368489473684	0.0	0.0	2	1.0202323399801878	-11.59392376341323	138.0	21	1.05	0.95				
	205	1	53.0292775168421	10.456477256842106	0.0	0.0	2	1.0362014514669895	-11.90245387122039	138.0	21	1.05	0.95				
	206	1	101.57720763789474	20.912954513684213	0.0	-100.0	2	1.0388787755451538	-13.845902804147546	138.0	22	1.05	0.95				
	207	2	93.36140407894737	18.672280815789474	0.0	0.0	2	0.9603044389249555	-25.137579002552204	138.0	22	1.05	0.95				
	208	1	127.71840078000001	26.141193142105262	0.0	0.0	2	0.9651204982463818	-21.415329307133913	138.0	22	1.05	0.95				
	209	1	130.70596571052633	26.88808437473684	0.0	0.0	2	1.0264029936362935	-10.052904593218804	138.0	23	1.05	0.95				
	210	1	145.64379036315788	29.875649305263156	0.0	0.0	2	1.05	-11.804660611533336	138.0	23	1.05	0.95				
	211	1	0.0	0.0	0.0	0.0	2	1.0268449299251434	-4.932563428391645	230.0	23	1.05	0.95				
	212	1	0.0	0.0	0.0	0.0	2	1.020976161221603	-3.6713158421873873	230.0	23	1.05	0.95				
	213	2	197.92617664736844	40.332126562105266	0.0	0.0	2	1.0399075559734332	-0.8932548524727314	230.0	24	1.05	0.95				
	214	2	144.89689913052632	29.128758072631584	0.0	0.0	2	1.0420409721660033	-2.6580448669023684	230.0	26	1.05	0.95				
	215	2	236.76452074421053	47.801038888421054	0.0	0.0	2	1.0466130234688906	5.134632765316908	230.0	26	1.05	0.95				
	216	2	74.6891232631579	14.937824652631578	0.0	0.0	2	1.0492002066132324	5.139947474767835	230.0	26	1.05	0.95				
	217	1	0.0	0.0	0.0	0.0	2	1.0499999447091322	7.975035935352755	230.0	27	1.05	0.95				
	218	2	248.7147804663158	50.78860381894737	0.0	0.0	2	1.05	8.832343261778904	230.0	27	1.05	0.95				
	219	1	135.1873131063158	27.63497560736842	0.0	0.0	2	1.044229984731126	4.780300348639664	230.0	25	1.05	0.95				
	220	1	95.60207777684211	19.419172048421053	0.0	0.0	2	1.046430643210098	5.8625941845278975	230.0	25	1.05	0.95				
	221	2	0.0	0.0	0.0	0.0	2	1.05	9.318484458086738	230.0	27	1.05	0.95				
	222	2	0.0	0.0	0.0	0.0	2	1.05	15.303254900235231	230.0	27	1.05	0.95				
	223	2	0.0	0.0	0.0	0.0	2	1.05	6.998891454158921	230.0	25	1.05	0.95				
	224	1	0.0	0.0	0.0	0.0	2	1.0238411569277361	0.40012142108335286	230.0	26	1.05	0.95				
	301	2	69.40904775157895	14.13888009754386	0.0	0.0	3	1.0135577329921779	-16.720380347948016	138.0	31	1.05	0.95				
	302	2	62.33960770280702	12.853527361403511	0.0	0.0	3	1.0122344978322504	-17.067852994434087	138.0	32	1.05	0.95				
	303	1	115.68174625263158	23.779025618596492	0.0	0.0	3	1.0199018299555762	-11.757466753700387	138.0	31	1.05	0.95				
	304	1	47.558051237192984	9.64014552105263	0.0	0.0	3	1.0087012947748406	-15.888131549745333	138.0	31	1.05	0.95				
	305	1	45.630022132982454	8.997469152982458	0.0	0.0	3	1.0232258397419718	-16.464106134219644	138.0	31	1.05	0.95				
	306	1	87.40398605754388	17.994938305964915	0.0	-100.0	3	1.0351438997206839	-17.04637346305535	138.0	32	1.05	0.95				
	307	2	80.33454600877194	16.066909201754388	0.0	0.0	3	1.0069322263005633	-18.752768681997388	138.0	32	1.05	0.95				
	308	1	109.89765894000001	22.49367288245614	0.0	0.0	3	1.0025502972304334	-18.437901083560043	138.0	32	1.05	0.95				
	309	1	112.46836441228072	23.136349250526315	0.0	0.0	3	1.0274152716978677	-12.296493227259859	138.0	33	1.05	0.95				
	310	1	125.32189177368423	25.707054722807023	0.0	0.0	3	1.05	-14.147302515492576	138.0	33	1.05	0.95				
	311	1	0.0	0.0	0.0	0.0	3	1.018346659426649	-7.4127978655046824	230.0	33	1.05	0.95				
	312	1	0.0	0.0	0.0	0.0	3	1.0176067114868945	-5.965327387861722	230.0	33	1.05	0.95				
	313	2	170.3092375385965	34.70452387578948	0.0	0.0	3	1.0294457608409668	-2.6434525287851725	230.0	34	1.05	0.95				
	314	2	124.67921540561404	25.064378354736842	0.0	0.0	3	1.0261372300885887	-5.837220554678005	230.0	36	1.05	0.95				
	315	2	203.72840867824564	41.13128755649123	0.0	0.0	3	1.0466580284482265	0.2748219734434131	230.0	36	1.05	0.95				
	316	2	64.26763680701755	12.853527361403511	0.0	0.0	3	1.0449066330219032	0.29041771576517683	230.0	36	1.05	0.95				
	317	1	0.0	0.0	0.0	0.0	3	1.0472866719472897	2.3661089141122895	230.0	37	1.05	0.95				
	318	2	214.01123056736844	43.70199302877194	0.0	0.0	3	1.0476613505604424	2.608868454129413	230.0	37	1.05	0.95				
	319	1	116.32442262070177	23.779025618596492	0.0	0.0	3	1.042515481887765	0.7601429213969686	230.0	35	1.05	0.95				
	320	1	82.26257511298246	16.70958556982456	0.0	0.0	3	1.0459532678968628	2.374070116045139	230.0	35	1.05	0.95				
	321	2	0.0	0.0	0.0	0.0	3	1.05	3.7435833892847303	230.0	37	1.05	0.95				
	322	2	0.0	0.0	0.0	0.0	3	1.05	8.978058236961694	230.0	37	1.05	0.95				
	323	2	0.0	0.0	0.0	0.0	3	1.05	3.725399031780926	230.0	35	1.05	0.95				
	324	1	0.0	0.0	0.0	0.0	3	1.0214978339680927	-4.1658051324386305	230.0	36	1.05	0.95				
	325	1	0.0	0.0	0.0	0.0	3	1.0494328991788464	4.214720176805228	230.0	35	1.05	0.95				
];
