%% MATPOWER Case Format : Version 2
function mpc = RTS_GMLC
mpc.version = '2';

%%-----  Power Flow Data  -----%%
%% system MVA base
mpc.baseMVA = 100.0;
%% bus data
%    bus_i    type    Pd    Qd    Gs    Bs    area    Vm    Va    baseKV    zone    Vmax    Vmin
mpc.bus = [
	101	2	87.89361703578948	17.904255322105264	0.0	0.0	1	1.049999994284019	0.07744152718564548	138.0	11	1.05	0.95				
	102	2	78.94148937473685	16.27659574736842	0.0	0.0	1	1.0498450114640916	-0.07774025098734232	138.0	12	1.05	0.95				
	103	1	146.4893617263158	30.111702132631578	0.0	0.0	1	1.0264421394526615	-1.8886975194739921	138.0	11	1.05	0.95				
	104	1	60.223404265263156	12.207446810526315	0.0	0.0	1	1.0251190637629362	-3.7906460760377354	138.0	11	1.05	0.95				
	105	1	57.7819149031579	11.393617023157896	0.0	0.0	1	1.038373272237873	-4.1865481850287365	138.0	11	1.05	0.95				
	106	1	110.68085108210528	22.787234046315792	0.0	-100.0	1	1.0375680631233617	-7.335451129893787	138.0	12	1.05	0.95				
	107	2	101.72872342105263	20.345744684210526	0.0	0.0	1	1.0434094791479485	-4.819589077376875	138.0	12	1.05	0.95				
	108	1	139.16489364	28.484042557894735	0.0	0.0	1	1.0199221635139335	-7.550099909654652	138.0	12	1.05	0.95				
	109	1	142.42021278947368	29.297872345263155	0.0	0.0	1	1.0272502996219937	-4.581567365832828	138.0	13	1.05	0.95				
	110	1	158.6968085368421	32.55319149473684	0.0	0.0	1	1.05	-6.0337977069299	138.0	13	1.05	0.95				
	111	1	0.0	0.0	0.0	0.0	1	1.0146546890202637	-2.092081987252832	230.0	13	1.05	0.95				
	112	1	0.0	0.0	0.0	0.0	1	1.0171538571803187	-1.2506459895274629	230.0	13	1.05	0.95				
	113	3	215.66489365263158	43.94680851789474	0.0	0.0	1	1.0160846168464246	-1.0507351248034411e-28	230.0	14	1.05	0.95				
	114	2	157.8829787494737	31.739361707368424	0.0	0.0	1	1.0163863473504582	-0.6632256994962967	230.0	16	1.05	0.95				
	115	2	257.98404259578945	52.08510639157895	0.0	0.0	1	1.0442503222000978	7.014069361618902	230.0	16	1.05	0.95				
	116	2	81.3829787368421	16.27659574736842	0.0	0.0	1	1.0417312125300267	6.308747276821181	230.0	16	1.05	0.95				
	117	1	0.0	0.0	0.0	0.0	1	1.0454098862909071	9.140015711150328	230.0	17	1.05	0.95				
	118	2	271.0053191936842	55.34042554105264	0.0	0.0	1	1.047258303062329	9.580681812128542	230.0	17	1.05	0.95				
	119	1	147.3031915136842	30.111702132631578	0.0	0.0	1	1.0348879041375774	5.040162099199679	230.0	15	1.05	0.95				
	120	1	104.1702127831579	21.15957447157895	0.0	0.0	1	1.035305137343688	4.984757565232384	230.0	15	1.05	0.95				
	121	2	0.0	0.0	0.0	0.0	1	1.0499999943647584	11.359828198172107	230.0	17	1.05	0.95				
	122	2	0.0	0.0	0.0	0.0	1	1.05	17.33439500011031	230.0	17	1.05	0.95				
	123	2	0.0	0.0	0.0	0.0	1	1.037869583983769	5.559342077993376	230.0	15	1.05	0.95				
	124	1	0.0	0.0	0.0	0.0	1	1.0263256774707876	3.707242477372449	230.0	16	1.05	0.95				
	201	2	80.17125768000001	16.33118212	0.0	0.0	2	1.0384518803980378	-10.770713877116403	138.0	21	1.05	0.95				
	202	2	72.00566662	14.846529199999999	0.0	0.0	2	1.0387246661848748	-10.836263798164577	138.0	22	1.05	0.95				
	203	1	133.6187628	27.466079020000002	0.0	0.0	2	1.0258535265207993	-8.387657615522215	138.0	21	1.05	0.95				
	204	1	54.932158040000004	11.134896900000001	0.0	0.0	2	1.0189696546904663	-12.307231633086076	138.0	21	1.05	0.95				
	205	1	52.705178659999994	10.392570440000002	0.0	0.0	2	1.0348189481646395	-12.670175155368751	138.0	21	1.05	0.95				
	206	1	100.95639856000001	20.785140880000004	0.0	-100.0	2	1.0384555997281315	-14.431705051390853	138.0	22	1.05	0.95				
	207	2	92.7908075	18.5581615	0.0	0.0	2	0.9613002024088376	-25.501704347260453	138.0	22	1.05	0.95				
	208	1	126.93782466	25.9814261	0.0	0.0	2	0.9659168657744716	-21.806763070258622	138.0	22	1.05	0.95				
	209	1	129.9071305	26.72375256	0.0	0.0	2	1.0262164009242172	-10.513017611545763	138.0	23	1.05	0.95				
	210	1	144.75365970000001	29.693058399999998	0.0	0.0	2	1.05	-12.265287826699165	138.0	23	1.05	0.95				
	211	1	0.0	0.0	0.0	0.0	2	1.0258220400714684	-7.0370748341442555	230.0	23	1.05	0.95				
	212	1	0.0	0.0	0.0	0.0	2	1.0243649826279058	-2.087133740302762	230.0	23	1.05	0.95				
	213	2	196.7165119	40.085628840000005	0.0	0.0	2	1.0340690075452594	-4.367707557149322	230.0	24	1.05	0.95				
	214	2	144.01133324	28.95073194	0.0	0.0	2	1.0372428293877372	-5.127409646746163	230.0	26	1.05	0.95				
	215	2	235.31748782	47.50889344	0.0	0.0	2	1.0420899210369279	2.1296794044555454	230.0	26	1.05	0.95				
	216	2	74.232646	14.846529199999999	0.0	0.0	2	1.0437477547027914	2.1573532609476027	230.0	26	1.05	0.95				
	217	1	0.0	0.0	0.0	0.0	2	1.0456718170122645	4.520945835821392	230.0	27	1.05	0.95				
	218	2	247.19471118	50.478199280000005	0.0	0.0	2	1.0461301519537747	4.743292915624993	230.0	27	1.05	0.95				
	219	1	134.36108926	27.466079020000002	0.0	0.0	2	1.0408958720739754	2.379866070036285	230.0	25	1.05	0.95				
	220	1	95.01778688	19.30048796	0.0	0.0	2	1.0450731590494922	3.9670007066910657	230.0	25	1.05	0.95				
	221	2	0.0	0.0	0.0	0.0	2	1.0461762007017537	4.633119748475206	230.0	27	1.05	0.95				
	222	2	0.0	0.0	0.0	0.0	2	1.05	11.097854533996076	230.0	27	1.05	0.95				
	223	2	0.0	0.0	0.0	0.0	2	1.05	5.373716374685876	230.0	25	1.05	0.95				
	224	1	0.0	0.0	0.0	0.0	2	1.0228731910467166	-1.7878448007250385	230.0	26	1.05	0.95				
	301	2	79.0439734231579	16.101550141754384	0.0	0.0	3	0.9693647261935592	-4.4310272064207945	138.0	31	1.05	0.95				
	302	2	70.9931983522807	14.63777285614035	0.0	0.0	3	0.9712531225188055	-4.5373467734926525	138.0	32	1.05	0.95				
	303	1	131.73995570526316	27.079879783859646	0.0	0.0	3	0.9875779845528452	0.836961801688294	138.0	31	1.05	0.95				
	304	1	54.15975956771929	10.978329642105262	0.0	0.0	3	0.9663113517962129	-1.6533101138982988	138.0	31	1.05	0.95				
	305	1	51.964093639298234	10.246440999298246	0.0	0.0	3	0.9777709035776795	-1.9274584504772694	138.0	31	1.05	0.95				
	306	1	99.53685542175438	20.49288199859649	0.0	-100.0	3	0.9904832803852137	-1.3757523997905488	138.0	32	1.05	0.95				
	307	2	91.48608035087719	18.297216070175438	0.0	0.0	3	0.95	-7.005448375239197	138.0	32	1.05	0.95				
	308	1	125.15295791999999	25.616102498245613	0.0	0.0	3	0.9556731611556247	-3.2964131299362998	138.0	32	1.05	0.95				
	309	1	128.08051249122803	26.347991141052628	0.0	0.0	3	0.9917584011691752	3.9041867979774576	138.0	33	1.05	0.95				
	310	1	142.7182853473684	29.2755457122807	0.0	0.0	3	1.0108668405145014	3.108119298472373	138.0	33	1.05	0.95				
	311	1	0.0	0.0	0.0	0.0	3	0.9866384913875162	11.700987613508083	230.0	33	1.05	0.95				
	312	1	0.0	0.0	0.0	0.0	3	0.99125434510606	13.058682132789688	230.0	33	1.05	0.95				
	313	2	193.95049034385963	39.52198671157895	0.0	0.0	3	1.0216807066666505	21.394070848638663	230.0	34	1.05	0.95				
	314	2	141.9863967045614	28.54365706947368	0.0	0.0	3	0.9964237669827813	11.030307332080708	230.0	36	1.05	0.95				
	315	2	232.00869976982452	46.84087313964912	0.0	0.0	3	1.0309176488834448	7.610907070098976	230.0	36	1.05	0.95				
	316	2	73.18886428070175	14.63777285614035	0.0	0.0	3	1.029133386654097	9.079326116736349	230.0	36	1.05	0.95				
	317	1	0.0	0.0	0.0	0.0	3	1.03646737534183	8.914016622824834	230.0	37	1.05	0.95				
	318	2	243.71891805473683	49.76842771087719	0.0	0.0	3	1.0358512368910935	7.875715689580495	230.0	37	1.05	0.95				
	319	1	132.4718443480702	27.079879783859646	0.0	0.0	3	1.0250590709373253	11.152584338490506	230.0	35	1.05	0.95				
	320	1	93.68174627929824	19.029104712982456	0.0	0.0	3	1.025419606377647	12.906249637870115	230.0	35	1.05	0.95				
	321	2	0.0	0.0	0.0	0.0	3	1.0374689005777669	8.922952162397179	230.0	37	1.05	0.95				
	322	2	0.0	0.0	0.0	0.0	3	1.049999958852427	13.22689951693121	230.0	37	1.05	0.95				
	323	2	0.0	0.0	0.0	0.0	3	1.0260047220314996	13.56909623558634	230.0	35	1.05	0.95				
	324	1	0.0	0.0	0.0	0.0	3	1.0081870569700087	7.028915694653757	230.0	36	1.05	0.95				
	325	1	0.0	0.0	0.0	0.0	3	1.0292012422268806	13.39181418610172	230.0	35	1.05	0.95				
];
