%% MATPOWER Case Format : Version 2
function mpc = RTS_GMLC
mpc.version = '2';

%%-----  Power Flow Data  -----%%
%% system MVA base
mpc.baseMVA = 100.0;
%% bus data
%    bus_i    type    Pd    Qd    Gs    Bs    area    Vm    Va    baseKV    zone    Vmax    Vmin
mpc.bus = [
	101	2	83.07075706105263	16.92182088280702	0.0	0.0	1	1.0420643382098804	0.5822803737283471	138.0	11	1.05	0.95				
	102	2	74.60984661964912	15.383473529824562	0.0	0.0	1	1.0413584115264476	0.30343855742496084	138.0	12	1.05	0.95				
	103	1	138.45126176842103	28.45942603017544	0.0	0.0	1	1.0270206134602338	-0.7137271083775624	138.0	11	1.05	0.95				
	104	1	56.91885206035088	11.537605147368419	0.0	0.0	1	1.0224356534607653	-3.2376827303730247	138.0	11	1.05	0.95				
	105	1	54.61133103087719	10.768431470877193	0.0	0.0	1	1.0348838319013023	-3.6809258512535012	138.0	11	1.05	0.95				
	106	1	104.60762000280701	21.536862941754386	0.0	-100.0	1	1.0368484181970934	-6.810568274444482	138.0	12	1.05	0.95				
	107	2	96.1467095614035	19.229341912280702	0.0	0.0	1	1.05	-6.61740496888885	138.0	12	1.05	0.95				
	108	1	131.52869868	26.921078677192977	0.0	0.0	1	1.0251150746882585	-8.237893466079703	138.0	12	1.05	0.95				
	109	1	134.6053933859649	27.69025235368421	0.0	0.0	1	1.0274603276299263	-4.078149089392743	138.0	13	1.05	0.95				
	110	1	149.98886691578946	30.766947059649123	0.0	0.0	1	1.05	-5.6257597591961614	138.0	13	1.05	0.95				
	111	1	0.0	0.0	0.0	0.0	1	1.013326800913168	-1.587337658915023	230.0	13	1.05	0.95				
	112	1	0.0	0.0	0.0	0.0	1	1.0173628299737978	-1.0108530853078728	230.0	13	1.05	0.95				
	113	3	203.83102427017542	41.535378530526316	0.0	0.0	1	1.0151988594826973	4.5341592844972693e-29	230.0	14	1.05	0.95				
	114	2	149.21969323929824	29.997773383157895	0.0	0.0	1	1.0133537175151104	0.3468899599000722	230.0	16	1.05	0.95				
	115	2	243.8280554477193	49.227115295438594	0.0	0.0	1	1.0445819306409667	8.511612860505132	230.0	16	1.05	0.95				
	116	2	76.91736764912281	15.383473529824562	0.0	0.0	1	1.042226210150065	7.71174643495624	230.0	16	1.05	0.95				
	117	1	0.0	0.0	0.0	0.0	1	1.0453610000007527	10.983392309630224	230.0	17	1.05	0.95				
	118	2	256.13483427157894	52.303810001403505	0.0	0.0	1	1.047959413159507	11.406621219398716	230.0	17	1.05	0.95				
	119	1	139.22043544491228	28.45942603017544	0.0	0.0	1	1.0359144422699595	6.020432629552854	230.0	15	1.05	0.95				
	120	1	98.45423059087719	19.99851558877193	0.0	0.0	1	1.036495739599802	5.49976049106623	230.0	15	1.05	0.95				
	121	2	0.0	0.0	0.0	0.0	1	1.05	13.073425112248039	230.0	17	1.05	0.95				
	122	2	0.0	0.0	0.0	0.0	1	1.05	21.09984169493525	230.0	17	1.05	0.95				
	123	2	0.0	0.0	0.0	0.0	1	1.0388708038382892	5.784962108646754	230.0	15	1.05	0.95				
	124	1	0.0	0.0	0.0	0.0	1	1.0263803969223668	5.083003520469526	230.0	16	1.05	0.95				
	201	2	98.3270895536842	20.029592316491225	0.0	0.0	2	1.05	-18.76276270759432	138.0	21	1.05	0.95				
	202	2	88.31229339543859	18.2087202877193	0.0	0.0	2	1.05	-18.88694471736798	138.0	22	1.05	0.95				
	203	1	163.8784825894737	33.6861325322807	0.0	0.0	2	1.0207020003125145	-13.28628125551537	138.0	21	1.05	0.95				
	204	1	67.3722650645614	13.656540215789473	0.0	0.0	2	1.0186277555267989	-19.679057347457004	138.0	21	1.05	0.95				
	205	1	64.6409570214035	12.74610420140351	0.0	0.0	2	1.0372956630925074	-20.354441076171952	138.0	21	1.05	0.95				
	206	1	123.81929795649123	25.49220840280702	0.0	-100.0	2	1.0344674295536946	-22.112147474677368	138.0	22	1.05	0.95				
	207	2	113.80450179824561	22.76090035964912	0.0	0.0	2	0.95	-31.58671136231415	138.0	22	1.05	0.95				
	208	1	155.68455846	31.865260503508768	0.0	0.0	2	0.9528792523920028	-28.686949107016403	138.0	22	1.05	0.95				
	209	1	159.32630251754384	32.77569651789474	0.0	0.0	2	1.0229730484178894	-16.646044695369838	138.0	23	1.05	0.95				
	210	1	177.53502280526314	36.4174405754386	0.0	0.0	2	1.0477229252154694	-19.129910751424525	138.0	23	1.05	0.95				
	211	1	0.0	0.0	0.0	0.0	2	1.0323298538701704	-12.238836787181148	230.0	23	1.05	0.95				
	212	1	0.0	0.0	0.0	0.0	2	1.0258847685088521	-7.296166532449765	230.0	23	1.05	0.95				
	213	2	241.2655438122807	49.1635447768421	0.0	0.0	2	1.05	-9.017889511161895	230.0	24	1.05	0.95				
	214	2	176.62458679087717	35.50700456105263	0.0	0.0	2	1.05	-9.685911450710162	230.0	26	1.05	0.95				
	215	2	288.60821656035085	58.26790492070175	0.0	0.0	2	1.0424987067323843	0.12610580444897704	230.0	26	1.05	0.95				
	216	2	91.04360143859648	18.2087202877193	0.0	0.0	2	1.0464231555004844	-0.40979620939895006	230.0	26	1.05	0.95				
	217	1	0.0	0.0	0.0	0.0	2	1.0480033994099187	3.073792266889222	230.0	27	1.05	0.95				
	218	2	303.1751927905263	61.90964897824561	0.0	0.0	2	1.05	3.519404682633873	230.0	27	1.05	0.95				
	219	1	164.78891860385966	33.6861325322807	0.0	0.0	2	1.040920768909703	-0.8932156771962859	230.0	25	1.05	0.95				
	220	1	116.5358098414035	23.671336374035086	0.0	0.0	2	1.0446678754225782	0.39223654613480996	230.0	25	1.05	0.95				
	221	2	0.0	0.0	0.0	0.0	2	1.05	4.011731668436657	230.0	27	1.05	0.95				
	222	2	0.0	0.0	0.0	0.0	2	1.05	10.15552698629334	230.0	27	1.05	0.95				
	223	2	0.0	0.0	0.0	0.0	2	1.05	1.7548963906979984	230.0	25	1.05	0.95				
	224	1	0.0	0.0	0.0	0.0	2	1.0173203924302217	-4.849455970402119	230.0	26	1.05	0.95				
	301	2	91.42929450947369	18.62448591859649	0.0	0.0	3	0.9722806873934433	-4.798884333803087	138.0	31	1.05	0.95				
	302	2	82.11705155017543	16.93135083508772	0.0	0.0	3	0.9749893305390749	-5.258898799925429	138.0	32	1.05	0.95				
	303	1	152.3821575157895	31.32299904491228	0.0	0.0	3	0.9864942666761863	-1.7082771075219352	138.0	31	1.05	0.95				
	304	1	62.64599808982456	12.698513126315788	0.0	0.0	3	0.9623923583030364	-3.473132653856139	138.0	31	1.05	0.95				
	305	1	60.1062954645614	11.851945584561404	0.0	0.0	3	0.974043988309778	-3.327648986229139	138.0	31	1.05	0.95				
	306	1	115.13318567859649	23.70389116912281	0.0	-100.0	3	0.9811944979311589	-3.513636298750048	138.0	32	1.05	0.95				
	307	2	105.82094271929824	21.164188543859648	0.0	0.0	3	0.95	-7.385462075369814	138.0	32	1.05	0.95				
	308	1	144.76304964	29.629863961403508	0.0	0.0	3	0.9501258876981544	-4.800512597585937	138.0	32	1.05	0.95				
	309	1	148.14931980701755	30.47643150315789	0.0	0.0	3	0.984759512480548	1.7599687990121529	138.0	33	1.05	0.95				
	310	1	165.08067064210525	33.86270167017544	0.0	0.0	3	1.002181474051723	1.1296793675444043	138.0	33	1.05	0.95				
	311	1	0.0	0.0	0.0	0.0	3	0.9792165797025739	9.678660220169558	230.0	33	1.05	0.95				
	312	1	0.0	0.0	0.0	0.0	3	0.9841545874921976	11.43032154776668	230.0	33	1.05	0.95				
	313	2	224.34039856491225	45.714647254736846	0.0	0.0	3	1.0118758447285783	19.956811534930097	230.0	34	1.05	0.95				
	314	2	164.23410310035086	33.01613412842105	0.0	0.0	3	0.9929411843399905	8.548034718840796	230.0	36	1.05	0.95				
	315	2	268.3619107361404	54.1803226722807	0.0	0.0	3	1.0468142801043734	5.038407843211306	230.0	36	1.05	0.95				
	316	2	84.65675417543859	16.93135083508772	0.0	0.0	3	1.0448156492996636	6.4900117281988985	230.0	36	1.05	0.95				
	317	1	0.0	0.0	0.0	0.0	3	1.0478783683833064	6.217144293332675	230.0	37	1.05	0.95				
	318	2	281.90699140421054	57.566592839298245	0.0	0.0	3	1.0468879990072006	5.251733091134024	230.0	37	1.05	0.95				
	319	1	153.22872505754387	31.32299904491228	0.0	0.0	3	1.0342125623002916	8.852732030776963	230.0	35	1.05	0.95				
	320	1	108.3606453445614	22.010756085614037	0.0	0.0	3	1.0306129491162765	11.092337087090364	230.0	35	1.05	0.95				
	321	2	0.0	0.0	0.0	0.0	3	1.05	6.710511867458901	230.0	37	1.05	0.95				
	322	2	0.0	0.0	0.0	0.0	3	1.05	10.861796723067252	230.0	37	1.05	0.95				
	323	2	0.0	0.0	0.0	0.0	3	1.0297178456153793	12.067212332074464	230.0	35	1.05	0.95				
	324	1	0.0	0.0	0.0	0.0	3	1.0177567641944074	4.657610382120881	230.0	36	1.05	0.95				
	325	1	0.0	0.0	0.0	0.0	3	1.032094804158646	12.16320736199901	230.0	35	1.05	0.95				
];

%% generator data
%    bus    Pg    Qg    Qmax    Qmin    Vg    mBase    status    Pmax    Pmin    Pc1    Pc2    Qc1min    Qc1max    Qc2min    Qc2max    ramp_agc    ramp_10    ramp_30    ramp_q    apf
