%% MATPOWER Case Format : Version 2
function mpc = RTS_GMLC
mpc.version = '2';

%%-----  Power Flow Data  -----%%
%% system MVA base
mpc.baseMVA = 100.0;
%% bus data
%    bus_i    type    Pd    Qd    Gs    Bs    area    Vm    Va    baseKV    zone    Vmax    Vmin
mpc.bus = [
	101	2	51.42157347789473	10.474764967719299	0.0	0.0	1	1.0317001181495578	0.29532782519998557	138.0	11	1.05	0.95				
	102	2	46.184190994035085	9.522513607017544	0.0	0.0	1	1.0307035479649427	-0.002610574352896336	138.0	12	1.05	0.95				
	103	1	85.70262246315788	17.616650172982453	0.0	0.0	1	1.0280135992728	0.38189756368097116	138.0	11	1.05	0.95				
	104	1	35.233300345964906	7.141885205263157	0.0	0.0	1	1.019416732742924	-2.767537386135912	138.0	11	1.05	0.95				
	105	1	33.80492330491228	6.66575952491228	0.0	0.0	1	1.0344109858913446	-2.7218880625643767	138.0	11	1.05	0.95				
	106	1	64.7530925277193	13.33151904982456	0.0	-100.0	1	1.0436274849547733	-4.930009173247223	138.0	12	1.05	0.95				
	107	2	59.51571004385965	11.90314200877193	0.0	0.0	1	0.9990505995311612	-11.272938390584127	138.0	12	1.05	0.95				
	108	1	81.41749134	16.6643988122807	0.0	0.0	1	1.0013515209754886	-9.534923169936787	138.0	12	1.05	0.95				
	109	1	83.3219940614035	17.140524492631577	0.0	0.0	1	1.0245134448615567	-3.092365387499966	138.0	13	1.05	0.95				
	110	1	92.84450766842104	19.045027214035088	0.0	0.0	1	1.05	-4.273449383155639	138.0	13	1.05	0.95				
	111	1	0.0	0.0	0.0	0.0	1	1.0076348582401637	-0.507885347554801	230.0	13	1.05	0.95				
	112	1	0.0	0.0	0.0	0.0	1	1.0104265982704645	-0.9879029863288435	230.0	13	1.05	0.95				
	113	3	126.17330529298245	25.710786738947366	0.0	0.0	1	1.0010741508223382	4.6613623456146766e-33	230.0	14	1.05	0.95				
	114	2	92.36838198807017	18.56890153368421	0.0	0.0	1	1.0107348461230208	2.3150576856188105	230.0	16	1.05	0.95				
	115	2	150.93184067122806	30.47204354245614	0.0	0.0	1	1.0416395078999936	10.57147440630676	230.0	16	1.05	0.95				
	116	2	47.61256803508772	9.522513607017544	0.0	0.0	1	1.0363115866390047	9.115192254959124	230.0	16	1.05	0.95				
	117	1	0.0	0.0	0.0	0.0	1	1.0417106853168783	14.101186569788327	230.0	17	1.05	0.95				
	118	2	158.5498515568421	32.37654626385965	0.0	0.0	1	1.0494391159563592	14.739801754940435	230.0	17	1.05	0.95				
	119	1	86.17874814350877	17.616650172982453	0.0	0.0	1	1.0261866528497088	5.943070333240798	230.0	15	1.05	0.95				
	120	1	60.94408708491228	12.379267689122807	0.0	0.0	1	1.022901161052825	4.0815638146371915	230.0	15	1.05	0.95				
	121	2	0.0	0.0	0.0	0.0	1	1.05	16.465763443313268	230.0	17	1.05	0.95				
	122	2	0.0	0.0	0.0	0.0	1	1.05	29.44831936265266	230.0	17	1.05	0.95				
	123	2	0.0	0.0	0.0	0.0	1	1.022025985413132	3.4215722429266267	230.0	15	1.05	0.95				
	124	1	0.0	0.0	0.0	0.0	1	1.0238061898830633	6.766886961673453	230.0	16	1.05	0.95				
	201	2	48.24555328421053	9.827797891228071	0.0	0.0	2	1.0126899506513916	-13.554463689672627	138.0	21	1.05	0.95				
	202	2	43.33165433859649	8.934361719298247	0.0	0.0	2	1.012180675873201	-13.735482708567378	138.0	22	1.05	0.95				
	203	1	80.40925547368421	16.528569180701755	0.0	0.0	2	1.01529176310461	-10.321271725340232	138.0	21	1.05	0.95				
	204	1	33.05713836140351	6.700771289473684	0.0	0.0	2	1.0114941197172354	-13.570019859723374	138.0	21	1.05	0.95				
	205	1	31.71698410350877	6.254053203508773	0.0	0.0	2	1.0258444105386686	-13.980608938490008	138.0	21	1.05	0.95				
	206	1	60.75365969122808	12.508106407017547	0.0	-100.0	2	1.0409441982781433	-14.73483645784208	138.0	22	1.05	0.95				
	207	2	55.83976074561404	11.167952149122808	0.0	0.0	2	0.991804752011451	-20.3216941353468	138.0	22	1.05	0.95				
	208	1	76.38879270000001	15.635133008771929	0.0	0.0	2	0.9976193663023382	-18.29127962316818	138.0	22	1.05	0.95				
	209	1	78.17566504385965	16.081851094736844	0.0	0.0	2	1.0240009031105501	-11.58664619344671	138.0	23	1.05	0.95				
	210	1	87.1100267631579	17.868723438596493	0.0	0.0	2	1.05	-12.96969674157642	138.0	23	1.05	0.95				
	211	1	0.0	0.0	0.0	0.0	2	1.0092029060787668	-8.20043665672687	230.0	23	1.05	0.95				
	212	1	0.0	0.0	0.0	0.0	2	1.0113403757348307	-6.846048607410302	230.0	23	1.05	0.95				
	213	2	118.38029278070175	24.122776642105265	0.0	0.0	2	1.0097197402793878	-6.166206140042004	230.0	24	1.05	0.95				
	214	2	86.66330867719299	17.42200535263158	0.0	0.0	2	1.0107907190881948	-5.824603521162283	230.0	26	1.05	0.95				
	215	2	141.60963325087718	28.589957501754387	0.0	0.0	2	1.0268745775090722	-0.0034181658518511507	230.0	26	1.05	0.95				
	216	2	44.67180859649123	8.934361719298247	0.0	0.0	2	1.0295084915013337	0.23183557455682452	230.0	26	1.05	0.95				
	217	1	0.0	0.0	0.0	0.0	2	1.0319288702370606	1.444637124229354	230.0	27	1.05	0.95				
	218	2	148.7571226263158	30.37682984561404	0.0	0.0	2	1.0306697367657063	0.8753798031546344	230.0	27	1.05	0.95				
	219	1	80.85597355964913	16.528569180701755	0.0	0.0	2	1.0334186626532915	1.221539653147496	230.0	25	1.05	0.95				
	220	1	57.179915003508775	11.61467023508772	0.0	0.0	2	1.0402621876875486	2.929063645614362	230.0	25	1.05	0.95				
	221	2	0.0	0.0	0.0	0.0	2	1.0324344918030137	1.3859900329762176	230.0	27	1.05	0.95				
	222	2	0.0	0.0	0.0	0.0	2	1.05	7.903831705083016	230.0	27	1.05	0.95				
	223	2	0.0	0.0	0.0	0.0	2	1.04530312466367	4.189593492425854	230.0	25	1.05	0.95				
	224	1	0.0	0.0	0.0	0.0	2	1.0098311079051667	-3.863323999530486	230.0	26	1.05	0.95				
	301	2	39.34261311157895	8.014236004210526	0.0	0.0	3	1.013931515148612	6.6858903508689504	138.0	31	1.05	0.95				
	302	2	35.33549510947368	7.285669094736842	0.0	0.0	3	1.0137969980460788	6.541923689571366	138.0	32	1.05	0.95				
	303	1	65.57102185263159	13.478487825263159	0.0	0.0	3	1.0334345055060892	13.40688630902775	138.0	31	1.05	0.95				
	304	1	26.956975650526317	5.464251821052631	0.0	0.0	3	1.015099082586703	7.906852177878867	138.0	31	1.05	0.95				
	305	1	25.864125286315787	5.09996836631579	0.0	0.0	3	1.0276188702389222	6.553710903895811	138.0	31	1.05	0.95				
	306	1	49.54254984421053	10.19993673263158	0.0	-100.0	3	1.043732027198526	6.0283762937805765	138.0	32	1.05	0.95				
	307	2	45.53543184210526	9.107086368421053	0.0	0.0	3	0.9662453888104351	2.914679918805777	138.0	32	1.05	0.95				
	308	1	62.29247075999999	12.749920915789472	0.0	0.0	3	0.9867488777924119	4.391600188398553	138.0	32	1.05	0.95				
	309	1	63.74960457894736	13.114204370526314	0.0	0.0	3	1.0269588035849997	10.518201501710676	138.0	33	1.05	0.95				
	310	1	71.0352736736842	14.571338189473684	0.0	0.0	3	1.05	7.596321087704963	138.0	33	1.05	0.95				
	311	1	0.0	0.0	0.0	0.0	3	1.0052653260289883	11.997769117476068	230.0	33	1.05	0.95				
	312	1	0.0	0.0	0.0	0.0	3	1.0126728135251342	12.075884904896741	230.0	33	1.05	0.95				
	313	2	96.53511550526315	19.671306555789474	0.0	0.0	3	1.0094500971763118	14.524717335882725	230.0	34	1.05	0.95				
	314	2	70.67099021894737	14.207054734736843	0.0	0.0	3	0.9950136497952043	12.86539374706076	230.0	36	1.05	0.95				
	315	2	115.47785515157894	23.314141103157894	0.0	0.0	3	1.0225502565689422	16.228561896776366	230.0	36	1.05	0.95				
	316	2	36.42834547368421	7.285669094736842	0.0	0.0	3	1.0185056849047258	16.237952935334206	230.0	36	1.05	0.95				
	317	1	0.0	0.0	0.0	0.0	3	1.0422193118867187	21.088450506697363	230.0	37	1.05	0.95				
	318	2	121.30639042736841	24.771274922105263	0.0	0.0	3	1.043162689824926	18.210304674572658	230.0	37	1.05	0.95				
	319	1	65.93530530736842	13.478487825263159	0.0	0.0	3	1.0158540242299767	14.821790824881594	230.0	35	1.05	0.95				
	320	1	46.62828220631579	9.471369823157895	0.0	0.0	3	1.0160688521290806	14.316457268206443	230.0	35	1.05	0.95				
	321	2	0.0	0.0	0.0	0.0	3	1.0379633063773286	18.210084997757956	230.0	37	1.05	0.95				
	322	2	0.0	0.0	0.0	0.0	3	1.05	23.658653287892427	230.0	37	1.05	0.95				
	323	2	0.0	0.0	0.0	0.0	3	1.0164257480988315	14.325962834192172	230.0	35	1.05	0.95				
	324	1	0.0	0.0	0.0	0.0	3	1.0210563471847205	15.145353028443575	230.0	36	1.05	0.95				
	325	1	0.0	0.0	0.0	0.0	3	1.0196666101406864	14.527824747690659	230.0	35	1.05	0.95				
];
