%% MATPOWER Case Format : Version 2
function mpc = RTS_GMLC
mpc.version = '2';

%%-----  Power Flow Data  -----%%
%% system MVA base
mpc.baseMVA = 100.0;
%% bus data
%    bus_i    type    Pd    Qd    Gs    Bs    area    Vm    Va    baseKV    zone    Vmax    Vmin
mpc.bus = [
	101	2	75.33547749473685	15.346115785964912	0.0	0.0	1	1.0310310046749924	-1.0855729568804793	138.0	11	1.05	0.95				
	102	2	67.66241960175438	13.951014350877195	0.0	0.0	1	1.0310554768214701	-1.142566286214123	138.0	12	1.05	0.95				
	103	1	125.55912915789473	25.80937654912281	0.0	0.0	1	1.0212476856853883	-1.7776065480077445	138.0	11	1.05	0.95				
	104	1	51.61875309824562	10.463260763157894	0.0	0.0	1	1.0163197366838341	-4.119174170244737	138.0	11	1.05	0.95				
	105	1	49.52610094561403	9.765710045614036	0.0	0.0	1	1.0311410606001599	-4.130325738922928	138.0	11	1.05	0.95				
	106	1	94.86689758596492	19.53142009122807	0.0	-100.0	1	1.0372861597716556	-6.469699457419308	138.0	12	1.05	0.95				
	107	2	87.19383969298245	17.43876793859649	0.0	0.0	1	1.05	-3.2892453996455155	138.0	12	1.05	0.95				
	108	1	119.2811727	24.414275114035085	0.0	0.0	1	1.0271464079510384	-5.889021552822886	138.0	12	1.05	0.95				
	109	1	122.07137557017545	25.111825831578948	0.0	0.0	1	1.0265696606568375	-3.725802221273529	138.0	13	1.05	0.95				
	110	1	136.02238992105262	27.90202870175439	0.0	0.0	1	1.05	-5.008352510407852	138.0	13	1.05	0.95				
	111	1	0.0	0.0	0.0	0.0	1	1.0119855432795013	-1.1156804516574061	230.0	13	1.05	0.95				
	112	1	0.0	0.0	0.0	0.0	1	1.0151241544247804	-0.3313039548645147	230.0	13	1.05	0.95				
	113	3	184.8509401491228	37.667738747368425	0.0	0.0	1	1.0113508726476108	1.7113656376282913e-27	230.0	14	1.05	0.95				
	114	2	135.32483920350876	27.204477984210527	0.0	0.0	1	1.0132769034651712	1.2248115753482787	230.0	16	1.05	0.95				
	115	2	221.1235774614035	44.64324592280702	0.0	0.0	1	1.0445695805837674	9.066007539608751	230.0	16	1.05	0.95				
	116	2	69.75507175438597	13.951014350877195	0.0	0.0	1	1.0426658403259255	8.699097616186364	230.0	16	1.05	0.95				
	117	1	0.0	0.0	0.0	0.0	1	1.0468420558774456	11.675685591379754	230.0	17	1.05	0.95				
	118	2	232.28438894210527	47.43344879298246	0.0	0.0	1	1.0491742760604168	12.237739583519579	230.0	17	1.05	0.95				
	119	1	126.2566798754386	25.80937654912281	0.0	0.0	1	1.0371497582617464	7.420419126986356	230.0	15	1.05	0.95				
	120	1	89.28649184561404	18.13631865614035	0.0	0.0	1	1.0384875222704444	7.627901985064833	230.0	15	1.05	0.95				
	121	2	0.0	0.0	0.0	0.0	1	1.05	12.770904782686493	230.0	17	1.05	0.95				
	122	2	0.0	0.0	0.0	0.0	1	1.05	19.541704609087855	230.0	17	1.05	0.95				
	123	2	0.0	0.0	0.0	0.0	1	1.041051328490407	8.258456214831156	230.0	15	1.05	0.95				
	124	1	0.0	0.0	0.0	0.0	1	1.0222674301817867	5.054096535252309	230.0	16	1.05	0.95				
	201	2	87.48118997052632	17.82024240140351	0.0	0.0	2	1.0457681560296612	-11.615620762338027	138.0	21	1.05	0.95				
	202	2	78.57106876982456	16.200220364912283	0.0	0.0	2	1.0470980123261748	-11.695607028438486	138.0	22	1.05	0.95				
	203	1	145.80198328421054	29.970407675087717	0.0	0.0	2	1.025655478164522	-8.312042389893394	138.0	21	1.05	0.95				
	204	1	59.940815350175434	12.15016527368421	0.0	0.0	2	1.0208724302376244	-13.674757273664106	138.0	21	1.05	0.95				
	205	1	57.5107822954386	11.340154255438598	0.0	0.0	2	1.0374631816588558	-14.113237813174667	138.0	21	1.05	0.95				
	206	1	110.16149848140353	22.680308510877197	0.0	-100.0	2	1.0382503659753572	-16.263490024637072	138.0	22	1.05	0.95				
	207	2	101.25137728070175	20.25027545614035	0.0	0.0	2	0.95	-27.971367861358157	138.0	22	1.05	0.95				
	208	1	138.51188412	28.350385638596492	0.0	0.0	2	0.9559812939857165	-24.17699854839798	138.0	22	1.05	0.95				
	209	1	141.75192819298246	29.160396656842103	0.0	0.0	2	1.0252677208266425	-12.048949863486172	138.0	23	1.05	0.95				
	210	1	157.95214855789476	32.40044072982457	0.0	0.0	2	1.05	-14.133053444393703	138.0	23	1.05	0.95				
	211	1	0.0	0.0	0.0	0.0	2	1.0322274235155413	-6.907966739253423	230.0	23	1.05	0.95				
	212	1	0.0	0.0	0.0	0.0	2	1.0238266896937829	-5.6271937299507515	230.0	23	1.05	0.95				
	213	2	214.65291983508772	43.74059498526316	0.0	0.0	2	1.05	-2.966582853907877	230.0	24	1.05	0.95				
	214	2	157.14213753964913	31.59042971157895	0.0	0.0	2	1.05	-4.453125487146289	230.0	26	1.05	0.95				
	215	2	256.77349278385964	51.84070516771931	0.0	0.0	2	1.0440476206779372	4.171200630610535	230.0	26	1.05	0.95				
	216	2	81.0011018245614	16.200220364912283	0.0	0.0	2	1.0486667840343478	4.036136741474419	230.0	26	1.05	0.95				
	217	1	0.0	0.0	0.0	0.0	2	1.049008187006519	7.320901358443908	230.0	27	1.05	0.95				
	218	2	269.73366907578946	55.08074924070176	0.0	0.0	2	1.05	7.98212339868588	230.0	27	1.05	0.95				
	219	1	146.61199430245614	29.970407675087717	0.0	0.0	2	1.0433071410098247	3.4720455394420475	230.0	25	1.05	0.95				
	220	1	103.68141033543861	21.06028647438597	0.0	0.0	2	1.045923955013834	4.494924615567421	230.0	25	1.05	0.95				
	221	2	0.0	0.0	0.0	0.0	2	1.05	8.437540813866603	230.0	27	1.05	0.95				
	222	2	0.0	0.0	0.0	0.0	2	1.05	14.511322484366067	230.0	27	1.05	0.95				
	223	2	0.0	0.0	0.0	0.0	2	1.05	5.643392513649629	230.0	25	1.05	0.95				
	224	1	0.0	0.0	0.0	0.0	2	1.021423678435767	-0.4730914141804609	230.0	26	1.05	0.95				
	301	2	62.678266370526316	12.76779500140351	0.0	0.0	3	1.0101945446142473	-17.15897454945949	138.0	31	1.05	0.95				
	302	2	56.29436886982456	11.60708636491228	0.0	0.0	3	1.009272861962288	-17.378945553288197	138.0	32	1.05	0.95				
	303	1	104.46377728421052	21.473109775087718	0.0	0.0	3	1.0234431998955753	-10.743625433040954	138.0	31	1.05	0.95				
	304	1	42.946219550175435	8.70531477368421	0.0	0.0	3	1.0085608765551237	-15.742514999527362	138.0	31	1.05	0.95				
	305	1	41.20515659543859	8.124960455438597	0.0	0.0	3	1.0223112142738857	-16.625869372337593	138.0	31	1.05	0.95				
	306	1	78.92818728140351	16.249920910877194	0.0	-100.0	3	1.0362580341679406	-16.98222948198816	138.0	32	1.05	0.95				
	307	2	72.54428978070176	14.50885795614035	0.0	0.0	3	1.006698205823227	-18.10286216640488	138.0	32	1.05	0.95				
	308	1	99.24058842	20.31240113859649	0.0	0.0	3	1.0045683554667935	-17.82909608476268	138.0	32	1.05	0.95				
	309	1	101.56200569298247	20.892755456842103	0.0	0.0	3	1.0276793550501486	-12.037987241139087	138.0	33	1.05	0.95				
	310	1	113.16909205789474	23.21417272982456	0.0	0.0	3	1.05	-14.229623513499188	138.0	33	1.05	0.95				
	311	1	0.0	0.0	0.0	0.0	3	1.0152886014816942	-7.628286112153277	230.0	33	1.05	0.95				
	312	1	0.0	0.0	0.0	0.0	3	1.015628283314515	-6.9188840270902	230.0	33	1.05	0.95				
	313	2	153.7938943350877	31.339133185263158	0.0	0.0	3	1.021352592309383	-3.5742134245796553	230.0	34	1.05	0.95				
	314	2	112.58873773964912	22.633818411578947	0.0	0.0	3	1.0225812676355284	-5.66813217661507	230.0	36	1.05	0.95				
	315	2	183.97231888385963	37.1426763677193	0.0	0.0	3	1.045913032856577	0.744563230203245	230.0	36	1.05	0.95				
	316	2	58.0354318245614	11.60708636491228	0.0	0.0	3	1.043604572918807	0.5993942128996901	230.0	36	1.05	0.95				
	317	1	0.0	0.0	0.0	0.0	3	1.0467311983167245	2.6730449244465415	230.0	37	1.05	0.95				
	318	2	193.2579879757895	39.464093640701755	0.0	0.0	3	1.0474366762233132	2.9075492378503203	230.0	37	1.05	0.95				
	319	1	105.04413160245613	21.473109775087718	0.0	0.0	3	1.038593251654717	-0.323349721771246	230.0	35	1.05	0.95				
	320	1	74.2853527354386	15.089212274385966	0.0	0.0	3	1.038878744269357	-0.027535866431513366	230.0	35	1.05	0.95				
	321	2	0.0	0.0	0.0	0.0	3	1.05	4.097651767768305	230.0	37	1.05	0.95				
	322	2	0.0	0.0	0.0	0.0	3	1.05	9.313424822154435	230.0	37	1.05	0.95				
	323	2	0.0	0.0	0.0	0.0	3	1.0403287771554797	0.5672928981251689	230.0	35	1.05	0.95				
	324	1	0.0	0.0	0.0	0.0	3	1.0230827693486408	-3.511286279979546	230.0	36	1.05	0.95				
	325	1	0.0	0.0	0.0	0.0	3	1.038077318313258	1.5873291641205018	230.0	35	1.05	0.95				
];
