%% MATPOWER Case Format : Version 2
function mpc = RTS_GMLC
mpc.version = '2';

%%-----  Power Flow Data  -----%%
%% system MVA base
mpc.baseMVA = 100.0;
%% bus data
%    bus_i    type    Pd    Qd    Gs    Bs    area    Vm    Va    baseKV    zone    Vmax    Vmin
mpc.bus = [
	101	2	76.43097477473685	15.569272639298246	0.0	0.0	1	1.0499999975557526	0.46553503362506615	138.0	11	1.05	0.95				
	102	2	68.64633845508772	14.15388421754386	0.0	0.0	1	1.0494240418661251	0.1928283808088359	138.0	12	1.05	0.95				
	103	1	127.38495795789473	26.184685802456144	0.0	0.0	1	1.0294930561902218	-1.2149216094573214	138.0	11	1.05	0.95				
	104	1	52.36937160491229	10.615413163157895	0.0	0.0	1	1.026534055639284	-3.4437215814851214	138.0	11	1.05	0.95				
	105	1	50.246288972280695	9.907718952280703	0.0	0.0	1	1.0396814968761803	-3.8352877636461	138.0	11	1.05	0.95				
	106	1	96.24641267929826	19.815437904561406	0.0	-100.0	1	1.0405561126104839	-6.946338204749356	138.0	12	1.05	0.95				
	107	2	88.46177635964912	17.692355271929824	0.0	0.0	1	1.009283811139779	-12.046383064317569	138.0	12	1.05	0.95				
	108	1	121.01571006	24.76929738070175	0.0	0.0	1	1.0011537841131866	-11.442262828343031	138.0	12	1.05	0.95				
	109	1	123.84648690350876	25.476991591578944	0.0	0.0	1	1.0262210104430274	-4.656591925723758	138.0	13	1.05	0.95				
	110	1	138.00037112105264	28.30776843508772	0.0	0.0	1	1.05	-6.05426284550491	138.0	13	1.05	0.95				
	111	1	0.0	0.0	0.0	0.0	1	1.0136950975192336	-1.904069004238018	230.0	13	1.05	0.95				
	112	1	0.0	0.0	0.0	0.0	1	1.0161050588526868	-1.3908445079087406	230.0	13	1.05	0.95				
	113	3	187.53896588245613	38.21548738736843	0.0	0.0	1	1.01457104585478	8.800968192858932e-30	230.0	14	1.05	0.95				
	114	2	137.29267691017543	27.600074224210523	0.0	0.0	1	1.0161687488093836	-0.07271386385510213	230.0	16	1.05	0.95				
	115	2	224.33906484807017	45.29242949614035	0.0	0.0	1	1.0442617139383104	7.702878081833677	230.0	16	1.05	0.95				
	116	2	70.7694210877193	14.15388421754386	0.0	0.0	1	1.0414347686793457	6.791487925691955	230.0	16	1.05	0.95				
	117	1	0.0	0.0	0.0	0.0	1	1.0453900124245352	9.916439665813654	230.0	17	1.05	0.95				
	118	2	235.66217222210528	48.12320633964913	0.0	0.0	1	1.0475728788666732	10.542988479738598	230.0	17	1.05	0.95				
	119	1	128.09265216877193	26.184685802456144	0.0	0.0	1	1.0343106905101962	5.1884633042152055	230.0	15	1.05	0.95				
	120	1	90.5848589922807	18.400049482807017	0.0	0.0	1	1.0335899744968864	4.69617205446759	230.0	15	1.05	0.95				
	121	2	0.0	0.0	0.0	0.0	1	1.05	12.321009483913883	230.0	17	1.05	0.95				
	122	2	0.0	0.0	0.0	0.0	1	1.05	17.889258001019314	230.0	17	1.05	0.95				
	123	2	0.0	0.0	0.0	0.0	1	1.0349761404291422	4.955427402689022	230.0	15	1.05	0.95				
	124	1	0.0	0.0	0.0	0.0	1	1.0274591005892044	4.379792882820084	230.0	16	1.05	0.95				
	201	2	75.97229653894738	15.475838183859647	0.0	0.0	2	1.0335012698713506	-11.973037399063028	138.0	21	1.05	0.95				
	202	2	68.23437744701754	14.068943803508771	0.0	0.0	2	1.034038449862347	-11.946421458681861	138.0	22	1.05	0.95				
	203	1	126.62049423157895	26.027546036491227	0.0	0.0	2	1.0179870100780664	-10.671931255927177	138.0	21	1.05	0.95				
	204	1	52.055092072982454	10.551707852631578	0.0	0.0	2	1.0171747191440266	-13.242060664160837	138.0	21	1.05	0.95				
	205	1	49.94475050245614	9.84826066245614	0.0	0.0	2	1.0328773612580437	-13.530114096906182	138.0	21	1.05	0.95				
	206	1	95.66881786385964	19.69652132491228	0.0	-100.0	2	1.0385550664291383	-15.049332911575355	138.0	22	1.05	0.95				
	207	2	87.93089877192982	17.586179754385963	0.0	0.0	2	0.9700853491770696	-25.455263736942886	138.0	22	1.05	0.95				
	208	1	120.28946952	24.620651656140346	0.0	0.0	2	0.9730264296175644	-21.991313890561628	138.0	22	1.05	0.95				
	209	1	123.10325828070174	25.324098846315785	0.0	0.0	2	1.0254163960140164	-11.44674423303706	138.0	23	1.05	0.95				
	210	1	137.1722020842105	28.137887607017543	0.0	0.0	2	1.05	-12.88478281965407	138.0	23	1.05	0.95				
	211	1	0.0	0.0	0.0	0.0	2	1.0226983022293477	-7.741174888586531	230.0	23	1.05	0.95				
	212	1	0.0	0.0	0.0	0.0	2	1.022708793088485	-2.9147813903541318	230.0	23	1.05	0.95				
	213	2	186.41350539649122	37.98614826947369	0.0	0.0	2	1.0298913592914334	-5.059745593879452	230.0	24	1.05	0.95				
	214	2	136.46875489403507	27.434440416842104	0.0	0.0	2	1.0325387141395679	-5.742331706497595	230.0	26	1.05	0.95				
	215	2	222.99275928561403	45.02062017122807	0.0	0.0	2	1.0406111020730682	1.4060883815690204	230.0	26	1.05	0.95				
	216	2	70.34471901754385	14.068943803508771	0.0	0.0	2	1.0420837221758725	1.4196092253365529	230.0	26	1.05	0.95				
	217	1	0.0	0.0	0.0	0.0	2	1.0438860351008767	3.670675875886345	230.0	27	1.05	0.95				
	218	2	234.24791432842102	47.83440893192982	0.0	0.0	2	1.0441805775167206	3.7873351392407586	230.0	27	1.05	0.95				
	219	1	127.32394142175438	26.027546036491227	0.0	0.0	2	1.0403690663888179	1.6125593731779546	230.0	25	1.05	0.95				
	220	1	90.04124034245613	18.2896269445614	0.0	0.0	2	1.0450475574580145	3.1024797348435413	230.0	25	1.05	0.95				
	221	2	0.0	0.0	0.0	0.0	2	1.0445812039198048	3.7599188016814096	230.0	27	1.05	0.95				
	222	2	0.0	0.0	0.0	0.0	2	1.05	10.231982167779933	230.0	27	1.05	0.95				
	223	2	0.0	0.0	0.0	0.0	2	1.05	4.427769819586189	230.0	25	1.05	0.95				
	224	1	0.0	0.0	0.0	0.0	2	1.0170158475473565	-3.0685276764632565	230.0	26	1.05	0.95				
	301	2	64.42075292210527	13.122745965614035	0.0	0.0	3	0.9903705386873993	4.116694566987076	138.0	31	1.05	0.95				
	302	2	57.859379939298236	11.929769059649123	0.0	0.0	3	0.9903559739300489	4.093142135127648	138.0	32	1.05	0.95				
	303	1	107.36792153684212	22.070072760350875	0.0	0.0	3	1.0129643994484316	6.582555548326682	138.0	31	1.05	0.95				
	304	1	44.14014552070175	8.947326794736842	0.0	0.0	3	0.9989729172326072	6.153796498290929	138.0	31	1.05	0.95				
	305	1	42.35068016175438	8.350838341754386	0.0	0.0	3	1.0107719370852786	6.192575796006529	138.0	31	1.05	0.95				
	306	1	81.12242960561403	16.701676683508772	0.0	-100.0	3	1.0306133896626075	6.671963594145409	138.0	32	1.05	0.95				
	307	2	74.56105662280702	14.912211324561403	0.0	0.0	3	0.988097842151948	2.8598714248222823	138.0	32	1.05	0.95				
	308	1	101.99952546	20.877095854385963	0.0	0.0	3	0.9992179374978286	5.530899875149479	138.0	32	1.05	0.95				
	309	1	104.38547927192982	21.47358430736842	0.0	0.0	3	1.0272066117077023	10.25881146709125	138.0	33	1.05	0.95				
	310	1	116.31524833157894	23.859538119298247	0.0	0.0	3	1.05	10.158913682758387	138.0	33	1.05	0.95				
	311	1	0.0	0.0	0.0	0.0	3	1.018235698677597	16.305042135862383	230.0	33	1.05	0.95				
	312	1	0.0	0.0	0.0	0.0	3	1.0237825452217328	17.702428779516804	230.0	33	1.05	0.95				
	313	2	158.06944004035086	32.21037646105263	0.0	0.0	3	1.0461501934737414	24.993468917031773	230.0	34	1.05	0.95				
	314	2	115.71875987859647	23.263049666315787	0.0	0.0	3	1.0199550208105672	14.596758195959245	230.0	36	1.05	0.95				
	315	2	189.0868395954386	38.17526099087719	0.0	0.0	3	1.0352219342520848	8.842332352857929	230.0	36	1.05	0.95				
	316	2	59.64884529824561	11.929769059649123	0.0	0.0	3	1.0370251954563996	10.157365941207237	230.0	36	1.05	0.95				
	317	1	0.0	0.0	0.0	0.0	3	1.0404017042544624	9.169541621251556	230.0	37	1.05	0.95				
	318	2	198.63065484315788	40.561214802807015	0.0	0.0	3	1.0389501634951546	8.073767864273183	230.0	37	1.05	0.95				
	319	1	107.96440998982455	22.070072760350875	0.0	0.0	3	1.0373196430868696	13.136916946808157	230.0	35	1.05	0.95				
	320	1	76.35052198175438	15.50869977754386	0.0	0.0	3	1.0405372238099777	15.348198637101426	230.0	35	1.05	0.95				
	321	2	0.0	0.0	0.0	0.0	3	1.0392734574573976	8.89166735509273	230.0	37	1.05	0.95				
	322	2	0.0	0.0	0.0	0.0	3	1.05	13.316699390922935	230.0	37	1.05	0.95				
	323	2	0.0	0.0	0.0	0.0	3	1.0423527527859708	16.19275158880076	230.0	35	1.05	0.95				
	324	1	0.0	0.0	0.0	0.0	3	1.0241588720039672	10.050885368405627	230.0	36	1.05	0.95				
	325	1	0.0	0.0	0.0	0.0	3	1.044356484028989	15.868637051999494	230.0	35	1.05	0.95				
];
