%% MATPOWER Case Format : Version 2
function mpc = RTS_GMLC
mpc.version = '2';

%%-----  Power Flow Data  -----%%
%% system MVA base
mpc.baseMVA = 100.0;
%% bus data
%    bus_i    type    Pd    Qd    Gs    Bs    area    Vm    Va    baseKV    zone    Vmax    Vmin
mpc.bus = [
	101	2	90.15141020210527	18.364176152280702	0.0	0.0	1	1.0478988687017166	0.19341855016373652	138.0	11	1.05	0.95				
	102	2	80.96932212596491	16.694705592982455	0.0	0.0	1	1.0476854013444683	0.05140269649775274	138.0	12	1.05	0.95				
	103	1	150.2523503368421	30.885205347017543	0.0	0.0	1	1.0240981061745231	-1.8236880036829741	138.0	11	1.05	0.95				
	104	1	61.770410694035085	12.52102919473684	0.0	0.0	1	1.0241396933453015	-3.5363269648562503	138.0	11	1.05	0.95				
	105	1	59.266204855087715	11.68629391508772	0.0	0.0	1	1.0371047150527208	-3.9918020349581975	138.0	11	1.05	0.95				
	106	1	113.5239980322807	23.37258783017544	0.0	-100.0	1	1.036491857942004	-7.108431537919864	138.0	12	1.05	0.95				
	107	2	104.34190995614034	20.86838199122807	0.0	0.0	1	1.05	-3.774506187482483	138.0	12	1.05	0.95				
	108	1	142.73973282	29.215734787719295	0.0	0.0	1	1.0231657427918435	-6.840666042760602	138.0	12	1.05	0.95				
	109	1	146.0786739385965	30.05047006736842	0.0	0.0	1	1.0274450885042903	-4.216212132107106	138.0	13	1.05	0.95				
	110	1	162.77337953157894	33.38941118596491	0.0	0.0	1	1.05	-5.6807818291664685	138.0	13	1.05	0.95				
	111	1	0.0	0.0	0.0	0.0	1	1.0157375827285904	-1.699087050999023	230.0	13	1.05	0.95				
	112	1	0.0	0.0	0.0	0.0	1	1.0177466262778092	-0.6014844334057079	230.0	13	1.05	0.95				
	113	3	221.20484910701754	45.075705101052634	0.0	0.0	1	1.0175023163559318	-7.732928200865974e-33	230.0	14	1.05	0.95				
	114	2	161.93864425192982	32.55467590631579	0.0	0.0	1	1.0182033460204496	0.09648928530669842	230.0	16	1.05	0.95				
	115	2	264.6110836487719	53.423057897543856	0.0	0.0	1	1.0452152870195073	7.943985324613652	230.0	16	1.05	0.95				
	116	2	83.47352796491228	16.694705592982455	0.0	0.0	1	1.0440393954083282	7.691425023022657	230.0	16	1.05	0.95				
	117	1	0.0	0.0	0.0	0.0	1	1.0476232467505235	10.663630448526657	230.0	17	1.05	0.95				
	118	2	277.9668481231579	56.76199901614035	0.0	0.0	1	1.049566682653425	11.30812552164904	230.0	17	1.05	0.95				
	119	1	151.08708561649124	30.885205347017543	0.0	0.0	1	1.0386124024995007	6.8055258965136	230.0	15	1.05	0.95				
	120	1	106.84611579508771	21.703117270877193	0.0	0.0	1	1.0406386343665854	7.245584531993783	230.0	15	1.05	0.95				
	121	2	0.0	0.0	0.0	0.0	1	1.05	11.865165696110628	230.0	17	1.05	0.95				
	122	2	0.0	0.0	0.0	0.0	1	1.05	17.90757635711362	230.0	17	1.05	0.95				
	123	2	0.0	0.0	0.0	0.0	1	1.0442941122434346	8.09951241324941	230.0	15	1.05	0.95				
	124	1	0.0	0.0	0.0	0.0	1	1.0250437333599796	4.32528313106447	230.0	16	1.05	0.95				
	201	2	87.36219109894738	17.796001890526316	0.0	0.0	2	1.0356178819010669	-8.386370532782296	138.0	21	1.05	0.95				
	202	2	78.46419015368421	16.178183536842106	0.0	0.0	2	1.0379627217190799	-8.471756036135353	138.0	22	1.05	0.95				
	203	1	145.60365183157896	29.929639543157894	0.0	0.0	2	1.026771793344232	-5.914890211180184	138.0	21	1.05	0.95				
	204	1	59.85927908631579	12.13363765263158	0.0	0.0	2	1.0181412444309894	-9.65322243041347	138.0	21	1.05	0.95				
	205	1	57.432551555789466	11.324728475789476	0.0	0.0	2	1.0324620788230057	-10.040494507740078	138.0	21	1.05	0.95				
	206	1	110.01164805052632	22.64945695157895	0.0	-100.0	2	1.0363533255892894	-11.722806778272998	138.0	22	1.05	0.95				
	207	2	101.11364710526315	20.222729421052634	0.0	0.0	2	0.95	-23.298206496506264	138.0	22	1.05	0.95				
	208	1	138.32346924	28.311821189473683	0.0	0.0	2	0.9564260152257895	-19.42090128771355	138.0	22	1.05	0.95				
	209	1	141.55910594736844	29.12073036631579	0.0	0.0	2	1.0279085222754456	-7.3532909332124134	138.0	23	1.05	0.95				
	210	1	157.73728948421052	32.35636707368421	0.0	0.0	2	1.05	-9.165998845091888	138.0	23	1.05	0.95				
	211	1	0.0	0.0	0.0	0.0	2	1.0336197288348319	-2.777645096558842	230.0	23	1.05	0.95				
	212	1	0.0	0.0	0.0	0.0	2	1.0296297360104885	1.7186875896220795	230.0	23	1.05	0.95				
	213	2	214.3609318631579	43.68109554947369	0.0	0.0	2	1.05	1.4457261546901754	230.0	24	1.05	0.95				
	214	2	156.92838030736843	31.547457896842108	0.0	0.0	2	1.05	-1.2347787047079897	230.0	26	1.05	0.95				
	215	2	256.4242090589474	51.77018731789473	0.0	0.0	2	1.0456285601866795	5.862111704000927	230.0	26	1.05	0.95				
	216	2	80.89091768421054	16.178183536842106	0.0	0.0	2	1.05	5.938628699294646	230.0	26	1.05	0.95				
	217	1	0.0	0.0	0.0	0.0	2	1.04987630737481	8.787626900071833	230.0	27	1.05	0.95				
	218	2	269.36675588842104	55.00582402526316	0.0	0.0	2	1.05	9.513244080113992	230.0	27	1.05	0.95				
	219	1	146.41256100842105	29.929639543157894	0.0	0.0	2	1.0440524438985912	5.530572752705816	230.0	25	1.05	0.95				
	220	1	103.54037463578946	21.031638597894737	0.0	0.0	2	1.0461491738815385	6.685458800237276	230.0	25	1.05	0.95				
	221	2	0.0	0.0	0.0	0.0	2	1.05	10.01993651099779	230.0	27	1.05	0.95				
	222	2	0.0	0.0	0.0	0.0	2	1.05	16.048381887311265	230.0	27	1.05	0.95				
	223	2	0.0	0.0	0.0	0.0	2	1.05	7.905872707507681	230.0	25	1.05	0.95				
	224	1	0.0	0.0	0.0	0.0	2	1.0237673383245414	1.4835350692262328	230.0	26	1.05	0.95				
	301	2	87.31224295578947	17.785827268771932	0.0	0.0	3	0.9937361333172546	-18.79173288259887	138.0	31	1.05	0.95				
	302	2	78.41932932140351	16.168933880701754	0.0	0.0	3	0.9942592939193519	-19.081191916577158	138.0	32	1.05	0.95				
	303	1	145.5204049263158	29.912527679298247	0.0	0.0	3	1.0107373111794677	-9.499766641590181	138.0	31	1.05	0.95				
	304	1	59.825055358596494	12.126700410526317	0.0	0.0	3	0.9834637424776372	-16.461460126809534	138.0	31	1.05	0.95				
	305	1	57.39971527649123	11.31825371649123	0.0	0.0	3	0.996940759976473	-17.411836571431106	138.0	31	1.05	0.95				
	306	1	109.94875038877194	22.63650743298246	0.0	-100.0	3	1.0049790182947018	-17.54214320316522	138.0	32	1.05	0.95				
	307	2	101.05583675438596	20.211167350877194	0.0	0.0	3	0.971971509687419	-20.995771996752367	138.0	32	1.05	0.95				
	308	1	138.24438468	28.295634291228065	0.0	0.0	3	0.9715290077578965	-18.592677031390632	138.0	32	1.05	0.95				
	309	1	141.47817145614033	29.10408098526316	0.0	0.0	3	1.0063243836319475	-10.874686942775314	138.0	33	1.05	0.95				
	310	1	157.6471053368421	32.33786776140351	0.0	0.0	3	1.0244206945076924	-13.304391234386411	138.0	33	1.05	0.95				
	311	1	0.0	0.0	0.0	0.0	3	1.0019741987485096	-4.146082601757715	230.0	33	1.05	0.95				
	312	1	0.0	0.0	0.0	0.0	3	1.0021061311224255	-3.408451822799405	230.0	33	1.05	0.95				
	313	2	214.23837391929825	43.656121477894736	0.0	0.0	3	1.0289362162941824	3.4326226916305314	230.0	34	1.05	0.95				
	314	2	156.83865864280702	31.529421067368425	0.0	0.0	3	1.0149147585164338	-3.1400120875979844	230.0	36	1.05	0.95				
	315	2	256.2776020091228	51.740588418245615	0.0	0.0	3	1.041532352868301	-0.7380518979975861	230.0	36	1.05	0.95				
	316	2	80.84466940350877	16.168933880701754	0.0	0.0	3	1.0390384983050391	0.2924847008502293	230.0	36	1.05	0.95				
	317	1	0.0	0.0	0.0	0.0	3	1.0440132837122433	1.9905337342385534	230.0	37	1.05	0.95				
	318	2	269.2127491136842	54.97437519438597	0.0	0.0	3	1.0441295094067056	1.7465718817093938	230.0	37	1.05	0.95				
	319	1	146.32885162035086	29.912527679298247	0.0	0.0	3	1.0322736787448363	0.10672772922467132	230.0	35	1.05	0.95				
	320	1	103.48117683649123	21.01961404491228	0.0	0.0	3	1.0331677819840406	1.2376743674024142	230.0	35	1.05	0.95				
	321	2	0.0	0.0	0.0	0.0	3	1.04697206048315	2.595954212433717	230.0	37	1.05	0.95				
	322	2	0.0	0.0	0.0	0.0	3	1.05	8.128177841300166	230.0	37	1.05	0.95				
	323	2	0.0	0.0	0.0	0.0	3	1.0347557813701327	1.8633422068140297	230.0	35	1.05	0.95				
	324	1	0.0	0.0	0.0	0.0	3	1.0192406875515683	-3.750728788027984	230.0	36	1.05	0.95				
	325	1	0.0	0.0	0.0	0.0	3	1.0339436331168639	2.7103785618579455	230.0	35	1.05	0.95				
];
