%% MATPOWER Case Format : Version 2
function mpc = RTS_GMLC
mpc.version = '2';

%%-----  Power Flow Data  -----%%
%% system MVA base
mpc.baseMVA = 100.0;
%% bus data
%    bus_i    type    Pd    Qd    Gs    Bs    area    Vm    Va    baseKV    zone    Vmax    Vmin
mpc.bus = [
	101	2	58.047996050526315	11.824591788070176	0.0	0.0	1	1.0499999960892452	2.4746146117223353	138.0	11	1.05	0.95				
	102	2	52.135700156491225	10.749628898245614	0.0	0.0	1	1.049018786540743	2.132223597665077	138.0	12	1.05	0.95				
	103	1	96.74666008421052	19.886813461754386	0.0	0.0	1	1.0298774637373642	-0.35608533834054185	138.0	11	1.05	0.95				
	104	1	39.77362692350877	8.06222167368421	0.0	0.0	1	1.0285566303573255	-1.5216510362470181	138.0	11	1.05	0.95				
	105	1	38.16118258877192	7.52474022877193	0.0	0.0	1	1.041923670771077	-1.709681027735574	138.0	11	1.05	0.95				
	106	1	73.09747650807019	15.04948045754386	0.0	-100.0	1	1.0454047085974387	-4.637585973538657	138.0	12	1.05	0.95				
	107	2	67.18518061403509	13.437036122807017	0.0	0.0	1	0.9998016826459162	-11.503642551141274	138.0	12	1.05	0.95				
	108	1	91.90932708	18.811850571929824	0.0	0.0	1	0.9999876660661903	-9.943233572147102	138.0	12	1.05	0.95				
	109	1	94.0592528596491	19.3493320168421	0.0	0.0	1	1.0248116523548265	-3.3881381820128187	138.0	13	1.05	0.95				
	110	1	104.80888175789474	21.49925779649123	0.0	0.0	1	1.05	-4.341858875022412	138.0	13	1.05	0.95				
	111	1	0.0	0.0	0.0	0.0	1	1.0066851381553776	-1.2808695371483263	230.0	13	1.05	0.95				
	112	1	0.0	0.0	0.0	0.0	1	1.0103505233426848	-1.2667759272168906	230.0	13	1.05	0.95				
	113	3	142.4325829017544	29.023998025263158	0.0	0.0	1	1.0019468071418092	9.750576323010472e-30	230.0	14	1.05	0.95				
	114	2	104.27140031298245	20.961776351578948	0.0	0.0	1	1.0049576029241063	0.29262136614537276	230.0	16	1.05	0.95				
	115	2	170.38161803719296	34.39881247438596	0.0	0.0	1	1.0360983852024597	6.486876840099651	230.0	16	1.05	0.95				
	116	2	53.74814449122807	10.749628898245614	0.0	0.0	1	1.0325554671586226	5.74171477277772	230.0	16	1.05	0.95				
	117	1	0.0	0.0	0.0	0.0	1	1.039156833516064	8.833286543003126	230.0	17	1.05	0.95				
	118	2	178.98132115578946	36.548738254035094	0.0	0.0	1	1.0418641115589091	9.447455884450054	230.0	17	1.05	0.95				
	119	1	97.2841415291228	19.886813461754386	0.0	0.0	1	1.0229867729472006	3.611102896504829	230.0	15	1.05	0.95				
	120	1	68.79762494877193	13.974517567719296	0.0	0.0	1	1.0191720420038284	2.547913097236868	230.0	15	1.05	0.95				
	121	2	0.0	0.0	0.0	0.0	1	1.0445571247712169	11.022683531015357	230.0	17	1.05	0.95				
	122	2	0.0	0.0	0.0	0.0	1	1.05	16.669905604837023	230.0	17	1.05	0.95				
	123	2	0.0	0.0	0.0	0.0	1	1.0181302874423233	2.378231771556414	230.0	15	1.05	0.95				
	124	1	0.0	0.0	0.0	0.0	1	1.024757217939521	3.917906598632473	230.0	16	1.05	0.95				
	201	2	54.29749725473685	11.06060129263158	0.0	0.0	2	1.0168182202321603	-11.727699739879416	138.0	21	1.05	0.95				
	202	2	48.767196608421045	10.055092084210527	0.0	0.0	2	1.016438368089305	-11.861806836955514	138.0	22	1.05	0.95				
	203	1	90.49582875789474	18.601920355789474	0.0	0.0	2	1.0141001247817931	-9.223937423943367	138.0	21	1.05	0.95				
	204	1	37.20384071157895	7.541319063157895	0.0	0.0	2	1.0124376868178926	-11.419365855158627	138.0	21	1.05	0.95				
	205	1	35.695576898947365	7.038564458947369	0.0	0.0	2	1.0270823833212699	-11.784808483896558	138.0	21	1.05	0.95				
	206	1	68.37462617263158	14.077128917894738	0.0	-100.0	2	1.0403799986903197	-12.37370542353964	138.0	22	1.05	0.95				
	207	2	62.84432552631579	12.568865105263157	0.0	0.0	2	0.9957075995856676	-18.81033803549067	138.0	22	1.05	0.95				
	208	1	85.97103732	17.59641114736842	0.0	0.0	2	0.9975664561784912	-16.461639611662992	138.0	22	1.05	0.95				
	209	1	87.9820557368421	18.099165751578948	0.0	0.0	2	1.0245123518248522	-8.987056184946157	138.0	23	1.05	0.95				
	210	1	98.03714782105263	20.110184168421053	0.0	0.0	2	1.05	-10.230125107287137	138.0	23	1.05	0.95				
	211	1	0.0	0.0	0.0	0.0	2	1.0093218270772104	-5.911976505766331	230.0	23	1.05	0.95				
	212	1	0.0	0.0	0.0	0.0	2	1.0132553551802652	-1.6858737377069737	230.0	23	1.05	0.95				
	213	2	133.22997011578948	27.148748627368423	0.0	0.0	2	1.0092155106222573	-3.301503690078334	230.0	24	1.05	0.95				
	214	2	97.53439321684209	19.607429564210527	0.0	0.0	2	1.0100935505591422	-4.416809190388452	230.0	26	1.05	0.95				
	215	2	159.37320953473684	32.176294669473684	0.0	0.0	2	1.025025501283467	0.75523004883867	230.0	26	1.05	0.95				
	216	2	50.27546042105263	10.055092084210527	0.0	0.0	2	1.0252684528060974	0.8088728658677735	230.0	26	1.05	0.95				
	217	1	0.0	0.0	0.0	0.0	2	1.0289112494041879	1.672600260003994	230.0	27	1.05	0.95				
	218	2	167.41728320210527	34.18731308631579	0.0	0.0	2	1.0278876502623893	1.1342946231589597	230.0	27	1.05	0.95				
	219	1	90.99858336210526	18.601920355789474	0.0	0.0	2	1.0247763244351027	1.6139801317605225	230.0	25	1.05	0.95				
	220	1	64.35258933894737	13.071619709473683	0.0	0.0	2	1.0284573314174026	3.2909929666708733	230.0	25	1.05	0.95				
	221	2	0.0	0.0	0.0	0.0	2	1.030231059436351	1.8100749398371139	230.0	27	1.05	0.95				
	222	2	0.0	0.0	0.0	0.0	2	1.0499999982364159	8.248259587643682	230.0	27	1.05	0.95				
	223	2	0.0	0.0	0.0	0.0	2	1.0320532529788393	4.58927808027318	230.0	25	1.05	0.95				
	224	1	0.0	0.0	0.0	0.0	2	1.0086555236170291	-2.9798055985346807	230.0	26	1.05	0.95				
	301	2	48.89212275789474	9.959506487719299	0.0	0.0	3	1.0015000899912962	2.807776065175069	138.0	31	1.05	0.95				
	302	2	43.912369514035085	9.054096807017546	0.0	0.0	3	1.0014200085276832	2.7733403894581716	138.0	32	1.05	0.95				
	303	1	81.4868712631579	16.750079092982457	0.0	0.0	3	1.0144192635560054	5.190365165313249	138.0	31	1.05	0.95				
	304	1	33.500158185964914	6.790572605263158	0.0	0.0	3	1.0061597811305945	4.244231808829277	138.0	31	1.05	0.95				
	305	1	32.14204366491228	6.337867764912282	0.0	0.0	3	1.0192710348443441	4.233226700056288	138.0	31	1.05	0.95				
	306	1	61.567858287719304	12.675735529824564	0.0	-100.0	3	1.0379440758503813	4.487870890613108	138.0	32	1.05	0.95				
	307	2	56.58810504385965	11.31762100877193	0.0	0.0	3	0.9927534675295367	0.9399372689553761	138.0	32	1.05	0.95				
	308	1	77.4125277	15.844669412280702	0.0	0.0	3	1.0027930503716764	2.9222137146687492	138.0	32	1.05	0.95				
	309	1	79.22334706140352	16.29737425263158	0.0	0.0	3	1.0245325332622464	7.304536174437262	138.0	33	1.05	0.95				
	310	1	88.27744386842106	18.10819361403509	0.0	0.0	3	1.05	7.10659625433567	138.0	33	1.05	0.95				
	311	1	0.0	0.0	0.0	0.0	3	1.0061924880286675	11.999740290135803	230.0	33	1.05	0.95				
	312	1	0.0	0.0	0.0	0.0	3	1.0122733731373526	12.832721250385568	230.0	33	1.05	0.95				
	313	2	119.96678269298246	24.44606137894737	0.0	0.0	3	1.0171442511992541	18.253965635435467	230.0	34	1.05	0.95				
	314	2	87.82473902807017	17.655488773684212	0.0	0.0	3	1.001788297552035	11.37315749599417	230.0	36	1.05	0.95				
	315	2	143.5074343912281	28.97310978245614	0.0	0.0	3	1.0187641940447925	7.6576687258193195	230.0	36	1.05	0.95				
	316	2	45.27048403508772	9.054096807017546	0.0	0.0	3	1.0186796100718736	8.482725473875986	230.0	36	1.05	0.95				
	317	1	0.0	0.0	0.0	0.0	3	1.0239927590699884	8.200459050613764	230.0	37	1.05	0.95				
	318	2	150.75071183684213	30.783929143859652	0.0	0.0	3	1.0229718295422623	7.37514310117924	230.0	37	1.05	0.95				
	319	1	81.93957610350878	16.750079092982457	0.0	0.0	3	1.0191411498760692	10.617263809132737	230.0	35	1.05	0.95				
	320	1	57.94621956491228	11.770325849122807	0.0	0.0	3	1.0202820782376631	11.9759236382558	230.0	35	1.05	0.95				
	321	2	0.0	0.0	0.0	0.0	3	1.0235460383686041	8.033799305545053	230.0	37	1.05	0.95				
	322	2	0.0	0.0	0.0	0.0	3	1.0372220926208686	12.513317922023166	230.0	37	1.05	0.95				
	323	2	0.0	0.0	0.0	0.0	3	1.020688785673053	12.558366277041014	230.0	35	1.05	0.95				
	324	1	0.0	0.0	0.0	0.0	3	1.014128725626978	8.487092800802731	230.0	36	1.05	0.95				
	325	1	0.0	0.0	0.0	0.0	3	1.0237829457561747	12.438912457375965	230.0	35	1.05	0.95				
];
