%% MATPOWER Case Format : Version 2
function mpc = RTS_GMLC
mpc.version = '2';

%%-----  Power Flow Data  -----%%
%% system MVA base
mpc.baseMVA = 100.0;
%% bus data
%    bus_i    type    Pd    Qd    Gs    Bs    area    Vm    Va    baseKV    zone    Vmax    Vmin
mpc.bus = [
	101	2	78.84908461894736	16.061850570526314	0.0	0.0	1	1.0313774904679123	-2.5655195286611936	138.0	11	1.05	0.95				
	102	2	70.81815933368419	14.601682336842103	0.0	0.0	1	1.0313817049321017	-2.6275590401516387	138.0	12	1.05	0.95				
	103	1	131.41514103157894	27.01311232315789	0.0	0.0	1	1.0201903523918638	-3.2439208772349875	138.0	11	1.05	0.95				
	104	1	54.02622464631578	10.951261752631577	0.0	0.0	1	1.0161527130631771	-5.4767004068318395	138.0	11	1.05	0.95				
	105	1	51.83597229578947	10.221177635789473	0.0	0.0	1	1.030931702006005	-5.52755168610499	138.0	11	1.05	0.95				
	106	1	99.2914398905263	20.442355271578947	0.0	-100.0	1	1.0364688619341829	-7.849998096684575	138.0	12	1.05	0.95				
	107	2	91.26051460526314	18.25210292105263	0.0	0.0	1	1.05	-5.106958539736612	138.0	12	1.05	0.95				
	108	1	124.84438397999998	25.552944089473677	0.0	0.0	1	1.0262630092189513	-7.54443462204886	138.0	12	1.05	0.95				
	109	1	127.76472044736839	26.283028206315784	0.0	0.0	1	1.0268079643539991	-4.905892000555342	138.0	13	1.05	0.95				
	110	1	142.36640278421052	29.203364673684206	0.0	0.0	1	1.05	-6.219974893296862	138.0	13	1.05	0.95				
	111	1	0.0	0.0	0.0	0.0	1	1.012959000595138	-1.9117368701239803	230.0	13	1.05	0.95				
	112	1	0.0	0.0	0.0	0.0	1	1.0160364445723722	-1.032700191588284	230.0	13	1.05	0.95				
	113	3	193.47229096315786	39.42454230947368	0.0	0.0	1	1.0147874653717093	-2.0925821066707105e-27	230.0	14	1.05	0.95				
	114	2	141.63631866736839	28.473280556842102	0.0	0.0	1	1.014250970598344	0.12040156927954543	230.0	16	1.05	0.95				
	115	2	231.43666503894735	46.72538347789473	0.0	0.0	1	1.044582207147919	7.688857323668141	230.0	16	1.05	0.95				
	116	2	73.00841168421051	14.601682336842103	0.0	0.0	1	1.0426901018354968	7.377345788737194	230.0	16	1.05	0.95				
	117	1	0.0	0.0	0.0	0.0	1	1.0468805293924328	10.287923618287378	230.0	17	1.05	0.95				
	118	2	243.11801090842104	49.64571994526315	0.0	0.0	1	1.049065901114446	10.863131132605716	230.0	17	1.05	0.95				
	119	1	132.14522514842105	27.01311232315789	0.0	0.0	1	1.0371755399186762	6.190247294402568	230.0	15	1.05	0.95				
	120	1	93.45076695578946	18.982187037894736	0.0	0.0	1	1.038849274109142	6.53315587387751	230.0	15	1.05	0.95				
	121	2	0.0	0.0	0.0	0.0	1	1.05	11.463183784082217	230.0	17	1.05	0.95				
	122	2	0.0	0.0	0.0	0.0	1	1.05	17.78879411639119	230.0	17	1.05	0.95				
	123	2	0.0	0.0	0.0	0.0	1	1.0417887293829846	7.260819549477726	230.0	15	1.05	0.95				
	124	1	0.0	0.0	0.0	0.0	1	1.0217679228840562	3.647956934784273	230.0	16	1.05	0.95				
	201	2	91.6461514231579	18.66866047508772	0.0	0.0	2	1.05	-13.715227017161881	138.0	21	1.05	0.95				
	202	2	82.31182118561404	16.97150952280702	0.0	0.0	2	1.05	-13.763080474166124	138.0	22	1.05	0.95				
	203	1	152.74358570526317	31.397292617192985	0.0	0.0	2	1.02459707779199	-10.151773764692026	138.0	21	1.05	0.95				
	204	1	62.79458523438597	12.728632142105262	0.0	0.0	2	1.020665839548359	-15.651364607571042	138.0	21	1.05	0.95				
	205	1	60.248858805964915	11.880056665964913	0.0	0.0	2	1.0385432336137146	-16.132086605630082	138.0	21	1.05	0.95				
	206	1	115.40626475508773	23.760113331929826	0.0	-100.0	2	1.0368962952187346	-18.27106322387177	138.0	22	1.05	0.95				
	207	2	106.07193451754387	21.21438690350877	0.0	0.0	2	0.95	-29.27691309529137	138.0	22	1.05	0.95				
	208	1	145.10640641999998	29.700141664912277	0.0	0.0	2	0.9546805046511181	-25.840424376981968	138.0	22	1.05	0.95				
	209	1	148.5007083245614	30.548717141052634	0.0	0.0	2	1.0239450521902758	-13.796925887828975	138.0	23	1.05	0.95				
	210	1	165.47221784736843	33.94301904561404	0.0	0.0	2	1.0487996361933727	-15.960633805437627	138.0	23	1.05	0.95				
	211	1	0.0	0.0	0.0	0.0	2	1.0313408450912227	-8.434047542685576	230.0	23	1.05	0.95				
	212	1	0.0	0.0	0.0	0.0	2	1.022430137610987	-7.073654952490411	230.0	23	1.05	0.95				
	213	2	224.872501177193	45.82307571157895	0.0	0.0	2	1.05	-4.175277100125107	230.0	24	1.05	0.95				
	214	2	164.62364237122807	33.09444356947368	0.0	0.0	2	1.05	-6.015601179765703	230.0	26	1.05	0.95				
	215	2	268.99842593649123	54.308830472982464	0.0	0.0	2	1.043838750821248	2.8724271918595194	230.0	26	1.05	0.95				
	216	2	84.85754761403508	16.97150952280702	0.0	0.0	2	1.0482468511682546	2.670072850122256	230.0	26	1.05	0.95				
	217	1	0.0	0.0	0.0	0.0	2	1.0489536739748813	5.972965689771999	230.0	27	1.05	0.95				
	218	2	282.5756335547369	57.70313237754387	0.0	0.0	2	1.05	6.578552209382558	230.0	27	1.05	0.95				
	219	1	153.5921611814035	31.397292617192985	0.0	0.0	2	1.0426544971023608	2.120231383899429	230.0	25	1.05	0.95				
	220	1	108.61766094596493	22.06296237964912	0.0	0.0	2	1.0455428188938585	3.2284768575022147	230.0	25	1.05	0.95				
	221	2	0.0	0.0	0.0	0.0	2	1.05	7.070952259024461	230.0	27	1.05	0.95				
	222	2	0.0	0.0	0.0	0.0	2	1.05	13.152053775914153	230.0	27	1.05	0.95				
	223	2	0.0	0.0	0.0	0.0	2	1.05	4.450950510726923	230.0	25	1.05	0.95				
	224	1	0.0	0.0	0.0	0.0	2	1.0201439218956565	-1.9700804416982562	230.0	26	1.05	0.95				
	301	2	67.37614677473685	13.724770639298248	0.0	0.0	3	1.009596134238682	-16.609309034220473	138.0	31	1.05	0.95				
	302	2	60.513761455087725	12.47706421754386	0.0	0.0	3	1.0086784756765799	-16.828847234248062	138.0	32	1.05	0.95				
	303	1	112.29357795789474	23.08256880245614	0.0	0.0	3	1.0209035352659235	-10.262473739672549	138.0	31	1.05	0.95				
	304	1	46.16513760491228	9.357798163157895	0.0	0.0	3	1.0064791455990578	-15.18198560856963	138.0	31	1.05	0.95				
	305	1	44.2935779722807	8.733944952280703	0.0	0.0	3	1.0211387235683436	-15.711041217999448	138.0	31	1.05	0.95				
	306	1	84.84403667929826	17.467889904561407	0.0	-100.0	3	1.0347147421579879	-15.907165452450311	138.0	32	1.05	0.95				
	307	2	77.98165135964913	15.596330271929826	0.0	0.0	3	1.0058977313506032	-17.61395638376763	138.0	32	1.05	0.95				
	308	1	106.67889906	21.834862380701754	0.0	0.0	3	1.0027958477318248	-17.12320332902957	138.0	32	1.05	0.95				
	309	1	109.17431190350877	22.458715591578947	0.0	0.0	3	1.0261979169215343	-11.283402210338025	138.0	33	1.05	0.95				
	310	1	121.65137612105264	24.95412843508772	0.0	0.0	3	1.05	-12.81098346395599	138.0	33	1.05	0.95				
	311	1	0.0	0.0	0.0	0.0	3	1.0153901615272236	-6.2137921710768556	230.0	33	1.05	0.95				
	312	1	0.0	0.0	0.0	0.0	3	1.0161437532909785	-5.664604204999025	230.0	33	1.05	0.95				
	313	2	165.32110088245616	33.688073387368426	0.0	0.0	3	1.0228106737121179	-2.2260993123258928	230.0	34	1.05	0.95				
	314	2	121.02752291017545	24.330275224210528	0.0	0.0	3	1.0234885208944506	-3.893956698064667	230.0	36	1.05	0.95				
	315	2	197.7614678480702	39.926605496140354	0.0	0.0	3	1.045016385665767	0.8462771213605644	230.0	36	1.05	0.95				
	316	2	62.385321087719305	12.47706421754386	0.0	0.0	3	1.0419130536499914	0.5873706403693236	230.0	36	1.05	0.95				
	317	1	0.0	0.0	0.0	0.0	3	1.0461064558105342	2.6127200160822603	230.0	37	1.05	0.95				
	318	2	207.74311922210526	42.42201833964913	0.0	0.0	3	1.0469854811883448	2.7151356839879113	230.0	37	1.05	0.95				
	319	1	112.91743116877193	23.08256880245614	0.0	0.0	3	1.037360359789022	0.11546541510268198	230.0	35	1.05	0.95				
	320	1	79.85321099228071	16.22018348280702	0.0	0.0	3	1.0371556277531175	0.3294583332377716	230.0	35	1.05	0.95				
	321	2	0.0	0.0	0.0	0.0	3	1.0499999858504472	4.00604355318392	230.0	37	1.05	0.95				
	322	2	0.0	0.0	0.0	0.0	3	1.05	9.233865694110333	230.0	37	1.05	0.95				
	323	2	0.0	0.0	0.0	0.0	3	1.0381932512359182	0.7858076124044103	230.0	35	1.05	0.95				
	324	1	0.0	0.0	0.0	0.0	3	1.0235685649272692	-2.255796359879813	230.0	36	1.05	0.95				
	325	1	0.0	0.0	0.0	0.0	3	1.0368078852036675	1.6840066346174587	230.0	35	1.05	0.95				
];
