%% MATPOWER Case Format : Version 2
function mpc = RTS_GMLC
mpc.version = '2';

%%-----  Power Flow Data  -----%%
%% system MVA base
mpc.baseMVA = 100.0;
%% bus data
%    bus_i    type    Pd    Qd    Gs    Bs    area    Vm    Va    baseKV    zone    Vmax    Vmin
mpc.bus = [
	101	2	55.242454244210535	11.25309253122807	0.0	0.0	1	1.033537383679989	1.1573526039121864	138.0	11	1.05	0.95				
	102	2	49.61590797859649	10.230084119298247	0.0	0.0	1	1.0331042812681182	1.0120322810593596	138.0	12	1.05	0.95				
	103	1	92.07075707368422	18.925655620701757	0.0	0.0	1	1.0253029405765872	-0.49947084241039863	138.0	11	1.05	0.95				
	104	1	37.851311241403515	7.672563089473685	0.0	0.0	1	1.0200308668936393	-2.062430829403362	138.0	11	1.05	0.95				
	105	1	36.316798623508774	7.1610588835087725	0.0	0.0	1	1.0348625189070175	-1.901300238749355	138.0	11	1.05	0.95				
	106	1	69.56457201122808	14.322117767017545	0.0	-100.0	1	1.0431376624485196	-4.124590883181493	138.0	12	1.05	0.95				
	107	2	63.938025745614034	12.787605149122808	0.0	0.0	1	1.0183662378513565	-5.3491195194507455	138.0	12	1.05	0.95				
	108	1	87.46721922	17.90264720877193	0.0	0.0	1	1.0136938963322983	-5.947169873590183	138.0	12	1.05	0.95				
	109	1	89.51323604385965	18.414151414736843	0.0	0.0	1	1.0251371830590295	-2.5072618365340036	138.0	13	1.05	0.95				
	110	1	99.7433201631579	20.460168238596495	0.0	0.0	1	1.05	-3.3904067835208944	138.0	13	1.05	0.95				
	111	1	0.0	0.0	0.0	0.0	1	1.005538764820854	-0.6060897359781446	230.0	13	1.05	0.95				
	112	1	0.0	0.0	0.0	0.0	1	1.0102771314912744	-0.026888684398777313	230.0	13	1.05	0.95				
	113	3	135.54861458070175	27.621227122105267	0.0	0.0	1	1.000004051173321	1.0612988067989765e-28	230.0	14	1.05	0.95				
	114	2	99.23181595719298	19.94866403263158	0.0	0.0	1	1.0025672308471811	1.3251596951914557	230.0	16	1.05	0.95				
	115	2	162.1468332908772	32.73626918175439	0.0	0.0	1	1.0365406341868963	7.43754677232887	230.0	16	1.05	0.95				
	116	2	51.15042059649123	10.230084119298247	0.0	0.0	1	1.0333169837397778	7.075228269502051	230.0	16	1.05	0.95				
	117	1	0.0	0.0	0.0	0.0	1	1.0396596656195496	9.058462776392217	230.0	17	1.05	0.95				
	118	2	170.3309005863158	34.78228600561404	0.0	0.0	1	1.0414805618478404	9.074986254304175	230.0	17	1.05	0.95				
	119	1	92.58226127964913	18.925655620701757	0.0	0.0	1	1.02798632465966	6.12870241711746	230.0	15	1.05	0.95				
	120	1	65.47253836350878	13.29910935508772	0.0	0.0	1	1.0272837954443321	6.294432615404679	230.0	15	1.05	0.95				
	121	2	0.0	0.0	0.0	0.0	1	1.0449309557542774	10.264290215951823	230.0	17	1.05	0.95				
	122	2	0.0	0.0	0.0	0.0	1	1.05	16.944464200210277	230.0	17	1.05	0.95				
	123	2	0.0	0.0	0.0	0.0	1	1.0278763271004607	6.777012254326513	230.0	15	1.05	0.95				
	124	1	0.0	0.0	0.0	0.0	1	1.0222068808925686	4.4716205268626394	230.0	16	1.05	0.95				
	201	2	57.221470155789476	11.656225402105264	0.0	0.0	2	1.0316942625591883	-8.2935878754856	138.0	21	1.05	0.95				
	202	2	51.393357454736844	10.596568547368422	0.0	0.0	2	1.03207667946053	-8.292264322426378	138.0	22	1.05	0.95				
	203	1	95.36911692631578	19.60365181263158	0.0	0.0	2	1.021747947531387	-6.985251391418532	138.0	21	1.05	0.95				
	204	1	39.20730362526316	7.947426410526316	0.0	0.0	2	1.0187045359952434	-10.43050078112305	138.0	21	1.05	0.95				
	205	1	37.61781834315789	7.417597983157896	0.0	0.0	2	1.0340845117755113	-10.669323306301663	138.0	21	1.05	0.95				
	206	1	72.05666612210527	14.835195966315792	0.0	-100.0	2	1.0427634823946157	-12.499109414121712	138.0	22	1.05	0.95				
	207	2	66.22855342105262	13.245710684210527	0.0	0.0	2	0.9895176335672258	-20.441362753395364	138.0	22	1.05	0.95				
	208	1	90.60066108	18.543994957894736	0.0	0.0	2	0.9925496594996275	-17.95338258329074	138.0	22	1.05	0.95				
	209	1	92.7199747894737	19.073823385263157	0.0	0.0	2	1.0235963356089532	-10.025290257701434	138.0	23	1.05	0.95				
	210	1	103.3165433368421	21.193137094736844	0.0	0.0	2	1.05	-11.399969793414686	138.0	23	1.05	0.95				
	211	1	0.0	0.0	0.0	0.0	2	1.0107494053786852	-6.999510265584988	230.0	23	1.05	0.95				
	212	1	0.0	0.0	0.0	0.0	2	1.0114139172876964	-6.223706872572306	230.0	23	1.05	0.95				
	213	2	140.40453325263158	28.610735077894738	0.0	0.0	2	1.0077280792443608	-5.868749216359986	230.0	24	1.05	0.95				
	214	2	102.78671490947369	20.663308667368423	0.0	0.0	2	1.015975559544317	-4.219354044034203	230.0	26	1.05	0.95				
	215	2	167.95561147578948	33.90901935157895	0.0	0.0	2	1.031755957580893	2.9527035689777894	230.0	26	1.05	0.95				
	216	2	52.98284273684211	10.596568547368422	0.0	0.0	2	1.0337216109935738	2.9358157493208195	230.0	26	1.05	0.95				
	217	1	0.0	0.0	0.0	0.0	2	1.0381478421102768	5.796122074799214	230.0	27	1.05	0.95				
	218	2	176.43286631368423	36.028333061052635	0.0	0.0	2	1.0398152043992273	6.2835629416774434	230.0	27	1.05	0.95				
	219	1	95.89894535368421	19.60365181263158	0.0	0.0	2	1.0324497354116118	2.289811259250158	230.0	25	1.05	0.95				
	220	1	67.8180387031579	13.775539111578949	0.0	0.0	2	1.0353884783287093	2.746159145898626	230.0	25	1.05	0.95				
	221	2	0.0	0.0	0.0	0.0	2	1.03953916159409	5.930429181497378	230.0	27	1.05	0.95				
	222	2	0.0	0.0	0.0	0.0	2	1.05	12.379407432084648	230.0	27	1.05	0.95				
	223	2	0.0	0.0	0.0	0.0	2	1.038118611305999	3.392832211090035	230.0	25	1.05	0.95				
	224	1	0.0	0.0	0.0	0.0	2	1.0156974810928827	-0.7705553512153691	230.0	26	1.05	0.95				
	301	2	42.70800380210527	8.699778552280703	0.0	0.0	3	1.0093893955964561	-13.34130850518336	138.0	31	1.05	0.95				
	302	2	38.358114525964915	7.908889592982457	0.0	0.0	3	1.0093110596515327	-13.445617722811997	138.0	32	1.05	0.95				
	303	1	71.18000633684211	14.631445747017544	0.0	0.0	3	1.0245450336428636	-8.203194197038886	138.0	31	1.05	0.95				
	304	1	29.262891494035088	5.931667194736842	0.0	0.0	3	1.0119296786298662	-12.057232840548401	138.0	31	1.05	0.95				
	305	1	28.07655805508772	5.53622271508772	0.0	0.0	3	1.024692070930877	-12.904072681487113	138.0	31	1.05	0.95				
	306	1	53.780449232280716	11.07244543017544	0.0	-100.0	3	1.0417374636339172	-13.14165376423867	138.0	32	1.05	0.95				
	307	2	49.43055995614035	9.88611199122807	0.0	0.0	3	0.9928717804487759	-17.246563041780483	138.0	32	1.05	0.95				
	308	1	67.62100602000001	13.840556787719299	0.0	0.0	3	1.0007960057408394	-15.500050278364146	138.0	32	1.05	0.95				
	309	1	69.2027839385965	14.23600126736842	0.0	0.0	3	1.0261419757970922	-9.299842201988957	138.0	33	1.05	0.95				
	310	1	77.11167353157894	15.817779185964914	0.0	0.0	3	1.05	-11.192313184889466	138.0	33	1.05	0.95				
	311	1	0.0	0.0	0.0	0.0	3	1.0054201725547354	-5.930704878301235	230.0	33	1.05	0.95				
	312	1	0.0	0.0	0.0	0.0	3	1.0095779046983022	-5.589006852080289	230.0	33	1.05	0.95				
	313	2	104.79278710701753	21.354001901052634	0.0	0.0	3	1.0077708419655995	-2.693976790755555	230.0	34	1.05	0.95				
	314	2	76.71622905192983	15.422334706315791	0.0	0.0	3	1.0018690772621168	-4.3145678986104645	230.0	36	1.05	0.95				
	315	2	125.35590004877193	25.308446697543864	0.0	0.0	3	1.0302434710914756	-0.05226767887849063	230.0	36	1.05	0.95				
	316	2	39.54444796491228	7.908889592982457	0.0	0.0	3	1.0280490607061388	0.29397398754700266	230.0	36	1.05	0.95				
	317	1	0.0	0.0	0.0	0.0	3	1.03543670688529	1.8514258722798718	230.0	37	1.05	0.95				
	318	2	131.6830117231579	26.890224616140358	0.0	0.0	3	1.0357021310357821	1.8462522005039388	230.0	37	1.05	0.95				
	319	1	71.57545081649124	14.631445747017544	0.0	0.0	3	1.0222928644284037	-0.6710739143772906	230.0	35	1.05	0.95				
	320	1	50.61689339508773	10.281556470877193	0.0	0.0	3	1.0199137020223783	-0.7357977217398407	230.0	35	1.05	0.95				
	321	2	0.0	0.0	0.0	0.0	3	1.0378892143615654	2.5599670380605497	230.0	37	1.05	0.95				
	322	2	0.0	0.0	0.0	0.0	3	1.0499999068089143	6.588805544807844	230.0	37	1.05	0.95				
	323	2	0.0	0.0	0.0	0.0	3	1.019014349526454	-0.4611922792408637	230.0	35	1.05	0.95				
	324	1	0.0	0.0	0.0	0.0	3	1.0178255954650035	-3.1170266568061926	230.0	36	1.05	0.95				
	325	1	0.0	0.0	0.0	0.0	3	1.0187954714834229	0.46003114684227436	230.0	35	1.05	0.95				
];
