%% MATPOWER Case Format : Version 2
function mpc = RTS_GMLC
mpc.version = '2';

%%-----  Power Flow Data  -----%%
%% system MVA base
mpc.baseMVA = 100.0;
%% bus data
%    bus_i    type    Pd    Qd    Gs    Bs    area    Vm    Va    baseKV    zone    Vmax    Vmin
mpc.bus = [
	101	2	60.05195446736843	12.232805539649123	0.0	0.0	1	1.0353070531053803	0.9262001004174889	138.0	11	1.05	0.95				
	102	2	53.93555169754386	11.120732308771931	0.0	0.0	1	1.0352894584632053	0.8795966331730876	138.0	12	1.05	0.95				
	103	1	100.08659077894737	20.573354771228068	0.0	0.0	1	1.023639697757501	-1.2501459990880068	138.0	11	1.05	0.95				
	104	1	41.146709542456136	8.340549231578947	0.0	0.0	1	1.0201432080422215	-2.4507536268527446	138.0	11	1.05	0.95				
	105	1	39.47859969614035	7.7845126161403515	0.0	0.0	1	1.0350835380343448	-2.279557218902712	138.0	11	1.05	0.95				
	106	1	75.62097969964913	15.569025232280703	0.0	-100.0	1	1.0422706354857585	-4.595680612741275	138.0	12	1.05	0.95				
	107	2	69.50457692982457	13.900915385964913	0.0	0.0	1	1.0296674474359917	-4.117270085285704	138.0	12	1.05	0.95				
	108	1	95.08226124	19.46128154035088	0.0	0.0	1	1.0192166533559863	-5.5415209702129475	138.0	12	1.05	0.95				
	109	1	97.30640770175438	20.017318155789475	0.0	0.0	1	1.0253235802537999	-2.934490993801233	138.0	13	1.05	0.95				
	110	1	108.42714001052632	22.241464617543862	0.0	0.0	1	1.05	-3.7850647737730765	138.0	13	1.05	0.95				
	111	1	0.0	0.0	0.0	0.0	1	1.005818325153978	-1.0092971344794504	230.0	13	1.05	0.95				
	112	1	0.0	0.0	0.0	0.0	1	1.0110187553129584	-0.3436913725578353	230.0	13	1.05	0.95				
	113	3	147.3497030912281	30.025977233684216	0.0	0.0	1	1.0017048757010159	1.3621442472177626e-26	230.0	14	1.05	0.95				
	114	2	107.87110339508772	21.685428002105265	0.0	0.0	1	1.0017458552692229	0.5762560372882669	230.0	16	1.05	0.95				
	115	2	176.26360709403508	35.586343388070176	0.0	0.0	1	1.035760806457811	6.569951510471056	230.0	16	1.05	0.95				
	116	2	55.60366154385965	11.120732308771931	0.0	0.0	1	1.0323879872830422	6.135779322451507	230.0	16	1.05	0.95				
	117	1	0.0	0.0	0.0	0.0	1	1.0388099387977732	7.970422398213562	230.0	17	1.05	0.95				
	118	2	185.16019294105263	37.81048984982456	0.0	0.0	1	1.0403009354359283	7.983389858805154	230.0	17	1.05	0.95				
	119	1	100.64262739438597	20.573354771228068	0.0	0.0	1	1.0270297179326808	5.2032098677441905	230.0	15	1.05	0.95				
	120	1	71.17268677614035	14.456952001403508	0.0	0.0	1	1.0268296028768977	5.468185602461951	230.0	15	1.05	0.95				
	121	2	0.0	0.0	0.0	0.0	1	1.0438415937858545	9.260186833325177	230.0	17	1.05	0.95				
	122	2	0.0	0.0	0.0	0.0	1	1.05	15.281106687731546	230.0	17	1.05	0.95				
	123	2	0.0	0.0	0.0	0.0	1	1.0279368978815018	6.038349955616886	230.0	15	1.05	0.95				
	124	1	0.0	0.0	0.0	0.0	1	1.02122482055919	3.650956683549332	230.0	16	1.05	0.95				
	201	2	62.54242090105263	12.74012277614035	0.0	0.0	2	1.0330158863954462	-9.784644561540631	138.0	21	1.05	0.95				
	202	2	56.17235951298245	11.58192979649123	0.0	0.0	2	1.0331982892696028	-9.858206893683466	138.0	22	1.05	0.95				
	203	1	104.23736816842106	21.426570123508775	0.0	0.0	2	1.0230396630591518	-7.896353405614272	138.0	21	1.05	0.95				
	204	1	42.85314024701755	8.686447347368421	0.0	0.0	2	1.0183592905377556	-12.107225063519609	138.0	21	1.05	0.95				
	205	1	41.11585077754386	8.10735085754386	0.0	0.0	2	1.033996918868462	-12.37432376521062	138.0	21	1.05	0.95				
	206	1	78.75712261614036	16.21470171508772	0.0	-100.0	2	1.0415285953301434	-14.377903425504599	138.0	22	1.05	0.95				
	207	2	72.38706122807017	14.477412245614035	0.0	0.0	2	0.9883595804767309	-23.126309676792694	138.0	22	1.05	0.95				
	208	1	99.02549976	20.26837714385965	0.0	0.0	2	0.9896207958278123	-20.36235056471776	138.0	22	1.05	0.95				
	209	1	101.34188571929825	20.84747363368421	0.0	0.0	2	1.023857232533699	-11.59742237202064	138.0	23	1.05	0.95				
	210	1	112.92381551578947	23.16385959298246	0.0	0.0	2	1.05	-13.171531613387296	138.0	23	1.05	0.95				
	211	1	0.0	0.0	0.0	0.0	2	1.0138328222781088	-8.44614645758952	230.0	23	1.05	0.95				
	212	1	0.0	0.0	0.0	0.0	2	1.0138269985280939	-7.480595844060154	230.0	23	1.05	0.95				
	213	2	153.46056980350878	31.271210450526315	0.0	0.0	2	1.0134506321259324	-7.144343674324304	230.0	24	1.05	0.95				
	214	2	112.3447190259649	22.584763103157897	0.0	0.0	2	1.0204928878748392	-5.624208101249678	230.0	26	1.05	0.95				
	215	2	183.57358727438597	37.06217534877193	0.0	0.0	2	1.0336643807411758	1.9479448251528126	230.0	26	1.05	0.95				
	216	2	57.90964898245614	11.58192979649123	0.0	0.0	2	1.036474315401847	1.902409838719193	230.0	26	1.05	0.95				
	217	1	0.0	0.0	0.0	0.0	2	1.0395830877308174	4.729511271899673	230.0	27	1.05	0.95				
	218	2	192.83913111157895	39.37856130807018	0.0	0.0	2	1.0409648566612582	5.144178785836154	230.0	27	1.05	0.95				
	219	1	104.81646465824561	21.426570123508775	0.0	0.0	2	1.0365423576279427	1.4682073312185029	230.0	25	1.05	0.95				
	220	1	74.12435069754386	15.056508735438598	0.0	0.0	2	1.0411807352927436	2.1924808010792556	230.0	25	1.05	0.95				
	221	2	0.0	0.0	0.0	0.0	2	1.0407499468896877	4.837681077000582	230.0	27	1.05	0.95				
	222	2	0.0	0.0	0.0	0.0	2	1.05	11.298244198318448	230.0	27	1.05	0.95				
	223	2	0.0	0.0	0.0	0.0	2	1.0451505078033714	3.0149912824652363	230.0	25	1.05	0.95				
	224	1	0.0	0.0	0.0	0.0	2	1.017463627568334	-1.7378397610391132	230.0	26	1.05	0.95				
	301	2	46.51755771789474	9.475798794385964	0.0	0.0	3	1.0110642508940426	-10.794683368337239	138.0	31	1.05	0.95				
	302	2	41.77965832070175	8.614362540350879	0.0	0.0	3	1.0105978929887498	-11.023479680632583	138.0	32	1.05	0.95				
	303	1	77.5292628631579	15.936570699649122	0.0	0.0	3	1.0411509685881781	-1.6080848736176787	138.0	31	1.05	0.95				
	304	1	31.873141399298245	6.460771905263157	0.0	0.0	3	1.0120096148209552	-9.840034646557298	138.0	31	1.05	0.95				
	305	1	30.580987018245615	6.030053778245615	0.0	0.0	3	1.0252209688164935	-11.072176465547267	138.0	31	1.05	0.95				
	306	1	58.57766527438597	12.06010755649123	0.0	-100.0	3	1.041032709929111	-11.746034818274213	138.0	32	1.05	0.95				
	307	2	53.83976587719298	10.767953175438597	0.0	0.0	3	0.9919624032821734	-16.24013164127232	138.0	32	1.05	0.95				
	308	1	73.65279971999999	15.075134445614033	0.0	0.0	3	0.9988026695832777	-14.304197552090198	138.0	32	1.05	0.95				
	309	1	75.37567222807017	15.505852572631579	0.0	0.0	3	1.0263877156951922	-7.105370021198276	138.0	33	1.05	0.95				
	310	1	83.99003476842105	17.228725080701757	0.0	0.0	3	1.05	-9.96204383121717	138.0	33	1.05	0.95				
	311	1	0.0	0.0	0.0	0.0	3	1.0079067363620735	-4.9657676062130784	230.0	33	1.05	0.95				
	312	1	0.0	0.0	0.0	0.0	3	1.0117889956687354	-4.565719290490535	230.0	33	1.05	0.95				
	313	2	114.1403036596491	23.25877885894737	0.0	0.0	3	1.0096325859598296	-2.0026767607166938	230.0	34	1.05	0.95				
	314	2	83.5593166414035	16.79800695368421	0.0	0.0	3	1.004826568429668	-3.8747259881416816	230.0	36	1.05	0.95				
	315	2	136.5376462645614	27.565960129122807	0.0	0.0	3	1.0346630015208944	0.4576513845799485	230.0	36	1.05	0.95				
	316	2	43.07181270175439	8.614362540350879	0.0	0.0	3	1.0306934210524457	0.22795057219642645	230.0	36	1.05	0.95				
	317	1	0.0	0.0	0.0	0.0	3	1.0379700337107793	1.8087997786561536	230.0	37	1.05	0.95				
	318	2	143.4291362968421	29.288832637192986	0.0	0.0	3	1.0390555586251295	1.9645285503372547	230.0	37	1.05	0.95				
	319	1	77.95998099017544	15.936570699649122	0.0	0.0	3	1.0240425502549377	-0.7262551164600208	230.0	35	1.05	0.95				
	320	1	55.131920258245614	11.198671302456141	0.0	0.0	3	1.0212812224686592	-0.7169047104942599	230.0	35	1.05	0.95				
	321	2	0.0	0.0	0.0	0.0	3	1.0414613335060945	2.965167490065943	230.0	37	1.05	0.95				
	322	2	0.0	0.0	0.0	0.0	3	1.05	6.828327022896741	230.0	37	1.05	0.95				
	323	2	0.0	0.0	0.0	0.0	3	1.0203462538101966	-0.3754731021876479	230.0	35	1.05	0.95				
	324	1	0.0	0.0	0.0	0.0	3	1.031931922863873	-0.32763599322077497	230.0	36	1.05	0.95				
	325	1	0.0	0.0	0.0	0.0	3	1.020383599769322	0.4518744720890606	230.0	35	1.05	0.95				
];
