%% MATPOWER Case Format : Version 2
function mpc = RTS_GMLC
mpc.version = '2';

%%-----  Power Flow Data  -----%%
%% system MVA base
mpc.baseMVA = 100.0;
%% bus data
%    bus_i    type    Pd    Qd    Gs    Bs    area    Vm    Va    baseKV    zone    Vmax    Vmin
mpc.bus = [
	101	2	99.1425037263158	20.19569520350877	0.0	0.0	1	1.0386124671795942	-7.066019109412257	138.0	11	1.05	0.95				
	102	2	89.0446561245614	18.359722912280702	0.0	0.0	1	1.0385146771681777	-7.148062235463791	138.0	12	1.05	0.95				
	103	1	165.2375062105263	33.96548738771929	0.0	0.0	1	1.0136422981900917	-7.232982915011422	138.0	11	1.05	0.95				
	104	1	67.93097477543859	13.769792184210525	0.0	0.0	1	1.0165406825050818	-9.487681313919353	138.0	11	1.05	0.95				
	105	1	65.17701633859649	12.851806038596491	0.0	0.0	1	1.0322218493660926	-9.736295903590236	138.0	11	1.05	0.95				
	106	1	124.84611580350877	25.703612077192982	0.0	-100.0	1	1.0327741698712471	-12.067367010145146	138.0	12	1.05	0.95				
	107	2	114.74826820175439	22.949653640350874	0.0	0.0	1	1.05	-6.407857125843428	138.0	12	1.05	0.95				
	108	1	156.9756309	32.129515096491225	0.0	0.0	1	1.0203673220530425	-10.23729236949569	138.0	12	1.05	0.95				
	109	1	160.64757548245612	33.04750124210526	0.0	0.0	1	1.0272275459361284	-7.972331910890392	138.0	13	1.05	0.95				
	110	1	179.00729839473684	36.719445824561404	0.0	0.0	1	1.05	-9.564582297488313	138.0	13	1.05	0.95				
	111	1	0.0	0.0	0.0	0.0	1	1.0219677741263413	-3.8612168612787507	230.0	13	1.05	0.95				
	112	1	0.0	0.0	0.0	0.0	1	1.0207340377334058	-2.425842257031795	230.0	13	1.05	0.95				
	113	3	243.26632858771927	49.5712518631579	0.0	0.0	1	1.032420910937632	-3.125408544903246e-30	230.0	14	1.05	0.95				
	114	2	178.0893122491228	35.80145967894737	0.0	0.0	1	1.0297622614627289	-2.4113272125029996	230.0	16	1.05	0.95				
	115	2	291.0016081596491	58.75111331929824	0.0	0.0	1	1.0431571962702795	5.44178280334804	230.0	16	1.05	0.95				
	116	2	91.7986145614035	18.359722912280702	0.0	0.0	1	1.0451776008033051	5.268813175961252	230.0	16	1.05	0.95				
	117	1	0.0	0.0	0.0	0.0	1	1.0478849221693673	8.35069174206178	230.0	17	1.05	0.95				
	118	2	305.6893864894737	62.42305790175438	0.0	0.0	1	1.0496634051547034	8.971824901502789	230.0	17	1.05	0.95				
	119	1	166.15549235614034	33.96548738771929	0.0	0.0	1	1.0401817710692223	4.575855194700159	230.0	15	1.05	0.95				
	120	1	117.50222663859648	23.86763978596491	0.0	0.0	1	1.0444416813649815	5.69100783397825	230.0	15	1.05	0.95				
	121	2	0.0	0.0	0.0	0.0	1	1.05	10.049661042730149	230.0	17	1.05	0.95				
	122	2	0.0	0.0	0.0	0.0	1	1.05	16.232498006799783	230.0	17	1.05	0.95				
	123	2	0.0	0.0	0.0	0.0	1	1.05	6.965636206932205	230.0	15	1.05	0.95				
	124	1	0.0	0.0	0.0	0.0	1	1.0161452761297824	0.7749502644955437	230.0	16	1.05	0.95				
	201	2	96.03211081263159	19.562096647017544	0.0	0.0	2	1.05	-14.103240754623961	138.0	21	1.05	0.95				
	202	2	86.25106248912282	17.783724224561404	0.0	0.0	2	1.05	-14.147782079794352	138.0	22	1.05	0.95				
	203	1	160.05351802105264	32.8998898154386	0.0	0.0	2	1.0234584145401897	-10.445273199416189	138.0	21	1.05	0.95				
	204	1	65.7997796308772	13.337793168421053	0.0	0.0	2	1.0186978623410927	-15.834349263924341	138.0	21	1.05	0.95				
	205	1	63.13222099719298	12.448606957192984	0.0	0.0	2	1.0366233677850554	-16.338982795337838	138.0	21	1.05	0.95				
	206	1	120.92932472701756	24.89721391438597	0.0	-100.0	2	1.0335047975013325	-18.417807655583843	138.0	22	1.05	0.95				
	207	2	111.14827640350877	22.229655280701756	0.0	0.0	2	0.95	-28.48127215596759	138.0	22	1.05	0.95				
	208	1	152.05084212	31.121517392982454	0.0	0.0	2	0.9529704605097892	-25.494296042573854	138.0	22	1.05	0.95				
	209	1	155.6075869649123	32.010703604210526	0.0	0.0	2	1.02196756506204	-13.63707583111507	138.0	23	1.05	0.95				
	210	1	173.3913111894737	35.56744844912281	0.0	0.0	2	1.045963177342311	-15.846561216579778	138.0	23	1.05	0.95				
	211	1	0.0	0.0	0.0	0.0	2	1.0298787370165456	-7.937400713110308	230.0	23	1.05	0.95				
	212	1	0.0	0.0	0.0	0.0	2	1.019915809934938	-6.405056548435047	230.0	23	1.05	0.95				
	213	2	235.6343459754386	48.01605540631579	0.0	0.0	2	1.05	-3.2523020088606125	230.0	24	1.05	0.95				
	214	2	172.50212497824563	34.678262237894735	0.0	0.0	2	1.05	-5.569040837347746	230.0	26	1.05	0.95				
	215	2	281.87202895929823	56.9079175185965	0.0	0.0	2	1.0456502971147403	3.486405393082979	230.0	26	1.05	0.95				
	216	2	88.91862112280702	17.783724224561404	0.0	0.0	2	1.0490414698402946	3.2940074841956157	230.0	26	1.05	0.95				
	217	1	0.0	0.0	0.0	0.0	2	1.05	6.492864357366425	230.0	27	1.05	0.95				
	218	2	296.0990083389474	60.46466236350878	0.0	0.0	2	1.049912549749838	7.177584037685764	230.0	27	1.05	0.95				
	219	1	160.9427042322807	32.8998898154386	0.0	0.0	2	1.042615534413026	2.964240300205319	230.0	25	1.05	0.95				
	220	1	113.815835037193	23.118841491929825	0.0	0.0	2	1.045304434800656	4.339501636049711	230.0	25	1.05	0.95				
	221	2	0.0	0.0	0.0	0.0	2	1.05	7.827693827371162	230.0	27	1.05	0.95				
	222	2	0.0	0.0	0.0	0.0	2	1.05	13.815852581673633	230.0	27	1.05	0.95				
	223	2	0.0	0.0	0.0	0.0	2	1.05	5.7371837859193455	230.0	25	1.05	0.95				
	224	1	0.0	0.0	0.0	0.0	2	1.0195113750055635	-1.680957576593091	230.0	26	1.05	0.95				
	301	2	77.16482124631578	15.71875988350877	0.0	0.0	3	1.0152241887342006	-9.459885290058152	138.0	31	1.05	0.95				
	302	2	69.3054413045614	14.2897817122807	0.0	0.0	3	1.0135474631126709	-9.858078469141184	138.0	32	1.05	0.95				
	303	1	128.6080354105263	26.4360961677193	0.0	0.0	3	1.0384974923103607	0.48150533457308475	138.0	31	1.05	0.95				
	304	1	52.8721923354386	10.717336284210525	0.0	0.0	3	1.0077829547459138	-8.43453360098473	138.0	31	1.05	0.95				
	305	1	50.72872507859648	10.002847198596491	0.0	0.0	3	1.0230641852179754	-9.35615261232907	138.0	31	1.05	0.95				
	306	1	97.17051564350876	20.005694397192983	0.0	-100.0	3	1.033299171489037	-10.089201687444518	138.0	32	1.05	0.95				
	307	2	89.31113570175438	17.862227140350875	0.0	0.0	3	1.004610680260541	-12.375357593171433	138.0	32	1.05	0.95				
	308	1	122.17763363999998	25.007117996491225	0.0	0.0	3	0.9990166947114397	-11.685245266703955	138.0	32	1.05	0.95				
	309	1	125.03558998245612	25.72160708210526	0.0	0.0	3	1.0278968347436663	-4.353534415256545	138.0	33	1.05	0.95				
	310	1	139.32537169473682	28.5795634245614	0.0	0.0	3	1.05	-6.964106081410557	138.0	33	1.05	0.95				
	311	1	0.0	0.0	0.0	0.0	3	1.0192537443904328	-0.2770747297347922	230.0	33	1.05	0.95				
	312	1	0.0	0.0	0.0	0.0	3	1.0198796808704	0.6761323870054454	230.0	33	1.05	0.95				
	313	2	189.33960768771928	38.58241062315789	0.0	0.0	3	1.0291862665538514	4.054727384082389	230.0	34	1.05	0.95				
	314	2	138.6108826091228	27.865074338947366	0.0	0.0	3	1.0268281965000043	1.265857730270285	230.0	36	1.05	0.95				
	315	2	226.49304013964908	45.72730147929824	0.0	0.0	3	1.0462384151207302	5.642053322801107	230.0	36	1.05	0.95				
	316	2	71.4489085614035	14.2897817122807	0.0	0.0	3	1.043241169714823	5.2680651000621594	230.0	36	1.05	0.95				
	317	1	0.0	0.0	0.0	0.0	3	1.0469345695313514	6.938120417670233	230.0	37	1.05	0.95				
	318	2	237.92486550947368	48.58525782175438	0.0	0.0	3	1.047152442473225	6.741059395819469	230.0	37	1.05	0.95				
	319	1	129.32252449614035	26.4360961677193	0.0	0.0	3	1.0395200923958798	5.422443356655028	230.0	35	1.05	0.95				
	320	1	91.45460295859648	18.576716225964912	0.0	0.0	3	1.0408663099169246	6.253586312341945	230.0	35	1.05	0.95				
	321	2	0.0	0.0	0.0	0.0	3	1.05	8.302355531579275	230.0	37	1.05	0.95				
	322	2	0.0	0.0	0.0	0.0	3	1.05	13.54189698875978	230.0	37	1.05	0.95				
	323	2	0.0	0.0	0.0	0.0	3	1.043332158644082	7.0970429425106865	230.0	35	1.05	0.95				
	324	1	0.0	0.0	0.0	0.0	3	1.0372922469613648	4.719756607593509	230.0	36	1.05	0.95				
	325	1	0.0	0.0	0.0	0.0	3	1.0441449271943493	7.348303409762674	230.0	35	1.05	0.95				
];

%% generator data
%    bus    Pg    Qg    Qmax    Qmin    Vg    mBase    status    Pmax    Pmin    Pc1    Pc2    Qc1min    Qc1max    Qc2min    Qc2max    ramp_agc    ramp_10    ramp_30    ramp_q    apf
