%% MATPOWER Case Format : Version 2
function mpc = RTS_GMLC
mpc.version = '2';

%%-----  Power Flow Data  -----%%
%% system MVA base
mpc.baseMVA = 100.0;
%% bus data
%    bus_i    type    Pd    Qd    Gs    Bs    area    Vm    Va    baseKV    zone    Vmax    Vmin
mpc.bus = [
	101	2	62.029193456842115	12.63557644491228	0.0	0.0	1	1.029910923182906	0.34705716753394966	138.0	11	1.05	0.95				
	102	2	55.71140523438597	11.486887677192984	0.0	0.0	1	1.0298176342639354	0.2666681772502709	138.0	12	1.05	0.95				
	103	1	103.38198909473687	21.250742202807018	0.0	0.0	1	1.0240032582501903	-1.2760347238823606	138.0	11	1.05	0.95				
	104	1	42.501484405614036	8.615165757894736	0.0	0.0	1	1.0177480618735006	-2.9918701788421114	138.0	11	1.05	0.95				
	105	1	40.77845125403508	8.040821374035088	0.0	0.0	1	1.0320756701879825	-2.87207576765323	138.0	11	1.05	0.95				
	106	1	78.11083620491229	16.081642748070177	0.0	-100.0	1	1.0404168136497738	-5.212048487600038	138.0	12	1.05	0.95				
	107	2	71.79304798245613	14.35860959649123	0.0	0.0	1	1.0359335292390432	-5.776898594965936	138.0	12	1.05	0.95				
	108	1	98.21288964	20.10205343508772	0.0	0.0	1	1.0223778795677014	-6.735716578511992	138.0	12	1.05	0.95				
	109	1	100.5102671754386	20.67639781894737	0.0	0.0	1	1.0260532233267101	-3.323425807750197	138.0	13	1.05	0.95				
	110	1	111.99715485263158	22.973775354385968	0.0	0.0	1	1.05	-4.312060176249116	138.0	13	1.05	0.95				
	111	1	0.0	0.0	0.0	0.0	1	1.0070013839263694	-1.076773528224686	230.0	13	1.05	0.95				
	112	1	0.0	0.0	0.0	0.0	1	1.013029846289379	-0.6098277641863639	230.0	13	1.05	0.95				
	113	3	152.201261722807	31.014596728421058	0.0	0.0	1	1.0050827945090406	3.0552498729290147e-28	230.0	14	1.05	0.95				
	114	2	111.42281046877194	22.399430970526318	0.0	0.0	1	1.003018149772748	0.8357362238277533	230.0	16	1.05	0.95				
	115	2	182.06716968350878	36.758040567017545	0.0	0.0	1	1.0405743636059968	7.533883227717848	230.0	16	1.05	0.95				
	116	2	57.43443838596492	11.486887677192984	0.0	0.0	1	1.0371915204742295	6.91969779061266	230.0	16	1.05	0.95				
	117	1	0.0	0.0	0.0	0.0	1	1.0428064478149166	9.336656667261622	230.0	17	1.05	0.95				
	118	2	191.25667982526318	39.055418102456144	0.0	0.0	1	1.0454959469910687	9.372754126296886	230.0	17	1.05	0.95				
	119	1	103.95633347859649	21.250742202807018	0.0	0.0	1	1.0313068721227332	5.462821098625527	230.0	15	1.05	0.95				
	120	1	73.51608113403509	14.932953980350877	0.0	0.0	1	1.031035485855568	5.295095311657156	230.0	15	1.05	0.95				
	121	2	0.0	0.0	0.0	0.0	1	1.0492653515963692	10.71927034321618	230.0	17	1.05	0.95				
	122	2	0.0	0.0	0.0	0.0	1	1.05	18.85584301705612	230.0	17	1.05	0.95				
	123	2	0.0	0.0	0.0	0.0	1	1.0320879674380663	5.637314170823869	230.0	15	1.05	0.95				
	124	1	0.0	0.0	0.0	0.0	1	1.0232564587474147	4.257763392571643	230.0	16	1.05	0.95				
	201	2	77.19628520842106	15.725169209122807	0.0	0.0	2	1.037187048635854	-16.880937386348133	138.0	21	1.05	0.95				
	202	2	69.33370060385965	14.295608371929823	0.0	0.0	2	1.037414069640712	-17.00862938923102	138.0	22	1.05	0.95				
	203	1	128.66047534736842	26.446875488070177	0.0	0.0	2	1.0212163896673752	-12.503714669460797	138.0	21	1.05	0.95				
	204	1	52.89375097614035	10.721706278947368	0.0	0.0	2	1.0174021921289724	-18.78075371019688	138.0	21	1.05	0.95				
	205	1	50.74940972035087	10.006925860350877	0.0	0.0	2	1.0343861488895254	-19.300242108078	138.0	21	1.05	0.95				
	206	1	97.21013692912281	20.013851720701755	0.0	-100.0	2	1.0387325154249174	-21.336103767671013	138.0	22	1.05	0.95				
	207	2	89.34755232456139	17.86951046491228	0.0	0.0	2	0.9662061036132156	-31.99027766993987	138.0	22	1.05	0.95				
	208	1	122.22745158	25.017314650877193	0.0	0.0	2	0.9696419299076754	-28.45014066505624	138.0	22	1.05	0.95				
	209	1	125.08657325438597	25.732095069473683	0.0	0.0	2	1.0234693560625827	-17.336188185531277	138.0	23	1.05	0.95				
	210	1	139.3821816263158	28.591216743859647	0.0	0.0	2	1.05	-19.5098753761532	138.0	23	1.05	0.95				
	211	1	0.0	0.0	0.0	0.0	2	1.0268581585613579	-13.14896918475963	230.0	23	1.05	0.95				
	212	1	0.0	0.0	0.0	0.0	2	1.0192410335882676	-12.023306040302106	230.0	23	1.05	0.95				
	213	2	189.41681092807016	38.59814260421053	0.0	0.0	2	1.0351415110393731	-10.99807717948794	230.0	24	1.05	0.95				
	214	2	138.6674012077193	27.87643632526316	0.0	0.0	2	1.0442892534986354	-9.930907945643876	230.0	26	1.05	0.95				
	215	2	226.58539269508773	45.74594679017544	0.0	0.0	2	1.0421667981942186	-0.5838838876294393	230.0	26	1.05	0.95				
	216	2	71.47804185964912	14.295608371929823	0.0	0.0	2	1.0461305716715554	-0.9436680636303566	230.0	26	1.05	0.95				
	217	1	0.0	0.0	0.0	0.0	2	1.046257848296188	2.497123918536439	230.0	27	1.05	0.95				
	218	2	238.0218793926316	48.605068464561406	0.0	0.0	2	1.0481223497342638	2.8891794322038535	230.0	27	1.05	0.95				
	219	1	129.3752557659649	26.446875488070177	0.0	0.0	2	1.0428330048948864	-1.5161090795644512	230.0	25	1.05	0.95				
	220	1	91.49189358035088	18.58429088350877	0.0	0.0	2	1.0461058461757178	-0.6747302023413779	230.0	25	1.05	0.95				
	221	2	0.0	0.0	0.0	0.0	2	1.0485375619430322	2.881025890554617	230.0	27	1.05	0.95				
	222	2	0.0	0.0	0.0	0.0	2	1.05	9.24079395874622	230.0	27	1.05	0.95				
	223	2	0.0	0.0	0.0	0.0	2	1.05	0.3058796730933627	230.0	25	1.05	0.95				
	224	1	0.0	0.0	0.0	0.0	2	1.0193844199951159	-5.006746394409066	230.0	26	1.05	0.95				
	301	2	57.36539069052632	11.685542548070176	0.0	0.0	3	1.0140871572042596	-9.240235666260688	138.0	31	1.05	0.95				
	302	2	51.522619416491224	10.623220498245614	0.0	0.0	3	1.0126437889736177	-9.523514274720366	138.0	32	1.05	0.95				
	303	1	95.60898448421052	19.652957921754385	0.0	0.0	3	1.05	3.502383876399043	138.0	31	1.05	0.95				
	304	1	39.30591584350877	7.96741537368421	0.0	0.0	3	1.0116175703821713	-7.65451091795419	138.0	31	1.05	0.95				
	305	1	37.712432768771926	7.4362543487719295	0.0	0.0	3	1.0253774439597314	-9.962457123891335	138.0	31	1.05	0.95				
	306	1	72.23789938807018	14.872508697543859	0.0	-100.0	3	1.0385732031416461	-10.964978200637695	138.0	32	1.05	0.95				
	307	2	66.39512811403509	13.279025622807017	0.0	0.0	3	0.9908447302655712	-16.210203691512618	138.0	32	1.05	0.95				
	308	1	90.82853526	18.590635871929823	0.0	0.0	3	0.994007995210501	-13.724920286416634	138.0	32	1.05	0.95				
	309	1	92.95317935964911	19.121796896842103	0.0	0.0	3	1.0287632665909716	-3.9665386276264263	138.0	33	1.05	0.95				
	310	1	103.57639985789473	21.246440996491227	0.0	0.0	3	1.05	-8.98117274528913	138.0	33	1.05	0.95				
	311	1	0.0	0.0	0.0	0.0	3	1.0138692346999898	-3.3850202949197015	230.0	33	1.05	0.95				
	312	1	0.0	0.0	0.0	0.0	3	1.0162641626722366	-2.9376130377873353	230.0	33	1.05	0.95				
	313	2	140.75767160175437	28.68269534526316	0.0	0.0	3	1.0143701817330373	-0.747348440715694	230.0	34	1.05	0.95				
	314	2	103.04523883298245	20.715279971578948	0.0	0.0	3	1.0157250891990353	-2.520590388189527	230.0	36	1.05	0.95				
	315	2	168.37804489719298	33.99430559438596	0.0	0.0	3	1.0460746060160528	2.3588094801987243	230.0	36	1.05	0.95				
	316	2	53.11610249122807	10.623220498245614	0.0	0.0	3	1.041608200013315	1.885356863173527	230.0	36	1.05	0.95				
	317	1	0.0	0.0	0.0	0.0	3	1.0496148046213525	4.872722539868031	230.0	37	1.05	0.95				
	318	2	176.87662129578948	36.11894969403509	0.0	0.0	3	1.0489111352452951	4.09098860335738	230.0	37	1.05	0.95				
	319	1	96.1401455091228	19.652957921754385	0.0	0.0	3	1.0333172623911173	0.6460673074304559	230.0	35	1.05	0.95				
	320	1	67.98861118877193	13.810186647719297	0.0	0.0	3	1.0303381128650895	0.5791735743878439	230.0	35	1.05	0.95				
	321	2	0.0	0.0	0.0	0.0	3	1.05	5.045054779286622	230.0	37	1.05	0.95				
	322	2	0.0	0.0	0.0	0.0	3	1.05	9.324429538189676	230.0	37	1.05	0.95				
	323	2	0.0	0.0	0.0	0.0	3	1.0297136143291497	0.9470131066731136	230.0	35	1.05	0.95				
	324	1	0.0	0.0	0.0	0.0	3	1.043946365287093	2.8024407367251136	230.0	36	1.05	0.95				
	325	1	0.0	0.0	0.0	0.0	3	1.0293566417650084	1.7805517607064951	230.0	35	1.05	0.95				
];
