%% MATPOWER Case Format : Version 2
function mpc = RTS_GMLC
mpc.version = '2';

%%-----  Power Flow Data  -----%%
%% system MVA base
mpc.baseMVA = 100.0;
%% bus data
%    bus_i    type    Pd    Qd    Gs    Bs    area    Vm    Va    baseKV    zone    Vmax    Vmin
mpc.bus = [
	101	2	61.307768425263156	12.488619494035087	0.0	0.0	1	1.038020200725179	-0.8540344854803374	138.0	11	1.05	0.95				
	102	2	55.0634586782456	11.353290449122806	0.0	0.0	1	1.0375649874907602	-1.0660693803648467	138.0	12	1.05	0.95				
	103	1	102.17961404210524	21.003587330877192	0.0	0.0	1	1.022952031105601	-0.28472985466749784	138.0	11	1.05	0.95				
	104	1	42.007174661754384	8.514967836842104	0.0	0.0	1	1.0201563680789276	-3.9397491959275217	138.0	11	1.05	0.95				
	105	1	40.30418109438596	7.947303314385964	0.0	0.0	1	1.0363779489808014	-3.9805183433847215	138.0	11	1.05	0.95				
	106	1	77.20237505403509	15.894606628771928	0.0	-100.0	1	1.0426157123156121	-6.30546762442111	138.0	12	1.05	0.95				
	107	2	70.95806530701753	14.191613061403508	0.0	0.0	1	1.0009535473327298	-14.255634952364279	138.0	12	1.05	0.95				
	108	1	97.07063333999999	19.86825828596491	0.0	0.0	1	0.9981785042264616	-11.967453033240961	138.0	12	1.05	0.95				
	109	1	99.34129142982455	20.43592280842105	0.0	0.0	1	1.0234888630516232	-4.005407687875153	138.0	13	1.05	0.95				
	110	1	110.69458187894736	22.706580898245612	0.0	0.0	1	1.05	-5.379156796275259	138.0	13	1.05	0.95				
	111	1	0.0	0.0	0.0	0.0	1	1.0091628725285433	-0.8107091261595357	230.0	13	1.05	0.95				
	112	1	0.0	0.0	0.0	0.0	1	1.0124085010197597	-0.921644405082627	230.0	13	1.05	0.95				
	113	3	150.43109845087716	30.653884212631578	0.0	0.0	1	1.0095799564681702	-3.001797071879127e-27	230.0	14	1.05	0.95				
	114	2	110.1269173564912	22.13891637578947	0.0	0.0	1	1.0106481761686037	2.4374354405615324	230.0	16	1.05	0.95				
	115	2	179.94965361859647	36.33052943719298	0.0	0.0	1	1.0358138031446704	11.683963505433603	230.0	16	1.05	0.95				
	116	2	56.76645224561403	11.353290449122806	0.0	0.0	1	1.0334949267449778	10.444210556282362	230.0	16	1.05	0.95				
	117	1	0.0	0.0	0.0	0.0	1	1.036586569513816	14.724311393446476	230.0	17	1.05	0.95				
	118	2	189.03228597789473	38.601187527017544	0.0	0.0	1	1.0411844853628256	15.074959934997409	230.0	17	1.05	0.95				
	119	1	102.74727856456141	21.003587330877192	0.0	0.0	1	1.0266461941722822	7.6472119537468926	230.0	15	1.05	0.95				
	120	1	72.66105887438596	14.759277583859648	0.0	0.0	1	1.0266677260142634	6.303867575183353	230.0	15	1.05	0.95				
	121	2	0.0	0.0	0.0	0.0	1	1.043572506933858	16.730481420910667	230.0	17	1.05	0.95				
	122	2	0.0	0.0	0.0	0.0	1	1.05	29.392306283834944	230.0	17	1.05	0.95				
	123	2	0.0	0.0	0.0	0.0	1	1.0278876528763705	5.9978558890048115	230.0	15	1.05	0.95				
	124	1	0.0	0.0	0.0	0.0	1	1.016070263495403	7.209105952985166	230.0	16	1.05	0.95				
	201	2	62.88241774736842	12.809381392982457	0.0	0.0	2	1.0229540678895896	-16.03495569805238	138.0	21	1.05	0.95				
	202	2	56.47772705087719	11.644892175438597	0.0	0.0	2	1.0239996049078515	-15.875709592748084	138.0	22	1.05	0.95				
	203	1	104.80402957894736	21.543050524561405	0.0	0.0	2	1.015233883197581	-13.377191310514227	138.0	21	1.05	0.95				
	204	1	43.08610104912281	8.733669131578948	0.0	0.0	2	1.014292992699261	-17.060759197226137	138.0	21	1.05	0.95				
	205	1	41.33936722280701	8.15142452280702	0.0	0.0	2	1.0291654905665863	-17.54534200056371	138.0	21	1.05	0.95				
	206	1	79.18526679298246	16.30284904561404	0.0	-100.0	2	1.0396350115366575	-18.90634216794457	138.0	22	1.05	0.95				
	207	2	72.78057609649123	14.556115219298245	0.0	0.0	2	0.9896311238792005	-27.238773240424685	138.0	22	1.05	0.95				
	208	1	99.56382810000001	20.37856130701754	0.0	0.0	2	0.9902392566228227	-24.45489070986188	138.0	22	1.05	0.95				
	209	1	101.89280653508771	20.960805915789475	0.0	0.0	2	1.0239960547901725	-15.641699389022676	138.0	23	1.05	0.95				
	210	1	113.53769871052633	23.289784350877195	0.0	0.0	2	1.05	-17.21062023332116	138.0	23	1.05	0.95				
	211	1	0.0	0.0	0.0	0.0	2	1.0159891261020046	-11.705653670561025	230.0	23	1.05	0.95				
	212	1	0.0	0.0	0.0	0.0	2	1.0150860689590282	-10.448507289639041	230.0	23	1.05	0.95				
	213	2	154.2948213245614	31.44120887368421	0.0	0.0	2	1.0219080474700453	-9.86161795152977	230.0	24	1.05	0.95				
	214	2	112.95545410175438	22.707539742105265	0.0	0.0	2	1.0221250702215157	-8.613707612948465	230.0	26	1.05	0.95				
	215	2	184.57154098070177	37.26365496140351	0.0	0.0	2	1.0343674669763308	-0.6577520028076799	230.0	26	1.05	0.95				
	216	2	58.22446087719298	11.644892175438597	0.0	0.0	2	1.0364524379350004	-0.6826251278527596	230.0	26	1.05	0.95				
	217	1	0.0	0.0	0.0	0.0	2	1.0381469615090757	2.0795882262076586	230.0	27	1.05	0.95				
	218	2	193.88745472105265	39.59263339649123	0.0	0.0	2	1.0385322079658283	1.9971508963359677	230.0	27	1.05	0.95				
	219	1	105.38627418771931	21.543050524561405	0.0	0.0	2	1.038412792431324	-0.49104034095291776	230.0	25	1.05	0.95				
	220	1	74.52730992280702	15.138359828070177	0.0	0.0	2	1.0448139466675865	0.7746555559486809	230.0	25	1.05	0.95				
	221	2	0.0	0.0	0.0	0.0	2	1.0394384048521013	1.892444749063421	230.0	27	1.05	0.95				
	222	2	0.0	0.0	0.0	0.0	2	1.05	8.467601791595413	230.0	27	1.05	0.95				
	223	2	0.0	0.0	0.0	0.0	2	1.05	1.8891776508529767	230.0	25	1.05	0.95				
	224	1	0.0	0.0	0.0	0.0	2	1.0112886745318246	-5.386224406197285	230.0	26	1.05	0.95				
	301	2	52.394179073684214	10.672888329824563	0.0	0.0	3	1.0262914853987195	4.838727968156874	138.0	31	1.05	0.95				
	302	2	47.057734908771934	9.702625754385966	0.0	0.0	3	1.0228145131727218	4.484644689251781	138.0	32	1.05	0.95				
	303	1	87.3236317894737	17.949857645614035	0.0	0.0	3	1.05	19.798622080733004	138.0	31	1.05	0.95				
	304	1	35.89971529122807	7.276969315789474	0.0	0.0	3	1.009187695261089	5.613999257287837	138.0	31	1.05	0.95				
	305	1	34.444321428070175	6.791838028070177	0.0	0.0	3	1.0284673376842777	3.820508744721374	138.0	31	1.05	0.95				
	306	1	65.97785512982458	13.583676056140353	0.0	-100.0	3	1.0363434490390628	2.6662871800591903	138.0	32	1.05	0.95				
	307	2	60.64141096491228	12.128282192982457	0.0	0.0	3	0.95	5.627520479962759	138.0	32	1.05	0.95				
	308	1	82.95745020000001	16.97959507017544	0.0	0.0	3	0.9701935163257154	4.301365695520211	138.0	32	1.05	0.95				
	309	1	84.8979753508772	17.464726357894737	0.0	0.0	3	1.0133943088517992	8.57786871385267	138.0	33	1.05	0.95				
	310	1	94.60060110526317	19.405251508771933	0.0	0.0	3	1.0422760356813046	4.348816571318669	138.0	33	1.05	0.95				
	311	1	0.0	0.0	0.0	0.0	3	1.002556062934023	8.130253345240863	230.0	33	1.05	0.95				
	312	1	0.0	0.0	0.0	0.0	3	1.007458019913753	8.68747783470011	230.0	33	1.05	0.95				
	313	2	128.55979124561404	26.197089536842107	0.0	0.0	3	1.004702411985902	10.499151519647308	230.0	34	1.05	0.95				
	314	2	94.11546981754387	18.920120221052635	0.0	0.0	3	0.9988675437380851	7.809109937424214	230.0	36	1.05	0.95				
	315	2	153.78661820701754	31.04840241403509	0.0	0.0	3	1.0495114648862436	10.69068330138606	230.0	36	1.05	0.95				
	316	2	48.51312877192983	9.702625754385966	0.0	0.0	3	1.035364700087564	10.274059038545156	230.0	36	1.05	0.95				
	317	1	0.0	0.0	0.0	0.0	3	1.05	13.523762199223395	230.0	37	1.05	0.95				
	318	2	161.54871881052634	32.98892756491229	0.0	0.0	3	1.0493909849678076	11.424335035835814	230.0	37	1.05	0.95				
	319	1	87.80876307719299	17.949857645614035	0.0	0.0	3	1.0248337485926866	9.508814157203107	230.0	35	1.05	0.95				
	320	1	62.09680482807018	12.613413480701755	0.0	0.0	3	1.0192807167816602	9.784777019261073	230.0	35	1.05	0.95				
	321	2	0.0	0.0	0.0	0.0	3	1.05	11.787956526592842	230.0	37	1.05	0.95				
	322	2	0.0	0.0	0.0	0.0	3	1.05	16.817357969764615	230.0	37	1.05	0.95				
	323	2	0.0	0.0	0.0	0.0	3	1.0171319506934984	10.31799859721665	230.0	35	1.05	0.95				
	324	1	0.0	0.0	0.0	0.0	3	1.0467726034741889	14.172288565436675	230.0	36	1.05	0.95				
	325	1	0.0	0.0	0.0	0.0	3	1.0185962638416202	10.878207924812143	230.0	35	1.05	0.95				
];
