%% MATPOWER Case Format : Version 2
function mpc = RTS_GMLC
mpc.version = '2';

%%-----  Power Flow Data  -----%%
%% system MVA base
mpc.baseMVA = 100.0;
%% bus data
%    bus_i    type    Pd    Qd    Gs    Bs    area    Vm    Va    baseKV    zone    Vmax    Vmin
mpc.bus = [
	101	2	59.517565578947384	12.12394854385965	0.0	0.0	1	1.0355509068806117	1.8875529186035493	138.0	11	1.05	0.95				
	102	2	53.45559130701755	11.021771403508772	0.0	0.0	1	1.035611288501452	1.8561131329199316	138.0	12	1.05	0.95				
	103	1	99.19594263157896	20.39027709649123	0.0	0.0	1	1.0246762694454978	-0.276804467249575	138.0	11	1.05	0.95				
	104	1	40.78055419298246	8.26632855263158	0.0	0.0	1	1.0203468096427473	-1.6126234417997432	138.0	11	1.05	0.95				
	105	1	39.12728848245614	7.715239982456142	0.0	0.0	1	1.035174001716548	-1.4470409308554684	138.0	11	1.05	0.95				
	106	1	74.94804554385966	15.430479964912283	0.0	-100.0	1	1.0423833261468045	-3.8258714575507082	138.0	12	1.05	0.95				
	107	2	68.88607127192982	13.777214254385967	0.0	0.0	1	1.0322736714467062	-2.9995568076145127	138.0	12	1.05	0.95				
	108	1	94.2361455	19.288099956140353	0.0	0.0	1	1.0209196531032947	-4.584409518947782	138.0	12	1.05	0.95				
	109	1	96.44049978070177	19.83918852631579	0.0	0.0	1	1.0253989389907698	-2.231621541015316	138.0	13	1.05	0.95				
	110	1	107.46227118421055	22.043542807017545	0.0	0.0	1	1.05	-3.1003935162373617	138.0	13	1.05	0.95				
	111	1	0.0	0.0	0.0	0.0	1	1.0057945562679895	-0.491976260696978	230.0	13	1.05	0.95				
	112	1	0.0	0.0	0.0	0.0	1	1.01089987749487	0.06114163262527477	230.0	13	1.05	0.95				
	113	3	146.03847109649124	29.758782789473692	0.0	0.0	1	1.0003979214256378	1.8267089325445946e-29	230.0	14	1.05	0.95				
	114	2	106.9111826140351	21.49245423684211	0.0	0.0	1	1.002358461293897	1.3679268226985042	230.0	16	1.05	0.95				
	115	2	174.69507674561405	35.269668491228074	0.0	0.0	1	1.0376891520722609	7.778496944015618	230.0	16	1.05	0.95				
	116	2	55.10885701754387	11.021771403508772	0.0	0.0	1	1.0341664330961038	7.262488513133257	230.0	16	1.05	0.95				
	117	1	0.0	0.0	0.0	0.0	1	1.0407026945651427	9.378670128755454	230.0	17	1.05	0.95				
	118	2	183.51249386842107	37.47402277192983	0.0	0.0	1	1.0427137180433526	9.527158662520927	230.0	17	1.05	0.95				
	119	1	99.7470312017544	20.39027709649123	0.0	0.0	1	1.028241873206279	6.093501154660039	230.0	15	1.05	0.95				
	120	1	70.53933698245615	14.328302824561407	0.0	0.0	1	1.0275595863187224	6.139333182073893	230.0	15	1.05	0.95				
	121	2	0.0	0.0	0.0	0.0	1	1.045940811240489	10.603975855475293	230.0	17	1.05	0.95				
	122	2	0.0	0.0	0.0	0.0	1	1.05	16.81329358465335	230.0	17	1.05	0.95				
	123	2	0.0	0.0	0.0	0.0	1	1.028325596594079	6.584972274399655	230.0	15	1.05	0.95				
	124	1	0.0	0.0	0.0	0.0	1	1.0225533904864543	4.773862109113648	230.0	16	1.05	0.95				
	201	2	63.05241618947369	12.844010705263159	0.0	0.0	2	1.0330852899031604	-9.584431359316522	138.0	21	1.05	0.95				
	202	2	56.6304108368421	11.676373368421054	0.0	0.0	2	1.0332623196224582	-9.663720385642026	138.0	22	1.05	0.95				
	203	1	105.0873603157895	21.60129073157895	0.0	0.0	2	1.0231698259349478	-7.4862534944981665	138.0	21	1.05	0.95				
	204	1	43.2025814631579	8.75728002631579	0.0	0.0	2	1.018262170496493	-11.907861442716824	138.0	21	1.05	0.95				
	205	1	41.45112545789474	8.17346135789474	0.0	0.0	2	1.033958622494093	-12.194828094090964	138.0	21	1.05	0.95				
	206	1	79.39933890526318	16.34692271578948	0.0	-100.0	2	1.0413982780526252	-14.214798877574037	138.0	22	1.05	0.95				
	207	2	72.97733355263159	14.595466710526317	0.0	0.0	2	0.9883484978972703	-23.028498100938826	138.0	22	1.05	0.95				
	208	1	99.8329923	20.433653394736844	0.0	0.0	2	0.9893710177037234	-20.237261136557187	138.0	22	1.05	0.95				
	209	1	102.16826697368421	21.017472063157896	0.0	0.0	2	1.0237963514178623	-11.374977494152965	138.0	23	1.05	0.95				
	210	1	113.84464034210527	23.352746736842107	0.0	0.0	2	1.05	-12.998461741995449	138.0	23	1.05	0.95				
	211	1	0.0	0.0	0.0	0.0	2	1.0141993389964847	-8.242148193961784	230.0	23	1.05	0.95				
	212	1	0.0	0.0	0.0	0.0	2	1.0140266806068652	-7.26483795516258	230.0	23	1.05	0.95				
	213	2	154.71194713157897	31.526208094736845	0.0	0.0	2	1.0140065658518622	-6.9362914891829375	230.0	24	1.05	0.95				
	214	2	113.2608216736842	22.768928068421054	0.0	0.0	2	1.0211161270340345	-5.421735810596525	230.0	26	1.05	0.95				
	215	2	185.07051788947368	37.36439477894737	0.0	0.0	2	1.033665733098717	2.1620001222854137	230.0	26	1.05	0.95				
	216	2	58.38186684210527	11.676373368421054	0.0	0.0	2	1.036669823835345	2.1349913959330444	230.0	26	1.05	0.95				
	217	1	0.0	0.0	0.0	0.0	2	1.039709604840473	5.005411803988564	230.0	27	1.05	0.95				
	218	2	194.41161658421055	39.69966945263159	0.0	0.0	2	1.0410612788682692	5.395791942729333	230.0	27	1.05	0.95				
	219	1	105.67117898421054	21.60129073157895	0.0	0.0	2	1.0367481320899188	1.7081012587414777	230.0	25	1.05	0.95				
	220	1	74.72878955789474	15.179285378947371	0.0	0.0	2	1.041449947557627	2.4470722568456917	230.0	25	1.05	0.95				
	221	2	0.0	0.0	0.0	0.0	2	1.0408157731750967	5.077967496453832	230.0	27	1.05	0.95				
	222	2	0.0	0.0	0.0	0.0	2	1.05	11.552609681530775	230.0	27	1.05	0.95				
	223	2	0.0	0.0	0.0	0.0	2	1.0454817624686576	3.2807027621505607	230.0	25	1.05	0.95				
	224	1	0.0	0.0	0.0	0.0	2	1.0177438257497764	-1.4505098207734615	230.0	26	1.05	0.95				
	301	2	42.96425180210527	8.751977218947369	0.0	0.0	3	1.0098006931954358	-13.011008153548543	138.0	31	1.05	0.95				
	302	2	38.58826319263158	7.9563429263157905	0.0	0.0	3	1.0096703115562504	-13.141854628227168	138.0	32	1.05	0.95				
	303	1	71.6070863368421	14.719234413684209	0.0	0.0	3	1.0278337113534697	-7.242432027278214	138.0	31	1.05	0.95				
	304	1	29.438468827368418	5.967257194736842	0.0	0.0	3	1.0118927619423168	-11.899388433422937	138.0	31	1.05	0.95				
	305	1	28.24501738842105	5.569440048421053	0.0	0.0	3	1.0248989866966307	-12.66343533252526	138.0	31	1.05	0.95				
	306	1	54.10313189894737	11.138880096842106	0.0	-100.0	3	1.041761500477313	-12.956579832980449	138.0	32	1.05	0.95				
	307	2	49.72714328947369	9.945428657894736	0.0	0.0	3	0.9921506611120102	-17.186832771239906	138.0	32	1.05	0.95				
	308	1	68.02673202	13.92360012105263	0.0	0.0	3	1.0001990648910308	-15.428532028156166	138.0	32	1.05	0.95				
	309	1	69.61800060526315	14.32141726736842	0.0	0.0	3	1.0257264012894534	-9.248584693171683	138.0	33	1.05	0.95				
	310	1	77.57434353157893	15.912685852631581	0.0	0.0	3	1.05	-11.033590702276198	138.0	33	1.05	0.95				
	311	1	0.0	0.0	0.0	0.0	3	1.0056097455171287	-5.799768195669387	230.0	33	1.05	0.95				
	312	1	0.0	0.0	0.0	0.0	3	1.0097319402569331	-5.453556965729213	230.0	33	1.05	0.95				
	313	2	105.4215437736842	21.482125901052633	0.0	0.0	3	1.0080655414079296	-2.556300602608876	230.0	34	1.05	0.95				
	314	2	77.17652638526316	15.51486870631579	0.0	0.0	3	1.0024314709494264	-4.168920616727958	230.0	36	1.05	0.95				
	315	2	126.10803538210527	25.460297364210525	0.0	0.0	3	1.0319005276103217	0.30937218415987044	230.0	36	1.05	0.95				
	316	2	39.78171463157894	7.9563429263157905	0.0	0.0	3	1.0293153532973762	0.4686892592356927	230.0	36	1.05	0.95				
	317	1	0.0	0.0	0.0	0.0	3	1.0370668366750702	2.1086124420578187	230.0	37	1.05	0.95				
	318	2	132.47310972315788	27.051565949473684	0.0	0.0	3	1.0380450754863302	2.212001973495026	230.0	37	1.05	0.95				
	319	1	72.00490348315789	14.719234413684209	0.0	0.0	3	1.0234121035329171	-0.494002070019412	230.0	35	1.05	0.95				
	320	1	50.92059472842105	10.343245804210527	0.0	0.0	3	1.0209247002123911	-0.5539069782866917	230.0	35	1.05	0.95				
	321	2	0.0	0.0	0.0	0.0	3	1.0401168405720564	3.0876750421516364	230.0	37	1.05	0.95				
	322	2	0.0	0.0	0.0	0.0	3	1.05	7.016666654033659	230.0	37	1.05	0.95				
	323	2	0.0	0.0	0.0	0.0	3	1.0199743883348849	-0.27539563191314786	230.0	35	1.05	0.95				
	324	1	0.0	0.0	0.0	0.0	3	1.020702055385206	-2.5342507508164585	230.0	36	1.05	0.95				
	325	1	0.0	0.0	0.0	0.0	3	1.0196906554700584	0.6586517178378404	230.0	35	1.05	0.95				
];
