%% MATPOWER Case Format : Version 2
function mpc = RTS_GMLC
mpc.version = '2';

%%-----  Power Flow Data  -----%%
%% system MVA base
mpc.baseMVA = 100.0;
%% bus data
%    bus_i    type    Pd    Qd    Gs    Bs    area    Vm    Va    baseKV    zone    Vmax    Vmin
mpc.bus = [
	101	2	59.13013357894737	12.045027210526316	0.0	0.0	1	1.0305054473405073	-1.7577388715652773	138.0	11	1.05	0.95				
	102	2	53.10761997368421	10.950024736842106	0.0	0.0	1	1.029529113638329	-2.0568411583963147	138.0	12	1.05	0.95				
	103	1	98.55022263157895	20.257545763157893	0.0	0.0	1	1.0261321727169583	-1.3270447845116418	138.0	11	1.05	0.95				
	104	1	40.515091526315786	8.212518552631579	0.0	0.0	1	1.0179551927679718	-4.532627424210485	138.0	11	1.05	0.95				
	105	1	38.87258781578947	7.665017315789474	0.0	0.0	1	1.0330230022263949	-4.538210848114085	138.0	11	1.05	0.95				
	106	1	74.46016821052632	15.330034631578949	0.0	-100.0	1	1.0414826564610589	-6.6729900399418325	138.0	12	1.05	0.95				
	107	2	68.43765460526316	13.687530921052632	0.0	0.0	1	0.9999610756049737	-13.023669187975031	138.0	12	1.05	0.95				
	108	1	93.6227115	19.162543289473682	0.0	0.0	1	0.9995892539917024	-11.31905039720085	138.0	12	1.05	0.95				
	109	1	95.81271644736842	19.71004452631579	0.0	0.0	1	1.0251336209140636	-4.328748865194034	138.0	13	1.05	0.95				
	110	1	106.76274118421051	21.900049473684213	0.0	0.0	1	1.05	-5.6202626788191505	138.0	13	1.05	0.95				
	111	1	0.0	0.0	0.0	0.0	1	1.010659146746324	-1.1926819810538618	230.0	13	1.05	0.95				
	112	1	0.0	0.0	0.0	0.0	1	1.0129495147359597	-1.1232498315879296	230.0	13	1.05	0.95				
	113	3	145.0878277631579	29.565066789473686	0.0	0.0	1	1.0080389491784172	4.015405154330079e-30	230.0	14	1.05	0.95				
	114	2	106.21523994736842	21.352548236842107	0.0	0.0	1	1.0149296568273614	1.6104601003864354	230.0	16	1.05	0.95				
	115	2	173.55789207894736	35.04007915789474	0.0	0.0	1	1.0439025443068504	9.45965408408701	230.0	16	1.05	0.95				
	116	2	54.75012368421053	10.950024736842106	0.0	0.0	1	1.0408812484069612	8.815557833573163	230.0	16	1.05	0.95				
	117	1	0.0	0.0	0.0	0.0	1	1.043255666825812	13.018693096230676	230.0	17	1.05	0.95				
	118	2	182.31791186842105	37.23008410526316	0.0	0.0	1	1.049163315698052	13.157799163040686	230.0	17	1.05	0.95				
	119	1	99.09772386842106	20.257545763157893	0.0	0.0	1	1.0333742398443968	6.568683518406236	230.0	15	1.05	0.95				
	120	1	70.08015831578948	14.235032157894736	0.0	0.0	1	1.0319646201308004	5.651179523098095	230.0	15	1.05	0.95				
	121	2	0.0	0.0	0.0	0.0	1	1.05	14.573756869760544	230.0	17	1.05	0.95				
	122	2	0.0	0.0	0.0	0.0	1	1.05	29.1137140097786	230.0	17	1.05	0.95				
	123	2	0.0	0.0	0.0	0.0	1	1.0322323321154196	5.559981302398152	230.0	15	1.05	0.95				
	124	1	0.0	0.0	0.0	0.0	1	1.0237533460643375	5.447139049830133	230.0	16	1.05	0.95				
	201	2	55.436486703157904	11.292617661754388	0.0	0.0	2	1.023825061633478	-12.43945296835248	138.0	21	1.05	0.95				
	202	2	49.79017787228071	10.266016056140353	0.0	0.0	2	1.0247986117906227	-12.252117072558319	138.0	22	1.05	0.95				
	203	1	92.39414450526317	18.99212970385965	0.0	0.0	2	1.0170359500619457	-11.021449818165586	138.0	21	1.05	0.95				
	204	1	37.9842594077193	7.699512042105264	0.0	0.0	2	1.015998744794415	-13.654142399395516	138.0	21	1.05	0.95				
	205	1	36.44435699929825	7.186211239298247	0.0	0.0	2	1.030557254506069	-14.010225702030391	138.0	21	1.05	0.95				
	206	1	69.8089091817544	14.372422478596494	0.0	-100.0	2	1.0417950200558064	-15.343520582257677	138.0	22	1.05	0.95				
	207	2	64.1626003508772	12.832520070175441	0.0	0.0	2	0.9895718587889231	-22.709335107091313	138.0	22	1.05	0.95				
	208	1	87.77443728	17.965528098245613	0.0	0.0	2	0.9934031996790854	-20.31534998422627	138.0	22	1.05	0.95				
	209	1	89.8276404912281	18.478828901052633	0.0	0.0	2	1.0238922960722745	-12.694279866664752	138.0	23	1.05	0.95				
	210	1	100.09365654736844	20.532032112280707	0.0	0.0	2	1.05	-13.956612587482018	138.0	23	1.05	0.95				
	211	1	0.0	0.0	0.0	0.0	2	1.011018432040277	-9.25869613388724	230.0	23	1.05	0.95				
	212	1	0.0	0.0	0.0	0.0	2	1.0119403574212598	-8.138784309493545	230.0	23	1.05	0.95				
	213	2	136.02471274385965	27.718243351578952	0.0	0.0	2	1.0104638626042817	-7.612520595512603	230.0	24	1.05	0.95				
	214	2	99.58035574456142	20.01873130947369	0.0	0.0	2	1.0153745865910193	-6.578996173390406	230.0	26	1.05	0.95				
	215	2	162.71635448982457	32.85125137964913	0.0	0.0	2	1.0323954820981747	0.28058900169887574	230.0	26	1.05	0.95				
	216	2	51.330080280701765	10.266016056140353	0.0	0.0	2	1.03420297049785	0.3165421397230335	230.0	26	1.05	0.95				
	217	1	0.0	0.0	0.0	0.0	2	1.0376902831042967	2.605486261385588	230.0	27	1.05	0.95				
	218	2	170.92916733473686	34.9044545908772	0.0	0.0	2	1.037589417723379	2.4359775429694093	230.0	27	1.05	0.95				
	219	1	92.9074453080702	18.99212970385965	0.0	0.0	2	1.0353510875890657	0.5038612028202337	230.0	25	1.05	0.95				
	220	1	65.70250275929826	13.345820872982458	0.0	0.0	2	1.0402301346846734	1.644649278556743	230.0	25	1.05	0.95				
	221	2	0.0	0.0	0.0	0.0	2	1.0382492785990185	2.5019037355373883	230.0	27	1.05	0.95				
	222	2	0.0	0.0	0.0	0.0	2	1.05	9.043351382261465	230.0	27	1.05	0.95				
	223	2	0.0	0.0	0.0	0.0	2	1.0441998296014043	2.6476415992670828	230.0	25	1.05	0.95				
	224	1	0.0	0.0	0.0	0.0	2	1.0126431869774237	-3.933821495270287	230.0	26	1.05	0.95				
	301	2	45.25340081684211	9.218285351578947	0.0	0.0	3	1.010124868706157	-7.140489149582947	138.0	31	1.05	0.95				
	302	2	40.64425814105263	8.380259410526318	0.0	0.0	3	1.0098601737856523	-7.343634650520109	138.0	32	1.05	0.95				
	303	1	75.42233469473685	15.503479909473686	0.0	0.0	3	1.0393056786702393	0.9627279341376801	138.0	31	1.05	0.95				
	304	1	31.006959818947372	6.285194557894737	0.0	0.0	3	1.0120467442591932	-6.193195378871792	138.0	31	1.05	0.95				
	305	1	29.74992090736842	5.866181587368422	0.0	0.0	3	1.0248744270249173	-7.22911886371508	138.0	31	1.05	0.95				
	306	1	56.98576399157895	11.732363174736845	0.0	-100.0	3	1.041198827269238	-7.787429584163946	138.0	32	1.05	0.95				
	307	2	52.37662131578947	10.475324263157896	0.0	0.0	3	0.9893850222167796	-12.193390783657485	138.0	32	1.05	0.95				
	308	1	71.65121796	14.665453968421053	0.0	0.0	3	0.997878506929911	-10.3313193588263	138.0	32	1.05	0.95				
	309	1	73.32726984210527	15.084466938947369	0.0	0.0	3	1.0265744155622005	-3.533507768409676	138.0	33	1.05	0.95				
	310	1	81.70752925263159	16.760518821052635	0.0	0.0	3	1.05	-5.967038969059556	138.0	33	1.05	0.95				
	311	1	0.0	0.0	0.0	0.0	3	1.0073851854952312	-0.9257652756506444	230.0	33	1.05	0.95				
	312	1	0.0	0.0	0.0	0.0	3	1.0118906480587961	-0.5095367241863898	230.0	33	1.05	0.95				
	313	2	111.03843718947368	22.626700408421055	0.0	0.0	3	1.0099844927885993	2.1638410620680966	230.0	34	1.05	0.95				
	314	2	81.28851628210526	16.341505850526318	0.0	0.0	3	1.0037276609534258	0.3125170265263682	230.0	36	1.05	0.95				
	315	2	132.8271116568421	26.816830113684215	0.0	0.0	3	1.0373185498133135	4.525345769613613	230.0	36	1.05	0.95				
	316	2	41.901297052631584	8.380259410526318	0.0	0.0	3	1.03510624608836	4.495475427604396	230.0	36	1.05	0.95				
	317	1	0.0	0.0	0.0	0.0	3	1.048338416461875	9.198355812244436	230.0	37	1.05	0.95				
	318	2	139.53131918526316	28.492881995789475	0.0	0.0	3	1.0462112714944662	7.225746894730279	230.0	37	1.05	0.95				
	319	1	75.84134766526316	15.503479909473686	0.0	0.0	3	1.027589380048975	3.6381519835588594	230.0	35	1.05	0.95				
	320	1	53.63366022736843	10.894337233684212	0.0	0.0	3	1.0238841137860701	3.7034741737839263	230.0	35	1.05	0.95				
	321	2	0.0	0.0	0.0	0.0	3	1.044417781437679	6.939463749914401	230.0	37	1.05	0.95				
	322	2	0.0	0.0	0.0	0.0	3	1.05	12.163824262936142	230.0	37	1.05	0.95				
	323	2	0.0	0.0	0.0	0.0	3	1.0223746777358136	4.065991517810579	230.0	35	1.05	0.95				
	324	1	0.0	0.0	0.0	0.0	3	1.0318568012273635	3.1788807960217755	230.0	36	1.05	0.95				
	325	1	0.0	0.0	0.0	0.0	3	1.0223804268895043	4.97123132530376	230.0	35	1.05	0.95				
];
