%% MATPOWER Case Format : Version 2
function mpc = RTS_GMLC
mpc.version = '2';

%%-----  Power Flow Data  -----%%
%% system MVA base
mpc.baseMVA = 100.0;
%% bus data
%    bus_i    type    Pd    Qd    Gs    Bs    area    Vm    Va    baseKV    zone    Vmax    Vmin
mpc.bus = [
	101	2	63.47204355789474	12.929490354385964	0.0	0.0	1	1.0402125800024378	0.3583645173527549	138.0	11	1.05	0.95				
	102	2	57.007298380701755	11.754082140350878	0.0	0.0	1	1.0397254261903492	0.20164437734091004	138.0	12	1.05	0.95				
	103	1	105.7867392631579	21.74505195964912	0.0	0.0	1	1.0235949310522534	-2.0913332229783728	138.0	11	1.05	0.95				
	104	1	43.49010391929824	8.815561605263158	0.0	0.0	1	1.0226124981373044	-2.9870946461831935	138.0	11	1.05	0.95				
	105	1	41.72699159824561	8.227857498245614	0.0	0.0	1	1.037084315494352	-2.977686580423435	138.0	11	1.05	0.95				
	106	1	79.92775855438596	16.455714996491228	0.0	-100.0	1	1.0423984530244044	-5.422292406215498	138.0	12	1.05	0.95				
	107	2	73.46301337719298	14.692602675438597	0.0	0.0	1	1.0180989569735523	-6.140198046871915	138.0	12	1.05	0.95				
	108	1	100.49740229999999	20.569643745614034	0.0	0.0	1	1.0113548530499117	-7.130834393778069	138.0	12	1.05	0.95				
	109	1	102.84821872807018	21.157347852631577	0.0	0.0	1	1.0252978236198094	-3.642166037771133	138.0	13	1.05	0.95				
	110	1	114.60230086842105	23.508164280701756	0.0	0.0	1	1.05	-4.536400215806127	138.0	13	1.05	0.95				
	111	1	0.0	0.0	0.0	0.0	1	1.007510806164907	-1.4694341590587088	230.0	13	1.05	0.95				
	112	1	0.0	0.0	0.0	0.0	1	1.011600596395397	-0.6266821520600003	230.0	13	1.05	0.95				
	113	3	155.7415883596491	31.73602177894737	0.0	0.0	1	1.0044280331094821	-1.182411495709706e-28	230.0	14	1.05	0.95				
	114	2	114.01459676140351	22.92046017368421	0.0	0.0	1	1.005032598090227	-0.03132435785401804	230.0	16	1.05	0.95				
	115	2	186.3022019245614	37.613062849122805	0.0	0.0	1	1.0360007036635974	5.78399455675146	230.0	16	1.05	0.95				
	116	2	58.770410701754386	11.754082140350878	0.0	0.0	1	1.0330479885509487	5.544222587919257	230.0	16	1.05	0.95				
	117	1	0.0	0.0	0.0	0.0	1	1.0389491196018261	7.432585492962633	230.0	17	1.05	0.95				
	118	2	195.7054676368421	39.96387927719298	0.0	0.0	1	1.0403386930340388	7.41700620239845	230.0	17	1.05	0.95				
	119	1	106.37444337017543	21.74505195964912	0.0	0.0	1	1.0277479969382415	4.884374276827943	230.0	15	1.05	0.95				
	120	1	75.22612569824561	15.28030678245614	0.0	0.0	1	1.0279031952296032	5.4411327520827655	230.0	15	1.05	0.95				
	121	2	0.0	0.0	0.0	0.0	1	1.0437446677828823	8.747852360760088	230.0	17	1.05	0.95				
	122	2	0.0	0.0	0.0	0.0	1	1.05	15.179621648567114	230.0	17	1.05	0.95				
	123	2	0.0	0.0	0.0	0.0	1	1.0294400826032104	6.193935183362091	230.0	15	1.05	0.95				
	124	1	0.0	0.0	0.0	0.0	1	1.0212981102189578	2.845135270358587	230.0	16	1.05	0.95				
	201	2	54.24649772210527	11.050212498947369	0.0	0.0	2	1.0322076906472921	-6.492720943923541	138.0	21	1.05	0.95				
	202	2	48.72139147263157	10.04564772631579	0.0	0.0	2	1.0325462207094382	-6.472391631528671	138.0	22	1.05	0.95				
	203	1	90.4108295368421	18.58444829368421	0.0	0.0	2	1.023412622106318	-5.9285724377871984	138.0	21	1.05	0.95				
	204	1	37.16889658736842	7.5342357947368415	0.0	0.0	2	1.0196328296098085	-8.673035438677823	138.0	21	1.05	0.95				
	205	1	35.66204942842105	7.031953408421053	0.0	0.0	2	1.0347284687850655	-8.839771119489114	138.0	21	1.05	0.95				
	206	1	68.31040453894738	14.063906816842106	0.0	-100.0	2	1.04367115246659	-10.6284188893584	138.0	22	1.05	0.95				
	207	2	62.78529828947368	12.557059657894737	0.0	0.0	2	0.9897454915852262	-18.18885640028231	138.0	22	1.05	0.95				
	208	1	85.89028806	17.57988352105263	0.0	0.0	2	0.9940104635242979	-15.856321138988388	138.0	22	1.05	0.95				
	209	1	87.89941760526317	18.08216590736842	0.0	0.0	2	1.0239379860769209	-8.432361757184944	138.0	23	1.05	0.95				
	210	1	97.94506533157895	20.09129545263158	0.0	0.0	2	1.05	-9.629550191071944	138.0	23	1.05	0.95				
	211	1	0.0	0.0	0.0	0.0	2	1.0087502821796064	-5.49863771921651	230.0	23	1.05	0.95				
	212	1	0.0	0.0	0.0	0.0	2	1.0100304271624687	-4.795986958767668	230.0	23	1.05	0.95				
	213	2	133.1048323736842	27.123248861052634	0.0	0.0	2	1.003882002800891	-4.442189112766005	230.0	24	1.05	0.95				
	214	2	97.44278294526315	19.58901306631579	0.0	0.0	2	1.0127895742153914	-2.8106812303445077	230.0	26	1.05	0.95				
	215	2	159.22351646210527	32.146072724210526	0.0	0.0	2	1.0330272910156937	4.089248627855864	230.0	26	1.05	0.95				
	216	2	50.22823863157895	10.04564772631579	0.0	0.0	2	1.0334926830137254	4.018471977706174	230.0	26	1.05	0.95				
	217	1	0.0	0.0	0.0	0.0	2	1.0387082592654935	6.637478197408573	230.0	27	1.05	0.95				
	218	2	167.2600346431579	34.15520226947369	0.0	0.0	2	1.0405715478479132	7.246948140344854	230.0	27	1.05	0.95				
	219	1	90.9131119231579	18.58444829368421	0.0	0.0	2	1.0311211922688666	3.3370602032342207	230.0	25	1.05	0.95				
	220	1	64.29214544842105	13.059342044210526	0.0	0.0	2	1.032795299017141	3.712603825275706	230.0	25	1.05	0.95				
	221	2	0.0	0.0	0.0	0.0	2	1.040308898862148	6.944759042196907	230.0	27	1.05	0.95				
	222	2	0.0	0.0	0.0	0.0	2	1.05	13.32651863047467	230.0	27	1.05	0.95				
	223	2	0.0	0.0	0.0	0.0	2	1.03468425712053	4.297908589689125	230.0	25	1.05	0.95				
	224	1	0.0	0.0	0.0	0.0	2	1.0170054568262765	0.3344083100434648	230.0	26	1.05	0.95				
	301	2	46.82505535578947	9.538437202105262	0.0	0.0	3	1.0086488778351652	-12.394705285316093	138.0	31	1.05	0.95				
	302	2	42.05583675473684	8.67130654736842	0.0	0.0	3	1.0082253982600948	-12.524079772551135	138.0	32	1.05	0.95				
	303	1	78.04175892631578	16.041917112631577	0.0	0.0	3	1.0253371876149882	-6.699394107385058	138.0	31	1.05	0.95				
	304	1	32.08383422526315	6.503479910526315	0.0	0.0	3	1.0099617633583449	-11.264543304632848	138.0	31	1.05	0.95				
	305	1	30.783138243157893	6.069914583157895	0.0	0.0	3	1.0236857492977833	-11.79477761323147	138.0	31	1.05	0.95				
	306	1	58.964884522105265	12.13982916631579	0.0	-100.0	3	1.0403458316224896	-11.981195870031073	138.0	32	1.05	0.95				
	307	2	54.19566592105263	10.839133184210525	0.0	0.0	3	0.9942497890467282	-16.886925039828984	138.0	32	1.05	0.95				
	308	1	74.13967097999999	15.174786457894735	0.0	0.0	3	0.9998373711518321	-14.925202791793755	138.0	32	1.05	0.95				
	309	1	75.87393228947367	15.608351785263155	0.0	0.0	3	1.0248319599246312	-8.451679778212199	138.0	33	1.05	0.95				
	310	1	84.5452388368421	17.34261309473684	0.0	0.0	3	1.05	-9.799648174322776	138.0	33	1.05	0.95				
	311	1	0.0	0.0	0.0	0.0	3	1.0060526309239795	-4.592812081139436	230.0	33	1.05	0.95				
	312	1	0.0	0.0	0.0	0.0	3	1.0097853528458947	-4.284405760983923	230.0	33	1.05	0.95				
	313	2	114.89481175263157	23.412527677894737	0.0	0.0	3	1.0083255721829802	-1.2599442802939913	230.0	34	1.05	0.95				
	314	2	84.11167350947368	16.90904776736842	0.0	0.0	3	1.0045680122538976	-2.862477935941144	230.0	36	1.05	0.95				
	315	2	137.44020877578947	27.748180951578945	0.0	0.0	3	1.025356293730994	-0.6219978553134395	230.0	36	1.05	0.95				
	316	2	43.3565327368421	8.67130654736842	0.0	0.0	3	1.0241995021012527	0.025715603362806785	230.0	36	1.05	0.95				
	317	1	0.0	0.0	0.0	0.0	3	1.0304807821453992	1.1947384485238943	230.0	37	1.05	0.95				
	318	2	144.3772540136842	29.482442261052633	0.0	0.0	3	1.029387885911196	0.7829470550126292	230.0	37	1.05	0.95				
	319	1	78.4753242536842	16.041917112631577	0.0	0.0	3	1.020822267045191	-0.17877884291828877	230.0	35	1.05	0.95				
	320	1	55.49636190315789	11.272698511578946	0.0	0.0	3	1.0193305754645263	-0.1525967396689363	230.0	35	1.05	0.95				
	321	2	0.0	0.0	0.0	0.0	3	1.0303952447006832	0.9735072656564406	230.0	37	1.05	0.95				
	322	2	0.0	0.0	0.0	0.0	3	1.0437505694286864	5.419156927510888	230.0	37	1.05	0.95				
	323	2	0.0	0.0	0.0	0.0	3	1.0188581988014487	0.09774959747690264	230.0	35	1.05	0.95				
	324	1	0.0	0.0	0.0	0.0	3	1.0184515102239313	-2.055324272212009	230.0	36	1.05	0.95				
	325	1	0.0	0.0	0.0	0.0	3	1.0193991809728982	0.8444909423286914	230.0	35	1.05	0.95				
];
