%% MATPOWER Case Format : Version 2
function mpc = RTS_GMLC
mpc.version = '2';

%%-----  Power Flow Data  -----%%
%% system MVA base
mpc.baseMVA = 100.0;
%% bus data
%    bus_i    type    Pd    Qd    Gs    Bs    area    Vm    Va    baseKV    zone    Vmax    Vmin
mpc.bus = [
	101	2	75.01484413894737	15.280801583859649	0.0	0.0	1	1.040648004278243	0.6063223446333915	138.0	11	1.05	0.95				
	102	2	67.37444334701755	13.891637803508772	0.0	0.0	1	1.0396307127940387	0.22156128364526712	138.0	12	1.05	0.95				
	103	1	125.02474023157895	25.699529936491228	0.0	0.0	1	1.0282864991572571	0.10852689512290589	138.0	11	1.05	0.95				
	104	1	51.399059872982455	10.418728352631579	0.0	0.0	1	1.0225204691711327	-3.2372402755403367	138.0	11	1.05	0.95				
	105	1	49.315314202456136	9.724146462456142	0.0	0.0	1	1.035045824822649	-3.716881587317015	138.0	11	1.05	0.95				
	106	1	94.46313706385966	19.448292924912284	0.0	-100.0	1	1.0385730680215657	-6.842009012714898	138.0	12	1.05	0.95				
	107	2	86.82273627192983	17.364547254385965	0.0	0.0	1	1.0309833955684131	-14.195856437383906	138.0	12	1.05	0.95				
	108	1	118.77350322	24.310366156140347	0.0	0.0	1	1.0128735029617364	-12.52633220240404	138.0	12	1.05	0.95				
	109	1	121.55183078070175	25.00494804631579	0.0	0.0	1	1.0263229859966174	-4.325426026351286	138.0	13	1.05	0.95				
	110	1	135.44346858421054	27.783275607017544	0.0	0.0	1	1.05	-5.951015448264351	138.0	13	1.05	0.95				
	111	1	0.0	0.0	0.0	0.0	1	1.0131740888032519	-1.3779896015410422	230.0	13	1.05	0.95				
	112	1	0.0	0.0	0.0	0.0	1	1.0166250437985866	-1.2041786994271308	230.0	13	1.05	0.95				
	113	3	184.06420089649123	37.507422069473684	0.0	0.0	1	1.0146631172728415	-2.1432683417167103e-30	230.0	14	1.05	0.95				
	114	2	134.7488866940351	27.088693716842105	0.0	0.0	1	1.0156896670163729	1.2258049423637964	230.0	16	1.05	0.95				
	115	2	220.18245918561402	44.45324097122807	0.0	0.0	1	1.0440640113100943	10.32127159041203	230.0	16	1.05	0.95				
	116	2	69.45818901754386	13.891637803508772	0.0	0.0	1	1.0416375849822956	9.075854230407502	230.0	16	1.05	0.95				
	117	1	0.0	0.0	0.0	0.0	1	1.0453238676595458	12.898920557369594	230.0	17	1.05	0.95				
	118	2	231.29576942842104	47.23156853192983	0.0	0.0	1	1.048708252677253	13.629465472690892	230.0	17	1.05	0.95				
	119	1	125.71932212175439	25.699529936491228	0.0	0.0	1	1.0354151958024622	6.765426709599632	230.0	15	1.05	0.95				
	120	1	88.90648194245614	18.059129144561403	0.0	0.0	1	1.035802069214374	5.566617247572018	230.0	15	1.05	0.95				
	121	2	0.0	0.0	0.0	0.0	1	1.05	15.595369446882906	230.0	17	1.05	0.95				
	122	2	0.0	0.0	0.0	0.0	1	1.05	22.907242022884482	230.0	17	1.05	0.95				
	123	2	0.0	0.0	0.0	0.0	1	1.0377453454873986	5.4255908298292495	230.0	15	1.05	0.95				
	124	1	0.0	0.0	0.0	0.0	1	1.0253684662173796	6.516026389169733	230.0	16	1.05	0.95				
	201	2	88.9601763031579	18.121517395087718	0.0	0.0	2	1.0411468305296256	-17.62660578795588	138.0	21	1.05	0.95				
	202	2	79.89941760561402	16.474106722807015	0.0	0.0	2	1.0453915668838292	-17.683621922086765	138.0	22	1.05	0.95				
	203	1	148.26696050526317	30.47709743719298	0.0	0.0	2	1.02159741185522	-14.450294237161033	138.0	21	1.05	0.95				
	204	1	60.95419487438596	12.355580042105261	0.0	0.0	2	1.0202523102459458	-18.461958676945137	138.0	21	1.05	0.95				
	205	1	58.4830788659649	11.531874705964912	0.0	0.0	2	1.035114435025934	-18.937296200366685	138.0	21	1.05	0.95				
	206	1	112.02392571508773	23.063749411929823	0.0	-100.0	2	1.0378311723192126	-20.438099604951837	138.0	22	1.05	0.95				
	207	2	102.96316701754384	20.59263340350877	0.0	0.0	2	0.95	-31.55027502930662	138.0	22	1.05	0.95				
	208	1	140.85361247999998	28.829686764912278	0.0	0.0	2	0.9558291240354811	-27.82626216472486	138.0	22	1.05	0.95				
	209	1	144.1484338245614	29.653392101052628	0.0	0.0	2	1.0263118971590335	-15.776512132304749	138.0	23	1.05	0.95				
	210	1	160.6225405473684	32.94821344561403	0.0	0.0	2	1.05	-17.678882159494112	138.0	23	1.05	0.95				
	211	1	0.0	0.0	0.0	0.0	2	1.033693869801412	-11.3391548953492	230.0	23	1.05	0.95				
	212	1	0.0	0.0	0.0	0.0	2	1.0263784027227763	-6.033116302951549	230.0	23	1.05	0.95				
	213	2	218.28191407719294	44.48008815157895	0.0	0.0	2	1.05	-8.199765793403724	230.0	24	1.05	0.95				
	214	2	159.79883521122804	32.12450810947368	0.0	0.0	2	1.05	-8.94675199174044	230.0	26	1.05	0.95				
	215	2	261.1145915564912	52.71714151298246	0.0	0.0	2	1.04460614850371	-0.48512983316993064	230.0	26	1.05	0.95				
	216	2	82.37053361403508	16.474106722807015	0.0	0.0	2	1.0484462258011735	-0.46751476437018746	230.0	26	1.05	0.95				
	217	1	0.0	0.0	0.0	0.0	2	1.0488987770459064	2.1769272073353094	230.0	27	1.05	0.95				
	218	2	274.29387693473683	56.011962857543864	0.0	0.0	2	1.049999948490631	2.1618710343514067	230.0	27	1.05	0.95				
	219	1	149.09066584140348	30.47709743719298	0.0	0.0	2	1.0424825925647234	0.13286168089233025	230.0	25	1.05	0.95				
	220	1	105.43428302596492	21.41633873964912	0.0	0.0	2	1.0451595885000542	2.1984503548629646	230.0	25	1.05	0.95				
	221	2	0.0	0.0	0.0	0.0	2	1.05	2.044205071828845	230.0	27	1.05	0.95				
	222	2	0.0	0.0	0.0	0.0	2	1.05	8.608736321901775	230.0	27	1.05	0.95				
	223	2	0.0	0.0	0.0	0.0	2	1.05	3.9266380036624766	230.0	25	1.05	0.95				
	224	1	0.0	0.0	0.0	0.0	2	1.0181325499669984	-5.661017853933473	230.0	26	1.05	0.95				
	301	2	78.05314773473684	15.899715279298245	0.0	0.0	3	1.004683509366479	7.109131939705136	138.0	31	1.05	0.95				
	302	2	70.10329009508771	14.45428661754386	0.0	0.0	3	1.005897757552825	6.970487123216714	138.0	32	1.05	0.95				
	303	1	130.08857955789472	26.740430242456135	0.0	0.0	3	1.0235257627435383	14.12392305528379	138.0	31	1.05	0.95				
	304	1	53.48086048491227	10.840714963157893	0.0	0.0	3	1.0012330700521979	9.752191233626238	138.0	31	1.05	0.95				
	305	1	51.312717492280704	10.118000632280703	0.0	0.0	3	1.0134792657121574	8.821553274980078	138.0	31	1.05	0.95				
	306	1	98.28914899929825	20.236001264561406	0.0	-100.0	3	1.0260164305172226	8.994642684264011	138.0	32	1.05	0.95				
	307	2	90.33929135964912	18.067858271929822	0.0	0.0	3	0.9820880785084709	3.5256824804968354	138.0	32	1.05	0.95				
	308	1	123.58415057999999	25.295001580701754	0.0	0.0	3	0.9874088583744224	6.9536206130936	138.0	32	1.05	0.95				
	309	1	126.47500790350877	26.017715911578943	0.0	0.0	3	1.0250974436244553	14.98207024523064	138.0	33	1.05	0.95				
	310	1	140.92929452105264	28.90857323508772	0.0	0.0	3	1.0440819249519222	12.879517270306774	138.0	33	1.05	0.95				
	311	1	0.0	0.0	0.0	0.0	3	1.0130544969169137	20.383391568572115	230.0	33	1.05	0.95				
	312	1	0.0	0.0	0.0	0.0	3	1.0178405568496651	21.324459315205242	230.0	33	1.05	0.95				
	313	2	191.5192976824561	39.02657386736842	0.0	0.0	3	1.0348793309660411	27.712547424997236	230.0	34	1.05	0.95				
	314	2	140.20658019017543	28.185858904210527	0.0	0.0	3	1.0166351938289715	20.299312331260758	230.0	36	1.05	0.95				
	315	2	229.10044288807018	46.253717176140356	0.0	0.0	3	1.040412120865615	17.362665501636055	230.0	36	1.05	0.95				
	316	2	72.27143308771929	14.45428661754386	0.0	0.0	3	1.0387796218619028	18.626779873978933	230.0	36	1.05	0.95				
	317	1	0.0	0.0	0.0	0.0	3	1.05	20.65177862424518	230.0	37	1.05	0.95				
	318	2	240.66387218210528	49.144574499649124	0.0	0.0	3	1.0465031265321951	17.619531091836453	230.0	37	1.05	0.95				
	319	1	130.81129388877193	26.740430242456135	0.0	0.0	3	1.0361239521292946	20.01814230324394	230.0	35	1.05	0.95				
	320	1	92.50743435228071	18.790572602807018	0.0	0.0	3	1.0366721442916178	21.035991019499903	230.0	35	1.05	0.95				
	321	2	0.0	0.0	0.0	0.0	3	1.0453091491208328	18.18756014890425	230.0	37	1.05	0.95				
	322	2	0.0	0.0	0.0	0.0	3	1.05	23.496801373663985	230.0	37	1.05	0.95				
	323	2	0.0	0.0	0.0	0.0	3	1.036852087661668	21.24549711727861	230.0	35	1.05	0.95				
	324	1	0.0	0.0	0.0	0.0	3	1.0307171163676352	18.190919706161704	230.0	36	1.05	0.95				
	325	1	0.0	0.0	0.0	0.0	3	1.0394131532280573	20.771100749186363	230.0	35	1.05	0.95				
];
