%% MATPOWER Case Format : Version 2
function mpc = RTS_GMLC
mpc.version = '2';

%%-----  Power Flow Data  -----%%
%% system MVA base
mpc.baseMVA = 100.0;
%% bus data
%    bus_i    type    Pd    Qd    Gs    Bs    area    Vm    Va    baseKV    zone    Vmax    Vmin
mpc.bus = [
	101	2	98.86194951157896	20.13854527087719	0.0	0.0	1	1.04045130134997	-5.795661600599561	138.0	11	1.05	0.95				
	102	2	88.79267687614035	18.307768428070176	0.0	0.0	1	1.0403065297685976	-5.910374990254355	138.0	12	1.05	0.95				
	103	1	164.76991585263156	33.86937159192983	0.0	0.0	1	1.0189354134840598	-5.687167837593413	138.0	11	1.05	0.95				
	104	1	67.73874318385965	13.73082632105263	0.0	0.0	1	1.017329189692063	-8.610500862705644	138.0	11	1.05	0.95				
	105	1	64.99257791964912	12.815437899649124	0.0	0.0	1	1.0330550792293778	-8.803998716509717	138.0	11	1.05	0.95				
	106	1	124.4928253108772	25.63087579929825	0.0	-100.0	1	1.03312457997286	-11.326943427480069	138.0	12	1.05	0.95				
	107	2	114.4235526754386	22.88471053508772	0.0	0.0	1	1.05	-6.070269779439138	138.0	12	1.05	0.95				
	108	1	156.53142006	32.03859474912281	0.0	0.0	1	1.0205978824678235	-9.772817125070729	138.0	12	1.05	0.95				
	109	1	160.19297374561404	32.953983170526314	0.0	0.0	1	1.0276990990435224	-7.30818230949165	138.0	13	1.05	0.95				
	110	1	178.5007421736842	36.61553685614035	0.0	0.0	1	1.05	-8.99405684401696	138.0	13	1.05	0.95				
	111	1	0.0	0.0	0.0	0.0	1	1.0213569135885654	-3.5280161179057314	230.0	13	1.05	0.95				
	112	1	0.0	0.0	0.0	0.0	1	1.0206746099852448	-2.1697365120762773	230.0	13	1.05	0.95				
	113	3	242.57793167192983	49.43097475578948	0.0	0.0	1	1.0299918138685222	4.278872998401781e-29	230.0	14	1.05	0.95				
	114	2	177.5853537522807	35.70014843473684	0.0	0.0	1	1.0286589532287203	-2.049098354610682	230.0	16	1.05	0.95				
	115	2	290.17812958491226	58.58485896982456	0.0	0.0	1	1.044384294599954	5.773551484414537	230.0	16	1.05	0.95				
	116	2	91.53884214035088	18.307768428070176	0.0	0.0	1	1.0457602105185158	5.643305131941222	230.0	16	1.05	0.95				
	117	1	0.0	0.0	0.0	0.0	1	1.0480113118730021	8.773402721800615	230.0	17	1.05	0.95				
	118	2	304.8243443273684	62.2464126554386	0.0	0.0	1	1.0499356835951006	9.280835515071677	230.0	17	1.05	0.95				
	119	1	165.6853042740351	33.86937159192983	0.0	0.0	1	1.040990887455	4.962828568046677	230.0	15	1.05	0.95				
	120	1	117.16971793964912	23.80009895649123	0.0	0.0	1	1.0447229306160457	5.818662579557554	230.0	15	1.05	0.95				
	121	2	0.0	0.0	0.0	0.0	1	1.05	10.116661115090324	230.0	17	1.05	0.95				
	122	2	0.0	0.0	0.0	0.0	1	1.05	17.71893070543997	230.0	17	1.05	0.95				
	123	2	0.0	0.0	0.0	0.0	1	1.0498486872437418	6.950490716308493	230.0	15	1.05	0.95				
	124	1	0.0	0.0	0.0	0.0	1	1.0205004022638509	1.5403210708000914	230.0	16	1.05	0.95				
	201	2	85.96820398736843	17.512041552982456	0.0	0.0	2	1.0375571112766289	-6.639047367551527	138.0	21	1.05	0.95				
	202	2	77.2121832108772	15.920037775438601	0.0	0.0	2	1.038918224208775	-6.737637965877717	138.0	22	1.05	0.95				
	203	1	143.28033997894738	29.452069884561404	0.0	0.0	2	1.0283896565553234	-5.552947360718061	138.0	21	1.05	0.95				
	204	1	58.90413976912281	11.940028331578947	0.0	0.0	2	1.019089982533071	-8.154702535556362	138.0	21	1.05	0.95				
	205	1	56.51613410280702	11.14402644280702	0.0	0.0	2	1.033632835788142	-8.382585457572228	138.0	21	1.05	0.95				
	206	1	108.25625687298248	22.28805288561404	0.0	-100.0	2	1.036955084445065	-10.108658675288165	138.0	22	1.05	0.95				
	207	2	99.50023609649124	19.900047219298248	0.0	0.0	2	0.95	-22.046186375902696	138.0	22	1.05	0.95				
	208	1	136.11632298	27.860066107017545	0.0	0.0	2	0.9567968139155563	-18.062828238941027	138.0	22	1.05	0.95				
	209	1	139.3003305350877	28.656067995789474	0.0	0.0	2	1.0282812006668542	-6.105963739161414	138.0	23	1.05	0.95				
	210	1	155.2203683105263	31.840075550877202	0.0	0.0	2	1.05	-7.645874834152353	138.0	23	1.05	0.95				
	211	1	0.0	0.0	0.0	0.0	2	1.0321928648472352	-1.4661968365093123	230.0	23	1.05	0.95				
	212	1	0.0	0.0	0.0	0.0	2	1.0285892940014008	3.1520655600856062	230.0	23	1.05	0.95				
	213	2	210.94050052456143	42.98410199368421	0.0	0.0	2	1.0480223151424688	2.918194104366507	230.0	24	1.05	0.95				
	214	2	154.4243664217544	31.044073662105266	0.0	0.0	2	1.0472774868052936	-0.11487033895712646	230.0	26	1.05	0.95				
	215	2	252.33259874070177	50.94412088140351	0.0	0.0	2	1.0468413833161183	6.404903863959629	230.0	26	1.05	0.95				
	216	2	79.60018887719299	15.920037775438601	0.0	0.0	2	1.0496177622822758	6.700833411305145	230.0	26	1.05	0.95				
	217	1	0.0	0.0	0.0	0.0	2	1.05	9.162181451341539	230.0	27	1.05	0.95				
	218	2	265.06862896105264	54.12812843649124	0.0	0.0	2	1.0493116557300017	9.960001333896201	230.0	27	1.05	0.95				
	219	1	144.07634186771932	29.452069884561404	0.0	0.0	2	1.043794115567921	6.756463064402372	230.0	25	1.05	0.95				
	220	1	101.88824176280701	20.696049108070177	0.0	0.0	2	1.0459551110179905	8.292627697322015	230.0	25	1.05	0.95				
	221	2	0.0	0.0	0.0	0.0	2	1.05	10.493779217318401	230.0	27	1.05	0.95				
	222	2	0.0	0.0	0.0	0.0	2	1.05	16.483208412205276	230.0	27	1.05	0.95				
	223	2	0.0	0.0	0.0	0.0	2	1.05	9.712445878834675	230.0	25	1.05	0.95				
	224	1	0.0	0.0	0.0	0.0	2	1.0248712972078111	1.9569601015125064	230.0	26	1.05	0.95				
	301	2	90.76304967157897	18.48876937754386	0.0	0.0	3	1.009422737098154	-16.94182005035442	138.0	31	1.05	0.95				
	302	2	81.51866498280702	16.807972161403512	0.0	0.0	3	1.0096412526995284	-17.423325567390165	138.0	32	1.05	0.95				
	303	1	151.2717494526316	31.09474849859649	0.0	0.0	3	1.008563131177032	-10.957606218958054	138.0	31	1.05	0.95				
	304	1	62.18949699719298	12.605979121052632	0.0	0.0	3	0.9947704290568512	-15.93328280259538	138.0	31	1.05	0.95				
	305	1	59.66830117298246	11.765580512982458	0.0	0.0	3	1.0104119140231296	-16.189929380098402	138.0	31	1.05	0.95				
	306	1	114.29421069754389	23.531161025964916	0.0	-100.0	3	1.0165659133333829	-16.71321007356368	138.0	32	1.05	0.95				
	307	2	105.04982600877196	21.009965201754387	0.0	0.0	3	0.9877194545369983	-19.106475649289074	138.0	32	1.05	0.95				
	308	1	143.70816198	29.41395128245614	0.0	0.0	3	0.9846088043588699	-17.55335874779543	138.0	32	1.05	0.95				
	309	1	147.0697564122807	30.254349890526317	0.0	0.0	3	1.013201534834714	-11.182014144469548	138.0	33	1.05	0.95				
	310	1	163.87772857368424	33.615944322807024	0.0	0.0	3	1.0352517600738202	-12.670305828439957	138.0	33	1.05	0.95				
	311	1	0.0	0.0	0.0	0.0	3	1.0082845125013793	-4.780226769587102	230.0	33	1.05	0.95				
	312	1	0.0	0.0	0.0	0.0	3	1.00897665589325	-3.451309240840453	230.0	33	1.05	0.95				
	313	2	222.70563113859652	45.381524835789484	0.0	0.0	3	1.029429909060703	1.933150240933516	230.0	34	1.05	0.95				
	314	2	163.03732996561405	32.77554571473685	0.0	0.0	3	1.019053503155181	-3.715179564387886	230.0	36	1.05	0.95				
	315	2	266.40635875824563	53.78551091649123	0.0	0.0	3	1.0447219487619595	0.2014811084774392	230.0	36	1.05	0.95				
	316	2	84.03986080701755	16.807972161403512	0.0	0.0	3	1.040364667769411	0.16531019486905943	230.0	36	1.05	0.95				
	317	1	0.0	0.0	0.0	0.0	3	1.0451219027063932	2.216947327993464	230.0	37	1.05	0.95				
	318	2	279.8527364873685	57.147105348771944	0.0	0.0	3	1.046367338316454	2.4022385097470313	230.0	37	1.05	0.95				
	319	1	152.11214806070177	31.09474849859649	0.0	0.0	3	1.0350862578453779	0.5471381264892307	230.0	35	1.05	0.95				
	320	1	107.57102183298247	21.850363809824564	0.0	0.0	3	1.0350202097822554	1.1591661927006756	230.0	35	1.05	0.95				
	321	2	0.0	0.0	0.0	0.0	3	1.0498005968093782	3.5788224748294595	230.0	37	1.05	0.95				
	322	2	0.0	0.0	0.0	0.0	3	1.05	8.818349676865912	230.0	37	1.05	0.95				
	323	2	0.0	0.0	0.0	0.0	3	1.036929459246002	1.859615167038112	230.0	35	1.05	0.95				
	324	1	0.0	0.0	0.0	0.0	3	1.0196591710970209	-2.0808843041787513	230.0	36	1.05	0.95				
	325	1	0.0	0.0	0.0	0.0	3	1.0366265897571239	2.5595726952668834	230.0	35	1.05	0.95				
];
