%% MATPOWER Case Format : Version 2
function mpc = RTS_GMLC
mpc.version = '2';

%%-----  Power Flow Data  -----%%
%% system MVA base
mpc.baseMVA = 100.0;
%% bus data
%    bus_i    type    Pd    Qd    Gs    Bs    area    Vm    Va    baseKV    zone    Vmax    Vmin
mpc.bus = [
	101	2	58.02127658526316	11.819148934035088	0.0	0.0	1	1.0288217900661094	0.9636663439882404	138.0	11	1.05	0.95				
	102	2	52.11170211824562	10.744680849122808	0.0	0.0	1	1.0283744880142789	0.7949891270166862	138.0	12	1.05	0.95				
	103	1	96.70212764210527	19.877659570877192	0.0	0.0	1	1.025861704178522	0.05853797344453613	138.0	11	1.05	0.95				
	104	1	39.755319141754384	8.058510636842104	0.0	0.0	1	1.0177170856514997	-2.2915498827975993	138.0	11	1.05	0.95				
	105	1	38.14361701438597	7.521276594385966	0.0	0.0	1	1.0320372923139804	-2.206393218620966	138.0	11	1.05	0.95				
	106	1	73.0638297740351	15.042553188771931	0.0	-100.0	1	1.0411844604322091	-4.510720724016185	138.0	12	1.05	0.95				
	107	2	67.15425530701755	13.430851061403509	0.0	0.0	1	1.0234419287095884	-6.8605622153631	138.0	12	1.05	0.95				
	108	1	91.86702126	18.803191485964913	0.0	0.0	1	1.0157248454146035	-6.980600698833132	138.0	12	1.05	0.95				
	109	1	94.01595742982455	19.34042552842105	0.0	0.0	1	1.0257399425556915	-2.6268916336005326	138.0	13	1.05	0.95				
	110	1	104.76063827894737	21.489361698245617	0.0	0.0	1	1.05	-3.7095531736930174	138.0	13	1.05	0.95				
	111	1	0.0	0.0	0.0	0.0	1	1.0074682805709922	-0.3892746296083206	230.0	13	1.05	0.95				
	112	1	0.0	0.0	0.0	0.0	1	1.0127626140199089	-0.17478261858087865	230.0	13	1.05	0.95				
	113	3	142.3670212508772	29.01063829263158	0.0	0.0	1	1.00376552831709	-7.826892627167696e-29	230.0	14	1.05	0.95				
	114	2	104.22340423649123	20.952127655789475	0.0	0.0	1	1.0060052474134709	2.1548204060896956	230.0	16	1.05	0.95				
	115	2	170.3031914585965	34.382978717192984	0.0	0.0	1	1.042483184153139	9.541873901055636	230.0	16	1.05	0.95				
	116	2	53.723404245614034	10.744680849122808	0.0	0.0	1	1.039932360154195	8.869964723852314	230.0	16	1.05	0.95				
	117	1	0.0	0.0	0.0	0.0	1	1.04372952606077	11.930169447053	230.0	17	1.05	0.95				
	118	2	178.89893613789474	36.53191488701755	0.0	0.0	1	1.047298884028722	11.938343111912559	230.0	17	1.05	0.95				
	119	1	97.23936168456142	19.877659570877192	0.0	0.0	1	1.033456188354467	6.989247211533103	230.0	15	1.05	0.95				
	120	1	68.76595743438597	13.96808510385965	0.0	0.0	1	1.0325105626789624	6.3749793758700095	230.0	15	1.05	0.95				
	121	2	0.0	0.0	0.0	0.0	1	1.05	13.184031093521728	230.0	17	1.05	0.95				
	122	2	0.0	0.0	0.0	0.0	1	1.05	24.312218791060925	230.0	17	1.05	0.95				
	123	2	0.0	0.0	0.0	0.0	1	1.03297698739829	6.442990991314477	230.0	15	1.05	0.95				
	124	1	0.0	0.0	0.0	0.0	1	1.0243593533382953	6.013301045172974	230.0	16	1.05	0.95				
	201	2	70.39634816842106	14.339996849122807	0.0	0.0	2	1.0334941201479413	-15.392101469574497	138.0	21	1.05	0.95				
	202	2	63.22634974385964	13.036360771929825	0.0	0.0	2	1.033742952649363	-15.498497934026783	138.0	22	1.05	0.95				
	203	1	117.32724694736842	24.117267428070175	0.0	0.0	2	1.0195966003699424	-12.054908376498693	138.0	21	1.05	0.95				
	204	1	48.23453485614035	9.777270578947368	0.0	0.0	2	1.0168694746536042	-17.517449577640157	138.0	21	1.05	0.95				
	205	1	46.27908074035088	9.125452540350878	0.0	0.0	2	1.0332937377781886	-17.92768561845093	138.0	21	1.05	0.95				
	206	1	88.64725324912281	18.250905080701756	0.0	-100.0	2	1.0396037395333113	-19.967836473376302	138.0	22	1.05	0.95				
	207	2	81.47725482456141	16.29545096491228	0.0	0.0	2	0.980495614068807	-29.734424551405965	138.0	22	1.05	0.95				
	208	1	111.46088460000001	22.81363135087719	0.0	0.0	2	0.9812868811605433	-26.558515222185264	138.0	22	1.05	0.95				
	209	1	114.06815675438597	23.465449389473683	0.0	0.0	2	1.0232671367773898	-16.522835717153026	138.0	23	1.05	0.95				
	210	1	127.1045175263158	26.07272154385965	0.0	0.0	2	1.05	-18.442036892522488	138.0	23	1.05	0.95				
	211	1	0.0	0.0	0.0	0.0	2	1.0208969251050806	-12.847972541545108	230.0	23	1.05	0.95				
	212	1	0.0	0.0	0.0	0.0	2	1.0166585893055367	-11.8124667507403	230.0	23	1.05	0.95				
	213	2	172.73178022807016	35.19817408421053	0.0	0.0	2	1.0245597072061046	-11.407195056306445	230.0	24	1.05	0.95				
	214	2	126.45269948771929	25.42090350526316	0.0	0.0	2	1.0340481404309299	-9.55528562649984	230.0	26	1.05	0.95				
	215	2	206.62631823508772	41.71635447017544	0.0	0.0	2	1.0385940766876032	-0.6299520701439884	230.0	26	1.05	0.95				
	216	2	65.18180385964912	13.036360771929825	0.0	0.0	2	1.0425891136698093	-0.881998311121564	230.0	26	1.05	0.95				
	217	1	0.0	0.0	0.0	0.0	2	1.043660045115655	2.4424495773618076	230.0	27	1.05	0.95				
	218	2	217.0554068526316	44.323626624561406	0.0	0.0	2	1.0449933484155283	2.64670737830675	230.0	27	1.05	0.95				
	219	1	117.97906498596491	24.117267428070175	0.0	0.0	2	1.0414322796962958	-1.4433480143001427	230.0	25	1.05	0.95				
	220	1	83.43270894035088	16.947269003508772	0.0	0.0	2	1.0458294348598007	-0.7049958100557724	230.0	25	1.05	0.95				
	221	2	0.0	0.0	0.0	0.0	2	1.0446133452883561	2.3196771953735937	230.0	27	1.05	0.95				
	222	2	0.0	0.0	0.0	0.0	2	1.05	8.87495426637818	230.0	27	1.05	0.95				
	223	2	0.0	0.0	0.0	0.0	2	1.05	0.1734965158811114	230.0	25	1.05	0.95				
	224	1	0.0	0.0	0.0	0.0	2	1.0172417079388116	-4.8758565020691815	230.0	26	1.05	0.95				
	301	2	47.55963304421053	9.688073397894737	0.0	0.0	3	1.0062691280059226	-14.493282635615904	138.0	31	1.05	0.95				
	302	2	42.71559634526316	8.80733945263158	0.0	0.0	3	1.0061174655467584	-14.602561017116852	138.0	32	1.05	0.95				
	303	1	79.2660550736842	16.293577987368423	0.0	0.0	3	1.025943807150984	-8.854242322925524	138.0	31	1.05	0.95				
	304	1	32.587155974736845	6.605504589473683	0.0	0.0	3	1.0102828713969105	-12.981069356153172	138.0	31	1.05	0.95				
	305	1	31.266055056842102	6.165137616842106	0.0	0.0	3	1.0224128401483552	-14.007544219931116	138.0	31	1.05	0.95				
	306	1	59.88990827789474	12.330275233684212	0.0	-100.0	3	1.039642613604036	-14.2560452909728	138.0	32	1.05	0.95				
	307	2	55.04587157894737	11.009174315789473	0.0	0.0	3	0.9923584621575896	-18.86186158148169	138.0	32	1.05	0.95				
	308	1	75.30275232	15.412844042105261	0.0	0.0	3	0.9989964730124028	-16.878165741254744	138.0	32	1.05	0.95				
	309	1	77.06422021052632	15.85321101473684	0.0	0.0	3	1.0277937096543615	-9.861117448680849	138.0	33	1.05	0.95				
	310	1	85.8715596631579	17.61467890526316	0.0	0.0	3	1.05	-12.104203556642075	138.0	33	1.05	0.95				
	311	1	0.0	0.0	0.0	0.0	3	1.0096856180583316	-6.316523912142566	230.0	33	1.05	0.95				
	312	1	0.0	0.0	0.0	0.0	3	1.0126472239976438	-5.914806052186536	230.0	33	1.05	0.95				
	313	2	116.69724774736841	23.779816522105264	0.0	0.0	3	1.0120518806224248	-3.001307664678281	230.0	34	1.05	0.95				
	314	2	85.43119269052632	17.17431193263158	0.0	0.0	3	1.0109433500621579	-4.459046345692316	230.0	36	1.05	0.95				
	315	2	139.5963303242105	28.18348624842105	0.0	0.0	3	1.040071665294244	0.3170062976048635	230.0	36	1.05	0.95				
	316	2	44.03669726315789	8.80733945263158	0.0	0.0	3	1.038745571556616	0.7428014263987643	230.0	36	1.05	0.95				
	317	1	0.0	0.0	0.0	0.0	3	1.048429376427757	4.1448393587662595	230.0	37	1.05	0.95				
	318	2	146.64220188631577	29.94495413894737	0.0	0.0	3	1.0468883060365624	2.92664481334346	230.0	37	1.05	0.95				
	319	1	79.70642204631578	16.293577987368423	0.0	0.0	3	1.0325505604795984	-0.2685984921872552	230.0	35	1.05	0.95				
	320	1	56.3669724968421	11.449541288421052	0.0	0.0	3	1.030259220810707	-0.30412830166916127	230.0	35	1.05	0.95				
	321	2	0.0	0.0	0.0	0.0	3	1.046762484566064	3.1457314879246745	230.0	37	1.05	0.95				
	322	2	0.0	0.0	0.0	0.0	3	1.05	7.878311804421338	230.0	37	1.05	0.95				
	323	2	0.0	0.0	0.0	0.0	3	1.0295904299672776	0.013760945030990337	230.0	35	1.05	0.95				
	324	1	0.0	0.0	0.0	0.0	3	1.0232679831474158	-3.103308869274403	230.0	36	1.05	0.95				
	325	1	0.0	0.0	0.0	0.0	3	1.027770391166528	1.1285077265788663	230.0	35	1.05	0.95				
];
