%% MATPOWER Case Format : Version 2
function mpc = RTS_GMLC
mpc.version = '2';

%%-----  Power Flow Data  -----%%
%% system MVA base
mpc.baseMVA = 100.0;
%% bus data
%    bus_i    type    Pd    Qd    Gs    Bs    area    Vm    Va    baseKV    zone    Vmax    Vmin
mpc.bus = [
	101	2	78.48837208421054	15.98837209122807	0.0	0.0	1	1.0319527663855503	-1.8464251754184442	138.0	11	1.05	0.95				
	102	2	70.4941860385965	14.534883719298247	0.0	0.0	1	1.0319500366038257	-1.9096622271568011	138.0	12	1.05	0.95				
	103	1	130.8139534736842	26.889534880701753	0.0	0.0	1	1.0206051746689795	-2.167990650570923	138.0	11	1.05	0.95				
	104	1	53.779069761403505	10.901162789473684	0.0	0.0	1	1.0161882189735023	-4.768696037333183	138.0	11	1.05	0.95				
	105	1	51.59883720350877	10.174418603508775	0.0	0.0	1	1.0312647719490733	-4.820833713988288	138.0	11	1.05	0.95				
	106	1	98.83720929122808	20.34883720701755	0.0	-100.0	1	1.0366994293118947	-7.148177529776576	138.0	12	1.05	0.95				
	107	2	90.84302324561403	18.16860464912281	0.0	0.0	1	1.0475927249642871	-3.80404394576402	138.0	12	1.05	0.95				
	108	1	124.27325579999999	25.43604650877193	0.0	0.0	1	1.024851797989195	-6.48804406875722	138.0	12	1.05	0.95				
	109	1	127.18023254385966	26.16279069473684	0.0	0.0	1	1.0265691039596772	-4.163534446481659	138.0	13	1.05	0.95				
	110	1	141.71511626315788	29.069767438596493	0.0	0.0	1	1.05	-5.538694728106459	138.0	13	1.05	0.95				
	111	1	0.0	0.0	0.0	0.0	1	1.0135991989791076	-1.3100301306789464	230.0	13	1.05	0.95				
	112	1	0.0	0.0	0.0	0.0	1	1.0158474099398458	-0.5402105702244744	230.0	13	1.05	0.95				
	113	3	192.58720928070176	39.24418604210527	0.0	0.0	1	1.0137436000421245	-1.625593593388807e-28	230.0	14	1.05	0.95				
	114	2	140.988372077193	28.343023252631582	0.0	0.0	1	1.016785164640948	1.130579207612092	230.0	16	1.05	0.95				
	115	2	230.37790695087722	46.51162790175439	0.0	0.0	1	1.0455632625809055	9.327625857692329	230.0	16	1.05	0.95				
	116	2	72.67441859649124	14.534883719298247	0.0	0.0	1	1.0442803804407672	8.933860419135254	230.0	16	1.05	0.95				
	117	1	0.0	0.0	0.0	0.0	1	1.0471331895490898	12.251713159595761	230.0	17	1.05	0.95				
	118	2	242.0058139263158	49.41860464561404	0.0	0.0	1	1.0497046612340768	12.755921581712702	230.0	17	1.05	0.95				
	119	1	131.54069765964914	26.889534880701753	0.0	0.0	1	1.0384439676440866	7.502746852363192	230.0	15	1.05	0.95				
	120	1	93.02325580350877	18.895348835087724	0.0	0.0	1	1.039892035392549	7.628206638389562	230.0	15	1.05	0.95				
	121	2	0.0	0.0	0.0	0.0	1	1.05	13.307616408940941	230.0	17	1.05	0.95				
	122	2	0.0	0.0	0.0	0.0	1	1.05	21.963302838481308	230.0	17	1.05	0.95				
	123	2	0.0	0.0	0.0	0.0	1	1.0426280749087418	8.23336997718594	230.0	15	1.05	0.95				
	124	1	0.0	0.0	0.0	0.0	1	1.0218005154869307	5.079267347269805	230.0	16	1.05	0.95				
	201	2	82.48323626526317	16.802140720701754	0.0	0.0	2	1.0420321581975158	-11.842757346109778	138.0	21	1.05	0.95				
	202	2	74.08216590491227	15.274673382456141	0.0	0.0	2	1.0420570947427228	-11.999437721754726	138.0	22	1.05	0.95				
	203	1	137.47206044210526	28.25814575754386	0.0	0.0	2	1.0261032598656523	-8.365993386136253	138.0	21	1.05	0.95				
	204	1	56.51629151508772	11.456005036842106	0.0	0.0	2	1.0194917317960932	-13.72613359654932	138.0	21	1.05	0.95				
	205	1	54.2250905077193	10.6922713677193	0.0	0.0	2	1.0362477380271595	-14.149859417158746	138.0	21	1.05	0.95				
	206	1	103.86777900070176	21.3845427354386	0.0	-100.0	2	1.0384913826794433	-16.175562869350927	138.0	22	1.05	0.95				
	207	2	95.46670864035089	19.093341728070175	0.0	0.0	2	0.955432800261122	-27.686018836954187	138.0	22	1.05	0.95				
	208	1	130.59845742	26.730678419298243	0.0	0.0	2	0.9610035578742995	-23.852690133148155	138.0	22	1.05	0.95				
	209	1	133.65339209649122	27.494412088421054	0.0	0.0	2	1.025206178970898	-12.06284966301792	138.0	23	1.05	0.95				
	210	1	148.92806547894736	30.549346764912283	0.0	0.0	2	1.05	-14.106585579247408	138.0	23	1.05	0.95				
	211	1	0.0	0.0	0.0	0.0	2	1.0297188073900956	-7.116082194588236	230.0	23	1.05	0.95				
	212	1	0.0	0.0	0.0	0.0	2	1.0217321781099384	-5.904809298672043	230.0	23	1.05	0.95				
	213	2	202.38942231754385	41.24161813263159	0.0	0.0	2	1.0431009272584424	-3.5713785465257755	230.0	24	1.05	0.95				
	214	2	148.16433180982455	29.785613095789476	0.0	0.0	2	1.047763463882015	-4.479943831661115	230.0	26	1.05	0.95				
	215	2	242.10357311192982	48.87895482385965	0.0	0.0	2	1.044376866764748	3.9940411861549334	230.0	26	1.05	0.95				
	216	2	76.3733669122807	15.274673382456141	0.0	0.0	2	1.0488452327960573	3.971687125871119	230.0	26	1.05	0.95				
	217	1	0.0	0.0	0.0	0.0	2	1.0491923706360262	7.316014798057763	230.0	27	1.05	0.95				
	218	2	254.32331181789473	51.93388950035088	0.0	0.0	2	1.05	8.015821823971077	230.0	27	1.05	0.95				
	219	1	138.23579411122807	28.25814575754386	0.0	0.0	2	1.043890245882374	3.429228211830854	230.0	25	1.05	0.95				
	220	1	97.7579096477193	19.857075397192983	0.0	0.0	2	1.046297097807923	4.384129709967999	230.0	25	1.05	0.95				
	221	2	0.0	0.0	0.0	0.0	2	1.05	8.40007266016374	230.0	27	1.05	0.95				
	222	2	0.0	0.0	0.0	0.0	2	1.05	14.48668418913459	230.0	27	1.05	0.95				
	223	2	0.0	0.0	0.0	0.0	2	1.05	5.462515152535391	230.0	25	1.05	0.95				
	224	1	0.0	0.0	0.0	0.0	2	1.0219619018822332	-0.6047591420053056	230.0	26	1.05	0.95				
	301	2	62.69534958315791	12.771274915087721	0.0	0.0	3	1.0120856818251165	-14.57968372134982	138.0	31	1.05	0.95				
	302	2	56.30971212561404	11.61024992280702	0.0	0.0	3	1.0108206672981577	-14.83132316744432	138.0	32	1.05	0.95				
	303	1	104.49224930526317	21.478962357192984	0.0	0.0	3	1.0427518569366199	-3.4926055261915105	138.0	31	1.05	0.95				
	304	1	42.95792471438597	8.707687442105264	0.0	0.0	3	1.009587673750361	-13.011099603914367	138.0	31	1.05	0.95				
	305	1	41.216387225964915	8.127174945964914	0.0	0.0	3	1.0234840074948055	-14.549540201987204	138.0	31	1.05	0.95				
	306	1	78.94969947508773	16.254349891929827	0.0	-100.0	3	1.0366916783465474	-15.18137425116353	138.0	32	1.05	0.95				
	307	2	72.56406201754386	14.512812403508773	0.0	0.0	3	1.0055742430160646	-15.871566365672747	138.0	32	1.05	0.95				
	308	1	99.26763684000001	20.317937364912282	0.0	0.0	3	1.0039636479009133	-15.60441452158681	138.0	32	1.05	0.95				
	309	1	101.58968682456143	20.898449861052633	0.0	0.0	3	1.0285147653323137	-9.161100436203323	138.0	33	1.05	0.95				
	310	1	113.19993674736844	23.22049984561404	0.0	0.0	3	1.05	-12.65633283702953	138.0	33	1.05	0.95				
	311	1	0.0	0.0	0.0	0.0	3	1.0146286269637965	-6.543639843090873	230.0	33	1.05	0.95				
	312	1	0.0	0.0	0.0	0.0	3	1.0161010983045446	-5.972746934484806	230.0	33	1.05	0.95				
	313	2	153.83581147719298	31.347674791578957	0.0	0.0	3	1.0173239064334219	-3.027613628365594	230.0	34	1.05	0.95				
	314	2	112.61942425122808	22.639987349473685	0.0	0.0	3	1.019525348403322	-5.204452388738522	230.0	36	1.05	0.95				
	315	2	184.02246127649124	37.15279975298246	0.0	0.0	3	1.04489131539835	0.34624113710797955	230.0	36	1.05	0.95				
	316	2	58.05124961403509	11.61024992280702	0.0	0.0	3	1.04217659346629	0.19424849339176825	230.0	36	1.05	0.95				
	317	1	0.0	0.0	0.0	0.0	3	1.0467254792410678	2.569616446392004	230.0	37	1.05	0.95				
	318	2	193.31066121473688	39.47484973754386	0.0	0.0	3	1.0473969111379131	2.633085249495607	230.0	37	1.05	0.95				
	319	1	105.07276180140353	21.478962357192984	0.0	0.0	3	1.035667491023551	-1.0092908084567511	230.0	35	1.05	0.95				
	320	1	74.30559950596492	15.093324899649124	0.0	0.0	3	1.0347708558694495	-0.9539238721287038	230.0	35	1.05	0.95				
	321	2	0.0	0.0	0.0	0.0	3	1.0499999832005262	3.6537934748588805	230.0	37	1.05	0.95				
	322	2	0.0	0.0	0.0	0.0	3	1.05	9.003160147358114	230.0	37	1.05	0.95				
	323	2	0.0	0.0	0.0	0.0	3	1.0355310818591033	-0.4870939097999611	230.0	35	1.05	0.95				
	324	1	0.0	0.0	0.0	0.0	3	1.0376189607897484	-1.0958257163107805	230.0	36	1.05	0.95				
	325	1	0.0	0.0	0.0	0.0	3	1.0329039274017673	0.6693735939665326	230.0	35	1.05	0.95				
];
