%% MATPOWER Case Format : Version 2
function mpc = RTS_GMLC
mpc.version = '2';

%%-----  Power Flow Data  -----%%
%% system MVA base
mpc.baseMVA = 100.0;
%% bus data
%    bus_i    type    Pd    Qd    Gs    Bs    area    Vm    Va    baseKV    zone    Vmax    Vmin
mpc.bus = [
	101	2	61.92231567157896	12.613805044210528	0.0	0.0	1	1.0327711236048502	2.1357865158785696	138.0	11	1.05	0.95				
	102	2	55.61541314947369	11.467095494736844	0.0	0.0	1	1.0328216007534174	2.095579677738189	138.0	12	1.05	0.95				
	103	1	103.20385945263159	21.21412666526316	0.0	0.0	1	1.0250833390406677	0.30754332271546975	138.0	11	1.05	0.95				
	104	1	42.42825333052632	8.600321621052633	0.0	0.0	1	1.0189775368005896	-1.340073357797949	138.0	11	1.05	0.95				
	105	1	40.70818900631579	8.02696684631579	0.0	0.0	1	1.0334538142691843	-1.213448149175867	138.0	11	1.05	0.95				
	106	1	77.97624936421053	16.05393369263158	0.0	-100.0	1	1.041064563195859	-3.616707381419869	138.0	12	1.05	0.95				
	107	2	71.66934684210527	14.333869368421054	0.0	0.0	1	1.0391489916429208	-1.7499661016220296	138.0	12	1.05	0.95				
	108	1	98.04366648	20.067417115789475	0.0	0.0	1	1.0243869470959133	-3.7733741386494155	138.0	12	1.05	0.95				
	109	1	100.33708557894738	20.640771890526317	0.0	0.0	1	1.0259447273248097	-1.8319153780290045	138.0	13	1.05	0.95				
	110	1	111.80418107368422	22.934190989473688	0.0	0.0	1	1.05	-2.80018523667283	138.0	13	1.05	0.95				
	111	1	0.0	0.0	0.0	0.0	1	1.0072329867380383	-0.10747847862878257	230.0	13	1.05	0.95				
	112	1	0.0	0.0	0.0	0.0	1	1.0122679481969548	0.4249896969956326	230.0	13	1.05	0.95				
	113	3	151.93901530526318	30.96115783578948	0.0	0.0	1	1.0021238633746339	7.4877495880592755e-31	230.0	14	1.05	0.95				
	114	2	111.23082629894738	22.360836214736846	0.0	0.0	1	1.0049686750924367	2.112066195018313	230.0	16	1.05	0.95				
	115	2	181.75346359157896	36.6947055831579	0.0	0.0	1	1.041820686288281	9.059438999397093	230.0	16	1.05	0.95				
	116	2	57.335477473684215	11.467095494736844	0.0	0.0	1	1.0386924156172717	8.615714991314862	230.0	16	1.05	0.95				
	117	1	0.0	0.0	0.0	0.0	1	1.0454073422320849	11.310914633704238	230.0	17	1.05	0.95				
	118	2	190.92713998736843	38.988124682105266	0.0	0.0	1	1.0484992101224504	11.801625778599197	230.0	17	1.05	0.95				
	119	1	103.77721422736843	21.21412666526316	0.0	0.0	1	1.0327048632604106	7.300309652536966	230.0	15	1.05	0.95				
	120	1	73.3894111663158	14.907224143157896	0.0	0.0	1	1.032251369452951	7.251230889416384	230.0	15	1.05	0.95				
	121	2	0.0	0.0	0.0	0.0	1	1.05	11.985920775578926	230.0	17	1.05	0.95				
	122	2	0.0	0.0	0.0	0.0	1	1.05	18.52493508909493	230.0	17	1.05	0.95				
	123	2	0.0	0.0	0.0	0.0	1	1.033212532881018	7.657119172526549	230.0	15	1.05	0.95				
	124	1	0.0	0.0	0.0	0.0	1	1.02449162762034	5.805590209190688	230.0	16	1.05	0.95				
	201	2	66.99637966736843	13.647410672982458	0.0	0.0	2	1.0321110784249614	-10.490804820248949	138.0	21	1.05	0.95				
	202	2	60.17267433087719	12.406736975438598	0.0	0.0	2	1.0322275473676141	-10.594496477680114	138.0	22	1.05	0.95				
	203	1	111.66063277894737	22.952463404561403	0.0	0.0	2	1.0247325477435798	-7.442579589723822	138.0	21	1.05	0.95				
	204	1	45.904926809122806	9.305052731578947	0.0	0.0	2	1.0172552586629737	-12.764641826702693	138.0	21	1.05	0.95				
	205	1	44.043916262807016	8.68471588280702	0.0	0.0	2	1.0329468580950962	-13.148168301219041	138.0	21	1.05	0.95				
	206	1	84.36581143298247	17.36943176561404	0.0	-100.0	2	1.040072806288106	-15.227592626877069	138.0	22	1.05	0.95				
	207	2	77.54210609649124	15.508421219298246	0.0	0.0	2	0.987086731201956	-24.55026915431134	138.0	22	1.05	0.95				
	208	1	106.07760114	21.71178970701754	0.0	0.0	2	0.9869089874968555	-21.55222390861886	138.0	22	1.05	0.95				
	209	1	108.55894853508772	22.332126555789475	0.0	0.0	2	1.024112173869882	-12.020324906510671	138.0	23	1.05	0.95				
	210	1	120.96568551052631	24.813473950877196	0.0	0.0	2	1.05	-13.880982770442131	138.0	23	1.05	0.95				
	211	1	0.0	0.0	0.0	0.0	2	1.0170652589730826	-8.595854670248833	230.0	23	1.05	0.95				
	212	1	0.0	0.0	0.0	0.0	2	1.0164852934369006	-7.884300105170605	230.0	23	1.05	0.95				
	213	2	164.38926492456142	33.498189833684215	0.0	0.0	2	1.0179336668255894	-7.169041244648257	230.0	24	1.05	0.95				
	214	2	120.34534866175439	24.193137102105265	0.0	0.0	2	1.027328169479007	-5.511353031323478	230.0	26	1.05	0.95				
	215	2	196.64678106070176	39.70155832140351	0.0	0.0	2	1.0406049983343866	2.9693205911230236	230.0	26	1.05	0.95				
	216	2	62.03368487719298	12.406736975438598	0.0	0.0	2	1.0435347370805668	2.6101184227810434	230.0	26	1.05	0.95				
	217	1	0.0	0.0	0.0	0.0	2	1.0456399577962574	6.134071734659601	230.0	27	1.05	0.95				
	218	2	206.57217064105265	42.182905716491234	0.0	0.0	2	1.0481630477678399	6.834943093756362	230.0	27	1.05	0.95				
	219	1	112.2809696277193	22.952463404561403	0.0	0.0	2	1.0422869042502647	1.4477151766875112	230.0	25	1.05	0.95				
	220	1	79.40311664280702	16.128758068070177	0.0	0.0	2	1.046347989393566	1.6051136131136148	230.0	25	1.05	0.95				
	221	2	0.0	0.0	0.0	0.0	2	1.0485415176442754	6.899937955067037	230.0	27	1.05	0.95				
	222	2	0.0	0.0	0.0	0.0	2	1.05	13.109624936570185	230.0	27	1.05	0.95				
	223	2	0.0	0.0	0.0	0.0	2	1.049999991431948	2.1437401817321113	230.0	25	1.05	0.95				
	224	1	0.0	0.0	0.0	0.0	2	1.0216729902740704	-0.9100110591169651	230.0	26	1.05	0.95				
	301	2	52.47959506105263	10.690287882807018	0.0	0.0	3	1.0070286037920568	-23.642170847871004	138.0	31	1.05	0.95				
	302	2	47.13445111964912	9.718443529824562	0.0	0.0	3	1.006504683577343	-23.765494763895607	138.0	32	1.05	0.95				
	303	1	87.46599176842105	17.97912053017544	0.0	0.0	3	1.0233388867071178	-17.493841719845854	138.0	31	1.05	0.95				
	304	1	35.95824106035088	7.28883264736842	0.0	0.0	3	1.0087753867963156	-22.128827119021032	138.0	31	1.05	0.95				
	305	1	34.50047453087719	6.802910470877194	0.0	0.0	3	1.0220325871163414	-22.952080344256284	138.0	31	1.05	0.95				
	306	1	66.08541600280702	13.605820941754388	0.0	-100.0	3	1.0383716400749814	-23.13013708025332	138.0	32	1.05	0.95				
	307	2	60.74027206140351	12.1480544122807	0.0	0.0	3	0.9923202855704248	-28.566150627208632	138.0	32	1.05	0.95				
	308	1	83.09269218	17.00727617719298	0.0	0.0	3	0.9967770845459859	-26.327401496375806	138.0	32	1.05	0.95				
	309	1	85.0363808859649	17.493198353684207	0.0	0.0	3	1.0265784288414672	-18.80585680421649	138.0	33	1.05	0.95				
	310	1	94.75482441578946	19.436887059649123	0.0	0.0	3	1.05	-20.700335846763004	138.0	33	1.05	0.95				
	311	1	0.0	0.0	0.0	0.0	3	1.01284775689401	-14.191226918815635	230.0	33	1.05	0.95				
	312	1	0.0	0.0	0.0	0.0	3	1.0140699046436852	-13.692798973656737	230.0	33	1.05	0.95				
	313	2	128.76937677017543	26.239797530526314	0.0	0.0	3	1.016654130139396	-10.581487326522943	230.0	34	1.05	0.95				
	314	2	94.26890223929824	18.950964883157894	0.0	0.0	3	1.0201489356393587	-11.76189635307567	230.0	36	1.05	0.95				
	315	2	154.0373299477193	31.099019295438595	0.0	0.0	3	1.0452143080210092	-5.844004916824579	230.0	36	1.05	0.95				
	316	2	48.5922176491228	9.718443529824562	0.0	0.0	3	1.0440094958673967	-5.45536827567692	230.0	36	1.05	0.95				
	317	1	0.0	0.0	0.0	0.0	3	1.0471361590570076	-3.3566603841975007	230.0	37	1.05	0.95				
	318	2	161.81208477157892	33.04270800140351	0.0	0.0	3	1.047872570855664	-3.066968543323751	230.0	37	1.05	0.95				
	319	1	87.95191394491228	17.97912053017544	0.0	0.0	3	1.0401094440282463	-6.475555890852181	230.0	35	1.05	0.95				
	320	1	62.19803859087719	12.633976588771931	0.0	0.0	3	1.040285738615155	-6.443080524868575	230.0	35	1.05	0.95				
	321	2	0.0	0.0	0.0	0.0	3	1.0499999947233263	-2.345109411447463	230.0	37	1.05	0.95				
	322	2	0.0	0.0	0.0	0.0	3	1.05	3.0329417539191126	230.0	37	1.05	0.95				
	323	2	0.0	0.0	0.0	0.0	3	1.041166144262619	-6.062291153947746	230.0	35	1.05	0.95				
	324	1	0.0	0.0	0.0	0.0	3	1.0224027893969245	-10.162535238729335	230.0	36	1.05	0.95				
	325	1	0.0	0.0	0.0	0.0	3	1.0357039177160894	-4.575214741961901	230.0	35	1.05	0.95				
];
