%% MATPOWER Case Format : Version 2
function mpc = RTS_GMLC
mpc.version = '2';

%%-----  Power Flow Data  -----%%
%% system MVA base
mpc.baseMVA = 100.0;
%% bus data
%    bus_i    type    Pd    Qd    Gs    Bs    area    Vm    Va    baseKV    zone    Vmax    Vmin
mpc.bus = [
	101	2	58.502226618947375	11.917120237192982	0.0	0.0	1	1.035523870239375	-1.1642491056306175	138.0	11	1.05	0.95				
	102	2	52.543666500350874	10.833745670175439	0.0	0.0	1	1.0350881721784597	-1.3237973567755805	138.0	12	1.05	0.95				
	103	1	97.50371103157896	20.042429489824563	0.0	0.0	1	1.0263179363126835	-2.1945984767605866	138.0	11	1.05	0.95				
	104	1	40.08485897964913	8.125309252631578	0.0	0.0	1	1.02039655067979	-4.289099140758675	138.0	11	1.05	0.95				
	105	1	38.459797129122805	7.583621969122807	0.0	0.0	1	1.0355091571744903	-4.190227581437506	138.0	11	1.05	0.95				
	106	1	73.66947055719298	15.167243938245614	0.0	-100.0	1	1.0427993423301554	-6.424898782289776	138.0	12	1.05	0.95				
	107	2	67.7109104385965	13.542182087719299	0.0	0.0	1	1.0009351843616863	-12.40113946784345	138.0	12	1.05	0.95				
	108	1	92.62852548000001	18.959054922807017	0.0	0.0	1	1.0007480304024017	-10.975373672769752	138.0	12	1.05	0.95				
	109	1	94.79527461403508	19.50074220631579	0.0	0.0	1	1.0251176889501734	-4.528865725823979	138.0	13	1.05	0.95				
	110	1	105.62902028421053	21.667491340350878	0.0	0.0	1	1.05	-5.558493497508283	138.0	13	1.05	0.95				
	111	1	0.0	0.0	0.0	0.0	1	1.0083980185264767	-1.6961356003842614	230.0	13	1.05	0.95				
	112	1	0.0	0.0	0.0	0.0	1	1.01180744160519	-1.2540239863020866	230.0	13	1.05	0.95				
	113	3	143.54713012982455	29.251113309473688	0.0	0.0	1	1.00615837503961	-2.726249385305598e-26	230.0	14	1.05	0.95				
	114	2	105.08733300070175	21.125804056842107	0.0	0.0	1	1.0084584759902075	0.26231306469458077	230.0	16	1.05	0.95				
	115	2	171.7148688722807	34.667986144561404	0.0	0.0	1	1.0405623476739152	6.860419342280493	230.0	16	1.05	0.95				
	116	2	54.168728350877196	10.833745670175439	0.0	0.0	1	1.0370836562126162	6.248781254497928	230.0	16	1.05	0.95				
	117	1	0.0	0.0	0.0	0.0	1	1.0423114661441544	8.926198219450303	230.0	17	1.05	0.95				
	118	2	180.38186540842105	36.83473527859649	0.0	0.0	1	1.0451240741129129	9.029841658931906	230.0	17	1.05	0.95				
	119	1	98.04539831508772	20.042429489824563	0.0	0.0	1	1.0301853361104112	4.883260558565872	230.0	15	1.05	0.95				
	120	1	69.33597228912281	14.083869371228069	0.0	0.0	1	1.0286206918817904	4.733901986779002	230.0	15	1.05	0.95				
	121	2	0.0	0.0	0.0	0.0	1	1.0483723228511066	10.369131690577015	230.0	17	1.05	0.95				
	122	2	0.0	0.0	0.0	0.0	1	1.05	18.98900218705557	230.0	17	1.05	0.95				
	123	2	0.0	0.0	0.0	0.0	1	1.0288190851898975	5.064647475934432	230.0	15	1.05	0.95				
	124	1	0.0	0.0	0.0	0.0	1	1.0238415637713292	3.4841450293106413	230.0	16	1.05	0.95				
	201	2	53.82150165473685	10.963639225964913	0.0	0.0	2	1.0245569615841945	-10.952667562588358	138.0	21	1.05	0.95				
	202	2	48.339682041754386	9.966944750877193	0.0	0.0	2	1.025496446741504	-10.760436093813365	138.0	22	1.05	0.95				
	203	1	89.70250275789475	18.438847789122807	0.0	0.0	2	1.017819784827292	-9.76173460487993	138.0	21	1.05	0.95				
	204	1	36.877695578245614	7.475208563157895	0.0	0.0	2	1.0165972995578068	-12.20736735022058	138.0	21	1.05	0.95				
	205	1	35.38265386561403	6.976861325614037	0.0	0.0	2	1.0311347066707806	-12.539348739775994	138.0	21	1.05	0.95				
	206	1	67.77522430596493	13.953722651228073	0.0	-100.0	2	1.042387061208221	-13.868740529952925	138.0	22	1.05	0.95				
	207	2	62.293404692982456	12.458680938596492	0.0	0.0	2	0.98999237916063	-21.02864266346266	138.0	22	1.05	0.95				
	208	1	85.21737762000001	17.44215331403509	0.0	0.0	2	0.9943110914490684	-18.71712245637253	138.0	22	1.05	0.95				
	209	1	87.21076657017545	17.940500551578946	0.0	0.0	2	1.0238623001194436	-11.346292201087124	138.0	23	1.05	0.95				
	210	1	97.17771132105264	19.933889501754386	0.0	0.0	2	1.05	-12.550704387742659	138.0	23	1.05	0.95				
	211	1	0.0	0.0	0.0	0.0	2	1.00985880929687	-7.976052281022582	230.0	23	1.05	0.95				
	212	1	0.0	0.0	0.0	0.0	2	1.0108888389897293	-7.001402713128147	230.0	23	1.05	0.95				
	213	2	132.0620179491228	26.910750827368425	0.0	0.0	2	1.0077649430084137	-6.4812060661551785	230.0	24	1.05	0.95				
	214	2	96.67936408350877	19.43554226421053	0.0	0.0	2	1.014096794939621	-5.245331552280322	230.0	26	1.05	0.95				
	215	2	157.97607430140351	31.89422320280702	0.0	0.0	2	1.0325183872964063	1.6153004480770528	230.0	26	1.05	0.95				
	216	2	49.83472375438597	9.966944750877193	0.0	0.0	2	1.0336795458941248	1.6240800419215922	230.0	26	1.05	0.95				
	217	1	0.0	0.0	0.0	0.0	2	1.037951299611227	4.124758988796748	230.0	27	1.05	0.95				
	218	2	165.9496301021053	33.88761215298246	0.0	0.0	2	1.039010094009654	4.427886726861386	230.0	27	1.05	0.95				
	219	1	90.2008499954386	18.438847789122807	0.0	0.0	2	1.0337274989414023	1.55330535112533	230.0	25	1.05	0.95				
	220	1	63.78844640561404	12.957028176140353	0.0	0.0	2	1.0374282577752953	2.446618178960236	230.0	25	1.05	0.95				
	221	2	0.0	0.0	0.0	0.0	2	1.0392116661985016	4.254236763562	230.0	27	1.05	0.95				
	222	2	0.0	0.0	0.0	0.0	2	1.05	10.704827806044488	230.0	27	1.05	0.95				
	223	2	0.0	0.0	0.0	0.0	2	1.0405763369137149	3.30725631209432	230.0	25	1.05	0.95				
	224	1	0.0	0.0	0.0	0.0	2	1.0129143730937278	-2.629926764098139	230.0	26	1.05	0.95				
	301	2	41.683011688421054	8.49098386245614	0.0	0.0	3	1.010228430743096	-11.763932335244474	138.0	31	1.05	0.95				
	302	2	37.43751975719298	7.719076238596492	0.0	0.0	3	1.0101332403522039	-11.870489421254259	138.0	32	1.05	0.95				
	303	1	69.47168614736843	14.280291041403508	0.0	0.0	3	1.0249538358066421	-6.825884038689721	138.0	31	1.05	0.95				
	304	1	28.560582082807016	5.789307178947369	0.0	0.0	3	1.0121458211459637	-10.62140677790602	138.0	31	1.05	0.95				
	305	1	27.402720647017542	5.403353367017544	0.0	0.0	3	1.025244064777316	-11.280341659171576	138.0	31	1.05	0.95				
	306	1	52.48971842245614	10.806706734035089	0.0	-100.0	3	1.0422102466238812	-11.486230736524366	138.0	32	1.05	0.95				
	307	2	48.24422649122807	9.648845298245615	0.0	0.0	3	0.9901653433678534	-15.576130774806701	138.0	32	1.05	0.95				
	308	1	65.99810184	13.50838341754386	0.0	0.0	3	0.9994602548895432	-13.88808349030731	138.0	32	1.05	0.95				
	309	1	67.5419170877193	13.894337229473685	0.0	0.0	3	1.0253539866217332	-8.012032256466515	138.0	33	1.05	0.95				
	310	1	75.2609933263158	15.438152477192984	0.0	0.0	3	1.05	-9.552564798848492	138.0	33	1.05	0.95				
	311	1	0.0	0.0	0.0	0.0	3	1.0048455454606728	-4.269444099406698	230.0	33	1.05	0.95				
	312	1	0.0	0.0	0.0	0.0	3	1.0091583122922057	-4.049962548205799	230.0	33	1.05	0.95				
	313	2	102.2777601614035	20.841505844210527	0.0	0.0	3	1.0074905460007024	-1.0774072802084314	230.0	34	1.05	0.95				
	314	2	74.87503951438596	15.052198665263159	0.0	0.0	3	1.0014718452910667	-2.417303164130692	230.0	36	1.05	0.95				
	315	2	122.34735838175439	24.701043963508774	0.0	0.0	3	1.0341327126675635	2.080027082358128	230.0	36	1.05	0.95				
	316	2	38.59538119298246	7.719076238596492	0.0	0.0	3	1.0326715498590826	2.411526503667701	230.0	36	1.05	0.95				
	317	1	0.0	0.0	0.0	0.0	3	1.0451883370882686	6.941050727605313	230.0	37	1.05	0.95				
	318	2	128.5226193726316	26.24485921122807	0.0	0.0	3	1.0429006456022927	5.234600771444709	230.0	37	1.05	0.95				
	319	1	69.85763995929825	14.280291041403508	0.0	0.0	3	1.0249124657074762	1.2252244203117522	230.0	35	1.05	0.95				
	320	1	49.40208792701755	10.03479911017544	0.0	0.0	3	1.020761401205005	0.941530594210607	230.0	35	1.05	0.95				
	321	2	0.0	0.0	0.0	0.0	3	1.0416854314513324	4.786173035938168	230.0	37	1.05	0.95				
	322	2	0.0	0.0	0.0	0.0	3	1.05	9.960443639012324	230.0	37	1.05	0.95				
	323	2	0.0	0.0	0.0	0.0	3	1.018813017471081	1.0879866337965136	230.0	35	1.05	0.95				
	324	1	0.0	0.0	0.0	0.0	3	1.019547472609973	-1.2577421363804586	230.0	36	1.05	0.95				
	325	1	0.0	0.0	0.0	0.0	3	1.0194898022704657	1.893234405430153	230.0	35	1.05	0.95				
];
