%% MATPOWER Case Format : Version 2
function mpc = RTS_GMLC
mpc.version = '2';

%%-----  Power Flow Data  -----%%
%% system MVA base
mpc.baseMVA = 100.0;
%% bus data
%    bus_i    type    Pd    Qd    Gs    Bs    area    Vm    Va    baseKV    zone    Vmax    Vmin
mpc.bus = [
	101	2	91.56754083789474	18.652647207719298	0.0	0.0	1	1.0387777563673346	-3.8484826710869817	138.0	11	1.05	0.95				
	102	2	82.24121723403508	16.956952007017545	0.0	0.0	1	1.0387109734398472	-3.9450722892431886	138.0	12	1.05	0.95				
	103	1	152.61256806315788	31.370361212982456	0.0	0.0	1	1.0183432689609948	-4.551372225537224	138.0	11	1.05	0.95				
	104	1	62.74072242596491	12.717714005263156	0.0	0.0	1	1.0185710566229669	-6.892162008392804	138.0	11	1.05	0.95				
	105	1	60.19717962491228	11.869866404912282	0.0	0.0	1	1.032908941058595	-7.20745230993044	138.0	11	1.05	0.95				
	106	1	115.30727364771928	23.739732809824563	0.0	-100.0	1	1.0345360012108853	-9.858918205018485	138.0	12	1.05	0.95				
	107	2	105.98095004385964	21.19619000877193	0.0	0.0	1	1.05	-7.540743187336484	138.0	12	1.05	0.95				
	108	1	144.98193966	29.6746660122807	0.0	0.0	1	1.0227614965622165	-10.003771140877076	138.0	12	1.05	0.95				
	109	1	148.3733300614035	30.522513612631574	0.0	0.0	1	1.0271692954725085	-6.417058159448864	138.0	13	1.05	0.95				
	110	1	165.33028206842104	33.91390401403509	0.0	0.0	1	1.05	-7.962658645441701	138.0	13	1.05	0.95				
	111	1	0.0	0.0	0.0	0.0	1	1.0174448865823564	-2.841203591592326	230.0	13	1.05	0.95				
	112	1	0.0	0.0	0.0	0.0	1	1.0189398546391837	-1.8924340350615783	230.0	13	1.05	0.95				
	113	3	224.67961409298246	45.78377041894737	0.0	0.0	1	1.0234781442098995	-8.260534250843954e-29	230.0	14	1.05	0.95				
	114	2	164.48243446807015	33.06605641368421	0.0	0.0	1	1.022028155765754	-0.9850463190024085	230.0	16	1.05	0.95				
	115	2	268.767689311228	54.26224642245614	0.0	0.0	1	1.0437841241590664	7.211354906767421	230.0	16	1.05	0.95				
	116	2	84.78476003508771	16.956952007017545	0.0	0.0	1	1.0440120561872062	6.799659195224197	230.0	16	1.05	0.95				
	117	1	0.0	0.0	0.0	0.0	1	1.0472596809145356	10.262622575897097	230.0	17	1.05	0.95				
	118	2	282.3332509168421	57.65363682385964	0.0	0.0	1	1.0499827609063483	10.92405160355172	230.0	17	1.05	0.95				
	119	1	153.46041566350877	31.370361212982456	0.0	0.0	1	1.0387030895356257	5.3711204672402975	230.0	15	1.05	0.95				
	120	1	108.52449284491227	22.044037609122807	0.0	0.0	1	1.0416878844164494	5.58725991837554	230.0	15	1.05	0.95				
	121	2	0.0	0.0	0.0	0.0	1	1.05	11.741063847317958	230.0	17	1.05	0.95				
	122	2	0.0	0.0	0.0	0.0	1	1.05	19.364325815650048	230.0	17	1.05	0.95				
	123	2	0.0	0.0	0.0	0.0	1	1.0458592933640622	6.325968254201803	230.0	15	1.05	0.95				
	124	1	0.0	0.0	0.0	0.0	1	1.019514948018271	2.8657488946930414	230.0	16	1.05	0.95				
	201	2	98.92208406315791	20.150794901754388	0.0	0.0	2	1.05	-17.164072550163525	138.0	21	1.05	0.95				
	202	2	88.8466866122807	18.318904456140352	0.0	0.0	2	1.05	-17.223797754113367	138.0	22	1.05	0.95				
	203	1	164.87014010526318	33.88997324385965	0.0	0.0	2	1.0203787315173842	-12.823317885723057	138.0	21	1.05	0.95				
	204	1	67.7799464877193	13.739178342105262	0.0	0.0	2	1.0169417194336685	-18.824922187642976	138.0	21	1.05	0.95				
	205	1	65.03211081929825	12.823233119298246	0.0	0.0	2	1.0353711600873292	-19.394146281274843	138.0	21	1.05	0.95				
	206	1	124.5685503017544	25.646466238596492	0.0	-100.0	2	1.0312951777562034	-21.500145191934866	138.0	22	1.05	0.95				
	207	2	114.4931528508772	22.898630570175442	0.0	0.0	2	0.95	-30.86445868746837	138.0	22	1.05	0.95				
	208	1	156.6266331	32.058082798245614	0.0	0.0	2	0.9517212340885326	-28.20429266219837	138.0	22	1.05	0.95				
	209	1	160.29041399122806	32.97402802105263	0.0	0.0	2	1.0198659864566337	-16.437112316572584	138.0	23	1.05	0.95				
	210	1	178.60931844736842	36.637808912280704	0.0	0.0	2	1.0441987125794405	-18.80744438617486	138.0	23	1.05	0.95				
	211	1	0.0	0.0	0.0	0.0	2	1.0290269162409993	-10.687977036987599	230.0	23	1.05	0.95				
	212	1	0.0	0.0	0.0	0.0	2	1.0187833801201323	-9.185616410957733	230.0	23	1.05	0.95				
	213	2	242.72548404385964	49.461042031578955	0.0	0.0	2	1.05	-6.030701099247096	230.0	24	1.05	0.95				
	214	2	177.6933732245614	35.721863689473686	0.0	0.0	2	1.05	-8.189006908171335	230.0	26	1.05	0.95				
	215	2	290.3546356298246	58.62049425964913	0.0	0.0	2	1.043183465671518	1.3602632160007027	230.0	26	1.05	0.95				
	216	2	91.59452228070177	18.318904456140352	0.0	0.0	2	1.0472897418174083	1.0521370409714952	230.0	26	1.05	0.95				
	217	1	0.0	0.0	0.0	0.0	2	1.0490009294067606	4.499462651153037	230.0	27	1.05	0.95				
	218	2	305.0097591947369	62.2842751508772	0.0	0.0	2	1.05	5.070888939537884	230.0	27	1.05	0.95				
	219	1	165.7860853280702	33.88997324385965	0.0	0.0	2	1.0413774133534737	0.524749553382866	230.0	25	1.05	0.95				
	220	1	117.24098851929826	23.81457579298246	0.0	0.0	2	1.044823914815423	1.780754835366914	230.0	25	1.05	0.95				
	221	2	0.0	0.0	0.0	0.0	2	1.05	5.68518385902358	230.0	27	1.05	0.95				
	222	2	0.0	0.0	0.0	0.0	2	1.05	11.731823582112952	230.0	27	1.05	0.95				
	223	2	0.0	0.0	0.0	0.0	2	1.05	3.1315861940541425	230.0	25	1.05	0.95				
	224	1	0.0	0.0	0.0	0.0	2	1.0164838381392527	-3.8976727206741226	230.0	26	1.05	0.95				
	301	2	80.10313192421053	16.31730465122807	0.0	0.0	3	1.011171977139396	-13.363861030025964	138.0	31	1.05	0.95				
	302	2	71.94447959859649	14.833913319298247	0.0	0.0	3	1.0099874379578964	-13.675474214502463	138.0	32	1.05	0.95				
	303	1	133.5052198736842	27.442739640701756	0.0	0.0	3	1.0193608300133377	-7.322228985080584	138.0	31	1.05	0.95				
	304	1	54.88547928140351	11.125434989473684	0.0	0.0	3	1.004721406924918	-12.04858037017939	138.0	31	1.05	0.95				
	305	1	52.66039228350877	10.383739323508774	0.0	0.0	3	1.0200476827345124	-12.359681028193501	138.0	31	1.05	0.95				
	306	1	100.87061057122808	20.767478647017548	0.0	-100.0	3	1.0313608586699734	-12.614001092903722	138.0	32	1.05	0.95				
	307	2	92.71195824561404	18.54239164912281	0.0	0.0	3	1.005825790386777	-15.021023473466743	138.0	32	1.05	0.95				
	308	1	126.82995887999999	25.95934830877193	0.0	0.0	3	1.001245476932867	-13.95882020288596	138.0	32	1.05	0.95				
	309	1	129.79674154385964	26.701043974736844	0.0	0.0	3	1.0267419556962172	-7.683701763847487	138.0	33	1.05	0.95				
	310	1	144.6306548631579	29.667826638596495	0.0	0.0	3	1.05	-8.975843085737266	138.0	33	1.05	0.95				
	311	1	0.0	0.0	0.0	0.0	3	1.0203779916536093	-1.6788107692423322	230.0	33	1.05	0.95				
	312	1	0.0	0.0	0.0	0.0	3	1.020934530151882	-0.8902196431680827	230.0	33	1.05	0.95				
	313	2	196.54935148070177	40.051565962105265	0.0	0.0	3	1.0371012056524556	3.8019166085081384	230.0	34	1.05	0.95				
	314	2	143.88895919719297	28.92613097263158	0.0	0.0	3	1.0297266661578877	0.03552081118872034	230.0	36	1.05	0.95				
	315	2	235.1175261108772	47.46852262175439	0.0	0.0	3	1.0454493956981337	2.7879809045890434	230.0	36	1.05	0.95				
	316	2	74.16956659649124	14.833913319298247	0.0	0.0	3	1.0431268645720315	2.813887641202456	230.0	36	1.05	0.95				
	317	1	0.0	0.0	0.0	0.0	3	1.0470715344944959	4.440159763504068	230.0	37	1.05	0.95				
	318	2	246.98465676631582	50.43530528561404	0.0	0.0	3	1.04706464318828	4.10768588788315	230.0	37	1.05	0.95				
	319	1	134.24691553964914	27.442739640701756	0.0	0.0	3	1.0396732685986525	3.1095123672420444	230.0	35	1.05	0.95				
	320	1	94.93704524350878	19.28408731508772	0.0	0.0	3	1.040471658549281	3.662461670148582	230.0	35	1.05	0.95				
	321	2	0.0	0.0	0.0	0.0	3	1.0499999968620124	5.600909538359848	230.0	37	1.05	0.95				
	322	2	0.0	0.0	0.0	0.0	3	1.05	10.920372354906188	230.0	37	1.05	0.95				
	323	2	0.0	0.0	0.0	0.0	3	1.0419834405107558	4.118424763858048	230.0	35	1.05	0.95				
	324	1	0.0	0.0	0.0	0.0	3	1.02514783628488	0.5851031431093052	230.0	36	1.05	0.95				
	325	1	0.0	0.0	0.0	0.0	3	1.0414928403532027	4.760156113676385	230.0	35	1.05	0.95				
];
