%% MATPOWER Case Format : Version 2
function mpc = RTS_GMLC
mpc.version = '2';

%%-----  Power Flow Data  -----%%
%% system MVA base
mpc.baseMVA = 100.0;
%% bus data
%    bus_i    type    Pd    Qd    Gs    Bs    area    Vm    Va    baseKV    zone    Vmax    Vmin
mpc.bus = [
	101	2	52.8243444	10.7605146	0.0	0.0	1	1.0345961067826932	0.9251859172378455	138.0	11	1.05	0.95				
	102	2	47.4440871	9.782286000000001	0.0	0.0	1	1.0336424790532843	0.5932673724095431	138.0	12	1.05	0.95				
	103	1	88.040574	18.0972291	0.0	0.0	1	1.021907923574102	2.329877024528636	138.0	11	1.05	0.95				
	104	1	36.1944582	7.336714499999999	0.0	0.0	1	1.0191804600808874	-2.1727978381615825	138.0	11	1.05	0.95				
	105	1	34.7271153	6.8476002000000005	0.0	0.0	1	1.0356162138400888	-2.2375609213823164	138.0	11	1.05	0.95				
	106	1	66.5195448	13.695200400000001	0.0	-100.0	1	1.0438880403319644	-4.5458542446645085	138.0	12	1.05	0.95				
	107	2	61.139287499999995	12.2278575	0.0	0.0	1	0.9987223156191635	-12.85401847144705	138.0	12	1.05	0.95				
	108	1	83.6385453	17.1190005	0.0	0.0	1	0.9988756754636472	-10.263419322189327	138.0	12	1.05	0.95				
	109	1	85.5950025	17.6081148	0.0	0.0	1	1.0221346309974204	-2.453344512241386	138.0	13	1.05	0.95				
	110	1	95.3772885	19.564572000000002	0.0	0.0	1	1.05	-3.9070505299743696	138.0	13	1.05	0.95				
	111	1	0.0	0.0	0.0	0.0	1	1.0078498292368883	0.3852593858308735	230.0	13	1.05	0.95				
	112	1	0.0	0.0	0.0	0.0	1	1.0104643870957741	-0.6382279496670635	230.0	13	1.05	0.95				
	113	3	129.6152895	26.4121722	0.0	0.0	1	1.0035434712157179	-2.62985522168209e-31	230.0	14	1.05	0.95				
	114	2	94.8881742	19.0754577	0.0	0.0	1	1.0125568598133365	4.358403687504164	230.0	16	1.05	0.95				
	115	2	155.0492331	31.303315199999997	0.0	0.0	1	1.0302122727147496	15.054767356318084	230.0	16	1.05	0.95				
	116	2	48.91143	9.782286000000001	0.0	0.0	1	1.0254291550578807	13.006576675841142	230.0	16	1.05	0.95				
	117	1	0.0	0.0	0.0	0.0	1	1.031487644196141	19.527766411399423	230.0	17	1.05	0.95				
	118	2	162.87506190000002	33.2597724	0.0	0.0	1	1.043544738315772	20.342417967141564	230.0	17	1.05	0.95				
	119	1	88.5296883	18.0972291	0.0	0.0	1	1.016757186258941	8.430639961646234	230.0	15	1.05	0.95				
	120	1	62.60663039999999	12.716971800000001	0.0	0.0	1	1.0174197710857842	5.3954637028970165	230.0	15	1.05	0.95				
	121	2	0.0	0.0	0.0	0.0	1	1.042427735448312	22.315233032034495	230.0	17	1.05	0.95				
	122	2	0.0	0.0	0.0	0.0	1	1.05	39.61429880347394	230.0	17	1.05	0.95				
	123	2	0.0	0.0	0.0	0.0	1	1.019350124132497	4.108973478882496	230.0	15	1.05	0.95				
	124	1	0.0	0.0	0.0	0.0	1	1.0112166806071832	10.276592214713201	230.0	16	1.05	0.95				
	201	2	52.410514698947374	10.676215957192982	0.0	0.0	2	1.0093636014344955	-18.993952315885803	138.0	21	1.05	0.95				
	202	2	47.07240672035088	9.70565087017544	0.0	0.0	2	1.008552868088658	-19.30527463578951	138.0	22	1.05	0.95				
	203	1	87.35085783157895	17.95545410982456	0.0	0.0	2	1.013087334966756	-13.811072237065318	138.0	21	1.05	0.95				
	204	1	35.91090821964912	7.279238152631579	0.0	0.0	2	1.0086886211701078	-18.604372292997724	138.0	21	1.05	0.95				
	205	1	34.4550605891228	6.793955609122808	0.0	0.0	2	1.0235426479607144	-19.176164943936403	138.0	21	1.05	0.95				
	206	1	65.99842591719298	13.587911218245615	0.0	-100.0	2	1.0389500245720704	-19.860866000744203	138.0	22	1.05	0.95				
	207	2	60.660317938596485	12.132063587719298	0.0	0.0	2	0.991440580079136	-25.742184454429474	138.0	22	1.05	0.95				
	208	1	82.98331494	16.984889022807018	0.0	0.0	2	0.9956728597178756	-23.49851060803818	138.0	22	1.05	0.95				
	209	1	84.92444511403508	17.47017156631579	0.0	0.0	2	1.0237600844212444	-16.02772510145863	138.0	23	1.05	0.95				
	210	1	94.63009598421053	19.41130174035088	0.0	0.0	2	1.05	-17.79605873467523	138.0	23	1.05	0.95				
	211	1	0.0	0.0	0.0	0.0	2	1.0128173177544255	-12.30290935565901	230.0	23	1.05	0.95				
	212	1	0.0	0.0	0.0	0.0	2	1.0142378191406516	-11.08093016370044	230.0	23	1.05	0.95				
	213	2	128.59987402982455	26.205257349473687	0.0	0.0	2	1.0180707917745222	-10.331808155289519	230.0	24	1.05	0.95				
	214	2	94.14481344070175	18.926019196842105	0.0	0.0	2	1.0160647652918267	-9.39045891282732	230.0	26	1.05	0.95				
	215	2	153.8345662922807	31.058082784561403	0.0	0.0	2	1.0283152518818215	-2.249091239562314	230.0	26	1.05	0.95				
	216	2	48.52825435087719	9.70565087017544	0.0	0.0	2	1.0313791048323913	-2.3186720029478236	230.0	26	1.05	0.95				
	217	1	0.0	0.0	0.0	0.0	2	1.0318372964106604	-0.5001105020958395	230.0	27	1.05	0.95				
	218	2	161.59908698842105	32.99921295859649	0.0	0.0	2	1.0307541804051523	-1.2154066502304623	230.0	27	1.05	0.95				
	219	1	87.83614037508772	17.95545410982456	0.0	0.0	2	1.0363809190382245	-1.8208899959119809	230.0	25	1.05	0.95				
	220	1	62.116165569122806	12.617346131228071	0.0	0.0	2	1.0443650057586347	-0.47085502683068314	230.0	25	1.05	0.95				
	221	2	0.0	0.0	0.0	0.0	2	1.0329277052526327	-0.74971780662684	230.0	27	1.05	0.95				
	222	2	0.0	0.0	0.0	0.0	2	1.05	5.8433829180793495	230.0	27	1.05	0.95				
	223	2	0.0	0.0	0.0	0.0	2	1.05	0.6184252183386332	230.0	25	1.05	0.95				
	224	1	0.0	0.0	0.0	0.0	2	1.008332513264461	-6.561161956238133	230.0	26	1.05	0.95				
	301	2	40.248022774736846	8.198671305964913	0.0	0.0	3	1.0255532909305405	20.21696438029447	138.0	31	1.05	0.95				
	302	2	36.148687121754385	7.453337550877194	0.0	0.0	3	1.0239380734907306	19.86852705355693	138.0	32	1.05	0.95				
	303	1	67.08003795789475	13.788674469122808	0.0	0.0	3	1.0490556430058429	34.309731438538336	138.0	31	1.05	0.95				
	304	1	27.577348938245617	5.5900031631578955	0.0	0.0	3	1.0157815669110808	20.761351556149506	138.0	31	1.05	0.95				
	305	1	26.45934830561404	5.217336285614036	0.0	0.0	3	1.033373520627108	18.68863145863477	138.0	31	1.05	0.95				
	306	1	50.68269534596492	10.434672571228072	0.0	-100.0	3	1.0456899138585667	17.357252713749762	138.0	32	1.05	0.95				
	307	2	46.58335969298246	9.316671938596492	0.0	0.0	3	0.95	14.407739469362486	138.0	32	1.05	0.95				
	308	1	63.72603606	13.043340714035088	0.0	0.0	3	0.975213585260264	15.902734534114042	138.0	32	1.05	0.95				
	309	1	65.21670357017545	13.41600759157895	0.0	0.0	3	1.0197912158155644	23.046542792455764	138.0	33	1.05	0.95				
	310	1	72.67004112105265	14.906675101754388	0.0	0.0	3	1.05	18.3379637550744	138.0	33	1.05	0.95				
	311	1	0.0	0.0	0.0	0.0	3	1.0077997319803493	21.31000460603664	230.0	33	1.05	0.95				
	312	1	0.0	0.0	0.0	0.0	3	1.0144203953938888	21.78159725325843	230.0	33	1.05	0.95				
	313	2	98.75672254912281	20.124011387368423	0.0	0.0	3	1.0115653683613623	23.423847707095153	230.0	34	1.05	0.95				
	314	2	72.29737424350877	14.53400822421053	0.0	0.0	3	0.9990753247304882	20.163900515651637	230.0	36	1.05	0.95				
	315	2	118.13540018140351	23.85068016280702	0.0	0.0	3	1.0441343453411764	21.1790477047014	230.0	36	1.05	0.95				
	316	2	37.26668775438597	7.453337550877194	0.0	0.0	3	1.0248890534520858	20.794614446401663	230.0	36	1.05	0.95				
	317	1	0.0	0.0	0.0	0.0	3	1.0468760745205372	22.66672901537794	230.0	37	1.05	0.95				
	318	2	124.09807022210528	25.34134767298246	0.0	0.0	3	1.05	20.112429805994918	230.0	37	1.05	0.95				
	319	1	67.45270483543861	13.788674469122808	0.0	0.0	3	1.0204263821494088	20.34376105857887	230.0	35	1.05	0.95				
	320	1	47.70136032561404	9.689338816140353	0.0	0.0	3	1.0187931603430866	20.68842214218967	230.0	35	1.05	0.95				
	321	2	0.0	0.0	0.0	0.0	3	1.05	21.08111594168323	230.0	37	1.05	0.95				
	322	2	0.0	0.0	0.0	0.0	3	1.05	26.0466181255853	230.0	37	1.05	0.95				
	323	2	0.0	0.0	0.0	0.0	3	1.0182806746532058	21.172075994470298	230.0	35	1.05	0.95				
	324	1	0.0	0.0	0.0	0.0	3	1.041640661826334	26.199311489277356	230.0	36	1.05	0.95				
	325	1	0.0	0.0	0.0	0.0	3	1.0209465445302004	21.28226396825353	230.0	35	1.05	0.95				
];

%% generator data
%    bus    Pg    Qg    Qmax    Qmin    Vg    mBase    status    Pmax    Pmin    Pc1    Pc2    Qc1min    Qc1max    Qc2min    Qc2max    ramp_agc    ramp_10    ramp_30    ramp_q    apf
