%% MATPOWER Case Format : Version 2
function mpc = RTS_GMLC
mpc.version = '2';

%%-----  Power Flow Data  -----%%
%% system MVA base
mpc.baseMVA = 100.0;
%% bus data
%    bus_i    type    Pd    Qd    Gs    Bs    area    Vm    Va    baseKV    zone    Vmax    Vmin
mpc.bus = [
	101	2	67.41316178526316	13.732310734035085	0.0	0.0	1	1.0467151938933394	0.7029048688813498	138.0	11	1.05	0.95				
	102	2	60.54700641824561	12.483918849122807	0.0	0.0	1	1.0455833797069465	0.33653553560364696	138.0	12	1.05	0.95				
	103	1	112.35526964210524	23.09524987087719	0.0	0.0	1	1.0304063629034856	-0.8590342033618064	138.0	11	1.05	0.95				
	104	1	46.19049974175438	9.362939136842103	0.0	0.0	1	1.0260588437220228	-3.072177721251106	138.0	11	1.05	0.95				
	105	1	44.31791191438596	8.738743194385965	0.0	0.0	1	1.0392650752967665	-3.3916710943542863	138.0	11	1.05	0.95				
	106	1	84.89064817403509	17.47748638877193	0.0	-100.0	1	1.0422354801860156	-6.340302732850162	138.0	12	1.05	0.95				
	107	2	78.02449280701754	15.604898561403507	0.0	0.0	1	0.9995088685084634	-14.318735311774155	138.0	12	1.05	0.95				
	108	1	106.73750616	21.84685798596491	0.0	0.0	1	0.9962644401778487	-12.315694028701559	138.0	12	1.05	0.95				
	109	1	109.23428992982456	22.47105392842105	0.0	0.0	1	1.0257164097748712	-4.353012356699097	138.0	13	1.05	0.95				
	110	1	121.71820877894734	24.967837698245614	0.0	0.0	1	1.05	-5.643610374779496	138.0	13	1.05	0.95				
	111	1	0.0	0.0	0.0	0.0	1	1.0116705490293518	-1.596405063566018	230.0	13	1.05	0.95				
	112	1	0.0	0.0	0.0	0.0	1	1.0147480667289828	-1.2798106116446242	230.0	13	1.05	0.95				
	113	3	165.41192475087718	33.70658089263158	0.0	0.0	1	1.0111296495155435	-2.9205222941972916e-30	230.0	14	1.05	0.95				
	114	2	121.09401283649122	24.343641755789474	0.0	0.0	1	1.013423032132691	0.47300471092413515	230.0	16	1.05	0.95				
	115	2	197.87011375859646	39.94854031719298	0.0	0.0	1	1.0431293846360585	7.719029266687473	230.0	16	1.05	0.95				
	116	2	62.41959424561403	12.483918849122807	0.0	0.0	1	1.040968375650801	7.127562615936665	230.0	16	1.05	0.95				
	117	1	0.0	0.0	0.0	0.0	1	1.044492854078245	10.719818315371517	230.0	17	1.05	0.95				
	118	2	207.85724883789473	42.445324087017546	0.0	0.0	1	1.047951671186184	11.162388011024412	230.0	17	1.05	0.95				
	119	1	112.9794655845614	23.09524987087719	0.0	0.0	1	1.0337254072997972	5.370622770696324	230.0	15	1.05	0.95				
	120	1	79.89708063438596	16.22909450385965	0.0	0.0	1	1.0322661347623376	4.674974999493587	230.0	15	1.05	0.95				
	121	2	0.0	0.0	0.0	0.0	1	1.05	12.676782956302395	230.0	17	1.05	0.95				
	122	2	0.0	0.0	0.0	0.0	1	1.05	21.973293075342088	230.0	17	1.05	0.95				
	123	2	0.0	0.0	0.0	0.0	1	1.0328539504574155	4.762287749979977	230.0	15	1.05	0.95				
	124	1	0.0	0.0	0.0	0.0	1	1.0274835865128296	4.516597052199922	230.0	16	1.05	0.95				
	201	2	70.15835038736842	14.291515819649122	0.0	0.0	2	1.025511476673473	-13.752547227030092	138.0	21	1.05	0.95				
	202	2	63.01259247754386	12.99228710877193	0.0	0.0	2	1.0266019948990515	-13.55655342104518	138.0	22	1.05	0.95				
	203	1	116.93058397894738	24.035731151228067	0.0	0.0	2	1.0145279412855501	-11.982342060863125	138.0	21	1.05	0.95				
	204	1	48.07146230245613	9.744215331578946	0.0	0.0	2	1.014690138435937	-14.315478844796989	138.0	21	1.05	0.95				
	205	1	46.12261923614035	9.094600976140352	0.0	0.0	2	1.0295602506970247	-14.742139485112235	138.0	21	1.05	0.95				
	206	1	88.34755233964913	18.189201952280705	0.0	-100.0	2	1.0384412731122605	-15.868315693759017	138.0	22	1.05	0.95				
	207	2	81.20179442982456	16.240358885964913	0.0	0.0	2	0.9821167963781896	-25.153598031279884	138.0	22	1.05	0.95				
	208	1	111.08405477999999	22.736502440350876	0.0	0.0	2	0.9828122319955603	-21.9973021469712	138.0	22	1.05	0.95				
	209	1	113.68251220175438	23.386116795789473	0.0	0.0	2	1.0251655757969327	-12.28121788996013	138.0	23	1.05	0.95				
	210	1	126.6747993105263	25.98457421754386	0.0	0.0	2	1.05	-13.673146068401092	138.0	23	1.05	0.95				
	211	1	0.0	0.0	0.0	0.0	2	1.0188826953489714	-8.624420231654705	230.0	23	1.05	0.95				
	212	1	0.0	0.0	0.0	0.0	2	1.0207329656166082	-3.973128608569171	230.0	23	1.05	0.95				
	213	2	172.14780419122806	35.07917519368421	0.0	0.0	2	1.0249733001538865	-5.861152964746941	230.0	24	1.05	0.95				
	214	2	126.02518495508772	25.33495986210526	0.0	0.0	2	1.0257722183343014	-6.724080278582308	230.0	26	1.05	0.95				
	215	2	205.92775067403508	41.575318748070174	0.0	0.0	2	1.0365904280322076	0.014679848086913631	230.0	26	1.05	0.95				
	216	2	64.96143554385965	12.99228710877193	0.0	0.0	2	1.0381942056498694	-0.035204993604856065	230.0	26	1.05	0.95				
	217	1	0.0	0.0	0.0	0.0	2	1.0399025137717268	1.8708290134088748	230.0	27	1.05	0.95				
	218	2	216.3215803610526	44.17377616982456	0.0	0.0	2	1.0392083533103795	1.5097521337838773	230.0	27	1.05	0.95				
	219	1	117.58019833438595	24.035731151228067	0.0	0.0	2	1.0385271603189252	0.4906053874838791	230.0	25	1.05	0.95				
	220	1	83.15063749614035	16.889973241403506	0.0	0.0	2	1.0444857002254475	2.170790586566377	230.0	25	1.05	0.95				
	221	2	0.0	0.0	0.0	0.0	2	1.0403779753651257	1.800712162950724	230.0	27	1.05	0.95				
	222	2	0.0	0.0	0.0	0.0	2	1.05	8.331217530996069	230.0	27	1.05	0.95				
	223	2	0.0	0.0	0.0	0.0	2	1.0499999978826315	3.5595675090962224	230.0	25	1.05	0.95				
	224	1	0.0	0.0	0.0	0.0	2	1.0133712113356537	-4.431770134469541	230.0	26	1.05	0.95				
	301	2	65.03574819789473	13.248022781052631	0.0	0.0	3	1.0025217763397187	-5.396270309601225	138.0	31	1.05	0.95				
	302	2	58.41173680736842	12.04365707368421	0.0	0.0	3	1.0022419770383832	-5.4810566567444665	138.0	32	1.05	0.95				
	303	1	108.39291366315791	22.28076558631579	0.0	0.0	3	1.019108520856354	-0.5171265240915333	138.0	31	1.05	0.95				
	304	1	44.56153117263158	9.032742805263158	0.0	0.0	3	1.0042594263027231	-3.407787510048132	138.0	31	1.05	0.95				
	305	1	42.754982611578946	8.43055995157895	0.0	0.0	3	1.0173354655897064	-3.7952939624441764	138.0	31	1.05	0.95				
	306	1	81.89686810105265	16.8611199031579	0.0	-100.0	3	1.0335701004508606	-3.5740208970970277	138.0	32	1.05	0.95				
	307	2	75.27285671052631	15.054571342105264	0.0	0.0	3	0.9943458800444115	-8.679912440103111	138.0	32	1.05	0.95				
	308	1	102.97326797999999	21.07639987894737	0.0	0.0	3	0.9990297763320894	-5.901060713978015	138.0	32	1.05	0.95				
	309	1	105.38199939473685	21.67858273263158	0.0	0.0	3	1.027226412445302	0.7373040017097068	138.0	33	1.05	0.95				
	310	1	117.42565646842105	24.08731414736842	0.0	0.0	3	1.05	-0.26772625061781175	138.0	33	1.05	0.95				
	311	1	0.0	0.0	0.0	0.0	3	1.016530018660811	6.786585396572286	230.0	33	1.05	0.95				
	312	1	0.0	0.0	0.0	0.0	3	1.019177479164896	7.490421650535177	230.0	33	1.05	0.95				
	313	2	159.57845622631578	32.51787409894737	0.0	0.0	3	1.0353083068697058	13.445723206696597	230.0	34	1.05	0.95				
	314	2	116.82347361473684	23.485131293684212	0.0	0.0	3	1.0212726704987465	7.40836062606319	230.0	36	1.05	0.95				
	315	2	190.89196461789473	38.539702635789475	0.0	0.0	3	1.0387136437652034	6.419173904757116	230.0	36	1.05	0.95				
	316	2	60.21828536842106	12.04365707368421	0.0	0.0	3	1.0388549833196168	7.49443732123715	230.0	36	1.05	0.95				
	317	1	0.0	0.0	0.0	0.0	3	1.048013249196455	9.836737478494964	230.0	37	1.05	0.95				
	318	2	200.5268902768421	40.94843405052632	0.0	0.0	3	1.0450470397057665	7.891372012834282	230.0	37	1.05	0.95				
	319	1	108.99509651684211	22.28076558631579	0.0	0.0	3	1.0367667104609808	8.887670101982854	230.0	35	1.05	0.95				
	320	1	77.07940527157895	15.656754195789475	0.0	0.0	3	1.0367347823390158	9.831126685264145	230.0	35	1.05	0.95				
	321	2	0.0	0.0	0.0	0.0	3	1.0440184089984916	8.00880078250099	230.0	37	1.05	0.95				
	322	2	0.0	0.0	0.0	0.0	3	1.05	13.062512298216799	230.0	37	1.05	0.95				
	323	2	0.0	0.0	0.0	0.0	3	1.036725292455349	10.193184087314492	230.0	35	1.05	0.95				
	324	1	0.0	0.0	0.0	0.0	3	1.0240317757589992	5.104368472718804	230.0	36	1.05	0.95				
	325	1	0.0	0.0	0.0	0.0	3	1.0381999737908547	10.409808979933342	230.0	35	1.05	0.95				
];
