%% MATPOWER Case Format : Version 2
function mpc = RTS_GMLC
mpc.version = '2';

%%-----  Power Flow Data  -----%%
%% system MVA base
mpc.baseMVA = 100.0;
%% bus data
%    bus_i    type    Pd    Qd    Gs    Bs    area    Vm    Va    baseKV    zone    Vmax    Vmin
mpc.bus = [
	101	2	92.28896586947369	18.799604158596487	0.0	0.0	1	1.0457989848072755	-0.33323065173158445	138.0	11	1.05	0.95				
	102	2	82.88916379017543	17.090549235087718	0.0	0.0	1	1.045570749703448	-0.5063718653312251	138.0	12	1.05	0.95				
	103	1	153.81494311578948	31.61751608491228	0.0	0.0	1	1.0224864377721525	-1.6784791864222774	138.0	11	1.05	0.95				
	104	1	63.23503216982456	12.817911926315787	0.0	0.0	1	1.0224635554167136	-4.206068201021801	138.0	11	1.05	0.95				
	105	1	60.671449784561396	11.963384464561404	0.0	0.0	1	1.0356210339912355	-4.677953421494396	138.0	11	1.05	0.95				
	106	1	116.21573479859649	23.926768929122808	0.0	-100.0	1	1.0352574720345957	-7.902664011683408	138.0	12	1.05	0.95				
	107	2	106.81593271929823	21.363186543859648	0.0	0.0	1	1.05	-7.391158399394976	138.0	12	1.05	0.95				
	108	1	146.12419595999998	29.908461161403505	0.0	0.0	1	1.0224620471822632	-9.285236199878801	138.0	12	1.05	0.95				
	109	1	149.54230580701753	30.762988623157888	0.0	0.0	1	1.027243714647197	-4.828401734379468	138.0	13	1.05	0.95				
	110	1	166.63285504210523	34.181098470175435	0.0	0.0	1	1.05	-6.457054378479546	138.0	13	1.05	0.95				
	111	1	0.0	0.0	0.0	0.0	1	1.0171937697671924	-1.8195859579534277	230.0	13	1.05	0.95				
	112	1	0.0	0.0	0.0	0.0	1	1.0191602475479444	-1.0629466574987798	230.0	13	1.05	0.95				
	113	3	226.44977736491225	46.14448293473684	0.0	0.0	1	1.0209874896837576	-5.020586478730477e-29	230.0	14	1.05	0.95				
	114	2	165.77832758035086	33.326571008421055	0.0	0.0	1	1.0214087797197402	0.41996310198339526	230.0	16	1.05	0.95				
	115	2	270.88520537614033	54.689757552280696	0.0	0.0	1	1.0438029642420914	9.364254366092524	230.0	16	1.05	0.95				
	116	2	85.45274617543859	17.090549235087718	0.0	0.0	1	1.043460083174078	8.78498239469527	230.0	16	1.05	0.95				
	117	1	0.0	0.0	0.0	0.0	1	1.0467086505538492	12.607554424461187	230.0	17	1.05	0.95				
	118	2	284.5576447642105	58.10786739929824	0.0	0.0	1	1.05	13.356049735755045	230.0	17	1.05	0.95				
	119	1	154.66947057754385	31.61751608491228	0.0	0.0	1	1.0386196537016552	7.034686635378793	230.0	15	1.05	0.95				
	120	1	109.37951510456139	22.217714005614035	0.0	0.0	1	1.0417124519017928	6.741736445042435	230.0	15	1.05	0.95				
	121	2	0.0	0.0	0.0	0.0	1	1.05	14.049637558316983	230.0	17	1.05	0.95				
	122	2	0.0	0.0	0.0	0.0	1	1.05	22.50004330725323	230.0	17	1.05	0.95				
	123	2	0.0	0.0	0.0	0.0	1	1.0458680026149885	7.206723602326975	230.0	15	1.05	0.95				
	124	1	0.0	0.0	0.0	0.0	1	1.0220069869663462	5.270122118523231	230.0	16	1.05	0.95				
	201	2	106.8270108631579	21.76105776842105	0.0	0.0	2	1.05	-16.1137592114109	138.0	21	1.05	0.95				
	202	2	95.94648197894736	19.782779789473683	0.0	0.0	2	1.05	-16.147573433341325	138.0	22	1.05	0.95				
	203	1	178.04501810526315	36.59814261052631	0.0	0.0	2	1.0187595215211596	-12.277662271617567	138.0	21	1.05	0.95				
	204	1	73.19628522105262	14.837084842105261	0.0	0.0	2	1.0153167767045277	-17.348033222095495	138.0	21	1.05	0.95				
	205	1	70.22886825263157	13.847945852631579	0.0	0.0	2	1.0335522462205164	-17.901871061620472	138.0	21	1.05	0.95				
	206	1	134.52290256842105	27.695891705263158	0.0	-100.0	2	1.0278234203529457	-19.824529773846805	138.0	22	1.05	0.95				
	207	2	123.64237368421051	24.728474736842106	0.0	0.0	2	0.9504014770679947	-27.79680638413549	138.0	22	1.05	0.95				
	208	1	169.14276719999998	34.61986463157894	0.0	0.0	2	0.95	-25.806073839115538	138.0	22	1.05	0.95				
	209	1	173.09932315789473	35.60900362105263	0.0	0.0	2	1.0199212972223535	-14.320899141360025	138.0	23	1.05	0.95				
	210	1	192.8821029473684	39.565559578947365	0.0	0.0	2	1.0425058650311434	-16.617321822758328	138.0	23	1.05	0.95				
	211	1	0.0	0.0	0.0	0.0	2	1.0298374538408759	-9.268613722485465	230.0	23	1.05	0.95				
	212	1	0.0	0.0	0.0	0.0	2	1.023159648433464	-4.307875880205887	230.0	23	1.05	0.95				
	213	2	262.1218322105263	53.41350543157895	0.0	0.0	2	1.05	-4.513289807336479	230.0	24	1.05	0.95				
	214	2	191.89296395789472	38.576420589473685	0.0	0.0	2	1.05	-7.564472587922538	230.0	26	1.05	0.95				
	215	2	313.5570596631579	63.304895326315794	0.0	0.0	2	1.0423616913991611	1.1258857358969057	230.0	26	1.05	0.95				
	216	2	98.91389894736842	19.782779789473683	0.0	0.0	2	1.0467765969046983	1.0069378237882345	230.0	26	1.05	0.95				
	217	1	0.0	0.0	0.0	0.0	2	1.0488899045924132	4.331705910299734	230.0	27	1.05	0.95				
	218	2	329.3832834947368	67.26145128421052	0.0	0.0	2	1.05	4.6622448846742754	230.0	27	1.05	0.95				
	219	1	179.03415709473686	36.59814261052631	0.0	0.0	2	1.0402193765733083	0.6728272929660709	230.0	25	1.05	0.95				
	220	1	126.60979065263159	25.71761372631579	0.0	0.0	2	1.0440569232973926	2.23637528330875	230.0	25	1.05	0.95				
	221	2	0.0	0.0	0.0	0.0	2	1.05	5.221940221654494	230.0	27	1.05	0.95				
	222	2	0.0	0.0	0.0	0.0	2	1.05	11.384646325341938	230.0	27	1.05	0.95				
	223	2	0.0	0.0	0.0	0.0	2	1.05	3.806937699579446	230.0	25	1.05	0.95				
	224	1	0.0	0.0	0.0	0.0	2	1.0165282377109564	-3.8381206135559176	230.0	26	1.05	0.95				
	301	2	89.4476431326316	18.22081619368421	0.0	0.0	3	0.9730532763045194	-15.070195024568585	138.0	31	1.05	0.95				
	302	2	80.33723503578948	16.56437835789474	0.0	0.0	3	0.9744330954295403	-15.44743067982322	138.0	32	1.05	0.95				
	303	1	149.07940522105264	30.644099962105265	0.0	0.0	3	0.9793060400225952	-10.570623637671684	138.0	31	1.05	0.95				
	304	1	61.28819992421053	12.423283768421053	0.0	0.0	3	0.9620175147658154	-13.365731413082292	138.0	31	1.05	0.95				
	305	1	58.80354317052632	11.595064850526319	0.0	0.0	3	0.9753304501949872	-13.422665669913327	138.0	31	1.05	0.95				
	306	1	112.63777283368424	23.190129701052637	0.0	-100.0	3	0.9827823001856033	-13.476952916846981	138.0	32	1.05	0.95				
	307	2	103.52736473684212	20.705472947368424	0.0	0.0	3	0.950014534594263	-15.567409534328133	138.0	32	1.05	0.95				
	308	1	141.62543496	28.98766212631579	0.0	0.0	3	0.9503082717569459	-13.97086047976047	138.0	32	1.05	0.95				
	309	1	144.93831063157896	29.815881044210528	0.0	0.0	3	0.9842628713608116	-7.969861467495763	138.0	33	1.05	0.95				
	310	1	161.50268898947368	33.12875671578948	0.0	0.0	3	1.0036660696259894	-8.860999801611406	138.0	33	1.05	0.95				
	311	1	0.0	0.0	0.0	0.0	3	0.9816874128067494	-0.3705890770738997	230.0	33	1.05	0.95				
	312	1	0.0	0.0	0.0	0.0	3	0.9845294941709762	1.2606012619220848	230.0	33	1.05	0.95				
	313	2	219.47801324210525	44.7238215663158	0.0	0.0	3	1.011881112884057	8.261653522720332	230.0	34	1.05	0.95				
	314	2	160.67447007157895	32.30053779789474	0.0	0.0	3	0.9943090982429559	-0.2410967898652573	230.0	36	1.05	0.95				
	315	2	262.5453969726316	53.00601074526317	0.0	0.0	3	1.0307738783468634	-0.43046531552883677	230.0	36	1.05	0.95				
	316	2	82.8218917894737	16.56437835789474	0.0	0.0	3	1.027268173555175	0.7292472864861943	230.0	36	1.05	0.95				
	317	1	0.0	0.0	0.0	0.0	3	1.0356119227554976	1.9623061278032932	230.0	37	1.05	0.95				
	318	2	275.7968996589474	56.31888641684212	0.0	0.0	3	1.036472118135296	1.5299701438453566	230.0	37	1.05	0.95				
	319	1	149.90762413894737	30.644099962105265	0.0	0.0	3	1.0213785982487193	2.224408059083835	230.0	35	1.05	0.95				
	320	1	106.01202149052634	21.53369186526316	0.0	0.0	3	1.0212978283746164	3.8020485311784324	230.0	35	1.05	0.95				
	321	2	0.0	0.0	0.0	0.0	3	1.0396394027208533	2.7549245035113215	230.0	37	1.05	0.95				
	322	2	0.0	0.0	0.0	0.0	3	1.05	8.200486216254472	230.0	37	1.05	0.95				
	323	2	0.0	0.0	0.0	0.0	3	1.0229752240573795	4.791361605454751	230.0	35	1.05	0.95				
	324	1	0.0	0.0	0.0	0.0	3	1.0002693041961506	-3.1978648497994007	230.0	36	1.05	0.95				
	325	1	0.0	0.0	0.0	0.0	3	1.0234472589486074	5.591460389539079	230.0	35	1.05	0.95				
];
