%% MATPOWER Case Format : Version 2
function mpc = RTS_GMLC
mpc.version = '2';

%%-----  Power Flow Data  -----%%
%% system MVA base
mpc.baseMVA = 100.0;
%% bus data
%    bus_i    type    Pd    Qd    Gs    Bs    area    Vm    Va    baseKV    zone    Vmax    Vmin
mpc.bus = [
	101	2	59.02325583157896	12.02325581754386	0.0	0.0	1	1.0353446299919433	0.7275340762302033	138.0	11	1.05	0.95				
	102	2	53.01162792280702	10.93023256140351	0.0	0.0	1	1.0347678840368246	0.5464488064656453	138.0	12	1.05	0.95				
	103	1	98.3720930526316	20.220930238596495	0.0	0.0	1	1.0242087052856317	-1.6134388254832013	138.0	11	1.05	0.95				
	104	1	40.44186047719299	8.197674421052632	0.0	0.0	1	1.0211515923919834	-2.578043118105339	138.0	11	1.05	0.95				
	105	1	38.802325592982456	7.651162792982458	0.0	0.0	1	1.0351827564405616	-2.535731489812535	138.0	11	1.05	0.95				
	106	1	74.32558141754387	15.302325585964915	0.0	-100.0	1	1.0424184987148442	-4.908378150797633	138.0	12	1.05	0.95				
	107	2	68.31395350877195	13.662790701754387	0.0	0.0	1	1.02311706969575	-6.052592611859205	138.0	12	1.05	0.95				
	108	1	93.45348840000001	19.127906982456143	0.0	0.0	1	1.0155231277569303	-6.7756409798574975	138.0	12	1.05	0.95				
	109	1	95.63953491228071	19.674418610526317	0.0	0.0	1	1.025509965316943	-3.272037926378819	138.0	13	1.05	0.95				
	110	1	106.56976747368422	21.86046512280702	0.0	0.0	1	1.05	-4.1299733867690955	138.0	13	1.05	0.95				
	111	1	0.0	0.0	0.0	0.0	1	1.0059203130745782	-1.2406712315066937	230.0	13	1.05	0.95				
	112	1	0.0	0.0	0.0	0.0	1	1.0113577224277175	-0.558686361094003	230.0	13	1.05	0.95				
	113	3	144.8255814385965	29.51162791578948	0.0	0.0	1	1.0025198362598886	-8.670366932447307e-28	230.0	14	1.05	0.95				
	114	2	106.02325584561405	21.313953494736847	0.0	0.0	1	1.0015510145589717	0.2530137530513013	230.0	16	1.05	0.95				
	115	2	173.24418609824562	34.97674419649123	0.0	0.0	1	1.0361791502137319	5.9123225430502	230.0	16	1.05	0.95				
	116	2	54.65116280701755	10.93023256140351	0.0	0.0	1	1.0328918743800253	5.616268911653285	230.0	16	1.05	0.95				
	117	1	0.0	0.0	0.0	0.0	1	1.0395476327560556	7.465668256423045	230.0	17	1.05	0.95				
	118	2	181.98837214736844	37.16279070877194	0.0	0.0	1	1.0413190063528075	7.464657544589615	230.0	17	1.05	0.95				
	119	1	98.91860468070178	20.220930238596495	0.0	0.0	1	1.0276588153400599	4.770594876448026	230.0	15	1.05	0.95				
	120	1	69.95348839298246	14.209302329824563	0.0	0.0	1	1.027418391693149	5.087733058297351	230.0	15	1.05	0.95				
	121	2	0.0	0.0	0.0	0.0	1	1.0450688736125027	8.713888297415851	230.0	17	1.05	0.95				
	122	2	0.0	0.0	0.0	0.0	1	1.05	14.941806439052005	230.0	17	1.05	0.95				
	123	2	0.0	0.0	0.0	0.0	1	1.0284691353279172	5.679110507287054	230.0	15	1.05	0.95				
	124	1	0.0	0.0	0.0	0.0	1	1.0219980357944127	3.103619586355187	230.0	16	1.05	0.95				
	201	2	63.12041556631579	12.857862430175437	0.0	0.0	2	1.0327869965480865	-11.201548627239983	138.0	21	1.05	0.95				
	202	2	56.69148435122806	11.688965845614035	0.0	0.0	2	1.0329831395627602	-11.277907737937152	138.0	22	1.05	0.95				
	203	1	105.20069261052632	21.624586814385964	0.0	0.0	2	1.021781012198985	-9.187450502270519	138.0	21	1.05	0.95				
	204	1	43.24917362877193	8.766724384210525	0.0	0.0	2	1.018032776357708	-13.512903974956698	138.0	21	1.05	0.95				
	205	1	41.49582875192982	8.182276091929824	0.0	0.0	2	1.0338083203410946	-13.791126694237947	138.0	21	1.05	0.95				
	206	1	79.48496775017544	16.364552183859647	0.0	-100.0	2	1.041323294515025	-15.799326723577536	138.0	22	1.05	0.95				
	207	2	73.05603653508771	14.611207307017542	0.0	0.0	2	0.9882663140270385	-24.626419519551746	138.0	22	1.05	0.95				
	208	1	99.94065798	20.455690229824558	0.0	0.0	2	0.9892567550214185	-21.831078659476812	138.0	22	1.05	0.95				
	209	1	102.2784511491228	21.040138522105263	0.0	0.0	2	1.023631454258744	-12.968840852334315	138.0	23	1.05	0.95				
	210	1	113.96741699473682	23.37793169122807	0.0	0.0	2	1.05	-14.57058587060539	138.0	23	1.05	0.95				
	211	1	0.0	0.0	0.0	0.0	2	1.0144508366011653	-9.71318669030902	230.0	23	1.05	0.95				
	212	1	0.0	0.0	0.0	0.0	2	1.0139927607139676	-8.879999764103964	230.0	23	1.05	0.95				
	213	2	154.87879745438596	31.560207783157896	0.0	0.0	2	1.0138889177965928	-8.523071377072686	230.0	24	1.05	0.95				
	214	2	113.38296870245613	22.793483398947366	0.0	0.0	2	1.022483853334231	-6.687655634365603	230.0	26	1.05	0.95				
	215	2	185.27010865298243	37.40469070596491	0.0	0.0	2	1.0351222203642423	1.460457904405845	230.0	26	1.05	0.95				
	216	2	58.44482922807017	11.688965845614035	0.0	0.0	2	1.0377909603078914	1.1593440863910283	230.0	26	1.05	0.95				
	217	1	0.0	0.0	0.0	0.0	2	1.0404766183547034	4.117207254968148	230.0	27	1.05	0.95				
	218	2	194.62128132947367	39.74248387508772	0.0	0.0	2	1.0419418816551522	4.551997925488036	230.0	27	1.05	0.95				
	219	1	105.78514090280702	21.624586814385964	0.0	0.0	2	1.037228851647044	0.40440520472396074	230.0	25	1.05	0.95				
	220	1	74.80938141192982	15.195655599298243	0.0	0.0	2	1.0414044166209895	0.8594677388569939	230.0	25	1.05	0.95				
	221	2	0.0	0.0	0.0	0.0	2	1.0417353520448065	4.278252187705669	230.0	27	1.05	0.95				
	222	2	0.0	0.0	0.0	0.0	2	1.05	10.719014419890176	230.0	27	1.05	0.95				
	223	2	0.0	0.0	0.0	0.0	2	1.0450512598297768	1.5390936673283615	230.0	25	1.05	0.95				
	224	1	0.0	0.0	0.0	0.0	2	1.0169135242627036	-2.5169296463791415	230.0	26	1.05	0.95				
	301	2	53.29958873684211	10.857323631578947	0.0	0.0	3	1.0090942406786942	-15.758555930074767	138.0	31	1.05	0.95				
	302	2	47.87092692105263	9.870294210526314	0.0	0.0	3	1.0084540405284534	-15.906626900385243	138.0	32	1.05	0.95				
	303	1	88.83264789473684	18.260044289473683	0.0	0.0	3	1.0270677345269879	-9.072304070255175	138.0	31	1.05	0.95				
	304	1	36.520088578947366	7.402720657894736	0.0	0.0	3	1.00909182243309	-14.419389627143477	138.0	31	1.05	0.95				
	305	1	35.039544447368414	6.909205947368421	0.0	0.0	3	1.0229852931232726	-15.084212224010878	138.0	31	1.05	0.95				
	306	1	67.11800063157895	13.818411894736842	0.0	-100.0	3	1.0386273686132927	-15.281358348922712	138.0	32	1.05	0.95				
	307	2	61.68933881578946	12.337867763157893	0.0	0.0	3	0.9932838390129585	-20.971297101810883	138.0	32	1.05	0.95				
	308	1	84.3910155	17.27301486842105	0.0	0.0	3	0.9968554398509588	-18.685271918417136	138.0	32	1.05	0.95				
	309	1	86.36507434210526	17.766529578947367	0.0	0.0	3	1.0256729632093828	-11.181314468360437	138.0	33	1.05	0.95				
	310	1	96.23536855263156	19.740588421052628	0.0	0.0	3	1.05	-12.823984356036991	138.0	33	1.05	0.95				
	311	1	0.0	0.0	0.0	0.0	3	1.0108017238354934	-6.673550689518058	230.0	33	1.05	0.95				
	312	1	0.0	0.0	0.0	0.0	3	1.0120093688081235	-6.523796454889599	230.0	33	1.05	0.95				
	313	2	130.78139828947366	26.649794368421055	0.0	0.0	3	1.0124835583714984	-3.391756065608686	230.0	34	1.05	0.95				
	314	2	95.74185384210526	19.247073710526312	0.0	0.0	3	1.0172434233572463	-4.163938166987834	230.0	36	1.05	0.95				
	315	2	156.4441632368421	31.584941473684207	0.0	0.0	3	1.0405980581733896	0.14457148801000771	230.0	36	1.05	0.95				
	316	2	49.351471052631574	9.870294210526314	0.0	0.0	3	1.038724686144254	0.4169628438130281	230.0	36	1.05	0.95				
	317	1	0.0	0.0	0.0	0.0	3	1.0461921245066605	3.1574034066513557	230.0	37	1.05	0.95				
	318	2	164.34039860526315	33.559000315789476	0.0	0.0	3	1.0451300898291946	2.4943575382372085	230.0	37	1.05	0.95				
	319	1	89.32616260526315	18.260044289473683	0.0	0.0	3	1.0328240523887962	-0.4582437034273741	230.0	35	1.05	0.95				
	320	1	63.169882947368414	12.831382473684211	0.0	0.0	3	1.029981973027593	-0.8973098570990153	230.0	35	1.05	0.95				
	321	2	0.0	0.0	0.0	0.0	3	1.046662943249119	3.1198568421657575	230.0	37	1.05	0.95				
	322	2	0.0	0.0	0.0	0.0	3	1.05	7.471337921171202	230.0	37	1.05	0.95				
	323	2	0.0	0.0	0.0	0.0	3	1.0289762668229192	-0.8596562298402061	230.0	35	1.05	0.95				
	324	1	0.0	0.0	0.0	0.0	3	1.024992909792852	-2.623909000374015	230.0	36	1.05	0.95				
	325	1	0.0	0.0	0.0	0.0	3	1.0284199045707416	-0.04686682184461458	230.0	35	1.05	0.95				
];
