%% MATPOWER Case Format : Version 2
function mpc = RTS_GMLC
mpc.version = '2';

%%-----  Power Flow Data  -----%%
%% system MVA base
mpc.baseMVA = 100.0;
%% bus data
%    bus_i    type    Pd    Qd    Gs    Bs    area    Vm    Va    baseKV    zone    Vmax    Vmin
mpc.bus = [
	101	2	51.76892626105263	10.54552201614035	0.0	0.0	1	1.0338545010498907	1.5229493866398678	138.0	11	1.05	0.95				
	102	2	46.49616525298245	9.586838196491227	0.0	0.0	1	1.033448085068146	1.3712650319514517	138.0	12	1.05	0.95				
	103	1	86.28154376842106	17.73565066350877	0.0	0.0	1	1.026280860370588	-0.09372477576669634	138.0	11	1.05	0.95				
	104	1	35.47130132701754	7.19012864736842	0.0	0.0	1	1.0205433843883316	-1.8528139977669478	138.0	11	1.05	0.95				
	105	1	34.033275597543856	6.7107867375438595	0.0	0.0	1	1.0353294193343037	-1.683410107927464	138.0	11	1.05	0.95				
	106	1	65.19049973614035	13.421573475087719	0.0	-100.0	1	1.0440144144393748	-3.9635577013062435	138.0	12	1.05	0.95				
	107	2	59.91773872807017	11.983547745614034	0.0	0.0	1	1.0077784842665696	-8.747424031054258	138.0	12	1.05	0.95				
	108	1	81.96746657999999	16.776966843859647	0.0	0.0	1	1.0073566371492757	-7.807494936001323	138.0	12	1.05	0.95				
	109	1	83.88483421929824	17.25630875368421	0.0	0.0	1	1.024823509495508	-2.5514578514450954	138.0	13	1.05	0.95				
	110	1	93.47167241578947	19.173676392982454	0.0	0.0	1	1.05	-3.4252097795599545	138.0	13	1.05	0.95				
	111	1	0.0	0.0	0.0	0.0	1	1.0052146154560557	-0.5103149403243398	230.0	13	1.05	0.95				
	112	1	0.0	0.0	0.0	0.0	1	1.0103536563750473	-0.07220774644643112	230.0	13	1.05	0.95				
	113	3	127.02560610350876	25.884463130526314	0.0	0.0	1	1.000166447314078	1.1532583809036945e-28	230.0	14	1.05	0.95				
	114	2	92.9923305059649	18.694334483157895	0.0	0.0	1	1.0020894358727477	1.6425041339733137	230.0	16	1.05	0.95				
	115	2	151.95138541438595	30.67788222877193	0.0	0.0	1	1.0360188798722312	7.955347323037403	230.0	16	1.05	0.95				
	116	2	47.93419098245614	9.586838196491227	0.0	0.0	1	1.0330096670603175	7.490762799828912	230.0	16	1.05	0.95				
	117	1	0.0	0.0	0.0	0.0	1	1.0391942020450087	9.528165154028022	230.0	17	1.05	0.95				
	118	2	159.62085597157895	32.59524986807018	0.0	0.0	1	1.0407818999983824	9.626444585971539	230.0	17	1.05	0.95				
	119	1	86.76088567824561	17.73565066350877	0.0	0.0	1	1.028168869496637	6.353215284446706	230.0	15	1.05	0.95				
	120	1	61.35576445754386	12.462889655438596	0.0	0.0	1	1.0275842157641266	6.290750684481678	230.0	15	1.05	0.95				
	121	2	0.0	0.0	0.0	0.0	1	1.0439163160382416	10.81867028989932	230.0	17	1.05	0.95				
	122	2	0.0	0.0	0.0	0.0	1	1.05	17.01821318888361	230.0	17	1.05	0.95				
	123	2	0.0	0.0	0.0	0.0	1	1.0280445923314772	6.6235384707578655	230.0	15	1.05	0.95				
	124	1	0.0	0.0	0.0	0.0	1	1.0221353428735112	4.942290037161082	230.0	16	1.05	0.95				
	201	2	59.44844955789473	12.109869354385964	0.0	0.0	2	1.0314202326570756	-11.187110652589979	138.0	21	1.05	0.95				
	202	2	53.39351488070175	11.008972140350878	0.0	0.0	2	1.0318438366661042	-11.19014793084984	138.0	22	1.05	0.95				
	203	1	99.0807492631579	20.366598459649122	0.0	0.0	2	1.0187547386841098	-9.617012421344693	138.0	21	1.05	0.95				
	204	1	40.733196919298244	8.256729105263156	0.0	0.0	2	1.0179795451080522	-13.251640847495802	138.0	21	1.05	0.95				
	205	1	39.081851098245615	7.706280498245614	0.0	0.0	2	1.0336897883238672	-13.516288117569344	138.0	21	1.05	0.95				
	206	1	74.86101055438597	15.412560996491228	0.0	-100.0	2	1.0421456559903364	-15.337824242112925	138.0	22	1.05	0.95				
	207	2	68.80607587719298	13.761215175438595	0.0	0.0	2	0.9897099699111773	-23.578592487535328	138.0	22	1.05	0.95				
	208	1	94.1267118	19.265701245614032	0.0	0.0	2	0.9916125331650743	-20.97204095483748	138.0	22	1.05	0.95				
	209	1	96.32850622807017	19.816149852631575	0.0	0.0	2	1.0231848369649514	-12.69835921394673	138.0	23	1.05	0.95				
	210	1	107.33747836842105	22.017944280701755	0.0	0.0	2	1.05	-14.133799644144084	138.0	23	1.05	0.95				
	211	1	0.0	0.0	0.0	0.0	2	1.0124133919331448	-9.416610759471899	230.0	23	1.05	0.95				
	212	1	0.0	0.0	0.0	0.0	2	1.011822469990338	-8.69215710337165	230.0	23	1.05	0.95				
	213	2	145.8688808596491	29.724224778947367	0.0	0.0	2	1.0103025038014222	-8.291692947102444	230.0	24	1.05	0.95				
	214	2	106.7870297614035	21.467495673684212	0.0	0.0	2	1.0197786295531939	-6.371289912260515	230.0	26	1.05	0.95				
	215	2	174.4922084245614	35.228710849122805	0.0	0.0	2	1.0327692847416743	1.4714518335821336	230.0	26	1.05	0.95				
	216	2	55.04486070175438	11.008972140350878	0.0	0.0	2	1.0350838633970778	1.3020693742579292	230.0	26	1.05	0.95				
	217	1	0.0	0.0	0.0	0.0	2	1.0388041470746336	4.436699953947819	230.0	27	1.05	0.95				
	218	2	183.2993861368421	37.430505277192985	0.0	0.0	2	1.0405415202511337	4.854461231230985	230.0	27	1.05	0.95				
	219	1	99.63119787017544	20.366598459649122	0.0	0.0	2	1.0332497321159817	0.45128139458854616	230.0	25	1.05	0.95				
	220	1	70.45742169824561	14.31166378245614	0.0	0.0	2	1.0359736242968032	0.7668883731395126	230.0	25	1.05	0.95				
	221	2	0.0	0.0	0.0	0.0	2	1.0402938330200016	4.486421558794853	230.0	27	1.05	0.95				
	222	2	0.0	0.0	0.0	0.0	2	1.05	10.969347454757969	230.0	27	1.05	0.95				
	223	2	0.0	0.0	0.0	0.0	2	1.03864126376224	1.3512126789670604	230.0	25	1.05	0.95				
	224	1	0.0	0.0	0.0	0.0	2	1.0137865366128178	-2.6684016100544348	230.0	26	1.05	0.95				
	301	2	41.44384690105264	8.442265109473684	0.0	0.0	3	1.0122385708222752	-7.55163566804322	138.0	31	1.05	0.95				
	302	2	37.2227143463158	7.674786463157895	0.0	0.0	3	1.0120583694971057	-7.783427957226069	138.0	32	1.05	0.95				
	303	1	69.07307816842106	14.198354956842108	0.0	0.0	3	1.0400321218578485	1.3956574607099526	138.0	31	1.05	0.95				
	304	1	28.396709913684216	5.756089847368422	0.0	0.0	3	1.0130700256971445	-6.816332608762932	138.0	31	1.05	0.95				
	305	1	27.245491944210524	5.372350524210527	0.0	0.0	3	1.026511288054456	-7.977816135792781	138.0	31	1.05	0.95				
	306	1	52.188547949473694	10.744701048421055	0.0	-100.0	3	1.0427261812025497	-8.695457022570656	138.0	32	1.05	0.95				
	307	2	47.96741539473685	9.593483078947369	0.0	0.0	3	0.9915092834256651	-12.580643979710286	138.0	32	1.05	0.95				
	308	1	65.61942426	13.430876310526315	0.0	0.0	3	1.0001811624444132	-10.897379493612993	138.0	32	1.05	0.95				
	309	1	67.15438155263158	13.81461563368421	0.0	0.0	3	1.0251040934495241	-4.442842193067988	138.0	33	1.05	0.95				
	310	1	74.82916801578948	15.34957292631579	0.0	0.0	3	1.05	-7.166212730077298	138.0	33	1.05	0.95				
	311	1	0.0	0.0	0.0	0.0	3	1.0044468871943362	-2.9531921601986366	230.0	33	1.05	0.95				
	312	1	0.0	0.0	0.0	0.0	3	1.010366483000077	-2.3632939165724887	230.0	33	1.05	0.95				
	313	2	101.69092063684211	20.72192345052632	0.0	0.0	3	1.0072212559851017	0.06614946502041025	230.0	34	1.05	0.95				
	314	2	74.4454286926316	14.965833603157897	0.0	0.0	3	0.9955442575443904	-2.6095604634361442	230.0	36	1.05	0.95				
	315	2	121.64536544105265	24.559316682105266	0.0	0.0	3	1.024617361346897	-0.21980881958375634	230.0	36	1.05	0.95				
	316	2	38.373932315789475	7.674786463157895	0.0	0.0	3	1.021265125491885	0.15659115222150324	230.0	36	1.05	0.95				
	317	1	0.0	0.0	0.0	0.0	3	1.027599557276681	0.5691892570636524	230.0	37	1.05	0.95				
	318	2	127.78519461157896	26.094273974736847	0.0	0.0	3	1.0273833515856408	0.1936587639170858	230.0	37	1.05	0.95				
	319	1	69.45681749157896	14.198354956842108	0.0	0.0	3	1.0164566063822684	-0.15062522574256823	230.0	35	1.05	0.95				
	320	1	49.11863336421053	9.977222402105264	0.0	0.0	3	1.0146712705153813	0.346845925498422	230.0	35	1.05	0.95				
	321	2	0.0	0.0	0.0	0.0	3	1.0283836752475115	0.5974227387116404	230.0	37	1.05	0.95				
	322	2	0.0	0.0	0.0	0.0	3	1.041448031320193	4.964441336317393	230.0	37	1.05	0.95				
	323	2	0.0	0.0	0.0	0.0	3	1.0141830565466627	0.9256542818339719	230.0	35	1.05	0.95				
	324	1	0.0	0.0	0.0	0.0	3	1.0270939125218503	0.3914831676131371	230.0	36	1.05	0.95				
	325	1	0.0	0.0	0.0	0.0	3	1.0146348901779512	1.7825670885242233	230.0	35	1.05	0.95				
];
