%% MATPOWER Case Format : Version 2
function mpc = RTS_GMLC
mpc.version = '2';

%%-----  Power Flow Data  -----%%
%% system MVA base
mpc.baseMVA = 100.0;
%% bus data
%    bus_i    type    Pd    Qd    Gs    Bs    area    Vm    Va    baseKV    zone    Vmax    Vmin
mpc.bus = [
	101	2	84.40672933894736	17.193963383859646	0.0	0.0	1	1.04662992708577	0.7454913580227917	138.0	11	1.05	0.95				
	102	2	75.80974764701753	15.63087580350877	0.0	0.0	1	1.0463085337263383	0.5653899795409738	138.0	12	1.05	0.95				
	103	1	140.67788223157893	28.917120236491222	0.0	0.0	1	1.0264289914192894	-1.381029127044008	138.0	11	1.05	0.95				
	104	1	57.834240472982444	11.723156852631577	0.0	0.0	1	1.0242221743780404	-3.2398336306725017	138.0	11	1.05	0.95				
	105	1	55.48960910245613	10.94161306245614	0.0	0.0	1	1.0369399870666103	-3.638031044644651	138.0	11	1.05	0.95				
	106	1	106.28995546385964	21.88322612491228	0.0	-100.0	1	1.0375409920452243	-6.826943217017417	138.0	12	1.05	0.95				
	107	2	97.69297377192981	19.53859475438596	0.0	0.0	1	1.05	-6.186929924470366	138.0	12	1.05	0.95				
	108	1	133.64398812	27.354032656140348	0.0	0.0	1	1.0247762475472286	-8.083895029816347	138.0	12	1.05	0.95				
	109	1	136.77016328070172	28.135576446315785	0.0	0.0	1	1.0273094437031187	-4.279954409719499	138.0	13	1.05	0.95				
	110	1	152.4010390842105	31.26175160701754	0.0	0.0	1	1.05	-5.691818409277215	138.0	13	1.05	0.95				
	111	1	0.0	0.0	0.0	0.0	1	1.012634017828525	-1.8666058012669515	230.0	13	1.05	0.95				
	112	1	0.0	0.0	0.0	0.0	1	1.0167148672125703	-1.0632973694087904	230.0	13	1.05	0.95				
	113	3	207.1091043964912	42.20336466947368	0.0	0.0	1	1.014414854853103	3.3769905471572766e-29	230.0	14	1.05	0.95				
	114	2	151.61949529403506	30.480207816842103	0.0	0.0	1	1.0116623018017084	-0.31613916546859383	230.0	16	1.05	0.95				
	115	2	247.74938148561398	50.01880257122806	0.0	0.0	1	1.0434002273653247	7.307007526407655	230.0	16	1.05	0.95				
	116	2	78.15437901754385	15.63087580350877	0.0	0.0	1	1.0406456623223495	6.603267514418424	230.0	16	1.05	0.95				
	117	1	0.0	0.0	0.0	0.0	1	1.0449895264982982	9.31313290185581	230.0	17	1.05	0.95				
	118	2	260.25408212842103	53.14497773192982	0.0	0.0	1	1.0469332089140615	9.734752289935136	230.0	17	1.05	0.95				
	119	1	141.45942602175435	28.917120236491222	0.0	0.0	1	1.034598555422518	5.367856753128916	230.0	15	1.05	0.95				
	120	1	100.03760514245612	20.320138544561402	0.0	0.0	1	1.03533648607361	5.287495837615782	230.0	15	1.05	0.95				
	121	2	0.0	0.0	0.0	0.0	1	1.0499999960454243	11.473924838636682	230.0	17	1.05	0.95				
	122	2	0.0	0.0	0.0	0.0	1	1.05	17.146470570146498	230.0	17	1.05	0.95				
	123	2	0.0	0.0	0.0	0.0	1	1.0379192943049356	5.824665074010638	230.0	15	1.05	0.95				
	124	1	0.0	0.0	0.0	0.0	1	1.0260374908188616	4.077829177621162	230.0	16	1.05	0.95				
	201	2	84.93121360421053	17.300802771228067	0.0	0.0	2	1.0418315085675103	-16.92478814862565	138.0	21	1.05	0.95				
	202	2	76.28081221859648	15.728002519298245	0.0	0.0	2	1.0442750222916048	-17.084178727653484	138.0	22	1.05	0.95				
	203	1	141.5520226736842	29.096804660701753	0.0	0.0	2	1.0244067700928754	-12.015959144845814	138.0	21	1.05	0.95				
	204	1	58.19360932140351	11.796001889473684	0.0	0.0	2	1.0196537219724346	-18.499936472599366	138.0	21	1.05	0.95				
	205	1	55.83440894350878	11.009601763508773	0.0	0.0	2	1.0358791441008264	-19.081133904494493	138.0	21	1.05	0.95				
	206	1	106.95041713122808	22.019203527017545	0.0	-100.0	2	1.0384324979760278	-21.039376274679043	138.0	22	1.05	0.95				
	207	2	98.30001574561403	19.660003149122808	0.0	0.0	2	0.95	-32.68779501675309	138.0	22	1.05	0.95				
	208	1	134.47442154	27.52400440877193	0.0	0.0	2	0.9564108518334244	-28.74305785852316	138.0	22	1.05	0.95				
	209	1	137.62002204385965	28.31040453473684	0.0	0.0	2	1.0245425133946562	-16.488899165419276	138.0	23	1.05	0.95				
	210	1	153.34802456315788	31.45600503859649	0.0	0.0	2	1.05	-18.810930569054374	138.0	23	1.05	0.95				
	211	1	0.0	0.0	0.0	0.0	2	1.0322199751154346	-11.497188172712043	230.0	23	1.05	0.95				
	212	1	0.0	0.0	0.0	0.0	2	1.0229005721822717	-10.227708140387017	230.0	23	1.05	0.95				
	213	2	208.39603338070174	42.46560680210526	0.0	0.0	2	1.05	-8.314124123592183	230.0	24	1.05	0.95				
	214	2	152.56162443719296	30.66960491263158	0.0	0.0	2	1.05	-8.410699559292862	230.0	26	1.05	0.95				
	215	2	249.2888399308772	50.329608061754385	0.0	0.0	2	1.0445771233507184	1.3433036147611221	230.0	26	1.05	0.95				
	216	2	78.64001259649123	15.728002519298245	0.0	0.0	2	1.0482660628115783	0.832532793455195	230.0	26	1.05	0.95				
	217	1	0.0	0.0	0.0	0.0	2	1.0485446718281273	4.194809178195749	230.0	27	1.05	0.95				
	218	2	261.87124194631576	53.47520856561404	0.0	0.0	2	1.05	4.783194083652799	230.0	27	1.05	0.95				
	219	1	142.33842279964912	29.096804660701753	0.0	0.0	2	1.0433095683482716	0.3290168361538478	230.0	25	1.05	0.95				
	220	1	100.65921612350877	20.446403275087718	0.0	0.0	2	1.0459956816921472	1.3611330056454596	230.0	25	1.05	0.95				
	221	2	0.0	0.0	0.0	0.0	2	1.05	5.120579818602722	230.0	27	1.05	0.95				
	222	2	0.0	0.0	0.0	0.0	2	1.05	11.269258570866	230.0	27	1.05	0.95				
	223	2	0.0	0.0	0.0	0.0	2	1.05	2.497728528864594	230.0	25	1.05	0.95				
	224	1	0.0	0.0	0.0	0.0	2	1.020045310075932	-3.6200609433260573	230.0	26	1.05	0.95				
	301	2	76.15691238315789	15.513445115087718	0.0	0.0	3	1.00190232768871	-1.9730314372753919	138.0	31	1.05	0.95				
	302	2	68.40018982561404	14.10313192280702	0.0	0.0	3	1.003046886782022	-2.1147220013159074	138.0	32	1.05	0.95				
	303	1	126.92818730526317	26.090794057192984	0.0	0.0	3	1.021029578662417	4.419493533815863	138.0	31	1.05	0.95				
	304	1	52.18158811438597	10.577348942105262	0.0	0.0	3	0.9990169447052718	0.30456328291672286	138.0	31	1.05	0.95				
	305	1	50.066118325964915	9.872192345964912	0.0	0.0	3	1.0117449341771394	-0.08766689162636608	138.0	31	1.05	0.95				
	306	1	95.90129707508773	19.744384691929824	0.0	-100.0	3	1.0251045469306093	0.18835485625388987	138.0	32	1.05	0.95				
	307	2	88.14457451754386	17.62891490350877	0.0	0.0	3	0.9817282687402584	-4.746805922748548	138.0	32	1.05	0.95				
	308	1	120.58177794	24.68048086491228	0.0	0.0	3	0.989021507001417	-1.4396139750010595	138.0	32	1.05	0.95				
	309	1	123.4024043245614	25.385637461052628	0.0	0.0	3	1.0220420924659528	5.186005349101693	138.0	33	1.05	0.95				
	310	1	137.5055362473684	28.20626384561404	0.0	0.0	3	1.0432300969660728	4.088451066880359	138.0	33	1.05	0.95				
	311	1	0.0	0.0	0.0	0.0	3	1.0123224801861441	11.527701180697466	230.0	33	1.05	0.95				
	312	1	0.0	0.0	0.0	0.0	3	1.0168060695976158	12.777617013374984	230.0	33	1.05	0.95				
	313	2	186.86649797719298	38.078456191578944	0.0	0.0	3	1.0393486889383579	19.91049906092923	230.0	34	1.05	0.95				
	314	2	136.80037965122807	27.501107249473684	0.0	0.0	3	1.0164574569351918	10.885459077342476	230.0	36	1.05	0.95				
	315	2	223.5346409764912	45.130022152982455	0.0	0.0	3	1.0391377541017905	7.987484440333535	230.0	36	1.05	0.95				
	316	2	70.51565961403509	14.10313192280702	0.0	0.0	3	1.037934587534441	9.057870873271739	230.0	36	1.05	0.95				
	317	1	0.0	0.0	0.0	0.0	3	1.042935988015917	8.689180962613598	230.0	37	1.05	0.95				
	318	2	234.81714651473683	47.95064853754386	0.0	0.0	3	1.0425627819447474	7.767174672395282	230.0	37	1.05	0.95				
	319	1	127.6333439014035	26.090794057192984	0.0	0.0	3	1.035011506399573	10.74799191179038	230.0	35	1.05	0.95				
	320	1	90.26004430596491	18.334071499649124	0.0	0.0	3	1.0360959531512592	12.281747914966047	230.0	35	1.05	0.95				
	321	2	0.0	0.0	0.0	0.0	3	1.0443102831845847	9.192634056047023	230.0	37	1.05	0.95				
	322	2	0.0	0.0	0.0	0.0	3	1.05	13.323239123215059	230.0	37	1.05	0.95				
	323	2	0.0	0.0	0.0	0.0	3	1.037227408766087	12.962528762554564	230.0	35	1.05	0.95				
	324	1	0.0	0.0	0.0	0.0	3	1.0284846620284327	8.445256480990919	230.0	36	1.05	0.95				
	325	1	0.0	0.0	0.0	0.0	3	1.0393994714435668	12.84237781652174	230.0	35	1.05	0.95				
];
