%% MATPOWER Case Format : Version 2
function mpc = RTS_GMLC
mpc.version = '2';

%%-----  Power Flow Data  -----%%
%% system MVA base
mpc.baseMVA = 100.0;
%% bus data
%    bus_i    type    Pd    Qd    Gs    Bs    area    Vm    Va    baseKV    zone    Vmax    Vmin
mpc.bus = [
	101	2	60.038594753684215	12.230084116491229	0.0	0.0	1	1.0452595756466552	1.283153488612746	138.0	11	1.05	0.95				
	102	2	53.923552695438595	11.118258287719298	0.0	0.0	1	1.044145447008553	0.944791520373588	138.0	12	1.05	0.95				
	103	1	100.0643245894737	20.568777832280702	0.0	0.0	1	1.0289759609074258	-0.7469771416962507	138.0	11	1.05	0.95				
	104	1	41.137555664561404	8.338693715789473	0.0	0.0	1	1.0259062898256617	-2.4256706955672755	138.0	11	1.05	0.95				
	105	1	39.469816921403506	7.782780801403509	0.0	0.0	1	1.039592840989978	-2.595967124554859	138.0	11	1.05	0.95				
	106	1	75.60415635649123	15.565561602807017	0.0	-100.0	1	1.0439927257010602	-5.363167442800984	138.0	12	1.05	0.95				
	107	2	69.48911429824561	13.897822859649123	0.0	0.0	1	0.9989774941864054	-12.371029941425281	138.0	12	1.05	0.95				
	108	1	95.06110836	19.45695200350877	0.0	0.0	1	0.9987371183949849	-10.68412565151643	138.0	12	1.05	0.95				
	109	1	97.28476001754386	20.012864917894735	0.0	0.0	1	1.0250557484874838	-3.766946254664143	138.0	13	1.05	0.95				
	110	1	108.40301830526316	22.236516575438596	0.0	0.0	1	1.05	-4.833568862481065	138.0	13	1.05	0.95				
	111	1	0.0	0.0	0.0	0.0	1	1.0083723844852386	-1.270566408937444	230.0	13	1.05	0.95				
	112	1	0.0	0.0	0.0	0.0	1	1.0117711532305684	-1.2315687431374989	230.0	13	1.05	0.95				
	113	3	147.3169223122807	30.019297376842108	0.0	0.0	1	1.0047218694121758	-2.986082220085755e-30	230.0	14	1.05	0.95				
	114	2	107.84710539087719	21.680603661052633	0.0	0.0	1	1.0086503469948975	0.7424417480099376	230.0	16	1.05	0.95				
	115	2	176.22439386035086	35.578426520701754	0.0	0.0	1	1.0406925219629977	7.773630094535695	230.0	16	1.05	0.95				
	116	2	55.59129143859649	11.118258287719298	0.0	0.0	1	1.0373296849970084	6.894997134506412	230.0	16	1.05	0.95				
	117	1	0.0	0.0	0.0	0.0	1	1.0425175028667368	10.464437886213284	230.0	17	1.05	0.95				
	118	2	185.11900049052633	37.802078178245615	0.0	0.0	1	1.045931953980623	11.104410209200514	230.0	17	1.05	0.95				
	119	1	100.62023750385964	20.568777832280702	0.0	0.0	1	1.0279142931820453	4.650718452893174	230.0	15	1.05	0.95				
	120	1	71.15685304140351	14.453735774035087	0.0	0.0	1	1.0247595041022173	3.6448588578909433	230.0	15	1.05	0.95				
	121	2	0.0	0.0	0.0	0.0	1	1.0485139903039251	12.86310273173182	230.0	17	1.05	0.95				
	122	2	0.0	0.0	0.0	0.0	1	1.05	20.076677249330515	230.0	17	1.05	0.95				
	123	2	0.0	0.0	0.0	0.0	1	1.0241396378617451	3.5164554994966886	230.0	15	1.05	0.95				
	124	1	0.0	0.0	0.0	0.0	1	1.025512513010366	4.589479058988609	230.0	16	1.05	0.95				
	201	2	58.07146229052631	11.829371948070175	0.0	0.0	2	1.0189360856653127	-12.00211997362965	138.0	21	1.05	0.95				
	202	2	52.156776316491225	10.753974498245613	0.0	0.0	2	1.019353160838541	-11.946679266501041	138.0	22	1.05	0.95				
	203	1	96.78577048421052	19.894852821754384	0.0	0.0	2	1.0146716555770374	-10.189016132160445	138.0	21	1.05	0.95				
	204	1	39.78970564350877	8.06548087368421	0.0	0.0	2	1.013381826733571	-12.429204528169354	138.0	21	1.05	0.95				
	205	1	38.17660946877193	7.52778214877193	0.0	0.0	2	1.027776026081703	-12.79158288583283	138.0	21	1.05	0.95				
	206	1	73.12702658807018	15.05556429754386	0.0	-100.0	2	1.0399974329100712	-13.754770372488885	138.0	22	1.05	0.95				
	207	2	67.21234061403509	13.442468122807016	0.0	0.0	2	0.9911632310398953	-21.123541166262505	138.0	22	1.05	0.95				
	208	1	91.94648196	18.819455371929823	0.0	0.0	2	0.993385416587542	-18.591698800471026	138.0	22	1.05	0.95				
	209	1	94.09727685964911	19.357154096842102	0.0	0.0	2	1.0246504920651678	-10.611381899067604	138.0	23	1.05	0.95				
	210	1	104.85125135789472	21.507948996491226	0.0	0.0	2	1.05	-11.864293621284075	138.0	23	1.05	0.95				
	211	1	0.0	0.0	0.0	0.0	2	1.0119370816158728	-7.197253723576602	230.0	23	1.05	0.95				
	212	1	0.0	0.0	0.0	0.0	2	1.0152185518565306	-4.069274607799571	230.0	23	1.05	0.95				
	213	2	142.49016210175435	29.035731145263156	0.0	0.0	2	1.0145183360691765	-4.671026149792751	230.0	24	1.05	0.95				
	214	2	104.31355263298245	20.970250271578948	0.0	0.0	2	1.0140371158625607	-5.318258369652779	230.0	26	1.05	0.95				
	215	2	170.45049579719296	34.41271839438596	0.0	0.0	2	1.029637161719093	0.4482584061642517	230.0	26	1.05	0.95				
	216	2	53.769872491228064	10.753974498245613	0.0	0.0	2	1.0316168050128525	0.6261232031205618	230.0	26	1.05	0.95				
	217	1	0.0	0.0	0.0	0.0	2	1.033522257456799	1.6328848392787332	230.0	27	1.05	0.95				
	218	2	179.05367539578947	36.56351329403509	0.0	0.0	2	1.0320167590994282	0.9692698961020152	230.0	27	1.05	0.95				
	219	1	97.3234692091228	19.894852821754384	0.0	0.0	2	1.0343350097616089	1.8026946850878331	230.0	25	1.05	0.95				
	220	1	68.82543678877192	13.980166847719296	0.0	0.0	2	1.0414217471290572	3.8407469487639654	230.0	25	1.05	0.95				
	221	2	0.0	0.0	0.0	0.0	2	1.0340299841984781	1.6011215609266034	230.0	27	1.05	0.95				
	222	2	0.0	0.0	0.0	0.0	2	1.05	8.110045304865988	230.0	27	1.05	0.95				
	223	2	0.0	0.0	0.0	0.0	2	1.0472624727044038	5.3444525583772995	230.0	25	1.05	0.95				
	224	1	0.0	0.0	0.0	0.0	2	1.010904993152526	-3.5184530454438754	230.0	26	1.05	0.95				
	301	2	49.16545397052632	10.015185068070176	0.0	0.0	3	1.00445573402067	6.662745085980279	138.0	31	1.05	0.95				
	302	2	44.15786143649123	9.104713698245614	0.0	0.0	3	1.004235953723035	6.568311962626329	138.0	32	1.05	0.95				
	303	1	81.94242328421053	16.843720341754388	0.0	0.0	3	1.0247729321628636	11.16240106400067	138.0	31	1.05	0.95				
	304	1	33.687440683508775	6.828535273684211	0.0	0.0	3	1.0083055005676134	7.989513817752221	138.0	31	1.05	0.95				
	305	1	32.32173362877193	6.37329958877193	0.0	0.0	3	1.0210543164218127	7.589654128918898	138.0	31	1.05	0.95				
	306	1	61.91205314807018	12.74659917754386	0.0	-100.0	3	1.0386795282540147	7.566363756133873	138.0	32	1.05	0.95				
	307	2	56.90446061403509	11.380892122807019	0.0	0.0	3	0.9856453078460805	3.352945382692743	138.0	32	1.05	0.95				
	308	1	77.84530212	15.933248971929824	0.0	0.0	3	0.9967241218085523	5.359234003654264	138.0	32	1.05	0.95				
	309	1	79.66624485964913	16.388484656842106	0.0	0.0	3	1.0261297594589465	11.014918991141409	138.0	33	1.05	0.95				
	310	1	88.77095855789474	18.20942739649123	0.0	0.0	3	1.05	9.97846067176129	138.0	33	1.05	0.95				
	311	1	0.0	0.0	0.0	0.0	3	1.0069825911344659	15.09749082456565	230.0	33	1.05	0.95				
	312	1	0.0	0.0	0.0	0.0	3	1.0132818364604863	15.212659298830717	230.0	33	1.05	0.95				
	313	2	120.63745650175439	24.58272698526316	0.0	0.0	3	1.0133806121767126	19.291406176080063	230.0	34	1.05	0.95				
	314	2	88.31572287298246	17.754191711578947	0.0	0.0	3	1.0030298192166205	16.122042608122516	230.0	36	1.05	0.95				
	315	2	144.309712117193	29.135083834385966	0.0	0.0	3	1.03223656768729	15.890170516818548	230.0	36	1.05	0.95				
	316	2	45.523568491228076	9.104713698245614	0.0	0.0	3	1.030286988053064	16.417094769311838	230.0	36	1.05	0.95				
	317	1	0.0	0.0	0.0	0.0	3	1.0458879584573015	19.27630092847454	230.0	37	1.05	0.95				
	318	2	151.5934830757895	30.95602657403509	0.0	0.0	3	1.0448546071194742	16.876464322499682	230.0	37	1.05	0.95				
	319	1	82.39765896912282	16.843720341754388	0.0	0.0	3	1.026619849954363	16.48715313658096	230.0	35	1.05	0.95				
	320	1	58.27016766877193	11.836127807719299	0.0	0.0	3	1.023926901820006	16.279377944552277	230.0	35	1.05	0.95				
	321	2	0.0	0.0	0.0	0.0	3	1.04182594649668	17.177163941387423	230.0	37	1.05	0.95				
	322	2	0.0	0.0	0.0	0.0	3	1.05	22.33090572512636	230.0	37	1.05	0.95				
	323	2	0.0	0.0	0.0	0.0	3	1.0223430971537344	16.20753739602724	230.0	35	1.05	0.95				
	324	1	0.0	0.0	0.0	0.0	3	1.0243972440123281	15.579113412774765	230.0	36	1.05	0.95				
	325	1	0.0	0.0	0.0	0.0	3	1.0258380839374628	15.933332725914338	230.0	35	1.05	0.95				
];
