%% MATPOWER Case Format : Version 2
function mpc = RTS_GMLC
mpc.version = '2';

%%-----  Power Flow Data  -----%%
%% system MVA base
mpc.baseMVA = 100.0;
%% bus data
%    bus_i    type    Pd    Qd    Gs    Bs    area    Vm    Va    baseKV    zone    Vmax    Vmin
mpc.bus = [
	101	2	63.72587826947369	12.981197425263158	0.0	0.0	1	1.0321936025617247	-2.3246430075729294	138.0	11	1.05	0.95				
	102	2	57.2352795568421	11.801088568421052	0.0	0.0	1	1.0314239629649442	-2.5787735152198104	138.0	12	1.05	0.95				
	103	1	106.20979711578946	21.832013851578946	0.0	0.0	1	1.0246050743972637	-1.7676723630760316	138.0	11	1.05	0.95				
	104	1	43.66402770315789	8.850816426315788	0.0	0.0	1	1.0179127143116937	-5.133212073505927	138.0	11	1.05	0.95				
	105	1	41.89386441789473	8.260761997894738	0.0	0.0	1	1.0332842423743727	-5.173281857904854	138.0	11	1.05	0.95				
	106	1	80.24740226526316	16.521523995789476	0.0	-100.0	1	1.040674524966688	-7.369372360112259	138.0	12	1.05	0.95				
	107	2	73.75680355263158	14.751360710526315	0.0	0.0	1	1.0005122335538454	-13.775907309511505	138.0	12	1.05	0.95				
	108	1	100.89930725999999	20.65190499473684	0.0	0.0	1	0.9984634651575358	-12.117923871754636	138.0	12	1.05	0.95				
	109	1	103.25952497368421	21.241959423157894	0.0	0.0	1	1.0250537923768865	-4.827367494288461	138.0	13	1.05	0.95				
	110	1	115.06061354210526	23.602177136842105	0.0	0.0	1	1.05	-6.19635964579002	138.0	13	1.05	0.95				
	111	1	0.0	0.0	0.0	0.0	1	1.0124866806446915	-1.455436721070158	230.0	13	1.05	0.95				
	112	1	0.0	0.0	0.0	0.0	1	1.0140557450557997	-1.303007634124048	230.0	13	1.05	0.95				
	113	3	156.36442353157892	31.862939134736845	0.0	0.0	1	1.0115097846406194	-2.7096423012699874e-30	230.0	14	1.05	0.95				
	114	2	114.4705591136842	23.01212270842105	0.0	0.0	1	1.0181307103740367	1.3692233410392616	230.0	16	1.05	0.95				
	115	2	187.04725380947366	37.76348341894737	0.0	0.0	1	1.0436621582599175	9.706502663807786	230.0	16	1.05	0.95				
	116	2	59.00544284210526	11.801088568421052	0.0	0.0	1	1.0413888316687243	8.892566783559404	230.0	16	1.05	0.95				
	117	1	0.0	0.0	0.0	0.0	1	1.0439231744719206	13.038321058060065	230.0	17	1.05	0.95				
	118	2	196.48812466421052	40.12370113263158	0.0	0.0	1	1.0490658558957076	13.332124763962494	230.0	17	1.05	0.95				
	119	1	106.79985154421053	21.832013851578946	0.0	0.0	1	1.034364107435536	6.647142192497512	230.0	15	1.05	0.95				
	120	1	75.52696683789473	15.341415138947367	0.0	0.0	1	1.033833122555727	5.811189395998067	230.0	15	1.05	0.95				
	121	2	0.0	0.0	0.0	0.0	1	1.05	14.981966866475169	230.0	17	1.05	0.95				
	122	2	0.0	0.0	0.0	0.0	1	1.05	27.70586124704788	230.0	17	1.05	0.95				
	123	2	0.0	0.0	0.0	0.0	1	1.0347696310107712	5.7948265754001484	230.0	15	1.05	0.95				
	124	1	0.0	0.0	0.0	0.0	1	1.022153644758807	5.442068281561899	230.0	16	1.05	0.95				
	201	2	59.669447494736836	12.154887452631579	0.0	0.0	2	1.023092434552551	-12.732994738950206	138.0	21	1.05	0.95				
	202	2	53.59200376842105	11.049897684210526	0.0	0.0	2	1.0240501230406098	-12.547721547826225	138.0	22	1.05	0.95				
	203	1	99.44907915789474	20.44231071578947	0.0	0.0	2	1.0171568800464452	-11.057930578381718	138.0	21	1.05	0.95				
	204	1	40.88462143157894	8.287423263157894	0.0	0.0	2	1.0151927520433153	-13.794686290405366	138.0	21	1.05	0.95				
	205	1	39.22713677894736	7.734928378947369	0.0	0.0	2	1.029660799919949	-14.186334199664772	138.0	21	1.05	0.95				
	206	1	75.13930425263158	15.469856757894737	0.0	-100.0	2	1.0405264664096918	-15.487349886531987	138.0	22	1.05	0.95				
	207	2	69.06186052631578	13.812372105263156	0.0	0.0	2	0.9889186478882346	-23.39931168343009	138.0	22	1.05	0.95				
	208	1	94.4766252	19.33732094736842	0.0	0.0	2	0.9913554329008031	-20.788286553535606	138.0	22	1.05	0.95				
	209	1	96.6866047368421	19.889815831578943	0.0	0.0	2	1.0244752248619808	-12.548568746204108	138.0	23	1.05	0.95				
	210	1	107.73650242105262	22.099795368421052	0.0	0.0	2	1.05	-13.888595526031095	138.0	23	1.05	0.95				
	211	1	0.0	0.0	0.0	0.0	2	1.0141093673458417	-8.718394403435129	230.0	23	1.05	0.95				
	212	1	0.0	0.0	0.0	0.0	2	1.013436578616506	-7.395124374110046	230.0	23	1.05	0.95				
	213	2	146.41114431578944	29.834723747368418	0.0	0.0	2	1.0159870529233126	-6.79819558256354	230.0	24	1.05	0.95				
	214	2	107.1840075368421	21.547300484210528	0.0	0.0	2	1.0207550718756102	-5.885261618346128	230.0	26	1.05	0.95				
	215	2	175.14087829473684	35.35967258947368	0.0	0.0	2	1.0372052246076637	1.2570853411215346	230.0	26	1.05	0.95				
	216	2	55.249488421052625	11.049897684210526	0.0	0.0	2	1.0390970368797317	1.4575741476122643	230.0	26	1.05	0.95				
	217	1	0.0	0.0	0.0	0.0	2	1.042028527514881	3.925885422145322	230.0	27	1.05	0.95				
	218	2	183.98079644210526	37.56965212631579	0.0	0.0	2	1.0425411972812564	4.055823890869933	230.0	27	1.05	0.95				
	219	1	100.00157404210526	20.44231071578947	0.0	0.0	2	1.0401239573179297	1.9423854522312156	230.0	25	1.05	0.95				
	220	1	70.71934517894736	14.364866989473684	0.0	0.0	2	1.0454458895413425	3.4037599049585507	230.0	25	1.05	0.95				
	221	2	0.0	0.0	0.0	0.0	2	1.0426817366113277	3.891540507241168	230.0	27	1.05	0.95				
	222	2	0.0	0.0	0.0	0.0	2	1.05	10.410254814202585	230.0	27	1.05	0.95				
	223	2	0.0	0.0	0.0	0.0	2	1.05	4.60499655485307	230.0	25	1.05	0.95				
	224	1	0.0	0.0	0.0	0.0	2	1.0142983942515353	-3.3166784367267477	230.0	26	1.05	0.95				
	301	2	49.4387851831579	10.070863648421053	0.0	0.0	3	1.0121237065868554	1.4911687755816814	138.0	31	1.05	0.95				
	302	2	44.40335335894736	9.155330589473683	0.0	0.0	3	1.0113133829511036	1.2066626680622017	138.0	32	1.05	0.95				
	303	1	82.39797530526315	16.937361590526315	0.0	0.0	3	1.0480270362631774	12.963097775617152	138.0	31	1.05	0.95				
	304	1	33.87472318105263	6.866497942105262	0.0	0.0	3	1.0117560667496825	2.4782666114766383	138.0	31	1.05	0.95				
	305	1	32.501423592631575	6.40873141263158	0.0	0.0	3	1.0254164103330945	0.7989412706037298	138.0	31	1.05	0.95				
	306	1	62.25624800842105	12.81746282526316	0.0	-100.0	3	1.040384459666523	-0.13007112554671899	138.0	32	1.05	0.95				
	307	2	57.22081618421052	11.444163236842105	0.0	0.0	3	0.9893466169009948	-4.755696243869245	138.0	32	1.05	0.95				
	308	1	78.27807654	16.021828531578947	0.0	0.0	3	0.9960598682874184	-2.6776005833972834	138.0	32	1.05	0.95				
	309	1	80.10914265789472	16.479595061052628	0.0	0.0	3	1.0264835274656363	5.393889226536337	138.0	33	1.05	0.95				
	310	1	89.26447324736841	18.310661178947367	0.0	0.0	3	1.05	1.5797679816520895	138.0	33	1.05	0.95				
	311	1	0.0	0.0	0.0	0.0	3	1.0099943964976381	6.572577325697288	230.0	33	1.05	0.95				
	312	1	0.0	0.0	0.0	0.0	3	1.014008446531587	6.767340901791333	230.0	33	1.05	0.95				
	313	2	121.3081303105263	24.71939259157895	0.0	0.0	3	1.0116355256699776	9.086707267363211	230.0	34	1.05	0.95				
	314	2	88.80670671789473	17.852894649473683	0.0	0.0	3	1.0075817762164134	7.561635662144736	230.0	36	1.05	0.95				
	315	2	145.1119898431579	29.297057886315788	0.0	0.0	3	1.0415155609727367	11.931451546430313	230.0	36	1.05	0.95				
	316	2	45.77665294736842	9.155330589473683	0.0	0.0	3	1.0368121431705177	11.658266037872222	230.0	36	1.05	0.95				
	317	1	0.0	0.0	0.0	0.0	3	1.05	16.704702413933443	230.0	37	1.05	0.95				
	318	2	152.43625431473683	31.128124004210527	0.0	0.0	3	1.0467850705380493	14.165743366713652	230.0	37	1.05	0.95				
	319	1	82.85574183473685	16.937361590526315	0.0	0.0	3	1.0280381611775256	10.156012391017933	230.0	35	1.05	0.95				
	320	1	58.594115772631575	11.901929766315789	0.0	0.0	3	1.0239783626225778	9.726560853308404	230.0	35	1.05	0.95				
	321	2	0.0	0.0	0.0	0.0	3	1.0459749097232371	14.05758352406979	230.0	37	1.05	0.95				
	322	2	0.0	0.0	0.0	0.0	3	1.05	19.439618296730913	230.0	37	1.05	0.95				
	323	2	0.0	0.0	0.0	0.0	3	1.0223968519252606	9.844196298218383	230.0	35	1.05	0.95				
	324	1	0.0	0.0	0.0	0.0	3	1.0403403985259596	12.329280454397	230.0	36	1.05	0.95				
	325	1	0.0	0.0	0.0	0.0	3	1.0243542350708328	10.29739441120915	230.0	35	1.05	0.95				
];
