%% MATPOWER Case Format : Version 2
function mpc = RTS_GMLC
mpc.version = '2';

%%-----  Power Flow Data  -----%%
%% system MVA base
mpc.baseMVA = 100.0;
%% bus data
%    bus_i    type    Pd    Qd    Gs    Bs    area    Vm    Va    baseKV    zone    Vmax    Vmin
mpc.bus = [
	101	2	58.62246411789474	11.941613061052632	0.0	0.0	1	1.0287694411158943	0.15818501621123343	138.0	11	1.05	0.95				
	102	2	52.65165758736842	10.856011873684212	0.0	0.0	1	1.0283564201620143	0.005281621965951826	138.0	12	1.05	0.95				
	103	1	97.70410686315789	20.08362196631579	0.0	0.0	1	1.024293784440054	-1.2211857018504055	138.0	11	1.05	0.95				
	104	1	40.16724393263158	8.142008905263157	0.0	0.0	1	1.0176726645959182	-3.012436724599283	138.0	11	1.05	0.95				
	105	1	38.53884215157895	7.5992083115789475	0.0	0.0	1	1.032026820030652	-2.8861878090430406	138.0	11	1.05	0.95				
	106	1	73.82088074105265	15.198416623157895	0.0	-100.0	1	1.041107059188672	-5.12307087380735	138.0	12	1.05	0.95				
	107	2	67.85007421052632	13.570014842105262	0.0	0.0	1	1.0292467868815338	-6.350391398706575	138.0	12	1.05	0.95				
	108	1	92.81890152	18.998020778947367	0.0	0.0	1	1.0192362716987249	-6.949993145043904	138.0	12	1.05	0.95				
	109	1	94.99010389473685	19.540821372631576	0.0	0.0	1	1.0258081430957353	-3.268930747750439	138.0	13	1.05	0.95				
	110	1	105.84611576842104	21.712023747368423	0.0	0.0	1	1.05	-4.24428681270167	138.0	13	1.05	0.95				
	111	1	0.0	0.0	0.0	0.0	1	1.006385921666595	-1.0319484450939398	230.0	13	1.05	0.95				
	112	1	0.0	0.0	0.0	0.0	1	1.0123532602389755	-0.6026735500903634	230.0	13	1.05	0.95				
	113	3	143.84215732631577	29.31123205894737	0.0	0.0	1	1.0038842178828413	1.6358884186622508e-29	230.0	14	1.05	0.95				
	114	2	105.30331517473684	21.16922315368421	0.0	0.0	1	1.0023730847642722	0.908183908200312	230.0	16	1.05	0.95				
	115	2	172.0677881978947	34.73923799578947	0.0	0.0	1	1.0389796969405378	7.34768268040979	230.0	16	1.05	0.95				
	116	2	54.28005936842105	10.856011873684212	0.0	0.0	1	1.0358496345192953	6.8384284204851005	230.0	16	1.05	0.95				
	117	1	0.0	0.0	0.0	0.0	1	1.041687165745974	9.25122010993704	230.0	17	1.05	0.95				
	118	2	180.75259769684212	36.910440370526324	0.0	0.0	1	1.0442581011140477	9.31425515342074	230.0	17	1.05	0.95				
	119	1	98.24690745684211	20.08362196631579	0.0	0.0	1	1.0302337409750495	5.427140619429602	230.0	15	1.05	0.95				
	120	1	69.47847599157895	14.112815435789475	0.0	0.0	1	1.0298186779610672	5.241796203906571	230.0	15	1.05	0.95				
	121	2	0.0	0.0	0.0	0.0	1	1.0478472158942942	10.616513700658519	230.0	17	1.05	0.95				
	122	2	0.0	0.0	0.0	0.0	1	1.05	18.537288411947802	230.0	17	1.05	0.95				
	123	2	0.0	0.0	0.0	0.0	1	1.030645797752844	5.552114903891353	230.0	15	1.05	0.95				
	124	1	0.0	0.0	0.0	0.0	1	1.0226511825279487	4.1556050758178555	230.0	16	1.05	0.95				
	201	2	71.00834252210527	14.464662365614037	0.0	0.0	2	1.034094344573457	-15.705101200312477	138.0	21	1.05	0.95				
	202	2	63.77601133929824	13.149693059649122	0.0	0.0	2	1.0343209178880184	-15.81660264599804	138.0	22	1.05	0.95				
	203	1	118.34723753684212	24.32693216035088	0.0	0.0	2	1.0204640356162544	-12.168791052882373	138.0	21	1.05	0.95				
	204	1	48.65386432070176	9.862269794736843	0.0	0.0	2	1.0170435716619024	-17.82049133969728	138.0	21	1.05	0.95				
	205	1	46.68141036175439	9.204785141754387	0.0	0.0	2	1.0335205761090067	-18.250531792791172	138.0	21	1.05	0.95				
	206	1	89.41791280561404	18.409570283508774	0.0	-100.0	2	1.0395770054241118	-20.302323206498933	138.0	22	1.05	0.95				
	207	2	82.18558162280702	16.437116324561405	0.0	0.0	2	0.9792535662422266	-30.143623965731813	138.0	22	1.05	0.95				
	208	1	112.42987566	23.011962854385963	0.0	0.0	2	0.9802779023209384	-26.935951066846904	138.0	22	1.05	0.95				
	209	1	115.05981427192984	23.66944750736842	0.0	0.0	2	1.0233073949075582	-16.79208420252566	138.0	23	1.05	0.95				
	210	1	128.20950733157895	26.299386119298244	0.0	0.0	2	1.05	-18.75908204743652	138.0	23	1.05	0.95				
	211	1	0.0	0.0	0.0	0.0	2	1.021324679843873	-13.134911092910812	230.0	23	1.05	0.95				
	212	1	0.0	0.0	0.0	0.0	2	1.0168352057802508	-12.053942056529019	230.0	23	1.05	0.95				
	213	2	174.2334330403509	35.50417126105263	0.0	0.0	2	1.0254706798423399	-11.657572663486649	230.0	24	1.05	0.95				
	214	2	127.55202267859649	25.64190146631579	0.0	0.0	2	1.034477027758115	-9.872199263143147	230.0	26	1.05	0.95				
	215	2	208.4226349954386	42.079017790877195	0.0	0.0	2	1.0382556197623707	-0.9264082797980417	230.0	26	1.05	0.95				
	216	2	65.74846529824562	13.149693059649122	0.0	0.0	2	1.042149649166494	-1.197441343227159	230.0	26	1.05	0.95				
	217	1	0.0	0.0	0.0	0.0	2	1.0430214263507138	2.0173377545003457	230.0	27	1.05	0.95				
	218	2	218.9423894431579	44.70895640280702	0.0	0.0	2	1.0443105305611207	2.2460658243889418	230.0	27	1.05	0.95				
	219	1	119.00472218982456	24.32693216035088	0.0	0.0	2	1.0411084980634282	-1.6795885148086254	230.0	25	1.05	0.95				
	220	1	84.15803558175439	17.094600977543863	0.0	0.0	2	1.045675744748869	-0.8614089164156046	230.0	25	1.05	0.95				
	221	2	0.0	0.0	0.0	0.0	2	1.044089316616882	1.9526810990344858	230.0	27	1.05	0.95				
	222	2	0.0	0.0	0.0	0.0	2	1.05	8.484552139340343	230.0	27	1.05	0.95				
	223	2	0.0	0.0	0.0	0.0	2	1.05	0.06460533895259495	230.0	25	1.05	0.95				
	224	1	0.0	0.0	0.0	0.0	2	1.017593426634463	-5.108950744004603	230.0	26	1.05	0.95				
	301	2	52.90667511157895	10.777285670877193	0.0	0.0	3	1.0131012160942938	-8.645693357385982	138.0	31	1.05	0.95				
	302	2	47.51803227614035	9.797532428070177	0.0	0.0	3	1.0119161796761535	-8.929140572296971	138.0	32	1.05	0.95				
	303	1	88.17779185263159	18.125434991929826	0.0	0.0	3	1.0492149659381684	3.296253543038181	138.0	31	1.05	0.95				
	304	1	36.25086998385965	7.348149321052631	0.0	0.0	3	1.011700712471039	-7.438462429573215	138.0	31	1.05	0.95				
	305	1	34.78124011964912	6.858272699649123	0.0	0.0	3	1.025459135084505	-9.316722059084457	138.0	31	1.05	0.95				
	306	1	66.6232205108772	13.716545399298246	0.0	-100.0	3	1.0396051845754741	-10.259445739659784	138.0	32	1.05	0.95				
	307	2	61.234577675438594	12.24691553508772	0.0	0.0	3	0.9898563096491095	-15.208251891445778	138.0	32	1.05	0.95				
	308	1	83.76890226	17.145681749122808	0.0	0.0	3	0.9951113194345667	-12.953184494258512	138.0	32	1.05	0.95				
	309	1	85.72840874561403	17.635558370526315	0.0	0.0	3	1.0273885257875262	-4.218578814963264	138.0	33	1.05	0.95				
	310	1	95.52594117368422	19.595064856140354	0.0	0.0	3	1.05	-8.414039644276397	138.0	33	1.05	0.95				
	311	1	0.0	0.0	0.0	0.0	3	1.011615564877668	-3.1847023082652	230.0	33	1.05	0.95				
	312	1	0.0	0.0	0.0	0.0	3	1.0148446465626655	-2.735954872995805	230.0	33	1.05	0.95				
	313	2	129.81730467192983	26.453337555789474	0.0	0.0	3	1.0128333931201117	-0.4472520164007617	230.0	34	1.05	0.95				
	314	2	95.0360645522807	19.105188234736843	0.0	0.0	3	1.0111365503431842	-2.3544547974078505	230.0	36	1.05	0.95				
	315	2	155.29088898491227	31.352103769824563	0.0	0.0	3	1.0442382618860708	1.9790904210268399	230.0	36	1.05	0.95				
	316	2	48.98766214035088	9.797532428070177	0.0	0.0	3	1.0395080457771744	1.7310092217821722	230.0	36	1.05	0.95				
	317	1	0.0	0.0	0.0	0.0	3	1.0486628202481365	4.658055284319209	230.0	37	1.05	0.95				
	318	2	163.12891492736844	33.3116102554386	0.0	0.0	3	1.0476151937011842	3.5852698253541715	230.0	37	1.05	0.95				
	319	1	88.6676684740351	18.125434991929826	0.0	0.0	3	1.0311320745905588	0.6694199416875167	230.0	35	1.05	0.95				
	320	1	62.704207539649126	12.736792156491228	0.0	0.0	3	1.0275467379057506	0.6840448631170389	230.0	35	1.05	0.95				
	321	2	0.0	0.0	0.0	0.0	3	1.0482856540473182	4.145935632767864	230.0	37	1.05	0.95				
	322	2	0.0	0.0	0.0	0.0	3	1.05	8.68998302637134	230.0	37	1.05	0.95				
	323	2	0.0	0.0	0.0	0.0	3	1.0264175719555542	1.068793697322526	230.0	35	1.05	0.95				
	324	1	0.0	0.0	0.0	0.0	3	1.0425812351332562	2.4877673608250603	230.0	36	1.05	0.95				
	325	1	0.0	0.0	0.0	0.0	3	1.026311157854701	1.886088535806931	230.0	35	1.05	0.95				
];
