%% MATPOWER Case Format : Version 2
function mpc = RTS_GMLC
mpc.version = '2';

%%-----  Power Flow Data  -----%%
%% system MVA base
mpc.baseMVA = 100.0;
%% bus data
%    bus_i    type    Pd    Qd    Gs    Bs    area    Vm    Va    baseKV    zone    Vmax    Vmin
mpc.bus = [
	101	2	83.47154873684211	17.003463631578946	0.0	0.0	1	1.0443282920959673	0.3129098025585659	138.0	11	1.05	0.95				
	102	2	74.96981692105264	15.457694210526318	0.0	0.0	1	1.0441408699600752	0.16294542615931934	138.0	12	1.05	0.95				
	103	1	139.11924789473684	28.596734289473684	0.0	0.0	1	1.0260333797290297	-1.4422834668789322	138.0	11	1.05	0.95				
	104	1	57.19346857894737	11.593270657894736	0.0	0.0	1	1.0216179387395652	-3.772464119934278	138.0	11	1.05	0.95				
	105	1	54.874814447368415	10.820385947368422	0.0	0.0	1	1.036099764287368	-3.8423787846882087	138.0	11	1.05	0.95				
	106	1	105.11232063157895	21.640771894736844	0.0	-100.0	1	1.037463417241987	-6.88786903574759	138.0	12	1.05	0.95				
	107	2	96.61058881578948	19.322117763157895	0.0	0.0	1	1.05	-5.202580929810872	138.0	12	1.05	0.95				
	108	1	132.1632855	27.05096486842105	0.0	0.0	1	1.0250324214629176	-7.4923627062248705	138.0	12	1.05	0.95				
	109	1	135.25482434210528	27.823849578947367	0.0	0.0	1	1.0270493229580648	-4.313268950922721	138.0	13	1.05	0.95				
	110	1	150.71251855263156	30.915388421052636	0.0	0.0	1	1.05	-5.676817775553359	138.0	13	1.05	0.95				
	111	1	0.0	0.0	0.0	0.0	1	1.0127323080219726	-1.8277087515159343	230.0	13	1.05	0.95				
	112	1	0.0	0.0	0.0	0.0	1	1.016653225522185	-1.1169540176513786	230.0	13	1.05	0.95				
	113	3	204.8144482894737	41.735774368421055	0.0	0.0	1	1.0143133358994143	1.7636187544572875e-29	230.0	14	1.05	0.95				
	114	2	149.93963384210528	30.14250371052632	0.0	0.0	1	1.0122971635071651	-0.19781590733049514	230.0	16	1.05	0.95				
	115	2	245.0044532368421	49.46462147368421	0.0	0.0	1	1.0437668483472529	7.561455120770966	230.0	16	1.05	0.95				
	116	2	77.28847105263158	15.457694210526318	0.0	0.0	1	1.0410019455551431	6.777393545455803	230.0	16	1.05	0.95				
	117	1	0.0	0.0	0.0	0.0	1	1.0451436083231158	9.62153123665436	230.0	17	1.05	0.95				
	118	2	257.37060860526316	52.55616031578948	0.0	0.0	1	1.0471396701934468	10.10161695904966	230.0	17	1.05	0.95				
	119	1	139.89213260526316	28.596734289473684	0.0	0.0	1	1.0344926144756919	5.328849653014061	230.0	15	1.05	0.95				
	120	1	98.92924294736842	20.09500247368421	0.0	0.0	1	1.0349785637625195	5.109734645076044	230.0	15	1.05	0.95				
	121	2	0.0	0.0	0.0	0.0	1	1.05	11.866946331049162	230.0	17	1.05	0.95				
	122	2	0.0	0.0	0.0	0.0	1	1.05	17.560509362283867	230.0	17	1.05	0.95				
	123	2	0.0	0.0	0.0	0.0	1	1.037359666155427	5.564935983651459	230.0	15	1.05	0.95				
	124	1	0.0	0.0	0.0	0.0	1	1.0257618216005613	4.216552945876692	230.0	16	1.05	0.95				
	201	2	85.45820873684212	17.408153631578948	0.0	0.0	2	1.0327411948389853	-13.456785528398298	138.0	21	1.05	0.95				
	202	2	76.75413192105263	15.825594210526317	0.0	0.0	2	1.0357174375612876	-13.579409645813925	138.0	22	1.05	0.95				
	203	1	142.43034789473685	29.277349289473687	0.0	0.0	2	1.0256578593550172	-10.123846060763446	138.0	21	1.05	0.95				
	204	1	58.554698578947374	11.869195657894737	0.0	0.0	2	1.0170991797503541	-14.941803759874125	138.0	21	1.05	0.95				
	205	1	56.18085944736843	11.077915947368423	0.0	0.0	2	1.03118643395372	-15.394925396200739	138.0	21	1.05	0.95				
	206	1	107.61404063157896	22.155831894736846	0.0	-100.0	2	1.0362433370468043	-17.222713844115585	138.0	22	1.05	0.95				
	207	2	98.90996381578948	19.781992763157895	0.0	0.0	2	0.95	-29.001252781232296	138.0	22	1.05	0.95				
	208	1	135.3088305	27.694789868421054	0.0	0.0	2	0.956718487401376	-25.01711542400157	138.0	22	1.05	0.95				
	209	1	138.47394934210527	28.486069578947372	0.0	0.0	2	1.0271802242036696	-12.854848829896625	138.0	23	1.05	0.95				
	210	1	154.29954355263158	31.651188421052634	0.0	0.0	2	1.05	-14.857428333388404	138.0	23	1.05	0.95				
	211	1	0.0	0.0	0.0	0.0	2	1.0347646530410453	-9.113640232411145	230.0	23	1.05	0.95				
	212	1	0.0	0.0	0.0	0.0	2	1.0294291833629425	-4.087438956712413	230.0	23	1.05	0.95				
	213	2	209.6891232894737	42.72910436842106	0.0	0.0	2	1.05	-6.420209912538166	230.0	24	1.05	0.95				
	214	2	153.50826384210526	30.85990871052632	0.0	0.0	2	1.05	-6.9512877909289985	230.0	26	1.05	0.95				
	215	2	250.83566823684214	50.641901473684214	0.0	0.0	2	1.0464330151801862	1.104857716136749	230.0	26	1.05	0.95				
	216	2	79.12797105263158	15.825594210526317	0.0	0.0	2	1.0499048583798052	0.9791505934660272	230.0	26	1.05	0.95				
	217	1	0.0	0.0	0.0	0.0	2	1.0492291485693492	3.6544031985835326	230.0	27	1.05	0.95				
	218	2	263.49614360526317	53.80702031578948	0.0	0.0	2	1.0498166957512394	3.8798061354187383	230.0	27	1.05	0.95				
	219	1	143.22162760526317	29.277349289473687	0.0	0.0	2	1.0439776416732798	1.1042110168634967	230.0	25	1.05	0.95				
	220	1	101.28380294736843	20.573272473684213	0.0	0.0	2	1.0460141746433473	2.691856126559175	230.0	25	1.05	0.95				
	221	2	0.0	0.0	0.0	0.0	2	1.05	3.886329763879639	230.0	27	1.05	0.95				
	222	2	0.0	0.0	0.0	0.0	2	1.05	10.307749946248112	230.0	27	1.05	0.95				
	223	2	0.0	0.0	0.0	0.0	2	1.05	4.1366400242403705	230.0	25	1.05	0.95				
	224	1	0.0	0.0	0.0	0.0	2	1.0245651258398925	-3.061101026647724	230.0	26	1.05	0.95				
	301	2	73.69693135578947	15.01233786877193	0.0	0.0	3	0.9919699047043785	-1.4318077986954	138.0	31	1.05	0.95				
	302	2	66.1907624214035	13.647579880701755	0.0	0.0	3	0.9936133571830322	-1.5119490820880945	138.0	32	1.05	0.95				
	303	1	122.82821892631578	25.248022779298246	0.0	0.0	3	1.006978787007333	2.770758827431031	138.0	31	1.05	0.95				
	304	1	50.49604555859649	10.235684910526317	0.0	0.0	3	0.9912442452297888	1.017023184510076	138.0	31	1.05	0.95				
	305	1	48.44890857649123	9.55330591649123	0.0	0.0	3	1.0033979152675945	0.8566224756032567	138.0	31	1.05	0.95				
	306	1	92.80354318877194	19.10661183298246	0.0	-100.0	3	1.0182206552167177	1.3691236590626459	138.0	32	1.05	0.95				
	307	2	85.29737425438597	17.059474850877194	0.0	0.0	3	0.9720439390501393	-3.5404049055915667	138.0	32	1.05	0.95				
	308	1	116.68680798	23.88326479122807	0.0	0.0	3	0.9810021920799219	-0.3106619761596492	138.0	32	1.05	0.95				
	309	1	119.41632395614035	24.56564378526316	0.0	0.0	3	1.015115127487511	5.929139421670289	138.0	33	1.05	0.95				
	310	1	133.0639038368421	27.29515976140351	0.0	0.0	3	1.0367981820312604	5.3843085895993905	138.0	33	1.05	0.95				
	311	1	0.0	0.0	0.0	0.0	3	1.006927394683022	12.86079151831447	230.0	33	1.05	0.95				
	312	1	0.0	0.0	0.0	0.0	3	1.0118810442242991	14.253760778712161	230.0	33	1.05	0.95				
	313	2	180.83043341929823	36.84846567789474	0.0	0.0	3	1.0373893019547353	21.956443466277825	230.0	34	1.05	0.95				
	314	2	132.381524842807	26.61278076736842	0.0	0.0	3	1.0120926352683426	11.848879558318645	230.0	36	1.05	0.95				
	315	2	216.31414110912283	43.672255618245615	0.0	0.0	3	1.0362154657673963	7.627689127044551	230.0	36	1.05	0.95				
	316	2	68.23789940350878	13.647579880701755	0.0	0.0	3	1.0362328459306176	9.137669323977676	230.0	36	1.05	0.95				
	317	1	0.0	0.0	0.0	0.0	3	1.0402890549149915	8.293127543653588	230.0	37	1.05	0.95				
	318	2	227.23220501368422	46.40177159438597	0.0	0.0	3	1.0392571832988817	7.271394341203283	230.0	37	1.05	0.95				
	319	1	123.51059792035089	25.248022779298246	0.0	0.0	3	1.034030555396607	11.505169429587495	230.0	35	1.05	0.95				
	320	1	87.34451123649123	17.74185384491228	0.0	0.0	3	1.0356054871421914	13.406773759778343	230.0	35	1.05	0.95				
	321	2	0.0	0.0	0.0	0.0	3	1.0404953150813652	8.288921581961477	230.0	37	1.05	0.95				
	322	2	0.0	0.0	0.0	0.0	3	1.05	12.608494259276199	230.0	37	1.05	0.95				
	323	2	0.0	0.0	0.0	0.0	3	1.036737662862569	14.139431949615425	230.0	35	1.05	0.95				
	324	1	0.0	0.0	0.0	0.0	3	1.0205008551817867	7.752344017337138	230.0	36	1.05	0.95				
	325	1	0.0	0.0	0.0	0.0	3	1.0390504414739705	13.952824564595144	230.0	35	1.05	0.95				
];
