%% MATPOWER Case Format : Version 2
function mpc = RTS_GMLC
mpc.version = '2';

%%-----  Power Flow Data  -----%%
%% system MVA base
mpc.baseMVA = 100.0;
%% bus data
%    bus_i    type    Pd    Qd    Gs    Bs    area    Vm    Va    baseKV    zone    Vmax    Vmin
mpc.bus = [
	101	2	56.4581890231579	11.500742208421052	0.0	0.0	1	1.0319213609953384	1.1002542123014156	138.0	11	1.05	0.95				
	102	2	50.70781791894736	10.455220189473685	0.0	0.0	1	1.0314946634079993	0.9540756987987499	138.0	12	1.05	0.95				
	103	1	94.09698170526316	19.342157350526314	0.0	0.0	1	1.0245565681381568	-0.5084363800352814	138.0	11	1.05	0.95				
	104	1	38.68431470105263	7.841415142105262	0.0	0.0	1	1.0192007637177505	-2.093221657246834	138.0	11	1.05	0.95				
	105	1	37.11603167263158	7.31865413263158	0.0	0.0	1	1.0339026939670084	-1.9404840056408474	138.0	11	1.05	0.95				
	106	1	71.09549728842106	14.63730826526316	0.0	-100.0	1	1.0424407349171576	-4.1613920875464006	138.0	12	1.05	0.95				
	107	2	65.34512618421053	13.069025236842105	0.0	0.0	1	1.0273429205464824	-4.171469716334597	138.0	12	1.05	0.95				
	108	1	89.39213262	18.296635331578944	0.0	0.0	1	1.0188042255356384	-5.283185874034899	138.0	12	1.05	0.95				
	109	1	91.48317665789475	18.81939634105263	0.0	0.0	1	1.025322880064803	-2.465041576641487	138.0	13	1.05	0.95				
	110	1	101.93839684736841	20.91044037894737	0.0	0.0	1	1.05	-3.369906945418217	138.0	13	1.05	0.95				
	111	1	0.0	0.0	0.0	0.0	1	1.00538501656931	-0.6107598375012518	230.0	13	1.05	0.95				
	112	1	0.0	0.0	0.0	0.0	1	1.0106142997754297	-0.06937637781750595	230.0	13	1.05	0.95				
	113	3	138.5316675105263	28.22909451157895	0.0	0.0	1	1.000281099154898	5.318980385180423e-26	230.0	14	1.05	0.95				
	114	2	101.41563583789473	20.387679369473684	0.0	0.0	1	1.001687447208927	1.283091113860395	230.0	16	1.05	0.95				
	115	2	165.7152400031579	33.45670460631579	0.0	0.0	1	1.0364374827195086	7.554386673559822	230.0	16	1.05	0.95				
	116	2	52.27610094736842	10.455220189473685	0.0	0.0	1	1.0330671437126124	7.048467055454142	230.0	16	1.05	0.95				
	117	1	0.0	0.0	0.0	0.0	1	1.0393835045290563	8.981799669912373	230.0	17	1.05	0.95				
	118	2	174.07941615473683	35.54774864421053	0.0	0.0	1	1.0410179257669676	9.017821448914818	230.0	17	1.05	0.95				
	119	1	94.61974271473684	19.342157350526314	0.0	0.0	1	1.0277317522389806	5.9687454982191115	230.0	15	1.05	0.95				
	120	1	66.91340921263158	13.59178624631579	0.0	0.0	1	1.0272022502204388	6.040103988818971	230.0	15	1.05	0.95				
	121	2	0.0	0.0	0.0	0.0	1	1.044448797688221	10.25100242509481	230.0	17	1.05	0.95				
	122	2	0.0	0.0	0.0	0.0	1	1.05	16.520347813117443	230.0	17	1.05	0.95				
	123	2	0.0	0.0	0.0	0.0	1	1.0279241161290247	6.4790033880944575	230.0	15	1.05	0.95				
	124	1	0.0	0.0	0.0	0.0	1	1.0217310002177622	4.54322488398624	230.0	16	1.05	0.95				
	201	2	62.88241774736842	12.809381392982457	0.0	0.0	2	1.0330716031697051	-10.013676464102447	138.0	21	1.05	0.95				
	202	2	56.47772705087719	11.644892175438597	0.0	0.0	2	1.0332690005148084	-10.089252961221517	138.0	22	1.05	0.95				
	203	1	104.80402957894736	21.543050524561405	0.0	0.0	2	1.0222356982400833	-8.038136686227517	138.0	21	1.05	0.95				
	204	1	43.08610104912281	8.733669131578948	0.0	0.0	2	1.018232360651995	-12.328542945519127	138.0	21	1.05	0.95				
	205	1	41.33936722280701	8.15142452280702	0.0	0.0	2	1.0339836053181746	-12.603143070169985	138.0	21	1.05	0.95				
	206	1	79.18526679298246	16.30284904561404	0.0	-100.0	2	1.0414564492277312	-14.609595495080029	138.0	22	1.05	0.95				
	207	2	72.78057609649123	14.556115219298245	0.0	0.0	2	0.9885337044330861	-23.405479930752907	138.0	22	1.05	0.95				
	208	1	99.56382810000001	20.37856130701754	0.0	0.0	2	0.989529226676966	-20.62242626773519	138.0	22	1.05	0.95				
	209	1	101.89280653508771	20.960805915789475	0.0	0.0	2	1.0236791714626894	-11.79784532777638	138.0	23	1.05	0.95				
	210	1	113.53769871052633	23.289784350877195	0.0	0.0	2	1.05	-13.390398204108859	138.0	23	1.05	0.95				
	211	1	0.0	0.0	0.0	0.0	2	1.014116583883645	-8.61926583031155	230.0	23	1.05	0.95				
	212	1	0.0	0.0	0.0	0.0	2	1.0137965000725921	-7.669691752961023	230.0	23	1.05	0.95				
	213	2	154.2948213245614	31.44120887368421	0.0	0.0	2	1.0138051420211067	-7.329885704658717	230.0	24	1.05	0.95				
	214	2	112.95545410175438	22.707539742105265	0.0	0.0	2	1.0212261432495768	-5.754986637229884	230.0	26	1.05	0.95				
	215	2	184.57154098070177	37.26365496140351	0.0	0.0	2	1.033466975158786	1.9131980822673753	230.0	26	1.05	0.95				
	216	2	58.22446087719298	11.644892175438597	0.0	0.0	2	1.0364645532498686	1.8572047934364668	230.0	26	1.05	0.95				
	217	1	0.0	0.0	0.0	0.0	2	1.0395035846149605	4.7706172027329306	230.0	27	1.05	0.95				
	218	2	193.88745472105265	39.59263339649123	0.0	0.0	2	1.040905590228921	5.160262093661156	230.0	27	1.05	0.95				
	219	1	105.38627418771931	21.543050524561405	0.0	0.0	2	1.0363453087428551	1.3740247475054899	230.0	25	1.05	0.95				
	220	1	74.52730992280702	15.138359828070177	0.0	0.0	2	1.0408610281306876	2.0621989066852686	230.0	25	1.05	0.95				
	221	2	0.0	0.0	0.0	0.0	2	1.0406721199735123	4.838180618123037	230.0	27	1.05	0.95				
	222	2	0.0	0.0	0.0	0.0	2	1.05	11.314612792239528	230.0	27	1.05	0.95				
	223	2	0.0	0.0	0.0	0.0	2	1.044766039639425	2.867654174302405	230.0	25	1.05	0.95				
	224	1	0.0	0.0	0.0	0.0	2	1.0169145970513978	-1.810559630159882	230.0	26	1.05	0.95				
	301	2	43.83549507789474	8.929452701052632	0.0	0.0	3	1.008728226715451	-12.570913708165326	138.0	31	1.05	0.95				
	302	2	39.37076872736843	8.117684273684212	0.0	0.0	3	1.0086621143057874	-12.650490254134816	138.0	32	1.05	0.95				
	303	1	73.0591584631579	15.01771590631579	0.0	0.0	3	1.023860875105101	-7.614228650525497	138.0	31	1.05	0.95				
	304	1	30.03543181263158	6.088263205263159	0.0	0.0	3	1.0122474382360722	-10.923524348639015	138.0	31	1.05	0.95				
	305	1	28.817779171578948	5.682378991578949	0.0	0.0	3	1.0242087615579323	-12.157670355484147	138.0	31	1.05	0.95				
	306	1	55.20025306105264	11.364757983157897	0.0	-100.0	3	1.0412782119084403	-12.410455527208898	138.0	32	1.05	0.95				
	307	2	50.73552671052632	10.147105342105265	0.0	0.0	3	0.9929505242821292	-16.340369707270003	138.0	32	1.05	0.95				
	308	1	69.40620054	14.20594747894737	0.0	0.0	3	1.0007835853559666	-14.543123391307844	138.0	32	1.05	0.95				
	309	1	71.02973739473684	14.61183169263158	0.0	0.0	3	1.0280272279179636	-7.858147365990944	138.0	33	1.05	0.95				
	310	1	79.14742166842106	16.235368547368424	0.0	0.0	3	1.05	-10.436557051628888	138.0	33	1.05	0.95				
	311	1	0.0	0.0	0.0	0.0	3	1.0060626176337861	-5.1723514212390596	230.0	33	1.05	0.95				
	312	1	0.0	0.0	0.0	0.0	3	1.0106003940351174	-4.795952724486464	230.0	33	1.05	0.95				
	313	2	107.55931662631579	21.91774753894737	0.0	0.0	3	1.0082785478251381	-2.0361108418061473	230.0	34	1.05	0.95				
	314	2	78.74153745473686	15.829484333684213	0.0	0.0	3	1.0012775726831367	-3.8016833733147806	230.0	36	1.05	0.95				
	315	2	128.66529573789475	25.976589675789473	0.0	0.0	3	1.0309412566298213	0.306121813375637	230.0	36	1.05	0.95				
	316	2	40.58842136842106	8.117684273684212	0.0	0.0	3	1.0282147608013545	0.5222721023769994	230.0	36	1.05	0.95				
	317	1	0.0	0.0	0.0	0.0	3	1.0364657957205663	2.204827456104221	230.0	37	1.05	0.95				
	318	2	135.15944315684212	27.60012653052632	0.0	0.0	3	1.0373642778935706	2.2277205281546064	230.0	37	1.05	0.95				
	319	1	73.46504267684212	15.01771590631579	0.0	0.0	3	1.0220882840969938	-0.39496251431655616	230.0	35	1.05	0.95				
	320	1	51.953179351578946	10.552989555789475	0.0	0.0	3	1.0194936800218917	-0.39765256648574815	230.0	35	1.05	0.95				
	321	2	0.0	0.0	0.0	0.0	3	1.0394506665240322	3.1023738603134547	230.0	37	1.05	0.95				
	322	2	0.0	0.0	0.0	0.0	3	1.0499999979955434	7.061345215826986	230.0	37	1.05	0.95				
	323	2	0.0	0.0	0.0	0.0	3	1.0185363247158516	-0.08054588608125574	230.0	35	1.05	0.95				
	324	1	0.0	0.0	0.0	0.0	3	1.0182402352000297	-2.6670036618456514	230.0	36	1.05	0.95				
	325	1	0.0	0.0	0.0	0.0	3	1.0184861660062463	0.8079097514933768	230.0	35	1.05	0.95				
];
