%% MATPOWER Case Format : Version 2
function mpc = RTS_GMLC
mpc.version = '2';

%%-----  Power Flow Data  -----%%
%% system MVA base
mpc.baseMVA = 100.0;
%% bus data
%    bus_i    type    Pd    Qd    Gs    Bs    area    Vm    Va    baseKV    zone    Vmax    Vmin
mpc.bus = [
	101	2	80.7194458231579	16.442850075087716	0.0	0.0	1	1.0467011553675611	-0.0844957704682112	138.0	11	1.05	0.95				
	102	2	72.49802078561403	14.948045522807016	0.0	0.0	1	1.0460566148600492	-0.3305976885034357	138.0	12	1.05	0.95				
	103	1	134.53240970526315	27.65388421719298	0.0	0.0	1	1.028205511835583	-1.320733696493804	138.0	11	1.05	0.95				
	104	1	55.30776843438596	11.211034142105262	0.0	0.0	1	1.0244802445236143	-3.770849385969686	138.0	11	1.05	0.95				
	105	1	53.06556160596491	10.463631865964912	0.0	0.0	1	1.0376937966694735	-4.183498485888585	138.0	11	1.05	0.95				
	106	1	101.64670955508772	20.927263731929823	0.0	-100.0	1	1.0387653973930826	-7.204679180247185	138.0	12	1.05	0.95				
	107	2	93.42528451754384	18.68505690350877	0.0	0.0	1	1.024540078550851	-8.838468806739673	138.0	12	1.05	0.95				
	108	1	127.80578922	26.159079664912277	0.0	0.0	1	1.0102693974978458	-9.692823596361318	138.0	12	1.05	0.95				
	109	1	130.7953983245614	26.90648194105263	0.0	0.0	1	1.0267694796994784	-4.557985368032114	138.0	13	1.05	0.95				
	110	1	145.7434438473684	29.896091045614032	0.0	0.0	1	1.05	-6.052653473128205	138.0	13	1.05	0.95				
	111	1	0.0	0.0	0.0	0.0	1	1.0140213231307438	-1.8753405866137358	230.0	13	1.05	0.95				
	112	1	0.0	0.0	0.0	0.0	1	1.0167628738170067	-1.228910960081069	230.0	13	1.05	0.95				
	113	3	198.06160317719298	40.35972291157895	0.0	0.0	1	1.0153558681505208	-1.3576716888643778e-30	230.0	14	1.05	0.95				
	114	2	144.99604157122806	29.148688769473686	0.0	0.0	1	1.0160940353285781	-0.04023506696820147	230.0	16	1.05	0.95				
	115	2	236.9265215364912	47.83374567298245	0.0	0.0	1	1.0444044411506632	7.790961055195951	230.0	16	1.05	0.95				
	116	2	74.74022761403508	14.948045522807016	0.0	0.0	1	1.0421391610167776	7.070361622651138	230.0	16	1.05	0.95				
	117	1	0.0	0.0	0.0	0.0	1	1.0457323739672066	10.043673735254796	230.0	17	1.05	0.95				
	118	2	248.88495795473685	50.82335477754386	0.0	0.0	1	1.0476149672594004	10.59780782023947	230.0	17	1.05	0.95				
	119	1	135.2798119814035	27.65388421719298	0.0	0.0	1	1.03582413654728	5.626054281833574	230.0	15	1.05	0.95				
	120	1	95.6674913459649	19.432459179649122	0.0	0.0	1	1.0360333740126582	5.295095772323418	230.0	15	1.05	0.95				
	121	2	0.0	0.0	0.0	0.0	1	1.05	12.327338825648011	230.0	17	1.05	0.95				
	122	2	0.0	0.0	0.0	0.0	1	1.05	17.960300041405787	230.0	17	1.05	0.95				
	123	2	0.0	0.0	0.0	0.0	1	1.0381216489605374	5.6692864031186065	230.0	15	1.05	0.95				
	124	1	0.0	0.0	0.0	0.0	1	1.026844967974663	4.4001287054213085	230.0	16	1.05	0.95				
	201	2	81.25924759578949	16.5528096954386	0.0	0.0	2	1.0383785741674916	-12.922281377580823	138.0	21	1.05	0.95				
	202	2	72.98284274807018	15.048008814035091	0.0	0.0	2	1.0387516624825222	-12.980404538994113	138.0	22	1.05	0.95				
	203	1	135.4320793263158	27.838816305964915	0.0	0.0	2	1.0213724349718423	-10.708988067871609	138.0	21	1.05	0.95				
	204	1	55.67763261192983	11.286006610526316	0.0	0.0	2	1.0184271225123434	-14.380484220998888	138.0	21	1.05	0.95				
	205	1	53.42043128982456	10.533606169824564	0.0	0.0	2	1.0346597355767106	-14.726160517594774	138.0	21	1.05	0.95				
	206	1	102.3264599354386	21.067212339649128	0.0	-100.0	2	1.0381951954435855	-16.441910459261116	138.0	22	1.05	0.95				
	207	2	94.05005508771931	18.81001101754386	0.0	0.0	2	0.9585086267816041	-27.679633152761866	138.0	22	1.05	0.95				
	208	1	128.66047536000002	26.334015424561407	0.0	0.0	2	0.9635724677594663	-23.919683556472325	138.0	22	1.05	0.95				
	209	1	131.67007712280702	27.08641586526316	0.0	0.0	2	1.0256067464562788	-12.484570586663885	138.0	23	1.05	0.95				
	210	1	146.71808593684213	30.096017628070182	0.0	0.0	2	1.05	-14.191405941668828	138.0	23	1.05	0.95				
	211	1	0.0	0.0	0.0	0.0	2	1.0272939229243792	-8.807616641951038	230.0	23	1.05	0.95				
	212	1	0.0	0.0	0.0	0.0	2	1.0250892974669938	-3.758991858469586	230.0	23	1.05	0.95				
	213	2	199.38611678596493	40.629623797894745	0.0	0.0	2	1.0364278328105547	-6.156578998570276	230.0	24	1.05	0.95				
	214	2	145.96568549614037	29.343617187368427	0.0	0.0	2	1.040336083871746	-6.731170845047692	230.0	26	1.05	0.95				
	215	2	238.51093970245617	48.153628204912295	0.0	0.0	2	1.0426155048145855	0.9583999945402147	230.0	26	1.05	0.95				
	216	2	75.24004407017544	15.048008814035091	0.0	0.0	2	1.0445906574064803	0.8600973983509664	230.0	26	1.05	0.95				
	217	1	0.0	0.0	0.0	0.0	2	1.0460654769480648	3.498384241949996	230.0	27	1.05	0.95				
	218	2	250.54934675368426	51.1632299677193	0.0	0.0	2	1.046613956805143	3.6638478454736356	230.0	27	1.05	0.95				
	219	1	136.18447976701756	27.838816305964915	0.0	0.0	2	1.0413987197838843	0.8129177728601253	230.0	25	1.05	0.95				
	220	1	96.30725640982459	19.562411458245617	0.0	0.0	2	1.0453051314892616	2.1835497828504242	230.0	25	1.05	0.95				
	221	2	0.0	0.0	0.0	0.0	2	1.0466487196208996	3.5253416139224583	230.0	27	1.05	0.95				
	222	2	0.0	0.0	0.0	0.0	2	1.05	10.024003165683933	230.0	27	1.05	0.95				
	223	2	0.0	0.0	0.0	0.0	2	1.05	3.47963558969309	230.0	25	1.05	0.95				
	224	1	0.0	0.0	0.0	0.0	2	1.0200529577385578	-3.369079704254025	230.0	26	1.05	0.95				
	301	2	72.3815248168421	14.744384684912278	0.0	0.0	3	0.9908329304074398	0.4691598080644543	138.0	31	1.05	0.95				
	302	2	65.00933247438596	13.403986077192984	0.0	0.0	3	0.9929318489269703	0.4070153421595727	138.0	32	1.05	0.95				
	303	1	120.63587469473684	24.797374242807017	0.0	0.0	3	1.0059260424652197	3.8560846609608883	138.0	31	1.05	0.95				
	304	1	49.59474848561403	10.052989557894735	0.0	0.0	3	0.991459649293198	2.936402080162342	138.0	31	1.05	0.95				
	305	1	47.584150574035085	9.382790254035088	0.0	0.0	3	1.003190770507622	2.8599366707493563	138.0	31	1.05	0.95				
	306	1	91.14710532491227	18.765580508070176	0.0	-100.0	3	1.018835326985128	3.4395688721691053	138.0	32	1.05	0.95				
	307	2	83.77491298245614	16.754982596491228	0.0	0.0	3	0.97023915467956	-0.8677045524318637	138.0	32	1.05	0.95				
	308	1	114.60408095999999	23.45697563508772	0.0	0.0	3	0.9818034573936285	2.2644704484182783	138.0	32	1.05	0.95				
	309	1	117.2848781754386	24.127174938947366	0.0	0.0	3	1.0155409820937003	7.7940764575408386	138.0	33	1.05	0.95				
	310	1	130.6888642526316	26.80797215438597	0.0	0.0	3	1.0373725876054127	7.4444630010998	138.0	33	1.05	0.95				
	311	1	0.0	0.0	0.0	0.0	3	1.0070031650803875	14.678310932830884	230.0	33	1.05	0.95				
	312	1	0.0	0.0	0.0	0.0	3	1.012650803380065	16.222407276406187	230.0	33	1.05	0.95				
	313	2	177.60281552280702	36.19076240842105	0.0	0.0	3	1.0386802925598944	24.232484221308386	230.0	34	1.05	0.95				
	314	2	130.0186649487719	26.137772850526314	0.0	0.0	3	1.0115858360060803	13.112122288194671	230.0	36	1.05	0.95				
	315	2	212.45317932350875	42.89275544701754	0.0	0.0	3	1.036355226626324	7.691772688630975	230.0	36	1.05	0.95				
	316	2	67.01993038596491	13.403986077192984	0.0	0.0	3	1.0373238488003198	9.467437080709825	230.0	36	1.05	0.95				
	317	1	0.0	0.0	0.0	0.0	3	1.0405183571412782	8.155607217361844	230.0	37	1.05	0.95				
	318	2	223.17636818526316	45.57355266245614	0.0	0.0	3	1.0390527975566017	6.915336621441782	230.0	37	1.05	0.95				
	319	1	121.3060739985965	24.797374242807017	0.0	0.0	3	1.0352012667140162	12.259105315898724	230.0	35	1.05	0.95				
	320	1	85.78551089403508	17.42518190035088	0.0	0.0	3	1.0372119615662097	14.513275814079512	230.0	35	1.05	0.95				
	321	2	0.0	0.0	0.0	0.0	3	1.039697833979034	7.742527002346396	230.0	37	1.05	0.95				
	322	2	0.0	0.0	0.0	0.0	3	1.05	12.221636266056525	230.0	37	1.05	0.95				
	323	2	0.0	0.0	0.0	0.0	3	1.038573463555001	15.370413264775369	230.0	35	1.05	0.95				
	324	1	0.0	0.0	0.0	0.0	3	1.0209713040205657	8.189653961068968	230.0	36	1.05	0.95				
	325	1	0.0	0.0	0.0	0.0	3	1.0408174055749408	15.117665760176033	230.0	35	1.05	0.95				
];
