%% MATPOWER Case Format : Version 2
function mpc = RTS_GMLC
mpc.version = '2';

%%-----  Power Flow Data  -----%%
%% system MVA base
mpc.baseMVA = 100.0;
%% bus data
%    bus_i    type    Pd    Qd    Gs    Bs    area    Vm    Va    baseKV    zone    Vmax    Vmin
mpc.bus = [
	101	2	96.68431470315791	19.694952995087718	0.0	0.0	1	1.0486166922172246	-1.276797608234792	138.0	11	1.05	0.95				
	102	2	86.83683820561404	17.90450272280702	0.0	0.0	1	1.0483671127142058	-1.452939931268184	138.0	12	1.05	0.95				
	103	1	161.14052450526316	33.123330037192986	0.0	0.0	1	1.020997497546259	-2.305307077480732	138.0	11	1.05	0.95				
	104	1	66.24666007438597	13.428377042105263	0.0	0.0	1	1.0230872010192662	-5.028776423738433	138.0	11	1.05	0.95				
	105	1	63.56098466596492	12.533151905964916	0.0	0.0	1	1.0365870087374678	-5.572550548598784	138.0	11	1.05	0.95				
	106	1	121.75061851508772	25.06630381192983	0.0	-100.0	1	1.0347855504915016	-8.809683043151708	138.0	12	1.05	0.95				
	107	2	111.90314201754386	22.380628403508773	0.0	0.0	1	1.05	-7.561782816647334	138.0	12	1.05	0.95				
	108	1	153.08349828000001	31.33287976491228	0.0	0.0	1	1.0212163698852772	-9.79887374526223	138.0	12	1.05	0.95				
	109	1	156.66439882456143	32.22810490105263	0.0	0.0	1	1.027050850333964	-5.458186875387413	138.0	13	1.05	0.95				
	110	1	174.56890154736843	35.80900544561404	0.0	0.0	1	1.05	-7.188371038808399	138.0	13	1.05	0.95				
	111	1	0.0	0.0	0.0	0.0	1	1.018755448230013	-2.2341797854752947	230.0	13	1.05	0.95				
	112	1	0.0	0.0	0.0	0.0	1	1.0193589041112623	-1.4739564875804487	230.0	13	1.05	0.95				
	113	3	237.23466107719298	48.342157351578955	0.0	0.0	1	1.0232342015968752	1.2456136493475183e-29	230.0	14	1.05	0.95				
	114	2	173.6736764112281	34.91378030947369	0.0	0.0	1	1.025004165424442	-0.114304186154216	230.0	16	1.05	0.95				
	115	2	283.7863681564913	57.29440871298246	0.0	0.0	1	1.0419393557836218	9.28546607565925	230.0	16	1.05	0.95				
	116	2	89.52251361403509	17.90450272280702	0.0	0.0	1	1.0421503138458335	8.379455388911255	230.0	16	1.05	0.95				
	117	1	0.0	0.0	0.0	0.0	1	1.0464701703512227	12.41253209046647	230.0	17	1.05	0.95				
	118	2	298.1099703347369	60.87530925754386	0.0	0.0	1	1.05	13.487808346456859	230.0	17	1.05	0.95				
	119	1	162.03574964140353	33.123330037192986	0.0	0.0	1	1.0368280725308017	6.486012223404177	230.0	15	1.05	0.95				
	120	1	114.58881742596492	23.275853539649123	0.0	0.0	1	1.040026900900204	6.124797560713023	230.0	15	1.05	0.95				
	121	2	0.0	0.0	0.0	0.0	1	1.05	14.69489839127037	230.0	17	1.05	0.95				
	122	2	0.0	0.0	0.0	0.0	1	1.05	20.655521939516362	230.0	17	1.05	0.95				
	123	2	0.0	0.0	0.0	0.0	1	1.044432029511592	6.5837073956216505	230.0	15	1.05	0.95				
	124	1	0.0	0.0	0.0	0.0	1	1.0195993508169239	4.985385758352568	230.0	16	1.05	0.95				
	201	2	95.6921139663158	19.49283803017544	0.0	0.0	2	1.05	-15.447510072262887	138.0	21	1.05	0.95				
	202	2	85.94569495122808	17.72076184561404	0.0	0.0	2	1.05	-15.54319075316274	138.0	22	1.05	0.95				
	203	1	159.48685661052633	32.783409414385964	0.0	0.0	2	1.0244919040069158	-11.108573880279437	138.0	21	1.05	0.95				
	204	1	65.56681882877193	13.290571384210528	0.0	0.0	2	1.0203755317629934	-16.37156691189852	138.0	21	1.05	0.95				
	205	1	62.90870455192983	12.404533291929827	0.0	0.0	2	1.0382833256038708	-16.94643076782592	138.0	21	1.05	0.95				
	206	1	120.50118055017546	24.809066583859654	0.0	-100.0	2	1.036244568800353	-18.623340633200616	138.0	22	1.05	0.95				
	207	2	110.75476153508772	22.150952307017548	0.0	0.0	2	0.95	-28.728163936640353	138.0	22	1.05	0.95				
	208	1	151.51251378	31.01133322982456	0.0	0.0	2	0.9540042129376441	-25.537272885909285	138.0	22	1.05	0.95				
	209	1	155.05666614912283	31.89737132210527	0.0	0.0	2	1.0251220074864167	-13.479086841816558	138.0	23	1.05	0.95				
	210	1	172.77742799473685	35.44152369122808	0.0	0.0	2	1.0489977639528318	-15.70609571138882	138.0	23	1.05	0.95				
	211	1	0.0	0.0	0.0	0.0	2	1.0327737977995355	-8.859219712125219	230.0	23	1.05	0.95				
	212	1	0.0	0.0	0.0	0.0	2	1.0260146083515365	-3.9962911263795844	230.0	23	1.05	0.95				
	213	2	234.800094454386	47.8460569831579	0.0	0.0	2	1.05	-5.431488892186254	230.0	24	1.05	0.95				
	214	2	171.89138990245615	34.55548559894737	0.0	0.0	2	1.05	-6.393289632100166	230.0	26	1.05	0.95				
	215	2	280.8740752529825	56.706437905964926	0.0	0.0	2	1.044477595785385	2.714456835893353	230.0	26	1.05	0.95				
	216	2	88.60380922807019	17.72076184561404	0.0	0.0	2	1.0482885705275045	2.5809818580237884	230.0	26	1.05	0.95				
	217	1	0.0	0.0	0.0	0.0	2	1.0493295806911254	5.690778472952071	230.0	27	1.05	0.95				
	218	2	295.05068472947374	60.25059027508773	0.0	0.0	2	1.05	6.264538559797529	230.0	27	1.05	0.95				
	219	1	160.37289470280706	32.783409414385964	0.0	0.0	2	1.0421320052293386	2.4518083085792153	230.0	25	1.05	0.95				
	220	1	113.41287581192985	23.036990399298247	0.0	0.0	2	1.045073998473532	3.9974579313251812	230.0	25	1.05	0.95				
	221	2	0.0	0.0	0.0	0.0	2	1.05	6.810527514154488	230.0	27	1.05	0.95				
	222	2	0.0	0.0	0.0	0.0	2	1.05	12.883135915950122	230.0	27	1.05	0.95				
	223	2	0.0	0.0	0.0	0.0	2	1.05	5.485707075561965	230.0	25	1.05	0.95				
	224	1	0.0	0.0	0.0	0.0	2	1.0193377713887461	-2.422622090990411	230.0	26	1.05	0.95				
	301	2	82.80227777684212	16.867130658245618	0.0	0.0	3	1.0007691370442195	1.7830900621031565	138.0	31	1.05	0.95				
	302	2	74.3687124477193	15.333755143859651	0.0	0.0	3	1.0017518373497964	1.537718516449421	138.0	32	1.05	0.95				
	303	1	138.00379629473687	28.36744701614035	0.0	0.0	3	1.0286922391955828	11.704794515723366	138.0	31	1.05	0.95				
	304	1	56.7348940322807	11.500316357894738	0.0	0.0	3	0.9935815204268047	3.9896956334901588	138.0	31	1.05	0.95				
	305	1	54.43483076070176	10.733628600701756	0.0	0.0	3	1.0068084024590884	3.2736596902268364	138.0	31	1.05	0.95				
	306	1	104.26953497824563	21.467257201403513	0.0	-100.0	3	1.0171137573578457	3.2605486914421675	138.0	32	1.05	0.95				
	307	2	95.83596964912282	19.167193929824563	0.0	0.0	3	0.9697857897390086	-2.894426462751328	138.0	32	1.05	0.95				
	308	1	131.10360648000002	26.834071501754387	0.0	0.0	3	0.9753191978990854	0.8397596378139395	138.0	32	1.05	0.95				
	309	1	134.17035750877196	27.60075925894737	0.0	0.0	3	1.016076836883471	9.19504822900851	138.0	33	1.05	0.95				
	310	1	149.5041126526316	30.667510287719303	0.0	0.0	3	1.0357637546137441	7.294273167355337	138.0	33	1.05	0.95				
	311	1	0.0	0.0	0.0	0.0	3	1.0080969612424109	15.152017897948129	230.0	33	1.05	0.95				
	312	1	0.0	0.0	0.0	0.0	3	1.0123301943876863	16.43382810427147	230.0	33	1.05	0.95				
	313	2	203.17225565614038	41.40113888842106	0.0	0.0	3	1.036168089585594	23.62381768691786	230.0	34	1.05	0.95				
	314	2	148.7374248954386	29.900822530526323	0.0	0.0	3	1.0139456796288098	14.416543593654294	230.0	36	1.05	0.95				
	315	2	243.04001903017544	49.06801646035088	0.0	0.0	3	1.0410004689228387	11.461129732386977	230.0	36	1.05	0.95				
	316	2	76.66877571929825	15.333755143859651	0.0	0.0	3	1.038516383363869	12.561608052442661	230.0	36	1.05	0.95				
	317	1	0.0	0.0	0.0	0.0	3	1.0435974016977152	12.057360372201847	230.0	37	1.05	0.95				
	318	2	255.3070231452632	52.134767489122815	0.0	0.0	3	1.0427425063625948	10.848032883310893	230.0	37	1.05	0.95				
	319	1	138.77048405192986	28.36744701614035	0.0	0.0	3	1.0347153968700924	14.486710930972151	230.0	35	1.05	0.95				
	320	1	98.13603292070177	19.933881687017546	0.0	0.0	3	1.0352092916245985	16.054430395417377	230.0	35	1.05	0.95				
	321	2	0.0	0.0	0.0	0.0	3	1.0444098500327	12.159117342872529	230.0	37	1.05	0.95				
	322	2	0.0	0.0	0.0	0.0	3	1.05	16.448486308045478	230.0	37	1.05	0.95				
	323	2	0.0	0.0	0.0	0.0	3	1.035993787065416	16.67432018688245	230.0	35	1.05	0.95				
	324	1	0.0	0.0	0.0	0.0	3	1.034921687991735	13.468485588561038	230.0	36	1.05	0.95				
	325	1	0.0	0.0	0.0	0.0	3	1.0383327067909234	16.512926219457697	230.0	35	1.05	0.95				
];
