%% MATPOWER Case Format : Version 2
function mpc = RTS_GMLC
mpc.version = '2';

%%-----  Power Flow Data  -----%%
%% system MVA base
mpc.baseMVA = 100.0;
%% bus data
%    bus_i    type    Pd    Qd    Gs    Bs    area    Vm    Va    baseKV    zone    Vmax    Vmin
mpc.bus = [
	101	2	85.35526965473684	17.387184559298245	0.0	0.0	1	1.04070325954415	-1.2667850181266742	138.0	11	1.05	0.95				
	102	2	76.6616773750877	15.806531417543859	0.0	0.0	1	1.0408559326297522	-1.315670410668349	138.0	12	1.05	0.95				
	103	1	142.25878275789475	29.242083122456137	0.0	0.0	1	1.0242365707075811	-2.338945288481397	138.0	11	1.05	0.95				
	104	1	58.484166244912274	11.854898563157894	0.0	0.0	1	1.0212484431058757	-4.609429215730379	138.0	11	1.05	0.95				
	105	1	56.1131865322807	11.064571992280701	0.0	0.0	1	1.0343576039769824	-5.037694077098594	138.0	11	1.05	0.95				
	106	1	107.48441363929824	22.129143984561402	0.0	-100.0	1	1.0364387708447937	-7.857261425486947	138.0	12	1.05	0.95				
	107	2	98.79082135964912	19.75816427192982	0.0	0.0	1	1.05	-5.927144283580994	138.0	12	1.05	0.95				
	108	1	135.14584362	27.66142998070175	0.0	0.0	1	1.0245664199760027	-8.241925605236828	138.0	12	1.05	0.95				
	109	1	138.30714990350876	28.451756551578946	0.0	0.0	1	1.027376403963136	-4.895886100153004	138.0	13	1.05	0.95				
	110	1	154.1136813210526	31.613062835087717	0.0	0.0	1	1.05	-6.405028197674557	138.0	13	1.05	0.95				
	111	1	0.0	0.0	0.0	0.0	1	1.0141214283064566	-2.1273370640218494	230.0	13	1.05	0.95				
	112	1	0.0	0.0	0.0	0.0	1	1.0172904614720244	-1.3115954775918897	230.0	13	1.05	0.95				
	113	3	209.4365412824561	42.67763482736842	0.0	0.0	1	1.0169528467883902	8.95615589616173e-28	230.0	14	1.05	0.95				
	114	2	153.3233547501754	30.822736264210526	0.0	0.0	1	1.015041692564796	-0.41931398468004427	230.0	16	1.05	0.95				
	115	2	250.53352296807017	50.58090053614035	0.0	0.0	1	1.0442656500137533	7.476781750593273	230.0	16	1.05	0.95				
	116	2	79.03265708771929	15.806531417543859	0.0	0.0	1	1.0421192245544662	6.7777010840394665	230.0	16	1.05	0.95				
	117	1	0.0	0.0	0.0	0.0	1	1.045810442031293	9.752891342168548	230.0	17	1.05	0.95				
	118	2	263.17874810210526	53.74220681964912	0.0	0.0	1	1.047767837984774	10.30327296135731	230.0	17	1.05	0.95				
	119	1	143.04910932877192	29.242083122456137	0.0	0.0	1	1.0359906075208498	5.445857213755634	230.0	15	1.05	0.95				
	120	1	101.1618010722807	20.548490842807016	0.0	0.0	1	1.037078978614506	5.424187945349384	230.0	15	1.05	0.95				
	121	2	0.0	0.0	0.0	0.0	1	1.05	11.87205740394092	230.0	17	1.05	0.95				
	122	2	0.0	0.0	0.0	0.0	1	1.05	17.703923936462985	230.0	17	1.05	0.95				
	123	2	0.0	0.0	0.0	0.0	1	1.03989924371711	5.9978121922973315	230.0	15	1.05	0.95				
	124	1	0.0	0.0	0.0	0.0	1	1.0244553742529845	3.8361474882460005	230.0	16	1.05	0.95				
	201	2	88.43318117052632	18.014166534736844	0.0	0.0	2	1.0382684755675218	-14.465857884125894	138.0	21	1.05	0.95				
	202	2	79.4260979031579	16.37651503157895	0.0	0.0	2	1.041090249056174	-14.59692748273907	138.0	22	1.05	0.95				
	203	1	147.38863528421052	30.29655280842106	0.0	0.0	2	1.02511796619604	-10.566932361122987	138.0	21	1.05	0.95				
	204	1	60.59310561684212	12.28238627368421	0.0	0.0	2	1.0186070012414887	-15.815182286949675	138.0	21	1.05	0.95				
	205	1	58.13662836210527	11.463560522105265	0.0	0.0	2	1.0336589277095145	-16.323338839047995	138.0	21	1.05	0.95				
	206	1	111.36030221473685	22.92712104421053	0.0	-100.0	2	1.0367742253203727	-18.135753519195436	138.0	22	1.05	0.95				
	207	2	102.35321894736842	20.470643789473687	0.0	0.0	2	0.95	-29.445114101835955	138.0	22	1.05	0.95				
	208	1	140.01920352000002	28.658901305263157	0.0	0.0	2	0.9559684178046635	-25.680719369587347	138.0	22	1.05	0.95				
	209	1	143.2945065263158	29.477727056842106	0.0	0.0	2	1.0265432267817864	-13.507543014837275	138.0	23	1.05	0.95				
	210	1	159.67102155789473	32.7530300631579	0.0	0.0	2	1.05	-15.633093181214681	138.0	23	1.05	0.95				
	211	1	0.0	0.0	0.0	0.0	2	1.0342527841076319	-9.533821596279697	230.0	23	1.05	0.95				
	212	1	0.0	0.0	0.0	0.0	2	1.028410883170509	-4.719932876904401	230.0	23	1.05	0.95				
	213	2	216.98882416842108	44.21659058526316	0.0	0.0	2	1.05	-6.901878023753138	230.0	24	1.05	0.95				
	214	2	158.8521958063158	31.934204311578952	0.0	0.0	2	1.05	-7.035208534765478	230.0	26	1.05	0.95				
	215	2	259.56776325052635	52.404848101052636	0.0	0.0	2	1.0454287989218884	1.8373140340220402	230.0	26	1.05	0.95				
	216	2	81.88257515789475	16.37651503157895	0.0	0.0	2	1.04896065128201	1.5542900149736316	230.0	26	1.05	0.95				
	217	1	0.0	0.0	0.0	0.0	2	1.0491273717391714	4.584439646550541	230.0	27	1.05	0.95				
	218	2	272.6689752757895	55.680151107368424	0.0	0.0	2	1.0499999963362103	5.049049049343933	230.0	27	1.05	0.95				
	219	1	148.2074610357895	30.29655280842106	0.0	0.0	2	1.0432431088091365	1.4386852873659361	230.0	25	1.05	0.95				
	220	1	104.80969620210527	21.289469541052632	0.0	0.0	2	1.0457290669144452	2.8689422404036033	230.0	25	1.05	0.95				
	221	2	0.0	0.0	0.0	0.0	2	1.05	5.342253743664819	230.0	27	1.05	0.95				
	222	2	0.0	0.0	0.0	0.0	2	1.05	11.557034433058044	230.0	27	1.05	0.95				
	223	2	0.0	0.0	0.0	0.0	2	1.05	4.246700729106493	230.0	25	1.05	0.95				
	224	1	0.0	0.0	0.0	0.0	2	1.0221792366662967	-2.7693011899265967	230.0	26	1.05	0.95				
	301	2	75.25150268210527	15.329009805614035	0.0	0.0	3	0.9982575155320382	-3.6400386923852213	138.0	31	1.05	0.95				
	302	2	67.58699777929824	13.935463459649123	0.0	0.0	3	0.9991755844687641	-3.751745228825889	138.0	32	1.05	0.95				
	303	1	125.41917113684211	25.780607400350874	0.0	0.0	3	1.0133113080806666	1.9401052344884595	138.0	31	1.05	0.95				
	304	1	51.56121480070175	10.451597594736842	0.0	0.0	3	0.9955598330840919	-1.2717041797595006	138.0	31	1.05	0.95				
	305	1	49.47089528175438	9.754824421754387	0.0	0.0	3	1.0084911785139599	-1.5942084682354485	138.0	31	1.05	0.95				
	306	1	94.76115152561404	19.509648843508774	0.0	-100.0	3	1.0221873224919793	-1.2229963353705373	138.0	32	1.05	0.95				
	307	2	87.09664662280701	17.419329324561403	0.0	0.0	3	0.979985090370016	-6.659929180325415	138.0	32	1.05	0.95				
	308	1	119.14821257999999	24.38706105438596	0.0	0.0	3	0.9855726528976682	-3.34967428059185	138.0	32	1.05	0.95				
	309	1	121.93530527192982	25.083834227368417	0.0	0.0	3	1.0187941574296615	3.6419844803834165	138.0	33	1.05	0.95				
	310	1	135.87076873157892	27.870926919298245	0.0	0.0	3	1.040504695207509	2.72583056381279	138.0	33	1.05	0.95				
	311	1	0.0	0.0	0.0	0.0	3	1.0104441256109782	10.392872939588049	230.0	33	1.05	0.95				
	312	1	0.0	0.0	0.0	0.0	3	1.0141689824041487	11.52147226218722	230.0	33	1.05	0.95				
	313	2	184.64489084035088	37.625751341052634	0.0	0.0	3	1.0371198751864286	18.51872498010163	230.0	34	1.05	0.95				
	314	2	135.1739955585965	27.17415374631579	0.0	0.0	3	1.0163886906079682	10.27700049757813	230.0	36	1.05	0.95				
	315	2	220.8770958354386	44.59348307087719	0.0	0.0	3	1.0391261890781853	8.064962246715043	230.0	36	1.05	0.95				
	316	2	69.67731729824561	13.935463459649123	0.0	0.0	3	1.0376841617116632	9.115786898009354	230.0	36	1.05	0.95				
	317	1	0.0	0.0	0.0	0.0	3	1.0425535282930047	8.964281966989166	230.0	37	1.05	0.95				
	318	2	232.0254666031579	47.38057576280702	0.0	0.0	3	1.0423483969045522	8.246661683613178	230.0	37	1.05	0.95				
	319	1	126.11594430982456	25.780607400350874	0.0	0.0	3	1.0350501455532815	10.827633555010564	230.0	35	1.05	0.95				
	320	1	89.18696614175438	18.11610249754386	0.0	0.0	3	1.0357420206161725	12.159441987712393	230.0	35	1.05	0.95				
	321	2	0.0	0.0	0.0	0.0	3	1.0445540578926407	9.67870363329614	230.0	37	1.05	0.95				
	322	2	0.0	0.0	0.0	0.0	3	1.05	13.726517444778285	230.0	37	1.05	0.95				
	323	2	0.0	0.0	0.0	0.0	3	1.036381579078183	12.669710412279	230.0	35	1.05	0.95				
	324	1	0.0	0.0	0.0	0.0	3	1.023549904298217	7.663531866928884	230.0	36	1.05	0.95				
	325	1	0.0	0.0	0.0	0.0	3	1.0385231632726033	12.608634645508362	230.0	35	1.05	0.95				
];
