%% MATPOWER Case Format : Version 2
function mpc = RTS_GMLC
mpc.version = '2';

%%-----  Power Flow Data  -----%%
%% system MVA base
mpc.baseMVA = 100.0;
%% bus data
%    bus_i    type    Pd    Qd    Gs    Bs    area    Vm    Va    baseKV    zone    Vmax    Vmin
mpc.bus = [
	101	2	85.2350321557895	17.3626917354386	0.0	0.0	1	1.0370704070354322	-1.4288703286451145	138.0	11	1.05	0.95				
	102	2	76.55368628807018	15.78426521403509	0.0	0.0	1	1.0371513442158782	-1.507703837277119	138.0	12	1.05	0.95				
	103	1	142.0583869263158	29.20089064596492	0.0	0.0	1	1.0219457015917623	-1.9494084231340705	138.0	11	1.05	0.95				
	104	1	58.40178129192984	11.838198910526316	0.0	0.0	1	1.0178715504041738	-4.91235516029953	138.0	11	1.05	0.95				
	105	1	56.034141509824565	11.048985649824564	0.0	0.0	1	1.0326244622945813	-5.054031954077932	138.0	11	1.05	0.95				
	106	1	107.33300345543861	22.097971299649128	0.0	-100.0	1	1.0356890967875239	-7.795509283059694	138.0	12	1.05	0.95				
	107	2	98.65165758771931	19.73033151754386	0.0	0.0	1	1.05	-6.514802847399945	138.0	12	1.05	0.95				
	108	1	134.95546758	27.622464124561404	0.0	0.0	1	1.0244682462650383	-8.51384213090702	138.0	12	1.05	0.95				
	109	1	138.11232062280703	28.41167738526316	0.0	0.0	1	1.0269229142624412	-4.73584925742361	138.0	13	1.05	0.95				
	110	1	153.89658583684212	31.56853042807018	0.0	0.0	1	1.05	-6.258626600252976	138.0	13	1.05	0.95				
	111	1	0.0	0.0	0.0	0.0	1	1.0152733971864505	-1.6867283672052067	230.0	13	1.05	0.95				
	112	1	0.0	0.0	0.0	0.0	1	1.017665697462262	-0.9677714059447725	230.0	13	1.05	0.95				
	113	3	209.14151408596493	42.61751607789475	0.0	0.0	1	1.0178741188562452	-2.0898815273961838e-28	230.0	14	1.05	0.95				
	114	2	153.10737257614036	30.779317167368426	0.0	0.0	1	1.0187260463406986	0.6755856441383603	230.0	16	1.05	0.95				
	115	2	250.1806036424562	50.50964868491229	0.0	0.0	1	1.0447773341210655	9.310587141936962	230.0	16	1.05	0.95				
	116	2	78.92132607017544	15.78426521403509	0.0	0.0	1	1.044017101729739	8.778041931329028	230.0	16	1.05	0.95				
	117	1	0.0	0.0	0.0	0.0	1	1.0472521030518818	12.33237991669022	230.0	17	1.05	0.95				
	118	2	262.8080158136842	53.66650172771931	0.0	0.0	1	1.0499999932610826	13.065679670806249	230.0	17	1.05	0.95				
	119	1	142.84760018701758	29.20089064596492	0.0	0.0	1	1.038788967248138	7.141482763777083	230.0	15	1.05	0.95				
	120	1	101.01929736982459	20.519544778245617	0.0	0.0	1	1.04098821702846	6.940773838104842	230.0	15	1.05	0.95				
	121	2	0.0	0.0	0.0	0.0	1	1.05	13.702962287424045	230.0	17	1.05	0.95				
	122	2	0.0	0.0	0.0	0.0	1	1.05	21.260237885550325	230.0	17	1.05	0.95				
	123	2	0.0	0.0	0.0	0.0	1	1.044362455361869	7.410539010539468	230.0	15	1.05	0.95				
	124	1	0.0	0.0	0.0	0.0	1	1.0221243373660565	5.141413264411249	230.0	16	1.05	0.95				
	201	2	101.08106405052632	20.59058712140351	0.0	0.0	2	1.05	-16.62210450720742	138.0	21	1.05	0.95				
	202	2	90.78577048982456	18.71871556491228	0.0	0.0	2	1.05	-16.783355177288428	138.0	22	1.05	0.95				
	203	1	168.46844008421053	34.62962379508772	0.0	0.0	2	1.0206969455201795	-11.948112031819113	138.0	21	1.05	0.95				
	204	1	69.25924759017543	14.03903667368421	0.0	0.0	2	1.017637458618923	-17.676369735661943	138.0	21	1.05	0.95				
	205	1	66.45144025543858	13.103100895438596	0.0	0.0	2	1.0360062151135572	-18.25544927707343	138.0	21	1.05	0.95				
	206	1	127.28726584140351	26.20620179087719	0.0	-100.0	2	1.0322088517181516	-20.070352107974696	138.0	22	1.05	0.95				
	207	2	116.99197228070175	23.398394456140352	0.0	0.0	2	0.95	-29.091716717803553	138.0	22	1.05	0.95				
	208	1	160.04501808	32.75775223859649	0.0	0.0	2	0.9518603918145649	-26.471734196788614	138.0	22	1.05	0.95				
	209	1	163.78876119298243	33.6936880168421	0.0	0.0	2	1.022141271782586	-14.619814654649657	138.0	23	1.05	0.95				
	210	1	182.50747675789475	37.43743112982456	0.0	0.0	2	1.045873638122573	-16.9884752271459	138.0	23	1.05	0.95				
	211	1	0.0	0.0	0.0	0.0	2	1.0309544795994487	-9.640417351884988	230.0	23	1.05	0.95				
	212	1	0.0	0.0	0.0	0.0	2	1.0247127341792686	-5.230734233773558	230.0	23	1.05	0.95				
	213	2	248.0229812350877	50.54053202526316	0.0	0.0	2	1.05	-5.359517793570829	230.0	24	1.05	0.95				
	214	2	181.57154097964911	36.50149535157895	0.0	0.0	2	1.05	-7.53167560777568	230.0	26	1.05	0.95				
	215	2	296.69164170385966	59.8998898077193	0.0	0.0	2	1.0427377332181815	1.5340437619754659	230.0	26	1.05	0.95				
	216	2	93.59357782456141	18.71871556491228	0.0	0.0	2	1.047117728952615	1.2714080647635602	230.0	26	1.05	0.95				
	217	1	0.0	0.0	0.0	0.0	2	1.0487800558226263	4.720878807261803	230.0	27	1.05	0.95				
	218	2	311.6666141557895	63.643632920701755	0.0	0.0	2	1.05	5.149416957533126	230.0	27	1.05	0.95				
	219	1	169.40437586245613	34.62962379508772	0.0	0.0	2	1.041087879667438	0.6582895944390295	230.0	25	1.05	0.95				
	220	1	119.7997796154386	24.334330234385966	0.0	0.0	2	1.0446710573180957	1.8774700533582165	230.0	25	1.05	0.95				
	221	2	0.0	0.0	0.0	0.0	2	1.05	5.678893689297191	230.0	27	1.05	0.95				
	222	2	0.0	0.0	0.0	0.0	2	1.05	11.814952211236754	230.0	27	1.05	0.95				
	223	2	0.0	0.0	0.0	0.0	2	1.05	3.2223520095779112	230.0	25	1.05	0.95				
	224	1	0.0	0.0	0.0	0.0	2	1.0173639049215408	-3.466403905606511	230.0	26	1.05	0.95				
	301	2	89.99430559578948	18.332173362105262	0.0	0.0	3	0.9827221923112075	-16.310165572901077	138.0	31	1.05	0.95				
	302	2	80.82821891473684	16.66561214736842	0.0	0.0	3	0.9835080162929504	-16.701498076902762	138.0	32	1.05	0.95				
	303	1	149.9905093263158	30.83138247263158	0.0	0.0	3	0.9926531931429506	-9.995719301567677	138.0	31	1.05	0.95				
	304	1	61.66276494526316	12.499209110526314	0.0	0.0	3	0.9706179341808476	-14.660705736683461	138.0	31	1.05	0.95				
	305	1	59.16292312315788	11.665928503157895	0.0	0.0	3	0.9844605754779984	-14.90254855912162	138.0	31	1.05	0.95				
	306	1	113.32616260210526	23.33185700631579	0.0	-100.0	3	0.9913511400500682	-15.080658273788181	138.0	32	1.05	0.95				
	307	2	104.16007592105262	20.832015184210526	0.0	0.0	3	0.9502780164145389	-20.14412732059526	138.0	32	1.05	0.95				
	308	1	142.49098386	29.164821257894737	0.0	0.0	3	0.95	-17.594094582848946	138.0	32	1.05	0.95				
	309	1	145.8241062894737	29.998101865263155	0.0	0.0	3	0.9922658506772533	-9.335945470869502	138.0	33	1.05	0.95				
	310	1	162.4897184368421	33.33122429473684	0.0	0.0	3	1.0116783471894915	-10.611609225535979	138.0	33	1.05	0.95				
	311	1	0.0	0.0	0.0	0.0	3	0.9910884779439657	-1.738709225969222	230.0	33	1.05	0.95				
	312	1	0.0	0.0	0.0	0.0	3	0.9922638819590237	-0.5203176508887054	230.0	33	1.05	0.95				
	313	2	220.81936095263157	44.99715279789474	0.0	0.0	3	1.0188395882932417	5.912355512389918	230.0	34	1.05	0.95				
	314	2	161.65643782947367	32.49794368736842	0.0	0.0	3	1.0064097511264871	-0.565056077621107	230.0	36	1.05	0.95				
	315	2	264.14995253578945	53.32995887157894	0.0	0.0	3	1.0396177442937502	-0.12744908453515483	230.0	36	1.05	0.95				
	316	2	83.3280607368421	16.66561214736842	0.0	0.0	3	1.0356817630742405	0.9160218313358864	230.0	36	1.05	0.95				
	317	1	0.0	0.0	0.0	0.0	3	1.041874849428285	2.1555965028469943	230.0	37	1.05	0.95				
	318	2	277.4824422536842	56.66308130105263	0.0	0.0	3	1.0418716384329456	1.5538310823023544	230.0	37	1.05	0.95				
	319	1	150.82378993368422	30.83138247263158	0.0	0.0	3	1.0296664412691672	2.0984400407144483	230.0	35	1.05	0.95				
	320	1	106.65991774315788	21.66529579157895	0.0	0.0	3	1.0291496299027723	3.3677285085432813	230.0	35	1.05	0.95				
	321	2	0.0	0.0	0.0	0.0	3	1.0451170113790942	2.689687114931989	230.0	37	1.05	0.95				
	322	2	0.0	0.0	0.0	0.0	3	1.05	8.246558157258589	230.0	37	1.05	0.95				
	323	2	0.0	0.0	0.0	0.0	3	1.0301013771207657	4.069950122079619	230.0	35	1.05	0.95				
	324	1	0.0	0.0	0.0	0.0	3	1.0122864969674952	-1.7498992434456324	230.0	36	1.05	0.95				
	325	1	0.0	0.0	0.0	0.0	3	1.029828885320231	4.892350878881903	230.0	35	1.05	0.95				
];

%% generator data
%    bus    Pg    Qg    Qmax    Qmin    Vg    mBase    status    Pmax    Pmin    Pc1    Pc2    Qc1min    Qc1max    Qc2min    Qc2max    ramp_agc    ramp_10    ramp_30    ramp_q    apf
