%% MATPOWER Case Format : Version 2
function mpc = RTS_GMLC
mpc.version = '2';

%%-----  Power Flow Data  -----%%
%% system MVA base
mpc.baseMVA = 100.0;
%% bus data
%    bus_i    type    Pd    Qd    Gs    Bs    area    Vm    Va    baseKV    zone    Vmax    Vmin
mpc.bus = [
	101	2	69.43047995368423	14.143245916491228	0.0	0.0	1	1.0289184509812332	1.167463072888418	138.0	11	1.05	0.95				
	102	2	62.35885699543859	12.8574962877193	0.0	0.0	1	1.0289443872661335	1.0943413391938126	138.0	12	1.05	0.95				
	103	1	115.71746658947369	23.786368132280703	0.0	0.0	1	1.0225519191506423	0.6875187060267381	138.0	11	1.05	0.95				
	104	1	47.57273626456141	9.643122215789473	0.0	0.0	1	1.016051054970932	-2.1866104376568294	138.0	11	1.05	0.95				
	105	1	45.64411182140351	9.000247401403511	0.0	0.0	1	1.0305638369518324	-2.199579903797935	138.0	11	1.05	0.95				
	106	1	87.43097475649124	18.000494802807022	0.0	-100.0	1	1.0381297500949545	-4.670990920334724	138.0	12	1.05	0.95				
	107	2	80.35935179824561	16.071870359649125	0.0	0.0	1	1.05	-3.2220914557952938	138.0	12	1.05	0.95				
	108	1	109.93159326	22.500618503508772	0.0	0.0	1	1.0287305596771708	-5.067175965482211	138.0	12	1.05	0.95				
	109	1	112.50309251754386	23.143493317894738	0.0	0.0	1	1.0261217545939338	-2.255910095130267	138.0	13	1.05	0.95				
	110	1	125.36058880526315	25.7149925754386	0.0	0.0	1	1.05	-3.568615882244362	138.0	13	1.05	0.95				
	111	1	0.0	0.0	0.0	0.0	1	1.0104430163663034	0.03223132460728775	230.0	13	1.05	0.95				
	112	1	0.0	0.0	0.0	0.0	1	1.0143384444399237	0.2664801915703205	230.0	13	1.05	0.95				
	113	3	170.3618258122807	34.71523997684211	0.0	0.0	1	1.0072226933335862	2.598944445855332e-32	230.0	14	1.05	0.95				
	114	2	124.71771399087719	25.07211776105263	0.0	0.0	1	1.0121778651127427	3.0797309818163545	230.0	16	1.05	0.95				
	115	2	203.7913161603509	41.143988120701756	0.0	0.0	1	1.044737857830102	12.06856270803273	230.0	16	1.05	0.95				
	116	2	64.2874814385965	12.8574962877193	0.0	0.0	1	1.0415225158093726	11.198286593387754	230.0	16	1.05	0.95				
	117	1	0.0	0.0	0.0	0.0	1	1.0445311076949506	15.206786825235023	230.0	17	1.05	0.95				
	118	2	214.07731319052635	43.71548737824562	0.0	0.0	1	1.049729980329619	15.458627652270778	230.0	17	1.05	0.95				
	119	1	116.36034140385966	23.786368132280703	0.0	0.0	1	1.0353167273630408	8.88376271725362	230.0	15	1.05	0.95				
	120	1	82.28797624140351	16.71474517403509	0.0	0.0	1	1.0361367569395241	8.087843463327648	230.0	15	1.05	0.95				
	121	2	0.0	0.0	0.0	0.0	1	1.05	16.38399191373955	230.0	17	1.05	0.95				
	122	2	0.0	0.0	0.0	0.0	1	1.05	29.630608082201054	230.0	17	1.05	0.95				
	123	2	0.0	0.0	0.0	0.0	1	1.0380506937403022	8.130229642322918	230.0	15	1.05	0.95				
	124	1	0.0	0.0	0.0	0.0	1	1.022169386939285	7.851616589831195	230.0	16	1.05	0.95				
	201	2	85.16921138526317	17.349283800701755	0.0	0.0	2	1.041547471261354	-16.123070269393526	138.0	21	1.05	0.95				
	202	2	76.49456948491228	15.772076182456141	0.0	0.0	2	1.0437188433684335	-16.28874423409084	138.0	22	1.05	0.95				
	203	1	141.9486856421053	29.17834093754386	0.0	0.0	2	1.0223496022645622	-10.853864388122664	138.0	21	1.05	0.95				
	204	1	58.35668187508772	11.829057136842106	0.0	0.0	2	1.0190010413160884	-17.72529875868177	138.0	21	1.05	0.95				
	205	1	55.990870447719296	11.040453327719298	0.0	0.0	2	1.035685826139906	-18.335917289381147	138.0	21	1.05	0.95				
	206	1	107.25011804070176	22.080906655438596	0.0	-100.0	2	1.0382062677578365	-20.328507261180448	138.0	22	1.05	0.95				
	207	2	98.57547614035089	19.715095228070176	0.0	0.0	2	0.95	-31.901025988504298	138.0	22	1.05	0.95				
	208	1	134.85125136	27.601133319298242	0.0	0.0	2	0.9562579510837923	-27.990330145357845	138.0	22	1.05	0.95				
	209	1	138.00566659649124	28.38973712842105	0.0	0.0	2	1.0239117621482556	-15.718942524297905	138.0	23	1.05	0.95				
	210	1	153.77774277894736	31.544152364912282	0.0	0.0	2	1.05	-18.115812851557795	138.0	23	1.05	0.95				
	211	1	0.0	0.0	0.0	0.0	2	1.0320637764228342	-10.738954098447222	230.0	23	1.05	0.95				
	212	1	0.0	0.0	0.0	0.0	2	1.0237583415384746	-9.673179055372172	230.0	23	1.05	0.95				
	213	2	208.98000941754384	42.584605692631584	0.0	0.0	2	1.05	-7.452601398111153	230.0	24	1.05	0.95				
	214	2	152.98913896982455	30.755548555789474	0.0	0.0	2	1.05	-7.719943262673979	230.0	26	1.05	0.95				
	215	2	249.98740749192982	50.47064378385965	0.0	0.0	2	1.0422927270565667	1.7349054129072412	230.0	26	1.05	0.95				
	216	2	78.8603809122807	15.772076182456141	0.0	0.0	2	1.0472601301660287	1.4557302824294933	230.0	26	1.05	0.95				
	217	1	0.0	0.0	0.0	0.0	2	1.047978672277871	5.267408115011803	230.0	27	1.05	0.95				
	218	2	262.6050684378948	53.62505902035088	0.0	0.0	2	1.05	5.862504144094821	230.0	27	1.05	0.95				
	219	1	142.73728945122807	29.17834093754386	0.0	0.0	2	1.0427629646543841	0.4709808353634096	230.0	25	1.05	0.95				
	220	1	100.9412875677193	20.503699037192984	0.0	0.0	2	1.0459106739074642	1.089867891906033	230.0	25	1.05	0.95				
	221	2	0.0	0.0	0.0	0.0	2	1.05	6.2148854301202885	230.0	27	1.05	0.95				
	222	2	0.0	0.0	0.0	0.0	2	1.05	12.354931077797922	230.0	27	1.05	0.95				
	223	2	0.0	0.0	0.0	0.0	2	1.05	2.001630296179179	230.0	25	1.05	0.95				
	224	1	0.0	0.0	0.0	0.0	2	1.0189724301519314	-2.941895792503307	230.0	26	1.05	0.95				
	301	2	64.0278392968421	13.04270800491228	0.0	0.0	3	1.014308032122919	-13.508569435601377	138.0	31	1.05	0.95				
	302	2	57.50648529438595	11.857007277192983	0.0	0.0	3	1.012828481830489	-13.797918715958417	138.0	32	1.05	0.95				
	303	1	106.71306549473682	21.935463462807014	0.0	0.0	3	1.0490745034022753	-0.32412077628582187	138.0	31	1.05	0.95				
	304	1	43.87092692561403	8.892755457894735	0.0	0.0	3	1.010535833976371	-11.708194766557536	138.0	31	1.05	0.95				
	305	1	42.09237583403508	8.299905094035086	0.0	0.0	3	1.024572929778111	-14.000020811131977	138.0	31	1.05	0.95				
	306	1	80.62764948491228	16.599810188070173	0.0	-100.0	3	1.0368212265472088	-14.929053395979283	138.0	32	1.05	0.95				
	307	2	74.10629548245613	14.821259096491227	0.0	0.0	3	0.9907200991417193	-21.0940862995695	138.0	32	1.05	0.95				
	308	1	101.37741221999998	20.749762735087714	0.0	0.0	3	0.9912017354020154	-18.262923408006955	138.0	32	1.05	0.95				
	309	1	103.74881367543858	21.342613098947368	0.0	0.0	3	1.0294724485828997	-7.59385355383511	138.0	33	1.05	0.95				
	310	1	115.60582095263156	23.714014554385965	0.0	0.0	3	1.05	-12.591743636907417	138.0	33	1.05	0.95				
	311	1	0.0	0.0	0.0	0.0	3	1.0176153789520135	-6.142902517228179	230.0	33	1.05	0.95				
	312	1	0.0	0.0	0.0	0.0	3	1.018918285063526	-5.510825322777317	230.0	33	1.05	0.95				
	313	2	157.105346422807	32.01391964842105	0.0	0.0	3	1.0202467993806095	-3.1590133988885585	230.0	34	1.05	0.95				
	314	2	115.0129705887719	23.121164190526315	0.0	0.0	3	1.023879876044218	-4.768538152888689	230.0	36	1.05	0.95				
	315	2	187.93356534350875	37.94242328701754	0.0	0.0	3	1.048638332014051	0.7016969861830321	230.0	36	1.05	0.95				
	316	2	59.28503638596491	11.857007277192983	0.0	0.0	3	1.0462642953339987	0.738200610532746	230.0	36	1.05	0.95				
	317	1	0.0	0.0	0.0	0.0	3	1.0498469177541212	2.7422455074826355	230.0	37	1.05	0.95				
	318	2	197.41917116526315	40.31382474245614	0.0	0.0	3	1.0484413439006621	2.315242816234328	230.0	37	1.05	0.95				
	319	1	107.30591585859648	21.935463462807014	0.0	0.0	3	1.0405843098109413	-0.3722861759894004	230.0	35	1.05	0.95				
	320	1	75.88484657403508	15.414109460350875	0.0	0.0	3	1.0404739552715312	-0.22187558438555066	230.0	35	1.05	0.95				
	321	2	0.0	0.0	0.0	0.0	3	1.05	3.294185929407361	230.0	37	1.05	0.95				
	322	2	0.0	0.0	0.0	0.0	3	1.05	7.424622231380709	230.0	37	1.05	0.95				
	323	2	0.0	0.0	0.0	0.0	3	1.0417225001983659	0.30102242397631146	230.0	35	1.05	0.95				
	324	1	0.0	0.0	0.0	0.0	3	1.044160143595113	0.32359922796189977	230.0	36	1.05	0.95				
	325	1	0.0	0.0	0.0	0.0	3	1.03735857021397	1.631391683852997	230.0	35	1.05	0.95				
];
