%% MATPOWER Case Format : Version 2
function mpc = RTS_GMLC
mpc.version = '2';

%%-----  Power Flow Data  -----%%
%% system MVA base
mpc.baseMVA = 100.0;
%% bus data
%    bus_i    type    Pd    Qd    Gs    Bs    area    Vm    Va    baseKV    zone    Vmax    Vmin
mpc.bus = [
	101	2	47.29341910736843	9.633844632982456	0.0	0.0	1	1.032029329076977	0.488776145848563	138.0	11	1.05	0.95				
	102	2	42.47649679087719	8.758040575438597	0.0	0.0	1	1.0311474265163518	0.22099053862933302	138.0	12	1.05	0.95				
	103	1	78.82236517894738	16.202375064561405	0.0	0.0	1	1.0261412299719894	-0.5784466138498713	138.0	11	1.05	0.95				
	104	1	32.40475012912281	6.568530431578948	0.0	0.0	1	1.0202196145860172	-2.6141961483841243	138.0	11	1.05	0.95				
	105	1	31.09104404280702	6.130628402807019	0.0	0.0	1	1.0351272637039366	-2.451721602251289	138.0	11	1.05	0.95				
	106	1	59.55467591298247	12.261256805614037	0.0	-100.0	1	1.044845838375167	-4.581591096116449	138.0	12	1.05	0.95				
	107	2	54.73775359649123	10.947550719298246	0.0	0.0	1	1.0006176251324392	-11.162967370887177	138.0	12	1.05	0.95				
	108	1	74.88124692	15.326571007017545	0.0	0.0	1	1.0033924112656791	-9.312084204671995	138.0	12	1.05	0.95				
	109	1	76.63285503508772	15.764473035789475	0.0	0.0	1	1.0243415018619306	-3.1521613984924444	138.0	13	1.05	0.95				
	110	1	85.39089561052631	17.516081150877195	0.0	0.0	1	1.05	-4.046729091214542	138.0	13	1.05	0.95				
	111	1	0.0	0.0	0.0	0.0	1	1.0042200514661928	-0.8456693044274746	230.0	13	1.05	0.95				
	112	1	0.0	0.0	0.0	0.0	1	1.0093067373421463	-0.7687467097818376	230.0	13	1.05	0.95				
	113	3	116.04403762456141	23.646709553684214	0.0	0.0	1	0.9992228429023237	1.8188324660873267e-30	230.0	14	1.05	0.95				
	114	2	84.95299358175438	17.078179122105265	0.0	0.0	1	1.0010659571403746	1.2995157474000252	230.0	16	1.05	0.95				
	115	2	138.81494312070174	28.025729841403514	0.0	0.0	1	1.0328009013985506	7.43130888997304	230.0	16	1.05	0.95				
	116	2	43.79020287719298	8.758040575438597	0.0	0.0	1	1.0302844548934669	6.891888687363465	230.0	16	1.05	0.95				
	117	1	0.0	0.0	0.0	0.0	1	1.0362396553720121	9.804375464937182	230.0	17	1.05	0.95				
	118	2	145.82137558105265	29.777337956491234	0.0	0.0	1	1.0384990809447499	10.137787889178496	230.0	17	1.05	0.95				
	119	1	79.26026720771931	16.202375064561405	0.0	0.0	1	1.024068346632606	5.125062440407111	230.0	15	1.05	0.95				
	120	1	56.05145968280703	11.385452748070177	0.0	0.0	1	1.022211200400837	4.437268331348736	230.0	15	1.05	0.95				
	121	2	0.0	0.0	0.0	0.0	1	1.0407194339703265	11.466549504683933	230.0	17	1.05	0.95				
	122	2	0.0	0.0	0.0	0.0	1	1.05	19.017980147105146	230.0	17	1.05	0.95				
	123	2	0.0	0.0	0.0	0.0	1	1.0217507412339173	4.398174334628875	230.0	15	1.05	0.95				
	124	1	0.0	0.0	0.0	0.0	1	1.0201459737301966	4.42300410982146	230.0	16	1.05	0.95				
	201	2	50.91452856000001	10.371478040000001	0.0	0.0	2	1.0227139092493607	-12.949864544787749	138.0	21	1.05	0.95				
	202	2	45.72878954	9.428616400000001	0.0	0.0	2	1.0233163614729368	-12.86594607206469	138.0	22	1.05	0.95				
	203	1	84.8575476	17.44294034	0.0	0.0	2	1.0157989654996833	-10.989557487574	138.0	21	1.05	0.95				
	204	1	34.88588068	7.0714623	0.0	0.0	2	1.0157460098753888	-13.942369314102733	138.0	21	1.05	0.95				
	205	1	33.47158822	6.600031480000002	0.0	0.0	2	1.0306075500151224	-14.308484818234078	138.0	21	1.05	0.95				
	206	1	64.11459152	13.200062960000004	0.0	-100.0	2	1.042727839350396	-15.51950940196572	138.0	22	1.05	0.95				
	207	2	58.928852500000005	11.7857705	0.0	0.0	2	0.9923984301734595	-22.08549156388992	138.0	22	1.05	0.95				
	208	1	80.61467022000001	16.5000787	0.0	0.0	2	0.9967112627518718	-19.913739879239156	138.0	22	1.05	0.95				
	209	1	82.5003935	16.97150952	0.0	0.0	2	1.023112399593169	-12.88128136067859	138.0	23	1.05	0.95				
	210	1	91.9290099	18.857232800000002	0.0	0.0	2	1.05	-14.170748340988723	138.0	23	1.05	0.95				
	211	1	0.0	0.0	0.0	0.0	2	1.0083756375555504	-9.797123225742736	230.0	23	1.05	0.95				
	212	1	0.0	0.0	0.0	0.0	2	1.009598329792849	-8.680987956106735	230.0	23	1.05	0.95				
	213	2	124.92916730000002	25.457264280000004	0.0	0.0	2	1.006544241670887	-8.183662314303572	230.0	24	1.05	0.95				
	214	2	91.45757908	18.385801980000004	0.0	0.0	2	1.0103713223855686	-7.395676132337872	230.0	26	1.05	0.95				
	215	2	149.44356994	30.171572480000002	0.0	0.0	2	1.0244136913457886	-1.0838379094556247	230.0	26	1.05	0.95				
	216	2	47.143082	9.428616400000001	0.0	0.0	2	1.0263687759535791	-1.109593840213643	230.0	26	1.05	0.95				
	217	1	0.0	0.0	0.0	0.0	2	1.0297202050226872	0.5580758039761172	230.0	27	1.05	0.95				
	218	2	156.98646306	32.05729576	0.0	0.0	2	1.0288094816616964	-0.10938130570564829	230.0	27	1.05	0.95				
	219	1	85.32897842000001	17.44294034	0.0	0.0	2	1.027581139947254	-0.749420412629884	230.0	25	1.05	0.95				
	220	1	60.343144960000004	12.257201320000002	0.0	0.0	2	1.0321199213617842	0.47593408610979515	230.0	25	1.05	0.95				
	221	2	0.0	0.0	0.0	0.0	2	1.0306310341665714	0.3755692652709962	230.0	27	1.05	0.95				
	222	2	0.0	0.0	0.0	0.0	2	1.05	6.940021634977948	230.0	27	1.05	0.95				
	223	2	0.0	0.0	0.0	0.0	2	1.0357688288999605	1.5008133236061265	230.0	25	1.05	0.95				
	224	1	0.0	0.0	0.0	0.0	2	1.0090020455977509	-4.799961795614272	230.0	26	1.05	0.95				
	301	2	39.530528298947374	8.05251502385965	0.0	0.0	3	1.0133395362852464	-2.9149199788539386	138.0	31	1.05	0.95				
	302	2	35.504270787017546	7.320468203508772	0.0	0.0	3	1.0132372603781055	-3.04837537068797	138.0	32	1.05	0.95				
	303	1	65.88421383157895	13.542866176491227	0.0	0.0	3	1.0313185766504844	3.554805587488559	138.0	31	1.05	0.95				
	304	1	27.085732352982454	5.490351152631579	0.0	0.0	3	1.0148255756259372	-1.6226089981763554	138.0	31	1.05	0.95				
	305	1	25.98766212245614	5.124327742456141	0.0	0.0	3	1.0272818768125584	-2.9952323730969614	138.0	31	1.05	0.95				
	306	1	49.77918378385965	10.248655484912282	0.0	-100.0	3	1.0435482093808217	-3.4918407354594247	138.0	32	1.05	0.95				
	307	2	45.75292627192983	9.150585254385964	0.0	0.0	3	0.9810516218497837	-6.733242875677719	138.0	32	1.05	0.95				
	308	1	62.59000313999999	12.810819356140351	0.0	0.0	3	0.9952511107139228	-5.191609072325241	138.0	32	1.05	0.95				
	309	1	64.05409678070176	13.176842766315788	0.0	0.0	3	1.027052215303553	1.0444428599917492	138.0	33	1.05	0.95				
	310	1	71.37456498421054	14.640936407017543	0.0	0.0	3	1.05	-1.8948711877737707	138.0	33	1.05	0.95				
	311	1	0.0	0.0	0.0	0.0	3	1.0036572925696765	2.4438155393755268	230.0	33	1.05	0.95				
	312	1	0.0	0.0	0.0	0.0	3	1.0104266742208987	2.7828911722917877	230.0	33	1.05	0.95				
	313	2	96.99620369649122	19.765264149473687	0.0	0.0	3	1.006725770553685	5.238514503473111	230.0	34	1.05	0.95				
	314	2	71.00854157403509	14.274912996842106	0.0	0.0	3	0.9926980866655191	3.0191391176327818	230.0	36	1.05	0.95				
	315	2	116.02942102561404	23.42549825122807	0.0	0.0	3	1.0185422751369253	6.035371210222478	230.0	36	1.05	0.95				
	316	2	36.60234101754386	7.320468203508772	0.0	0.0	3	1.0151391648258283	6.010158947278961	230.0	36	1.05	0.95				
	317	1	0.0	0.0	0.0	0.0	3	1.0322408031420407	10.075627341310664	230.0	37	1.05	0.95				
	318	2	121.88579558842105	24.889591891929825	0.0	0.0	3	1.031283485521167	8.138909847334993	230.0	37	1.05	0.95				
	319	1	66.25023724175438	13.542866176491227	0.0	0.0	3	1.011919128046042	5.188094656480571	230.0	35	1.05	0.95				
	320	1	46.85099650245614	9.516608664561405	0.0	0.0	3	1.0114173749700526	5.208543056952767	230.0	35	1.05	0.95				
	321	2	0.0	0.0	0.0	0.0	3	1.0293666146549703	8.057894910719384	230.0	37	1.05	0.95				
	322	2	0.0	0.0	0.0	0.0	3	1.0448697854561908	13.197735686204616	230.0	37	1.05	0.95				
	323	2	0.0	0.0	0.0	0.0	3	1.0114520830307292	5.511719496923009	230.0	35	1.05	0.95				
	324	1	0.0	0.0	0.0	0.0	3	1.018010115166618	5.078804254017975	230.0	36	1.05	0.95				
	325	1	0.0	0.0	0.0	0.0	3	1.013300710972945	6.036147224113838	230.0	35	1.05	0.95				
];
