%% MATPOWER Case Format : Version 2
function mpc = RTS_GMLC
mpc.version = '2';

%%-----  Power Flow Data  -----%%
%% system MVA base
mpc.baseMVA = 100.0;
%% bus data
%    bus_i    type    Pd    Qd    Gs    Bs    area    Vm    Va    baseKV    zone    Vmax    Vmin
mpc.bus = [
	101	2	60.786739250526324	12.382483921403509	0.0	0.0	1	1.0210216049845524	1.4359960154654468	138.0	11	1.05	0.95				
	102	2	54.59549728982456	11.256803564912282	0.0	0.0	1	1.0199515483034935	1.0741064286314084	138.0	12	1.05	0.95				
	103	1	101.31123208421053	20.82508659508772	0.0	0.0	1	1.022690657433815	0.8601153714867505	138.0	11	1.05	0.95				
	104	1	41.65017319017544	8.44260267368421	0.0	0.0	1	1.0146414740974232	-2.1988399254242994	138.0	11	1.05	0.95				
	105	1	39.9616526554386	7.879762495438597	0.0	0.0	1	1.027227431180741	-2.339896043011933	138.0	11	1.05	0.95				
	106	1	76.54626424140352	15.759524990877194	0.0	-100.0	1	1.0380050076233964	-5.027967426424746	138.0	12	1.05	0.95				
	107	2	70.35502228070176	14.07100445614035	0.0	0.0	1	0.9900959526643968	-12.540881771509264	138.0	12	1.05	0.95				
	108	1	96.24567048	19.699406238596488	0.0	0.0	1	0.9930324822602543	-10.533504224341739	138.0	12	1.05	0.95				
	109	1	98.49703119298245	20.262246416842107	0.0	0.0	1	1.0260811708705397	-3.0192880302103395	138.0	13	1.05	0.95				
	110	1	109.75383475789474	22.513607129824564	0.0	0.0	1	1.05	-4.340204971580277	138.0	13	1.05	0.95				
	111	1	0.0	0.0	0.0	0.0	1	1.0235962081027568	-0.21999548122230245	230.0	13	1.05	0.95				
	112	1	0.0	0.0	0.0	0.0	1	1.0177023349266514	-0.42797916742938913	230.0	13	1.05	0.95				
	113	3	149.15264723508773	30.393369625263162	0.0	0.0	1	1.0090017784034675	-6.543842519500298e-28	230.0	14	1.05	0.95				
	114	2	109.19099457964911	21.95076695157895	0.0	0.0	1	1.05	2.937089841123202	230.0	16	1.05	0.95				
	115	2	178.42033650385963	36.0217714077193	0.0	0.0	1	1.0422958100011912	12.193097836374825	230.0	16	1.05	0.95				
	116	2	56.2840178245614	11.256803564912282	0.0	0.0	1	1.0449705121175632	10.989774038438094	230.0	16	1.05	0.95				
	117	1	0.0	0.0	0.0	0.0	1	1.0419095879227187	16.36627129094767	230.0	17	1.05	0.95				
	118	2	187.42577935578947	38.27313212070176	0.0	0.0	1	1.048796995916727	16.661165367783656	230.0	17	1.05	0.95				
	119	1	101.87407226245615	20.82508659508772	0.0	0.0	1	1.0426589059675444	8.034466605845857	230.0	15	1.05	0.95				
	120	1	72.0435428154386	14.633844634385964	0.0	0.0	1	1.046655561671361	6.52376241246716	230.0	15	1.05	0.95				
	121	2	0.0	0.0	0.0	0.0	1	1.0433449865957503	18.308081379236423	230.0	17	1.05	0.95				
	122	2	0.0	0.0	0.0	0.0	1	1.05	36.26858492710368	230.0	17	1.05	0.95				
	123	2	0.0	0.0	0.0	0.0	1	1.05	6.108925108373356	230.0	15	1.05	0.95				
	124	1	0.0	0.0	0.0	0.0	1	1.020785468344296	7.983767828446469	230.0	16	1.05	0.95				
	201	2	57.4254682863158	11.697780576842105	0.0	0.0	2	1.0235516830963123	-13.005166762169033	138.0	21	1.05	0.95				
	202	2	51.57657799789474	10.634345978947369	0.0	0.0	2	1.0245927852635406	-12.824640491629358	138.0	22	1.05	0.95				
	203	1	95.70911381052632	19.67354006105263	0.0	0.0	2	1.014772187880665	-11.272382784771327	138.0	21	1.05	0.95				
	204	1	39.34708012210526	7.975759484210526	0.0	0.0	2	1.0153599393255341	-14.163811202863382	138.0	21	1.05	0.95				
	205	1	37.75192822526316	7.444042185263158	0.0	0.0	2	1.0301679904460082	-14.550773143780544	138.0	21	1.05	0.95				
	206	1	72.3135526568421	14.888084370526316	0.0	-100.0	2	1.041226466116059	-15.886308793409674	138.0	22	1.05	0.95				
	207	2	66.46466236842106	13.29293247368421	0.0	0.0	2	0.9898048683524481	-23.514227369106028	138.0	22	1.05	0.95				
	208	1	90.92365812	18.610105463157893	0.0	0.0	2	0.992626795445031	-21.014871929641547	138.0	22	1.05	0.95				
	209	1	93.05052731578947	19.141822762105264	0.0	0.0	2	1.0235759903092532	-13.076608343939595	138.0	23	1.05	0.95				
	210	1	103.68487329473683	21.268691957894738	0.0	0.0	2	1.05	-14.41290859424648	138.0	23	1.05	0.95				
	211	1	0.0	0.0	0.0	0.0	2	1.0129680711616775	-9.549561828436424	230.0	23	1.05	0.95				
	212	1	0.0	0.0	0.0	0.0	2	1.0120571516893588	-8.272498972489272	230.0	23	1.05	0.95				
	213	2	140.90508422105265	28.7127341431579	0.0	0.0	2	1.0126709379337897	-7.734135452694963	230.0	24	1.05	0.95				
	214	2	103.15315599578948	20.736974658947368	0.0	0.0	2	1.0196507980828364	-6.915446513858002	230.0	26	1.05	0.95				
	215	2	168.55438376631577	34.02990713263158	0.0	0.0	2	1.0351301878771202	0.03818842591720224	230.0	26	1.05	0.95				
	216	2	53.17172989473684	10.634345978947369	0.0	0.0	2	1.0374297357161435	0.032137410662094	230.0	26	1.05	0.95				
	217	1	0.0	0.0	0.0	0.0	2	1.041931715636698	1.9834794146157424	230.0	27	1.05	0.95				
	218	2	177.0618605494737	36.15677632842105	0.0	0.0	2	1.0404137920075052	1.413554593974871	230.0	27	1.05	0.95				
	219	1	96.24083110947369	19.67354006105263	0.0	0.0	2	1.0372893289487637	0.5157974120027642	230.0	25	1.05	0.95				
	220	1	68.05981426526316	13.824649772631577	0.0	0.0	2	1.041365239476389	1.9448171344629333	230.0	25	1.05	0.95				
	221	2	0.0	0.0	0.0	0.0	2	1.040611662023688	1.7542361360199168	230.0	27	1.05	0.95				
	222	2	0.0	0.0	0.0	0.0	2	1.05	8.348335461202282	230.0	27	1.05	0.95				
	223	2	0.0	0.0	0.0	0.0	2	1.0451293156669093	3.1187444737612804	230.0	25	1.05	0.95				
	224	1	0.0	0.0	0.0	0.0	2	1.0134654978668696	-4.159130046078031	230.0	26	1.05	0.95				
	301	2	49.55836759578948	10.09522302877193	0.0	0.0	3	1.0079138749519445	-5.263753887134406	138.0	31	1.05	0.95				
	302	2	44.51075608140351	9.177475480701755	0.0	0.0	3	1.0073835871129635	-5.384061212023667	138.0	32	1.05	0.95				
	303	1	82.59727932631579	16.978329639298245	0.0	0.0	3	1.0275110450623197	0.5348690636207457	138.0	31	1.05	0.95				
	304	1	33.95665927859649	6.8831066105263154	0.0	0.0	3	1.0099021158097619	-3.883382662710425	138.0	31	1.05	0.95				
	305	1	32.580037956491225	6.424232836491228	0.0	0.0	3	1.0229192556425264	-4.633768250110288	138.0	31	1.05	0.95				
	306	1	62.40683326877193	12.848465672982456	0.0	-100.0	3	1.039394112069279	-4.821865292880517	138.0	32	1.05	0.95				
	307	2	57.35922175438597	11.471844350877193	0.0	0.0	3	0.9929521007205047	-9.895366824224817	138.0	32	1.05	0.95				
	308	1	78.46741536	16.06058209122807	0.0	0.0	3	0.998406457257619	-7.805706067023447	138.0	32	1.05	0.95				
	309	1	80.30291045614035	16.519455865263158	0.0	0.0	3	1.026658890274104	-0.7802065762241639	138.0	33	1.05	0.95				
	310	1	89.4803859368421	18.35495096140351	0.0	0.0	3	1.05	-2.528102364479017	138.0	33	1.05	0.95				
	311	1	0.0	0.0	0.0	0.0	3	1.0092591677238407	3.1413437888771436	230.0	33	1.05	0.95				
	312	1	0.0	0.0	0.0	0.0	3	1.0108289545980427	3.3950757504955575	230.0	33	1.05	0.95				
	313	2	121.60155011929825	24.77918379789474	0.0	0.0	3	1.0100300270605185	6.423959352430004	230.0	34	1.05	0.95				
	314	2	89.02151216280701	17.896077187368423	0.0	0.0	3	1.0124088206053568	5.153015596171511	230.0	36	1.05	0.95				
	315	2	145.4629863691228	29.367921538245618	0.0	0.0	3	1.0395226793296803	8.453648220678915	230.0	36	1.05	0.95				
	316	2	45.88737740350877	9.177475480701755	0.0	0.0	3	1.0381525093785688	9.008125776004965	230.0	36	1.05	0.95				
	317	1	0.0	0.0	0.0	0.0	3	1.0499999928105317	13.02540151332035	230.0	37	1.05	0.95				
	318	2	152.80496675368423	31.203416634385967	0.0	0.0	3	1.046910053322638	10.72340849108517	230.0	37	1.05	0.95				
	319	1	83.05615310035088	16.978329639298245	0.0	0.0	3	1.029377333204516	8.276259528772634	230.0	35	1.05	0.95				
	320	1	58.735843076491236	11.930718124912282	0.0	0.0	3	1.0240429179889488	8.0984501784728	230.0	35	1.05	0.95				
	321	2	0.0	0.0	0.0	0.0	3	1.0455904672320728	10.59269472589021	230.0	37	1.05	0.95				
	322	2	0.0	0.0	0.0	0.0	3	1.05	15.889903337700153	230.0	37	1.05	0.95				
	323	2	0.0	0.0	0.0	0.0	3	1.0217780637788239	8.353116237729154	230.0	35	1.05	0.95				
	324	1	0.0	0.0	0.0	0.0	3	1.0260870480962834	6.284613109679759	230.0	36	1.05	0.95				
	325	1	0.0	0.0	0.0	0.0	3	1.0215251879478766	9.204562998689237	230.0	35	1.05	0.95				
];
