%% MATPOWER Case Format : Version 2
function mpc = RTS_GMLC
mpc.version = '2';

%%-----  Power Flow Data  -----%%
%% system MVA base
mpc.baseMVA = 100.0;
%% bus data
%    bus_i    type    Pd    Qd    Gs    Bs    area    Vm    Va    baseKV    zone    Vmax    Vmin
mpc.bus = [
	101	2	89.00247402947369	18.13013359859649	0.0	0.0	1	1.0480729366734296	0.18002649068234977	138.0	11	1.05	0.95				
	102	2	79.93740723017544	16.48193963508772	0.0	0.0	1	1.0478734834065955	0.020630114158268285	138.0	12	1.05	0.95				
	103	1	148.33745671578947	30.49158832491228	0.0	0.0	1	1.025202077243683	-1.613461440175597	138.0	11	1.05	0.95				
	104	1	60.98317664982456	12.361454726315788	0.0	0.0	1	1.0241593498496881	-3.789127007347779	138.0	11	1.05	0.95				
	105	1	58.5108857045614	11.537357744561405	0.0	0.0	1	1.0370948595832634	-4.244348715004121	138.0	11	1.05	0.95				
	106	1	112.07718951859648	23.07471548912281	0.0	-100.0	1	1.0366339845221682	-7.487978140271995	138.0	12	1.05	0.95				
	107	2	103.01212271929825	20.602424543859648	0.0	0.0	1	1.05	-7.016273652433668	138.0	12	1.05	0.95				
	108	1	140.92058387999998	28.843394361403508	0.0	0.0	1	1.0234301426787513	-8.891844154733993	138.0	12	1.05	0.95				
	109	1	144.21697180701753	29.66749134315789	0.0	0.0	1	1.0272783924448494	-4.6857013741882625	138.0	13	1.05	0.95				
	110	1	160.69891144210527	32.96387927017544	0.0	0.0	1	1.05	-6.213950611989231	138.0	13	1.05	0.95				
	111	1	0.0	0.0	0.0	0.0	1	1.014607397582879	-1.9841119437691175	230.0	13	1.05	0.95				
	112	1	0.0	0.0	0.0	0.0	1	1.0176483059985193	-1.1945173039195651	230.0	13	1.05	0.95				
	113	3	218.38570016491227	44.501237014736844	0.0	0.0	1	1.0173855435906691	-2.4741655026359812e-29	230.0	14	1.05	0.95				
	114	2	159.87481446035088	32.13978228842105	0.0	0.0	1	1.01589234818542	-0.21287683273010286	230.0	16	1.05	0.95				
	115	2	261.23874321614034	52.7422068322807	0.0	0.0	1	1.0439176090885687	8.115655508613855	230.0	16	1.05	0.95				
	116	2	82.40969817543859	16.48193963508772	0.0	0.0	1	1.0422399547395735	7.289634343962757	230.0	16	1.05	0.95				
	117	1	0.0	0.0	0.0	0.0	1	1.0455229330841411	10.409648613156468	230.0	17	1.05	0.95				
	118	2	274.4242949242105	56.03859475929824	0.0	0.0	1	1.0476251289525682	10.921148266499982	230.0	17	1.05	0.95				
	119	1	149.16155369754387	30.49158832491228	0.0	0.0	1	1.036096552843473	5.825033419566325	230.0	15	1.05	0.95				
	120	1	105.4844136645614	21.426521525614035	0.0	0.0	1	1.0373788991682609	5.640956143346962	230.0	15	1.05	0.95				
	121	2	0.0	0.0	0.0	0.0	1	1.05	12.815691992271462	230.0	17	1.05	0.95				
	122	2	0.0	0.0	0.0	0.0	1	1.05	19.243989606476198	230.0	17	1.05	0.95				
	123	2	0.0	0.0	0.0	0.0	1	1.040433827447775	6.149516875941817	230.0	15	1.05	0.95				
	124	1	0.0	0.0	0.0	0.0	1	1.0247054066527967	4.5025892381776265	230.0	16	1.05	0.95				
	201	2	87.60018888	17.84448292	0.0	0.0	2	1.046431245028536	-17.44634618910058	138.0	21	1.05	0.95				
	202	2	78.67794742000001	16.2222572	0.0	0.0	2	1.0488539757109827	-17.604404285130702	138.0	22	1.05	0.95				
	203	1	146.0003148	30.011175820000002	0.0	0.0	2	1.024437359153933	-12.379349967665132	138.0	21	1.05	0.95				
	204	1	60.022351640000004	12.166692900000001	0.0	0.0	2	1.021125063752651	-18.866820685367834	138.0	21	1.05	0.95				
	205	1	57.589013060000006	11.355580040000001	0.0	0.0	2	1.0379374137434314	-19.467374395891408	138.0	21	1.05	0.95				
	206	1	110.31134896	22.711160080000003	0.0	-100.0	2	1.0388794708376825	-21.375034060691213	138.0	22	1.05	0.95				
	207	2	101.38910750000001	20.2778215	0.0	0.0	2	0.95	-32.63409609624699	138.0	22	1.05	0.95				
	208	1	138.70029906000002	28.3889501	0.0	0.0	2	0.9558036028046948	-28.87506539008806	138.0	22	1.05	0.95				
	209	1	141.94475050000003	29.20006296	0.0	0.0	2	1.0243770415596467	-16.637761338411554	138.0	23	1.05	0.95				
	210	1	158.1670077	32.4445144	0.0	0.0	2	1.05	-18.99480174508171	138.0	23	1.05	0.95				
	211	1	0.0	0.0	0.0	0.0	2	1.031783371821598	-11.418186617407367	230.0	23	1.05	0.95				
	212	1	0.0	0.0	0.0	0.0	2	1.022151076846618	-10.101273208599881	230.0	23	1.05	0.95				
	213	2	214.9449079	43.80009444	0.0	0.0	2	1.05	-7.94901879114669	230.0	24	1.05	0.95				
	214	2	157.35589484000002	31.63340154	0.0	0.0	2	1.05	-8.346121610572535	230.0	26	1.05	0.95				
	215	2	257.12277662	51.911223039999996	0.0	0.0	2	1.0443146629115725	1.5461594703485537	230.0	26	1.05	0.95				
	216	2	81.111286	16.2222572	0.0	0.0	2	1.047949144587667	1.0356714693882731	230.0	26	1.05	0.95				
	217	1	0.0	0.0	0.0	0.0	2	1.0486516071571248	4.48935854575974	230.0	27	1.05	0.95				
	218	2	270.10058238	55.15567448	0.0	0.0	2	1.05	5.110217077337336	230.0	27	1.05	0.95				
	219	1	146.81142766000002	30.011175820000002	0.0	0.0	2	1.0428657711183518	0.5338357666427036	230.0	25	1.05	0.95				
	220	1	103.82244607999999	21.088934360000003	0.0	0.0	2	1.0457447830964341	1.6141835043788872	230.0	25	1.05	0.95				
	221	2	0.0	0.0	0.0	0.0	2	1.05	5.533243663385017	230.0	27	1.05	0.95				
	222	2	0.0	0.0	0.0	0.0	2	1.05	11.635548990635783	230.0	27	1.05	0.95				
	223	2	0.0	0.0	0.0	0.0	2	1.05	2.794642685146058	230.0	25	1.05	0.95				
	224	1	0.0	0.0	0.0	0.0	2	1.019065844866506	-3.6296031483148257	230.0	26	1.05	0.95				
	301	2	69.30654855157896	14.118000630877193	0.0	0.0	3	0.9983828657897464	3.2364743032563337	138.0	31	1.05	0.95				
	302	2	62.24754823614035	12.834546028070177	0.0	0.0	3	0.9996940211297072	3.1741820289266527	138.0	32	1.05	0.95				
	303	1	115.51091425263158	23.74391015192982	0.0	0.0	3	1.0167984687655796	6.71610281858947	138.0	31	1.05	0.95				
	304	1	47.48782030385964	9.62590952105263	0.0	0.0	3	1.002200193034487	5.446899018497409	138.0	31	1.05	0.95				
	305	1	45.56263839964912	8.984182219649123	0.0	0.0	3	1.014108019727328	5.354902370548728	138.0	31	1.05	0.95				
	306	1	87.2749129908772	17.968364439298245	0.0	-100.0	3	1.031483084949877	5.820791166639009	138.0	32	1.05	0.95				
	307	2	80.21591267543859	16.04318253508772	0.0	0.0	3	0.9864782002943407	1.5967772865020802	138.0	32	1.05	0.95				
	308	1	109.73536854	22.460455549122806	0.0	0.0	3	0.9968317340908285	4.50853149188248	138.0	32	1.05	0.95				
	309	1	112.30227774561403	23.102182850526315	0.0	0.0	3	1.0275587620649034	9.911448904015485	138.0	33	1.05	0.95				
	310	1	125.1368237736842	25.669092056140354	0.0	0.0	3	1.05	9.518721682395203	138.0	33	1.05	0.95				
	311	1	0.0	0.0	0.0	0.0	3	1.0181916655801408	16.30697136955974	230.0	33	1.05	0.95				
	312	1	0.0	0.0	0.0	0.0	3	1.0235595210465334	17.686093884628477	230.0	33	1.05	0.95				
	313	2	170.05773487192982	34.65327427578948	0.0	0.0	3	1.0478271614245012	25.284670801186778	230.0	34	1.05	0.95				
	314	2	124.4950964722807	25.02736475473684	0.0	0.0	3	1.0206590458622715	14.821741585044206	230.0	36	1.05	0.95				
	315	2	203.42755454491228	41.07054728982456	0.0	0.0	3	1.0386204436436297	9.619409733509892	230.0	36	1.05	0.95				
	316	2	64.17273014035088	12.834546028070177	0.0	0.0	3	1.040415478297995	11.272551961196069	230.0	36	1.05	0.95				
	317	1	0.0	0.0	0.0	0.0	3	1.0434377068284733	9.97521997918701	230.0	37	1.05	0.95				
	318	2	213.6951913673684	43.6374564954386	0.0	0.0	3	1.041952570298921	8.604418827383311	230.0	37	1.05	0.95				
	319	1	116.15264155403509	23.74391015192982	0.0	0.0	3	1.0395002029519755	13.855999823119172	230.0	35	1.05	0.95				
	320	1	82.14109457964912	16.684909836491226	0.0	0.0	3	1.0420020395635978	15.903990666492406	230.0	35	1.05	0.95				
	321	2	0.0	0.0	0.0	0.0	3	1.042104773128689	9.54219403361966	230.0	37	1.05	0.95				
	322	2	0.0	0.0	0.0	0.0	3	1.05	14.037326399538475	230.0	37	1.05	0.95				
	323	2	0.0	0.0	0.0	0.0	3	1.043479314899542	16.673229310652854	230.0	35	1.05	0.95				
	324	1	0.0	0.0	0.0	0.0	3	1.0271385866603397	10.436451575480723	230.0	36	1.05	0.95				
	325	1	0.0	0.0	0.0	0.0	3	1.0453883948178153	16.350051235312627	230.0	35	1.05	0.95				
];

%% generator data
%    bus    Pg    Qg    Qmax    Qmin    Vg    mBase    status    Pmax    Pmin    Pc1    Pc2    Qc1min    Qc1max    Qc2min    Qc2max    ramp_agc    ramp_10    ramp_30    ramp_q    apf
