%% MATPOWER Case Format : Version 2
function mpc = RTS_GMLC
mpc.version = '2';

%%-----  Power Flow Data  -----%%
%% system MVA base
mpc.baseMVA = 100.0;
%% bus data
%    bus_i    type    Pd    Qd    Gs    Bs    area    Vm    Va    baseKV    zone    Vmax    Vmin
mpc.bus = [
	101	2	54.82830281684211	11.168728351578947	0.0	0.0	1	1.0306466067623186	1.6081496357251828	138.0	11	1.05	0.95				
	102	2	49.24393864105264	10.153389410526318	0.0	0.0	1	1.0302079577947023	1.4496481267645296	138.0	12	1.05	0.95				
	103	1	91.38050469473686	18.783770409473686	0.0	0.0	1	1.0267038314358252	0.2724671257966967	138.0	11	1.05	0.95				
	104	1	37.56754081894737	7.615042057894737	0.0	0.0	1	1.0189618976604276	-1.7128361929295934	138.0	11	1.05	0.95				
	105	1	36.04453240736842	7.107372587368423	0.0	0.0	1	1.0333394442808073	-1.5804284521967724	138.0	11	1.05	0.95				
	106	1	69.04304799157896	14.214745174736846	0.0	-100.0	1	1.0424476353171566	-3.871205981964971	138.0	12	1.05	0.95				
	107	2	63.45868381578947	12.691736763157897	0.0	0.0	1	1.0201601092485781	-6.184795341740323	138.0	12	1.05	0.95				
	108	1	86.81147946	17.768431468421053	0.0	0.0	1	1.0147033480351924	-6.31165962458755	138.0	12	1.05	0.95				
	109	1	88.84215734210528	18.27610093894737	0.0	0.0	1	1.0255319872390414	-2.2359082417814102	138.0	13	1.05	0.95				
	110	1	98.99554675263158	20.306778821052635	0.0	0.0	1	1.05	-3.2026712288495713	138.0	13	1.05	0.95				
	111	1	0.0	0.0	0.0	0.0	1	1.0060894819936128	-0.26186086484928006	230.0	13	1.05	0.95				
	112	1	0.0	0.0	0.0	0.0	1	1.0114217378193893	0.04967295431660631	230.0	13	1.05	0.95				
	113	3	134.5324096894737	27.414151408421056	0.0	0.0	1	1.000877188165976	1.4762029213668882e-26	230.0	14	1.05	0.95				
	114	2	98.48787728210527	19.79910935052632	0.0	0.0	1	1.0036807906988467	2.0819602147683827	230.0	16	1.05	0.95				
	115	2	160.93122215684213	32.49084611368421	0.0	0.0	1	1.0409780999314941	8.911552700531576	230.0	16	1.05	0.95				
	116	2	50.766947052631586	10.153389410526318	0.0	0.0	1	1.0376729747302735	8.33894736091763	230.0	16	1.05	0.95				
	117	1	0.0	0.0	0.0	0.0	1	1.043271754574583	10.8906821185373	230.0	17	1.05	0.95				
	118	2	169.0539336852632	34.52152399578948	0.0	0.0	1	1.0463022079730893	10.933628073352958	230.0	17	1.05	0.95				
	119	1	91.88817416526317	18.783770409473686	0.0	0.0	1	1.031474962789628	6.805472526872004	230.0	15	1.05	0.95				
	120	1	64.98169222736843	13.199406233684213	0.0	0.0	1	1.03021329179964	6.442938501501815	230.0	15	1.05	0.95				
	121	2	0.0	0.0	0.0	0.0	1	1.0498417837768166	12.13561722470054	230.0	17	1.05	0.95				
	122	2	0.0	0.0	0.0	0.0	1	1.05	20.907130491460176	230.0	17	1.05	0.95				
	123	2	0.0	0.0	0.0	0.0	1	1.0303887051471634	6.629694081558942	230.0	15	1.05	0.95				
	124	1	0.0	0.0	0.0	0.0	1	1.0247059794885893	5.691591576722136	230.0	16	1.05	0.95				
	201	2	64.87139933052632	13.214544308070176	0.0	0.0	2	1.032666782817662	-12.77402992996397	138.0	21	1.05	0.95				
	202	2	58.26412717649122	12.013222098245613	0.0	0.0	2	1.0329005647085032	-12.861830246632781	138.0	22	1.05	0.95				
	203	1	108.11899888421053	22.224460881754386	0.0	0.0	2	1.0199584060948432	-10.299360034892745	138.0	21	1.05	0.95				
	204	1	44.44892176350877	9.00991657368421	0.0	0.0	2	1.0174482167221712	-15.057570188656088	138.0	21	1.05	0.95				
	205	1	42.64693844877193	8.40925546877193	0.0	0.0	2	1.0335225180332959	-15.378383158212943	138.0	21	1.05	0.95				
	206	1	81.68991026807018	16.81851093754386	0.0	-100.0	2	1.0408319278188072	-17.409973431739086	138.0	22	1.05	0.95				
	207	2	75.08263811403508	15.016527622807017	0.0	0.0	2	0.9885000901799748	-26.472754225535912	138.0	22	1.05	0.95				
	208	1	102.71304894	21.02313867192982	0.0	0.0	2	0.9885040580421479	-23.582130568581032	138.0	22	1.05	0.95				
	209	1	105.11569335964911	21.623799776842105	0.0	0.0	2	1.0232121775984542	-14.414335448875802	138.0	23	1.05	0.95				
	210	1	117.12891545789472	24.026444196491227	0.0	0.0	2	1.05	-16.121325927571487	138.0	23	1.05	0.95				
	211	1	0.0	0.0	0.0	0.0	2	1.015862868085973	-11.07884795733707	230.0	23	1.05	0.95				
	212	1	0.0	0.0	0.0	0.0	2	1.0144756257295402	-10.253627573766945	230.0	23	1.05	0.95				
	213	2	159.17519280175435	32.43569966526316	0.0	0.0	2	1.0160774209201648	-9.891334219374967	230.0	24	1.05	0.95				
	214	2	116.52825435298244	23.425783091578943	0.0	0.0	2	1.0253503195340994	-7.940054022258073	230.0	26	1.05	0.95				
	215	2	190.40957025719297	38.44231071438596	0.0	0.0	2	1.0351408435014784	0.4461166218211105	230.0	26	1.05	0.95				
	216	2	60.066110491228066	12.013222098245613	0.0	0.0	2	1.038603857350766	0.18113744731559756	230.0	26	1.05	0.95				
	217	1	0.0	0.0	0.0	0.0	2	1.0409928220805844	3.4507008148233878	230.0	27	1.05	0.95				
	218	2	200.02014793578945	40.84495513403509	0.0	0.0	2	1.0424912499236896	3.7663381884226568	230.0	27	1.05	0.95				
	219	1	108.7196599891228	22.224460881754386	0.0	0.0	2	1.0377326041254211	-0.6578274537589742	230.0	25	1.05	0.95				
	220	1	76.88462142877192	15.617188727719297	0.0	0.0	2	1.0418410916787233	-0.24653848411385512	230.0	25	1.05	0.95				
	221	2	0.0	0.0	0.0	0.0	2	1.0421210745541905	3.4222285591994313	230.0	27	1.05	0.95				
	222	2	0.0	0.0	0.0	0.0	2	1.05	9.937868854464705	230.0	27	1.05	0.95				
	223	2	0.0	0.0	0.0	0.0	2	1.0455128194343997	0.42050597671773	230.0	25	1.05	0.95				
	224	1	0.0	0.0	0.0	0.0	2	1.0161228445416264	-3.5606162887899413	230.0	26	1.05	0.95				
	301	2	43.408415065263156	8.842454920701753	0.0	0.0	3	1.0102824400835708	-11.952547072523616	138.0	31	1.05	0.95				
	302	2	38.98718760491228	8.03859538245614	0.0	0.0	3	1.010098365116065	-12.109410613888505	138.0	32	1.05	0.95				
	303	1	72.34735844210526	14.87140145754386	0.0	0.0	3	1.031938212201287	-5.403261055718872	138.0	31	1.05	0.95				
	304	1	29.74280291508772	6.0289465368421045	0.0	0.0	3	1.0121101650340036	-10.935070887330404	138.0	31	1.05	0.95				
	305	1	28.53701360771929	5.627016767719298	0.0	0.0	3	1.0251317516031087	-11.75322888655746	138.0	31	1.05	0.95				
	306	1	54.66244860070175	11.254033535438596	0.0	-100.0	3	1.0417525317456644	-12.13435009034643	138.0	32	1.05	0.95				
	307	2	50.24122114035088	10.048244228070175	0.0	0.0	3	0.9910592208055462	-16.40905687020843	138.0	32	1.05	0.95				
	308	1	68.72999052	14.067541919298243	0.0	0.0	3	0.9994224750934833	-14.632522948125727	138.0	32	1.05	0.95				
	309	1	70.33770959649121	14.46947168842105	0.0	0.0	3	1.0258600904681667	-8.322934214073609	138.0	33	1.05	0.95				
	310	1	78.37630497894736	16.07719076491228	0.0	0.0	3	1.05	-10.258309982666786	138.0	33	1.05	0.95				
	311	1	0.0	0.0	0.0	0.0	3	1.0056650208090714	-5.15909087694206	230.0	33	1.05	0.95				
	312	1	0.0	0.0	0.0	0.0	3	1.010423539507611	-4.712194343615247	230.0	33	1.05	0.95				
	313	2	106.51138881754385	21.704207532631578	0.0	0.0	3	1.0086132427252463	-1.8910598371848146	230.0	34	1.05	0.95				
	314	2	77.97437520982456	15.675260995789472	0.0	0.0	3	1.0013607503931092	-3.759422784366773	230.0	36	1.05	0.95				
	315	2	127.41173681192981	25.72350522385965	0.0	0.0	3	1.0315753274151287	0.36175260330146286	230.0	36	1.05	0.95				
	316	2	40.1929769122807	8.03859538245614	0.0	0.0	3	1.0292298034946386	0.5737540549979953	230.0	36	1.05	0.95				
	317	1	0.0	0.0	0.0	0.0	3	1.0376953196248413	2.194814185366125	230.0	37	1.05	0.95				
	318	2	133.84261311789473	27.331224300350875	0.0	0.0	3	1.0380413042442156	1.9129849757960358	230.0	37	1.05	0.95				
	319	1	72.74928821122806	14.87140145754386	0.0	0.0	3	1.0239385950738467	-0.17259146911661477	230.0	35	1.05	0.95				
	320	1	51.4470104477193	10.450173997192982	0.0	0.0	3	1.0219613470689806	-0.035353596516372224	230.0	35	1.05	0.95				
	321	2	0.0	0.0	0.0	0.0	3	1.0395860967595676	2.7642954047596873	230.0	37	1.05	0.95				
	322	2	0.0	0.0	0.0	0.0	3	1.05	6.853675000578728	230.0	37	1.05	0.95				
	323	2	0.0	0.0	0.0	0.0	3	1.02134243755014	0.3542470252827124	230.0	35	1.05	0.95				
	324	1	0.0	0.0	0.0	0.0	3	1.0237519222121327	-1.8178411369482077	230.0	36	1.05	0.95				
	325	1	0.0	0.0	0.0	0.0	3	1.020856999380117	1.3665972178219794	230.0	35	1.05	0.95				
];
