%% MATPOWER Case Format : Version 2
function mpc = RTS_GMLC
mpc.version = '2';

%%-----  Power Flow Data  -----%%
%% system MVA base
mpc.baseMVA = 100.0;
%% bus data
%    bus_i    type    Pd    Qd    Gs    Bs    area    Vm    Va    baseKV    zone    Vmax    Vmin
mpc.bus = [
	101	2	75.41563581473683	15.362444332631577	0.0	0.0	1	1.0486148161984845	1.1377697723954663	138.0	11	1.05	0.95				
	102	2	67.73441364842104	13.965858484210525	0.0	0.0	1	1.0479392815768578	0.8808804115934823	138.0	12	1.05	0.95				
	103	1	125.69272635789473	25.83683819578947	0.0	0.0	1	1.0289377195406453	-0.9163618399444665	138.0	11	1.05	0.95				
	104	1	51.67367639157894	10.474393863157893	0.0	0.0	1	1.0260202717032847	-2.8610877332065536	138.0	11	1.05	0.95				
	105	1	49.57879761894736	9.77610093894737	0.0	0.0	1	1.0390364146058595	-3.215600922101578	138.0	11	1.05	0.95				
	106	1	94.96783769263158	19.55220187789474	0.0	-100.0	1	1.040403936561724	-6.342215944244753	138.0	12	1.05	0.95				
	107	2	87.28661552631579	17.457323105263157	0.0	0.0	1	1.0159326207949146	-10.619918159537557	138.0	12	1.05	0.95				
	108	1	119.40809003999999	24.440252347368414	0.0	0.0	1	1.0058289591098586	-10.372674859788185	138.0	12	1.05	0.95				
	109	1	122.2012617368421	25.138545271578945	0.0	0.0	1	1.0263590295607465	-4.1882291231075435	138.0	13	1.05	0.95				
	110	1	136.1671202210526	27.93171696842105	0.0	0.0	1	1.05	-5.510992200238035	138.0	13	1.05	0.95				
	111	1	0.0	0.0	0.0	0.0	1	1.0124266556298598	-1.647036778940377	230.0	13	1.05	0.95				
	112	1	0.0	0.0	0.0	0.0	1	1.0161258922566474	-1.060915598030287	230.0	13	1.05	0.95				
	113	3	185.04762491578944	37.707817907368415	0.0	0.0	1	1.0131475959801646	-5.758315572879616e-28	230.0	14	1.05	0.95				
	114	2	135.46882729684208	27.233424044210526	0.0	0.0	1	1.0128628274613163	0.17586905926856253	230.0	16	1.05	0.95				
	115	2	221.3588569747368	44.69074714947368	0.0	0.0	1	1.0434771658082962	7.642326439107107	230.0	16	1.05	0.95				
	116	2	69.82929242105263	13.965858484210525	0.0	0.0	1	1.0409254708270155	6.951113299069444	230.0	16	1.05	0.95				
	117	1	0.0	0.0	0.0	0.0	1	1.0451867468859048	9.720610813614094	230.0	17	1.05	0.95				
	118	2	232.53154376210526	47.48391884631579	0.0	0.0	1	1.047160682775058	10.174384979500546	230.0	17	1.05	0.95				
	119	1	126.39101928210525	25.83683819578947	0.0	0.0	1	1.0349340388788106	5.524315256072592	230.0	15	1.05	0.95				
	120	1	89.38149429894736	18.155616029473684	0.0	0.0	1	1.0350318188784222	5.195026174197969	230.0	15	1.05	0.95				
	121	2	0.0	0.0	0.0	0.0	1	1.05	11.829685263444404	230.0	17	1.05	0.95				
	122	2	0.0	0.0	0.0	0.0	1	1.05	17.555013406034185	230.0	17	1.05	0.95				
	123	2	0.0	0.0	0.0	0.0	1	1.036832938558085	5.535416360801367	230.0	15	1.05	0.95				
	124	1	0.0	0.0	0.0	0.0	1	1.027167909850266	4.453355991692975	230.0	16	1.05	0.95				
	201	2	75.53030062736842	15.385801979649122	0.0	0.0	2	1.033882494679681	-15.128030196285184	138.0	21	1.05	0.95				
	202	2	67.83739963754385	13.987092708771929	0.0	0.0	2	1.0342916520366556	-15.170707165078234	138.0	22	1.05	0.95				
	203	1	125.88383437894737	25.876121511228067	0.0	0.0	2	1.019452289003376	-12.404754001411776	138.0	21	1.05	0.95				
	204	1	51.752243022456135	10.490319531578947	0.0	0.0	2	1.016964880655451	-16.72692814786976	138.0	21	1.05	0.95				
	205	1	49.65417911614035	9.790964896140352	0.0	0.0	2	1.0330437630606784	-17.12282282063477	138.0	21	1.05	0.95				
	206	1	95.11223041964912	19.581929792280704	0.0	-100.0	2	1.0385921555223572	-18.89284706142878	138.0	22	1.05	0.95				
	207	2	87.41932942982456	17.48386588596491	0.0	0.0	2	0.9705575155552656	-29.267219558144664	138.0	22	1.05	0.95				
	208	1	119.58964265999998	24.477412240350873	0.0	0.0	2	0.9733282483551546	-25.82399077843602	138.0	22	1.05	0.95				
	209	1	122.38706120175438	25.17676687578947	0.0	0.0	2	1.0246656116309105	-15.161811358420431	138.0	23	1.05	0.95				
	210	1	136.3741539105263	27.974185417543858	0.0	0.0	2	1.05	-16.937522988301172	138.0	23	1.05	0.95				
	211	1	0.0	0.0	0.0	0.0	2	1.0235163321798753	-11.333585231951364	230.0	23	1.05	0.95				
	212	1	0.0	0.0	0.0	0.0	2	1.0210559424381251	-8.287689275882734	230.0	23	1.05	0.95				
	213	2	185.32897839122805	37.76515031368421	0.0	0.0	2	1.0292578217192154	-9.279310213192415	230.0	24	1.05	0.95				
	214	2	135.6747992750877	27.274830782105262	0.0	0.0	2	1.0369172801212059	-8.518839113393325	230.0	26	1.05	0.95				
	215	2	221.69541943403507	44.75869666807017	0.0	0.0	2	1.0425154506256888	0.12526868172911212	230.0	26	1.05	0.95				
	216	2	69.93546354385964	13.987092708771929	0.0	0.0	2	1.0447587383767043	-0.2329941093310552	230.0	26	1.05	0.95				
	217	1	0.0	0.0	0.0	0.0	2	1.0459815067261913	2.7491725453804032	230.0	27	1.05	0.95				
	218	2	232.8850936010526	47.55611520982456	0.0	0.0	2	1.0469506762952938	2.983737330407537	230.0	27	1.05	0.95				
	219	1	126.58318901438597	25.876121511228067	0.0	0.0	2	1.042187188360693	-0.733255647151752	230.0	25	1.05	0.95				
	220	1	89.51739333614034	18.18322052140351	0.0	0.0	2	1.0459137051041487	0.1439742322281127	230.0	25	1.05	0.95				
	221	2	0.0	0.0	0.0	0.0	2	1.0468449626318144	2.791330033584604	230.0	27	1.05	0.95				
	222	2	0.0	0.0	0.0	0.0	2	1.05	9.284105211333802	230.0	27	1.05	0.95				
	223	2	0.0	0.0	0.0	0.0	2	1.05	1.1328153190923238	230.0	25	1.05	0.95				
	224	1	0.0	0.0	0.0	0.0	2	1.0181126176453683	-4.516027308014473	230.0	26	1.05	0.95				
	301	2	67.76906043789475	13.804808607719298	0.0	0.0	3	0.994392451766176	-1.046232087551608	138.0	31	1.05	0.95				
	302	2	60.86665613403509	12.549826007017545	0.0	0.0	3	0.9942857362097453	-1.0993954827958083	138.0	32	1.05	0.95				
	303	1	112.94843406315789	23.217178112982456	0.0	0.0	3	1.0163956636008171	2.571817038217986	138.0	31	1.05	0.95				
	304	1	46.43435622596491	9.412369505263158	0.0	0.0	3	1.000241037236473	1.0515383204471502	138.0	31	1.05	0.95				
	305	1	44.55188232491228	8.784878204912282	0.0	0.0	3	1.0124120406049402	0.9490613356879632	138.0	31	1.05	0.95				
	306	1	85.3388168477193	17.569756409824564	0.0	-100.0	3	1.0306567073397563	1.3590718185239377	138.0	32	1.05	0.95				
	307	2	78.43641254385965	15.68728250877193	0.0	0.0	3	0.9904790325800821	-3.021145650233255	138.0	32	1.05	0.95				
	308	1	107.30101236	21.9621955122807	0.0	0.0	3	0.9989723258752274	-0.1679104934924777	138.0	32	1.05	0.95				
	309	1	109.8109775614035	22.58968681263158	0.0	0.0	3	1.0276795685345606	5.356079322326191	138.0	33	1.05	0.95				
	310	1	122.36080356842105	25.09965201403509	0.0	0.0	3	1.05	4.940991259649233	138.0	33	1.05	0.95				
	311	1	0.0	0.0	0.0	0.0	3	1.0189343159007196	11.491711383216474	230.0	33	1.05	0.95				
	312	1	0.0	0.0	0.0	0.0	3	1.0235883800852923	12.888996429917473	230.0	33	1.05	0.95				
	313	2	166.28519459298246	33.884530218947376	0.0	0.0	3	1.0462512820981116	19.92206165384932	230.0	34	1.05	0.95				
	314	2	121.73331226807018	24.47216071368421	0.0	0.0	3	1.0217012144136188	10.25803252447376	230.0	36	1.05	0.95				
	315	2	198.91474221122806	40.15944322245614	0.0	0.0	3	1.0365604251557377	5.589611353765622	230.0	36	1.05	0.95				
	316	2	62.74913003508772	12.549826007017545	0.0	0.0	3	1.0384083937618347	7.180713492542665	230.0	36	1.05	0.95				
	317	1	0.0	0.0	0.0	0.0	3	1.0413019779668045	5.999358079674276	230.0	37	1.05	0.95				
	318	2	208.9546030168421	42.66940842385965	0.0	0.0	3	1.0397640521254299	4.824775744296424	230.0	37	1.05	0.95				
	319	1	113.57592536350877	23.217178112982456	0.0	0.0	3	1.0376215489288287	9.732044544090028	230.0	35	1.05	0.95				
	320	1	80.31888644491228	16.314773809122805	0.0	0.0	3	1.0400496033356346	11.733135699323334	230.0	35	1.05	0.95				
	321	2	0.0	0.0	0.0	0.0	3	1.040158498999351	5.6449830656142606	230.0	37	1.05	0.95				
	322	2	0.0	0.0	0.0	0.0	3	1.05	10.102878639057957	230.0	37	1.05	0.95				
	323	2	0.0	0.0	0.0	0.0	3	1.0417397675120308	12.591756487610256	230.0	35	1.05	0.95				
	324	1	0.0	0.0	0.0	0.0	3	1.025461390262764	6.200288389382209	230.0	36	1.05	0.95				
	325	1	0.0	0.0	0.0	0.0	3	1.0434308244175667	12.531179540113992	230.0	35	1.05	0.95				
];
