%% MATPOWER Case Format : Version 2
function mpc = RTS_GMLC
mpc.version = '2';

%%-----  Power Flow Data  -----%%
%% system MVA base
mpc.baseMVA = 100.0;
%% bus data
%    bus_i    type    Pd    Qd    Gs    Bs    area    Vm    Va    baseKV    zone    Vmax    Vmin
mpc.bus = [
	101	2	91.35378526736842	18.60910440631579	0.0	0.0	1	1.0452277084045243	-2.256672310434777	138.0	11	1.05	0.95				
	102	2	82.04923306421053	16.917367642105262	0.0	0.0	1	1.0448210062415018	-2.431500985551287	138.0	12	1.05	0.95				
	103	1	152.25630877894739	31.297130137894737	0.0	0.0	1	1.0215526685987886	-3.1600108781515823	138.0	11	1.05	0.95				
	104	1	62.59426027578947	12.688025731578948	0.0	0.0	1	1.0214698383451273	-5.580077750837607	138.0	11	1.05	0.95				
	105	1	60.05665512947368	11.842157349473686	0.0	0.0	1	1.0360564168854844	-5.889406857400728	138.0	11	1.05	0.95				
	106	1	115.0380999663158	23.68431469894737	0.0	-100.0	1	1.0359311943485017	-8.716420821185281	138.0	12	1.05	0.95				
	107	2	105.73354776315789	21.146709552631577	0.0	0.0	1	1.0431359324589433	-4.677929862072451	138.0	12	1.05	0.95				
	108	1	144.64349334	29.60539337368421	0.0	0.0	1	1.0186145363197479	-7.942412665413454	138.0	12	1.05	0.95				
	109	1	148.02696686842106	30.45126175578947	0.0	0.0	1	1.026944024184296	-5.405011298122976	138.0	13	1.05	0.95				
	110	1	164.9443345105263	33.834735284210524	0.0	0.0	1	1.05	-6.961550307724781	138.0	13	1.05	0.95				
	111	1	0.0	0.0	0.0	0.0	1	1.0174870670292728	-2.338063763238893	230.0	13	1.05	0.95				
	112	1	0.0	0.0	0.0	0.0	1	1.0181853096814542	-1.453001727248417	230.0	13	1.05	0.95				
	113	3	224.1551212578947	45.67689263368421	0.0	0.0	1	1.0204844742337926	-4.920483489304266e-29	230.0	14	1.05	0.95				
	114	2	164.09846612842105	32.988866902105265	0.0	0.0	1	1.0229552500760872	-0.534563162832362	230.0	16	1.05	0.95				
	115	2	268.14027712736845	54.13557645473684	0.0	0.0	1	1.043740486094049	7.835440912736182	230.0	16	1.05	0.95				
	116	2	84.58683821052631	16.917367642105262	0.0	0.0	1	1.0433775016625302	7.179953636679142	230.0	16	1.05	0.95				
	117	1	0.0	0.0	0.0	0.0	1	1.0472673709170333	10.74764182470597	230.0	17	1.05	0.95				
	118	2	281.67417124105265	57.5190499831579	0.0	0.0	1	1.0499997827668477	11.65829768694829	230.0	17	1.05	0.95				
	119	1	153.10217716105262	31.297130137894737	0.0	0.0	1	1.0369674497407517	5.676194345458008	230.0	15	1.05	0.95				
	120	1	108.27115290947368	21.992577934736843	0.0	0.0	1	1.0388486235452623	5.749880517118274	230.0	15	1.05	0.95				
	121	2	0.0	0.0	0.0	0.0	1	1.05	12.58581453968479	230.0	17	1.05	0.95				
	122	2	0.0	0.0	0.0	0.0	1	1.05	18.376127916729565	230.0	17	1.05	0.95				
	123	2	0.0	0.0	0.0	0.0	1	1.0423812121286589	6.413384219425949	230.0	15	1.05	0.95				
	124	1	0.0	0.0	0.0	0.0	1	1.02168037424011	3.762447528531664	230.0	16	1.05	0.95				
	201	2	75.46230128842105	15.371950262456139	0.0	0.0	2	1.0356242010521093	-7.99544689325546	138.0	21	1.05	0.95				
	202	2	67.77632615719298	13.974500238596491	0.0	0.0	2	1.0358149429765453	-8.041576775522513	138.0	22	1.05	0.95				
	203	1	125.77050214736842	25.852825441403503	0.0	0.0	2	1.027802843575571	-6.482512774498531	138.0	21	1.05	0.95				
	204	1	51.70565088280701	10.480875178947366	0.0	0.0	2	1.018831923476605	-9.67998809135599	138.0	21	1.05	0.95				
	205	1	49.609475847017535	9.782150167017543	0.0	0.0	2	1.03395639398025	-9.957091960507155	138.0	21	1.05	0.95				
	206	1	95.02660162245614	19.564300334035085	0.0	-100.0	2	1.0390010740060374	-11.71089172671151	138.0	22	1.05	0.95				
	207	2	87.34062649122806	17.468125298245614	0.0	0.0	2	0.9719145062744241	-22.141783143825954	138.0	22	1.05	0.95				
	208	1	119.48197703999999	24.455375417543856	0.0	0.0	2	0.974649509950862	-18.7107690940848	138.0	22	1.05	0.95				
	209	1	122.27687708771928	25.15410042947368	0.0	0.0	2	1.0267383185291163	-8.195370425094545	138.0	23	1.05	0.95				
	210	1	136.25137732631578	27.949000477192982	0.0	0.0	2	1.05	-9.745131109790988	138.0	23	1.05	0.95				
	211	1	0.0	0.0	0.0	0.0	2	1.0212959854757577	-4.814769977013081	230.0	23	1.05	0.95				
	212	1	0.0	0.0	0.0	0.0	2	1.0219708402329988	-0.35938218540635664	230.0	23	1.05	0.95				
	213	2	185.1621281614035	37.73115064421052	0.0	0.0	2	1.0262270076403193	-2.3253979639380233	230.0	24	1.05	0.95				
	214	2	135.55265231438597	27.250275465263158	0.0	0.0	2	1.0300794065866656	-2.8844225749033594	230.0	26	1.05	0.95				
	215	2	221.49582878175437	44.71840076350877	0.0	0.0	2	1.0436551914761283	3.9256286823385085	230.0	26	1.05	0.95				
	216	2	69.87250119298245	13.974500238596491	0.0	0.0	2	1.0443249665314003	4.1115495174406655	230.0	26	1.05	0.95				
	217	1	0.0	0.0	0.0	0.0	2	1.0475042597721846	6.4959654156929245	230.0	27	1.05	0.95				
	218	2	232.67542897263155	47.51330081122807	0.0	0.0	2	1.0484495879199953	6.915810110947387	230.0	27	1.05	0.95				
	219	1	126.46922715929824	25.852825441403503	0.0	0.0	2	1.0417004778177792	4.337950126297432	230.0	25	1.05	0.95				
	220	1	89.43680152701754	18.166850310175437	0.0	0.0	2	1.0455290044229573	5.845938402828556	230.0	25	1.05	0.95				
	221	2	0.0	0.0	0.0	0.0	2	1.0485337664748984	6.892594498292441	230.0	27	1.05	0.95				
	222	2	0.0	0.0	0.0	0.0	2	1.05	13.247758252926808	230.0	27	1.05	0.95				
	223	2	0.0	0.0	0.0	0.0	2	1.05	7.178822089922786	230.0	25	1.05	0.95				
	224	1	0.0	0.0	0.0	0.0	2	1.0246972208442457	0.04744975333123068	230.0	26	1.05	0.95				
	301	2	71.85194560421053	14.636507437894736	0.0	0.0	3	1.0030489437864785	-7.012123042964155	138.0	31	1.05	0.95				
	302	2	64.53369188526315	13.305915852631578	0.0	0.0	3	1.0027440849937264	-7.1107560431935015	138.0	32	1.05	0.95				
	303	1	119.75324267368421	24.615944327368418	0.0	0.0	3	1.0170677246497593	-1.5463046839463166	138.0	31	1.05	0.95				
	304	1	49.231888654736835	9.979436889473684	0.0	0.0	3	1.0026414662576688	-4.863657088134323	138.0	31	1.05	0.95				
	305	1	47.236001276842096	9.314141096842105	0.0	0.0	3	1.0163853152291442	-5.164295099827854	138.0	31	1.05	0.95				
	306	1	90.48022779789474	18.62828219368421	0.0	-100.0	3	1.0316333678319163	-4.864461984528642	138.0	32	1.05	0.95				
	307	2	83.16197407894737	16.63239481578947	0.0	0.0	3	0.9951174988660025	-10.566840893111989	138.0	32	1.05	0.95				
	308	1	113.76558053999999	23.28535274210526	0.0	0.0	3	0.9976420598434396	-7.452000726082277	138.0	32	1.05	0.95				
	309	1	116.42676371052632	23.95064853473684	0.0	0.0	3	1.0267909899788998	-0.31597589708277246	138.0	33	1.05	0.95				
	310	1	129.7326795631579	26.611831705263157	0.0	0.0	3	1.05	-1.1880175188097295	138.0	33	1.05	0.95				
	311	1	0.0	0.0	0.0	0.0	3	1.0191792465724476	6.173006930275181	230.0	33	1.05	0.95				
	312	1	0.0	0.0	0.0	0.0	3	1.0214524593908914	7.109010598095721	230.0	33	1.05	0.95				
	313	2	176.3033850473684	35.925972802105264	0.0	0.0	3	1.0419430850321962	13.159423553709386	230.0	34	1.05	0.95				
	314	2	129.0673837705263	25.946535912631578	0.0	0.0	3	1.0253757531741283	6.811387960127828	230.0	36	1.05	0.95				
	315	2	210.8987662642105	42.57893072842105	0.0	0.0	3	1.039292047752	6.161435854872862	230.0	36	1.05	0.95				
	316	2	66.52957926315788	13.305915852631578	0.0	0.0	3	1.038504971674385	6.964127086838846	230.0	36	1.05	0.95				
	317	1	0.0	0.0	0.0	0.0	3	1.0427416731052666	7.518023337853646	230.0	37	1.05	0.95				
	318	2	221.54349894631576	45.24011389894737	0.0	0.0	3	1.0423602922338346	7.162925559768155	230.0	37	1.05	0.95				
	319	1	120.41853846631578	24.615944327368418	0.0	0.0	3	1.0368161658596111	8.158676163439372	230.0	35	1.05	0.95				
	320	1	85.1578614568421	17.29769060842105	0.0	0.0	3	1.0380379011054912	9.144435669194877	230.0	35	1.05	0.95				
	321	2	0.0	0.0	0.0	0.0	3	1.0447670248734715	8.346688201141134	230.0	37	1.05	0.95				
	322	2	0.0	0.0	0.0	0.0	3	1.05	12.35026838806963	230.0	37	1.05	0.95				
	323	2	0.0	0.0	0.0	0.0	3	1.0391257980169868	9.612597707939859	230.0	35	1.05	0.95				
	324	1	0.0	0.0	0.0	0.0	3	1.0233574260686642	4.996567538244339	230.0	36	1.05	0.95				
	325	1	0.0	0.0	0.0	0.0	3	1.0402831000896413	9.868725190533036	230.0	35	1.05	0.95				
];
