%% MATPOWER Case Format : Version 2
function mpc = RTS_GMLC
mpc.version = '2';

%%-----  Power Flow Data  -----%%
%% system MVA base
mpc.baseMVA = 100.0;
%% bus data
%    bus_i    type    Pd    Qd    Gs    Bs    area    Vm    Va    baseKV    zone    Vmax    Vmin
mpc.bus = [
	101	2	52.93122218526316	10.782286000701754	0.0	0.0	1	1.034656765230519	1.6698204418300693	138.0	11	1.05	0.95				
	102	2	47.54007918491228	9.802078182456142	0.0	0.0	1	1.0342208310090635	1.523739348946838	138.0	12	1.05	0.95				
	103	1	88.21870364210527	18.13384463754386	0.0	0.0	1	1.0258664171481444	-0.1506394951353601	138.0	11	1.05	0.95				
	104	1	36.26768927508772	7.351558636842105	0.0	0.0	1	1.0207730141916938	-1.6365327379477854	138.0	11	1.05	0.95				
	105	1	34.7973775477193	6.861454727719299	0.0	0.0	1	1.0356654130703014	-1.4517209662598198	138.0	11	1.05	0.95				
	106	1	66.65413164070176	13.722909455438598	0.0	-100.0	1	1.043964369853967	-3.693785664038164	138.0	12	1.05	0.95				
	107	2	61.262988640350876	12.252597728070176	0.0	0.0	1	1.0130967438763845	-5.840024709643861	138.0	12	1.05	0.95				
	108	1	83.80776846	17.153636819298246	0.0	0.0	1	1.0110372579570526	-6.04067242923937	138.0	12	1.05	0.95				
	109	1	85.76818409649123	17.643740728421054	0.0	0.0	1	1.0249083405966555	-2.241914309044757	138.0	13	1.05	0.95				
	110	1	95.57026227894737	19.604156364912285	0.0	0.0	1	1.05	-3.0763564115519983	138.0	13	1.05	0.95				
	111	1	0.0	0.0	0.0	0.0	1	1.0050026374248244	-0.43976059760817254	230.0	13	1.05	0.95				
	112	1	0.0	0.0	0.0	0.0	1	1.0097271842714721	0.15002598547988524	230.0	13	1.05	0.95				
	113	3	129.87753591754387	26.46561109263158	0.0	0.0	1	0.9988025168844485	-2.117010013809418e-31	230.0	14	1.05	0.95				
	114	2	95.08015836982456	19.114052455789476	0.0	0.0	1	1.0018647544754813	1.515632088596338	230.0	16	1.05	0.95				
	115	2	155.36293919192983	31.36665018385965	0.0	0.0	1	1.0356398720115458	7.4991675023285485	230.0	16	1.05	0.95				
	116	2	49.010390912280705	9.802078182456142	0.0	0.0	1	1.032411282283401	7.165932432873621	230.0	16	1.05	0.95				
	117	1	0.0	0.0	0.0	0.0	1	1.0389841706600027	8.989009695138208	230.0	17	1.05	0.95				
	118	2	163.20460173789476	33.32706582035088	0.0	0.0	1	1.0405511851599603	9.00583676406887	230.0	17	1.05	0.95				
	119	1	88.70880755122808	18.13384463754386	0.0	0.0	1	1.0273728625428318	6.331452269636721	230.0	15	1.05	0.95				
	120	1	62.7333003677193	12.742701637192983	0.0	0.0	1	1.0266474716874532	6.555545127997356	230.0	15	1.05	0.95				
	121	2	0.0	0.0	0.0	0.0	1	1.0439382530076111	10.146521598568015	230.0	17	1.05	0.95				
	122	2	0.0	0.0	0.0	0.0	1	1.05	16.223746910953142	230.0	17	1.05	0.95				
	123	2	0.0	0.0	0.0	0.0	1	1.0271410885572194	7.054884935352518	230.0	15	1.05	0.95				
	124	1	0.0	0.0	0.0	0.0	1	1.0221623766969736	4.636722145294309	230.0	16	1.05	0.95				
	201	2	54.4844955031579	11.098693528421054	0.0	0.0	2	1.0321241159265901	-6.9177057756119735	138.0	21	1.05	0.95				
	202	2	48.93514873894737	10.089721389473686	0.0	0.0	2	1.032513079424043	-6.901129989418885	138.0	22	1.05	0.95				
	203	1	90.80749250526317	18.665984570526316	0.0	0.0	2	1.0212249652694831	-6.2126274523659095	138.0	21	1.05	0.95				
	204	1	37.33196914105263	7.567291042105263	0.0	0.0	2	1.0193058791936036	-9.099774849764016	138.0	21	1.05	0.95				
	205	1	35.81851093263158	7.06280497263158	0.0	0.0	2	1.034650366822644	-9.277093634179577	138.0	21	1.05	0.95				
	206	1	68.61010544842107	14.12560994526316	0.0	-100.0	2	1.0435946671471112	-11.07489182403103	138.0	22	1.05	0.95				
	207	2	63.060758684210526	12.612151736842106	0.0	0.0	2	0.9900451341486791	-18.67195294796128	138.0	22	1.05	0.95				
	208	1	86.26711788	17.65701243157895	0.0	0.0	2	0.9939755502145576	-16.32436945395211	138.0	22	1.05	0.95				
	209	1	88.28506215789474	18.16149850105263	0.0	0.0	2	1.023453750175063	-8.847827575127061	138.0	23	1.05	0.95				
	210	1	98.37478354736842	20.179442778947372	0.0	0.0	2	1.05	-10.072231002855496	138.0	23	1.05	0.95				
	211	1	0.0	0.0	0.0	0.0	2	1.008951105581155	-5.923434643851334	230.0	23	1.05	0.95				
	212	1	0.0	0.0	0.0	0.0	2	1.0101249799988048	-5.223142752209974	230.0	23	1.05	0.95				
	213	2	133.68880841052632	27.24224775157895	0.0	0.0	2	1.0045347192492662	-4.877216107391726	230.0	24	1.05	0.95				
	214	2	97.87029747789474	19.674956709473687	0.0	0.0	2	1.0130491635385401	-3.226530487114064	230.0	26	1.05	0.95				
	215	2	159.9220840231579	32.28710844631579	0.0	0.0	2	1.0305871589777131	3.622950752969718	230.0	26	1.05	0.95				
	216	2	50.448606947368425	10.089721389473686	0.0	0.0	2	1.0320260897039535	3.647797130779348	230.0	26	1.05	0.95				
	217	1	0.0	0.0	0.0	0.0	2	1.0371457941104911	6.466248864327484	230.0	27	1.05	0.95				
	218	2	167.99386113473687	34.30505272421053	0.0	0.0	2	1.0389768282633356	6.999952384511084	230.0	27	1.05	0.95				
	219	1	91.31197857473686	18.665984570526316	0.0	0.0	2	1.0301596502333203	2.9442510424300345	230.0	25	1.05	0.95				
	220	1	64.57421689263158	13.11663780631579	0.0	0.0	2	1.032309972477084	3.3067805160204418	230.0	25	1.05	0.95				
	221	2	0.0	0.0	0.0	0.0	2	1.0387113129463696	6.630205657123106	230.0	27	1.05	0.95				
	222	2	0.0	0.0	0.0	0.0	2	1.05	13.066629433231164	230.0	27	1.05	0.95				
	223	2	0.0	0.0	0.0	0.0	2	1.0344698446281844	3.8865012717896734	230.0	25	1.05	0.95				
	224	1	0.0	0.0	0.0	0.0	2	1.0149054239852202	-0.06415780547748783	230.0	26	1.05	0.95				
	301	2	41.99050932631579	8.553622270175438	0.0	0.0	3	1.0095220834082197	-13.454861533926794	138.0	31	1.05	0.95				
	302	2	37.71369819122807	7.776020245614035	0.0	0.0	3	1.0094918650753533	-13.540119636474408	138.0	32	1.05	0.95				
	303	1	69.98418221052631	14.385637454385963	0.0	0.0	3	1.0223370020178937	-8.692073957314818	138.0	31	1.05	0.95				
	304	1	28.771274908771925	5.832015184210526	0.0	0.0	3	1.0123036265698362	-12.02542423044544	138.0	31	1.05	0.95				
	305	1	27.60487187192982	5.443214171929825	0.0	0.0	3	1.0248545047802766	-13.009287281003969	138.0	31	1.05	0.95				
	306	1	52.87693767017544	10.88642834385965	0.0	-100.0	3	1.0419740153762642	-13.232871287141386	138.0	32	1.05	0.95				
	307	2	48.60012653508772	9.720025307017544	0.0	0.0	3	0.9939835946422982	-17.127267141710234	138.0	32	1.05	0.95				
	308	1	66.4849731	13.608035429824561	0.0	0.0	3	1.0017775007587089	-15.414011607320205	138.0	32	1.05	0.95				
	309	1	68.0401771491228	13.996836442105263	0.0	0.0	3	1.0265448114641647	-9.194422622996788	138.0	33	1.05	0.95				
	310	1	75.81619739473683	15.55204049122807	0.0	0.0	3	1.05	-11.310330320270118	138.0	33	1.05	0.95				
	311	1	0.0	0.0	0.0	0.0	3	1.004586634231214	-6.192973400017244	230.0	33	1.05	0.95				
	312	1	0.0	0.0	0.0	0.0	3	1.009301255089157	-5.77618640676285	230.0	33	1.05	0.95				
	313	2	103.03226825438597	20.995254663157894	0.0	0.0	3	1.0070184082616047	-2.946463472046617	230.0	34	1.05	0.95				
	314	2	75.42739638245614	15.163239478947368	0.0	0.0	3	0.9991070224401618	-4.829150495287113	230.0	36	1.05	0.95				
	315	2	123.24992089298246	24.88326478596491	0.0	0.0	3	1.024289194889699	-1.2853857162881561	230.0	36	1.05	0.95				
	316	2	38.880101228070174	7.776020245614035	0.0	0.0	3	1.0231609092741414	-0.5943735757832481	230.0	36	1.05	0.95				
	317	1	0.0	0.0	0.0	0.0	3	1.0293874170466013	0.5277774016217545	230.0	37	1.05	0.95				
	318	2	129.4707370894737	26.43846883508772	0.0	0.0	3	1.0289839068979454	0.37170073302141976	230.0	37	1.05	0.95				
	319	1	70.37298322280702	14.385637454385963	0.0	0.0	3	1.0186398537125412	-1.3652242189885628	230.0	35	1.05	0.95				
	320	1	49.76652957192982	10.108826319298245	0.0	0.0	3	1.0172187199524017	-1.266322245288844	230.0	35	1.05	0.95				
	321	2	0.0	0.0	0.0	0.0	3	1.0302912652052791	0.695525209784742	230.0	37	1.05	0.95				
	322	2	0.0	0.0	0.0	0.0	3	1.0432756055886074	4.99229066122637	230.0	37	1.05	0.95				
	323	2	0.0	0.0	0.0	0.0	3	1.0168514186307465	-0.905332173640252	230.0	35	1.05	0.95				
	324	1	0.0	0.0	0.0	0.0	3	1.0141026559920352	-4.080730227496756	230.0	36	1.05	0.95				
	325	1	0.0	0.0	0.0	0.0	3	1.0165904669672592	0.04466840697052529	230.0	35	1.05	0.95				
];
