%% MATPOWER Case Format : Version 2
function mpc = RTS_GMLC
mpc.version = '2';

%%-----  Power Flow Data  -----%%
%% system MVA base
mpc.baseMVA = 100.0;
%% bus data
%    bus_i    type    Pd    Qd    Gs    Bs    area    Vm    Va    baseKV    zone    Vmax    Vmin
mpc.bus = [
	101	2	73.87926768	15.049480453333333	0.0	0.0	1	1.0484465420167	-0.24769508463004727	138.0	11	1.05	0.95				
	102	2	66.35452745333332	13.681345866666666	0.0	0.0	1	1.047279217110289	-0.6324260957750507	138.0	12	1.05	0.95				
	103	1	123.13211279999999	25.31048985333333	0.0	0.0	1	1.0305791278620753	-1.0847340524304194	138.0	11	1.05	0.95				
	104	1	50.62097970666666	10.261009399999999	0.0	0.0	1	1.026044472538932	-3.9197999366521694	138.0	11	1.05	0.95				
	105	1	48.56877782666666	9.576942106666667	0.0	0.0	1	1.0393881426177916	-4.349662208531742	138.0	11	1.05	0.95				
	106	1	93.03315189333333	19.153884213333335	0.0	-100.0	1	1.0409462593678307	-7.357629298665051	138.0	12	1.05	0.95				
	107	2	85.50841166666666	17.101682333333333	0.0	0.0	1	1.0003401642755934	-14.957239788334242	138.0	12	1.05	0.95				
	108	1	116.97550715999998	23.942355266666663	0.0	0.0	1	0.9949640594181952	-13.168363916146962	138.0	12	1.05	0.95				
	109	1	119.71177633333332	24.626422559999998	0.0	0.0	1	1.0259118190828564	-4.922693234288628	138.0	13	1.05	0.95				
	110	1	133.3931222	27.36269173333333	0.0	0.0	1	1.05	-6.429837538540483	138.0	13	1.05	0.95				
	111	1	0.0	0.0	0.0	0.0	1	1.0142882546298866	-1.8993380204180594	230.0	13	1.05	0.95				
	112	1	0.0	0.0	0.0	0.0	1	1.0161127711063223	-1.500388433922787	230.0	13	1.05	0.95				
	113	3	181.2778327333333	36.93963384	0.0	0.0	1	1.0153789490603884	6.375928446389843e-29	230.0	14	1.05	0.95				
	114	2	132.70905490666664	26.67862444	0.0	0.0	1	1.018439979923242	0.2500668342849537	230.0	16	1.05	0.95				
	115	2	216.84933198666664	43.780306773333336	0.0	0.0	1	1.0452727590668347	8.369144200684046	230.0	16	1.05	0.95				
	116	2	68.40672933333333	13.681345866666666	0.0	0.0	1	1.042776666575812	7.408155480424377	230.0	16	1.05	0.95				
	117	1	0.0	0.0	0.0	0.0	1	1.046011553087656	10.708196433351818	230.0	17	1.05	0.95				
	118	2	227.79440867999998	46.51657594666666	0.0	0.0	1	1.0481295916850057	11.396082921990972	230.0	17	1.05	0.95				
	119	1	123.81618009333333	25.31048985333333	0.0	0.0	1	1.0357070746569526	5.677284307768845	230.0	15	1.05	0.95				
	120	1	87.56061354666667	17.785749626666668	0.0	0.0	1	1.0347386683133706	4.972634855577744	230.0	15	1.05	0.95				
	121	2	0.0	0.0	0.0	0.0	1	1.05	13.120817967362497	230.0	17	1.05	0.95				
	122	2	0.0	0.0	0.0	0.0	1	1.05	18.943765997159446	230.0	17	1.05	0.95				
	123	2	0.0	0.0	0.0	0.0	1	1.0358642507576459	5.096582658691058	230.0	15	1.05	0.95				
	124	1	0.0	0.0	0.0	0.0	1	1.0278731286110467	4.844486219188695	230.0	16	1.05	0.95				
	201	2	71.22934045894738	14.50968046385965	0.0	0.0	2	1.0260994362103155	-12.656138723427302	138.0	21	1.05	0.95				
	202	2	63.97450022701755	13.190618603508772	0.0	0.0	2	1.0271620735165454	-12.447800426535068	138.0	22	1.05	0.95				
	203	1	118.71556743157896	24.402644416491228	0.0	0.0	2	1.0151730002083563	-11.240350611883176	138.0	21	1.05	0.95				
	204	1	48.805288832982455	9.892963952631579	0.0	0.0	2	1.0149334781144572	-13.124252612755122	138.0	21	1.05	0.95				
	205	1	46.82669604245614	9.233433022456142	0.0	0.0	2	1.0297130148772622	-13.523739108690423	138.0	21	1.05	0.95				
	206	1	89.69620650385966	18.466866044912283	0.0	-100.0	2	1.0383081374611887	-14.589327485955732	138.0	22	1.05	0.95				
	207	2	82.44136627192982	16.488273254385966	0.0	0.0	2	0.9801437800916016	-24.015777005941846	138.0	22	1.05	0.95				
	208	1	112.77978906000001	23.08358255614035	0.0	0.0	2	0.9812454082762365	-20.80534812734255	138.0	22	1.05	0.95				
	209	1	115.41791278070176	23.74311348631579	0.0	0.0	2	1.0255447718890436	-10.984195738867621	138.0	23	1.05	0.95				
	210	1	128.60853138421052	26.381237207017545	0.0	0.0	2	1.05	-12.30089980174609	138.0	23	1.05	0.95				
	211	1	0.0	0.0	0.0	0.0	2	1.0196848732252988	-7.256618551134993	230.0	23	1.05	0.95				
	212	1	0.0	0.0	0.0	0.0	2	1.0214440649336893	-2.1531079706563503	230.0	23	1.05	0.95				
	213	2	174.77569649649124	35.61467022947369	0.0	0.0	2	1.0260202338331441	-4.368071124065279	230.0	24	1.05	0.95				
	214	2	127.9490004540351	25.721706276842106	0.0	0.0	2	1.0271298206971138	-5.4413429920176615	230.0	26	1.05	0.95				
	215	2	209.07130486561405	42.20997953122807	0.0	0.0	2	1.0395336785734912	1.1314139896966933	230.0	26	1.05	0.95				
	216	2	65.95309301754386	13.190618603508772	0.0	0.0	2	1.0403811469819149	1.1749112307594296	230.0	26	1.05	0.95				
	217	1	0.0	0.0	0.0	0.0	2	1.0426005590770477	3.238747371204762	230.0	27	1.05	0.95				
	218	2	219.62379974842108	44.84810325192983	0.0	0.0	2	1.0424469909476444	3.1509398921936076	230.0	27	1.05	0.95				
	219	1	119.3750983617544	24.402644416491228	0.0	0.0	2	1.039701293143228	1.6697855719110868	230.0	25	1.05	0.95				
	220	1	84.41995906245614	17.147804184561405	0.0	0.0	2	1.0448758338828594	3.3403710819943457	230.0	25	1.05	0.95				
	221	2	0.0	0.0	0.0	0.0	2	1.0432064310474374	3.2535613254705122	230.0	27	1.05	0.95				
	222	2	0.0	0.0	0.0	0.0	2	1.05	9.753512710679905	230.0	27	1.05	0.95				
	223	2	0.0	0.0	0.0	0.0	2	1.0499999724286995	4.73213569636631	230.0	25	1.05	0.95				
	224	1	0.0	0.0	0.0	0.0	2	1.0149101950730357	-3.445017856921928	230.0	26	1.05	0.95				
	301	2	66.41948751157895	13.529895604210527	0.0	0.0	3	0.9918311160100454	4.074886164569889	138.0	31	1.05	0.95				
	302	2	59.65453970947369	12.299905094736843	0.0	0.0	3	0.9922771886181891	4.049668648328173	138.0	32	1.05	0.95				
	303	1	110.69914585263159	22.75482442526316	0.0	0.0	3	1.0127938192131956	6.587653558962898	138.0	31	1.05	0.95				
	304	1	45.50964885052632	9.224928821052632	0.0	0.0	3	0.9994529433662396	6.24534027696079	138.0	31	1.05	0.95				
	305	1	43.66466308631579	8.60993356631579	0.0	0.0	3	1.0111422669013392	6.23241878755903	138.0	31	1.05	0.95				
	306	1	83.63935464421054	17.21986713263158	0.0	-100.0	3	1.0304726164497173	6.741504434727979	138.0	32	1.05	0.95				
	307	2	76.87440684210527	15.374881368421054	0.0	0.0	3	0.9872800654407737	3.1481658911182255	138.0	32	1.05	0.95				
	308	1	105.16418856	21.524833915789472	0.0	0.0	3	0.9990948502184903	5.9001111153108745	138.0	32	1.05	0.95				
	309	1	107.62416957894739	22.139829170526315	0.0	0.0	3	1.0274666963333903	10.533791150107593	138.0	33	1.05	0.95				
	310	1	119.92407467368422	24.599810189473686	0.0	0.0	3	1.05	10.34058101266215	138.0	33	1.05	0.95				
	311	1	0.0	0.0	0.0	0.0	3	1.018915057147407	16.720641031964348	230.0	33	1.05	0.95				
	312	1	0.0	0.0	0.0	0.0	3	1.0246309006817544	18.253404533178212	230.0	33	1.05	0.95				
	313	2	162.97374250526315	33.209743755789475	0.0	0.0	3	1.0498596135009133	25.946358065556318	230.0	34	1.05	0.95				
	314	2	119.30907941894738	23.984814934736846	0.0	0.0	3	1.0208333277860815	14.690926704038164	230.0	36	1.05	0.95				
	315	2	194.95349575157894	39.3596963031579	0.0	0.0	3	1.035941487056828	8.804695714390586	230.0	36	1.05	0.95				
	316	2	61.499525473684216	12.299905094736843	0.0	0.0	3	1.0380035904193685	10.194886045894373	230.0	36	1.05	0.95				
	317	1	0.0	0.0	0.0	0.0	3	1.0409156821804657	9.159264645624944	230.0	37	1.05	0.95				
	318	2	204.79341982736844	41.81967732210527	0.0	0.0	3	1.039323830404627	8.056629970928173	230.0	37	1.05	0.95				
	319	1	111.31414110736844	22.75482442526316	0.0	0.0	3	1.0383119816781332	13.32210030510567	230.0	35	1.05	0.95				
	320	1	78.7193926063158	15.989876623157894	0.0	0.0	3	1.04216329805434	15.755514824469634	230.0	35	1.05	0.95				
	321	2	0.0	0.0	0.0	0.0	3	1.039711287919522	8.868074294077203	230.0	37	1.05	0.95				
	322	2	0.0	0.0	0.0	0.0	3	1.05	13.299809341918218	230.0	37	1.05	0.95				
	323	2	0.0	0.0	0.0	0.0	3	1.0444442656753867	16.69189391418539	230.0	35	1.05	0.95				
	324	1	0.0	0.0	0.0	0.0	3	1.0244422134228506	9.91126413505208	230.0	36	1.05	0.95				
	325	1	0.0	0.0	0.0	0.0	3	1.0462496045011893	16.392726776238227	230.0	35	1.05	0.95				
];
