%% MATPOWER Case Format : Version 2
function mpc = RTS_GMLC
mpc.version = '2';

%%-----  Power Flow Data  -----%%
%% system MVA base
mpc.baseMVA = 100.0;
%% bus data
%    bus_i    type    Pd    Qd    Gs    Bs    area    Vm    Va    baseKV    zone    Vmax    Vmin
mpc.bus = [
	101	2	64.42058387368421	13.122711529824564	0.0	0.0	1	1.033290676947479	1.620956824026874	138.0	11	1.05	0.95				
	102	2	57.85922810877193	11.929737754385966	0.0	0.0	1	1.0333222900876593	1.5748616441342576	138.0	12	1.05	0.95				
	103	1	107.36763978947369	22.070014845614036	0.0	0.0	1	1.0246103032638632	0.10934015894658926	138.0	11	1.05	0.95				
	104	1	44.14002969122807	8.947303315789473	0.0	0.0	1	1.0187995404209516	-1.7732145566761779	138.0	11	1.05	0.95				
	105	1	42.350569028070176	8.350816428070177	0.0	0.0	1	1.0334550650695904	-1.681520616024041	138.0	11	1.05	0.95				
	106	1	81.12221672982457	16.701632856140353	0.0	-100.0	1	1.0405679457380403	-4.079744808117496	138.0	12	1.05	0.95				
	107	2	74.56086096491228	14.912172192982457	0.0	0.0	1	1.0396235284201882	-1.9063035962566102	138.0	12	1.05	0.95				
	108	1	101.99925780000001	20.877041070175437	0.0	0.0	1	1.0239643623508146	-4.065978893866801	138.0	12	1.05	0.95				
	109	1	104.38520535087719	21.473527957894735	0.0	0.0	1	1.0259258995316434	-2.1014932388726493	138.0	13	1.05	0.95				
	110	1	116.31494310526315	23.859475508771933	0.0	0.0	1	1.05	-3.1498911744613634	138.0	13	1.05	0.95				
	111	1	0.0	0.0	0.0	0.0	1	1.008142370788593	-0.22381705149496953	230.0	13	1.05	0.95				
	112	1	0.0	0.0	0.0	0.0	1	1.0125710182088639	0.2933514773686242	230.0	13	1.05	0.95				
	113	3	158.06902524561403	32.210291936842104	0.0	0.0	1	1.0033811208764918	2.7993065163063233e-29	230.0	14	1.05	0.95				
	114	2	115.71845621754386	23.26298862105263	0.0	0.0	1	1.0070388255038683	2.0798192688421535	230.0	16	1.05	0.95				
	115	2	189.08634340701752	38.175160814035095	0.0	0.0	1	1.0424144611286696	9.430084719712537	230.0	16	1.05	0.95				
	116	2	59.64868877192983	11.929737754385966	0.0	0.0	1	1.0393184182396125	8.85695421854776	230.0	16	1.05	0.95				
	117	1	0.0	0.0	0.0	0.0	1	1.0453618598037124	11.665290794357748	230.0	17	1.05	0.95				
	118	2	198.63013361052631	40.561108364912286	0.0	0.0	1	1.0482300152693458	12.192637326290734	230.0	17	1.05	0.95				
	119	1	107.964126677193	22.070014845614036	0.0	0.0	1	1.0330204743280653	7.4075591356861	230.0	15	1.05	0.95				
	120	1	76.35032162807019	15.508659080701756	0.0	0.0	1	1.032626067047189	7.284089131217522	230.0	15	1.05	0.95				
	121	2	0.0	0.0	0.0	0.0	1	1.05	12.743310368365984	230.0	17	1.05	0.95				
	122	2	0.0	0.0	0.0	0.0	1	1.05	19.07013728751029	230.0	17	1.05	0.95				
	123	2	0.0	0.0	0.0	0.0	1	1.033715210429838	7.665654617479014	230.0	15	1.05	0.95				
	124	1	0.0	0.0	0.0	0.0	1	1.0240366868825699	5.966728403408896	230.0	16	1.05	0.95				
	201	2	66.04438846736842	13.453486539649123	0.0	0.0	2	1.0323418168535923	-10.062240412698413	138.0	21	1.05	0.95				
	202	2	59.317645197543854	12.23044230877193	0.0	0.0	2	1.0324601967860982	-10.160217220176893	138.0	22	1.05	0.95				
	203	1	110.07398077894737	22.62631827122807	0.0	0.0	2	1.0251023915469175	-7.244492611464932	138.0	21	1.05	0.95				
	204	1	45.25263654245614	9.172831731578947	0.0	0.0	2	1.0175749871873727	-12.349902757432492	138.0	21	1.05	0.95				
	205	1	43.41807019614035	8.56130961614035	0.0	0.0	2	1.0331875340212047	-12.711058486988135	138.0	21	1.05	0.95				
	206	1	83.16700769964912	17.1226192322807	0.0	-100.0	2	1.0403876062684978	-14.777694670850396	138.0	22	1.05	0.95				
	207	2	76.44026442982455	15.288052885964913	0.0	0.0	2	0.9872629258235381	-23.97403526974643	138.0	22	1.05	0.95				
	208	1	104.57028174	21.403274040350876	0.0	0.0	2	0.9874688532843262	-21.027029111849473	138.0	22	1.05	0.95				
	209	1	107.01637020175438	22.014796155789472	0.0	0.0	2	1.0241865212668617	-11.658263680368098	138.0	23	1.05	0.95				
	210	1	119.24681251052631	24.46088461754386	0.0	0.0	2	1.05	-13.46381909093513	138.0	23	1.05	0.95				
	211	1	0.0	0.0	0.0	0.0	2	1.0166444035069369	-8.363528842765271	230.0	23	1.05	0.95				
	212	1	0.0	0.0	0.0	0.0	2	1.015658876754382	-7.4788500261935935	230.0	23	1.05	0.95				
	213	2	162.05336059122806	33.02219423368421	0.0	0.0	2	1.0170838839706793	-7.1277726745880425	230.0	24	1.05	0.95				
	214	2	118.63529039508771	23.84936250210526	0.0	0.0	2	1.0262725867691456	-5.26136525781139	230.0	26	1.05	0.95				
	215	2	193.85251059403507	39.137415388070174	0.0	0.0	2	1.03942150347662	3.0183882666291275	230.0	26	1.05	0.95				
	216	2	61.15221154385965	12.23044230877193	0.0	0.0	2	1.042284409020235	2.8362625842842526	230.0	26	1.05	0.95				
	217	1	0.0	0.0	0.0	0.0	2	1.0447085543029893	6.123256449909396	230.0	27	1.05	0.95				
	218	2	203.63686444105264	41.58350384982456	0.0	0.0	2	1.0467455565787767	6.711513667597218	230.0	27	1.05	0.95				
	219	1	110.68550289438596	22.62631827122807	0.0	0.0	2	1.041576444691337	2.0935134242563787	230.0	25	1.05	0.95				
	220	1	78.27483077614035	15.899575001403509	0.0	0.0	2	1.0459029355869887	2.600067612023534	230.0	25	1.05	0.95				
	221	2	0.0	0.0	0.0	0.0	2	1.0468793528935643	6.649263033197204	230.0	27	1.05	0.95				
	222	2	0.0	0.0	0.0	0.0	2	1.05	12.951614846314689	230.0	27	1.05	0.95				
	223	2	0.0	0.0	0.0	0.0	2	1.0497592154458433	3.323357086677996	230.0	25	1.05	0.95				
	224	1	0.0	0.0	0.0	0.0	2	1.0212670618517337	-0.8109572881391225	230.0	26	1.05	0.95				
	301	2	48.909205932631586	9.962986393684211	0.0	0.0	3	1.0091214138343674	-14.108811770489128	138.0	31	1.05	0.95				
	302	2	43.92771273578948	9.057260357894737	0.0	0.0	3	1.0085999072958836	-14.286002207033338	138.0	32	1.05	0.95				
	303	1	81.51534322105263	16.755931662105265	0.0	0.0	3	1.0338541377850412	-6.498566535302875	138.0	31	1.05	0.95				
	304	1	33.51186332421053	6.792945268421052	0.0	0.0	3	1.0107345569793464	-12.926793400426506	138.0	31	1.05	0.95				
	305	1	32.15327427052632	6.340082250526318	0.0	0.0	3	1.023794408268447	-13.91673342412986	138.0	31	1.05	0.95				
	306	1	61.58937043368422	12.680164501052635	0.0	-100.0	3	1.0399054849707485	-14.345922261874716	138.0	32	1.05	0.95				
	307	2	56.60787723684211	11.321575447368422	0.0	0.0	3	0.9924063001281492	-19.259782343680723	138.0	32	1.05	0.95				
	308	1	77.43957606000001	15.85020562631579	0.0	0.0	3	0.998263733997525	-17.203371274649957	138.0	32	1.05	0.95				
	309	1	79.25102813157895	16.303068644210526	0.0	0.0	3	1.0267680696918418	-9.962126553546243	138.0	33	1.05	0.95				
	310	1	88.30828848947368	18.114520715789475	0.0	0.0	3	1.05	-12.266678686011998	138.0	33	1.05	0.95				
	311	1	0.0	0.0	0.0	0.0	3	1.0097445086311294	-6.564677984937831	230.0	33	1.05	0.95				
	312	1	0.0	0.0	0.0	0.0	3	1.0124228657963699	-6.151118190010065	230.0	33	1.05	0.95				
	313	2	120.00869974210526	24.454602966315793	0.0	0.0	3	1.0117272134504776	-3.3006285970878184	230.0	34	1.05	0.95				
	314	2	87.85542547157895	17.66165769789474	0.0	0.0	3	1.0114488474733105	-4.782607648511717	230.0	36	1.05	0.95				
	315	2	143.55757667263157	28.98323314526316	0.0	0.0	3	1.038146151156783	0.17682246400909474	230.0	36	1.05	0.95				
	316	2	45.28630178947369	9.057260357894737	0.0	0.0	3	1.0362921853504845	0.42418073479404006	230.0	36	1.05	0.95				
	317	1	0.0	0.0	0.0	0.0	3	1.0421242323249575	1.9601799663621335	230.0	37	1.05	0.95				
	318	2	150.8033849589474	30.79468521684211	0.0	0.0	3	1.0426187165137477	1.994978227730323	230.0	37	1.05	0.95				
	319	1	81.96820623894737	16.755931662105265	0.0	0.0	3	1.030792106085507	-0.6226025745488466	230.0	35	1.05	0.95				
	320	1	57.96646629052632	11.77443846526316	0.0	0.0	3	1.0292741228124112	-0.6616334782716545	230.0	35	1.05	0.95				
	321	2	0.0	0.0	0.0	0.0	3	1.0446257977671092	2.891418511027056	230.0	37	1.05	0.95				
	322	2	0.0	0.0	0.0	0.0	3	1.05	6.853789364197143	230.0	37	1.05	0.95				
	323	2	0.0	0.0	0.0	0.0	3	1.0290930531022033	-0.33619865167397545	230.0	35	1.05	0.95				
	324	1	0.0	0.0	0.0	0.0	3	1.0276746262333811	-2.334572699825966	230.0	36	1.05	0.95				
	325	1	0.0	0.0	0.0	0.0	3	1.0273590036264977	0.7718774559432097	230.0	35	1.05	0.95				
];
