%% MATPOWER Case Format : Version 2
function mpc = RTS_GMLC
mpc.version = '2';

%%-----  Power Flow Data  -----%%
%% system MVA base
mpc.baseMVA = 100.0;
%% bus data
%    bus_i    type    Pd    Qd    Gs    Bs    area    Vm    Va    baseKV    zone    Vmax    Vmin
mpc.bus = [
	101	2	53.14497771789474	10.825828794385965	0.0	0.0	1	1.0329154224809631	2.8861975941945968	138.0	11	1.05	0.95				
	102	2	47.73206332070175	9.841662540350876	0.0	0.0	1	1.032686454921309	2.7911852877316496	138.0	12	1.05	0.95				
	103	1	88.5749628631579	18.20707569964912	0.0	0.0	1	1.0270993963150956	0.6720679907035211	138.0	11	1.05	0.95				
	104	1	36.41415139929824	7.381246905263157	0.0	0.0	1	1.0202763678819864	-0.5981559007262984	138.0	11	1.05	0.95				
	105	1	34.93790201824561	6.889163778245614	0.0	0.0	1	1.0346272378493966	-0.39556419575385876	138.0	11	1.05	0.95				
	106	1	66.92330527438595	13.778327556491227	0.0	-100.0	1	1.0433927098307418	-2.711907707177427	138.0	12	1.05	0.95				
	107	2	61.510390877192975	12.302078175438595	0.0	0.0	1	1.0287511432777283	-2.4231697840556774	138.0	12	1.05	0.95				
	108	1	84.14621471999999	17.222909445614032	0.0	0.0	1	1.0206281432831668	-3.694689083373111	138.0	12	1.05	0.95				
	109	1	86.11454722807017	17.714992572631576	0.0	0.0	1	1.0255703327247307	-1.3790138382753117	138.0	13	1.05	0.95				
	110	1	95.95620976842105	19.683325080701753	0.0	0.0	1	1.05	-2.1703525630359555	138.0	13	1.05	0.95				
	111	1	0.0	0.0	0.0	0.0	1	1.0044156534391582	0.03348534980754922	230.0	13	1.05	0.95				
	112	1	0.0	0.0	0.0	0.0	1	1.0100259406800065	0.5190189949819036	230.0	13	1.05	0.95				
	113	3	130.4020286596491	26.57248885894737	0.0	0.0	1	0.9970331078247393	2.286538870759933e-30	230.0	14	1.05	0.95				
	114	2	95.4641266414035	19.19124195368421	0.0	0.0	1	1.0003846612161906	1.9937832161705213	230.0	16	1.05	0.95				
	115	2	155.99035126456138	31.493320129122804	0.0	0.0	1	1.0399196843124747	8.050519601722366	230.0	16	1.05	0.95				
	116	2	49.20831270175438	9.841662540350876	0.0	0.0	1	1.035660340383783	7.61808497937221	230.0	16	1.05	0.95				
	117	1	0.0	0.0	0.0	0.0	1	1.043336838439858	9.530275938918166	230.0	17	1.05	0.95				
	118	2	163.8636812968421	33.46165263719298	0.0	0.0	1	1.0461202405393006	9.599563907926937	230.0	17	1.05	0.95				
	119	1	89.06704599017543	18.20707569964912	0.0	0.0	1	1.0294074436953529	6.555678173541688	230.0	15	1.05	0.95				
	120	1	62.98664025824561	12.79416130245614	0.0	0.0	1	1.0277051880872217	6.579343401943383	230.0	15	1.05	0.95				
	121	2	0.0	0.0	0.0	0.0	1	1.05	10.377286754056241	230.0	17	1.05	0.95				
	122	2	0.0	0.0	0.0	0.0	1	1.05	16.74235934202842	230.0	17	1.05	0.95				
	123	2	0.0	0.0	0.0	0.0	1	1.0276245680704779	6.969552988522588	230.0	15	1.05	0.95				
	124	1	0.0	0.0	0.0	0.0	1	1.025533760111342	5.299812513900554	230.0	16	1.05	0.95				
	201	2	60.55343931789474	12.334959861052631	0.0	0.0	2	1.0328166805208112	-8.882302696318064	138.0	21	1.05	0.95				
	202	2	54.38595938736842	11.21359987368421	0.0	0.0	2	1.0330070651501346	-8.959335888935177	138.0	22	1.05	0.95				
	203	1	100.92239886315791	20.745159766315787	0.0	0.0	2	1.0224668034567739	-6.963872849193458	138.0	21	1.05	0.95				
	204	1	41.490319532631574	8.410199905263157	0.0	0.0	2	1.0183764161251334	-11.297356189975702	138.0	21	1.05	0.95				
	205	1	39.80827955157895	7.849519911578947	0.0	0.0	2	1.0340914220199888	-11.560700514003857	138.0	21	1.05	0.95				
	206	1	76.25247914105263	15.699039823157895	0.0	-100.0	2	1.0419551686596251	-13.598467052796948	138.0	22	1.05	0.95				
	207	2	70.0849992105263	14.016999842105262	0.0	0.0	2	0.9879792907284588	-22.082064247337332	138.0	22	1.05	0.95				
	208	1	95.87627891999999	19.62379977894737	0.0	0.0	2	0.9901790341377813	-19.422144605657614	138.0	22	1.05	0.95				
	209	1	98.11899889473685	20.184479772631576	0.0	0.0	2	1.0234338872576567	-10.934356545485478	138.0	23	1.05	0.95				
	210	1	109.33259876842105	22.42719974736842	0.0	0.0	2	1.05	-12.505525081385109	138.0	23	1.05	0.95				
	211	1	0.0	0.0	0.0	0.0	2	1.0127445021271293	-7.989342635584111	230.0	23	1.05	0.95				
	212	1	0.0	0.0	0.0	0.0	2	1.0137287119733405	-7.201569766502492	230.0	23	1.05	0.95				
	213	2	148.58019832631578	30.27671965894737	0.0	0.0	2	1.0112441363552604	-6.9055257090489555	230.0	24	1.05	0.95				
	214	2	108.77191877473685	21.86651975368421	0.0	0.0	2	1.0188065984619084	-5.172222446327949	230.0	26	1.05	0.95				
	215	2	177.73555799789474	35.88351959578947	0.0	0.0	2	1.0324172028420076	2.3523074766471765	230.0	26	1.05	0.95				
	216	2	56.06799936842105	11.21359987368421	0.0	0.0	2	1.0356113287974353	2.2287585754235253	230.0	26	1.05	0.95				
	217	1	0.0	0.0	0.0	0.0	2	1.0389242897832243	5.224658627835742	230.0	27	1.05	0.95				
	218	2	186.70643789684212	38.126239570526316	0.0	0.0	2	1.040417684741752	5.649169846344944	230.0	27	1.05	0.95				
	219	1	101.48307885684211	20.745159766315787	0.0	0.0	2	1.0358266539368333	1.466991318971712	230.0	25	1.05	0.95				
	220	1	71.76703919157895	14.577679835789473	0.0	0.0	2	1.0404114879636204	1.875040303412629	230.0	25	1.05	0.95				
	221	2	0.0	0.0	0.0	0.0	2	1.0400766177086371	5.309797106734929	230.0	27	1.05	0.95				
	222	2	0.0	0.0	0.0	0.0	2	1.05	11.778726572891573	230.0	27	1.05	0.95				
	223	2	0.0	0.0	0.0	0.0	2	1.0441607322768245	2.5123146813793937	230.0	25	1.05	0.95				
	224	1	0.0	0.0	0.0	0.0	2	1.0170979483333884	-1.13717073787357	230.0	26	1.05	0.95				
	301	2	48.242961094736856	9.82726985263158	0.0	0.0	3	1.0072698398720208	-21.007894028762678	138.0	31	1.05	0.95				
	302	2	43.329326168421055	8.933881684210528	0.0	0.0	3	1.006882308964298	-21.120899493994592	138.0	32	1.05	0.95				
	303	1	80.40493515789476	16.527681115789473	0.0	0.0	3	1.023113105681595	-15.462586606633739	138.0	31	1.05	0.95				
	304	1	33.05536223157895	6.7004112631578945	0.0	0.0	3	1.0096186851139821	-19.64081264489719	138.0	31	1.05	0.95				
	305	1	31.71527997894737	6.25371717894737	0.0	0.0	3	1.0227692560177852	-20.374432323170147	138.0	31	1.05	0.95				
	306	1	60.75039545263159	12.50743435789474	0.0	-100.0	3	1.0396283407467637	-20.549871323205796	138.0	32	1.05	0.95				
	307	2	55.8367605263158	11.16735210526316	0.0	0.0	3	0.9932178816000453	-25.483501568065957	138.0	32	1.05	0.95				
	308	1	76.38468840000002	15.634292947368422	0.0	0.0	3	0.9988785523528962	-23.45646010646953	138.0	32	1.05	0.95				
	309	1	78.17146473684211	16.08098703157895	0.0	0.0	3	1.0260599781110773	-16.60166625321737	138.0	33	1.05	0.95				
	310	1	87.10534642105264	17.867763368421056	0.0	0.0	3	1.05	-18.304102406092216	138.0	33	1.05	0.95				
	311	1	0.0	0.0	0.0	0.0	3	1.009930144373253	-12.269220390595263	230.0	33	1.05	0.95				
	312	1	0.0	0.0	0.0	0.0	3	1.0119771277238474	-11.83251548642252	230.0	33	1.05	0.95				
	313	2	118.37393231578947	24.121480547368428	0.0	0.0	3	1.0123414425696269	-8.754626146238182	230.0	34	1.05	0.95				
	314	2	86.65865233684211	17.421069284210528	0.0	0.0	3	1.0141960750615644	-10.091945219456802	230.0	36	1.05	0.95				
	315	2	141.60202469473685	28.58842138947369	0.0	0.0	3	1.0401208134647295	-4.794961250850916	230.0	36	1.05	0.95				
	316	2	44.66940842105264	8.933881684210528	0.0	0.0	3	1.0385718426615824	-4.372332749550979	230.0	36	1.05	0.95				
	317	1	0.0	0.0	0.0	0.0	3	1.0431620774685169	-2.6044319460191017	230.0	37	1.05	0.95				
	318	2	148.7491300421053	30.375197726315793	0.0	0.0	3	1.0435555251131299	-2.3315634444106	230.0	37	1.05	0.95				
	319	1	80.85162924210528	16.527681115789473	0.0	0.0	3	1.034111386747278	-5.360950222881016	230.0	35	1.05	0.95				
	320	1	57.17684277894738	11.614046189473685	0.0	0.0	3	1.0333808199039338	-5.3651557123867235	230.0	35	1.05	0.95				
	321	2	0.0	0.0	0.0	0.0	3	1.0459087831741611	-1.6631851030904314	230.0	37	1.05	0.95				
	322	2	0.0	0.0	0.0	0.0	3	1.05	2.2989810311888466	230.0	37	1.05	0.95				
	323	2	0.0	0.0	0.0	0.0	3	1.0335957233058402	-5.028098758513821	230.0	35	1.05	0.95				
	324	1	0.0	0.0	0.0	0.0	3	1.0204542727616694	-8.765649158917666	230.0	36	1.05	0.95				
	325	1	0.0	0.0	0.0	0.0	3	1.0302844534544984	-3.738294759114062	230.0	35	1.05	0.95				
];
