%% MATPOWER Case Format : Version 2
function mpc = RTS_GMLC
mpc.version = '2';

%%-----  Power Flow Data  -----%%
%% system MVA base
mpc.baseMVA = 100.0;
%% bus data
%    bus_i    type    Pd    Qd    Gs    Bs    area    Vm    Va    baseKV    zone    Vmax    Vmin
mpc.bus = [
	101	2	102.99010392000001	20.979465613333335	0.0	0.0	1	1.04695448567628	-5.106326435739131	138.0	11	1.05	0.95				
	102	2	92.50037111333333	19.072241466666668	0.0	0.0	1	1.0467382500624611	-5.2402532873865475	138.0	12	1.05	0.95				
	103	1	171.6501732	35.28364671333333	0.0	0.0	1	1.0178305430338148	-6.25119110915634	138.0	11	1.05	0.95				
	104	1	70.56729342666667	14.3041811	0.0	0.0	1	1.0214230701674671	-8.186758649733546	138.0	11	1.05	0.95				
	105	1	67.70645720666666	13.350569026666667	0.0	0.0	1	1.0355706103973825	-8.649882609218503	138.0	11	1.05	0.95				
	106	1	129.69124197333335	26.701138053333334	0.0	-100.0	1	1.0332203002873568	-11.510507754750495	138.0	12	1.05	0.95				
	107	2	119.20150916666668	23.84030183333333	0.0	0.0	1	1.05	-7.062236545748571	138.0	12	1.05	0.95				
	108	1	163.06766453999998	33.37642256666666	0.0	0.0	1	1.0195342372578373	-10.603058372249352	138.0	12	1.05	0.95				
	109	1	166.8821128333333	34.330034639999994	0.0	0.0	1	1.0278133100032703	-7.657923025002754	138.0	13	1.05	0.95				
	110	1	185.9543543	38.144482933333336	0.0	0.0	1	1.05	-9.298253269163201	138.0	13	1.05	0.95				
	111	1	0.0	0.0	0.0	0.0	1	1.0215204548676975	-3.8487623300280926	230.0	13	1.05	0.95				
	112	1	0.0	0.0	0.0	0.0	1	1.0212848999590824	-2.4808582613468806	230.0	13	1.05	0.95				
	113	3	252.70719943333333	51.495051960000005	0.0	0.0	1	1.031334105836918	1.0500658228003075e-28	230.0	14	1.05	0.95				
	114	2	185.00074222666666	37.190870860000004	0.0	0.0	1	1.0281520996912592	-2.6487934068439287	230.0	16	1.05	0.95				
	115	2	302.2950272466666	61.03117269333333	0.0	0.0	1	1.0434610502755493	5.092983118622042	230.0	16	1.05	0.95				
	116	2	95.36120733333333	19.072241466666668	0.0	0.0	1	1.0450213440957001	4.897767964387035	230.0	16	1.05	0.95				
	117	1	0.0	0.0	0.0	0.0	1	1.047959672569367	8.049543790761904	230.0	17	1.05	0.95				
	118	2	317.55282042	64.84562098666667	0.0	0.0	1	1.0498956057162048	8.72662436062685	230.0	17	1.05	0.95				
	119	1	172.60378527333333	35.28364671333333	0.0	0.0	1	1.0399128852737016	4.0973477860964405	230.0	15	1.05	0.95				
	120	1	122.06234538666666	24.793913906666667	0.0	0.0	1	1.0437899754851938	4.907804879579222	230.0	15	1.05	0.95				
	121	2	0.0	0.0	0.0	0.0	1	1.05	9.66149624551487	230.0	17	1.05	0.95				
	122	2	0.0	0.0	0.0	0.0	1	1.05	15.787531653707841	230.0	17	1.05	0.95				
	123	2	0.0	0.0	0.0	0.0	1	1.0491649980333537	6.04302663547632	230.0	15	1.05	0.95				
	124	1	0.0	0.0	0.0	0.0	1	1.0196733657823271	0.9039720092837614	230.0	16	1.05	0.95				
	201	2	99.68707697684212	20.30662679157895	0.0	0.0	2	1.05	-11.011154295483491	138.0	21	1.05	0.95				
	202	2	89.53376358105264	18.460569810526316	0.0	0.0	2	1.05	-11.010783760486385	138.0	22	1.05	0.95				
	203	1	166.14512829473688	34.152054149473685	0.0	0.0	2	1.0247768927598004	-8.71112620230275	138.0	21	1.05	0.95				
	204	1	68.30410829894737	13.845427357894739	0.0	0.0	2	1.0192449000906822	-12.43100189915326	138.0	21	1.05	0.95				
	205	1	65.53502282736842	12.922398867368424	0.0	0.0	2	1.0365368716939252	-12.833891863706802	138.0	21	1.05	0.95				
	206	1	125.53187471157896	25.844797734736847	0.0	-100.0	2	1.0331075265771645	-14.70184952182007	138.0	22	1.05	0.95				
	207	2	115.37856131578947	23.075712263157897	0.0	0.0	2	0.95	-24.439276538599337	138.0	22	1.05	0.95				
	208	1	157.83787188	32.30599716842105	0.0	0.0	2	0.9526373904954827	-21.62716555969765	138.0	22	1.05	0.95				
	209	1	161.52998584210528	33.22902565894737	0.0	0.0	2	1.0242788641115594	-9.881351743004961	138.0	23	1.05	0.95				
	210	1	179.99055565263157	36.92113962105263	0.0	0.0	2	1.0465953269411452	-11.806554383669553	138.0	23	1.05	0.95				
	211	1	0.0	0.0	0.0	0.0	2	1.0314093882467659	-4.780800862046045	230.0	23	1.05	0.95				
	212	1	0.0	0.0	0.0	0.0	2	1.025207585390646	-0.17008890655868802	230.0	23	1.05	0.95				
	213	2	244.6025499894737	49.84353848842106	0.0	0.0	2	1.05	0.1406055646293356	230.0	24	1.05	0.95				
	214	2	179.06752716210528	35.998111130526325	0.0	0.0	2	1.05	-3.316631978319105	230.0	26	1.05	0.95				
	215	2	292.6000314968421	59.07382339368422	0.0	0.0	2	1.0465121382315232	4.5140804918228765	230.0	26	1.05	0.95				
	216	2	92.30284905263159	18.460569810526316	0.0	0.0	2	1.0497597652828214	4.4625298744059565	230.0	26	1.05	0.95				
	217	1	0.0	0.0	0.0	0.0	2	1.05	7.041244469062994	230.0	27	1.05	0.95				
	218	2	307.3684873452632	62.76593735578948	0.0	0.0	2	1.0492549130026734	7.674852065198276	230.0	27	1.05	0.95				
	219	1	167.06815678526317	34.152054149473685	0.0	0.0	2	1.0424992148222814	4.496468015038161	230.0	25	1.05	0.95				
	220	1	118.14764678736844	23.998740753684213	0.0	0.0	2	1.044995040848814	6.252317575792429	230.0	25	1.05	0.95				
	221	2	0.0	0.0	0.0	0.0	2	1.05	8.34613449640399	230.0	27	1.05	0.95				
	222	2	0.0	0.0	0.0	0.0	2	1.05	14.346062954218759	230.0	27	1.05	0.95				
	223	2	0.0	0.0	0.0	0.0	2	1.05	7.882416672388917	230.0	25	1.05	0.95				
	224	1	0.0	0.0	0.0	0.0	2	1.021561113886597	-0.39242181565018425	230.0	26	1.05	0.95				
	301	2	88.35431824421053	17.998101864561402	0.0	0.0	3	0.9940880008533354	-12.709593530677253	138.0	31	1.05	0.95				
	302	2	79.35526731192982	16.361910785964913	0.0	0.0	3	0.9946542854175169	-13.102866485492807	138.0	32	1.05	0.95				
	303	1	147.2571970736842	30.269534954035088	0.0	0.0	3	0.9971260357276812	-7.042516026056653	138.0	31	1.05	0.95				
	304	1	60.539069908070175	12.271433089473684	0.0	0.0	3	0.9819935367353806	-11.266109341445514	138.0	31	1.05	0.95				
	305	1	58.08478329017544	11.453337550175439	0.0	0.0	3	0.9967362324203034	-11.450659412153424	138.0	31	1.05	0.95				
	306	1	111.26099334456141	22.906675100350878	0.0	-100.0	3	1.0042687297133455	-11.678932109875339	138.0	32	1.05	0.95				
	307	2	102.2619424122807	20.45238848245614	0.0	0.0	3	0.9735593204339799	-14.273052080345968	138.0	32	1.05	0.95				
	308	1	139.89433722	28.633343875438594	0.0	0.0	3	0.9708786936202178	-12.793296574854578	138.0	32	1.05	0.95				
	309	1	143.16671937719298	29.45143941473684	0.0	0.0	3	1.0023558327211468	-6.248588267307844	138.0	33	1.05	0.95				
	310	1	159.5286301631579	32.723821571929825	0.0	0.0	3	1.0237566217481213	-7.429187015217571	138.0	33	1.05	0.95				
	311	1	0.0	0.0	0.0	0.0	3	0.9983227278652166	0.8446574169580694	230.0	33	1.05	0.95				
	312	1	0.0	0.0	0.0	0.0	3	0.9998080562665447	1.857552194937651	230.0	33	1.05	0.95				
	313	2	216.79531791403508	44.177159122105266	0.0	0.0	3	1.0228613010809693	8.098702921713231	230.0	34	1.05	0.95				
	314	2	158.71053462385964	31.90572603263158	0.0	0.0	3	1.0099883855616316	1.9143195876539216	230.0	36	1.05	0.95				
	315	2	259.33628595754385	52.35811451508772	0.0	0.0	3	1.0388070047050084	3.822284526839429	230.0	36	1.05	0.95				
	316	2	81.80955392982456	16.361910785964913	0.0	0.0	3	1.034153110855573	3.9964537501586515	230.0	36	1.05	0.95				
	317	1	0.0	0.0	0.0	0.0	3	1.0403756026458553	5.453969972686323	230.0	37	1.05	0.95				
	318	2	272.42581458631577	55.63049667228071	0.0	0.0	3	1.0414611041221038	5.329028409267644	230.0	37	1.05	0.95				
	319	1	148.07529261298248	30.269534954035088	0.0	0.0	3	1.0283317474725264	4.473298960901423	230.0	35	1.05	0.95				
	320	1	104.71622903017544	21.27048402175439	0.0	0.0	3	1.027589520935164	5.1231869358823445	230.0	35	1.05	0.95				
	321	2	0.0	0.0	0.0	0.0	3	1.0450795031904623	6.764428331380871	230.0	37	1.05	0.95				
	322	2	0.0	0.0	0.0	0.0	3	1.05	12.016020492857146	230.0	37	1.05	0.95				
	323	2	0.0	0.0	0.0	0.0	3	1.0281334744177841	5.477681512280232	230.0	35	1.05	0.95				
	324	1	0.0	0.0	0.0	0.0	3	1.012109770405777	1.6679838037267951	230.0	36	1.05	0.95				
	325	1	0.0	0.0	0.0	0.0	3	1.0298881218975302	5.844828333816233	230.0	35	1.05	0.95				
];
