%% MATPOWER Case Format : Version 2
function mpc = RTS_GMLC
mpc.version = '2';

%%-----  Power Flow Data  -----%%
%% system MVA base
mpc.baseMVA = 100.0;
%% bus data
%    bus_i    type    Pd    Qd    Gs    Bs    area    Vm    Va    baseKV    zone    Vmax    Vmin
mpc.bus = [
	101	2	95.77585352842105	19.509896089122805	0.0	0.0	1	1.0430344264735365	-4.424336176968243	138.0	11	1.05	0.95				
	102	2	86.02090548385965	17.736269171929823	0.0	0.0	1	1.042919842947496	-4.526378199884117	138.0	12	1.05	0.95				
	103	1	159.6264225473684	32.81209796807018	0.0	0.0	1	1.018163512775172	-5.725789580672153	138.0	11	1.05	0.95				
	104	1	65.62419593614035	13.302201878947367	0.0	0.0	1	1.0200281006541572	-7.510926728080254	138.0	11	1.05	0.95				
	105	1	62.963755560350876	12.415388420350878	0.0	0.0	1	1.0345605725001055	-7.80305475375935	138.0	11	1.05	0.95				
	106	1	120.6066303691228	24.830776840701756	0.0	-100.0	1	1.0343966113458622	-10.504389259890765	138.0	12	1.05	0.95				
	107	2	110.8516823245614	22.17033646491228	0.0	0.0	1	1.05	-6.648541952506772	138.0	12	1.05	0.95				
	108	1	151.64510141999997	31.03847105087719	0.0	0.0	1	1.0215647962778192	-9.84018732773086	138.0	12	1.05	0.95				
	109	1	155.19235525438594	31.925284509473684	0.0	0.0	1	1.027411113029369	-6.993869194793375	138.0	13	1.05	0.95				
	110	1	172.9286244263158	35.47253834385965	0.0	0.0	1	1.05	-8.474689673998132	138.0	13	1.05	0.95				
	111	1	0.0	0.0	0.0	0.0	1	1.0185329560624365	-3.3972600944024482	230.0	13	1.05	0.95				
	112	1	0.0	0.0	0.0	0.0	1	1.0193618656874386	-2.107260181633508	230.0	13	1.05	0.95				
	113	3	235.00556652807015	47.887926764210526	0.0	0.0	1	1.025852390006212	5.570152800639214e-27	230.0	14	1.05	0.95				
	114	2	172.0418109677193	34.58572488526316	0.0	0.0	1	1.0231897741786884	-2.052825778469433	230.0	16	1.05	0.95				
	115	2	281.1198663750877	56.756061350175436	0.0	0.0	1	1.0441356953760108	5.44206534134176	230.0	16	1.05	0.95				
	116	2	88.68134585964911	17.736269171929823	0.0	0.0	1	1.0446825140804537	5.26000275955737	230.0	16	1.05	0.95				
	117	1	0.0	0.0	0.0	0.0	1	1.0476721213706155	8.232488506708103	230.0	17	1.05	0.95				
	118	2	295.30888171263155	60.3033151845614	0.0	0.0	1	1.0493820528445374	8.838980800794186	230.0	17	1.05	0.95				
	119	1	160.5132360059649	32.81209796807018	0.0	0.0	1	1.0390544671296078	4.4520050846221615	230.0	15	1.05	0.95				
	120	1	113.51212270035087	23.05714992350877	0.0	0.0	1	1.0420946696514064	5.292560027398889	230.0	15	1.05	0.95				
	121	2	0.0	0.0	0.0	0.0	1	1.05	9.69525058820447	230.0	17	1.05	0.95				
	122	2	0.0	0.0	0.0	0.0	1	1.05	15.775904267728903	230.0	17	1.05	0.95				
	123	2	0.0	0.0	0.0	0.0	1	1.0467089773690028	6.399867766941231	230.0	15	1.05	0.95				
	124	1	0.0	0.0	0.0	0.0	1	1.0204383646014699	1.3200054231002374	230.0	16	1.05	0.95				
	201	2	91.69715095578947	18.679049268771927	0.0	0.0	2	1.0465585245007563	-9.953916068069661	138.0	21	1.05	0.95				
	202	2	82.3576263214035	16.980953880701755	0.0	0.0	2	1.0480165655572045	-9.985567950796753	138.0	22	1.05	0.95				
	203	1	152.82858492631576	31.41476467929824	0.0	0.0	2	1.027520110447395	-8.059889008669236	138.0	21	1.05	0.95				
	204	1	62.82952935859648	12.735715410526312	0.0	0.0	2	1.021559150769372	-11.672877931837753	138.0	21	1.05	0.95				
	205	1	60.282386276491216	11.886667716491228	0.0	0.0	2	1.0374653187493674	-12.006695441545057	138.0	21	1.05	0.95				
	206	1	115.47048638877193	23.773335432982456	0.0	-100.0	2	1.037491708129974	-13.934682649623765	138.0	22	1.05	0.95				
	207	2	106.13096175438595	21.22619235087719	0.0	0.0	2	0.95	-25.202550585595652	138.0	22	1.05	0.95				
	208	1	145.18715568	29.716669291228065	0.0	0.0	2	0.9553726977516829	-21.641233212876095	138.0	22	1.05	0.95				
	209	1	148.58334645614033	30.56571698526315	0.0	0.0	2	1.0271873313475577	-9.654397571334384	138.0	23	1.05	0.95				
	210	1	165.56430033684208	33.96190776140351	0.0	0.0	2	1.05	-11.447684058010843	138.0	23	1.05	0.95				
	211	1	0.0	0.0	0.0	0.0	2	1.032751897200684	-4.607169251980936	230.0	23	1.05	0.95				
	212	1	0.0	0.0	0.0	0.0	2	1.0268733185970285	-1.120322654261184	230.0	23	1.05	0.95				
	213	2	224.9976389192982	45.848575477894734	0.0	0.0	2	1.05	-0.01088298454254748	230.0	24	1.05	0.95				
	214	2	164.715252642807	33.112860067368416	0.0	0.0	2	1.05	-2.947109975790019	230.0	26	1.05	0.95				
	215	2	269.14811900912275	54.3390524182456	0.0	0.0	2	1.0463666051049199	4.617708180444285	230.0	26	1.05	0.95				
	216	2	84.90476940350877	16.980953880701755	0.0	0.0	2	1.0499999391684651	4.642108425992623	230.0	26	1.05	0.95				
	217	1	0.0	0.0	0.0	0.0	2	1.05	7.362114301038954	230.0	27	1.05	0.95				
	218	2	282.7328821136842	57.735243194385966	0.0	0.0	2	1.0497004744788665	8.066807038072971	230.0	27	1.05	0.95				
	219	1	153.67763262035086	31.41476467929824	0.0	0.0	2	1.0435354317603123	4.487738152072088	230.0	25	1.05	0.95				
	220	1	108.6781048364912	22.075240044912277	0.0	0.0	2	1.0457290295621733	5.939442465408286	230.0	25	1.05	0.95				
	221	2	0.0	0.0	0.0	0.0	2	1.05	8.640881460701534	230.0	27	1.05	0.95				
	222	2	0.0	0.0	0.0	0.0	2	1.05	14.65107921943889	230.0	27	1.05	0.95				
	223	2	0.0	0.0	0.0	0.0	2	1.05	7.350850551800979	230.0	25	1.05	0.95				
	224	1	0.0	0.0	0.0	0.0	2	1.0232679725975213	-0.09737107604958775	230.0	26	1.05	0.95				
	301	2	81.60645365052633	16.623536854736845	0.0	0.0	3	1.0130859540556445	-14.932849168556153	138.0	31	1.05	0.95				
	302	2	73.2946852231579	15.11230623157895	0.0	0.0	3	1.0117332412597668	-15.304139529062601	138.0	32	1.05	0.95				
	303	1	136.01075608421053	27.957766528421057	0.0	0.0	3	1.0217306155783534	-9.108278624184942	138.0	31	1.05	0.95				
	304	1	55.915533056842115	11.334229673684211	0.0	0.0	3	1.00596501589693	-13.840866081068507	138.0	31	1.05	0.95				
	305	1	53.648687122105265	10.578614362105265	0.0	0.0	3	1.0210273971692136	-14.243737144456146	138.0	31	1.05	0.95				
	306	1	102.76368237473686	21.15722872421053	0.0	-100.0	3	1.0314530025976199	-14.690803371024874	138.0	32	1.05	0.95				
	307	2	94.45191394736842	18.890382789473687	0.0	0.0	3	1.0058950509703224	-17.28134857586372	138.0	32	1.05	0.95				
	308	1	129.21021828000002	26.446535905263158	0.0	0.0	3	1.001005707439605	-16.149408872996723	138.0	32	1.05	0.95				
	309	1	132.23267952631582	27.202151216842108	0.0	0.0	3	1.0278598477113798	-9.557951591045024	138.0	33	1.05	0.95				
	310	1	147.34498575789473	30.2246124631579	0.0	0.0	3	1.05	-11.131325046664507	138.0	33	1.05	0.95				
	311	1	0.0	0.0	0.0	0.0	3	1.021727461257077	-3.7482192759931103	230.0	33	1.05	0.95				
	312	1	0.0	0.0	0.0	0.0	3	1.022276562646816	-2.4749193895772934	230.0	33	1.05	0.95				
	313	2	200.23805756842106	40.80322682526317	0.0	0.0	3	1.0404667831136343	2.175322999735248	230.0	34	1.05	0.95				
	314	2	146.5893704463158	29.46899715157895	0.0	0.0	3	1.030503055323132	-2.4922371728483714	230.0	36	1.05	0.95				
	315	2	239.5300537705263	48.35937994105264	0.0	0.0	3	1.0453749515353026	0.613888870791753	230.0	36	1.05	0.95				
	316	2	75.56153115789475	15.11230623157895	0.0	0.0	3	1.0434897117952182	0.7359929966295558	230.0	36	1.05	0.95				
	317	1	0.0	0.0	0.0	0.0	3	1.0465108261111085	2.5558450566366995	230.0	37	1.05	0.95				
	318	2	251.6198987557895	51.38184118736843	0.0	0.0	3	1.0469692711315222	2.6652414090818817	230.0	37	1.05	0.95				
	319	1	136.7663713957895	27.957766528421057	0.0	0.0	3	1.0405423333465662	1.1896423583637004	230.0	35	1.05	0.95				
	320	1	96.71875988210527	19.645998101052633	0.0	0.0	3	1.0436608890351058	2.5531676607101055	230.0	35	1.05	0.95				
	321	2	0.0	0.0	0.0	0.0	3	1.049999998052296	3.8958724687067665	230.0	37	1.05	0.95				
	322	2	0.0	0.0	0.0	0.0	3	1.05	9.144755444049984	230.0	37	1.05	0.95				
	323	2	0.0	0.0	0.0	0.0	3	1.0471056808761563	3.559279639379806	230.0	35	1.05	0.95				
	324	1	0.0	0.0	0.0	0.0	3	1.0246280471190565	-2.7811941287825177	230.0	36	1.05	0.95				
	325	1	0.0	0.0	0.0	0.0	3	1.046696968547069	4.072621810074104	230.0	35	1.05	0.95				
];
