%% MATPOWER Case Format : Version 2
function mpc = RTS_GMLC
mpc.version = '2';

%%-----  Power Flow Data  -----%%
%% system MVA base
mpc.baseMVA = 100.0;
%% bus data
%    bus_i    type    Pd    Qd    Gs    Bs    area    Vm    Va    baseKV    zone    Vmax    Vmin
mpc.bus = [
	101	2	86.70460168421053	17.66204849122807	0.0	0.0	1	1.036268895532505	-3.8916844739131036	138.0	11	1.05	0.95				
	102	2	77.8735774385965	16.05640771929825	0.0	0.0	1	1.0363257213376813	-3.9311429218335396	138.0	12	1.05	0.95				
	103	1	144.50766947368422	29.704354280701757	0.0	0.0	1	1.0185855049879549	-4.711217247657398	138.0	11	1.05	0.95				
	104	1	59.408708561403515	12.042305789473684	0.0	0.0	1	1.0178179473358275	-6.612474001938166	138.0	11	1.05	0.95				
	105	1	57.00024740350877	11.239485403508773	0.0	0.0	1	1.0324795521514252	-6.8205640360727	138.0	11	1.05	0.95				
	106	1	109.18357249122808	22.478970807017546	0.0	-100.0	1	1.0355501424686557	-9.184064360192938	138.0	12	1.05	0.95				
	107	2	100.35254824561403	20.07050964912281	0.0	0.0	1	1.0470550927564595	-4.745655640309558	138.0	12	1.05	0.95				
	108	1	137.282286	28.098713508771926	0.0	0.0	1	1.0222330927894892	-7.998828953806617	138.0	12	1.05	0.95				
	109	1	140.49356754385965	28.901533894736843	0.0	0.0	1	1.027034794243023	-5.879298670115088	138.0	13	1.05	0.95				
	110	1	156.5499752631579	32.1128154385965	0.0	0.0	1	1.05	-7.26854186139813	138.0	13	1.05	0.95				
	111	1	0.0	0.0	0.0	0.0	1	1.016203851235621	-2.6135425439715116	230.0	13	1.05	0.95				
	112	1	0.0	0.0	0.0	0.0	1	1.0177153347073604	-1.460668781446115	230.0	13	1.05	0.95				
	113	3	212.74740228070175	43.352300842105265	0.0	0.0	1	1.020371027011297	4.532022031374216e-28	230.0	14	1.05	0.95				
	114	2	155.747154877193	31.309995052631585	0.0	0.0	1	1.0197806776605325	-0.9255155233834498	230.0	16	1.05	0.95				
	115	2	254.49406235087721	51.38050470175439	0.0	0.0	1	1.0448028132257376	6.507872148687528	230.0	16	1.05	0.95				
	116	2	80.28203859649123	16.05640771929825	0.0	0.0	1	1.044170996403768	6.327353099392741	230.0	16	1.05	0.95				
	117	1	0.0	0.0	0.0	0.0	1	1.0473898970359103	9.198231517461606	230.0	17	1.05	0.95				
	118	2	267.3391885263158	54.59178624561404	0.0	0.0	1	1.0491664688040578	9.716942454370031	230.0	17	1.05	0.95				
	119	1	145.31048985964915	29.704354280701757	0.0	0.0	1	1.0387058436241334	5.467735868115764	230.0	15	1.05	0.95				
	120	1	102.76100940350878	20.873330035087722	0.0	0.0	1	1.0411976424364262	6.228751138352601	230.0	15	1.05	0.95				
	121	2	0.0	0.0	0.0	0.0	1	1.05	10.433126244940269	230.0	17	1.05	0.95				
	122	2	0.0	0.0	0.0	0.0	1	1.05	16.986607216508446	230.0	17	1.05	0.95				
	123	2	0.0	0.0	0.0	0.0	1	1.0450745220550988	7.234268107025328	230.0	15	1.05	0.95				
	124	1	0.0	0.0	0.0	0.0	1	1.0209393400588873	2.367669942695572	230.0	16	1.05	0.95				
	201	2	82.53423579789474	16.812529514385965	0.0	0.0	2	1.0417383204046016	-9.334683502806627	138.0	21	1.05	0.95				
	202	2	74.12797104070175	15.284117740350878	0.0	0.0	2	1.041759361104443	-9.45971399755115	138.0	22	1.05	0.95				
	203	1	137.5570596631579	28.275617819649124	0.0	0.0	2	1.027782540218325	-6.927066448848855	138.0	21	1.05	0.95				
	204	1	56.55123563929825	11.463088305263158	0.0	0.0	2	1.0199756229888681	-11.100719808528092	138.0	21	1.05	0.95				
	205	1	54.25861797824562	10.698882418245615	0.0	0.0	2	1.0361547622485177	-11.435232938702043	138.0	21	1.05	0.95				
	206	1	103.93200063438597	21.39776483649123	0.0	-100.0	2	1.0384868741784827	-13.340873635697434	138.0	22	1.05	0.95				
	207	2	95.52573587719299	19.105147175438596	0.0	0.0	2	0.9560169914462261	-24.862578651031665	138.0	22	1.05	0.95				
	208	1	130.67920668	26.747206045614035	0.0	0.0	2	0.9616008978345507	-21.031838576911433	138.0	22	1.05	0.95				
	209	1	133.73603022807018	27.51141193263158	0.0	0.0	2	1.0263322852479015	-9.367160550152077	138.0	23	1.05	0.95				
	210	1	149.02014796842104	30.568235480701755	0.0	0.0	2	1.05	-11.177478575513302	138.0	23	1.05	0.95				
	211	1	0.0	0.0	0.0	0.0	2	1.0280421543503988	-4.59668183927731	230.0	23	1.05	0.95				
	212	1	0.0	0.0	0.0	0.0	2	1.0232246670759766	-2.176204582650218	230.0	23	1.05	0.95				
	213	2	202.51456005964914	41.26711789894737	0.0	0.0	2	1.0406181989194216	-0.8178325828637848	230.0	24	1.05	0.95				
	214	2	148.2559420814035	29.804029593684213	0.0	0.0	2	1.0434150604986834	-2.4151270699873146	230.0	26	1.05	0.95				
	215	2	242.25326618456143	48.90917676912281	0.0	0.0	2	1.0454415042360155	5.328892346696241	230.0	26	1.05	0.95				
	216	2	76.42058870175438	15.284117740350878	0.0	0.0	2	1.0486441983912234	5.3718488457170155	230.0	26	1.05	0.95				
	217	1	0.0	0.0	0.0	0.0	2	1.0495200747785052	8.256630385217928	230.0	27	1.05	0.95				
	218	2	254.48056037684213	51.966000317192986	0.0	0.0	2	1.05	9.05818481462481	230.0	27	1.05	0.95				
	219	1	138.32126555017544	28.275617819649124	0.0	0.0	2	1.0437175653253765	5.041775039759842	230.0	25	1.05	0.95				
	220	1	97.81835353824562	19.869353062456142	0.0	0.0	2	1.0461746789158375	6.182999307201948	230.0	25	1.05	0.95				
	221	2	0.0	0.0	0.0	0.0	2	1.05	9.535388772680916	230.0	27	1.05	0.95				
	222	2	0.0	0.0	0.0	0.0	2	1.05	15.54553504242583	230.0	27	1.05	0.95				
	223	2	0.0	0.0	0.0	0.0	2	1.05	7.363669866347099	230.0	25	1.05	0.95				
	224	1	0.0	0.0	0.0	0.0	2	1.0233821570840138	0.7662729289446265	230.0	26	1.05	0.95				
	301	2	78.03606452210528	15.896235365614036	0.0	0.0	3	1.015445279059812	-15.935471003804295	138.0	31	1.05	0.95				
	302	2	70.08794683929825	14.451123059649126	0.0	0.0	3	1.0137547494011196	-16.345923347988553	138.0	32	1.05	0.95				
	303	1	130.0601075368421	26.73457766035088	0.0	0.0	3	1.0354375211992388	-6.388652459830324	138.0	31	1.05	0.95				
	304	1	53.46915532070176	10.838342294736842	0.0	0.0	3	1.0073702097053863	-15.015348205110495	138.0	31	1.05	0.95				
	305	1	51.301486861754384	10.115786141754388	0.0	0.0	3	1.0230369799903725	-15.787637923905773	138.0	31	1.05	0.95				
	306	1	98.26763680561406	20.231572283508775	0.0	-100.0	3	1.0330954258128535	-16.50641860694713	138.0	32	1.05	0.95				
	307	2	90.31951912280702	18.063903824561407	0.0	0.0	3	1.0051166515130636	-18.83184107064278	138.0	32	1.05	0.95				
	308	1	123.55710216000003	25.289465354385964	0.0	0.0	3	0.9990475523298946	-18.164872290291363	138.0	32	1.05	0.95				
	309	1	126.44732677192985	26.01202150736842	0.0	0.0	3	1.0271903249194962	-10.972793573114945	138.0	33	1.05	0.95				
	310	1	140.89844983157894	28.90224611929825	0.0	0.0	3	1.05	-13.32573345781534	138.0	33	1.05	0.95				
	311	1	0.0	0.0	0.0	0.0	3	1.0197169779204436	-6.520909689886781	230.0	33	1.05	0.95				
	312	1	0.0	0.0	0.0	0.0	3	1.0197779008481085	-5.623941063527054	230.0	33	1.05	0.95				
	313	2	191.4773805403509	39.01803226105264	0.0	0.0	3	1.0301423297312369	-2.195766788732062	230.0	34	1.05	0.95				
	314	2	140.1758936785965	28.179689966315795	0.0	0.0	3	1.028558829452666	-4.745021565868284	230.0	36	1.05	0.95				
	315	2	229.05030049543865	46.2435937908772	0.0	0.0	3	1.046612658937243	0.575701596520906	230.0	36	1.05	0.95				
	316	2	72.25561529824563	14.451123059649126	0.0	0.0	3	1.0439106794498443	0.05673496491949745	230.0	36	1.05	0.95				
	317	1	0.0	0.0	0.0	0.0	3	1.0469254046787213	2.355886525554069	230.0	37	1.05	0.95				
	318	2	240.61119894315794	49.13381840280703	0.0	0.0	3	1.0473964743112907	2.5748745559561965	230.0	37	1.05	0.95				
	319	1	130.78266368982457	26.73457766035088	0.0	0.0	3	1.0388719478679822	-0.5994229989711218	230.0	35	1.05	0.95				
	320	1	92.4871875817544	18.786459977543863	0.0	0.0	3	1.0407686889889498	0.193474605271601	230.0	35	1.05	0.95				
	321	2	0.0	0.0	0.0	0.0	3	1.05	3.8205828769638077	230.0	37	1.05	0.95				
	322	2	0.0	0.0	0.0	0.0	3	1.05	9.02069032880768	230.0	37	1.05	0.95				
	323	2	0.0	0.0	0.0	0.0	3	1.043569246671497	1.0240654932090978	230.0	35	1.05	0.95				
	324	1	0.0	0.0	0.0	0.0	3	1.0346538064372386	-1.0575979876520074	230.0	36	1.05	0.95				
	325	1	0.0	0.0	0.0	0.0	3	1.0422657550335834	1.8112976411897064	230.0	35	1.05	0.95				
];
