%% MATPOWER Case Format : Version 2
function mpc = RTS_GMLC
mpc.version = '2';

%%-----  Power Flow Data  -----%%
%% system MVA base
mpc.baseMVA = 100.0;
%% bus data
%    bus_i    type    Pd    Qd    Gs    Bs    area    Vm    Va    baseKV    zone    Vmax    Vmin
mpc.bus = [
	101	2	57.353290446315796	11.683077683508774	0.0	0.0	1	1.0296435520581928	1.0999763019126196	138.0	11	1.05	0.95				
	102	2	51.511751604561404	10.620979712280704	0.0	0.0	1	1.0291927282559306	0.9327252314362957	138.0	12	1.05	0.95				
	103	1	95.58881741052633	19.6488124677193	0.0	0.0	1	1.026180975068469	0.1380587694662478	138.0	11	1.05	0.95				
	104	1	39.2976249354386	7.965734784210526	0.0	0.0	1	1.018149491069996	-2.166841135614859	138.0	11	1.05	0.95				
	105	1	37.70447797859649	7.434685798596492	0.0	0.0	1	1.0325344197219644	-2.074681029416743	138.0	11	1.05	0.95				
	106	1	72.22266204350878	14.869371597192984	0.0	-100.0	1	1.0415551124943692	-4.377215974318368	138.0	12	1.05	0.95				
	107	2	66.38112320175439	13.276224640350879	0.0	0.0	1	1.0207884843345583	-6.848323397251531	138.0	12	1.05	0.95				
	108	1	90.80937654	18.586714496491226	0.0	0.0	1	1.0143133570464715	-6.915991352936206	138.0	12	1.05	0.95				
	109	1	92.93357248245616	19.117763482105264	0.0	0.0	1	1.0256465025557364	-2.5405573511117474	138.0	13	1.05	0.95				
	110	1	103.55455219473684	21.241959424561408	0.0	0.0	1	1.05	-3.6052059862627894	138.0	13	1.05	0.95				
	111	1	0.0	0.0	0.0	0.0	1	1.0073495959465857	-0.34653995744426513	230.0	13	1.05	0.95				
	112	1	0.0	0.0	0.0	0.0	1	1.0124876991579028	-0.11410937004843419	230.0	13	1.05	0.95				
	113	3	140.7279811877193	28.676645223157898	0.0	0.0	1	1.0032501481060911	3.2665776914495913e-28	230.0	14	1.05	0.95				
	114	2	103.02350320912281	20.710910438947373	0.0	0.0	1	1.0060047325068433	2.1823298765015293	230.0	16	1.05	0.95				
	115	2	168.34252843964913	33.98713507929825	0.0	0.0	1	1.0423003239215214	9.496675822261167	230.0	16	1.05	0.95				
	116	2	53.104898561403516	10.620979712280704	0.0	0.0	1	1.0396104746203094	8.841043996215888	230.0	16	1.05	0.95				
	117	1	0.0	0.0	0.0	0.0	1	1.0437068286983526	11.812935992371742	230.0	17	1.05	0.95				
	118	2	176.83931220947372	36.11133102175439	0.0	0.0	1	1.0471523504371938	11.829788235068147	230.0	17	1.05	0.95				
	119	1	96.11986639614037	19.6488124677193	0.0	0.0	1	1.0331680618607504	7.0271921725591415	230.0	15	1.05	0.95				
	120	1	67.9742701585965	13.807273625964914	0.0	0.0	1	1.032134099642076	6.460261891104462	230.0	15	1.05	0.95				
	121	2	0.0	0.0	0.0	0.0	1	1.05	13.067630236309409	230.0	17	1.05	0.95				
	122	2	0.0	0.0	0.0	0.0	1	1.05	23.762952474008177	230.0	17	1.05	0.95				
	123	2	0.0	0.0	0.0	0.0	1	1.0325256267071314	6.550105553074682	230.0	15	1.05	0.95				
	124	1	0.0	0.0	0.0	0.0	1	1.0245110617176287	6.01306187657727	230.0	16	1.05	0.95				
	201	2	67.09837873263157	13.668188260350878	0.0	0.0	2	1.0318036526332732	-14.215746688198927	138.0	21	1.05	0.95				
	202	2	60.264284602456144	12.42562569122807	0.0	0.0	2	1.0320390357531706	-14.312309721381613	138.0	22	1.05	0.95				
	203	1	111.83063122105264	22.987407528771932	0.0	0.0	2	1.0197378722905648	-11.368926732224816	138.0	21	1.05	0.95				
	204	1	45.974815057543864	9.319219268421053	0.0	0.0	2	1.0167274922872125	-16.45362063154396	138.0	21	1.05	0.95				
	205	1	44.11097120385965	8.697937983859651	0.0	0.0	2	1.0328074501596543	-16.81317407870683	138.0	21	1.05	0.95				
	206	1	84.4942547003509	17.395875967719302	0.0	-100.0	2	1.0400323633650252	-18.858711949954237	138.0	22	1.05	0.95				
	207	2	77.66016057017544	15.532032114035088	0.0	0.0	2	0.987212300475596	-28.211710694084562	138.0	22	1.05	0.95				
	208	1	106.23909966000001	21.74484495964912	0.0	0.0	2	0.9867626186279231	-25.204799690655353	138.0	22	1.05	0.95				
	209	1	108.72422479824561	22.366126244210527	0.0	0.0	2	1.0233433952683992	-15.679563915760179	138.0	23	1.05	0.95				
	210	1	121.14985048947369	24.85125138245614	0.0	0.0	2	1.05	-17.48102932161149	138.0	23	1.05	0.95				
	211	1	0.0	0.0	0.0	0.0	2	1.0177337133535582	-12.202693609080253	230.0	23	1.05	0.95				
	212	1	0.0	0.0	0.0	0.0	2	1.015923599586037	-11.337634068205217	230.0	23	1.05	0.95				
	213	2	164.63954040877192	33.54918936631579	0.0	0.0	2	1.0192679175558548	-10.954141125908139	230.0	24	1.05	0.95				
	214	2	120.52856920491229	24.229970097894736	0.0	0.0	2	1.028596252859382	-8.954115023986752	230.0	26	1.05	0.95				
	215	2	196.9461672059649	39.762002211929826	0.0	0.0	2	1.0374715218185282	-0.24833063213133075	230.0	26	1.05	0.95				
	216	2	62.12812845614035	12.42562569122807	0.0	0.0	2	1.0413594885063477	-0.5594357845456163	230.0	26	1.05	0.95				
	217	1	0.0	0.0	0.0	0.0	2	1.0429184885475877	2.8006847065232163	230.0	27	1.05	0.95				
	218	2	206.88666775894737	42.24712735017545	0.0	0.0	2	1.0443513540966998	3.0653843616771064	230.0	27	1.05	0.95				
	219	1	112.45191250561403	22.987407528771932	0.0	0.0	2	1.041014013462479	-1.39625231486049	230.0	25	1.05	0.95				
	220	1	79.52400442385965	16.15331339859649	0.0	0.0	2	1.0457911873039374	-0.9516412775934133	230.0	25	1.05	0.95				
	221	2	0.0	0.0	0.0	0.0	2	1.0439043464963755	2.7241415543535163	230.0	27	1.05	0.95				
	222	2	0.0	0.0	0.0	0.0	2	1.05	9.260529453537822	230.0	27	1.05	0.95				
	223	2	0.0	0.0	0.0	0.0	2	1.0499224742647528	-0.255572592599652	230.0	25	1.05	0.95				
	224	1	0.0	0.0	0.0	0.0	2	1.016997419078724	-4.385493340026557	230.0	26	1.05	0.95				
	301	2	48.20879466947369	9.820310025263158	0.0	0.0	3	1.007397529784987	-13.259617745086514	138.0	31	1.05	0.95				
	302	2	43.298639656842106	8.927554568421053	0.0	0.0	3	1.0071401638043938	-13.401703018594695	138.0	32	1.05	0.95				
	303	1	80.34799111578947	16.515975951578945	0.0	0.0	3	1.0316675989267885	-6.476468469886707	138.0	31	1.05	0.95				
	304	1	33.03195190315789	6.6956659263157885	0.0	0.0	3	1.0109531402279817	-11.803977851380692	138.0	31	1.05	0.95				
	305	1	31.69281871789473	6.249288197894738	0.0	0.0	3	1.0229896737760316	-13.015919014308265	138.0	31	1.05	0.95				
	306	1	60.70737106526316	12.498576395789476	0.0	-100.0	3	1.0397343935658414	-13.404849747952843	138.0	32	1.05	0.95				
	307	2	55.79721605263157	11.159443210526316	0.0	0.0	3	0.9921678222797454	-18.00285519474639	138.0	32	1.05	0.95				
	308	1	76.33059155999999	15.62322049473684	0.0	0.0	3	0.9987264891015577	-15.98840891663716	138.0	32	1.05	0.95				
	309	1	78.11610247368421	16.069598223157893	0.0	0.0	3	1.0283695942170377	-8.680492637161215	138.0	33	1.05	0.95				
	310	1	87.04365704210527	17.855109136842106	0.0	0.0	3	1.05	-11.334395091139838	138.0	33	1.05	0.95				
	311	1	0.0	0.0	0.0	0.0	3	1.0095880557010306	-5.743124809250108	230.0	33	1.05	0.95				
	312	1	0.0	0.0	0.0	0.0	3	1.0130683373165201	-5.282104171861	230.0	33	1.05	0.95				
	313	2	118.29009803157892	24.104397334736845	0.0	0.0	3	1.011887599915503	-2.5127345862857364	230.0	34	1.05	0.95				
	314	2	86.59727931368421	17.40873140842105	0.0	0.0	3	1.0091325734288976	-4.203146009243829	230.0	36	1.05	0.95				
	315	2	141.50173990947368	28.568174618947367	0.0	0.0	3	1.037426823511527	0.11573006610692804	230.0	36	1.05	0.95				
	316	2	44.637772842105264	8.927554568421053	0.0	0.0	3	1.036338916343344	0.6032137450455511	230.0	36	1.05	0.95				
	317	1	0.0	0.0	0.0	0.0	3	1.0460340477515788	3.572447003009456	230.0	37	1.05	0.95				
	318	2	148.64378356421054	30.35368553263158	0.0	0.0	3	1.0442613946073003	2.288045858539828	230.0	37	1.05	0.95				
	319	1	80.79436884421052	16.515975951578945	0.0	0.0	3	1.0304442354308039	-0.2936684493762338	230.0	35	1.05	0.95				
	320	1	57.136349237894734	11.60582093894737	0.0	0.0	3	1.028459038881313	-0.21373057591774527	230.0	35	1.05	0.95				
	321	2	0.0	0.0	0.0	0.0	3	1.043863085487186	2.4371604739234667	230.0	37	1.05	0.95				
	322	2	0.0	0.0	0.0	0.0	3	1.05	7.215077244727808	230.0	37	1.05	0.95				
	323	2	0.0	0.0	0.0	0.0	3	1.0280137715341389	0.17333949671936277	230.0	35	1.05	0.95				
	324	1	0.0	0.0	0.0	0.0	3	1.0264890131325624	-2.359840311435592	230.0	36	1.05	0.95				
	325	1	0.0	0.0	0.0	0.0	3	1.0264599521831168	1.2678707891838308	230.0	35	1.05	0.95				
];
