%% MATPOWER Case Format : Version 2
function mpc = RTS_GMLC
mpc.version = '2';

%%-----  Power Flow Data  -----%%
%% system MVA base
mpc.baseMVA = 100.0;
%% bus data
%    bus_i    type    Pd    Qd    Gs    Bs    area    Vm    Va    baseKV    zone    Vmax    Vmin
mpc.bus = [
	101	2	104.11232062736843	21.208065312982455	0.0	0.0	1	1.0456932781798118	-5.240244190221491	138.0	11	1.05	0.95				
	102	2	93.50828797087719	19.280059375438597	0.0	0.0	1	1.0455828260247182	-5.348999455560887	138.0	12	1.05	0.95				
	103	1	173.52053437894736	35.6681098445614	0.0	0.0	1	1.017272659210747	-5.615036736038251	138.0	11	1.05	0.95				
	104	1	71.3362196891228	14.460044531578948	0.0	0.0	1	1.0205981387359342	-8.14534970093133	138.0	11	1.05	0.95				
	105	1	68.44421078280702	13.496041562807019	0.0	0.0	1	1.0348446273970187	-8.686239457923751	138.0	11	1.05	0.95				
	106	1	131.10440375298248	26.992083125614037	0.0	-100.0	1	1.032677123104925	-11.494311073728875	138.0	12	1.05	0.95				
	107	2	120.50037109649124	24.100074219298246	0.0	0.0	1	1.05	-6.596971815277377	138.0	12	1.05	0.95				
	108	1	164.84450765999998	33.74010390701754	0.0	0.0	1	1.0191444547848918	-10.293827761931015	138.0	12	1.05	0.95				
	109	1	168.70051953508772	34.70410687578947	0.0	0.0	1	1.027732752750237	-7.411008252757792	138.0	13	1.05	0.95				
	110	1	187.9805789105263	38.560118750877194	0.0	0.0	1	1.05	-9.195251947548556	138.0	13	1.05	0.95				
	111	1	0.0	0.0	0.0	0.0	1	1.0229755671072291	-3.55322532202837	230.0	13	1.05	0.95				
	112	1	0.0	0.0	0.0	0.0	1	1.0217168334991826	-2.3241112561828134	230.0	13	1.05	0.95				
	113	3	255.4607867245614	52.05616031368422	0.0	0.0	1	1.0322903735771285	-7.987634536800895e-28	230.0	14	1.05	0.95				
	114	2	187.01657594175438	37.596115782105265	0.0	0.0	1	1.0317686437395082	-1.9916752227486532	230.0	16	1.05	0.95				
	115	2	305.58894110070173	61.69619000140351	0.0	0.0	1	1.0426888223350097	6.442438194202309	230.0	16	1.05	0.95				
	116	2	96.40029687719299	19.280059375438597	0.0	0.0	1	1.0445952423483236	6.149589599525822	230.0	16	1.05	0.95				
	117	1	0.0	0.0	0.0	0.0	1	1.0471163460461332	9.81128834230599	230.0	17	1.05	0.95				
	118	2	321.01298860105265	65.55220187649124	0.0	0.0	1	1.05	10.443446726160484	230.0	17	1.05	0.95				
	119	1	174.48453734771928	35.6681098445614	0.0	0.0	1	1.0400437458417016	5.017345413595974	230.0	15	1.05	0.95				
	120	1	123.39238000280702	25.06407718807018	0.0	0.0	1	1.044431892472298	5.497351749412753	230.0	15	1.05	0.95				
	121	2	0.0	0.0	0.0	0.0	1	1.05	11.31336177455547	230.0	17	1.05	0.95				
	122	2	0.0	0.0	0.0	0.0	1	1.05	19.954417422294323	230.0	17	1.05	0.95				
	123	2	0.0	0.0	0.0	0.0	1	1.05	6.458302986329505	230.0	15	1.05	0.95				
	124	1	0.0	0.0	0.0	0.0	1	1.0180513817722012	1.9871692366733975	230.0	16	1.05	0.95				
	201	2	104.60003149894739	21.30741382385965	0.0	0.0	2	1.05	-12.696838936496006	138.0	21	1.05	0.95				
	202	2	93.94632458701754	19.370376203508773	0.0	0.0	2	1.05	-12.710293400325027	138.0	22	1.05	0.95				
	203	1	174.33338583157897	35.83519597649123	0.0	0.0	2	1.0219004324138234	-9.686223781756484	138.0	21	1.05	0.95				
	204	1	71.67039195298246	14.52778215263158	0.0	0.0	2	1.0167850918192634	-13.952576866255754	138.0	21	1.05	0.95				
	205	1	68.76483552245614	13.559263342456143	0.0	0.0	2	1.03448157230963	-14.431990544515985	138.0	21	1.05	0.95				
	206	1	131.71855818385967	27.118526684912286	0.0	-100.0	2	1.029480703636336	-16.299923360271425	138.0	22	1.05	0.95				
	207	2	121.06485127192983	24.212970254385965	0.0	0.0	2	0.95	-24.908922499819045	138.0	22	1.05	0.95				
	208	1	165.61671654	33.89815835614035	0.0	0.0	2	0.9506967040634483	-22.626542677194482	138.0	22	1.05	0.95				
	209	1	169.49079178070176	34.86667716631579	0.0	0.0	2	1.0217124933535395	-11.054693465959025	138.0	23	1.05	0.95				
	210	1	188.86116798421054	38.740752407017546	0.0	0.0	2	1.0437663442413432	-13.161563157434053	138.0	23	1.05	0.95				
	211	1	0.0	0.0	0.0	0.0	2	1.0301402393385335	-5.866735854022087	230.0	23	1.05	0.95				
	212	1	0.0	0.0	0.0	0.0	2	1.0240030512945761	-0.9723873080831567	230.0	23	1.05	0.95				
	213	2	256.6574846964912	52.300015749473694	0.0	0.0	2	1.05	-0.6697951443638946	230.0	24	1.05	0.95				
	214	2	187.89264917403509	37.772233596842106	0.0	0.0	2	1.05	-4.494923449788866	230.0	26	1.05	0.95				
	215	2	307.02046282561406	61.98520385122808	0.0	0.0	2	1.0459248699020776	3.6222500764960506	230.0	26	1.05	0.95				
	216	2	96.85188101754386	19.370376203508773	0.0	0.0	2	1.0491697397361763	3.4497262264694326	230.0	26	1.05	0.95				
	217	1	0.0	0.0	0.0	0.0	2	1.05	6.24490886095702	230.0	27	1.05	0.95				
	218	2	322.5167637884211	65.85927909192984	0.0	0.0	2	1.0494756112710195	6.772263287139707	230.0	27	1.05	0.95				
	219	1	175.3019046417544	35.83519597649123	0.0	0.0	2	1.0417770415845637	3.2441946990661648	230.0	25	1.05	0.95				
	220	1	123.97040770245616	25.181489064561408	0.0	0.0	2	1.0446473171722226	4.8771952413238475	230.0	25	1.05	0.95				
	221	2	0.0	0.0	0.0	0.0	2	1.05	7.4521549294910745	230.0	27	1.05	0.95				
	222	2	0.0	0.0	0.0	0.0	2	1.05	13.490468529260832	230.0	27	1.05	0.95				
	223	2	0.0	0.0	0.0	0.0	2	1.05	6.472155850465329	230.0	25	1.05	0.95				
	224	1	0.0	0.0	0.0	0.0	2	1.0200135797541563	-1.3048388129332877	230.0	26	1.05	0.95				
	301	2	96.62258777684211	19.682378991578947	0.0	0.0	3	0.9799526374193218	-18.570273012648016	138.0	31	1.05	0.95				
	302	2	86.78139828105262	17.89307181052632	0.0	0.0	3	0.9814812518436341	-19.070953217604863	138.0	32	1.05	0.95				
	303	1	161.03764629473685	33.102182849473685	0.0	0.0	3	0.9845301808148289	-12.365845876761819	138.0	31	1.05	0.95				
	304	1	66.20436569894737	13.419803857894735	0.0	0.0	3	0.9642153775341956	-17.26157104292449	138.0	31	1.05	0.95				
	305	1	63.52040492736841	12.52515026736842	0.0	0.0	3	0.977992857374847	-17.57624400279687	138.0	31	1.05	0.95				
	306	1	121.67288831157896	25.05030053473684	0.0	-100.0	3	0.9820236447624922	-18.068283209313556	138.0	32	1.05	0.95				
	307	2	111.83169881578947	22.366339763157896	0.0	0.0	3	0.9563112316435581	-19.932097301735908	138.0	32	1.05	0.95				
	308	1	152.98576398	31.312875668421047	0.0	0.0	3	0.95	-18.849613736548566	138.0	32	1.05	0.95				
	309	1	156.56437834210527	32.20752925894737	0.0	0.0	3	0.9848569219857635	-11.794545702381996	138.0	33	1.05	0.95				
	310	1	174.45745015263157	35.78614362105264	0.0	0.0	3	1.002956722177499	-13.439261964234635	138.0	33	1.05	0.95				
	311	1	0.0	0.0	0.0	0.0	3	0.9842649428044826	-4.421260849669435	230.0	33	1.05	0.95				
	312	1	0.0	0.0	0.0	0.0	3	0.9844795012013583	-2.6402545750387203	230.0	33	1.05	0.95				
	313	2	237.08320148947365	48.311293888421055	0.0	0.0	3	1.0117047959582477	3.639507248275581	230.0	34	1.05	0.95				
	314	2	173.56279656210523	34.89149003052632	0.0	0.0	3	1.001376473166373	-3.658337401019612	230.0	36	1.05	0.95				
	315	2	283.6051881968421	57.25782979368421	0.0	0.0	3	1.0438946425417248	0.42607612740009265	230.0	36	1.05	0.95				
	316	2	89.46535905263158	17.89307181052632	0.0	0.0	3	1.0414157175933383	0.7835125458528556	230.0	36	1.05	0.95				
	317	1	0.0	0.0	0.0	0.0	3	1.0457372827443951	2.40938406859257	230.0	37	1.05	0.95				
	318	2	297.9196456452632	60.83644415578948	0.0	0.0	3	1.0461306605928598	2.2256815351251915	230.0	37	1.05	0.95				
	319	1	161.93229988526318	33.102182849473685	0.0	0.0	3	1.0328103688601367	1.9196759307484412	230.0	35	1.05	0.95				
	320	1	114.51565958736842	23.260993353684214	0.0	0.0	3	1.0308161084776009	3.2931006204975555	230.0	35	1.05	0.95				
	321	2	0.0	0.0	0.0	0.0	3	1.05	3.54852403751649	230.0	37	1.05	0.95				
	322	2	0.0	0.0	0.0	0.0	3	1.05	8.875904438028966	230.0	37	1.05	0.95				
	323	2	0.0	0.0	0.0	0.0	3	1.0311959654842053	4.063783632167426	230.0	35	1.05	0.95				
	324	1	0.0	0.0	0.0	0.0	3	1.007288456158518	-2.9857662190448626	230.0	36	1.05	0.95				
	325	1	0.0	0.0	0.0	0.0	3	1.0317355810834132	4.686157602169391	230.0	35	1.05	0.95				
];

%% generator data
%    bus    Pg    Qg    Qmax    Qmin    Vg    mBase    status    Pmax    Pmin    Pc1    Pc2    Qc1min    Qc1max    Qc2min    Qc2max    ramp_agc    ramp_10    ramp_30    ramp_q    apf
