%% MATPOWER Case Format : Version 2
function mpc = RTS_GMLC
mpc.version = '2';

%%-----  Power Flow Data  -----%%
%% system MVA base
mpc.baseMVA = 100.0;
%% bus data
%    bus_i    type    Pd    Qd    Gs    Bs    area    Vm    Va    baseKV    zone    Vmax    Vmin
mpc.bus = [
	101	2	83.12419595368421	16.932706583157895	0.0	0.0	1	1.0376464989287724	0.17378986380310202	138.0	11	1.05	0.95				
	102	2	74.65784266210525	15.393369621052633	0.0	0.0	1	1.0370107016050005	-0.09099659014930216	138.0	12	1.05	0.95				
	103	1	138.5403265894737	28.477733798947362	0.0	0.0	1	1.0227278375660303	-0.5591004770806316	138.0	11	1.05	0.95				
	104	1	56.955467597894724	11.54502721578947	0.0	0.0	1	1.020034970750679	-3.4635648981132405	138.0	11	1.05	0.95				
	105	1	54.64646215473683	10.775358734736843	0.0	0.0	1	1.0327731885147553	-3.926203477258221	138.0	11	1.05	0.95				
	106	1	104.67491342315789	21.550717469473685	0.0	-100.0	1	1.035909970063794	-6.956661555074932	138.0	12	1.05	0.95				
	107	2	96.20856013157895	19.24171202631579	0.0	0.0	1	1.05	-7.2301474251751925	138.0	12	1.05	0.95				
	108	1	131.61331026	26.9383968368421	0.0	0.0	1	1.0248845477390978	-8.602409624329319	138.0	12	1.05	0.95				
	109	1	134.69198418421053	27.708065317894732	0.0	0.0	1	1.0269152426245094	-4.061033802969086	138.0	13	1.05	0.95				
	110	1	150.08535380526314	30.786739242105266	0.0	0.0	1	1.05	-5.679610464488981	138.0	13	1.05	0.95				
	111	1	0.0	0.0	0.0	0.0	1	1.0147528664720789	-1.2738083852090818	230.0	13	1.05	0.95				
	112	1	0.0	0.0	0.0	0.0	1	1.0181504151780283	-0.9354751205169418	230.0	13	1.05	0.95				
	113	3	203.96214747894734	41.562097976842104	0.0	0.0	1	1.0171772346883503	-3.189756386963415e-30	230.0	14	1.05	0.95				
	114	2	149.3156853242105	30.017070761052633	0.0	0.0	1	1.0171646948657642	1.2453300032446408	230.0	16	1.05	0.95				
	115	2	243.98490849368417	49.258782787368425	0.0	0.0	1	1.0422787203830373	10.501840210786193	230.0	16	1.05	0.95				
	116	2	76.96684810526315	15.393369621052633	0.0	0.0	1	1.0408158795881368	9.471497652899231	230.0	16	1.05	0.95				
	117	1	0.0	0.0	0.0	0.0	1	1.044296961275394	13.514247570442521	230.0	17	1.05	0.95				
	118	2	256.2996041905263	52.337456711578945	0.0	0.0	1	1.0490349402351142	13.953950810866926	230.0	17	1.05	0.95				
	119	1	139.3099950705263	28.477733798947362	0.0	0.0	1	1.035497734232548	7.1227652511162365	230.0	15	1.05	0.95				
	120	1	98.51756557473685	20.011380507368422	0.0	0.0	1	1.0377467740534727	6.152112861621771	230.0	15	1.05	0.95				
	121	2	0.0	0.0	0.0	0.0	1	1.05	15.900502731614727	230.0	17	1.05	0.95				
	122	2	0.0	0.0	0.0	0.0	1	1.05	26.621652271388516	230.0	17	1.05	0.95				
	123	2	0.0	0.0	0.0	0.0	1	1.0410322205318048	6.189437594111417	230.0	15	1.05	0.95				
	124	1	0.0	0.0	0.0	0.0	1	1.021138614045105	6.393950243558812	230.0	16	1.05	0.95				
	201	2	104.0050369894737	21.186211238596492	0.0	0.0	2	1.05	-20.608859090378715	138.0	21	1.05	0.95				
	202	2	93.41193137017544	19.26019203508772	0.0	0.0	2	1.05	-20.74223653677748	138.0	22	1.05	0.95				
	203	1	173.34172831578948	35.63135526491228	0.0	0.0	2	1.0167907800755014	-14.503331123910852	138.0	21	1.05	0.95				
	204	1	71.26271052982456	14.44514402631579	0.0	0.0	2	1.0152326625917536	-21.29841777227908	138.0	21	1.05	0.95				
	205	1	68.3736817245614	13.482134424561403	0.0	0.0	2	1.0343986336258049	-22.045099251978524	138.0	21	1.05	0.95				
	206	1	130.96930583859648	26.964268849122806	0.0	-100.0	2	1.0294699185021052	-23.772918614568557	138.0	22	1.05	0.95				
	207	2	120.37620021929824	24.07524004385965	0.0	0.0	2	0.95	-31.81939685434648	138.0	22	1.05	0.95				
	208	1	164.6746419	33.70533606140351	0.0	0.0	2	0.9503430601857034	-29.588042571482017	138.0	22	1.05	0.95				
	209	1	168.52668030701753	34.66834566315789	0.0	0.0	2	1.0191490937583396	-17.829980393595864	138.0	23	1.05	0.95				
	210	1	187.78687234210528	38.52038407017544	0.0	0.0	2	1.043436500219687	-20.479756902615623	138.0	23	1.05	0.95				
	211	1	0.0	0.0	0.0	0.0	2	1.0303542815476923	-13.123471045694407	230.0	23	1.05	0.95				
	212	1	0.0	0.0	0.0	0.0	2	1.0219461169808273	-8.061067385318383	230.0	23	1.05	0.95				
	213	2	255.19754446491228	52.00251849473685	0.0	0.0	2	1.05	-9.534622340569493	230.0	24	1.05	0.95				
	214	2	186.82386274035088	37.55737446842106	0.0	0.0	2	1.05	-10.560403264493386	230.0	26	1.05	0.95				
	215	2	305.2740437561404	61.6326145122807	0.0	0.0	2	1.0414561683240766	-0.5104535062077591	230.0	26	1.05	0.95				
	216	2	96.3009601754386	19.26019203508772	0.0	0.0	2	1.0453991785019836	-0.9188885191297593	230.0	26	1.05	0.95				
	217	1	0.0	0.0	0.0	0.0	2	1.0478890629388353	2.5328564134626608	230.0	27	1.05	0.95				
	218	2	320.68219738421055	65.48465291929824	0.0	0.0	2	1.05	2.7987583345653135	230.0	27	1.05	0.95				
	219	1	174.30473791754386	35.63135526491228	0.0	0.0	2	1.039587189098228	-0.9956059140375525	230.0	25	1.05	0.95				
	220	1	123.2652290245614	25.038249645614037	0.0	0.0	2	1.0438374398109909	0.7453549991513625	230.0	25	1.05	0.95				
	221	2	0.0	0.0	0.0	0.0	2	1.05	3.24614574330452	230.0	27	1.05	0.95				
	222	2	0.0	0.0	0.0	0.0	2	1.05	9.478118306686373	230.0	27	1.05	0.95				
	223	2	0.0	0.0	0.0	0.0	2	1.05	2.393411045381137	230.0	25	1.05	0.95				
	224	1	0.0	0.0	0.0	0.0	2	1.0143815498609783	-5.6885076728414905	230.0	26	1.05	0.95				
	301	2	84.08351789052631	17.12812401473684	0.0	0.0	3	0.9977354525450837	1.1516757939996185	138.0	31	1.05	0.95				
	302	2	75.51945588315789	15.571021831578946	0.0	0.0	3	0.9986527160389955	0.9189055525178472	138.0	32	1.05	0.95				
	303	1	140.13919648421052	28.80639038842105	0.0	0.0	3	1.0261673984330386	11.128272796648274	138.0	31	1.05	0.95				
	304	1	57.6127807768421	11.67826637368421	0.0	0.0	3	0.9903151051366345	3.6394747267415406	138.0	31	1.05	0.95				
	305	1	55.27712750210526	10.899715282105262	0.0	0.0	3	1.0030026786700659	2.6468562375053866	138.0	31	1.05	0.95				
	306	1	105.88294845473685	21.799430564210525	0.0	-100.0	3	1.0127241244641085	2.6247581465953256	138.0	32	1.05	0.95				
	307	2	97.31888644736841	19.463777289473683	0.0	0.0	3	0.9615136627324575	-3.8279595087463334	138.0	32	1.05	0.95				
	308	1	133.13223666	27.249288205263156	0.0	0.0	3	0.967632387323849	0.021129947714662194	138.0	32	1.05	0.95				
	309	1	136.24644102631578	28.0278392968421	0.0	0.0	3	1.0138275323300785	9.127572874268802	138.0	33	1.05	0.95				
	310	1	151.81746285789472	31.142043663157892	0.0	0.0	3	1.031661045036346	6.732112962462213	138.0	33	1.05	0.95				
	311	1	0.0	0.0	0.0	0.0	3	1.0059755567547455	14.812394662432274	230.0	33	1.05	0.95				
	312	1	0.0	0.0	0.0	0.0	3	1.0094814981461417	15.9716287388349	230.0	33	1.05	0.95				
	313	2	206.31603926842104	42.041758945263155	0.0	0.0	3	1.0311939778521981	22.708179459161318	230.0	34	1.05	0.95				
	314	2	151.03891176631578	30.36349257157895	0.0	0.0	3	1.0137913109358887	14.571967724178528	230.0	36	1.05	0.95				
	315	2	246.80069603052627	49.82726986105263	0.0	0.0	3	1.043346747834159	11.88788269396322	230.0	36	1.05	0.95				
	316	2	77.85510915789473	15.571021831578946	0.0	0.0	3	1.0412749441785858	13.303432799870269	230.0	36	1.05	0.95				
	317	1	0.0	0.0	0.0	0.0	3	1.049999989011737	13.993920355035701	230.0	37	1.05	0.95				
	318	2	259.25751349578945	52.941474227368424	0.0	0.0	3	1.0476693442732194	11.596476479873687	230.0	37	1.05	0.95				
	319	1	140.91774757578946	28.80639038842105	0.0	0.0	3	1.0355610427669886	14.828547717459044	230.0	35	1.05	0.95				
	320	1	99.65453972210526	20.24232838105263	0.0	0.0	3	1.0344983141158997	16.17667812175077	230.0	35	1.05	0.95				
	321	2	0.0	0.0	0.0	0.0	3	1.046820539378203	12.31546752488168	230.0	37	1.05	0.95				
	322	2	0.0	0.0	0.0	0.0	3	1.05	17.317682779334586	230.0	37	1.05	0.95				
	323	2	0.0	0.0	0.0	0.0	3	1.0345176954348112	16.737442254204666	230.0	35	1.05	0.95				
	324	1	0.0	0.0	0.0	0.0	3	1.0349947062218348	13.589757062071316	230.0	36	1.05	0.95				
	325	1	0.0	0.0	0.0	0.0	3	1.0368201245077027	16.67390215927835	230.0	35	1.05	0.95				
];
