%% MATPOWER Case Format : Version 2
function mpc = RTS_GMLC
mpc.version = '2';

%%-----  Power Flow Data  -----%%
%% system MVA base
mpc.baseMVA = 100.0;
%% bus data
%    bus_i    type    Pd    Qd    Gs    Bs    area    Vm    Va    baseKV    zone    Vmax    Vmin
mpc.bus = [
	101	2	96.01632856421053	19.5588817445614	0.0	0.0	1	1.041253601745842	-4.05230602132409	138.0	11	1.05	0.95				
	102	2	86.23688769192982	17.780801585964912	0.0	0.0	1	1.0413176174825738	-4.120287896554153	138.0	12	1.05	0.95				
	103	1	160.0272142736842	32.89448293403508	0.0	0.0	1	1.0177072023999325	-4.447943355811774	138.0	11	1.05	0.95				
	104	1	65.78896586807016	13.335601189473683	0.0	0.0	1	1.0190737206117726	-7.062223432588358	138.0	11	1.05	0.95				
	105	1	63.121845630175436	12.44656111017544	0.0	0.0	1	1.0336010616304332	-7.453074862024835	138.0	11	1.05	0.95				
	106	1	120.90945078456141	24.89312222035088	0.0	-100.0	1	1.033907108747305	-10.157655548871848	138.0	12	1.05	0.95				
	107	2	111.1300099122807	22.22600198245614	0.0	0.0	1	1.05	-6.90432790414503	138.0	12	1.05	0.95				
	108	1	152.02585356	31.116402775438594	0.0	0.0	1	1.0214815482275788	-9.812630699983197	138.0	12	1.05	0.95				
	109	1	155.58201387719296	32.005442854736835	0.0	0.0	1	1.0271784744112193	-6.4715281506084725	138.0	13	1.05	0.95				
	110	1	173.3628154631579	35.561603171929825	0.0	0.0	1	1.05	-8.13199238550278	138.0	13	1.05	0.95				
	111	1	0.0	0.0	0.0	0.0	1	1.0195949626754535	-2.835128606765733	230.0	13	1.05	0.95				
	112	1	0.0	0.0	0.0	0.0	1	1.019698025482004	-1.8097460689790548	230.0	13	1.05	0.95				
	113	3	235.5956210140351	48.00816428210526	0.0	0.0	1	1.0259072029535101	2.3150223086122713e-29	230.0	14	1.05	0.95				
	114	2	172.47377538385965	34.67256309263158	0.0	0.0	1	1.0265116680924378	-0.8823075100229828	230.0	16	1.05	0.95				
	115	2	281.8257051375439	56.89856507508772	0.0	0.0	1	1.04329860421132	7.775879295117338	230.0	16	1.05	0.95				
	116	2	88.90400792982456	17.780801585964912	0.0	0.0	1	1.0444946045245078	7.315857146471715	230.0	16	1.05	0.95				
	117	1	0.0	0.0	0.0	0.0	1	1.0476635679644133	10.819378848404243	230.0	17	1.05	0.95				
	118	2	296.0503464063158	60.45472539228071	0.0	0.0	1	1.05	11.696137069430026	230.0	17	1.05	0.95				
	119	1	160.91625435298243	32.89448293403508	0.0	0.0	1	1.0398393734674027	6.008292788415274	230.0	15	1.05	0.95				
	120	1	113.79713015017543	23.115042061754384	0.0	0.0	1	1.0433651111992412	6.214984350066756	230.0	15	1.05	0.95				
	121	2	0.0	0.0	0.0	0.0	1	1.05	12.616393854219153	230.0	17	1.05	0.95				
	122	2	0.0	0.0	0.0	0.0	1	1.05	18.464017911701497	230.0	17	1.05	0.95				
	123	2	0.0	0.0	0.0	0.0	1	1.0480185730310425	6.975544149072177	230.0	15	1.05	0.95				
	124	1	0.0	0.0	0.0	0.0	1	1.0183623666196802	3.259416849592877	230.0	16	1.05	0.95				
	201	2	101.43806074105264	20.663308669473682	0.0	0.0	2	1.05	-12.743794532354404	138.0	21	1.05	0.95				
	202	2	91.10640640631577	18.784826063157894	0.0	0.0	2	1.05	-12.758242696492742	138.0	22	1.05	0.95				
	203	1	169.06343456842103	34.7519282168421	0.0	0.0	2	1.022716007476766	-9.846757690524864	138.0	21	1.05	0.95				
	204	1	69.5038564336842	14.08861954736842	0.0	0.0	2	1.0178615114380365	-14.138497735221911	138.0	21	1.05	0.95				
	205	1	66.68613252421052	13.149378244210528	0.0	0.0	2	1.03550861158049	-14.597103859094192	138.0	21	1.05	0.95				
	206	1	127.73681722947367	26.298756488421056	0.0	-100.0	2	1.031338148076401	-16.502638067715615	138.0	22	1.05	0.95				
	207	2	117.40516289473683	23.481032578947367	0.0	0.0	2	0.95	-25.737314445839	138.0	22	1.05	0.95				
	208	1	160.61026284	32.87344561052631	0.0	0.0	2	0.9517098954177927	-23.157530651201736	138.0	22	1.05	0.95				
	209	1	164.3672280526316	33.81268691368421	0.0	0.0	2	1.022448868537102	-11.480549499774915	138.0	23	1.05	0.95				
	210	1	183.15205411578944	37.56965212631579	0.0	0.0	2	1.045002678949858	-13.546151926483361	138.0	23	1.05	0.95				
	211	1	0.0	0.0	0.0	0.0	2	1.0304880034996955	-6.223526997303342	230.0	23	1.05	0.95				
	212	1	0.0	0.0	0.0	0.0	2	1.0231986414925343	-2.036549427332003	230.0	23	1.05	0.95				
	213	2	248.89894533684208	50.71903037052632	0.0	0.0	2	1.05	-1.245249767910128	230.0	24	1.05	0.95				
	214	2	182.21281281263154	36.630410823157895	0.0	0.0	2	1.05	-4.606324162988391	230.0	26	1.05	0.95				
	215	2	297.7394931010526	60.11144340210526	0.0	0.0	2	1.0446222538192516	3.4324823752131555	230.0	26	1.05	0.95				
	216	2	93.92413031578947	18.784826063157894	0.0	0.0	2	1.0485786219111888	3.5083817315232775	230.0	26	1.05	0.95				
	217	1	0.0	0.0	0.0	0.0	2	1.049898228706173	6.365922735478573	230.0	27	1.05	0.95				
	218	2	312.76735395157897	63.868408614736836	0.0	0.0	2	1.05	6.860239257420445	230.0	27	1.05	0.95				
	219	1	170.00267587157893	34.7519282168421	0.0	0.0	2	1.0415930585058717	3.6167689239164065	230.0	25	1.05	0.95				
	220	1	120.22288680421052	24.420273882105263	0.0	0.0	2	1.0445754074104112	5.469944157022362	230.0	25	1.05	0.95				
	221	2	0.0	0.0	0.0	0.0	2	1.05	7.4504234370809	230.0	27	1.05	0.95				
	222	2	0.0	0.0	0.0	0.0	2	1.05	13.536972945531543	230.0	27	1.05	0.95				
	223	2	0.0	0.0	0.0	0.0	2	1.05	7.164057449771434	230.0	25	1.05	0.95				
	224	1	0.0	0.0	0.0	0.0	2	1.0195606077368575	-1.4931956680077827	230.0	26	1.05	0.95				
	301	2	84.42518191578947	17.19772224210526	0.0	0.0	3	1.0039761296783756	-6.672283461543573	138.0	31	1.05	0.95				
	302	2	75.82632079473683	15.634292947368422	0.0	0.0	3	1.0047344982026076	-6.986311697360671	138.0	32	1.05	0.95				
	303	1	140.7086365263158	28.923441952631578	0.0	0.0	3	1.0110751541397112	-1.1440811055346718	138.0	31	1.05	0.95				
	304	1	57.846883905263155	11.725719710526313	0.0	0.0	3	0.9952851258102178	-4.914390144814981	138.0	31	1.05	0.95				
	305	1	55.501739963157895	10.944005063157896	0.0	0.0	3	1.0089755375776468	-5.3755704965305675	138.0	31	1.05	0.95				
	306	1	106.31319204210526	21.88801012631579	0.0	-100.0	3	1.018384584137028	-5.518331821630102	138.0	32	1.05	0.95				
	307	2	97.71433092105262	19.542866184210524	0.0	0.0	3	0.9859661155020903	-7.892799325315791	138.0	32	1.05	0.95				
	308	1	133.67320469999999	27.360012657894732	0.0	0.0	3	0.98714183931835	-6.013235449330923	138.0	32	1.05	0.95				
	309	1	136.80006328947368	28.141727305263153	0.0	0.0	3	1.0166174865051305	0.04245680464434138	138.0	33	1.05	0.95				
	310	1	152.4343562368421	31.268585894736844	0.0	0.0	3	1.0369513738290304	-1.5058916831905633	138.0	33	1.05	0.95				
	311	1	0.0	0.0	0.0	0.0	3	1.009839413214555	6.825272109885362	230.0	33	1.05	0.95				
	312	1	0.0	0.0	0.0	0.0	3	1.0125150483643786	7.934239690801284	230.0	33	1.05	0.95				
	313	2	207.15438155263155	42.21259095789473	0.0	0.0	3	1.0383616204143387	14.91200795575571	230.0	34	1.05	0.95				
	314	2	151.65264158947366	30.48687124736842	0.0	0.0	3	1.0176906808693655	7.044684464295502	230.0	36	1.05	0.95				
	315	2	247.80354321578946	50.029737431578944	0.0	0.0	3	1.03834872895507	6.162366418440134	230.0	36	1.05	0.95				
	316	2	78.1714647368421	15.634292947368422	0.0	0.0	3	1.0363275651182136	6.96470621232386	230.0	36	1.05	0.95				
	317	1	0.0	0.0	0.0	0.0	3	1.0411920869088447	7.7036701734839195	230.0	37	1.05	0.95				
	318	2	260.31097757368417	53.15659602105263	0.0	0.0	3	1.0413992980519844	7.26261762337276	230.0	37	1.05	0.95				
	319	1	141.4903511736842	28.923441952631578	0.0	0.0	3	1.0327395347209514	8.063140115656044	230.0	35	1.05	0.95				
	320	1	100.05947486315789	20.32458083157895	0.0	0.0	3	1.0338034042053095	9.224199121973381	230.0	35	1.05	0.95				
	321	2	0.0	0.0	0.0	0.0	3	1.0443717877654837	8.653617712895128	230.0	37	1.05	0.95				
	322	2	0.0	0.0	0.0	0.0	3	1.05	14.04606306967548	230.0	37	1.05	0.95				
	323	2	0.0	0.0	0.0	0.0	3	1.0355218809966722	9.904283231893718	230.0	35	1.05	0.95				
	324	1	0.0	0.0	0.0	0.0	3	1.0212085674430607	5.427236221846741	230.0	36	1.05	0.95				
	325	1	0.0	0.0	0.0	0.0	3	1.0370423012628474	10.141074645893173	230.0	35	1.05	0.95				
];

%% generator data
%    bus    Pg    Qg    Qmax    Qmin    Vg    mBase    status    Pmax    Pmin    Pc1    Pc2    Qc1min    Qc1max    Qc2min    Qc2max    ramp_agc    ramp_10    ramp_30    ramp_q    apf
