%% MATPOWER Case Format : Version 2
function mpc = RTS_GMLC
mpc.version = '2';

%%-----  Power Flow Data  -----%%
%% system MVA base
mpc.baseMVA = 100.0;
%% bus data
%    bus_i    type    Pd    Qd    Gs    Bs    area    Vm    Va    baseKV    zone    Vmax    Vmin
mpc.bus = [
	101	2	88.1875309263158	17.96412667017544	0.0	0.0	1	1.04567400771774	0.31154262983513353	138.0	11	1.05	0.95				
	102	2	79.20546759122807	16.33102424561404	0.0	0.0	1	1.0451834393967032	0.07969007123797706	138.0	12	1.05	0.95				
	103	1	146.97921821052634	30.212394854385966	0.0	0.0	1	1.0255760448625832	-1.0026551974647095	138.0	11	1.05	0.95				
	104	1	60.42478970877193	12.248268184210527	0.0	0.0	1	1.0233161775676123	-3.585302302529376	138.0	11	1.05	0.95				
	105	1	57.975136071929825	11.431716971929827	0.0	0.0	1	1.0359871283444066	-4.089732136917776	138.0	11	1.05	0.95				
	106	1	111.05096487017545	22.863433943859654	0.0	-100.0	1	1.0362517799478987	-7.328309308441912	138.0	12	1.05	0.95				
	107	2	102.06890153508772	20.413780307017547	0.0	0.0	1	1.05	-6.906736302967519	138.0	12	1.05	0.95				
	108	1	139.6302573	28.57929242982456	0.0	0.0	1	1.0236555514961463	-8.715142014474745	138.0	12	1.05	0.95				
	109	1	142.8964621491228	29.395843642105262	0.0	0.0	1	1.0273351529927237	-4.426823947696764	138.0	13	1.05	0.95				
	110	1	159.22748639473684	32.66204849122808	0.0	0.0	1	1.05	-6.046110282014828	138.0	13	1.05	0.95				
	111	1	0.0	0.0	0.0	0.0	1	1.015251477713135	-1.7457667755659734	230.0	13	1.05	0.95				
	112	1	0.0	0.0	0.0	0.0	1	1.01799089661273	-1.13006830347809	230.0	13	1.05	0.95				
	113	3	216.38607125438597	44.0937654631579	0.0	0.0	1	1.0174905892015027	8.452293646464961e-31	230.0	14	1.05	0.95				
	114	2	158.41093518245614	31.84549727894737	0.0	0.0	1	1.0176974410398196	0.25295367749537623	230.0	16	1.05	0.95				
	115	2	258.84673429298243	52.25927758596492	0.0	0.0	1	1.0437910856464636	8.915589639562743	230.0	16	1.05	0.95				
	116	2	81.65512122807019	16.33102424561404	0.0	0.0	1	1.0420317257786273	8.038294726051088	230.0	16	1.05	0.95				
	117	1	0.0	0.0	0.0	0.0	1	1.045116573906972	11.591089624857037	230.0	17	1.05	0.95				
	118	2	271.9115536894737	55.525482435087724	0.0	0.0	1	1.0485860198496555	11.955582219962032	230.0	17	1.05	0.95				
	119	1	147.79576942280704	30.212394854385966	0.0	0.0	1	1.035955128171317	6.22303869958822	230.0	15	1.05	0.95				
	120	1	104.51855517192983	21.230331519298247	0.0	0.0	1	1.0373747813657812	5.6915565285210965	230.0	15	1.05	0.95				
	121	2	0.0	0.0	0.0	0.0	1	1.05	13.692373757946635	230.0	17	1.05	0.95				
	122	2	0.0	0.0	0.0	0.0	1	1.05	23.293967702992227	230.0	17	1.05	0.95				
	123	2	0.0	0.0	0.0	0.0	1	1.040428029484882	6.004074122629852	230.0	15	1.05	0.95				
	124	1	0.0	0.0	0.0	0.0	1	1.0245428785163448	5.229869598195347	230.0	16	1.05	0.95				
	201	2	97.03510154526317	19.766409574035087	0.0	0.0	2	1.05	-17.611812705537737	138.0	21	1.05	0.95				
	202	2	87.15189675824561	17.969463249122807	0.0	0.0	2	1.05	-17.727131911973693	138.0	22	1.05	0.95				
	203	1	161.72516924210527	33.243507010877195	0.0	0.0	2	1.0222342058801182	-12.517265375292647	138.0	21	1.05	0.95				
	204	1	66.48701402175439	13.477097436842106	0.0	0.0	2	1.0194035977885203	-18.55153436545265	138.0	21	1.05	0.95				
	205	1	63.791594534385965	12.578624274385966	0.0	0.0	2	1.037794825583232	-19.192054957561464	138.0	21	1.05	0.95				
	206	1	122.1923500940351	25.157248548771932	0.0	-100.0	2	1.0353571773220007	-20.929975976517827	138.0	22	1.05	0.95				
	207	2	112.30914530701754	22.46182906140351	0.0	0.0	2	0.95	-30.704091649633252	138.0	22	1.05	0.95				
	208	1	153.63891078	31.446560685964915	0.0	0.0	2	0.9534105345439906	-27.66473455443818	138.0	22	1.05	0.95				
	209	1	157.23280342982457	32.34503384842105	0.0	0.0	2	1.0238730451935019	-15.599020118048834	138.0	23	1.05	0.95				
	210	1	175.20226667894738	35.938926498245614	0.0	0.0	2	1.0483797673204414	-17.995188751913094	138.0	23	1.05	0.95				
	211	1	0.0	0.0	0.0	0.0	2	1.0326844234590677	-11.202700607618544	230.0	23	1.05	0.95				
	212	1	0.0	0.0	0.0	0.0	2	1.0260006960927655	-6.210399850458873	230.0	23	1.05	0.95				
	213	2	238.0953880508772	48.51755077263159	0.0	0.0	2	1.05	-8.065625097031925	230.0	24	1.05	0.95				
	214	2	174.30379351649123	35.04045333578948	0.0	0.0	2	1.05	-8.62321069287805	230.0	26	1.05	0.95				
	215	2	284.81599249859653	57.502282397192985	0.0	0.0	2	1.0431385012509737	1.0492861166796654	230.0	26	1.05	0.95				
	216	2	89.84731624561404	17.969463249122807	0.0	0.0	2	1.046914684375798	0.6079392230993965	230.0	26	1.05	0.95				
	217	1	0.0	0.0	0.0	0.0	2	1.0483797223119418	3.9893368626259664	230.0	27	1.05	0.95				
	218	2	299.19156309789474	61.09617504701755	0.0	0.0	2	1.05	4.502884195966238	230.0	27	1.05	0.95				
	219	1	162.62364240456142	33.243507010877195	0.0	0.0	2	1.0412703312073543	0.31083123769121357	230.0	25	1.05	0.95				
	220	1	115.00456479438597	23.360302223859648	0.0	0.0	2	1.0447768930881935	1.735385423309954	230.0	25	1.05	0.95				
	221	2	0.0	0.0	0.0	0.0	2	1.05	5.028036580493116	230.0	27	1.05	0.95				
	222	2	0.0	0.0	0.0	0.0	2	1.05	11.13233270542768	230.0	27	1.05	0.95				
	223	2	0.0	0.0	0.0	0.0	2	1.05	3.165696212078256	230.0	25	1.05	0.95				
	224	1	0.0	0.0	0.0	0.0	2	1.0180570606266217	-3.9878508814692992	230.0	26	1.05	0.95				
	301	2	93.82094272421054	19.111673517894737	0.0	0.0	3	0.9780114151276775	-6.189669000662046	138.0	31	1.05	0.95				
	302	2	84.26510596526316	17.37424865263158	0.0	0.0	3	0.981246297758654	-6.6659475757258235	138.0	32	1.05	0.95				
	303	1	156.36823787368422	32.14236000736842	0.0	0.0	3	0.9899875442612294	-1.8095764617609114	138.0	31	1.05	0.95				
	304	1	64.28472001473683	13.030686489473684	0.0	0.0	3	0.9668084620625003	-4.92513360019158	138.0	31	1.05	0.95				
	305	1	61.6785827168421	12.161974056842107	0.0	0.0	3	0.9786165751516338	-5.007921931937283	138.0	31	1.05	0.95				
	306	1	118.14489083789475	24.323948113684214	0.0	-100.0	3	0.9848994559889537	-5.366025309743113	138.0	32	1.05	0.95				
	307	2	108.58905407894737	21.717810815789473	0.0	0.0	3	0.9513683671710524	-9.140625735524326	138.0	32	1.05	0.95				
	308	1	148.54982597999998	30.40493514210526	0.0	0.0	3	0.95	-6.930348491951926	138.0	32	1.05	0.95				
	309	1	152.0246757105263	31.27364757473684	0.0	0.0	3	0.9883775551275323	0.34173227537036976	138.0	33	1.05	0.95				
	310	1	169.39892436315787	34.74849730526316	0.0	0.0	3	1.0056456603069517	-0.7864862238190177	138.0	33	1.05	0.95				
	311	1	0.0	0.0	0.0	0.0	3	0.9853518352588103	8.35254814876127	230.0	33	1.05	0.95				
	312	1	0.0	0.0	0.0	0.0	3	0.9884148283112706	9.634076860809904	230.0	33	1.05	0.95				
	313	2	230.20879464736842	46.91047136210527	0.0	0.0	3	1.017513600227702	17.604809604886263	230.0	34	1.05	0.95				
	314	2	168.53021193052632	33.87978487263158	0.0	0.0	3	1.0007922433118353	8.420620186394403	230.0	36	1.05	0.95				
	315	2	275.3818411442105	55.59759568842105	0.0	0.0	3	1.047864979437625	7.009274233888776	230.0	36	1.05	0.95				
	316	2	86.8712432631579	17.37424865263158	0.0	0.0	3	1.0477033260983835	8.333093947158012	230.0	36	1.05	0.95				
	317	1	0.0	0.0	0.0	0.0	3	1.05	9.757678140252478	230.0	37	1.05	0.95				
	318	2	289.2812400663158	59.072445418947375	0.0	0.0	3	1.0455821626308277	8.225739492740994	230.0	37	1.05	0.95				
	319	1	157.2369503063158	32.14236000736842	0.0	0.0	3	1.037204873874088	9.764382239820575	230.0	35	1.05	0.95				
	320	1	111.1951913768421	22.586523248421052	0.0	0.0	3	1.0327764797107044	11.118292198916652	230.0	35	1.05	0.95				
	321	2	0.0	0.0	0.0	0.0	3	1.05	9.376550020576104	230.0	37	1.05	0.95				
	322	2	0.0	0.0	0.0	0.0	3	1.05	13.873885801779057	230.0	37	1.05	0.95				
	323	2	0.0	0.0	0.0	0.0	3	1.0314610710903118	11.78247540082559	230.0	35	1.05	0.95				
	324	1	0.0	0.0	0.0	0.0	3	1.017418677467717	5.681214123325474	230.0	36	1.05	0.95				
	325	1	0.0	0.0	0.0	0.0	3	1.0335038333472344	11.954204313440862	230.0	35	1.05	0.95				
];

%% generator data
%    bus    Pg    Qg    Qmax    Qmin    Vg    mBase    status    Pmax    Pmin    Pc1    Pc2    Qc1min    Qc1max    Qc2min    Qc2max    ramp_agc    ramp_10    ramp_30    ramp_q    apf
