%% MATPOWER Case Format : Version 2
function mpc = RTS_GMLC
mpc.version = '2';

%%-----  Power Flow Data  -----%%
%% system MVA base
mpc.baseMVA = 100.0;
%% bus data
%    bus_i    type    Pd    Qd    Gs    Bs    area    Vm    Va    baseKV    zone    Vmax    Vmin
mpc.bus = [
	101	2	64.74121722947368	13.188025731929823	0.0	0.0	1	1.0339702370595543	-0.5783457336481355	138.0	11	1.05	0.95				
	102	2	58.14720436350876	11.989114301754384	0.0	0.0	1	1.0338670379832327	-0.6506788615218043	138.0	12	1.05	0.95				
	103	1	107.90202871578947	22.17986145824561	0.0	0.0	1	1.022924923797836	-2.1376839922895217	138.0	11	1.05	0.95				
	104	1	44.35972291649122	8.991835726315788	0.0	0.0	1	1.018943464388955	-3.7632812732816188	138.0	11	1.05	0.95				
	105	1	42.56135577122806	8.39238001122807	0.0	0.0	1	1.0339237751942123	-3.656305399592228	138.0	11	1.05	0.95				
	106	1	81.52597725192982	16.78476002245614	0.0	-100.0	1	1.040791069718281	-5.942151318048023	138.0	12	1.05	0.95				
	107	2	74.9319643859649	14.98639287719298	0.0	0.0	1	1.0297457768863727	-5.700779130478349	138.0	12	1.05	0.95				
	108	1	102.50692728	20.980950028070172	0.0	0.0	1	1.0179913363582536	-7.024716119633423	138.0	12	1.05	0.95				
	109	1	104.90475014035086	21.58040574315789	0.0	0.0	1	1.0256314097677321	-3.8875192306888025	138.0	13	1.05	0.95				
	110	1	116.89386444210525	23.978228603508768	0.0	0.0	1	1.05	-4.889632630286157	138.0	13	1.05	0.95				
	111	1	0.0	0.0	0.0	0.0	1	1.0078659378819368	-1.4957675168380293	230.0	13	1.05	0.95				
	112	1	0.0	0.0	0.0	0.0	1	1.0125052531713257	-0.8691496890380057	230.0	13	1.05	0.95				
	113	3	158.85576449824558	32.37060861473684	0.0	0.0	1	1.005950355178383	6.531136863980561e-28	230.0	14	1.05	0.95				
	114	2	116.29440872701753	23.37877288842105	0.0	0.0	1	1.0053970367134184	0.1915106107527036	230.0	16	1.05	0.95				
	115	2	190.027461682807	38.36516576561403	0.0	0.0	1	1.0381309072410356	6.699532050182859	230.0	16	1.05	0.95				
	116	2	59.94557150877192	11.989114301754384	0.0	0.0	1	1.035021190304749	6.1678725995871515	230.0	16	1.05	0.95				
	117	1	0.0	0.0	0.0	0.0	1	1.0403870013730359	8.418198029910123	230.0	17	1.05	0.95				
	118	2	199.6187531242105	40.76298862596491	0.0	0.0	1	1.0422226488791684	8.468071385241725	230.0	17	1.05	0.95				
	119	1	108.5014844308772	22.17986145824561	0.0	0.0	1	1.029213483359036	4.96461300495531	230.0	15	1.05	0.95				
	120	1	76.73033153122806	15.585848592280701	0.0	0.0	1	1.0292007124560325	5.070925538790209	230.0	15	1.05	0.95				
	121	2	0.0	0.0	0.0	0.0	1	1.0455799158611283	9.89063196480734	230.0	17	1.05	0.95				
	122	2	0.0	0.0	0.0	0.0	1	1.05	17.145870478365424	230.0	17	1.05	0.95				
	123	2	0.0	0.0	0.0	0.0	1	1.0305713578468503	5.583792087377308	230.0	15	1.05	0.95				
	124	1	0.0	0.0	0.0	0.0	1	1.0213204174119195	3.4085365968267	230.0	16	1.05	0.95				
	201	2	64.31040454736842	13.100267592982457	0.0	0.0	2	1.032924150247331	-11.745023642351558	138.0	21	1.05	0.95				
	202	2	57.7602707508772	11.909334175438598	0.0	0.0	2	1.033098733381484	-11.82607683937716	138.0	22	1.05	0.95				
	203	1	107.18400757894737	22.032268224561406	0.0	0.0	2	1.023043671139372	-9.535024270156056	138.0	21	1.05	0.95				
	204	1	44.06453644912281	8.932000631578948	0.0	0.0	2	1.0180272005150386	-14.027419006687563	138.0	21	1.05	0.95				
	205	1	42.27813632280702	8.336533922807018	0.0	0.0	2	1.0337350533833976	-14.327677856386424	138.0	21	1.05	0.95				
	206	1	80.98347239298246	16.673067845614035	0.0	-100.0	2	1.0410406941382089	-16.3421176353525	138.0	22	1.05	0.95				
	207	2	74.43333859649124	14.886667719298247	0.0	0.0	2	0.9882923674356274	-25.322670334768436	138.0	22	1.05	0.95				
	208	1	101.8248072	20.841334807017546	0.0	0.0	2	0.988798218139683	-22.465223363547242	138.0	22	1.05	0.95				
	209	1	104.20667403508772	21.436801515789476	0.0	0.0	2	1.0239055789794613	-13.411750941276257	138.0	23	1.05	0.95				
	210	1	116.11600821052632	23.818668350877196	0.0	0.0	2	1.05	-15.065811332578411	138.0	23	1.05	0.95				
	211	1	0.0	0.0	0.0	0.0	2	1.0151461754014104	-10.126650090150976	230.0	23	1.05	0.95				
	212	1	0.0	0.0	0.0	0.0	2	1.0143327191828373	-9.185623480024203	230.0	23	1.05	0.95				
	213	2	157.7986778245614	32.15520227368421	0.0	0.0	2	1.0152729488751162	-8.828073727354296	230.0	24	1.05	0.95				
	214	2	115.5205415017544	23.223201642105266	0.0	0.0	2	1.0233160906469945	-7.146687841972454	230.0	26	1.05	0.95				
	215	2	188.76294668070176	38.10986936140351	0.0	0.0	2	1.0357071437974463	0.864814440693141	230.0	26	1.05	0.95				
	216	2	59.54667087719299	11.909334175438598	0.0	0.0	2	1.0384535287372012	0.7033781310563242	230.0	26	1.05	0.95				
	217	1	0.0	0.0	0.0	0.0	2	1.0411932030060345	3.6662094286046902	230.0	27	1.05	0.95				
	218	2	198.29041402105264	40.49173619649123	0.0	0.0	2	1.042530772440947	4.044022816993522	230.0	27	1.05	0.95				
	219	1	107.7794742877193	22.032268224561406	0.0	0.0	2	1.0379975840066067	0.14853947024032726	230.0	25	1.05	0.95				
	220	1	76.21973872280702	15.482134428070177	0.0	0.0	2	1.04236623901728	0.7957899215486535	230.0	25	1.05	0.95				
	221	2	0.0	0.0	0.0	0.0	2	1.0422730778545004	3.7434457143840265	230.0	27	1.05	0.95				
	222	2	0.0	0.0	0.0	0.0	2	1.05	10.217739847581536	230.0	27	1.05	0.95				
	223	2	0.0	0.0	0.0	0.0	2	1.046232357644207	1.5873257096381987	230.0	25	1.05	0.95				
	224	1	0.0	0.0	0.0	0.0	2	1.0180502259901096	-3.0221122479385856	230.0	26	1.05	0.95				
	301	2	46.73963936842105	9.521037649122807	0.0	0.0	3	1.0114372690035083	-6.720306871918092	138.0	31	1.05	0.95				
	302	2	41.97912054385965	8.655488771929825	0.0	0.0	3	1.0109458440955907	-6.971795513078383	138.0	32	1.05	0.95				
	303	1	77.89939894736843	16.012654228070176	0.0	0.0	3	1.0450148480021761	3.540518690919411	138.0	31	1.05	0.95				
	304	1	32.02530845614035	6.491616578947368	0.0	0.0	3	1.012421505697991	-5.687670673570151	138.0	31	1.05	0.95				
	305	1	30.726985140350877	6.058842140350878	0.0	0.0	3	1.0254142194498441	-7.292227504407404	138.0	31	1.05	0.95				
	306	1	58.85732364912282	12.117684280701756	0.0	-100.0	3	1.0410297076613766	-8.129856917763195	138.0	32	1.05	0.95				
	307	2	54.0968048245614	10.819360964912281	0.0	0.0	3	0.9908033291557954	-12.406730232079267	138.0	32	1.05	0.95				
	308	1	74.00442899999999	15.14710535087719	0.0	0.0	3	0.9981039894529271	-10.464231809996285	138.0	32	1.05	0.95				
	309	1	75.73552675438596	15.579879789473683	0.0	0.0	3	1.02702451703661	-2.865560149864606	138.0	33	1.05	0.95				
	310	1	84.39101552631578	17.31097754385965	0.0	0.0	3	1.05	-6.469781629327685	138.0	33	1.05	0.95				
	311	1	0.0	0.0	0.0	0.0	3	1.00820643848625	-1.7918859741891233	230.0	33	1.05	0.95				
	312	1	0.0	0.0	0.0	0.0	3	1.0128475110678794	-1.3537286819945435	230.0	33	1.05	0.95				
	313	2	114.68522622807018	23.369819684210526	0.0	0.0	3	1.0100494639403323	0.9671220704212972	230.0	34	1.05	0.95				
	314	2	83.9582410877193	16.87820310526316	0.0	0.0	3	1.0030502295263277	-1.2119755766264555	230.0	36	1.05	0.95				
	315	2	137.18949703508773	27.69756407017544	0.0	0.0	3	1.0360008132245917	2.3736668217582833	230.0	36	1.05	0.95				
	316	2	43.277443859649125	8.655488771929825	0.0	0.0	3	1.0313356211711242	2.1723261315627704	230.0	36	1.05	0.95				
	317	1	0.0	0.0	0.0	0.0	3	1.0411008592151247	4.541844972715343	230.0	37	1.05	0.95				
	318	2	144.11388805263158	29.42866182456141	0.0	0.0	3	1.040507644112624	3.747545418182566	230.0	37	1.05	0.95				
	319	1	78.33217338596491	16.012654228070176	0.0	0.0	3	1.0238220601674581	1.325430080252288	230.0	35	1.05	0.95				
	320	1	55.39512814035088	11.252135403508772	0.0	0.0	3	1.020303132639285	1.4324335955495073	230.0	35	1.05	0.95				
	321	2	0.0	0.0	0.0	0.0	3	1.0414312329741955	4.276318808865438	230.0	37	1.05	0.95				
	322	2	0.0	0.0	0.0	0.0	3	1.05	8.701331702606975	230.0	37	1.05	0.95				
	323	2	0.0	0.0	0.0	0.0	3	1.0189820419633684	1.8304756242134197	230.0	35	1.05	0.95				
	324	1	0.0	0.0	0.0	0.0	3	1.0358467208064455	2.8202114910487595	230.0	36	1.05	0.95				
	325	1	0.0	0.0	0.0	0.0	3	1.0198841260847478	2.5296900483399654	230.0	35	1.05	0.95				
];
