%% MATPOWER Case Format : Version 2
function mpc = RTS_GMLC
mpc.version = '2';

%%-----  Power Flow Data  -----%%
%% system MVA base
mpc.baseMVA = 100.0;
%% bus data
%    bus_i    type    Pd    Qd    Gs    Bs    area    Vm    Va    baseKV    zone    Vmax    Vmin
mpc.bus = [
	101	2	79.89114300631579	16.27412172350877	0.0	0.0	1	1.030084056878093	-2.6138145654156646	138.0	11	1.05	0.95				
	102	2	71.75408214456141	14.794656112280702	0.0	0.0	1	1.0300987724805066	-2.68519055816168	138.0	12	1.05	0.95				
	103	1	133.15190501052632	27.3701138077193	0.0	0.0	1	1.0190786747373186	-2.633252247308615	138.0	11	1.05	0.95				
	104	1	54.7402276154386	11.095992084210526	0.0	0.0	1	1.0150654724629011	-5.533062689700389	138.0	11	1.05	0.95				
	105	1	52.521029198596494	10.356259278596493	0.0	0.0	1	1.0301164338411624	-5.613594968217873	138.0	11	1.05	0.95				
	106	1	100.60366156350878	20.712518557192986	0.0	-100.0	1	1.0358481756141589	-7.96512639668506	138.0	12	1.05	0.95				
	107	2	92.46660070175439	18.49332014035088	0.0	0.0	1	1.05	-6.34718928160912	138.0	12	1.05	0.95				
	108	1	126.49430976000001	25.890648196491227	0.0	0.0	1	1.0259008346911083	-8.300172528138658	138.0	12	1.05	0.95				
	109	1	129.45324098245615	26.630381002105263	0.0	0.0	1	1.0265335544373386	-4.859249712143359	138.0	13	1.05	0.95				
	110	1	144.24789709473686	29.589312224561404	0.0	0.0	1	1.05	-6.308543202333564	138.0	13	1.05	0.95				
	111	1	0.0	0.0	0.0	0.0	1	1.0139507102877756	-1.6457789200233992	230.0	13	1.05	0.95				
	112	1	0.0	0.0	0.0	0.0	1	1.0165207434099301	-1.0096709088576004	230.0	13	1.05	0.95				
	113	3	196.0291934877193	39.94557150315789	0.0	0.0	1	1.0158633564122412	-5.026410213624662e-27	230.0	14	1.05	0.95				
	114	2	143.50816428912282	28.849579418947368	0.0	0.0	1	1.0173381834310156	0.8901812953981958	230.0	16	1.05	0.95				
	115	2	234.4952993796491	47.342899559298246	0.0	0.0	1	1.0445483870632233	9.494042984382512	230.0	16	1.05	0.95				
	116	2	73.97328056140351	14.794656112280702	0.0	0.0	1	1.0436218619874142	8.919899610970361	230.0	16	1.05	0.95				
	117	1	0.0	0.0	0.0	0.0	1	1.046978008521916	12.487709523922145	230.0	17	1.05	0.95				
	118	2	246.33102426947372	50.30183078175439	0.0	0.0	1	1.0499571966456915	13.153773215099577	230.0	17	1.05	0.95				
	119	1	133.89163781614036	27.3701138077193	0.0	0.0	1	1.0380753605308792	7.123070745161733	230.0	15	1.05	0.95				
	120	1	94.68579911859649	19.233052945964914	0.0	0.0	1	1.040123991517234	6.955468758369041	230.0	15	1.05	0.95				
	121	2	0.0	0.0	0.0	0.0	1	1.05	13.888792379083098	230.0	17	1.05	0.95				
	122	2	0.0	0.0	0.0	0.0	1	1.05	21.973692025542984	230.0	17	1.05	0.95				
	123	2	0.0	0.0	0.0	0.0	1	1.0431923006316766	7.408727428876064	230.0	15	1.05	0.95				
	124	1	0.0	0.0	0.0	0.0	1	1.0197697661815428	5.012834291316206	230.0	16	1.05	0.95				
	201	2	98.68408624421053	20.102313864561406	0.0	0.0	2	1.05	-17.012638852494124	138.0	21	1.05	0.95				
	202	2	88.63292931192981	18.274830785964912	0.0	0.0	2	1.05	-17.077536343979396	138.0	22	1.05	0.95				
	203	1	164.47347707368422	33.80843695403509	0.0	0.0	2	1.0197139855943698	-12.496817067721445	138.0	21	1.05	0.95				
	204	1	67.61687390807018	13.706123089473685	0.0	0.0	2	1.0169160360779546	-18.703623435844456	138.0	21	1.05	0.95				
	205	1	64.87564929017545	12.792381550175442	0.0	0.0	2	1.0354901228924738	-19.28545570712316	138.0	21	1.05	0.95				
	206	1	124.26884934456142	25.584763100350884	0.0	-100.0	2	1.031503749573284	-21.413934992319927	138.0	22	1.05	0.95				
	207	2	114.2176924122807	22.84353848245614	0.0	0.0	2	0.95	-30.815548889513636	138.0	22	1.05	0.95				
	208	1	156.24980322	31.980953875438594	0.0	0.0	2	0.9517819402943204	-28.136321834045546	138.0	22	1.05	0.95				
	209	1	159.904769377193	32.894695414736844	0.0	0.0	2	1.0197318073330086	-16.345349495761283	138.0	23	1.05	0.95				
	210	1	178.17960016315791	36.549661571929825	0.0	0.0	2	1.0443974903554911	-18.75061588152271	138.0	23	1.05	0.95				
	211	1	0.0	0.0	0.0	0.0	2	1.0291510651361373	-10.677420527362644	230.0	23	1.05	0.95				
	212	1	0.0	0.0	0.0	0.0	2	1.0190579915658342	-9.198868981523955	230.0	23	1.05	0.95				
	213	2	242.1415079140351	49.34204312210527	0.0	0.0	2	1.05	-6.082393116725503	230.0	24	1.05	0.95				
	214	2	177.26585862385963	35.63592003263158	0.0	0.0	2	1.05	-8.184283510472671	230.0	26	1.05	0.95				
	215	2	289.6560679575439	58.47945851508772	0.0	0.0	2	1.0422139073513823	1.323087523977682	230.0	26	1.05	0.95				
	216	2	91.37415392982456	18.274830785964912	0.0	0.0	2	1.0467127164386922	1.042192107654293	230.0	26	1.05	0.95				
	217	1	0.0	0.0	0.0	0.0	2	1.0484925290862837	4.577477113394853	230.0	27	1.05	0.95				
	218	2	304.2759325863158	62.13442467228071	0.0	0.0	2	1.0499999991955968	5.025978104765952	230.0	27	1.05	0.95				
	219	1	165.38721861298248	33.80843695403509	0.0	0.0	2	1.0410798846868385	0.466642036990575	230.0	25	1.05	0.95				
	220	1	116.95891703017544	23.757280021754386	0.0	0.0	2	1.044741321648457	1.6775212635471897	230.0	25	1.05	0.95				
	221	2	0.0	0.0	0.0	0.0	2	1.05	5.525185945707797	230.0	27	1.05	0.95				
	222	2	0.0	0.0	0.0	0.0	2	1.05	11.665238278877558	230.0	27	1.05	0.95				
	223	2	0.0	0.0	0.0	0.0	2	1.05	3.001921189481334	230.0	25	1.05	0.95				
	224	1	0.0	0.0	0.0	0.0	2	1.016184802023865	-3.800898997014201	230.0	26	1.05	0.95				
	301	2	74.72192343157896	15.221132550877195	0.0	0.0	3	1.0183116356170516	-11.935413891102984	138.0	31	1.05	0.95				
	302	2	67.11135715614034	13.837393228070177	0.0	0.0	3	1.0161747556558005	-12.423478032641077	138.0	32	1.05	0.95				
	303	1	124.53653905263158	25.599177471929824	0.0	0.0	3	1.0466686950211956	-0.06620095809233138	138.0	31	1.05	0.95				
	304	1	51.19835494385965	10.37804492105263	0.0	0.0	3	1.0096262684754245	-11.299712642267743	138.0	31	1.05	0.95				
	305	1	49.12274595964912	9.686175259649124	0.0	0.0	3	1.0252157455094784	-12.61687139791222	138.0	31	1.05	0.95				
	306	1	94.09427395087721	19.372350519298248	0.0	-100.0	3	1.034677619023071	-13.774059744571009	138.0	32	1.05	0.95				
	307	2	86.48370767543861	17.29674153508772	0.0	0.0	3	1.005618324906184	-15.042545876265857	138.0	32	1.05	0.95				
	308	1	118.30971210000001	24.215438149122807	0.0	0.0	3	1.0001039884538905	-14.812040787958038	138.0	32	1.05	0.95				
	309	1	121.07719074561405	24.907307810526316	0.0	0.0	3	1.0277420801592876	-7.55480387015147	138.0	33	1.05	0.95				
	310	1	134.91458397368422	27.674786456140353	0.0	0.0	3	1.05	-11.089766528521212	138.0	33	1.05	0.95				
	311	1	0.0	0.0	0.0	0.0	3	1.0196663045514411	-4.7599212762795595	230.0	33	1.05	0.95				
	312	1	0.0	0.0	0.0	0.0	3	1.0202774653670617	-3.407204013294092	230.0	33	1.05	0.95				
	313	2	183.34546027192982	37.36096171578948	0.0	0.0	3	1.028265123874424	-0.5950594613173625	230.0	34	1.05	0.95				
	314	2	134.2227143122807	26.982916794736845	0.0	0.0	3	1.0260319704739442	-3.8664747682494687	230.0	36	1.05	0.95				
	315	2	219.3226826649123	44.27965832982457	0.0	0.0	3	1.0485892140900825	2.180026833335257	230.0	36	1.05	0.95				
	316	2	69.18696614035088	13.837393228070177	0.0	0.0	3	1.0454936912627513	1.6084359214130037	230.0	36	1.05	0.95				
	317	1	0.0	0.0	0.0	0.0	3	1.0482287142765114	3.6656214719675155	230.0	37	1.05	0.95				
	318	2	230.39259724736843	47.047136975438605	0.0	0.0	3	1.0478766909272652	3.5121672309947165	230.0	37	1.05	0.95				
	319	1	125.22840871403508	25.599177471929824	0.0	0.0	3	1.0420514105652072	1.6962386664755107	230.0	35	1.05	0.95				
	320	1	88.55931665964914	17.98861119649123	0.0	0.0	3	1.0450319446174812	3.0712682788592125	230.0	35	1.05	0.95				
	321	2	0.0	0.0	0.0	0.0	3	1.05	4.9997335903899	230.0	37	1.05	0.95				
	322	2	0.0	0.0	0.0	0.0	3	1.05	10.251587476188599	230.0	37	1.05	0.95				
	323	2	0.0	0.0	0.0	0.0	3	1.0489269910511336	4.328679828195723	230.0	35	1.05	0.95				
	324	1	0.0	0.0	0.0	0.0	3	1.04249221212601	1.3421666298446964	230.0	36	1.05	0.95				
	325	1	0.0	0.0	0.0	0.0	3	1.047116197175339	5.121776767635688	230.0	35	1.05	0.95				
];
