%% MATPOWER Case Format : Version 2
function mpc = RTS_GMLC
mpc.version = '2';

%%-----  Power Flow Data  -----%%
%% system MVA base
mpc.baseMVA = 100.0;
%% bus data
%    bus_i    type    Pd    Qd    Gs    Bs    area    Vm    Va    baseKV    zone    Vmax    Vmin
mpc.bus = [
	101	2	79.51707075789476	16.19792182105263	0.0	0.0	1	1.0315778934652535	-2.506052574799156	138.0	11	1.05	0.95				
	102	2	71.41810984736843	14.725383473684214	0.0	0.0	1	1.0315911473374217	-2.564465468099487	138.0	12	1.05	0.95				
	103	1	132.5284512631579	27.24195942631579	0.0	0.0	1	1.0200611211065547	-2.945377169832124	138.0	11	1.05	0.95				
	104	1	54.48391885263158	11.044037605263158	0.0	0.0	1	1.0159369505098341	-5.373059408351949	138.0	11	1.05	0.95				
	105	1	52.27511133157895	10.30776843157895	0.0	0.0	1	1.030979414165677	-5.417698479705565	138.0	11	1.05	0.95				
	106	1	100.13260762105264	20.6155368631579	0.0	-100.0	1	1.0363688377013656	-7.717191575359637	138.0	12	1.05	0.95				
	107	2	92.03364671052633	18.406729342105265	0.0	0.0	1	1.05	-4.299696455798107	138.0	12	1.05	0.95				
	108	1	125.90202870000002	25.769421078947367	0.0	0.0	1	1.0260155537355953	-7.0134823426135915	138.0	12	1.05	0.95				
	109	1	128.84710539473687	26.50569025263158	0.0	0.0	1	1.026725727615676	-4.686864314184305	138.0	13	1.05	0.95				
	110	1	143.57248886842106	29.45076694736843	0.0	0.0	1	1.05	-6.0401672725679525	138.0	13	1.05	0.95				
	111	1	0.0	0.0	0.0	0.0	1	1.013567110273798	-1.7247761397708028	230.0	13	1.05	0.95				
	112	1	0.0	0.0	0.0	0.0	1	1.0160556435657242	-0.8500247767928422	230.0	13	1.05	0.95				
	113	3	195.1113310263158	39.75853537894738	0.0	0.0	1	1.014865719315052	-5.578826304248254e-29	230.0	14	1.05	0.95				
	114	2	142.83621969473685	28.714497773684215	0.0	0.0	1	1.0159253878877803	0.45168821253623326	230.0	16	1.05	0.95				
	115	2	233.39732805789475	47.12122711578948	0.0	0.0	1	1.0450391630550868	8.323935849742613	230.0	16	1.05	0.95				
	116	2	73.62691736842106	14.725383473684214	0.0	0.0	1	1.0433921298692264	7.951696310168379	230.0	16	1.05	0.95				
	117	1	0.0	0.0	0.0	0.0	1	1.0471917533083548	10.940155308472436	230.0	17	1.05	0.95				
	118	2	245.17763483684215	50.06630381052632	0.0	0.0	1	1.0492328134384798	11.579940516633316	230.0	17	1.05	0.95				
	119	1	133.2647204368421	27.24195942631579	0.0	0.0	1	1.0377947973568273	6.722297467944346	230.0	15	1.05	0.95				
	120	1	94.24245423157896	19.14299851578948	0.0	0.0	1	1.0394890096458873	7.0434886363368925	230.0	15	1.05	0.95				
	121	2	0.0	0.0	0.0	0.0	1	1.05	12.271677708829559	230.0	17	1.05	0.95				
	122	2	0.0	0.0	0.0	0.0	1	1.05	18.278179891220248	230.0	17	1.05	0.95				
	123	2	0.0	0.0	0.0	0.0	1	1.0424597526628403	7.763040164353536	230.0	15	1.05	0.95				
	124	1	0.0	0.0	0.0	0.0	1	1.0215700467669784	4.15998088903462	230.0	16	1.05	0.95				
	201	2	89.50417124210527	18.23233117894737	0.0	0.0	2	1.0494320556667134	-11.534332711063804	138.0	21	1.05	0.95				
	202	2	80.38800565263158	16.57484652631579	0.0	0.0	2	1.05	-11.575027610191123	138.0	22	1.05	0.95				
	203	1	149.17361873684212	30.66346607368421	0.0	0.0	2	1.0264319288934773	-8.561114616588188	138.0	21	1.05	0.95				
	204	1	61.32693214736842	12.431134894736843	0.0	0.0	2	1.0219368095436332	-13.518054680660246	138.0	21	1.05	0.95				
	205	1	58.840705168421046	11.602392568421054	0.0	0.0	2	1.039124527847945	-13.941283669773943	138.0	21	1.05	0.95				
	206	1	112.70895637894738	23.20478513684211	0.0	-100.0	2	1.03844282463922	-16.052499237333485	138.0	22	1.05	0.95				
	207	2	103.59279078947368	20.718558157894737	0.0	0.0	2	0.95	-27.539633743754205	138.0	22	1.05	0.95				
	208	1	141.7149378	29.005981421052628	0.0	0.0	2	0.9555767159246982	-23.87701944342728	138.0	22	1.05	0.95				
	209	1	145.02990710526316	29.834723747368418	0.0	0.0	2	1.025480112662812	-11.795527032632744	138.0	23	1.05	0.95				
	210	1	161.60475363157894	33.14969305263158	0.0	0.0	2	1.05	-13.821756546618637	138.0	23	1.05	0.95				
	211	1	0.0	0.0	0.0	0.0	2	1.031843873069522	-6.4250480971706425	230.0	23	1.05	0.95				
	212	1	0.0	0.0	0.0	0.0	2	1.023426225470016	-5.064013818646067	230.0	23	1.05	0.95				
	213	2	219.6167164736842	44.752085621052636	0.0	0.0	2	1.05	-1.9338249011988262	230.0	24	1.05	0.95				
	214	2	160.77601130526315	32.320950726315786	0.0	0.0	2	1.05	-4.25610798595877	230.0	26	1.05	0.95				
	215	2	262.71131744210527	53.03950888421053	0.0	0.0	2	1.0445071745758754	4.012565864308824	230.0	26	1.05	0.95				
	216	2	82.87423263157895	16.57484652631579	0.0	0.0	2	1.048995015536012	3.943020176060087	230.0	26	1.05	0.95				
	217	1	0.0	0.0	0.0	0.0	2	1.0493061905614722	7.102372897276956	230.0	27	1.05	0.95				
	218	2	275.9711946631579	56.35447818947369	0.0	0.0	2	1.05	7.747766594089819	230.0	27	1.05	0.95				
	219	1	150.0023610631579	30.66346607368421	0.0	0.0	2	1.0432733244440175	3.4882662144581937	230.0	25	1.05	0.95				
	220	1	106.07901776842105	21.547300484210528	0.0	0.0	2	1.0458102792718602	4.6410708327689285	230.0	25	1.05	0.95				
	221	2	0.0	0.0	0.0	0.0	2	1.05	8.229333451734032	230.0	27	1.05	0.95				
	222	2	0.0	0.0	0.0	0.0	2	1.05	14.29910457986674	230.0	27	1.05	0.95				
	223	2	0.0	0.0	0.0	0.0	2	1.05	5.874079872035988	230.0	25	1.05	0.95				
	224	1	0.0	0.0	0.0	0.0	2	1.0218687588869881	-0.6669214021361658	230.0	26	1.05	0.95				
	301	2	70.9977855031579	14.462511861754384	0.0	0.0	3	1.0139495736850752	-17.03311762220981	138.0	31	1.05	0.95				
	302	2	63.766529572280696	13.147738056140351	0.0	0.0	3	1.0125954243806856	-17.38935595480919	138.0	32	1.05	0.95				
	303	1	118.32964250526314	24.323315403859645	0.0	0.0	3	1.0203954884794757	-11.698685675920432	138.0	31	1.05	0.95				
	304	1	48.64663080771929	9.860803542105263	0.0	0.0	3	1.0085778748672316	-16.16667169982221	138.0	31	1.05	0.95				
	305	1	46.67447009929824	9.203416639298245	0.0	0.0	3	1.0232073970079252	-16.781111383719125	138.0	31	1.05	0.95				
	306	1	89.40461878175438	18.40683327859649	0.0	-100.0	3	1.0347869545928219	-17.37933439827066	138.0	32	1.05	0.95				
	307	2	82.17336285087718	16.434672570175437	0.0	0.0	3	1.0079424637836276	-18.91395644001862	138.0	32	1.05	0.95				
	308	1	112.41316038	23.00854159824561	0.0	0.0	3	1.002742854497557	-18.675174899032235	138.0	32	1.05	0.95				
	309	1	115.04270799122807	23.66592850105263	0.0	0.0	3	1.027537976070876	-12.48066805445886	138.0	33	1.05	0.95				
	310	1	128.1904460473684	26.295476112280703	0.0	0.0	3	1.05	-14.421861534626817	138.0	33	1.05	0.95				
	311	1	0.0	0.0	0.0	0.0	3	1.01920073554196	-7.536067305129381	230.0	33	1.05	0.95				
	312	1	0.0	0.0	0.0	0.0	3	1.0179133562265208	-6.162546786884141	230.0	33	1.05	0.95				
	313	2	174.20752924385963	35.49889275157895	0.0	0.0	3	1.0304593163095743	-2.8442489606691512	230.0	34	1.05	0.95				
	314	2	127.53305914456139	25.638089209473687	0.0	0.0	3	1.0280127281219233	-5.799510004595451	230.0	36	1.05	0.95				
	315	2	208.39164818982456	42.07276177964912	0.0	0.0	3	1.047230338997821	0.48379638585880413	230.0	36	1.05	0.95				
	316	2	65.73869028070175	13.147738056140351	0.0	0.0	3	1.0459137725170182	0.6448898621944433	230.0	36	1.05	0.95				
	317	1	0.0	0.0	0.0	0.0	3	1.047684149633419	2.4924204612340617	230.0	37	1.05	0.95				
	318	2	218.90983863473684	44.70230939087719	0.0	0.0	3	1.047650928045046	2.6244795113466695	230.0	37	1.05	0.95				
	319	1	118.98702940807017	24.323315403859645	0.0	0.0	3	1.0430567730246325	0.8874338828623615	230.0	35	1.05	0.95				
	320	1	84.14552355929824	17.092059472982456	0.0	0.0	3	1.0461666962151337	2.3305156813232943	230.0	35	1.05	0.95				
	321	2	0.0	0.0	0.0	0.0	3	1.05	3.828901802232555	230.0	37	1.05	0.95				
	322	2	0.0	0.0	0.0	0.0	3	1.05	9.079619508890252	230.0	37	1.05	0.95				
	323	2	0.0	0.0	0.0	0.0	3	1.05	3.599391073722176	230.0	35	1.05	0.95				
	324	1	0.0	0.0	0.0	0.0	3	1.0218294329374502	-4.012388005000246	230.0	36	1.05	0.95				
	325	1	0.0	0.0	0.0	0.0	3	1.0484512228839873	4.318595199603113	230.0	35	1.05	0.95				
];

%% generator data
%    bus    Pg    Qg    Qmax    Qmin    Vg    mBase    status    Pmax    Pmin    Pc1    Pc2    Qc1min    Qc1max    Qc2min    Qc2max    ramp_agc    ramp_10    ramp_30    ramp_q    apf
