%% MATPOWER Case Format : Version 2
function mpc = RTS_GMLC
mpc.version = '2';

%%-----  Power Flow Data  -----%%
%% system MVA base
mpc.baseMVA = 100.0;
%% bus data
%    bus_i    type    Pd    Qd    Gs    Bs    area    Vm    Va    baseKV    zone    Vmax    Vmin
mpc.bus = [
	101	2	87.47946560842107	17.81989114245614	0.0	0.0	1	1.0332607590310987	-3.3690913784702228	138.0	11	1.05	0.95				
	102	2	78.56952003719299	16.199901038596494	0.0	0.0	1	1.0333926793125403	-3.4096275915957146	138.0	12	1.05	0.95				
	103	1	145.79910934736841	29.96981692140351	0.0	0.0	1	1.0179729512548317	-2.8697737474536464	138.0	11	1.05	0.95				
	104	1	59.93963384280702	12.149925778947368	0.0	0.0	1	1.0162726835896982	-6.035367404620413	138.0	11	1.05	0.95				
	105	1	57.509648687017545	11.339930727017546	0.0	0.0	1	1.0307827995591652	-6.397456259935442	138.0	11	1.05	0.95				
	106	1	110.15932706245614	22.67986145403509	0.0	-100.0	1	1.0345514877264008	-8.81781980163219	138.0	12	1.05	0.95				
	107	2	101.24938149122806	20.249876298245614	0.0	0.0	1	1.05	-5.848510768962295	138.0	12	1.05	0.95				
	108	1	138.50915388	28.34982681754386	0.0	0.0	1	1.0238278231149316	-8.438502341192102	138.0	12	1.05	0.95				
	109	1	141.74913408771928	29.159821869473685	0.0	0.0	1	1.0267903802493181	-5.239744907393981	138.0	13	1.05	0.95				
	110	1	157.9490351263158	32.39980207719299	0.0	0.0	1	1.05	-6.911619704218786	138.0	13	1.05	0.95				
	111	1	0.0	0.0	0.0	0.0	1	1.0176206540937325	-1.855858556373103	230.0	13	1.05	0.95				
	112	1	0.0	0.0	0.0	0.0	1	1.0180828787746485	-1.1054784239345874	230.0	13	1.05	0.95				
	113	3	214.6486887614035	43.73973280421053	0.0	0.0	1	1.0205814274058147	-8.379869935574638e-29	230.0	14	1.05	0.95				
	114	2	157.13904007438597	31.589807025263163	0.0	0.0	1	1.024666361002185	0.7328917819343737	230.0	16	1.05	0.95				
	115	2	256.7684314617544	51.83968332350878	0.0	0.0	1	1.0437035610792362	9.827178319847238	230.0	16	1.05	0.95				
	116	2	80.99950519298245	16.199901038596494	0.0	0.0	1	1.0439848695053822	9.323853820809742	230.0	16	1.05	0.95				
	117	1	0.0	0.0	0.0	0.0	1	1.0465856559120221	13.223355910326669	230.0	17	1.05	0.95				
	118	2	269.72835229263154	55.07966353122807	0.0	0.0	1	1.05	13.877391379280567	230.0	17	1.05	0.95				
	119	1	146.60910439929827	29.96981692140351	0.0	0.0	1	1.0395302424889263	7.6555194518410365	230.0	15	1.05	0.95				
	120	1	103.67936664701756	21.05987135017544	0.0	0.0	1	1.0426582978834806	7.469872389736476	230.0	15	1.05	0.95				
	121	2	0.0	0.0	0.0	0.0	1	1.05	14.49409471871373	230.0	17	1.05	0.95				
	122	2	0.0	0.0	0.0	0.0	1	1.05	24.158631233813978	230.0	17	1.05	0.95				
	123	2	0.0	0.0	0.0	0.0	1	1.0466356249744684	7.96051130238524	230.0	15	1.05	0.95				
	124	1	0.0	0.0	0.0	0.0	1	1.0180593369473145	5.135347602944184	230.0	16	1.05	0.95				
	201	2	101.55705965052633	20.687549188070175	0.0	0.0	2	1.05	-12.505656599446912	138.0	21	1.05	0.95				
	202	2	91.21328505649122	18.806862898245612	0.0	0.0	2	1.05	-12.523296127325205	138.0	22	1.05	0.95				
	203	1	169.26176608421054	34.79269636175438	0.0	0.0	2	1.0224739978193333	-9.493750295398781	138.0	21	1.05	0.95				
	204	1	69.58539272350876	14.10514717368421	0.0	0.0	2	1.0180806581936719	-13.912086656772267	138.0	21	1.05	0.95				
	205	1	66.76436328877192	13.16480402877193	0.0	0.0	2	1.0357866543067398	-14.379847787671483	138.0	21	1.05	0.95				
	206	1	127.88666770807018	26.32960805754386	0.0	-100.0	2	1.0317689945015447	-16.29731053154382	138.0	22	1.05	0.95				
	207	2	117.54289311403508	23.508578622807015	0.0	0.0	2	0.95	-25.57978797864904	138.0	22	1.05	0.95				
	208	1	160.79867778	32.91201007192982	0.0	0.0	2	0.9518421493472038	-22.9781280010937	138.0	22	1.05	0.95				
	209	1	164.56005035964913	33.852353216842104	0.0	0.0	2	1.0228779178751748	-11.258809200688656	138.0	23	1.05	0.95				
	210	1	183.3669132578947	37.613725796491224	0.0	0.0	2	1.0455972062870937	-13.348575706916124	138.0	23	1.05	0.95				
	211	1	0.0	0.0	0.0	0.0	2	1.030942104014866	-6.18580001286882	230.0	23	1.05	0.95				
	212	1	0.0	0.0	0.0	0.0	2	1.0248536631328884	-1.70175832588538	230.0	23	1.05	0.95				
	213	2	249.19093340175436	50.77852982526316	0.0	0.0	2	1.05	-1.3219687709678913	230.0	24	1.05	0.95				
	214	2	182.42657011298243	36.67338265157895	0.0	0.0	2	1.05	-4.628661047406108	230.0	26	1.05	0.95				
	215	2	298.08877693719296	60.18196127438596	0.0	0.0	2	1.043940216157863	3.4378956452153826	230.0	26	1.05	0.95				
	216	2	94.03431449122806	18.806862898245612	0.0	0.0	2	1.048228249048915	3.409501175570032	230.0	26	1.05	0.95				
	217	1	0.0	0.0	0.0	0.0	2	1.049552889618013	6.493653573159092	230.0	27	1.05	0.95				
	218	2	313.1342672557895	63.94333385403509	0.0	0.0	2	1.05	6.9526622529600965	230.0	27	1.05	0.95				
	219	1	170.2021092291228	34.79269636175438	0.0	0.0	2	1.0415642790658008	3.1461998066882604	230.0	25	1.05	0.95				
	220	1	120.36392254877192	24.4489217677193	0.0	0.0	2	1.0447051926335704	4.677080490825608	230.0	25	1.05	0.95				
	221	2	0.0	0.0	0.0	0.0	2	1.05	7.515075395751025	230.0	27	1.05	0.95				
	222	2	0.0	0.0	0.0	0.0	2	1.05	13.62636011030064	230.0	27	1.05	0.95				
	223	2	0.0	0.0	0.0	0.0	2	1.05	6.195800678893462	230.0	25	1.05	0.95				
	224	1	0.0	0.0	0.0	0.0	2	1.0195483311924471	-1.3601948815909286	230.0	26	1.05	0.95				
	301	2	94.79468523789475	19.310028474385966	0.0	0.0	3	0.984172854571331	-18.75874711845903	138.0	31	1.05	0.95				
	302	2	85.13967100070175	17.554571340350876	0.0	0.0	3	0.9849147634482539	-19.268784788953074	138.0	32	1.05	0.95				
	303	1	157.9911420631579	32.475956979649126	0.0	0.0	3	0.9849471584518252	-12.554263217734714	138.0	31	1.05	0.95				
	304	1	64.95191395929825	13.165928505263158	0.0	0.0	3	0.9680666703880836	-17.53314175155041	138.0	31	1.05	0.95				
	305	1	62.31872825824561	12.288199938245615	0.0	0.0	3	0.9830008806453332	-17.729593804514224	138.0	31	1.05	0.95				
	306	1	119.37108511438596	24.57639987649123	0.0	-100.0	3	0.987525403653819	-18.182146640659028	138.0	32	1.05	0.95				
	307	2	109.71607087719298	21.943214175438598	0.0	0.0	3	0.9592432921979893	-20.23066135086719	138.0	32	1.05	0.95				
	308	1	150.09158495999998	30.720499845614036	0.0	0.0	3	0.9538460903330519	-19.130731232332472	138.0	32	1.05	0.95				
	309	1	153.6024992280702	31.598228412631578	0.0	0.0	3	0.9880053659647828	-12.228583423160442	138.0	33	1.05	0.95				
	310	1	171.15707056842103	35.10914268070175	0.0	0.0	3	1.0081010424668937	-13.64766335349249	138.0	33	1.05	0.95				
	311	1	0.0	0.0	0.0	0.0	3	0.9871791348725847	-4.923566726357582	230.0	33	1.05	0.95				
	312	1	0.0	0.0	0.0	0.0	3	0.9875558176390213	-3.5632492545504535	230.0	33	1.05	0.95				
	313	2	232.59807025964912	47.39734261894738	0.0	0.0	3	1.0110788462598048	2.0426587838415893	230.0	34	1.05	0.95				
	314	2	170.2793420014035	34.23141411368421	0.0	0.0	3	1.0035481158733544	-3.335416141170566	230.0	36	1.05	0.95				
	315	2	278.23995574456137	56.17462828912281	0.0	0.0	3	1.0384129369635102	0.1936139952832152	230.0	36	1.05	0.95				
	316	2	87.77285670175439	17.554571340350876	0.0	0.0	3	1.034403646013783	0.5396895140778522	230.0	36	1.05	0.95				
	317	1	0.0	0.0	0.0	0.0	3	1.0412666714348104	2.409818196015281	230.0	37	1.05	0.95				
	318	2	292.2836128168421	59.68554255719298	0.0	0.0	3	1.042080770887017	2.170887563054086	230.0	37	1.05	0.95				
	319	1	158.86887063017545	32.475956979649126	0.0	0.0	3	1.0277287617685307	1.1122161967803683	230.0	35	1.05	0.95				
	320	1	112.34925657824562	22.82094274245614	0.0	0.0	3	1.027034889031947	1.9766844056602693	230.0	35	1.05	0.95				
	321	2	0.0	0.0	0.0	0.0	3	1.0457370935412642	3.45231415225843	230.0	37	1.05	0.95				
	322	2	0.0	0.0	0.0	0.0	3	1.05	8.810208694881196	230.0	37	1.05	0.95				
	323	2	0.0	0.0	0.0	0.0	3	1.028457977141698	2.6823467783108437	230.0	35	1.05	0.95				
	324	1	0.0	0.0	0.0	0.0	3	1.0048206923964487	-2.640915084053284	230.0	36	1.05	0.95				
	325	1	0.0	0.0	0.0	0.0	3	1.0273781166183156	3.6872208637751376	230.0	35	1.05	0.95				
];
