%% MATPOWER Case Format : Version 2
function mpc = RTS_GMLC
mpc.version = '2';

%%-----  Power Flow Data  -----%%
%% system MVA base
mpc.baseMVA = 100.0;
%% bus data
%    bus_i    type    Pd    Qd    Gs    Bs    area    Vm    Va    baseKV    zone    Vmax    Vmin
mpc.bus = [
	101	2	97.05838695157894	19.77115289754386	0.0	0.0	1	1.0483210291046032	-1.6961639197294998	138.0	11	1.05	0.95				
	102	2	87.17281050280701	17.97377536140351	0.0	0.0	1	1.0480785458573831	-1.8662632666485224	138.0	12	1.05	0.95				
	103	1	161.76397825263157	33.25148441859649	0.0	0.0	1	1.0219153497123896	-2.5286468028057434	138.0	11	1.05	0.95				
	104	1	66.50296883719298	13.48033152105263	0.0	0.0	1	1.0229141108042883	-5.346394438456161	138.0	11	1.05	0.95				
	105	1	63.80690253298245	12.581642752982455	0.0	0.0	1	1.0364905741859611	-5.8842791798919265	138.0	11	1.05	0.95				
	106	1	122.22167245754387	25.16328550596491	0.0	-100.0	1	1.0347052988959995	-9.063215325982318	138.0	12	1.05	0.95				
	107	2	112.33609600877192	22.467219201754386	0.0	0.0	1	1.05	-7.39226340916811	138.0	12	1.05	0.95				
	108	1	153.67577934	31.454106882456134	0.0	0.0	1	1.0211795727701036	-9.786305797234416	138.0	12	1.05	0.95				
	109	1	157.27053441228068	32.35279565052631	0.0	0.0	1	1.0272559933288856	-5.6241952029031435	138.0	13	1.05	0.95				
	110	1	175.2443097736842	35.94755072280702	0.0	0.0	1	1.05	-7.376724517089021	138.0	13	1.05	0.95				
	111	1	0.0	0.0	0.0	0.0	1	1.018909823408348	-2.395911054287456	230.0	13	1.05	0.95				
	112	1	0.0	0.0	0.0	0.0	1	1.0193037635785034	-1.551860770693538	230.0	13	1.05	0.95				
	113	3	238.15252353859648	48.52919347578947	0.0	0.0	1	1.0233757124187308	-4.000632193901038e-30	230.0	14	1.05	0.95				
	114	2	174.34562100561402	35.04886195473684	0.0	0.0	1	1.0253099428808925	-0.40261535335368615	230.0	16	1.05	0.95				
	115	2	284.8843394782456	57.516081156491225	0.0	0.0	1	1.0425536188287081	8.733029171989841	230.0	16	1.05	0.95				
	116	2	89.86887680701754	17.97377536140351	0.0	0.0	1	1.0427741994263797	7.9292775884398825	230.0	16	1.05	0.95				
	117	1	0.0	0.0	0.0	0.0	1	1.0466803361107313	11.78207602905367	230.0	17	1.05	0.95				
	118	2	299.2633597673684	61.11083622877194	0.0	0.0	1	1.0499999928508263	12.681485976746316	230.0	17	1.05	0.95				
	119	1	162.66266702070175	33.25148441859649	0.0	0.0	1	1.0374751640583832	6.2790289425532615	230.0	15	1.05	0.95				
	120	1	115.03216231298245	23.365907969824562	0.0	0.0	1	1.0403708972225432	6.044092941697037	230.0	15	1.05	0.95				
	121	2	0.0	0.0	0.0	0.0	1	1.05	13.95508743319747	230.0	17	1.05	0.95				
	122	2	0.0	0.0	0.0	0.0	1	1.05	20.638928433439155	230.0	17	1.05	0.95				
	123	2	0.0	0.0	0.0	0.0	1	1.04464187679711	6.57425836391436	230.0	15	1.05	0.95				
	124	1	0.0	0.0	0.0	0.0	1	1.0207466400884535	4.5545152646571	230.0	16	1.05	0.95				
	201	2	89.98016684210526	18.329293245614036	0.0	0.0	2	1.0428912144658495	-14.51680985652164	138.0	21	1.05	0.95				
	202	2	80.81552021929824	16.662993859649124	0.0	0.0	2	1.0454950440268025	-14.64481086114501	138.0	22	1.05	0.95				
	203	1	149.96694473684212	30.826538640350876	0.0	0.0	2	1.0255856341122038	-10.50005553918894	138.0	21	1.05	0.95				
	204	1	61.65307728070175	12.497245394736842	0.0	0.0	2	1.0201538921942679	-15.75725265208391	138.0	21	1.05	0.95				
	205	1	59.15362820175438	11.664095701754388	0.0	0.0	2	1.035851660331051	-16.279434013624687	138.0	21	1.05	0.95				
	206	1	113.30835824561404	23.328191403508775	0.0	-100.0	2	1.03746377391851	-18.054449415379786	138.0	22	1.05	0.95				
	207	2	104.14371162280702	20.828742324561404	0.0	0.0	2	0.95	-29.12178569357741	138.0	22	1.05	0.95				
	208	1	142.4685975	29.16023925438596	0.0	0.0	2	0.9555886807255876	-25.470936449507658	138.0	22	1.05	0.95				
	209	1	145.80119627192983	29.99338894736842	0.0	0.0	2	1.0262709450041856	-13.312678636638935	138.0	23	1.05	0.95				
	210	1	162.46419013157893	33.32598771929825	0.0	0.0	2	1.05	-15.460404368765102	138.0	23	1.05	0.95				
	211	1	0.0	0.0	0.0	0.0	2	1.0332472888351263	-8.703663971324787	230.0	23	1.05	0.95				
	212	1	0.0	0.0	0.0	0.0	2	1.0266043791008221	-4.866086103035145	230.0	23	1.05	0.95				
	213	2	220.78466864035087	44.99008342105263	0.0	0.0	2	1.05	-5.632530490261972	230.0	24	1.05	0.95				
	214	2	161.63104043859647	32.49283802631579	0.0	0.0	2	1.05	-5.966263661061544	230.0	26	1.05	0.95				
	215	2	264.10845267543857	53.3215803508772	0.0	0.0	2	1.045377801120846	3.2880084210428793	230.0	26	1.05	0.95				
	216	2	83.31496929824561	16.662993859649124	0.0	0.0	2	1.0490586585494608	3.053861277984157	230.0	26	1.05	0.95				
	217	1	0.0	0.0	0.0	0.0	2	1.049541296435723	6.199336602516877	230.0	27	1.05	0.95				
	218	2	277.43884776315787	56.65417912280702	0.0	0.0	2	1.05	6.884160732569625	230.0	27	1.05	0.95				
	219	1	150.80009442982455	30.826538640350876	0.0	0.0	2	1.043230161808531	2.7108207929828056	230.0	25	1.05	0.95				
	220	1	106.6431607017544	21.66189201754386	0.0	0.0	2	1.0457438557607637	3.969274961688373	230.0	25	1.05	0.95				
	221	2	0.0	0.0	0.0	0.0	2	1.05	7.4106671753336375	230.0	27	1.05	0.95				
	222	2	0.0	0.0	0.0	0.0	2	1.05	13.447315577518753	230.0	27	1.05	0.95				
	223	2	0.0	0.0	0.0	0.0	2	1.05	5.26325280247683	230.0	25	1.05	0.95				
	224	1	0.0	0.0	0.0	0.0	2	1.020346189372001	-1.837015572095486	230.0	26	1.05	0.95				
	301	2	85.74058841684212	17.465675418245613	0.0	0.0	3	0.9829077194677098	-2.2322060367761547	138.0	31	1.05	0.95				
	302	2	77.0077507077193	15.877886743859648	0.0	0.0	3	0.9855643950871182	-2.578798967216916	138.0	32	1.05	0.95				
	303	1	142.90098069473686	29.374090476140346	0.0	0.0	3	0.9975450188385059	1.611002649465047	138.0	31	1.05	0.95				
	304	1	58.74818095228069	11.908415057894736	0.0	0.0	3	0.9762666339952292	-0.5894972715291289	138.0	31	1.05	0.95				
	305	1	56.36649794070174	11.114520720701755	0.0	0.0	3	0.9880837114629146	-0.5924828057444651	138.0	31	1.05	0.95				
	306	1	107.96962985824561	22.22904144140351	0.0	-100.0	3	0.9979463099396737	-0.5954524261311098	138.0	32	1.05	0.95				
	307	2	99.2367921491228	19.84735842982456	0.0	0.0	3	0.95	-7.192143685708779	138.0	32	1.05	0.95				
	308	1	135.75593166	27.78630180175438	0.0	0.0	3	0.9565206620613683	-3.251215120560996	138.0	32	1.05	0.95				
	309	1	138.9315090087719	28.580196138947368	0.0	0.0	3	0.9988142920960934	4.47198157615077	138.0	33	1.05	0.95				
	310	1	154.8093957526316	31.755773487719296	0.0	0.0	3	1.0178452029908536	3.7613335920878845	138.0	33	1.05	0.95				
	311	1	0.0	0.0	0.0	0.0	3	0.9948158079060779	12.284032090821103	230.0	33	1.05	0.95				
	312	1	0.0	0.0	0.0	0.0	3	0.9987785121071456	13.747429597594559	230.0	33	1.05	0.95				
	313	2	210.38199935614034	42.87029420842106	0.0	0.0	3	1.0291275515586995	21.97280392373325	230.0	34	1.05	0.95				
	314	2	154.0155014154386	30.96187915052632	0.0	0.0	3	1.0066634585510856	11.583391041154432	230.0	36	1.05	0.95				
	315	2	251.6645048901754	50.809237580350874	0.0	0.0	3	1.0479220699350922	8.864636463244626	230.0	36	1.05	0.95				
	316	2	79.38943371929824	15.877886743859648	0.0	0.0	3	1.0448512061516444	10.181075150384565	230.0	36	1.05	0.95				
	317	1	0.0	0.0	0.0	0.0	3	1.0485422481593214	10.344670172032666	230.0	37	1.05	0.95				
	318	2	264.36681428526316	53.984814929122805	0.0	0.0	3	1.0473521778583115	9.341415091610491	230.0	37	1.05	0.95				
	319	1	143.69487503192983	29.374090476140346	0.0	0.0	3	1.0377207666233663	12.068731628254739	230.0	35	1.05	0.95				
	320	1	101.61847516070175	20.641252767017544	0.0	0.0	3	1.035982680674851	13.796706825920381	230.0	35	1.05	0.95				
	321	2	0.0	0.0	0.0	0.0	3	1.05	10.718197537368326	230.0	37	1.05	0.95				
	322	2	0.0	0.0	0.0	0.0	3	1.05	14.917288620913796	230.0	37	1.05	0.95				
	323	2	0.0	0.0	0.0	0.0	3	1.0357974975603044	14.546055158635188	230.0	35	1.05	0.95				
	324	1	0.0	0.0	0.0	0.0	3	1.0218849198826296	8.047834801636885	230.0	36	1.05	0.95				
	325	1	0.0	0.0	0.0	0.0	3	1.037955183271191	14.502817698702307	230.0	35	1.05	0.95				
];
