%% MATPOWER Case Format : Version 2
function mpc = RTS_GMLC
mpc.version = '2';

%%-----  Power Flow Data  -----%%
%% system MVA base
mpc.baseMVA = 100.0;
%% bus data
%    bus_i    type    Pd    Qd    Gs    Bs    area    Vm    Va    baseKV    zone    Vmax    Vmin
mpc.bus = [
	101	2	65.1019297263158	13.261504203508773	0.0	0.0	1	1.0304611565358726	-0.8739460968066737	138.0	11	1.05	0.95				
	102	2	58.4711776245614	12.055912912280704	0.0	0.0	1	1.0299377688435132	-1.0800978011254463	138.0	12	1.05	0.95				
	103	1	108.50321621052632	22.3034388877193	0.0	0.0	1	1.0229232930513308	-0.16712995725952848	138.0	11	1.05	0.95				
	104	1	44.6068777754386	9.041934684210526	0.0	0.0	1	1.0167402459175963	-3.9743118354564437	138.0	11	1.05	0.95				
	105	1	42.798490838596486	8.439139038596492	0.0	0.0	1	1.0320192362244995	-4.045639522049523	138.0	11	1.05	0.95				
	106	1	81.98020780350878	16.878278077192984	0.0	-100.0	1	1.0397135387308918	-6.413396245902904	138.0	12	1.05	0.95				
	107	2	75.34945570175438	15.069891140350878	0.0	0.0	1	1.0067233444190884	-12.307865079918166	138.0	12	1.05	0.95				
	108	1	103.0780554	21.097847596491228	0.0	0.0	1	1.0020141756443361	-10.938764698831314	138.0	12	1.05	0.95				
	109	1	105.48923798245613	21.700643242105265	0.0	0.0	1	1.024835691092271	-3.8909094870743757	138.0	13	1.05	0.95				
	110	1	117.54515089473685	24.111825824561407	0.0	0.0	1	1.05	-5.349844949484552	138.0	13	1.05	0.95				
	111	1	0.0	0.0	0.0	0.0	1	1.0136139338286922	-0.6782706786782343	230.0	13	1.05	0.95				
	112	1	0.0	0.0	0.0	0.0	1	1.0154678380059932	-0.8428777693116302	230.0	13	1.05	0.95				
	113	3	159.7408460877193	32.5509648631579	0.0	0.0	1	1.0120196084597959	2.3978310305869863e-28	230.0	14	1.05	0.95				
	114	2	116.9423552491228	23.50903017894737	0.0	0.0	1	1.0209431364591728	2.693370954482969	230.0	16	1.05	0.95				
	115	2	191.08621965964912	38.578921319298246	0.0	0.0	1	1.0431174331178803	12.31593180079219	230.0	16	1.05	0.95				
	116	2	60.27956456140351	12.055912912280704	0.0	0.0	1	1.0402329368141652	11.098446077850117	230.0	16	1.05	0.95				
	117	1	0.0	0.0	0.0	0.0	1	1.041830734384693	15.94673877540994	230.0	17	1.05	0.95				
	118	2	200.7309499894737	40.99010390175439	0.0	0.0	1	1.05	16.03765129044368	230.0	17	1.05	0.95				
	119	1	109.10601185614036	22.3034388877193	0.0	0.0	1	1.034321582546022	8.044479472287653	230.0	15	1.05	0.95				
	120	1	77.15784263859649	15.672686785964911	0.0	0.0	1	1.0358130934154566	6.5318692397046485	230.0	15	1.05	0.95				
	121	2	0.0	0.0	0.0	0.0	1	1.05	17.55624866487489	230.0	17	1.05	0.95				
	122	2	0.0	0.0	0.0	0.0	1	1.05	35.10457258634059	230.0	17	1.05	0.95				
	123	2	0.0	0.0	0.0	0.0	1	1.0379997955134934	6.152011976937525	230.0	15	1.05	0.95				
	124	1	0.0	0.0	0.0	0.0	1	1.0198374599283704	7.679597562744852	230.0	16	1.05	0.95				
	201	2	66.92838029052632	13.633558948070176	0.0	0.0	2	1.0292532371207435	-16.156900190454255	138.0	21	1.05	0.95				
	202	2	60.111600816491226	12.394144498245614	0.0	0.0	2	1.0296859542667929	-16.181916902562577	138.0	22	1.05	0.95				
	203	1	111.54730048421054	22.929167321754385	0.0	0.0	2	1.0180376133206164	-13.56335058081796	138.0	21	1.05	0.95				
	204	1	45.85833464350877	9.29560837368421	0.0	0.0	2	1.0159554080975701	-18.03102504497311	138.0	21	1.05	0.95				
	205	1	43.99921296877193	8.675901148771931	0.0	0.0	2	1.0316762875994923	-18.406452754049024	138.0	21	1.05	0.95				
	206	1	84.28018258807019	17.351802297543863	0.0	-100.0	2	1.0396683028999985	-20.24327723056451	138.0	22	1.05	0.95				
	207	2	77.46340311403509	15.492680622807017	0.0	0.0	2	0.9877865997074899	-29.46127611589494	138.0	22	1.05	0.95				
	208	1	105.96993546	21.689752871929823	0.0	0.0	2	0.9872729229206918	-26.464351843595622	138.0	22	1.05	0.95				
	209	1	108.44876435964912	22.309460096842106	0.0	0.0	2	1.023744707433174	-17.01714950094574	138.0	23	1.05	0.95				
	210	1	120.84290885789473	24.78828899649123	0.0	0.0	2	1.05	-18.717812557868715	138.0	23	1.05	0.95				
	211	1	0.0	0.0	0.0	0.0	2	1.0183017431068124	-13.181122577270779	230.0	23	1.05	0.95				
	212	1	0.0	0.0	0.0	0.0	2	1.0154672148376274	-12.2829469489377	230.0	23	1.05	0.95				
	213	2	164.22241460175437	33.46419014526316	0.0	0.0	2	1.0201512577902858	-11.792375189308036	230.0	24	1.05	0.95				
	214	2	120.22320163298245	24.16858177157895	0.0	0.0	2	1.030443647565569	-9.761274859552206	230.0	26	1.05	0.95				
	215	2	196.44719029719298	39.661262394385965	0.0	0.0	2	1.041014509232631	-0.8702783763192466	230.0	26	1.05	0.95				
	216	2	61.97072249122807	12.394144498245614	0.0	0.0	2	1.043930178075092	-1.1535137355640435	230.0	26	1.05	0.95				
	217	1	0.0	0.0	0.0	0.0	2	1.0456488326412094	2.232984194930383	230.0	27	1.05	0.95				
	218	2	206.36250589578947	42.140091294035095	0.0	0.0	2	1.0470618897016402	2.4821598710187436	230.0	27	1.05	0.95				
	219	1	112.1670077091228	22.929167321754385	0.0	0.0	2	1.0425485226572917	-1.895851432288726	230.0	25	1.05	0.95				
	220	1	79.32252478877193	16.112387847719297	0.0	0.0	2	1.04637686425062	-1.3762344870043366	230.0	25	1.05	0.95				
	221	2	0.0	0.0	0.0	0.0	2	1.046564414597808	2.1262313922715137	230.0	27	1.05	0.95				
	222	2	0.0	0.0	0.0	0.0	2	1.05	8.677198308184384	230.0	27	1.05	0.95				
	223	2	0.0	0.0	0.0	0.0	2	1.05	-0.6398910787689062	230.0	25	1.05	0.95				
	224	1	0.0	0.0	0.0	0.0	2	1.016440897659491	-5.572527739624527	230.0	26	1.05	0.95				
	301	2	50.83960770947369	10.356216385263158	0.0	0.0	3	1.0113005283890495	-5.794136633546265	138.0	31	1.05	0.95				
	302	2	45.6614995168421	9.414742168421053	0.0	0.0	3	1.0104784821478248	-6.068117830343178	138.0	32	1.05	0.95				
	303	1	84.73267951578947	17.417273011578946	0.0	0.0	3	1.0479273610049498	5.55386975846856	138.0	31	1.05	0.95				
	304	1	34.83454602315789	7.061056626315788	0.0	0.0	3	1.0115733065578152	-4.648651930866133	138.0	31	1.05	0.95				
	305	1	33.42233469789473	6.590319517894737	0.0	0.0	3	1.0248074597240737	-6.439118385059063	138.0	31	1.05	0.95				
	306	1	64.02024674526315	13.180639035789474	0.0	-100.0	3	1.0398099921352695	-7.350420685242402	138.0	32	1.05	0.95				
	307	2	58.842138552631575	11.768427710526314	0.0	0.0	3	0.9890180601153036	-12.058926378468824	138.0	32	1.05	0.95				
	308	1	80.49604554	16.47579879473684	0.0	0.0	3	0.9955141653258123	-9.913488722619805	138.0	32	1.05	0.95				
	309	1	82.3789939736842	16.94653590315789	0.0	0.0	3	1.0275029767312158	-1.5650376244221644	138.0	33	1.05	0.95				
	310	1	91.79373614210526	18.829484336842107	0.0	0.0	3	1.05	-5.568844380041409	138.0	33	1.05	0.95				
	311	1	0.0	0.0	0.0	0.0	3	1.010562669980935	-0.6851657896173404	230.0	33	1.05	0.95				
	312	1	0.0	0.0	0.0	0.0	3	1.0153700283236617	0.07507983287081693	230.0	33	1.05	0.95				
	313	2	124.74533373157894	25.419803854736845	0.0	0.0	3	1.0132968915430514	2.334283551713117	230.0	34	1.05	0.95				
	314	2	91.3229990336842	18.358747228421052	0.0	0.0	3	1.0070860251713387	-0.34688814644294563	230.0	36	1.05	0.95				
	315	2	149.22366336947368	30.127174938947366	0.0	0.0	3	1.0414490685965319	2.76059782486069	230.0	36	1.05	0.95				
	316	2	47.07371084210526	9.414742168421053	0.0	0.0	3	1.037161598591144	2.926898161836224	230.0	36	1.05	0.95				
	317	1	0.0	0.0	0.0	0.0	3	1.0467700935016226	5.216342192328981	230.0	37	1.05	0.95				
	318	2	156.75545710421054	32.010123372631575	0.0	0.0	3	1.045065513219616	3.739318362181797	230.0	37	1.05	0.95				
	319	1	85.20341662421053	17.417273011578946	0.0	0.0	3	1.030915642096024	2.6551558000107383	230.0	35	1.05	0.95				
	320	1	60.25434987789473	12.239164818947367	0.0	0.0	3	1.0288208179602654	3.3279674262644137	230.0	35	1.05	0.95				
	321	2	0.0	0.0	0.0	0.0	3	1.0447603553487246	3.997430912200474	230.0	37	1.05	0.95				
	322	2	0.0	0.0	0.0	0.0	3	1.05	8.81076276876215	230.0	37	1.05	0.95				
	323	2	0.0	0.0	0.0	0.0	3	1.0285918575285193	4.060079494170502	230.0	35	1.05	0.95				
	324	1	0.0	0.0	0.0	0.0	3	1.0408407506912283	3.8317405723966695	230.0	36	1.05	0.95				
	325	1	0.0	0.0	0.0	0.0	3	1.0266937565541105	5.203010732020187	230.0	35	1.05	0.95				
];
