%% MATPOWER Case Format : Version 2
function mpc = RTS_GMLC
mpc.version = '2';

%%-----  Power Flow Data  -----%%
%% system MVA base
mpc.baseMVA = 100.0;
%% bus data
%    bus_i    type    Pd    Qd    Gs    Bs    area    Vm    Va    baseKV    zone    Vmax    Vmin
mpc.bus = [
	101	2	97.75309251789473	19.912666994385965	0.0	0.0	1	1.0467612521144782	-2.1565001568538924	138.0	11	1.05	0.95				
	102	2	87.79675902070176	18.102424540350878	0.0	0.0	1	1.0465205817654581	-2.324736129840947	138.0	12	1.05	0.95				
	103	1	162.9218208631579	33.48948539964912	0.0	0.0	1	1.0201789707087456	-3.0743511854652534	138.0	11	1.05	0.95				
	104	1	66.97897079929824	13.576818405263158	0.0	0.0	1	1.0220028012507658	-5.731289281939687	138.0	11	1.05	0.95				
	105	1	64.26360711824562	12.671697178245614	0.0	0.0	1	1.0357051581010772	-6.23374415577703	138.0	11	1.05	0.95				
	106	1	123.09648687438597	25.343394356491228	0.0	-100.0	1	1.0342250506828352	-9.35430292173779	138.0	12	1.05	0.95				
	107	2	113.14015337719299	22.628030675438595	0.0	0.0	1	1.05	-7.727898821576044	138.0	12	1.05	0.95				
	108	1	154.77572981999998	31.679242945614032	0.0	0.0	1	1.020981095648077	-10.094638995728092	138.0	12	1.05	0.95				
	109	1	158.39621472807016	32.584364172631574	0.0	0.0	1	1.0272846045655895	-5.864556623165456	138.0	13	1.05	0.95				
	110	1	176.49863926842104	36.204849080701756	0.0	0.0	1	1.05	-7.583400785221429	138.0	13	1.05	0.95				
	111	1	0.0	0.0	0.0	0.0	1	1.0194911433931586	-2.468125101434167	230.0	13	1.05	0.95				
	112	1	0.0	0.0	0.0	0.0	1	1.0199154246142574	-1.5262246046712369	230.0	13	1.05	0.95				
	113	3	239.85712515964912	48.876546258947364	0.0	0.0	1	1.0251320422877421	-2.62843292496168e-27	230.0	14	1.05	0.95				
	114	2	175.5935180414035	35.29972785368421	0.0	0.0	1	1.0259821189340146	-0.3975431372258863	230.0	16	1.05	0.95				
	115	2	286.92342896456137	57.927758529122805	0.0	0.0	1	1.0429912597492565	8.654444138170906	230.0	16	1.05	0.95				
	116	2	90.51212270175438	18.102424540350878	0.0	0.0	1	1.0438338789410109	8.071441784194842	230.0	16	1.05	0.95				
	117	1	0.0	0.0	0.0	0.0	1	1.0472073342876789	11.79177758670472	230.0	17	1.05	0.95				
	118	2	301.4053685968421	61.54824343719299	0.0	0.0	1	1.05	12.696664097936587	230.0	17	1.05	0.95				
	119	1	163.82694209017544	33.48948539964912	0.0	0.0	1	1.039199029547315	6.524284789657038	230.0	15	1.05	0.95				
	120	1	115.85551705824561	23.53315190245614	0.0	0.0	1	1.042955368889052	6.51623900707359	230.0	15	1.05	0.95				
	121	2	0.0	0.0	0.0	0.0	1	1.05	13.659241483064594	230.0	17	1.05	0.95				
	122	2	0.0	0.0	0.0	0.0	1	1.05	20.090134797643184	230.0	17	1.05	0.95				
	123	2	0.0	0.0	0.0	0.0	1	1.04776016814698	7.171318497398632	230.0	15	1.05	0.95				
	124	1	0.0	0.0	0.0	0.0	1	1.0197575665106746	4.310564984779631	230.0	16	1.05	0.95				
	201	2	104.60003149894739	21.30741382385965	0.0	0.0	2	1.05	-14.886919986676592	138.0	21	1.05	0.95				
	202	2	93.94632458701754	19.370376203508773	0.0	0.0	2	1.05	-14.919763137836972	138.0	22	1.05	0.95				
	203	1	174.33338583157897	35.83519597649123	0.0	0.0	2	1.0200719083588357	-11.199857428624956	138.0	21	1.05	0.95				
	204	1	71.67039195298246	14.52778215263158	0.0	0.0	2	1.0157690996155317	-16.20737880408132	138.0	21	1.05	0.95				
	205	1	68.76483552245614	13.559263342456143	0.0	0.0	2	1.0338666974924378	-16.74271231570368	138.0	21	1.05	0.95				
	206	1	131.71855818385967	27.118526684912286	0.0	-100.0	2	1.0284858392915095	-18.684560650599586	138.0	22	1.05	0.95				
	207	2	121.06485127192983	24.212970254385965	0.0	0.0	2	0.95	-27.070581365164596	138.0	22	1.05	0.95				
	208	1	165.61671654	33.89815835614035	0.0	0.0	2	0.9502111356193349	-24.88435386720834	138.0	22	1.05	0.95				
	209	1	169.49079178070176	34.86667716631579	0.0	0.0	2	1.0198883951606375	-13.33871382383744	138.0	23	1.05	0.95				
	210	1	188.86116798421054	38.740752407017546	0.0	0.0	2	1.0425507070227416	-15.594768711723823	138.0	23	1.05	0.95				
	211	1	0.0	0.0	0.0	0.0	2	1.0291944549399803	-7.854289076353825	230.0	23	1.05	0.95				
	212	1	0.0	0.0	0.0	0.0	2	1.0207043931020228	-4.093607294399111	230.0	23	1.05	0.95				
	213	2	256.6574846964912	52.300015749473694	0.0	0.0	2	1.05	-2.958213168889935	230.0	24	1.05	0.95				
	214	2	187.89264917403509	37.772233596842106	0.0	0.0	2	1.05	-5.879750699130132	230.0	26	1.05	0.95				
	215	2	307.02046282561406	61.98520385122808	0.0	0.0	2	1.0438950703604204	3.107646382641486	230.0	26	1.05	0.95				
	216	2	96.85188101754386	19.370376203508773	0.0	0.0	2	1.047685396507183	2.9384462794344843	230.0	26	1.05	0.95				
	217	1	0.0	0.0	0.0	0.0	2	1.0495397189586295	5.954565665326506	230.0	27	1.05	0.95				
	218	2	322.5167637884211	65.85927909192984	0.0	0.0	2	1.05	6.417058739672598	230.0	27	1.05	0.95				
	219	1	175.3019046417544	35.83519597649123	0.0	0.0	2	1.0408424523393944	2.88117059079033	230.0	25	1.05	0.95				
	220	1	123.97040770245616	25.181489064561408	0.0	0.0	2	1.0442554953611407	4.646087155770528	230.0	25	1.05	0.95				
	221	2	0.0	0.0	0.0	0.0	2	1.05	7.047093090042985	230.0	27	1.05	0.95				
	222	2	0.0	0.0	0.0	0.0	2	1.05	13.130431239682183	230.0	27	1.05	0.95				
	223	2	0.0	0.0	0.0	0.0	2	1.05	6.312315878130388	230.0	25	1.05	0.95				
	224	1	0.0	0.0	0.0	0.0	2	1.0166191386115557	-2.1915808088923243	230.0	26	1.05	0.95				
	301	2	80.59854474947369	16.418222078596493	0.0	0.0	3	1.0106406404206545	-6.499447050949896	138.0	31	1.05	0.95				
	302	2	72.38943371017544	14.92565643508772	0.0	0.0	3	1.0110122035232574	-6.688070063197379	138.0	32	1.05	0.95				
	303	1	134.33090791578948	27.61246440491228	0.0	0.0	3	1.0289094657241242	2.2974107750989963	138.0	31	1.05	0.95				
	304	1	55.22492880982456	11.19424232631579	0.0	0.0	3	1.0043736324512766	-4.006321145585008	138.0	31	1.05	0.95				
	305	1	52.9860803445614	10.447959504561405	0.0	0.0	3	1.0175623155361078	-5.073473247121	138.0	31	1.05	0.95				
	306	1	101.4944637585965	20.89591900912281	0.0	-100.0	3	1.0284701545719535	-5.078986849509295	138.0	32	1.05	0.95				
	307	2	93.28535271929826	18.65707054385965	0.0	0.0	3	0.9958084341773524	-7.711747889319421	138.0	32	1.05	0.95				
	308	1	127.61436252	26.11989876140351	0.0	0.0	3	0.9977764489563334	-5.487698600810769	138.0	32	1.05	0.95				
	309	1	130.59949380701755	26.866181583157893	0.0	0.0	3	1.027321549445861	1.2295225847768911	138.0	33	1.05	0.95				
	310	1	145.52515024210527	29.85131287017544	0.0	0.0	3	1.0463738100502649	-1.2350481808373086	138.0	33	1.05	0.95				
	311	1	0.0	0.0	0.0	0.0	3	1.0192257210949627	7.594114812055896	230.0	33	1.05	0.95				
	312	1	0.0	0.0	0.0	0.0	3	1.0206010379954051	8.045573347686775	230.0	33	1.05	0.95				
	313	2	197.76494776491228	40.299272374736844	0.0	0.0	3	1.0473235382875334	15.39393513699439	230.0	34	1.05	0.95				
	314	2	144.77886742035088	29.105030048421053	0.0	0.0	3	1.0269563370784753	8.121665713660196	230.0	36	1.05	0.95				
	315	2	236.57165449614035	47.7621005922807	0.0	0.0	3	1.0440536606631403	7.679560460500036	230.0	36	1.05	0.95				
	316	2	74.6282821754386	14.92565643508772	0.0	0.0	3	1.042174225097682	8.39870283961489	230.0	36	1.05	0.95				
	317	1	0.0	0.0	0.0	0.0	3	1.045646606091967	9.023736414237217	230.0	37	1.05	0.95				
	318	2	248.51217964421056	50.74723187929825	0.0	0.0	3	1.0454340449304476	8.448604187643138	230.0	37	1.05	0.95				
	319	1	135.07719073754387	27.61246440491228	0.0	0.0	3	1.0396272210426956	9.567555356339932	230.0	35	1.05	0.95				
	320	1	95.5242011845614	19.403353365614038	0.0	0.0	3	1.0409321412677695	10.637618570771675	230.0	35	1.05	0.95				
	321	2	0.0	0.0	0.0	0.0	3	1.0482191524241744	9.87824185619101	230.0	37	1.05	0.95				
	322	2	0.0	0.0	0.0	0.0	3	1.05	15.315036699644056	230.0	37	1.05	0.95				
	323	2	0.0	0.0	0.0	0.0	3	1.0421628397611307	11.094199974072582	230.0	35	1.05	0.95				
	324	1	0.0	0.0	0.0	0.0	3	1.0330335336140544	7.428552559545011	230.0	36	1.05	0.95				
	325	1	0.0	0.0	0.0	0.0	3	1.0431664213094847	11.313791417381161	230.0	35	1.05	0.95				
];

%% generator data
%    bus    Pg    Qg    Qmax    Qmin    Vg    mBase    status    Pmax    Pmin    Pc1    Pc2    Qc1min    Qc1max    Qc2min    Qc2max    ramp_agc    ramp_10    ramp_30    ramp_q    apf
