%% MATPOWER Case Format : Version 2
function mpc = RTS_GMLC
mpc.version = '2';

%%-----  Power Flow Data  -----%%
%% system MVA base
mpc.baseMVA = 100.0;
%% bus data
%    bus_i    type    Pd    Qd    Gs    Bs    area    Vm    Va    baseKV    zone    Vmax    Vmin
mpc.bus = [
	101	2	53.70608610947368	10.940128651929824	0.0	0.0	1	1.0322866558513366	1.263237093584958	138.0	11	1.05	0.95				
	102	2	48.23602178350877	9.945571501754385	0.0	0.0	1	1.0318808365430903	1.118090065273294	138.0	12	1.05	0.95				
	103	1	89.51014351578948	18.399307278245615	0.0	0.0	1	1.0249314381074714	-0.5009748969543057	138.0	11	1.05	0.95				
	104	1	36.79861455649123	7.459178626315789	0.0	0.0	1	1.0196820024488766	-2.029733475118138	138.0	11	1.05	0.95				
	105	1	35.30677883122807	6.961900051228071	0.0	0.0	1	1.0343650366088097	-1.853783861117226	138.0	11	1.05	0.95				
	106	1	67.62988621192983	13.923800102456141	0.0	-100.0	1	1.0431957907142595	-4.096213000584736	138.0	12	1.05	0.95				
	107	2	62.1598218859649	12.431964377192982	0.0	0.0	1	1.0192186920652229	-6.31906164307314	138.0	12	1.05	0.95				
	108	1	85.03463633999999	17.404750128070173	0.0	0.0	1	1.0144102208660652	-6.483442564371889	138.0	12	1.05	0.95				
	109	1	87.02375064035087	17.902028703157892	0.0	0.0	1	1.025090600348652	-2.588127064608595	138.0	13	1.05	0.95				
	110	1	96.96932214210526	19.89114300350877	0.0	0.0	1	1.05	-3.442340090168214	138.0	13	1.05	0.95				
	111	1	0.0	0.0	0.0	0.0	1	1.0048007184680892	-0.6595321474134223	230.0	13	1.05	0.95				
	112	1	0.0	0.0	0.0	0.0	1	1.0104595979096942	-0.1650732627758882	230.0	13	1.05	0.95				
	113	3	131.7788223982456	26.85304305473684	0.0	0.0	1	1.000085735695591	1.6402877472739232e-28	230.0	14	1.05	0.95				
	114	2	96.47204356701754	19.393864428421054	0.0	0.0	1	1.000424172740914	1.2455285515680736	230.0	16	1.05	0.95				
	115	2	157.637308302807	31.825828805614037	0.0	0.0	1	1.0350735851033985	7.2844452985310495	230.0	16	1.05	0.95				
	116	2	49.727857508771926	9.945571501754385	0.0	0.0	1	1.0319891747198442	6.862751050702656	230.0	16	1.05	0.95				
	117	1	0.0	0.0	0.0	0.0	1	1.0385209191102216	8.821036910453007	230.0	17	1.05	0.95				
	118	2	165.59376550421052	33.814943105964915	0.0	0.0	1	1.040110075322796	8.897912618103751	230.0	17	1.05	0.95				
	119	1	90.00742209087718	18.399307278245615	0.0	0.0	1	1.0271359227148638	5.782721297356279	230.0	15	1.05	0.95				
	120	1	63.651657611228075	12.9292429522807	0.0	0.0	1	1.0267334791517095	5.806688564179627	230.0	15	1.05	0.95				
	121	2	0.0	0.0	0.0	0.0	1	1.043426674968125	10.112160300876605	230.0	17	1.05	0.95				
	122	2	0.0	0.0	0.0	0.0	1	1.05	16.145240013248866	230.0	17	1.05	0.95				
	123	2	0.0	0.0	0.0	0.0	1	1.0273969996906684	6.200874823429755	230.0	15	1.05	0.95				
	124	1	0.0	0.0	0.0	0.0	1	1.0213232295085242	4.372097253269568	230.0	16	1.05	0.95				
	201	2	62.5254210568421	12.736659844912278	0.0	0.0	2	1.0332910284433636	-11.591783326203185	138.0	21	1.05	0.95				
	202	2	56.157091134385965	11.578781677192982	0.0	0.0	2	1.033518077458129	-11.667762708400362	138.0	22	1.05	0.95				
	203	1	104.20903509473685	21.420746102807016	0.0	0.0	2	1.0204145497003032	-9.599284716550178	138.0	21	1.05	0.95				
	204	1	42.84149220561403	8.684086257894737	0.0	0.0	2	1.018154981656156	-13.91708053394751	138.0	21	1.05	0.95				
	205	1	41.10467495403508	8.105147174035087	0.0	0.0	2	1.0341356708039642	-14.189666733161769	138.0	21	1.05	0.95				
	206	1	78.73571540491228	16.210294348070175	0.0	-100.0	2	1.0416074010490322	-16.198299795868614	138.0	22	1.05	0.95				
	207	2	72.36738548245614	14.473477096491226	0.0	0.0	2	0.9889365107779116	-24.95362273886988	138.0	22	1.05	0.95				
	208	1	98.99858334	20.262867935087716	0.0	0.0	2	0.9898178772197367	-22.18676631028628	138.0	22	1.05	0.95				
	209	1	101.31433967543859	20.841807018947367	0.0	0.0	2	1.0232232279299187	-13.40796504326314	138.0	23	1.05	0.95				
	210	1	112.89312135263157	23.157563354385964	0.0	0.0	2	1.05	-14.996647153146348	138.0	23	1.05	0.95				
	211	1	0.0	0.0	0.0	0.0	2	1.0140248606109057	-10.19180574600837	230.0	23	1.05	0.95				
	212	1	0.0	0.0	0.0	0.0	2	1.0133050101063898	-9.40417812162068	230.0	23	1.05	0.95				
	213	2	153.41885722280702	31.26271052842105	0.0	0.0	2	1.0130822013130452	-9.056729591634571	230.0	24	1.05	0.95				
	214	2	112.31418226877193	22.578624270526316	0.0	0.0	2	1.0220074856224648	-7.161121986740718	230.0	26	1.05	0.95				
	215	2	183.52368958350874	37.05210136701754	0.0	0.0	2	1.0332904188165726	0.9101762472840492	230.0	26	1.05	0.95				
	216	2	57.893908385964906	11.578781677192982	0.0	0.0	2	1.0362273593053624	0.674676799267244	230.0	26	1.05	0.95				
	217	1	0.0	0.0	0.0	0.0	2	1.0391968280206014	3.8113760624351944	230.0	27	1.05	0.95				
	218	2	192.78671492526317	39.36785770245614	0.0	0.0	2	1.0407981947370273	4.194884676842526	230.0	27	1.05	0.95				
	219	1	104.78797417859649	21.420746102807016	0.0	0.0	2	1.035165299956216	-0.1585731926618054	230.0	25	1.05	0.95				
	220	1	74.10420273403508	15.052416180350878	0.0	0.0	2	1.038874335952465	0.22239129191847626	230.0	25	1.05	0.95				
	221	2	0.0	0.0	0.0	0.0	2	1.0405705312188211	3.860683942702276	230.0	27	1.05	0.95				
	222	2	0.0	0.0	0.0	0.0	2	1.05	10.344100557224879	230.0	27	1.05	0.95				
	223	2	0.0	0.0	0.0	0.0	2	1.0422262654646004	0.8599987598193465	230.0	25	1.05	0.95				
	224	1	0.0	0.0	0.0	0.0	2	1.0154499022112071	-3.0169719177182284	230.0	26	1.05	0.95				
	301	2	43.408415065263156	8.842454920701753	0.0	0.0	3	1.0111914335075927	-8.332024543913567	138.0	31	1.05	0.95				
	302	2	38.98718760491228	8.03859538245614	0.0	0.0	3	1.0109495982047472	-8.590065881947515	138.0	32	1.05	0.95				
	303	1	72.34735844210526	14.87140145754386	0.0	0.0	3	1.0432951972525717	1.3407544526990938	138.0	31	1.05	0.95				
	304	1	29.74280291508772	6.0289465368421045	0.0	0.0	3	1.0121624364880546	-7.683643572523254	138.0	31	1.05	0.95				
	305	1	28.53701360771929	5.627016767719298	0.0	0.0	3	1.0257209910255483	-8.81515443965814	138.0	31	1.05	0.95				
	306	1	54.66244860070175	11.254033535438596	0.0	-100.0	3	1.0419284617427726	-9.583183739909726	138.0	32	1.05	0.95				
	307	2	50.24122114035088	10.048244228070175	0.0	0.0	3	0.9910785618396707	-13.780476381091209	138.0	32	1.05	0.95				
	308	1	68.72999052	14.067541919298243	0.0	0.0	3	0.9991840519813471	-11.99964330473462	138.0	32	1.05	0.95				
	309	1	70.33770959649121	14.46947168842105	0.0	0.0	3	1.0250199339450279	-5.285199684960689	138.0	33	1.05	0.95				
	310	1	78.37630497894736	16.07719076491228	0.0	0.0	3	1.05	-8.00170474313655	138.0	33	1.05	0.95				
	311	1	0.0	0.0	0.0	0.0	3	1.0063247863349416	-3.560131162748809	230.0	33	1.05	0.95				
	312	1	0.0	0.0	0.0	0.0	3	1.0113627763594528	-3.0467118630877614	230.0	33	1.05	0.95				
	313	2	106.51138881754385	21.704207532631578	0.0	0.0	3	1.0088170338652354	-0.5859241227468595	230.0	34	1.05	0.95				
	314	2	77.97437520982456	15.675260995789472	0.0	0.0	3	1.0001874535706434	-2.9586464425211925	230.0	36	1.05	0.95				
	315	2	127.41173681192981	25.72350522385965	0.0	0.0	3	1.0322901892146934	0.2610450663266183	230.0	36	1.05	0.95				
	316	2	40.1929769122807	8.03859538245614	0.0	0.0	3	1.0278132068000914	0.2679912675735319	230.0	36	1.05	0.95				
	317	1	0.0	0.0	0.0	0.0	3	1.035146538792607	1.1357815660970085	230.0	37	1.05	0.95				
	318	2	133.84261311789473	27.331224300350875	0.0	0.0	3	1.0355636360970675	0.9720792438032543	230.0	37	1.05	0.95				
	319	1	72.74928821122806	14.87140145754386	0.0	0.0	3	1.0215731328798712	-0.28872161830787924	230.0	35	1.05	0.95				
	320	1	51.4470104477193	10.450173997192982	0.0	0.0	3	1.0187493024525733	0.01759967755477806	230.0	35	1.05	0.95				
	321	2	0.0	0.0	0.0	0.0	3	1.0375148701132153	1.7612907828970032	230.0	37	1.05	0.95				
	322	2	0.0	0.0	0.0	0.0	3	1.0498600999165337	5.823248245974506	230.0	37	1.05	0.95				
	323	2	0.0	0.0	0.0	0.0	3	1.017712472323182	0.50310550747335	230.0	35	1.05	0.95				
	324	1	0.0	0.0	0.0	0.0	3	1.0328705938216067	0.6718416508757111	230.0	36	1.05	0.95				
	325	1	0.0	0.0	0.0	0.0	3	1.0179461687934184	1.3310841186827491	230.0	35	1.05	0.95				
];
