%% MATPOWER Case Format : Version 2
function mpc = RTS_GMLC
mpc.version = '2';

%%-----  Power Flow Data  -----%%
%% system MVA base
mpc.baseMVA = 100.0;
%% bus data
%    bus_i    type    Pd    Qd    Gs    Bs    area    Vm    Va    baseKV    zone    Vmax    Vmin
mpc.bus = [
	101	2	80.75952500210526	16.4510143522807	0.0	0.0	1	1.0459235511547385	1.1039118475363914	138.0	11	1.05	0.95				
	102	2	72.53401782596491	14.955467592982458	0.0	0.0	1	1.0451988756638226	0.8360557654087764	138.0	12	1.05	0.95				
	103	1	134.5992083368421	27.667615047017545	0.0	0.0	1	1.0277480829077226	-0.6553896504294559	138.0	11	1.05	0.95				
	104	1	55.33523009403509	11.216600694736842	0.0	0.0	1	1.0244650206345247	-2.754001821048627	138.0	11	1.05	0.95				
	105	1	53.091909955087715	10.46882731508772	0.0	0.0	1	1.0371107262116581	-3.178611079898157	138.0	11	1.05	0.95				
	106	1	101.69717963228071	20.93765463017544	0.0	-100.0	1	1.0383853944637251	-6.304966702964443	138.0	12	1.05	0.95				
	107	2	93.47167245614035	18.69433449122807	0.0	0.0	1	1.040965989647178	-5.781886284908702	138.0	12	1.05	0.95				
	108	1	127.86924792	26.1720682877193	0.0	0.0	1	1.0204144546578613	-7.565883587736245	138.0	12	1.05	0.95				
	109	1	130.8603414385965	26.91984166736842	0.0	0.0	1	1.02705926948009	-3.791938402130411	138.0	13	1.05	0.95				
	110	1	145.81580903157897	29.910935185964917	0.0	0.0	1	1.05	-5.231211028020995	138.0	13	1.05	0.95				
	111	1	0.0	0.0	0.0	0.0	1	1.012439193794989	-1.5049283918082175	230.0	13	1.05	0.95				
	112	1	0.0	0.0	0.0	0.0	1	1.0163728544064876	-0.9051611219238453	230.0	13	1.05	0.95				
	113	3	198.15994560701756	40.37976250105263	0.0	0.0	1	1.0126881079586263	-6.025214977091381e-28	230.0	14	1.05	0.95				
	114	2	145.06803565192982	29.16316180631579	0.0	0.0	1	1.0123471544211022	0.2517534531299522	230.0	16	1.05	0.95				
	115	2	237.04416134877192	47.85749629754386	0.0	0.0	1	1.043796814197451	8.046824764233149	230.0	16	1.05	0.95				
	116	2	74.77733796491228	14.955467592982458	0.0	0.0	1	1.0411694210037072	7.243007937683123	230.0	16	1.05	0.95				
	117	1	0.0	0.0	0.0	0.0	1	1.0452234912978025	10.139089862968603	230.0	17	1.05	0.95				
	118	2	249.00853542315792	50.848589816140354	0.0	0.0	1	1.0473084986956382	10.611077885043212	230.0	17	1.05	0.95				
	119	1	135.34698171649126	27.667615047017545	0.0	0.0	1	1.0346715657597607	5.698551566174298	230.0	15	1.05	0.95				
	120	1	95.71499259508772	19.442107870877194	0.0	0.0	1	1.0347736071580855	5.271799350809764	230.0	15	1.05	0.95				
	121	2	0.0	0.0	0.0	0.0	1	1.05	12.276327936785135	230.0	17	1.05	0.95				
	122	2	0.0	0.0	0.0	0.0	1	1.05	18.350516506245594	230.0	17	1.05	0.95				
	123	2	0.0	0.0	0.0	0.0	1	1.0368005805276186	5.5949725838935604	230.0	15	1.05	0.95				
	124	1	0.0	0.0	0.0	0.0	1	1.026760038969609	4.809126915636892	230.0	16	1.05	0.95				
	201	2	78.94726901052633	16.081851094736844	0.0	0.0	2	1.0378935852661093	-15.472041752427385	138.0	21	1.05	0.95				
	202	2	70.90634346315791	14.619864631578949	0.0	0.0	2	1.0381128674081075	-15.583706196981705	138.0	22	1.05	0.95				
	203	1	131.57878168421055	27.046749568421056	0.0	0.0	2	1.0237268008893825	-11.578446612770698	138.0	21	1.05	0.95				
	204	1	54.09349913684211	10.964898473684212	0.0	0.0	2	1.018016811320806	-17.237472766935916	138.0	21	1.05	0.95				
	205	1	51.900519442105264	10.233905242105266	0.0	0.0	2	1.034589528423054	-17.72421512576352	138.0	21	1.05	0.95				
	206	1	99.41507949473686	20.46781048421053	0.0	-100.0	2	1.0385030306642313	-19.679089882585455	138.0	22	1.05	0.95				
	207	2	91.37415394736843	18.274830789473686	0.0	0.0	2	0.9630229819526052	-30.57085519316755	138.0	22	1.05	0.95				
	208	1	124.99984260000001	25.584763105263157	0.0	0.0	2	0.9671542739642252	-26.93770472878586	138.0	22	1.05	0.95				
	209	1	127.92381552631579	26.315756336842107	0.0	0.0	2	1.024587943623737	-15.63403378035438	138.0	23	1.05	0.95				
	210	1	142.54368015789476	29.239729263157898	0.0	0.0	2	1.05	-17.714210712904357	138.0	23	1.05	0.95				
	211	1	0.0	0.0	0.0	0.0	2	1.026936700401607	-11.816235026708002	230.0	23	1.05	0.95				
	212	1	0.0	0.0	0.0	0.0	2	1.021465578171414	-9.095399826412109	230.0	23	1.05	0.95				
	213	2	193.71320636842106	39.47363450526316	0.0	0.0	2	1.034378690432176	-9.75473515377229	230.0	24	1.05	0.95				
	214	2	141.81268692631582	28.50873603157895	0.0	0.0	2	1.0429031672173363	-8.912121736158618	230.0	26	1.05	0.95				
	215	2	231.72485441052632	46.78356682105264	0.0	0.0	2	1.0435742139476196	0.07980132698501632	230.0	26	1.05	0.95				
	216	2	73.09932315789474	14.619864631578949	0.0	0.0	2	1.0461001899057494	-0.2808981418559214	230.0	26	1.05	0.95				
	217	1	0.0	0.0	0.0	0.0	2	1.0467084571216965	2.6791874713398616	230.0	27	1.05	0.95				
	218	2	243.4207461157895	49.70753974736843	0.0	0.0	2	1.0475864666010255	2.8793849685505664	230.0	27	1.05	0.95				
	219	1	132.3097749157895	27.046749568421056	0.0	0.0	2	1.042583134537401	-0.5683372682226885	230.0	25	1.05	0.95				
	220	1	93.56713364210528	19.005824021052632	0.0	0.0	2	1.045881961040177	0.5512752633018794	230.0	25	1.05	0.95				
	221	2	0.0	0.0	0.0	0.0	2	1.047556626612323	2.727140675459277	230.0	27	1.05	0.95				
	222	2	0.0	0.0	0.0	0.0	2	1.05	9.21836000054855	230.0	27	1.05	0.95				
	223	2	0.0	0.0	0.0	0.0	2	1.05	1.6955899101375824	230.0	25	1.05	0.95				
	224	1	0.0	0.0	0.0	0.0	2	1.0215303891506549	-4.2501378822589775	230.0	26	1.05	0.95				
	301	2	73.23568491789474	14.91838026105263	0.0	0.0	3	0.9947490701572517	-2.7569904183053655	138.0	31	1.05	0.95				
	302	2	65.7764947873684	13.562163873684211	0.0	0.0	3	0.9962926714127909	-2.836738949038974	138.0	32	1.05	0.95				
	303	1	122.05947486315789	25.09000316631579	0.0	0.0	3	1.0096002923787823	1.4413391290800697	138.0	31	1.05	0.95				
	304	1	50.18000633263158	10.171622905263158	0.0	0.0	3	0.9941176332330838	-0.3478695159861339	138.0	31	1.05	0.95				
	305	1	48.14568175157895	9.493514711578948	0.0	0.0	3	1.0063842140515264	-0.5087555304262172	138.0	31	1.05	0.95				
	306	1	92.22271434105264	18.987029423157896	0.0	-100.0	3	1.021326028288501	-0.01098093745995916	138.0	32	1.05	0.95				
	307	2	84.76352421052631	16.952704842105263	0.0	0.0	3	0.9762721350225815	-4.613429355713449	138.0	32	1.05	0.95				
	308	1	115.95650112	23.733786778947366	0.0	0.0	3	0.9854505082893521	-1.4375141492624914	138.0	32	1.05	0.95				
	309	1	118.66893389473682	24.411894972631575	0.0	0.0	3	1.0178026356999115	4.498728524686992	138.0	33	1.05	0.95				
	310	1	132.23109776842102	27.124327747368422	0.0	0.0	3	1.0396999521246768	3.952244433589838	138.0	33	1.05	0.95				
	311	1	0.0	0.0	0.0	0.0	3	1.0090588649566279	11.290588740739448	230.0	33	1.05	0.95				
	312	1	0.0	0.0	0.0	0.0	3	1.0139015060778656	12.727709326147874	230.0	33	1.05	0.95				
	313	2	179.69867132631578	36.61784245894737	0.0	0.0	3	1.0384293574733052	20.26942182667151	230.0	34	1.05	0.95				
	314	2	131.5529895747368	26.44621955368421	0.0	0.0	3	1.0138020735582052	10.262915889309786	230.0	36	1.05	0.95				
	315	2	214.9602973978947	43.39892439578947	0.0	0.0	3	1.0369330331384554	6.083942919046748	230.0	36	1.05	0.95				
	316	2	67.81081936842105	13.562163873684211	0.0	0.0	3	1.0368282180921278	7.512272220620596	230.0	36	1.05	0.95				
	317	1	0.0	0.0	0.0	0.0	3	1.041024224061454	6.709839350287546	230.0	37	1.05	0.95				
	318	2	225.8100284968421	46.11135717052632	0.0	0.0	3	1.040176432396934	5.7001823595655665	230.0	37	1.05	0.95				
	319	1	122.7375830568421	25.09000316631579	0.0	0.0	3	1.033938733465476	9.710263652462475	230.0	35	1.05	0.95				
	320	1	86.79784879157894	17.630813035789473	0.0	0.0	3	1.0360518760504382	11.929687769867602	230.0	35	1.05	0.95				
	321	2	0.0	0.0	0.0	0.0	3	1.041461491972532	6.82798630647969	230.0	37	1.05	0.95				
	322	2	0.0	0.0	0.0	0.0	3	1.05	11.102208691093626	230.0	37	1.05	0.95				
	323	2	0.0	0.0	0.0	0.0	3	1.037526934066386	12.787076097136326	230.0	35	1.05	0.95				
	324	1	0.0	0.0	0.0	0.0	3	1.0220493905605312	6.228138769608471	230.0	36	1.05	0.95				
	325	1	0.0	0.0	0.0	0.0	3	1.0395281140526194	12.74980334451435	230.0	35	1.05	0.95				
];
