%% MATPOWER Case Format : Version 2
function mpc = RTS_GMLC
mpc.version = '2';

%%-----  Power Flow Data  -----%%
%% system MVA base
mpc.baseMVA = 100.0;
%% bus data
%    bus_i    type    Pd    Qd    Gs    Bs    area    Vm    Va    baseKV    zone    Vmax    Vmin
mpc.bus = [
	101	2	103.03018306105265	20.987629882807017	0.0	0.0	1	1.044679010374021	-3.986076186856668	138.0	11	1.05	0.95				
	102	2	92.53636811964913	19.079663529824565	0.0	0.0	1	1.044547061065212	-4.119586337712278	138.0	12	1.05	0.95				
	103	1	171.71697176842108	35.29737753017544	0.0	0.0	1	1.0177247623795296	-3.5653839676372465	138.0	11	1.05	0.95				
	104	1	70.59475506035088	14.30974764736842	0.0	0.0	1	1.019975510632463	-7.0602562858790465	138.0	11	1.05	0.95				
	105	1	67.73280553087719	13.355764470877194	0.0	0.0	1	1.0343113552955512	-7.65220360884827	138.0	11	1.05	0.95				
	106	1	129.74171200280705	26.711528941754388	0.0	-100.0	1	1.0325785179633844	-10.576978300814416	138.0	12	1.05	0.95				
	107	2	119.2478970614035	23.849579412280704	0.0	0.0	1	1.05	-7.17930605524521	138.0	12	1.05	0.95				
	108	1	163.13112318	33.389411177192976	0.0	0.0	1	1.0194782210801974	-10.232685812379756	138.0	12	1.05	0.95				
	109	1	166.94705588596491	34.34339435368421	0.0	0.0	1	1.0273044323235734	-6.458701068214442	138.0	13	1.05	0.95				
	110	1	186.02671941578947	38.15932705964913	0.0	0.0	1	1.05	-8.41412131489494	138.0	13	1.05	0.95				
	111	1	0.0	0.0	0.0	0.0	1	1.0234317451048218	-2.7024414422553726	230.0	13	1.05	0.95				
	112	1	0.0	0.0	0.0	0.0	1	1.0212772579940677	-1.7625500543779926	230.0	13	1.05	0.95				
	113	3	252.8055417701754	51.51509153052633	0.0	0.0	1	1.0304320648544045	2.2177409059854948e-31	230.0	14	1.05	0.95				
	114	2	185.07273623929825	37.2053438831579	0.0	0.0	1	1.0345171763104628	-0.4172790040239673	230.0	16	1.05	0.95				
	115	2	302.4126669477193	61.0549232954386	0.0	0.0	1	1.0415636750028987	9.30786371612973	230.0	16	1.05	0.95				
	116	2	95.39831764912282	19.079663529824565	0.0	0.0	1	1.0434926511024802	8.71254335419933	230.0	16	1.05	0.95				
	117	1	0.0	0.0	0.0	0.0	1	1.0460089411653941	13.001227083382167	230.0	17	1.05	0.95				
	118	2	317.67639777157893	64.87085600140352	0.0	0.0	1	1.05	13.77743505640614	230.0	17	1.05	0.95				
	119	1	172.6709549449123	35.29737753017544	0.0	0.0	1	1.0395429976409951	6.9920948940771686	230.0	15	1.05	0.95				
	120	1	122.1098465908772	24.803562588771932	0.0	0.0	1	1.0443953842433833	6.858338969097646	230.0	15	1.05	0.95				
	121	2	0.0	0.0	0.0	0.0	1	1.05	14.714556376583776	230.0	17	1.05	0.95				
	122	2	0.0	0.0	0.0	0.0	1	1.05	24.583918456696587	230.0	17	1.05	0.95				
	123	2	0.0	0.0	0.0	0.0	1	1.05	7.47717168109221	230.0	15	1.05	0.95				
	124	1	0.0	0.0	0.0	0.0	1	1.0164095254265038	4.542308407753383	230.0	16	1.05	0.95				
	201	2	106.02801826105264	21.59830001614035	0.0	0.0	2	1.05	-12.652203386901402	138.0	21	1.05	0.95				
	202	2	95.22886825298245	19.63481819649123	0.0	0.0	2	1.05	-12.662575421165403	138.0	22	1.05	0.95				
	203	1	176.71336376842106	36.32441366350877	0.0	0.0	2	1.0210515425218236	-9.670300068243309	138.0	21	1.05	0.95				
	204	1	72.64882732701754	14.726113647368422	0.0	0.0	2	1.0160230361816065	-13.830797607933388	138.0	21	1.05	0.95				
	205	1	69.70360459754386	13.744372737543861	0.0	0.0	2	1.0337728866241516	-14.312786334993612	138.0	21	1.05	0.95				
	206	1	133.51676373614038	27.488745475087722	0.0	-100.0	2	1.0282572653671225	-16.15251451554891	138.0	22	1.05	0.95				
	207	2	122.71761372807018	24.543522745614034	0.0	0.0	2	0.95	-24.408601502758803	138.0	22	1.05	0.95				
	208	1	167.87769558000002	34.360931843859646	0.0	0.0	2	0.9500871304186693	-22.292718913355095	138.0	22	1.05	0.95				
	209	1	171.80465921929823	35.34267275368421	0.0	0.0	2	1.0209038997632307	-10.811968766974221	138.0	23	1.05	0.95				
	210	1	191.43947741578947	39.26963639298246	0.0	0.0	2	1.0427229420400577	-12.919483571495563	138.0	23	1.05	0.95				
	211	1	0.0	0.0	0.0	0.0	2	1.0298380198613364	-5.6082720242432496	230.0	23	1.05	0.95				
	212	1	0.0	0.0	0.0	0.0	2	1.0231359353611265	-0.41406944583526367	230.0	23	1.05	0.95				
	213	2	260.1613411035088	53.01400913052632	0.0	0.0	2	1.05	-0.48641720382567555	230.0	24	1.05	0.95				
	214	2	190.4577365059649	38.2878954831579	0.0	0.0	2	1.05	-4.164576091061271	230.0	26	1.05	0.95				
	215	2	311.21186841438595	62.83141822877193	0.0	0.0	2	1.0451550402921506	4.0504363832369235	230.0	26	1.05	0.95				
	216	2	98.17409098245614	19.63481819649123	0.0	0.0	2	1.0486249983459193	3.9710809989940112	230.0	26	1.05	0.95				
	217	1	0.0	0.0	0.0	0.0	2	1.05	6.806344708865618	230.0	27	1.05	0.95				
	218	2	326.91972297157895	66.75838186807019	0.0	0.0	2	1.0497759516101253	7.273779555569309	230.0	27	1.05	0.95				
	219	1	177.69510467824563	36.32441366350877	0.0	0.0	2	1.0412234249863992	3.9466216966112295	230.0	25	1.05	0.95				
	220	1	125.66283645754386	25.525263655438597	0.0	0.0	2	1.0443242499059378	5.763816526567236	230.0	25	1.05	0.95				
	221	2	0.0	0.0	0.0	0.0	2	1.05	7.932463398254215	230.0	27	1.05	0.95				
	222	2	0.0	0.0	0.0	0.0	2	1.05	14.002668830578356	230.0	27	1.05	0.95				
	223	2	0.0	0.0	0.0	0.0	2	1.05	7.468461122085517	230.0	25	1.05	0.95				
	224	1	0.0	0.0	0.0	0.0	2	1.0186274492191492	-1.0295114346548864	230.0	26	1.05	0.95				
	301	2	94.65801961263158	19.28218918035088	0.0	0.0	3	0.9768582617459817	-10.976425273265718	138.0	31	1.05	0.95				
	302	2	85.01692502245614	17.529262891228072	0.0	0.0	3	0.9787696467125795	-11.482866635495924	138.0	32	1.05	0.95				
	303	1	157.76336602105263	32.429136348771934	0.0	0.0	3	0.9854371757958349	-5.604607996395655	138.0	31	1.05	0.95				
	304	1	64.85827269754387	13.146947168421052	0.0	0.0	3	0.9632524559318065	-9.649515545153413	138.0	31	1.05	0.95				
	305	1	62.22888326385964	12.27048402385965	0.0	0.0	3	0.9762974789780898	-9.80848835294531	138.0	31	1.05	0.95				
	306	1	119.19898766035088	24.5409680477193	0.0	-100.0	3	0.9814695283798996	-10.19326520954995	138.0	32	1.05	0.95				
	307	2	109.55789307017545	21.911578614035086	0.0	0.0	3	0.9531076990652687	-12.93497791530327	138.0	32	1.05	0.95				
	308	1	149.87519772	30.676210059649122	0.0	0.0	3	0.95	-11.10830266067456	138.0	32	1.05	0.95				
	309	1	153.3810502982456	31.552673204210524	0.0	0.0	3	0.9846013211308734	-4.242136177718599	138.0	33	1.05	0.95				
	310	1	170.91031318947367	35.058525782456144	0.0	0.0	3	1.0024386250249657	-5.554692448490061	138.0	33	1.05	0.95				
	311	1	0.0	0.0	0.0	0.0	3	0.981705933107811	3.2221182720753005	230.0	33	1.05	0.95				
	312	1	0.0	0.0	0.0	0.0	3	0.98444654787085	5.08100916753413	230.0	33	1.05	0.95				
	313	2	232.26273330877194	47.32900980631579	0.0	0.0	3	1.013746255676604	12.500222665731023	230.0	34	1.05	0.95				
	314	2	170.03385004491227	34.18206263789474	0.0	0.0	3	0.9951635784999556	2.837930009969501	230.0	36	1.05	0.95				
	315	2	277.8388168259649	56.093641251929824	0.0	0.0	3	1.0401594372761467	4.286930854734601	230.0	36	1.05	0.95				
	316	2	87.64631445614035	17.529262891228072	0.0	0.0	3	1.0352995042201234	4.860753395824375	230.0	36	1.05	0.95				
	317	1	0.0	0.0	0.0	0.0	3	1.0420206205133902	6.072263768218774	230.0	37	1.05	0.95				
	318	2	291.86222713894733	59.59949383017544	0.0	0.0	3	1.043175664449089	5.7237783203797825	230.0	37	1.05	0.95				
	319	1	158.63982916561403	32.429136348771934	0.0	0.0	3	1.0267802322011106	6.192239746960931	230.0	35	1.05	0.95				
	320	1	112.18728250385965	22.788041758596492	0.0	0.0	3	1.0249435047839577	7.753086226657363	230.0	35	1.05	0.95				
	321	2	0.0	0.0	0.0	0.0	3	1.0476954757822303	7.178524252968048	230.0	37	1.05	0.95				
	322	2	0.0	0.0	0.0	0.0	3	1.05	12.514251581796366	230.0	37	1.05	0.95				
	323	2	0.0	0.0	0.0	0.0	3	1.0251476062527105	8.506134464168424	230.0	35	1.05	0.95				
	324	1	0.0	0.0	0.0	0.0	3	1.0098731997665749	2.6711623046927806	230.0	36	1.05	0.95				
	325	1	0.0	0.0	0.0	0.0	3	1.0265420848117108	9.047313075363471	230.0	35	1.05	0.95				
];

%% generator data
%    bus    Pg    Qg    Qmax    Qmin    Vg    mBase    status    Pmax    Pmin    Pc1    Pc2    Qc1min    Qc1max    Qc2min    Qc2max    ramp_agc    ramp_10    ramp_30    ramp_q    apf
