%% MATPOWER Case Format : Version 2
function mpc = RTS_GMLC
mpc.version = '2';

%%-----  Power Flow Data  -----%%
%% system MVA base
mpc.baseMVA = 100.0;
%% bus data
%    bus_i    type    Pd    Qd    Gs    Bs    area    Vm    Va    baseKV    zone    Vmax    Vmin
mpc.bus = [
	101	2	62.00247402947369	12.63013359859649	0.0	0.0	1	1.0346662477394155	-0.1834233254635143	138.0	11	1.05	0.95				
	102	2	55.68740723017543	11.48193963508772	0.0	0.0	1	1.034327654850973	-0.3002979335520732	138.0	12	1.05	0.95				
	103	1	103.33745671578947	21.241588324912282	0.0	0.0	1	1.0242060193083735	-1.6801102755926307	138.0	11	1.05	0.95				
	104	1	42.483176649824564	8.611454726315788	0.0	0.0	1	1.019644137025305	-3.2462314437710424	138.0	11	1.05	0.95				
	105	1	40.7608857045614	8.037357744561405	0.0	0.0	1	1.0347018963915058	-3.1263315452399207	138.0	11	1.05	0.95				
	106	1	78.07718951859648	16.07471548912281	0.0	-100.0	1	1.0417361732067199	-5.330346449129872	138.0	12	1.05	0.95				
	107	2	71.76212271929825	14.352424543859648	0.0	0.0	1	1.0233515575974454	-4.488649392730602	138.0	12	1.05	0.95				
	108	1	98.17058388	20.093394361403508	0.0	0.0	1	1.0150180481230011	-6.019985997831242	138.0	12	1.05	0.95				
	109	1	100.46697180701753	20.66749134315789	0.0	0.0	1	1.0254958451318656	-3.3370936534305633	138.0	13	1.05	0.95				
	110	1	111.94891144210526	22.96387927017544	0.0	0.0	1	1.05	-4.304720835055922	138.0	13	1.05	0.95				
	111	1	0.0	0.0	0.0	0.0	1	1.0076361982402375	-1.1815252214268708	230.0	13	1.05	0.95				
	112	1	0.0	0.0	0.0	0.0	1	1.011462414970435	-0.436965492055126	230.0	13	1.05	0.95				
	113	3	152.13570016491227	31.001237014736844	0.0	0.0	1	1.0036167988517666	1.699413897139357e-27	230.0	14	1.05	0.95				
	114	2	111.37481446035086	22.389782288421053	0.0	0.0	1	1.0060650499171213	0.5279031180312337	230.0	16	1.05	0.95				
	115	2	181.98874321614034	36.7422068322807	0.0	0.0	1	1.0386630124084093	6.760464860255536	230.0	16	1.05	0.95				
	116	2	57.40969817543859	11.48193963508772	0.0	0.0	1	1.0352558409006416	6.377726745073314	230.0	16	1.05	0.95				
	117	1	0.0	0.0	0.0	0.0	1	1.0410738319424895	8.339001704444707	230.0	17	1.05	0.95				
	118	2	191.17429492421053	39.03859475929824	0.0	0.0	1	1.0429218556940838	8.289803817364517	230.0	17	1.05	0.95				
	119	1	103.91155369754385	21.241588324912282	0.0	0.0	1	1.0293924623228248	5.549521445243405	230.0	15	1.05	0.95				
	120	1	73.4844136645614	14.926521525614037	0.0	0.0	1	1.0289216461529307	5.934856758664479	230.0	15	1.05	0.95				
	121	2	0.0	0.0	0.0	0.0	1	1.0465698735114697	9.5586500782512	230.0	17	1.05	0.95				
	122	2	0.0	0.0	0.0	0.0	1	1.05	16.6473918589215	230.0	17	1.05	0.95				
	123	2	0.0	0.0	0.0	0.0	1	1.0299906929901326	6.5831138004554655	230.0	15	1.05	0.95				
	124	1	0.0	0.0	0.0	0.0	1	1.022563334211137	3.615811192424361	230.0	16	1.05	0.95				
	201	2	54.17849834526316	11.036360774035087	0.0	0.0	2	1.0318937814900857	-5.89434684947018	138.0	21	1.05	0.95				
	202	2	48.66031795824561	10.033055249122807	0.0	0.0	2	1.0322315086736245	-5.876781504930067	138.0	22	1.05	0.95				
	203	1	90.29749724210527	18.56115221087719	0.0	0.0	2	1.0243184941138124	-5.259233421460401	138.0	21	1.05	0.95				
	204	1	37.12230442175438	7.524791436842104	0.0	0.0	2	1.0195881767384047	-8.092019009979488	138.0	21	1.05	0.95				
	205	1	35.61734613438596	7.023138674385965	0.0	0.0	2	1.0345641914754877	-8.265903799458059	138.0	21	1.05	0.95				
	206	1	68.22477569403509	14.04627734877193	0.0	-100.0	2	1.0435985532633762	-10.067759449185468	138.0	22	1.05	0.95				
	207	2	62.706595307017544	12.541319061403508	0.0	0.0	2	0.9894005831547826	-17.614048015169942	138.0	22	1.05	0.95				
	208	1	85.78262237999999	17.557846685964908	0.0	0.0	2	0.9938746134383514	-15.286573643455828	138.0	22	1.05	0.95				
	209	1	87.78923342982455	18.05949944842105	0.0	0.0	2	1.0241005440328084	-7.86529637059791	138.0	23	1.05	0.95				
	210	1	97.82228867894736	20.066110498245614	0.0	0.0	2	1.05	-9.081633252521838	138.0	23	1.05	0.95				
	211	1	0.0	0.0	0.0	0.0	2	1.0086960626648496	-5.018076326700958	230.0	23	1.05	0.95				
	212	1	0.0	0.0	0.0	0.0	2	1.0104966662970682	-4.237426692097166	230.0	23	1.05	0.95				
	213	2	132.9379820508772	27.08924917263158	0.0	0.0	2	1.0041926541108277	-3.9042033832734013	230.0	24	1.05	0.95				
	214	2	97.32063591649121	19.56445773578947	0.0	0.0	2	1.0119938899240133	-2.453904624088919	230.0	26	1.05	0.95				
	215	2	159.02392569859646	32.10577679719298	0.0	0.0	2	1.0321925587887615	4.087126019958365	230.0	26	1.05	0.95				
	216	2	50.16527624561403	10.033055249122807	0.0	0.0	2	1.0331966044072478	4.193939888566364	230.0	26	1.05	0.95				
	217	1	0.0	0.0	0.0	0.0	2	1.0385276443982394	6.803428321874735	230.0	27	1.05	0.95				
	218	2	167.0503698978947	34.112387847017544	0.0	0.0	2	1.0402536196713046	7.372327950342658	230.0	27	1.05	0.95				
	219	1	90.7991500045614	18.56115221087719	0.0	0.0	2	1.031711459863965	3.688039552797742	230.0	25	1.05	0.95				
	220	1	64.21155359438596	13.042971823859647	0.0	0.0	2	1.034122067951033	4.214134251442502	230.0	25	1.05	0.95				
	221	2	0.0	0.0	0.0	0.0	2	1.039900247842721	7.030382011221006	230.0	27	1.05	0.95				
	222	2	0.0	0.0	0.0	0.0	2	1.05	13.443350637293493	230.0	27	1.05	0.95				
	223	2	0.0	0.0	0.0	0.0	2	1.0364533412522796	4.879922958177574	230.0	25	1.05	0.95				
	224	1	0.0	0.0	0.0	0.0	2	1.0176187923894287	0.5787835595269271	230.0	26	1.05	0.95				
	301	2	44.22840874105264	9.009490669473685	0.0	0.0	3	1.0082847613261134	-14.531162065866598	138.0	31	1.05	0.95				
	302	2	39.723663406315794	8.190446063157896	0.0	0.0	3	1.008178746703116	-14.6570783371908	138.0	32	1.05	0.95				
	303	1	73.71401456842106	15.152325216842108	0.0	0.0	3	1.0258393713038074	-8.859726097161142	138.0	31	1.05	0.95				
	304	1	30.304650433684216	6.142834547368421	0.0	0.0	3	1.0109773643799993	-13.353840206925785	138.0	31	1.05	0.95				
	305	1	29.076083524210528	5.733312244210528	0.0	0.0	3	1.0239260148941063	-14.111972729710088	138.0	31	1.05	0.95				
	306	1	55.69503322947369	11.466624488421056	0.0	-100.0	3	1.0410520850898546	-14.375335960105904	138.0	32	1.05	0.95				
	307	2	51.190287894736855	10.23805757894737	0.0	0.0	3	0.9934244596561399	-18.779685364631753	138.0	32	1.05	0.95				
	308	1	70.02831384000001	14.333280610526316	0.0	0.0	3	1.0004800161727028	-16.95378339301418	138.0	32	1.05	0.95				
	309	1	71.6664030526316	14.74280291368421	0.0	0.0	3	1.0258102530599977	-10.607167767952706	138.0	33	1.05	0.95				
	310	1	79.85684911578949	16.380892126315793	0.0	0.0	3	1.05	-12.373304189386753	138.0	33	1.05	0.95				
	311	1	0.0	0.0	0.0	0.0	3	1.0070630826783298	-6.896821785269274	230.0	33	1.05	0.95				
	312	1	0.0	0.0	0.0	0.0	3	1.0101812296656867	-6.6186556209054155	230.0	33	1.05	0.95				
	313	2	108.52341033684212	22.11420437052632	0.0	0.0	3	1.0090609881641657	-3.6669195138302144	230.0	34	1.05	0.95				
	314	2	79.44732681263159	15.971369823157897	0.0	0.0	3	1.0065894935074837	-5.018898229727934	230.0	36	1.05	0.95				
	315	2	129.81857010105264	26.209427402105266	0.0	0.0	3	1.0339914939687578	-0.07853125941204482	230.0	36	1.05	0.95				
	316	2	40.95223031578948	8.190446063157896	0.0	0.0	3	1.0315596543040833	0.052033714761241565	230.0	36	1.05	0.95				
	317	1	0.0	0.0	0.0	0.0	3	1.0384438260530895	2.1820698564406804	230.0	37	1.05	0.95				
	318	2	136.37092695157898	27.847516614736843	0.0	0.0	3	1.038698696527668	2.2897171606191966	230.0	37	1.05	0.95				
	319	1	74.12353687157895	15.152325216842108	0.0	0.0	3	1.0255089814701384	-1.121416617837507	230.0	35	1.05	0.95				
	320	1	52.41885480421053	10.647579882105266	0.0	0.0	3	1.0231024893314717	-1.346662632539654	230.0	35	1.05	0.95				
	321	2	0.0	0.0	0.0	0.0	3	1.0412438974751594	3.0080210031828636	230.0	37	1.05	0.95				
	322	2	0.0	0.0	0.0	0.0	3	1.05	7.000898348359397	230.0	37	1.05	0.95				
	323	2	0.0	0.0	0.0	0.0	3	1.0222240509037692	-1.1520541612241015	230.0	35	1.05	0.95				
	324	1	0.0	0.0	0.0	0.0	3	1.0199313689080627	-3.372877688128006	230.0	36	1.05	0.95				
	325	1	0.0	0.0	0.0	0.0	3	1.0218769223030386	-0.23424841473987626	230.0	35	1.05	0.95				
];
