%% MATPOWER Case Format : Version 2
function mpc = RTS_GMLC
mpc.version = '2';

%%-----  Power Flow Data  -----%%
%% system MVA base
mpc.baseMVA = 100.0;
%% bus data
%    bus_i    type    Pd    Qd    Gs    Bs    area    Vm    Va    baseKV    zone    Vmax    Vmin
mpc.bus = [
	101	2	89.26966849263158	18.184562100350878	0.0	0.0	1	1.0483269105079283	0.501033167475129	138.0	11	1.05	0.95				
	102	2	80.17738744245614	16.53142009122807	0.0	0.0	1	1.0481181567412823	0.3411429332002183	138.0	12	1.05	0.95				
	103	1	148.78278082105263	30.583127168771927	0.0	0.0	1	1.0257788532392296	-1.184337074731044	138.0	11	1.05	0.95				
	104	1	61.166254337543855	12.398565068421053	0.0	0.0	1	1.0241619347667847	-3.4609249444847414	138.0	11	1.05	0.95				
	105	1	58.68654132385965	11.57199406385965	0.0	0.0	1	1.037212389559737	-3.9046681121619895	138.0	11	1.05	0.95				
	106	1	112.4136566203509	23.1439881277193	0.0	-100.0	1	1.036639711244795	-7.1406370401451635	138.0	12	1.05	0.95				
	107	2	103.32137557017545	20.66427511403509	0.0	0.0	1	1.05	-5.758245836009536	138.0	12	1.05	0.95				
	108	1	141.34364178	28.929985159649124	0.0	0.0	1	1.0234373799618597	-8.014525316090046	138.0	12	1.05	0.95				
	109	1	144.64992579824562	29.756556164210522	0.0	0.0	1	1.0273309420364436	-4.30232135306029	138.0	13	1.05	0.95				
	110	1	161.18134588947368	33.06284018245614	0.0	0.0	1	1.05	-5.848658587241484	138.0	13	1.05	0.95				
	111	1	0.0	0.0	0.0	0.0	1	1.015066295662989	-1.712513281262632	230.0	13	1.05	0.95				
	112	1	0.0	0.0	0.0	0.0	1	1.017563350894679	-0.9225076906110048	230.0	13	1.05	0.95				
	113	3	219.04131620877192	44.63483424631579	0.0	0.0	1	1.0167942675825414	-2.050281839811156e-28	230.0	14	1.05	0.95				
	114	2	160.35477488491227	32.23626917789474	0.0	0.0	1	1.0173372466586905	0.1906147118001888	230.0	16	1.05	0.95				
	115	2	262.02300844596493	52.90054429192983	0.0	0.0	1	1.0446062709648147	8.492040393403324	230.0	16	1.05	0.95				
	116	2	82.65710045614036	16.53142009122807	0.0	0.0	1	1.043042297413197	7.892221962004065	230.0	16	1.05	0.95				
	117	1	0.0	0.0	0.0	0.0	1	1.0470321416468344	11.45234708360123	230.0	17	1.05	0.95				
	118	2	275.24814451894736	56.20682831017545	0.0	0.0	1	1.0499997091323023	12.25484500954003	230.0	17	1.05	0.95				
	119	1	149.60935182561403	30.583127168771927	0.0	0.0	1	1.0367697911607656	6.42279832435917	230.0	15	1.05	0.95				
	120	1	105.80108858385967	21.490846118596494	0.0	0.0	1	1.0379431193782969	6.227966443345793	230.0	15	1.05	0.95				
	121	2	0.0	0.0	0.0	0.0	1	1.05	12.868554348066105	230.0	17	1.05	0.95				
	122	2	0.0	0.0	0.0	0.0	1	1.05	19.86214855864013	230.0	17	1.05	0.95				
	123	2	0.0	0.0	0.0	0.0	1	1.0409449434969191	6.731825611326319	230.0	15	1.05	0.95				
	124	1	0.0	0.0	0.0	0.0	1	1.0254063828622306	4.899082989000633	230.0	16	1.05	0.95				
	201	2	93.05713834105265	18.956083736140354	0.0	0.0	2	1.0450145095928318	-14.253546288907865	138.0	21	1.05	0.95				
	202	2	83.57909647298246	17.23280339649123	0.0	0.0	2	1.047692246828282	-14.380991215219986	138.0	22	1.05	0.95				
	203	1	155.09523056842107	31.880686283508773	0.0	0.0	2	1.0246687062406015	-10.102476202295462	138.0	21	1.05	0.95				
	204	1	63.761372567017546	12.924602547368421	0.0	0.0	2	1.020542831600617	-15.345448721382459	138.0	21	1.05	0.95				
	205	1	61.17645205754386	12.062962377543862	0.0	0.0	2	1.0365543416964969	-15.886445865197807	138.0	21	1.05	0.95				
	206	1	117.18306309614037	24.125924755087723	0.0	-100.0	2	1.0371804642186053	-17.61517487063339	138.0	22	1.05	0.95				
	207	2	107.70502122807018	21.541004245614037	0.0	0.0	2	0.95	-28.243307757774094	138.0	22	1.05	0.95				
	208	1	147.34046904000002	30.15740594385965	0.0	0.0	2	0.9549212914802105	-24.804503762285453	138.0	22	1.05	0.95				
	209	1	150.78702971929826	31.01904611368421	0.0	0.0	2	1.0263074279000977	-12.66663028932874	138.0	23	1.05	0.95				
	210	1	168.0198331157895	34.46560679298246	0.0	0.0	2	1.05	-14.850052770654166	138.0	23	1.05	0.95				
	211	1	0.0	0.0	0.0	0.0	2	1.0333935873841211	-8.205551188235244	230.0	23	1.05	0.95				
	212	1	0.0	0.0	0.0	0.0	2	1.028538033234099	-3.4971700283568063	230.0	23	1.05	0.95				
	213	2	228.33464500350877	46.528569170526325	0.0	0.0	2	1.05	-4.708598693738968	230.0	24	1.05	0.95				
	214	2	167.1581929459649	33.6039666231579	0.0	0.0	2	1.05	-5.96477419677573	230.0	26	1.05	0.95				
	215	2	273.139933834386	55.144970868771935	0.0	0.0	2	1.0443655451223552	2.839845324444857	230.0	26	1.05	0.95				
	216	2	86.16401698245615	17.23280339649123	0.0	0.0	2	1.048517230832949	2.534073585614534	230.0	26	1.05	0.95				
	217	1	0.0	0.0	0.0	0.0	2	1.0489743704775538	5.770459638509422	230.0	27	1.05	0.95				
	218	2	286.926176551579	58.591531548070186	0.0	0.0	2	1.05	6.396769805020642	230.0	27	1.05	0.95				
	219	1	155.9568707382456	31.880686283508773	0.0	0.0	2	1.042703321954056	1.8459728138447558	230.0	25	1.05	0.95				
	220	1	110.28994173754387	22.4026444154386	0.0	0.0	2	1.0455509252653676	2.857692225741068	230.0	25	1.05	0.95				
	221	2	0.0	0.0	0.0	0.0	2	1.05	6.937987504410853	230.0	27	1.05	0.95				
	222	2	0.0	0.0	0.0	0.0	2	1.05	12.991771344952511	230.0	27	1.05	0.95				
	223	2	0.0	0.0	0.0	0.0	2	1.05	4.036754089859491	230.0	25	1.05	0.95				
	224	1	0.0	0.0	0.0	0.0	2	1.0206093831591612	-1.9701284629067126	230.0	26	1.05	0.95				
	301	2	86.47516610526317	17.61531161403509	0.0	0.0	3	0.9810908264011211	-17.464763138251573	138.0	31	1.05	0.95				
	302	2	77.66751029824562	16.01391964912281	0.0	0.0	3	0.9816371401537113	-17.73718475194754	138.0	32	1.05	0.95				
	303	1	144.12527684210528	29.625751350877195	0.0	0.0	3	0.9972815787601704	-10.053791673920912	138.0	31	1.05	0.95				
	304	1	59.25150270175439	12.010439736842105	0.0	0.0	3	0.9716144858326622	-15.214657466163656	138.0	31	1.05	0.95				
	305	1	56.84941475438596	11.209743754385967	0.0	0.0	3	0.9847507166247097	-15.743836402626647	138.0	31	1.05	0.95				
	306	1	108.8946536140351	22.419487508771933	0.0	-100.0	3	0.9932282399329916	-15.697016374996561	138.0	32	1.05	0.95				
	307	2	100.08699780701755	20.017399561403508	0.0	0.0	3	0.95	-21.314552568198277	138.0	32	1.05	0.95				
	308	1	136.919013	28.02435938596491	0.0	0.0	3	0.9503947362163582	-18.524207594753513	138.0	32	1.05	0.95				
	309	1	140.12179692982457	28.825055368421054	0.0	0.0	3	0.9950357343764715	-9.662379547217789	138.0	33	1.05	0.95				
	310	1	156.13571657894735	32.02783929824562	0.0	0.0	3	1.0134335598138717	-11.259986548050868	138.0	33	1.05	0.95				
	311	1	0.0	0.0	0.0	0.0	3	0.9939279327130213	-2.0890097254525153	230.0	33	1.05	0.95				
	312	1	0.0	0.0	0.0	0.0	3	0.9947166402188756	-0.8510395735336367	230.0	33	1.05	0.95				
	313	2	212.18443535087718	43.237583052631585	0.0	0.0	3	1.0228407185506319	5.784165184288663	230.0	34	1.05	0.95				
	314	2	155.33502059649123	31.227143315789473	0.0	0.0	3	1.0100079460518079	-0.9943283470286512	230.0	36	1.05	0.95				
	315	2	253.8206264385965	51.24454287719299	0.0	0.0	3	1.0447495984652246	-0.10938520836250491	230.0	36	1.05	0.95				
	316	2	80.06959824561403	16.01391964912281	0.0	0.0	3	1.041125722378547	0.9927622223068654	230.0	36	1.05	0.95				
	317	1	0.0	0.0	0.0	0.0	3	1.046694892228924	2.326410832273625	230.0	37	1.05	0.95				
	318	2	266.63176215789474	54.44732680701755	0.0	0.0	3	1.0459928606508022	1.691274237254917	230.0	37	1.05	0.95				
	319	1	144.9259728245614	29.625751350877195	0.0	0.0	3	1.034328051356243	1.9922857262564662	230.0	35	1.05	0.95				
	320	1	102.48908575438598	20.81809554385965	0.0	0.0	3	1.0330306988561408	3.2055164909593663	230.0	35	1.05	0.95				
	321	2	0.0	0.0	0.0	0.0	3	1.0493623220670014	2.620368676585232	230.0	37	1.05	0.95				
	322	2	0.0	0.0	0.0	0.0	3	1.05	6.945586209898987	230.0	37	1.05	0.95				
	323	2	0.0	0.0	0.0	0.0	3	1.0333357233498297	3.845336422420518	230.0	35	1.05	0.95				
	324	1	0.0	0.0	0.0	0.0	3	1.0167460700815754	-2.079425133909788	230.0	36	1.05	0.95				
	325	1	0.0	0.0	0.0	0.0	3	1.0330379432727836	4.613111261950372	230.0	35	1.05	0.95				
];
