%% MATPOWER Case Format : Version 2
function mpc = RTS_GMLC
mpc.version = '2';

%%-----  Power Flow Data  -----%%
%% system MVA base
mpc.baseMVA = 100.0;
%% bus data
%    bus_i    type    Pd    Qd    Gs    Bs    area    Vm    Va    baseKV    zone    Vmax    Vmin
mpc.bus = [
	101	2	102.33547749473686	20.846115785964912	0.0	0.0	1	1.048202759744051	-3.5954065351992672	138.0	11	1.05	0.95				
	102	2	91.91241960175438	18.951014350877195	0.0	0.0	1	1.0479827041198584	-3.7500668224116556	138.0	12	1.05	0.95				
	103	1	170.55912915789474	35.0593765491228	0.0	0.0	1	1.0190929797963575	-4.333946310423364	138.0	11	1.05	0.95				
	104	1	70.1187530982456	14.213260763157894	0.0	0.0	1	1.0220936287748674	-6.92149649734185	138.0	11	1.05	0.95				
	105	1	67.27610094561403	13.265710045614037	0.0	0.0	1	1.036062212623879	-7.4589905429279515	138.0	11	1.05	0.95				
	106	1	128.86689758596492	26.531420091228075	0.0	-100.0	1	1.0334807761518134	-10.496846195815545	138.0	12	1.05	0.95				
	107	2	118.44383969298246	23.68876793859649	0.0	0.0	1	1.05	-7.513562637170334	138.0	12	1.05	0.95				
	108	1	162.0311727	33.164275114035085	0.0	0.0	1	1.019744978896236	-10.464575411166118	138.0	12	1.05	0.95				
	109	1	165.82137557017543	34.11182583157895	0.0	0.0	1	1.0275315046249394	-6.694137267321666	138.0	13	1.05	0.95				
	110	1	184.77238992105262	37.90202870175439	0.0	0.0	1	1.05	-8.462293926452686	138.0	13	1.05	0.95				
	111	1	0.0	0.0	0.0	0.0	1	1.0214670381083144	-3.054980486681639	230.0	13	1.05	0.95				
	112	1	0.0	0.0	0.0	0.0	1	1.0205645561954266	-1.8918713017424271	230.0	13	1.05	0.95				
	113	3	251.10094014912278	51.16773874736843	0.0	0.0	1	1.0286821293240684	4.716205002892285e-28	230.0	14	1.05	0.95				
	114	2	183.82483920350876	36.95447798421053	0.0	0.0	1	1.0295952458569222	-1.2589225263504067	230.0	16	1.05	0.95				
	115	2	300.3735774614035	60.64324592280702	0.0	0.0	1	1.0428490129069383	7.495338383153298	230.0	16	1.05	0.95				
	116	2	94.75507175438597	18.951014350877195	0.0	0.0	1	1.04432671567824	7.103716591773626	230.0	16	1.05	0.95				
	117	1	0.0	0.0	0.0	0.0	1	1.047264818849112	10.748628789662957	230.0	17	1.05	0.95				
	118	2	315.53438894210524	64.43344879298246	0.0	0.0	1	1.05	11.509707927114889	230.0	17	1.05	0.95				
	119	1	171.5066798754386	35.0593765491228	0.0	0.0	1	1.0397203013835432	5.908271553605543	230.0	15	1.05	0.95				
	120	1	121.28649184561404	24.63631865614035	0.0	0.0	1	1.043783485599584	6.259339956413707	230.0	15	1.05	0.95				
	121	2	0.0	0.0	0.0	0.0	1	1.05	12.408610230847911	230.0	17	1.05	0.95				
	122	2	0.0	0.0	0.0	0.0	1	1.05	19.83934030059472	230.0	17	1.05	0.95				
	123	2	0.0	0.0	0.0	0.0	1	1.0490532481548152	7.139436459343066	230.0	15	1.05	0.95				
	124	1	0.0	0.0	0.0	0.0	1	1.0191325036411245	3.1179786991699956	230.0	16	1.05	0.95				
	201	2	97.32409885894738	19.825279397192986	0.0	0.0	2	1.05	-11.194301921086389	138.0	21	1.05	0.95				
	202	2	87.41145916035087	18.022981270175443	0.0	0.0	2	1.05	-11.270223305057742	138.0	22	1.05	0.95				
	203	1	162.20683143157896	33.342515349824566	0.0	0.0	2	1.0257212959849609	-8.558935985755825	138.0	21	1.05	0.95				
	204	1	66.68503069964913	13.517235952631578	0.0	0.0	2	1.0203576035079946	-12.398706802329723	138.0	21	1.05	0.95				
	205	1	63.98158350912281	12.61608688912281	0.0	0.0	2	1.037646698283203	-12.80506985652335	138.0	21	1.05	0.95				
	206	1	122.556272637193	25.23217377824562	0.0	-100.0	2	1.0350904585154406	-14.553016434895632	138.0	22	1.05	0.95				
	207	2	112.6436329385965	22.5287265877193	0.0	0.0	2	0.95	-24.63770271682115	138.0	22	1.05	0.95				
	208	1	154.09648986000002	31.540217222807016	0.0	0.0	2	0.9535943798850334	-21.572586421533543	138.0	22	1.05	0.95				
	209	1	157.7010861140351	32.44136628631579	0.0	0.0	2	1.0255271638728245	-9.698781535552913	138.0	23	1.05	0.95				
	210	1	175.72406738421054	36.045962540350885	0.0	0.0	2	1.048162055646343	-11.63085814175063	138.0	23	1.05	0.95				
	211	1	0.0	0.0	0.0	0.0	2	1.0321441050477336	-4.699486909259459	230.0	23	1.05	0.95				
	212	1	0.0	0.0	0.0	0.0	2	1.0262364722815012	0.12585986804291185	230.0	23	1.05	0.95				
	213	2	238.80450182982455	48.66204942947369	0.0	0.0	2	1.05	-0.15361765470482494	230.0	24	1.05	0.95				
	214	2	174.82291832070175	35.14481347684211	0.0	0.0	2	1.05	-2.98968154780997	230.0	26	1.05	0.95				
	215	2	285.6642531322807	57.673540064561415	0.0	0.0	2	1.0462377590655363	5.065281124066418	230.0	26	1.05	0.95				
	216	2	90.1149063508772	18.022981270175443	0.0	0.0	2	1.0496740651730228	4.996457493069314	230.0	26	1.05	0.95				
	217	1	0.0	0.0	0.0	0.0	2	1.05	7.722798519074859	230.0	27	1.05	0.95				
	218	2	300.0826381484211	61.2781363185965	0.0	0.0	2	1.0493923174020152	8.360416679905603	230.0	27	1.05	0.95				
	219	1	163.10798049508776	33.342515349824566	0.0	0.0	2	1.0427412839817278	4.929788626192778	230.0	25	1.05	0.95				
	220	1	115.34708012912283	23.429875651228073	0.0	0.0	2	1.0452083536900423	6.5565402216988415	230.0	25	1.05	0.95				
	221	2	0.0	0.0	0.0	0.0	2	1.05	8.98727510560195	230.0	27	1.05	0.95				
	222	2	0.0	0.0	0.0	0.0	2	1.05	15.003090692490987	230.0	27	1.05	0.95				
	223	2	0.0	0.0	0.0	0.0	2	1.05	8.100511219277992	230.0	25	1.05	0.95				
	224	1	0.0	0.0	0.0	0.0	2	1.0211642878404614	0.004591535920597009	230.0	26	1.05	0.95				
	301	2	88.73014869473684	18.074659919298245	0.0	0.0	3	0.9878108731728737	-10.994427754182292	138.0	31	1.05	0.95				
	302	2	79.69281873508771	16.43150901754386	0.0	0.0	3	0.9888947707214714	-11.372107196170218	138.0	32	1.05	0.95				
	303	1	147.88358115789472	30.39829168245614	0.0	0.0	3	0.992485835770527	-5.906242394091658	138.0	31	1.05	0.95				
	304	1	60.79658336491228	12.323631763157895	0.0	0.0	3	0.9768181843567516	-9.330001328077515	138.0	31	1.05	0.95				
	305	1	58.33185701228069	11.502056312280702	0.0	0.0	3	0.990471737096884	-9.622733406674989	138.0	31	1.05	0.95				
	306	1	111.73426131929824	23.004112624561404	0.0	-100.0	3	0.9981142453944009	-9.797970276904977	138.0	32	1.05	0.95				
	307	2	102.69693135964913	20.539386271929825	0.0	0.0	3	0.966382029045717	-11.850751071408329	138.0	32	1.05	0.95				
	308	1	140.4894021	28.755140780701755	0.0	0.0	3	0.9663889153625127	-10.204649687228656	138.0	32	1.05	0.95				
	309	1	143.77570390350877	29.57671623157895	0.0	0.0	3	0.9983687760457814	-4.100704129501348	138.0	33	1.05	0.95				
	310	1	160.20721292105262	32.86301803508772	0.0	0.0	3	1.0180022283473944	-5.444034487401247	138.0	33	1.05	0.95				
	311	1	0.0	0.0	0.0	0.0	3	0.9947537149477123	3.3433946590520156	230.0	33	1.05	0.95				
	312	1	0.0	0.0	0.0	0.0	3	0.9968332447088978	4.397859895799346	230.0	33	1.05	0.95				
	313	2	217.71749448245612	44.36507434736842	0.0	0.0	3	1.026125470383563	11.867104264475344	230.0	34	1.05	0.95				
	314	2	159.38563747017542	32.04144258421053	0.0	0.0	3	1.006011990138692	3.6468770495221983	230.0	36	1.05	0.95				
	315	2	260.43941792807016	52.58082885614035	0.0	0.0	3	1.0343627467068761	3.4765413427276117	230.0	36	1.05	0.95				
	316	2	82.1575450877193	16.43150901754386	0.0	0.0	3	1.0314434663270848	4.390518296580976	230.0	36	1.05	0.95				
	317	1	0.0	0.0	0.0	0.0	3	1.0384603129353789	5.735037323110363	230.0	37	1.05	0.95				
	318	2	273.58462514210527	55.86713065964912	0.0	0.0	3	1.0387350970068345	5.270467986073201	230.0	37	1.05	0.95				
	319	1	148.70515660877192	30.39829168245614	0.0	0.0	3	1.0264401959935048	5.477994099418496	230.0	35	1.05	0.95				
	320	1	105.1616577122807	21.36096172280702	0.0	0.0	3	1.0267966166380837	6.704599072568065	230.0	35	1.05	0.95				
	321	2	0.0	0.0	0.0	0.0	3	1.04159140726468	6.373090060141466	230.0	37	1.05	0.95				
	322	2	0.0	0.0	0.0	0.0	3	1.05	11.8831486122849	230.0	37	1.05	0.95				
	323	2	0.0	0.0	0.0	0.0	3	1.0283142115964028	7.43066037424379	230.0	35	1.05	0.95				
	324	1	0.0	0.0	0.0	0.0	3	1.0095118061312165	1.9815048921856198	230.0	36	1.05	0.95				
	325	1	0.0	0.0	0.0	0.0	3	1.0298269725184446	7.864837700235173	230.0	35	1.05	0.95				
];

%% generator data
%    bus    Pg    Qg    Qmax    Qmin    Vg    mBase    status    Pmax    Pmin    Pc1    Pc2    Qc1min    Qc1max    Qc2min    Qc2max    ramp_agc    ramp_10    ramp_30    ramp_q    apf
