%% MATPOWER Case Format : Version 2
function mpc = RTS_GMLC
mpc.version = '2';

%%-----  Power Flow Data  -----%%
%% system MVA base
mpc.baseMVA = 100.0;
%% bus data
%    bus_i    type    Pd    Qd    Gs    Bs    area    Vm    Va    baseKV    zone    Vmax    Vmin
mpc.bus = [
	101	2	60.973775355789485	12.42058386877193	0.0	0.0	1	1.0325912606345435	0.6615388550922183	138.0	11	1.05	0.95				
	102	2	54.763483421403514	11.291439880701756	0.0	0.0	1	1.0326358958050839	0.6199691138848868	138.0	12	1.05	0.95				
	103	1	101.62295892631579	20.889163779298244	0.0	0.0	1	1.0232426695555583	-1.4585536299591486	138.0	11	1.05	0.95				
	104	1	41.77832755859649	8.468579910526316	0.0	0.0	1	1.0189292998569148	-2.766145042307694	138.0	11	1.05	0.95				
	105	1	40.08461157649123	7.90400791649123	0.0	0.0	1	1.0335387987687312	-2.6048336572128186	138.0	11	1.05	0.95				
	106	1	76.78179118877195	15.80801583298246	0.0	-100.0	1	1.0413328445005947	-4.956310095993655	138.0	12	1.05	0.95				
	107	2	70.57149925438597	14.114299850877194	0.0	0.0	1	1.0345347481239722	-5.174433538352764	138.0	12	1.05	0.95				
	108	1	96.54181098	19.76001979122807	0.0	0.0	1	1.021827014050395	-6.3083370696931205	138.0	12	1.05	0.95				
	109	1	98.80009895614035	20.32459178526316	0.0	0.0	1	1.0256585974040124	-3.251846386925783	138.0	13	1.05	0.95				
	110	1	110.0915388368421	22.58287976140351	0.0	0.0	1	1.05	-4.134327828174795	138.0	13	1.05	0.95				
	111	1	0.0	0.0	0.0	0.0	1	1.0059892684941731	-1.163595439823965	230.0	13	1.05	0.95				
	112	1	0.0	0.0	0.0	0.0	1	1.0121360980193173	-0.594508615982905	230.0	13	1.05	0.95				
	113	3	149.61157841929824	30.486887677894742	0.0	0.0	1	1.003640604127516	-2.0107581381053573e-30	230.0	14	1.05	0.95				
	114	2	109.52696684280703	22.018307767368423	0.0	0.0	1	1.000903368077388	0.4674647534668456	230.0	16	1.05	0.95				
	115	2	178.9693221091228	36.132607618245615	0.0	0.0	1	1.0367785143561887	6.637118514437439	230.0	16	1.05	0.95				
	116	2	56.457199403508774	11.291439880701756	0.0	0.0	1	1.0334716888428976	6.1239117404367445	230.0	16	1.05	0.95				
	117	1	0.0	0.0	0.0	0.0	1	1.0399410820657393	8.17646355769633	230.0	17	1.05	0.95				
	118	2	188.0024740136842	38.390895594385974	0.0	0.0	1	1.041766781226886	8.293990324293276	230.0	17	1.05	0.95				
	119	1	102.1875309203509	20.889163779298244	0.0	0.0	1	1.0282386936481334	4.937924999765785	230.0	15	1.05	0.95				
	120	1	72.26521523649123	14.678871844912281	0.0	0.0	1	1.0283206480647882	4.995523721774967	230.0	15	1.05	0.95				
	121	2	0.0	0.0	0.0	0.0	1	1.0452080259552796	9.519515396759541	230.0	17	1.05	0.95				
	122	2	0.0	0.0	0.0	0.0	1	1.05	15.584052213219833	230.0	17	1.05	0.95				
	123	2	0.0	0.0	0.0	0.0	1	1.029570904346855	5.456530006532722	230.0	15	1.05	0.95				
	124	1	0.0	0.0	0.0	0.0	1	1.0214128319179265	3.6190753474119974	230.0	16	1.05	0.95				
	201	2	70.73634505263159	14.409255473684212	0.0	0.0	2	1.0340372682561798	-14.963032109590095	138.0	21	1.05	0.95				
	202	2	63.53171731578947	13.099323157894737	0.0	0.0	2	1.0342222611994643	-15.078148968805785	138.0	22	1.05	0.95				
	203	1	117.89390842105266	24.233747842105263	0.0	0.0	2	1.0218317846015401	-11.326521155081192	138.0	21	1.05	0.95				
	204	1	48.467495684210526	9.824492368421053	0.0	0.0	2	1.0171275895655403	-17.10605086922347	138.0	21	1.05	0.95				
	205	1	46.50259721052631	9.169526210526318	0.0	0.0	2	1.033507306455331	-17.54594785640375	138.0	21	1.05	0.95				
	206	1	89.07539747368422	18.339052421052635	0.0	-100.0	2	1.0396060338233204	-19.616939973820823	138.0	22	1.05	0.95				
	207	2	81.8707697368421	16.374153947368423	0.0	0.0	2	0.9798900059885522	-29.418778268871517	138.0	22	1.05	0.95				
	208	1	111.999213	22.92381552631579	0.0	0.0	2	0.9808102189723056	-26.22578706727248	138.0	22	1.05	0.95				
	209	1	114.61907763157895	23.578781684210526	0.0	0.0	2	1.0234537300707494	-16.10781395509351	138.0	23	1.05	0.95				
	210	1	127.71840078947369	26.198646315789475	0.0	0.0	2	1.05	-18.100424097232462	138.0	23	1.05	0.95				
	211	1	0.0	0.0	0.0	0.0	2	1.0208751596945689	-12.490117356960182	230.0	23	1.05	0.95				
	212	1	0.0	0.0	0.0	0.0	2	1.016983107213095	-11.508490020286748	230.0	23	1.05	0.95				
	213	2	173.56603184210528	35.368172526315796	0.0	0.0	2	1.0245010588333912	-11.043093618523526	230.0	24	1.05	0.95				
	214	2	127.06343463157894	25.543680157894737	0.0	0.0	2	1.0338751842188008	-9.220613171368614	230.0	26	1.05	0.95				
	215	2	207.6242720526316	41.91783410526316	0.0	0.0	2	1.0390751160299232	-0.20095193899863317	230.0	26	1.05	0.95				
	216	2	65.4966157894737	13.099323157894737	0.0	0.0	2	1.0426709213194363	-0.562910727448885	230.0	26	1.05	0.95				
	217	1	0.0	0.0	0.0	0.0	2	1.043586540881384	2.740837977173531	230.0	27	1.05	0.95				
	218	2	218.10373057894742	44.53769873684211	0.0	0.0	2	1.0452961403668841	3.1441473699906166	230.0	27	1.05	0.95				
	219	1	118.54887457894738	24.233747842105263	0.0	0.0	2	1.041460172019892	-1.2589840768876035	230.0	25	1.05	0.95				
	220	1	83.83566821052632	17.02912010526316	0.0	0.0	2	1.0458569014181418	-0.6316003132065556	230.0	25	1.05	0.95				
	221	2	0.0	0.0	0.0	0.0	2	1.0454231439761132	3.007536049940037	230.0	27	1.05	0.95				
	222	2	0.0	0.0	0.0	0.0	2	1.05	9.41033219431153	230.0	27	1.05	0.95				
	223	2	0.0	0.0	0.0	0.0	2	1.05	0.1885246915119089	230.0	25	1.05	0.95				
	224	1	0.0	0.0	0.0	0.0	2	1.01875618432151	-4.342062669663484	230.0	26	1.05	0.95				
	301	2	49.11420437052632	10.004745334736842	0.0	0.0	3	1.0142217534020455	-7.238380807661658	138.0	31	1.05	0.95				
	302	2	44.1118317031579	9.095223031578946	0.0	0.0	3	1.0130506433960442	-7.60695771597612	138.0	32	1.05	0.95				
	303	1	81.85700728421052	16.826162608421054	0.0	0.0	3	1.05	6.603875244978229	138.0	31	1.05	0.95				
	304	1	33.65232521684211	6.821417273684211	0.0	0.0	3	1.010199882284181	-6.790079432553445	138.0	31	1.05	0.95				
	305	1	32.288041762105266	6.3666561221052635	0.0	0.0	3	1.0265257744301364	-8.295457249421474	138.0	31	1.05	0.95				
	306	1	61.84751661473684	12.733312244210527	0.0	-100.0	3	1.0408367523298494	-9.437262484259819	138.0	32	1.05	0.95				
	307	2	56.84514394736841	11.369028789473685	0.0	0.0	3	0.9897286073487865	-14.311564248116534	138.0	32	1.05	0.95				
	308	1	77.76415691999999	15.916640305263158	0.0	0.0	3	0.995367850131387	-12.230871418420291	138.0	32	1.05	0.95				
	309	1	79.58320152631579	16.371401456842104	0.0	0.0	3	1.021720796062371	-4.238067587466054	138.0	33	1.05	0.95				
	310	1	88.67842455789473	18.190446063157893	0.0	0.0	3	1.05	-7.891995901685256	138.0	33	1.05	0.95				
	311	1	0.0	0.0	0.0	0.0	3	1.0101557230702352	-3.3594432085447847	230.0	33	1.05	0.95				
	312	1	0.0	0.0	0.0	0.0	3	1.0135761982967206	-2.8256648107599087	230.0	33	1.05	0.95				
	313	2	120.51170516842105	24.55710218526316	0.0	0.0	3	1.0119468813584687	-0.6132694385470243	230.0	34	1.05	0.95				
	314	2	88.2236634063158	17.735684911578947	0.0	0.0	3	1.009109951702397	-2.9732159719358227	230.0	36	1.05	0.95				
	315	2	144.1592850505263	29.10471370105263	0.0	0.0	3	1.0428430317045834	1.0146817970073423	230.0	36	1.05	0.95				
	316	2	45.47611515789474	9.095223031578946	0.0	0.0	3	1.0361781687588563	0.29824931009701106	230.0	36	1.05	0.95				
	317	1	0.0	0.0	0.0	0.0	3	1.0428331220328662	1.6466756337378392	230.0	37	1.05	0.95				
	318	2	151.43546347578948	30.92375830736842	0.0	0.0	3	1.044193211122625	1.6935596460766063	230.0	37	1.05	0.95				
	319	1	82.31176843578947	16.826162608421054	0.0	0.0	3	1.0287107573935292	-0.418800590454565	230.0	35	1.05	0.95				
	320	1	58.20942740210526	11.823789941052631	0.0	0.0	3	1.0254227693031457	-0.1635577587447424	230.0	35	1.05	0.95				
	321	2	0.0	0.0	0.0	0.0	3	1.0467991765033353	2.9609744616632043	230.0	37	1.05	0.95				
	322	2	0.0	0.0	0.0	0.0	3	1.05	6.778283946637564	230.0	37	1.05	0.95				
	323	2	0.0	0.0	0.0	0.0	3	1.0243483807145204	0.3294460949650416	230.0	35	1.05	0.95				
	324	1	0.0	0.0	0.0	0.0	3	1.0429312709839529	3.1546305745201373	230.0	36	1.05	0.95				
	325	1	0.0	0.0	0.0	0.0	3	1.0243420735906403	1.1163262030984984	230.0	35	1.05	0.95				
];
