%% MATPOWER Case Format : Version 2
function mpc = RTS_GMLC
mpc.version = '2';

%%-----  Power Flow Data  -----%%
%% system MVA base
mpc.baseMVA = 100.0;
%% bus data
%    bus_i    type    Pd    Qd    Gs    Bs    area    Vm    Va    baseKV    zone    Vmax    Vmin
mpc.bus = [
	101	2	59.50420582736843	12.121227112982456	0.0	0.0	1	1.0352982057496727	0.10614118969512265	138.0	11	1.05	0.95				
	102	2	53.4435922708772	11.019297375438597	0.0	0.0	1	1.0349086219193928	-0.035617170455815014	138.0	12	1.05	0.95				
	103	1	99.17367637894738	20.385700144561405	0.0	0.0	1	1.0235148235323581	-1.828864649910996	138.0	11	1.05	0.95				
	104	1	40.77140028912281	8.264473031578948	0.0	0.0	1	1.0200362303780064	-3.2248790914906547	138.0	11	1.05	0.95				
	105	1	39.11850568280702	7.713508162807019	0.0	0.0	1	1.0351921618798183	-3.034740293762233	138.0	11	1.05	0.95				
	106	1	74.93122215298247	15.427016325614037	0.0	-100.0	1	1.0424040203319107	-5.334686718720972	138.0	12	1.05	0.95				
	107	2	68.87060859649124	13.774121719298247	0.0	0.0	1	1.0197127582513763	-7.040512134469276	138.0	12	1.05	0.95				
	108	1	94.21499256	19.283770407017546	0.0	0.0	1	1.0131873333781636	-7.50927913825909	138.0	12	1.05	0.95				
	109	1	96.41885203508772	19.834735275789477	0.0	0.0	1	1.0251334567331016	-3.611279703196776	138.0	13	1.05	0.95				
	110	1	107.43814941052632	22.038594750877195	0.0	0.0	1	1.05	-4.490067725482673	138.0	13	1.05	0.95				
	111	1	0.0	0.0	0.0	0.0	1	1.006294744948534	-1.3651383176635885	230.0	13	1.05	0.95				
	112	1	0.0	0.0	0.0	0.0	1	1.0112682554618249	-0.6968256646783948	230.0	13	1.05	0.95				
	113	3	146.0056902245614	29.752102913684215	0.0	0.0	1	1.003435401383405	1.1207206705775741e-29	230.0	14	1.05	0.95				
	114	2	106.8871845417544	21.487629882105264	0.0	0.0	1	1.0026781803294231	0.2409346844217803	230.0	16	1.05	0.95				
	115	2	174.65586340070175	35.26175160140351	0.0	0.0	1	1.0347318324168169	6.153497439649611	230.0	16	1.05	0.95				
	116	2	55.09648687719299	11.019297375438597	0.0	0.0	1	1.0318818829780105	5.807573794988029	230.0	16	1.05	0.95				
	117	1	0.0	0.0	0.0	0.0	1	1.0379810046008104	7.7477032389912885	230.0	17	1.05	0.95				
	118	2	183.47130130105265	37.465611076491236	0.0	0.0	1	1.0392613634160444	7.811971961480211	230.0	17	1.05	0.95				
	119	1	99.7246412477193	20.385700144561405	0.0	0.0	1	1.0269932328272715	4.901452835232949	230.0	15	1.05	0.95				
	120	1	70.52350320280702	14.325086588070176	0.0	0.0	1	1.0271247316781007	5.1759321117332835	230.0	15	1.05	0.95				
	121	2	0.0	0.0	0.0	0.0	1	1.0424598139479964	9.137256884937408	230.0	17	1.05	0.95				
	122	2	0.0	0.0	0.0	0.0	1	1.05	15.095902542393969	230.0	17	1.05	0.95				
	123	2	0.0	0.0	0.0	0.0	1	1.0283915895140152	5.747070679642845	230.0	15	1.05	0.95				
	124	1	0.0	0.0	0.0	0.0	1	1.0203760140038232	3.1704939011023425	230.0	16	1.05	0.95				
	201	2	60.87643632000002	12.400755546666668	0.0	0.0	2	1.033365976401588	-10.868236876915669	138.0	21	1.05	0.95				
	202	2	54.676058546666674	11.273414133333336	0.0	0.0	2	1.0336130819058333	-10.918479621166744	138.0	22	1.05	0.95				
	203	1	101.46072720000001	20.85581614666667	0.0	0.0	2	1.0217052454247935	-9.149861285093055	138.0	21	1.05	0.95				
	204	1	41.71163229333334	8.455060600000001	0.0	0.0	2	1.0186600599607625	-13.124495058347915	138.0	21	1.05	0.95				
	205	1	40.020620173333334	7.8913898933333355	0.0	0.0	2	1.0344211326578703	-13.382029174086703	138.0	21	1.05	0.95				
	206	1	76.65921610666669	15.782779786666671	0.0	-100.0	2	1.0421098517261431	-15.326951015296686	138.0	22	1.05	0.95				
	207	2	70.45883833333335	14.09176766666667	0.0	0.0	2	0.9894189044282794	-23.828439877825502	138.0	22	1.05	0.95				
	208	1	96.38769084	19.728474733333336	0.0	0.0	2	0.9908886811787901	-21.148725655917826	138.0	22	1.05	0.95				
	209	1	98.64237366666669	20.292145440000002	0.0	0.0	2	1.0234900647846994	-12.642202898600491	138.0	23	1.05	0.95				
	210	1	109.91578780000002	22.546828266666672	0.0	0.0	2	1.05	-14.151791029561574	138.0	23	1.05	0.95				
	211	1	0.0	0.0	0.0	0.0	2	1.0128909582033259	-9.44206936084528	230.0	23	1.05	0.95				
	212	1	0.0	0.0	0.0	0.0	2	1.0121765279277417	-8.699565878499925	230.0	23	1.05	0.95				
	213	2	149.3727372666667	30.43821816000001	0.0	0.0	2	1.0107574306067333	-8.337724269990083	230.0	24	1.05	0.95				
	214	2	109.35211709333335	21.983157560000006	0.0	0.0	2	1.0204515004183115	-6.425989024245498	230.0	26	1.05	0.95				
	215	2	178.68361401333334	36.07492522666667	0.0	0.0	2	1.0340128176969252	1.582099648875703	230.0	26	1.05	0.95				
	216	2	56.36707066666668	11.273414133333336	0.0	0.0	2	1.0358895825454493	1.2856341344447477	230.0	26	1.05	0.95				
	217	1	0.0	0.0	0.0	0.0	2	1.0394569651578538	4.273313511413157	230.0	27	1.05	0.95				
	218	2	187.70234532000003	38.329608053333345	0.0	0.0	2	1.0411067247575125	4.73696719031314	230.0	27	1.05	0.95				
	219	1	102.02439790666669	20.85581614666667	0.0	0.0	2	1.033791164534992	0.42428948901727714	230.0	25	1.05	0.95				
	220	1	72.14985045333334	14.655438373333334	0.0	0.0	2	1.0364384085652227	0.7543508458496965	230.0	25	1.05	0.95				
	221	2	0.0	0.0	0.0	0.0	2	1.0409310995338548	4.441638540724502	230.0	27	1.05	0.95				
	222	2	0.0	0.0	0.0	0.0	2	1.05	10.87864377577438	230.0	27	1.05	0.95				
	223	2	0.0	0.0	0.0	0.0	2	1.039128707676861	1.3558928841283815	230.0	25	1.05	0.95				
	224	1	0.0	0.0	0.0	0.0	2	1.0160997795892897	-2.430852925343863	230.0	26	1.05	0.95				
	301	2	46.6029737431579	9.493198355087719	0.0	0.0	3	1.009298854718586	-8.995183717589553	138.0	31	1.05	0.95				
	302	2	41.85637456561403	8.630180322807018	0.0	0.0	3	1.008938113972543	-9.164139651730101	138.0	32	1.05	0.95				
	303	1	77.67162290526316	15.965833597192983	0.0	0.0	3	1.0330577995130448	-1.8116461526247918	138.0	31	1.05	0.95				
	304	1	31.931667194385966	6.472635242105262	0.0	0.0	3	1.0110791863909778	-7.873507560365083	138.0	31	1.05	0.95				
	305	1	30.63714014596491	6.041126225964913	0.0	0.0	3	1.0242004905482232	-8.81068944987141	138.0	31	1.05	0.95				
	306	1	58.68522619508772	12.082252451929826	0.0	-100.0	3	1.0406108490853485	-9.22548191540567	138.0	32	1.05	0.95				
	307	2	53.93862701754386	10.787725403508771	0.0	0.0	3	0.9931573358071342	-13.849122056152305	138.0	32	1.05	0.95				
	308	1	73.78804176	15.102815564912278	0.0	0.0	3	0.999532810425559	-11.906262204265897	138.0	32	1.05	0.95				
	309	1	75.5140778245614	15.53432458105263	0.0	0.0	3	1.0262100330679575	-5.048815355559092	138.0	33	1.05	0.95				
	310	1	84.14425814736842	17.260360645614035	0.0	0.0	3	1.05	-7.236188926031947	138.0	33	1.05	0.95				
	311	1	0.0	0.0	0.0	0.0	3	1.005744660851273	-2.5242883713060937	230.0	33	1.05	0.95				
	312	1	0.0	0.0	0.0	0.0	3	1.010781120201271	-2.086892964560584	230.0	33	1.05	0.95				
	313	2	114.34988927719299	23.30148687157895	0.0	0.0	3	1.0081561667454915	0.632865154677079	230.0	34	1.05	0.95				
	314	2	83.71274913122807	16.828851629473686	0.0	0.0	3	1.0001267711654314	-1.5386149656195802	230.0	36	1.05	0.95				
	315	2	136.78835811649122	27.616577032982452	0.0	0.0	3	1.023521164352486	-0.13613281916494352	230.0	36	1.05	0.95				
	316	2	43.150901614035085	8.630180322807018	0.0	0.0	3	1.021203440993588	0.2876712927742233	230.0	36	1.05	0.95				
	317	1	0.0	0.0	0.0	0.0	3	1.0277124370226225	0.84665393626715	230.0	37	1.05	0.95				
	318	2	143.69250237473682	29.34261309754386	0.0	0.0	3	1.02746189158071	0.46563738651601927	230.0	37	1.05	0.95				
	319	1	78.10313192140352	15.965833597192983	0.0	0.0	3	1.0177695572145398	0.42923970273859885	230.0	35	1.05	0.95				
	320	1	55.233154065964904	11.219234419649123	0.0	0.0	3	1.016204003556972	0.75360529614149	230.0	35	1.05	0.95				
	321	2	0.0	0.0	0.0	0.0	3	1.0285507754921803	1.010281099309415	230.0	37	1.05	0.95				
	322	2	0.0	0.0	0.0	0.0	3	1.0416031818117921	5.322757991739801	230.0	37	1.05	0.95				
	323	2	0.0	0.0	0.0	0.0	3	1.0157542560919988	1.170178591410807	230.0	35	1.05	0.95				
	324	1	0.0	0.0	0.0	0.0	3	1.023487239687262	0.05062275475182318	230.0	36	1.05	0.95				
	325	1	0.0	0.0	0.0	0.0	3	1.0167032720480966	1.8617844949029931	230.0	35	1.05	0.95				
];
