%% MATPOWER Case Format : Version 2
function mpc = RTS_GMLC
mpc.version = '2';

%%-----  Power Flow Data  -----%%
%% system MVA base
mpc.baseMVA = 100.0;
%% bus data
%    bus_i    type    Pd    Qd    Gs    Bs    area    Vm    Va    baseKV    zone    Vmax    Vmin
mpc.bus = [
	101	2	58.88965858105264	11.996041562807019	0.0	0.0	1	1.0282899703970316	0.3169682712252515	138.0	11	1.05	0.95				
	102	2	52.891637799649125	10.905492329824561	0.0	0.0	1	1.0278779444262285	0.15871829331037718	138.0	12	1.05	0.95				
	103	1	98.14943096842106	20.17516081017544	0.0	0.0	1	1.0238728817282174	-0.8868244123119262	138.0	11	1.05	0.95				
	104	1	40.35032162035088	8.17911924736842	0.0	0.0	1	1.0173516591240546	-2.868415039102526	138.0	11	1.05	0.95				
	105	1	38.714497770877195	7.633844630877194	0.0	0.0	1	1.031728035324217	-2.758145949483797	138.0	11	1.05	0.95				
	106	1	74.15734784280703	15.267689261754388	0.0	-100.0	1	1.040900163639445	-5.014347900235323	138.0	12	1.05	0.95				
	107	2	68.1593270614035	13.631865412280703	0.0	0.0	1	1.0307275853315363	-6.318861659625852	138.0	12	1.05	0.95				
	108	1	93.24195942000001	19.084611577192984	0.0	0.0	1	1.0199891256486675	-6.88369611248595	138.0	12	1.05	0.95				
	109	1	95.42305788596492	19.62988619368421	0.0	0.0	1	1.0257160857539578	-3.1209187326579833	138.0	13	1.05	0.95				
	110	1	106.32855021578949	21.810984659649122	0.0	0.0	1	1.05	-4.137745026442425	138.0	13	1.05	0.95				
	111	1	0.0	0.0	0.0	0.0	1	1.0064896965907928	-0.8743069953142171	230.0	13	1.05	0.95				
	112	1	0.0	0.0	0.0	0.0	1	1.0125715972275475	-0.5258300240257683	230.0	13	1.05	0.95				
	113	3	144.49777337017545	29.44482929052632	0.0	0.0	1	1.0041963076731981	-6.092214167894288e-28	230.0	14	1.05	0.95				
	114	2	105.78327559929825	21.265710043157895	0.0	0.0	1	1.0025734506105848	1.2333321390146197	230.0	16	1.05	0.95				
	115	2	172.8520534277193	34.8975754554386	0.0	0.0	1	1.0384010130540569	8.035212426610627	230.0	16	1.05	0.95				
	116	2	54.52746164912281	10.905492329824561	0.0	0.0	1	1.0355978069611087	7.414918120583399	230.0	16	1.05	0.95				
	117	1	0.0	0.0	0.0	0.0	1	1.040947165311292	10.00383982894756	230.0	17	1.05	0.95				
	118	2	181.57644729157894	37.078673921403514	0.0	0.0	1	1.0433057112151698	10.152596463064153	230.0	17	1.05	0.95				
	119	1	98.69470558491228	20.17516081017544	0.0	0.0	1	1.0301495397096532	5.800862902925321	230.0	15	1.05	0.95				
	120	1	69.7951509108772	14.177140028771932	0.0	0.0	1	1.0300251017685678	5.443629393906732	230.0	15	1.05	0.95				
	121	2	0.0	0.0	0.0	0.0	1	1.0464845848529245	11.543313736826905	230.0	17	1.05	0.95				
	122	2	0.0	0.0	0.0	0.0	1	1.05	19.355300085510816	230.0	17	1.05	0.95				
	123	2	0.0	0.0	0.0	0.0	1	1.031004311410268	5.660900699430165	230.0	15	1.05	0.95				
	124	1	0.0	0.0	0.0	0.0	1	1.0217470348135498	4.7099826460954715	230.0	16	1.05	0.95				
	201	2	72.1983315031579	14.707067528421053	0.0	0.0	2	1.0346249733098465	-16.574129083654494	138.0	21	1.05	0.95				
	202	2	64.84479773894736	13.370061389473683	0.0	0.0	2	1.0348510175046655	-16.693570474763458	138.0	22	1.05	0.95				
	203	1	120.33055250526317	24.734613570526314	0.0	0.0	2	1.0203015317963893	-12.712610983832608	138.0	21	1.05	0.95				
	204	1	49.46922714105263	10.027546042105264	0.0	0.0	2	1.0169763788972994	-18.666485337533118	138.0	21	1.05	0.95				
	205	1	47.463717932631575	9.35904297263158	0.0	0.0	2	1.033640431140069	-19.12733406539947	138.0	21	1.05	0.95				
	206	1	90.91641744842106	18.71808594526316	0.0	-100.0	2	1.0393843405756842	-21.19451803279223	138.0	22	1.05	0.95				
	207	2	83.56288368421052	16.712576736842106	0.0	0.0	2	0.9766868504057921	-31.187902270285075	138.0	22	1.05	0.95				
	208	1	114.31402488	23.397607431578944	0.0	0.0	2	0.9781678025687531	-27.917066807571192	138.0	22	1.05	0.95				
	209	1	116.98803715789474	24.06611050105263	0.0	0.0	2	1.023145566943461	-17.56871415612643	138.0	23	1.05	0.95				
	210	1	130.35809854736843	26.740122778947367	0.0	0.0	2	1.05	-19.610853874743075	138.0	23	1.05	0.95				
	211	1	0.0	0.0	0.0	0.0	2	1.0225901366327694	-13.863487453947926	230.0	23	1.05	0.95				
	212	1	0.0	0.0	0.0	0.0	2	1.017261050592783	-12.793292961402923	230.0	23	1.05	0.95				
	213	2	177.15331341052632	36.09916575157895	0.0	0.0	2	1.0273036314717288	-12.395436731411989	230.0	24	1.05	0.95				
	214	2	129.68959547789473	26.071619709473687	0.0	0.0	2	1.0369473732767223	-10.526547401115874	230.0	26	1.05	0.95				
	215	2	211.9154730231579	42.78419644631579	0.0	0.0	2	1.0390855611374166	-1.3484014468581356	230.0	26	1.05	0.95				
	216	2	66.85030694736842	13.370061389473683	0.0	0.0	2	1.0430544244503037	-1.6712288412376486	230.0	26	1.05	0.95				
	217	1	0.0	0.0	0.0	0.0	2	1.0435529248834614	1.6423804881744815	230.0	27	1.05	0.95				
	218	2	222.61152213473684	45.45820872421053	0.0	0.0	2	1.044914010481911	1.8382790663135653	230.0	27	1.05	0.95				
	219	1	120.99905557473684	24.734613570526314	0.0	0.0	2	1.041527394464524	-2.215576334466771	230.0	25	1.05	0.95				
	220	1	85.56839289263158	17.381079806315793	0.0	0.0	2	1.0458000002316454	-1.4319259515612603	230.0	25	1.05	0.95				
	221	2	0.0	0.0	0.0	0.0	2	1.0446952106598508	1.541089797091153	230.0	27	1.05	0.95				
	222	2	0.0	0.0	0.0	0.0	2	1.05	8.08792971573785	230.0	27	1.05	0.95				
	223	2	0.0	0.0	0.0	0.0	2	1.05	-0.5166776772142616	230.0	25	1.05	0.95				
	224	1	0.0	0.0	0.0	0.0	2	1.017884795953868	-5.572512450405112	230.0	26	1.05	0.95				
	301	2	45.714647254736846	9.312242959298246	0.0	0.0	3	1.0128636245430271	-1.557244810488246	138.0	31	1.05	0.95				
	302	2	41.058525775087716	8.46567541754386	0.0	0.0	3	1.0121685126543585	-1.9067653190349938	138.0	32	1.05	0.95				
	303	1	76.19107875789474	15.66149952245614	0.0	0.0	3	1.05	11.770893965040418	138.0	31	1.05	0.95				
	304	1	31.32299904491228	6.349256563157894	0.0	0.0	3	1.011203995958569	-0.9747064092694151	138.0	31	1.05	0.95				
	305	1	30.0531477322807	5.925972792280702	0.0	0.0	3	1.0262518058524979	-2.7651191189910023	138.0	31	1.05	0.95				
	306	1	57.566592839298245	11.851945584561404	0.0	-100.0	3	1.0414810639368692	-3.957908138376671	138.0	32	1.05	0.95				
	307	2	52.91047135964912	10.582094271929824	0.0	0.0	3	0.9868622634856222	-8.110150269268035	138.0	32	1.05	0.95				
	308	1	72.38152482	14.814931980701754	0.0	0.0	3	0.995284087292819	-6.216493660028458	138.0	32	1.05	0.95				
	309	1	74.07465990350877	15.238215751578945	0.0	0.0	3	1.023137845988885	1.537594052294793	138.0	33	1.05	0.95				
	310	1	82.54033532105262	16.93135083508772	0.0	0.0	3	1.05	-2.60986844531996	138.0	33	1.05	0.95				
	311	1	0.0	0.0	0.0	0.0	3	1.0091033657837392	1.300229045851656	230.0	33	1.05	0.95				
	312	1	0.0	0.0	0.0	0.0	3	1.014151487242099	1.9329720688248695	230.0	33	1.05	0.95				
	313	2	112.17019928245612	22.857323627368423	0.0	0.0	3	1.0116330220188805	3.9150204589297752	230.0	34	1.05	0.95				
	314	2	82.11705155017543	16.508067064210525	0.0	0.0	3	1.0036393545731555	0.943148505914286	230.0	36	1.05	0.95				
	315	2	134.1809553680702	27.09016133614035	0.0	0.0	3	1.0444212836150597	3.375256508010043	230.0	36	1.05	0.95				
	316	2	42.328377087719296	8.46567541754386	0.0	0.0	3	1.0351137231796204	2.954451897012543	230.0	36	1.05	0.95				
	317	1	0.0	0.0	0.0	0.0	3	1.042868039136075	3.7726786391915597	230.0	37	1.05	0.95				
	318	2	140.95349570210527	28.783296419649123	0.0	0.0	3	1.0437585282052888	3.2993592217409695	230.0	37	1.05	0.95				
	319	1	76.61436252877193	15.66149952245614	0.0	0.0	3	1.026875144486514	2.6340140204906435	230.0	35	1.05	0.95				
	320	1	54.1803226722807	11.005378042807019	0.0	0.0	3	1.022511361008783	3.1802383604404456	230.0	35	1.05	0.95				
	321	2	0.0	0.0	0.0	0.0	3	1.045815827257417	4.307629908375334	230.0	37	1.05	0.95				
	322	2	0.0	0.0	0.0	0.0	3	1.05	8.428782095793848	230.0	37	1.05	0.95				
	323	2	0.0	0.0	0.0	0.0	3	1.0207840384502578	3.8135762167360796	230.0	35	1.05	0.95				
	324	1	0.0	0.0	0.0	0.0	3	1.0437606294403923	6.587911983563819	230.0	36	1.05	0.95				
	325	1	0.0	0.0	0.0	0.0	3	1.021730705806035	4.483954528730993	230.0	35	1.05	0.95				
];
