%% MATPOWER Case Format : Version 2
function mpc = RTS_GMLC
mpc.version = '2';

%%-----  Power Flow Data  -----%%
%% system MVA base
mpc.baseMVA = 100.0;
%% bus data
%    bus_i    type    Pd    Qd    Gs    Bs    area    Vm    Va    baseKV    zone    Vmax    Vmin
mpc.bus = [
	101	2	78.15437901473685	15.920336465964912	0.0	0.0	1	1.0323999640738961	-1.8219823314467385	138.0	11	1.05	0.95				
	102	2	70.19421078175438	14.473033150877193	0.0	0.0	1	1.0324017646285757	-1.8775948498986446	138.0	12	1.05	0.95				
	103	1	130.25729835789474	26.775111329122808	0.0	0.0	1	1.020769593808526	-2.3996687001507526	138.0	11	1.05	0.95				
	104	1	53.550222658245616	10.854774863157894	0.0	0.0	1	1.0165001500382986	-4.7228142775583954	138.0	11	1.05	0.95				
	105	1	51.379267685614025	10.131123205614037	0.0	0.0	1	1.0315609561167356	-4.752189339986364	138.0	11	1.05	0.95				
	106	1	98.41662542596492	20.262246411228073	0.0	-100.0	1	1.036926949707508	-7.051720342252931	138.0	12	1.05	0.95				
	107	2	90.45645719298246	18.091291438596492	0.0	0.0	1	1.0477787191480443	-2.8764462831699094	138.0	12	1.05	0.95				
	108	1	123.74443344	25.327808014035085	0.0	0.0	1	1.0249656071428337	-5.912241375880843	138.0	12	1.05	0.95				
	109	1	126.63904007017544	26.051459671578947	0.0	0.0	1	1.026639224028014	-4.120621784008698	138.0	13	1.05	0.95				
	110	1	141.1120732210526	28.946066301754385	0.0	0.0	1	1.05	-5.436711150689816	138.0	13	1.05	0.95				
	111	1	0.0	0.0	0.0	0.0	1	1.0134245437793898	-1.3946822642664383	230.0	13	1.05	0.95				
	112	1	0.0	0.0	0.0	0.0	1	1.0157343295673857	-0.48143202071061936	230.0	13	1.05	0.95				
	113	3	191.7676892491228	39.07718950736842	0.0	0.0	1	1.0135417826588857	-4.852082267682047e-30	230.0	14	1.05	0.95				
	114	2	140.38842156350876	28.222414644210524	0.0	0.0	1	1.015858860567678	0.8188913227367953	230.0	16	1.05	0.95				
	115	2	229.3975754414035	46.313706082807016	0.0	0.0	1	1.0450722317741852	8.592407569302406	230.0	16	1.05	0.95				
	116	2	72.36516575438597	14.473033150877193	0.0	0.0	1	1.0432905419537644	8.291677464729847	230.0	16	1.05	0.95				
	117	1	0.0	0.0	0.0	0.0	1	1.0471307325401764	11.202187275517772	230.0	17	1.05	0.95				
	118	2	240.97600196210527	49.20831271298246	0.0	0.0	1	1.0492098346084486	11.754933510569986	230.0	17	1.05	0.95				
	119	1	130.9809500154386	26.775111329122808	0.0	0.0	1	1.037877220761086	7.1999261384193085	230.0	15	1.05	0.95				
	120	1	92.62741216561403	18.81494309614035	0.0	0.0	1	1.039540997632111	7.617514175638333	230.0	15	1.05	0.95				
	121	2	0.0	0.0	0.0	0.0	1	1.05	12.337679594433858	230.0	17	1.05	0.95				
	122	2	0.0	0.0	0.0	0.0	1	1.05	18.88036415793179	230.0	17	1.05	0.95				
	123	2	0.0	0.0	0.0	0.0	1	1.0424639597414878	8.380785897487423	230.0	15	1.05	0.95				
	124	1	0.0	0.0	0.0	0.0	1	1.02220960259996	4.529007685829506	230.0	16	1.05	0.95				
	201	2	80.18825752421053	16.33464505122807	0.0	0.0	2	1.0407777750188627	-9.54213502247344	138.0	21	1.05	0.95				
	202	2	72.02093499859649	14.849677319298246	0.0	0.0	2	1.0407627164631754	-9.687741606735575	138.0	22	1.05	0.95				
	203	1	133.6470958736842	27.47190304070175	0.0	0.0	2	1.027295449868987	-6.554765471704191	138.0	21	1.05	0.95				
	204	1	54.9438060814035	11.137257989473683	0.0	0.0	2	1.0195344968376963	-11.489446384820509	138.0	21	1.05	0.95				
	205	1	52.716354483508766	10.394774123508773	0.0	0.0	2	1.0358885454809545	-11.866690078767311	138.0	21	1.05	0.95				
	206	1	100.97780577122808	20.789548247017546	0.0	-100.0	2	1.0387913610030275	-13.881026074570261	138.0	22	1.05	0.95				
	207	2	92.81048324561402	18.562096649122807	0.0	0.0	2	0.9608531667577952	-25.066581505879746	138.0	22	1.05	0.95				
	208	1	126.96474108	25.986935308771926	0.0	0.0	2	0.9654808195711867	-21.367550280567713	138.0	22	1.05	0.95				
	209	1	129.93467654385964	26.72941917473684	0.0	0.0	2	1.0255626745858732	-9.972325803825516	138.0	23	1.05	0.95				
	210	1	144.7843538631579	29.699354638596493	0.0	0.0	2	1.05	-11.904108754915724	138.0	23	1.05	0.95				
	211	1	0.0	0.0	0.0	0.0	2	1.0271858900170496	-5.151196752260572	230.0	23	1.05	0.95				
	212	1	0.0	0.0	0.0	0.0	2	1.020814232082545	-3.9721053120164926	230.0	23	1.05	0.95				
	213	2	196.75822448070173	40.094128762105264	0.0	0.0	2	1.0388038330413238	-1.6696304693983848	230.0	24	1.05	0.95				
	214	2	144.04186999719298	28.956870772631575	0.0	0.0	2	1.0432691587749785	-2.5960523540333664	230.0	26	1.05	0.95				
	215	2	235.3673855108772	47.51896742175438	0.0	0.0	2	1.044714449647714	5.639914118390994	230.0	26	1.05	0.95				
	216	2	74.24838659649123	14.849677319298246	0.0	0.0	2	1.0485013386239637	5.586557804427889	230.0	26	1.05	0.95				
	217	1	0.0	0.0	0.0	0.0	2	1.049142297240201	8.70832152554964	230.0	27	1.05	0.95				
	218	2	247.24712736631577	50.48890288561404	0.0	0.0	2	1.05	9.509855662805588	230.0	27	1.05	0.95				
	219	1	134.38957973964912	27.47190304070175	0.0	0.0	2	1.0439114584779112	5.04976491174374	230.0	25	1.05	0.95				
	220	1	95.03793484350876	19.304580515087718	0.0	0.0	2	1.0463810221777423	5.970419729447248	230.0	25	1.05	0.95				
	221	2	0.0	0.0	0.0	0.0	2	1.05	9.939926245866078	230.0	27	1.05	0.95				
	222	2	0.0	0.0	0.0	0.0	2	1.05	15.968556799278693	230.0	27	1.05	0.95				
	223	2	0.0	0.0	0.0	0.0	2	1.05	7.014828788576298	230.0	25	1.05	0.95				
	224	1	0.0	0.0	0.0	0.0	2	1.0228388630843361	1.0992317084307262	230.0	26	1.05	0.95				
	301	2	72.70610566736842	14.81050300631579	0.0	0.0	3	1.014202003268239	-19.104784766170464	138.0	31	1.05	0.95				
	302	2	65.30085416421053	13.464093642105265	0.0	0.0	3	1.0127928931922943	-19.472363227613187	138.0	32	1.05	0.95				
	303	1	121.17684277894737	24.90857323789474	0.0	0.0	3	1.0191531961538571	-13.241797713056945	138.0	31	1.05	0.95				
	304	1	49.81714647578948	10.098070231578946	0.0	0.0	3	1.008173804401246	-18.197234451475037	138.0	31	1.05	0.95				
	305	1	47.797532429473684	9.424865549473685	0.0	0.0	3	1.023111316976513	-18.88227064433594	138.0	31	1.05	0.95				
	306	1	91.5558367663158	18.84973109894737	0.0	-100.0	3	1.0343583390087885	-19.511502454579052	138.0	32	1.05	0.95				
	307	2	84.1505852631579	16.83011705263158	0.0	0.0	3	1.0073792479892514	-21.218586393241953	138.0	32	1.05	0.95				
	308	1	115.11800063999999	23.56216387368421	0.0	0.0	3	1.0017452776413485	-20.901963942557565	138.0	32	1.05	0.95				
	309	1	117.81081936842106	24.235368555789474	0.0	0.0	3	1.027352812179847	-14.40298356172327	138.0	33	1.05	0.95				
	310	1	131.27491301052632	26.92818728421053	0.0	0.0	3	1.05	-16.50221680771608	138.0	33	1.05	0.95				
	311	1	0.0	0.0	0.0	0.0	3	1.0204958088476603	-9.265274132885299	230.0	33	1.05	0.95				
	312	1	0.0	0.0	0.0	0.0	3	1.0185488376341783	-8.294693450802214	230.0	33	1.05	0.95				
	313	2	178.39924075789472	36.35305283368421	0.0	0.0	3	1.0311524468734299	-4.945015871040956	230.0	34	1.05	0.95				
	314	2	130.60170832842107	26.254982602105265	0.0	0.0	3	1.0320877636488515	-6.956713814042992	230.0	36	1.05	0.95				
	315	2	213.4058842273684	43.085099654736844	0.0	0.0	3	1.0492303061207515	0.29394278520852773	230.0	36	1.05	0.95				
	316	2	67.32046821052631	13.464093642105265	0.0	0.0	3	1.0485948694987253	0.3815743396614269	230.0	36	1.05	0.95				
	317	1	0.0	0.0	0.0	0.0	3	1.049711896882474	3.040041806571957	230.0	37	1.05	0.95				
	318	2	224.17715914105264	45.7779183831579	0.0	0.0	3	1.048489694639445	3.032790931100562	230.0	37	1.05	0.95				
	319	1	121.85004746105264	24.90857323789474	0.0	0.0	3	1.0447024328033703	-0.35097822943084045	230.0	35	1.05	0.95				
	320	1	86.17019930947369	17.503321734736843	0.0	0.0	3	1.0469566434343025	0.2698799936685536	230.0	35	1.05	0.95				
	321	2	0.0	0.0	0.0	0.0	3	1.05	4.050465139323016	230.0	37	1.05	0.95				
	322	2	0.0	0.0	0.0	0.0	3	1.05	9.430122293857087	230.0	37	1.05	0.95				
	323	2	0.0	0.0	0.0	0.0	3	1.0499999991156772	1.1007510077423746	230.0	35	1.05	0.95				
	324	1	0.0	0.0	0.0	0.0	3	1.0206893076039145	-4.690264317814728	230.0	36	1.05	0.95				
	325	1	0.0	0.0	0.0	0.0	3	1.0473848077826613	2.028937730378964	230.0	35	1.05	0.95				
];
