%% MATPOWER Case Format : Version 2
function mpc = RTS_GMLC
mpc.version = '2';

%%-----  Power Flow Data  -----%%
%% system MVA base
mpc.baseMVA = 100.0;
%% bus data
%    bus_i    type    Pd    Qd    Gs    Bs    area    Vm    Va    baseKV    zone    Vmax    Vmin
mpc.bus = [
	101	2	99.57001482947369	20.28278079859649	0.0	0.0	1	1.0458461882736343	-3.4873702708744894	138.0	11	1.05	0.95				
	102	2	89.42862443017545	18.43889163508772	0.0	0.0	1	1.0456801605478703	-3.6233697013458745	138.0	12	1.05	0.95				
	103	1	165.95002471578948	34.11194952491228	0.0	0.0	1	1.0181443787646662	-4.2392472186914745	138.0	11	1.05	0.95				
	104	1	68.22389904982457	13.829168726315789	0.0	0.0	1	1.021232365561884	-6.7456004175880935	138.0	11	1.05	0.95				
	105	1	65.4580653045614	12.907224144561406	0.0	0.0	1	1.035271605687353	-7.24600694981343	138.0	11	1.05	0.95				
	106	1	125.3844631185965	25.81444828912281	0.0	-100.0	1	1.0337582120402948	-10.196742430971932	138.0	12	1.05	0.95				
	107	2	115.24307271929825	23.04861454385965	0.0	0.0	1	1.05	-7.466699198557812	138.0	12	1.05	0.95				
	108	1	157.65252348	32.268060361403506	0.0	0.0	1	1.0204928362336894	-10.262423603556549	138.0	12	1.05	0.95				
	109	1	161.34030180701754	33.19000494315789	0.0	0.0	1	1.0272870494500426	-6.497188096993573	138.0	13	1.05	0.95				
	110	1	179.77919344210528	36.87778327017544	0.0	0.0	1	1.05	-8.21021802992763	138.0	13	1.05	0.95				
	111	1	0.0	0.0	0.0	0.0	1	1.0205922202256104	-2.8656984451644516	230.0	13	1.05	0.95				
	112	1	0.0	0.0	0.0	0.0	1	1.0200035700189074	-1.798844051815976	230.0	13	1.05	0.95				
	113	3	244.31531416491228	49.785007414736846	0.0	0.0	1	1.0269786803865224	-7.34199401147555e-28	230.0	14	1.05	0.95				
	114	2	178.8572488603509	35.95583868842105	0.0	0.0	1	1.0284803635034396	-0.9293327382114543	230.0	16	1.05	0.95				
	115	2	292.25643241614034	59.00445323228071	0.0	0.0	1	1.0426446175169224	7.872206070967428	230.0	16	1.05	0.95				
	116	2	92.1944581754386	18.43889163508772	0.0	0.0	1	1.0437548727487918	7.4727278714756995	230.0	16	1.05	0.95				
	117	1	0.0	0.0	0.0	0.0	1	1.0465192497177416	11.30596787176612	230.0	17	1.05	0.95				
	118	2	307.0075457242105	62.69223155929825	0.0	0.0	1	1.05	11.90638043112032	230.0	17	1.05	0.95				
	119	1	166.87196929754387	34.11194952491228	0.0	0.0	1	1.03910111601653	6.080929690801707	230.0	15	1.05	0.95				
	120	1	118.00890646456142	23.970559125614034	0.0	0.0	1	1.0431807246410243	6.332515172184691	230.0	15	1.05	0.95				
	121	2	0.0	0.0	0.0	0.0	1	1.05	12.739979354748359	230.0	17	1.05	0.95				
	122	2	0.0	0.0	0.0	0.0	1	1.05	22.37530135343176	230.0	17	1.05	0.95				
	123	2	0.0	0.0	0.0	0.0	1	1.0483097662801644	7.140821268641514	230.0	15	1.05	0.95				
	124	1	0.0	0.0	0.0	0.0	1	1.0182761514028928	3.392947830876287	230.0	16	1.05	0.95				
	201	2	96.45710688	19.64866992	0.0	0.0	2	1.05	-12.065122072121621	138.0	21	1.05	0.95				
	202	2	86.63277192	17.8624272	0.0	0.0	2	1.05	-12.129857145769648	138.0	22	1.05	0.95				
	203	1	160.7618448	33.04549032	0.0	0.0	2	1.025761909432653	-9.236499013998246	138.0	21	1.05	0.95				
	204	1	66.09098064	13.396820399999998	0.0	0.0	2	1.0206364066129574	-13.44234566856612	138.0	21	1.05	0.95				
	205	1	63.41161655999999	12.503699040000003	0.0	0.0	2	1.0380049424997706	-13.866604664883349	138.0	21	1.05	0.95				
	206	1	121.46450496000001	25.007398080000005	0.0	-100.0	2	1.0356949227799934	-15.70890497983428	138.0	22	1.05	0.95				
	207	2	111.64017	22.328034	0.0	0.0	2	0.95	-26.008989314472903	138.0	22	1.05	0.95				
	208	1	152.72375255999998	31.259247599999995	0.0	0.0	2	0.9538822001233758	-22.86384868369633	138.0	22	1.05	0.95				
	209	1	156.296238	32.15236896	0.0	0.0	2	1.0256516655337702	-10.930158597297517	138.0	23	1.05	0.95				
	210	1	174.15866519999997	35.7248544	0.0	0.0	2	1.0486836832408504	-12.91680525009013	138.0	23	1.05	0.95				
	211	1	0.0	0.0	0.0	0.0	2	1.032311832719301	-5.954005115187423	230.0	23	1.05	0.95				
	212	1	0.0	0.0	0.0	0.0	2	1.026464771288831	-1.655722004962619	230.0	23	1.05	0.95				
	213	2	236.67716039999996	48.22855344	0.0	0.0	2	1.05	-1.6486072324203829	230.0	24	1.05	0.95				
	214	2	173.26554384	34.83173304	0.0	0.0	2	1.05	-4.027412168599716	230.0	26	1.05	0.95				
	215	2	283.11947111999996	57.15976704	0.0	0.0	2	1.0460446548490363	4.419000015406802	230.0	26	1.05	0.95				
	216	2	89.312136	17.8624272	0.0	0.0	2	1.049531189719949	4.215295569873692	230.0	26	1.05	0.95				
	217	1	0.0	0.0	0.0	0.0	2	1.05	7.137734326673374	230.0	27	1.05	0.95				
	218	2	297.40941288	60.73225248000001	0.0	0.0	2	1.049727752098901	7.771180611529886	230.0	27	1.05	0.95				
	219	1	161.65496616	33.04549032	0.0	0.0	2	1.042858870920715	3.8805755312086023	230.0	25	1.05	0.95				
	220	1	114.31953408	23.22115536	0.0	0.0	2	1.0453777044474049	5.258137734214715	230.0	25	1.05	0.95				
	221	2	0.0	0.0	0.0	0.0	2	1.05	8.380366177810792	230.0	27	1.05	0.95				
	222	2	0.0	0.0	0.0	0.0	2	1.05	14.404769218254847	230.0	27	1.05	0.95				
	223	2	0.0	0.0	0.0	0.0	2	1.05	6.66007998499107	230.0	25	1.05	0.95				
	224	1	0.0	0.0	0.0	0.0	2	1.0210151986689255	-0.6544055269062433	230.0	26	1.05	0.95				
	301	2	93.15469788631579	18.975956976842102	0.0	0.0	3	0.9871516796873275	-16.17569980509803	138.0	31	1.05	0.95				
	302	2	83.66671939789472	17.25086997894737	0.0	0.0	3	0.9878664788652942	-16.66459007352821	138.0	32	1.05	0.95				
	303	1	155.25782981052632	31.914109461052632	0.0	0.0	3	0.9886611930351306	-10.69150327815899	138.0	31	1.05	0.95				
	304	1	63.828218922105265	12.938152484210525	0.0	0.0	3	0.972219748330613	-14.986908823770705	138.0	31	1.05	0.95				
	305	1	61.240588425263155	12.075608985263159	0.0	0.0	3	0.986985990458327	-15.099931230507513	138.0	31	1.05	0.95				
	306	1	117.30591585684212	24.151217970526318	0.0	-100.0	3	0.9923003763877388	-15.502407872775404	138.0	32	1.05	0.95				
	307	2	107.81793736842104	21.56358747368421	0.0	0.0	3	0.9590083994396358	-19.036374838401038	138.0	32	1.05	0.95				
	308	1	147.49493832	30.18902246315789	0.0	0.0	3	0.9554879028772828	-17.268811099879674	138.0	32	1.05	0.95				
	309	1	150.94511231578946	31.05156596210526	0.0	0.0	3	0.9921966927630926	-9.830203618233897	138.0	33	1.05	0.95				
	310	1	168.19598229473684	34.50173995789474	0.0	0.0	3	1.012565946562885	-11.049557627477144	138.0	33	1.05	0.95				
	311	1	0.0	0.0	0.0	0.0	3	0.9910537752457066	-2.252879900290836	230.0	33	1.05	0.95				
	312	1	0.0	0.0	0.0	0.0	3	0.9918930843675728	-1.1081086522855885	230.0	33	1.05	0.95				
	313	2	228.57402722105263	46.577348943157894	0.0	0.0	3	1.017812030844901	5.178559004783666	230.0	34	1.05	0.95				
	314	2	167.33343879578945	33.63919645894737	0.0	0.0	3	1.0061973803185282	-0.9196987909676504	230.0	36	1.05	0.95				
	315	2	273.42628916631577	55.20278393263157	0.0	0.0	3	1.0375201189527004	0.6737156808194279	230.0	36	1.05	0.95				
	316	2	86.25434989473683	17.25086997894737	0.0	0.0	3	1.0334465194950466	1.2954500583757311	230.0	36	1.05	0.95				
	317	1	0.0	0.0	0.0	0.0	3	1.0407317310882087	3.2141241622197785	230.0	37	1.05	0.95				
	318	2	287.22698514947365	58.65295792842106	0.0	0.0	3	1.0414127072874906	2.8959841911536803	230.0	37	1.05	0.95				
	319	1	156.12037330947368	31.914109461052632	0.0	0.0	3	1.0272881936144094	2.0855398260298577	230.0	35	1.05	0.95				
	320	1	110.40556786526314	22.42613097263158	0.0	0.0	3	1.0268409713444384	3.0720669728913523	230.0	35	1.05	0.95				
	321	2	0.0	0.0	0.0	0.0	3	1.044857345152525	4.104066439070843	230.0	37	1.05	0.95				
	322	2	0.0	0.0	0.0	0.0	3	1.05	9.520435082794254	230.0	37	1.05	0.95				
	323	2	0.0	0.0	0.0	0.0	3	1.027917093337819	3.6611588830745174	230.0	35	1.05	0.95				
	324	1	0.0	0.0	0.0	0.0	3	1.0075589335532718	-1.6020375022001137	230.0	36	1.05	0.95				
	325	1	0.0	0.0	0.0	0.0	3	1.0280486687103743	4.4401521649453395	230.0	35	1.05	0.95				
];

%% generator data
%    bus    Pg    Qg    Qmax    Qmin    Vg    mBase    status    Pmax    Pmin    Pc1    Pc2    Qc1min    Qc1max    Qc2min    Qc2max    ramp_agc    ramp_10    ramp_30    ramp_q    apf
