%% MATPOWER Case Format : Version 2
function mpc = RTS_GMLC
mpc.version = '2';

%%-----  Power Flow Data  -----%%
%% system MVA base
mpc.baseMVA = 100.0;
%% bus data
%    bus_i    type    Pd    Qd    Gs    Bs    area    Vm    Va    baseKV    zone    Vmax    Vmin
mpc.bus = [
	101	2	50.593270661052635	10.306036616140352	0.0	0.0	1	1.028716350356846	1.129199436490642	138.0	11	1.05	0.95				
	102	2	45.440252352982455	9.36912419649123	0.0	0.0	1	1.0277069533164094	0.8129268094385509	138.0	12	1.05	0.95				
	103	1	84.32211776842105	17.332879763508775	0.0	0.0	1	1.0264581032950104	1.6995527763810787	138.0	11	1.05	0.95				
	104	1	34.66575952701755	7.026843147368421	0.0	0.0	1	1.0179098081222784	-2.06562952818218	138.0	11	1.05	0.95				
	105	1	33.260390897543864	6.55838693754386	0.0	0.0	1	1.0328592234863916	-2.05850362077175	138.0	11	1.05	0.95				
	106	1	63.710044536140366	13.11677387508772	0.0	-100.0	1	1.0429943613524624	-4.354115719950765	138.0	12	1.05	0.95				
	107	2	58.55702622807017	11.711405245614035	0.0	0.0	1	0.9975620886563863	-12.062981290911363	138.0	12	1.05	0.95				
	108	1	80.10601188000001	16.39596734385965	0.0	0.0	1	0.9997844495157046	-9.729013844650925	138.0	12	1.05	0.95				
	109	1	81.97983671929825	16.86442355368421	0.0	0.0	1	1.0240810288504933	-2.5052063653601846	138.0	13	1.05	0.95				
	110	1	91.34896091578948	18.73824839298246	0.0	0.0	1	1.05	-3.7960785625984514	138.0	13	1.05	0.95				
	111	1	0.0	0.0	0.0	0.0	1	1.0093257427941202	0.12152444267892988	230.0	13	1.05	0.95				
	112	1	0.0	0.0	0.0	0.0	1	1.0119965577240733	-0.6844131657823042	230.0	13	1.05	0.95				
	113	3	124.14089560350878	25.296635330526318	0.0	0.0	1	1.0026524305941578	-1.8912252434438758e-34	230.0	14	1.05	0.95				
	114	2	90.88050470596491	18.269792183157897	0.0	0.0	1	1.0152106902283489	3.5626958950884395	230.0	16	1.05	0.95				
	115	2	148.50061851438596	29.98119742877193	0.0	0.0	1	1.0400053783619738	12.926155955373462	230.0	16	1.05	0.95				
	116	2	46.84562098245614	9.36912419649123	0.0	0.0	1	1.0347356737208522	11.233841409920425	230.0	16	1.05	0.95				
	117	1	0.0	0.0	0.0	0.0	1	1.039128606159206	17.090693206599383	230.0	17	1.05	0.95				
	118	2	155.99591787157897	31.855022268070183	0.0	0.0	1	1.05	17.64551296546124	230.0	17	1.05	0.95				
	119	1	84.79057397824562	17.332879763508775	0.0	0.0	1	1.026218491873937	7.312628815744227	230.0	15	1.05	0.95				
	120	1	59.96239485754386	12.179861455438598	0.0	0.0	1	1.0254821995594678	4.789889421932738	230.0	15	1.05	0.95				
	121	2	0.0	0.0	0.0	0.0	1	1.05	19.301236736606413	230.0	17	1.05	0.95				
	122	2	0.0	0.0	0.0	0.0	1	1.05	36.67179822862256	230.0	17	1.05	0.95				
	123	2	0.0	0.0	0.0	0.0	1	1.0262403654827401	3.761009872580743	230.0	15	1.05	0.95				
	124	1	0.0	0.0	0.0	0.0	1	1.0209231696925771	8.732219875322675	230.0	16	1.05	0.95				
	201	2	54.4844955031579	11.098693528421054	0.0	0.0	2	1.015083195648338	-16.363124504890944	138.0	21	1.05	0.95				
	202	2	48.93514873894737	10.089721389473686	0.0	0.0	2	1.0150577363989488	-16.455851960885173	138.0	22	1.05	0.95				
	203	1	90.80749250526317	18.665984570526316	0.0	0.0	2	1.0141010008148104	-12.72452808208138	138.0	21	1.05	0.95				
	204	1	37.33196914105263	7.567291042105263	0.0	0.0	2	1.0115638842160362	-16.669718128367492	138.0	21	1.05	0.95				
	205	1	35.81851093263158	7.06280497263158	0.0	0.0	2	1.0262726697802322	-17.15808377591556	138.0	21	1.05	0.95				
	206	1	68.61010544842107	14.12560994526316	0.0	-100.0	2	1.0399191894775357	-18.13298611179329	138.0	22	1.05	0.95				
	207	2	63.060758684210526	12.612151736842106	0.0	0.0	2	0.9905018334346573	-24.76239996529961	138.0	22	1.05	0.95				
	208	1	86.26711788	17.65701243157895	0.0	0.0	2	0.9942914396788551	-22.41452982444007	138.0	22	1.05	0.95				
	209	1	88.28506215789474	18.16149850105263	0.0	0.0	2	1.0237607637625918	-14.760636703678646	138.0	23	1.05	0.95				
	210	1	98.37478354736842	20.179442778947372	0.0	0.0	2	1.05	-16.33584133211767	138.0	23	1.05	0.95				
	211	1	0.0	0.0	0.0	0.0	2	1.0128027747761572	-11.199525667928672	230.0	23	1.05	0.95				
	212	1	0.0	0.0	0.0	0.0	2	1.0134741281370818	-9.831531891807636	230.0	23	1.05	0.95				
	213	2	133.68880841052632	27.24224775157895	0.0	0.0	2	1.015469915181023	-9.188468785005353	230.0	24	1.05	0.95				
	214	2	97.87029747789474	19.674956709473687	0.0	0.0	2	1.0172414855049	-8.579381009010527	230.0	26	1.05	0.95				
	215	2	159.9220840231579	32.28710844631579	0.0	0.0	2	1.0297189189243217	-1.8460273119793156	230.0	26	1.05	0.95				
	216	2	50.448606947368425	10.089721389473686	0.0	0.0	2	1.0331051572490213	-1.8005573438688083	230.0	26	1.05	0.95				
	217	1	0.0	0.0	0.0	0.0	2	1.0344656464096078	-0.2054708359572856	230.0	27	1.05	0.95				
	218	2	167.99386113473687	34.30505272421053	0.0	0.0	2	1.0331464451431254	-0.9265685810608388	230.0	27	1.05	0.95				
	219	1	91.31197857473686	18.665984570526316	0.0	0.0	2	1.0370249877270665	-1.033481914661675	230.0	25	1.05	0.95				
	220	1	64.57421689263158	13.11663780631579	0.0	0.0	2	1.0444349674154119	0.5837384826565548	230.0	25	1.05	0.95				
	221	2	0.0	0.0	0.0	0.0	2	1.0347413020407379	-0.4241952334021082	230.0	27	1.05	0.95				
	222	2	0.0	0.0	0.0	0.0	2	1.05	6.159026459908449	230.0	27	1.05	0.95				
	223	2	0.0	0.0	0.0	0.0	2	1.05	1.8326616920350807	230.0	25	1.05	0.95				
	224	1	0.0	0.0	0.0	0.0	2	1.0104425597140323	-5.9005564865646605	230.0	26	1.05	0.95				
	301	2	40.23093956210527	8.195191392280702	0.0	0.0	3	1.0124070283018354	1.197878257575551	138.0	31	1.05	0.95				
	302	2	36.13334386596491	7.450173992982457	0.0	0.0	3	1.0122865922078688	1.095857979718445	138.0	32	1.05	0.95				
	303	1	67.05156593684211	13.782821887017544	0.0	0.0	3	1.0279653312428518	6.309090215823965	138.0	31	1.05	0.95				
	304	1	27.565643774035088	5.5876304947368425	0.0	0.0	3	1.0139782028479678	2.4633735336763696	138.0	31	1.05	0.95				
	305	1	26.44811767508772	5.21512179508772	0.0	0.0	3	1.02661352595919	1.512086607280501	138.0	31	1.05	0.95				
	306	1	50.66118315228071	10.43024359017544	0.0	-100.0	3	1.0431349158100212	1.228048448147555	138.0	32	1.05	0.95				
	307	2	46.563587456140354	9.31271749122807	0.0	0.0	3	0.9742538706236867	-2.3067669762680696	138.0	32	1.05	0.95				
	308	1	63.698987640000006	13.0378044877193	0.0	0.0	3	0.9910220072140323	-0.7538169318646096	138.0	32	1.05	0.95				
	309	1	65.1890224385965	13.41031318736842	0.0	0.0	3	1.02649308244406	5.11096747886348	138.0	33	1.05	0.95				
	310	1	72.63919643157894	14.900347985964913	0.0	0.0	3	1.05	3.0278139381196394	138.0	33	1.05	0.95				
	311	1	0.0	0.0	0.0	0.0	3	1.005167026607038	7.922003241423698	230.0	33	1.05	0.95				
	312	1	0.0	0.0	0.0	0.0	3	1.0108332745401698	8.14213969405498	230.0	33	1.05	0.95				
	313	2	98.71480540701754	20.115469781052635	0.0	0.0	3	1.0085424001205467	10.907270193738821	230.0	34	1.05	0.95				
	314	2	72.26668773192982	14.52783928631579	0.0	0.0	3	0.9986241251272688	9.299692320846129	230.0	36	1.05	0.95				
	315	2	118.08525778877193	23.84055677754386	0.0	0.0	3	1.030811261461525	13.12501250426025	230.0	36	1.05	0.95				
	316	2	37.25086996491228	7.450173992982457	0.0	0.0	3	1.0280861859997903	13.394073050084748	230.0	36	1.05	0.95				
	317	1	0.0	0.0	0.0	0.0	3	1.0497138620085418	18.66169658510668	230.0	37	1.05	0.95				
	318	2	124.0453969831579	25.330591576140353	0.0	0.0	3	1.0499999963109972	15.630272887758336	230.0	37	1.05	0.95				
	319	1	67.42407463649123	13.782821887017544	0.0	0.0	3	1.0219964135913464	12.27239113459617	230.0	35	1.05	0.95				
	320	1	47.68111355508772	9.685226190877193	0.0	0.0	3	1.0191280541937693	12.025941605407594	230.0	35	1.05	0.95				
	321	2	0.0	0.0	0.0	0.0	3	1.0445291727979626	15.462401003658492	230.0	37	1.05	0.95				
	322	2	0.0	0.0	0.0	0.0	3	1.05	21.05935346387123	230.0	37	1.05	0.95				
	323	2	0.0	0.0	0.0	0.0	3	1.0178312787142345	12.183422424760721	230.0	35	1.05	0.95				
	324	1	0.0	0.0	0.0	0.0	3	1.0208114512051505	10.556158957338626	230.0	36	1.05	0.95				
	325	1	0.0	0.0	0.0	0.0	3	1.0195290565921855	12.809252771702033	230.0	35	1.05	0.95				
];
