%% MATPOWER Case Format : Version 2
function mpc = RTS_GMLC
mpc.version = '2';

%%-----  Power Flow Data  -----%%
%% system MVA base
mpc.baseMVA = 100.0;
%% bus data
%    bus_i    type    Pd    Qd    Gs    Bs    area    Vm    Va    baseKV    zone    Vmax    Vmin
mpc.bus = [
	101	2	89.37654627789475	18.206333501052633	0.0	0.0	1	1.0337661851347533	-5.830922146599972	138.0	11	1.05	0.95				
	102	2	80.27337952736842	16.551212273684214	0.0	0.0	1	1.033755822412419	-5.88669393066277	138.0	12	1.05	0.95				
	103	1	148.9609104631579	30.61974270631579	0.0	0.0	1	1.016891305884875	-5.848373812540291	138.0	11	1.05	0.95				
	104	1	61.23948541263158	12.413409205263157	0.0	0.0	1	1.015355103364524	-8.270034298800917	138.0	11	1.05	0.95				
	105	1	58.75680357157894	11.585848591578948	0.0	0.0	1	1.0310277188497439	-8.378391965212645	138.0	11	1.05	0.95				
	106	1	112.54824346105264	23.171697183157896	0.0	-100.0	1	1.034389137560291	-10.556583516280982	138.0	12	1.05	0.95				
	107	2	103.44507671052632	20.689015342105264	0.0	0.0	1	1.0474844825633458	-5.79970992789739	138.0	12	1.05	0.95				
	108	1	141.51286494	28.964621478947368	0.0	0.0	1	1.0217335417454723	-9.121607285399197	138.0	12	1.05	0.95				
	109	1	144.82310739473684	29.792182092631574	0.0	0.0	1	1.0270592069945608	-6.871321759673897	138.0	13	1.05	0.95				
	110	1	161.37431966842104	33.10242454736843	0.0	0.0	1	1.05	-8.349580371145175	138.0	13	1.05	0.95				
	111	1	0.0	0.0	0.0	0.0	1	1.0180191916603403	-3.1644977815666873	230.0	13	1.05	0.95				
	112	1	0.0	0.0	0.0	0.0	1	1.0186864405253961	-1.9664530241351281	230.0	13	1.05	0.95				
	113	3	219.3035626263158	44.68827313894737	0.0	0.0	1	1.0244772781753448	-7.612178639165436e-31	230.0	14	1.05	0.95				
	114	2	160.54675905473684	32.27486393368421	0.0	0.0	1	1.0233335615882393	-1.5041116910415644	230.0	16	1.05	0.95				
	115	2	262.3367145378947	52.96387927578947	0.0	0.0	1	1.0447797342657121	6.073190573659091	230.0	16	1.05	0.95				
	116	2	82.75606136842106	16.551212273684214	0.0	0.0	1	1.0453611792187305	5.871598416060401	230.0	16	1.05	0.95				
	117	1	0.0	0.0	0.0	0.0	1	1.0479211926971514	8.819868512412237	230.0	17	1.05	0.95				
	118	2	275.5776843568421	56.27412173052632	0.0	0.0	1	1.0494443642190048	9.399064723093991	230.0	17	1.05	0.95				
	119	1	149.7884710768421	30.61974270631579	0.0	0.0	1	1.0400191317259562	5.0125123688310085	230.0	15	1.05	0.95				
	120	1	105.92775855157895	21.516575955789474	0.0	0.0	1	1.0429085997951582	5.8203849817372	230.0	15	1.05	0.95				
	121	2	0.0	0.0	0.0	0.0	1	1.05	10.241434138621072	230.0	17	1.05	0.95				
	122	2	0.0	0.0	0.0	0.0	1	1.05	16.48120545778172	230.0	17	1.05	0.95				
	123	2	0.0	0.0	0.0	0.0	1	1.0471349367803453	6.866787986282458	230.0	15	1.05	0.95				
	124	1	0.0	0.0	0.0	0.0	1	1.0193734884940955	1.678714624767413	230.0	16	1.05	0.95				
	201	2	81.15724853052633	16.532032108070176	0.0	0.0	2	1.041589732818637	-9.813489752408739	138.0	21	1.05	0.95				
	202	2	72.89123247649123	15.029120098245615	0.0	0.0	2	1.041621299789799	-9.928539985175776	138.0	22	1.05	0.95				
	203	1	135.26208088421052	27.803872181754386	0.0	0.0	2	1.0284400679673849	-7.485262569858636	138.0	21	1.05	0.95				
	204	1	55.60774436350877	11.27184007368421	0.0	0.0	2	1.0201362260994136	-11.692543792649051	138.0	21	1.05	0.95				
	205	1	53.35337634877193	10.52038406877193	0.0	0.0	2	1.0362229986944718	-12.019628358218366	138.0	21	1.05	0.95				
	206	1	102.19801666807018	21.04076813754386	0.0	-100.0	2	1.038784800506377	-13.969979485021048	138.0	22	1.05	0.95				
	207	2	93.93200061403508	18.786400122807017	0.0	0.0	2	0.9591064256640652	-25.322273950198017	138.0	22	1.05	0.95				
	208	1	128.49897684	26.300960171929823	0.0	0.0	2	0.964124639596993	-21.571053778191338	138.0	22	1.05	0.95				
	209	1	131.50480085964912	27.052416176842105	0.0	0.0	2	1.026263369320629	-10.112274246135325	138.0	23	1.05	0.95				
	210	1	146.53392095789474	30.05824019649123	0.0	0.0	2	1.05	-11.909978863821843	138.0	23	1.05	0.95				
	211	1	0.0	0.0	0.0	0.0	2	1.0274448906137885	-4.988780248996922	230.0	23	1.05	0.95				
	212	1	0.0	0.0	0.0	0.0	2	1.02123238450316	-3.7278093552458356	230.0	23	1.05	0.95				
	213	2	199.1358413017544	40.578624265263166	0.0	0.0	2	1.0408831617339729	-0.9557285033786741	230.0	24	1.05	0.95				
	214	2	145.78246495298245	29.30678419157895	0.0	0.0	2	1.043090062668886	-2.6928624833174104	230.0	26	1.05	0.95				
	215	2	238.21155355719296	48.093184314385965	0.0	0.0	2	1.046222257847355	5.169111547010403	230.0	26	1.05	0.95				
	216	2	75.14560049122807	15.029120098245615	0.0	0.0	2	1.0491556606276156	5.170132178456414	230.0	26	1.05	0.95				
	217	1	0.0	0.0	0.0	0.0	2	1.0498592331021819	8.060294475422335	230.0	27	1.05	0.95				
	218	2	250.2348496357895	51.09900833403509	0.0	0.0	2	1.05	8.895723795886992	230.0	27	1.05	0.95				
	219	1	136.0135368891228	27.803872181754386	0.0	0.0	2	1.044161046530863	4.792152686237838	230.0	25	1.05	0.95				
	220	1	96.18636862877193	19.5378561277193	0.0	0.0	2	1.0463942403512074	5.867052876538136	230.0	25	1.05	0.95				
	221	2	0.0	0.0	0.0	0.0	2	1.05	9.372955999065319	230.0	27	1.05	0.95				
	222	2	0.0	0.0	0.0	0.0	2	1.05	15.36981432607148	230.0	27	1.05	0.95				
	223	2	0.0	0.0	0.0	0.0	2	1.05	7.002528937069293	230.0	25	1.05	0.95				
	224	1	0.0	0.0	0.0	0.0	2	1.0235540935213199	0.45807128477469766	230.0	26	1.05	0.95				
	301	2	67.00031636210527	13.6482125922807	0.0	0.0	3	1.0131626637836026	-16.033794952606147	138.0	31	1.05	0.95				
	302	2	60.17621006596491	12.407465992982457	0.0	0.0	3	1.0118418138229446	-16.379524792446503	138.0	32	1.05	0.95				
	303	1	111.6671939368421	22.953812087017546	0.0	0.0	3	1.0206450378169483	-11.26129431352311	138.0	31	1.05	0.95				
	304	1	45.90762417403509	9.305599494736843	0.0	0.0	3	1.0090132563081557	-15.299491308699233	138.0	31	1.05	0.95				
	305	1	44.04650427508771	8.68522619508772	0.0	0.0	3	1.0233884044003174	-15.851707898084145	138.0	31	1.05	0.95				
	306	1	84.37076875228071	17.37045239017544	0.0	-100.0	3	1.0357307036522125	-16.455619316795225	138.0	32	1.05	0.95				
	307	2	77.54666245614035	15.50933249122807	0.0	0.0	3	1.0048391440370719	-18.51446133115587	138.0	32	1.05	0.95				
	308	1	106.08383423999999	21.713065487719298	0.0	0.0	3	1.001892083326233	-18.041301904689938	138.0	32	1.05	0.95				
	309	1	108.56532743859648	22.333438787368422	0.0	0.0	3	1.0272935016993139	-11.879167803229862	138.0	33	1.05	0.95				
	310	1	120.97279343157894	24.814931985964915	0.0	0.0	3	1.05	-13.680136221558982	138.0	33	1.05	0.95				
	311	1	0.0	0.0	0.0	0.0	3	1.0170348524830712	-7.131465761559885	230.0	33	1.05	0.95				
	312	1	0.0	0.0	0.0	0.0	3	1.0172380163518837	-5.7778190768403475	230.0	33	1.05	0.95				
	313	2	164.39892440701755	33.50015818105263	0.0	0.0	3	1.027064631096417	-2.457830612808416	230.0	34	1.05	0.95				
	314	2	120.35242013192982	24.19455868631579	0.0	0.0	3	1.0237767389011363	-5.610363611742283	230.0	36	1.05	0.95				
	315	2	196.6583359887719	39.70389117754386	0.0	0.0	3	1.0460021913047357	0.39803005976153943	230.0	36	1.05	0.95				
	316	2	62.03732996491228	12.407465992982457	0.0	0.0	3	1.0439980372099977	0.297391445870645	230.0	36	1.05	0.95				
	317	1	0.0	0.0	0.0	0.0	3	1.0469363169235706	2.4809753524927647	230.0	37	1.05	0.95				
	318	2	206.5843087831579	42.185384376140355	0.0	0.0	3	1.047564354687888	2.7503511138878167	230.0	37	1.05	0.95				
	319	1	112.28756723649123	22.953812087017546	0.0	0.0	3	1.0418620149378213	0.6479887742617246	230.0	35	1.05	0.95				
	320	1	79.40778235508772	16.129705790877193	0.0	0.0	3	1.0451982023024908	2.1186835774825084	230.0	35	1.05	0.95				
	321	2	0.0	0.0	0.0	0.0	3	1.05	3.8767400829742744	230.0	37	1.05	0.95				
	322	2	0.0	0.0	0.0	0.0	3	1.05	9.103907003640984	230.0	37	1.05	0.95				
	323	2	0.0	0.0	0.0	0.0	3	1.0489961649704054	3.3768305665901295	230.0	35	1.05	0.95				
	324	1	0.0	0.0	0.0	0.0	3	1.0218695876148312	-3.9096665394724948	230.0	36	1.05	0.95				
	325	1	0.0	0.0	0.0	0.0	3	1.0481877557051578	3.9485231684958224	230.0	35	1.05	0.95				
];
