%% MATPOWER Case Format : Version 2
function mpc = RTS_GMLC
mpc.version = '2';

%%-----  Power Flow Data  -----%%
%% system MVA base
mpc.baseMVA = 100.0;
%% bus data
%    bus_i    type    Pd    Qd    Gs    Bs    area    Vm    Va    baseKV    zone    Vmax    Vmin
mpc.bus = [
	101	2	61.61504206736842	12.551212272982456	0.0	0.0	1	1.0349374609601663	-1.4021205928734535	138.0	11	1.05	0.95				
	102	2	55.33943593087719	11.410192975438596	0.0	0.0	1	1.0344676918825888	-1.5794247211340056	138.0	12	1.05	0.95				
	103	1	102.69173677894736	21.1088570045614	0.0	0.0	1	1.0264183639075186	-1.7316342933811668	138.0	11	1.05	0.95				
	104	1	42.2177140091228	8.557644731578947	0.0	0.0	1	1.0196254994091105	-4.480307935710743	138.0	11	1.05	0.95				
	105	1	40.506185062807006	7.987135082807018	0.0	0.0	1	1.0348164869833334	-4.452508634268276	138.0	11	1.05	0.95				
	106	1	77.58931223298245	15.974270165614035	0.0	-100.0	1	1.041818975712298	-6.726838647864317	138.0	12	1.05	0.95				
	107	2	71.31370609649123	14.262741219298244	0.0	0.0	1	1.0005258298808692	-13.076034848417107	138.0	12	1.05	0.95				
	108	1	97.55714993999999	19.96783770701754	0.0	0.0	1	0.9993121811383786	-11.499559190648283	138.0	12	1.05	0.95				
	109	1	99.83918853508771	20.538347355789472	0.0	0.0	1	1.0251880046489354	-4.548648948273751	138.0	13	1.05	0.95				
	110	1	111.2493815105263	22.820385950877192	0.0	0.0	1	1.05	-5.7527059070569555	138.0	13	1.05	0.95				
	111	1	0.0	0.0	0.0	0.0	1	1.0105178927594103	-1.4751630221615004	230.0	13	1.05	0.95				
	112	1	0.0	0.0	0.0	0.0	1	1.0130625422371418	-1.2155492832659522	230.0	13	1.05	0.95				
	113	3	151.1850569245614	30.80752103368421	0.0	0.0	1	1.008722507010077	5.743381651247236e-27	230.0	14	1.05	0.95				
	114	2	110.67887186175437	22.24987630210526	0.0	0.0	1	1.013429573007748	0.9794808307202664	230.0	16	1.05	0.95				
	115	2	180.85155866070173	36.512617521403506	0.0	0.0	1	1.044144281379792	8.651101552213992	230.0	16	1.05	0.95				
	116	2	57.050964877192975	11.410192975438596	0.0	0.0	1	1.041393461566392	7.827566971828629	230.0	16	1.05	0.95				
	117	1	0.0	0.0	0.0	0.0	1	1.0441944992085301	11.238075406883489	230.0	17	1.05	0.95				
	118	2	189.9797130410526	38.794656116491225	0.0	0.0	1	1.0478070604011656	11.37851126339674	230.0	17	1.05	0.95				
	119	1	103.26224642771929	21.1088570045614	0.0	0.0	1	1.0335640551106546	5.927029793971774	230.0	15	1.05	0.95				
	120	1	73.02523504280701	14.833250868070175	0.0	0.0	1	1.031830512964616	5.355284756193847	230.0	15	1.05	0.95				
	121	2	0.0	0.0	0.0	0.0	1	1.05	12.825042957820793	230.0	17	1.05	0.95				
	122	2	0.0	0.0	0.0	0.0	1	1.05	24.065578235338332	230.0	17	1.05	0.95				
	123	2	0.0	0.0	0.0	0.0	1	1.032021483041109	5.4718139342613945	230.0	15	1.05	0.95				
	124	1	0.0	0.0	0.0	0.0	1	1.0245113820359195	4.789605497184226	230.0	16	1.05	0.95				
	201	2	57.32346922105263	11.677002989473683	0.0	0.0	2	1.0272100474412833	-11.20659536459825	138.0	21	1.05	0.95				
	202	2	51.48496772631579	10.615457263157897	0.0	0.0	2	1.0278454109127877	-11.10653386174948	138.0	22	1.05	0.95				
	203	1	95.53911536842105	19.638595936842105	0.0	0.0	2	1.017764229929151	-10.432578449840598	138.0	21	1.05	0.95				
	204	1	39.27719187368421	7.961592947368421	0.0	0.0	2	1.0170352695955047	-12.854682054086126	138.0	21	1.05	0.95				
	205	1	37.684873284210525	7.430820084210526	0.0	0.0	2	1.031968129129332	-13.093588117382524	138.0	21	1.05	0.95				
	206	1	72.1851093894737	14.861640168421053	0.0	-100.0	2	1.0419250872142356	-14.633432771467035	138.0	22	1.05	0.95				
	207	2	66.34660789473685	13.269321578947368	0.0	0.0	2	0.9888797101110316	-22.451164971131227	138.0	22	1.05	0.95				
	208	1	90.7621596	18.577050210526313	0.0	0.0	2	0.9922261611214352	-19.960993871768686	138.0	22	1.05	0.95				
	209	1	92.88525105263157	19.10782307368421	0.0	0.0	2	1.0239556020779221	-12.114694307368392	138.0	23	1.05	0.95				
	210	1	103.50070831578948	21.230914526315793	0.0	0.0	2	1.05	-13.312716247753727	138.0	23	1.05	0.95				
	211	1	0.0	0.0	0.0	0.0	2	1.0115310670610533	-8.627991403151785	230.0	23	1.05	0.95				
	212	1	0.0	0.0	0.0	0.0	2	1.0121323548522467	-7.548647687804035	230.0	23	1.05	0.95				
	213	2	140.6548087368421	28.661734610526317	0.0	0.0	2	1.0107155349014267	-7.053380802311351	230.0	24	1.05	0.95				
	214	2	102.96993545263157	20.700141663157893	0.0	0.0	2	1.0166710556095193	-5.873991851661894	230.0	26	1.05	0.95				
	215	2	168.25499762105264	33.96946324210526	0.0	0.0	2	1.0344832117859915	1.1967770784357166	230.0	26	1.05	0.95				
	216	2	53.07728631578947	10.615457263157897	0.0	0.0	2	1.0359719785403485	1.2274880924973355	230.0	26	1.05	0.95				
	217	1	0.0	0.0	0.0	0.0	2	1.0397527882562252	3.8067344902654803	230.0	27	1.05	0.95				
	218	2	176.74736343157895	36.09255469473685	0.0	0.0	2	1.0405904664325867	4.0251038867252165	230.0	27	1.05	0.95				
	219	1	96.06988823157894	19.638595936842105	0.0	0.0	2	1.0363600539476914	1.2541968838453683	230.0	25	1.05	0.95				
	220	1	67.93892648421053	13.800094442105262	0.0	0.0	2	1.0407435597121784	2.2873777318765334	230.0	25	1.05	0.95				
	221	2	0.0	0.0	0.0	0.0	2	1.040728679920697	3.8488071430714377	230.0	27	1.05	0.95				
	222	2	0.0	0.0	0.0	0.0	2	1.05	10.335386334153826	230.0	27	1.05	0.95				
	223	2	0.0	0.0	0.0	0.0	2	1.044472348377877	3.244522566117477	230.0	25	1.05	0.95				
	224	1	0.0	0.0	0.0	0.0	2	1.013770769954965	-3.1346984170370975	230.0	26	1.05	0.95				
	301	2	42.48592218947368	8.654539705263158	0.0	0.0	3	1.0105689673999052	-9.104571752101698	138.0	31	1.05	0.95				
	302	2	38.1586523368421	7.867763368421053	0.0	0.0	3	1.0104126299699994	-9.230994999874746	138.0	32	1.05	0.95				
	303	1	70.80987031578947	14.555362231578947	0.0	0.0	3	1.0288406967889752	-3.5105754295271527	138.0	31	1.05	0.95				
	304	1	29.110724463157894	5.900822526315789	0.0	0.0	3	1.0123880840718846	-7.99911773809844	138.0	31	1.05	0.95				
	305	1	27.930559957894737	5.507434357894738	0.0	0.0	3	1.0253508492943437	-8.737977008342003	138.0	31	1.05	0.95				
	306	1	53.50079090526316	11.014868715789476	0.0	-100.0	3	1.0420708249586732	-9.016332925554055	138.0	32	1.05	0.95				
	307	2	49.17352105263157	9.834704210526315	0.0	0.0	3	0.9890929964481037	-13.168273795004122	138.0	32	1.05	0.95				
	308	1	67.26937679999999	13.768585894736841	0.0	0.0	3	0.9986380951281008	-11.445198023606585	138.0	32	1.05	0.95				
	309	1	68.84292947368421	14.161974063157896	0.0	0.0	3	1.0258303783200653	-5.374990926582329	138.0	33	1.05	0.95				
	310	1	76.71069284210526	15.735526736842106	0.0	0.0	3	1.05	-7.103367219469407	138.0	33	1.05	0.95				
	311	1	0.0	0.0	0.0	0.0	3	1.0052795679451172	-1.8602159614591172	230.0	33	1.05	0.95				
	312	1	0.0	0.0	0.0	0.0	3	1.0098080873519917	-1.6087424829571901	230.0	33	1.05	0.95				
	313	2	104.24786463157893	21.24296109473684	0.0	0.0	3	1.0080252328082189	1.3031175563808493	230.0	34	1.05	0.95				
	314	2	76.3173046736842	15.342138568421051	0.0	0.0	3	1.0015539089735863	-0.11785402808565126	230.0	36	1.05	0.95				
	315	2	124.70404938947368	25.176842778947368	0.0	0.0	3	1.0358814503923324	4.351681802248381	230.0	36	1.05	0.95				
	316	2	39.33881684210526	7.867763368421053	0.0	0.0	3	1.0344016609649658	4.589650779705901	230.0	36	1.05	0.95				
	317	1	0.0	0.0	0.0	0.0	3	1.0480060645177525	9.442065191088895	230.0	37	1.05	0.95				
	318	2	130.99826008421053	26.75039545263158	0.0	0.0	3	1.0459019590581615	7.444181430461664	230.0	37	1.05	0.95				
	319	1	71.20325848421054	14.555362231578947	0.0	0.0	3	1.026221435422285	3.4543958191572584	230.0	35	1.05	0.95				
	320	1	50.353685557894735	10.22809237894737	0.0	0.0	3	1.0217577525016708	3.2274164043888525	230.0	35	1.05	0.95				
	321	2	0.0	0.0	0.0	0.0	3	1.0439141045112932	7.029968220593483	230.0	37	1.05	0.95				
	322	2	0.0	0.0	0.0	0.0	3	1.05	12.313336797683801	230.0	37	1.05	0.95				
	323	2	0.0	0.0	0.0	0.0	3	1.0196743909655663	3.410419028273133	230.0	35	1.05	0.95				
	324	1	0.0	0.0	0.0	0.0	3	1.0232079443671163	1.4002474910012142	230.0	36	1.05	0.95				
	325	1	0.0	0.0	0.0	0.0	3	1.0203587905964582	4.227775395993916	230.0	35	1.05	0.95				
];
