%% MATPOWER Case Format : Version 2
function mpc = RTS_GMLC
mpc.version = '2';

%%-----  Power Flow Data  -----%%
%% system MVA base
mpc.baseMVA = 100.0;
%% bus data
%    bus_i    type    Pd    Qd    Gs    Bs    area    Vm    Va    baseKV    zone    Vmax    Vmin
mpc.bus = [
	101	2	60.30578921684211	12.284512618245614	0.0	0.0	1	1.0489399758322582	1.8840551218501027	138.0	11	1.05	0.95				
	102	2	54.1635329077193	11.167738743859651	0.0	0.0	1	1.0477939173041708	1.5353039606994021	138.0	12	1.05	0.95				
	103	1	100.50964869473684	20.660316676140354	0.0	0.0	1	1.0304648449821505	-0.3990152563235711	138.0	11	1.05	0.95				
	104	1	41.32063335228071	8.375804057894737	0.0	0.0	1	1.0277377092267685	-1.9905912089769227	138.0	11	1.05	0.95				
	105	1	39.64547254070175	7.817417120701756	0.0	0.0	1	1.0412175036741844	-2.2140285712339898	138.0	11	1.05	0.95				
	106	1	75.94062345824562	15.634834241403512	0.0	-100.0	1	1.044611889706665	-5.111318596318313	138.0	12	1.05	0.95				
	107	2	69.79836714912281	13.959673429824562	0.0	0.0	1	0.9993017556026514	-12.09443799048161	138.0	12	1.05	0.95				
	108	1	95.48416626000001	19.543542801754384	0.0	0.0	1	0.9989222728774285	-10.471039325397808	138.0	12	1.05	0.95				
	109	1	97.71771400877194	20.10192973894737	0.0	0.0	1	1.025019664374403	-3.61707151323579	138.0	13	1.05	0.95				
	110	1	108.88545275263158	22.335477487719302	0.0	0.0	1	1.05	-4.686685466818741	138.0	13	1.05	0.95				
	111	1	0.0	0.0	0.0	0.0	1	1.0078226586240842	-1.3274439285462938	230.0	13	1.05	0.95				
	112	1	0.0	0.0	0.0	0.0	1	1.0112436817785642	-1.2853390449323692	230.0	13	1.05	0.95				
	113	3	147.97253835614035	30.152894608421054	0.0	0.0	1	1.0037169073098586	-1.2830336466640808e-33	230.0	14	1.05	0.95				
	114	2	108.3270658154386	21.777090550526317	0.0	0.0	1	1.0073148661912619	0.4366887133354473	230.0	16	1.05	0.95				
	115	2	177.00865909017546	35.73676398035088	0.0	0.0	1	1.0394855585033071	7.290876298590485	230.0	16	1.05	0.95				
	116	2	55.83869371929825	11.167738743859651	0.0	0.0	1	1.0355607000431697	6.269714493760331	230.0	16	1.05	0.95				
	117	1	0.0	0.0	0.0	0.0	1	1.041672035599222	9.86753335352548	230.0	17	1.05	0.95				
	118	2	185.94285008526316	37.97031172912281	0.0	0.0	1	1.0451333843798345	10.66473736755937	230.0	17	1.05	0.95				
	119	1	101.06803563192983	20.660316676140354	0.0	0.0	1	1.0259273963089637	4.115401933477404	230.0	15	1.05	0.95				
	120	1	71.47352796070176	14.518060367017545	0.0	0.0	1	1.0222843871892684	3.063919408326749	230.0	15	1.05	0.95				
	121	2	0.0	0.0	0.0	0.0	1	1.0477588832933677	12.455437727993274	230.0	17	1.05	0.95				
	122	2	0.0	0.0	0.0	0.0	1	1.05	18.382446644323558	230.0	17	1.05	0.95				
	123	2	0.0	0.0	0.0	0.0	1	1.021421003797884	2.91402111636401	230.0	15	1.05	0.95				
	124	1	0.0	0.0	0.0	0.0	1	1.0262129988598572	4.41078887485977	230.0	16	1.05	0.95				
	201	2	58.64945695578948	11.947111602105263	0.0	0.0	2	1.018541888756498	-11.841281324289426	138.0	21	1.05	0.95				
	202	2	52.67590115473685	10.861010547368421	0.0	0.0	2	1.0185594065646588	-11.8820492162061	138.0	22	1.05	0.95				
	203	1	97.74909492631579	20.09286951263158	0.0	0.0	2	1.0138014032569083	-9.694270648477126	138.0	21	1.05	0.95				
	204	1	40.18573902526316	8.145757910526315	0.0	0.0	2	1.0128052967318064	-11.743666175501591	138.0	21	1.05	0.95				
	205	1	38.556587443157895	7.602707383157896	0.0	0.0	2	1.0274301041859946	-12.111436421682784	138.0	21	1.05	0.95				
	206	1	73.85487172210527	15.205414766315792	0.0	-100.0	2	1.0397124077137216	-12.823426538644526	138.0	22	1.05	0.95				
	207	2	67.88131592105263	13.576263184210527	0.0	0.0	2	0.9946296527104034	-20.03721814575133	138.0	22	1.05	0.95				
	208	1	92.86164018000001	19.006768457894736	0.0	0.0	2	0.9951730621060028	-17.467691702584457	138.0	22	1.05	0.95				
	209	1	95.0338422894737	19.54981898526316	0.0	0.0	2	1.0247668695737644	-9.397298696466258	138.0	23	1.05	0.95				
	210	1	105.8948528368421	21.722021094736842	0.0	0.0	2	1.05	-10.644486135853905	138.0	23	1.05	0.95				
	211	1	0.0	0.0	0.0	0.0	2	1.0116885502204969	-6.128678487789881	230.0	23	1.05	0.95				
	212	1	0.0	0.0	0.0	0.0	2	1.0150724577428667	-1.6905528223207489	230.0	23	1.05	0.95				
	213	2	143.9083897526316	29.32472847789474	0.0	0.0	2	1.013819761446523	-3.3042718713789716	230.0	24	1.05	0.95				
	214	2	105.3518023094737	21.17897056736842	0.0	0.0	2	1.013477162613835	-4.653377084505285	230.0	26	1.05	0.95				
	215	2	172.14701717578947	34.75523375157895	0.0	0.0	2	1.0273235450159808	0.6040858844383765	230.0	26	1.05	0.95				
	216	2	54.30505273684211	10.861010547368421	0.0	0.0	2	1.028266824417956	0.7932696243784723	230.0	26	1.05	0.95				
	217	1	0.0	0.0	0.0	0.0	2	1.0311313827048854	1.6450806978333354	230.0	27	1.05	0.95				
	218	2	180.83582561368422	36.927435861052636	0.0	0.0	2	1.0297911762312806	1.005465140814044	230.0	27	1.05	0.95				
	219	1	98.29214545368423	20.09286951263158	0.0	0.0	2	1.0284838864888854	1.9394216051266442	230.0	25	1.05	0.95				
	220	1	69.5104675031579	14.119313711578949	0.0	0.0	2	1.0334955459518467	3.9787191392491517	230.0	25	1.05	0.95				
	221	2	0.0	0.0	0.0	0.0	2	1.0320359001272184	1.677206216217043	230.0	27	1.05	0.95				
	222	2	0.0	0.0	0.0	0.0	2	1.05	8.158806133031176	230.0	27	1.05	0.95				
	223	2	0.0	0.0	0.0	0.0	2	1.0382496002923347	5.497360997192456	230.0	25	1.05	0.95				
	224	1	0.0	0.0	0.0	0.0	2	1.0095732328662104	-3.2410103685006058	230.0	26	1.05	0.95				
	301	2	43.69882949052632	8.901613414736842	0.0	0.0	3	1.0060528830654096	11.312961299223534	138.0	31	1.05	0.95				
	302	2	39.24802278315789	8.092375831578948	0.0	0.0	3	1.0059822302626062	11.289854364598085	138.0	32	1.05	0.95				
	303	1	72.83138248421052	14.970895288421051	0.0	0.0	3	1.0159960916388988	13.092431125626504	138.0	31	1.05	0.95				
	304	1	29.941790576842102	6.0692818736842105	0.0	0.0	3	1.0089143970533112	12.583582394713389	138.0	31	1.05	0.95				
	305	1	28.72793420210526	5.664663082105264	0.0	0.0	3	1.022383687476151	12.666922598600376	138.0	31	1.05	0.95				
	306	1	55.02815565473684	11.329326164210528	0.0	-100.0	3	1.0405047464927863	12.92647128875251	138.0	32	1.05	0.95				
	307	2	50.577348947368414	10.115469789473684	0.0	0.0	3	0.9856060380688374	10.057640915064768	138.0	32	1.05	0.95				
	308	1	69.18981336	14.161657705263156	0.0	0.0	3	1.0002913517544443	11.760242806453007	138.0	32	1.05	0.95				
	309	1	70.80828852631579	14.566276496842104	0.0	0.0	3	1.0236961065577084	15.309412565421628	138.0	33	1.05	0.95				
	310	1	78.90066435789474	16.184751663157897	0.0	0.0	3	1.05	15.319326765557383	138.0	33	1.05	0.95				
	311	1	0.0	0.0	0.0	0.0	3	1.0019913948290886	19.525032879829002	230.0	33	1.05	0.95				
	312	1	0.0	0.0	0.0	0.0	3	1.0097241606168386	20.24942635666171	230.0	33	1.05	0.95				
	313	2	107.22397976842105	21.84941474526316	0.0	0.0	3	1.010478244654137	25.59739059744738	230.0	34	1.05	0.95				
	314	2	78.49604556631579	15.780132871578948	0.0	0.0	3	0.9938879037157603	18.517615042965787	230.0	36	1.05	0.95				
	315	2	128.2641569305263	25.89560266105263	0.0	0.0	3	1.0170438709353433	13.941586122622292	230.0	36	1.05	0.95				
	316	2	40.461879157894735	8.092375831578948	0.0	0.0	3	1.016565729415327	14.73664942554714	230.0	36	1.05	0.95				
	317	1	0.0	0.0	0.0	0.0	3	1.0242622098426635	14.04385517261939	230.0	37	1.05	0.95				
	318	2	134.73805759578948	27.51407782736842	0.0	0.0	3	1.0243862443363903	12.950496275287547	230.0	37	1.05	0.95				
	319	1	73.23600127578948	14.970895288421051	0.0	0.0	3	1.0164504784532027	16.809180749298797	230.0	35	1.05	0.95				
	320	1	51.79120532210526	10.520088581052631	0.0	0.0	3	1.016415157961313	18.007433994865394	230.0	35	1.05	0.95				
	321	2	0.0	0.0	0.0	0.0	3	1.023847377481192	13.853691593530565	230.0	37	1.05	0.95				
	322	2	0.0	0.0	0.0	0.0	3	1.0376401589778959	18.338440697049418	230.0	37	1.05	0.95				
	323	2	0.0	0.0	0.0	0.0	3	1.015878419974838	18.4636315546844	230.0	35	1.05	0.95				
	324	1	0.0	0.0	0.0	0.0	3	1.014610900716968	15.386715863912892	230.0	36	1.05	0.95				
	325	1	0.0	0.0	0.0	0.0	3	1.0200022416686767	17.96020105957772	230.0	35	1.05	0.95				
];
