%% MATPOWER Case Format : Version 2
function mpc = RTS_GMLC
mpc.version = '2';

%%-----  Power Flow Data  -----%%
%% system MVA base
mpc.baseMVA = 100.0;
%% bus data
%    bus_i    type    Pd    Qd    Gs    Bs    area    Vm    Va    baseKV    zone    Vmax    Vmin
mpc.bus = [
	101	2	59.35724890105264	12.091291442807018	0.0	0.0	1	1.0144606971120498	-0.20113392612422232	138.0	11	1.05	0.95				
	102	2	53.311603179649126	10.992083129824563	0.0	0.0	1	1.0134937742647645	-0.5316048520664489	138.0	12	1.05	0.95				
	103	1	98.92874816842105	20.33535379017544	0.0	0.0	1	1.0213686081911015	0.794891053017498	138.0	11	1.05	0.95				
	104	1	40.67070758035088	8.244062347368422	0.0	0.0	1	1.0108717808015002	-3.2455394279522456	138.0	11	1.05	0.95				
	105	1	39.02189511087719	7.694458190877193	0.0	0.0	1	1.0245797093776219	-3.3005433876737262	138.0	11	1.05	0.95				
	106	1	74.74616528280703	15.388916381754386	0.0	-100.0	1	1.0373018012645203	-5.599303147506605	138.0	12	1.05	0.95				
	107	2	68.70051956140351	13.740103912280702	0.0	0.0	1	0.9918747569396933	-12.470884927934017	138.0	12	1.05	0.95				
	108	1	93.98231076	19.23614547719298	0.0	0.0	1	0.9945978778506465	-10.550532196918189	138.0	12	1.05	0.95				
	109	1	96.18072738596491	19.785749633684212	0.0	0.0	1	1.0257501901701729	-3.179003266704745	138.0	13	1.05	0.95				
	110	1	107.17281051578946	21.984166259649125	0.0	0.0	1	1.05	-4.63799687312619	138.0	13	1.05	0.95				
	111	1	0.0	0.0	0.0	0.0	1	1.0232885349995076	-0.10395113274087335	230.0	13	1.05	0.95				
	112	1	0.0	0.0	0.0	0.0	1	1.0172743846126504	-0.37090842809976304	230.0	13	1.05	0.95				
	113	3	145.64510147017543	29.67862445052632	0.0	0.0	1	1.0098173033561793	1.2976829772591008e-28	230.0	14	1.05	0.95				
	114	2	106.62320635929825	21.434562103157894	0.0	0.0	1	1.05	3.4838581471858436	230.0	16	1.05	0.95				
	115	2	174.2245176077193	35.174666015438596	0.0	0.0	1	1.0425644398466274	13.104795698555938	230.0	16	1.05	0.95				
	116	2	54.96041564912281	10.992083129824563	0.0	0.0	1	1.0455907503076174	12.053742356051309	230.0	16	1.05	0.95				
	117	1	0.0	0.0	0.0	0.0	1	1.0425865747328402	17.295246322425623	230.0	17	1.05	0.95				
	118	2	183.01818411157896	37.37308264140351	0.0	0.0	1	1.0493259866530629	17.536039963463374	230.0	17	1.05	0.95				
	119	1	99.47835232491228	20.33535379017544	0.0	0.0	1	1.0430374391321846	9.009010277585604	230.0	15	1.05	0.95				
	120	1	70.34933203087719	14.289708068771931	0.0	0.0	1	1.04681327654377	7.399803561177632	230.0	15	1.05	0.95				
	121	2	0.0	0.0	0.0	0.0	1	1.043559431625052	19.107365075837325	230.0	17	1.05	0.95				
	122	2	0.0	0.0	0.0	0.0	1	1.05	37.06605793607018	230.0	17	1.05	0.95				
	123	2	0.0	0.0	0.0	0.0	1	1.05	6.921345318157701	230.0	15	1.05	0.95				
	124	1	0.0	0.0	0.0	0.0	1	1.0191577628486386	8.53743353010144	230.0	16	1.05	0.95				
	201	2	59.68644733894737	12.158350383859649	0.0	0.0	2	1.023553972604818	-13.14231353148662	138.0	21	1.05	0.95				
	202	2	53.60727214701754	11.053045803508772	0.0	0.0	2	1.024538052419724	-12.97862805721045	138.0	22	1.05	0.95				
	203	1	99.47741223157895	20.448134736491227	0.0	0.0	2	1.0153557368467578	-11.136443157058263	138.0	21	1.05	0.95				
	204	1	40.89626947298245	8.289784352631578	0.0	0.0	2	1.0150489357687085	-14.297776850390763	138.0	21	1.05	0.95				
	205	1	39.23831260245614	7.737132062456141	0.0	0.0	2	1.029874831390549	-14.709116141657356	138.0	21	1.05	0.95				
	206	1	75.16071146385966	15.474264124912281	0.0	-100.0	2	1.0406041309662355	-16.076474385841628	138.0	22	1.05	0.95				
	207	2	69.08153627192982	13.816307254385965	0.0	0.0	2	0.9892519324757277	-24.014030434727026	138.0	22	1.05	0.95				
	208	1	94.50354162	19.34283015614035	0.0	0.0	2	0.9913900929673775	-21.39864966727322	138.0	22	1.05	0.95				
	209	1	96.71415078070176	19.89548244631579	0.0	0.0	2	1.0238246808179774	-13.109566925512933	138.0	23	1.05	0.95				
	210	1	107.76719658421052	22.106091607017543	0.0	0.0	2	1.05	-14.526414031575356	138.0	23	1.05	0.95				
	211	1	0.0	0.0	0.0	0.0	2	1.0146269440497167	-9.388225006693604	230.0	23	1.05	0.95				
	212	1	0.0	0.0	0.0	0.0	2	1.0129163775325003	-8.190930031782509	230.0	23	1.05	0.95				
	213	2	146.45285689649123	29.843223669473684	0.0	0.0	2	1.0148133322403494	-7.623890005931203	230.0	24	1.05	0.95				
	214	2	107.21454429403508	21.55343931684211	0.0	0.0	2	1.0233373325816377	-6.498857844805668	230.0	26	1.05	0.95				
	215	2	175.19077598561404	35.36974657122807	0.0	0.0	2	1.0381222471110996	0.834192567762834	230.0	26	1.05	0.95				
	216	2	55.26522901754386	11.053045803508772	0.0	0.0	2	1.0407529734018166	0.9283278270854495	230.0	26	1.05	0.95				
	217	1	0.0	0.0	0.0	0.0	2	1.0452939978074678	3.5831912377427355	230.0	27	1.05	0.95				
	218	2	184.03321262842104	37.58035573192983	0.0	0.0	2	1.0451401003570882	3.540624221251927	230.0	27	1.05	0.95				
	219	1	100.03006452175438	20.448134736491227	0.0	0.0	2	1.040067208300433	1.1456841338402672	230.0	25	1.05	0.95				
	220	1	70.73949314245614	14.368959544561404	0.0	0.0	2	1.0438012910963255	2.378145505260963	230.0	25	1.05	0.95				
	221	2	0.0	0.0	0.0	0.0	2	1.0444590569412435	3.4142968022238156	230.0	27	1.05	0.95				
	222	2	0.0	0.0	0.0	0.0	2	1.05	9.988335610876202	230.0	27	1.05	0.95				
	223	2	0.0	0.0	0.0	0.0	2	1.0473639361094225	3.458458979533543	230.0	25	1.05	0.95				
	224	1	0.0	0.0	0.0	0.0	2	1.0146539120706168	-3.599567014777938	230.0	26	1.05	0.95				
	301	2	45.765896854736845	9.32268269263158	0.0	0.0	3	1.0091896721341937	-4.660122668488419	138.0	31	1.05	0.95				
	302	2	41.10455550842105	8.475166084210526	0.0	0.0	3	1.0089503987994595	-4.8247942162859125	138.0	32	1.05	0.95				
	303	1	76.27649475789472	15.679057255789472	0.0	0.0	3	1.0345700069641866	2.2916474811711827	138.0	31	1.05	0.95				
	304	1	31.358114511578943	6.356374563157894	0.0	0.0	3	1.011641472356726	-3.5481119534988927	138.0	31	1.05	0.95				
	305	1	30.086839598947368	5.932616258947369	0.0	0.0	3	1.0242586268420157	-4.4782721853594865	138.0	31	1.05	0.95				
	306	1	57.631129372631584	11.865232517894738	0.0	-100.0	3	1.0408390401407883	-4.887504151518927	138.0	32	1.05	0.95				
	307	2	52.96978802631579	10.593957605263157	0.0	0.0	3	0.9921727988055218	-9.404370323604283	138.0	32	1.05	0.95				
	308	1	72.46267001999999	14.831540647368419	0.0	0.0	3	0.9993868601431081	-7.508764467963632	138.0	32	1.05	0.95				
	309	1	74.1577032368421	15.255298951578947	0.0	0.0	3	1.0268965655787656	-0.7686699448600056	138.0	33	1.05	0.95				
	310	1	82.63286932105262	16.950332168421053	0.0	0.0	3	1.05	-2.9310016589102843	138.0	33	1.05	0.95				
	311	1	0.0	0.0	0.0	0.0	3	1.0084715247676597	2.4495889963300286	230.0	33	1.05	0.95				
	312	1	0.0	0.0	0.0	0.0	3	1.0104517672107198	2.798172309478423	230.0	33	1.05	0.95				
	313	2	112.29595061578948	22.882948427368422	0.0	0.0	3	1.0091277907986254	5.627716050196281	230.0	34	1.05	0.95				
	314	2	82.2091110168421	16.526573864210526	0.0	0.0	3	1.0090390112812355	4.075026109347095	230.0	36	1.05	0.95				
	315	2	134.33138243473684	27.120531469473686	0.0	0.0	3	1.039237923788174	8.425661637820491	230.0	36	1.05	0.95				
	316	2	42.375830421052626	8.475166084210526	0.0	0.0	3	1.037779353623664	8.848057079088777	230.0	36	1.05	0.95				
	317	1	0.0	0.0	0.0	0.0	3	1.0499999998630214	13.088691646839191	230.0	37	1.05	0.95				
	318	2	141.11151530210526	28.815564686315792	0.0	0.0	3	1.0471292272615262	10.844837524896647	230.0	37	1.05	0.95				
	319	1	76.70025306210526	15.679057255789472	0.0	0.0	3	1.0281124528038699	7.81795418901398	230.0	35	1.05	0.95				
	320	1	54.24106293894737	11.017715909473685	0.0	0.0	3	1.0226504608923077	7.737242822026529	230.0	35	1.05	0.95				
	321	2	0.0	0.0	0.0	0.0	3	1.0456402325147762	10.662295096238308	230.0	37	1.05	0.95				
	322	2	0.0	0.0	0.0	0.0	3	1.05	15.957086069331046	230.0	37	1.05	0.95				
	323	2	0.0	0.0	0.0	0.0	3	1.0201761538477	8.024043074265105	230.0	35	1.05	0.95				
	324	1	0.0	0.0	0.0	0.0	3	1.0291252995995486	6.120238775820465	230.0	36	1.05	0.95				
	325	1	0.0	0.0	0.0	0.0	3	1.0195936280731548	8.97152167859891	230.0	35	1.05	0.95				
];
