%% MATPOWER Case Format : Version 2
function mpc = RTS_GMLC
mpc.version = '2';

%%-----  Power Flow Data  -----%%
%% system MVA base
mpc.baseMVA = 100.0;
%% bus data
%    bus_i    type    Pd    Qd    Gs    Bs    area    Vm    Va    baseKV    zone    Vmax    Vmin
mpc.bus = [
	101	2	54.641266711578936	11.130628404210526	0.0	0.0	1	1.0262308060436263	0.1839917977359534	138.0	11	1.05	0.95				
	102	2	49.07595250947367	10.118753094736842	0.0	0.0	1	1.025253948608968	-0.13687144450144614	138.0	12	1.05	0.95				
	103	1	91.06877785263157	18.719693225263157	0.0	0.0	1	1.025466746792283	0.995134152806282	138.0	11	1.05	0.95				
	104	1	37.439386450526314	7.589064821052631	0.0	0.0	1	1.0164081523359878	-2.893269947767743	138.0	11	1.05	0.95				
	105	1	35.921573486315786	7.083127166315789	0.0	0.0	1	1.0311684721806351	-2.9180608326720447	138.0	11	1.05	0.95				
	106	1	68.80752104421052	14.166254332631578	0.0	-100.0	1	1.0414084249318738	-5.1948561064732	138.0	12	1.05	0.95				
	107	2	63.242206842105254	12.648441368421052	0.0	0.0	1	0.9976861939097462	-13.794896335796874	138.0	12	1.05	0.95				
	108	1	86.51533896	17.70781791578947	0.0	0.0	1	0.9980213460848665	-11.096745816768053	138.0	12	1.05	0.95				
	109	1	88.53908957894735	18.213755570526313	0.0	0.0	1	1.0245835180925613	-3.0739500490557012	138.0	13	1.05	0.95				
	110	1	98.65784267368419	20.237506189473685	0.0	0.0	1	1.05	-4.4413482979549	138.0	13	1.05	0.95				
	111	1	0.0	0.0	0.0	0.0	1	1.0113465437161242	-0.11584422856275393	230.0	13	1.05	0.95				
	112	1	0.0	0.0	0.0	0.0	1	1.0146292670890735	-0.5446718977804261	230.0	13	1.05	0.95				
	113	3	134.07347850526315	27.320633355789468	0.0	0.0	1	1.0081495938280791	-1.2598113194099003e-30	230.0	14	1.05	0.95				
	114	2	98.15190501894735	19.73156853473684	0.0	0.0	1	1.0171785866848138	3.47136042552823	230.0	16	1.05	0.95				
	115	2	160.38223655157893	32.38000990315789	0.0	0.0	1	1.0424041933037438	12.695875145660706	230.0	16	1.05	0.95				
	116	2	50.59376547368421	10.118753094736842	0.0	0.0	1	1.0390988797673806	11.54463591499803	230.0	16	1.05	0.95				
	117	1	0.0	0.0	0.0	0.0	1	1.0410380115692435	16.800487372543813	230.0	17	1.05	0.95				
	118	2	168.4772390273684	34.40376052210526	0.0	0.0	1	1.05	17.06517805154749	230.0	17	1.05	0.95				
	119	1	91.57471550736841	18.719693225263157	0.0	0.0	1	1.033597963995136	8.29467604727674	230.0	15	1.05	0.95				
	120	1	64.76001980631578	13.154379023157894	0.0	0.0	1	1.0347064861153996	6.430325281567587	230.0	15	1.05	0.95				
	121	2	0.0	0.0	0.0	0.0	1	1.05	18.527361377670903	230.0	17	1.05	0.95				
	122	2	0.0	0.0	0.0	0.0	1	1.05	36.272092345089135	230.0	17	1.05	0.95				
	123	2	0.0	0.0	0.0	0.0	1	1.0363457843853134	5.786978701705185	230.0	15	1.05	0.95				
	124	1	0.0	0.0	0.0	0.0	1	1.0214050722752241	8.338064556951037	230.0	16	1.05	0.95				
	201	2	62.78041868210526	12.788603805614033	0.0	0.0	2	1.0231989122300769	-17.8689410556405	138.0	21	1.05	0.95				
	202	2	56.386116779298234	11.626003459649121	0.0	0.0	2	1.024256427889847	-17.720595237514544	138.0	22	1.05	0.95				
	203	1	104.63403113684208	21.508106400350872	0.0	0.0	2	1.0145067038977522	-14.852236056261406	138.0	21	1.05	0.95				
	204	1	43.016212800701744	8.71950259473684	0.0	0.0	2	1.0141901605373158	-18.935656588584536	138.0	21	1.05	0.95				
	205	1	41.27231228175438	8.138202421754386	0.0	0.0	2	1.029291738936132	-19.45008894867936	138.0	21	1.05	0.95				
	206	1	79.05682352561402	16.27640484350877	0.0	-100.0	2	1.0397019708679487	-20.851029581718148	138.0	22	1.05	0.95				
	207	2	72.662521622807	14.532504324561401	0.0	0.0	2	0.9896598345289102	-29.16757754582823	138.0	22	1.05	0.95				
	208	1	99.40232957999999	20.34550605438596	0.0	0.0	2	0.9901986683433717	-26.387158686066115	138.0	22	1.05	0.95				
	209	1	101.72753027192982	20.926806227368417	0.0	0.0	2	1.023565012017092	-17.544408697403533	138.0	23	1.05	0.95				
	210	1	113.35353373157892	23.252006919298243	0.0	0.0	2	1.05	-19.190316517268315	138.0	23	1.05	0.95				
	211	1	0.0	0.0	0.0	0.0	2	1.0165570268453912	-13.78207743976858	230.0	23	1.05	0.95				
	212	1	0.0	0.0	0.0	0.0	2	1.014496567505904	-12.482584849226726	230.0	23	1.05	0.95				
	213	2	154.04454584035085	31.39020934105263	0.0	0.0	2	1.0199540882570093	-11.928554096894056	230.0	24	1.05	0.95				
	214	2	112.77223355859647	22.670706746315787	0.0	0.0	2	1.0251294299066038	-10.84068464566129	230.0	26	1.05	0.95				
	215	2	184.27215483543858	37.20321107087719	0.0	0.0	2	1.035003464975885	-2.986084996106027	230.0	26	1.05	0.95				
	216	2	58.130017298245605	11.626003459649121	0.0	0.0	2	1.0382523124679994	-3.120423681760307	230.0	26	1.05	0.95				
	217	1	0.0	0.0	0.0	0.0	2	1.0393569255469266	-0.7249247525823074	230.0	27	1.05	0.95				
	218	2	193.57295760315787	39.52841176280701	0.0	0.0	2	1.0387452522779608	-1.4747191360832204	230.0	27	1.05	0.95				
	219	1	105.21533130982455	21.508106400350872	0.0	0.0	2	1.0394129054712422	-2.8124773432677017	230.0	25	1.05	0.95				
	220	1	74.40642214175438	15.113804497543859	0.0	0.0	2	1.0451386746797469	-1.4494031871946953	230.0	25	1.05	0.95				
	221	2	0.0	0.0	0.0	0.0	2	1.0396440474555424	-1.170501067277787	230.0	27	1.05	0.95				
	222	2	0.0	0.0	0.0	0.0	2	1.05	5.5068717654087225	230.0	27	1.05	0.95				
	223	2	0.0	0.0	0.0	0.0	2	1.05	-0.2817162793609364	230.0	25	1.05	0.95				
	224	1	0.0	0.0	0.0	0.0	2	1.0125641973489599	-7.390228067662639	230.0	26	1.05	0.95				
	301	2	48.82378994526316	9.945586840701754	0.0	0.0	3	1.0088695174290054	-4.821571931750451	138.0	31	1.05	0.95				
	302	2	43.850996524912276	9.04144258245614	0.0	0.0	3	1.008467028458908	-5.018538585342589	138.0	32	1.05	0.95				
	303	1	81.37298324210526	16.726668777543857	0.0	0.0	3	1.0395945455920694	3.734860101072945	138.0	31	1.05	0.95				
	304	1	33.453337555087714	6.781081936842104	0.0	0.0	3	1.0115329902924182	-3.529971913958355	138.0	31	1.05	0.95				
	305	1	32.097121167719294	6.329009807719298	0.0	0.0	3	1.0237595512198125	-4.945309050222073	138.0	31	1.05	0.95				
	306	1	61.48180956070175	12.658019615438596	0.0	-100.0	3	1.0398973474424602	-5.546477022554302	138.0	32	1.05	0.95				
	307	2	56.50901614035087	11.301803228070174	0.0	0.0	3	0.9910931537929932	-10.14803491854368	138.0	32	1.05	0.95				
	308	1	77.30433407999999	15.822524519298241	0.0	0.0	3	0.9978268476366308	-8.104964002405033	138.0	32	1.05	0.95				
	309	1	79.11262259649122	16.27459664842105	0.0	0.0	3	1.0284233654389894	-0.470816213305737	138.0	33	1.05	0.95				
	310	1	88.15406517894736	18.08288516491228	0.0	0.0	3	1.05	-3.612236331650065	138.0	33	1.05	0.95				
	311	1	0.0	0.0	0.0	0.0	3	1.00971344944421	1.6898682709564339	230.0	33	1.05	0.95				
	312	1	0.0	0.0	0.0	0.0	3	1.0136693199159084	2.176044147959204	230.0	33	1.05	0.95				
	313	2	119.79911421754383	24.41189497263158	0.0	0.0	3	1.0119007018719575	4.75212705424115	230.0	34	1.05	0.95				
	314	2	87.70199304982455	17.630813035789473	0.0	0.0	3	1.0076983045236854	2.8484274606845306	230.0	36	1.05	0.95				
	315	2	143.30686493192982	28.932616263859646	0.0	0.0	3	1.0383528639658424	7.033244188825973	230.0	36	1.05	0.95				
	316	2	45.207212912280696	9.04144258245614	0.0	0.0	3	1.0360003150734733	7.1523036876256825	230.0	36	1.05	0.95				
	317	1	0.0	0.0	0.0	0.0	3	1.05	12.146446903718488	230.0	37	1.05	0.95				
	318	2	150.54001899789472	30.740904780350874	0.0	0.0	3	1.0470095618832425	9.504169390898715	230.0	37	1.05	0.95				
	319	1	81.82505537122806	16.726668777543857	0.0	0.0	3	1.0294027124533724	6.308491909192681	230.0	35	1.05	0.95				
	320	1	57.86523252771929	11.753875357192982	0.0	0.0	3	1.0268649467020419	6.4468806468204205	230.0	35	1.05	0.95				
	321	2	0.0	0.0	0.0	0.0	3	1.0451664520352546	9.324392227273176	230.0	37	1.05	0.95				
	322	2	0.0	0.0	0.0	0.0	3	1.05	14.774237427788117	230.0	37	1.05	0.95				
	323	2	0.0	0.0	0.0	0.0	3	1.0261596505971446	6.8718267832038045	230.0	35	1.05	0.95				
	324	1	0.0	0.0	0.0	0.0	3	1.032794527887092	5.788959477145537	230.0	36	1.05	0.95				
	325	1	0.0	0.0	0.0	0.0	3	1.0253428475897672	7.867082536909827	230.0	35	1.05	0.95				
];
