%% MATPOWER Case Format : Version 2
function mpc = RTS_GMLC
mpc.version = '2';

%%-----  Power Flow Data  -----%%
%% system MVA base
mpc.baseMVA = 100.0;
%% bus data
%    bus_i    type    Pd    Qd    Gs    Bs    area    Vm    Va    baseKV    zone    Vmax    Vmin
mpc.bus = [
	101	2	73.6120732168421	14.995051951578947	0.0	0.0	1	1.0337123436057192	-0.8067926240261675	138.0	11	1.05	0.95				
	102	2	66.11454724105263	13.631865410526316	0.0	0.0	1	1.0337951070225155	-0.8814766736677717	138.0	12	1.05	0.95				
	103	1	122.68678869473683	25.218951009473685	0.0	0.0	1	1.0200403613753697	-0.9640905714957595	138.0	11	1.05	0.95				
	104	1	50.43790201894737	10.223899057894737	0.0	0.0	1	1.0172156967217305	-3.9389090635574657	138.0	11	1.05	0.95				
	105	1	48.39312220736842	9.542305787368422	0.0	0.0	1	1.0326413682932765	-3.986944665342074	138.0	11	1.05	0.95				
	106	1	92.69668479157896	19.084611574736844	0.0	-100.0	1	1.0383371018953533	-6.393876044556912	138.0	12	1.05	0.95				
	107	2	85.19915881578947	17.039831763157895	0.0	0.0	1	1.0463982687007063	-5.556485277097271	138.0	12	1.05	0.95				
	108	1	116.55244925999999	23.85576446842105	0.0	0.0	1	1.0252619930835867	-7.161182396452732	138.0	12	1.05	0.95				
	109	1	119.27882234210527	24.537357738947367	0.0	0.0	1	1.0254254360559623	-3.684586721094878	138.0	13	1.05	0.95				
	110	1	132.91068775263156	27.263730821052633	0.0	0.0	1	1.05	-5.063899660922565	138.0	13	1.05	0.95				
	111	1	0.0	0.0	0.0	0.0	1	1.0096338319734353	-0.865952959945693	230.0	13	1.05	0.95				
	112	1	0.0	0.0	0.0	0.0	1	1.0142915128822423	-0.6043100558280838	230.0	13	1.05	0.95				
	113	3	180.6222166894737	36.80603660842105	0.0	0.0	1	1.0109686060095586	9.517517133987421e-28	230.0	14	1.05	0.95				
	114	2	132.22909448210527	26.58213755052632	0.0	0.0	1	1.0084253901770464	1.9712346162609646	230.0	16	1.05	0.95				
	115	2	216.0650667568421	43.62196931368421	0.0	0.0	1	1.0399691101006747	10.893248108884954	230.0	16	1.05	0.95				
	116	2	68.15932705263158	13.631865410526316	0.0	0.0	1	1.0373688731823851	10.0656091766238	230.0	16	1.05	0.95				
	117	1	0.0	0.0	0.0	0.0	1	1.0425854656727083	14.29052926894619	230.0	17	1.05	0.95				
	118	2	226.97055908526318	46.34834239578948	0.0	0.0	1	1.0481196892061613	14.844485910388535	230.0	17	1.05	0.95				
	119	1	123.36838196526317	25.218951009473685	0.0	0.0	1	1.0308007345986683	7.638931769540064	230.0	15	1.05	0.95				
	120	1	87.24393862736842	17.72142503368421	0.0	0.0	1	1.0318778621333222	6.828687192514423	230.0	15	1.05	0.95				
	121	2	0.0	0.0	0.0	0.0	1	1.05	15.34803031926792	230.0	17	1.05	0.95				
	122	2	0.0	0.0	0.0	0.0	1	1.05	27.20354504542759	230.0	17	1.05	0.95				
	123	2	0.0	0.0	0.0	0.0	1	1.0341320112568066	6.895552780976259	230.0	15	1.05	0.95				
	124	1	0.0	0.0	0.0	0.0	1	1.017682132275921	6.489589735116985	230.0	16	1.05	0.95				
	201	2	78.16527625263157	15.92255627368421	0.0	0.0	2	1.0369224817736133	-18.903240847322472	138.0	21	1.05	0.95				
	202	2	70.20399811578947	14.475051157894736	0.0	0.0	2	1.0371325686017376	-19.060871348875235	138.0	22	1.05	0.95				
	203	1	130.27546042105263	26.77884464210526	0.0	0.0	2	1.0215234850703077	-13.491787386326571	138.0	21	1.05	0.95				
	204	1	53.55768928421052	10.856288368421051	0.0	0.0	2	1.0167214499605273	-20.880730755453403	138.0	21	1.05	0.95				
	205	1	51.38643161052631	10.132535810526317	0.0	0.0	2	1.0340555479436493	-21.491376087912144	138.0	21	1.05	0.95				
	206	1	98.43034787368421	20.265071621052634	0.0	-100.0	2	1.038318664317505	-23.633202141472992	138.0	22	1.05	0.95				
	207	2	90.4690697368421	18.09381394736842	0.0	0.0	2	0.9636616678239713	-34.41290984606437	138.0	22	1.05	0.95				
	208	1	123.7616874	25.331339526315787	0.0	0.0	2	0.9674884690275245	-30.815629237519275	138.0	22	1.05	0.95				
	209	1	126.65669763157894	26.055092084210525	0.0	0.0	2	1.022816445356438	-19.436532207732256	138.0	23	1.05	0.95				
	210	1	141.13174878947368	28.950102315789472	0.0	0.0	2	1.05	-21.844180511489196	138.0	23	1.05	0.95				
	211	1	0.0	0.0	0.0	0.0	2	1.0279262176809523	-15.31167076592607	230.0	23	1.05	0.95				
	212	1	0.0	0.0	0.0	0.0	2	1.0208899194695567	-14.625177559254935	230.0	23	1.05	0.95				
	213	2	191.79442784210525	39.082638126315786	0.0	0.0	2	1.0374531828045388	-13.844219944884985	230.0	24	1.05	0.95				
	214	2	140.40799623157895	28.226349757894738	0.0	0.0	2	1.0461883619765744	-11.464826768163261	230.0	26	1.05	0.95				
	215	2	229.42956085263154	46.320163705263155	0.0	0.0	2	1.0423864572274144	-0.6569764500144085	230.0	26	1.05	0.95				
	216	2	72.37525578947368	14.475051157894736	0.0	0.0	2	1.0457924359163724	-1.512325040761567	230.0	26	1.05	0.95				
	217	1	0.0	0.0	0.0	0.0	2	1.0463293994630818	2.7990961821683484	230.0	27	1.05	0.95				
	218	2	241.00960177894737	49.215173936842106	0.0	0.0	2	1.049166766553667	3.4371343619382504	230.0	27	1.05	0.95				
	219	1	130.99921297894736	26.77884464210526	0.0	0.0	2	1.0424735789567403	-3.1349382549297884	230.0	25	1.05	0.95				
	220	1	92.64032741052631	18.81756650526316	0.0	0.0	2	1.0461298700594228	-3.1883632782031017	230.0	25	1.05	0.95				
	221	2	0.0	0.0	0.0	0.0	2	1.05	3.6805982999404607	230.0	27	1.05	0.95				
	222	2	0.0	0.0	0.0	0.0	2	1.05	9.84620966348549	230.0	27	1.05	0.95				
	223	2	0.0	0.0	0.0	0.0	2	1.05	-2.690930679216906	230.0	25	1.05	0.95				
	224	1	0.0	0.0	0.0	0.0	2	1.0183794466999536	-5.421509173270491	230.0	26	1.05	0.95				
	301	2	67.85447642526316	13.822208160701754	0.0	0.0	3	1.0460231455261646	-11.955447584202751	138.0	31	1.05	0.95				
	302	2	60.94337234491227	12.56564378245614	0.0	0.0	3	1.0437176437560791	-12.33741715157367	138.0	32	1.05	0.95				
	303	1	113.09079404210527	23.246440997543857	0.0	0.0	3	1.05	5.51213259329629	138.0	31	1.05	0.95				
	304	1	46.492881995087714	9.424232836842105	0.0	0.0	3	1.0130529317837191	-10.156264193693096	138.0	31	1.05	0.95				
	305	1	44.608035427719294	8.795950647719298	0.0	0.0	3	1.0346223215049013	-12.741543283329076	138.0	31	1.05	0.95				
	306	1	85.44637772070176	17.591901295438596	0.0	-100.0	3	1.0342622877420122	-13.898563207847715	138.0	32	1.05	0.95				
	307	2	78.53527364035087	15.707054728070174	0.0	0.0	3	0.9538072669277703	-11.469015483792843	138.0	32	1.05	0.95				
	308	1	107.43625433999999	21.989876619298244	0.0	0.0	3	0.9658914138408284	-12.407793890486918	138.0	32	1.05	0.95				
	309	1	109.94938309649123	22.61815880842105	0.0	0.0	3	1.0104163319166237	-5.695429203409189	138.0	33	1.05	0.95				
	310	1	122.51502687894735	25.13128756491228	0.0	0.0	3	1.038363695807233	-11.543712285933145	138.0	33	1.05	0.95				
	311	1	0.0	0.0	0.0	0.0	3	0.9958800602024389	-6.50562580686281	230.0	33	1.05	0.95				
	312	1	0.0	0.0	0.0	0.0	3	0.9988065927193946	-5.255114791774787	230.0	33	1.05	0.95				
	313	2	166.49478011754383	33.92723821263158	0.0	0.0	3	0.9952576648321239	-3.0097989765458846	230.0	34	1.05	0.95				
	314	2	121.88674468982454	24.50300537578947	0.0	0.0	3	0.9940322066472481	-7.319587941342282	230.0	36	1.05	0.95				
	315	2	199.1654539519298	40.21006010385965	0.0	0.0	3	1.05	-4.590595986158513	230.0	36	1.05	0.95				
	316	2	62.8282189122807	12.56564378245614	0.0	0.0	3	1.0387892561300487	-4.608015142043858	230.0	36	1.05	0.95				
	317	1	0.0	0.0	0.0	0.0	3	1.0473628202064322	-3.0758409227549555	230.0	37	1.05	0.95				
	318	2	209.2179689778947	42.72318886035088	0.0	0.0	3	1.0471088500497947	-4.037252255274226	230.0	37	1.05	0.95				
	319	1	113.71907623122806	23.246440997543857	0.0	0.0	3	1.021348105528242	-4.432254876269349	230.0	35	1.05	0.95				
	320	1	80.4201202077193	16.335336917192983	0.0	0.0	3	1.0116223177724835	-3.035328505808571	230.0	35	1.05	0.95				
	321	2	0.0	0.0	0.0	0.0	3	1.05	-3.674212628894087	230.0	37	1.05	0.95				
	322	2	0.0	0.0	0.0	0.0	3	1.05	0.9049081149625352	230.0	37	1.05	0.95				
	323	2	0.0	0.0	0.0	0.0	3	1.0083696343635697	-1.7584900494135653	230.0	35	1.05	0.95				
	324	1	0.0	0.0	0.0	0.0	3	1.046827129362264	-0.7304851225500207	230.0	36	1.05	0.95				
	325	1	0.0	0.0	0.0	0.0	3	1.006208637709115	-0.2858584289203514	230.0	35	1.05	0.95				
];
