%% MATPOWER Case Format : Version 2
function mpc = RTS_GMLC
mpc.version = '2';

%%-----  Power Flow Data  -----%%
%% system MVA base
mpc.baseMVA = 100.0;
%% bus data
%    bus_i    type    Pd    Qd    Gs    Bs    area    Vm    Va    baseKV    zone    Vmax    Vmin
mpc.bus = [
	101	2	78.19445819368421	15.928500743157894	0.0	0.0	1	1.0311035207744033	-0.9092793283911383	138.0	11	1.05	0.95				
	102	2	70.23020782210526	14.480455221052631	0.0	0.0	1	1.0310644341865278	-0.9899933559956827	138.0	12	1.05	0.95				
	103	1	130.32409698947367	26.788842158947368	0.0	0.0	1	1.0191376155705134	-0.6597444211039762	138.0	11	1.05	0.95				
	104	1	53.577684317894736	10.860341415789472	0.0	0.0	1	1.0154917387652438	-3.9201438559521056	138.0	11	1.05	0.95				
	105	1	51.40561603473684	10.136318654736842	0.0	0.0	1	1.0307845812887242	-4.019271860171656	138.0	11	1.05	0.95				
	106	1	98.46709550315789	20.272637309473684	0.0	-100.0	1	1.0364787034515675	-6.421169451252028	138.0	12	1.05	0.95				
	107	2	90.50284513157894	18.10056902631579	0.0	0.0	1	1.0462303264326922	-3.604796860092086	138.0	12	1.05	0.95				
	108	1	123.80789213999999	25.3407966368421	0.0	0.0	1	1.024036817369472	-6.0639130065875415	138.0	12	1.05	0.95				
	109	1	126.70398318421053	26.064819397894734	0.0	0.0	1	1.025992394292351	-3.380017198462104	138.0	13	1.05	0.95				
	110	1	141.18443840526314	28.960910442105263	0.0	0.0	1	1.05	-4.879945911258576	138.0	13	1.05	0.95				
	111	1	0.0	0.0	0.0	0.0	1	1.0147316632961783	-0.5725735525941399	230.0	13	1.05	0.95				
	112	1	0.0	0.0	0.0	0.0	1	1.01598097622568	-0.08579590497894435	230.0	13	1.05	0.95				
	113	3	191.86603167894737	39.097229096842106	0.0	0.0	1	1.0132481321158515	-5.226309403497266e-28	230.0	14	1.05	0.95				
	114	2	140.4604156442105	28.23688768105263	0.0	0.0	1	1.0211119639022312	2.5080373986229167	230.0	16	1.05	0.95				
	115	2	229.51521525368418	46.33745670736842	0.0	0.0	1	1.043629695376767	11.98728278957373	230.0	16	1.05	0.95				
	116	2	72.40227610526316	14.480455221052631	0.0	0.0	1	1.0423019603458075	11.246504541685923	230.0	16	1.05	0.95				
	117	1	0.0	0.0	0.0	0.0	1	1.0447797845658273	15.626617025904345	230.0	17	1.05	0.95				
	118	2	241.09957943052632	49.233547751578946	0.0	0.0	1	1.05	16.105069720812594	230.0	17	1.05	0.95				
	119	1	131.0481197505263	26.788842158947368	0.0	0.0	1	1.037617086046786	9.147452887584143	230.0	15	1.05	0.95				
	120	1	92.67491341473684	18.82459178736842	0.0	0.0	1	1.0404544457332947	8.690408608795703	230.0	15	1.05	0.95				
	121	2	0.0	0.0	0.0	0.0	1	1.05	16.6467260282981	230.0	17	1.05	0.95				
	122	2	0.0	0.0	0.0	0.0	1	1.05	29.84735163850297	230.0	17	1.05	0.95				
	123	2	0.0	0.0	0.0	0.0	1	1.0438469967587642	8.973169679726936	230.0	15	1.05	0.95				
	124	1	0.0	0.0	0.0	0.0	1	1.0185164955752661	7.308577899502454	230.0	16	1.05	0.95				
	201	2	80.95325043789472	16.49047694105263	0.0	0.0	2	1.0391244980571834	-12.884827371182062	138.0	21	1.05	0.95				
	202	2	72.7080119673684	14.99134267368421	0.0	0.0	2	1.0393091664234362	-12.99820449690454	138.0	22	1.05	0.95				
	203	1	134.92208406315788	27.73398394631579	0.0	0.0	2	1.0250123865409904	-8.836982779870477	138.0	21	1.05	0.95				
	204	1	55.46796789263158	11.243507005263156	0.0	0.0	2	1.0183701103887712	-14.567256995301456	138.0	21	1.05	0.95				
	205	1	53.21926649157894	10.493939871578947	0.0	0.0	2	1.0349867910695447	-15.074499879964552	138.0	21	1.05	0.95				
	206	1	101.94113018105261	20.987879743157894	0.0	-100.0	2	1.0382762779967782	-17.011846992923815	138.0	22	1.05	0.95				
	207	2	93.6958917105263	18.739178342105262	0.0	0.0	2	0.9587315365606729	-28.17933279803996	138.0	22	1.05	0.95				
	208	1	128.17597985999998	26.234849678947363	0.0	0.0	2	0.9636750920889818	-24.433378033658244	138.0	22	1.05	0.95				
	209	1	131.17424839473685	26.984416812631572	0.0	0.0	2	1.0249287833224148	-12.822226278808929	138.0	23	1.05	0.95				
	210	1	146.16559106842104	29.98268534736842	0.0	0.0	2	1.05	-14.945917767392515	138.0	23	1.05	0.95				
	211	1	0.0	0.0	0.0	0.0	2	1.0290065821007408	-7.960182811133865	230.0	23	1.05	0.95				
	212	1	0.0	0.0	0.0	0.0	2	1.0214641386746628	-6.892796398183018	230.0	23	1.05	0.95				
	213	2	198.63529042631575	40.47662521894736	0.0	0.0	2	1.0411960809763243	-4.633579737704068	230.0	24	1.05	0.95				
	214	2	145.4160239347368	29.23311821368421	0.0	0.0	2	1.0472776152902747	-5.1673222940851655	230.0	26	1.05	0.95				
	215	2	237.61278137789472	47.97229655578947	0.0	0.0	2	1.0440002404022655	3.4904449965036344	230.0	26	1.05	0.95				
	216	2	74.95671336842105	14.99134267368421	0.0	0.0	2	1.0485338756095564	3.4212204951928102	230.0	26	1.05	0.95				
	217	1	0.0	0.0	0.0	0.0	2	1.04907766297896	7.042834268849063	230.0	27	1.05	0.95				
	218	2	249.60585551684207	50.97056509052631	0.0	0.0	2	1.05	7.70810022108872	230.0	27	1.05	0.95				
	219	1	135.6716511968421	27.73398394631579	0.0	0.0	2	1.0438927098048878	2.6031805980441733	230.0	25	1.05	0.95				
	220	1	95.94459311157894	19.488745475789475	0.0	0.0	2	1.0464161564160652	3.2920302135205386	230.0	25	1.05	0.95				
	221	2	0.0	0.0	0.0	0.0	2	1.05	8.02888868790235	230.0	27	1.05	0.95				
	222	2	0.0	0.0	0.0	0.0	2	1.05	14.153986640031244	230.0	27	1.05	0.95				
	223	2	0.0	0.0	0.0	0.0	2	1.05	4.214537354001905	230.0	25	1.05	0.95				
	224	1	0.0	0.0	0.0	0.0	2	1.0213698620825788	-1.093075367779488	230.0	26	1.05	0.95				
	301	2	62.11452073263158	12.652957927017544	0.0	0.0	3	1.0100882505054074	-18.68544130631861	138.0	31	1.05	0.95				
	302	2	55.788041769122806	11.502689024561404	0.0	0.0	3	1.0092243658619935	-18.88120210197581	138.0	32	1.05	0.95				
	303	1	103.52420122105264	21.279974695438597	0.0	0.0	3	1.0331125051662364	-9.250699285712914	138.0	31	1.05	0.95				
	304	1	42.55994939087719	8.627016768421052	0.0	0.0	3	1.0090530501855948	-16.84421427262706	138.0	31	1.05	0.95				
	305	1	40.83454603719298	8.051882317192984	0.0	0.0	3	1.0224246000444375	-18.35010193282703	138.0	31	1.05	0.95				
	306	1	78.21828536701754	16.103764634385968	0.0	-100.0	3	1.0364333575980582	-18.802109852441273	138.0	32	1.05	0.95				
	307	2	71.89180640350877	14.378361280701753	0.0	0.0	3	0.9933665821156279	-24.398916864808655	138.0	32	1.05	0.95				
	308	1	98.34799115999999	20.129705792982456	0.0	0.0	3	0.9942998298946771	-21.9854400701887	138.0	32	1.05	0.95				
	309	1	100.64852896491227	20.704840244210526	0.0	0.0	3	1.0289616697297261	-12.84426642616278	138.0	33	1.05	0.95				
	310	1	112.15121798947368	23.005378049122807	0.0	0.0	3	1.05	-16.167896984477085	138.0	33	1.05	0.95				
	311	1	0.0	0.0	0.0	0.0	3	1.0176427010539792	-9.091110037987622	230.0	33	1.05	0.95				
	312	1	0.0	0.0	0.0	0.0	3	1.0176045339708626	-8.646295303129538	230.0	33	1.05	0.95				
	313	2	152.41062957543858	31.05726036631579	0.0	0.0	3	1.022377715078543	-5.789449924172248	230.0	34	1.05	0.95				
	314	2	111.57608353824561	22.430243597894737	0.0	0.0	3	1.0273671176814894	-6.577656122067358	230.0	36	1.05	0.95				
	315	2	182.31762103929822	36.80860487859649	0.0	0.0	3	1.0470699482455228	0.19484177427957605	230.0	36	1.05	0.95				
	316	2	57.51344512280701	11.502689024561404	0.0	0.0	3	1.0466396406972929	0.4250117184319347	230.0	36	1.05	0.95				
	317	1	0.0	0.0	0.0	0.0	3	1.05	3.785208506480619	230.0	37	1.05	0.95				
	318	2	191.51977225894737	39.10914268350877	0.0	0.0	3	1.0479410551290014	3.2479002445864817	230.0	37	1.05	0.95				
	319	1	104.09933567228072	21.279974695438597	0.0	0.0	3	1.04203775799115	-1.0815909240692338	230.0	35	1.05	0.95				
	320	1	73.61720975719298	14.953495731929825	0.0	0.0	3	1.0428309929240012	-1.3113944571736071	230.0	35	1.05	0.95				
	321	2	0.0	0.0	0.0	0.0	3	1.05	3.917011423278436	230.0	37	1.05	0.95				
	322	2	0.0	0.0	0.0	0.0	3	1.05	9.62779112372838	230.0	37	1.05	0.95				
	323	2	0.0	0.0	0.0	0.0	3	1.044417426716222	-1.0126763731657331	230.0	35	1.05	0.95				
	324	1	0.0	0.0	0.0	0.0	3	1.0299352042597427	-3.329430004676398	230.0	36	1.05	0.95				
	325	1	0.0	0.0	0.0	0.0	3	1.0389169289689075	0.4378473088756366	230.0	35	1.05	0.95				
];
