%% MATPOWER Case Format : Version 2
function mpc = RTS_GMLC
mpc.version = '2';

%%-----  Power Flow Data  -----%%
%% system MVA base
mpc.baseMVA = 100.0;
%% bus data
%    bus_i    type    Pd    Qd    Gs    Bs    area    Vm    Va    baseKV    zone    Vmax    Vmin
mpc.bus = [
	101	2	73.82582878736844	15.038594752982457	0.0	0.0	1	1.0419472339186713	-1.4229933272924444	138.0	11	1.05	0.95				
	102	2	66.3065314108772	13.6714497754386	0.0	0.0	1	1.040848917194244	-1.7998832952814978	138.0	12	1.05	0.95				
	103	1	123.04304797894738	25.292182084561404	0.0	0.0	1	1.028809071204629	-0.859673088481299	138.0	11	1.05	0.95				
	104	1	50.58436416912281	10.253587331578947	0.0	0.0	1	1.0214910205756553	-4.916116881632594	138.0	11	1.05	0.95				
	105	1	48.53364670280702	9.57001484280702	0.0	0.0	1	1.0364273867663614	-5.137742746870752	138.0	11	1.05	0.95				
	106	1	92.96585847298248	19.14002968561404	0.0	-100.0	1	1.0397170923059023	-7.921522195804339	138.0	12	1.05	0.95				
	107	2	85.44656109649124	17.089312219298247	0.0	0.0	1	1.0020191620025574	-15.638923321213735	138.0	12	1.05	0.95				
	108	1	116.89089558	23.925037107017545	0.0	0.0	1	0.9955893362903768	-13.680378408442776	138.0	12	1.05	0.95				
	109	1	119.62518553508774	24.608609595789474	0.0	0.0	1	1.0255312164225794	-5.140737797726714	138.0	13	1.05	0.95				
	110	1	133.29663531052634	27.3428995508772	0.0	0.0	1	1.05	-6.790242153015013	138.0	13	1.05	0.95				
	111	1	0.0	0.0	0.0	0.0	1	1.0157712018315614	-1.7835602026228583	230.0	13	1.05	0.95				
	112	1	0.0	0.0	0.0	0.0	1	1.0168685206882422	-1.544323378364089	230.0	13	1.05	0.95				
	113	3	181.14670952456143	36.91291439368422	0.0	0.0	1	1.0175564196528393	-7.671841251061236e-30	230.0	14	1.05	0.95				
	114	2	132.6130628217544	26.659327062105266	0.0	0.0	1	1.0224765005833927	0.8457948329501742	230.0	16	1.05	0.95				
	115	2	216.6924789407018	43.74863928140351	0.0	0.0	1	1.0445062838577164	9.80975358484017	230.0	16	1.05	0.95				
	116	2	68.35724887719299	13.6714497754386	0.0	0.0	1	1.0432805433418797	8.692708028319172	230.0	16	1.05	0.95				
	117	1	0.0	0.0	0.0	0.0	1	1.0463879827705216	12.503244732923783	230.0	17	1.05	0.95				
	118	2	227.62963876105266	46.48292923649124	0.0	0.0	1	1.0491637448264146	13.395173233295552	230.0	17	1.05	0.95				
	119	1	123.72662046771931	25.292182084561404	0.0	0.0	1	1.0369919340949676	6.577657561311332	230.0	15	1.05	0.95				
	120	1	87.49727856280703	17.772884708070176	0.0	0.0	1	1.0370274003629214	5.542892676144588	230.0	15	1.05	0.95				
	121	2	0.0	0.0	0.0	0.0	1	1.05	15.330245248429442	230.0	17	1.05	0.95				
	122	2	0.0	0.0	0.0	0.0	1	1.05	21.263623424499677	230.0	17	1.05	0.95				
	123	2	0.0	0.0	0.0	0.0	1	1.0387046726242788	5.482715632717448	230.0	15	1.05	0.95				
	124	1	0.0	0.0	0.0	0.0	1	1.0252707829489667	5.832998741672342	230.0	16	1.05	0.95				
	201	2	79.23626632421052	16.140720917894736	0.0	0.0	2	1.0352680265507672	-13.534626064732402	138.0	21	1.05	0.95				
	202	2	71.16590586526314	14.673382652631577	0.0	0.0	2	1.0359452012823944	-13.46836630963604	138.0	22	1.05	0.95				
	203	1	132.0604438736842	27.145757907368417	0.0	0.0	2	1.0155051654785747	-12.327031865094105	138.0	21	1.05	0.95				
	204	1	54.29151581473683	11.005036989473682	0.0	0.0	2	1.0173160696359478	-14.436369681814275	138.0	21	1.05	0.95				
	205	1	52.0905084168421	10.271367856842105	0.0	0.0	2	1.0333783630099944	-14.741786793615452	138.0	21	1.05	0.95				
	206	1	99.77900203789473	20.54273571368421	0.0	-100.0	2	1.0382138575501287	-16.086747506143915	138.0	22	1.05	0.95				
	207	2	91.70864157894736	18.34172831578947	0.0	0.0	2	0.9629085056049167	-26.885592856109056	138.0	22	1.05	0.95				
	208	1	125.45742167999998	25.67841964210526	0.0	0.0	2	0.9671513731273172	-23.240082143502267	138.0	22	1.05	0.95				
	209	1	128.3920982105263	26.412088774736837	0.0	0.0	2	1.0253112228044192	-12.250956780969293	138.0	23	1.05	0.95				
	210	1	143.06548086315786	29.346765305263155	0.0	0.0	2	1.05	-13.648109086353061	138.0	23	1.05	0.95				
	211	1	0.0	0.0	0.0	0.0	2	1.0267227122344833	-8.130311526547665	230.0	23	1.05	0.95				
	212	1	0.0	0.0	0.0	0.0	2	1.0233020856515915	-2.768310908936325	230.0	23	1.05	0.95				
	213	2	194.42232014736837	39.61813316210526	0.0	0.0	2	1.0375457678963225	-4.932589623737203	230.0	24	1.05	0.95				
	214	2	142.33181173052628	28.613096172631575	0.0	0.0	2	1.0390875186568893	-6.252165054103554	230.0	26	1.05	0.95				
	215	2	232.57311504421048	46.954824488421046	0.0	0.0	2	1.0419111100594574	0.7078156953991103	230.0	26	1.05	0.95				
	216	2	73.36691326315788	14.673382652631577	0.0	0.0	2	1.043953237335163	0.9439069336555074	230.0	26	1.05	0.95				
	217	1	0.0	0.0	0.0	0.0	2	1.0454352801755662	3.138989620158124	230.0	27	1.05	0.95				
	218	2	244.31182116631578	49.889501018947364	0.0	0.0	2	1.0453694208454392	3.043045514360518	230.0	27	1.05	0.95				
	219	1	132.7941130063158	27.145757907368417	0.0	0.0	2	1.040577394328677	1.9495629994541679	230.0	25	1.05	0.95				
	220	1	93.90964897684209	19.07539744842105	0.0	0.0	2	1.0446762237868703	4.201946957733671	230.0	25	1.05	0.95				
	221	2	0.0	0.0	0.0	0.0	2	1.045946017185489	3.0377961899202366	230.0	27	1.05	0.95				
	222	2	0.0	0.0	0.0	0.0	2	1.05	9.58613162712451	230.0	27	1.05	0.95				
	223	2	0.0	0.0	0.0	0.0	2	1.05	5.9653367615318915	230.0	25	1.05	0.95				
	224	1	0.0	0.0	0.0	0.0	2	1.015570174855084	-4.10637182344341	230.0	26	1.05	0.95				
	301	2	69.03321733894737	14.062322050526316	0.0	0.0	3	0.9991969097395891	11.690531426009851	138.0	31	1.05	0.95				
	302	2	62.00205631368421	12.783929136842106	0.0	0.0	3	1.0006716544482261	11.638541466498639	138.0	32	1.05	0.95				
	303	1	115.05536223157895	23.650268903157894	0.0	0.0	3	1.0165825315605515	14.76016957500072	138.0	31	1.05	0.95				
	304	1	47.30053780631579	9.587946852631578	0.0	0.0	3	1.0025952946031242	13.932480849839797	138.0	31	1.05	0.95				
	305	1	45.38294843578947	8.948750395789475	0.0	0.0	3	1.0144809217510682	13.892778475726441	138.0	31	1.05	0.95				
	306	1	86.93071813052632	17.89750079157895	0.0	-100.0	3	1.0317597645940977	14.408172950960976	138.0	32	1.05	0.95				
	307	2	79.89955710526316	15.97991142105263	0.0	0.0	3	0.9826524604673532	10.621361222667788	138.0	32	1.05	0.95				
	308	1	109.30259411999998	22.371875989473683	0.0	0.0	3	0.9956738659084797	13.495462025184164	138.0	32	1.05	0.95				
	309	1	111.85937994736841	23.01107244631579	0.0	0.0	3	1.0274003018802498	18.405149266644063	138.0	33	1.05	0.95				
	310	1	124.64330908421053	25.567858273684212	0.0	0.0	3	1.05	18.13231671692177	138.0	33	1.05	0.95				
	311	1	0.0	0.0	0.0	0.0	3	1.0171143476806257	24.827496816920434	230.0	33	1.05	0.95				
	312	1	0.0	0.0	0.0	0.0	3	1.023650649274833	26.04728210475825	230.0	33	1.05	0.95				
	313	2	169.3870610631579	34.51660866947368	0.0	0.0	3	1.0468273076646648	33.888591883499785	230.0	34	1.05	0.95				
	314	2	124.00411262736841	24.928661816842105	0.0	0.0	3	1.0186352558157146	23.244267338826482	230.0	36	1.05	0.95				
	315	2	202.62527681894738	40.908573237894736	0.0	0.0	3	1.0414233121450716	17.68559894018774	230.0	36	1.05	0.95				
	316	2	63.91964568421052	12.783929136842106	0.0	0.0	3	1.0427060418484406	19.129222469399924	230.0	36	1.05	0.95				
	317	1	0.0	0.0	0.0	0.0	3	1.0499999912324598	19.211134149285197	230.0	37	1.05	0.95				
	318	2	212.85242012842107	43.46535906526316	0.0	0.0	3	1.0480256117486102	17.02177271352597	230.0	37	1.05	0.95				
	319	1	115.69455868842104	23.650268903157894	0.0	0.0	3	1.0421010956271208	21.486893136952734	230.0	35	1.05	0.95				
	320	1	81.81714647578947	16.619107877894738	0.0	0.0	3	1.0443497816243943	23.257324504696214	230.0	35	1.05	0.95				
	321	2	0.0	0.0	0.0	0.0	3	1.0463935305189629	17.853775478405755	230.0	37	1.05	0.95				
	322	2	0.0	0.0	0.0	0.0	3	1.05	22.729022608362694	230.0	37	1.05	0.95				
	323	2	0.0	0.0	0.0	0.0	3	1.0454208434500127	23.839578167197782	230.0	35	1.05	0.95				
	324	1	0.0	0.0	0.0	0.0	3	1.0288449336125223	18.568178614528534	230.0	36	1.05	0.95				
	325	1	0.0	0.0	0.0	0.0	3	1.0472686212301032	23.12225612442865	230.0	35	1.05	0.95				
];
