%% MATPOWER Case Format : Version 2
function mpc = RTS_GMLC
mpc.version = '2';

%%-----  Power Flow Data  -----%%
%% system MVA base
mpc.baseMVA = 100.0;
%% bus data
%    bus_i    type    Pd    Qd    Gs    Bs    area    Vm    Va    baseKV    zone    Vmax    Vmin
mpc.bus = [
	101	2	49.29737752421053	10.042058384561404	0.0	0.0	1	1.0361052197880927	1.9684895195634167	138.0	11	1.05	0.95				
	102	2	44.276348331929825	9.129143985964912	0.0	0.0	1	1.0356940738763556	1.8255659428482032	138.0	12	1.05	0.95				
	103	1	82.16229587368422	16.888916374035087	0.0	0.0	1	1.0274616152105285	0.009013848318896229	138.0	11	1.05	0.95				
	104	1	33.777832748070175	6.846857989473684	0.0	0.0	1	1.0218886972849623	-1.4444139354770118	138.0	11	1.05	0.95				
	105	1	32.40846115017544	6.390400790175439	0.0	0.0	1	1.036771561426834	-1.2379447069045706	138.0	11	1.05	0.95				
	106	1	62.078179104561414	12.780801580350879	0.0	-100.0	1	1.0451947029022752	-3.500706567584246	138.0	12	1.05	0.95				
	107	2	57.0571499122807	11.411429982456141	0.0	0.0	1	1.0026278653692227	-8.26961496618744	138.0	12	1.05	0.95				
	108	1	78.05418107999999	15.976001975438598	0.0	0.0	1	1.0050728046399657	-7.326668464077521	138.0	12	1.05	0.95				
	109	1	79.88000987719298	16.43245917473684	0.0	0.0	1	1.0246826729396894	-2.2806431467315664	138.0	13	1.05	0.95				
	110	1	89.00915386315789	18.258287971929825	0.0	0.0	1	1.05	-3.0602843755916767	138.0	13	1.05	0.95				
	111	1	0.0	0.0	0.0	0.0	1	1.0044431157944995	-0.43088767932354693	230.0	13	1.05	0.95				
	112	1	0.0	0.0	0.0	0.0	1	1.009065410414977	0.0830100425817234	230.0	13	1.05	0.95				
	113	3	120.96115781403509	24.648688762105266	0.0	0.0	1	0.997597921757894	-1.6687306981153185e-30	230.0	14	1.05	0.95				
	114	2	88.55269666385965	17.80183077263158	0.0	0.0	1	1.0014801249740999	1.5557980997533576	230.0	16	1.05	0.95				
	115	2	144.69693217754386	29.213260755087724	0.0	0.0	1	1.0360812231733565	7.351967589719317	230.0	16	1.05	0.95				
	116	2	45.645719929824565	9.129143985964912	0.0	0.0	1	1.0324977486295368	7.030161316547424	230.0	16	1.05	0.95				
	117	1	0.0	0.0	0.0	0.0	1	1.039478890246906	8.768167392858162	230.0	17	1.05	0.95				
	118	2	152.0002473663158	31.039089552280707	0.0	0.0	1	1.0412527971076369	8.753642352325803	230.0	17	1.05	0.95				
	119	1	82.61875307298247	16.888916374035087	0.0	0.0	1	1.0270218359373264	6.173750193103265	230.0	15	1.05	0.95				
	120	1	58.42652151017545	11.867887181754387	0.0	0.0	1	1.0255304589068424	6.314479061115738	230.0	15	1.05	0.95				
	121	2	0.0	0.0	0.0	0.0	1	1.044815751572412	9.786245077069102	230.0	17	1.05	0.95				
	122	2	0.0	0.0	0.0	0.0	1	1.05	15.894954851290043	230.0	17	1.05	0.95				
	123	2	0.0	0.0	0.0	0.0	1	1.0254274416871085	6.7441773766043545	230.0	15	1.05	0.95				
	124	1	0.0	0.0	0.0	0.0	1	1.02334475961596	4.601566889399226	230.0	16	1.05	0.95				
	201	2	50.42153311578947	10.271053042105263	0.0	0.0	2	1.0323105718661163	-5.987470173050414	138.0	21	1.05	0.95				
	202	2	45.28600659473684	9.337320947368422	0.0	0.0	2	1.0327069634864756	-5.94493829925389	138.0	22	1.05	0.95				
	203	1	84.03588852631579	17.274043752631577	0.0	0.0	2	1.0193000443514209	-6.273568060117419	138.0	21	1.05	0.95				
	204	1	34.548087505263155	7.002990710526315	0.0	0.0	2	1.0199152466555625	-8.228408798680238	138.0	21	1.05	0.95				
	205	1	33.14748936315789	6.536124663157896	0.0	0.0	2	1.0352660251469807	-8.304928763034814	138.0	21	1.05	0.95				
	206	1	63.493782442105264	13.072249326315792	0.0	-100.0	2	1.0447203496116617	-10.044693322243642	138.0	22	1.05	0.95				
	207	2	58.358255921052624	11.671651184210525	0.0	0.0	2	0.9905334383494337	-17.13739064337159	138.0	22	1.05	0.95				
	208	1	79.8340941	16.340311657894734	0.0	0.0	2	0.9958438717930627	-14.996553433228891	138.0	22	1.05	0.95				
	209	1	81.70155828947368	16.807177705263157	0.0	0.0	2	1.023118051877301	-8.198556820134426	138.0	23	1.05	0.95				
	210	1	91.03887923684209	18.674641894736844	0.0	0.0	2	1.05	-9.176319196160966	138.0	23	1.05	0.95				
	211	1	0.0	0.0	0.0	0.0	2	1.0063924542322293	-5.3881944897024585	230.0	23	1.05	0.95				
	212	1	0.0	0.0	0.0	0.0	2	1.0086219654314312	-4.788178212670009	230.0	23	1.05	0.95				
	213	2	123.71950255263158	25.210766557894736	0.0	0.0	2	1.0003872163661767	-4.44701739516905	230.0	24	1.05	0.95				
	214	2	90.57201318947368	18.20777584736842	0.0	0.0	2	1.0086686314708184	-2.8116506898333893	230.0	26	1.05	0.95				
	215	2	147.99653701578944	29.87942703157895	0.0	0.0	2	1.028534153444802	3.6189869762272053	230.0	26	1.05	0.95				
	216	2	46.6866047368421	9.337320947368422	0.0	0.0	2	1.0294243515976311	3.6481188708786223	230.0	26	1.05	0.95				
	217	1	0.0	0.0	0.0	0.0	2	1.0350853638079562	6.294669277951678	230.0	27	1.05	0.95				
	218	2	155.46639377368422	31.746891221052632	0.0	0.0	2	1.036736405177098	6.758830587627195	230.0	27	1.05	0.95				
	219	1	84.5027545736842	17.274043752631577	0.0	0.0	2	1.0274577848924655	2.880094644232203	230.0	25	1.05	0.95				
	220	1	59.7588540631579	12.138517231578946	0.0	0.0	2	1.0291119704004241	3.1198110523401437	230.0	25	1.05	0.95				
	221	2	0.0	0.0	0.0	0.0	2	1.036746698214622	6.472155768354186	230.0	27	1.05	0.95				
	222	2	0.0	0.0	0.0	0.0	2	1.05	12.90122014874486	230.0	27	1.05	0.95				
	223	2	0.0	0.0	0.0	0.0	2	1.0307999153582115	3.6071249855883676	230.0	25	1.05	0.95				
	224	1	0.0	0.0	0.0	0.0	2	1.0128573558471639	-0.08998149985372164	230.0	26	1.05	0.95				
	301	2	39.47927869894737	8.042075290526315	0.0	0.0	3	1.0107150926455937	-16.053861257988164	138.0	31	1.05	0.95				
	302	2	35.45824105368421	7.310977536842104	0.0	0.0	3	1.0107132670457333	-16.142376193582287	138.0	32	1.05	0.95				
	303	1	65.79879783157895	13.525308443157893	0.0	0.0	3	1.0205875174921053	-11.73605957301776	138.0	31	1.05	0.95				
	304	1	27.050616886315787	5.483233152631579	0.0	0.0	3	1.0123878106798274	-14.919174109202014	138.0	31	1.05	0.95				
	305	1	25.95397025578947	5.117684275789474	0.0	0.0	3	1.025773758159379	-15.520046018836442	138.0	31	1.05	0.95				
	306	1	49.71464725052632	10.235368551578947	0.0	-100.0	3	1.0429379351305692	-15.679263046670632	138.0	32	1.05	0.95				
	307	2	45.693609605263156	9.138721921052632	0.0	0.0	3	0.9936031880012125	-19.535655679281653	138.0	32	1.05	0.95				
	308	1	62.50885794	12.794210689473683	0.0	0.0	3	1.0020713741177616	-17.94231852740695	138.0	32	1.05	0.95				
	309	1	63.97105344736842	13.159759566315788	0.0	0.0	3	1.0245087875239196	-12.410618084687009	138.0	33	1.05	0.95				
	310	1	71.28203098421052	14.621955073684209	0.0	0.0	3	1.05	-13.806907594434223	138.0	33	1.05	0.95				
	311	1	0.0	0.0	0.0	0.0	3	1.0025916199423281	-8.865721325947554	230.0	33	1.05	0.95				
	312	1	0.0	0.0	0.0	0.0	3	1.007865351444786	-8.353446834238088	230.0	33	1.05	0.95				
	313	2	96.8704523631579	19.739639349473684	0.0	0.0	3	1.0058089397714662	-5.404685529478396	230.0	34	1.05	0.95				
	314	2	70.91648210736842	14.256406196842105	0.0	0.0	3	0.9960546233530742	-7.501578453835926	230.0	36	1.05	0.95				
	315	2	115.87899395894736	23.395128117894735	0.0	0.0	3	1.0201005871183642	-4.2732278553233245	230.0	36	1.05	0.95				
	316	2	36.55488768421053	7.310977536842104	0.0	0.0	3	1.0196193959173878	-3.407718298013802	230.0	36	1.05	0.95				
	317	1	0.0	0.0	0.0	0.0	3	1.0251078571956223	-2.472300566046793	230.0	37	1.05	0.95				
	318	2	121.72777598842104	24.85732362526316	0.0	0.0	3	1.0245547453646582	-2.5948877530630545	230.0	37	1.05	0.95				
	319	1	66.16434670842105	13.525308443157893	0.0	0.0	3	1.0167131472167752	-3.875961778207055	230.0	35	1.05	0.95				
	320	1	46.79025623578947	9.504270797894737	0.0	0.0	3	1.0163736171032574	-3.554525832414607	230.0	35	1.05	0.95				
	321	2	0.0	0.0	0.0	0.0	3	1.0251797191116767	-2.617687805727106	230.0	37	1.05	0.95				
	322	2	0.0	0.0	0.0	0.0	3	1.038543646501204	1.8423866954754615	230.0	37	1.05	0.95				
	323	2	0.0	0.0	0.0	0.0	3	1.0165410584773316	-3.0887381848350044	230.0	35	1.05	0.95				
	324	1	0.0	0.0	0.0	0.0	3	1.0108130120736796	-7.097611461981038	230.0	36	1.05	0.95				
	325	1	0.0	0.0	0.0	0.0	3	1.0155378233696564	-1.986047981297506	230.0	35	1.05	0.95				
];
