%% MATPOWER Case Format : Version 2
function mpc = RTS_GMLC
mpc.version = '2';

%%-----  Power Flow Data  -----%%
%% system MVA base
mpc.baseMVA = 100.0;
%% bus data
%    bus_i    type    Pd    Qd    Gs    Bs    area    Vm    Va    baseKV    zone    Vmax    Vmin
mpc.bus = [
	101	2	53.452251360000005	10.888421573333334	0.0	0.0	1	1.0262475695383424	0.3980708062061941	138.0	11	1.05	0.95				
	102	2	48.008040573333325	9.898565066666666	0.0	0.0	1	1.0252831160700036	0.08035288797045202	138.0	12	1.05	0.95				
	103	1	89.0870856	18.31234537333333	0.0	0.0	1	1.0263393295582783	1.0409644111042466	138.0	11	1.05	0.95				
	104	1	36.62469074666666	7.423923799999999	0.0	0.0	1	1.016687913433824	-2.7143512289309606	138.0	11	1.05	0.95				
	105	1	35.13990598666666	6.928995546666666	0.0	0.0	1	1.03130703711528	-2.721740299050725	138.0	11	1.05	0.95				
	106	1	67.31024245333333	13.857991093333332	0.0	-100.0	1	1.0417117054350529	-4.9987912765349325	138.0	12	1.05	0.95				
	107	2	61.866031666666665	12.373206333333332	0.0	0.0	1	0.9978562810319663	-13.694504691153332	138.0	12	1.05	0.95				
	108	1	84.63273131999999	17.322488866666664	0.0	0.0	1	0.9984637352780894	-10.95020867828676	138.0	12	1.05	0.95				
	109	1	86.61244433333333	17.817417119999998	0.0	0.0	1	1.0247099396434987	-2.971109057678041	138.0	13	1.05	0.95				
	110	1	96.51100939999999	19.797130133333333	0.0	0.0	1	1.05	-4.297800049915965	138.0	13	1.05	0.95				
	111	1	0.0	0.0	0.0	0.0	1	1.0106178573145126	-0.08965473483103677	230.0	13	1.05	0.95				
	112	1	0.0	0.0	0.0	0.0	1	1.0143987931795355	-0.5087182617152873	230.0	13	1.05	0.95				
	113	3	131.15598713333333	26.726125680000003	0.0	0.0	1	1.0074163078308171	7.377425004168735e-30	230.0	14	1.05	0.95				
	114	2	96.01608114666665	19.30220188	0.0	0.0	1	1.0153124632336912	3.43447426256695	230.0	16	1.05	0.95				
	115	2	156.89225630666667	31.675408213333334	0.0	0.0	1	1.043195153578929	12.42590226398131	230.0	16	1.05	0.95				
	116	2	49.49282533333333	9.898565066666666	0.0	0.0	1	1.0398407941834698	11.322912458670261	230.0	16	1.05	0.95				
	117	1	0.0	0.0	0.0	0.0	1	1.042159461232627	16.303382055020947	230.0	17	1.05	0.95				
	118	2	164.81110836	33.655121226666665	0.0	0.0	1	1.05	16.61745075651597	230.0	17	1.05	0.95				
	119	1	89.58201385333334	18.31234537333333	0.0	0.0	1	1.0339028631700011	8.15156459921264	230.0	15	1.05	0.95				
	120	1	63.35081642666667	12.868134586666665	0.0	0.0	1	1.0344013007554393	6.332008554972306	230.0	15	1.05	0.95				
	121	2	0.0	0.0	0.0	0.0	1	1.05	18.092000490538506	230.0	17	1.05	0.95				
	122	2	0.0	0.0	0.0	0.0	1	1.05	34.244748560549695	230.0	17	1.05	0.95				
	123	2	0.0	0.0	0.0	0.0	1	1.0356422417431288	5.70480252628106	230.0	15	1.05	0.95				
	124	1	0.0	0.0	0.0	0.0	1	1.0226303319796484	8.185877900699051	230.0	16	1.05	0.95				
	201	2	63.358413347368426	12.906343459649122	0.0	0.0	2	1.0233242542722427	-18.143959841066177	138.0	21	1.05	0.95				
	202	2	56.90524161754386	11.733039508771931	0.0	0.0	2	1.0243889209562798	-17.998330200261677	138.0	22	1.05	0.95				
	203	1	105.59735557894736	21.70612309122807	0.0	0.0	2	1.0142757100576332	-15.011750290256272	138.0	21	1.05	0.95				
	204	1	43.41224618245614	8.799779631578946	0.0	0.0	2	1.014114360156926	-19.195656382398262	138.0	21	1.05	0.95				
	205	1	41.652290256140354	8.213127656140351	0.0	0.0	2	1.0292822214746324	-19.721431690806	138.0	21	1.05	0.95				
	206	1	79.78466865964913	16.426255312280702	0.0	-100.0	2	1.0395808168080851	-21.12529288063275	138.0	22	1.05	0.95				
	207	2	73.33149692982455	14.666299385964912	0.0	0.0	2	0.9898559277789304	-29.518774886511885	138.0	22	1.05	0.95				
	208	1	100.31748780000001	20.532819140350874	0.0	0.0	2	0.990042818251584	-26.707192370095445	138.0	22	1.05	0.95				
	209	1	102.66409570175439	21.119471115789473	0.0	0.0	2	1.0235185743188038	-17.768223314063004	138.0	23	1.05	0.95				
	210	1	114.3971352105263	23.466079017543862	0.0	0.0	2	1.05	-19.44129598871587	138.0	23	1.05	0.95				
	211	1	0.0	0.0	0.0	0.0	2	1.01695685404199	-13.982006948655242	230.0	23	1.05	0.95				
	212	1	0.0	0.0	0.0	0.0	2	1.0145581691572265	-12.65225399491282	230.0	23	1.05	0.95				
	213	2	155.46277349122806	31.679206673684213	0.0	0.0	2	1.0207104023764468	-12.096771409543813	230.0	24	1.05	0.95				
	214	2	113.81048323508772	22.879427042105263	0.0	0.0	2	1.0257837874303701	-11.03672007353954	230.0	26	1.05	0.95				
	215	2	185.96867621403507	37.545726428070175	0.0	0.0	2	1.034835370513206	-3.139389990763233	230.0	26	1.05	0.95				
	216	2	58.66519754385965	11.733039508771931	0.0	0.0	2	1.038183244152915	-3.2714863899789877	230.0	26	1.05	0.95				
	217	1	0.0	0.0	0.0	0.0	2	1.0391211816987977	-0.8947353354050054	230.0	27	1.05	0.95				
	218	2	195.35510782105263	39.892334329824564	0.0	0.0	2	1.0385004263532656	-1.6695670885707297	230.0	27	1.05	0.95				
	219	1	106.18400755438597	21.70612309122807	0.0	0.0	2	1.039293730228115	-2.916487376859621	230.0	25	1.05	0.95				
	220	1	75.09145285614035	15.252951361403507	0.0	0.0	2	1.0450611353850277	-1.502628166847581	230.0	25	1.05	0.95				
	221	2	0.0	0.0	0.0	0.0	2	1.0394485591091922	-1.3503282811477735	230.0	27	1.05	0.95				
	222	2	0.0	0.0	0.0	0.0	2	1.05	5.330760315272172	230.0	27	1.05	0.95				
	223	2	0.0	0.0	0.0	0.0	2	1.05	-0.30350813901555673	230.0	25	1.05	0.95				
	224	1	0.0	0.0	0.0	0.0	2	1.0123668550371439	-7.545570056728477	230.0	26	1.05	0.95				
	301	2	47.18380259368421	9.611515343157894	0.0	0.0	3	1.0091586966915014	-1.8474780609528139	138.0	31	1.05	0.95				
	302	2	42.37804492210526	8.737741221052632	0.0	0.0	3	1.0088861169395194	-2.06939721890793	138.0	32	1.05	0.95				
	303	1	78.63967098947369	16.164821258947367	0.0	0.0	3	1.0432463459422334	7.370135989077118	138.0	31	1.05	0.95				
	304	1	32.32964251789473	6.553305915789473	0.0	0.0	3	1.0119981863090193	-0.694271504264633	138.0	31	1.05	0.95				
	305	1	31.01898133473684	6.1164188547368425	0.0	0.0	3	1.0241666162195153	-2.201201182334726	138.0	31	1.05	0.95				
	306	1	59.4166403031579	12.232837709473685	0.0	-100.0	3	1.0404277389245116	-2.9187359288486414	138.0	32	1.05	0.95				
	307	2	54.61088263157895	10.92217652631579	0.0	0.0	3	0.9898600872597135	-7.262383597432588	138.0	32	1.05	0.95				
	308	1	74.70768744	15.291047136842103	0.0	0.0	3	0.9976789083739213	-5.305335122915044	138.0	32	1.05	0.95				
	309	1	76.45523568421054	15.727934197894736	0.0	0.0	3	1.0282009973604882	2.2129420114792278	138.0	33	1.05	0.95				
	310	1	85.19297690526317	17.475482442105264	0.0	0.0	3	1.05	-1.145723396815862	138.0	33	1.05	0.95				
	311	1	0.0	0.0	0.0	0.0	3	1.0089165987835103	3.759945724644594	230.0	33	1.05	0.95				
	312	1	0.0	0.0	0.0	0.0	3	1.013699304635469	4.250377403025335	230.0	33	1.05	0.95				
	313	2	115.77507117894737	23.591901296842106	0.0	0.0	3	1.0113403602630855	6.683353376402863	230.0	34	1.05	0.95				
	314	2	84.75608984421052	17.03859538105263	0.0	0.0	3	1.0044289542415896	4.542552966497092	230.0	36	1.05	0.95				
	315	2	138.49319835368422	27.96077190736842	0.0	0.0	3	1.0387499412908403	8.187011865663209	230.0	36	1.05	0.95				
	316	2	43.68870610526316	8.737741221052632	0.0	0.0	3	1.035394556687337	8.20801544878644	230.0	36	1.05	0.95				
	317	1	0.0	0.0	0.0	0.0	3	1.05	12.639162353554616	230.0	37	1.05	0.95				
	318	2	145.48339133052633	29.70832015157895	0.0	0.0	3	1.0478237501487428	10.12384325421752	230.0	37	1.05	0.95				
	319	1	79.07655805052633	16.164821258947367	0.0	0.0	3	1.0278592148195154	7.461880695817453	230.0	35	1.05	0.95				
	320	1	55.92154381473684	11.359063587368421	0.0	0.0	3	1.0243150689403024	7.658712786487944	230.0	35	1.05	0.95				
	321	2	0.0	0.0	0.0	0.0	3	1.045641149614317	10.114727292579403	230.0	37	1.05	0.95				
	322	2	0.0	0.0	0.0	0.0	3	1.05	15.448086128018279	230.0	37	1.05	0.95				
	323	2	0.0	0.0	0.0	0.0	3	1.0230046879463437	8.106988368285624	230.0	35	1.05	0.95				
	324	1	0.0	0.0	0.0	0.0	3	1.0359659066137936	7.881860971663781	230.0	36	1.05	0.95				
	325	1	0.0	0.0	0.0	0.0	3	1.0231784882232753	8.967796199850554	230.0	35	1.05	0.95				
];
