%% MATPOWER Case Format : Version 2
function mpc = RTS_GMLC
mpc.version = '2';

%%-----  Power Flow Data  -----%%
%% system MVA base
mpc.baseMVA = 100.0;
%% bus data
%    bus_i    type    Pd    Qd    Gs    Bs    area    Vm    Va    baseKV    zone    Vmax    Vmin
mpc.bus = [
	101	2	84.15289458947368	17.142256305263157	0.0	0.0	1	1.0458894982903986	0.16294176168275254	138.0	11	1.05	0.95				
	102	2	75.58176643684209	15.583869368421052	0.0	0.0	1	1.0451812356410302	-0.09803502074570701	138.0	12	1.05	0.95				
	103	1	140.25482431578945	28.830158331578943	0.0	0.0	1	1.025759265491177	-1.2347530843798191	138.0	11	1.05	0.95				
	104	1	57.660316663157886	11.687902026315786	0.0	0.0	1	1.0238732886843105	-3.5098067121215797	138.0	11	1.05	0.95				
	105	1	55.322736257894725	10.908708557894736	0.0	0.0	1	1.036840256399818	-3.9689086580130932	138.0	11	1.05	0.95				
	106	1	105.97031170526314	21.81741711578947	0.0	-100.0	1	1.0376040029926292	-7.036594939604862	138.0	12	1.05	0.95				
	107	2	97.39918355263157	19.479836710526314	0.0	0.0	1	1.040841264550639	-5.908545500313253	138.0	12	1.05	0.95				
	108	1	133.24208309999997	27.271771394736838	0.0	0.0	1	1.0193882618312793	-7.949152079191123	138.0	12	1.05	0.95				
	109	1	136.3588569736842	28.05096486315789	0.0	0.0	1	1.0269630034180763	-4.250888965888176	138.0	13	1.05	0.95				
	110	1	151.94272634210523	31.167738736842104	0.0	0.0	1	1.05	-5.767513647870374	138.0	13	1.05	0.95				
	111	1	0.0	0.0	0.0	0.0	1	1.014067343123136	-1.6788718979210833	230.0	13	1.05	0.95				
	112	1	0.0	0.0	0.0	0.0	1	1.0168793555314175	-1.0837314539210572	230.0	13	1.05	0.95				
	113	3	206.48626913157892	42.07644729473684	0.0	0.0	1	1.0149266208949965	3.400432479390864e-28	230.0	14	1.05	0.95				
	114	2	151.16353287368418	30.38854526842105	0.0	0.0	1	1.0161686626250013	0.23002299314983543	230.0	16	1.05	0.95				
	115	2	247.00432948947366	49.86838197894736	0.0	0.0	1	1.0437296420428703	8.485836361668879	230.0	16	1.05	0.95				
	116	2	77.91934684210526	15.583869368421052	0.0	0.0	1	1.0419502069730708	7.647765122039448	230.0	16	1.05	0.95				
	117	1	0.0	0.0	0.0	0.0	1	1.0453525733651063	10.971020257273949	230.0	17	1.05	0.95				
	118	2	259.4714249842105	52.98515585263157	0.0	0.0	1	1.047821451588906	11.535935372943932	230.0	17	1.05	0.95				
	119	1	141.0340177842105	28.830158331578943	0.0	0.0	1	1.0351889340188176	5.900104727494773	230.0	15	1.05	0.95				
	120	1	99.73676395789472	20.259030178947366	0.0	0.0	1	1.035724639406652	5.438343408754077	230.0	15	1.05	0.95				
	121	2	0.0	0.0	0.0	0.0	1	1.05	13.423030767467184	230.0	17	1.05	0.95				
	122	2	0.0	0.0	0.0	0.0	1	1.05	20.219273835610345	230.0	17	1.05	0.95				
	123	2	0.0	0.0	0.0	0.0	1	1.038130021003127	5.7640399985702615	230.0	15	1.05	0.95				
	124	1	0.0	0.0	0.0	0.0	1	1.024808518374161	4.87322595403203	230.0	16	1.05	0.95				
	201	2	80.05225877052632	16.30694160140351	0.0	0.0	2	1.0384493283755667	-14.06702499132544	138.0	21	1.05	0.95				
	202	2	71.89878796982457	14.824492364912281	0.0	0.0	2	1.0386975232667006	-14.162062473241903	138.0	22	1.05	0.95				
	203	1	133.42043128421054	27.425310875087717	0.0	0.0	2	1.0244564885136738	-10.689250588135424	138.0	21	1.05	0.95				
	204	1	54.850621750175435	11.11836927368421	0.0	0.0	2	1.0184409667257168	-15.719717036886898	138.0	21	1.05	0.95				
	205	1	52.62694789543859	10.377144655438597	0.0	0.0	2	1.0347821798954073	-16.166235574169388	138.0	21	1.05	0.95				
	206	1	100.80654808140352	20.754289310877194	0.0	-100.0	2	1.0384079146072616	-18.042604566099396	138.0	22	1.05	0.95				
	207	2	92.65307728070175	18.53061545614035	0.0	0.0	2	0.960967582184248	-29.09042782867773	138.0	22	1.05	0.95				
	208	1	126.74940971999999	25.942861638596487	0.0	0.0	2	0.9655418935844152	-25.39769989005742	138.0	22	1.05	0.95				
	209	1	129.71430819298246	26.684086256842104	0.0	0.0	2	1.0252473690305237	-13.998596234653082	138.0	23	1.05	0.95				
	210	1	144.53880055789475	29.648984729824562	0.0	0.0	2	1.05	-15.969246401236408	138.0	23	1.05	0.95				
	211	1	0.0	0.0	0.0	0.0	2	1.027088813580698	-10.240198960422878	230.0	23	1.05	0.95				
	212	1	0.0	0.0	0.0	0.0	2	1.0227411396312633	-6.675363765600889	230.0	23	1.05	0.95				
	213	2	196.4245238350877	40.02612938526316	0.0	0.0	2	1.0351913203304854	-7.926041002972047	230.0	24	1.05	0.95				
	214	2	143.79757593964914	28.907760111578952	0.0	0.0	2	1.0418196229990784	-7.663296653832665	230.0	26	1.05	0.95				
	215	2	234.96820398385964	47.4383755677193	0.0	0.0	2	1.043435015939239	0.7763051716513943	230.0	26	1.05	0.95				
	216	2	74.1224618245614	14.824492364912281	0.0	0.0	2	1.0455865543532785	0.5656742898355703	230.0	26	1.05	0.95				
	217	1	0.0	0.0	0.0	0.0	2	1.0466703687143848	3.325313792962791	230.0	27	1.05	0.95				
	218	2	246.82779787578949	50.40327404070176	0.0	0.0	2	1.0473213233444612	3.5066849333459946	230.0	27	1.05	0.95				
	219	1	134.16165590245615	27.425310875087717	0.0	0.0	2	1.0421004449589881	0.504515023552526	230.0	25	1.05	0.95				
	220	1	94.8767511354386	19.271840074385967	0.0	0.0	2	1.0456027257812162	1.8408261989354453	230.0	25	1.05	0.95				
	221	2	0.0	0.0	0.0	0.0	2	1.0473024015143098	3.3586900315294446	230.0	27	1.05	0.95				
	222	2	0.0	0.0	0.0	0.0	2	1.05	9.855466882359664	230.0	27	1.05	0.95				
	223	2	0.0	0.0	0.0	0.0	2	1.05	3.110660633185156	230.0	25	1.05	0.95				
	224	1	0.0	0.0	0.0	0.0	2	1.0219701949669961	-3.485212953138884	230.0	26	1.05	0.95				
	301	2	64.86491614736842	13.21322365964912	0.0	0.0	3	0.991915482245638	5.190421168898381	138.0	31	1.05	0.95				
	302	2	58.25830431754385	12.012021508771928	0.0	0.0	3	0.9918608382872321	5.157720586762121	138.0	32	1.05	0.95				
	303	1	108.10819357894736	22.22223979122807	0.0	0.0	3	1.0147371901772728	8.021783095951642	138.0	31	1.05	0.95				
	304	1	44.44447958245614	9.009016131578946	0.0	0.0	3	0.9997249933194772	7.236680144495924	138.0	31	1.05	0.95				
	305	1	42.64267635614034	8.40841505614035	0.0	0.0	3	1.0115577699697031	7.203076498480644	138.0	31	1.05	0.95				
	306	1	81.68174625964912	16.8168301122807	0.0	-100.0	3	1.030886296501047	7.645480058722018	138.0	32	1.05	0.95				
	307	2	75.07513442982456	15.015026885964911	0.0	0.0	3	0.988625563165512	3.5801074717073655	138.0	32	1.05	0.95				
	308	1	102.70278389999999	21.021037640350873	0.0	0.0	3	0.9988471329222702	6.284021010814649	138.0	32	1.05	0.95				
	309	1	105.10518820175436	21.62163871578947	0.0	0.0	3	1.0275206717820733	11.372377507830917	138.0	33	1.05	0.95				
	310	1	117.11720971052631	24.024043017543857	0.0	0.0	3	1.05	11.122426334777778	138.0	33	1.05	0.95				
	311	1	0.0	0.0	0.0	0.0	3	1.0184035462049401	17.531115568437126	230.0	33	1.05	0.95				
	312	1	0.0	0.0	0.0	0.0	3	1.0235858255222705	18.758008694629407	230.0	33	1.05	0.95				
	313	2	159.15928499122805	32.43245807368421	0.0	0.0	3	1.0456414639100235	25.99992940190883	230.0	34	1.05	0.95				
	314	2	116.5166086350877	23.42344194210526	0.0	0.0	3	1.020682640170521	16.208723569857373	230.0	36	1.05	0.95				
	315	2	190.39054091403506	38.43846882807017	0.0	0.0	3	1.038097931384957	11.129977448349528	230.0	36	1.05	0.95				
	316	2	60.060107543859644	12.012021508771928	0.0	0.0	3	1.0400162266536224	12.72947852199355	230.0	36	1.05	0.95				
	317	1	0.0	0.0	0.0	0.0	3	1.0436497622449634	11.49046391582276	230.0	37	1.05	0.95				
	318	2	200.0001581210526	40.84087312982456	0.0	0.0	3	1.0422903628464737	10.057928021364138	230.0	37	1.05	0.95				
	319	1	108.70879465438597	22.22223979122807	0.0	0.0	3	1.0393147141854604	15.157749065315866	230.0	35	1.05	0.95				
	320	1	76.87693765614034	15.615627961403508	0.0	0.0	3	1.041334144797798	17.004243552200748	230.0	35	1.05	0.95				
	321	2	0.0	0.0	0.0	0.0	3	1.0420765627693664	10.99057874417396	230.0	37	1.05	0.95				
	322	2	0.0	0.0	0.0	0.0	3	1.05	15.512237290468589	230.0	37	1.05	0.95				
	323	2	0.0	0.0	0.0	0.0	3	1.0424097760606619	17.698174619041552	230.0	35	1.05	0.95				
	324	1	0.0	0.0	0.0	0.0	3	1.0258993183084062	11.878048075736528	230.0	36	1.05	0.95				
	325	1	0.0	0.0	0.0	0.0	3	1.0444384619956233	17.339841323615055	230.0	35	1.05	0.95				
];
