%% MATPOWER Case Format : Version 2
function mpc = RTS_GMLC
mpc.version = '2';

%%-----  Power Flow Data  -----%%
%% system MVA base
mpc.baseMVA = 100.0;
%% bus data
%    bus_i    type    Pd    Qd    Gs    Bs    area    Vm    Va    baseKV    zone    Vmax    Vmin
mpc.bus = [
	101	2	79.57050965052632	16.20880752140351	0.0	0.0	1	1.0430987110213847	1.4713157006675504	138.0	11	1.05	0.95				
	102	2	71.46610588982456	14.735279564912283	0.0	0.0	1	1.0424151100307486	1.2001075645892305	138.0	12	1.05	0.95				
	103	1	132.61751608421054	27.260267195087717	0.0	0.0	1	1.0272017972818417	-0.44843978096603027	138.0	11	1.05	0.95				
	104	1	54.520534390175435	11.05145967368421	0.0	0.0	1	1.0233360814763859	-2.5173442155446035	138.0	11	1.05	0.95				
	105	1	52.31024245543859	10.314695695438598	0.0	0.0	1	1.0357093064060174	-2.9053126336011057	138.0	11	1.05	0.95				
	106	1	100.1999010414035	20.629391390877196	0.0	-100.0	1	1.037935336585903	-6.070405804884399	138.0	12	1.05	0.95				
	107	2	92.09549728070175	18.41909945614035	0.0	0.0	1	1.05	-6.244640461105536	138.0	12	1.05	0.95				
	108	1	125.98664027999999	25.78673923859649	0.0	0.0	1	1.0260330390952797	-7.71850129715258	138.0	12	1.05	0.95				
	109	1	128.93369619298244	26.523503216842105	0.0	0.0	1	1.027216160666821	-3.666169789124792	138.0	13	1.05	0.95				
	110	1	143.6689757578947	29.470559129824565	0.0	0.0	1	1.05	-5.074104439826224	138.0	13	1.05	0.95				
	111	1	0.0	0.0	0.0	0.0	1	1.0113617549447829	-1.4136461153995756	230.0	13	1.05	0.95				
	112	1	0.0	0.0	0.0	0.0	1	1.0163174906951524	-0.8400196680181511	230.0	13	1.05	0.95				
	113	3	195.2424542350877	39.78525482526316	0.0	0.0	1	1.0122059235486511	-1.7855931437314207e-28	230.0	14	1.05	0.95				
	114	2	142.93221177964912	28.73379515157895	0.0	0.0	1	1.0094392299315986	0.38441631969488493	230.0	16	1.05	0.95				
	115	2	233.55418110385963	47.1528946077193	0.0	0.0	1	1.0432337139747885	8.175934690409063	230.0	16	1.05	0.95				
	116	2	73.6763978245614	14.735279564912283	0.0	0.0	1	1.0405264587933247	7.350221569874832	230.0	16	1.05	0.95				
	117	1	0.0	0.0	0.0	0.0	1	1.04485610245227	10.2351740467627	230.0	17	1.05	0.95				
	118	2	245.34240475578946	50.09995052070175	0.0	0.0	1	1.0470533225901637	10.690686126539832	230.0	17	1.05	0.95				
	119	1	133.35428006245613	27.260267195087717	0.0	0.0	1	1.0342588637461148	5.755401045665904	230.0	15	1.05	0.95				
	120	1	94.3057892154386	19.155863434385964	0.0	0.0	1	1.0345745440768803	5.313219875013919	230.0	15	1.05	0.95				
	121	2	0.0	0.0	0.0	0.0	1	1.0498400605520875	12.322287969686158	230.0	17	1.05	0.95				
	122	2	0.0	0.0	0.0	0.0	1	1.05	18.517991009710787	230.0	17	1.05	0.95				
	123	2	0.0	0.0	0.0	0.0	1	1.0366670960201934	5.620028214297008	230.0	15	1.05	0.95				
	124	1	0.0	0.0	0.0	0.0	1	1.0262951464401124	4.967418795240493	230.0	16	1.05	0.95				
	201	2	93.2271367831579	18.99071304842105	0.0	0.0	2	1.046389754584043	-18.009193163434755	138.0	21	1.05	0.95				
	202	2	83.73178025894737	17.264284589473686	0.0	0.0	2	1.0491640160608038	-18.16230088689144	138.0	22	1.05	0.95				
	203	1	155.37856130526316	31.938926490526313	0.0	0.0	2	1.0226692360748477	-12.973549335943943	138.0	21	1.05	0.95				
	204	1	63.87785298105263	12.948213442105263	0.0	0.0	2	1.0205462396142844	-19.17325381161663	138.0	21	1.05	0.95				
	205	1	61.288210292631575	12.08499921263158	0.0	0.0	2	1.037226514963183	-19.78560866872657	138.0	21	1.05	0.95				
	206	1	117.39713520842105	24.16999842526316	0.0	-100.0	2	1.0374619966928442	-21.60078433461016	138.0	22	1.05	0.95				
	207	2	107.90177868421051	21.580355736842105	0.0	0.0	2	0.95	-32.112795539177164	138.0	22	1.05	0.95				
	208	1	147.60963324	30.212498031578942	0.0	0.0	2	0.9546948381348752	-28.720577577694325	138.0	22	1.05	0.95				
	209	1	151.06249015789476	31.07571226105263	0.0	0.0	2	1.0251486651150359	-16.525274982910794	138.0	23	1.05	0.95				
	210	1	168.3267747473684	34.52856917894737	0.0	0.0	2	1.05	-18.896278415867016	138.0	23	1.05	0.95				
	211	1	0.0	0.0	0.0	0.0	2	1.0337510263776897	-12.497239331758891	230.0	23	1.05	0.95				
	212	1	0.0	0.0	0.0	0.0	2	1.0275836358056152	-7.56562097311025	230.0	23	1.05	0.95				
	213	2	228.75177081052632	46.61356839157895	0.0	0.0	2	1.05	-9.849254238586548	230.0	24	1.05	0.95				
	214	2	167.46356051789473	33.66535494947369	0.0	0.0	2	1.05	-9.844938606886512	230.0	26	1.05	0.95				
	215	2	273.63891074315785	55.24571068631579	0.0	0.0	2	1.0432865428316462	-0.30338511020143993	230.0	26	1.05	0.95				
	216	2	86.32142294736842	17.264284589473686	0.0	0.0	2	1.0471783213685812	-0.7376775352428581	230.0	26	1.05	0.95				
	217	1	0.0	0.0	0.0	0.0	2	1.0480860593845753	2.5798804116912137	230.0	27	1.05	0.95				
	218	2	287.45033841473685	58.698567604210524	0.0	0.0	2	1.0499993608599436	2.905052117675263	230.0	27	1.05	0.95				
	219	1	156.24177553473683	31.938926490526313	0.0	0.0	2	1.0418112094879146	-1.057485034282066	230.0	25	1.05	0.95				
	220	1	110.49142137263158	22.443569966315792	0.0	0.0	2	1.0451145154574513	0.2805185116451294	230.0	25	1.05	0.95				
	221	2	0.0	0.0	0.0	0.0	2	1.05	3.1780218254362205	230.0	27	1.05	0.95				
	222	2	0.0	0.0	0.0	0.0	2	1.05	9.455254090299752	230.0	27	1.05	0.95				
	223	2	0.0	0.0	0.0	0.0	2	1.05	1.638602682688874	230.0	25	1.05	0.95				
	224	1	0.0	0.0	0.0	0.0	2	1.0195871888768864	-5.0076833876413955	230.0	26	1.05	0.95				
	301	2	78.01898134736844	15.892755459649125	0.0	0.0	3	0.9766948869611567	-6.1818208700147705	138.0	31	1.05	0.95				
	302	2	70.07260361754386	14.447959508771932	0.0	0.0	3	0.9781753673952824	-6.2837277291976	138.0	32	1.05	0.95				
	303	1	130.03163557894737	26.72872509122807	0.0	0.0	3	0.9938083666277507	-0.9397882094687204	138.0	31	1.05	0.95				
	304	1	53.45745018245614	10.835969631578948	0.0	0.0	3	0.9736684663241066	-3.4921916174777556	138.0	31	1.05	0.95				
	305	1	51.29025625614035	10.113571656140351	0.0	0.0	3	0.9855612633050551	-3.7809932596615776	138.0	31	1.05	0.95				
	306	1	98.24612465964914	20.227143312280703	0.0	-100.0	3	0.9984997941993846	-3.265444264525995	138.0	32	1.05	0.95				
	307	2	90.29974692982456	18.059949385964913	0.0	0.0	3	0.9538012505370149	-9.181398677930003	138.0	32	1.05	0.95				
	308	1	123.53005379999999	25.283929140350875	0.0	0.0	3	0.960111364472289	-5.564375762545471	138.0	32	1.05	0.95				
	309	1	126.41964570175439	26.006327115789475	0.0	0.0	3	0.9986053816931924	1.9044254445138322	138.0	33	1.05	0.95				
	310	1	140.86760521052634	28.895919017543864	0.0	0.0	3	1.018362728473501	1.0819494386629729	138.0	33	1.05	0.95				
	311	1	0.0	0.0	0.0	0.0	3	0.9936873628853842	9.476347346527021	230.0	33	1.05	0.95				
	312	1	0.0	0.0	0.0	0.0	3	0.9975096675085235	10.844985775631153	230.0	33	1.05	0.95				
	313	2	191.43546349122806	39.00949067368422	0.0	0.0	3	1.0262871882487172	18.66877588578413	230.0	34	1.05	0.95				
	314	2	140.14520723508772	28.173521042105264	0.0	0.0	3	1.003612452718261	9.067184067069887	230.0	36	1.05	0.95				
	315	2	229.00015821403508	46.23347042807018	0.0	0.0	3	1.034773152921073	6.068638067669632	230.0	36	1.05	0.95				
	316	2	72.23979754385965	14.447959508771932	0.0	0.0	3	1.0331126848265468	7.4498351242912415	230.0	36	1.05	0.95				
	317	1	0.0	0.0	0.0	0.0	3	1.039832080597411	7.233559603181366	230.0	37	1.05	0.95				
	318	2	240.55852582105265	49.12306232982457	0.0	0.0	3	1.039435657025845	6.189038872906403	230.0	37	1.05	0.95				
	319	1	130.75403355438598	26.72872509122807	0.0	0.0	3	1.0289975580141721	9.5566218514232	230.0	35	1.05	0.95				
	320	1	92.46694085614035	18.78234736140351	0.0	0.0	3	1.029274187395911	11.344852182703226	230.0	35	1.05	0.95				
	321	2	0.0	0.0	0.0	0.0	3	1.041092223537206	7.460033489790279	230.0	37	1.05	0.95				
	322	2	0.0	0.0	0.0	0.0	3	1.05	11.689560639462826	230.0	37	1.05	0.95				
	323	2	0.0	0.0	0.0	0.0	3	1.0298494310875523	12.048896112975712	230.0	35	1.05	0.95				
	324	1	0.0	0.0	0.0	0.0	3	1.0127447191282801	5.444311394295951	230.0	36	1.05	0.95				
	325	1	0.0	0.0	0.0	0.0	3	1.0323408954991247	12.082257709835059	230.0	35	1.05	0.95				
];
