%% MATPOWER Case Format : Version 2
function mpc = RTS_GMLC
mpc.version = '2';

%%-----  Power Flow Data  -----%%
%% system MVA base
mpc.baseMVA = 100.0;
%% bus data
%    bus_i    type    Pd    Qd    Gs    Bs    area    Vm    Va    baseKV    zone    Vmax    Vmin
mpc.bus = [
	101	2	51.234537372631586	10.436665020350878	0.0	0.0	1	1.040684617746063	1.6838854097193432	138.0	11	1.05	0.95				
	102	2	46.01620486245614	9.48787729122807	0.0	0.0	1	1.0397079552929034	1.3902164403084567	138.0	12	1.05	0.95				
	103	1	85.39089562105264	17.55257298877193	0.0	0.0	1	1.0260490812001977	-0.9968868825884676	138.0	11	1.05	0.95				
	104	1	35.10514597754386	7.115907968421052	0.0	0.0	1	1.0245208682837839	-1.9359952208145788	138.0	11	1.05	0.95				
	105	1	33.68196438385965	6.64151410385965	0.0	0.0	1	1.038556352446336	-1.904473894306712	138.0	11	1.05	0.95				
	106	1	64.51756558035089	13.2830282077193	0.0	-100.0	1	1.0454209171070072	-4.4314370142115616	138.0	12	1.05	0.95				
	107	2	59.29923307017544	11.859846614035089	0.0	0.0	1	1.000688507809034	-11.718727391777374	138.0	12	1.05	0.95				
	108	1	81.12135084	16.603785259649122	0.0	0.0	1	1.0021013444503906	-9.786180956043177	138.0	12	1.05	0.95				
	109	1	83.01892629824562	17.07817912421053	0.0	0.0	1	1.0244652003717445	-3.3078376504950233	138.0	13	1.05	0.95				
	110	1	92.50680358947369	18.97575458245614	0.0	0.0	1	1.05	-4.079182639789325	138.0	13	1.05	0.95				
	111	1	0.0	0.0	0.0	0.0	1	1.004420761913587	-1.164363324627106	230.0	13	1.05	0.95				
	112	1	0.0	0.0	0.0	0.0	1	1.0098399768178703	-0.8184230262229779	230.0	13	1.05	0.95				
	113	3	125.71437410877193	25.617268686315793	0.0	0.0	1	1.0003346788701208	2.5076613523070737e-31	230.0	14	1.05	0.95				
	114	2	92.03240972491228	18.501360717894737	0.0	0.0	1	0.9998584883911319	0.474353231553981	230.0	16	1.05	0.95				
	115	2	150.38285506596492	30.36120733192983	0.0	0.0	1	1.0320036229265994	6.074299226855829	230.0	16	1.05	0.95				
	116	2	47.439386456140355	9.48787729122807	0.0	0.0	1	1.0289905685499432	5.601614697521706	230.0	16	1.05	0.95				
	117	1	0.0	0.0	0.0	0.0	1	1.0356712900726965	7.924787400390897	230.0	17	1.05	0.95				
	118	2	157.97315689894737	32.258782790175445	0.0	0.0	1	1.0373426563214005	8.129062393525254	230.0	17	1.05	0.95				
	119	1	85.86528948561404	17.55257298877193	0.0	0.0	1	1.0234703422724618	4.301348182295155	230.0	15	1.05	0.95				
	120	1	60.72241466385966	12.334240478596492	0.0	0.0	1	1.0223316192417937	4.088033684404484	230.0	15	1.05	0.95				
	121	2	0.0	0.0	0.0	0.0	1	1.0401238578814795	9.413050070803147	230.0	17	1.05	0.95				
	122	2	0.0	0.0	0.0	0.0	1	1.05	15.733264409944486	230.0	17	1.05	0.95				
	123	2	0.0	0.0	0.0	0.0	1	1.0224620064086714	4.337887846799671	230.0	15	1.05	0.95				
	124	1	0.0	0.0	0.0	0.0	1	1.0205758201209791	3.418329017479081	230.0	16	1.05	0.95				
	201	2	53.617503524210534	10.922084051228072	0.0	0.0	2	1.0264991754338442	-13.037055140377543	138.0	21	1.05	0.95				
	202	2	48.15646149859649	9.929167319298248	0.0	0.0	2	1.0274904259414397	-12.863038528815746	138.0	22	1.05	0.95				
	203	1	89.36250587368421	18.368959540701756	0.0	0.0	2	1.016386708427907	-11.262237025466382	138.0	21	1.05	0.95				
	204	1	36.73791908140351	7.446875489473685	0.0	0.0	2	1.0170323618316073	-14.341707054272726	138.0	21	1.05	0.95				
	205	1	35.248543983508775	6.950417123508773	0.0	0.0	2	1.0321314877854635	-14.721627639566668	138.0	21	1.05	0.95				
	206	1	67.51833777122808	13.900834247017546	0.0	-100.0	2	1.0428929977357964	-16.107288888340527	138.0	22	1.05	0.95				
	207	2	62.05729574561404	12.411459149122809	0.0	0.0	2	0.9920629762370375	-23.249041554817197	138.0	22	1.05	0.95				
	208	1	84.89438058	17.37604280877193	0.0	0.0	2	0.9953824280444283	-20.93878309828522	138.0	22	1.05	0.95				
	209	1	86.88021404385967	17.872501174736843	0.0	0.0	2	1.0229488414412986	-13.516706672392699	138.0	23	1.05	0.95				
	210	1	96.8093813631579	19.858334638596496	0.0	0.0	2	1.05	-14.842399433623076	138.0	23	1.05	0.95				
	211	1	0.0	0.0	0.0	0.0	2	1.009355916051595	-10.363494007790496	230.0	23	1.05	0.95				
	212	1	0.0	0.0	0.0	0.0	2	1.009555125769841	-9.438469256275718	230.0	23	1.05	0.95				
	213	2	131.56146698070177	26.808751762105267	0.0	0.0	2	1.0068668832875645	-8.975357673690539	230.0	24	1.05	0.95				
	214	2	96.31292299719298	19.36187627263158	0.0	0.0	2	1.0133404022075698	-7.69233929769019	230.0	26	1.05	0.95				
	215	2	157.3773020108772	31.77333542175439	0.0	0.0	2	1.0270406851086091	-0.5294625121489498	230.0	26	1.05	0.95				
	216	2	49.645836596491236	9.929167319298248	0.0	0.0	2	1.0282653884138155	-0.8614674781298794	230.0	26	1.05	0.95				
	217	1	0.0	0.0	0.0	0.0	2	1.0318158053633462	1.2250037944140009	230.0	27	1.05	0.95				
	218	2	165.3206358663158	33.75916888561404	0.0	0.0	2	1.0316354007228556	0.9066616072344331	230.0	27	1.05	0.95				
	219	1	89.85896423964913	18.368959540701756	0.0	0.0	2	1.0277253842517204	-1.0362613505830875	230.0	25	1.05	0.95				
	220	1	63.54667084350878	12.907917515087721	0.0	0.0	2	1.0309290376442959	-0.22548186319753452	230.0	25	1.05	0.95				
	221	2	0.0	0.0	0.0	0.0	2	1.0330924345081278	1.2210814605998501	230.0	27	1.05	0.95				
	222	2	0.0	0.0	0.0	0.0	2	1.05	7.717777271823126	230.0	27	1.05	0.95				
	223	2	0.0	0.0	0.0	0.0	2	1.033784344262046	0.5937793277666906	230.0	25	1.05	0.95				
	224	1	0.0	0.0	0.0	0.0	2	1.0098339608828049	-4.548954184830463	230.0	26	1.05	0.95				
	301	2	40.35052197473684	8.219550772631578	0.0	0.0	3	1.0105597346051551	-8.001500350544196	138.0	31	1.05	0.95				
	302	2	36.240746588421054	7.472318884210526	0.0	0.0	3	1.0104952898671138	-8.105400421994013	138.0	32	1.05	0.95				
	303	1	67.25086995789474	13.823789935789474	0.0	0.0	3	1.023011879352213	-3.3495764933273877	138.0	31	1.05	0.95				
	304	1	27.647579871578948	5.604239163157895	0.0	0.0	3	1.011986468876702	-6.964228549133121	138.0	31	1.05	0.95				
	305	1	26.526732038947365	5.230623218947369	0.0	0.0	3	1.0255786002233909	-7.474768838429707	138.0	31	1.05	0.95				
	306	1	50.81176841263157	10.461246437894738	0.0	-100.0	3	1.0426519722193606	-7.6475511721128315	138.0	32	1.05	0.95				
	307	2	46.70199302631578	9.340398605263157	0.0	0.0	3	0.9907327767153191	-11.638928318797658	138.0	32	1.05	0.95				
	308	1	63.88832646	13.076558047368419	0.0	0.0	3	1.0001362416996151	-10.013331609611333	138.0	32	1.05	0.95				
	309	1	65.3827902368421	13.450173991578945	0.0	0.0	3	1.024197396545855	-4.488335072254011	138.0	33	1.05	0.95				
	310	1	72.85510912105264	14.944637768421051	0.0	0.0	3	1.05	-5.743111562725113	138.0	33	1.05	0.95				
	311	1	0.0	0.0	0.0	0.0	3	1.001283649864546	-1.4849233843640077	230.0	33	1.05	0.95				
	312	1	0.0	0.0	0.0	0.0	3	1.0078222263443457	-1.0196880496367573	230.0	33	1.05	0.95				
	313	2	99.00822521578947	20.17526098736842	0.0	0.0	3	1.0047087949652627	1.8623941530664012	230.0	34	1.05	0.95				
	314	2	72.48149317684211	14.571021824210526	0.0	0.0	3	0.9913261044148759	-0.6282961484715215	230.0	36	1.05	0.95				
	315	2	118.43625431473683	23.911420429473683	0.0	0.0	3	1.0125742523830201	0.08692079268925997	230.0	36	1.05	0.95				
	316	2	37.36159442105263	7.472318884210526	0.0	0.0	3	1.0104088930066015	0.3478316430472166	230.0	36	1.05	0.95				
	317	1	0.0	0.0	0.0	0.0	3	1.0204769495357835	2.2341055715460776	230.0	37	1.05	0.95				
	318	2	124.41410942210527	25.405884206315786	0.0	0.0	3	1.019653349437119	1.3422926386292864	230.0	37	1.05	0.95				
	319	1	67.62448590210526	13.823789935789474	0.0	0.0	3	1.0092762416313008	0.9435222842374976	230.0	35	1.05	0.95				
	320	1	47.822840858947366	9.714014549473685	0.0	0.0	3	1.0089039697154356	1.4589971847097236	230.0	35	1.05	0.95				
	321	2	0.0	0.0	0.0	0.0	3	1.0194045428125897	1.5013245097257715	230.0	37	1.05	0.95				
	322	2	0.0	0.0	0.0	0.0	3	1.0335428526308228	6.234742283465348	230.0	37	1.05	0.95				
	323	2	0.0	0.0	0.0	0.0	3	1.00887606085736	1.9282045224216315	230.0	35	1.05	0.95				
	324	1	0.0	0.0	0.0	0.0	3	1.0119368016736894	-0.2870269990426645	230.0	36	1.05	0.95				
	325	1	0.0	0.0	0.0	0.0	3	1.0103787128967427	2.5844193148855057	230.0	35	1.05	0.95				
];
