%% MATPOWER Case Format : Version 2
function mpc = RTS_GMLC
mpc.version = '2';

%%-----  Power Flow Data  -----%%
%% system MVA base
mpc.baseMVA = 100.0;
%% bus data
%    bus_i    type    Pd    Qd    Gs    Bs    area    Vm    Va    baseKV    zone    Vmax    Vmin
mpc.bus = [
	101	2	70.53933694736843	14.369124192982458	0.0	0.0	1	1.0317807460163189	0.752852878304023	138.0	11	1.05	0.95				
	102	2	63.35477485087719	13.062840175438598	0.0	0.0	1	1.03178572745236	0.6906890594655216	138.0	12	1.05	0.95				
	103	1	117.56556157894738	24.166254324561404	0.0	0.0	1	1.0231098360277548	0.0207810963719655	138.0	11	1.05	0.95				
	104	1	48.33250864912281	9.797130131578948	0.0	0.0	1	1.017234590126761	-2.4812818739934124	138.0	11	1.05	0.95				
	105	1	46.37308262280702	9.143988122807018	0.0	0.0	1	1.0319938309341121	-2.4760942153693617	138.0	11	1.05	0.95				
	106	1	88.82731319298247	18.287976245614036	0.0	-100.0	1	1.0386280205423857	-4.881702809660038	138.0	12	1.05	0.95				
	107	2	81.64275109649122	16.328550219298247	0.0	0.0	1	1.0468099356328588	-1.7875996618421819	138.0	12	1.05	0.95				
	108	1	111.6872835	22.859970307017544	0.0	0.0	1	1.0264976111959438	-4.339742937183345	138.0	12	1.05	0.95				
	109	1	114.29985153508773	23.513112315789474	0.0	0.0	1	1.026189610165076	-2.430298824997473	138.0	13	1.05	0.95				
	110	1	127.36269171052632	26.125680350877197	0.0	0.0	1	1.05	-3.684619992104591	138.0	13	1.05	0.95				
	111	1	0.0	0.0	0.0	0.0	1	1.0107268673948806	-0.22165500368233151	230.0	13	1.05	0.95				
	112	1	0.0	0.0	0.0	0.0	1	1.0139847752842037	0.22707741390813335	230.0	13	1.05	0.95				
	113	3	173.08263232456142	35.26966847368421	0.0	0.0	1	1.0070700811653643	-1.963369833206288e-28	230.0	14	1.05	0.95				
	114	2	126.70954970175438	25.472538342105267	0.0	0.0	1	1.0125402978608036	2.4933292919190837	230.0	16	1.05	0.95				
	115	2	207.04601678070173	41.80108856140351	0.0	0.0	1	1.0449662915633846	10.816436999786362	230.0	16	1.05	0.95				
	116	2	65.31420087719299	13.062840175438598	0.0	0.0	1	1.042344212779475	10.207589404644475	230.0	16	1.05	0.95				
	117	1	0.0	0.0	0.0	0.0	1	1.0458793511911537	13.939238258072896	230.0	17	1.05	0.95				
	118	2	217.49628892105264	44.413656596491236	0.0	0.0	1	1.049999809455687	14.360567274484165	230.0	17	1.05	0.95				
	119	1	118.2187035877193	24.166254324561404	0.0	0.0	1	1.0356935987010467	8.355126512456156	230.0	15	1.05	0.95				
	120	1	83.60217712280702	16.981692228070177	0.0	0.0	1	1.0358601913337147	7.979894269382925	230.0	15	1.05	0.95				
	121	2	0.0	0.0	0.0	0.0	1	1.05	14.689945798912547	230.0	17	1.05	0.95				
	122	2	0.0	0.0	0.0	0.0	1	1.05	25.93537673908135	230.0	17	1.05	0.95				
	123	2	0.0	0.0	0.0	0.0	1	1.0374790042288307	8.261300300778144	230.0	15	1.05	0.95				
	124	1	0.0	0.0	0.0	0.0	1	1.0232664529623234	6.816592812945136	230.0	16	1.05	0.95				
	201	2	74.71430821894737	15.21958130385965	0.0	0.0	2	1.0357210465162026	-11.383024924514313	138.0	21	1.05	0.95				
	202	2	67.10451756701754	13.835983003508773	0.0	0.0	2	1.0358351838835624	-11.497061769336202	138.0	22	1.05	0.95				
	203	1	124.52384703157895	25.596568556491228	0.0	0.0	2	1.0257710683249324	-7.6208741204242925	138.0	21	1.05	0.95				
	204	1	51.193137112982456	10.376987252631578	0.0	0.0	2	1.017785326640774	-13.353204042467345	138.0	21	1.05	0.95				
	205	1	49.11773966245614	9.685188102456141	0.0	0.0	2	1.0339388346835876	-13.82046066865165	138.0	21	1.05	0.95				
	206	1	94.08468442385966	19.370376204912283	0.0	-100.0	2	1.0390057659948306	-15.843370860648685	138.0	22	1.05	0.95				
	207	2	86.47489377192983	17.294978754385966	0.0	0.0	2	0.9722238754747318	-26.155654329209458	138.0	22	1.05	0.95				
	208	1	118.29765468	24.21297025614035	0.0	0.0	2	0.9746752682002567	-22.756128733477443	138.0	22	1.05	0.95				
	209	1	121.06485128070175	24.90476940631579	0.0	0.0	2	1.0246154861356596	-12.070681048767542	138.0	23	1.05	0.95				
	210	1	134.9008342842105	27.671966007017545	0.0	0.0	2	1.05	-14.11616662531188	138.0	23	1.05	0.95				
	211	1	0.0	0.0	0.0	0.0	2	1.0232597935336567	-7.87224112731741	230.0	23	1.05	0.95				
	212	1	0.0	0.0	0.0	0.0	2	1.0192613142575668	-7.06465258133218	230.0	23	1.05	0.95				
	213	2	183.3267747964912	37.35715410947368	0.0	0.0	2	1.0296646188495333	-5.448679873022688	230.0	24	1.05	0.95				
	214	2	134.20903513403508	26.980166856842107	0.0	0.0	2	1.0379408240235486	-4.8888160974150985	230.0	26	1.05	0.95				
	215	2	219.30033060561405	44.27514561122807	0.0	0.0	2	1.0433807257828156	3.810350053882391	230.0	26	1.05	0.95				
	216	2	69.17991501754386	13.835983003508773	0.0	0.0	2	1.0471452493291338	3.5675256040324443	230.0	26	1.05	0.95				
	217	1	0.0	0.0	0.0	0.0	2	1.0480290977642963	7.181213679906206	230.0	27	1.05	0.95				
	218	2	230.36911700842103	47.04234221192983	0.0	0.0	2	1.0499999478865145	7.9884099943353055	230.0	27	1.05	0.95				
	219	1	125.21564618175438	25.596568556491228	0.0	0.0	2	1.0436605441599291	2.3682538622111386	230.0	25	1.05	0.95				
	220	1	88.55029122245614	17.986777904561404	0.0	0.0	2	1.046604478962528	2.620253687479563	230.0	25	1.05	0.95				
	221	2	0.0	0.0	0.0	0.0	2	1.05	8.315292436595248	230.0	27	1.05	0.95				
	222	2	0.0	0.0	0.0	0.0	2	1.05	14.382078151197122	230.0	27	1.05	0.95				
	223	2	0.0	0.0	0.0	0.0	2	1.05	3.2620621706616952	230.0	25	1.05	0.95				
	224	1	0.0	0.0	0.0	0.0	2	1.022471893984192	-0.443929671608714	230.0	26	1.05	0.95				
	301	2	68.04239165052633	13.860487188070175	0.0	0.0	3	1.0116376122932877	-23.07099383113358	138.0	31	1.05	0.95				
	302	2	61.11214805649122	12.600442898245614	0.0	0.0	3	1.0103830760985448	-23.335638126447577	138.0	32	1.05	0.95				
	303	1	113.40398608421054	23.310819361754387	0.0	0.0	3	1.0403798385976184	-11.176230970001134	138.0	31	1.05	0.95				
	304	1	46.621638723508774	9.45033217368421	0.0	0.0	3	1.0082202900694204	-21.290317579317716	138.0	31	1.05	0.95				
	305	1	44.73157228877193	8.820310028771932	0.0	0.0	3	1.022491448223916	-22.97028991678143	138.0	31	1.05	0.95				
	306	1	85.68301170807018	17.640620057543863	0.0	-100.0	3	1.03509225334954	-23.606593203584044	138.0	32	1.05	0.95				
	307	2	78.75276811403509	15.750553622807018	0.0	0.0	3	0.995118208700704	-28.10078255981481	138.0	32	1.05	0.95				
	308	1	107.73378678	22.050775071929824	0.0	0.0	3	0.9940833659862243	-26.192926029660104	138.0	32	1.05	0.95				
	309	1	110.25387535964913	22.680797216842105	0.0	0.0	3	1.0287591179603686	-17.057490121896016	138.0	33	1.05	0.95				
	310	1	122.85431825789472	25.200885796491228	0.0	0.0	3	1.05	-20.84812989452336	138.0	33	1.05	0.95				
	311	1	0.0	0.0	0.0	0.0	3	1.0202210933339906	-13.656890705764193	230.0	33	1.05	0.95				
	312	1	0.0	0.0	0.0	0.0	3	1.0200002751424895	-13.085592938901772	230.0	33	1.05	0.95				
	313	2	166.95586840175437	34.02119582526316	0.0	0.0	3	1.0264135901606861	-10.387942900649797	230.0	34	1.05	0.95				
	314	2	122.22429611298244	24.570863651578946	0.0	0.0	3	1.0309707525448502	-11.263456866338458	230.0	36	1.05	0.95				
	315	2	199.717019937193	40.321417274385965	0.0	0.0	3	1.0489250144400497	-4.254333451190735	230.0	36	1.05	0.95				
	316	2	63.002214491228074	12.600442898245614	0.0	0.0	3	1.048916840780282	-4.08929794077154	230.0	36	1.05	0.95				
	317	1	0.0	0.0	0.0	0.0	3	1.05	-1.215842698311657	230.0	37	1.05	0.95				
	318	2	209.7973742557895	42.84150585403509	0.0	0.0	3	1.0481411975838857	-1.3591752323205406	230.0	37	1.05	0.95				
	319	1	114.03400822912282	23.310819361754387	0.0	0.0	3	1.0452400937262483	-5.538742293910022	230.0	35	1.05	0.95				
	320	1	80.64283454877193	16.3805757677193	0.0	0.0	3	1.0474017644679299	-5.6223229288242145	230.0	35	1.05	0.95				
	321	2	0.0	0.0	0.0	0.0	3	1.05	-0.6514548792729974	230.0	37	1.05	0.95				
	322	2	0.0	0.0	0.0	0.0	3	1.05	4.903679055045762	230.0	37	1.05	0.95				
	323	2	0.0	0.0	0.0	0.0	3	1.0499999192803064	-5.20846684419722	230.0	35	1.05	0.95				
	324	1	0.0	0.0	0.0	0.0	3	1.0365206685716017	-6.8463957157532604	230.0	36	1.05	0.95				
	325	1	0.0	0.0	0.0	0.0	3	1.0426397006392885	-3.593772059790234	230.0	35	1.05	0.95				
];
