%% MATPOWER Case Format : Version 2
function mpc = RTS_GMLC
mpc.version = '2';

%%-----  Power Flow Data  -----%%
%% system MVA base
mpc.baseMVA = 100.0;
%% bus data
%    bus_i    type    Pd    Qd    Gs    Bs    area    Vm    Va    baseKV    zone    Vmax    Vmin
mpc.bus = [
	101	2	79.22315686736843	16.138050472982457	0.0	0.0	1	1.041804474347073	1.2368356989268803	138.0	11	1.05	0.95				
	102	2	71.15413163087719	14.670954975438596	0.0	0.0	1	1.0411097566620469	0.96335300527002	138.0	12	1.05	0.95				
	103	1	132.03859477894738	27.141266704561406	0.0	0.0	1	1.0268926711589752	-0.6159191839980294	138.0	11	1.05	0.95				
	104	1	54.28253340912281	11.003216231578948	0.0	0.0	1	1.0227918469975283	-2.7044556519559984	138.0	11	1.05	0.95				
	105	1	52.08189016280702	10.269668482807019	0.0	0.0	1	1.035146731965493	-3.083602100428772	138.0	11	1.05	0.95				
	106	1	99.76249383298247	20.539336965614037	0.0	-100.0	1	1.0377641353792475	-6.213761903138101	138.0	12	1.05	0.95				
	107	2	91.69346859649123	18.338693719298245	0.0	0.0	1	1.05	-6.5947994574889695	138.0	12	1.05	0.95				
	108	1	125.43666504	25.674171207017544	0.0	0.0	1	1.026104912486831	-7.963545481374392	138.0	12	1.05	0.95				
	109	1	128.37085603508774	26.407718955789473	0.0	0.0	1	1.0272565631396302	-3.7916891963487345	138.0	13	1.05	0.95				
	110	1	143.04181101052632	29.34190995087719	0.0	0.0	1	1.05	-5.198084931383021	138.0	13	1.05	0.95				
	111	1	0.0	0.0	0.0	0.0	1	1.011375211002876	-1.483655019462929	230.0	13	1.05	0.95				
	112	1	0.0	0.0	0.0	0.0	1	1.0165051621480299	-0.9002651238286736	230.0	13	1.05	0.95				
	113	3	194.39015342456142	39.611578433684215	0.0	0.0	1	1.0128321455624005	2.4827970114573973e-30	230.0	14	1.05	0.95				
	114	2	142.30826326175438	28.608362202105265	0.0	0.0	1	1.0090837086812923	0.307627616234193	230.0	16	1.05	0.95				
	115	2	232.53463636070174	46.94705592140351	0.0	0.0	1	1.0431370122985004	8.05740955849705	230.0	16	1.05	0.95				
	116	2	73.35477487719298	14.670954975438596	0.0	0.0	1	1.0404074594413486	7.241386883346256	230.0	16	1.05	0.95				
	117	1	0.0	0.0	0.0	0.0	1	1.0449007989768542	10.07538195635384	230.0	17	1.05	0.95				
	118	2	244.27140034105267	49.881246916491236	0.0	0.0	1	1.0470798867139746	10.533600586226486	230.0	17	1.05	0.95				
	119	1	132.77214252771932	27.141266704561406	0.0	0.0	1	1.0343306138729265	5.685738559363086	230.0	15	1.05	0.95				
	120	1	93.89411184280702	19.072241468070178	0.0	0.0	1	1.034736466693197	5.265481544249289	230.0	15	1.05	0.95				
	121	2	0.0	0.0	0.0	0.0	1	1.05	12.182510548398426	230.0	17	1.05	0.95				
	122	2	0.0	0.0	0.0	0.0	1	1.05	18.12980360418657	230.0	17	1.05	0.95				
	123	2	0.0	0.0	0.0	0.0	1	1.0368647939671642	5.5817963741162275	230.0	15	1.05	0.95				
	124	1	0.0	0.0	0.0	0.0	1	1.0260658153456566	4.831259229586657	230.0	16	1.05	0.95				
	201	2	95.13111914526316	19.378561307368418	0.0	0.0	2	1.05	-20.13567248289024	138.0	21	1.05	0.95				
	202	2	85.44183849157893	17.616873915789473	0.0	0.0	2	1.05	-20.279497716436158	138.0	22	1.05	0.95				
	203	1	158.55186524210524	32.59121674421052	0.0	0.0	2	1.0200367603110128	-14.11938628863839	138.0	21	1.05	0.95				
	204	1	65.18243348842104	13.212655436842105	0.0	0.0	2	1.0186103953613534	-21.252608348612753	138.0	21	1.05	0.95				
	205	1	62.53990240105263	12.331811741052633	0.0	0.0	2	1.0376584139306213	-21.961206820613313	138.0	21	1.05	0.95				
	206	1	119.79474262736842	24.663623482105265	0.0	-100.0	2	1.0352529159849282	-23.827448199973848	138.0	22	1.05	0.95				
	207	2	110.1054619736842	22.02109239473684	0.0	0.0	2	0.95	-33.67783667984642	138.0	22	1.05	0.95				
	208	1	150.62427198	30.829529352631575	0.0	0.0	2	0.9533670960521522	-30.588991236595728	138.0	22	1.05	0.95				
	209	1	154.1476467631579	31.710373048421047	0.0	0.0	2	1.0217076935131093	-18.48720166787881	138.0	23	1.05	0.95				
	210	1	171.76452067894735	35.233747831578945	0.0	0.0	2	1.0476433451991383	-21.072812920846502	138.0	23	1.05	0.95				
	211	1	0.0	0.0	0.0	0.0	2	1.0309000068257415	-13.375479432386253	230.0	23	1.05	0.95				
	212	1	0.0	0.0	0.0	0.0	2	1.022274553235517	-10.945721130378162	230.0	23	1.05	0.95				
	213	2	233.4235793842105	47.56555957263158	0.0	0.0	2	1.05	-9.691520074591287	230.0	24	1.05	0.95				
	214	2	170.88367698315787	34.35290413578947	0.0	0.0	2	1.05	-10.506463735687447	230.0	26	1.05	0.95				
	215	2	279.2274515652631	56.37399653052631	0.0	0.0	2	1.0423140218872304	-0.31994739497922026	230.0	26	1.05	0.95				
	216	2	88.08436957894736	17.616873915789473	0.0	0.0	2	1.0462850883380794	-0.9543002608084222	230.0	26	1.05	0.95				
	217	1	0.0	0.0	0.0	0.0	2	1.0477133609784783	2.5985913643622816	230.0	27	1.05	0.95				
	218	2	293.3209506978948	59.89737131368421	0.0	0.0	2	1.05	3.0375883512376816	230.0	27	1.05	0.95				
	219	1	159.43270893789474	32.59121674421052	0.0	0.0	2	1.041189504263819	-1.5601560092373123	230.0	25	1.05	0.95				
	220	1	112.74799306105263	22.901936090526316	0.0	0.0	2	1.0449146757020353	-0.4368122727095228	230.0	25	1.05	0.95				
	221	2	0.0	0.0	0.0	0.0	2	1.05	3.458263764262323	230.0	27	1.05	0.95				
	222	2	0.0	0.0	0.0	0.0	2	1.05	9.632728759273768	230.0	27	1.05	0.95				
	223	2	0.0	0.0	0.0	0.0	2	1.05	0.8162054868032003	230.0	25	1.05	0.95				
	224	1	0.0	0.0	0.0	0.0	2	1.0163959287244277	-5.4373668175119665	230.0	26	1.05	0.95				
	301	2	69.34071497684211	14.124960458245614	0.0	0.0	3	0.9969338291667972	-1.7026388452880246	138.0	31	1.05	0.95				
	302	2	62.278234747719296	12.840873143859652	0.0	0.0	3	0.9971507584676284	-1.7624904552026595	138.0	32	1.05	0.95				
	303	1	115.56785829473685	23.755615316140354	0.0	0.0	3	1.0165922890568737	2.221958573767812	138.0	31	1.05	0.95				
	304	1	47.51123063228071	9.630654857894736	0.0	0.0	3	1.0012662837789181	0.5117047320720668	138.0	31	1.05	0.95				
	305	1	45.58509966070176	8.988611200701756	0.0	0.0	3	1.013480142001263	0.293723132391818	138.0	31	1.05	0.95				
	306	1	87.31793737824563	17.977222401403512	0.0	-100.0	3	1.030910163617247	0.6938762250914077	138.0	32	1.05	0.95				
	307	2	80.2554571491228	16.051091429824563	0.0	0.0	3	0.9914275825425468	-3.560520941828775	138.0	32	1.05	0.95				
	308	1	109.78946538000001	22.471528001754386	0.0	0.0	3	0.9996096842867706	-0.6376721247749352	138.0	32	1.05	0.95				
	309	1	112.35764000877194	23.113571658947368	0.0	0.0	3	1.0279764725661555	4.9746907931025355	138.0	33	1.05	0.95				
	310	1	125.19851315263159	25.681746287719303	0.0	0.0	3	1.05	4.336378553683614	138.0	33	1.05	0.95				
	311	1	0.0	0.0	0.0	0.0	3	1.0190071462004124	11.012437232986635	230.0	33	1.05	0.95				
	312	1	0.0	0.0	0.0	0.0	3	1.0241033376133015	12.83451661213213	230.0	33	1.05	0.95				
	313	2	170.14156915614035	34.670357488421054	0.0	0.0	3	1.05	20.386628905011296	230.0	34	1.05	0.95				
	314	2	124.55646949543859	25.039702630526318	0.0	0.0	3	1.021461239526402	8.929351472031673	230.0	36	1.05	0.95				
	315	2	203.52783933017545	41.09079406035088	0.0	0.0	3	1.0378043845724145	6.139039175040253	230.0	36	1.05	0.95				
	316	2	64.20436571929825	12.840873143859652	0.0	0.0	3	1.038264425182834	7.13935450347091	230.0	36	1.05	0.95				
	317	1	0.0	0.0	0.0	0.0	3	1.0426306419731282	6.720151466303331	230.0	37	1.05	0.95				
	318	2	213.80053784526316	43.658968689122815	0.0	0.0	3	1.0420819648118758	5.8673291509598045	230.0	37	1.05	0.95				
	319	1	116.20990195192984	23.755615316140354	0.0	0.0	3	1.0360279485045512	8.712052536103737	230.0	35	1.05	0.95				
	320	1	82.18158812070176	16.693135087017545	0.0	0.0	3	1.040309077660538	11.229542143790784	230.0	35	1.05	0.95				
	321	2	0.0	0.0	0.0	0.0	3	1.0433315935546152	7.186380282627408	230.0	37	1.05	0.95				
	322	2	0.0	0.0	0.0	0.0	3	1.05	11.329329099797743	230.0	37	1.05	0.95				
	323	2	0.0	0.0	0.0	0.0	3	1.0431581385718256	12.278692546997144	230.0	35	1.05	0.95				
	324	1	0.0	0.0	0.0	0.0	3	1.025824487983343	6.566884815164853	230.0	36	1.05	0.95				
	325	1	0.0	0.0	0.0	0.0	3	1.0446225737103654	12.27364765818491	230.0	35	1.05	0.95				
];
