%% MATPOWER Case Format : Version 2
function mpc = RTS_GMLC
mpc.version = '2';

%%-----  Power Flow Data  -----%%
%% system MVA base
mpc.baseMVA = 100.0;
%% bus data
%    bus_i    type    Pd    Qd    Gs    Bs    area    Vm    Va    baseKV    zone    Vmax    Vmin
mpc.bus = [
	101	2	104.48639287578949	21.284265215438598	0.0	0.0	1	1.044834701447967	-6.172741074104353	138.0	11	1.05	0.95				
	102	2	93.84426026807017	19.34933201403509	0.0	0.0	1	1.044637968837379	-6.295087222622559	138.0	12	1.05	0.95				
	103	1	174.14398812631583	35.79626422596491	0.0	0.0	1	1.0142216480849167	-6.74561736691499	138.0	11	1.05	0.95				
	104	1	71.59252845192982	14.511999010526317	0.0	0.0	1	1.0195090737726549	-8.97354521521135	138.0	11	1.05	0.95				
	105	1	68.69012864982457	13.544532409824564	0.0	0.0	1	1.034486583746699	-9.396056302715207	138.0	11	1.05	0.95				
	106	1	131.57545769543862	27.089064819649128	0.0	-100.0	1	1.0324856025948355	-12.087419860776574	138.0	12	1.05	0.95				
	107	2	120.93332508771933	24.186665017543863	0.0	0.0	1	1.05	-6.942113795431903	138.0	12	1.05	0.95				
	108	1	165.43678872	33.8613310245614	0.0	0.0	1	1.0189401083461413	-10.720503420863091	138.0	12	1.05	0.95				
	109	1	169.30665512280703	34.82879762526316	0.0	0.0	1	1.027385227700602	-7.968188885670081	138.0	13	1.05	0.95				
	110	1	188.65598713684213	38.69866402807018	0.0	0.0	1	1.05	-9.661164493593093	138.0	13	1.05	0.95				
	111	1	0.0	0.0	0.0	0.0	1	1.023348793602572	-3.8619211467708867	230.0	13	1.05	0.95				
	112	1	0.0	0.0	0.0	0.0	1	1.0216001375890007	-2.5285861550993594	230.0	13	1.05	0.95				
	113	3	256.37864918596495	52.243196437894746	0.0	0.0	1	1.0339720692048393	-1.3885519195391268e-29	230.0	14	1.05	0.95				
	114	2	187.68852053614035	37.73119742736843	0.0	0.0	1	1.0324777528289963	-2.3830001856780894	230.0	16	1.05	0.95				
	115	2	306.6869124224562	61.91786244491229	0.0	0.0	1	1.0420679869670217	5.929536906030495	230.0	16	1.05	0.95				
	116	2	96.74666007017545	19.34933201403509	0.0	0.0	1	1.0443149639722111	5.670836714100475	230.0	16	1.05	0.95				
	117	1	0.0	0.0	0.0	0.0	1	1.0470563527073105	9.256457168873787	230.0	17	1.05	0.95				
	118	2	322.1663780336843	65.78772884771931	0.0	0.0	1	1.0499999981271462	9.83861551644421	230.0	17	1.05	0.95				
	119	1	175.11145472701756	35.79626422596491	0.0	0.0	1	1.039471187098164	4.626091045576726	230.0	15	1.05	0.95				
	120	1	123.83572488982458	25.154131618245618	0.0	0.0	1	1.0441420054781594	5.394526250227339	230.0	15	1.05	0.95				
	121	2	0.0	0.0	0.0	0.0	1	1.05	10.86209551975911	230.0	17	1.05	0.95				
	122	2	0.0	0.0	0.0	0.0	1	1.05	19.46476117310646	230.0	17	1.05	0.95				
	123	2	0.0	0.0	0.0	0.0	1	1.05	6.5151673818358455	230.0	15	1.05	0.95				
	124	1	0.0	0.0	0.0	0.0	1	1.0156926126725176	1.2553234480465914	230.0	16	1.05	0.95				
	201	2	103.10404532210526	21.002675898947366	0.0	0.0	2	1.05	-13.001060785320886	138.0	21	1.05	0.95				
	202	2	92.60270737263157	19.093341726315792	0.0	0.0	2	1.05	-13.018033298071124	138.0	22	1.05	0.95				
	203	1	171.8400755368421	35.32268219368421	0.0	0.0	2	1.0222525322428773	-9.94223565793816	138.0	21	1.05	0.95				
	204	1	70.64536438736842	14.320006294736842	0.0	0.0	2	1.017073163606097	-14.33160946867004	138.0	21	1.05	0.95				
	205	1	67.78136312842105	13.365339208421053	0.0	0.0	2	1.0347779920491542	-14.810172503941079	138.0	21	1.05	0.95				
	206	1	129.8347237389474	26.730678416842107	0.0	-100.0	2	1.0300553521022402	-16.70738812867395	138.0	22	1.05	0.95				
	207	2	119.33338578947368	23.866677157894735	0.0	0.0	2	0.95	-25.55943192473209	138.0	22	1.05	0.95				
	208	1	163.24807176000002	33.41334802105263	0.0	0.0	2	0.9510535496907438	-23.159617712621664	138.0	22	1.05	0.95				
	209	1	167.06674010526314	34.36801510736842	0.0	0.0	2	1.0216622415721692	-11.550483011248833	138.0	23	1.05	0.95				
	210	1	186.16008183157894	38.186683452631584	0.0	0.0	2	1.0439713301453375	-13.661490537506609	138.0	23	1.05	0.95				
	211	1	0.0	0.0	0.0	0.0	2	1.0299384560495473	-6.193495493797055	230.0	23	1.05	0.95				
	212	1	0.0	0.0	0.0	0.0	2	1.0226153378546226	-1.9897548527939948	230.0	23	1.05	0.95				
	213	2	252.9867778736842	51.55202266105263	0.0	0.0	2	1.05	-1.034467223728528	230.0	24	1.05	0.95				
	214	2	185.20541474526314	37.23201636631579	0.0	0.0	2	1.05	-4.6244127530882615	230.0	26	1.05	0.95				
	215	2	302.62946636210523	61.098693524210525	0.0	0.0	2	1.0459118130208553	3.5575331962992127	230.0	26	1.05	0.95				
	216	2	95.46670863157894	19.093341726315792	0.0	0.0	2	1.049114550689912	3.5144369739121446	230.0	26	1.05	0.95				
	217	1	0.0	0.0	0.0	0.0	2	1.05	6.295996991951521	230.0	27	1.05	0.95				
	218	2	317.9041397431579	64.9173618694737	0.0	0.0	2	1.0494870116569914	6.818133820974804	230.0	27	1.05	0.95				
	219	1	172.7947426231579	35.32268219368421	0.0	0.0	2	1.0417708064335884	3.5563307068617256	230.0	25	1.05	0.95				
	220	1	122.19738704842105	24.82134424421053	0.0	0.0	2	1.0446031327217082	5.379722669970076	230.0	25	1.05	0.95				
	221	2	0.0	0.0	0.0	0.0	2	1.05	7.461715843894725	230.0	27	1.05	0.95				
	222	2	0.0	0.0	0.0	0.0	2	1.05	13.516354178649426	230.0	27	1.05	0.95				
	223	2	0.0	0.0	0.0	0.0	2	1.05	7.0688098506410935	230.0	25	1.05	0.95				
	224	1	0.0	0.0	0.0	0.0	2	1.0198594007395163	-1.4423711990418155	230.0	26	1.05	0.95				
	301	2	84.27143307789474	17.16640303438596	0.0	0.0	3	1.0142752773298627	-10.749846016719227	138.0	31	1.05	0.95				
	302	2	75.68823156070175	15.605820940350878	0.0	0.0	3	1.0126839412210784	-11.124458258679814	138.0	32	1.05	0.95				
	303	1	140.4523884631579	28.870768739649122	0.0	0.0	3	1.0369451248949064	-0.2066066281915242	138.0	31	1.05	0.95				
	304	1	57.741537479298245	11.704365705263156	0.0	0.0	3	1.0056701553713563	-9.356003390625004	138.0	31	1.05	0.95				
	305	1	55.40066433824561	10.924074658245614	0.0	0.0	3	1.0213410472009392	-10.198134463186866	138.0	31	1.05	0.95				
	306	1	106.11958239438597	21.848149316491227	0.0	-100.0	3	1.0309581714916736	-10.739227718847731	138.0	32	1.05	0.95				
	307	2	97.53638087719297	19.507276175438594	0.0	0.0	3	1.00467666248614	-13.358259817355286	138.0	32	1.05	0.95				
	308	1	133.42976904	27.31018664561403	0.0	0.0	3	0.9992517171244681	-12.099508327201356	138.0	32	1.05	0.95				
	309	1	136.55093322807016	28.090477692631577	0.0	0.0	3	1.028036528020746	-4.725019591979327	138.0	33	1.05	0.95				
	310	1	152.15675416842106	31.211641880701755	0.0	0.0	3	1.05	-7.1449647384985395	138.0	33	1.05	0.95				
	311	1	0.0	0.0	0.0	0.0	3	1.0220938392257823	0.2493723858302066	230.0	33	1.05	0.95				
	312	1	0.0	0.0	0.0	0.0	3	1.0223466939829489	0.9154845848356152	230.0	33	1.05	0.95				
	313	2	206.77712745964908	42.13571653894737	0.0	0.0	3	1.0375089976690437	5.383208713291827	230.0	34	1.05	0.95				
	314	2	151.3764631214035	30.431350833684213	0.0	0.0	3	1.0315497993512472	1.8156944112221731	230.0	36	1.05	0.95				
	315	2	247.35226190456137	49.938627009122804	0.0	0.0	3	1.0461742711907798	4.734684590695152	230.0	36	1.05	0.95				
	316	2	78.02910470175438	15.605820940350878	0.0	0.0	3	1.0438597690598614	4.724592319189678	230.0	36	1.05	0.95				
	317	1	0.0	0.0	0.0	0.0	3	1.0479531854116826	6.955045227971331	230.0	37	1.05	0.95				
	318	2	259.8369186568421	53.059791197192986	0.0	0.0	3	1.0474069700854076	6.556520881379926	230.0	37	1.05	0.95				
	319	1	141.23267951017544	28.870768739649122	0.0	0.0	3	1.0390952108775218	4.538337591792194	230.0	35	1.05	0.95				
	320	1	99.87725401824561	20.28756722245614	0.0	0.0	3	1.03943539889138	4.846443382103055	230.0	35	1.05	0.95				
	321	2	0.0	0.0	0.0	0.0	3	1.05	7.888755966232023	230.0	37	1.05	0.95				
	322	2	0.0	0.0	0.0	0.0	3	1.05	13.29774267587448	230.0	37	1.05	0.95				
	323	2	0.0	0.0	0.0	0.0	3	1.0408394911462893	5.2051304969889	230.0	35	1.05	0.95				
	324	1	0.0	0.0	0.0	0.0	3	1.037488019375286	4.402002370557299	230.0	36	1.05	0.95				
	325	1	0.0	0.0	0.0	0.0	3	1.0411043182997533	5.684660367907623	230.0	35	1.05	0.95				
];

%% generator data
%    bus    Pg    Qg    Qmax    Qmin    Vg    mBase    status    Pmax    Pmin    Pc1    Pc2    Qc1min    Qc1max    Qc2min    Qc2max    ramp_agc    ramp_10    ramp_30    ramp_q    apf
