%% MATPOWER Case Format : Version 2
function mpc = RTS_GMLC
mpc.version = '2';

%%-----  Power Flow Data  -----%%
%% system MVA base
mpc.baseMVA = 100.0;
%% bus data
%    bus_i    type    Pd    Qd    Gs    Bs    area    Vm    Va    baseKV    zone    Vmax    Vmin
mpc.bus = [
	101	2	59.09005443789474	12.036862941052632	0.0	0.0	1	1.034634374336964	0.9633538316996243	138.0	11	1.05	0.95				
	102	2	53.07162296736843	10.942602673684213	0.0	0.0	1	1.0345053954897072	0.8904938731696366	138.0	12	1.05	0.95				
	103	1	98.48342406315791	20.24381494631579	0.0	0.0	1	1.0238607535514825	-1.0707336723782392	138.0	11	1.05	0.95				
	104	1	40.48762989263158	8.206952005263158	0.0	0.0	1	1.019984667253879	-2.3589179092370127	138.0	11	1.05	0.95				
	105	1	38.84623949157895	7.6598218715789494	0.0	0.0	1	1.0348921494394658	-2.191714485740044	138.0	11	1.05	0.95				
	106	1	74.40969818105265	15.319643743157899	0.0	-100.0	1	1.0423786230971028	-4.478924024315585	138.0	12	1.05	0.95				
	107	2	68.39126671052632	13.678253342105265	0.0	0.0	1	1.0287908107809711	-4.070664344852138	138.0	12	1.05	0.95				
	108	1	93.55925286000002	19.14955467894737	0.0	0.0	1	1.018957024973355	-5.437315493850138	138.0	12	1.05	0.95				
	109	1	95.74777339473685	19.69668481263158	0.0	0.0	1	1.0252951706395295	-2.8090557853849374	138.0	13	1.05	0.95				
	110	1	106.69037606842107	21.885205347368426	0.0	0.0	1	1.05	-3.670996163495115	138.0	13	1.05	0.95				
	111	1	0.0	0.0	0.0	0.0	1	1.00568186426221	-0.9095867974743717	230.0	13	1.05	0.95				
	112	1	0.0	0.0	0.0	0.0	1	1.0108193372499112	-0.2658996486775949	230.0	13	1.05	0.95				
	113	3	144.9894854263158	29.54502721894737	0.0	0.0	1	1.0012098237773053	-2.4403806576996117e-28	230.0	14	1.05	0.95				
	114	2	106.14324593473685	21.338075213684213	0.0	0.0	1	1.0017522688171903	0.7441267167266679	230.0	16	1.05	0.95				
	115	2	173.44025237789475	35.01632855578948	0.0	0.0	1	1.0357673110642174	6.786932529728518	230.0	16	1.05	0.95				
	116	2	54.71301336842106	10.942602673684213	0.0	0.0	1	1.0323911323898685	6.341156689318399	230.0	16	1.05	0.95				
	117	1	0.0	0.0	0.0	0.0	1	1.0388042778783113	8.1770468566158	230.0	17	1.05	0.95				
	118	2	182.19433451684213	37.204849090526324	0.0	0.0	1	1.040286170489732	8.19270438755887	230.0	17	1.05	0.95				
	119	1	99.03055419684212	20.24381494631579	0.0	0.0	1	1.0270416693814672	5.394808294586528	230.0	15	1.05	0.95				
	120	1	70.03265711157896	14.225383475789478	0.0	0.0	1	1.026748103981917	5.630685489008729	230.0	15	1.05	0.95				
	121	2	0.0	0.0	0.0	0.0	1	1.0438012470670843	9.463665749680278	230.0	17	1.05	0.95				
	122	2	0.0	0.0	0.0	0.0	1	1.05	15.472695707250988	230.0	17	1.05	0.95				
	123	2	0.0	0.0	0.0	0.0	1	1.0277543808687566	6.17838085553882	230.0	15	1.05	0.95				
	124	1	0.0	0.0	0.0	0.0	1	1.0212727900732044	3.8530974159378433	230.0	16	1.05	0.95				
	201	2	61.55643005052631	12.539272788070175	0.0	0.0	2	1.0334151724084875	-9.44420189780753	138.0	21	1.05	0.95				
	202	2	55.28679365649122	11.399338898245613	0.0	0.0	2	1.0335965216068925	-9.515155031610396	138.0	22	1.05	0.95				
	203	1	102.59405008421052	21.088776961754384	0.0	0.0	2	1.0230548686188081	-7.6766838993515405	138.0	21	1.05	0.95				
	204	1	42.17755392350877	8.549504173684209	0.0	0.0	2	1.018654170643606	-11.7913093135222	138.0	21	1.05	0.95				
	205	1	40.46765308877192	7.97953722877193	0.0	0.0	2	1.0343172379408638	-12.044879090241336	138.0	21	1.05	0.95				
	206	1	77.51550450807017	15.95907445754386	0.0	-100.0	2	1.0418801941953564	-14.046933607155273	138.0	22	1.05	0.95				
	207	2	71.24586811403508	14.249173622807016	0.0	0.0	2	0.9886556080394096	-22.667086622405222	138.0	22	1.05	0.95				
	208	1	97.46434758	19.94884307192982	0.0	0.0	2	0.9902050546599965	-19.954192334131395	138.0	22	1.05	0.95				
	209	1	99.7442153596491	20.5188100168421	0.0	0.0	2	1.023748932970342	-11.341817591327388	138.0	23	1.05	0.95				
	210	1	111.14355425789472	22.798677796491226	0.0	0.0	2	1.05	-12.883397128855645	138.0	23	1.05	0.95				
	211	1	0.0	0.0	0.0	0.0	2	1.013135068022615	-8.250318525209282	230.0	23	1.05	0.95				
	212	1	0.0	0.0	0.0	0.0	2	1.0132147112692589	-7.342320201372485	230.0	23	1.05	0.95				
	213	2	151.04124040175435	30.778215025263155	0.0	0.0	2	1.0120186925247618	-7.015394338829683	230.0	24	1.05	0.95				
	214	2	110.57358731298244	22.228710851578946	0.0	0.0	2	1.0195290388705704	-5.438047260349959	230.0	26	1.05	0.95				
	215	2	180.67952153719295	36.47788447438596	0.0	0.0	2	1.0330814408189657	2.0831660404604055	230.0	26	1.05	0.95				
	216	2	56.99669449122806	11.399338898245613	0.0	0.0	2	1.0356800830078552	2.020111826935447	230.0	26	1.05	0.95				
	217	1	0.0	0.0	0.0	0.0	2	1.0391086839305168	4.874645778483083	230.0	27	1.05	0.95				
	218	2	189.79899265578945	38.75775225403508	0.0	0.0	2	1.0405679465737618	5.303382442732839	230.0	27	1.05	0.95				
	219	1	103.16401702912279	21.088776961754384	0.0	0.0	2	1.0352697900500616	1.497320466208601	230.0	25	1.05	0.95				
	220	1	72.95576894877192	14.819140567719296	0.0	0.0	2	1.0393975677002458	2.1304660649439464	230.0	25	1.05	0.95				
	221	2	0.0	0.0	0.0	0.0	2	1.040348834701245	4.988694032380083	230.0	27	1.05	0.95				
	222	2	0.0	0.0	0.0	0.0	2	1.05	11.44651177568392	230.0	27	1.05	0.95				
	223	2	0.0	0.0	0.0	0.0	2	1.043016240572958	2.8986258667925147	230.0	25	1.05	0.95				
	224	1	0.0	0.0	0.0	0.0	2	1.017211034478652	-1.5730510790447474	230.0	26	1.05	0.95				
	301	2	46.65422334315789	9.503638088421052	0.0	0.0	3	1.0100744470821212	-11.033316878370501	138.0	31	1.05	0.95				
	302	2	41.90240429894737	8.639670989473684	0.0	0.0	3	1.0097209417466744	-11.22089744058355	138.0	32	1.05	0.95				
	303	1	77.75703890526316	15.983391330526315	0.0	0.0	3	1.0376343644538573	-2.7964886478473634	138.0	31	1.05	0.95				
	304	1	31.96678266105263	6.479753242105263	0.0	0.0	3	1.0122550454781227	-9.771106582479165	138.0	31	1.05	0.95				
	305	1	30.67083201263158	6.047769692631579	0.0	0.0	3	1.0246717964697667	-11.17511079914903	138.0	31	1.05	0.95				
	306	1	58.749762728421054	12.095539385263159	0.0	-100.0	3	1.040787263997502	-11.768096501473392	138.0	32	1.05	0.95				
	307	2	53.997943684210526	10.799588736842104	0.0	0.0	3	0.9928127875975131	-16.095744561072387	138.0	32	1.05	0.95				
	308	1	73.86918696	15.119424231578945	0.0	0.0	3	0.9995454867157766	-14.155366458159698	138.0	32	1.05	0.95				
	309	1	75.59712115789473	15.551407781052628	0.0	0.0	3	1.0278719274755912	-6.822077763898217	138.0	33	1.05	0.95				
	310	1	84.2367921473684	17.279341978947368	0.0	0.0	3	1.05	-9.924801246014873	138.0	33	1.05	0.95				
	311	1	0.0	0.0	0.0	0.0	3	1.0079054933307292	-4.847308048643736	230.0	33	1.05	0.95				
	312	1	0.0	0.0	0.0	0.0	3	1.0119955632628033	-4.434745459236981	230.0	33	1.05	0.95				
	313	2	114.47564061052631	23.327111671578944	0.0	0.0	3	1.0095769559001795	-1.885271670009836	230.0	34	1.05	0.95				
	314	2	83.80480859789473	16.847358429473683	0.0	0.0	3	1.004086428465302	-3.789270556147916	230.0	36	1.05	0.95				
	315	2	136.93878518315788	27.646947166315787	0.0	0.0	3	1.0327655081919704	0.38688352950459143	230.0	36	1.05	0.95				
	316	2	43.198354947368415	8.639670989473684	0.0	0.0	3	1.0293652753172122	0.27926543445911434	230.0	36	1.05	0.95				
	317	1	0.0	0.0	0.0	0.0	3	1.0367396041565724	1.800000604239306	230.0	37	1.05	0.95				
	318	2	143.85052197473684	29.374881364210527	0.0	0.0	3	1.0376896364092392	1.9303648089196617	230.0	37	1.05	0.95				
	319	1	78.18902245473683	15.983391330526315	0.0	0.0	3	1.0230274021619643	-0.6542239844005642	230.0	35	1.05	0.95				
	320	1	55.293894332631574	11.231572286315789	0.0	0.0	3	1.020552792077836	-0.6222924193450762	230.0	35	1.05	0.95				
	321	2	0.0	0.0	0.0	0.0	3	1.0401133068497892	2.923143768724988	230.0	37	1.05	0.95				
	322	2	0.0	0.0	0.0	0.0	3	1.05	6.795245306997825	230.0	37	1.05	0.95				
	323	2	0.0	0.0	0.0	0.0	3	1.0197881746494917	-0.2671241818586513	230.0	35	1.05	0.95				
	324	1	0.0	0.0	0.0	0.0	3	1.0286916602700023	-0.8215197581128945	230.0	36	1.05	0.95				
	325	1	0.0	0.0	0.0	0.0	3	1.0198300829638411	0.568815560371192	230.0	35	1.05	0.95				
];
