%% MATPOWER Case Format : Version 2
function mpc = RTS_GMLC
mpc.version = '2';

%%-----  Power Flow Data  -----%%
%% system MVA base
mpc.baseMVA = 100.0;
%% bus data
%    bus_i    type    Pd    Qd    Gs    Bs    area    Vm    Va    baseKV    zone    Vmax    Vmin
mpc.bus = [
	101	2	58.18159326315789	11.851806035087717	0.0	0.0	1	1.0311684780911983	-0.3046302381014745	138.0	11	1.05	0.95				
	102	2	52.255690245614026	10.774369122807018	0.0	0.0	1	1.030737563394596	-0.4721677751252975	138.0	12	1.05	0.95				
	103	1	96.96932210526316	19.93258287719298	0.0	0.0	1	1.026222246400173	-1.1966419175180827	138.0	11	1.05	0.95				
	104	1	39.86516575438596	8.080776842105262	0.0	0.0	1	1.0186560289242084	-3.522437182369935	138.0	11	1.05	0.95				
	105	1	38.24901038596491	7.542058385964913	0.0	0.0	1	1.0332458176610622	-3.436280899372085	138.0	11	1.05	0.95				
	106	1	73.26571003508772	15.084116771929827	0.0	-100.0	1	1.0417473245058704	-5.723238297257307	138.0	12	1.05	0.95				
	107	2	67.33980701754385	13.467961403508772	0.0	0.0	1	1.0077978489851498	-11.332176058190647	138.0	12	1.05	0.95				
	108	1	92.12085599999999	18.85514596491228	0.0	0.0	1	1.005149442368337	-10.063803178253831	138.0	12	1.05	0.95				
	109	1	94.27572982456141	19.39386442105263	0.0	0.0	1	1.025515552190957	-3.8298813541956034	138.0	13	1.05	0.95				
	110	1	105.05009894736841	21.548738245614036	0.0	0.0	1	1.05	-4.904878499462257	138.0	13	1.05	0.95				
	111	1	0.0	0.0	0.0	0.0	1	1.0086079555081682	-1.1334090347931398	230.0	13	1.05	0.95				
	112	1	0.0	0.0	0.0	0.0	1	1.013373295854306	-0.8017897209010694	230.0	13	1.05	0.95				
	113	3	142.76039087719298	29.090796631578947	0.0	0.0	1	1.0070719501391516	-3.7714779296966095e-28	230.0	14	1.05	0.95				
	114	2	104.51138049122805	21.010019789473684	0.0	0.0	1	1.0077532695687568	1.2036224515517362	230.0	16	1.05	0.95				
	115	2	170.77375059649123	34.477981192982455	0.0	0.0	1	1.0423353361292065	8.247338762129404	230.0	16	1.05	0.95				
	116	2	53.87184561403509	10.774369122807018	0.0	0.0	1	1.0396183106444932	7.657673416522918	230.0	16	1.05	0.95				
	117	1	0.0	0.0	0.0	0.0	1	1.0439783388090687	10.42714711587235	230.0	17	1.05	0.95				
	118	2	179.39324589473685	36.63285501754386	0.0	0.0	1	1.0469310138956203	10.483528956088792	230.0	17	1.05	0.95				
	119	1	97.5080405614035	19.93258287719298	0.0	0.0	1	1.0337250923499892	6.040082196323635	230.0	15	1.05	0.95				
	120	1	68.95596238596491	14.006679859649124	0.0	0.0	1	1.0331154332453747	5.659318779071024	230.0	15	1.05	0.95				
	121	2	0.0	0.0	0.0	0.0	1	1.05	11.770612864591635	230.0	17	1.05	0.95				
	122	2	0.0	0.0	0.0	0.0	1	1.05	21.251485113161962	230.0	17	1.05	0.95				
	123	2	0.0	0.0	0.0	0.0	1	1.0337826161103612	5.856548141740055	230.0	15	1.05	0.95				
	124	1	0.0	0.0	0.0	0.0	1	1.024449231423268	4.73168614027889	230.0	16	1.05	0.95				
	201	2	65.78939084210526	13.401542578947371	0.0	0.0	2	1.0290889151851332	-15.59141049107602	138.0	21	1.05	0.95				
	202	2	59.088619552631584	12.183220526315791	0.0	0.0	2	1.029525247201862	-15.616980224995935	138.0	22	1.05	0.95				
	203	1	109.64898473684211	22.538957973684212	0.0	0.0	2	1.0178980741092587	-13.030440512487761	138.0	21	1.05	0.95				
	204	1	45.077915947368425	9.137415394736841	0.0	0.0	2	1.0159947695766551	-17.51434236412776	138.0	21	1.05	0.95				
	205	1	43.25043286842105	8.528254368421054	0.0	0.0	2	1.0317183159953565	-17.883505340109256	138.0	21	1.05	0.95				
	206	1	82.84589957894738	17.056508736842108	0.0	-100.0	2	1.0399130097561793	-19.734950269631486	138.0	22	1.05	0.95				
	207	2	76.14512828947369	15.229025657894738	0.0	0.0	2	0.9879604587273971	-28.801527494016224	138.0	22	1.05	0.95				
	208	1	104.16653550000001	21.32063592105263	0.0	0.0	2	0.9878580168927367	-25.86449353760876	138.0	22	1.05	0.95				
	209	1	106.60317960526315	21.92979694736842	0.0	0.0	2	1.0235760547274575	-16.58225129457158	138.0	23	1.05	0.95				
	210	1	118.78640013157894	24.366441052631583	0.0	0.0	2	1.05	-18.27082539709574	138.0	23	1.05	0.95				
	211	1	0.0	0.0	0.0	0.0	2	1.0173670889034203	-12.873322229720602	230.0	23	1.05	0.95				
	212	1	0.0	0.0	0.0	0.0	2	1.0154551299373589	-12.020895281900566	230.0	23	1.05	0.95				
	213	2	161.42767197368423	32.89469542105263	0.0	0.0	2	1.0188567475292893	-11.553993646279514	230.0	24	1.05	0.95				
	214	2	118.17723910526317	23.75728002631579	0.0	0.0	2	1.02845825586628	-9.511280992110338	230.0	26	1.05	0.95				
	215	2	193.10404534210525	38.986305684210535	0.0	0.0	2	1.0388320008031668	-0.7318161323094002	230.0	26	1.05	0.95				
	216	2	60.91610263157895	12.183220526315791	0.0	0.0	2	1.0421792157574505	-1.0442862587029977	230.0	26	1.05	0.95				
	217	1	0.0	0.0	0.0	0.0	2	1.0438069510896404	2.298103143895631	230.0	27	1.05	0.95				
	218	2	202.8506217631579	41.42294978947369	0.0	0.0	2	1.0452788027497109	2.5874705787212204	230.0	27	1.05	0.95				
	219	1	110.25814576315791	22.538957973684212	0.0	0.0	2	1.0416434455316568	-1.8585905824468083	230.0	25	1.05	0.95				
	220	1	77.97261136842107	15.838186684210529	0.0	0.0	2	1.0461033375646878	-1.4184133382666833	230.0	25	1.05	0.95				
	221	2	0.0	0.0	0.0	0.0	2	1.0448630738119407	2.2422128682241445	230.0	27	1.05	0.95				
	222	2	0.0	0.0	0.0	0.0	2	1.05	8.771427043651359	230.0	27	1.05	0.95				
	223	2	0.0	0.0	0.0	0.0	2	1.04999998024914	-0.733350051300044	230.0	25	1.05	0.95				
	224	1	0.0	0.0	0.0	0.0	2	1.0155936932378435	-5.295774894908813	230.0	26	1.05	0.95				
	301	2	49.81461563368421	10.147421703157896	0.0	0.0	3	1.0114187089286424	-9.016238842105771	138.0	31	1.05	0.95				
	302	2	44.74090478210526	9.224928821052632	0.0	0.0	3	1.0106607971163757	-9.284344795624778	138.0	32	1.05	0.95				
	303	1	83.02435938947369	17.066118318947368	0.0	0.0	3	1.04676174858509	1.8617778311282682	138.0	31	1.05	0.95				
	304	1	34.132236637894735	6.9186966157894725	0.0	0.0	3	1.0116366030344814	-7.980357843617967	138.0	31	1.05	0.95				
	305	1	32.74849731473684	6.4574501747368425	0.0	0.0	3	1.0249966501701058	-9.562031519000318	138.0	31	1.05	0.95				
	306	1	62.7295159831579	12.914900349473685	0.0	-100.0	3	1.0401419309758007	-10.411722185391598	138.0	32	1.05	0.95				
	307	2	57.65580513157895	11.53116102631579	0.0	0.0	3	0.9897288086624169	-15.131320915238508	138.0	32	1.05	0.95				
	308	1	78.87314142	16.143625436842104	0.0	0.0	3	0.996269316565987	-13.035228649912135	138.0	32	1.05	0.95				
	309	1	80.71812718421052	16.604871877894738	0.0	0.0	3	1.0269713547651635	-5.026432249174612	138.0	33	1.05	0.95				
	310	1	89.94305600526316	18.449857642105265	0.0	0.0	3	1.05	-8.623068830581095	138.0	33	1.05	0.95				
	311	1	0.0	0.0	0.0	0.0	3	1.0100636374837022	-3.6163455473697725	230.0	33	1.05	0.95				
	312	1	0.0	0.0	0.0	0.0	3	1.0141696016671253	-3.0808253849368668	230.0	33	1.05	0.95				
	313	2	122.23030687894736	24.907307816842106	0.0	0.0	3	1.0121602925189783	-0.7024131009243662	230.0	34	1.05	0.95				
	314	2	89.48180956421052	17.98861120105263	0.0	0.0	3	1.0076126995503158	-2.8565482578561903	230.0	36	1.05	0.95				
	315	2	146.21512181368422	29.519772227368424	0.0	0.0	3	1.040408521076393	0.8547459452323306	230.0	36	1.05	0.95				
	316	2	46.12464410526316	9.224928821052632	0.0	0.0	3	1.036752516108429	0.9478614787155778	230.0	36	1.05	0.95				
	317	1	0.0	0.0	0.0	0.0	3	1.0469052244516668	3.8842540819712355	230.0	37	1.05	0.95				
	318	2	153.59506487052633	31.36475799157895	0.0	0.0	3	1.0449992733116902	2.3994139104213303	230.0	37	1.05	0.95				
	319	1	83.48560583052632	17.066118318947368	0.0	0.0	3	1.0295435144499765	0.1967289801418873	230.0	35	1.05	0.95				
	320	1	59.03954445473685	11.992407467368421	0.0	0.0	3	1.0265575101333415	0.43321239763150754	230.0	35	1.05	0.95				
	321	2	0.0	0.0	0.0	0.0	3	1.0444618077991925	2.4711227476973976	230.0	37	1.05	0.95				
	322	2	0.0	0.0	0.0	0.0	3	1.05	7.360562659987175	230.0	37	1.05	0.95				
	323	2	0.0	0.0	0.0	0.0	3	1.0256718956563013	0.9196883283235554	230.0	35	1.05	0.95				
	324	1	0.0	0.0	0.0	0.0	3	1.0391674782451357	1.2433499733817446	230.0	36	1.05	0.95				
	325	1	0.0	0.0	0.0	0.0	3	1.0252545489348288	1.8489991996412343	230.0	35	1.05	0.95				
];
