%% MATPOWER Case Format : Version 2
function mpc = RTS_GMLC
mpc.version = '2';

%%-----  Power Flow Data  -----%%
%% system MVA base
mpc.baseMVA = 100.0;
%% bus data
%    bus_i    type    Pd    Qd    Gs    Bs    area    Vm    Va    baseKV    zone    Vmax    Vmin
mpc.bus = [
	101	2	72.90400789894737	14.850816423859648	0.0	0.0	1	1.048251612862236	-0.7042075930298916	138.0	11	1.05	0.95				
	102	2	65.47859968701754	13.500742203508773	0.0	0.0	1	1.0470691386605702	-1.0734458836440217	138.0	12	1.05	0.95				
	103	1	121.50667983157895	24.976373076491225	0.0	0.0	1	1.0282696369564817	-2.034616869311522	138.0	11	1.05	0.95				
	104	1	49.95274615298245	10.125556652631577	0.0	0.0	1	1.0260225335094426	-4.237574603175859	138.0	11	1.05	0.95				
	105	1	47.927634822456135	9.45051954245614	0.0	0.0	1	1.0395947398210774	-4.606328827743766	138.0	11	1.05	0.95				
	106	1	91.80504698385965	18.90103908491228	0.0	-100.0	1	1.0413241493687702	-7.493205650995806	138.0	12	1.05	0.95				
	107	2	84.37963877192982	16.875927754385962	0.0	0.0	1	1.0001175337916839	-14.086860671423967	138.0	12	1.05	0.95				
	108	1	115.43134583999999	23.626298856140348	0.0	0.0	1	0.9957686679994169	-12.70805102235922	138.0	12	1.05	0.95				
	109	1	118.13149428070176	24.301335966315786	0.0	0.0	1	1.0257297941353973	-5.144724091808665	138.0	13	1.05	0.95				
	110	1	131.63223648421052	27.001484407017546	0.0	0.0	1	1.05	-6.507955046233159	138.0	13	1.05	0.95				
	111	1	0.0	0.0	0.0	0.0	1	1.0133870875722326	-2.063038178806596	230.0	13	1.05	0.95				
	112	1	0.0	0.0	0.0	0.0	1	1.014936420196153	-1.5927916536965705	230.0	13	1.05	0.95				
	113	3	178.88483419649123	36.452003949473685	0.0	0.0	1	1.0136752869846513	-1.4309788536251648e-30	230.0	14	1.05	0.95				
	114	2	130.95719937403507	26.326447296842105	0.0	0.0	1	1.0173755270601603	-0.061621196345381504	230.0	16	1.05	0.95				
	115	2	213.986763925614	43.20237505122807	0.0	0.0	1	1.0446609924811647	7.718317925438101	230.0	16	1.05	0.95				
	116	2	67.50371101754385	13.500742203508773	0.0	0.0	1	1.0417325454927797	6.841442908477605	230.0	16	1.05	0.95				
	117	1	0.0	0.0	0.0	0.0	1	1.0450861751476042	10.100148341246687	230.0	17	1.05	0.95				
	118	2	224.78735768842105	45.90252349192983	0.0	0.0	1	1.0476179413628472	10.562758217096736	230.0	17	1.05	0.95				
	119	1	122.18171694175437	24.976373076491225	0.0	0.0	1	1.0339041469263135	5.150204653882231	230.0	15	1.05	0.95				
	120	1	86.40475010245613	17.5509648645614	0.0	0.0	1	1.0326780086025986	4.713477554586435	230.0	15	1.05	0.95				
	121	2	0.0	0.0	0.0	0.0	1	1.05	12.301116514556627	230.0	17	1.05	0.95				
	122	2	0.0	0.0	0.0	0.0	1	1.05	19.859336175278017	230.0	17	1.05	0.95				
	123	2	0.0	0.0	0.0	0.0	1	1.0336411551107667	4.9804108492343335	230.0	15	1.05	0.95				
	124	1	0.0	0.0	0.0	0.0	1	1.026281502924768	4.087708200217922	230.0	16	1.05	0.95				
	201	2	63.61341097263158	12.958287420350874	0.0	0.0	2	1.0248362182733115	-9.980496048556672	138.0	21	1.05	0.95				
	202	2	57.13426726245613	11.78026129122807	0.0	0.0	2	1.025829121485638	-9.75406752278831	138.0	22	1.05	0.95				
	203	1	106.02235162105262	21.79348338877193	0.0	0.0	2	1.0156002485861995	-9.46052983149555	138.0	21	1.05	0.95				
	204	1	43.58696677754386	8.835195968421052	0.0	0.0	2	1.0155898344141592	-10.705821157603703	138.0	21	1.05	0.95				
	205	1	41.819927583859645	8.24618290385965	0.0	0.0	2	1.030078708278704	-11.005098701765023	138.0	21	1.05	0.95				
	206	1	80.10577678035088	16.4923658077193	0.0	-100.0	2	1.0400244209967728	-12.094941392296192	138.0	22	1.05	0.95				
	207	2	73.62663307017543	14.725326614035087	0.0	0.0	2	0.9916260334592044	-20.562646824381353	138.0	22	1.05	0.95				
	208	1	100.72123404	20.61545725964912	0.0	0.0	2	0.9913454111672915	-17.74127615453863	138.0	22	1.05	0.95				
	209	1	103.0772862982456	21.204470324210522	0.0	0.0	2	1.025100778431063	-9.074582961193062	138.0	23	1.05	0.95				
	210	1	114.85754758947367	23.56052258245614	0.0	0.0	2	1.05	-10.162287061305234	138.0	23	1.05	0.95				
	211	1	0.0	0.0	0.0	0.0	2	1.013169672807004	-5.604678124851757	230.0	23	1.05	0.95				
	212	1	0.0	0.0	0.0	0.0	2	1.0163005183167688	-1.4340974016250265	230.0	23	1.05	0.95				
	213	2	156.08846210877192	31.80670548631579	0.0	0.0	2	1.0150112974174887	-2.983189004866001	230.0	24	1.05	0.95				
	214	2	114.26853452491225	22.971509517894738	0.0	0.0	2	1.0168396490644607	-3.847520249561397	230.0	26	1.05	0.95				
	215	2	186.7171414659649	37.69683613192982	0.0	0.0	2	1.0352097912988294	2.0546268670870385	230.0	26	1.05	0.95				
	216	2	58.90130645614035	11.78026129122807	0.0	0.0	2	1.0352396788012665	2.2376849000686945	230.0	26	1.05	0.95				
	217	1	0.0	0.0	0.0	0.0	2	1.0389161007673582	3.907975601030933	230.0	27	1.05	0.95				
	218	2	196.14135049894736	40.05288839017544	0.0	0.0	2	1.0385193769280088	3.7476813234730804	230.0	27	1.05	0.95				
	219	1	106.61136468561403	21.79348338877193	0.0	0.0	2	1.034398575966921	2.9538220705527705	230.0	25	1.05	0.95				
	220	1	75.39367226385964	15.31433967859649	0.0	0.0	2	1.0387251906420791	4.697384923931805	230.0	25	1.05	0.95				
	221	2	0.0	0.0	0.0	0.0	2	1.039572330970201	3.964673039590767	230.0	27	1.05	0.95				
	222	2	0.0	0.0	0.0	0.0	2	1.05	10.444457995424974	230.0	27	1.05	0.95				
	223	2	0.0	0.0	0.0	0.0	2	1.043108274873697	6.0854757156952415	230.0	25	1.05	0.95				
	224	1	0.0	0.0	0.0	0.0	2	1.0135587475205645	-2.2221939660297383	230.0	26	1.05	0.95				
	301	2	57.60455551578947	11.734261308771929	0.0	0.0	3	1.0020886727024672	1.2203303157063512	138.0	31	1.05	0.95				
	302	2	51.737424861403504	10.667510280701753	0.0	0.0	3	1.0016938611714306	1.117429702779493	138.0	32	1.05	0.95				
	303	1	96.00759252631578	19.734894019298245	0.0	0.0	3	1.0238396079503516	6.147481423273366	138.0	31	1.05	0.95				
	304	1	39.46978803859649	8.000632710526315	0.0	0.0	3	1.005471587460337	2.747251212240125	138.0	31	1.05	0.95				
	305	1	37.86966149649122	7.467257196491229	0.0	0.0	3	1.0184458364712692	2.4781136426234616	138.0	31	1.05	0.95				
	306	1	72.53906990877192	14.934514392982457	0.0	-100.0	3	1.0356420722656972	2.566507324436798	138.0	32	1.05	0.95				
	307	2	66.67193925438596	13.33438785087719	0.0	0.0	3	0.9927633733367534	-2.032224548015098	138.0	32	1.05	0.95				
	308	1	91.20721289999999	18.668142991228066	0.0	0.0	3	0.9999341946800532	0.38291462830387096	138.0	32	1.05	0.95				
	309	1	93.34071495614033	19.201518505263156	0.0	0.0	3	1.0264503097613524	6.2575960743714365	138.0	33	1.05	0.95				
	310	1	104.0082252368421	21.335020561403507	0.0	0.0	3	1.05	5.444186266749907	138.0	33	1.05	0.95				
	311	1	0.0	0.0	0.0	0.0	3	1.011163138535283	11.17828480105113	230.0	33	1.05	0.95				
	312	1	0.0	0.0	0.0	0.0	3	1.0158617191082755	11.89784744962546	230.0	33	1.05	0.95				
	313	2	141.34451121929823	28.802277757894736	0.0	0.0	3	1.023692663933071	17.200072732004404	230.0	34	1.05	0.95				
	314	2	103.47484972280701	20.80164504736842	0.0	0.0	3	1.0107629705354173	11.244445117988352	230.0	36	1.05	0.95				
	315	2	169.08003794912278	34.13603289824561	0.0	0.0	3	1.03035350723749	9.0956314748182	230.0	36	1.05	0.95				
	316	2	53.33755140350876	10.667510280701753	0.0	0.0	3	1.0294390515839424	9.84986637367384	230.0	36	1.05	0.95				
	317	1	0.0	0.0	0.0	0.0	3	1.0379696806154106	10.882856522155405	230.0	37	1.05	0.95				
	318	2	177.6140461736842	36.26953495438596	0.0	0.0	3	1.0360002121103382	9.544252803225463	230.0	37	1.05	0.95				
	319	1	96.54096804035088	19.734894019298245	0.0	0.0	3	1.027921796048785	11.346108020981386	230.0	35	1.05	0.95				
	320	1	68.27206579649122	13.86776336491228	0.0	0.0	3	1.027808427550449	12.302960859450684	230.0	35	1.05	0.95				
	321	2	0.0	0.0	0.0	0.0	3	1.0361449971778411	9.973175908717822	230.0	37	1.05	0.95				
	322	2	0.0	0.0	0.0	0.0	3	1.0499999121705552	14.637804259770025	230.0	37	1.05	0.95				
	323	2	0.0	0.0	0.0	0.0	3	1.0277330154074373	12.727045051049902	230.0	35	1.05	0.95				
	324	1	0.0	0.0	0.0	0.0	3	1.0245117437239608	9.719028830538951	230.0	36	1.05	0.95				
	325	1	0.0	0.0	0.0	0.0	3	1.0305339001487932	12.701880760973253	230.0	35	1.05	0.95				
];
