%% MATPOWER Case Format : Version 2
function mpc = RTS_GMLC
mpc.version = '2';

%%-----  Power Flow Data  -----%%
%% system MVA base
mpc.baseMVA = 100.0;
%% bus data
%    bus_i    type    Pd    Qd    Gs    Bs    area    Vm    Va    baseKV    zone    Vmax    Vmin
mpc.bus = [
	101	2	92.07521029894737	18.756061357192984	0.0	0.0	1	1.0458097276272948	-0.9947597229173173	138.0	11	1.05	0.95				
	102	2	82.69717962035087	17.050964870175438	0.0	0.0	1	1.0456133854001393	-1.149536655342671	138.0	12	1.05	0.95				
	103	1	153.45868383157895	31.544285009824556	0.0	0.0	1	1.021995842500683	-2.1950392472033813	138.0	11	1.05	0.95				
	104	1	63.08857001964911	12.788223652631578	0.0	0.0	1	1.0224210049314926	-4.695114325804569	138.0	11	1.05	0.95				
	105	1	60.530925289122806	11.935675409122808	0.0	0.0	1	1.0358163844511281	-5.166977479208921	138.0	11	1.05	0.95				
	106	1	115.946561117193	23.871350818245617	0.0	-100.0	1	1.0354754810364175	-8.290979646634407	138.0	12	1.05	0.95				
	107	2	106.56853043859648	21.313706087719297	0.0	0.0	1	1.05	-7.148750363177451	138.0	12	1.05	0.95				
	108	1	145.78574964	29.839188522807014	0.0	0.0	1	1.022553477605755	-9.274469948515048	138.0	12	1.05	0.95				
	109	1	149.1959426140351	30.691736766315785	0.0	0.0	1	1.0271010775734055	-5.15181730794613	138.0	13	1.05	0.95				
	110	1	166.2469074842105	34.101929740350876	0.0	0.0	1	1.05	-6.775220549980203	138.0	13	1.05	0.95				
	111	1	0.0	0.0	0.0	0.0	1	1.0168514222368783	-2.095727948946812	230.0	13	1.05	0.95				
	112	1	0.0	0.0	0.0	0.0	1	1.0185122230342716	-1.3507258995199813	230.0	13	1.05	0.95				
	113	3	225.92528452982458	46.037605149473684	0.0	0.0	1	1.0205410771616124	6.94023222678766e-29	230.0	14	1.05	0.95				
	114	2	165.39435924070173	33.249381496842105	0.0	0.0	1	1.0210544471783252	-0.050613622157796356	230.0	16	1.05	0.95				
	115	2	270.25779319228064	54.5630875845614	0.0	0.0	1	1.0429868163666436	8.87579589711767	230.0	16	1.05	0.95				
	116	2	85.25482435087719	17.050964870175438	0.0	0.0	1	1.042487201023434	8.04174920939969	230.0	16	1.05	0.95				
	117	1	0.0	0.0	0.0	0.0	1	1.04679715053727	11.791447416681926	230.0	17	1.05	0.95				
	118	2	283.89856508842104	57.9732805585965	0.0	0.0	1	1.0499976182129993	12.741871881090074	230.0	17	1.05	0.95				
	119	1	154.31123207508773	31.544285009824556	0.0	0.0	1	1.0367020678775916	6.278354734535518	230.0	15	1.05	0.95				
	120	1	109.1261751691228	22.166254331228068	0.0	0.0	1	1.0390053500831504	5.984625246760875	230.0	15	1.05	0.95				
	121	2	0.0	0.0	0.0	0.0	1	1.05	13.924017834119296	230.0	17	1.05	0.95				
	122	2	0.0	0.0	0.0	0.0	1	1.05	19.839332896010255	230.0	17	1.05	0.95				
	123	2	0.0	0.0	0.0	0.0	1	1.0427311569039717	6.451294229976697	230.0	15	1.05	0.95				
	124	1	0.0	0.0	0.0	0.0	1	1.0212873087840135	4.7699324267137975	230.0	16	1.05	0.95				
	201	2	97.05210135157895	19.76987249754386	0.0	0.0	2	1.05	-16.143877938129116	138.0	21	1.05	0.95				
	202	2	87.16716510280702	17.972611361403512	0.0	0.0	2	1.05	-16.246335252050514	138.0	22	1.05	0.95				
	203	1	161.7535022526316	33.24933101859649	0.0	0.0	2	1.0232630065323007	-11.498847707824904	138.0	21	1.05	0.95				
	204	1	66.49866203719299	13.479458521052631	0.0	0.0	2	1.0195941483791846	-17.033096157757058	138.0	21	1.05	0.95				
	205	1	63.80277033298246	12.580827952982457	0.0	0.0	2	1.0377085479206487	-17.63757144032049	138.0	21	1.05	0.95				
	206	1	122.21375725754389	25.161655905964913	0.0	-100.0	2	1.0352337082847476	-19.325313188212096	138.0	22	1.05	0.95				
	207	2	112.32882100877192	22.465764201754386	0.0	0.0	2	0.95	-29.11822966896298	138.0	22	1.05	0.95				
	208	1	153.66582714	31.45206988245614	0.0	0.0	2	0.953442272253091	-26.07342570326323	138.0	22	1.05	0.95				
	209	1	157.2603494122807	32.35070045052632	0.0	0.0	2	1.024239345145811	-14.050032886653185	138.0	23	1.05	0.95				
	210	1	175.23296077368423	35.945222722807024	0.0	0.0	2	1.0482064860152067	-16.349967040493325	138.0	23	1.05	0.95				
	211	1	0.0	0.0	0.0	0.0	2	1.03234493451795	-9.3809398458866	230.0	23	1.05	0.95				
	212	1	0.0	0.0	0.0	0.0	2	1.0256324158064332	-4.571787227819397	230.0	23	1.05	0.95				
	213	2	238.1371005385965	48.52605067578948	0.0	0.0	2	1.05	-5.81755660897762	230.0	24	1.05	0.95				
	214	2	174.33433020561404	35.04659215473684	0.0	0.0	2	1.05	-6.957767458687259	230.0	26	1.05	0.95				
	215	2	284.8658900782456	57.51235635649123	0.0	0.0	2	1.0437976950914258	2.2270170876191804	230.0	26	1.05	0.95				
	216	2	89.86305680701754	17.972611361403512	0.0	0.0	2	1.0478045329284167	2.042582852220283	230.0	26	1.05	0.95				
	217	1	0.0	0.0	0.0	0.0	2	1.0489857854970173	5.217505795406446	230.0	27	1.05	0.95				
	218	2	299.2439791673684	61.106878628771945	0.0	0.0	2	1.05	5.7632964633172765	230.0	27	1.05	0.95				
	219	1	162.65213282070178	33.24933101859649	0.0	0.0	2	1.0417581329476195	1.8120822784916197	230.0	25	1.05	0.95				
	220	1	115.02471271298246	23.364394769824564	0.0	0.0	2	1.044927193961542	3.2936820310634554	230.0	25	1.05	0.95				
	221	2	0.0	0.0	0.0	0.0	2	1.05	6.314495387697845	230.0	27	1.05	0.95				
	222	2	0.0	0.0	0.0	0.0	2	1.05	12.395993589145286	230.0	27	1.05	0.95				
	223	2	0.0	0.0	0.0	0.0	2	1.05	4.755655832410165	230.0	25	1.05	0.95				
	224	1	0.0	0.0	0.0	0.0	2	1.0186090726386896	-2.87124396416137	230.0	26	1.05	0.95				
	301	2	75.84941474526316	15.450806707368422	0.0	0.0	3	0.9907116956052764	-2.711366828014633	138.0	31	1.05	0.95				
	302	2	68.12401139157896	14.046187915789474	0.0	0.0	3	0.9918332890567738	-2.8159830413208304	138.0	32	1.05	0.95				
	303	1	126.41569124210528	25.98544764421053	0.0	0.0	3	1.0060948211131453	2.569920810419282	138.0	31	1.05	0.95				
	304	1	51.97089528842106	10.534640936842106	0.0	0.0	3	0.9880867016355804	-0.2578233297902763	138.0	31	1.05	0.95				
	305	1	49.86396710105263	9.832331541052634	0.0	0.0	3	1.0007058683545529	-0.5161563017546092	138.0	31	1.05	0.95				
	306	1	95.51407782736842	19.664663082105267	0.0	-100.0	3	1.014323858537045	-0.07688006543364787	138.0	32	1.05	0.95				
	307	2	87.78867447368421	17.557734894736843	0.0	0.0	3	0.9709836504246587	-5.738578084900161	138.0	32	1.05	0.95				
	308	1	120.09490668000001	24.58082885263158	0.0	0.0	3	0.9768202350121631	-2.342509275058758	138.0	32	1.05	0.95				
	309	1	122.9041442631579	25.283138248421054	0.0	0.0	3	1.0118371824496126	4.782628488079425	138.0	33	1.05	0.95				
	310	1	136.95033217894738	28.09237583157895	0.0	0.0	3	1.0331562969097539	4.0036204494421135	138.0	33	1.05	0.95				
	311	1	0.0	0.0	0.0	0.0	3	1.0048231475743366	11.902227689875806	230.0	33	1.05	0.95				
	312	1	0.0	0.0	0.0	0.0	3	1.0085655877324424	13.092402376794407	230.0	33	1.05	0.95				
	313	2	186.11198988421054	37.92470737263158	0.0	0.0	3	1.033699262978076	20.41760794375927	230.0	34	1.05	0.95				
	314	2	136.24802278315792	27.39006643578947	0.0	0.0	3	1.0121566068345007	11.69817683985146	230.0	36	1.05	0.95				
	315	2	222.63207846526316	44.94780133052632	0.0	0.0	3	1.0377402392902804	9.156905845873215	230.0	36	1.05	0.95				
	316	2	70.23093957894737	14.046187915789474	0.0	0.0	3	1.0360689561685985	10.269979562860657	230.0	36	1.05	0.95				
	317	1	0.0	0.0	0.0	0.0	3	1.0415491527676242	10.045953658167708	230.0	37	1.05	0.95				
	318	2	233.86902879789474	47.75703891368421	0.0	0.0	3	1.0415616108004486	9.29714329076534	230.0	37	1.05	0.95				
	319	1	127.11800063789474	25.98544764421053	0.0	0.0	3	1.0327822881406843	12.044817340995188	230.0	35	1.05	0.95				
	320	1	89.89560266105264	18.260044290526317	0.0	0.0	3	1.03339070886388	13.57207143626487	230.0	35	1.05	0.95				
	321	2	0.0	0.0	0.0	0.0	3	1.0437712621909228	10.785706581905185	230.0	37	1.05	0.95				
	322	2	0.0	0.0	0.0	0.0	3	1.05	14.820907619324133	230.0	37	1.05	0.95				
	323	2	0.0	0.0	0.0	0.0	3	1.0340944470611757	14.188717743685206	230.0	35	1.05	0.95				
	324	1	0.0	0.0	0.0	0.0	3	1.0195545353051028	8.60958142476537	230.0	36	1.05	0.95				
	325	1	0.0	0.0	0.0	0.0	3	1.0363402933019201	14.174065814874824	230.0	35	1.05	0.95				
];
