%% MATPOWER Case Format : Version 2
function mpc = RTS_GMLC
mpc.version = '2';

%%-----  Power Flow Data  -----%%
%% system MVA base
mpc.baseMVA = 100.0;
%% bus data
%    bus_i    type    Pd    Qd    Gs    Bs    area    Vm    Va    baseKV    zone    Vmax    Vmin
mpc.bus = [
	101	2	57.68728351578949	11.751113308771933	0.0	0.0	1	1.0294701663970987	-0.1657252654234501	138.0	11	1.05	0.95				
	102	2	51.811726861403514	10.682830280701756	0.0	0.0	1	1.028365589524251	-0.5022566750609762	138.0	12	1.05	0.95				
	103	1	96.14547252631581	19.76323601929825	0.0	0.0	1	1.0211275071742425	1.5005548664898518	138.0	11	1.05	0.95				
	104	1	39.5264720385965	8.012122710526317	0.0	0.0	1	1.0165058571163321	-3.1491116020663927	138.0	11	1.05	0.95				
	105	1	37.924047496491234	7.47798119649123	0.0	0.0	1	1.0324684305493508	-3.2529635012858535	138.0	11	1.05	0.95				
	106	1	72.64324590877195	14.95596239298246	0.0	-100.0	1	1.0413874803504166	-5.5512938365073285	138.0	12	1.05	0.95				
	107	2	66.76768925438597	13.353537850877196	0.0	0.0	1	0.9973874806288977	-12.41755319578734	138.0	12	1.05	0.95				
	108	1	91.33819890000001	18.69495299122807	0.0	0.0	1	0.9977535885941692	-10.475401858344759	138.0	12	1.05	0.95				
	109	1	93.47476495614036	19.229094505263163	0.0	0.0	1	1.0231201240629304	-3.1337856434763576	138.0	13	1.05	0.95				
	110	1	104.15759523684211	21.365660561403512	0.0	0.0	1	1.05	-4.684468337521623	138.0	13	1.05	0.95				
	111	1	0.0	0.0	0.0	0.0	1	1.0132263316913654	-0.033948949781312035	230.0	13	1.05	0.95				
	112	1	0.0	0.0	0.0	0.0	1	1.0128905268398676	-1.0608285513982965	230.0	13	1.05	0.95				
	113	3	141.54750121929825	28.843641757894744	0.0	0.0	1	1.006261863479115	9.93651124544717e-32	230.0	14	1.05	0.95				
	114	2	103.62345372280703	20.831519047368424	0.0	0.0	1	1.0259328569101644	3.8097728487829507	230.0	16	1.05	0.95				
	115	2	169.32285994912283	34.18505689824562	0.0	0.0	1	1.0354421248395065	14.785000041434207	230.0	16	1.05	0.95				
	116	2	53.41415140350878	10.682830280701756	0.0	0.0	1	1.0317257467957117	12.607757518672328	230.0	16	1.05	0.95				
	117	1	0.0	0.0	0.0	0.0	1	1.0375252449646302	19.26568961940859	230.0	17	1.05	0.95				
	118	2	177.86912417368424	36.32162295438597	0.0	0.0	1	1.05	20.247105714659252	230.0	17	1.05	0.95				
	119	1	96.6796140403509	19.76323601929825	0.0	0.0	1	1.023239895436892	7.870671446915451	230.0	15	1.05	0.95				
	120	1	68.37011379649124	13.887679364912284	0.0	0.0	1	1.0248463693305019	4.773463172763076	230.0	15	1.05	0.95				
	121	2	0.0	0.0	0.0	0.0	1	1.05	22.455185791293346	230.0	17	1.05	0.95				
	122	2	0.0	0.0	0.0	0.0	1	1.05	38.72595783433456	230.0	17	1.05	0.95				
	123	2	0.0	0.0	0.0	0.0	1	1.0275116785137002	3.4832861045571377	230.0	15	1.05	0.95				
	124	1	0.0	0.0	0.0	0.0	1	1.0133407032028605	9.823666591910444	230.0	16	1.05	0.95				
	201	2	51.47552338105263	10.485754762807018	0.0	0.0	2	1.0102189021902743	-15.287282589266932	138.0	21	1.05	0.95				
	202	2	46.23264599964912	9.532504329824562	0.0	0.0	2	1.0093580814627339	-15.565962960222382	138.0	22	1.05	0.95				
	203	1	85.79253896842106	17.635133010175437	0.0	0.0	2	1.0146747364199526	-11.196618313183945	138.0	21	1.05	0.95				
	204	1	35.270266020350874	7.149378247368421	0.0	0.0	2	1.009643247427983	-14.813729340935696	138.0	21	1.05	0.95				
	205	1	33.840390370877195	6.672753030877193	0.0	0.0	2	1.0240646559224782	-15.288501421572505	138.0	21	1.05	0.95				
	206	1	64.82102944280702	13.345506061754387	0.0	-100.0	2	1.039401638872824	-15.862483604908297	138.0	22	1.05	0.95				
	207	2	59.578152061403514	11.915630412280702	0.0	0.0	2	0.9920119535004355	-21.64071838269501	138.0	22	1.05	0.95				
	208	1	81.50291202	16.681882577192983	0.0	0.0	2	0.9965670068112431	-19.446666481076598	138.0	22	1.05	0.95				
	209	1	83.40941288596491	17.158507793684212	0.0	0.0	2	1.0245253099820735	-12.23391565079712	138.0	23	1.05	0.95				
	210	1	92.94191721578947	19.065008659649124	0.0	0.0	2	1.05	-13.756164099533661	138.0	23	1.05	0.95				
	211	1	0.0	0.0	0.0	0.0	2	1.0124620349292137	-8.421330522909667	230.0	23	1.05	0.95				
	212	1	0.0	0.0	0.0	0.0	2	1.0123724326033248	-6.766390200371805	230.0	23	1.05	0.95				
	213	2	126.30568237017543	25.737761690526316	0.0	0.0	2	1.0159587252452653	-5.9757681083712075	230.0	24	1.05	0.95				
	214	2	92.46529199929824	18.588383443157895	0.0	0.0	2	1.0163299637107168	-5.952071310571561	230.0	26	1.05	0.95				
	215	2	151.0901936277193	30.5040138554386	0.0	0.0	2	1.0309484729747065	-0.006876195844573645	230.0	26	1.05	0.95				
	216	2	47.66252164912281	9.532504329824562	0.0	0.0	2	1.0337847141306324	0.42245753098888633	230.0	26	1.05	0.95				
	217	1	0.0	0.0	0.0	0.0	2	1.0355052464724785	1.5017915657340337	230.0	27	1.05	0.95				
	218	2	158.71619709157895	32.41051472140351	0.0	0.0	2	1.0339175673952075	0.8674181734354272	230.0	27	1.05	0.95				
	219	1	86.26916418491228	17.635133010175437	0.0	0.0	2	1.037130267606347	1.971195941992646	230.0	25	1.05	0.95				
	220	1	61.0080277108772	12.392255628771931	0.0	0.0	2	1.0442829701033058	4.209543005639778	230.0	25	1.05	0.95				
	221	2	0.0	0.0	0.0	0.0	2	1.0355497138706427	1.3800883858748545	230.0	27	1.05	0.95				
	222	2	0.0	0.0	0.0	0.0	2	1.05	7.926118845018042	230.0	27	1.05	0.95				
	223	2	0.0	0.0	0.0	0.0	2	1.05	5.776443439694901	230.0	25	1.05	0.95				
	224	1	0.0	0.0	0.0	0.0	2	1.0110183273790216	-4.175405567152148	230.0	26	1.05	0.95				
	301	2	40.35052197473684	8.219550772631578	0.0	0.0	3	1.009640880278891	27.888601999111785	138.0	31	1.05	0.95				
	302	2	36.240746588421054	7.472318884210526	0.0	0.0	3	1.009711440690384	27.555285128858856	138.0	32	1.05	0.95				
	303	1	67.25086995789474	13.823789935789474	0.0	0.0	3	1.047511022950067	41.16277894869447	138.0	31	1.05	0.95				
	304	1	27.647579871578948	5.604239163157895	0.0	0.0	3	1.0115965742112731	28.732394078004123	138.0	31	1.05	0.95				
	305	1	26.526732038947365	5.230623218947369	0.0	0.0	3	1.0251897875968818	26.256335096774617	138.0	31	1.05	0.95				
	306	1	50.81176841263157	10.461246437894738	0.0	-100.0	3	1.0421413483483941	24.881184090665077	138.0	32	1.05	0.95				
	307	2	46.70199302631578	9.340398605263157	0.0	0.0	3	0.9681808346224137	22.121114898784032	138.0	32	1.05	0.95				
	308	1	63.88832646	13.076558047368419	0.0	0.0	3	0.9865255805533645	23.67386272861851	138.0	32	1.05	0.95				
	309	1	65.3827902368421	13.450173991578945	0.0	0.0	3	1.0241691291824042	31.237239999784123	138.0	33	1.05	0.95				
	310	1	72.85510912105264	14.944637768421051	0.0	0.0	3	1.05	25.83718174636489	138.0	33	1.05	0.95				
	311	1	0.0	0.0	0.0	0.0	3	1.0116419712536378	28.910217236105385	230.0	33	1.05	0.95				
	312	1	0.0	0.0	0.0	0.0	3	1.0179431823716651	29.03139814414928	230.0	33	1.05	0.95				
	313	2	99.00822521578947	20.17526098736842	0.0	0.0	3	1.0153498972512376	30.54695719089703	230.0	34	1.05	0.95				
	314	2	72.48149317684211	14.571021824210526	0.0	0.0	3	1.004163070986717	27.929578653202785	230.0	36	1.05	0.95				
	315	2	118.43625431473683	23.911420429473683	0.0	0.0	3	1.0439358561950884	29.23400365310449	230.0	36	1.05	0.95				
	316	2	37.36159442105263	7.472318884210526	0.0	0.0	3	1.0313537596710871	28.775489359810276	230.0	36	1.05	0.95				
	317	1	0.0	0.0	0.0	0.0	3	1.05	31.58189309863108	230.0	37	1.05	0.95				
	318	2	124.41410942210527	25.405884206315786	0.0	0.0	3	1.05	28.521715903812044	230.0	37	1.05	0.95				
	319	1	67.62448590210526	13.823789935789474	0.0	0.0	3	1.0258839454372293	27.539894581225113	230.0	35	1.05	0.95				
	320	1	47.822840858947366	9.714014549473685	0.0	0.0	3	1.0235988784021643	27.19132913908852	230.0	35	1.05	0.95				
	321	2	0.0	0.0	0.0	0.0	3	1.048339387648282	29.408624730481677	230.0	37	1.05	0.95				
	322	2	0.0	0.0	0.0	0.0	3	1.05	34.60749394965359	230.0	37	1.05	0.95				
	323	2	0.0	0.0	0.0	0.0	3	1.0226061418621404	27.290585879304505	230.0	35	1.05	0.95				
	324	1	0.0	0.0	0.0	0.0	3	1.041493621826367	33.79382917240694	230.0	36	1.05	0.95				
	325	1	0.0	0.0	0.0	0.0	3	1.0263134870283186	26.88806172081851	230.0	35	1.05	0.95				
];
