%% MATPOWER Case Format : Version 2
function mpc = RTS_GMLC
mpc.version = '2';

%%-----  Power Flow Data  -----%%
%% system MVA base
mpc.baseMVA = 100.0;
%% bus data
%    bus_i    type    Pd    Qd    Gs    Bs    area    Vm    Va    baseKV    zone    Vmax    Vmin
mpc.bus = [
	101	2	75.96338445473685	15.474022759298247	0.0	0.0	1	1.0329479526116105	-1.2646599519942414	138.0	11	1.05	0.95				
	102	2	68.22637307508772	14.06729341754386	0.0	0.0	1	1.0329551414772629	-1.3131119796935151	138.0	12	1.05	0.95				
	103	1	126.60564075789476	26.024492822456143	0.0	0.0	1	1.021394933488579	-2.1668196208418165	138.0	11	1.05	0.95				
	104	1	52.048985644912285	10.550470063157896	0.0	0.0	1	1.0170906521017529	-4.218002809723197	138.0	11	1.05	0.95				
	105	1	49.9388916322807	9.847105392280703	0.0	0.0	1	1.0321038940062004	-4.21315995069502	138.0	11	1.05	0.95				
	106	1	95.65759523929826	19.694210784561406	0.0	-100.0	1	1.03764344028125	-6.5050716173796035	138.0	12	1.05	0.95				
	107	2	87.92058385964913	17.584116771929825	0.0	0.0	1	1.0462818745591975	-1.7955022223284471	138.0	12	1.05	0.95				
	108	1	120.27535871999999	24.617763480701754	0.0	0.0	1	1.0245572331366524	-5.0557521446306755	138.0	12	1.05	0.95				
	109	1	123.08881740350878	25.321128151578947	0.0	0.0	1	1.0265564656884165	-3.748949207186626	138.0	13	1.05	0.95				
	110	1	137.15611082105264	28.13458683508772	0.0	0.0	1	1.05	-4.982629896956155	138.0	13	1.05	0.95				
	111	1	0.0	0.0	0.0	0.0	1	1.012595126162742	-1.2656240882506757	230.0	13	1.05	0.95				
	112	1	0.0	0.0	0.0	0.0	1	1.015329066115962	-0.29734872649360117	230.0	13	1.05	0.95				
	113	3	186.39163778245614	37.98169222736843	0.0	0.0	1	1.0119564709027802	-4.874658605614316e-28	230.0	14	1.05	0.95				
	114	2	136.45274615017544	27.431222164210528	0.0	0.0	1	1.013962142903207	0.7871971010705151	230.0	16	1.05	0.95				
	115	2	222.96660066807016	45.01533893614035	0.0	0.0	1	1.0442361952657495	8.208781175312593	230.0	16	1.05	0.95				
	116	2	70.3364670877193	14.06729341754386	0.0	0.0	1	1.0421438433034007	7.908725788278897	230.0	16	1.05	0.95				
	117	1	0.0	0.0	0.0	0.0	1	1.0465399418053403	10.819987001508974	230.0	17	1.05	0.95				
	118	2	234.22043540210527	47.82879761964913	0.0	0.0	1	1.0490126954414003	11.293661128833218	230.0	17	1.05	0.95				
	119	1	127.30900542877195	26.024492822456143	0.0	0.0	1	1.0370133388855391	7.028332210718633	230.0	15	1.05	0.95				
	120	1	90.0306778722807	18.287481442807017	0.0	0.0	1	1.0386458679010844	7.594690703100143	230.0	15	1.05	0.95				
	121	2	0.0	0.0	0.0	0.0	1	1.05	11.758536448779433	230.0	17	1.05	0.95				
	122	2	0.0	0.0	0.0	0.0	1	1.05	19.08262692526413	230.0	17	1.05	0.95				
	123	2	0.0	0.0	0.0	0.0	1	1.0415087165266197	8.425794790056761	230.0	15	1.05	0.95				
	124	1	0.0	0.0	0.0	0.0	1	1.022699444205412	4.369618433644368	230.0	16	1.05	0.95				
	201	2	69.86935307368422	14.23264599649123	0.0	0.0	2	1.0335390400809312	-7.687206611122658	138.0	21	1.05	0.95				
	202	2	62.7530300754386	12.938769087719301	0.0	0.0	2	1.0336081504704393	-7.770126008261646	138.0	22	1.05	0.95				
	203	1	116.4489217894737	23.936722812280703	0.0	0.0	2	1.0285375925113878	-5.211350129817832	138.0	21	1.05	0.95				
	204	1	47.873445624561406	9.704076815789474	0.0	0.0	2	1.018221112573528	-9.759478854596642	138.0	21	1.05	0.95				
	205	1	45.93263026140351	9.05713836140351	0.0	0.0	2	1.0334356000402738	-10.106176626002876	138.0	21	1.05	0.95				
	206	1	87.98362979649124	18.11427672280702	0.0	-100.0	2	1.0397691733470702	-12.073984364426618	138.0	22	1.05	0.95				
	207	2	80.86730679824562	16.173461359649124	0.0	0.0	2	0.9829058973141446	-21.76067374458287	138.0	22	1.05	0.95				
	208	1	110.62647570000001	22.642845903508775	0.0	0.0	2	0.9834909671702037	-18.620556917951937	138.0	22	1.05	0.95				
	209	1	113.21422951754387	23.28978435789474	0.0	0.0	2	1.0256155358186279	-8.765421841552431	138.0	23	1.05	0.95				
	210	1	126.15299860526316	25.877538175438602	0.0	0.0	2	1.05	-10.517382629282864	138.0	23	1.05	0.95				
	211	1	0.0	0.0	0.0	0.0	2	1.0185221333857468	-4.818183615063614	230.0	23	1.05	0.95				
	212	1	0.0	0.0	0.0	0.0	2	1.0170133037737856	-3.9035189228895635	230.0	23	1.05	0.95				
	213	2	171.4386904122807	34.93467653684211	0.0	0.0	2	1.0217455100663848	-2.5643773085376615	230.0	24	1.05	0.95				
	214	2	125.5060601508772	25.23059972105263	0.0	0.0	2	1.0291332073259725	-2.006385200290055	230.0	26	1.05	0.95				
	215	2	205.0794900403509	41.40406108070176	0.0	0.0	2	1.0437123895852114	5.8396276815337	230.0	26	1.05	0.95				
	216	2	64.6938454385965	12.938769087719301	0.0	0.0	2	1.045983107233074	5.881724849677469	230.0	26	1.05	0.95				
	217	1	0.0	0.0	0.0	0.0	2	1.0482447539745594	9.102739430899394	230.0	27	1.05	0.95				
	218	2	215.4305053105263	43.99181489824562	0.0	0.0	2	1.0499999968573488	10.017388801726511	230.0	27	1.05	0.95				
	219	1	117.09586024385968	23.936722812280703	0.0	0.0	2	1.0434609435201398	5.095298783072518	230.0	25	1.05	0.95				
	220	1	82.80812216140352	16.82039981403509	0.0	0.0	2	1.0466162102206098	5.624365667855644	230.0	25	1.05	0.95				
	221	2	0.0	0.0	0.0	0.0	2	1.05	10.339722937449896	230.0	27	1.05	0.95				
	222	2	0.0	0.0	0.0	0.0	2	1.05	16.366128724238646	230.0	27	1.05	0.95				
	223	2	0.0	0.0	0.0	0.0	2	1.05	6.385695264993856	230.0	25	1.05	0.95				
	224	1	0.0	0.0	0.0	0.0	2	1.0241990023554886	1.7178665315782953	230.0	26	1.05	0.95				
	301	2	61.49952545684212	12.527681111578948	0.0	0.0	3	1.0118443028992599	-19.07242339467896	138.0	31	1.05	0.95				
	302	2	55.235684901052636	11.388801010526317	0.0	0.0	3	1.0107327248632032	-19.3142564029921	138.0	32	1.05	0.95				
	303	1	102.49920909473687	21.069281869473684	0.0	0.0	3	1.0373098052301402	-8.535910569025015	138.0	31	1.05	0.95				
	304	1	42.13856373894737	8.541600757894738	0.0	0.0	3	1.0090802981416636	-17.599543633117708	138.0	31	1.05	0.95				
	305	1	40.43024358736842	7.972160707368422	0.0	0.0	3	1.0234801540759024	-18.913344575940638	138.0	31	1.05	0.95				
	306	1	77.44384687157896	15.944321414736844	0.0	-100.0	3	1.036991472307908	-19.465336066159537	138.0	32	1.05	0.95				
	307	2	71.18000631578948	14.236001263157897	0.0	0.0	3	0.9937181987184923	-24.787325410590434	138.0	32	1.05	0.95				
	308	1	97.37424864	19.930401768421056	0.0	0.0	3	0.9946771586641793	-22.577221244078384	138.0	32	1.05	0.95				
	309	1	99.65200884210527	20.49984181894737	0.0	0.0	3	1.0270892152604647	-13.8730654394034	138.0	33	1.05	0.95				
	310	1	111.04080985263158	22.777602021052633	0.0	0.0	3	1.05	-16.92638516276015	138.0	33	1.05	0.95				
	311	1	0.0	0.0	0.0	0.0	3	1.0170926007948782	-9.97137767996445	230.0	33	1.05	0.95				
	312	1	0.0	0.0	0.0	0.0	3	1.016200606309177	-9.734334843675677	230.0	33	1.05	0.95				
	313	2	150.9016133894737	30.74976272842106	0.0	0.0	3	1.0204701334050887	-6.868865108433703	230.0	34	1.05	0.95				
	314	2	110.47136980210527	22.20816197052632	0.0	0.0	3	1.0282837631725592	-7.275649350013026	230.0	36	1.05	0.95				
	315	2	180.5124960168421	36.444163233684215	0.0	0.0	3	1.0476427816601053	-0.09774171193247876	230.0	36	1.05	0.95				
	316	2	56.94400505263159	11.388801010526317	0.0	0.0	3	1.0469774687664266	-0.04691561648033476	230.0	36	1.05	0.95				
	317	1	0.0	0.0	0.0	0.0	3	1.05	3.4055807635630937	230.0	37	1.05	0.95				
	318	2	189.6235368252632	38.72192343578948	0.0	0.0	3	1.048224286991549	3.10232014471326	230.0	37	1.05	0.95				
	319	1	103.06864914526317	21.069281869473684	0.0	0.0	3	1.0402531663158614	-1.9847199797645305	230.0	35	1.05	0.95				
	320	1	72.88832646736843	14.805441313684211	0.0	0.0	3	1.0394464564082595	-2.6022607071169768	230.0	35	1.05	0.95				
	321	2	0.0	0.0	0.0	0.0	3	1.05	3.6902365186592254	230.0	37	1.05	0.95				
	322	2	0.0	0.0	0.0	0.0	3	1.05	9.1405328603792	230.0	37	1.05	0.95				
	323	2	0.0	0.0	0.0	0.0	3	1.040111207519822	-2.5179551181438105	230.0	35	1.05	0.95				
	324	1	0.0	0.0	0.0	0.0	3	1.0330002375315483	-3.2557832052269595	230.0	36	1.05	0.95				
	325	1	0.0	0.0	0.0	0.0	3	1.0368551750833124	-1.3297050442424827	230.0	35	1.05	0.95				
];
