%% MATPOWER Case Format : Version 2
function mpc = RTS_GMLC
mpc.version = '2';

%%-----  Power Flow Data  -----%%
%% system MVA base
mpc.baseMVA = 100.0;
%% bus data
%    bus_i    type    Pd    Qd    Gs    Bs    area    Vm    Va    baseKV    zone    Vmax    Vmin
mpc.bus = [
	101	2	91.18010887578947	18.573725882105265	0.0	0.0	1	1.0417618536006281	-2.63213804928721	138.0	11	1.05	0.95				
	102	2	81.89324593473685	16.885205347368423	0.0	0.0	1	1.0419258184031983	-2.6649521416793527	138.0	12	1.05	0.95				
	103	1	151.9668481263158	31.23762989263158	0.0	0.0	1	1.0213996301084127	-3.723161404516029	138.0	11	1.05	0.95				
	104	1	62.47525978526316	12.663904010526316	0.0	0.0	1	1.0212450192364193	-5.641968057334544	138.0	11	1.05	0.95				
	105	1	59.9424789831579	11.819643743157897	0.0	0.0	1	1.0343793314652079	-6.153730082336829	138.0	11	1.05	0.95				
	106	1	114.81939636210528	23.639287486315794	0.0	-100.0	1	1.0352971917843854	-8.879165508940966	138.0	12	1.05	0.95				
	107	2	105.53253342105265	21.106506684210526	0.0	0.0	1	1.05	-5.152864507481987	138.0	12	1.05	0.95				
	108	1	144.36850572	29.549109357894736	0.0	0.0	1	1.0229037730590897	-8.25056554097404	138.0	12	1.05	0.95				
	109	1	147.74554678947368	30.393369625263155	0.0	0.0	1	1.0276015491571806	-5.561777774329128	138.0	13	1.05	0.95				
	110	1	164.63075213684212	33.770410694736846	0.0	0.0	1	1.05	-7.100449312282976	138.0	13	1.05	0.95				
	111	1	0.0	0.0	0.0	0.0	1	1.0169107853886559	-2.5037433050667164	230.0	13	1.05	0.95				
	112	1	0.0	0.0	0.0	0.0	1	1.0184376038105178	-1.3410486768330678	230.0	13	1.05	0.95				
	113	3	223.7289708526316	45.590054437894736	0.0	0.0	1	1.0211894524565666	4.671740828522142e-28	230.0	14	1.05	0.95				
	114	2	163.7864918694737	32.92615042736842	0.0	0.0	1	1.0203524682304548	-0.8543785999433128	230.0	16	1.05	0.95				
	115	2	267.63050475578945	54.03265711157895	0.0	0.0	1	1.0449521837305988	6.813701911107421	230.0	16	1.05	0.95				
	116	2	84.4260267368421	16.885205347368423	0.0	0.0	1	1.0445231122418455	6.602709682495494	230.0	16	1.05	0.95				
	117	1	0.0	0.0	0.0	0.0	1	1.047753974165376	9.5570711596153	230.0	17	1.05	0.95				
	118	2	281.1386690336842	57.40969818105264	0.0	0.0	1	1.0495211069335943	10.186893578832336	230.0	17	1.05	0.95				
	119	1	152.8111083936842	31.23762989263158	0.0	0.0	1	1.0391254815597222	5.759737095950755	230.0	15	1.05	0.95				
	120	1	108.0653142231579	21.95076695157895	0.0	0.0	1	1.041539480252811	6.361672935302973	230.0	15	1.05	0.95				
	121	2	0.0	0.0	0.0	0.0	1	1.05	10.83844174635881	230.0	17	1.05	0.95				
	122	2	0.0	0.0	0.0	0.0	1	1.05	16.847360124435983	230.0	17	1.05	0.95				
	123	2	0.0	0.0	0.0	0.0	1	1.045507541114829	7.309559666867504	230.0	15	1.05	0.95				
	124	1	0.0	0.0	0.0	0.0	1	1.022942071610229	2.917066654751231	230.0	16	1.05	0.95				
	201	2	86.63119787368421	17.647095863157894	0.0	0.0	2	1.0366491669614681	-9.338863507977388	138.0	21	1.05	0.95				
	202	2	77.80764994210526	16.042814421052633	0.0	0.0	2	1.0385344559716658	-9.478243134569388	138.0	22	1.05	0.95				
	203	1	144.3853297894737	29.679206678947367	0.0	0.0	2	1.027139658248316	-7.098820459060251	138.0	21	1.05	0.95				
	204	1	59.35841335789473	12.032110815789473	0.0	0.0	2	1.018428942333192	-10.968931164527682	138.0	21	1.05	0.95				
	205	1	56.95199119473684	11.229970094736844	0.0	0.0	2	1.0330414528901777	-11.296096924193721	138.0	21	1.05	0.95				
	206	1	109.09113806315791	22.459940189473688	0.0	-100.0	2	1.0366103296023141	-13.15150942050791	138.0	22	1.05	0.95				
	207	2	100.26759013157896	20.05351802631579	0.0	0.0	2	0.95	-24.935170080948758	138.0	22	1.05	0.95				
	208	1	137.1660633	28.074925236842102	0.0	0.0	2	0.9565430172481818	-21.01593312298485	138.0	22	1.05	0.95				
	209	1	140.3746261842105	28.877065957894736	0.0	0.0	2	1.0276344164686557	-8.952865895632506	138.0	23	1.05	0.95				
	210	1	156.41744060526315	32.085628842105265	0.0	0.0	2	1.05	-10.755717117677047	138.0	23	1.05	0.95				
	211	1	0.0	0.0	0.0	0.0	2	1.0334284872752748	-4.2315192841703215	230.0	23	1.05	0.95				
	212	1	0.0	0.0	0.0	0.0	2	1.0283684953140533	-0.5966558870384702	230.0	23	1.05	0.95				
	213	2	212.56729107894733	43.31559893684211	0.0	0.0	2	1.05	-0.17786398404711184	230.0	24	1.05	0.95				
	214	2	155.61529988421051	31.28348812105263	0.0	0.0	2	1.05	-2.4063774079068496	230.0	26	1.05	0.95				
	215	2	254.2786085736842	51.33700614736843	0.0	0.0	2	1.0459831542379074	5.064833104189208	230.0	26	1.05	0.95				
	216	2	80.21407210526316	16.042814421052633	0.0	0.0	2	1.05	5.123384018984281	230.0	26	1.05	0.95				
	217	1	0.0	0.0	0.0	0.0	2	1.0499886303572206	7.99515235079897	230.0	27	1.05	0.95				
	218	2	267.11286011052636	54.54556903157896	0.0	0.0	2	1.05	8.732230154088002	230.0	27	1.05	0.95				
	219	1	145.1874705105263	29.679206678947367	0.0	0.0	2	1.0440991857730744	4.799512520555533	230.0	25	1.05	0.95				
	220	1	102.67401229473685	20.855658747368423	0.0	0.0	2	1.0461659625438853	6.0152317331969565	230.0	25	1.05	0.95				
	221	2	0.0	0.0	0.0	0.0	2	1.05	9.233337296781416	230.0	27	1.05	0.95				
	222	2	0.0	0.0	0.0	0.0	2	1.05	15.25948706379478	230.0	27	1.05	0.95				
	223	2	0.0	0.0	0.0	0.0	2	1.05	7.264150346919462	230.0	25	1.05	0.95				
	224	1	0.0	0.0	0.0	0.0	2	1.0236008864198847	0.5417132792701913	230.0	26	1.05	0.95				
	301	2	86.56058209263159	17.632711167017543	0.0	0.0	3	0.9951932981440909	-16.577647205834204	138.0	31	1.05	0.95				
	302	2	77.74422650912281	16.029737424561404	0.0	0.0	3	0.9955360498242039	-16.87389886238747	138.0	32	1.05	0.95				
	303	1	144.26763682105263	29.6550142354386	0.0	0.0	3	1.0148337493709314	-6.625747636031803	138.0	31	1.05	0.95				
	304	1	59.3100284708772	12.022303068421051	0.0	0.0	3	0.984530580316608	-14.436925312993004	138.0	31	1.05	0.95				
	305	1	56.90556785719297	11.220816197192983	0.0	0.0	3	0.9987588908279322	-15.186066843197212	138.0	31	1.05	0.95				
	306	1	109.00221448701754	22.441632394385966	0.0	-100.0	3	1.007042712604761	-15.30350328158652	138.0	32	1.05	0.95				
	307	2	100.18585890350877	20.037171780701755	0.0	0.0	3	0.9737730756379954	-18.53116387889439	138.0	32	1.05	0.95				
	308	1	137.05425498	28.052040492982456	0.0	0.0	3	0.9724764892228089	-16.508735401689588	138.0	32	1.05	0.95				
	309	1	140.26020246491228	28.853527364210525	0.0	0.0	3	1.0065175565379034	-9.03019500091815	138.0	33	1.05	0.95				
	310	1	156.2899398894737	32.05947484912281	0.0	0.0	3	1.0263500498789146	-11.100561910918781	138.0	33	1.05	0.95				
	311	1	0.0	0.0	0.0	0.0	3	1.0002725376713455	-3.091119192908339	230.0	33	1.05	0.95				
	312	1	0.0	0.0	0.0	0.0	3	1.0022193704534965	-1.73181996201725	230.0	33	1.05	0.95				
	313	2	212.3940208754386	43.280291046315796	0.0	0.0	3	1.0225214345664904	4.052067987431537	230.0	34	1.05	0.95				
	314	2	155.48845301824562	31.257987977894736	0.0	0.0	3	1.0096867658581967	-2.5689587794630144	230.0	36	1.05	0.95				
	315	2	254.07133817929824	51.29515975859648	0.0	0.0	3	1.0374988145119899	-0.32857423899798777	230.0	36	1.05	0.95				
	316	2	80.14868712280702	16.029737424561404	0.0	0.0	3	1.0340471592034182	0.23126798214499117	230.0	36	1.05	0.95				
	317	1	0.0	0.0	0.0	0.0	3	1.040500131968505	2.009255188484179	230.0	37	1.05	0.95				
	318	2	266.89512811894735	54.50110724350877	0.0	0.0	3	1.0410670796453088	1.80958010574965	230.0	37	1.05	0.95				
	319	1	145.0691236922807	29.6550142354386	0.0	0.0	3	1.0278115119870845	0.43214272908135154	230.0	35	1.05	0.95				
	320	1	102.59031951719297	20.838658651929826	0.0	0.0	3	1.0279302127848144	1.4020755196581476	230.0	35	1.05	0.95				
	321	2	0.0	0.0	0.0	0.0	3	1.0439001604422093	2.7800539052653264	230.0	37	1.05	0.95				
	322	2	0.0	0.0	0.0	0.0	3	1.05	8.241872706163946	230.0	37	1.05	0.95				
	323	2	0.0	0.0	0.0	0.0	3	1.0294788470926073	2.1110588141344038	230.0	35	1.05	0.95				
	324	1	0.0	0.0	0.0	0.0	3	1.0222210805323995	-1.4400359607651085	230.0	36	1.05	0.95				
	325	1	0.0	0.0	0.0	0.0	3	1.029617432414161	2.858855548938308	230.0	35	1.05	0.95				
];
