%% MATPOWER Case Format : Version 2
function mpc = RTS_GMLC
mpc.version = '2';

%%-----  Power Flow Data  -----%%
%% system MVA base
mpc.baseMVA = 100.0;
%% bus data
%    bus_i    type    Pd    Qd    Gs    Bs    area    Vm    Va    baseKV    zone    Vmax    Vmin
mpc.bus = [
	101	2	57.17961405473685	11.647699159298247	0.0	0.0	1	1.034886894647792	2.381448132343301	138.0	11	1.05	0.95				
	102	2	51.35576447508773	10.588817417543861	0.0	0.0	1	1.0348931834714095	2.3393619298217927	138.0	12	1.05	0.95				
	103	1	95.29935675789474	19.589312222456144	0.0	0.0	1	1.0258479141690595	0.11153578491824498	138.0	11	1.05	0.95				
	104	1	39.17862444491229	7.941613063157896	0.0	0.0	1	1.0204732754410735	-1.158925180436495	138.0	11	1.05	0.95				
	105	1	37.5903018322807	7.412172192280704	0.0	0.0	1	1.0350955448361006	-0.975179625123872	138.0	11	1.05	0.95				
	106	1	72.00395843929826	14.824344384561408	0.0	-100.0	1	1.0428039587665867	-3.350799073217447	138.0	12	1.05	0.95				
	107	2	66.18010885964914	13.236021771929826	0.0	0.0	1	1.030522438969023	-2.8210880821688424	138.0	12	1.05	0.95				
	108	1	90.53438892000001	18.530430480701757	0.0	0.0	1	1.0205544088724974	-4.261863355509894	138.0	12	1.05	0.95				
	109	1	92.65215240350878	19.05987135157895	0.0	0.0	1	1.0255079248640213	-1.8869227215131725	138.0	13	1.05	0.95				
	110	1	103.24096982105264	21.177634835087723	0.0	0.0	1	1.05	-2.716427733937323	138.0	13	1.05	0.95				
	111	1	0.0	0.0	0.0	0.0	1	1.0053220013117186	-0.28488420885021354	230.0	13	1.05	0.95				
	112	1	0.0	0.0	0.0	0.0	1	1.0106530096565522	0.24933220620221558	230.0	13	1.05	0.95				
	113	3	140.30183078245614	28.589807027368426	0.0	0.0	1	0.9991509643892861	-3.525949818288969e-30	230.0	14	1.05	0.95				
	114	2	102.71152895017546	20.648193964210527	0.0	0.0	1	1.0016421124598454	1.6012770852324174	230.0	16	1.05	0.95				
	115	2	167.8327560680702	33.884215736140355	0.0	0.0	1	1.0390879939986073	7.868681820180188	230.0	16	1.05	0.95				
	116	2	52.9440870877193	10.588817417543861	0.0	0.0	1	1.0351593983384557	7.377440892929462	230.0	16	1.05	0.95				
	117	1	0.0	0.0	0.0	0.0	1	1.042123096005724	9.383628555107416	230.0	17	1.05	0.95				
	118	2	176.30381000210528	36.00197921964913	0.0	0.0	1	1.0445154879664298	9.458812503124063	230.0	17	1.05	0.95				
	119	1	95.82879762877195	19.589312222456144	0.0	0.0	1	1.0290301622834308	6.263082024022597	230.0	15	1.05	0.95				
	120	1	67.76843147228071	13.76546264280702	0.0	0.0	1	1.0278912326192975	6.313496262346042	230.0	15	1.05	0.95				
	121	2	0.0	0.0	0.0	0.0	1	1.048303855885802	10.50793271053309	230.0	17	1.05	0.95				
	122	2	0.0	0.0	0.0	0.0	1	1.05	16.930347384119838	230.0	17	1.05	0.95				
	123	2	0.0	0.0	0.0	0.0	1	1.0283024664814273	6.74565340038477	230.0	15	1.05	0.95				
	124	1	0.0	0.0	0.0	0.0	1	1.024165118874787	4.976872943078756	230.0	16	1.05	0.95				
	201	2	63.20541474947369	12.875177078596492	0.0	0.0	2	1.0323626011099638	-9.393072113425177	138.0	21	1.05	0.95				
	202	2	56.76782621017544	11.704706435087719	0.0	0.0	2	1.0325547817177503	-9.471807543889105	138.0	22	1.05	0.95				
	203	1	105.34235791578948	21.65370690491228	0.0	0.0	2	1.0226150636541624	-7.31553128992178	138.0	21	1.05	0.95				
	204	1	43.30741380982456	8.77852982631579	0.0	0.0	2	1.0179208997674853	-11.715500233566079	138.0	21	1.05	0.95				
	205	1	41.551707844561406	8.193294504561404	0.0	0.0	2	1.0335708824753553	-12.000728404371237	138.0	21	1.05	0.95				
	206	1	79.59200375859649	16.386589009122808	0.0	-100.0	2	1.0411855809553079	-14.019552210502283	138.0	22	1.05	0.95				
	207	2	73.15441521929824	14.630883043859649	0.0	0.0	2	0.9878288250664254	-22.8528066377229	138.0	22	1.05	0.95				
	208	1	100.07524002	20.48323626140351	0.0	0.0	2	0.9890053584574892	-20.054548873888766	138.0	22	1.05	0.95				
	209	1	102.41618130701755	21.068471583157894	0.0	0.0	2	1.0238131004396607	-11.174534569148333	138.0	23	1.05	0.95				
	210	1	114.12088774210527	23.409412870175437	0.0	0.0	2	1.05	-12.794651112837972	138.0	23	1.05	0.95				
	211	1	0.0	0.0	0.0	0.0	2	1.0144292153707402	-8.027434954485258	230.0	23	1.05	0.95				
	212	1	0.0	0.0	0.0	0.0	2	1.0146569556373382	-7.0237063684060725	230.0	23	1.05	0.95				
	213	2	155.08736026491226	31.602707374736845	0.0	0.0	2	1.0147273182206804	-6.692009480112355	230.0	24	1.05	0.95				
	214	2	113.53565242035089	22.824177548421055	0.0	0.0	2	1.0211742183692167	-5.222595731363233	230.0	26	1.05	0.95				
	215	2	185.51959699614036	37.4550605922807	0.0	0.0	2	1.0337458503187567	2.3128359345995717	230.0	26	1.05	0.95				
	216	2	58.523532175438596	11.704706435087719	0.0	0.0	2	1.0371313782234575	2.3151090093553703	230.0	26	1.05	0.95				
	217	1	0.0	0.0	0.0	0.0	2	1.0399334969269365	5.170081135803793	230.0	27	1.05	0.95				
	218	2	194.88336214421054	39.796001879298245	0.0	0.0	2	1.0412194945670392	5.554374901835253	230.0	27	1.05	0.95				
	219	1	105.92759323754386	21.65370690491228	0.0	0.0	2	1.0380162383069271	1.9359192728956796	230.0	25	1.05	0.95				
	220	1	74.9101211845614	15.216118365614037	0.0	0.0	2	1.0434251002501986	2.7160636360125543	230.0	25	1.05	0.95				
	221	2	0.0	0.0	0.0	0.0	2	1.0409336158890214	5.234223161305369	230.0	27	1.05	0.95				
	222	2	0.0	0.0	0.0	0.0	2	1.05	11.712332068469507	230.0	27	1.05	0.95				
	223	2	0.0	0.0	0.0	0.0	2	1.047861072030198	3.5707597531997917	230.0	25	1.05	0.95				
	224	1	0.0	0.0	0.0	0.0	2	1.0176086456406803	-1.289856627193104	230.0	26	1.05	0.95				
	301	2	50.39544448421053	10.26573869122807	0.0	0.0	3	1.008705434037003	-16.700979805032457	138.0	31	1.05	0.95				
	302	2	45.26257513859649	9.332489719298247	0.0	0.0	3	1.0080461056146737	-16.850528328817592	138.0	32	1.05	0.95				
	303	1	83.99240747368421	17.265105980701755	0.0	0.0	3	1.0286824000601318	-9.828573868644575	138.0	31	1.05	0.95				
	304	1	34.53021196140351	6.9993672894736845	0.0	0.0	3	1.009967909487079	-15.378654554566333	138.0	31	1.05	0.95				
	305	1	33.130338503508774	6.532742803508773	0.0	0.0	3	1.0232903352398286	-16.26100190065088	138.0	31	1.05	0.95				
	306	1	63.46093009122807	13.065485607017546	0.0	-100.0	3	1.0393501736628417	-16.56265288938524	138.0	32	1.05	0.95				
	307	2	58.32806074561404	11.665612149122808	0.0	0.0	3	0.9928719179950254	-21.7212218623747	138.0	32	1.05	0.95				
	308	1	79.7927871	16.33185700877193	0.0	0.0	3	0.9979059352944136	-19.587025328187256	138.0	32	1.05	0.95				
	309	1	81.65928504385965	16.79848149473684	0.0	0.0	3	1.0265060776423207	-12.266257633493858	138.0	33	1.05	0.95				
	310	1	90.99177476315789	18.664979438596493	0.0	0.0	3	1.05	-14.319993942358218	138.0	33	1.05	0.95				
	311	1	0.0	0.0	0.0	0.0	3	1.0112646083520531	-8.120882364911626	230.0	33	1.05	0.95				
	312	1	0.0	0.0	0.0	0.0	3	1.0122331722236435	-7.91030441656715	230.0	33	1.05	0.95				
	313	2	123.65548878070176	25.197722242105264	0.0	0.0	3	1.012426832033021	-4.890172141198352	230.0	34	1.05	0.95				
	314	2	90.52515027719298	18.19835495263158	0.0	0.0	3	1.0176428780051747	-5.717875306168734	230.0	36	1.05	0.95				
	315	2	147.9199620508772	29.863967101754383	0.0	0.0	3	1.0437410493441692	0.18337879922481126	230.0	36	1.05	0.95				
	316	2	46.66244859649123	9.332489719298247	0.0	0.0	3	1.0421668560204114	0.43215451668835725	230.0	36	1.05	0.95				
	317	1	0.0	0.0	0.0	0.0	3	1.0485732092812505	3.3232399744260546	230.0	37	1.05	0.95				
	318	2	155.38595382631578	31.730465045614036	0.0	0.0	3	1.0478558339369723	2.922006772710427	230.0	37	1.05	0.95				
	319	1	84.45903195964912	17.265105980701755	0.0	0.0	3	1.034956863643229	-1.1287664306378924	230.0	35	1.05	0.95				
	320	1	59.72793420350877	12.13223663508772	0.0	0.0	3	1.0323461683081299	-1.6015118413221536	230.0	35	1.05	0.95				
	321	2	0.0	0.0	0.0	0.0	3	1.0495424322773987	3.5228191390151737	230.0	37	1.05	0.95				
	322	2	0.0	0.0	0.0	0.0	3	1.05	7.789398560326735	230.0	37	1.05	0.95				
	323	2	0.0	0.0	0.0	0.0	3	1.0315722118980504	-1.5070700573848328	230.0	35	1.05	0.95				
	324	1	0.0	0.0	0.0	0.0	3	1.0255614890542148	-3.549263590198174	230.0	36	1.05	0.95				
	325	1	0.0	0.0	0.0	0.0	3	1.0300022344618636	-0.4923218073592188	230.0	35	1.05	0.95				
];
