%% MATPOWER Case Format : Version 2
function mpc = RTS_GMLC
mpc.version = '2';

%%-----  Power Flow Data  -----%%
%% system MVA base
mpc.baseMVA = 100.0;
%% bus data
%    bus_i    type    Pd    Qd    Gs    Bs    area    Vm    Va    baseKV    zone    Vmax    Vmin
mpc.bus = [
	101	2	91.66105887157894	18.67169717754386	0.0	0.0	1	1.0469601231695262	-0.43851342372976326	138.0	11	1.05	0.95				
	102	2	82.32521028280702	16.97427016140351	0.0	0.0	1	1.0467830300545713	-0.5959042726094917	138.0	12	1.05	0.95				
	103	1	152.76843145263157	31.40239979859649	0.0	0.0	1	1.0236812179353234	-1.9159013050939286	138.0	11	1.05	0.95				
	104	1	62.80479959719298	12.73070262105263	0.0	0.0	1	1.0233298209975286	-4.283005718353052	138.0	11	1.05	0.95				
	105	1	60.258659072982454	11.881989112982456	0.0	0.0	1	1.036291600182506	-4.782038050680692	138.0	11	1.05	0.95				
	106	1	115.42503709754386	23.763978225964912	0.0	-100.0	1	1.035720205662309	-7.999298981562668	138.0	12	1.05	0.95				
	107	2	106.08918850877194	21.217837701754387	0.0	0.0	1	1.05	-7.736902035744114	138.0	12	1.05	0.95				
	108	1	145.13000988	29.70497278245614	0.0	0.0	1	1.0226345219158766	-9.525698188432589	138.0	12	1.05	0.95				
	109	1	148.5248639122807	30.553686290526315	0.0	0.0	1	1.0273419379217517	-4.980156145065851	138.0	13	1.05	0.95				
	110	1	165.4991340736842	33.94854032280702	0.0	0.0	1	1.05	-6.584671920858971	138.0	13	1.05	0.95				
	111	1	0.0	0.0	0.0	0.0	1	1.016225542596613	-2.039605876030645	230.0	13	1.05	0.95				
	112	1	0.0	0.0	0.0	0.0	1	1.01856430267632	-1.1670347099865745	230.0	13	1.05	0.95				
	113	3	224.9090796385965	45.83052943578947	0.0	0.0	1	1.0199564400329992	-1.0170234895220689e-26	230.0	14	1.05	0.95				
	114	2	164.65042056561404	33.09982681473684	0.0	0.0	1	1.0192105941646983	-0.060356378349708466	230.0	16	1.05	0.95				
	115	2	269.0421820582456	54.31766451649123	0.0	0.0	1	1.0440318986317019	8.561920806466231	230.0	16	1.05	0.95				
	116	2	84.87135080701755	16.97427016140351	0.0	0.0	1	1.0433724789020447	7.892596495660087	230.0	16	1.05	0.95				
	117	1	0.0	0.0	0.0	0.0	1	1.0472752622099357	11.447234331101095	230.0	17	1.05	0.95				
	118	2	282.6215981873684	57.71251854877193	0.0	0.0	1	1.0499992766645292	12.352364990563624	230.0	17	1.05	0.95				
	119	1	153.61714496070175	31.40239979859649	0.0	0.0	1	1.038237471930194	6.446773422717049	230.0	15	1.05	0.95				
	120	1	108.63532903298245	22.06655120982456	0.0	0.0	1	1.0408165449076796	6.3987304609334075	230.0	15	1.05	0.95				
	121	2	0.0	0.0	0.0	0.0	1	1.05	13.259956390386165	230.0	17	1.05	0.95				
	122	2	0.0	0.0	0.0	0.0	1	1.05	19.064592623644742	230.0	17	1.05	0.95				
	123	2	0.0	0.0	0.0	0.0	1	1.044709245730869	6.9948535913906715	230.0	15	1.05	0.95				
	124	1	0.0	0.0	0.0	0.0	1	1.0233025031660357	4.674982643605567	230.0	16	1.05	0.95				
	201	2	91.66315126736843	18.67212340631579	0.0	0.0	2	1.05	-18.076615178629645	138.0	21	1.05	0.95				
	202	2	82.32708956421052	16.974657642105264	0.0	0.0	2	1.05	-18.262717900123246	138.0	22	1.05	0.95				
	203	1	152.77191877894737	31.40311663789474	0.0	0.0	2	1.0230449762104514	-13.01018852310101	138.0	21	1.05	0.95				
	204	1	62.80623327578948	12.730993231578946	0.0	0.0	2	1.0199995195710871	-19.619573207767125	138.0	21	1.05	0.95				
	205	1	60.26003462947368	11.882260349473686	0.0	0.0	2	1.038502520646503	-20.20023284523018	138.0	21	1.05	0.95				
	206	1	115.4276719663158	23.764520698947372	0.0	-100.0	2	1.0368473710067074	-22.211715484642525	138.0	22	1.05	0.95				
	207	2	106.0916102631579	21.21832205263158	0.0	0.0	2	0.95	-32.833076389969754	138.0	22	1.05	0.95				
	208	1	145.13332284	29.70565087368421	0.0	0.0	2	0.9544507078813086	-29.43926084506099	138.0	22	1.05	0.95				
	209	1	148.52825436842105	30.554383755789477	0.0	0.0	2	1.0228246797720457	-17.313453867149033	138.0	23	1.05	0.95				
	210	1	165.5029120105263	33.94931528421053	0.0	0.0	2	1.0485463027284974	-19.724145154758464	138.0	23	1.05	0.95				
	211	1	0.0	0.0	0.0	0.0	2	1.0309325753761969	-11.910109441994292	230.0	23	1.05	0.95				
	212	1	0.0	0.0	0.0	0.0	2	1.0212808342793163	-10.665451466758086	230.0	23	1.05	0.95				
	213	2	224.91421375789474	45.83157563368422	0.0	0.0	2	1.05	-8.343288702842717	230.0	24	1.05	0.95				
	214	2	164.65417912842105	33.10058240210527	0.0	0.0	2	1.05	-8.734949493577249	230.0	26	1.05	0.95				
	215	2	269.0483236273684	54.31890445473685	0.0	0.0	2	1.0437199222785525	1.53245038483278	230.0	26	1.05	0.95				
	216	2	84.87328821052633	16.974657642105264	0.0	0.0	2	1.0475751196769245	1.0351681728677602	230.0	26	1.05	0.95				
	217	1	0.0	0.0	0.0	0.0	2	1.0488565515552226	4.677211653695319	230.0	27	1.05	0.95				
	218	2	282.6280497410527	57.7138359831579	0.0	0.0	2	1.05	5.270699962725447	230.0	27	1.05	0.95				
	219	1	153.62065166105265	31.40311663789474	0.0	0.0	2	1.0423146324837202	0.20326969854844545	230.0	25	1.05	0.95				
	220	1	108.6378089094737	22.067054934736845	0.0	0.0	2	1.0454982283228995	1.0671685272779343	230.0	25	1.05	0.95				
	221	2	0.0	0.0	0.0	0.0	2	1.05	5.752935199849359	230.0	27	1.05	0.95				
	222	2	0.0	0.0	0.0	0.0	2	1.05	11.842767483814935	230.0	27	1.05	0.95				
	223	2	0.0	0.0	0.0	0.0	2	1.05	2.1559081125648114	230.0	25	1.05	0.95				
	224	1	0.0	0.0	0.0	0.0	2	1.0172554025855065	-3.869332951480905	230.0	26	1.05	0.95				
	301	2	69.97279342736843	14.253717179649126	0.0	0.0	3	1.0009167162863304	-5.280927854323673	138.0	31	1.05	0.95				
	302	2	62.84593483754386	12.957924708771932	0.0	0.0	3	1.0006410749147965	-5.362410142933055	138.0	32	1.05	0.95				
	303	1	116.62132237894738	23.97216071122807	0.0	0.0	3	1.0164301636237134	-0.44502454021136884	138.0	31	1.05	0.95				
	304	1	47.94432142245614	9.718443531578949	0.0	0.0	3	1.002234524419921	-3.1428020680919104	138.0	31	1.05	0.95				
	305	1	46.00063271614035	9.070547296140353	0.0	0.0	3	1.0155458231479106	-3.407337886349832	138.0	31	1.05	0.95				
	306	1	88.11388801964914	18.141094592280705	0.0	-100.0	3	1.0316456590401053	-3.078075040923797	138.0	32	1.05	0.95				
	307	2	80.98702942982456	16.197405885964912	0.0	0.0	3	0.9965965894568403	-7.259592251293981	138.0	32	1.05	0.95				
	308	1	110.79025626	22.67636824035088	0.0	0.0	3	1.0026350790213359	-4.301137150348105	138.0	32	1.05	0.95				
	309	1	113.38184120175438	23.324264475789473	0.0	0.0	3	1.0270145508703032	1.30838707902447	138.0	33	1.05	0.95				
	310	1	126.33976591052631	25.915849417543864	0.0	0.0	3	1.05	0.5365488169276441	138.0	33	1.05	0.95				
	311	1	0.0	0.0	0.0	0.0	3	1.0173726974422403	7.394592629785049	230.0	33	1.05	0.95				
	312	1	0.0	0.0	0.0	0.0	3	1.020650280738181	8.391878860967852	230.0	33	1.05	0.95				
	313	2	171.6925023912281	34.986396713684215	0.0	0.0	3	1.0379995443082886	14.311413160581374	230.0	34	1.05	0.95				
	314	2	125.69186967508772	25.26795318210527	0.0	0.0	3	1.021600668381986	7.687595069610163	230.0	36	1.05	0.95				
	315	2	205.38310663403513	41.46535906807018	0.0	0.0	3	1.0380841926509177	6.215642022697929	230.0	36	1.05	0.95				
	316	2	64.78962354385965	12.957924708771932	0.0	0.0	3	1.0370080243968025	6.914648882619722	230.0	36	1.05	0.95				
	317	1	0.0	0.0	0.0	0.0	3	1.0423275391035018	7.307467471964136	230.0	37	1.05	0.95				
	318	2	215.74944640105267	44.05694400982457	0.0	0.0	3	1.0426885879511552	6.703009732265367	230.0	37	1.05	0.95				
	319	1	117.26921861438598	23.97216071122807	0.0	0.0	3	1.033675899480584	7.7396069101734435	230.0	35	1.05	0.95				
	320	1	82.93071813614036	16.84530212140351	0.0	0.0	3	1.0351192958062732	9.14363937134467	230.0	35	1.05	0.95				
	321	2	0.0	0.0	0.0	0.0	3	1.0447114005515477	8.200396114346882	230.0	37	1.05	0.95				
	322	2	0.0	0.0	0.0	0.0	3	1.05	13.308067539415656	230.0	37	1.05	0.95				
	323	2	0.0	0.0	0.0	0.0	3	1.0365670107143559	9.878991746396212	230.0	35	1.05	0.95				
	324	1	0.0	0.0	0.0	0.0	3	1.0236218636572887	5.636839309392596	230.0	36	1.05	0.95				
	325	1	0.0	0.0	0.0	0.0	3	1.0378343713101412	10.171408141440473	230.0	35	1.05	0.95				
];

%% generator data
%    bus    Pg    Qg    Qmax    Qmin    Vg    mBase    status    Pmax    Pmin    Pc1    Pc2    Qc1min    Qc1max    Qc2min    Qc2max    ramp_agc    ramp_10    ramp_30    ramp_q    apf
