%% MATPOWER Case Format : Version 2
function mpc = RTS_GMLC
mpc.version = '2';

%%-----  Power Flow Data  -----%%
%% system MVA base
mpc.baseMVA = 100.0;
%% bus data
%    bus_i    type    Pd    Qd    Gs    Bs    area    Vm    Va    baseKV    zone    Vmax    Vmin
mpc.bus = [
	101	2	91.03315191157894	18.543790204210524	0.0	0.0	1	1.034207909692336	-3.98820890502101	138.0	11	1.05	0.95				
	102	2	81.76125680947368	16.857991094736843	0.0	0.0	1	1.0344170220017666	-4.025832919192788	138.0	12	1.05	0.95				
	103	1	151.72191985263157	31.187283525263155	0.0	0.0	1	1.0157928626699966	-3.2133684073602735	138.0	11	1.05	0.95				
	104	1	62.37456705052631	12.643493321052631	0.0	0.0	1	1.0148537716080137	-6.902694996831941	138.0	11	1.05	0.95				
	105	1	59.84586838631578	11.80059376631579	0.0	0.0	1	1.0307847012385787	-7.086017905462924	138.0	11	1.05	0.95				
	106	1	114.63433944421053	23.60118753263158	0.0	-100.0	1	1.0337768813752768	-9.5714158455736	138.0	12	1.05	0.95				
	107	2	105.36244434210526	21.07248886842105	0.0	0.0	1	1.05	-7.397754788448555	138.0	12	1.05	0.95				
	108	1	144.13582386	29.50148441578947	0.0	0.0	1	1.0227160453721462	-9.704278625011158	138.0	12	1.05	0.95				
	109	1	147.50742207894737	30.344383970526312	0.0	0.0	1	1.0263642950939256	-5.848107913212552	138.0	13	1.05	0.95				
	110	1	164.3654131736842	33.715982189473685	0.0	0.0	1	1.05	-7.570427260777065	138.0	13	1.05	0.95				
	111	1	0.0	0.0	0.0	0.0	1	1.0193348811266865	-2.0943537544706805	230.0	13	1.05	0.95				
	112	1	0.0	0.0	0.0	0.0	1	1.0188776157961776	-1.4310497199949355	230.0	13	1.05	0.95				
	113	3	223.36838200526316	45.51657595578947	0.0	0.0	1	1.0234602099228591	8.611270063723496e-28	230.0	14	1.05	0.95				
	114	2	163.52251361894736	32.873082634736846	0.0	0.0	1	1.0287791944175009	0.6484220887703671	230.0	16	1.05	0.95				
	115	2	267.19915885157894	53.94557150315789	0.0	0.0	1	1.04197387590802	10.319840222378593	230.0	16	1.05	0.95				
	116	2	84.2899554736842	16.857991094736843	0.0	0.0	1	1.042650677747278	9.708743456385626	230.0	16	1.05	0.95				
	117	1	0.0	0.0	0.0	0.0	1	1.0447373071048602	14.201701282990047	230.0	17	1.05	0.95				
	118	2	280.6855517273684	57.31716972210526	0.0	0.0	1	1.05	14.710847309728472	230.0	17	1.05	0.95				
	119	1	152.56481940736842	31.187283525263155	0.0	0.0	1	1.0387698221022381	7.60591408268019	230.0	15	1.05	0.95				
	120	1	107.89114300631579	21.915388423157893	0.0	0.0	1	1.043342736168852	7.231322476798349	230.0	15	1.05	0.95				
	121	2	0.0	0.0	0.0	0.0	1	1.05	15.409112800175949	230.0	17	1.05	0.95				
	122	2	0.0	0.0	0.0	0.0	1	1.05	28.6586429592737	230.0	17	1.05	0.95				
	123	2	0.0	0.0	0.0	0.0	1	1.0482397536069448	7.64089208838594	230.0	15	1.05	0.95				
	124	1	0.0	0.0	0.0	0.0	1	1.0150023158993913	5.319532036357905	230.0	16	1.05	0.95				
	201	2	97.49409726315791	19.859908701754385	0.0	0.0	2	1.05	-14.871573385000142	138.0	21	1.05	0.95				
	202	2	87.5641429122807	18.054462456140353	0.0	0.0	2	1.05	-14.908879841265051	138.0	22	1.05	0.95				
	203	1	162.49016210526318	33.40075554385965	0.0	0.0	2	1.0230825758637547	-11.386724861222097	138.0	21	1.05	0.95				
	204	1	66.8015110877193	13.540846842105264	0.0	0.0	2	1.0188559354020887	-16.521091649260523	138.0	21	1.05	0.95				
	205	1	64.09334171929825	12.638123719298248	0.0	0.0	2	1.0367334855419004	-17.01488243227649	138.0	21	1.05	0.95				
	206	1	122.77034470175441	25.276247438596496	0.0	-100.0	2	1.033567437615602	-19.051296603960896	138.0	22	1.05	0.95				
	207	2	112.8403903508772	22.56807807017544	0.0	0.0	2	0.95	-28.98947642861288	138.0	22	1.05	0.95				
	208	1	154.365654	31.595309298245617	0.0	0.0	2	0.9528620055504956	-26.067538882399944	138.0	22	1.05	0.95				
	209	1	157.97654649122808	32.49803242105263	0.0	0.0	2	1.022771167939125	-14.209251664917375	138.0	23	1.05	0.95				
	210	1	176.03100894736843	36.108924912280706	0.0	0.0	2	1.0465204330875746	-16.384649126923634	138.0	23	1.05	0.95				
	211	1	0.0	0.0	0.0	0.0	2	1.030639227995359	-8.811634760775249	230.0	23	1.05	0.95				
	212	1	0.0	0.0	0.0	0.0	2	1.0225882221040081	-6.2205850362679564	230.0	23	1.05	0.95				
	213	2	239.22162754385968	48.747048631578956	0.0	0.0	2	1.05	-4.283018018949919	230.0	24	1.05	0.95				
	214	2	175.1282858245614	35.20620178947369	0.0	0.0	2	1.05	-6.606151220940126	230.0	26	1.05	0.95				
	215	2	286.1632299298246	57.77427985964913	0.0	0.0	2	1.0440918001782407	2.249604130133306	230.0	26	1.05	0.95				
	216	2	90.27231228070175	18.054462456140353	0.0	0.0	2	1.0481728417776635	2.117168870922669	230.0	26	1.05	0.95				
	217	1	0.0	0.0	0.0	0.0	2	1.0495480870642975	5.480016172170277	230.0	27	1.05	0.95				
	218	2	300.60679989473687	61.385172350877205	0.0	0.0	2	1.05	5.960768826208726	230.0	27	1.05	0.95				
	219	1	163.39288522807018	33.40075554385965	0.0	0.0	2	1.042001479675685	1.6857215455865502	230.0	25	1.05	0.95				
	220	1	115.54855971929825	23.470801192982456	0.0	0.0	2	1.0450666055270417	2.999055808628925	230.0	25	1.05	0.95				
	221	2	0.0	0.0	0.0	0.0	2	1.05	6.457444398584779	230.0	27	1.05	0.95				
	222	2	0.0	0.0	0.0	0.0	2	1.05	12.58601756195343	230.0	27	1.05	0.95				
	223	2	0.0	0.0	0.0	0.0	2	1.05	4.372150521720796	230.0	25	1.05	0.95				
	224	1	0.0	0.0	0.0	0.0	2	1.0188536043706973	-2.813133198714287	230.0	26	1.05	0.95				
	301	2	81.50395445052632	16.602657388070174	0.0	0.0	3	1.0141976031969635	-16.163671010766596	138.0	31	1.05	0.95				
	302	2	73.20262575649123	15.093324898245614	0.0	0.0	3	1.0126661285322331	-16.543769558213118	138.0	32	1.05	0.95				
	303	1	135.8399240842105	27.922651061754383	0.0	0.0	3	1.0299397030001598	-7.49778719716967	138.0	31	1.05	0.95				
	304	1	55.845302123508766	11.319993673684209	0.0	0.0	3	1.006692841017658	-14.883675276547285	138.0	31	1.05	0.95				
	305	1	53.581303388771914	10.56532742877193	0.0	0.0	3	1.021787767929032	-15.774164228633703	138.0	31	1.05	0.95				
	306	1	102.63460930807018	21.13065485754386	0.0	-100.0	3	1.0317907004145175	-16.38252924581738	138.0	32	1.05	0.95				
	307	2	94.33328061403508	18.866656122807015	0.0	0.0	3	1.005184412278991	-18.745666530010798	138.0	32	1.05	0.95				
	308	1	129.04792788	26.41331857192982	0.0	0.0	3	1.0004070873961088	-17.6184182835674	138.0	32	1.05	0.95				
	309	1	132.0665928596491	27.1679848168421	0.0	0.0	3	1.0286498185292412	-10.449921371188626	138.0	33	1.05	0.95				
	310	1	147.15991775789473	30.186649796491228	0.0	0.0	3	1.05	-12.965884732395727	138.0	33	1.05	0.95				
	311	1	0.0	0.0	0.0	0.0	3	1.0213026397474763	-5.7474852733136945	230.0	33	1.05	0.95				
	312	1	0.0	0.0	0.0	0.0	3	1.0218316276199917	-4.864221055817487	230.0	33	1.05	0.95				
	313	2	199.98655490175437	40.75197722526316	0.0	0.0	3	1.0342105656733502	-1.061206408072046	230.0	34	1.05	0.95				
	314	2	146.40525151298246	29.431983551578945	0.0	0.0	3	1.0305325778143946	-3.983481485418377	230.0	36	1.05	0.95				
	315	2	239.22919963719295	48.29863967438596	0.0	0.0	3	1.0470802626096443	1.0249379226659703	230.0	36	1.05	0.95				
	316	2	75.46662449122806	15.093324898245614	0.0	0.0	3	1.0450717900457236	0.5677195249376029	230.0	36	1.05	0.95				
	317	1	0.0	0.0	0.0	0.0	3	1.0489308350042903	3.472474732199963	230.0	37	1.05	0.95				
	318	2	251.30385955578944	51.31730465403509	0.0	0.0	3	1.0480478293722026	3.13295532917784	230.0	37	1.05	0.95				
	319	1	136.5945903291228	27.922651061754383	0.0	0.0	3	1.040318251928059	-0.2128431043204827	230.0	35	1.05	0.95				
	320	1	96.59727934877192	19.621322367719294	0.0	0.0	3	1.0422694602928553	0.2975641331258207	230.0	35	1.05	0.95				
	321	2	0.0	0.0	0.0	0.0	3	1.05	4.370955027203261	230.0	37	1.05	0.95				
	322	2	0.0	0.0	0.0	0.0	3	1.05	9.794242170264134	230.0	37	1.05	0.95				
	323	2	0.0	0.0	0.0	0.0	3	1.0448013558577482	0.8675359470142833	230.0	35	1.05	0.95				
	324	1	0.0	0.0	0.0	0.0	3	1.031832104540927	-0.7185165913778373	230.0	36	1.05	0.95				
	325	1	0.0	0.0	0.0	0.0	3	1.0410157895491134	2.0696818400210817	230.0	35	1.05	0.95				
];

%% generator data
%    bus    Pg    Qg    Qmax    Qmin    Vg    mBase    status    Pmax    Pmin    Pc1    Pc2    Qc1min    Qc1max    Qc2min    Qc2max    ramp_agc    ramp_10    ramp_30    ramp_q    apf
