%% MATPOWER Case Format : Version 2
function mpc = RTS_GMLC
mpc.version = '2';

%%-----  Power Flow Data  -----%%
%% system MVA base
mpc.baseMVA = 100.0;
%% bus data
%    bus_i    type    Pd    Qd    Gs    Bs    area    Vm    Va    baseKV    zone    Vmax    Vmin
mpc.bus = [
	101	2	77.64670955368422	15.816922316491228	0.0	0.0	1	1.05	0.12851192853173876	138.0	11	1.05	0.95				
	102	2	69.73824839543859	14.3790202877193	0.0	0.0	1	1.049753192264079	-0.14141755570456616	138.0	12	1.05	0.95				
	103	1	129.4111825894737	26.6011875322807	0.0	0.0	1	1.0282776747483995	-1.7705555200918137	138.0	11	1.05	0.95				
	104	1	53.2023750645614	10.784265215789473	0.0	0.0	1	1.0265892760391042	-3.768770788631139	138.0	11	1.05	0.95				
	105	1	51.0455220214035	10.06531420140351	0.0	0.0	1	1.0395523833199396	-4.160299895749746	138.0	11	1.05	0.95				
	106	1	97.77733795649122	20.13062840280702	0.0	-100.0	1	1.0403246755084123	-7.2724396400639915	138.0	12	1.05	0.95				
	107	2	89.86887679824561	17.97377535964912	0.0	0.0	1	1.0065328665879048	-12.461364458386695	138.0	12	1.05	0.95				
	108	1	122.94062345999998	25.16328550350877	0.0	0.0	1	0.999134631436884	-11.843884869328967	138.0	12	1.05	0.95				
	109	1	125.81642751754384	25.882236517894736	0.0	0.0	1	1.0262682596947512	-4.964245298423251	138.0	13	1.05	0.95				
	110	1	140.19544780526314	28.7580405754386	0.0	0.0	1	1.05	-6.331527440114798	138.0	13	1.05	0.95				
	111	1	0.0	0.0	0.0	0.0	1	1.0149267669917954	-2.065802280763907	230.0	13	1.05	0.95				
	112	1	0.0	0.0	0.0	0.0	1	1.0165155388971934	-1.5049956300398297	230.0	13	1.05	0.95				
	113	3	190.5220188122807	38.82335477684211	0.0	0.0	1	1.016163441784329	4.997481690448713e-30	230.0	14	1.05	0.95				
	114	2	139.47649679087718	28.039089561052634	0.0	0.0	1	1.0187403961935226	-0.25978441326466883	230.0	16	1.05	0.95				
	115	2	227.90747156035084	46.01286492070175	0.0	0.0	1	1.0447775153175942	7.5191096636928	230.0	16	1.05	0.95				
	116	2	71.89510143859648	14.3790202877193	0.0	0.0	1	1.0421297031419405	6.649007898742426	230.0	16	1.05	0.95				
	117	1	0.0	0.0	0.0	0.0	1	1.0454242154282085	9.869165798951784	230.0	17	1.05	0.95				
	118	2	239.4106877905263	48.88866897824561	0.0	0.0	1	1.0476928605250753	10.401233556495777	230.0	17	1.05	0.95				
	119	1	130.13013360385966	26.6011875322807	0.0	0.0	1	1.0347525448095591	5.059594552334076	230.0	15	1.05	0.95				
	120	1	92.0257298414035	18.692726374035086	0.0	0.0	1	1.0340897397051725	4.676448795544284	230.0	15	1.05	0.95				
	121	2	0.0	0.0	0.0	0.0	1	1.05	12.191453171500115	230.0	17	1.05	0.95				
	122	2	0.0	0.0	0.0	0.0	1	1.05	18.951781000350074	230.0	17	1.05	0.95				
	123	2	0.0	0.0	0.0	0.0	1	1.0355676401656042	5.0034915421919814	230.0	15	1.05	0.95				
	124	1	0.0	0.0	0.0	0.0	1	1.0268974282654755	4.062581239277295	230.0	16	1.05	0.95				
	201	2	70.65134583157895	14.39194081754386	0.0	0.0	2	1.0313210801942299	-9.524938756063852	138.0	21	1.05	0.95				
	202	2	63.455375422807016	13.083582561403508	0.0	0.0	2	1.031794533207467	-9.471799957122395	138.0	22	1.05	0.95				
	203	1	117.75224305263158	24.20462773859649	0.0	0.0	2	1.0178021329303464	-9.309383324441194	138.0	21	1.05	0.95				
	204	1	48.40925547719298	9.81268692105263	0.0	0.0	2	1.0171680683971875	-10.932248855150883	138.0	21	1.05	0.95				
	205	1	46.44671809298245	9.158507792982457	0.0	0.0	2	1.0324445188643698	-11.110673598004192	138.0	21	1.05	0.95				
	206	1	88.96836141754386	18.317015585964914	0.0	-100.0	2	1.039443639555818	-12.59869774009073	138.0	22	1.05	0.95				
	207	2	81.77239100877193	16.354478201754386	0.0	0.0	2	0.9812693698135387	-22.320690883146877	138.0	22	1.05	0.95				
	208	1	111.86463089999998	22.896269482456137	0.0	0.0	2	0.9821511695150016	-19.13991434863114	138.0	22	1.05	0.95				
	209	1	114.48134741228068	23.550448610526313	0.0	0.0	2	1.025408616704223	-9.467773566187887	138.0	23	1.05	0.95				
	210	1	127.5649299736842	26.167165122807017	0.0	0.0	2	1.05	-10.644786939731375	138.0	23	1.05	0.95				
	211	1	0.0	0.0	0.0	0.0	2	1.017523612155788	-5.957987717145638	230.0	23	1.05	0.95				
	212	1	0.0	0.0	0.0	0.0	2	1.0198081547331126	-1.3854719110395868	230.0	23	1.05	0.95				
	213	2	173.35746893859647	35.325672915789475	0.0	0.0	2	1.0217900390569703	-3.3069179586026523	230.0	24	1.05	0.95				
	214	2	126.91075084561403	25.51298599473684	0.0	0.0	2	1.0235701542002156	-4.191804597094468	230.0	26	1.05	0.95				
	215	2	207.3747835982456	41.86746419649123	0.0	0.0	2	1.038797398285644	2.224150261045814	230.0	26	1.05	0.95				
	216	2	65.41791280701754	13.083582561403508	0.0	0.0	2	1.0393103880077614	2.3134020521085774	230.0	26	1.05	0.95				
	217	1	0.0	0.0	0.0	0.0	2	1.0423825718901396	4.361615373128564	230.0	27	1.05	0.95				
	218	2	217.84164964736843	44.48418070877193	0.0	0.0	2	1.0426261018669807	4.482638411224501	230.0	27	1.05	0.95				
	219	1	118.40642218070177	24.20462773859649	0.0	0.0	2	1.0382989757836012	2.825328164578757	230.0	25	1.05	0.95				
	220	1	83.73492839298245	17.008657329824562	0.0	0.0	2	1.0431419802827362	4.504583205238188	230.0	25	1.05	0.95				
	221	2	0.0	0.0	0.0	0.0	2	1.0431061919046443	4.496950345471489	230.0	27	1.05	0.95				
	222	2	0.0	0.0	0.0	0.0	2	1.05	10.949403370208543	230.0	27	1.05	0.95				
	223	2	0.0	0.0	0.0	0.0	2	1.048070194927299	5.899445922816779	230.0	25	1.05	0.95				
	224	1	0.0	0.0	0.0	0.0	2	1.01655610891651	-2.054083105045757	230.0	26	1.05	0.95				
	301	2	63.51534325894737	12.938310663859648	0.0	0.0	3	0.9968411901331984	1.7322299705565238	138.0	31	1.05	0.95				
	302	2	57.04618792701754	11.762100603508772	0.0	0.0	3	0.9966859434418422	1.6769246442359336	138.0	32	1.05	0.95				
	303	1	105.85890543157895	21.759886116491227	0.0	0.0	3	1.0158411981153994	5.289065123845485	138.0	31	1.05	0.95				
	304	1	43.519772232982454	8.82157545263158	0.0	0.0	3	1.0018255994525174	3.649687897105069	138.0	31	1.05	0.95				
	305	1	41.75545714245614	8.23347042245614	0.0	0.0	3	1.0144502353543832	3.5611065619891016	138.0	31	1.05	0.95				
	306	1	79.98228410385966	16.46694084491228	0.0	-100.0	3	1.0325401546400346	3.915850235914539	138.0	32	1.05	0.95				
	307	2	73.51312877192983	14.702625754385965	0.0	0.0	3	0.9913344220990188	-0.5799377392560582	138.0	32	1.05	0.95				
	308	1	100.56596015999999	20.583676056140348	0.0	0.0	3	0.9992492528772142	2.0904785737846243	138.0	32	1.05	0.95				
	309	1	102.91838028070175	21.17178108631579	0.0	0.0	3	1.0266779025065476	7.656277460168721	138.0	33	1.05	0.95				
	310	1	114.68048088421052	23.524201207017544	0.0	0.0	3	1.05	7.264180849870737	138.0	33	1.05	0.95				
	311	1	0.0	0.0	0.0	0.0	3	1.0157271673153123	13.5970678170585	230.0	33	1.05	0.95				
	312	1	0.0	0.0	0.0	0.0	3	1.0204269765601088	14.604889519970566	230.0	33	1.05	0.95				
	313	2	155.8478329964912	31.757671629473684	0.0	0.0	3	1.0376645006711316	21.094586181318757	230.0	34	1.05	0.95				
	314	2	114.09237585403508	22.936096176842106	0.0	0.0	3	1.017318454487529	13.053192556376839	230.0	36	1.05	0.95				
	315	2	186.42929456561404	37.63872193122807	0.0	0.0	3	1.0337794019600899	9.455824386170079	230.0	36	1.05	0.95				
	316	2	58.81050301754386	11.762100603508772	0.0	0.0	3	1.034303164182444	10.561130530055904	230.0	36	1.05	0.95				
	317	1	0.0	0.0	0.0	0.0	3	1.041117687714933	11.09317688645838	230.0	37	1.05	0.95				
	318	2	195.83897504842105	39.99114205192983	0.0	0.0	3	1.0389369699178337	9.669761222691136	230.0	37	1.05	0.95				
	319	1	106.44701046175437	21.759886116491227	0.0	0.0	3	1.0338114565648937	12.620798479227696	230.0	35	1.05	0.95				
	320	1	75.27744386245614	15.290730784561404	0.0	0.0	3	1.035338385651072	14.055963511753301	230.0	35	1.05	0.95				
	321	2	0.0	0.0	0.0	0.0	3	1.0388685917212412	10.179323451715362	230.0	37	1.05	0.95				
	322	2	0.0	0.0	0.0	0.0	3	1.05	14.854741538829474	230.0	37	1.05	0.95				
	323	2	0.0	0.0	0.0	0.0	3	1.0361393775875731	14.607032585407238	230.0	35	1.05	0.95				
	324	1	0.0	0.0	0.0	0.0	3	1.0228927773253171	9.808922098359773	230.0	36	1.05	0.95				
	325	1	0.0	0.0	0.0	0.0	3	1.038518464960548	14.4084587581935	230.0	35	1.05	0.95				
];
