%% MATPOWER Case Format : Version 2
function mpc = RTS_GMLC
mpc.version = '2';

%%-----  Power Flow Data  -----%%
%% system MVA base
mpc.baseMVA = 100.0;
%% bus data
%    bus_i    type    Pd    Qd    Gs    Bs    area    Vm    Va    baseKV    zone    Vmax    Vmin
mpc.bus = [
	101	2	76.59129145263158	15.601929740350876	0.0	0.0	1	1.0317009950600027	-1.889479037594151	138.0	11	1.05	0.95				
	102	2	68.79032658245613	14.18357249122807	0.0	0.0	1	1.0317159285739186	-1.9532520308166024	138.0	12	1.05	0.95				
	103	1	127.65215242105263	26.239609108771926	0.0	0.0	1	1.0205705372741554	-2.28652196664735	138.0	11	1.05	0.95				
	104	1	52.47921821754385	10.637679368421052	0.0	0.0	1	1.0162876050678857	-4.891214727021062	138.0	11	1.05	0.95				
	105	1	50.351682343859636	9.928500743859649	0.0	0.0	1	1.0313318423796913	-4.930221568525337	138.0	11	1.05	0.95				
	106	1	96.44829294035088	19.857001487719298	0.0	-100.0	1	1.03711379315941	-7.279136023290421	138.0	12	1.05	0.95				
	107	2	88.64732807017543	17.729465614035085	0.0	0.0	1	1.0469436227894677	-5.033185694789169	138.0	12	1.05	0.95				
	108	1	121.26954479999998	24.821251859649117	0.0	0.0	1	1.0250052605714128	-7.247623162796351	138.0	12	1.05	0.95				
	109	1	124.10625929824562	25.530430484210527	0.0	0.0	1	1.026359969843203	-4.4209119480195715	138.0	13	1.05	0.95				
	110	1	138.28983178947368	28.36714498245614	0.0	0.0	1	1.05	-5.770055287382571	138.0	13	1.05	0.95				
	111	1	0.0	0.0	0.0	0.0	1	1.0123464042076258	-1.5030464114134023	230.0	13	1.05	0.95				
	112	1	0.0	0.0	0.0	0.0	1	1.0154820240169253	-0.9562673129970823	230.0	13	1.05	0.95				
	113	3	187.9323355087719	38.29564572631579	0.0	0.0	1	1.0128729626590691	2.292900339245865e-27	230.0	14	1.05	0.95				
	114	2	137.58065316491226	27.657966357894736	0.0	0.0	1	1.0141995405193536	0.8328730673170006	230.0	16	1.05	0.95				
	115	2	224.8096239859649	45.38743197192982	0.0	0.0	1	1.0440213848959654	9.101233223885384	230.0	16	1.05	0.95				
	116	2	70.91786245614034	14.18357249122807	0.0	0.0	1	1.041536986838555	8.39526905570516	230.0	16	1.05	0.95				
	117	1	0.0	0.0	0.0	0.0	1	1.0440364944157172	12.01017617257076	230.0	17	1.05	0.95				
	118	2	236.15648197894737	48.22414647017544	0.0	0.0	1	1.0483512498509182	12.091331713692021	230.0	17	1.05	0.95				
	119	1	128.36133104561404	26.239609108771926	0.0	0.0	1	1.0351533312962133	6.535168539253445	230.0	15	1.05	0.95				
	120	1	90.77486394385964	18.438644238596492	0.0	0.0	1	1.0361962498524222	6.260937602559081	230.0	15	1.05	0.95				
	121	2	0.0	0.0	0.0	0.0	1	1.05	13.441919667946598	230.0	17	1.05	0.95				
	122	2	0.0	0.0	0.0	0.0	1	1.05	26.134577405248102	230.0	17	1.05	0.95				
	123	2	0.0	0.0	0.0	0.0	1	1.03857028512893	6.637999918359866	230.0	15	1.05	0.95				
	124	1	0.0	0.0	0.0	0.0	1	1.020982337965381	4.887018844655075	230.0	16	1.05	0.95				
	201	2	78.82827010105264	16.057610576140352	0.0	0.0	2	1.038332095315358	-15.444752785585186	138.0	21	1.05	0.95				
	202	2	70.79946481298246	14.59782779649123	0.0	0.0	2	1.038487651600452	-15.571176600653004	138.0	22	1.05	0.95				
	203	1	131.38045016842105	27.005981423508775	0.0	0.0	2	1.024740138152465	-11.05319608140742	138.0	21	1.05	0.95				
	204	1	54.01196284701755	10.948370847368421	0.0	0.0	2	1.01805494975096	-17.269288073361018	138.0	21	1.05	0.95				
	205	1	51.82228867754386	10.218479457543863	0.0	0.0	2	1.0347930704479473	-17.799595807413557	138.0	21	1.05	0.95				
	206	1	99.26522901614037	20.436958915087725	0.0	-100.0	2	1.0385831443844684	-19.813396707321097	138.0	22	1.05	0.95				
	207	2	91.23642372807018	18.24728474561404	0.0	0.0	2	0.9631040150651508	-30.682027119385122	138.0	22	1.05	0.95				
	208	1	124.81142766000002	25.546198643859654	0.0	0.0	2	0.9671890708573521	-27.054218767706235	138.0	22	1.05	0.95				
	209	1	127.73099321929826	26.276090033684213	0.0	0.0	2	1.0243097974632966	-15.70724864522989	138.0	23	1.05	0.95				
	210	1	142.3288210157895	29.19565559298246	0.0	0.0	2	1.05	-17.89952254072346	138.0	23	1.05	0.95				
	211	1	0.0	0.0	0.0	0.0	2	1.0279363247889635	-11.307948278943666	230.0	23	1.05	0.95				
	212	1	0.0	0.0	0.0	0.0	2	1.0198277374818168	-10.194334130433624	230.0	23	1.05	0.95				
	213	2	193.42121830350877	39.41413505052632	0.0	0.0	2	1.0371798365934697	-8.92774266606307	230.0	24	1.05	0.95				
	214	2	141.59892962596493	28.4657642031579	0.0	0.0	2	1.0461161721405807	-8.087468969776719	230.0	26	1.05	0.95				
	215	2	231.375570574386	46.713048948771934	0.0	0.0	2	1.0440131675958944	1.3300990558725845	230.0	26	1.05	0.95				
	216	2	72.98913898245615	14.59782779649123	0.0	0.0	2	1.047808572347053	0.9867386004897795	230.0	26	1.05	0.95				
	217	1	0.0	0.0	0.0	0.0	2	1.0483376201131975	4.600858387455103	230.0	27	1.05	0.95				
	218	2	243.05383281157899	49.63261450807018	0.0	0.0	2	1.0499998610197385	5.248277531149628	230.0	27	1.05	0.95				
	219	1	132.11034155824564	27.005981423508775	0.0	0.0	2	1.043658485709279	0.3392193740093584	230.0	25	1.05	0.95				
	220	1	93.42609789754387	18.9771761354386	0.0	0.0	2	1.046363828402499	1.1409812749176271	230.0	25	1.05	0.95				
	221	2	0.0	0.0	0.0	0.0	2	1.05	5.512605765853813	230.0	27	1.05	0.95				
	222	2	0.0	0.0	0.0	0.0	2	1.05	11.666751314884474	230.0	27	1.05	0.95				
	223	2	0.0	0.0	0.0	0.0	2	1.05	2.111127162407178	230.0	25	1.05	0.95				
	224	1	0.0	0.0	0.0	0.0	2	1.021199797120866	-3.273056465439485	230.0	26	1.05	0.95				
	301	2	65.71907624842106	13.387219235789475	0.0	0.0	3	1.019492224422076	-8.895820505181588	138.0	31	1.05	0.95				
	302	2	59.02546663052631	12.170199305263159	0.0	0.0	3	1.0169898618895283	-9.275235107757888	138.0	32	1.05	0.95				
	303	1	109.53179374736844	22.514868714736842	0.0	0.0	3	1.05	7.952179278886353	138.0	31	1.05	0.95				
	304	1	45.029737429473684	9.127649478947369	0.0	0.0	3	1.0092614989810669	-7.361208903121213	138.0	31	1.05	0.95				
	305	1	43.204207533684205	8.519139513684213	0.0	0.0	3	1.0270558216139969	-9.974924707457316	138.0	31	1.05	0.95				
	306	1	82.75735527578948	17.038279027368425	0.0	-100.0	3	1.0373216445664308	-11.254350585909176	138.0	32	1.05	0.95				
	307	2	76.06374565789474	15.212749131578947	0.0	0.0	3	0.9876070652541262	-17.074337451335055	138.0	32	1.05	0.95				
	308	1	104.05520406	21.297848784210526	0.0	0.0	3	0.9877212361444941	-14.369077334425775	138.0	32	1.05	0.95				
	309	1	106.48924392105263	21.906358749473682	0.0	0.0	3	1.024167707943374	-3.2953277133457983	138.0	33	1.05	0.95				
	310	1	118.65944322631579	24.340398610526318	0.0	0.0	3	1.05	-9.115095347349996	138.0	33	1.05	0.95				
	311	1	0.0	0.0	0.0	0.0	3	1.0188368832179198	-3.0369480701645353	230.0	33	1.05	0.95				
	312	1	0.0	0.0	0.0	0.0	3	1.0184860630637018	-2.5339313814026	230.0	33	1.05	0.95				
	313	2	161.25514079473683	32.85953812421053	0.0	0.0	3	1.0197079931316895	-0.49012289734675785	230.0	34	1.05	0.95				
	314	2	118.05093326105262	23.73188864526316	0.0	0.0	3	1.028094061182522	-2.072683930624262	230.0	36	1.05	0.95				
	315	2	192.89765898842106	38.94463777684211	0.0	0.0	3	1.0436909604665388	3.6882890080126054	230.0	36	1.05	0.95				
	316	2	60.85099652631579	12.170199305263159	0.0	0.0	3	1.0441739547664677	3.0207085514501553	230.0	36	1.05	0.95				
	317	1	0.0	0.0	0.0	0.0	3	1.05	6.420584369303942	230.0	37	1.05	0.95				
	318	2	202.63381843263159	41.37867763789474	0.0	0.0	3	1.0474424811416294	5.4652705692321755	230.0	37	1.05	0.95				
	319	1	110.14030371263159	22.514868714736842	0.0	0.0	3	1.0375903105415023	1.5654893952590863	230.0	35	1.05	0.95				
	320	1	77.88927555368421	15.821259096842107	0.0	0.0	3	1.0370501608782703	1.449178057252104	230.0	35	1.05	0.95				
	321	2	0.0	0.0	0.0	0.0	3	1.048741853300536	6.368856551145514	230.0	37	1.05	0.95				
	322	2	0.0	0.0	0.0	0.0	3	1.05	10.73443746074195	230.0	37	1.05	0.95				
	323	2	0.0	0.0	0.0	0.0	3	1.03809818679559	1.8397690890670149	230.0	35	1.05	0.95				
	324	1	0.0	0.0	0.0	0.0	3	1.0433179960531294	5.321715971607889	230.0	36	1.05	0.95				
	325	1	0.0	0.0	0.0	0.0	3	1.0363104478998537	2.8138729790379755	230.0	35	1.05	0.95				
];
