%% MATPOWER Case Format : Version 2
function mpc = RTS_GMLC
mpc.version = '2';

%%-----  Power Flow Data  -----%%
%% system MVA base
mpc.baseMVA = 100.0;
%% bus data
%    bus_i    type    Pd    Qd    Gs    Bs    area    Vm    Va    baseKV    zone    Vmax    Vmin
mpc.bus = [
	101	2	90.56556159157897	18.44854032421053	0.0	0.0	1	1.048150259393709	-0.32865591161338864	138.0	11	1.05	0.95				
	102	2	81.3412914294737	16.771400294736846	0.0	0.0	1	1.0479490638075761	-0.4822375618362867	138.0	12	1.05	0.95				
	103	1	150.9426026526316	31.027090545263164	0.0	0.0	1	1.0247850015035205	-2.0302451822876195	138.0	11	1.05	0.95				
	104	1	62.05418109052633	12.578550221052634	0.0	0.0	1	1.0239457404414083	-4.190381065233083	138.0	11	1.05	0.95				
	105	1	59.5384710463158	11.739980206315792	0.0	0.0	1	1.0370640197296015	-4.638846727397927	138.0	11	1.05	0.95				
	106	1	114.04552200421054	23.479960412631584	0.0	-100.0	1	1.0363339721646012	-7.830450712571679	138.0	12	1.05	0.95				
	107	2	104.82125184210527	20.964250368421055	0.0	0.0	1	1.05	-6.381804885100876	138.0	12	1.05	0.95				
	108	1	143.39547252000003	29.349950515789473	0.0	0.0	1	1.0230789976251728	-8.665394850218123	138.0	12	1.05	0.95				
	109	1	146.7497525789474	30.18852053052632	0.0	0.0	1	1.0273752632771354	-4.904816199821969	138.0	13	1.05	0.95				
	110	1	163.52115287368423	33.54280058947369	0.0	0.0	1	1.05	-6.445721675088178	138.0	13	1.05	0.95				
	111	1	0.0	0.0	0.0	0.0	1	1.0153625442754812	-2.1517289903350223	230.0	13	1.05	0.95				
	112	1	0.0	0.0	0.0	0.0	1	1.0178908914695919	-1.2842638261021868	230.0	13	1.05	0.95				
	113	3	222.22105390526318	45.282780795789485	0.0	0.0	1	1.0183462135734944	-1.6836545230829597e-27	230.0	14	1.05	0.95				
	114	2	162.6825828589474	32.70423057473685	0.0	0.0	1	1.0173957578140607	-0.4775435229977969	230.0	16	1.05	0.95				
	115	2	265.826694671579	53.6684809431579	0.0	0.0	1	1.0440572049542318	7.73728038313264	230.0	16	1.05	0.95				
	116	2	83.85700147368422	16.771400294736846	0.0	0.0	1	1.0427382449059421	6.984184896073379	230.0	16	1.05	0.95				
	117	1	0.0	0.0	0.0	0.0	1	1.046109491249599	10.060320178251148	230.0	17	1.05	0.95				
	118	2	279.24381490736846	57.02276100210527	0.0	0.0	1	1.0480227927658532	10.666227621906833	230.0	17	1.05	0.95				
	119	1	151.78117266736845	31.027090545263164	0.0	0.0	1	1.0365865997532093	5.664239896157199	230.0	15	1.05	0.95				
	120	1	107.3369618863158	21.802820383157897	0.0	0.0	1	1.0378690087830211	5.596344505594897	230.0	15	1.05	0.95				
	121	2	0.0	0.0	0.0	0.0	1	1.05	12.396063962881744	230.0	17	1.05	0.95				
	122	2	0.0	0.0	0.0	0.0	1	1.05	18.008550362002552	230.0	17	1.05	0.95				
	123	2	0.0	0.0	0.0	0.0	1	1.0410112759266197	6.1785273429479055	230.0	15	1.05	0.95				
	124	1	0.0	0.0	0.0	0.0	1	1.0245896737230182	4.111887069218478	230.0	16	1.05	0.95				
	201	2	89.64016999578948	18.26003462877193	0.0	0.0	2	1.0404568252650912	-14.290337404993688	138.0	21	1.05	0.95				
	202	2	80.5101526814035	16.600031480701755	0.0	0.0	2	1.0432588301719503	-14.414855935099865	138.0	22	1.05	0.95				
	203	1	149.4002833263158	30.71005823929824	0.0	0.0	2	1.0250868046924984	-10.512239742542144	138.0	21	1.05	0.95				
	204	1	61.42011647859648	12.450023610526314	0.0	0.0	2	1.0193662666035983	-15.546079364249877	138.0	21	1.05	0.95				
	205	1	58.93011175649122	11.620022036491228	0.0	0.0	2	1.0346430222806728	-16.04663793984369	138.0	21	1.05	0.95				
	206	1	112.88021406877193	23.240044072982457	0.0	-100.0	2	1.0370052728219599	-17.813032890157373	138.0	22	1.05	0.95				
	207	2	103.75019675438595	20.75003935087719	0.0	0.0	2	0.95	-28.955000900188892	138.0	22	1.05	0.95				
	208	1	141.93026916	29.050055091228067	0.0	0.0	2	0.9557115686087723	-25.272015085501213	138.0	22	1.05	0.95				
	209	1	145.25027545614034	29.880056665263155	0.0	0.0	2	1.0265715162544473	-13.125907177049172	138.0	23	1.05	0.95				
	210	1	161.85030693684212	33.20006296140351	0.0	0.0	2	1.05	-15.22388761903623	138.0	23	1.05	0.95				
	211	1	0.0	0.0	0.0	0.0	2	1.034159297070472	-9.072565011679803	230.0	23	1.05	0.95				
	212	1	0.0	0.0	0.0	0.0	2	1.028067502059545	-4.029123430369993	230.0	23	1.05	0.95				
	213	2	219.9504171192982	44.82008499789474	0.0	0.0	2	1.05	-6.296646307654212	230.0	24	1.05	0.95				
	214	2	161.020305362807	32.37006138736842	0.0	0.0	2	1.05	-6.636319190830018	230.0	26	1.05	0.95				
	215	2	263.1104989691228	53.12010073824561	0.0	0.0	2	1.0441905379382284	2.023218582307444	230.0	26	1.05	0.95				
	216	2	83.00015740350877	16.600031480701755	0.0	0.0	2	1.0482229548193647	1.94376153605297	230.0	26	1.05	0.95				
	217	1	0.0	0.0	0.0	0.0	2	1.0489245570287398	5.143233022003942	230.0	27	1.05	0.95				
	218	2	276.39052415368417	56.44010703438597	0.0	0.0	2	1.05	5.74475834402909	230.0	27	1.05	0.95				
	219	1	150.23028490035085	30.71005823929824	0.0	0.0	2	1.042634049085129	1.9642784346767763	230.0	25	1.05	0.95				
	220	1	106.24020147649122	21.580040924912282	0.0	0.0	2	1.0454201807636578	3.535310688022272	230.0	25	1.05	0.95				
	221	2	0.0	0.0	0.0	0.0	2	1.05	6.191218127845707	230.0	27	1.05	0.95				
	222	2	0.0	0.0	0.0	0.0	2	1.05	12.291958588987772	230.0	27	1.05	0.95				
	223	2	0.0	0.0	0.0	0.0	2	1.05	4.997634858879523	230.0	25	1.05	0.95				
	224	1	0.0	0.0	0.0	0.0	2	1.0212274523955076	-2.637496801695867	230.0	26	1.05	0.95				
	301	2	79.7956342863158	16.254666243508773	0.0	0.0	3	0.9656261492813106	-1.5259420798279077	138.0	31	1.05	0.95				
	302	2	71.66830116456141	14.776969312280706	0.0	0.0	3	0.9681081192242706	-1.6487468485099974	138.0	32	1.05	0.95				
	303	1	132.99272381052634	27.337393227719303	0.0	0.0	3	0.9906454982821055	3.4222617379825544	138.0	31	1.05	0.95				
	304	1	54.67478645543861	11.082726984210527	0.0	0.0	3	0.9635485612613068	1.2279112106566548	138.0	31	1.05	0.95				
	305	1	52.458241058596485	10.343878518596492	0.0	0.0	3	0.973859304740206	0.9986700623080856	138.0	31	1.05	0.95				
	306	1	100.48339132350878	20.687757037192984	0.0	-100.0	3	0.9865330225206024	1.5468320872176695	138.0	32	1.05	0.95				
	307	2	92.3560582017544	18.47121164035088	0.0	0.0	3	0.95	-4.076964575651442	138.0	32	1.05	0.95				
	308	1	126.34308762000002	25.85969629649123	0.0	0.0	3	0.9545853221365144	-0.30965881785067234	138.0	32	1.05	0.95				
	309	1	129.29848148245614	26.598544762105263	0.0	0.0	3	0.9896972722090458	6.823263707036769	138.0	33	1.05	0.95				
	310	1	144.07545079473684	29.55393862456141	0.0	0.0	3	1.0071731141526932	6.0983286153731	138.0	33	1.05	0.95				
	311	1	0.0	0.0	0.0	0.0	3	0.9826542172630451	14.721565597529837	230.0	33	1.05	0.95				
	312	1	0.0	0.0	0.0	0.0	3	0.9881556177812779	16.186941634288722	230.0	33	1.05	0.95				
	313	2	195.7948433877193	39.8978171431579	0.0	0.0	3	1.0166212432153467	24.949599206003395	230.0	34	1.05	0.95				
	314	2	143.33660232912283	28.81509015894737	0.0	0.0	3	0.9939367956562342	13.667454796721538	230.0	36	1.05	0.95				
	315	2	234.21496359964914	47.28630179929825	0.0	0.0	3	1.0462318692002432	10.057941179872508	230.0	36	1.05	0.95				
	316	2	73.88484656140352	14.776969312280706	0.0	0.0	3	1.0413439133045845	11.407934527066988	230.0	36	1.05	0.95				
	317	1	0.0	0.0	0.0	0.0	3	1.0462618043089429	10.907031745509961	230.0	37	1.05	0.95				
	318	2	246.03653904947373	50.24169566175439	0.0	0.0	3	1.0465570826869923	10.021479210337594	230.0	37	1.05	0.95				
	319	1	133.73157227614035	27.337393227719303	0.0	0.0	3	1.0335772152518303	13.561264566547221	230.0	35	1.05	0.95				
	320	1	94.5726035985965	19.210060105964917	0.0	0.0	3	1.0308251599161051	15.401707035143396	230.0	35	1.05	0.95				
	321	2	0.0	0.0	0.0	0.0	3	1.0499955913102446	11.507742150136144	230.0	37	1.05	0.95				
	322	2	0.0	0.0	0.0	0.0	3	1.05	15.615118461488928	230.0	37	1.05	0.95				
	323	2	0.0	0.0	0.0	0.0	3	1.0296662087957873	16.088020368993224	230.0	35	1.05	0.95				
	324	1	0.0	0.0	0.0	0.0	3	1.0189248667070832	9.566349735456035	230.0	36	1.05	0.95				
	325	1	0.0	0.0	0.0	0.0	3	1.032708729592821	15.78235956256582	230.0	35	1.05	0.95				
];
