%% MATPOWER Case Format : Version 2
function mpc = RTS_GMLC
mpc.version = '2';

%%-----  Power Flow Data  -----%%
%% system MVA base
mpc.baseMVA = 100.0;
%% bus data
%    bus_i    type    Pd    Qd    Gs    Bs    area    Vm    Va    baseKV    zone    Vmax    Vmin
mpc.bus = [
	101	2	102.88322613473686	20.95769421263158	0.0	0.0	1	1.0442263228636268	-5.930475526919966	138.0	11	1.05	0.95				
	102	2	92.40437902842106	19.052449284210528	0.0	0.0	1	1.0440487521062682	-6.050163269863042	138.0	12	1.05	0.95				
	103	1	171.47204355789475	35.24703117578948	0.0	0.0	1	1.0148800733677517	-6.658758284570065	138.0	11	1.05	0.95				
	104	1	70.49406235157896	14.289336963157895	0.0	0.0	1	1.0195502972708215	-8.805389864787607	138.0	11	1.05	0.95				
	105	1	67.63619495894737	13.336714498947371	0.0	0.0	1	1.03434197071332	-9.213663582765838	138.0	11	1.05	0.95				
	106	1	129.5566551326316	26.673428997894742	0.0	-100.0	1	1.0327539900963183	-11.923831446435532	138.0	12	1.05	0.95				
	107	2	119.07780802631581	23.81556160526316	0.0	0.0	1	1.05	-7.389939437435901	138.0	12	1.05	0.95				
	108	1	162.89844138000004	33.34178624736842	0.0	0.0	1	1.0194823091091654	-10.907130954481383	138.0	12	1.05	0.95				
	109	1	166.70893123684212	34.29440871157895	0.0	0.0	1	1.0274132197482184	-7.927636258453566	138.0	13	1.05	0.95				
	110	1	185.76138052105264	38.104898568421056	0.0	0.0	1	1.05	-9.584482694688324	138.0	13	1.05	0.95				
	111	1	0.0	0.0	0.0	0.0	1	1.022326199504893	-3.8563827151658914	230.0	13	1.05	0.95				
	112	1	0.0	0.0	0.0	0.0	1	1.0214077447874526	-2.5981313281630314	230.0	13	1.05	0.95				
	113	3	252.4449530157895	51.44161306736843	0.0	0.0	1	1.0324898184001245	-3.42364719942803e-29	230.0	14	1.05	0.95				
	114	2	184.80875805684212	37.15227610421053	0.0	0.0	1	1.0306204044284608	-2.4115643835632388	230.0	16	1.05	0.95				
	115	2	301.98132115473686	60.96783770947369	0.0	0.0	1	1.0423722255557093	5.764601317630662	230.0	16	1.05	0.95				
	116	2	95.26224642105264	19.052449284210528	0.0	0.0	1	1.0443024700540233	5.4938583798987795	230.0	16	1.05	0.95				
	117	1	0.0	0.0	0.0	0.0	1	1.046993504912795	9.090536902235721	230.0	17	1.05	0.95				
	118	2	317.2232805821053	64.7783275663158	0.0	0.0	1	1.0499999982879549	9.649254158511985	230.0	17	1.05	0.95				
	119	1	172.4246660221053	35.24703117578948	0.0	0.0	1	1.0395278782256738	4.341666723505607	230.0	15	1.05	0.95				
	120	1	121.93567541894738	24.76818406947369	0.0	0.0	1	1.0440996621159175	4.988007299304807	230.0	15	1.05	0.95				
	121	2	0.0	0.0	0.0	0.0	1	1.05	10.614181683267978	230.0	17	1.05	0.95				
	122	2	0.0	0.0	0.0	0.0	1	1.05	19.522148351200006	230.0	17	1.05	0.95				
	123	2	0.0	0.0	0.0	0.0	1	1.0497800636241534	6.0317554222022824	230.0	15	1.05	0.95				
	124	1	0.0	0.0	0.0	0.0	1	1.016470674467653	1.1822989886263522	230.0	16	1.05	0.95				
	201	2	98.29308986526316	20.022666454035086	0.0	0.0	2	1.05	-12.239314882141638	138.0	21	1.05	0.95				
	202	2	88.28175663824561	18.202424049122808	0.0	0.0	2	1.05	-12.25130262872059	138.0	22	1.05	0.95				
	203	1	163.82181644210527	33.67448449087719	0.0	0.0	2	1.0248443744946008	-9.589943007671003	138.0	21	1.05	0.95				
	204	1	67.34896898175438	13.651818036842107	0.0	0.0	2	1.0194236244882937	-13.763741451441843	138.0	21	1.05	0.95				
	205	1	64.61860537438596	12.741696834385966	0.0	0.0	2	1.036832352967293	-14.191479510258283	138.0	21	1.05	0.95				
	206	1	123.7764835340351	25.48339366877193	0.0	-100.0	2	1.033670285985792	-16.122153276728422	138.0	22	1.05	0.95				
	207	2	113.76515030701755	22.75303006140351	0.0	0.0	2	0.95	-26.064508635099155	138.0	22	1.05	0.95				
	208	1	155.63072562	31.854242085964913	0.0	0.0	2	0.9529510062791464	-23.15011086970811	138.0	22	1.05	0.95				
	209	1	159.27121042982458	32.76436328842105	0.0	0.0	2	1.0240825170885675	-11.343410455137711	138.0	23	1.05	0.95				
	210	1	177.47363447894736	36.404848098245616	0.0	0.0	2	1.0468547968088313	-13.340068679668171	138.0	23	1.05	0.95				
	211	1	0.0	0.0	0.0	0.0	2	1.0312113731043588	-6.098906968501712	230.0	23	1.05	0.95				
	212	1	0.0	0.0	0.0	0.0	2	1.0241655839473756	-2.3579838641403237	230.0	23	1.05	0.95				
	213	2	241.1821186508772	49.14654493263158	0.0	0.0	2	1.05	-1.3225482360918157	230.0	24	1.05	0.95				
	214	2	176.56351327649122	35.494726895789476	0.0	0.0	2	1.05	-4.335377197900596	230.0	26	1.05	0.95				
	215	2	288.50842117859645	58.24775695719298	0.0	0.0	2	1.0465079167088238	3.880721832679296	230.0	26	1.05	0.95				
	216	2	91.01212024561404	18.202424049122808	0.0	0.0	2	1.0496780935444545	3.7876537668969164	230.0	26	1.05	0.95				
	217	1	0.0	0.0	0.0	0.0	2	1.05	6.524583808274795	230.0	27	1.05	0.95				
	218	2	303.0703604178948	61.88824176701755	0.0	0.0	2	1.0492523280374857	7.151192254436732	230.0	27	1.05	0.95				
	219	1	164.7319376445614	33.67448449087719	0.0	0.0	2	1.042634913368939	3.742377269608758	230.0	25	1.05	0.95				
	220	1	116.49551391438597	23.66315126385965	0.0	0.0	2	1.0451263949333514	5.40472281079371	230.0	25	1.05	0.95				
	221	2	0.0	0.0	0.0	0.0	2	1.05	7.786481036653055	230.0	27	1.05	0.95				
	222	2	0.0	0.0	0.0	0.0	2	1.05	13.803310604567628	230.0	27	1.05	0.95				
	223	2	0.0	0.0	0.0	0.0	2	1.05	6.974519366910154	230.0	25	1.05	0.95				
	224	1	0.0	0.0	0.0	0.0	2	1.0212286459624738	-1.1175330399152985	230.0	26	1.05	0.95				
	301	2	82.8535273768421	16.877570391578946	0.0	0.0	3	1.0136037645342864	-13.37428252183726	138.0	31	1.05	0.95				
	302	2	74.41474218105262	15.343245810526316	0.0	0.0	3	1.0124288084066715	-13.715905666872704	138.0	32	1.05	0.95				
	303	1	138.08921229473683	28.38500474947368	0.0	0.0	3	1.024979315513954	-5.5760270471988145	138.0	31	1.05	0.95				
	304	1	56.77000949894736	11.507434357894734	0.0	0.0	3	1.0054904261727888	-11.990041101300426	138.0	31	1.05	0.95				
	305	1	54.46852262736841	10.74027206736842	0.0	0.0	3	1.0210101697735714	-12.5265292502652	138.0	31	1.05	0.95				
	306	1	104.33407151157894	21.48054413473684	0.0	-100.0	3	1.0312203951798802	-12.89086148081448	138.0	32	1.05	0.95				
	307	2	95.89528631578946	19.17905726315789	0.0	0.0	3	1.0054785495944214	-15.5227504745844	138.0	32	1.05	0.95				
	308	1	131.18475167999998	26.85068016842105	0.0	0.0	3	1.00010004326095	-14.328033226051542	138.0	32	1.05	0.95				
	309	1	134.25340084210524	27.61784245894736	0.0	0.0	3	1.0273174783462216	-7.443341548687863	138.0	33	1.05	0.95				
	310	1	149.59664665263153	30.68649162105263	0.0	0.0	3	1.05	-9.218149363239636	138.0	33	1.05	0.95				
	311	1	0.0	0.0	0.0	0.0	3	1.0215129544289991	-1.6269208055197404	230.0	33	1.05	0.95				
	312	1	0.0	0.0	0.0	0.0	3	1.0214167835399546	-1.0739462547706344	230.0	33	1.05	0.95				
	313	2	203.29800698947363	41.42676368842105	0.0	0.0	3	1.0377521010819934	3.598681406571362	230.0	34	1.05	0.95				
	314	2	148.82948436210523	29.919329330526313	0.0	0.0	3	1.03217255213809	0.3557221102668932	230.0	36	1.05	0.95				
	315	2	243.19044609684207	49.098386593684204	0.0	0.0	3	1.046167369918242	3.775942626528686	230.0	36	1.05	0.95				
	316	2	76.71622905263156	15.343245810526316	0.0	0.0	3	1.0441373568692998	3.716564233273365	230.0	36	1.05	0.95				
	317	1	0.0	0.0	0.0	0.0	3	1.048223633200556	6.200615017893763	230.0	37	1.05	0.95				
	318	2	255.4650427452631	52.16703575578947	0.0	0.0	3	1.047584740569339	5.833886125243317	230.0	37	1.05	0.95				
	319	1	138.85637458526315	28.38500474947368	0.0	0.0	3	1.0395441422418459	3.3990433810937537	230.0	35	1.05	0.95				
	320	1	98.19677318736841	19.94621955368421	0.0	0.0	3	1.0396368539682295	3.4585805585936926	230.0	35	1.05	0.95				
	321	2	0.0	0.0	0.0	0.0	3	1.05	7.087130556633249	230.0	37	1.05	0.95				
	322	2	0.0	0.0	0.0	0.0	3	1.05	12.51477932305122	230.0	37	1.05	0.95				
	323	2	0.0	0.0	0.0	0.0	3	1.0407604907941916	3.6577648807266203	230.0	35	1.05	0.95				
	324	1	0.0	0.0	0.0	0.0	3	1.0286236773751516	1.864395707246971	230.0	36	1.05	0.95				
	325	1	0.0	0.0	0.0	0.0	3	1.040605898576403	4.245544739335085	230.0	35	1.05	0.95				
];

%% generator data
%    bus    Pg    Qg    Qmax    Qmin    Vg    mBase    status    Pmax    Pmin    Pc1    Pc2    Qc1min    Qc1max    Qc2min    Qc2max    ramp_agc    ramp_10    ramp_30    ramp_q    apf
