%% MATPOWER Case Format : Version 2
function mpc = RTS_GMLC
mpc.version = '2';

%%-----  Power Flow Data  -----%%
%% system MVA base
mpc.baseMVA = 100.0;
%% bus data
%    bus_i    type    Pd    Qd    Gs    Bs    area    Vm    Va    baseKV    zone    Vmax    Vmin
mpc.bus = [
	101	2	58.381989120000014	11.892627413333335	0.0	0.0	1	1.0320429028747526	2.181538905228219	138.0	11	1.05	0.95				
	102	2	52.435675413333335	10.811479466666668	0.0	0.0	1	1.0320876233612195	2.137223096167407	138.0	12	1.05	0.95				
	103	1	97.3033152	20.001237013333334	0.0	0.0	1	1.0255399623237391	0.0998323161551691	138.0	11	1.05	0.95				
	104	1	40.00247402666667	8.1086096	0.0	0.0	1	1.0191523197964139	-1.393893493823479	138.0	11	1.05	0.95				
	105	1	38.38075210666666	7.568035626666668	0.0	0.0	1	1.033453657858182	-1.2316831292024863	138.0	11	1.05	0.95				
	106	1	73.51806037333334	15.136071253333336	0.0	-100.0	1	1.0417621655734133	-3.6439378019665125	138.0	12	1.05	0.95				
	107	2	67.57174666666667	13.514349333333334	0.0	0.0	1	1.0354417862215346	-3.793320705476966	138.0	12	1.05	0.95				
	108	1	92.43814943999999	18.920089066666666	0.0	0.0	1	1.0231281332393931	-4.947244235469684	138.0	12	1.05	0.95				
	109	1	94.60044533333334	19.46066304	0.0	0.0	1	1.0258387019322823	-2.0936442411672305	138.0	13	1.05	0.95				
	110	1	105.4119248	21.622958933333337	0.0	0.0	1	1.05	-2.983802423936911	138.0	13	1.05	0.95				
	111	1	0.0	0.0	0.0	0.0	1	1.0057070837209179	-0.32991524655713583	230.0	13	1.05	0.95				
	112	1	0.0	0.0	0.0	0.0	1	1.0117714904092039	0.11216711454383527	230.0	13	1.05	0.95				
	113	3	143.25210293333333	29.190994560000007	0.0	0.0	1	1.0010311035132353	2.617584899843002e-29	230.0	14	1.05	0.95				
	114	2	104.87135082666667	21.08238496	0.0	0.0	1	1.0014990623871811	1.7102072533681716	230.0	16	1.05	0.95				
	115	2	171.36194954666666	34.596734293333334	0.0	0.0	1	1.040544679945768	8.341551399420645	230.0	16	1.05	0.95				
	116	2	54.057397333333334	10.811479466666668	0.0	0.0	1	1.036808212977787	7.7490392265248715	230.0	16	1.05	0.95				
	117	1	0.0	0.0	0.0	0.0	1	1.04299346606323	10.029148005997008	230.0	17	1.05	0.95				
	118	2	180.01113312	36.75903018666667	0.0	0.0	1	1.0458311048363622	10.023809866266141	230.0	17	1.05	0.95				
	119	1	97.84388917333334	20.001237013333334	0.0	0.0	1	1.030783950728824	6.375942330502774	230.0	15	1.05	0.95				
	120	1	69.19346858666667	14.054923306666666	0.0	0.0	1	1.0299648230788614	6.217987777107331	230.0	15	1.05	0.95				
	121	2	0.0	0.0	0.0	0.0	1	1.0498359559405332	11.253162747479937	230.0	17	1.05	0.95				
	122	2	0.0	0.0	0.0	0.0	1	1.05	19.301740676799046	230.0	17	1.05	0.95				
	123	2	0.0	0.0	0.0	0.0	1	1.030562050209652	6.541804054743486	230.0	15	1.05	0.95				
	124	1	0.0	0.0	0.0	0.0	1	1.0244347028585157	5.273352176905013	230.0	16	1.05	0.95				
	201	2	73.54131904421054	14.980639064561405	0.0	0.0	2	1.0352604465962185	-14.248486335286104	138.0	21	1.05	0.95				
	202	2	66.05099951192983	13.618762785964913	0.0	0.0	2	1.03546275781783	-14.36810264130942	138.0	22	1.05	0.95				
	203	1	122.56886507368424	25.194711154035087	0.0	0.0	2	1.0216869661774377	-10.32666137336224	138.0	21	1.05	0.95				
	204	1	50.38942230807017	10.214072089473685	0.0	0.0	2	1.0172227855977753	-16.283839808229317	138.0	21	1.05	0.95				
	205	1	48.346607890175434	9.53313395017544	0.0	0.0	2	1.0338195592180224	-16.755493708159392	138.0	21	1.05	0.95				
	206	1	92.60758694456142	19.06626790035088	0.0	-100.0	2	1.0391969766252716	-18.808220354838486	138.0	22	1.05	0.95				
	207	2	85.11726741228071	17.02345348245614	0.0	0.0	2	0.9740864473108996	-28.97399651298042	138.0	22	1.05	0.95				
	208	1	116.44042182000001	23.832834875438596	0.0	0.0	2	0.9760851074512014	-25.63322467468882	138.0	22	1.05	0.95				
	209	1	119.164174377193	24.51377301473684	0.0	0.0	2	1.0235267979751002	-15.090833901642917	138.0	23	1.05	0.95				
	210	1	132.7829371631579	27.237525571929826	0.0	0.0	2	1.05	-17.154866883394686	138.0	23	1.05	0.95				
	211	1	0.0	0.0	0.0	0.0	2	1.023182323531753	-11.191361768199991	230.0	23	1.05	0.95				
	212	1	0.0	0.0	0.0	0.0	2	1.0182022078800985	-10.190861949895037	230.0	23	1.05	0.95				
	213	2	180.44860691403508	36.77065952210527	0.0	0.0	2	1.0289079123278968	-9.294179418440855	230.0	24	1.05	0.95				
	214	2	132.10199902385966	26.556587432631577	0.0	0.0	2	1.037773144399461	-8.034104023610976	230.0	26	1.05	0.95				
	215	2	215.85739015754388	43.58004091508772	0.0	0.0	2	1.0406590815508496	0.965923639466477	230.0	26	1.05	0.95				
	216	2	68.09381392982456	13.618762785964913	0.0	0.0	2	1.0442955379948	0.634741757396456	230.0	26	1.05	0.95				
	217	1	0.0	0.0	0.0	0.0	2	1.0451170349750019	4.091684132310092	230.0	27	1.05	0.95				
	218	2	226.7524003863158	46.30379347228071	0.0	0.0	2	1.0472370124410346	4.605710526569439	230.0	27	1.05	0.95				
	219	1	123.24980321298247	25.194711154035087	0.0	0.0	2	1.042137523406868	-0.10563187686718277	230.0	25	1.05	0.95				
	220	1	87.16008183017544	17.704391621754386	0.0	0.0	2	1.046016275347745	0.5294241103016714	230.0	25	1.05	0.95				
	221	2	0.0	0.0	0.0	0.0	2	1.0477029633708534	4.633150059014176	230.0	27	1.05	0.95				
	222	2	0.0	0.0	0.0	0.0	2	1.05	10.930142869211998	230.0	27	1.05	0.95				
	223	2	0.0	0.0	0.0	0.0	2	1.05	1.3726202587972407	230.0	25	1.05	0.95				
	224	1	0.0	0.0	0.0	0.0	2	1.0194593379258452	-3.2307633988332505	230.0	26	1.05	0.95				
	301	2	53.35083833684211	10.867763364912282	0.0	0.0	3	1.0127669338710659	-12.538473213626006	138.0	31	1.05	0.95				
	302	2	47.91695665438597	9.879784877192984	0.0	0.0	3	1.0115378311569294	-12.813327937320482	138.0	32	1.05	0.95				
	303	1	88.91806389473686	18.27760202280702	0.0	0.0	3	1.0461758334190647	-1.3881336486046203	138.0	31	1.05	0.95				
	304	1	36.55520404561404	7.409838657894737	0.0	0.0	3	1.0109263712225787	-11.522140249186451	138.0	31	1.05	0.95				
	305	1	35.073236314035086	6.915849414035089	0.0	0.0	3	1.0251961933120695	-12.907042150805248	138.0	31	1.05	0.95				
	306	1	67.18253716491229	13.831698828070177	0.0	-100.0	3	1.0394217706573374	-13.689498724509992	138.0	32	1.05	0.95				
	307	2	61.74865548245614	12.34973109649123	0.0	0.0	3	0.9905683006975563	-19.04970710024925	138.0	32	1.05	0.95				
	308	1	84.4721607	17.28962353508772	0.0	0.0	3	0.9952100759361968	-16.767488244306417	138.0	32	1.05	0.95				
	309	1	86.44811767543861	17.78361277894737	0.0	0.0	3	1.0262412706067636	-8.44225688041992	138.0	33	1.05	0.95				
	310	1	96.32790255263158	19.759569754385968	0.0	0.0	3	1.05	-11.68852220430695	138.0	33	1.05	0.95				
	311	1	0.0	0.0	0.0	0.0	3	1.0119206276917727	-6.029399213297333	230.0	33	1.05	0.95				
	312	1	0.0	0.0	0.0	0.0	3	1.0140941207069352	-5.622220638930978	230.0	33	1.05	0.95				
	313	2	130.90714962280703	26.675419168421055	0.0	0.0	3	1.0131876908076747	-3.035685201648131	230.0	34	1.05	0.95				
	314	2	95.83391330877194	19.265580510526316	0.0	0.0	3	1.0149579615789739	-4.538831904599333	230.0	36	1.05	0.95				
	315	2	156.59459030350877	31.61531160701755	0.0	0.0	3	1.0439177143227178	0.6400123343405357	230.0	36	1.05	0.95				
	316	2	49.39892438596492	9.879784877192984	0.0	0.0	3	1.0405064528957881	0.5099737716308526	230.0	36	1.05	0.95				
	317	1	0.0	0.0	0.0	0.0	3	1.046698793801572	2.575081739907346	230.0	37	1.05	0.95				
	318	2	164.49841820526316	33.591268582456145	0.0	0.0	3	1.046628072454918	2.2824595727443024	230.0	37	1.05	0.95				
	319	1	89.4120531385965	18.27760202280702	0.0	0.0	3	1.0334586298695434	-0.6968600327745401	230.0	35	1.05	0.95				
	320	1	63.2306232140351	12.843720340350878	0.0	0.0	3	1.0311167409184387	-0.8044198234190684	230.0	35	1.05	0.95				
	321	2	0.0	0.0	0.0	0.0	3	1.0486475646743425	3.2430425178479165	230.0	37	1.05	0.95				
	322	2	0.0	0.0	0.0	0.0	3	1.05	7.321799310946017	230.0	37	1.05	0.95				
	323	2	0.0	0.0	0.0	0.0	3	1.0306586048877566	-0.48732397531632166	230.0	35	1.05	0.95				
	324	1	0.0	0.0	0.0	0.0	3	1.0395632035594173	-0.12286862917414638	230.0	36	1.05	0.95				
	325	1	0.0	0.0	0.0	0.0	3	1.029414716295289	0.5083263610107311	230.0	35	1.05	0.95				
];
