%% MATPOWER Case Format : Version 2
function mpc = RTS_GMLC
mpc.version = '2';

%%-----  Power Flow Data  -----%%
%% system MVA base
mpc.baseMVA = 100.0;
%% bus data
%    bus_i    type    Pd    Qd    Gs    Bs    area    Vm    Va    baseKV    zone    Vmax    Vmin
mpc.bus = [
	101	2	73.57199407578948	14.986887682105266	0.0	0.0	1	1.0324733925986813	-0.6003082648475402	138.0	11	1.05	0.95				
	102	2	66.07855023473684	13.624443347368423	0.0	0.0	1	1.0324943922983423	-0.6454296003547534	138.0	12	1.05	0.95				
	103	1	122.61999012631581	25.205220192631582	0.0	0.0	1	1.021952095235106	-1.7315756581973267	138.0	11	1.05	0.95				
	104	1	50.410440385263165	10.218332510526317	0.0	0.0	1	1.0172640487665014	-3.6408317583306977	138.0	11	1.05	0.95				
	105	1	48.3667738831579	9.537110343157897	0.0	0.0	1	1.0321202889992116	-3.609291804388974	138.0	11	1.05	0.95				
	106	1	92.64621476210529	19.074220686315794	0.0	-100.0	1	1.0381351630136544	-5.91486378536227	138.0	12	1.05	0.95				
	107	2	85.15277092105265	17.030554184210526	0.0	0.0	1	1.0470397779871632	-1.397115989163154	138.0	12	1.05	0.95				
	108	1	116.48899062	23.842775857894736	0.0	0.0	1	1.0256708012821938	-4.566675154188278	138.0	12	1.05	0.95				
	109	1	119.2138792894737	24.52399802526316	0.0	0.0	1	1.0265187568337817	-3.3341902146456843	138.0	13	1.05	0.95				
	110	1	132.83832263684212	27.248886694736846	0.0	0.0	1	1.05	-4.508404587501356	138.0	13	1.05	0.95				
	111	1	0.0	0.0	0.0	0.0	1	1.0115788602212203	-1.0183090189264328	230.0	13	1.05	0.95				
	112	1	0.0	0.0	0.0	0.0	1	1.0147622259082039	-0.08923747331568804	230.0	13	1.05	0.95				
	113	3	180.5238743526316	36.78599703789474	0.0	0.0	1	1.0099878314262476	1.868841788361211e-28	230.0	14	1.05	0.95				
	114	2	132.15710046947368	26.56766452736842	0.0	0.0	1	1.0121777824226563	1.064073698276603	230.0	16	1.05	0.95				
	115	2	215.94742705578952	43.59821871157895	0.0	0.0	1	1.0437620696128478	8.242042779920409	230.0	16	1.05	0.95				
	116	2	68.1222167368421	13.624443347368423	0.0	0.0	1	1.041692659134459	8.07996442049125	230.0	16	1.05	0.95				
	117	1	0.0	0.0	0.0	0.0	1	1.0465487476749955	10.6847778882416	230.0	17	1.05	0.95				
	118	2	226.84698173368423	46.323107381052644	0.0	0.0	1	1.048819341418964	11.08397305411593	230.0	17	1.05	0.95				
	119	1	123.30121229368423	25.205220192631582	0.0	0.0	1	1.0365541926972084	7.202674679202485	230.0	15	1.05	0.95				
	120	1	87.1964374231579	17.71177635157895	0.0	0.0	1	1.037921999813665	7.731444737205476	230.0	15	1.05	0.95				
	121	2	0.0	0.0	0.0	0.0	1	1.05	11.427022713812246	230.0	17	1.05	0.95				
	122	2	0.0	0.0	0.0	0.0	1	1.05	18.264815671786597	230.0	17	1.05	0.95				
	123	2	0.0	0.0	0.0	0.0	1	1.0405232690161381	8.526930402902723	230.0	15	1.05	0.95				
	124	1	0.0	0.0	0.0	0.0	1	1.023103496036568	4.549082067532138	230.0	16	1.05	0.95				
	201	2	75.29230284631579	15.33732095017544	0.0	0.0	2	1.0378263415972615	-7.613646943206594	138.0	21	1.05	0.95				
	202	2	67.62364237122807	13.943019045614037	0.0	0.0	2	1.0377878418655675	-7.747382771547751	138.0	22	1.05	0.95				
	203	1	125.48717141052632	25.794585234385963	0.0	0.0	2	1.027788269392696	-5.276840506856775	138.0	21	1.05	0.95				
	204	1	51.589170468771925	10.457264284210527	0.0	0.0	2	1.0191475491815367	-9.741198280557413	138.0	21	1.05	0.95				
	205	1	49.49771761192983	9.760113331929826	0.0	0.0	2	1.034947616660271	-10.049786806465885	138.0	21	1.05	0.95				
	206	1	94.81252951017545	19.520226663859653	0.0	-100.0	2	1.0393356529744489	-12.082978372820437	138.0	22	1.05	0.95				
	207	2	87.14386903508773	17.428773807017546	0.0	0.0	2	0.9716403566101913	-22.60303431675215	138.0	22	1.05	0.95				
	208	1	119.21281284	24.40028332982456	0.0	0.0	2	0.9743133900364923	-19.176765393479787	138.0	22	1.05	0.95				
	209	1	122.0014166491228	25.09743428210526	0.0	0.0	2	1.025675802647629	-8.55917212202526	138.0	23	1.05	0.95				
	210	1	135.94443569473685	27.886038091228073	0.0	0.0	2	1.05	-10.334438442963915	138.0	23	1.05	0.95				
	211	1	0.0	0.0	0.0	0.0	2	1.022243152660417	-4.135049593753878	230.0	23	1.05	0.95				
	212	1	0.0	0.0	0.0	0.0	2	1.019414722599217	-3.064376159931993	230.0	23	1.05	0.95				
	213	2	184.74500235438595	37.646151423157896	0.0	0.0	2	1.0306459921890045	-0.8537551064827341	230.0	24	1.05	0.95				
	214	2	135.24728474245615	27.188887138947372	0.0	0.0	2	1.0341110604770893	-1.7941670279102542	230.0	26	1.05	0.95				
	215	2	220.9968518729825	44.617660945964914	0.0	0.0	2	1.0432287647357705	5.63024633309954	230.0	26	1.05	0.95				
	216	2	69.71509522807018	13.943019045614037	0.0	0.0	2	1.046164390687238	5.776504401361096	230.0	26	1.05	0.95				
	217	1	0.0	0.0	0.0	0.0	2	1.0482624987189875	8.914077516356368	230.0	27	1.05	0.95				
	218	2	232.15126710947368	47.406264755087726	0.0	0.0	2	1.0499999393638555	9.735082460177555	230.0	27	1.05	0.95				
	219	1	126.18432236280704	25.794585234385963	0.0	0.0	2	1.043040783234597	5.159530884717372	230.0	25	1.05	0.95				
	220	1	89.23532189192983	18.125924759298247	0.0	0.0	2	1.0462538814172373	5.9292111908677105	230.0	25	1.05	0.95				
	221	2	0.0	0.0	0.0	0.0	2	1.05	10.085406096001027	230.0	27	1.05	0.95				
	222	2	0.0	0.0	0.0	0.0	2	1.05	16.13759777915379	230.0	27	1.05	0.95				
	223	2	0.0	0.0	0.0	0.0	2	1.05	6.858049892966155	230.0	25	1.05	0.95				
	224	1	0.0	0.0	0.0	0.0	2	1.0238059861240807	1.5634932789692733	230.0	26	1.05	0.95				
	301	2	68.0082252631579	13.853527368421052	0.0	0.0	3	1.0122742585560804	-23.3230548374977	138.0	31	1.05	0.95				
	302	2	61.08146157894736	12.594115789473683	0.0	0.0	3	1.011033222984287	-23.64051275312405	138.0	32	1.05	0.95				
	303	1	113.34704210526316	23.299114210526316	0.0	0.0	3	1.0197714267075249	-17.402162748087715	138.0	31	1.05	0.95				
	304	1	46.59822842105263	9.445586842105262	0.0	0.0	3	1.0081200632625018	-22.322380471473995	138.0	31	1.05	0.95				
	305	1	44.70911105263157	8.815881052631578	0.0	0.0	3	1.0227399165240412	-23.016954171962396	138.0	31	1.05	0.95				
	306	1	85.63998736842106	17.631762105263157	0.0	-100.0	3	1.0352342109207195	-23.555558707956074	138.0	32	1.05	0.95				
	307	2	78.71322368421052	15.742644736842104	0.0	0.0	3	1.0046271296456473	-25.60235734688462	138.0	32	1.05	0.95				
	308	1	107.67969	22.039702631578944	0.0	0.0	3	1.0013239200234134	-25.08005994927964	138.0	32	1.05	0.95				
	309	1	110.19851315789472	22.66940842105263	0.0	0.0	3	1.027010284537884	-18.669646437070117	138.0	33	1.05	0.95				
	310	1	122.7926289473684	25.188231578947367	0.0	0.0	3	1.05	-20.690872923707328	138.0	33	1.05	0.95				
	311	1	0.0	0.0	0.0	0.0	3	1.0184888627999462	-13.590912933281368	230.0	33	1.05	0.95				
	312	1	0.0	0.0	0.0	0.0	3	1.0175326852355424	-12.973311583896589	230.0	33	1.05	0.95				
	313	2	166.8720342105263	34.00411263157895	0.0	0.0	3	1.0268276619069037	-9.568601507674853	230.0	34	1.05	0.95				
	314	2	122.16292315789472	24.558525789473684	0.0	0.0	3	1.0296676564666627	-11.08825908552908	230.0	36	1.05	0.95				
	315	2	199.6167352631579	40.301170526315786	0.0	0.0	3	1.0483869446018825	-4.096613300481465	230.0	36	1.05	0.95				
	316	2	62.970578947368416	12.594115789473683	0.0	0.0	3	1.0483404978097	-3.760734252275049	230.0	36	1.05	0.95				
	317	1	0.0	0.0	0.0	0.0	3	1.0499119378959807	-0.6770592838900654	230.0	37	1.05	0.95				
	318	2	209.6920278947368	42.81999368421053	0.0	0.0	3	1.0492277496095685	-0.46867273951698396	230.0	37	1.05	0.95				
	319	1	113.97674789473685	23.299114210526316	0.0	0.0	3	1.043521600804425	-5.1049650397097555	230.0	35	1.05	0.95				
	320	1	80.60234105263157	16.37235052631579	0.0	0.0	3	1.0446516574874167	-5.0953435267786285	230.0	35	1.05	0.95				
	321	2	0.0	0.0	0.0	0.0	3	1.05	0.24622767937568354	230.0	37	1.05	0.95				
	322	2	0.0	0.0	0.0	0.0	3	1.05	5.66023053655497	230.0	37	1.05	0.95				
	323	2	0.0	0.0	0.0	0.0	3	1.0467089918237218	-4.627654091246385	230.0	35	1.05	0.95				
	324	1	0.0	0.0	0.0	0.0	3	1.0207354610684707	-9.002063455156932	230.0	36	1.05	0.95				
	325	1	0.0	0.0	0.0	0.0	3	1.041944378760397	-3.30797277385758	230.0	35	1.05	0.95				
];
