%% MATPOWER Case Format : Version 2
function mpc = RTS_GMLC
mpc.version = '2';

%%-----  Power Flow Data  -----%%
%% system MVA base
mpc.baseMVA = 100.0;
%% bus data
%    bus_i    type    Pd    Qd    Gs    Bs    area    Vm    Va    baseKV    zone    Vmax    Vmin
mpc.bus = [
	101	2	66.18406729263158	13.48193963368421	0.0	0.0	1	1.0316786876139616	1.3972462580157055	138.0	11	1.05	0.95				
	102	2	59.443097475789465	12.256308757894736	0.0	0.0	1	1.0317277731885892	1.3502833858694367	138.0	12	1.05	0.95				
	103	1	110.30677882105262	22.67417120210526	0.0	0.0	1	1.0237022226756416	-0.0349040592049806	138.0	11	1.05	0.95				
	104	1	45.34834240421052	9.192231568421052	0.0	0.0	1	1.0179032714075416	-1.9503212555236855	138.0	11	1.05	0.95				
	105	1	43.50989609052631	8.579416130526315	0.0	0.0	1	1.032442462162041	-1.8710916467590322	138.0	11	1.05	0.95				
	106	1	83.34289955368422	17.15883226105263	0.0	-100.0	1	1.0397379254063017	-4.262100434076944	138.0	12	1.05	0.95				
	107	2	76.6019297368421	15.32038594736842	0.0	0.0	1	1.0485145181999385	-1.3179150427682664	138.0	12	1.05	0.95				
	108	1	104.79143988	21.448540326315786	0.0	0.0	1	1.028677518339739	-3.7914103959332315	138.0	12	1.05	0.95				
	109	1	107.24270163157894	22.061355764210525	0.0	0.0	1	1.0261409506013144	-2.1678864013801395	138.0	13	1.05	0.95				
	110	1	119.49901038947368	24.512617515789472	0.0	0.0	1	1.05	-3.246625216054717	138.0	13	1.05	0.95				
	111	1	0.0	0.0	0.0	0.0	1	1.0082624332485333	-0.26242395537876156	230.0	13	1.05	0.95				
	112	1	0.0	0.0	0.0	0.0	1	1.0128691759218391	0.2996360784430178	230.0	13	1.05	0.95				
	113	3	162.39609104210524	33.09203364631579	0.0	0.0	1	1.0041139339485825	5.058177004799551e-31	230.0	14	1.05	0.95				
	114	2	118.88619495157893	23.899802077894737	0.0	0.0	1	1.0067597309687084	2.051458364760334	230.0	16	1.05	0.95				
	115	2	194.26249381263156	39.220188025263155	0.0	0.0	1	1.0424100243567316	9.466853745965729	230.0	16	1.05	0.95				
	116	2	61.28154378947368	12.256308757894736	0.0	0.0	1	1.039475142844787	8.94223846611618	230.0	16	1.05	0.95				
	117	1	0.0	0.0	0.0	0.0	1	1.0455951794189735	11.864413878802416	230.0	17	1.05	0.95				
	118	2	204.06754081894735	41.67144977684211	0.0	0.0	1	1.0486423081373155	12.447549966881951	230.0	17	1.05	0.95				
	119	1	110.91959425894737	22.67417120210526	0.0	0.0	1	1.0333492903923984	7.521493422739135	230.0	15	1.05	0.95				
	120	1	78.44037605052631	15.933201385263157	0.0	0.0	1	1.0332746242575066	7.453541990246279	230.0	15	1.05	0.95				
	121	2	0.0	0.0	0.0	0.0	1	1.05	12.807695150218404	230.0	17	1.05	0.95				
	122	2	0.0	0.0	0.0	0.0	1	1.05	19.306578337626576	230.0	17	1.05	0.95				
	123	2	0.0	0.0	0.0	0.0	1	1.03462331213582	7.876896418816813	230.0	15	1.05	0.95				
	124	1	0.0	0.0	0.0	0.0	1	1.0234846276539693	5.9389748593340235	230.0	16	1.05	0.95				
	201	2	78.57327247578948	16.005666615438596	0.0	0.0	2	1.0378003715749469	-11.822082366289731	138.0	21	1.05	0.95				
	202	2	70.57043916807018	14.55060601403509	0.0	0.0	2	1.037967166585119	-11.939391359036238	138.0	22	1.05	0.95				
	203	1	130.9554541263158	26.918621125964915	0.0	0.0	2	1.0249626564120227	-7.759809996631537	138.0	21	1.05	0.95				
	204	1	53.83724225192983	10.912954510526315	0.0	0.0	2	1.0180517466163628	-13.62764694240582	138.0	21	1.05	0.95				
	205	1	51.654651349824555	10.185424209824562	0.0	0.0	2	1.0345696708697572	-14.129668510451662	138.0	21	1.05	0.95				
	206	1	98.9441208954386	20.370848419649125	0.0	-100.0	2	1.0385448777174577	-16.113237506567028	138.0	22	1.05	0.95				
	207	2	90.9412875877193	18.18825751754386	0.0	0.0	2	0.9638727932602056	-26.94850046569455	138.0	22	1.05	0.95				
	208	1	124.40768142	25.4635605245614	0.0	0.0	2	0.9678533926809237	-23.336566584791992	138.0	22	1.05	0.95				
	209	1	127.31780262280701	26.191090825263156	0.0	0.0	2	1.0246428052348309	-12.066678750804206	138.0	23	1.05	0.95				
	210	1	141.8684086368421	29.10121202807018	0.0	0.0	2	1.05	-14.186944772045601	138.0	23	1.05	0.95				
	211	1	0.0	0.0	0.0	0.0	2	1.026529885349652	-7.5158000406351055	230.0	23	1.05	0.95				
	212	1	0.0	0.0	0.0	0.0	2	1.020917496159352	-6.525760146311567	230.0	23	1.05	0.95				
	213	2	192.7955296859649	39.28663623789474	0.0	0.0	2	1.0370888674162264	-4.3937981526862915	230.0	24	1.05	0.95				
	214	2	141.14087833614036	28.37368172736842	0.0	0.0	2	1.0425163856519308	-4.809932391415637	230.0	26	1.05	0.95				
	215	2	230.62710532245615	46.56193924491228	0.0	0.0	2	1.0427346962236381	3.646000407616614	230.0	26	1.05	0.95				
	216	2	72.75303007017544	14.55060601403509	0.0	0.0	2	1.0470556968609777	3.5067972965728282	230.0	26	1.05	0.95				
	217	1	0.0	0.0	0.0	0.0	2	1.0476122755531754	6.965675115660369	230.0	27	1.05	0.95				
	218	2	242.26759013368425	49.4720604477193	0.0	0.0	2	1.0496574170449904	7.723297574246248	230.0	27	1.05	0.95				
	219	1	131.68298442701754	26.918621125964915	0.0	0.0	2	1.0432662161628008	2.588931357928928	230.0	25	1.05	0.95				
	220	1	93.12387848982456	18.915787818245615	0.0	0.0	2	1.046291553180814	3.152306132541137	230.0	25	1.05	0.95				
	221	2	0.0	0.0	0.0	0.0	2	1.05	8.083933827044712	230.0	27	1.05	0.95				
	222	2	0.0	0.0	0.0	0.0	2	1.05	14.156868395590344	230.0	27	1.05	0.95				
	223	2	0.0	0.0	0.0	0.0	2	1.05	3.99008502099275	230.0	25	1.05	0.95				
	224	1	0.0	0.0	0.0	0.0	2	1.021807332023952	-0.5980649112621105	230.0	26	1.05	0.95				
	301	2	62.04618792000001	12.639038280000001	0.0	0.0	3	1.014953255548916	-15.417598033892316	138.0	31	1.05	0.95				
	302	2	55.72666878	11.4900348	0.0	0.0	3	1.013306097032954	-15.780594222427581	138.0	32	1.05	0.95				
	303	1	103.4103132	21.256564379999997	0.0	0.0	3	1.05	-0.9373550853045287	138.0	31	1.05	0.95				
	304	1	42.513128759999994	8.6175261	0.0	0.0	3	1.0087493571073964	-14.419375999323687	138.0	31	1.05	0.95				
	305	1	40.789623539999994	8.04302436	0.0	0.0	3	1.0251887609719639	-16.035957585786733	138.0	31	1.05	0.95				
	306	1	78.13223664	16.08604872	0.0	-100.0	3	1.037476764429944	-17.03580752795333	138.0	32	1.05	0.95				
	307	2	71.8127175	14.3625435	0.0	0.0	3	0.9899642024418718	-23.33025144477101	138.0	32	1.05	0.95				
	308	1	98.23979754	20.1075609	0.0	0.0	3	0.9907953522227931	-20.68523090612569	138.0	32	1.05	0.95				
	309	1	100.53780450000001	20.682062639999998	0.0	0.0	3	1.02414245908844	-10.944268475309837	138.0	33	1.05	0.95				
	310	1	112.0278393	22.9800696	0.0	0.0	3	1.05	-14.81409683805161	138.0	33	1.05	0.95				
	311	1	0.0	0.0	0.0	0.0	3	1.01725474099107	-8.486280042665676	230.0	33	1.05	0.95				
	312	1	0.0	0.0	0.0	0.0	3	1.017399934992267	-8.012474359588515	230.0	33	1.05	0.95				
	313	2	152.2429611	31.023093960000004	0.0	0.0	3	1.0205945222154549	-5.496696963004839	230.0	34	1.05	0.95				
	314	2	111.45333756	22.40556786	0.0	0.0	3	1.0262352620422013	-6.709474265278069	230.0	36	1.05	0.95				
	315	2	182.11705158	36.76811136	0.0	0.0	3	1.0488442403796328	-0.59607798785426	230.0	36	1.05	0.95				
	316	2	57.450174	11.4900348	0.0	0.0	3	1.0467094634867873	-0.7399277891577455	230.0	36	1.05	0.95				
	317	1	0.0	0.0	0.0	0.0	3	1.048567171038165	0.9766407765239685	230.0	37	1.05	0.95				
	318	2	191.30907942	39.06611832	0.0	0.0	3	1.0480340437677425	1.05426378125493	230.0	37	1.05	0.95				
	319	1	103.98481494	21.256564379999997	0.0	0.0	3	1.0405760776464021	-2.140941999059944	230.0	35	1.05	0.95				
	320	1	73.53622272	14.93704524	0.0	0.0	3	1.039986820750143	-2.279247217990381	230.0	35	1.05	0.95				
	321	2	0.0	0.0	0.0	0.0	3	1.05	2.0562613364774696	230.0	37	1.05	0.95				
	322	2	0.0	0.0	0.0	0.0	3	1.05	6.487767479266999	230.0	37	1.05	0.95				
	323	2	0.0	0.0	0.0	0.0	3	1.0408328571552985	-1.9278219995683188	230.0	35	1.05	0.95				
	324	1	0.0	0.0	0.0	0.0	3	1.0449970867466207	-0.7147345634910052	230.0	36	1.05	0.95				
	325	1	0.0	0.0	0.0	0.0	3	1.0372764753627015	-0.7037884275667557	230.0	35	1.05	0.95				
];

%% generator data
%    bus    Pg    Qg    Qmax    Qmin    Vg    mBase    status    Pmax    Pmin    Pc1    Pc2    Qc1min    Qc1max    Qc2min    Qc2max    ramp_agc    ramp_10    ramp_30    ramp_q    apf
