%% MATPOWER Case Format : Version 2
function mpc = RTS_GMLC
mpc.version = '2';

%%-----  Power Flow Data  -----%%
%% system MVA base
mpc.baseMVA = 100.0;
%% bus data
%    bus_i    type    Pd    Qd    Gs    Bs    area    Vm    Va    baseKV    zone    Vmax    Vmin
mpc.bus = [
	101	2	79.83770411368421	16.263236023157894	0.0	0.0	1	1.0327021790589335	-2.1721118735046114	138.0	11	1.05	0.95				
	102	2	71.70608610210525	14.784760021052632	0.0	0.0	1	1.0327812339150646	-2.256871974546934	138.0	12	1.05	0.95				
	103	1	133.06284018947366	27.351806038947363	0.0	0.0	1	1.0177775863365994	-1.7226209238873236	138.0	11	1.05	0.95				
	104	1	54.703612077894725	11.088570015789472	0.0	0.0	1	1.0158101947590337	-5.108616765609851	138.0	11	1.05	0.95				
	105	1	52.48589807473684	10.349332014736842	0.0	0.0	1	1.0314351640645087	-5.226136435691203	138.0	11	1.05	0.95				
	106	1	100.5363681431579	20.698664029473683	0.0	-100.0	1	1.0364928500846173	-7.612489008288403	138.0	12	1.05	0.95				
	107	2	92.40475013157894	18.48095002631579	0.0	0.0	1	1.05	-6.4984792040415345	138.0	12	1.05	0.95				
	108	1	126.40969817999999	25.873330036842102	0.0	0.0	1	1.025681980891541	-8.232941568163803	138.0	12	1.05	0.95				
	109	1	129.36665018421053	26.612568037894736	0.0	0.0	1	1.0256556621857074	-4.447657609617492	138.0	13	1.05	0.95				
	110	1	144.15141020526315	29.569520042105264	0.0	0.0	1	1.05	-5.988339514358987	138.0	13	1.05	0.95				
	111	1	0.0	0.0	0.0	0.0	1	1.0124272084926098	-1.2155853015635618	230.0	13	1.05	0.95				
	112	1	0.0	0.0	0.0	0.0	1	1.016018637503272	-0.7993092052303635	230.0	13	1.05	0.95				
	113	3	195.89807027894736	39.918852056842105	0.0	0.0	1	1.0163026428496207	1.0131162976475768e-27	230.0	14	1.05	0.95				
	114	2	143.4121722042105	28.83028204105263	0.0	0.0	1	1.01338139211061	1.775914612774257	230.0	16	1.05	0.95				
	115	2	234.33844633368417	47.311232067368415	0.0	0.0	1	1.041321063824819	11.271574567760196	230.0	16	1.05	0.95				
	116	2	73.92380010526315	14.784760021052632	0.0	0.0	1	1.0389615459582964	10.469422841749514	230.0	16	1.05	0.95				
	117	1	0.0	0.0	0.0	0.0	1	1.042868765914639	14.990251253740574	230.0	17	1.05	0.95				
	118	2	246.16625435052632	50.26818407157895	0.0	0.0	1	1.0488376215756592	15.516655088521325	230.0	17	1.05	0.95				
	119	1	133.8020781905263	27.351806038947363	0.0	0.0	1	1.0335851125989615	8.133878879015583	230.0	15	1.05	0.95				
	120	1	94.62246413473683	19.22018802736842	0.0	0.0	1	1.0362283479198315	7.508777628556735	230.0	15	1.05	0.95				
	121	2	0.0	0.0	0.0	0.0	1	1.05	16.134428898735678	230.0	17	1.05	0.95				
	122	2	0.0	0.0	0.0	0.0	1	1.05	29.35677272910467	230.0	17	1.05	0.95				
	123	2	0.0	0.0	0.0	0.0	1	1.0395949839749237	7.714880407700022	230.0	15	1.05	0.95				
	124	1	0.0	0.0	0.0	0.0	1	1.0161103122630055	6.459715835016624	230.0	16	1.05	0.95				
	201	2	84.6252164463158	17.238470016842104	0.0	0.0	2	1.0399946963384237	-18.540011970950836	138.0	21	1.05	0.95				
	202	2	76.00598143789475	15.67133637894737	0.0	0.0	2	1.0424520245442834	-18.71171664288973	138.0	22	1.05	0.95				
	203	1	141.04202741052632	28.99197230105263	0.0	0.0	2	1.0227458876147968	-13.241227797808735	138.0	21	1.05	0.95				
	204	1	57.98394460210526	11.753502284210526	0.0	0.0	2	1.0186048582193352	-20.19005359768426	138.0	21	1.05	0.95				
	205	1	55.63324414526316	10.96993546526316	0.0	0.0	2	1.0349415039683993	-20.801856927936893	138.0	21	1.05	0.95				
	206	1	106.56508737684211	21.93987093052632	0.0	-100.0	2	1.038023505349191	-22.816727305353915	138.0	22	1.05	0.95				
	207	2	97.94585236842106	19.589170473684213	0.0	0.0	2	0.95	-34.47294882736611	138.0	22	1.05	0.95				
	208	1	133.98992604	27.424838663157896	0.0	0.0	2	0.9563963618704375	-30.521973489457647	138.0	22	1.05	0.95				
	209	1	137.12419331578948	28.208405482105263	0.0	0.0	2	1.0240477710792317	-18.2363116715028	138.0	23	1.05	0.95				
	210	1	152.79552969473684	31.34267275789474	0.0	0.0	2	1.05	-20.64270260235046	138.0	23	1.05	0.95				
	211	1	0.0	0.0	0.0	0.0	2	1.0320124398832247	-13.209800500112959	230.0	23	1.05	0.95				
	212	1	0.0	0.0	0.0	0.0	2	1.0244790838147297	-12.403984074516348	230.0	23	1.05	0.95				
	213	2	207.64520702105264	42.3126082231579	0.0	0.0	2	1.05	-10.17364266786145	230.0	24	1.05	0.95				
	214	2	152.0119628757895	30.559105938947372	0.0	0.0	2	1.05	-9.922211102559215	230.0	26	1.05	0.95				
	215	2	248.3906816063158	50.14827641263159	0.0	0.0	2	1.0430672359284794	0.17162136655745336	230.0	26	1.05	0.95				
	216	2	78.35668189473685	15.67133637894737	0.0	0.0	2	1.0472344751782594	-0.3955963204406623	230.0	26	1.05	0.95				
	217	1	0.0	0.0	0.0	0.0	2	1.047845575591836	3.7731131795294965	230.0	27	1.05	0.95				
	218	2	260.9277507094737	53.28254368842106	0.0	0.0	2	1.0499999737274657	4.359294456292798	230.0	27	1.05	0.95				
	219	1	141.8255942294737	28.99197230105263	0.0	0.0	2	1.042736107486184	-1.9580884048119869	230.0	25	1.05	0.95				
	220	1	100.29655282526318	20.372737292631584	0.0	0.0	2	1.0460192774790193	-1.8509851163144129	230.0	25	1.05	0.95				
	221	2	0.0	0.0	0.0	0.0	2	1.05	4.69285114764611	230.0	27	1.05	0.95				
	222	2	0.0	0.0	0.0	0.0	2	1.05	10.843762087001345	230.0	27	1.05	0.95				
	223	2	0.0	0.0	0.0	0.0	2	1.05	-1.2228557580882318	230.0	25	1.05	0.95				
	224	1	0.0	0.0	0.0	0.0	2	1.0184265624345474	-4.81089936089781	230.0	26	1.05	0.95				
	301	2	75.93483073263158	15.468206260350877	0.0	0.0	3	1.0461604351753024	-14.841581095171957	138.0	31	1.05	0.95				
	302	2	68.20072760245614	14.062005691228071	0.0	0.0	3	1.0447675298747467	-15.248547700478284	138.0	32	1.05	0.95				
	303	1	126.55805122105264	26.01471052877193	0.0	0.0	3	1.05	3.2838932488494414	138.0	31	1.05	0.95				
	304	1	52.02942105754386	10.546504268421051	0.0	0.0	3	1.012340756031121	-12.86566294186642	138.0	31	1.05	0.95				
	305	1	49.920120203859646	9.84340398385965	0.0	0.0	3	1.0338371900271015	-15.369866554844164	138.0	31	1.05	0.95				
	306	1	95.62163870035089	19.6868079677193	0.0	-100.0	3	1.0327050144353946	-16.45093413739191	138.0	32	1.05	0.95				
	307	2	87.88753557017543	17.577507114035086	0.0	0.0	3	0.959909839225081	-14.057426697063208	138.0	32	1.05	0.95				
	308	1	120.23014866	24.608509959649123	0.0	0.0	3	0.9674191758765252	-15.061313940626729	138.0	32	1.05	0.95				
	309	1	123.0425497982456	25.311610244210524	0.0	0.0	3	1.0117196678594098	-7.929755872370887	138.0	33	1.05	0.95				
	310	1	137.10455548947368	28.124011382456143	0.0	0.0	3	1.038899577192088	-13.665539290325246	138.0	33	1.05	0.95				
	311	1	0.0	0.0	0.0	0.0	3	0.997433902267766	-7.893767781932687	230.0	33	1.05	0.95				
	312	1	0.0	0.0	0.0	0.0	3	1.0041137314163366	-6.094726556780489	230.0	33	1.05	0.95				
	313	2	186.32157540877193	37.96741536631579	0.0	0.0	3	1.001713819759721	-3.715339979840567	230.0	34	1.05	0.95				
	314	2	136.40145520491228	27.42091109789474	0.0	0.0	3	0.994570106322959	-8.53846299735383	230.0	36	1.05	0.95				
	315	2	222.8827902059649	44.998418211929824	0.0	0.0	3	1.05	-5.422860348483535	230.0	36	1.05	0.95				
	316	2	70.31002845614034	14.062005691228071	0.0	0.0	3	1.0406987773046203	-5.143935060756584	230.0	36	1.05	0.95				
	317	1	0.0	0.0	0.0	0.0	3	1.046803218287012	-3.773890141564644	230.0	37	1.05	0.95				
	318	2	234.13239475894736	47.81081935017544	0.0	0.0	3	1.0453808770119983	-4.689905339210384	230.0	37	1.05	0.95				
	319	1	127.26115150561404	26.01471052877193	0.0	0.0	3	1.032400051969502	-4.0933071355341815	230.0	35	1.05	0.95				
	320	1	89.99683642385965	18.28060739859649	0.0	0.0	3	1.0319624684285997	-1.8249626644048103	230.0	35	1.05	0.95				
	321	2	0.0	0.0	0.0	0.0	3	1.048566200664964	-4.3852705056004435	230.0	37	1.05	0.95				
	322	2	0.0	0.0	0.0	0.0	3	1.05	0.1957351421125264	230.0	37	1.05	0.95				
	323	2	0.0	0.0	0.0	0.0	3	1.0347067322844024	-0.0510346099280963	230.0	35	1.05	0.95				
	324	1	0.0	0.0	0.0	0.0	3	1.0471528596732493	-2.094347725690281	230.0	36	1.05	0.95				
	325	1	0.0	0.0	0.0	0.0	3	1.0308713928467739	1.2995566104062548	230.0	35	1.05	0.95				
];
