%% MATPOWER Case Format : Version 2
function mpc = RTS_GMLC
mpc.version = '2';

%%-----  Power Flow Data  -----%%
%% system MVA base
mpc.baseMVA = 100.0;
%% bus data
%    bus_i    type    Pd    Qd    Gs    Bs    area    Vm    Va    baseKV    zone    Vmax    Vmin
mpc.bus = [
	101	2	82.84364177684212	16.875556658245618	0.0	0.0	1	1.0409577611322063	-0.5476265258920711	138.0	11	1.05	0.95				
	102	2	74.40586344771931	15.341415143859653	0.0	0.0	1	1.0410501938414407	-0.6120203513397274	138.0	12	1.05	0.95				
	103	1	138.07273629473687	28.381618016140354	0.0	0.0	1	1.0253135465951546	-1.077819440040007	138.0	11	1.05	0.95				
	104	1	56.76323603228071	11.506061357894739	0.0	0.0	1	1.0211158226581007	-3.950058771119325	138.0	11	1.05	0.95				
	105	1	54.46202376070176	10.738990600701758	0.0	0.0	1	1.0347760229469205	-4.3372613315924395	138.0	11	1.05	0.95				
	106	1	104.32162297824563	21.477981201403516	0.0	-100.0	1	1.0371582147265437	-7.152138916863304	138.0	12	1.05	0.95				
	107	2	95.88384464912282	19.176768929824565	0.0	0.0	1	1.0429564816476065	-5.583345556446755	138.0	12	1.05	0.95				
	108	1	131.16909948000003	26.847476501754386	0.0	0.0	1	1.020997815005452	-7.719656256109501	138.0	12	1.05	0.95				
	109	1	134.23738250877196	27.61454725894737	0.0	0.0	1	1.0268677963660169	-4.224142500201069	138.0	13	1.05	0.95				
	110	1	149.5787976526316	30.682830287719305	0.0	0.0	1	1.05	-5.7984459634872305	138.0	13	1.05	0.95				
	111	1	0.0	0.0	0.0	0.0	1	1.0142499422466162	-1.5640230771645725	230.0	13	1.05	0.95				
	112	1	0.0	0.0	0.0	0.0	1	1.0168341525704172	-1.0432766426877644	230.0	13	1.05	0.95				
	113	3	203.2737506561404	41.42182088842106	0.0	0.0	1	1.014913015073661	8.497963158724654e-28	230.0	14	1.05	0.95				
	114	2	148.81172689543862	29.91575953052632	0.0	0.0	1	1.0171530739702	0.5586700151200416	230.0	16	1.05	0.95				
	115	2	243.16143003017547	49.092528460350884	0.0	0.0	1	1.0436939405587091	9.069040359861795	230.0	16	1.05	0.95				
	116	2	76.70707571929826	15.341415143859653	0.0	0.0	1	1.0420306617844637	8.203424292448837	230.0	16	1.05	0.95				
	117	1	0.0	0.0	0.0	0.0	1	1.0453269921799093	11.700906863308601	230.0	17	1.05	0.95				
	118	2	255.43456214526321	52.160811489122814	0.0	0.0	1	1.048213250120902	12.245819934943341	230.0	17	1.05	0.95				
	119	1	138.83980705192985	28.381618016140354	0.0	0.0	1	1.0355569646165241	6.338162094737471	230.0	15	1.05	0.95				
	120	1	98.18505692070177	19.943839687017547	0.0	0.0	1	1.0362621464887962	5.737884230515023	230.0	15	1.05	0.95				
	121	2	0.0	0.0	0.0	0.0	1	1.05	14.06957744428094	230.0	17	1.05	0.95				
	122	2	0.0	0.0	0.0	0.0	1	1.05	21.80690298633624	230.0	17	1.05	0.95				
	123	2	0.0	0.0	0.0	0.0	1	1.038692039263129	5.978067732028104	230.0	15	1.05	0.95				
	124	1	0.0	0.0	0.0	0.0	1	1.024109935818656	5.2983671745063825	230.0	16	1.05	0.95				
	201	2	84.79521485052632	17.27309932140351	0.0	0.0	2	1.0412536215155284	-13.941576117073877	138.0	21	1.05	0.95				
	202	2	76.15866518982456	15.702817564912284	0.0	0.0	2	1.0415872923144702	-14.031149788311426	138.0	22	1.05	0.95				
	203	1	141.32535808421054	29.050212495087717	0.0	0.0	2	1.0244694246145067	-10.53269765878776	138.0	21	1.05	0.95				
	204	1	58.10042499017543	11.77711317368421	0.0	0.0	2	1.0190890524039888	-15.353635736971006	138.0	21	1.05	0.95				
	205	1	55.7450023554386	10.991972295438599	0.0	0.0	2	1.0356668889294909	-15.815521236866413	138.0	21	1.05	0.95				
	206	1	106.77915944140352	21.983944590877197	0.0	-100.0	2	1.03789820367612	-17.605424186377927	138.0	22	1.05	0.95				
	207	2	98.14260978070176	19.62852195614035	0.0	0.0	2	0.9503833049228698	-29.331984989844344	138.0	22	1.05	0.95				
	208	1	134.25909018	27.479930738596494	0.0	0.0	2	0.9569151202734199	-25.364180309642226	138.0	22	1.05	0.95				
	209	1	137.39965369298247	28.265071616842107	0.0	0.0	2	1.0257039640069323	-13.26755154221263	138.0	23	1.05	0.95				
	210	1	153.10247125789473	31.405635129824567	0.0	0.0	2	1.05	-15.25760942904716	138.0	23	1.05	0.95				
	211	1	0.0	0.0	0.0	0.0	2	1.031098524853276	-9.536648416445214	230.0	23	1.05	0.95				
	212	1	0.0	0.0	0.0	0.0	2	1.0260858882083626	-4.5666585427217035	230.0	23	1.05	0.95				
	213	2	208.06233273508772	42.39760742526316	0.0	0.0	2	1.042234043552086	-6.84905294582737	230.0	24	1.05	0.95				
	214	2	152.31733037964912	30.62049425157895	0.0	0.0	2	1.0469185167518167	-7.347528348430144	230.0	26	1.05	0.95				
	215	2	248.88965840385967	50.2490162077193	0.0	0.0	2	1.0438436549688992	0.7145409860795616	230.0	26	1.05	0.95				
	216	2	78.5140878245614	15.702817564912284	0.0	0.0	2	1.046126883253549	0.6240547886536997	230.0	26	1.05	0.95				
	217	1	0.0	0.0	0.0	0.0	2	1.0469494595999411	3.2985282238139773	230.0	27	1.05	0.95				
	218	2	261.45191245578945	53.38957972070176	0.0	0.0	2	1.0473972862201313	3.3948068714895903	230.0	27	1.05	0.95				
	219	1	142.11049896245615	29.050212495087717	0.0	0.0	2	1.0418467954563513	0.7691012069998516	230.0	25	1.05	0.95				
	220	1	100.4980324154386	20.413662834385967	0.0	0.0	2	1.0452713433910026	2.366859428902318	230.0	25	1.05	0.95				
	221	2	0.0	0.0	0.0	0.0	2	1.0474670526356002	3.2670276815618946	230.0	27	1.05	0.95				
	222	2	0.0	0.0	0.0	0.0	2	1.05	9.789506351135953	230.0	27	1.05	0.95				
	223	2	0.0	0.0	0.0	0.0	2	1.05	3.8109323485973525	230.0	25	1.05	0.95				
	224	1	0.0	0.0	0.0	0.0	2	1.022509350143338	-3.4638033982699086	230.0	26	1.05	0.95				
	301	2	76.78899083368421	15.642201836491228	0.0	0.0	3	0.9868075776184367	1.3294605534816075	138.0	31	1.05	0.95				
	302	2	68.96788991543859	14.220183487719298	0.0	0.0	3	0.9887674963428799	1.2094250583080561	138.0	32	1.05	0.95				
	303	1	127.98165138947368	26.307339452280697	0.0	0.0	3	1.007815878749092	6.749041857858635	138.0	31	1.05	0.95				
	304	1	52.614678904561394	10.665137615789472	0.0	0.0	3	0.985121131724111	3.819389643780843	138.0	31	1.05	0.95				
	305	1	50.4816513814035	9.954128441403508	0.0	0.0	3	0.9966834286443255	3.537426729156657	138.0	31	1.05	0.95				
	306	1	96.69724771649123	19.908256882807017	0.0	-100.0	3	1.0103359427203011	3.9683065860940516	138.0	32	1.05	0.95				
	307	2	88.87614679824561	17.77522935964912	0.0	0.0	3	0.9618995829434139	-1.1762010922184012	138.0	32	1.05	0.95				
	308	1	121.58256882	24.88532110350877	0.0	0.0	3	0.9714752895360745	2.257511645493856	138.0	32	1.05	0.95				
	309	1	124.42660551754385	25.596330277894737	0.0	0.0	3	1.009519223436813	8.95216885968183	138.0	33	1.05	0.95				
	310	1	138.64678900526314	28.440366975438597	0.0	0.0	3	1.0294286826875032	8.115798929522288	138.0	33	1.05	0.95				
	311	1	0.0	0.0	0.0	0.0	3	1.001379551699461	15.782910337700873	230.0	33	1.05	0.95				
	312	1	0.0	0.0	0.0	0.0	3	1.0066648112637018	17.253073116452114	230.0	33	1.05	0.95				
	313	2	188.4174312122807	38.394495416842105	0.0	0.0	3	1.0328851507246195	25.181960060860018	230.0	34	1.05	0.95				
	314	2	137.93577983087718	27.729357801052636	0.0	0.0	3	1.0073510136276513	14.52910111126089	230.0	36	1.05	0.95				
	315	2	225.38990828035085	45.50458716070175	0.0	0.0	3	1.035288874581444	9.62477690499307	230.0	36	1.05	0.95				
	316	2	71.10091743859648	14.220183487719298	0.0	0.0	3	1.0353764471601186	11.337140313449396	230.0	36	1.05	0.95				
	317	1	0.0	0.0	0.0	0.0	3	1.0409162519213901	10.532363955022902	230.0	37	1.05	0.95				
	318	2	236.7660550705263	48.34862385824562	0.0	0.0	3	1.0392415036961442	8.939730900795169	230.0	37	1.05	0.95				
	319	1	128.69266056385965	26.307339452280697	0.0	0.0	3	1.032084193642338	13.813943073812204	230.0	35	1.05	0.95				
	320	1	91.0091743214035	18.48623853403509	0.0	0.0	3	1.0332832050266472	15.891670023392882	230.0	35	1.05	0.95				
	321	2	0.0	0.0	0.0	0.0	3	1.0394878434291186	9.753032065723078	230.0	37	1.05	0.95				
	322	2	0.0	0.0	0.0	0.0	3	1.05	14.3763084047641	230.0	37	1.05	0.95				
	323	2	0.0	0.0	0.0	0.0	3	1.0343663529175287	16.708694733167366	230.0	35	1.05	0.95				
	324	1	0.0	0.0	0.0	0.0	3	1.0217633903172698	10.530327500227434	230.0	36	1.05	0.95				
	325	1	0.0	0.0	0.0	0.0	3	1.036917628887309	16.491677422269408	230.0	35	1.05	0.95				
];
