%% MATPOWER Case Format : Version 2
function mpc = RTS_GMLC
mpc.version = '2';

%%-----  Power Flow Data  -----%%
%% system MVA base
mpc.baseMVA = 100.0;
%% bus data
%    bus_i    type    Pd    Qd    Gs    Bs    area    Vm    Va    baseKV    zone    Vmax    Vmin
mpc.bus = [
	101	2	74.30677882105263	15.13656605614035	0.0	0.0	1	1.0381204158292954	0.4269507719325082	138.0	11	1.05	0.95				
	102	2	66.73849579298245	13.760514596491227	0.0	0.0	1	1.0376018549142674	0.2205850437247542	138.0	12	1.05	0.95				
	103	1	123.84463136842105	25.45695200350877	0.0	0.0	1	1.025500455893402	-1.2190178326939718	138.0	11	1.05	0.95				
	104	1	50.91390400701754	10.32038594736842	0.0	0.0	1	1.0214917563839285	-3.115848881298097	138.0	11	1.05	0.95				
	105	1	48.84982681754385	9.63236021754386	0.0	0.0	1	1.0342965973043279	-3.4205100627281784	138.0	11	1.05	0.95				
	106	1	93.57149925614034	19.26472043508772	0.0	-100.0	1	1.038615423626703	-6.23358216798039	138.0	12	1.05	0.95				
	107	2	86.00321622807017	17.20064324561403	0.0	0.0	1	1.042304928449353	-6.424946468448878	138.0	12	1.05	0.95				
	108	1	117.6523998	24.080900543859645	0.0	0.0	1	1.0228919733937047	-7.753030530475131	138.0	12	1.05	0.95				
	109	1	120.40450271929824	24.768926273684208	0.0	0.0	1	1.0268387858610684	-3.8769071074454615	138.0	13	1.05	0.95				
	110	1	134.16501731578944	27.521029192982454	0.0	0.0	1	1.05	-5.176663268427115	138.0	13	1.05	0.95				
	111	1	0.0	0.0	0.0	0.0	1	1.010411385633895	-1.4877573773051638	230.0	13	1.05	0.95				
	112	1	0.0	0.0	0.0	0.0	1	1.0154428364236456	-0.940842486641252	230.0	13	1.05	0.95				
	113	3	182.32681840350875	37.153389410526316	0.0	0.0	1	1.0107568750322533	3.856510867591097e-30	230.0	14	1.05	0.95				
	114	2	133.4769915859649	26.833003463157894	0.0	0.0	1	1.0084092295883604	0.33474698511976614	230.0	16	1.05	0.95				
	115	2	218.10415635438596	44.033646708771926	0.0	0.0	1	1.0426656585510912	7.791560016289438	230.0	16	1.05	0.95				
	116	2	68.80257298245613	13.760514596491227	0.0	0.0	1	1.039742700261612	7.027847239353779	230.0	16	1.05	0.95				
	117	1	0.0	0.0	0.0	0.0	1	1.0444439214716028	9.780981853121647	230.0	17	1.05	0.95				
	118	2	229.11256803157892	46.78574962807017	0.0	0.0	1	1.046793927304465	10.11711837231177	230.0	17	1.05	0.95				
	119	1	124.53265709824561	25.45695200350877	0.0	0.0	1	1.0335879078894643	5.462297830932299	230.0	15	1.05	0.95				
	120	1	88.06729341754385	17.888668975438595	0.0	0.0	1	1.0338085882082018	5.128582620284409	230.0	15	1.05	0.95				
	121	2	0.0	0.0	0.0	0.0	1	1.049999998246757	11.707839699995283	230.0	17	1.05	0.95				
	122	2	0.0	0.0	0.0	0.0	1	1.05	18.421946095154087	230.0	17	1.05	0.95				
	123	2	0.0	0.0	0.0	0.0	1	1.0356343239725738	5.460196983199416	230.0	15	1.05	0.95				
	124	1	0.0	0.0	0.0	0.0	1	1.0248778170013206	4.442157450146913	230.0	16	1.05	0.95				
	201	2	82.65323470736843	16.836770032982457	0.0	0.0	2	1.0416209064807704	-18.448327168062967	138.0	21	1.05	0.95				
	202	2	74.2348496908772	15.3061545754386	0.0	0.0	2	1.0418412197521154	-18.58883452271396	138.0	22	1.05	0.95				
	203	1	137.75539117894738	28.316385964561402	0.0	0.0	2	1.0220974057400216	-13.347776448155779	138.0	21	1.05	0.95				
	204	1	56.632771929122804	11.479615931578948	0.0	0.0	2	1.0184020103902807	-20.136697308440564	138.0	21	1.05	0.95				
	205	1	54.33684874280702	10.714308202807018	0.0	0.0	2	1.0360224565055076	-20.73258982500518	138.0	21	1.05	0.95				
	206	1	104.08185111298248	21.428616405614036	0.0	-100.0	2	1.0383981244437968	-22.742608310144387	138.0	22	1.05	0.95				
	207	2	95.66346609649123	19.132693219298247	0.0	0.0	2	0.9539807218525117	-34.15438431708685	138.0	22	1.05	0.95				
	208	1	130.86762162	26.785770507017542	0.0	0.0	2	0.9596339902250722	-30.30261458165218	138.0	22	1.05	0.95				
	209	1	133.92885253508774	27.551078235789472	0.0	0.0	2	1.0234983833916096	-18.311744194276105	138.0	23	1.05	0.95				
	210	1	149.23500711052634	30.6123091508772	0.0	0.0	2	1.05	-20.65952583640794	138.0	23	1.05	0.95				
	211	1	0.0	0.0	0.0	0.0	2	1.030931073056887	-13.64368803087701	230.0	23	1.05	0.95				
	212	1	0.0	0.0	0.0	0.0	2	1.021500655169703	-12.471003392207416	230.0	23	1.05	0.95				
	213	2	202.80654812456143	41.32661735368421	0.0	0.0	2	1.0447401803375331	-10.976608743919627	230.0	24	1.05	0.95				
	214	2	148.4696993817544	29.84700142210527	0.0	0.0	2	1.05	-10.388010507994382	230.0	26	1.05	0.95				
	215	2	242.60255002070176	48.97969464140351	0.0	0.0	2	1.044461199229001	-0.41274900832151123	230.0	26	1.05	0.95				
	216	2	76.53077287719299	15.3061545754386	0.0	0.0	2	1.0481567597794965	-1.0270276412298895	230.0	26	1.05	0.95				
	217	1	0.0	0.0	0.0	0.0	2	1.0481315755121257	2.3619356824023865	230.0	27	1.05	0.95				
	218	2	254.84747368105266	52.04092555649124	0.0	0.0	2	1.0498030807741867	2.7293002407301996	230.0	27	1.05	0.95				
	219	1	138.52069890771932	28.316385964561402	0.0	0.0	2	1.043493232468778	-1.6728270913101124	230.0	25	1.05	0.95				
	220	1	97.95938928280702	19.898000948070177	0.0	0.0	2	1.046176257630386	-0.8039546015665086	230.0	25	1.05	0.95				
	221	2	0.0	0.0	0.0	0.0	2	1.05	2.8148649733647098	230.0	27	1.05	0.95				
	222	2	0.0	0.0	0.0	0.0	2	1.05	9.149125930026605	230.0	27	1.05	0.95				
	223	2	0.0	0.0	0.0	0.0	2	1.05	0.2282429446368893	230.0	25	1.05	0.95				
	224	1	0.0	0.0	0.0	0.0	2	1.019722807156022	-5.208155135639743	230.0	26	1.05	0.95				
	301	2	80.8206264	16.463460933333334	0.0	0.0	3	1.0086614693387501	-2.531711611714277	138.0	31	1.05	0.95				
	302	2	72.58889593333332	14.966782666666663	0.0	0.0	3	1.007299630206795	-2.8154454725374096	138.0	32	1.05	0.95				
	303	1	134.70104399999997	27.68854793333333	0.0	0.0	3	1.0465042029817853	9.931126043170062	138.0	31	1.05	0.95				
	304	1	55.37709586666666	11.225086999999998	0.0	0.0	3	1.0047480696524143	-0.48087746366116735	138.0	31	1.05	0.95				
	305	1	53.132078466666655	10.476747866666667	0.0	0.0	3	1.0189237108679863	-1.9431354628144732	138.0	31	1.05	0.95				
	306	1	101.77412213333332	20.953495733333334	0.0	-100.0	3	1.0306182613341048	-2.4190659230019187	138.0	32	1.05	0.95				
	307	2	93.54239166666666	18.708478333333332	0.0	0.0	3	0.982189302470902	-8.70690141916087	138.0	32	1.05	0.95				
	308	1	127.96599179999998	26.191869666666662	0.0	0.0	3	0.9868471989403678	-5.141390665590854	138.0	32	1.05	0.95				
	309	1	130.9593483333333	26.940208799999997	0.0	0.0	3	1.0304254881706667	4.459729490327259	138.0	33	1.05	0.95				
	310	1	145.92613099999997	29.933565333333327	0.0	0.0	3	1.05	1.0475317573348877	138.0	33	1.05	0.95				
	311	1	0.0	0.0	0.0	0.0	3	1.023615106250886	8.007004879835707	230.0	33	1.05	0.95				
	312	1	0.0	0.0	0.0	0.0	3	1.026499910425381	9.090135106251674	230.0	33	1.05	0.95				
	313	2	198.3098703333333	40.4103132	0.0	0.0	3	1.044026946735658	14.57348134176586	230.0	34	1.05	0.95				
	314	2	145.17779186666664	29.1852262	0.0	0.0	3	1.0282607473641838	7.383696404317319	230.0	36	1.05	0.95				
	315	2	237.22350526666665	47.89370453333333	0.0	0.0	3	1.049295795630475	5.335498730590913	230.0	36	1.05	0.95				
	316	2	74.83391333333333	14.966782666666663	0.0	0.0	3	1.04506713458174	5.930329563609074	230.0	36	1.05	0.95				
	317	1	0.0	0.0	0.0	0.0	3	1.0493028424115758	6.1086689590506	230.0	37	1.05	0.95				
	318	2	249.19693139999998	50.88706106666666	0.0	0.0	3	1.047737092854122	4.844662855655154	230.0	37	1.05	0.95				
	319	1	135.44938313333333	27.68854793333333	0.0	0.0	3	1.039172102535124	6.660809892114182	230.0	35	1.05	0.95				
	320	1	95.78740906666665	19.456817466666664	0.0	0.0	3	1.0401599194468183	8.390747031858957	230.0	35	1.05	0.95				
	321	2	0.0	0.0	0.0	0.0	3	1.0494612917542816	5.94730738668514	230.0	37	1.05	0.95				
	322	2	0.0	0.0	0.0	0.0	3	1.05	10.35643444575099	230.0	37	1.05	0.95				
	323	2	0.0	0.0	0.0	0.0	3	1.0417168226016593	9.276847520971236	230.0	35	1.05	0.95				
	324	1	0.0	0.0	0.0	0.0	3	1.0479612322015885	8.862808946871048	230.0	36	1.05	0.95				
	325	1	0.0	0.0	0.0	0.0	3	1.0427889965688624	9.485493232903666	230.0	35	1.05	0.95				
];
