%% MATPOWER Case Format : Version 2
function mpc = RTS_GMLC
mpc.version = '2';

%%-----  Power Flow Data  -----%%
%% system MVA base
mpc.baseMVA = 100.0;
%% bus data
%    bus_i    type    Pd    Qd    Gs    Bs    area    Vm    Va    baseKV    zone    Vmax    Vmin
mpc.bus = [
	101	2	70.19198416421054	14.298367144561405	0.0	0.0	1	1.0481413645258462	1.3414244714283332	138.0	11	1.05	0.95				
	102	2	63.042800591929826	12.998515585964915	0.0	0.0	1	1.0468588346394936	0.9258740266567234	138.0	12	1.05	0.95				
	103	1	116.98664027368422	24.04725383403509	0.0	0.0	1	1.027223069130617	0.961654053771803	138.0	11	1.05	0.95				
	104	1	48.09450766807018	9.748886689473684	0.0	0.0	1	1.025596089248431	-2.5141479627588623	138.0	11	1.05	0.95				
	105	1	46.14473033017544	9.09896091017544	0.0	0.0	1	1.0394367280914618	-2.9771938377151845	138.0	11	1.05	0.95				
	106	1	88.38990598456142	18.19792182035088	0.0	-100.0	1	1.041626886901569	-6.083818176182917	138.0	12	1.05	0.95				
	107	2	81.2407224122807	16.24814448245614	0.0	0.0	1	0.9984983471869423	-14.055740495450522	138.0	12	1.05	0.95				
	108	1	111.13730826000001	22.747402275438596	0.0	0.0	1	0.9944791142061566	-12.080504848517288	138.0	12	1.05	0.95				
	109	1	113.73701137719299	23.397328054736843	0.0	0.0	1	1.0243963201956294	-3.802711768564641	138.0	13	1.05	0.95				
	110	1	126.73552696315791	25.99703117192983	0.0	0.0	1	1.05	-5.386219951422949	138.0	13	1.05	0.95				
	111	1	0.0	0.0	0.0	0.0	1	1.014719414627819	-0.9242576663936919	230.0	13	1.05	0.95				
	112	1	0.0	0.0	0.0	0.0	1	1.0150093029974678	-1.342251212396234	230.0	13	1.05	0.95				
	113	3	172.2303315140351	35.09599208210527	0.0	0.0	1	1.0115343657805578	-2.5706098899272433e-30	230.0	14	1.05	0.95				
	114	2	126.08560118385965	25.34710539263158	0.0	0.0	1	1.023592133324957	1.9517970240625075	230.0	16	1.05	0.95				
	115	2	206.0264720375439	41.595249875087724	0.0	0.0	1	1.0381373651132646	11.895320887105274	230.0	16	1.05	0.95				
	116	2	64.99257792982456	12.998515585964915	0.0	0.0	1	1.035620989103216	10.043246541763112	230.0	16	1.05	0.95				
	117	1	0.0	0.0	0.0	0.0	1	1.0418198083652968	15.70120256102825	230.0	17	1.05	0.95				
	118	2	216.42528450631585	44.19495299228071	0.0	0.0	1	1.05	16.898432712984885	230.0	17	1.05	0.95				
	119	1	117.63656605298247	24.04725383403509	0.0	0.0	1	1.0276076688724762	6.488060466797132	230.0	15	1.05	0.95				
	120	1	83.19049975017545	16.898070261754388	0.0	0.0	1	1.027938427807462	4.255861690141179	230.0	15	1.05	0.95				
	121	2	0.0	0.0	0.0	0.0	1	1.05	19.18637600177273	230.0	17	1.05	0.95				
	122	2	0.0	0.0	0.0	0.0	1	1.05	29.45986810148704	230.0	17	1.05	0.95				
	123	2	0.0	0.0	0.0	0.0	1	1.0299518752297756	3.5217191341726064	230.0	15	1.05	0.95				
	124	1	0.0	0.0	0.0	0.0	1	1.0204372200724146	7.80090195214714	230.0	16	1.05	0.95				
	201	2	66.33338581894738	13.512356370526316	0.0	0.0	2	1.0166242661328506	-14.6873078708672	138.0	21	1.05	0.95				
	202	2	59.57720763368422	12.283960336842107	0.0	0.0	2	1.0162745883150879	-14.841986661623816	138.0	22	1.05	0.95				
	203	1	110.55564303157897	22.725326623157898	0.0	0.0	2	1.0133602695102704	-11.277071556894606	138.0	21	1.05	0.95				
	204	1	45.450653246315795	9.212970252631578	0.0	0.0	2	1.0104298063454096	-13.86835672176889	138.0	21	1.05	0.95				
	205	1	43.60805919578947	8.598772235789474	0.0	0.0	2	1.0251933141664162	-14.346986817883865	138.0	21	1.05	0.95				
	206	1	83.53093029052633	17.197544471578947	0.0	-100.0	2	1.0370043339006563	-14.815217939295842	138.0	22	1.05	0.95				
	207	2	76.77475210526316	15.354950421052632	0.0	0.0	2	0.99015048939225	-22.751945890352467	138.0	22	1.05	0.95				
	208	1	105.02786088	21.496930589473685	0.0	0.0	2	0.9894124255807822	-19.791926320855616	138.0	22	1.05	0.95				
	209	1	107.48465294736842	22.111128606315788	0.0	0.0	2	1.0258465265351484	-10.554236451075747	138.0	23	1.05	0.95				
	210	1	119.76861328421053	24.567920673684213	0.0	0.0	2	1.05	-12.03863603879641	138.0	23	1.05	0.95				
	211	1	0.0	0.0	0.0	0.0	2	1.0193970800884231	-6.5834658523777625	230.0	23	1.05	0.95				
	212	1	0.0	0.0	0.0	0.0	2	1.0194572440719	-1.3159358333341407	230.0	23	1.05	0.95				
	213	2	162.7624744631579	33.16669290947369	0.0	0.0	2	1.0280984613817994	-3.0355082493276395	230.0	24	1.05	0.95				
	214	2	119.15441526736844	23.953722656842107	0.0	0.0	2	1.0258840415770432	-5.023499612700204	230.0	26	1.05	0.95				
	215	2	194.70077133894736	39.30867307789474	0.0	0.0	2	1.0354412111990585	0.526349622400582	230.0	26	1.05	0.95				
	216	2	61.419801684210526	12.283960336842107	0.0	0.0	2	1.0371463595432568	0.9759685039826032	230.0	26	1.05	0.95				
	217	1	0.0	0.0	0.0	0.0	2	1.0379397266427872	1.7036012492139778	230.0	27	1.05	0.95				
	218	2	204.52793960842106	41.765465145263164	0.0	0.0	2	1.0360449632600868	0.9117465991889353	230.0	27	1.05	0.95				
	219	1	111.16984104842106	22.725326623157898	0.0	0.0	2	1.037068178378394	2.9247156420116194	230.0	25	1.05	0.95				
	220	1	78.61734615578948	15.969148437894736	0.0	0.0	2	1.0434778961394422	5.771221754632309	230.0	25	1.05	0.95				
	221	2	0.0	0.0	0.0	0.0	2	1.0381240912305376	1.5911767611582304	230.0	27	1.05	0.95				
	222	2	0.0	0.0	0.0	0.0	2	1.05	8.136135290799626	230.0	27	1.05	0.95				
	223	2	0.0	0.0	0.0	0.0	2	1.05	7.767589419971611	230.0	25	1.05	0.95				
	224	1	0.0	0.0	0.0	0.0	2	1.0124884523597155	-3.8477359868088445	230.0	26	1.05	0.95				
	301	2	61.841189482105264	12.597279338947368	0.0	0.0	3	0.992783400876798	22.770446640629	138.0	31	1.05	0.95				
	302	2	55.54254981263157	11.45207212631579	0.0	0.0	3	0.9925008077957532	22.718666105933487	138.0	32	1.05	0.95				
	303	1	103.06864913684211	21.186333433684208	0.0	0.0	3	1.0190783300155077	26.49747315184715	138.0	31	1.05	0.95				
	304	1	42.372666867368416	8.589054094736841	0.0	0.0	3	1.001437061712941	24.761107710127575	138.0	31	1.05	0.95				
	305	1	40.654856048421046	8.016450488421054	0.0	0.0	3	1.0128143364502484	24.362988840619973	138.0	31	1.05	0.95				
	306	1	77.87409045894736	16.032900976842107	0.0	-100.0	3	1.0320821457930631	24.60252514388321	138.0	32	1.05	0.95				
	307	2	71.57545078947368	14.315090157894735	0.0	0.0	3	0.9878226743357013	20.868759885718028	138.0	32	1.05	0.95				
	308	1	97.91521668	20.04112622105263	0.0	0.0	3	0.9990421244772631	23.42504458542454	138.0	32	1.05	0.95				
	309	1	100.20563110526315	20.613729827368417	0.0	0.0	3	1.0288670050580575	28.74565684928347	138.0	33	1.05	0.95				
	310	1	111.65770323157894	22.90414425263158	0.0	0.0	3	1.05	27.779986799073296	138.0	33	1.05	0.95				
	311	1	0.0	0.0	0.0	0.0	3	1.01535784953564	33.83053197628743	230.0	33	1.05	0.95				
	312	1	0.0	0.0	0.0	0.0	3	1.0226716641722975	34.327513742824806	230.0	33	1.05	0.95				
	313	2	151.7399556736842	30.920594741052632	0.0	0.0	3	1.0360034417346409	40.80786960616705	230.0	34	1.05	0.95				
	314	2	111.08509962526314	22.33154064631579	0.0	0.0	3	1.0136348754293054	33.21151041498134	230.0	36	1.05	0.95				
	315	2	181.51534320210524	36.646630804210524	0.0	0.0	3	1.037038763132701	29.390775144791803	230.0	36	1.05	0.95				
	316	2	57.26036063157894	11.45207212631579	0.0	0.0	3	1.036211882967665	30.552711409176027	230.0	36	1.05	0.95				
	317	1	0.0	0.0	0.0	0.0	3	1.05	32.26498598475659	230.0	37	1.05	0.95				
	318	2	190.67700090315788	38.93704522947368	0.0	0.0	3	1.047563450078456	28.878833531793635	230.0	37	1.05	0.95				
	319	1	103.64125274315789	21.186333433684208	0.0	0.0	3	1.0374202625938198	31.484076000510008	230.0	35	1.05	0.95				
	320	1	73.29326160842105	14.887693764210526	0.0	0.0	3	1.0395968138436282	31.925984664515703	230.0	35	1.05	0.95				
	321	2	0.0	0.0	0.0	0.0	3	1.0448220608398118	29.716009568876075	230.0	37	1.05	0.95				
	322	2	0.0	0.0	0.0	0.0	3	1.05	35.05797737113702	230.0	37	1.05	0.95				
	323	2	0.0	0.0	0.0	0.0	3	1.0403774531465515	31.93113978396573	230.0	35	1.05	0.95				
	324	1	0.0	0.0	0.0	0.0	3	1.0270694321313163	30.238909093738116	230.0	36	1.05	0.95				
	325	1	0.0	0.0	0.0	0.0	3	1.0422700340905955	30.853722222673387	230.0	35	1.05	0.95				
];
