%% MATPOWER Case Format : Version 2
function mpc = RTS_GMLC
mpc.version = '2';

%%-----  Power Flow Data  -----%%
%% system MVA base
mpc.baseMVA = 100.0;
%% bus data
%    bus_i    type    Pd    Qd    Gs    Bs    area    Vm    Va    baseKV    zone    Vmax    Vmin
mpc.bus = [
	101	2	62.53686295578949	12.738990602105266	0.0	0.0	1	1.0168594639935638	-0.8366703093253443	138.0	11	1.05	0.95				
	102	2	56.16736765473684	11.580900547368422	0.0	0.0	1	1.0159505619109284	-1.1924744431462322	138.0	12	1.05	0.95				
	103	1	104.22810492631581	21.424666012631583	0.0	0.0	1	1.0139018918884135	1.278961420407002	138.0	11	1.05	0.95				
	104	1	42.849332025263166	8.685675410526317	0.0	0.0	1	1.0102426324627023	-3.8151808840242123	138.0	11	1.05	0.95				
	105	1	41.1121969431579	8.106630383157896	0.0	0.0	1	1.0253984684809492	-3.9662185117349793	138.0	11	1.05	0.95				
	106	1	78.75012372210529	16.21326076631579	0.0	-100.0	1	1.0370493822632973	-6.312739997496022	138.0	12	1.05	0.95				
	107	2	72.38062842105263	14.476125684210528	0.0	0.0	1	0.9911643907046253	-14.089779673960418	138.0	12	1.05	0.95				
	108	1	99.01669968	20.266575957894737	0.0	0.0	1	0.9920240242502711	-11.78516654583965	138.0	12	1.05	0.95				
	109	1	101.3328797894737	20.84562098526316	0.0	0.0	1	1.0235949056100693	-3.559515876117681	138.0	13	1.05	0.95				
	110	1	112.91378033684212	23.161801094736845	0.0	0.0	1	1.05	-5.249489959561501	138.0	13	1.05	0.95				
	111	1	0.0	0.0	0.0	0.0	1	1.0234777873165233	-0.08984603608417793	230.0	13	1.05	0.95				
	112	1	0.0	0.0	0.0	0.0	1	1.0187848387295848	-0.8629537834726205	230.0	13	1.05	0.95				
	113	3	153.4469322526316	31.268431477894744	0.0	0.0	1	1.0140754250401771	1.860974865094258e-33	230.0	14	1.05	0.95				
	114	2	112.33473530947369	22.582756067368422	0.0	0.0	1	1.05	3.991136367296306	230.0	16	1.05	0.95				
	115	2	183.5572736757895	37.05888175157895	0.0	0.0	1	1.030299224436005	15.755899185469163	230.0	16	1.05	0.95				
	116	2	57.90450273684211	11.580900547368422	0.0	0.0	1	1.0334178480347347	13.609058063883923	230.0	16	1.05	0.95				
	117	1	0.0	0.0	0.0	0.0	1	1.0315566816802269	20.596544565695353	230.0	17	1.05	0.95				
	118	2	192.82199411368424	39.37506186105264	0.0	0.0	1	1.0410665495041667	21.545832467216794	230.0	17	1.05	0.95				
	119	1	104.80714995368423	21.424666012631583	0.0	0.0	1	1.0340410481849642	9.183714431218412	230.0	15	1.05	0.95				
	120	1	74.1177635031579	15.055170711578949	0.0	0.0	1	1.0432476355421316	6.478361153354769	230.0	15	1.05	0.95				
	121	2	0.0	0.0	0.0	0.0	1	1.0384266836105918	23.854509430253422	230.0	17	1.05	0.95				
	122	2	0.0	0.0	0.0	0.0	1	1.05	41.85454528753609	230.0	17	1.05	0.95				
	123	2	0.0	0.0	0.0	0.0	1	1.05	5.43363782614956	230.0	15	1.05	0.95				
	124	1	0.0	0.0	0.0	0.0	1	1.0057593257964632	10.359057254109855	230.0	16	1.05	0.95				
	201	2	62.5254210568421	12.736659844912278	0.0	0.0	2	1.0214626570303078	-15.651382452844611	138.0	21	1.05	0.95				
	202	2	56.157091134385965	11.578781677192982	0.0	0.0	2	1.0224147115470048	-15.51946475442011	138.0	22	1.05	0.95				
	203	1	104.20903509473685	21.420746102807016	0.0	0.0	2	1.0135238830229933	-13.269293233885703	138.0	21	1.05	0.95				
	204	1	42.84149220561403	8.684086257894737	0.0	0.0	2	1.013687391421232	-16.456997103234343	138.0	21	1.05	0.95				
	205	1	41.10467495403508	8.105147174035087	0.0	0.0	2	1.0284784824316504	-16.905003112478028	138.0	21	1.05	0.95				
	206	1	78.73571540491228	16.210294348070175	0.0	-100.0	2	1.0394283784715115	-18.131471299324716	138.0	22	1.05	0.95				
	207	2	72.36738548245614	14.473477096491226	0.0	0.0	2	0.9905138589343789	-26.328442199532816	138.0	22	1.05	0.95				
	208	1	98.99858334	20.262867935087716	0.0	0.0	2	0.9909415327079858	-23.56222311093565	138.0	22	1.05	0.95				
	209	1	101.31433967543859	20.841807018947367	0.0	0.0	2	1.0241131083644344	-14.846143757132198	138.0	23	1.05	0.95				
	210	1	112.89312135263157	23.157563354385964	0.0	0.0	2	1.05	-16.318648299024908	138.0	23	1.05	0.95				
	211	1	0.0	0.0	0.0	0.0	2	1.0169338341609737	-10.892741216311498	230.0	23	1.05	0.95				
	212	1	0.0	0.0	0.0	0.0	2	1.013994714981619	-9.098494726584136	230.0	23	1.05	0.95				
	213	2	153.41885722280702	31.26271052842105	0.0	0.0	2	1.023328636818615	-8.48783582614994	230.0	24	1.05	0.95				
	214	2	112.31418226877193	22.578624270526316	0.0	0.0	2	1.023339293877483	-8.33305542470928	230.0	26	1.05	0.95				
	215	2	183.52368958350874	37.05210136701754	0.0	0.0	2	1.035937068716768	-1.554633531095613	230.0	26	1.05	0.95				
	216	2	57.893908385964906	11.578781677192982	0.0	0.0	2	1.0389904773521248	-1.1915523974301205	230.0	26	1.05	0.95				
	217	1	0.0	0.0	0.0	0.0	2	1.0418111224980382	0.3927012789837232	230.0	27	1.05	0.95				
	218	2	192.78671492526317	39.36785770245614	0.0	0.0	2	1.0394198785874729	-0.5295162136312571	230.0	27	1.05	0.95				
	219	1	104.78797417859649	21.420746102807016	0.0	0.0	2	1.0390522133724163	0.2741949450803327	230.0	25	1.05	0.95				
	220	1	74.10420273403508	15.052416180350878	0.0	0.0	2	1.0445748318228656	2.6350759818733347	230.0	25	1.05	0.95				
	221	2	0.0	0.0	0.0	0.0	2	1.0402379987980073	-0.056749900923851	230.0	27	1.05	0.95				
	222	2	0.0	0.0	0.0	0.0	2	1.05	6.623708831382007	230.0	27	1.05	0.95				
	223	2	0.0	0.0	0.0	0.0	2	1.05	4.34461577407957	230.0	25	1.05	0.95				
	224	1	0.0	0.0	0.0	0.0	2	1.0129702997005072	-5.894271296851265	230.0	26	1.05	0.95				
	301	2	45.33881684210527	9.235684912280702	0.0	0.0	3	1.0279017102006807	27.43085697671903	138.0	31	1.05	0.95				
	302	2	40.720974385964915	8.396077192982457	0.0	0.0	3	1.0254551219978407	27.08904037299087	138.0	32	1.05	0.95				
	303	1	75.56469473684211	15.532742807017543	0.0	0.0	3	1.05	42.59672488991052	138.0	31	1.05	0.95				
	304	1	31.065485614035087	6.297057894736842	0.0	0.0	3	1.0150034112297388	28.47322694603009	138.0	31	1.05	0.95				
	305	1	29.806074035087722	5.87725403508772	0.0	0.0	3	1.0330904779323535	25.81603855164798	138.0	31	1.05	0.95				
	306	1	57.09332491228071	11.75450807017544	0.0	-100.0	3	1.0434061371944678	24.399449024796834	138.0	32	1.05	0.95				
	307	2	52.475482456140355	10.49509649122807	0.0	0.0	3	0.95	21.648326224963764	138.0	32	1.05	0.95				
	308	1	71.78645999999999	14.693135087719297	0.0	0.0	3	0.9728944380919976	23.1996072191475	138.0	32	1.05	0.95				
	309	1	73.46567543859649	15.11293894736842	0.0	0.0	3	1.0194201276835186	31.35700361081172	138.0	33	1.05	0.95				
	310	1	81.86175263157894	16.792154385964913	0.0	0.0	3	1.0483367058361743	25.5218927539026	138.0	33	1.05	0.95				
	311	1	0.0	0.0	0.0	0.0	3	1.0073584361409165	28.977672559304487	230.0	33	1.05	0.95				
	312	1	0.0	0.0	0.0	0.0	3	1.0133416177221362	29.102457157190027	230.0	33	1.05	0.95				
	313	2	111.24802280701753	22.669408421052633	0.0	0.0	3	1.0099974592411538	30.607755583556763	230.0	34	1.05	0.95				
	314	2	81.44194877192983	16.372350526315792	0.0	0.0	3	1.0001135911808234	28.18667501610089	230.0	36	1.05	0.95				
	315	2	133.07782350877193	26.86744701754386	0.0	0.0	3	1.0462846253307794	30.03621320167827	230.0	36	1.05	0.95				
	316	2	41.98038596491228	8.396077192982457	0.0	0.0	3	1.0292959920280287	29.59823537040671	230.0	36	1.05	0.95				
	317	1	0.0	0.0	0.0	0.0	3	1.05	32.92863848273357	230.0	37	1.05	0.95				
	318	2	139.7946852631579	28.546662456140353	0.0	0.0	3	1.05	29.433020691997058	230.0	37	1.05	0.95				
	319	1	75.98449859649124	15.532742807017543	0.0	0.0	3	1.0218470276291893	28.157196402660073	230.0	35	1.05	0.95				
	320	1	53.73489403508772	10.914900350877193	0.0	0.0	3	1.0185090560121808	27.720685939803296	230.0	35	1.05	0.95				
	321	2	0.0	0.0	0.0	0.0	3	1.05	30.297658147060012	230.0	37	1.05	0.95				
	322	2	0.0	0.0	0.0	0.0	3	1.05	35.67838887643634	230.0	37	1.05	0.95				
	323	2	0.0	0.0	0.0	0.0	3	1.0171651768882237	27.809258899469665	230.0	35	1.05	0.95				
	324	1	0.0	0.0	0.0	0.0	3	1.0436051446068644	34.837167224638165	230.0	36	1.05	0.95				
	325	1	0.0	0.0	0.0	0.0	3	1.020290502865266	27.481342324200263	230.0	35	1.05	0.95				
];
