%% MATPOWER Case Format : Version 2
function mpc = RTS_GMLC
mpc.version = '2';

%%-----  Power Flow Data  -----%%
%% system MVA base
mpc.baseMVA = 100.0;
%% bus data
%    bus_i    type    Pd    Qd    Gs    Bs    area    Vm    Va    baseKV    zone    Vmax    Vmin
mpc.bus = [
	101	2	73.5987135031579	14.992330528421052	0.0	0.0	1	1.0325340251117154	-1.517064214508821	138.0	11	1.05	0.95				
	102	2	66.10254823894736	13.629391389473685	0.0	0.0	1	1.0325589096271655	-1.5669181775550443	138.0	12	1.05	0.95				
	103	1	122.66452250526316	25.21437407052631	0.0	0.0	1	1.0217081876705123	-2.4941401700116894	138.0	11	1.05	0.95				
	104	1	50.42874814105262	10.222043542105261	0.0	0.0	1	1.0172079274975967	-4.573996534125075	138.0	11	1.05	0.95				
	105	1	48.38433943263157	9.54057397263158	0.0	0.0	1	1.0321306772018823	-4.554410184407408	138.0	11	1.05	0.95				
	106	1	92.67986144842105	19.08114794526316	0.0	-100.0	1	1.0381265009608625	-6.876734486067705	138.0	12	1.05	0.95				
	107	2	85.18369618421052	17.036739236842106	0.0	0.0	1	1.0442807180217166	-4.2725844933510135	138.0	12	1.05	0.95				
	108	1	116.53129637999999	23.851434931578947	0.0	0.0	1	1.0242637135560666	-6.63754091166654	138.0	12	1.05	0.95				
	109	1	119.25717465789474	24.53290450105263	0.0	0.0	1	1.0263823171468724	-4.275937290832758	138.0	13	1.05	0.95				
	110	1	132.8865660473684	27.25878277894737	0.0	0.0	1	1.05	-5.481802017385881	138.0	13	1.05	0.95				
	111	1	0.0	0.0	0.0	0.0	1	1.0109351445613395	-1.6003013886018063	230.0	13	1.05	0.95				
	112	1	0.0	0.0	0.0	0.0	1	1.0147366623915415	-0.9391364219170079	230.0	13	1.05	0.95				
	113	3	180.5894359105263	36.79935675157895	0.0	0.0	1	1.010747216198301	9.416253845483179e-27	230.0	14	1.05	0.95				
	114	2	132.20509647789473	26.577313209473687	0.0	0.0	1	1.010905392474098	0.3537944389198831	230.0	16	1.05	0.95				
	115	2	216.02585352315788	43.61405244631579	0.0	0.0	1	1.0432662269363397	7.7807969755294	230.0	16	1.05	0.95				
	116	2	68.14695694736842	13.629391389473685	0.0	0.0	1	1.0404769151983457	7.19944135818187	230.0	16	1.05	0.95				
	117	1	0.0	0.0	0.0	0.0	1	1.045539744658772	10.184691881907266	230.0	17	1.05	0.95				
	118	2	226.92936663473685	46.339930724210525	0.0	0.0	1	1.048184558812402	10.747389175396565	230.0	17	1.05	0.95				
	119	1	123.34599207473684	25.21437407052631	0.0	0.0	1	1.0340463697931284	5.728977438482776	230.0	15	1.05	0.95				
	120	1	87.22810489263158	17.71820880631579	0.0	0.0	1	1.0345161020416147	5.745341948491768	230.0	15	1.05	0.95				
	121	2	0.0	0.0	0.0	0.0	1	1.05	11.62846309449516	230.0	17	1.05	0.95				
	122	2	0.0	0.0	0.0	0.0	1	1.05	18.05466955570956	230.0	17	1.05	0.95				
	123	2	0.0	0.0	0.0	0.0	1	1.0364998465158952	6.263747485268015	230.0	15	1.05	0.95				
	124	1	0.0	0.0	0.0	0.0	1	1.0223440491090856	3.9743682314812063	230.0	16	1.05	0.95				
	201	2	70.41334801263157	14.343459780350877	0.0	0.0	2	1.0341894810977972	-13.11597105403157	138.0	21	1.05	0.95				
	202	2	63.24161812245613	13.039508891228069	0.0	0.0	2	1.0342903844185123	-13.225371158076227	138.0	22	1.05	0.95				
	203	1	117.35558002105262	24.123091448771927	0.0	0.0	2	1.0260206852037632	-9.714570032319623	138.0	21	1.05	0.95				
	204	1	48.246182897543854	9.779631668421052	0.0	0.0	2	1.0177482470390558	-15.255433473576606	138.0	21	1.05	0.95				
	205	1	46.29025656385964	9.127656223859649	0.0	0.0	2	1.0336347406098163	-15.680140358884746	138.0	21	1.05	0.95				
	206	1	88.66866046035088	18.255312447719298	0.0	-100.0	2	1.039718594520607	-17.737497886108432	138.0	22	1.05	0.95				
	207	2	81.49693057017544	16.299386114035087	0.0	0.0	2	0.9810883854193351	-27.489685274596457	138.0	22	1.05	0.95				
	208	1	111.48780101999998	22.819140559649117	0.0	0.0	2	0.9818830404147519	-24.31693900822994	138.0	22	1.05	0.95				
	209	1	114.09570279824561	23.471116004210522	0.0	0.0	2	1.0244025633256582	-14.27356911988038	138.0	23	1.05	0.95				
	210	1	127.13521168947366	26.079017782456138	0.0	0.0	2	1.05	-16.225495410686218	138.0	23	1.05	0.95				
	211	1	0.0	0.0	0.0	0.0	2	1.020418172941237	-10.66215080900229	230.0	23	1.05	0.95				
	212	1	0.0	0.0	0.0	0.0	2	1.0164647441123769	-9.6271774878234	230.0	23	1.05	0.95				
	213	2	172.7734928087719	35.20667400631579	0.0	0.0	2	1.02310548620667	-9.231176365461824	230.0	24	1.05	0.95				
	214	2	126.48323624491226	25.427042337894733	0.0	0.0	2	1.0332232173762845	-7.394518932761887	230.0	26	1.05	0.95				
	215	2	206.67621592596487	41.72642845192982	0.0	0.0	2	1.042481447332453	1.4518549772177773	230.0	26	1.05	0.95				
	216	2	65.19754445614035	13.039508891228069	0.0	0.0	2	1.0449646126728322	1.2072319225444041	230.0	26	1.05	0.95				
	217	1	0.0	0.0	0.0	0.0	2	1.046815644399012	4.480750121722168	230.0	27	1.05	0.95				
	218	2	217.10782303894734	44.33433023017544	0.0	0.0	2	1.0486919688439353	5.019695517496766	230.0	27	1.05	0.95				
	219	1	118.00755546561403	24.123091448771927	0.0	0.0	2	1.0428028091590265	0.6581238693797922	230.0	25	1.05	0.95				
	220	1	83.45285690385964	16.95136155859649	0.0	0.0	2	1.046314868313793	1.4041165523227475	230.0	25	1.05	0.95				
	221	2	0.0	0.0	0.0	0.0	2	1.048917666843095	5.005051308836684	230.0	27	1.05	0.95				
	222	2	0.0	0.0	0.0	0.0	2	1.05	11.31013864865808	230.0	27	1.05	0.95				
	223	2	0.0	0.0	0.0	0.0	2	1.05	2.287517261908198	230.0	25	1.05	0.95				
	224	1	0.0	0.0	0.0	0.0	2	1.0223565010654125	-2.707923930289198	230.0	26	1.05	0.95				
	301	2	54.017083212631576	11.00347991368421	0.0	0.0	3	1.0145117445627698	-3.363529661481725	138.0	31	1.05	0.95				
	302	2	48.515343255789475	10.003163557894737	0.0	0.0	3	1.013066987175534	-3.735919582838194	138.0	32	1.05	0.95				
	303	1	90.02847202105264	18.505852582105263	0.0	0.0	3	1.05	11.899492266640582	138.0	31	1.05	0.95				
	304	1	37.011705164210525	7.502372668421052	0.0	0.0	3	1.0097997582964962	-2.3698613014283385	138.0	31	1.05	0.95				
	305	1	35.51123063052631	7.002214490526317	0.0	0.0	3	1.0260149545032173	-4.647066302623199	138.0	31	1.05	0.95				
	306	1	68.0215121936842	14.004428981052634	0.0	-100.0	3	1.0394771432627565	-5.9463602960792405	138.0	32	1.05	0.95				
	307	2	62.51977223684211	12.50395444736842	0.0	0.0	3	0.9908639226617089	-10.941404783875702	138.0	32	1.05	0.95				
	308	1	85.52704842	17.505536226315787	0.0	0.0	3	0.9941662024821137	-8.60742293680648	138.0	32	1.05	0.95				
	309	1	87.52768113157894	18.005694404210526	0.0	0.0	3	1.0232972071486652	0.8083703267486344	138.0	33	1.05	0.95				
	310	1	97.53084468947367	20.006327115789475	0.0	0.0	3	1.05	-4.326658519038652	138.0	33	1.05	0.95				
	311	1	0.0	0.0	0.0	0.0	3	1.0130761761787732	0.40002483814834544	230.0	33	1.05	0.95				
	312	1	0.0	0.0	0.0	0.0	3	1.015894644955548	0.9533476079660892	230.0	33	1.05	0.95				
	313	2	132.54191714210526	27.008541606315788	0.0	0.0	3	1.0141410888821634	2.8854189595916995	230.0	34	1.05	0.95				
	314	2	97.03068651157895	19.506168937894735	0.0	0.0	3	1.0137878889172791	0.4628461439035252	230.0	36	1.05	0.95				
	315	2	158.55014239263156	32.01012338526316	0.0	0.0	3	1.0444968122018579	4.361894682726792	230.0	36	1.05	0.95				
	316	2	50.01581778947368	10.003163557894737	0.0	0.0	3	1.0384576510253856	3.5863025461300135	230.0	36	1.05	0.95				
	317	1	0.0	0.0	0.0	0.0	3	1.0449377263730737	5.070808769261651	230.0	37	1.05	0.95				
	318	2	166.55267323894736	34.0107560968421	0.0	0.0	3	1.0457704043951277	4.910652273631937	230.0	37	1.05	0.95				
	319	1	90.52863019894737	18.505852582105263	0.0	0.0	3	1.030919569257576	2.7345651044585666	230.0	35	1.05	0.95				
	320	1	64.02024677052631	13.00411262526316	0.0	0.0	3	1.0281173048859955	2.954281236479809	230.0	35	1.05	0.95				
	321	2	0.0	0.0	0.0	0.0	3	1.0482042140922692	6.227670019223758	230.0	37	1.05	0.95				
	322	2	0.0	0.0	0.0	0.0	3	1.05	10.111765840465813	230.0	37	1.05	0.95				
	323	2	0.0	0.0	0.0	0.0	3	1.0275087671339658	3.4591230107294333	230.0	35	1.05	0.95				
	324	1	0.0	0.0	0.0	0.0	3	1.0439144523894626	7.246650891960612	230.0	36	1.05	0.95				
	325	1	0.0	0.0	0.0	0.0	3	1.0280229251522046	4.162612624790177	230.0	35	1.05	0.95				
];
