%% MATPOWER Case Format : Version 2
function mpc = RTS_GMLC
mpc.version = '2';

%%-----  Power Flow Data  -----%%
%% system MVA base
mpc.baseMVA = 100.0;
%% bus data
%    bus_i    type    Pd    Qd    Gs    Bs    area    Vm    Va    baseKV    zone    Vmax    Vmin
mpc.bus = [
	101	2	67.01237010947368	13.650667985263157	0.0	0.0	1	1.042756144178251	1.0625446901106066	138.0	11	1.05	0.95				
	102	2	60.18703611684211	12.409698168421054	0.0	0.0	1	1.0415228510554904	0.6710560329530562	138.0	12	1.05	0.95				
	103	1	111.68728351578947	22.957941611578946	0.0	0.0	1	1.022696900561303	0.9842679919112359	138.0	11	1.05	0.95				
	104	1	45.91588322315789	9.307273626315789	0.0	0.0	1	1.0229099268268742	-2.5978470686101103	138.0	11	1.05	0.95				
	105	1	44.05442849789474	8.686788717894737	0.0	0.0	1	1.0373488083689661	-2.973647732343006	138.0	11	1.05	0.95				
	106	1	84.38594754526316	17.373577435789475	0.0	-100.0	1	1.0414158061936365	-5.887501645391932	138.0	12	1.05	0.95				
	107	2	77.56061355263158	15.512122710526317	0.0	0.0	1	0.99712069667532	-13.744374980307967	138.0	12	1.05	0.95				
	108	1	106.10291934	21.716971794736843	0.0	0.0	1	0.9945058145670719	-11.719547530211889	138.0	12	1.05	0.95				
	109	1	108.58485897368422	22.337456703157894	0.0	0.0	1	1.0236874095465005	-3.621830962324061	138.0	13	1.05	0.95				
	110	1	120.99455714210525	24.819396336842107	0.0	0.0	1	1.05	-5.15794371353492	138.0	13	1.05	0.95				
	111	1	0.0	0.0	0.0	0.0	1	1.0151967418316676	-0.5609610409507826	230.0	13	1.05	0.95				
	112	1	0.0	0.0	0.0	0.0	1	1.014549998117526	-1.2916275882436516	230.0	13	1.05	0.95				
	113	3	164.42850073157896	33.50618505473684	0.0	0.0	1	1.0101842952655284	1.7775017265049993e-29	230.0	14	1.05	0.95				
	114	2	120.37407223368422	24.198911428421056	0.0	0.0	1	1.0272711355391915	2.769357979090041	230.0	16	1.05	0.95				
	115	2	196.6937159694737	39.71103413894737	0.0	0.0	1	1.0355543398070455	13.411702997932718	230.0	16	1.05	0.95				
	116	2	62.04849084210527	12.409698168421054	0.0	0.0	1	1.032544846173463	11.388223422311265	230.0	16	1.05	0.95				
	117	1	0.0	0.0	0.0	0.0	1	1.038023137540389	17.895483447439823	230.0	17	1.05	0.95				
	118	2	206.62147450421054	42.19297377263158	0.0	0.0	1	1.05	18.82816513565978	230.0	17	1.05	0.95				
	119	1	112.30776842421054	22.957941611578946	0.0	0.0	1	1.0246301238308124	7.039932511409096	230.0	15	1.05	0.95				
	120	1	79.42206827789474	16.132607618947368	0.0	0.0	1	1.0266103511196463	4.337415432274739	230.0	15	1.05	0.95				
	121	2	0.0	0.0	0.0	0.0	1	1.05	21.071950671906	230.0	17	1.05	0.95				
	122	2	0.0	0.0	0.0	0.0	1	1.05	37.13810819234445	230.0	17	1.05	0.95				
	123	2	0.0	0.0	0.0	0.0	1	1.0296236973296409	3.3270939240385204	230.0	15	1.05	0.95				
	124	1	0.0	0.0	0.0	0.0	1	1.0151944755526392	8.7648539830009	230.0	16	1.05	0.95				
	201	2	56.16747992842106	11.441523689122807	0.0	0.0	2	1.011055829844353	-15.623522943457337	138.0	21	1.05	0.95				
	202	2	50.44671808385964	10.401385171929824	0.0	0.0	2	1.0102024416752968	-15.894771942806944	138.0	22	1.05	0.95				
	203	1	93.61246654736843	19.242562568070177	0.0	0.0	2	1.0142948219203665	-11.538961448759489	138.0	21	1.05	0.95				
	204	1	38.485125136140354	7.801038878947368	0.0	0.0	2	1.009304660043612	-14.919722244286378	138.0	21	1.05	0.95				
	205	1	36.924917360350875	7.280969620350877	0.0	0.0	2	1.0237877671813793	-15.407480541068052	138.0	21	1.05	0.95				
	206	1	70.7294191691228	14.561939240701754	0.0	-100.0	2	1.0383211143810775	-15.897430631822791	138.0	22	1.05	0.95				
	207	2	65.0086573245614	13.00173146491228	0.0	0.0	2	0.9927272159282724	-22.282267033518796	138.0	22	1.05	0.95				
	208	1	88.93184321999999	18.20242405087719	0.0	0.0	2	0.9951850651326327	-19.84705581782758	138.0	22	1.05	0.95				
	209	1	91.01212025438596	18.722493309473684	0.0	0.0	2	1.0251105059931833	-11.984656397055621	138.0	23	1.05	0.95				
	210	1	101.41350542631578	20.80277034385965	0.0	0.0	2	1.05	-13.520499098388994	138.0	23	1.05	0.95				
	211	1	0.0	0.0	0.0	0.0	2	1.014206248039204	-8.073994690600964	230.0	23	1.05	0.95				
	212	1	0.0	0.0	0.0	0.0	2	1.0148789412918977	-5.238090198437983	230.0	23	1.05	0.95				
	213	2	137.81835352807016	28.08373996421053	0.0	0.0	2	1.0186769575175507	-5.312800772040924	230.0	24	1.05	0.95				
	214	2	100.89343616771929	20.28270108526316	0.0	0.0	2	1.019126284881232	-5.796226997337338	230.0	26	1.05	0.95				
	215	2	164.8619549750877	33.28443255017544	0.0	0.0	2	1.0338703057967782	0.32398864411492656	230.0	26	1.05	0.95				
	216	2	52.00692585964912	10.401385171929824	0.0	0.0	2	1.035689191990854	0.5874557258046166	230.0	26	1.05	0.95				
	217	1	0.0	0.0	0.0	0.0	2	1.0371659971453515	1.576461115453402	230.0	27	1.05	0.95				
	218	2	173.18306311263157	35.3647095845614	0.0	0.0	2	1.0355333970869853	0.9317223733239186	230.0	27	1.05	0.95				
	219	1	94.1325358059649	19.242562568070177	0.0	0.0	2	1.0378122047328513	2.055652801961058	230.0	25	1.05	0.95				
	220	1	66.56886510035088	13.521800723508774	0.0	0.0	2	1.044379870595238	4.306990499042083	230.0	25	1.05	0.95				
	221	2	0.0	0.0	0.0	0.0	2	1.0373509258914142	1.5315242304680612	230.0	27	1.05	0.95				
	222	2	0.0	0.0	0.0	0.0	2	1.05	8.04917078355229	230.0	27	1.05	0.95				
	223	2	0.0	0.0	0.0	0.0	2	1.05	5.913010143395941	230.0	25	1.05	0.95				
	224	1	0.0	0.0	0.0	0.0	2	1.0117946646501905	-4.082765600421644	230.0	26	1.05	0.95				
	301	2	49.677950008421064	10.119582409122808	0.0	0.0	3	1.006450447591565	19.43363042070841	138.0	31	1.05	0.95				
	302	2	44.61815880385965	9.199620371929825	0.0	0.0	3	1.0061451186025427	19.320543137088155	138.0	32	1.05	0.95				
	303	1	82.79658334736843	17.019297688070175	0.0	0.0	3	1.0325266565074536	25.255139647855668	138.0	31	1.05	0.95				
	304	1	34.03859537614035	6.899715278947369	0.0	0.0	3	1.0104341222243827	21.02349090415681	138.0	31	1.05	0.95				
	305	1	32.65865232035088	6.439734260350878	0.0	0.0	3	1.0222052315126353	19.942474728546703	138.0	31	1.05	0.95				
	306	1	62.55741852912282	12.879468520701757	0.0	-100.0	3	1.0390723987382013	19.690323828968225	138.0	32	1.05	0.95				
	307	2	57.49762732456141	11.499525464912281	0.0	0.0	3	0.9699627866122814	15.959098816885403	138.0	32	1.05	0.95				
	308	1	78.65675418	16.099335650877194	0.0	0.0	3	0.9878682105766919	17.93758486329587	138.0	32	1.05	0.95				
	309	1	80.49667825438597	16.559316669473684	0.0	0.0	3	1.0289099487137083	24.284066284418188	138.0	33	1.05	0.95				
	310	1	89.6962986263158	18.39924074385965	0.0	0.0	3	1.05	21.931270129379914	138.0	33	1.05	0.95				
	311	1	0.0	0.0	0.0	0.0	3	1.0092415854454713	26.700058834749434	230.0	33	1.05	0.95				
	312	1	0.0	0.0	0.0	0.0	3	1.0158339744172709	26.831040029405766	230.0	33	1.05	0.95				
	313	2	121.89496992807018	24.838975004210532	0.0	0.0	3	1.015110688649212	30.521461626623722	230.0	34	1.05	0.95				
	314	2	89.2363176077193	17.93925972526316	0.0	0.0	3	1.0033127767571777	27.042791137041682	230.0	36	1.05	0.95				
	315	2	145.81398289508775	29.438785190175444	0.0	0.0	3	1.0321302334825933	25.87571796687509	230.0	36	1.05	0.95				
	316	2	45.998101859649125	9.199620371929825	0.0	0.0	3	1.0283790404946676	26.442880619720757	230.0	36	1.05	0.95				
	317	1	0.0	0.0	0.0	0.0	3	1.048939476804832	28.80858320453351	230.0	37	1.05	0.95				
	318	2	153.1736791926316	31.27870926456141	0.0	0.0	3	1.0499999523432726	25.699335641160587	230.0	37	1.05	0.95				
	319	1	83.25656436596492	17.019297688070175	0.0	0.0	3	1.0253302680320668	26.617693560061838	230.0	35	1.05	0.95				
	320	1	58.87757038035089	11.959506483508774	0.0	0.0	3	1.0232042491061684	26.500243187157054	230.0	35	1.05	0.95				
	321	2	0.0	0.0	0.0	0.0	3	1.04627523254084	26.40198438167493	230.0	37	1.05	0.95				
	322	2	0.0	0.0	0.0	0.0	3	1.05	31.68793967822475	230.0	37	1.05	0.95				
	323	2	0.0	0.0	0.0	0.0	3	1.0219591600723807	26.48000356932714	230.0	35	1.05	0.95				
	324	1	0.0	0.0	0.0	0.0	3	1.0299226435622024	27.04903634254235	230.0	36	1.05	0.95				
	325	1	0.0	0.0	0.0	0.0	3	1.0257474907062611	26.02811656321899	230.0	35	1.05	0.95				
];
