%% MATPOWER Case Format : Version 2
function mpc = RTS_GMLC
mpc.version = '2';

%%-----  Power Flow Data  -----%%
%% system MVA base
mpc.baseMVA = 100.0;
%% bus data
%    bus_i    type    Pd    Qd    Gs    Bs    area    Vm    Va    baseKV    zone    Vmax    Vmin
mpc.bus = [
	101	2	89.9109351663158	18.315190496842106	0.0	0.0	1	1.0327725786445034	-5.3807195005379285	138.0	11	1.05	0.95				
	102	2	80.75333991789473	16.65017317894737	0.0	0.0	1	1.032744112496485	-5.448867515164956	138.0	12	1.05	0.95				
	103	1	149.85155861052633	30.80282038105263	0.0	0.0	1	1.0156823764643808	-4.9660593963862825	138.0	11	1.05	0.95				
	104	1	61.60564076210526	12.487629884210527	0.0	0.0	1	1.0146440505847723	-7.857385789527828	138.0	11	1.05	0.95				
	105	1	59.108114785263155	11.65512122526316	0.0	0.0	1	1.030418225224557	-8.003458831675914	138.0	11	1.05	0.95				
	106	1	113.22117761684211	23.31024245052632	0.0	-100.0	1	1.0339547377992264	-10.228615121107273	138.0	12	1.05	0.95				
	107	2	104.06358236842107	20.812716473684212	0.0	0.0	1	1.05	-5.81946802046103	138.0	12	1.05	0.95				
	108	1	142.35898068	29.137803063157897	0.0	0.0	1	1.0230605914512312	-8.985361783689294	138.0	12	1.05	0.95				
	109	1	145.68901531578948	29.970311722105265	0.0	0.0	1	1.0268069017311645	-6.454990598992843	138.0	13	1.05	0.95				
	110	1	162.33918849473685	33.30034635789474	0.0	0.0	1	1.05	-8.031782003889546	138.0	13	1.05	0.95				
	111	1	0.0	0.0	0.0	0.0	1	1.0186292495584814	-2.7211355427395802	230.0	13	1.05	0.95				
	112	1	0.0	0.0	0.0	0.0	1	1.0187556033725067	-1.706540855780471	230.0	13	1.05	0.95				
	113	3	220.61479462105265	44.9554675831579	0.0	0.0	1	1.0242688241585	-1.477218854801884e-29	230.0	14	1.05	0.95				
	114	2	161.50667983578947	32.46783769894737	0.0	0.0	1	1.0255118569672288	-0.6052760921834398	230.0	16	1.05	0.95				
	115	2	263.9052448863158	53.280554172631575	0.0	0.0	1	1.0437109094183588	7.827298606512474	230.0	16	1.05	0.95				
	116	2	83.25086589473685	16.65017317894737	0.0	0.0	1	1.0445763772027479	7.460846294446165	230.0	16	1.05	0.95				
	117	1	0.0	0.0	0.0	0.0	1	1.0472015499855833	10.983469781864423	230.0	17	1.05	0.95				
	118	2	277.2253834294737	56.610588808421056	0.0	0.0	1	1.0499999896309475	11.546406572109623	230.0	17	1.05	0.95				
	119	1	150.6840672694737	30.80282038105263	0.0	0.0	1	1.0398198181488305	6.1435564593482415	230.0	15	1.05	0.95				
	120	1	106.56110834526315	21.64522513263158	0.0	0.0	1	1.0433778389473194	6.562759537520282	230.0	15	1.05	0.95				
	121	2	0.0	0.0	0.0	0.0	1	1.05	12.397237463445627	230.0	17	1.05	0.95				
	122	2	0.0	0.0	0.0	0.0	1	1.05	21.085848227482092	230.0	17	1.05	0.95				
	123	2	0.0	0.0	0.0	0.0	1	1.0478446368070418	7.399013754910989	230.0	15	1.05	0.95				
	124	1	0.0	0.0	0.0	0.0	1	1.0170779841556843	3.1098185343964886	230.0	16	1.05	0.95				
	201	2	89.57217061894738	18.24618290385965	0.0	0.0	2	1.0497350763181335	-12.014660218320795	138.0	21	1.05	0.95				
	202	2	80.44907916701754	16.587439003508774	0.0	0.0	2	1.05	-12.046730381850026	138.0	22	1.05	0.95				
	203	1	149.28695103157895	30.686762156491227	0.0	0.0	2	1.0272391696397714	-9.213318222578105	138.0	21	1.05	0.95				
	204	1	61.373524312982454	12.44057925263158	0.0	0.0	2	1.022065393414453	-13.973203813699925	138.0	21	1.05	0.95				
	205	1	58.885408462456134	11.611207302456142	0.0	0.0	2	1.0392848361809401	-14.384086674650488	138.0	21	1.05	0.95				
	206	1	112.79458522385966	23.222414604912284	0.0	-100.0	2	1.0384395945263534	-16.473989779931536	138.0	22	1.05	0.95				
	207	2	103.67149377192983	20.734298754385964	0.0	0.0	2	0.95	-27.970024811982697	138.0	22	1.05	0.95				
	208	1	141.82260348	29.02801825614035	0.0	0.0	2	0.9556024794390594	-24.30474521651215	138.0	22	1.05	0.95				
	209	1	145.14009128070177	29.857390206315788	0.0	0.0	2	1.0257319426442675	-12.235123609454751	138.0	23	1.05	0.95				
	210	1	161.72753028421053	33.17487800701755	0.0	0.0	2	1.05	-14.224860568364628	138.0	23	1.05	0.95				
	211	1	0.0	0.0	0.0	0.0	2	1.0317988506704456	-6.791134807596789	230.0	23	1.05	0.95				
	212	1	0.0	0.0	0.0	0.0	2	1.0232991298972702	-5.42520667349076	230.0	23	1.05	0.95				
	213	2	219.78356679649121	44.78608530947369	0.0	0.0	2	1.05	-2.277108084957048	230.0	24	1.05	0.95				
	214	2	160.8981583340351	32.34550605684211	0.0	0.0	2	1.05	-4.5881895905759995	230.0	26	1.05	0.95				
	215	2	262.910908205614	53.07980481122807	0.0	0.0	2	1.045899736367329	3.7296978862632346	230.0	26	1.05	0.95				
	216	2	82.93719501754386	16.587439003508774	0.0	0.0	2	1.0497905934322116	3.6528989707635464	230.0	26	1.05	0.95				
	217	1	0.0	0.0	0.0	0.0	2	1.05	6.804321834522504	230.0	27	1.05	0.95				
	218	2	276.18085940842104	56.39729261192983	0.0	0.0	2	1.049838558288919	7.458189667853345	230.0	27	1.05	0.95				
	219	1	150.1163229817544	30.686762156491227	0.0	0.0	2	1.0437240497121365	3.2108615052334804	230.0	25	1.05	0.95				
	220	1	106.15960962245614	21.563670704561407	0.0	0.0	2	1.0459649660589634	4.374708721303687	230.0	25	1.05	0.95				
	221	2	0.0	0.0	0.0	0.0	2	1.05	7.9422318834912184	230.0	27	1.05	0.95				
	222	2	0.0	0.0	0.0	0.0	2	1.05	14.007802060239689	230.0	27	1.05	0.95				
	223	2	0.0	0.0	0.0	0.0	2	1.05	5.6144979844919485	230.0	25	1.05	0.95				
	224	1	0.0	0.0	0.0	0.0	2	1.0225035301225331	-1.085258850290421	230.0	26	1.05	0.95				
	301	2	79.12938944842105	16.11894970245614	0.0	0.0	3	1.0175990439763507	-18.69418731582734	138.0	31	1.05	0.95				
	302	2	71.06991459719298	14.653590638596489	0.0	0.0	3	1.0160176444221762	-19.108010254929567	138.0	32	1.05	0.95				
	303	1	131.8823157473684	27.109142681403508	0.0	0.0	3	1.0266144383838034	-11.006860820554904	138.0	31	1.05	0.95				
	304	1	54.218285362807016	10.990192978947368	0.0	0.0	3	1.008794709174253	-17.692650200591366	138.0	31	1.05	0.95				
	305	1	52.02024676701754	10.257513447017544	0.0	0.0	3	1.02399860151819	-18.5609504804306	138.0	31	1.05	0.95				
	306	1	99.64441634245614	20.51502689403509	0.0	-100.0	3	1.0333478050370897	-19.2961177801913	138.0	32	1.05	0.95				
	307	2	91.58494149122807	18.31698829824561	0.0	0.0	3	1.0107442688610897	-20.898750914717038	138.0	32	1.05	0.95				
	308	1	125.28819995999999	25.643783617543857	0.0	0.0	3	1.001940394646201	-20.634302669068724	138.0	32	1.05	0.95				
	309	1	128.2189180877193	26.376463149473683	0.0	0.0	3	1.0284096665906153	-13.546946722649723	138.0	33	1.05	0.95				
	310	1	142.87250872631577	29.307181277192978	0.0	0.0	3	1.05	-16.083358962607356	138.0	33	1.05	0.95				
	311	1	0.0	0.0	0.0	0.0	3	1.0236534128306005	-8.635401898637472	230.0	33	1.05	0.95				
	312	1	0.0	0.0	0.0	0.0	3	1.0192303537522835	-7.135175610166031	230.0	33	1.05	0.95				
	313	2	194.16007596140346	39.564694724210526	0.0	0.0	3	1.0369649559868304	-3.9042442723859287	230.0	34	1.05	0.95				
	314	2	142.13982919438595	28.574501745263152	0.0	0.0	3	1.0359344362090257	-6.731714850056173	230.0	36	1.05	0.95				
	315	2	232.25941162175437	46.89149004350877	0.0	0.0	3	1.0490357760615565	0.45573216781527337	230.0	36	1.05	0.95				
	316	2	73.26795319298245	14.653590638596489	0.0	0.0	3	1.047934079701566	0.43769075505603006	230.0	36	1.05	0.95				
	317	1	0.0	0.0	0.0	0.0	3	1.0492505659156615	2.7037205350521756	230.0	37	1.05	0.95				
	318	2	243.98228413263158	49.82220817122807	0.0	0.0	3	1.0482125182410786	2.6236516091524136	230.0	37	1.05	0.95				
	319	1	132.61499527929823	27.109142681403508	0.0	0.0	3	1.0434187054295294	0.6690917499298583	230.0	35	1.05	0.95				
	320	1	93.78298008701753	19.049667830175437	0.0	0.0	3	1.0460070664189185	2.2417333601786367	230.0	35	1.05	0.95				
	321	2	0.0	0.0	0.0	0.0	3	1.05	3.832714083274715	230.0	37	1.05	0.95				
	322	2	0.0	0.0	0.0	0.0	3	1.05	9.165566638989006	230.0	37	1.05	0.95				
	323	2	0.0	0.0	0.0	0.0	3	1.05	3.635798250518572	230.0	35	1.05	0.95				
	324	1	0.0	0.0	0.0	0.0	3	1.0262140258852088	-3.7910440587841703	230.0	36	1.05	0.95				
	325	1	0.0	0.0	0.0	0.0	3	1.0484167951230352	4.362302863191545	230.0	35	1.05	0.95				
];

%% generator data
%    bus    Pg    Qg    Qmax    Qmin    Vg    mBase    status    Pmax    Pmin    Pc1    Pc2    Qc1min    Qc1max    Qc2min    Qc2max    ramp_agc    ramp_10    ramp_30    ramp_q    apf
