%% MATPOWER Case Format : Version 2
function mpc = RTS_GMLC
mpc.version = '2';

%%-----  Power Flow Data  -----%%
%% system MVA base
mpc.baseMVA = 100.0;
%% bus data
%    bus_i    type    Pd    Qd    Gs    Bs    area    Vm    Va    baseKV    zone    Vmax    Vmin
mpc.bus = [
	101	2	75.77634834947368	15.435922811929823	0.0	0.0	1	1.0307067134444683	-0.5696665377718372	138.0	11	1.05	0.95				
	102	2	68.05838694350876	14.032657101754383	0.0	0.0	1	1.030709255048451	-0.6377500661639772	138.0	12	1.05	0.95				
	103	1	126.29391391578946	25.96041563824561	0.0	0.0	1	1.0212229972162283	-0.8818751986009088	138.0	11	1.05	0.95				
	104	1	51.92083127649122	10.524492826315788	0.0	0.0	1	1.0160060444706045	-3.632551739924182	138.0	11	1.05	0.95				
	105	1	49.81593271122806	9.82285997122807	0.0	0.0	1	1.0308807172085768	-3.67827707406464	138.0	11	1.05	0.95				
	106	1	95.42206829192982	19.64571994245614	0.0	-100.0	1	1.037042920914829	-6.057838193461945	138.0	12	1.05	0.95				
	107	2	87.7041068859649	17.54082137719298	0.0	0.0	1	1.05	-2.9564575522006633	138.0	12	1.05	0.95				
	108	1	119.97921821999999	24.55714992807017	0.0	0.0	1	1.0270036823117639	-5.521487193846076	138.0	12	1.05	0.95				
	109	1	122.78574964035087	25.25878278315789	0.0	0.0	1	1.0264481251212272	-3.2360509407762525	138.0	13	1.05	0.95				
	110	1	136.81840674210522	28.065314203508766	0.0	0.0	1	1.05	-4.606846819798447	138.0	13	1.05	0.95				
	111	1	0.0	0.0	0.0	0.0	1	1.0127911061244848	-0.6448971108459975	230.0	13	1.05	0.95				
	112	1	0.0	0.0	0.0	0.0	1	1.0152692909268466	-0.0029785085321317436	230.0	13	1.05	0.95				
	113	3	185.9327065982456	37.88817417473684	0.0	0.0	1	1.011315494296406	4.3485361482314244e-29	230.0	14	1.05	0.95				
	114	2	136.11677388701753	27.36368134842105	0.0	0.0	1	1.0159437546701224	2.12081748660206	230.0	16	1.05	0.95				
	115	2	222.417615062807	44.90450272561403	0.0	0.0	1	1.0456527536742728	10.696283964449602	230.0	16	1.05	0.95				
	116	2	70.16328550877192	14.032657101754383	0.0	0.0	1	1.044051756493483	10.215476013058959	230.0	16	1.05	0.95				
	117	1	0.0	0.0	0.0	0.0	1	1.046981786122665	13.707748361081427	230.0	17	1.05	0.95				
	118	2	233.6437407442105	47.71103414596491	0.0	0.0	1	1.0499995796739392	14.214859083043265	230.0	17	1.05	0.95				
	119	1	126.99554677087718	25.96041563824561	0.0	0.0	1	1.0383452292785147	8.5872210684166	230.0	15	1.05	0.95				
	120	1	89.80900545122806	18.2424542322807	0.0	0.0	1	1.039717580712904	8.494189069639093	230.0	15	1.05	0.95				
	121	2	0.0	0.0	0.0	0.0	1	1.05	14.716903083973326	230.0	17	1.05	0.95				
	122	2	0.0	0.0	0.0	0.0	1	1.05	24.10193323246249	230.0	17	1.05	0.95				
	123	2	0.0	0.0	0.0	0.0	1	1.042248819758161	8.961608174932898	230.0	15	1.05	0.95				
	124	1	0.0	0.0	0.0	0.0	1	1.0219775253071157	6.414999520813743	230.0	16	1.05	0.95				
	201	2	86.30820083368421	17.581300169824562	0.0	0.0	2	1.043966715118631	-11.796848239217091	138.0	21	1.05	0.95				
	202	2	77.51755074877192	15.983000154385966	0.0	0.0	2	1.045008553508474	-11.95289068204378	138.0	22	1.05	0.95				
	203	1	143.8470013894737	29.56855028561403	0.0	0.0	2	1.025516555448331	-8.01868881514862	138.0	21	1.05	0.95				
	204	1	59.13710057122806	11.987250115789474	0.0	0.0	2	1.0201245267137737	-13.6136473827132	138.0	21	1.05	0.95				
	205	1	56.73965054807017	11.188100108070175	0.0	0.0	2	1.0367646072871293	-14.073468050372117	138.0	21	1.05	0.95				
	206	1	108.68440104982457	22.37620021614035	0.0	-100.0	2	1.0381796250891107	-16.111108548190742	138.0	22	1.05	0.95				
	207	2	99.89375096491227	19.978750192982456	0.0	0.0	2	0.95	-27.797294121637798	138.0	22	1.05	0.95				
	208	1	136.65465132	27.970250270175434	0.0	0.0	2	0.9562283391107648	-23.92477100379829	138.0	22	1.05	0.95				
	209	1	139.8512513508772	28.769400277894736	0.0	0.0	2	1.0252334600306543	-11.759801300178141	138.0	23	1.05	0.95				
	210	1	155.83425150526315	31.96600030877193	0.0	0.0	2	1.05	-13.893741218322265	138.0	23	1.05	0.95				
	211	1	0.0	0.0	0.0	0.0	2	1.0320800153649334	-6.554259648775225	230.0	23	1.05	0.95				
	212	1	0.0	0.0	0.0	0.0	2	1.023594894964624	-5.28807536887791	230.0	23	1.05	0.95				
	213	2	211.77475204561404	43.154100416842105	0.0	0.0	2	1.05	-2.60151241172384	230.0	24	1.05	0.95				
	214	2	155.03510149754385	31.166850301052634	0.0	0.0	2	1.05	-4.023075108088856	230.0	26	1.05	0.95				
	215	2	253.3305524470175	51.145600494035094	0.0	0.0	2	1.0440295608086736	4.603122548724344	230.0	26	1.05	0.95				
	216	2	79.91500077192983	15.983000154385966	0.0	0.0	2	1.0487207870070216	4.507440752864755	230.0	26	1.05	0.95				
	217	1	0.0	0.0	0.0	0.0	2	1.0491223895871802	7.843932527870523	230.0	27	1.05	0.95				
	218	2	266.1169525705263	54.342200524912286	0.0	0.0	2	1.05	8.501631113906479	230.0	27	1.05	0.95				
	219	1	144.646151397193	29.56855028561403	0.0	0.0	2	1.0434501505238931	3.9536393608075904	230.0	25	1.05	0.95				
	220	1	102.29120098807019	20.777900200701755	0.0	0.0	2	1.0460124456402258	4.965075822061423	230.0	25	1.05	0.95				
	221	2	0.0	0.0	0.0	0.0	2	1.05	8.928256451297868	230.0	27	1.05	0.95				
	222	2	0.0	0.0	0.0	0.0	2	1.05	15.01475233633506	230.0	27	1.05	0.95				
	223	2	0.0	0.0	0.0	0.0	2	1.05	6.099570689396208	230.0	25	1.05	0.95				
	224	1	0.0	0.0	0.0	0.0	2	1.0211686677854312	-0.09239887881194793	230.0	26	1.05	0.95				
	301	2	66.94906676210528	13.637772858947367	0.0	0.0	3	1.011851855557993	-18.875792809157325	138.0	31	1.05	0.95				
	302	2	60.130180332631575	12.39797532631579	0.0	0.0	3	1.0106772055021065	-19.173597827954726	138.0	32	1.05	0.95				
	303	1	111.5817779368421	22.93625435368421	0.0	0.0	3	1.0201060852447368	-12.884710744120852	138.0	31	1.05	0.95				
	304	1	45.87250870736842	9.298481494736842	0.0	0.0	3	1.0081329777927746	-17.800703869865696	138.0	31	1.05	0.95				
	305	1	44.01281240842105	8.678582728421052	0.0	0.0	3	1.0226450624993406	-18.51213724082172	138.0	31	1.05	0.95				
	306	1	84.30623221894737	17.357165456842104	0.0	-100.0	3	1.035435278666656	-19.007748114392335	138.0	32	1.05	0.95				
	307	2	77.48734578947368	15.497469157894736	0.0	0.0	3	1.005050307665542	-20.884838990390943	138.0	32	1.05	0.95				
	308	1	106.00268903999999	21.696456821052628	0.0	0.0	3	1.001954470072581	-20.41176646211298	138.0	32	1.05	0.95				
	309	1	108.48228410526315	22.31635558736842	0.0	0.0	3	1.0270019474062713	-14.143786443514154	138.0	33	1.05	0.95				
	310	1	120.88025943157893	24.79595065263158	0.0	0.0	3	1.05	-16.15957907334815	138.0	33	1.05	0.95				
	311	1	0.0	0.0	0.0	0.0	3	1.0179053786252208	-9.121407038656304	230.0	33	1.05	0.95				
	312	1	0.0	0.0	0.0	0.0	3	1.017076752087835	-8.52991985694261	230.0	33	1.05	0.95				
	313	2	164.27317307368418	33.47453338105264	0.0	0.0	3	1.0257650458956398	-5.1213510546819005	230.0	34	1.05	0.95				
	314	2	120.26036066526315	24.17605188631579	0.0	0.0	3	1.0286607151214746	-6.647757153275118	230.0	36	1.05	0.95				
	315	2	196.50790892210526	39.673521044210524	0.0	0.0	3	1.0480019447422222	0.24205728234574334	230.0	36	1.05	0.95				
	316	2	61.989876631578944	12.39797532631579	0.0	0.0	3	1.0476342157635163	0.5797845581344057	230.0	36	1.05	0.95				
	317	1	0.0	0.0	0.0	0.0	3	1.05	3.6669653528267117	230.0	37	1.05	0.95				
	318	2	206.4262891831579	42.153116109473686	0.0	0.0	3	1.0485590816520403	3.453529530674032	230.0	37	1.05	0.95				
	319	1	112.20167670315789	22.93625435368421	0.0	0.0	3	1.04256491511073	-0.7810357742737428	230.0	35	1.05	0.95				
	320	1	79.34704208842105	16.117367924210527	0.0	0.0	3	1.0433813094186362	-0.8023072553930459	230.0	35	1.05	0.95				
	321	2	0.0	0.0	0.0	0.0	3	1.05	4.323094050057836	230.0	37	1.05	0.95				
	322	2	0.0	0.0	0.0	0.0	3	1.05	9.842164720516587	230.0	37	1.05	0.95				
	323	2	0.0	0.0	0.0	0.0	3	1.045219490779947	-0.3573391624944563	230.0	35	1.05	0.95				
	324	1	0.0	0.0	0.0	0.0	3	1.0208800753840586	-4.6002704318097205	230.0	36	1.05	0.95				
	325	1	0.0	0.0	0.0	0.0	3	1.0411165303593048	0.8867529135699483	230.0	35	1.05	0.95				
];

%% generator data
%    bus    Pg    Qg    Qmax    Qmin    Vg    mBase    status    Pmax    Pmin    Pc1    Pc2    Qc1min    Qc1max    Qc2min    Qc2max    ramp_agc    ramp_10    ramp_30    ramp_q    apf
