%% MATPOWER Case Format : Version 2
function mpc = RTS_GMLC
mpc.version = '2';

%%-----  Power Flow Data  -----%%
%% system MVA base
mpc.baseMVA = 100.0;
%% bus data
%    bus_i    type    Pd    Qd    Gs    Bs    area    Vm    Va    baseKV    zone    Vmax    Vmin
mpc.bus = [
	101	2	61.935675423157896	12.616526475087719	0.0	0.0	1	1.0471857733996799	2.383493831078804	138.0	11	1.05	0.95				
	102	2	55.627412185614034	11.469569522807017	0.0	0.0	1	1.0460375841224927	2.0128621068741293	138.0	12	1.05	0.95				
	103	1	103.22612570526314	21.218703617192983	0.0	0.0	1	1.0310443524126918	0.15688001044387456	138.0	11	1.05	0.95				
	104	1	42.437407234385965	8.602177142105262	0.0	0.0	1	1.0270408714263517	-1.6619099650420974	138.0	11	1.05	0.95				
	105	1	40.71697180596491	8.028698665964914	0.0	0.0	1	1.0398850736290552	-1.9461943534706267	138.0	11	1.05	0.95				
	106	1	77.99307275508772	16.057397331929828	0.0	-100.0	1	1.0435470715150708	-4.98529795699984	138.0	12	1.05	0.95				
	107	2	71.68480951754385	14.336961903508772	0.0	0.0	1	0.9979620459901869	-13.905018146594127	138.0	12	1.05	0.95				
	108	1	98.06481941999999	20.07174666491228	0.0	0.0	1	0.9964503471943769	-11.495055434337033	138.0	12	1.05	0.95				
	109	1	100.3587333245614	20.64522514105263	0.0	0.0	1	1.0254520613315288	-3.453741023334292	138.0	13	1.05	0.95				
	110	1	111.82830284736842	22.939139045614034	0.0	0.0	1	1.05	-4.601570213325389	138.0	13	1.05	0.95				
	111	1	0.0	0.0	0.0	0.0	1	1.0097642427177722	-1.0483544534138332	230.0	13	1.05	0.95				
	112	1	0.0	0.0	0.0	0.0	1	1.0141144366998434	-0.9142463623947198	230.0	13	1.05	0.95				
	113	3	151.97179617719297	30.967837711578948	0.0	0.0	1	1.0078182386326868	1.7121455683701476e-30	230.0	14	1.05	0.95				
	114	2	111.25482437122807	22.365660569473683	0.0	0.0	1	1.0096236670236383	1.097086603390101	230.0	16	1.05	0.95				
	115	2	181.7926769364912	36.702622472982455	0.0	0.0	1	1.0424048568165154	8.311010870777208	230.0	16	1.05	0.95				
	116	2	57.34784761403509	11.469569522807017	0.0	0.0	1	1.0396838231014933	7.520685143478362	230.0	16	1.05	0.95				
	117	1	0.0	0.0	0.0	0.0	1	1.0445370660563007	10.902067009561591	230.0	17	1.05	0.95				
	118	2	190.96833255473683	38.99653637754386	0.0	0.0	1	1.0474988072397504	11.58718426193185	230.0	17	1.05	0.95				
	119	1	103.79960418140351	21.218703617192983	0.0	0.0	1	1.0324384098782682	5.508100025045198	230.0	15	1.05	0.95				
	120	1	73.40524494596491	14.910440379649122	0.0	0.0	1	1.0308039463861076	4.5781301098460485	230.0	15	1.05	0.95				
	121	2	0.0	0.0	0.0	0.0	1	1.0499999566578049	13.270403600888821	230.0	17	1.05	0.95				
	122	2	0.0	0.0	0.0	0.0	1	1.05	19.440694929343817	230.0	17	1.05	0.95				
	123	2	0.0	0.0	0.0	0.0	1	1.0310730713984904	4.5001030121849785	230.0	15	1.05	0.95				
	124	1	0.0	0.0	0.0	0.0	1	1.027737380662932	5.263534977712193	230.0	16	1.05	0.95				
	201	2	64.63340154947369	13.166063278596493	0.0	0.0	2	1.0234189535674374	-15.542359824484809	138.0	21	1.05	0.95				
	202	2	58.050369910175434	11.969148435087721	0.0	0.0	2	1.0244874345337698	-15.367346478793138	138.0	22	1.05	0.95				
	203	1	107.72233591578949	22.14292460491228	0.0	0.0	2	1.0143197512614235	-13.317037883019331	138.0	21	1.05	0.95				
	204	1	44.28584920982456	8.97686132631579	0.0	0.0	2	1.0143454025152276	-16.431575004349696	138.0	21	1.05	0.95				
	205	1	42.4904769445614	8.378403904561404	0.0	0.0	2	1.029199866279113	-16.88228312442374	138.0	21	1.05	0.95				
	206	1	81.3902093585965	16.756807809122808	0.0	-100.0	2	1.0393364748548104	-18.160851275310492	138.0	22	1.05	0.95				
	207	2	74.80717771929825	14.96143554385965	0.0	0.0	2	0.9904447545266817	-26.737722448655056	138.0	22	1.05	0.95				
	208	1	102.33621912	20.94600976140351	0.0	0.0	2	0.9900020118244478	-23.86098256240757	138.0	22	1.05	0.95				
	209	1	104.73004880701755	21.544467183157895	0.0	0.0	2	1.0243008642373943	-14.849347077446188	138.0	23	1.05	0.95				
	210	1	116.69919724210527	23.938296870175442	0.0	0.0	2	1.05	-16.325235405680438	138.0	23	1.05	0.95				
	211	1	0.0	0.0	0.0	0.0	2	1.015749831790484	-11.197945726901427	230.0	23	1.05	0.95				
	212	1	0.0	0.0	0.0	0.0	2	1.0165072458155868	-8.499552327592736	230.0	23	1.05	0.95				
	213	2	158.59121676491228	32.316700774736844	0.0	0.0	2	1.0198243260844222	-8.86746709965448	230.0	24	1.05	0.95				
	214	2	116.10073982035087	23.339839448421053	0.0	0.0	2	1.0217629397533772	-8.850214945062236	230.0	26	1.05	0.95				
	215	2	189.71100269614035	38.3012749922807	0.0	0.0	2	1.0336123767138405	-1.6977467847725978	230.0	26	1.05	0.95				
	216	2	59.8457421754386	11.969148435087721	0.0	0.0	2	1.0359454204613296	-1.855113669397711	230.0	26	1.05	0.95				
	217	1	0.0	0.0	0.0	0.0	2	1.0369568671460636	-0.22660566750293104	230.0	27	1.05	0.95				
	218	2	199.28632144421056	40.69510467929825	0.0	0.0	2	1.0355561808879588	-1.0703079553494057	230.0	27	1.05	0.95				
	219	1	108.32079333754388	22.14292460491228	0.0	0.0	2	1.0376943684737345	-1.1759867132068988	230.0	25	1.05	0.95				
	220	1	76.6025499845614	15.559892965614036	0.0	0.0	2	1.044335814067514	0.5415399910626977	230.0	25	1.05	0.95				
	221	2	0.0	0.0	0.0	0.0	2	1.0373003373539131	-0.4678647445406568	230.0	27	1.05	0.95				
	222	2	0.0	0.0	0.0	0.0	2	1.05	6.1268051631763605	230.0	27	1.05	0.95				
	223	2	0.0	0.0	0.0	0.0	2	1.0499999947313898	1.9131305657564335	230.0	25	1.05	0.95				
	224	1	0.0	0.0	0.0	0.0	2	1.011966044485631	-6.014661760915122	230.0	26	1.05	0.95				
	301	2	49.47295160842106	10.077823475789474	0.0	0.0	3	1.0022864195771999	8.01686901639513	138.0	31	1.05	0.95				
	302	2	44.43403987052632	9.16165770526316	0.0	0.0	3	1.0021033597232332	7.98958597333487	138.0	32	1.05	0.95				
	303	1	82.45491934736843	16.949066754736844	0.0	0.0	3	1.018337762359943	10.128295719413334	138.0	31	1.05	0.95				
	304	1	33.89813350947369	6.871243278947368	0.0	0.0	3	1.0067075923904287	9.478361557830342	138.0	31	1.05	0.95				
	305	1	32.52388485368421	6.413160393684211	0.0	0.0	3	1.0195302601159895	9.527759926821881	138.0	31	1.05	0.95				
	306	1	62.29927239578949	12.826320787368422	0.0	-100.0	3	1.0379262933575402	9.825796941748292	138.0	32	1.05	0.95				
	307	2	57.260360657894736	11.452072131578948	0.0	0.0	3	0.9873865610221502	6.367159384856934	138.0	32	1.05	0.95				
	308	1	78.33217338	16.032900984210528	0.0	0.0	3	0.9999877675632006	8.353519312339412	138.0	32	1.05	0.95				
	309	1	80.16450492105264	16.490983869473684	0.0	0.0	3	1.025189289993997	12.572663216906596	138.0	33	1.05	0.95				
	310	1	89.32616262631579	18.32331541052632	0.0	0.0	3	1.05	12.503595058541515	138.0	33	1.05	0.95				
	311	1	0.0	0.0	0.0	0.0	3	1.0061026632209966	17.299200403638757	230.0	33	1.05	0.95				
	312	1	0.0	0.0	0.0	0.0	3	1.01276818337487	18.137283124087592	230.0	33	1.05	0.95				
	313	2	121.39196459473685	24.73647580421053	0.0	0.0	3	1.0157554569232454	23.724742091668713	230.0	34	1.05	0.95				
	314	2	88.86807974105264	17.86523252526316	0.0	0.0	3	1.002657204529221	16.499637708421027	230.0	36	1.05	0.95				
	315	2	145.21227462842106	29.317304656842108	0.0	0.0	3	1.0296350641025727	12.080234811642345	230.0	36	1.05	0.95				
	316	2	45.80828852631579	9.16165770526316	0.0	0.0	3	1.0291127155215514	13.06802278039359	230.0	36	1.05	0.95				
	317	1	0.0	0.0	0.0	0.0	3	1.0386206885078375	12.728488823545828	230.0	37	1.05	0.95				
	318	2	152.54160079263158	31.149636197894743	0.0	0.0	3	1.0384531171233164	11.226234484209018	230.0	37	1.05	0.95				
	319	1	82.9130022326316	16.949066754736844	0.0	0.0	3	1.0271741604899192	15.262621275761957	230.0	35	1.05	0.95				
	320	1	58.634609313684216	11.910155016842108	0.0	0.0	3	1.026028693768685	16.58661587810044	230.0	35	1.05	0.95				
	321	2	0.0	0.0	0.0	0.0	3	1.0372516491480612	12.090577994313604	230.0	37	1.05	0.95				
	322	2	0.0	0.0	0.0	0.0	3	1.0499999914070193	16.65117068569236	230.0	37	1.05	0.95				
	323	2	0.0	0.0	0.0	0.0	3	1.0250629462030465	17.115403809010743	230.0	35	1.05	0.95				
	324	1	0.0	0.0	0.0	0.0	3	1.0226821134082236	13.144169192468745	230.0	36	1.05	0.95				
	325	1	0.0	0.0	0.0	0.0	3	1.028500052521806	16.797751587292517	230.0	35	1.05	0.95				
];
