%% MATPOWER Case Format : Version 2
function mpc = RTS_GMLC
mpc.version = '2';

%%-----  Power Flow Data  -----%%
%% system MVA base
mpc.baseMVA = 100.0;
%% bus data
%    bus_i    type    Pd    Qd    Gs    Bs    area    Vm    Va    baseKV    zone    Vmax    Vmin
mpc.bus = [
	101	2	51.79564572631578	10.550964870175438	0.0	0.0	1	1.034791994894382	1.81005855725896	138.0	11	1.05	0.95				
	102	2	46.520163291228066	9.591786245614035	0.0	0.0	1	1.0343724255124735	1.665700000423807	138.0	12	1.05	0.95				
	103	1	86.32607621052631	17.744804554385965	0.0	0.0	1	1.0261200250633058	-0.009523709962610887	138.0	11	1.05	0.95				
	104	1	35.48960910877193	7.193839684210526	0.0	0.0	1	1.020966528027869	-1.5259382775348809	138.0	11	1.05	0.95				
	105	1	34.05084117192982	6.714250371929825	0.0	0.0	1	1.0358487245568826	-1.339484135329219	138.0	11	1.05	0.95				
	106	1	65.22414647017544	13.42850074385965	0.0	-100.0	1	1.044273410132334	-3.5882664259972525	138.0	12	1.05	0.95				
	107	2	59.94866403508772	11.989732807017543	0.0	0.0	1	1.010507558520862	-6.550653002326299	138.0	12	1.05	0.95				
	108	1	82.00977239999999	16.785625929824562	0.0	0.0	1	1.0096113960908584	-6.394444400158748	138.0	12	1.05	0.95				
	109	1	83.92812964912281	17.26521524210526	0.0	0.0	1	1.0248055780184286	-2.199993534778471	138.0	13	1.05	0.95				
	110	1	93.51991589473684	19.18357249122807	0.0	0.0	1	1.05	-3.026205853376069	138.0	13	1.05	0.95				
	111	1	0.0	0.0	0.0	0.0	1	1.0047804643545646	-0.388703481892072	230.0	13	1.05	0.95				
	112	1	0.0	0.0	0.0	0.0	1	1.0095720586762673	0.17104809682314334	230.0	13	1.05	0.95				
	113	3	127.09116775438596	25.89782286315789	0.0	0.0	1	0.998485181512527	1.7668096293054326e-31	230.0	14	1.05	0.95				
	114	2	93.04032658245613	18.703983178947368	0.0	0.0	1	1.0015855086384686	1.617756887672192	230.0	16	1.05	0.95				
	115	2	152.02981199298245	30.693715985964907	0.0	0.0	1	1.0352937994348606	7.616390450581284	230.0	16	1.05	0.95				
	116	2	47.95893122807017	9.591786245614035	0.0	0.0	1	1.0321170723137998	7.27195618774896	230.0	16	1.05	0.95				
	117	1	0.0	0.0	0.0	0.0	1	1.0386665650645897	9.092486274326985	230.0	17	1.05	0.95				
	118	2	159.70324098947367	32.61207323508772	0.0	0.0	1	1.040167062212593	9.112653422939436	230.0	17	1.05	0.95				
	119	1	86.80566552280702	17.744804554385965	0.0	0.0	1	1.0271979366367172	6.412034312336319	230.0	15	1.05	0.95				
	120	1	61.387431971929814	12.469322119298246	0.0	0.0	1	1.0264607824982432	6.594183180518172	230.0	15	1.05	0.95				
	121	2	0.0	0.0	0.0	0.0	1	1.0434541036881273	10.23310126199977	230.0	17	1.05	0.95				
	122	2	0.0	0.0	0.0	0.0	1	1.05	16.29031511863719	230.0	17	1.05	0.95				
	123	2	0.0	0.0	0.0	0.0	1	1.0268888690117264	7.062760069083589	230.0	15	1.05	0.95				
	124	1	0.0	0.0	0.0	0.0	1	1.0220693164055996	4.761038350517194	230.0	16	1.05	0.95				
	201	2	54.31449709894738	11.064064223859651	0.0	0.0	2	1.0324171295775828	-7.31769511392334	138.0	21	1.05	0.95				
	202	2	48.78246498701754	10.058240203508772	0.0	0.0	2	1.0328120406307133	-7.300300806537728	138.0	22	1.05	0.95				
	203	1	90.52416183157895	18.60774437649123	0.0	0.0	2	1.020608652724723	-6.637014417429185	138.0	21	1.05	0.95				
	204	1	37.21548875298246	7.5436801526315795	0.0	0.0	2	1.0193802682233366	-9.499244717001012	138.0	21	1.05	0.95				
	205	1	35.706752722456145	7.040768142456141	0.0	0.0	2	1.0348232514226496	-9.673130387540178	138.0	21	1.05	0.95				
	206	1	68.39603338385966	14.081536284912282	0.0	-100.0	2	1.04371446891393	-11.467568009106934	138.0	22	1.05	0.95				
	207	2	62.86400127192982	12.572800254385966	0.0	0.0	2	0.9903756400921137	-19.046415917698397	138.0	22	1.05	0.95				
	208	1	85.99795374	17.60192035614035	0.0	0.0	2	0.994200124533196	-16.706105787332696	138.0	22	1.05	0.95				
	209	1	88.00960178070176	18.10483236631579	0.0	0.0	2	1.0232875775067263	-9.254479297456736	138.0	23	1.05	0.95				
	210	1	98.06784198421053	20.116480407017544	0.0	0.0	2	1.05	-10.470087668433752	138.0	23	1.05	0.95				
	211	1	0.0	0.0	0.0	0.0	2	1.0088366510568059	-6.314743686095212	230.0	23	1.05	0.95				
	212	1	0.0	0.0	0.0	0.0	2	1.0097487478645177	-5.660924182305751	230.0	23	1.05	0.95				
	213	2	133.27168269649124	27.15724854947369	0.0	0.0	2	1.0041425969124063	-5.31163056560591	230.0	24	1.05	0.95				
	214	2	97.56492997403508	19.61356839684211	0.0	0.0	2	1.01319778828293	-3.569646165744699	230.0	26	1.05	0.95				
	215	2	159.42310722561405	32.18636865122807	0.0	0.0	2	1.030323417994432	3.387030228482649	230.0	26	1.05	0.95				
	216	2	50.29120101754386	10.058240203508772	0.0	0.0	2	1.0316768095324969	3.3680772405507398	230.0	26	1.05	0.95				
	217	1	0.0	0.0	0.0	0.0	2	1.0368786926419162	6.255637483071767	230.0	27	1.05	0.95				
	218	2	167.46969938842108	34.19801669192983	0.0	0.0	2	1.0387687527981757	6.785860303349262	230.0	27	1.05	0.95				
	219	1	91.02707384175439	18.60774437649123	0.0	0.0	2	1.0293263832968569	2.567966643523629	230.0	25	1.05	0.95				
	220	1	64.37273730245614	13.075712264561403	0.0	0.0	2	1.0310636593684772	2.844834789062466	230.0	25	1.05	0.95				
	221	2	0.0	0.0	0.0	0.0	2	1.0385193090318292	6.409198728205246	230.0	27	1.05	0.95				
	222	2	0.0	0.0	0.0	0.0	2	1.05	12.84948001126732	230.0	27	1.05	0.95				
	223	2	0.0	0.0	0.0	0.0	2	1.0329708038750207	3.3776409699809675	230.0	25	1.05	0.95				
	224	1	0.0	0.0	0.0	0.0	2	1.0142892467879574	-0.36967821406415546	230.0	26	1.05	0.95				
	301	2	38.6592850231579	7.875039541754386	0.0	0.0	3	1.0118475142859167	-13.09626292307932	138.0	31	1.05	0.95				
	302	2	34.721765252280704	7.15912685614035	0.0	0.0	3	1.0118316391092057	-13.191755016364935	138.0	32	1.05	0.95				
	303	1	64.43214170526316	13.24438468385965	0.0	0.0	3	1.0224110454392965	-8.496486542974312	138.0	31	1.05	0.95				
	304	1	26.4887693677193	5.369345142105264	0.0	0.0	3	1.0131885005931958	-11.976669898658342	138.0	31	1.05	0.95				
	305	1	25.414900339298246	5.011388799298246	0.0	0.0	3	1.026503999052935	-12.673753722290556	138.0	31	1.05	0.95				
	306	1	48.68206262175439	10.022777598596493	0.0	-100.0	3	1.0434371777744806	-12.887667619903015	138.0	32	1.05	0.95				
	307	2	44.744542850877195	8.948908570175439	0.0	0.0	3	0.9934517284766077	-16.574734376533204	138.0	32	1.05	0.95				
	308	1	61.210534620000004	12.528471998245614	0.0	0.0	3	1.0023203031212238	-15.023455372703687	138.0	32	1.05	0.95				
	309	1	62.64235999122807	12.88642834105263	0.0	0.0	3	1.0247386109842662	-9.505857883530009	138.0	33	1.05	0.95				
	310	1	69.80148684736842	14.3182537122807	0.0	0.0	3	1.05	-11.095846336397637	138.0	33	1.05	0.95				
	311	1	0.0	0.0	0.0	0.0	3	1.0016926730228468	-6.3483725229772485	230.0	33	1.05	0.95				
	312	1	0.0	0.0	0.0	0.0	3	1.0074498847153428	-5.868923822882489	230.0	33	1.05	0.95				
	313	2	94.85843084385964	19.32964251157895	0.0	0.0	3	1.0047602996789928	-3.002450503349832	230.0	34	1.05	0.95				
	314	2	69.44353050456141	13.960297369473684	0.0	0.0	3	0.9932609034084551	-5.162661519405818	230.0	36	1.05	0.95				
	315	2	113.47216066982455	22.909205939649123	0.0	0.0	3	1.0176336586848553	-2.1810317287404217	230.0	36	1.05	0.95				
	316	2	35.795634280701755	7.15912685614035	0.0	0.0	3	1.0169734965505788	-1.3694938726349235	230.0	36	1.05	0.95				
	317	1	0.0	0.0	0.0	0.0	3	1.0227416653781929	-0.6367029443747358	230.0	37	1.05	0.95				
	318	2	119.19946215473685	24.341031310877195	0.0	0.0	3	1.0223992753684323	-0.82389006026131	230.0	37	1.05	0.95				
	319	1	64.79009804807018	13.24438468385965	0.0	0.0	3	1.0136912092609314	-1.8697016642803501	230.0	35	1.05	0.95				
	320	1	45.818411879298246	9.306864912982457	0.0	0.0	3	1.0129578431707666	-1.5869537466482728	230.0	35	1.05	0.95				
	321	2	0.0	0.0	0.0	0.0	3	1.0229904249245978	-0.6779957812496802	230.0	37	1.05	0.95				
	322	2	0.0	0.0	0.0	0.0	3	1.0363417525312983	3.7599962686949633	230.0	37	1.05	0.95				
	323	2	0.0	0.0	0.0	0.0	3	1.0128732493248744	-1.1460978031790723	230.0	35	1.05	0.95				
	324	1	0.0	0.0	0.0	0.0	3	1.0110851172787196	-4.582548327927647	230.0	36	1.05	0.95				
	325	1	0.0	0.0	0.0	0.0	3	1.0127599930105364	-0.16392237290264805	230.0	35	1.05	0.95				
];
