%% MATPOWER Case Format : Version 2
function mpc = RTS_GMLC
mpc.version = '2';

%%-----  Power Flow Data  -----%%
%% system MVA base
mpc.baseMVA = 100.0;
%% bus data
%    bus_i    type    Pd    Qd    Gs    Bs    area    Vm    Va    baseKV    zone    Vmax    Vmin
mpc.bus = [
	101	2	90.80603662736843	18.497525979649122	0.0	0.0	1	1.0442625652283302	-0.5626398302046823	138.0	11	1.05	0.95				
	102	2	81.55727363754386	16.815932708771932	0.0	0.0	1	1.044148916095578	-0.7081868457611015	138.0	12	1.05	0.95				
	103	1	151.34339437894738	31.10947551122807	0.0	0.0	1	1.0232905731088593	-1.51096399834431	138.0	11	1.05	0.95				
	104	1	62.21895102245614	12.611949531578947	0.0	0.0	1	1.0220966232676514	-4.297282876257933	138.0	11	1.05	0.95				
	105	1	59.696561116140344	11.771152896140352	0.0	0.0	1	1.0350981590381771	-4.817215833094797	138.0	11	1.05	0.95				
	106	1	114.34834241964913	23.542305792280704	0.0	-100.0	1	1.035384318152677	-7.9718024731002695	138.0	12	1.05	0.95				
	107	2	105.09957942982457	21.019915885964913	0.0	0.0	1	1.05	-8.242288304086413	138.0	12	1.05	0.95				
	108	1	143.77622466	29.42788224035088	0.0	0.0	1	1.0227485371175193	-9.75868961282467	138.0	12	1.05	0.95				
	109	1	147.13941120175437	30.268678875789472	0.0	0.0	1	1.0272333661809283	-4.860306698930863	138.0	13	1.05	0.95				
	110	1	163.9553439105263	33.631865417543864	0.0	0.0	1	1.05	-6.538778207682037	138.0	13	1.05	0.95				
	111	1	0.0	0.0	0.0	0.0	1	1.0166059912246368	-1.8307353434441933	230.0	13	1.05	0.95				
	112	1	0.0	0.0	0.0	0.0	1	1.0187701039252335	-1.0982374824527925	230.0	13	1.05	0.95				
	113	3	222.8111083912281	45.403018313684214	0.0	0.0	1	1.0201893350329605	-5.477416515361615e-29	230.0	14	1.05	0.95				
	114	2	163.11454727508772	32.79106878210526	0.0	0.0	1	1.02059728982241	0.45082784022295913	230.0	16	1.05	0.95				
	115	2	266.5325334340351	53.81098466807018	0.0	0.0	1	1.0439360480060862	9.485629415679327	230.0	16	1.05	0.95				
	116	2	84.07966354385965	16.815932708771932	0.0	0.0	1	1.0435084469297558	8.783290281341195	230.0	16	1.05	0.95				
	117	1	0.0	0.0	0.0	0.0	1	1.0471183374086959	12.536046731753318	230.0	17	1.05	0.95				
	118	2	279.98527960105264	57.174171209824564	0.0	0.0	1	1.05	13.48544661102918	230.0	17	1.05	0.95				
	119	1	152.184191014386	31.10947551122807	0.0	0.0	1	1.0387565664823737	7.071663692194689	230.0	15	1.05	0.95				
	120	1	107.62196933614037	21.86071252140351	0.0	0.0	1	1.0416227849966104	6.730343563797887	230.0	15	1.05	0.95				
	121	2	0.0	0.0	0.0	0.0	1	1.05	14.28721933087744	230.0	17	1.05	0.95				
	122	2	0.0	0.0	0.0	0.0	1	1.05	20.622960154769576	230.0	17	1.05	0.95				
	123	2	0.0	0.0	0.0	0.0	1	1.0455831188123876	7.1592066155559255	230.0	15	1.05	0.95				
	124	1	0.0	0.0	0.0	0.0	1	1.0224474984541359	5.4060328504676525	230.0	16	1.05	0.95				
	201	2	95.77711318736843	19.51015268631579	0.0	0.0	2	1.05	-19.978404840946702	138.0	21	1.05	0.95				
	202	2	86.02203684421053	17.736502442105266	0.0	0.0	2	1.05	-20.176002875972397	138.0	22	1.05	0.95				
	203	1	159.6285219789474	32.81252951789474	0.0	0.0	2	1.019837573540551	-14.289783238872577	138.0	21	1.05	0.95				
	204	1	65.62505903578948	13.302376831578947	0.0	0.0	2	1.0176534326812972	-21.381320954540474	138.0	21	1.05	0.95				
	205	1	62.96458366947368	12.415551709473686	0.0	0.0	2	1.0366422214384818	-22.02577038010616	138.0	21	1.05	0.95				
	206	1	120.60821660631579	24.83110341894737	0.0	-100.0	2	1.0335852751944823	-24.035749820134413	138.0	22	1.05	0.95				
	207	2	110.85314026315788	22.17062805263158	0.0	0.0	2	0.95	-33.70247955797582	138.0	22	1.05	0.95				
	208	1	151.64709588	31.038879273684213	0.0	0.0	2	0.9527028091432819	-30.75828109119019	138.0	22	1.05	0.95				
	209	1	155.19439636842108	31.925704395789474	0.0	0.0	2	1.020136507257321	-18.78016596777558	138.0	23	1.05	0.95				
	210	1	172.93089881052632	35.47300488421053	0.0	0.0	2	1.0458458950194824	-21.344929745306533	138.0	23	1.05	0.95				
	211	1	0.0	0.0	0.0	0.0	2	1.0296631707859967	-13.23708105628371	230.0	23	1.05	0.95				
	212	1	0.0	0.0	0.0	0.0	2	1.0190146121736197	-11.887633117232848	230.0	23	1.05	0.95				
	213	2	235.00865735789475	47.888556593684214	0.0	0.0	2	1.05	-9.57893344687354	230.0	24	1.05	0.95				
	214	2	172.04407368842107	34.58617976210527	0.0	0.0	2	1.05	-9.959069361510673	230.0	26	1.05	0.95				
	215	2	281.1235637073684	56.756807814736845	0.0	0.0	2	1.0425778548770017	0.7337390909697774	230.0	26	1.05	0.95				
	216	2	88.68251221052633	17.736502442105266	0.0	0.0	2	1.0465233004383134	0.21467475238632955	230.0	26	1.05	0.95				
	217	1	0.0	0.0	0.0	0.0	2	1.0485353887945783	3.976393262447527	230.0	27	1.05	0.95				
	218	2	295.31276566105265	60.304108303157896	0.0	0.0	2	1.05	4.475648267753255	230.0	27	1.05	0.95				
	219	1	160.51534710105264	32.81252951789474	0.0	0.0	2	1.0412970802038006	-0.5513358386682188	230.0	25	1.05	0.95				
	220	1	113.51361562947369	23.057453174736846	0.0	0.0	2	1.0449766511984293	0.4433534732707722	230.0	25	1.05	0.95				
	221	2	0.0	0.0	0.0	0.0	2	1.05	4.959978103471021	230.0	27	1.05	0.95				
	222	2	0.0	0.0	0.0	0.0	2	1.05	11.085947805126938	230.0	27	1.05	0.95				
	223	2	0.0	0.0	0.0	0.0	2	1.05	1.6304291940936781	230.0	25	1.05	0.95				
	224	1	0.0	0.0	0.0	0.0	2	1.014627274456828	-4.836682930827641	230.0	26	1.05	0.95				
	301	2	81.28187283789474	16.55741854105263	0.0	0.0	3	0.9753469044456735	-10.659790076424013	138.0	31	1.05	0.95				
	302	2	73.00316356736842	15.052198673684211	0.0	0.0	3	0.9763677035728127	-10.798236402388296	138.0	32	1.05	0.95				
	303	1	135.4697880631579	27.846567546315786	0.0	0.0	3	0.9939373213366988	-3.7791412676400107	138.0	31	1.05	0.95				
	304	1	55.69313509263157	11.289149005263157	0.0	0.0	3	0.9699857231070718	-7.8836714180836385	138.0	31	1.05	0.95				
	305	1	53.43530529157894	10.536539071578947	0.0	0.0	3	0.9821426042313789	-8.433623325312384	138.0	31	1.05	0.95				
	306	1	102.35495098105262	21.073078143157893	0.0	-100.0	3	0.9933490965607003	-8.048207702700873	138.0	32	1.05	0.95				
	307	2	94.0762417105263	18.815248342105264	0.0	0.0	3	0.9510505206257096	-13.9777637166548	138.0	32	1.05	0.95				
	308	1	128.69629866	26.341347678947365	0.0	0.0	3	0.9562032406770923	-10.158204867942406	138.0	32	1.05	0.95				
	309	1	131.70673839473685	27.093957612631574	0.0	0.0	3	0.9951052939588624	-2.2299500929645264	138.0	33	1.05	0.95				
	310	1	146.75893706842103	30.104397347368423	0.0	0.0	3	1.0135465685404041	-3.613237545706849	138.0	33	1.05	0.95				
	311	1	0.0	0.0	0.0	0.0	3	0.9914779580137204	5.317673674751892	230.0	33	1.05	0.95				
	312	1	0.0	0.0	0.0	0.0	3	0.9940228101337245	6.66246792365367	230.0	33	1.05	0.95				
	313	2	199.44163242631575	40.64093641894737	0.0	0.0	3	1.0242217200342785	14.27506598316374	230.0	34	1.05	0.95				
	314	2	146.00632713473684	29.35178741368421	0.0	0.0	3	1.0035059375476898	5.338416059721629	230.0	36	1.05	0.95				
	315	2	238.5773489778947	48.16703575578947	0.0	0.0	3	1.0353926058421066	4.229041720227836	230.0	36	1.05	0.95				
	316	2	75.26099336842105	15.052198673684211	0.0	0.0	3	1.0326253045134097	5.317324276756602	230.0	36	1.05	0.95				
	317	1	0.0	0.0	0.0	0.0	3	1.0390230523731905	5.5623839595424265	230.0	37	1.05	0.95				
	318	2	250.6191079168421	51.17747549052631	0.0	0.0	3	1.0396219069437542	4.865302532333745	230.0	37	1.05	0.95				
	319	1	136.2223979968421	27.846567546315786	0.0	0.0	3	1.0282778406296744	7.254442406012496	230.0	35	1.05	0.95				
	320	1	96.33407151157894	19.567858275789472	0.0	0.0	3	1.0286661722010715	8.983925502843661	230.0	35	1.05	0.95				
	321	2	0.0	0.0	0.0	0.0	3	1.042241226945007	6.359719927092373	230.0	37	1.05	0.95				
	322	2	0.0	0.0	0.0	0.0	3	1.05	11.808355637967098	230.0	37	1.05	0.95				
	323	2	0.0	0.0	0.0	0.0	3	1.0294450023038775	9.687543886666818	230.0	35	1.05	0.95				
	324	1	0.0	0.0	0.0	0.0	3	1.012141822363753	3.2027211902134267	230.0	36	1.05	0.95				
	325	1	0.0	0.0	0.0	0.0	3	1.0309737065602707	10.088734834413618	230.0	35	1.05	0.95				
];
