%% MATPOWER Case Format : Version 2
function mpc = RTS_GMLC
mpc.version = '2';

%%-----  Power Flow Data  -----%%
%% system MVA base
mpc.baseMVA = 100.0;
%% bus data
%    bus_i    type    Pd    Qd    Gs    Bs    area    Vm    Va    baseKV    zone    Vmax    Vmin
mpc.bus = [
	101	2	84.20633348210526	17.153142005614036	0.0	0.0	1	1.0442909580118942	0.39072887737906686	138.0	11	1.05	0.95				
	102	2	75.62976247929825	15.593765459649124	0.0	0.0	1	1.0436410499658424	0.13468007695011608	138.0	12	1.05	0.95				
	103	1	140.3438891368421	28.848466100350876	0.0	0.0	1	1.0266419514825669	-1.1602955202837626	138.0	11	1.05	0.95				
	104	1	57.69693220070175	11.695324094736842	0.0	0.0	1	1.0234189937939306	-3.366535926711015	138.0	11	1.05	0.95				
	105	1	55.357867381754374	10.915635821754387	0.0	0.0	1	1.0359327142687265	-3.827579807874329	138.0	11	1.05	0.95				
	106	1	106.03760512561405	21.831271643508774	0.0	-100.0	1	1.0371320635340513	-6.939290853770923	138.0	12	1.05	0.95				
	107	2	97.46103412280702	19.492206824561404	0.0	0.0	1	1.05	-5.5892422588022335	138.0	12	1.05	0.95				
	108	1	133.32669468	27.289089554385964	0.0	0.0	1	1.0248890017956418	-7.718213846445529	138.0	12	1.05	0.95				
	109	1	136.44544777192982	28.068777827368418	0.0	0.0	1	1.0274214262971006	-4.197174051605948	138.0	13	1.05	0.95				
	110	1	152.03921323157894	31.187530919298247	0.0	0.0	1	1.05	-5.705017174460643	138.0	13	1.05	0.95				
	111	1	0.0	0.0	0.0	0.0	1	1.0132072602806752	-1.7649921788747154	230.0	13	1.05	0.95				
	112	1	0.0	0.0	0.0	0.0	1	1.0170335122056873	-1.080959099456143	230.0	13	1.05	0.95				
	113	3	206.61739234035088	42.10316674105263	0.0	0.0	1	1.0148638368288363	-5.901463733376586e-27	230.0	14	1.05	0.95				
	114	2	151.2595249585965	30.407842646315792	0.0	0.0	1	1.0130710263160077	-0.06352636439644585	230.0	16	1.05	0.95				
	115	2	247.1611825354386	49.90004947087719	0.0	0.0	1	1.0440885187675104	7.866162159790045	230.0	16	1.05	0.95				
	116	2	77.96882729824561	15.593765459649124	0.0	0.0	1	1.0415080203195708	7.052183105160641	230.0	16	1.05	0.95				
	117	1	0.0	0.0	0.0	0.0	1	1.04535231683087	9.98464526968779	230.0	17	1.05	0.95				
	118	2	259.6361949031579	53.018802562807025	0.0	0.0	1	1.0473450279605505	10.488691041743355	230.0	17	1.05	0.95				
	119	1	141.12357740982458	28.848466100350876	0.0	0.0	1	1.0350351910251008	5.5518357796534605	230.0	15	1.05	0.95				
	120	1	99.80009894175438	20.27189509754386	0.0	0.0	1	1.0355287288995516	5.2415394279184175	230.0	15	1.05	0.95				
	121	2	0.0	0.0	0.0	0.0	1	1.05	12.248743145665003	230.0	17	1.05	0.95				
	122	2	0.0	0.0	0.0	0.0	1	1.05	18.106232375464447	230.0	17	1.05	0.95				
	123	2	0.0	0.0	0.0	0.0	1	1.0379305507232934	5.651012791577924	230.0	15	1.05	0.95				
	124	1	0.0	0.0	0.0	0.0	1	1.0261618117687656	4.511715176447189	230.0	16	1.05	0.95				
	201	2	88.00818510315789	17.92759326175438	0.0	0.0	2	1.0370890097785501	-14.644343617971014	138.0	21	1.05	0.95				
	202	2	79.04438847228069	16.297812056140348	0.0	0.0	2	1.04000366009275	-14.774634623823356	138.0	22	1.05	0.95				
	203	1	146.68030850526316	30.150952303859647	0.0	0.0	2	1.0249946892774522	-10.843185647998752	138.0	21	1.05	0.95				
	204	1	60.301904607719294	12.223359042105262	0.0	0.0	2	1.0182571851930105	-16.01525630522888	138.0	21	1.05	0.95				
	205	1	57.85723279929823	11.408468439298245	0.0	0.0	2	1.0331050530089705	-16.513785196680065	138.0	21	1.05	0.95				
	206	1	110.82512198175438	22.81693687859649	0.0	-100.0	2	1.0366194522253314	-18.328382359911874	138.0	22	1.05	0.95				
	207	2	101.86132535087718	20.372265070175434	0.0	0.0	2	0.95	-29.70731658651948	138.0	22	1.05	0.95				
	208	1	139.34629307999998	28.521171098245606	0.0	0.0	2	0.9560789426721055	-25.910750449174415	138.0	22	1.05	0.95				
	209	1	142.60585549122803	29.336061701052625	0.0	0.0	2	1.0266540620041442	-13.739995645512847	138.0	23	1.05	0.95				
	210	1	158.9036675473684	32.595624112280696	0.0	0.0	2	1.05	-15.844656678423569	138.0	23	1.05	0.95				
	211	1	0.0	0.0	0.0	0.0	2	1.0344611687528333	-9.895407066893238	230.0	23	1.05	0.95				
	212	1	0.0	0.0	0.0	0.0	2	1.0288690388864121	-4.849103808302088	230.0	23	1.05	0.95				
	213	2	215.9460097438596	44.00409255157894	0.0	0.0	2	1.05	-7.19191944710176	230.0	24	1.05	0.95				
	214	2	158.08877694456137	31.78073350947368	0.0	0.0	2	1.05	-7.593786125357214	230.0	26	1.05	0.95				
	215	2	258.3203210898245	52.152998579649115	0.0	0.0	2	1.0456172392257777	0.8932550700592212	230.0	26	1.05	0.95				
	216	2	81.48906028070174	16.297812056140348	0.0	0.0	2	1.0491890627583134	0.6888025088885262	230.0	26	1.05	0.95				
	217	1	0.0	0.0	0.0	0.0	2	1.0490460861974134	3.567762115717044	230.0	27	1.05	0.95				
	218	2	271.3585707347368	55.41256099087719	0.0	0.0	2	1.049955115090831	3.8548159589770297	230.0	27	1.05	0.95				
	219	1	147.49519910807015	30.150952303859647	0.0	0.0	2	1.0433663365059995	0.6909127942534122	230.0	25	1.05	0.95				
	220	1	104.30599715929823	21.187155672982453	0.0	0.0	2	1.0457474565080433	2.2162864186450077	230.0	25	1.05	0.95				
	221	2	0.0	0.0	0.0	0.0	2	1.05	3.9751883956072325	230.0	27	1.05	0.95				
	222	2	0.0	0.0	0.0	0.0	2	1.05	10.327601470018367	230.0	27	1.05	0.95				
	223	2	0.0	0.0	0.0	0.0	2	1.05	3.6433902059663033	230.0	25	1.05	0.95				
	224	1	0.0	0.0	0.0	0.0	2	1.0231522180073898	-3.4628257733251617	230.0	26	1.05	0.95				
	301	2	76.89149003368422	15.663081303157897	0.0	0.0	3	0.9757656402743534	-2.0834998008089456	138.0	31	1.05	0.95				
	302	2	69.05994938210527	14.239164821052633	0.0	0.0	3	0.9778397486295783	-2.176588779433327	138.0	32	1.05	0.95				
	303	1	128.1524833894737	26.342454918947368	0.0	0.0	3	0.9940844337589961	2.502409606618577	138.0	31	1.05	0.95				
	304	1	52.684909837894736	10.679373615789475	0.0	0.0	3	0.97414752189354	0.5743844198842197	138.0	31	1.05	0.95				
	305	1	50.54903511473684	9.967415374736843	0.0	0.0	3	0.9855423910453738	0.3990128389586067	138.0	31	1.05	0.95				
	306	1	96.82632078315791	19.934830749473686	0.0	-100.0	3	0.9992998998598313	0.9680110154176492	138.0	32	1.05	0.95				
	307	2	88.99478013157895	17.79895602631579	0.0	0.0	3	0.9514648894644085	-4.063965275473739	138.0	32	1.05	0.95				
	308	1	121.74485922	24.918538436842105	0.0	0.0	3	0.9615112521105311	-0.5568144545354211	138.0	32	1.05	0.95				
	309	1	124.59269218421053	25.630496677894737	0.0	0.0	3	0.9991954947972035	5.887922438203747	138.0	33	1.05	0.95				
	310	1	138.83185700526317	28.478329642105265	0.0	0.0	3	1.0191108469506456	5.301834960454422	138.0	33	1.05	0.95				
	311	1	0.0	0.0	0.0	0.0	3	0.993154535135159	13.301214219246695	230.0	33	1.05	0.95				
	312	1	0.0	0.0	0.0	0.0	3	0.9983357835243755	14.829548682340674	230.0	33	1.05	0.95				
	313	2	188.66893387894737	38.44574501684211	0.0	0.0	3	1.0273953774864324	23.068993617849895	230.0	34	1.05	0.95				
	314	2	138.11989876421055	27.766371401052638	0.0	0.0	3	1.0010887560067327	12.115296382300198	230.0	36	1.05	0.95				
	315	2	225.6907624136842	45.56532742736842	0.0	0.0	3	1.032418441418131	7.652030857506928	230.0	36	1.05	0.95				
	316	2	71.19582410526316	14.239164821052633	0.0	0.0	3	1.0318191038664333	9.22960890502213	230.0	36	1.05	0.95				
	317	1	0.0	0.0	0.0	0.0	3	1.0374067034601853	8.335091756130206	230.0	37	1.05	0.95				
	318	2	237.08209427052634	48.413160391578955	0.0	0.0	3	1.0368353286459744	7.279672569041194	230.0	37	1.05	0.95				
	319	1	128.86444163052633	26.342454918947368	0.0	0.0	3	1.02839450624807	11.729947594747763	230.0	35	1.05	0.95				
	320	1	91.13065485473685	18.510914267368424	0.0	0.0	3	1.0294481113296823	13.798451951169133	230.0	35	1.05	0.95				
	321	2	0.0	0.0	0.0	0.0	3	1.0381643499746442	8.408482487605909	230.0	37	1.05	0.95				
	322	2	0.0	0.0	0.0	0.0	3	1.049999993626783	12.689593829722254	230.0	37	1.05	0.95				
	323	2	0.0	0.0	0.0	0.0	3	1.0304456048218318	14.604722841633953	230.0	35	1.05	0.95				
	324	1	0.0	0.0	0.0	0.0	3	1.0130470476151014	7.69660634004137	230.0	36	1.05	0.95				
	325	1	0.0	0.0	0.0	0.0	3	1.033290622214611	14.41324659993168	230.0	35	1.05	0.95				
];
