%% MATPOWER Case Format : Version 2
function mpc = RTS_GMLC
mpc.version = '2';

%%-----  Power Flow Data  -----%%
%% system MVA base
mpc.baseMVA = 100.0;
%% bus data
%    bus_i    type    Pd    Qd    Gs    Bs    area    Vm    Va    baseKV    zone    Vmax    Vmin
mpc.bus = [
	101	2	62.910935166315795	12.815190496842108	0.0	0.0	1	1.0363418265109463	-0.9680708131951798	138.0	11	1.05	0.95				
	102	2	56.50333991789475	11.650173178947371	0.0	0.0	1	1.0359768680272727	-1.1399042030461037	138.0	12	1.05	0.95				
	103	1	104.85155861052633	21.552820381052634	0.0	0.0	1	1.018697772298067	-1.3260045358931343	138.0	11	1.05	0.95				
	104	1	43.10564076210527	8.737629884210527	0.0	0.0	1	1.0192875164112525	-3.948163441934689	138.0	11	1.05	0.95				
	105	1	41.35811478526316	8.155121225263159	0.0	0.0	1	1.0354467675873735	-3.9148376324081124	138.0	11	1.05	0.95				
	106	1	79.22117761684213	16.310242450526317	0.0	-100.0	1	1.0419158842279073	-6.142303494210517	138.0	12	1.05	0.95				
	107	2	72.81358236842107	14.562716473684212	0.0	0.0	1	1.0196135706447715	-8.968514489823761	138.0	12	1.05	0.95				
	108	1	99.60898068	20.387803063157893	0.0	0.0	1	1.011439559035826	-8.901083148005988	138.0	12	1.05	0.95				
	109	1	101.93901531578948	20.970311722105265	0.0	0.0	1	1.0236967343580519	-3.894683739806935	138.0	13	1.05	0.95				
	110	1	113.58918849473685	23.300346357894743	0.0	0.0	1	1.05	-5.076901368488155	138.0	13	1.05	0.95				
	111	1	0.0	0.0	0.0	0.0	1	1.006500411340208	-1.1509261877268555	230.0	13	1.05	0.95				
	112	1	0.0	0.0	0.0	0.0	1	1.0114689814933755	-0.8118384446428446	230.0	13	1.05	0.95				
	113	3	154.36479462105262	31.455467583157898	0.0	0.0	1	1.0074721897625796	6.26981179410754e-31	230.0	14	1.05	0.95				
	114	2	113.0066798357895	22.71783769894737	0.0	0.0	1	1.0025912346472863	1.288497424361188	230.0	16	1.05	0.95				
	115	2	184.65524488631578	37.28055417263158	0.0	0.0	1	1.0255268645600126	9.029673615996936	230.0	16	1.05	0.95				
	116	2	58.25086589473685	11.650173178947371	0.0	0.0	1	1.0242950171121172	8.301250446328938	230.0	16	1.05	0.95				
	117	1	0.0	0.0	0.0	0.0	1	1.0287904595152515	11.422012488181863	230.0	17	1.05	0.95				
	118	2	193.9753834294737	39.61058880842106	0.0	0.0	1	1.03031005775911	11.574181075740313	230.0	17	1.05	0.95				
	119	1	105.43406726947369	21.552820381052634	0.0	0.0	1	1.0210883617030808	6.433703121502856	230.0	15	1.05	0.95				
	120	1	74.56110834526316	15.145225132631582	0.0	0.0	1	1.0235737165735588	5.951131351390939	230.0	15	1.05	0.95				
	121	2	0.0	0.0	0.0	0.0	1	1.0324743404147116	13.09005253804902	230.0	17	1.05	0.95				
	122	2	0.0	0.0	0.0	0.0	1	1.05	22.7824961046408	230.0	17	1.05	0.95				
	123	2	0.0	0.0	0.0	0.0	1	1.0261825160751243	6.131856121593825	230.0	15	1.05	0.95				
	124	1	0.0	0.0	0.0	0.0	1	1.010231008178839	5.1371719281680415	230.0	16	1.05	0.95				
	201	2	65.94238944	13.432708960000001	0.0	0.0	2	1.0292615067282809	-14.836732124800045	138.0	21	1.05	0.95				
	202	2	59.22603495999999	12.2115536	0.0	0.0	2	1.0297237062016287	-14.871505254645882	138.0	22	1.05	0.95				
	203	1	109.90398240000002	22.59137416	0.0	0.0	2	1.0191648090312666	-11.995892552722935	138.0	21	1.05	0.95				
	204	1	45.18274832	9.1586652	0.0	0.0	2	1.0160798344614057	-16.78587154163403	138.0	21	1.05	0.95				
	205	1	43.35101528	8.548087520000001	0.0	0.0	2	1.0317658258440585	-17.181077519804376	138.0	21	1.05	0.95				
	206	1	83.03856448	17.096175040000002	0.0	-100.0	2	1.039895986760757	-19.064140440423465	138.0	22	1.05	0.95				
	207	2	76.32221	15.264442	0.0	0.0	2	0.988481071644825	-28.147502517811343	138.0	22	1.05	0.95				
	208	1	104.40878328000001	21.3702188	0.0	0.0	2	0.9880967929573135	-25.201516376918175	138.0	22	1.05	0.95				
	209	1	106.85109399999999	21.980796480000002	0.0	0.0	2	1.0236217238646341	-15.862635474480191	138.0	23	1.05	0.95				
	210	1	119.0626476	24.4231072	0.0	0.0	2	1.05	-17.617439417925752	138.0	23	1.05	0.95				
	211	1	0.0	0.0	0.0	0.0	2	1.0165229292864155	-12.268352468278355	230.0	23	1.05	0.95				
	212	1	0.0	0.0	0.0	0.0	2	1.0163826981130775	-11.382959500871042	230.0	23	1.05	0.95				
	213	2	161.8030852	32.97119472	0.0	0.0	2	1.0210097023211788	-10.953874828757566	230.0	24	1.05	0.95				
	214	2	118.45206991999999	23.812529520000002	0.0	0.0	2	1.023817950990134	-8.965074348942139	230.0	26	1.05	0.95				
	215	2	193.55312456000001	39.07697152	0.0	0.0	2	1.0345868275487446	-0.2726362198786571	230.0	26	1.05	0.95				
	216	2	61.057768	12.2115536	0.0	0.0	2	1.037044640028317	-0.5489702884868353	230.0	26	1.05	0.95				
	217	1	0.0	0.0	0.0	0.0	2	1.038971701608757	2.7530622038285304	230.0	27	1.05	0.95				
	218	2	203.32236744000002	41.51928224	0.0	0.0	2	1.0404231497460348	3.0511939476830072	230.0	27	1.05	0.95				
	219	1	110.51456008	22.59137416	0.0	0.0	2	1.0386615437917635	-1.328554122414639	230.0	25	1.05	0.95				
	220	1	78.15394304	15.875019680000001	0.0	0.0	2	1.0450292802976955	-0.8481222855944148	230.0	25	1.05	0.95				
	221	2	0.0	0.0	0.0	0.0	2	1.040697387445736	2.7072142958333005	230.0	27	1.05	0.95				
	222	2	0.0	0.0	0.0	0.0	2	1.05	9.227980057213182	230.0	27	1.05	0.95				
	223	2	0.0	0.0	0.0	0.0	2	1.05	-0.1410091755394429	230.0	25	1.05	0.95				
	224	1	0.0	0.0	0.0	0.0	2	1.014232950610745	-4.644682760771313	230.0	26	1.05	0.95				
	301	2	54.1537488	11.031319199999999	0.0	0.0	3	1.0410393623377538	-0.024335177803242264	138.0	31	1.05	0.95				
	302	2	48.638089199999996	10.028471999999999	0.0	0.0	3	1.0362128919985785	-0.35686021549600405	138.0	32	1.05	0.95				
	303	1	90.256248	18.5526732	0.0	0.0	3	1.05	15.54853322592811	138.0	31	1.05	0.95				
	304	1	37.1053464	7.521354	0.0	0.0	3	1.015552857029624	1.0577134677039721	138.0	31	1.05	0.95				
	305	1	35.6010756	7.019930400000001	0.0	0.0	3	1.0372453101268624	-1.0447138578070758	138.0	31	1.05	0.95				
	306	1	68.1936096	14.039860800000001	0.0	-100.0	3	1.0414389778147448	-2.2101405327989223	138.0	32	1.05	0.95				
	307	2	62.677949999999996	12.53559	0.0	0.0	3	0.95	0.9828572086654512	138.0	32	1.05	0.95				
	308	1	85.7434356	17.549826	0.0	0.0	3	0.9705327084402638	-0.35701858763289507	138.0	32	1.05	0.95				
	309	1	87.74913	18.0512496	0.0	0.0	3	1.014829644717764	4.322329041702122	138.0	33	1.05	0.95				
	310	1	97.777602	20.056943999999998	0.0	0.0	3	1.0451931243556631	-0.49586605333343536	138.0	33	1.05	0.95				
	311	1	0.0	0.0	0.0	0.0	3	1.0021095828999798	3.128891893916643	230.0	33	1.05	0.95				
	312	1	0.0	0.0	0.0	0.0	3	1.0070656327650094	4.040009712071474	230.0	33	1.05	0.95				
	313	2	132.877254	27.0768744	0.0	0.0	3	1.0040124982271006	6.16094792817777	230.0	34	1.05	0.95				
	314	2	97.27617839999999	19.5555204	0.0	0.0	3	0.996110643948641	1.7932170849688875	230.0	36	1.05	0.95				
	315	2	158.95128119999998	32.0911104	0.0	0.0	3	1.0462769194891848	3.3107654244368963	230.0	36	1.05	0.95				
	316	2	50.14236	10.028471999999999	0.0	0.0	3	1.0305198864070746	2.9939774658109486	230.0	36	1.05	0.95				
	317	1	0.0	0.0	0.0	0.0	3	1.045174731257878	4.271518406913894	230.0	37	1.05	0.95				
	318	2	166.9740588	34.0968048	0.0	0.0	3	1.0479397898288023	3.197379172008412	230.0	37	1.05	0.95				
	319	1	90.7576716	18.5526732	0.0	0.0	3	1.0193942939073841	2.9778645936338584	230.0	35	1.05	0.95				
	320	1	64.1822208	13.0370136	0.0	0.0	3	1.01355003314052	3.9571009513107587	230.0	35	1.05	0.95				
	321	2	0.0	0.0	0.0	0.0	3	1.05	3.7812995026251297	230.0	37	1.05	0.95				
	322	2	0.0	0.0	0.0	0.0	3	1.05	8.315078846755318	230.0	37	1.05	0.95				
	323	2	0.0	0.0	0.0	0.0	3	1.0115831329070815	4.897312793275854	230.0	35	1.05	0.95				
	324	1	0.0	0.0	0.0	0.0	3	1.043748136339486	7.98863162952555	230.0	36	1.05	0.95				
	325	1	0.0	0.0	0.0	0.0	3	1.0119781843626379	5.601319245700101	230.0	35	1.05	0.95				
];

%% generator data
%    bus    Pg    Qg    Qmax    Qmin    Vg    mBase    status    Pmax    Pmin    Pc1    Pc2    Qc1min    Qc1max    Qc2min    Qc2max    ramp_agc    ramp_10    ramp_30    ramp_q    apf
