%% MATPOWER Case Format : Version 2
function mpc = RTS_GMLC
mpc.version = '2';

%%-----  Power Flow Data  -----%%
%% system MVA base
mpc.baseMVA = 100.0;
%% bus data
%    bus_i    type    Pd    Qd    Gs    Bs    area    Vm    Va    baseKV    zone    Vmax    Vmin
mpc.bus = [
	101	2	61.842157351578955	12.59747649754386	0.0	0.0	1	1.03203889626188	2.178649154748044	138.0	11	1.05	0.95				
	102	2	55.54341910280702	11.452251361403508	0.0	0.0	1	1.032097198313414	2.1341297885444384	138.0	12	1.05	0.95				
	103	1	103.07026225263158	21.186665018596493	0.0	0.0	1	1.0249546086404822	0.4704617973156924	138.0	11	1.05	0.95				
	104	1	42.373330037192986	8.589188521052632	0.0	0.0	1	1.0186411143606242	-1.325744211413031	138.0	11	1.05	0.95				
	105	1	40.655492332982455	8.016575952982457	0.0	0.0	1	1.0330588815262878	-1.2091843070469328	138.0	11	1.05	0.95				
	106	1	77.87530925754386	16.033151905964914	0.0	-100.0	1	1.0408799981741177	-3.632945461953836	138.0	12	1.05	0.95				
	107	2	71.57657100877192	14.315314201754386	0.0	0.0	1	1.040162031850561	-2.378077448953117	138.0	12	1.05	0.95				
	108	1	97.91674914000001	20.041439882456142	0.0	0.0	1	1.0250155093029132	-4.138832089129322	138.0	12	1.05	0.95				
	109	1	100.20719941228072	20.614052450526316	0.0	0.0	1	1.025931424945562	-1.8377464769620657	138.0	13	1.05	0.95				
	110	1	111.65945077368423	22.904502722807017	0.0	0.0	1	1.05	-2.8344519373223975	138.0	13	1.05	0.95				
	111	1	0.0	0.0	0.0	0.0	1	1.0071046474727805	-0.06426518285450938	230.0	13	1.05	0.95				
	112	1	0.0	0.0	0.0	0.0	1	1.0123855167788383	0.41491894281664593	230.0	13	1.05	0.95				
	113	3	151.7423305385965	30.921078675789477	0.0	0.0	1	1.0023548991191622	-2.834194608369741e-28	230.0	14	1.05	0.95				
	114	2	111.08683820561404	22.331890154736843	0.0	0.0	1	1.0046244632494346	2.258380798335191	230.0	16	1.05	0.95				
	115	2	181.51818407824564	36.64720435649123	0.0	0.0	1	1.0418076365073505	9.478136910923014	230.0	16	1.05	0.95				
	116	2	57.261256807017546	11.452251361403508	0.0	0.0	1	1.0385981360296983	8.897862096970014	230.0	16	1.05	0.95				
	117	1	0.0	0.0	0.0	0.0	1	1.0450121885461587	11.579926730294966	230.0	17	1.05	0.95				
	118	2	190.67998516736844	38.93765462877193	0.0	0.0	1	1.0478829939688632	12.062012717493458	230.0	17	1.05	0.95				
	119	1	103.64287482070176	21.186665018596493	0.0	0.0	1	1.0327284802776613	7.459649375961526	230.0	15	1.05	0.95				
	120	1	73.29440871298246	14.887926769824563	0.0	0.0	1	1.0324289809053888	7.3019747652778335	230.0	15	1.05	0.95				
	121	2	0.0	0.0	0.0	0.0	1	1.05	12.643803836557346	230.0	17	1.05	0.95				
	122	2	0.0	0.0	0.0	0.0	1	1.05	18.80920899425982	230.0	17	1.05	0.95				
	123	2	0.0	0.0	0.0	0.0	1	1.0334535620495657	7.647327287710479	230.0	15	1.05	0.95				
	124	1	0.0	0.0	0.0	0.0	1	1.0241493762752492	6.128771592734326	230.0	16	1.05	0.95				
	201	2	73.47331970526315	14.966787347368419	0.0	0.0	2	1.035194994220942	-12.556108944348157	138.0	21	1.05	0.95				
	202	2	65.98992603157893	13.606170315789473	0.0	0.0	2	1.0353569749429665	-12.67352864910486	138.0	22	1.05	0.95				
	203	1	122.45553284210524	25.171415084210523	0.0	0.0	2	1.0236407558532836	-8.72778716782701	138.0	21	1.05	0.95				
	204	1	50.342830168421045	10.204627736842104	0.0	0.0	2	1.0174438299911437	-14.589813419317464	138.0	21	1.05	0.95				
	205	1	48.30190462105262	9.52431922105263	0.0	0.0	2	1.033797593212491	-15.056195075788114	138.0	21	1.05	0.95				
	206	1	92.52195814736842	19.04863844210526	0.0	-100.0	2	1.039192420782125	-17.10415364274719	138.0	22	1.05	0.95				
	207	2	85.0385644736842	17.00771289473684	0.0	0.0	2	0.9744914644458583	-27.25676690747269	138.0	22	1.05	0.95				
	208	1	116.33275619999999	23.810798052631572	0.0	0.0	2	0.9764620524709515	-23.921412978551892	138.0	22	1.05	0.95				
	209	1	119.05399026315789	24.49110656842105	0.0	0.0	2	1.0239864232473013	-13.400739244952575	138.0	23	1.05	0.95				
	210	1	132.66016057894734	27.212340631578947	0.0	0.0	2	1.05	-15.450274119116179	138.0	23	1.05	0.95				
	211	1	0.0	0.0	0.0	0.0	2	1.022807795079473	-9.457642790007453	230.0	23	1.05	0.95				
	212	1	0.0	0.0	0.0	0.0	2	1.0183579663043496	-8.518434856380498	230.0	23	1.05	0.95				
	213	2	180.2817566842105	36.736659852631576	0.0	0.0	2	1.028259139329546	-7.435558713946144	230.0	24	1.05	0.95				
	214	2	131.97985206315786	26.532032115789473	0.0	0.0	2	1.037168867977766	-6.366640361610817	230.0	26	1.05	0.95				
	215	2	215.65779950526314	43.53974501052631	0.0	0.0	2	1.0424593940187004	2.4906669520346276	230.0	26	1.05	0.95				
	216	2	68.03085157894736	13.606170315789473	0.0	0.0	2	1.0456604749010527	2.1830506972426944	230.0	26	1.05	0.95				
	217	1	0.0	0.0	0.0	0.0	2	1.0468934415105715	5.760972034178279	230.0	27	1.05	0.95				
	218	2	226.54273575789472	46.26097907368421	0.0	0.0	2	1.0493809472274958	6.421613019780811	230.0	27	1.05	0.95				
	219	1	123.13584135789472	25.171415084210523	0.0	0.0	2	1.0429377699685793	1.3155310064065442	230.0	25	1.05	0.95				
	220	1	87.07949002105262	17.688021410526314	0.0	0.0	2	1.0463292513904916	1.8368906335401778	230.0	25	1.05	0.95				
	221	2	0.0	0.0	0.0	0.0	2	1.049999983631225	6.585982966251444	230.0	27	1.05	0.95				
	222	2	0.0	0.0	0.0	0.0	2	1.05	12.773876208035698	230.0	27	1.05	0.95				
	223	2	0.0	0.0	0.0	0.0	2	1.05	2.6177299310052162	230.0	25	1.05	0.95				
	224	1	0.0	0.0	0.0	0.0	2	1.0213881456213851	-1.6790633213475	230.0	26	1.05	0.95				
	301	2	55.94748498947369	11.396709905263158	0.0	0.0	3	1.0142265602483702	-13.046429059863456	138.0	31	1.05	0.95				
	302	2	50.249130036842104	10.360645368421054	0.0	0.0	3	1.0126940098707837	-13.35311227623827	138.0	32	1.05	0.95				
	303	1	93.24580831578947	19.16719393157895	0.0	0.0	3	1.0487108026615801	-0.7501251058674654	138.0	31	1.05	0.95				
	304	1	38.3343878631579	7.770484026315789	0.0	0.0	3	1.0104880594658032	-12.089280395269428	138.0	31	1.05	0.95				
	305	1	36.780291057894736	7.252451757894737	0.0	0.0	3	1.0256115932548198	-13.508258672349177	138.0	31	1.05	0.95				
	306	1	70.45238850526316	14.504903515789474	0.0	-100.0	3	1.0389978831019682	-14.366911948366342	138.0	32	1.05	0.95				
	307	2	64.75403355263158	12.950806710526317	0.0	0.0	3	0.9900893787465078	-20.1056302507016	138.0	32	1.05	0.95				
	308	1	88.5835179	18.131129394736842	0.0	0.0	3	0.9936587244224582	-17.686816964994232	138.0	32	1.05	0.95				
	309	1	90.65564697368421	18.649161663157894	0.0	0.0	3	1.0254204882347293	-8.929981092919839	138.0	33	1.05	0.95				
	310	1	101.01629234210527	20.721290736842107	0.0	0.0	3	1.05	-12.30826575064119	138.0	33	1.05	0.95				
	311	1	0.0	0.0	0.0	0.0	3	1.0133173788892216	-6.465700807415805	230.0	33	1.05	0.95				
	312	1	0.0	0.0	0.0	0.0	3	1.014777828663242	-6.006293682765863	230.0	33	1.05	0.95				
	313	2	137.27855113157895	27.973742494736847	0.0	0.0	3	1.0144098518026015	-3.428240671074958	230.0	34	1.05	0.95				
	314	2	100.49826007368421	20.203258468421055	0.0	0.0	3	1.0187547647892152	-4.915245888532694	230.0	36	1.05	0.95				
	315	2	164.2162290894737	33.15406517894737	0.0	0.0	3	1.0469036055800198	0.3917240083943974	230.0	36	1.05	0.95				
	316	2	51.80322684210527	10.360645368421054	0.0	0.0	3	1.0434343395141645	0.3702284425304232	230.0	36	1.05	0.95				
	317	1	0.0	0.0	0.0	0.0	3	1.0472763722023655	1.757178214882581	230.0	37	1.05	0.95				
	318	2	172.50474538421054	35.22619425263158	0.0	0.0	3	1.0473935875128428	1.7396391638240294	230.0	37	1.05	0.95				
	319	1	93.76384058421053	19.16719393157895	0.0	0.0	3	1.0366440526643979	-0.8206221647129289	230.0	35	1.05	0.95				
	320	1	66.30813035789474	13.46883897894737	0.0	0.0	3	1.0347710087882418	-0.8742230335774547	230.0	35	1.05	0.95				
	321	2	0.0	0.0	0.0	0.0	3	1.049958489859077	2.7816650213613983	230.0	37	1.05	0.95				
	322	2	0.0	0.0	0.0	0.0	3	1.05	6.723693522930566	230.0	37	1.05	0.95				
	323	2	0.0	0.0	0.0	0.0	3	1.0346789368229539	-0.5125539884904847	230.0	35	1.05	0.95				
	324	1	0.0	0.0	0.0	0.0	3	1.0428880608767546	-0.03282734139386928	230.0	36	1.05	0.95				
	325	1	0.0	0.0	0.0	0.0	3	1.0324412479404033	0.5933384522816159	230.0	35	1.05	0.95				
];
