%% MATPOWER Case Format : Version 2
function mpc = RTS_GMLC
mpc.version = '2';

%%-----  Power Flow Data  -----%%
%% system MVA base
mpc.baseMVA = 100.0;
%% bus data
%    bus_i    type    Pd    Qd    Gs    Bs    area    Vm    Va    baseKV    zone    Vmax    Vmin
mpc.bus = [
	101	2	91.99505194105264	18.739732802807016	0.0	0.0	1	1.0435127006483207	-1.9839487904097135	138.0	11	1.05	0.95				
	102	2	82.62518553964911	17.03612072982456	0.0	0.0	1	1.0434903526442587	-2.0776795974966653	138.0	12	1.05	0.95				
	103	1	153.32508656842103	31.51682335017544	0.0	0.0	1	1.0182296349604518	-3.5671549576325443	138.0	11	1.05	0.95				
	104	1	63.03364670035088	12.77709054736842	0.0	0.0	1	1.0214478717854616	-5.393490320536052	138.0	11	1.05	0.95				
	105	1	60.47822859087718	11.925284510877193	0.0	0.0	1	1.034918007914533	-5.846680321629633	138.0	11	1.05	0.95				
	106	1	115.84562096280702	23.850569021754385	0.0	-100.0	1	1.0352149586916184	-8.782171596551944	138.0	12	1.05	0.95				
	107	2	106.4757545614035	21.2951509122807	0.0	0.0	1	1.05	-7.259793100258682	138.0	12	1.05	0.95				
	108	1	145.65883223999998	29.81321127719298	0.0	0.0	1	1.0225714209411505	-9.511801965027486	138.0	12	1.05	0.95				
	109	1	149.0660563859649	30.665017313684206	0.0	0.0	1	1.0269437414022122	-5.631363060626556	138.0	13	1.05	0.95				
	110	1	166.10217711578946	34.07224145964912	0.0	0.0	1	1.05	-7.127698839971154	138.0	13	1.05	0.95				
	111	1	0.0	0.0	0.0	0.0	1	1.0169989051860104	-2.302314832703582	230.0	13	1.05	0.95				
	112	1	0.0	0.0	0.0	0.0	1	1.0184155011262057	-1.4041733852071254	230.0	13	1.05	0.95				
	113	3	225.7285996701754	45.99752597052632	0.0	0.0	1	1.0212180653072425	2.4307394120520776e-29	230.0	14	1.05	0.95				
	114	2	165.25037107929822	33.22043542315789	0.0	0.0	1	1.0217117795299457	-0.235898456273124	230.0	16	1.05	0.95				
	115	2	270.0225135677193	54.51558633543859	0.0	0.0	1	1.043431122158873	8.302418892827559	230.0	16	1.05	0.95				
	116	2	85.1806036491228	17.03612072982456	0.0	0.0	1	1.0435755542597194	7.872572150278359	230.0	16	1.05	0.95				
	117	1	0.0	0.0	0.0	0.0	1	1.0469551241770494	11.484573594472609	230.0	17	1.05	0.95				
	118	2	283.65141015157894	57.92281048140351	0.0	0.0	1	1.05	12.169622409875918	230.0	17	1.05	0.95				
	119	1	154.17689260491227	31.51682335017544	0.0	0.0	1	1.0385488459401018	6.413588006228577	230.0	15	1.05	0.95				
	120	1	109.03117267087718	22.14695694877193	0.0	0.0	1	1.041445789645342	6.4409062260476	230.0	15	1.05	0.95				
	121	2	0.0	0.0	0.0	0.0	1	1.05	12.892163293526844	230.0	17	1.05	0.95				
	122	2	0.0	0.0	0.0	0.0	1	1.05	21.004860320736064	230.0	17	1.05	0.95				
	123	2	0.0	0.0	0.0	0.0	1	1.0455411814543671	7.07953631604397	230.0	15	1.05	0.95				
	124	1	0.0	0.0	0.0	0.0	1	1.0191142764931376	3.9160812480289136	230.0	16	1.05	0.95				
	201	2	96.33810797052632	19.624429401403507	0.0	0.0	2	1.05	-15.329059220537916	138.0	21	1.05	0.95				
	202	2	86.52589326982455	17.84039036491228	0.0	0.0	2	1.05	-15.478843605566778	138.0	22	1.05	0.95				
	203	1	160.56351328421053	33.00472217508772	0.0	0.0	2	1.0237695965637685	-11.29361035254895	138.0	21	1.05	0.95				
	204	1	66.00944435017544	13.38029277368421	0.0	0.0	2	1.019754024151666	-16.54547649206543	138.0	21	1.05	0.95				
	205	1	63.33338579543859	12.488273255438596	0.0	0.0	2	1.0376845063594742	-17.05666718923239	138.0	21	1.05	0.95				
	206	1	121.31465448140351	24.976546510877192	0.0	-100.0	2	1.0352159024466208	-18.879180814814383	138.0	22	1.05	0.95				
	207	2	111.50243978070176	22.30048795614035	0.0	0.0	2	0.95	-28.890725945580726	138.0	22	1.05	0.95				
	208	1	152.53533761999998	31.22068313859649	0.0	0.0	2	0.9535540670750798	-25.803343173717003	138.0	22	1.05	0.95				
	209	1	156.10341569298245	32.1127026568421	0.0	0.0	2	1.0241297449572584	-13.824348712560173	138.0	23	1.05	0.95				
	210	1	173.94380605789473	35.68078072982456	0.0	0.0	2	1.047992756630194	-16.032131235417467	138.0	23	1.05	0.95				
	211	1	0.0	0.0	0.0	0.0	2	1.0316023514664743	-8.722993875223757	230.0	23	1.05	0.95				
	212	1	0.0	0.0	0.0	0.0	2	1.0244559938108304	-5.0514483124626395	230.0	23	1.05	0.95				
	213	2	236.3851723350877	48.16905398526316	0.0	0.0	2	1.05	-4.494485938881362	230.0	24	1.05	0.95				
	214	2	173.0517865396491	34.788761211578944	0.0	0.0	2	1.05	-6.5110489077267095	230.0	26	1.05	0.95				
	215	2	282.7701872838596	57.08924916771929	0.0	0.0	2	1.0438260352685103	2.1940168665682243	230.0	26	1.05	0.95				
	216	2	89.2019518245614	17.84039036491228	0.0	0.0	2	1.0480834041098275	2.150677804113586	230.0	26	1.05	0.95				
	217	1	0.0	0.0	0.0	0.0	2	1.0493194051577472	5.394982379889421	230.0	27	1.05	0.95				
	218	2	297.04249957578946	60.657327240701754	0.0	0.0	2	1.05	5.900639479181698	230.0	27	1.05	0.95				
	219	1	161.45553280245613	33.00472217508772	0.0	0.0	2	1.041995585562944	1.9099020353196055	230.0	25	1.05	0.95				
	220	1	114.17849833543858	23.192507474385966	0.0	0.0	2	1.0450415106112052	3.3696669703112057	230.0	25	1.05	0.95				
	221	2	0.0	0.0	0.0	0.0	2	1.05	6.397438802026513	230.0	27	1.05	0.95				
	222	2	0.0	0.0	0.0	0.0	2	1.05	12.51613546571432	230.0	27	1.05	0.95				
	223	2	0.0	0.0	0.0	0.0	2	1.05	4.815139535195169	230.0	25	1.05	0.95				
	224	1	0.0	0.0	0.0	0.0	2	1.0191627425195893	-2.8176567742645626	230.0	26	1.05	0.95				
	301	2	85.09142675368422	17.333438783157895	0.0	0.0	3	1.0041457071353437	-14.938527759752494	138.0	31	1.05	0.95				
	302	2	76.42470736210527	15.757671621052632	0.0	0.0	3	1.0047188520464392	-15.186224522567882	138.0	32	1.05	0.95				
	303	1	141.81904458947366	29.15169249894737	0.0	0.0	3	1.0186247745367891	-6.217565738270222	138.0	31	1.05	0.95				
	304	1	58.30338499789474	11.818253715789472	0.0	0.0	3	0.9954847057035335	-12.416488215598779	138.0	31	1.05	0.95				
	305	1	55.93973425473684	11.030370134736843	0.0	0.0	3	1.0086373531598996	-13.645755928386967	138.0	31	1.05	0.95				
	306	1	107.1521670231579	22.060740269473687	0.0	-100.0	3	1.0176784130729768	-13.780621056521891	138.0	32	1.05	0.95				
	307	2	98.48544763157895	19.69708952631579	0.0	0.0	3	0.9856632539043195	-16.35972329266123	138.0	32	1.05	0.95				
	308	1	134.72809235999998	27.575925336842104	0.0	0.0	3	0.9860253491402854	-14.205510976737438	138.0	32	1.05	0.95				
	309	1	137.8796266842105	28.363808917894733	0.0	0.0	3	1.0185802215902984	-6.8788600641986575	138.0	33	1.05	0.95				
	310	1	153.63729830526316	31.515343242105263	0.0	0.0	3	1.036291447823533	-9.756355345844625	138.0	33	1.05	0.95				
	311	1	0.0	0.0	0.0	0.0	3	1.0103540446489736	-1.5105361271733178	230.0	33	1.05	0.95				
	312	1	0.0	0.0	0.0	0.0	3	1.012340486901048	0.15583732335549894	230.0	33	1.05	0.95				
	313	2	208.78914897894734	42.54571337684211	0.0	0.0	3	1.0351838084954716	6.321551997358491	230.0	34	1.05	0.95				
	314	2	152.84941472421053	30.72745966105263	0.0	0.0	3	1.0180880590888939	-1.7594224397291796	230.0	36	1.05	0.95				
	315	2	249.7590951936842	50.42454918736842	0.0	0.0	3	1.0444216822027645	1.736703325958234	230.0	36	1.05	0.95				
	316	2	78.78835810526316	15.757671621052632	0.0	0.0	3	1.041456011327943	2.077806793169639	230.0	36	1.05	0.95				
	317	1	0.0	0.0	0.0	0.0	3	1.0487108784336154	5.227562399089647	230.0	37	1.05	0.95				
	318	2	262.3652324905263	53.57608351157895	0.0	0.0	3	1.0477128244589036	4.290958585071223	230.0	37	1.05	0.95				
	319	1	142.60692817052632	29.15169249894737	0.0	0.0	3	1.0347369107801596	1.9163994954848909	230.0	35	1.05	0.95				
	320	1	100.84909837473684	20.484973107368422	0.0	0.0	3	1.0359988632663721	3.25112701238992	230.0	35	1.05	0.95				
	321	2	0.0	0.0	0.0	0.0	3	1.0499588921072702	5.141654150107383	230.0	37	1.05	0.95				
	322	2	0.0	0.0	0.0	0.0	3	1.05	10.951447274803682	230.0	37	1.05	0.95				
	323	2	0.0	0.0	0.0	0.0	3	1.0378749546100905	4.011268487687556	230.0	35	1.05	0.95				
	324	1	0.0	0.0	0.0	0.0	3	1.026825958465261	0.4708657561973532	230.0	36	1.05	0.95				
	325	1	0.0	0.0	0.0	0.0	3	1.0372548948382831	4.761809264394	230.0	35	1.05	0.95				
];
