%% MATPOWER Case Format : Version 2
function mpc = RTS_GMLC
mpc.version = '2';

%%-----  Power Flow Data  -----%%
%% system MVA base
mpc.baseMVA = 100.0;
%% bus data
%    bus_i    type    Pd    Qd    Gs    Bs    area    Vm    Va    baseKV    zone    Vmax    Vmin
mpc.bus = [
	101	2	81.22711528421053	16.5462642245614	0.0	0.0	1	1.0328474916654409	-3.0605876163676182	138.0	11	1.05	0.95				
	102	2	72.95398317192982	15.042058385964912	0.0	0.0	1	1.0328494283967993	-3.11341874191481	138.0	12	1.05	0.95				
	103	1	135.37852547368422	27.82780801403509	0.0	0.0	1	1.0198217459170416	-3.578000539597716	138.0	11	1.05	0.95				
	104	1	55.65561602807018	11.281543789473684	0.0	0.0	1	1.0162670588031417	-5.823571027924938	138.0	11	1.05	0.95				
	105	1	53.399307270175434	10.52944087017544	0.0	0.0	1	1.0314730645733503	-5.866603353182313	138.0	11	1.05	0.95				
	106	1	102.2859970245614	21.05888174035088	0.0	-100.0	1	1.03627388679818	-8.12167466323483	138.0	12	1.05	0.95				
	107	2	94.01286491228069	18.80257298245614	0.0	0.0	1	1.0476441805269356	-3.6939154495712345	138.0	12	1.05	0.95				
	108	1	128.6095992	26.323602175438594	0.0	0.0	1	1.0240510825520188	-6.848390822257969	138.0	12	1.05	0.95				
	109	1	131.61801087719297	27.07570509473684	0.0	0.0	1	1.0268049556213685	-4.996809594107324	138.0	13	1.05	0.95				
	110	1	146.66006926315788	30.084116771929825	0.0	0.0	1	1.05	-6.336541541147633	138.0	13	1.05	0.95				
	111	1	0.0	0.0	0.0	0.0	1	1.0144965920527842	-1.9993023830380123	230.0	13	1.05	0.95				
	112	1	0.0	0.0	0.0	0.0	1	1.0164919411935704	-0.9642740850813288	230.0	13	1.05	0.95				
	113	3	199.30727361403507	40.61355764210526	0.0	0.0	1	1.0164450934232918	-1.360367177838351e-29	230.0	14	1.05	0.95				
	114	2	145.90796634385964	29.332013852631576	0.0	0.0	1	1.0172785940897826	-0.04440353497547486	230.0	16	1.05	0.95				
	115	2	238.41662541754386	48.13458683508772	0.0	0.0	1	1.0450618179257112	7.484625313431916	230.0	16	1.05	0.95				
	116	2	75.21029192982456	15.042058385964912	0.0	0.0	1	1.0434360506789515	7.254899728505292	230.0	16	1.05	0.95				
	117	1	0.0	0.0	0.0	0.0	1	1.047235932353367	10.056550981860976	230.0	17	1.05	0.95				
	118	2	250.45027212631575	51.1429985122807	0.0	0.0	1	1.049095773973536	10.609410899437856	230.0	17	1.05	0.95				
	119	1	136.13062839298243	27.82780801403509	0.0	0.0	1	1.0381100966097756	6.32747204065918	230.0	15	1.05	0.95				
	120	1	96.26917367017543	19.554675901754386	0.0	0.0	1	1.0401465640138334	6.940874614757815	230.0	15	1.05	0.95				
	121	2	0.0	0.0	0.0	0.0	1	1.05	11.255022753312547	230.0	17	1.05	0.95				
	122	2	0.0	0.0	0.0	0.0	1	1.05	17.296418477161794	230.0	17	1.05	0.95				
	123	2	0.0	0.0	0.0	0.0	1	1.043475561036921	7.830887001527753	230.0	15	1.05	0.95				
	124	1	0.0	0.0	0.0	0.0	1	1.0217597288851705	3.398700204110465	230.0	16	1.05	0.95				
	201	2	79.59326301473686	16.213442465964913	0.0	0.0	2	1.0404914338130515	-9.481823460690807	138.0	21	1.05	0.95				
	202	2	71.48654178175438	14.739493150877195	0.0	0.0	2	1.0404627843315224	-9.621390342190523	138.0	22	1.05	0.95				
	203	1	132.65543835789475	27.26806232912281	0.0	0.0	2	1.0278217411055472	-6.726213141630512	138.0	21	1.05	0.95				
	204	1	54.53612465824562	11.054619863157896	0.0	0.0	2	1.0196251402611252	-11.433685144809429	138.0	21	1.05	0.95				
	205	1	52.325200685614035	10.317645205614037	0.0	0.0	2	1.0358228213735616	-11.79008534361454	138.0	21	1.05	0.95				
	206	1	100.22855342596493	20.635290411228073	0.0	-100.0	2	1.0388866204452383	-13.789418596718605	138.0	22	1.05	0.95				
	207	2	92.12183219298247	18.424366438596493	0.0	0.0	2	0.9623081686376637	-24.89239273876268	138.0	22	1.05	0.95				
	208	1	126.02266644	25.794113014035087	0.0	0.0	2	0.9666933946232088	-21.2281443765456	138.0	22	1.05	0.95				
	209	1	128.97056507017547	26.531087671578952	0.0	0.0	2	1.0257687356413552	-9.94750005225869	138.0	23	1.05	0.95				
	210	1	143.71005822105266	29.47898630175439	0.0	0.0	2	1.05	-11.827217124889332	138.0	23	1.05	0.95				
	211	1	0.0	0.0	0.0	0.0	2	1.0264983584923115	-5.124895910847693	230.0	23	1.05	0.95				
	212	1	0.0	0.0	0.0	0.0	2	1.0205022423907957	-3.938950625067176	230.0	23	1.05	0.95				
	213	2	195.29828424912282	39.79663150736843	0.0	0.0	2	1.0377202863404225	-1.633427809486172	230.0	24	1.05	0.95				
	214	2	142.97308356350877	28.74201164421053	0.0	0.0	2	1.0420374664423218	-2.591533838182341	230.0	26	1.05	0.95				
	215	2	233.6209664414035	47.16637808280702	0.0	0.0	2	1.0451035585804833	5.566490661237779	230.0	26	1.05	0.95				
	216	2	73.69746575438597	14.739493150877195	0.0	0.0	2	1.0484906082504202	5.51873948924725	230.0	26	1.05	0.95				
	217	1	0.0	0.0	0.0	0.0	2	1.0492557302207557	8.56073274375972	230.0	27	1.05	0.95				
	218	2	245.41256096210532	50.114276712982466	0.0	0.0	2	1.05	9.391611366403216	230.0	27	1.05	0.95				
	219	1	133.3924130154386	27.26806232912281	0.0	0.0	2	1.0439555882500857	5.018452462039487	230.0	25	1.05	0.95				
	220	1	94.33275616561404	19.16134109614035	0.0	0.0	2	1.0464074753679018	5.960637726894276	230.0	25	1.05	0.95				
	221	2	0.0	0.0	0.0	0.0	2	1.05	9.835491891455048	230.0	27	1.05	0.95				
	222	2	0.0	0.0	0.0	0.0	2	1.05	15.847179376488418	230.0	27	1.05	0.95				
	223	2	0.0	0.0	0.0	0.0	2	1.05	7.012915560718762	230.0	25	1.05	0.95				
	224	1	0.0	0.0	0.0	0.0	2	1.0231392627822424	0.988546231192234	230.0	26	1.05	0.95				
	301	2	71.21986711578948	14.50775070877193	0.0	0.0	3	1.01475776230368	-17.553873867521546	138.0	31	1.05	0.95				
	302	2	63.96599176140351	13.188864280701756	0.0	0.0	3	1.013283576624489	-17.93619153535932	138.0	32	1.05	0.95				
	303	1	118.6997785263158	24.399398919298246	0.0	0.0	3	1.0243824352942	-11.239395090586378	138.0	31	1.05	0.95				
	304	1	48.79879783859649	9.891648210526316	0.0	0.0	3	1.0091467885276286	-16.733964478841447	138.0	31	1.05	0.95				
	305	1	46.82046819649123	9.232204996491228	0.0	0.0	3	1.0236817080272549	-17.52502462097229	138.0	31	1.05	0.95				
	306	1	89.68427710877195	18.464409992982457	0.0	-100.0	3	1.034921756053268	-18.250271377986223	138.0	32	1.05	0.95				
	307	2	82.43040175438597	16.486080350877195	0.0	0.0	3	1.0059316246952568	-20.196808561804346	138.0	32	1.05	0.95				
	308	1	112.7647896	23.08051249122807	0.0	0.0	3	1.0013576164589562	-19.74599205232938	138.0	32	1.05	0.95				
	309	1	115.40256245614036	23.739955705263156	0.0	0.0	3	1.0280492900448224	-13.058840122777598	138.0	33	1.05	0.95				
	310	1	128.59142673684212	26.37772856140351	0.0	0.0	3	1.05	-15.383564225722155	138.0	33	1.05	0.95				
	311	1	0.0	0.0	0.0	0.0	3	1.0191875042962375	-8.454454285074728	230.0	33	1.05	0.95				
	312	1	0.0	0.0	0.0	0.0	3	1.0182884295691372	-7.427986729125033	230.0	33	1.05	0.95				
	313	2	174.75245171929825	35.60993355789474	0.0	0.0	3	1.0285680576348293	-4.171922677640291	230.0	34	1.05	0.95				
	314	2	127.93198352280702	25.718285347368425	0.0	0.0	3	1.0285220074061467	-6.49352092376735	230.0	36	1.05	0.95				
	315	2	209.0434988491228	42.20436569824562	0.0	0.0	3	1.047621757826276	0.3954655481841657	230.0	36	1.05	0.95				
	316	2	65.94432140350878	13.188864280701756	0.0	0.0	3	1.0463919011422849	0.2746446053298785	230.0	36	1.05	0.95				
	317	1	0.0	0.0	0.0	0.0	3	1.048770412072929	2.959429725628097	230.0	37	1.05	0.95				
	318	2	219.59459027368422	44.842138554385976	0.0	0.0	3	1.0483061634913486	3.0187721773756224	230.0	37	1.05	0.95				
	319	1	119.35922174035089	24.399398919298246	0.0	0.0	3	1.0426771760937952	-0.2706440923076755	230.0	35	1.05	0.95				
	320	1	84.40873139649123	17.14552356491228	0.0	0.0	3	1.044929633148885	0.4926116373606731	230.0	35	1.05	0.95				
	321	2	0.0	0.0	0.0	0.0	3	1.05	4.069355275634144	230.0	37	1.05	0.95				
	322	2	0.0	0.0	0.0	0.0	3	1.05	9.409495501593549	230.0	37	1.05	0.95				
	323	2	0.0	0.0	0.0	0.0	3	1.0479700369503515	1.3935105825656813	230.0	35	1.05	0.95				
	324	1	0.0	0.0	0.0	0.0	3	1.0242879862058172	-3.912050544705144	230.0	36	1.05	0.95				
	325	1	0.0	0.0	0.0	0.0	3	1.0461153843213715	2.2124005112860923	230.0	35	1.05	0.95				
];
