%% MATPOWER Case Format : Version 2
function mpc = RTS_GMLC
mpc.version = '2';

%%-----  Power Flow Data  -----%%
%% system MVA base
mpc.baseMVA = 100.0;
%% bus data
%    bus_i    type    Pd    Qd    Gs    Bs    area    Vm    Va    baseKV    zone    Vmax    Vmin
mpc.bus = [
	101	2	99.32953983157896	20.233795150877192	0.0	0.0	1	1.0427554604020652	-2.9946958976509053	138.0	11	1.05	0.95				
	102	2	89.21264225614036	18.39435922807018	0.0	0.0	1	1.0425745846492287	-3.167354601887628	138.0	12	1.05	0.95				
	103	1	165.5492330526316	34.029564571929825	0.0	0.0	1	1.0101988912200557	-2.1066497523114203	138.0	11	1.05	0.95				
	104	1	68.05912914385965	13.795769421052631	0.0	0.0	1	1.0181413107265187	-6.22864029215381	138.0	11	1.05	0.95				
	105	1	65.29997525964913	12.876051459649124	0.0	0.0	1	1.033714861379552	-6.751159602390815	138.0	11	1.05	0.95				
	106	1	125.08164275087721	25.75210291929825	0.0	-100.0	1	1.033073538294812	-9.703177933454365	138.0	12	1.05	0.95				
	107	2	114.9647451754386	22.99294903508772	0.0	0.0	1	1.05	-8.873672875095325	138.0	12	1.05	0.95				
	108	1	157.2717714	32.190128649122805	0.0	0.0	1	1.0199026167685026	-10.802528649665167	138.0	12	1.05	0.95				
	109	1	160.95064324561403	33.10984661052632	0.0	0.0	1	1.025130886846572	-5.721991022088355	138.0	13	1.05	0.95				
	110	1	179.34500247368422	36.78871845614036	0.0	0.0	1	1.05	-7.70456495213211	138.0	13	1.05	0.95				
	111	1	0.0	0.0	0.0	0.0	1	1.0220710253842629	-1.719687303593371	230.0	13	1.05	0.95				
	112	1	0.0	0.0	0.0	0.0	1	1.0201976767446923	-1.3884646371853082	230.0	13	1.05	0.95				
	113	3	243.72525977192984	49.66476991578948	0.0	0.0	1	1.028221552039788	1.4821415433998944e-29	230.0	14	1.05	0.95				
	114	2	178.4252845122807	35.869000494736845	0.0	0.0	1	1.0347277511006137	1.6748695648609926	230.0	16	1.05	0.95				
	115	2	291.55059376491226	58.861949529824564	0.0	0.0	1	1.0354854666025615	13.662673509905774	230.0	16	1.05	0.95				
	116	2	91.97179614035088	18.39435922807018	0.0	0.0	1	1.0370046297329714	12.265993655083383	230.0	16	1.05	0.95				
	117	1	0.0	0.0	0.0	0.0	1	1.0416326939590224	18.06884148701226	230.0	17	1.05	0.95				
	118	2	306.2660811473684	62.540821375438604	0.0	0.0	1	1.05	19.147034559971285	230.0	17	1.05	0.95				
	119	1	166.4689510140351	34.029564571929825	0.0	0.0	1	1.033863435616197	9.024154719882855	230.0	15	1.05	0.95				
	120	1	117.72389905964913	23.91266699649123	0.0	0.0	1	1.041144323938929	7.821037486142229	230.0	15	1.05	0.95				
	121	2	0.0	0.0	0.0	0.0	1	1.05	20.548050777825924	230.0	17	1.05	0.95				
	122	2	0.0	0.0	0.0	0.0	1	1.05	33.37910926519373	230.0	17	1.05	0.95				
	123	2	0.0	0.0	0.0	0.0	1	1.0478915356095244	7.837036559594309	230.0	15	1.05	0.95				
	124	1	0.0	0.0	0.0	0.0	1	1.0055525409123593	7.829197532495928	230.0	16	1.05	0.95				
	201	2	93.2271367831579	18.99071304842105	0.0	0.0	2	1.05	-18.083173008012334	138.0	21	1.05	0.95				
	202	2	83.73178025894737	17.264284589473686	0.0	0.0	2	1.05	-18.20663670525622	138.0	22	1.05	0.95				
	203	1	155.37856130526316	31.938926490526313	0.0	0.0	2	1.022908600291182	-12.889450587893107	138.0	21	1.05	0.95				
	204	1	63.87785298105263	12.948213442105263	0.0	0.0	2	1.0191250255846753	-19.194859093613573	138.0	21	1.05	0.95				
	205	1	61.288210292631575	12.08499921263158	0.0	0.0	2	1.037577130499619	-19.833483024369322	138.0	21	1.05	0.95				
	206	1	117.39713520842105	24.16999842526316	0.0	-100.0	2	1.0352703317863274	-21.640040286947347	138.0	22	1.05	0.95				
	207	2	107.90177868421051	21.580355736842105	0.0	0.0	2	0.95	-31.75606365368693	138.0	22	1.05	0.95				
	208	1	147.60963324	30.212498031578942	0.0	0.0	2	0.9537261726902562	-28.542854756385015	138.0	22	1.05	0.95				
	209	1	151.06249015789476	31.07571226105263	0.0	0.0	2	1.0219424679229603	-16.51536471375454	138.0	23	1.05	0.95				
	210	1	168.3267747473684	34.52856917894737	0.0	0.0	2	1.0469587372113287	-18.92126243725459	138.0	23	1.05	0.95				
	211	1	0.0	0.0	0.0	0.0	2	1.0300888425390349	-10.860716147910146	230.0	23	1.05	0.95				
	212	1	0.0	0.0	0.0	0.0	2	1.0185459506568872	-9.274619620123152	230.0	23	1.05	0.95				
	213	2	228.75177081052632	46.61356839157895	0.0	0.0	2	1.05	-7.001422875384513	230.0	24	1.05	0.95				
	214	2	167.46356051789473	33.66535494947369	0.0	0.0	2	1.05	-7.714866149968923	230.0	26	1.05	0.95				
	215	2	273.63891074315785	55.24571068631579	0.0	0.0	2	1.0441745403707725	2.2125405232429247	230.0	26	1.05	0.95				
	216	2	86.32142294736842	17.264284589473686	0.0	0.0	2	1.0478000616351593	2.1041811128676677	230.0	26	1.05	0.95				
	217	1	0.0	0.0	0.0	0.0	2	1.0493499770103443	5.569912093177691	230.0	27	1.05	0.95				
	218	2	287.45033841473685	58.698567604210524	0.0	0.0	2	1.05	6.086774499983347	230.0	27	1.05	0.95				
	219	1	156.24177553473683	31.938926490526313	0.0	0.0	2	1.0420894102612857	1.9917686647557313	230.0	25	1.05	0.95				
	220	1	110.49142137263158	22.443569966315792	0.0	0.0	2	1.045142767766206	3.509786536150123	230.0	25	1.05	0.95				
	221	2	0.0	0.0	0.0	0.0	2	1.05	6.527985130192608	230.0	27	1.05	0.95				
	222	2	0.0	0.0	0.0	0.0	2	1.05	12.664127633526837	230.0	27	1.05	0.95				
	223	2	0.0	0.0	0.0	0.0	2	1.05	4.966504627993588	230.0	25	1.05	0.95				
	224	1	0.0	0.0	0.0	0.0	2	1.0166160836284288	-3.394522635804	230.0	26	1.05	0.95				
	301	2	79.06105663578948	16.105030055438597	0.0	0.0	3	1.0429642919013316	12.278004339127252	138.0	31	1.05	0.95				
	302	2	71.00854160807017	14.640936414035089	0.0	0.0	3	1.040825323137153	11.868401321546688	138.0	32	1.05	0.95				
	303	1	131.7684277263158	27.085732365964915	0.0	0.0	3	1.05	29.98471266959118	138.0	31	1.05	0.95				
	304	1	54.17146473192983	10.980702310526317	0.0	0.0	3	1.0116891565789448	13.965540998641906	138.0	31	1.05	0.95				
	305	1	51.97532426982456	10.248655489824563	0.0	0.0	3	1.0341350131195188	12.053290373135303	138.0	31	1.05	0.95				
	306	1	99.5583676154386	20.497310979649125	0.0	-100.0	3	1.0347131301184664	11.119963512079215	138.0	32	1.05	0.95				
	307	2	91.5058525877193	18.30117051754386	0.0	0.0	3	0.973880296557206	11.354544247860167	138.0	32	1.05	0.95				
	308	1	125.18000633999999	25.6216387245614	0.0	0.0	3	0.9791683594737491	11.697040437054877	138.0	32	1.05	0.95				
	309	1	128.10819362280702	26.353685545263154	0.0	0.0	3	1.014428240203782	18.759973736177617	138.0	33	1.05	0.95				
	310	1	142.7491300368421	29.281872828070178	0.0	0.0	3	1.043831575153225	14.155625689249547	138.0	33	1.05	0.95				
	311	1	0.0	0.0	0.0	0.0	3	1.0014742002211996	19.743103623988308	230.0	33	1.05	0.95				
	312	1	0.0	0.0	0.0	0.0	3	1.0070824199360382	20.610340108345103	230.0	33	1.05	0.95				
	313	2	193.99240748596492	39.53052831789474	0.0	0.0	3	1.0058162245735345	24.46327145487595	230.0	34	1.05	0.95				
	314	2	142.01708321614035	28.549826007368424	0.0	0.0	3	1.0001253785034374	18.99816524985393	230.0	36	1.05	0.95				
	315	2	232.05884216245613	46.85099652491228	0.0	0.0	3	1.0498351173674134	17.798380837533216	230.0	36	1.05	0.95				
	316	2	73.20468207017544	14.640936414035089	0.0	0.0	3	1.0410277402407664	18.209129655833078	230.0	36	1.05	0.95				
	317	1	0.0	0.0	0.0	0.0	3	1.05	18.525747005671718	230.0	37	1.05	0.95				
	318	2	243.77159129368425	49.7791838077193	0.0	0.0	3	1.0487868587122977	16.353085093133213	230.0	37	1.05	0.95				
	319	1	132.50047454701755	27.085732365964915	0.0	0.0	3	1.0293513640162684	18.836820538158506	230.0	35	1.05	0.95				
	320	1	93.70199304982457	19.033217338245613	0.0	0.0	3	1.0230094973567456	19.65806468998189	230.0	35	1.05	0.95				
	321	2	0.0	0.0	0.0	0.0	3	1.05	17.438510316311085	230.0	37	1.05	0.95				
	322	2	0.0	0.0	0.0	0.0	3	1.05	22.213236143744375	230.0	37	1.05	0.95				
	323	2	0.0	0.0	0.0	0.0	3	1.020679227550236	20.260919811480715	230.0	35	1.05	0.95				
	324	1	0.0	0.0	0.0	0.0	3	1.048125184033277	23.95123512726734	230.0	36	1.05	0.95				
	325	1	0.0	0.0	0.0	0.0	3	1.023943395194813	20.300702914207747	230.0	35	1.05	0.95				
];

%% generator data
%    bus    Pg    Qg    Qmax    Qmin    Vg    mBase    status    Pmax    Pmin    Pc1    Pc2    Qc1min    Qc1max    Qc2min    Qc2max    ramp_agc    ramp_10    ramp_30    ramp_q    apf
