%% MATPOWER Case Format : Version 2
function mpc = RTS_GMLC
mpc.version = '2';

%%-----  Power Flow Data  -----%%
%% system MVA base
mpc.baseMVA = 100.0;
%% bus data
%    bus_i    type    Pd    Qd    Gs    Bs    area    Vm    Va    baseKV    zone    Vmax    Vmin
mpc.bus = [
	101	2	83.63186541473686	17.03612073263158	0.0	0.0	1	1.0387129750368331	0.5607112446046476	138.0	11	1.05	0.95				
	102	2	75.11380504842106	15.48738248421053	0.0	0.0	1	1.0380224645444986	0.2766859931819527	138.0	12	1.05	0.95				
	103	1	139.38644235789474	28.651657595789477	0.0	0.0	1	1.0235587291328787	-0.08579717642921623	138.0	11	1.05	0.95				
	104	1	57.30331519157895	11.615536863157896	0.0	0.0	1	1.020311979862778	-3.2077420635364824	138.0	11	1.05	0.95				
	105	1	54.98020781894737	10.84116773894737	0.0	0.0	1	1.033140579442041	-3.663686643606286	138.0	11	1.05	0.95				
	106	1	105.31420089263159	21.68233547789474	0.0	-100.0	1	1.0359182455013265	-6.772195759414596	138.0	12	1.05	0.95				
	107	2	96.7961405263158	19.35922810526316	0.0	0.0	1	1.05	-7.181693334788555	138.0	12	1.05	0.95				
	108	1	132.41712024	27.10291934736842	0.0	0.0	1	1.024712709904066	-8.519689701881969	138.0	12	1.05	0.95				
	109	1	135.51459673684212	27.877288471578947	0.0	0.0	1	1.0268891262819035	-3.8765195213723977	138.0	13	1.05	0.95				
	110	1	151.00197922105266	30.97476496842106	0.0	0.0	1	1.05	-5.534677558637147	138.0	13	1.05	0.95				
	111	1	0.0	0.0	0.0	0.0	1	1.0150266528312164	-1.152533023361119	230.0	13	1.05	0.95				
	112	1	0.0	0.0	0.0	0.0	1	1.0182442797655544	-0.8626060825775362	230.0	13	1.05	0.95				
	113	3	205.2078179157895	41.81593270736843	0.0	0.0	1	1.0167413934464153	-1.0874489289656415e-31	230.0	14	1.05	0.95				
	114	2	150.2276100968421	30.200395844210533	0.0	0.0	1	1.0182265534054489	1.4262303398154512	230.0	16	1.05	0.95				
	115	2	245.47501237473685	49.55962394947369	0.0	0.0	1	1.042384333786188	10.903274292585147	230.0	16	1.05	0.95				
	116	2	77.43691242105264	15.48738248421053	0.0	0.0	1	1.041183884803453	9.769250480168274	230.0	16	1.05	0.95				
	117	1	0.0	0.0	0.0	0.0	1	1.0449450749764546	13.801283902856264	230.0	17	1.05	0.95				
	118	2	257.8649183621053	52.657100446315795	0.0	0.0	1	1.0492856631277006	14.404128859914318	230.0	17	1.05	0.95				
	119	1	140.1608114821053	28.651657595789477	0.0	0.0	1	1.035968259631086	7.341198047717515	230.0	15	1.05	0.95				
	120	1	99.11924789894738	20.133597229473686	0.0	0.0	1	1.0382846056180033	6.23187334421994	230.0	15	1.05	0.95				
	121	2	0.0	0.0	0.0	0.0	1	1.05	16.459726761990954	230.0	17	1.05	0.95				
	122	2	0.0	0.0	0.0	0.0	1	1.05	25.619945240822265	230.0	17	1.05	0.95				
	123	2	0.0	0.0	0.0	0.0	1	1.0416357714127196	6.196074015947365	230.0	15	1.05	0.95				
	124	1	0.0	0.0	0.0	0.0	1	1.021605018987792	6.819341921411939	230.0	16	1.05	0.95				
	201	2	101.23406264842107	20.62175350245614	0.0	0.0	2	1.05	-19.82318838314684	138.0	21	1.05	0.95				
	202	2	90.923185897193	18.747048638596496	0.0	0.0	2	1.05	-19.947083808679288	138.0	22	1.05	0.95				
	203	1	168.72343774736845	34.68203998140351	0.0	0.0	2	1.0191066340335468	-14.202185094547449	138.0	21	1.05	0.95				
	204	1	69.36407996280703	14.06028647894737	0.0	0.0	2	1.0168551349200416	-20.60254189270567	138.0	21	1.05	0.95				
	205	1	66.55202266701755	13.122934047017546	0.0	0.0	2	1.0356654763921755	-21.30059898380133	138.0	21	1.05	0.95				
	206	1	127.47993074245616	26.245868094035092	0.0	-100.0	2	1.0316824327138674	-23.023192662761797	138.0	22	1.05	0.95				
	207	2	117.16905399122808	23.433810798245617	0.0	0.0	2	0.95	-31.756385123732237	138.0	22	1.05	0.95				
	208	1	160.28726586000002	32.807335117543865	0.0	0.0	2	0.9515302388868252	-29.205049744846804	138.0	22	1.05	0.95				
	209	1	164.03667558771932	33.74468754947368	0.0	0.0	2	1.0209538723941485	-17.333519711820145	138.0	23	1.05	0.95				
	210	1	182.7837242263158	37.49409727719299	0.0	0.0	2	1.0452273427586765	-19.865124351191273	138.0	23	1.05	0.95				
	211	1	0.0	0.0	0.0	0.0	2	1.0314261594433887	-12.864973266171194	230.0	23	1.05	0.95				
	212	1	0.0	0.0	0.0	0.0	2	1.0230759217071044	-7.531875248089026	230.0	23	1.05	0.95				
	213	2	248.39839446140354	50.61703132421054	0.0	0.0	2	1.05	-9.45230198424401	230.0	24	1.05	0.95				
	214	2	181.846371794386	36.55674484526316	0.0	0.0	2	1.05	-10.417311567588696	230.0	26	1.05	0.95				
	215	2	297.1407209217544	59.99055564350878	0.0	0.0	2	1.0426944325426202	-0.8846922964364416	230.0	26	1.05	0.95				
	216	2	93.73524319298247	18.747048638596496	0.0	0.0	2	1.0463965819736043	-1.1186513024464717	230.0	26	1.05	0.95				
	217	1	0.0	0.0	0.0	0.0	2	1.0483640688056437	2.033503758596463	230.0	27	1.05	0.95				
	218	2	312.13835983263164	63.73996537122808	0.0	0.0	2	1.05	2.0838893193023944	230.0	27	1.05	0.95				
	219	1	169.66079017929826	34.68203998140351	0.0	0.0	2	1.0402543200875993	-0.8567714437787004	230.0	25	1.05	0.95				
	220	1	119.98111128701755	24.37116323017544	0.0	0.0	2	1.0440405670143955	1.1298392016933234	230.0	25	1.05	0.95				
	221	2	0.0	0.0	0.0	0.0	2	1.05	2.2708136022366725	230.0	27	1.05	0.95				
	222	2	0.0	0.0	0.0	0.0	2	1.05	8.689814879003169	230.0	27	1.05	0.95				
	223	2	0.0	0.0	0.0	0.0	2	1.05	2.894142413528593	230.0	25	1.05	0.95				
	224	1	0.0	0.0	0.0	0.0	2	1.0169847742219584	-5.816785367308291	230.0	26	1.05	0.95				
	301	2	84.2543499031579	17.162923128421053	0.0	0.0	3	0.9809102219986943	5.657831721983744	138.0	31	1.05	0.95				
	302	2	75.67288833894736	15.602657389473684	0.0	0.0	3	0.9826613048528307	5.454374280641032	138.0	32	1.05	0.95				
	303	1	140.42391650526315	28.864916170526318	0.0	0.0	3	1.0132874506030027	13.925225210000098	138.0	31	1.05	0.95				
	304	1	57.729832341052635	11.701993042105263	0.0	0.0	3	0.9757113708337144	8.383255178032108	138.0	31	1.05	0.95				
	305	1	55.38943373263157	10.921860172631579	0.0	0.0	3	0.9864322570731999	7.524243405227657	138.0	31	1.05	0.95				
	306	1	106.09807024842107	21.843720345263158	0.0	-100.0	3	0.9965927340411573	7.685197658973185	138.0	32	1.05	0.95				
	307	2	97.51660868421052	19.503321736842103	0.0	0.0	3	0.95	1.5667132353603672	138.0	32	1.05	0.95				
	308	1	133.40272068	27.30465043157895	0.0	0.0	3	0.9563249862781674	5.515694929615271	138.0	32	1.05	0.95				
	309	1	136.52325215789475	28.084783301052628	0.0	0.0	3	1.00139341005506	14.127408918209817	138.0	33	1.05	0.95				
	310	1	152.12590954736842	31.20531477894737	0.0	0.0	3	1.0165795539664646	12.064971469629837	138.0	33	1.05	0.95				
	311	1	0.0	0.0	0.0	0.0	3	0.9919268750908483	20.487225205027524	230.0	33	1.05	0.95				
	312	1	0.0	0.0	0.0	0.0	3	0.9972851214492582	21.71280095549115	230.0	33	1.05	0.95				
	313	2	206.73521041052632	42.12717495157895	0.0	0.0	3	1.0197148939901297	29.44371099243437	230.0	34	1.05	0.95				
	314	2	151.34577667789472	30.425181909473686	0.0	0.0	3	1.0010391683223643	19.788082961515006	230.0	36	1.05	0.95				
	315	2	247.30211962315786	49.92850364631579	0.0	0.0	3	1.0486013822800186	15.90747733144202	230.0	36	1.05	0.95				
	316	2	78.01328694736841	15.602657389473684	0.0	0.0	3	1.04317705934499	17.592136631799793	230.0	36	1.05	0.95				
	317	1	0.0	0.0	0.0	0.0	3	1.05	18.111037188246637	230.0	37	1.05	0.95				
	318	2	259.7842455347369	53.04903512421053	0.0	0.0	3	1.046167272265753	15.385774454750287	230.0	37	1.05	0.95				
	319	1	141.20404937473685	28.864916170526318	0.0	0.0	3	1.0358032932239065	19.32786543430501	230.0	35	1.05	0.95				
	320	1	99.85700729263158	20.28345460631579	0.0	0.0	3	1.0332422095749774	20.780668470029628	230.0	35	1.05	0.95				
	321	2	0.0	0.0	0.0	0.0	3	1.048939503264856	16.18717514423893	230.0	37	1.05	0.95				
	322	2	0.0	0.0	0.0	0.0	3	1.05	21.288904333758506	230.0	37	1.05	0.95				
	323	2	0.0	0.0	0.0	0.0	3	1.032220202972991	21.297500259024837	230.0	35	1.05	0.95				
	324	1	0.0	0.0	0.0	0.0	3	1.0327175157187272	17.237332850884027	230.0	36	1.05	0.95				
	325	1	0.0	0.0	0.0	0.0	3	1.0351295208678288	20.893142305175623	230.0	35	1.05	0.95				
];

%% generator data
%    bus    Pg    Qg    Qmax    Qmin    Vg    mBase    status    Pmax    Pmin    Pc1    Pc2    Qc1min    Qc1max    Qc2min    Qc2max    ramp_agc    ramp_10    ramp_30    ramp_q    apf
