%% MATPOWER Case Format : Version 2
function mpc = RTS_GMLC
mpc.version = '2';

%%-----  Power Flow Data  -----%%
%% system MVA base
mpc.baseMVA = 100.0;
%% bus data
%    bus_i    type    Pd    Qd    Gs    Bs    area    Vm    Va    baseKV    zone    Vmax    Vmin
mpc.bus = [
	101	2	80.10489857684212	16.31766452491228	0.0	0.0	1	1.0460979091658469	0.8824474967165656	138.0	11	1.05	0.95				
	102	2	71.94606631438597	14.834240477192983	0.0	0.0	1	1.0453799463175808	0.6202898596601066	138.0	12	1.05	0.95				
	103	1	133.50816429473687	27.44334488280702	0.0	0.0	1	1.0277328188201873	-0.9017560490966611	138.0	11	1.05	0.95				
	104	1	54.88668976561404	11.125680357894737	0.0	0.0	1	1.0246504483688854	-2.9209160040268767	138.0	11	1.05	0.95				
	105	1	52.66155369403509	10.38396833403509	0.0	0.0	1	1.0373317923866006	-3.345478438095492	138.0	11	1.05	0.95				
	106	1	100.87283524491231	20.76793666807018	0.0	-100.0	1	1.0386534608773659	-6.435827418808088	138.0	12	1.05	0.95				
	107	2	92.71400298245615	18.54280059649123	0.0	0.0	1	1.0370977441255969	-6.254970925561178	138.0	12	1.05	0.95				
	108	1	126.83275608	25.95992083508772	0.0	0.0	1	1.0182690267585708	-7.887782344762378	138.0	12	1.05	0.95				
	109	1	129.79960417543862	26.70163285894737	0.0	0.0	1	1.026983081044839	-3.9432038543118013	138.0	13	1.05	0.95				
	110	1	144.63384465263158	29.668480954385966	0.0	0.0	1	1.05	-5.36198013723931	138.0	13	1.05	0.95				
	111	1	0.0	0.0	0.0	0.0	1	1.0124526439476693	-1.6084451301396938	230.0	13	1.05	0.95				
	112	1	0.0	0.0	0.0	0.0	1	1.016254096106755	-0.9841218200106254	230.0	13	1.05	0.95				
	113	3	196.55368632280704	40.05244928842106	0.0	0.0	1	1.0127907939337049	-1.2284341433385122e-28	230.0	14	1.05	0.95				
	114	2	143.89213262877195	28.92676893052632	0.0	0.0	1	1.0124528386352287	0.09431505545850634	230.0	16	1.05	0.95				
	115	2	235.1227115635088	47.46956952701755	0.0	0.0	1	1.043429423226133	7.6834651731475265	230.0	16	1.05	0.95				
	116	2	74.17120238596492	14.834240477192983	0.0	0.0	1	1.0408680263664152	6.9765571729096685	230.0	16	1.05	0.95				
	117	1	0.0	0.0	0.0	0.0	1	1.045125925379995	9.888640072523653	230.0	17	1.05	0.95				
	118	2	246.9901039452632	50.436417622456155	0.0	0.0	1	1.0472659618426108	10.392863392368831	230.0	17	1.05	0.95				
	119	1	134.2498763185965	27.44334488280702	0.0	0.0	1	1.0344054448413778	5.499181937610631	230.0	15	1.05	0.95				
	120	1	94.9391390540351	19.28451262035088	0.0	0.0	1	1.034481424250114	5.14367380182754	230.0	15	1.05	0.95				
	121	2	0.0	0.0	0.0	0.0	1	1.05	12.0782129164621	230.0	17	1.05	0.95				
	122	2	0.0	0.0	0.0	0.0	1	1.05	17.91726132710884	230.0	17	1.05	0.95				
	123	2	0.0	0.0	0.0	0.0	1	1.036474278617731	5.501898552602247	230.0	15	1.05	0.95				
	124	1	0.0	0.0	0.0	0.0	1	1.0266576131956016	4.4884854952891615	230.0	16	1.05	0.95				
	201	2	83.14623011368421	16.937195023157894	0.0	0.0	2	1.0397837309397522	-14.266603535204155	138.0	21	1.05	0.95				
	202	2	74.67763260210526	15.397450021052633	0.0	0.0	2	1.0401285609107966	-14.353480616018519	138.0	22	1.05	0.95				
	203	1	138.57705018947368	28.48528253894737	0.0	0.0	2	1.0229057195238818	-11.018297083810815	138.0	21	1.05	0.95				
	204	1	56.97056507789474	11.548087515789474	0.0	0.0	2	1.0185753031104592	-15.746977821597463	138.0	21	1.05	0.95				
	205	1	54.66094757473684	10.778215014736842	0.0	0.0	2	1.0351144497795841	-16.188686345424866	138.0	21	1.05	0.95				
	206	1	104.7026601431579	21.556430029473685	0.0	-100.0	2	1.0379764820046085	-17.99075573011928	138.0	22	1.05	0.95				
	207	2	96.23406263157895	19.24681252631579	0.0	0.0	2	0.9540403603149095	-29.483639692137608	138.0	22	1.05	0.95				
	208	1	131.64819768	26.945537536842107	0.0	0.0	2	0.959884501352197	-25.61243538603663	138.0	22	1.05	0.95				
	209	1	134.72768768421054	27.71541003789474	0.0	0.0	2	1.025397171055871	-13.777268580100744	138.0	23	1.05	0.95				
	210	1	150.12513770526317	30.794900042105265	0.0	0.0	2	1.05	-15.723949293117018	138.0	23	1.05	0.95				
	211	1	0.0	0.0	0.0	0.0	2	1.0292818299614117	-10.158663953802876	230.0	23	1.05	0.95				
	212	1	0.0	0.0	0.0	0.0	2	1.0258720210849452	-5.301365230614726	230.0	23	1.05	0.95				
	213	2	204.01621277894736	41.573115056842106	0.0	0.0	2	1.039178966221849	-7.612258286948175	230.0	24	1.05	0.95				
	214	2	149.35526520421053	30.025027541052633	0.0	0.0	2	1.0439812056268503	-7.954733520936779	230.0	26	1.05	0.95				
	215	2	244.0495828336842	49.27184006736842	0.0	0.0	2	1.042551481221443	0.17055016959890776	230.0	26	1.05	0.95				
	216	2	76.98725010526316	15.397450021052633	0.0	0.0	2	1.0450473517011816	-0.059441983694993206	230.0	26	1.05	0.95				
	217	1	0.0	0.0	0.0	0.0	2	1.0458654482883487	2.7214937553580514	230.0	27	1.05	0.95				
	218	2	256.3675428505263	52.35133007157895	0.0	0.0	2	1.0464810025358104	2.8531813869292844	230.0	27	1.05	0.95				
	219	1	139.34692269052633	28.48528253894737	0.0	0.0	2	1.0415317746468813	-0.2540599305157106	230.0	25	1.05	0.95				
	220	1	98.54368013473685	20.01668502736842	0.0	0.0	2	1.0453326312812274	1.0205869287464735	230.0	25	1.05	0.95				
	221	2	0.0	0.0	0.0	0.0	2	1.0465465597953587	2.7238419387498745	230.0	27	1.05	0.95				
	222	2	0.0	0.0	0.0	0.0	2	1.05	9.232029791793792	230.0	27	1.05	0.95				
	223	2	0.0	0.0	0.0	0.0	2	1.05	2.2768543694707186	230.0	25	1.05	0.95				
	224	1	0.0	0.0	0.0	0.0	2	1.0212085354381437	-3.9847778062244137	230.0	26	1.05	0.95				
	301	2	73.44068331789474	14.960139194385963	0.0	0.0	3	0.9870894725702409	-1.7050679908018573	138.0	31	1.05	0.95				
	302	2	65.96061372070174	13.600126540350876	0.0	0.0	3	0.9891498815189071	-1.7746031518352476	138.0	32	1.05	0.95				
	303	1	122.40113886315788	25.16023409964912	0.0	0.0	3	1.003092116297181	1.9477440976710751	138.0	31	1.05	0.95				
	304	1	50.32046819929824	10.200094905263157	0.0	0.0	3	0.9871597432431137	0.7925508664788548	138.0	31	1.05	0.95				
	305	1	48.28044921824561	9.520088578245614	0.0	0.0	3	0.9988403340242074	0.7152885933836789	138.0	31	1.05	0.95				
	306	1	92.48086047438596	19.04017715649123	0.0	-100.0	3	1.014040930838653	1.2967761045042066	138.0	32	1.05	0.95				
	307	2	85.00079087719298	17.000158175438596	0.0	0.0	3	0.9653802062782196	-3.3996188865026387	138.0	32	1.05	0.95				
	308	1	116.28108191999999	23.80022144561403	0.0	0.0	3	0.9761744968799321	-0.1708899699763111	138.0	32	1.05	0.95				
	309	1	119.00110722807015	24.480227772631576	0.0	0.0	3	1.0114390949133762	5.745708009697076	138.0	33	1.05	0.95				
	310	1	132.60123376842103	27.200253080701753	0.0	0.0	3	1.0328918544226289	5.382024250586509	138.0	33	1.05	0.95				
	311	1	0.0	0.0	0.0	0.0	3	1.0037635443902255	12.811738219167342	230.0	33	1.05	0.95				
	312	1	0.0	0.0	0.0	0.0	3	1.0091130863685864	14.383071926124703	230.0	33	1.05	0.95				
	313	2	180.2016766596491	36.72034165894737	0.0	0.0	3	1.0361126192728167	22.44318415865445	230.0	34	1.05	0.95				
	314	2	131.9212274414035	26.520246753684212	0.0	0.0	3	1.0095052866776006	11.344390030193965	230.0	36	1.05	0.95				
	315	2	215.56200566456138	43.520404929122805	0.0	0.0	3	1.035356644214383	6.003064662259679	230.0	36	1.05	0.95				
	316	2	68.00063270175438	13.600126540350876	0.0	0.0	3	1.0361424155397554	7.79634499841729	230.0	36	1.05	0.95				
	317	1	0.0	0.0	0.0	0.0	3	1.0396472968324708	6.507508397314488	230.0	37	1.05	0.95				
	318	2	226.44210689684206	46.24043023719298	0.0	0.0	3	1.038230111775362	5.280033828916237	230.0	37	1.05	0.95				
	319	1	123.08114519017543	25.16023409964912	0.0	0.0	3	1.0335964613306539	10.646899705644751	230.0	35	1.05	0.95				
	320	1	87.04080985824561	17.68016450245614	0.0	0.0	3	1.035336825703589	12.933119956267825	230.0	35	1.05	0.95				
	321	2	0.0	0.0	0.0	0.0	3	1.038921317525986	6.089160655427274	230.0	37	1.05	0.95				
	322	2	0.0	0.0	0.0	0.0	3	1.05	10.567787373834234	230.0	37	1.05	0.95				
	323	2	0.0	0.0	0.0	0.0	3	1.036728695866619	13.853317728232538	230.0	35	1.05	0.95				
	324	1	0.0	0.0	0.0	0.0	3	1.0191750788485565	6.478465774636549	230.0	36	1.05	0.95				
	325	1	0.0	0.0	0.0	0.0	3	1.0389804948320784	13.709018451701619	230.0	35	1.05	0.95				
];
