%% MATPOWER Case Format : Version 2
function mpc = RTS_GMLC
mpc.version = '2';

%%-----  Power Flow Data  -----%%
%% system MVA base
mpc.baseMVA = 100.0;
%% bus data
%    bus_i    type    Pd    Qd    Gs    Bs    area    Vm    Va    baseKV    zone    Vmax    Vmin
mpc.bus = [
	101	2	60.158832252631576	12.254576940350876	0.0	0.0	1	1.0357397991809707	-1.4735064052707407	138.0	11	1.05	0.95				
	102	2	54.03154378245614	11.14052449122807	0.0	0.0	1	1.0352944844105336	-1.6369114603042656	138.0	12	1.05	0.95				
	103	1	100.26472042105263	20.60997030877193	0.0	0.0	1	1.0258326627188386	-2.2949188904333737	138.0	11	1.05	0.95				
	104	1	41.21994061754386	8.355393368421051	0.0	0.0	1	1.0202027667478286	-4.545678853260938	138.0	11	1.05	0.95				
	105	1	39.54886194385965	7.798367143859649	0.0	0.0	1	1.035439833288676	-4.469728804218177	138.0	11	1.05	0.95				
	106	1	75.75556654035088	15.596734287719299	0.0	-100.0	1	1.0424373244700882	-6.701469402601341	138.0	12	1.05	0.95				
	107	2	69.62827807017544	13.925655614035087	0.0	0.0	1	1.0011446868199108	-12.464398283580818	138.0	12	1.05	0.95				
	108	1	95.2514844	19.49591785964912	0.0	0.0	1	1.0004603107904417	-11.137084630282745	138.0	12	1.05	0.95				
	109	1	97.4795892982456	20.052944084210527	0.0	0.0	1	1.0250863801942594	-4.67757884834941	138.0	13	1.05	0.95				
	110	1	108.62011378947368	22.28104898245614	0.0	0.0	1	1.05	-5.7601968306149915	138.0	13	1.05	0.95				
	111	1	0.0	0.0	0.0	0.0	1	1.0090825531868104	-1.7476500229547618	230.0	13	1.05	0.95				
	112	1	0.0	0.0	0.0	0.0	1	1.0121232768211053	-1.308703887463816	230.0	13	1.05	0.95				
	113	3	147.61194950877191	30.079416126315788	0.0	0.0	1	1.0072627965264958	-5.356820606719658e-28	230.0	14	1.05	0.95				
	114	2	108.06308756491228	21.724022757894737	0.0	0.0	1	1.009892620351575	0.281742561934542	230.0	16	1.05	0.95				
	115	2	176.5773131859649	35.649678371929824	0.0	0.0	1	1.0406578772245723	7.140797396086298	230.0	16	1.05	0.95				
	116	2	55.70262245614035	11.14052449122807	0.0	0.0	1	1.0373832353806762	6.471930281710665	230.0	16	1.05	0.95				
	117	1	0.0	0.0	0.0	0.0	1	1.0421480320204903	9.263627954824859	230.0	17	1.05	0.95				
	118	2	185.48973277894737	37.87778327017544	0.0	0.0	1	1.0447657921981104	9.43251157141608	230.0	17	1.05	0.95				
	119	1	100.82174664561403	20.60997030877193	0.0	0.0	1	1.0304798152449866	5.030951157493955	230.0	15	1.05	0.95				
	120	1	71.29935674385965	14.482681838596493	0.0	0.0	1	1.0291233199134606	4.844193231513465	230.0	15	1.05	0.95				
	121	2	0.0	0.0	0.0	0.0	1	1.047739158673605	10.868728504867489	230.0	17	1.05	0.95				
	122	2	0.0	0.0	0.0	0.0	1	1.05	19.30173728213633	230.0	17	1.05	0.95				
	123	2	0.0	0.0	0.0	0.0	1	1.0295016142401883	5.165171392025926	230.0	15	1.05	0.95				
	124	1	0.0	0.0	0.0	0.0	1	1.0232825776540109	3.623668610555135	230.0	16	1.05	0.95				
	201	2	55.50448608000001	11.306469386666667	0.0	0.0	2	1.0276985084872259	-9.737611942935406	138.0	21	1.05	0.95				
	202	2	49.85125138666667	10.278608533333333	0.0	0.0	2	1.028324054836721	-9.627986803483843	138.0	22	1.05	0.95				
	203	1	92.5074768	19.01542578666667	0.0	0.0	2	1.018070303388458	-9.36172125335233	138.0	21	1.05	0.95				
	204	1	38.03085157333334	7.7089564	0.0	0.0	2	1.0175697974583078	-11.417962992005405	138.0	21	1.05	0.95				
	205	1	36.48906029333333	7.195025973333334	0.0	0.0	2	1.0324504791043265	-11.616510924598154	138.0	21	1.05	0.95				
	206	1	69.89453802666668	14.390051946666668	0.0	-100.0	2	1.0425258421363734	-13.136839117271759	138.0	22	1.05	0.95				
	207	2	64.24130333333333	12.848260666666667	0.0	0.0	2	0.9892908128690494	-20.724696947765434	138.0	22	1.05	0.95				
	208	1	87.88210296	17.98756493333333	0.0	0.0	2	0.9932280063624594	-18.328178851548916	138.0	22	1.05	0.95				
	209	1	89.93782466666667	18.50149536	0.0	0.0	2	1.023932547842258	-10.781636477915262	138.0	23	1.05	0.95				
	210	1	100.2164332	20.557217066666666	0.0	0.0	2	1.05	-11.88185895622711	138.0	23	1.05	0.95				
	211	1	0.0	0.0	0.0	0.0	2	1.0101447066204066	-7.403464445221953	230.0	23	1.05	0.95				
	212	1	0.0	0.0	0.0	0.0	2	1.0112215582247455	-6.301925381209575	230.0	23	1.05	0.95				
	213	2	136.19156306666667	27.752243040000003	0.0	0.0	2	1.0085338070511565	-5.820997021860727	230.0	24	1.05	0.95				
	214	2	99.70250277333334	20.043286639999998	0.0	0.0	2	1.014014077030389	-4.7959986322468025	230.0	26	1.05	0.95				
	215	2	162.91594525333332	32.891547306666666	0.0	0.0	2	1.0329686859400231	1.8826316416571878	230.0	26	1.05	0.95				
	216	2	51.393042666666666	10.278608533333333	0.0	0.0	2	1.0341248246718577	1.9939997637052451	230.0	26	1.05	0.95				
	217	1	0.0	0.0	0.0	0.0	2	1.038328873927931	4.386594303459629	230.0	27	1.05	0.95				
	218	2	171.13883208000001	34.94726901333334	0.0	0.0	2	1.0392609237145922	4.66361899803497	230.0	27	1.05	0.95				
	219	1	93.02140722666667	19.01542578666667	0.0	0.0	2	1.0344222124306937	2.1456232994844804	230.0	25	1.05	0.95				
	220	1	65.78309461333333	13.362191093333333	0.0	0.0	2	1.0385678645528729	3.25915300579597	230.0	25	1.05	0.95				
	221	2	0.0	0.0	0.0	0.0	2	1.0394872945792275	4.50134030824951	230.0	27	1.05	0.95				
	222	2	0.0	0.0	0.0	0.0	2	1.05	10.958037841700964	230.0	27	1.05	0.95				
	223	2	0.0	0.0	0.0	0.0	2	1.042129912010823	4.249960955216384	230.0	25	1.05	0.95				
	224	1	0.0	0.0	0.0	0.0	2	1.013454632677816	-2.3120838594009796	230.0	26	1.05	0.95				
	301	2	41.683011688421054	8.49098386245614	0.0	0.0	3	1.011038570706279	-8.291137842528334	138.0	31	1.05	0.95				
	302	2	37.43751975719298	7.719076238596492	0.0	0.0	3	1.0109003463624322	-8.416666540835903	138.0	32	1.05	0.95				
	303	1	69.47168614736843	14.280291041403508	0.0	0.0	3	1.0283830479150036	-2.7303551779917243	138.0	31	1.05	0.95				
	304	1	28.560582082807016	5.789307178947369	0.0	0.0	3	1.0126712403224674	-7.20273327902822	138.0	31	1.05	0.95				
	305	1	27.402720647017542	5.403353367017544	0.0	0.0	3	1.025708830110005	-7.951331759476269	138.0	31	1.05	0.95				
	306	1	52.48971842245614	10.806706734035089	0.0	-100.0	3	1.0424064164495719	-8.2379145029994	138.0	32	1.05	0.95				
	307	2	48.24422649122807	9.648845298245615	0.0	0.0	3	0.9886918273122949	-12.274180507473622	138.0	32	1.05	0.95				
	308	1	65.99810184	13.50838341754386	0.0	0.0	3	0.9986606780954931	-10.59226264174234	138.0	32	1.05	0.95				
	309	1	67.5419170877193	13.894337229473685	0.0	0.0	3	1.0256387907735274	-4.622493777552314	138.0	33	1.05	0.95				
	310	1	75.2609933263158	15.438152477192984	0.0	0.0	3	1.05	-6.367137688064434	138.0	33	1.05	0.95				
	311	1	0.0	0.0	0.0	0.0	3	1.0044964354538157	-1.1799150786876926	230.0	33	1.05	0.95				
	312	1	0.0	0.0	0.0	0.0	3	1.0096480728310744	-1.0503052835742623	230.0	33	1.05	0.95				
	313	2	102.2777601614035	20.841505844210527	0.0	0.0	3	1.0075314814300371	1.846790617387918	230.0	34	1.05	0.95				
	314	2	74.87503951438596	15.052198665263159	0.0	0.0	3	0.9995439549384492	0.6264753137106399	230.0	36	1.05	0.95				
	315	2	122.34735838175439	24.701043963508774	0.0	0.0	3	1.0340313189245272	5.11006911464734	230.0	36	1.05	0.95				
	316	2	38.59538119298246	7.719076238596492	0.0	0.0	3	1.0324801362051106	5.374202219106816	230.0	36	1.05	0.95				
	317	1	0.0	0.0	0.0	0.0	3	1.0459676840069563	10.014894691356773	230.0	37	1.05	0.95				
	318	2	128.5226193726316	26.24485921122807	0.0	0.0	3	1.0438276475345958	8.109560686904965	230.0	37	1.05	0.95				
	319	1	69.85763995929825	14.280291041403508	0.0	0.0	3	1.0244165739396724	3.990240884733828	230.0	35	1.05	0.95				
	320	1	49.40208792701755	10.03479911017544	0.0	0.0	3	1.0201100431786498	3.5330539176156663	230.0	35	1.05	0.95				
	321	2	0.0	0.0	0.0	0.0	3	1.0421399235237103	7.722235246726598	230.0	37	1.05	0.95				
	322	2	0.0	0.0	0.0	0.0	3	1.05	12.952669618186086	230.0	37	1.05	0.95				
	323	2	0.0	0.0	0.0	0.0	3	1.0180671511747141	3.5837704372764487	230.0	35	1.05	0.95				
	324	1	0.0	0.0	0.0	0.0	3	1.021921308202395	2.1623870275369512	230.0	36	1.05	0.95				
	325	1	0.0	0.0	0.0	0.0	3	1.0195010705166312	4.221068098710228	230.0	35	1.05	0.95				
];
