%% MATPOWER Case Format : Version 2
function mpc = RTS_GMLC
mpc.version = '2';

%%-----  Power Flow Data  -----%%
%% system MVA base
mpc.baseMVA = 100.0;
%% bus data
%    bus_i    type    Pd    Qd    Gs    Bs    area    Vm    Va    baseKV    zone    Vmax    Vmin
mpc.bus = [
	101	2	71.91538840421053	14.649430971228073	0.0	0.0	1	1.0461464686591275	0.3978066186346246	138.0	11	1.05	0.95				
	102	2	64.5906729185965	13.317664519298248	0.0	0.0	1	1.0455429689597662	0.18652748095027372	138.0	12	1.05	0.95				
	103	1	119.85898067368423	24.637679360701757	0.0	0.0	1	1.0255937546393465	-2.2858696888596985	138.0	11	1.05	0.95				
	104	1	49.275358721403514	9.988248389473684	0.0	0.0	1	1.0250121953039424	-3.359297187733861	138.0	11	1.05	0.95				
	105	1	47.27770904350878	9.322365163508774	0.0	0.0	1	1.0385869508691428	-3.555445939139473	138.0	11	1.05	0.95				
	106	1	90.56011873122809	18.644730327017548	0.0	-100.0	1	1.0411006581168825	-6.42129933958345	138.0	12	1.05	0.95				
	107	2	83.23540324561405	16.64708064912281	0.0	0.0	1	1.0202884122681284	-8.607157231946362	138.0	12	1.05	0.95				
	108	1	113.86603164	23.30591290877193	0.0	0.0	1	1.0100872065102364	-9.171871780731909	138.0	12	1.05	0.95				
	109	1	116.52956454385965	23.971796134736845	0.0	0.0	1	1.026000451761326	-4.450763282222569	138.0	13	1.05	0.95				
	110	1	129.8472290631579	26.635329038596495	0.0	0.0	1	1.05	-5.5283135401745005	138.0	13	1.05	0.95				
	111	1	0.0	0.0	0.0	0.0	1	1.0098832915088396	-2.0306106881006447	230.0	13	1.05	0.95				
	112	1	0.0	0.0	0.0	0.0	1	1.0141772343659232	-1.2220206080812417	230.0	13	1.05	0.95				
	113	3	176.45905488070179	35.957694202105266	0.0	0.0	1	1.0099961002303992	1.5225811539190576e-25	230.0	14	1.05	0.95				
	114	2	129.181345837193	25.96944581263158	0.0	0.0	1	1.0077695156759872	-0.7641102375781829	230.0	16	1.05	0.95				
	115	2	211.0849826308772	42.61652646175439	0.0	0.0	1	1.0383766682453632	5.433033309009649	230.0	16	1.05	0.95				
	116	2	66.58832259649124	13.317664519298248	0.0	0.0	1	1.0355932758590507	5.060599636148146	230.0	16	1.05	0.95				
	117	1	0.0	0.0	0.0	0.0	1	1.0410799260598371	7.246025370807973	230.0	17	1.05	0.95				
	118	2	221.73911424631584	45.28005936561404	0.0	0.0	1	1.0426399890208393	7.42499205185871	230.0	17	1.05	0.95				
	119	1	120.52486389964913	24.637679360701757	0.0	0.0	1	1.0301233650568242	4.158919462780417	230.0	15	1.05	0.95				
	120	1	85.23305292350878	17.31296387508772	0.0	0.0	1	1.0305250172151996	4.414797071320515	230.0	15	1.05	0.95				
	121	2	0.0	0.0	0.0	0.0	1	1.0459013052639736	8.883011147847455	230.0	17	1.05	0.95				
	122	2	0.0	0.0	0.0	0.0	1	1.05	14.748107725311641	230.0	17	1.05	0.95				
	123	2	0.0	0.0	0.0	0.0	1	1.0324714319320052	5.057238063519495	230.0	15	1.05	0.95				
	124	1	0.0	0.0	0.0	0.0	1	1.0236718051845253	2.554162326072052	230.0	16	1.05	0.95				
	201	2	68.4923658063158	13.95214859017544	0.0	0.0	2	1.0324346551044343	-12.514893427546653	138.0	21	1.05	0.95				
	202	2	61.51629151122807	12.683771445614036	0.0	0.0	2	1.0327677619976245	-12.547446606934905	138.0	22	1.05	0.95				
	203	1	114.15394301052632	23.464977174385968	0.0	0.0	2	1.0211103688157317	-10.397608551168519	138.0	21	1.05	0.95				
	204	1	46.929954348771936	9.512828584210526	0.0	0.0	2	1.017472162381852	-14.372651498068253	138.0	21	1.05	0.95				
	205	1	45.027388631929824	8.878640011929827	0.0	0.0	2	1.0331361096213856	-14.699038016149542	138.0	21	1.05	0.95				
	206	1	86.24964583017545	17.757280023859654	0.0	-100.0	2	1.040039738012495	-16.516202333092476	138.0	22	1.05	0.95				
	207	2	79.27357153508773	15.854714307017545	0.0	0.0	2	0.9850694761451846	-25.973934027681995	138.0	22	1.05	0.95				
	208	1	108.44624586	22.196600029824562	0.0	0.0	2	0.9851384459453886	-22.90039938897861	138.0	22	1.05	0.95				
	209	1	110.98300014912282	22.830788602105265	0.0	0.0	2	1.0244616514060645	-13.289922024394873	138.0	23	1.05	0.95				
	210	1	123.66677159473684	25.367542891228073	0.0	0.0	2	1.05	-14.908019306300345	138.0	23	1.05	0.95				
	211	1	0.0	0.0	0.0	0.0	2	1.016756917387175	-9.903317541938945	230.0	23	1.05	0.95				
	212	1	0.0	0.0	0.0	0.0	2	1.0170298658179637	-7.4998062014028894	230.0	23	1.05	0.95				
	213	2	168.05997165438598	34.2461829031579	0.0	0.0	2	1.0175664887752327	-8.268669444626566	230.0	24	1.05	0.95				
	214	2	123.03258302245614	24.73335431894737	0.0	0.0	2	1.0258775655322057	-7.149674794240199	230.0	26	1.05	0.95				
	215	2	201.03777741298248	40.588068625964915	0.0	0.0	2	1.0380879983245082	1.0613936942932267	230.0	26	1.05	0.95				
	216	2	63.41885722807018	12.683771445614036	0.0	0.0	2	1.0396104654208411	0.6323757077773074	230.0	26	1.05	0.95				
	217	1	0.0	0.0	0.0	0.0	2	1.042359809418875	3.5160901412654786	230.0	27	1.05	0.95				
	218	2	211.18479456947372	43.12482291508773	0.0	0.0	2	1.0436501533904508	3.9123749100788916	230.0	27	1.05	0.95				
	219	1	114.78813158280703	23.464977174385968	0.0	0.0	2	1.0371499713740693	-0.18800194725855152	230.0	25	1.05	0.95				
	220	1	81.17613725192983	16.488902879298248	0.0	0.0	2	1.040273706035114	0.30236448365268515	230.0	25	1.05	0.95				
	221	2	0.0	0.0	0.0	0.0	2	1.0435746392006897	3.7181086372617607	230.0	27	1.05	0.95				
	222	2	0.0	0.0	0.0	0.0	2	1.05	10.144658478560784	230.0	27	1.05	0.95				
	223	2	0.0	0.0	0.0	0.0	2	1.0435938664006121	1.038986656148731	230.0	25	1.05	0.95				
	224	1	0.0	0.0	0.0	0.0	2	1.017451463174265	-3.2055093028875836	230.0	26	1.05	0.95				
	301	2	59.48370769263159	12.117051567017544	0.0	0.0	3	1.0022260735287205	-9.586278535409335	138.0	31	1.05	0.95				
	302	2	53.42518190912281	11.015501424561405	0.0	0.0	3	1.0019986757512267	-9.655846756386486	138.0	32	1.05	0.95				
	303	1	99.13951282105265	20.3786776354386	0.0	0.0	3	1.0166801991854721	-5.614558926734084	138.0	31	1.05	0.95				
	304	1	40.7573552708772	8.261626068421053	0.0	0.0	3	1.0046327572416958	-7.849063184758543	138.0	31	1.05	0.95				
	305	1	39.105030057192984	7.710850997192983	0.0	0.0	3	1.0180074598584932	-8.005705009099081	138.0	31	1.05	0.95				
	306	1	74.90540968701755	15.421701994385966	0.0	-100.0	3	1.035086579522245	-7.751937439666441	138.0	32	1.05	0.95				
	307	2	68.84688390350878	13.769376780701755	0.0	0.0	3	0.9940695104856303	-12.659371850108574	138.0	32	1.05	0.95				
	308	1	94.18253718	19.27712749298246	0.0	0.0	3	0.9997461493802126	-10.141613387484663	138.0	32	1.05	0.95				
	309	1	96.38563746491229	19.82790256421053	0.0	0.0	3	1.0256293871040314	-4.121279620378794	138.0	33	1.05	0.95				
	310	1	107.40113888947369	22.03100284912281	0.0	0.0	3	1.05	-4.663771817626505	138.0	33	1.05	0.95				
	311	1	0.0	0.0	0.0	0.0	3	1.012100275936963	1.3681864703825715	230.0	33	1.05	0.95				
	312	1	0.0	0.0	0.0	0.0	3	1.0161083352958433	2.364567602640114	230.0	33	1.05	0.95				
	313	2	145.9553938754386	29.741853846315795	0.0	0.0	3	1.0272273437495507	7.775596258933025	230.0	34	1.05	0.95				
	314	2	106.85036381824563	21.48022777789474	0.0	0.0	3	1.0129182204319778	1.4931058744071388	230.0	36	1.05	0.95				
	315	2	174.59569757929827	35.249604558596495	0.0	0.0	3	1.0284058122032653	-0.6067699697931432	230.0	36	1.05	0.95				
	316	2	55.07750712280702	11.015501424561405	0.0	0.0	3	1.028606752551214	0.5677184950015021	230.0	36	1.05	0.95				
	317	1	0.0	0.0	0.0	0.0	3	1.0331456646903259	0.3595745146137968	230.0	37	1.05	0.95				
	318	2	183.4080987189474	37.452704843508776	0.0	0.0	3	1.0318742114082389	-0.33550473120838253	230.0	37	1.05	0.95				
	319	1	99.69028789228072	20.3786776354386	0.0	0.0	3	1.027709359269676	2.3943098670088414	230.0	35	1.05	0.95				
	320	1	70.49920911719299	14.320151851929827	0.0	0.0	3	1.028795472169793	3.754087781764419	230.0	35	1.05	0.95				
	321	2	0.0	0.0	0.0	0.0	3	1.0327022377647355	0.12543698278914897	230.0	37	1.05	0.95				
	322	2	0.0	0.0	0.0	0.0	3	1.0461543787963965	4.556021365892271	230.0	37	1.05	0.95				
	323	2	0.0	0.0	0.0	0.0	3	1.0296218524776135	4.41070488444067	230.0	35	1.05	0.95				
	324	1	0.0	0.0	0.0	0.0	3	1.0190283786952805	-0.7646216128624892	230.0	36	1.05	0.95				
	325	1	0.0	0.0	0.0	0.0	3	1.0308318592995709	4.797456058494526	230.0	35	1.05	0.95				
];
