%% MATPOWER Case Format : Version 2
function mpc = RTS_GMLC
mpc.version = '2';

%%-----  Power Flow Data  -----%%
%% system MVA base
mpc.baseMVA = 100.0;
%% bus data
%    bus_i    type    Pd    Qd    Gs    Bs    area    Vm    Va    baseKV    zone    Vmax    Vmin
mpc.bus = [
	101	2	51.79564572631578	10.550964870175438	0.0	0.0	1	1.0302259789473982	-0.734148724075982	138.0	11	1.05	0.95				
	102	2	46.520163291228066	9.591786245614035	0.0	0.0	1	1.0293226916208988	-1.0075934537336158	138.0	12	1.05	0.95				
	103	1	86.32607621052631	17.744804554385965	0.0	0.0	1	1.0270018907912832	-1.4869419634652936	138.0	11	1.05	0.95				
	104	1	35.48960910877193	7.193839684210526	0.0	0.0	1	1.0190861044495165	-3.7027175224681668	138.0	11	1.05	0.95				
	105	1	34.05084117192982	6.714250371929825	0.0	0.0	1	1.0337280149736074	-3.582567470519917	138.0	11	1.05	0.95				
	106	1	65.22414647017544	13.42850074385965	0.0	-100.0	1	1.0433008435101387	-5.69451775597455	138.0	12	1.05	0.95				
	107	2	59.94866403508772	11.989732807017543	0.0	0.0	1	1.0009416720198967	-12.386522165634439	138.0	12	1.05	0.95				
	108	1	82.00977239999999	16.785625929824562	0.0	0.0	1	1.002280969941978	-10.508552466394839	138.0	12	1.05	0.95				
	109	1	83.92812964912281	17.26521524210526	0.0	0.0	1	1.0251130068709124	-3.952516338917094	138.0	13	1.05	0.95				
	110	1	93.51991589473684	19.18357249122807	0.0	0.0	1	1.05	-4.9466245609741115	138.0	13	1.05	0.95				
	111	1	0.0	0.0	0.0	0.0	1	1.006531268086949	-1.3263840713364572	230.0	13	1.05	0.95				
	112	1	0.0	0.0	0.0	0.0	1	1.0111991533442124	-1.0250552464679463	230.0	13	1.05	0.95				
	113	3	127.09116775438596	25.89782286315789	0.0	0.0	1	1.003544686360314	1.8556764597773075e-28	230.0	14	1.05	0.95				
	114	2	93.04032658245613	18.703983178947368	0.0	0.0	1	1.004663687867399	0.7505699915253417	230.0	16	1.05	0.95				
	115	2	152.02981199298245	30.693715985964907	0.0	0.0	1	1.0393055082195648	7.1183509144660455	230.0	16	1.05	0.95				
	116	2	47.95893122807017	9.591786245614035	0.0	0.0	1	1.0357315137563703	6.4872347669270525	230.0	16	1.05	0.95				
	117	1	0.0	0.0	0.0	0.0	1	1.0417320852066534	8.991705284678535	230.0	17	1.05	0.95				
	118	2	159.70324098947367	32.61207323508772	0.0	0.0	1	1.0444518544234018	9.106681513039401	230.0	17	1.05	0.95				
	119	1	86.80566552280702	17.744804554385965	0.0	0.0	1	1.0294502316914897	5.062124655963493	230.0	15	1.05	0.95				
	120	1	61.387431971929814	12.469322119298246	0.0	0.0	1	1.0277481230232517	4.744300502718875	230.0	15	1.05	0.95				
	121	2	0.0	0.0	0.0	0.0	1	1.0478126696579277	10.313460970262144	230.0	17	1.05	0.95				
	122	2	0.0	0.0	0.0	0.0	1	1.05	18.25343550615873	230.0	17	1.05	0.95				
	123	2	0.0	0.0	0.0	0.0	1	1.0275622048470354	4.936805338520404	230.0	15	1.05	0.95				
	124	1	0.0	0.0	0.0	0.0	1	1.0238269631383266	3.9044007989305594	230.0	16	1.05	0.95				
	201	2	57.66346606736843	11.746261606315791	0.0	0.0	2	1.023897019013359	-13.959677431634818	138.0	21	1.05	0.95				
	202	2	51.790335264210526	10.678419642105263	0.0	0.0	2	1.0248730163558573	-13.794285393475459	138.0	22	1.05	0.95				
	203	1	96.10577677894737	19.755076337894735	0.0	0.0	2	1.016646734721525	-11.72572786130761	138.0	21	1.05	0.95				
	204	1	39.51015267578947	8.008814731578948	0.0	0.0	2	1.0154684708076804	-15.165685529935345	138.0	21	1.05	0.95				
	205	1	37.90838972947368	7.474893749473685	0.0	0.0	2	1.030294143365608	-15.59932359917728	138.0	21	1.05	0.95				
	206	1	72.61325356631579	14.94978749894737	0.0	-100.0	2	1.0411977086470312	-16.990948857160625	138.0	22	1.05	0.95				
	207	2	66.7401227631579	13.34802455263158	0.0	0.0	2	0.9894955783611326	-24.636777843050215	138.0	22	1.05	0.95				
	208	1	91.30048794	18.687234373684213	0.0	0.0	2	0.9923515928345363	-22.125836494206215	138.0	22	1.05	0.95				
	209	1	93.43617186842106	19.221155355789474	0.0	0.0	2	1.0236240372773784	-14.096621613430456	138.0	23	1.05	0.95				
	210	1	104.11459151052631	21.356839284210526	0.0	0.0	2	1.05	-15.55020702100044	138.0	23	1.05	0.95				
	211	1	0.0	0.0	0.0	0.0	2	1.0126680140339333	-10.58342760482369	230.0	23	1.05	0.95				
	212	1	0.0	0.0	0.0	0.0	2	1.012743554662289	-9.637689960857788	230.0	23	1.05	0.95				
	213	2	141.48906025789475	28.831733033684216	0.0	0.0	2	1.0124616928435028	-9.109869258310509	230.0	24	1.05	0.95				
	214	2	103.58067052842105	20.822918302105265	0.0	0.0	2	1.0192165078126063	-7.603639048997467	230.0	26	1.05	0.95				
	215	2	169.2529513273684	34.17094285473684	0.0	0.0	2	1.0332024638802468	0.04928595604446493	230.0	26	1.05	0.95				
	216	2	53.39209821052632	10.678419642105263	0.0	0.0	2	1.0355502318353158	-0.14053635363765943	230.0	26	1.05	0.95				
	217	1	0.0	0.0	0.0	0.0	2	1.0384875177400466	2.648711981936	230.0	27	1.05	0.95				
	218	2	177.79568704105264	36.306626783157895	0.0	0.0	2	1.0395172442457872	2.864639813103721	230.0	27	1.05	0.95				
	219	1	96.63969776105263	19.755076337894735	0.0	0.0	2	1.0362688862925784	-0.4394926079927225	230.0	25	1.05	0.95				
	220	1	68.34188570947369	13.881945534736841	0.0	0.0	2	1.0409378830761866	0.31800109288012735	230.0	25	1.05	0.95				
	221	2	0.0	0.0	0.0	0.0	2	1.0397211790014116	2.6935769417238036	230.0	27	1.05	0.95				
	222	2	0.0	0.0	0.0	0.0	2	1.05	9.17792969514136	230.0	27	1.05	0.95				
	223	2	0.0	0.0	0.0	0.0	2	1.0447222715627316	1.1263879508021257	230.0	25	1.05	0.95				
	224	1	0.0	0.0	0.0	0.0	2	1.0123775151966639	-4.337288855960334	230.0	26	1.05	0.95				
	301	2	42.12717495157895	8.581461564210526	0.0	0.0	3	1.0099297202661135	-13.7322688641196	138.0	31	1.05	0.95				
	302	2	37.83644416947368	7.801328694736842	0.0	0.0	3	1.009828342343539	-13.832377977928875	138.0	32	1.05	0.95				
	303	1	70.21195825263158	14.432458085263159	0.0	0.0	3	1.0247556576563537	-8.948895755692671	138.0	31	1.05	0.95				
	304	1	28.864916170526318	5.850996521052632	0.0	0.0	3	1.0120424243676576	-12.536202583317525	138.0	31	1.05	0.95				
	305	1	27.694716866315787	5.4609300863157895	0.0	0.0	3	1.025014274414844	-13.205219634568579	138.0	31	1.05	0.95				
	306	1	53.04903512421053	10.921860172631579	0.0	-100.0	3	1.0420132973889265	-13.389729452934365	138.0	32	1.05	0.95				
	307	2	48.75830434210526	9.751660868421052	0.0	0.0	3	0.9893879929398688	-17.513172776250467	138.0	32	1.05	0.95				
	308	1	66.70136034	13.652325215789475	0.0	0.0	3	0.9989057514858508	-15.806530104075131	138.0	32	1.05	0.95				
	309	1	68.26162607894737	14.042391650526314	0.0	0.0	3	1.0256213096596951	-9.873088566085633	138.0	33	1.05	0.95				
	310	1	76.06295477368421	15.602657389473684	0.0	0.0	3	1.05	-11.42102819163414	138.0	33	1.05	0.95				
	311	1	0.0	0.0	0.0	0.0	3	1.0052000334326399	-6.095077529716797	230.0	33	1.05	0.95				
	312	1	0.0	0.0	0.0	0.0	3	1.0095856938236152	-5.794627942258264	230.0	33	1.05	0.95				
	313	2	103.36760520526316	21.063587475789475	0.0	0.0	3	1.0081046154045574	-2.8134814768337213	230.0	34	1.05	0.95				
	314	2	75.67288833894736	15.212590954736843	0.0	0.0	3	1.0020094582145074	-4.285735999368988	230.0	36	1.05	0.95				
	315	2	123.65105981157893	24.964251823157895	0.0	0.0	3	1.0366696317013677	0.2988244526041849	230.0	36	1.05	0.95				
	316	2	39.00664347368421	7.801328694736842	0.0	0.0	3	1.0350478698637113	0.4921590491970931	230.0	36	1.05	0.95				
	317	1	0.0	0.0	0.0	0.0	3	1.048699120313864	5.777205974127805	230.0	37	1.05	0.95				
	318	2	129.89212276736845	26.524517562105267	0.0	0.0	3	1.0466701253262993	3.8308524643094626	230.0	37	1.05	0.95				
	319	1	70.60202468736843	14.432458085263159	0.0	0.0	3	1.0271691253993671	-0.5224000699395257	230.0	35	1.05	0.95				
	320	1	49.92850364631579	10.141727303157895	0.0	0.0	3	1.0228716399467552	-0.650652033437834	230.0	35	1.05	0.95				
	321	2	0.0	0.0	0.0	0.0	3	1.0447123395166944	3.268399258198895	230.0	37	1.05	0.95				
	322	2	0.0	0.0	0.0	0.0	3	1.05	8.592080886003691	230.0	37	1.05	0.95				
	323	2	0.0	0.0	0.0	0.0	3	1.0208719089922869	-0.41612931089597677	230.0	35	1.05	0.95				
	324	1	0.0	0.0	0.0	0.0	3	1.020645701029663	-3.157989651519641	230.0	36	1.05	0.95				
	325	1	0.0	0.0	0.0	0.0	3	1.0207300432166968	0.5067325652773222	230.0	35	1.05	0.95				
];
