%% MATPOWER Case Format : Version 2
function mpc = RTS_GMLC
mpc.version = '2';

%%-----  Power Flow Data  -----%%
%% system MVA base
mpc.baseMVA = 100.0;
%% bus data
%    bus_i    type    Pd    Qd    Gs    Bs    area    Vm    Va    baseKV    zone    Vmax    Vmin
mpc.bus = [
	101	2	83.49826820210528	17.008906485614038	0.0	0.0	1	1.031013764336546	-4.416215341659449	138.0	11	1.05	0.95				
	102	2	74.99381495929825	15.462642259649126	0.0	0.0	1	1.0310399480963555	-4.476372103327862	138.0	12	1.05	0.95				
	103	1	139.1637803368421	28.60588818035088	0.0	0.0	1	1.018334210703356	-4.623005299914122	138.0	11	1.05	0.95				
	104	1	57.21177636070176	11.596981694736842	0.0	0.0	1	1.015086631406247	-7.137964864964785	138.0	11	1.05	0.95				
	105	1	54.892380021754384	10.823849581754388	0.0	0.0	1	1.0302501051900068	-7.212567295590467	138.0	11	1.05	0.95				
	106	1	105.14596736561406	21.647699163508776	0.0	-100.0	1	1.035212125863195	-9.479415990843862	138.0	12	1.05	0.95				
	107	2	96.64151412280702	19.328302824561405	0.0	0.0	1	1.05	-7.253057398165996	138.0	12	1.05	0.95				
	108	1	132.20559132	27.059623954385962	0.0	0.0	1	1.0249900987441507	-9.47793520743586	138.0	12	1.05	0.95				
	109	1	135.29811977192986	27.832756067368425	0.0	0.0	1	1.0269125060858295	-6.179760155903638	138.0	13	1.05	0.95				
	110	1	150.76076203157896	30.925284519298252	0.0	0.0	1	1.05	-7.598923573490717	138.0	13	1.05	0.95				
	111	1	0.0	0.0	0.0	0.0	1	1.014904555587134	-2.652961287261896	230.0	13	1.05	0.95				
	112	1	0.0	0.0	0.0	0.0	1	1.017358262294569	-1.7447640955400812	230.0	13	1.05	0.95				
	113	3	204.8800099403509	41.74913410105264	0.0	0.0	1	1.0197585140731917	-1.6610769959668496e-27	230.0	14	1.05	0.95				
	114	2	149.9876299185965	30.152152406315793	0.0	0.0	1	1.017633917672511	-0.7143977445407358	230.0	16	1.05	0.95				
	115	2	245.08287981543862	49.4804552308772	0.0	0.0	1	1.0446600761040394	7.073080717848256	230.0	16	1.05	0.95				
	116	2	77.31321129824562	15.462642259649126	0.0	0.0	1	1.043974305157851	6.689789825053115	230.0	16	1.05	0.95				
	117	1	0.0	0.0	0.0	0.0	1	1.047363231515119	9.764668526164765	230.0	17	1.05	0.95				
	118	2	257.45299362315797	52.57298368280703	0.0	0.0	1	1.0493041394874787	10.441691740872049	230.0	17	1.05	0.95				
	119	1	139.93691244982458	28.60588818035088	0.0	0.0	1	1.0383290198507378	5.392070517866389	230.0	15	1.05	0.95				
	120	1	98.9609104617544	20.101434937543864	0.0	0.0	1	1.0404300566032796	5.7210772411803905	230.0	15	1.05	0.95				
	121	2	0.0	0.0	0.0	0.0	1	1.05	11.251834701291756	230.0	17	1.05	0.95				
	122	2	0.0	0.0	0.0	0.0	1	1.05	17.179929446020388	230.0	17	1.05	0.95				
	123	2	0.0	0.0	0.0	0.0	1	1.0437981487021832	6.470096755737185	230.0	15	1.05	0.95				
	124	1	0.0	0.0	0.0	0.0	1	1.020136865910675	2.7558752053214604	230.0	16	1.05	0.95				
	201	2	99.16008184421054	20.19927593122807	0.0	0.0	2	1.05	-17.380418721463997	138.0	21	1.05	0.95				
	202	2	89.06044387859649	18.362978119298244	0.0	0.0	2	1.05	-17.445618159448575	138.0	22	1.05	0.95				
	203	1	165.26680307368423	33.97150952070175	0.0	0.0	2	1.0196011562523406	-12.832148234414126	138.0	21	1.05	0.95				
	204	1	67.9430190414035	13.772233589473684	0.0	0.0	2	1.0167154782114243	-19.051843938045494	138.0	21	1.05	0.95				
	205	1	65.18857232350877	12.854084683508773	0.0	0.0	2	1.0353002964489582	-19.638133194683817	138.0	21	1.05	0.95				
	206	1	124.86825121122808	25.708169367017547	0.0	-100.0	2	1.031165040566851	-21.762718746772165	138.0	22	1.05	0.95				
	207	2	114.76861324561402	22.953722649122806	0.0	0.0	2	0.95	-31.061241100813334	138.0	22	1.05	0.95				
	208	1	157.00346292	32.13521170877193	0.0	0.0	2	0.9516055672795297	-28.430761445174454	138.0	22	1.05	0.95				
	209	1	160.67605854385965	33.053360614736846	0.0	0.0	2	1.0195459067867743	-16.657890457852336	138.0	23	1.05	0.95				
	210	1	179.03903666315787	36.72595623859649	0.0	0.0	2	1.0441326389297374	-19.07304463554822	138.0	23	1.05	0.95				
	211	1	0.0	0.0	0.0	0.0	2	1.0289709869567811	-10.921695167697877	230.0	23	1.05	0.95				
	212	1	0.0	0.0	0.0	0.0	2	1.018947300971164	-9.50693447414746	230.0	23	1.05	0.95				
	213	2	243.30946008070177	49.58004092210527	0.0	0.0	2	1.05	-6.379144702877704	230.0	24	1.05	0.95				
	214	2	178.12088775719297	35.80780733263158	0.0	0.0	2	1.05	-8.315216181078458	230.0	26	1.05	0.95				
	215	2	291.0532031908772	58.76152998175439	0.0	0.0	2	1.0421726413346322	1.5146650129426418	230.0	26	1.05	0.95				
	216	2	91.81489059649122	18.362978119298244	0.0	0.0	2	1.0465625093550976	1.1020667203391499	230.0	26	1.05	0.95				
	217	1	0.0	0.0	0.0	0.0	2	1.0484812944195971	4.71321077231278	230.0	27	1.05	0.95				
	218	2	305.7435856863158	62.43412560561404	0.0	0.0	2	1.05	5.370745622369905	230.0	27	1.05	0.95				
	219	1	166.18495197964913	33.97150952070175	0.0	0.0	2	1.0409851276298605	0.35941242476683377	230.0	25	1.05	0.95				
	220	1	117.52305996350879	23.871871555087722	0.0	0.0	2	1.044741255671876	1.4332530016521556	230.0	25	1.05	0.95				
	221	2	0.0	0.0	0.0	0.0	2	1.05	6.07306514159068	230.0	27	1.05	0.95				
	222	2	0.0	0.0	0.0	0.0	2	1.05	12.051240231000358	230.0	27	1.05	0.95				
	223	2	0.0	0.0	0.0	0.0	2	1.05	2.6858971742397544	230.0	25	1.05	0.95				
	224	1	0.0	0.0	0.0	0.0	2	1.0153313660170693	-3.804982769838897	230.0	26	1.05	0.95				
	301	2	67.11989877473684	13.672571972631578	0.0	0.0	3	1.0131450089109375	-14.56804085567977	138.0	31	1.05	0.95				
	302	2	60.283612788421046	12.429610884210526	0.0	0.0	3	1.0117842835767463	-14.926513603170367	138.0	32	1.05	0.95				
	303	1	111.86649795789472	22.99478013578947	0.0	0.0	3	1.0240795652140438	-9.421321729336213	138.0	31	1.05	0.95				
	304	1	45.98956027157894	9.322208163157892	0.0	0.0	3	1.0092604188782535	-13.881422294448718	138.0	31	1.05	0.95				
	305	1	44.125118638947356	8.700727618947369	0.0	0.0	3	1.0233959152289605	-14.472808099129184	138.0	31	1.05	0.95				
	306	1	84.52135401263158	17.401455237894737	0.0	-100.0	3	1.035692065086895	-15.12699663765916	138.0	32	1.05	0.95				
	307	2	77.68506802631579	15.537013605263155	0.0	0.0	3	1.0045568625706764	-17.136640655379594	138.0	32	1.05	0.95				
	308	1	106.27317305999999	21.751819047368418	0.0	0.0	3	1.00180856245812	-16.681456855223715	138.0	32	1.05	0.95				
	309	1	108.75909523684209	22.37329959157894	0.0	0.0	3	1.0277868921819666	-10.487135924617531	138.0	33	1.05	0.95				
	310	1	121.18870612105262	24.85922176842105	0.0	0.0	3	1.05	-12.384632419199532	138.0	33	1.05	0.95				
	311	1	0.0	0.0	0.0	0.0	3	1.0169449772292964	-5.976530195485121	230.0	33	1.05	0.95				
	312	1	0.0	0.0	0.0	0.0	3	1.017642968827916	-4.488635582541286	230.0	33	1.05	0.95				
	313	2	164.69234421578943	33.55994938736842	0.0	0.0	3	1.027063633468393	-1.224444268070345	230.0	34	1.05	0.95				
	314	2	120.56722557684209	24.237741224210524	0.0	0.0	3	1.0226552217268599	-4.704324183624098	230.0	36	1.05	0.95				
	315	2	197.0093325147368	39.77475482947368	0.0	0.0	3	1.0454518383418552	0.8850606375433003	230.0	36	1.05	0.95				
	316	2	62.14805442105262	12.429610884210526	0.0	0.0	3	1.0437179731092827	0.8587113593525234	230.0	36	1.05	0.95				
	317	1	0.0	0.0	0.0	0.0	3	1.0468238891233737	2.4895348087761104	230.0	37	1.05	0.95				
	318	2	206.95302122210526	42.26067700631579	0.0	0.0	3	1.047262751438776	2.491501493952494	230.0	37	1.05	0.95				
	319	1	112.48797850210525	22.99478013578947	0.0	0.0	3	1.0419492877741265	1.5128764701762818	230.0	35	1.05	0.95				
	320	1	79.54950965894736	16.158494149473682	0.0	0.0	3	1.0457682641255335	3.248116754311636	230.0	35	1.05	0.95				
	321	2	0.0	0.0	0.0	0.0	3	1.05	3.8752096543805674	230.0	37	1.05	0.95				
	322	2	0.0	0.0	0.0	0.0	3	1.05	9.106295593184264	230.0	37	1.05	0.95				
	323	2	0.0	0.0	0.0	0.0	3	1.0499999840314946	4.650044707440073	230.0	35	1.05	0.95				
	324	1	0.0	0.0	0.0	0.0	3	1.0245337096836435	-2.9339970669353224	230.0	36	1.05	0.95				
	325	1	0.0	0.0	0.0	0.0	3	1.0491969858805725	5.199042955432408	230.0	35	1.05	0.95				
];
