%% MATPOWER Case Format : Version 2
function mpc = RTS_GMLC
mpc.version = '2';

%%-----  Power Flow Data  -----%%
%% system MVA base
mpc.baseMVA = 100.0;
%% bus data
%    bus_i    type    Pd    Qd    Gs    Bs    area    Vm    Va    baseKV    zone    Vmax    Vmin
mpc.bus = [
	101	2	90.55220187789475	18.445818901052633	0.0	0.0	1	1.044643091212531	-2.0277523884369004	138.0	11	1.05	0.95				
	102	2	81.32929242736842	16.76892627368421	0.0	0.0	1	1.0442922300133846	-2.1912239969185463	138.0	12	1.05	0.95				
	103	1	150.9203364631579	31.022513606315787	0.0	0.0	1	1.0230764719384329	-2.667977548394756	138.0	11	1.05	0.95				
	104	1	62.045027212631574	12.576694705263158	0.0	0.0	1	1.0220571412681034	-5.245990221969161	138.0	11	1.05	0.95				
	105	1	59.52968827157894	11.738248391578948	0.0	0.0	1	1.0358152399718707	-5.71201170719373	138.0	11	1.05	0.95				
	106	1	114.02869866105263	23.476496783157895	0.0	-100.0	1	1.0359775530832231	-8.557493932067294	138.0	12	1.05	0.95				
	107	2	104.80578921052633	20.961157842105262	0.0	0.0	1	1.0436403376900798	-5.05735956768568	138.0	12	1.05	0.95				
	108	1	143.37431964	29.345620978947366	0.0	0.0	1	1.0192408643975246	-8.074717538094244	138.0	12	1.05	0.95				
	109	1	146.72810489473684	30.18406729263158	0.0	0.0	1	1.0271636674910198	-5.221386788036683	138.0	13	1.05	0.95				
	110	1	163.49703116842105	33.53785254736842	0.0	0.0	1	1.05	-6.857687774812429	138.0	13	1.05	0.95				
	111	1	0.0	0.0	0.0	0.0	1	1.017073859961984	-2.2583825052346667	230.0	13	1.05	0.95				
	112	1	0.0	0.0	0.0	0.0	1	1.018127235850559	-1.4177586905048287	230.0	13	1.05	0.95				
	113	3	222.1882731263158	45.27610093894737	0.0	0.0	1	1.0198622544821443	-1.1276469615836328e-28	230.0	14	1.05	0.95				
	114	2	162.65858485473683	32.699406233684215	0.0	0.0	1	1.021983363762361	-0.4419576433362316	230.0	16	1.05	0.95				
	115	2	265.78748143789477	53.66056407578947	0.0	0.0	1	1.0438784142389728	8.000008092140927	230.0	16	1.05	0.95				
	116	2	83.84463136842105	16.76892627368421	0.0	0.0	1	1.0432513273510118	7.239411935002006	230.0	16	1.05	0.95				
	117	1	0.0	0.0	0.0	0.0	1	1.046725667680763	10.612616606361117	230.0	17	1.05	0.95				
	118	2	279.2026224568421	57.014349330526315	0.0	0.0	1	1.0490282451271338	11.390125292476595	230.0	17	1.05	0.95				
	119	1	151.7587827768421	31.022513606315787	0.0	0.0	1	1.036931605667122	5.7424191339177355	230.0	15	1.05	0.95				
	120	1	107.32112815157895	21.799604155789474	0.0	0.0	1	1.0385420219484844	5.693408043355428	230.0	15	1.05	0.95				
	121	2	0.0	0.0	0.0	0.0	1	1.05	12.819590007988031	230.0	17	1.05	0.95				
	122	2	0.0	0.0	0.0	0.0	1	1.05	18.467357035695816	230.0	17	1.05	0.95				
	123	2	0.0	0.0	0.0	0.0	1	1.0418645984565622	6.284866211401533	230.0	15	1.05	0.95				
	124	1	0.0	0.0	0.0	0.0	1	1.0227463224060644	4.043782865632499	230.0	16	1.05	0.95				
	201	2	79.01526838736842	16.095702819649123	0.0	0.0	2	1.0377780607277494	-9.577734710304165	138.0	21	1.05	0.95				
	202	2	70.96741697754385	14.632457108771929	0.0	0.0	2	1.0380180930397591	-9.633673886916478	138.0	22	1.05	0.95				
	203	1	131.69211397894736	27.070045651228064	0.0	0.0	2	1.0270974999725684	-7.57332160411931	138.0	21	1.05	0.95				
	204	1	54.14009130245613	10.974342831578946	0.0	0.0	2	1.0190806697277437	-11.13307424782793	138.0	21	1.05	0.95				
	205	1	51.94522273614034	10.24271997614035	0.0	0.0	2	1.0346251211778177	-11.461686695017814	138.0	21	1.05	0.95				
	206	1	99.50070833964911	20.4854399522807	0.0	-100.0	2	1.0386032788570443	-13.203448726515239	138.0	22	1.05	0.95				
	207	2	91.45285692982455	18.29057138596491	0.0	0.0	2	0.9640997676777511	-24.113364923472176	138.0	22	1.05	0.95				
	208	1	125.10750827999999	25.60679994035087	0.0	0.0	2	0.9682469931852573	-20.485563721284187	138.0	22	1.05	0.95				
	209	1	128.03399970175437	26.33842279578947	0.0	0.0	2	1.0265944426889901	-9.4053059514888	138.0	23	1.05	0.95				
	210	1	142.6664568105263	29.264914217543858	0.0	0.0	2	1.05	-11.072754270396015	138.0	23	1.05	0.95				
	211	1	0.0	0.0	0.0	0.0	2	1.024729139270611	-5.8933330162565944	230.0	23	1.05	0.95				
	212	1	0.0	0.0	0.0	0.0	2	1.023555503624283	-1.057297618324863	230.0	23	1.05	0.95				
	213	2	193.88005669122802	39.50763419368421	0.0	0.0	2	1.032068428320987	-3.2293071730108163	230.0	24	1.05	0.95				
	214	2	141.9348339550877	28.533291362105263	0.0	0.0	2	1.0356371629149521	-3.9708490303923756	230.0	26	1.05	0.95				
	215	2	231.92444517403504	46.82386274807017	0.0	0.0	2	1.0438106802656775	3.099924968489808	230.0	26	1.05	0.95				
	216	2	73.16228554385964	14.632457108771929	0.0	0.0	2	1.0448728463125803	3.243952429192218	230.0	26	1.05	0.95				
	217	1	0.0	0.0	0.0	0.0	2	1.0474038575053581	5.628422318268215	230.0	27	1.05	0.95				
	218	2	243.6304108610526	49.750354169824554	0.0	0.0	2	1.0480180422319996	5.9239432799631215	230.0	27	1.05	0.95				
	219	1	132.42373683438595	27.070045651228064	0.0	0.0	2	1.0416151538853096	3.5575521629906275	230.0	25	1.05	0.95				
	220	1	93.64772549614034	19.022194241403508	0.0	0.0	2	1.045338832569568	5.2027183276087055	230.0	25	1.05	0.95				
	221	2	0.0	0.0	0.0	0.0	2	1.0480817027592622	5.858867024935539	230.0	27	1.05	0.95				
	222	2	0.0	0.0	0.0	0.0	2	1.05	12.278982372006798	230.0	27	1.05	0.95				
	223	2	0.0	0.0	0.0	0.0	2	1.05	6.634095524093437	230.0	25	1.05	0.95				
	224	1	0.0	0.0	0.0	0.0	2	1.0241998685512033	-0.8742539574207533	230.0	26	1.05	0.95				
	301	2	71.1002847031579	14.483391328421053	0.0	0.0	3	1.0022927831311104	-0.2975769840419886	138.0	31	1.05	0.95				
	302	2	63.858589038947365	13.166719389473686	0.0	0.0	3	1.0031447110801777	-0.3791767241765328	138.0	32	1.05	0.95				
	303	1	118.50047450526316	24.358430870526316	0.0	0.0	3	1.0166263181228765	4.096200020667379	138.0	31	1.05	0.95				
	304	1	48.71686174105263	9.875039542105263	0.0	0.0	3	1.0030408850162535	1.9123395886675252	138.0	31	1.05	0.95				
	305	1	46.74185383263158	9.21670357263158	0.0	0.0	3	1.015923980648768	1.742008161457332	138.0	31	1.05	0.95				
	306	1	89.53369184842106	18.43340714526316	0.0	-100.0	3	1.0318550775708966	2.152486518385944	138.0	32	1.05	0.95				
	307	2	82.29199618421052	16.458399236842105	0.0	0.0	3	0.9908579216373711	-2.6614473335972626	138.0	32	1.05	0.95				
	308	1	112.57545078	23.041758931578947	0.0	0.0	3	0.9976475241020252	0.36838731220357257	138.0	32	1.05	0.95				
	309	1	115.20879465789473	23.700094901052633	0.0	0.0	3	1.0269665210979062	6.466200315051923	138.0	33	1.05	0.95				
	310	1	128.37551404736843	26.33343877894737	0.0	0.0	3	1.05	5.885579629826954	138.0	33	1.05	0.95				
	311	1	0.0	0.0	0.0	0.0	3	1.0178069033062755	12.961422872267143	230.0	33	1.05	0.95				
	312	1	0.0	0.0	0.0	0.0	3	1.0220082017677634	14.114741783678634	230.0	33	1.05	0.95				
	313	2	174.4590319105263	35.55014235157895	0.0	0.0	3	1.0442016070671658	21.052743970882652	230.0	34	1.05	0.95				
	314	2	127.71717807789473	25.67510280947369	0.0	0.0	3	1.0212196766771178	12.478748490376814	230.0	36	1.05	0.95				
	315	2	208.69250232315787	42.13350204631579	0.0	0.0	3	1.0368487242224222	9.144729965612662	230.0	36	1.05	0.95				
	316	2	65.83359694736842	13.166719389473686	0.0	0.0	3	1.0374431918324138	10.43694455969833	230.0	36	1.05	0.95				
	317	1	0.0	0.0	0.0	0.0	3	1.0410946934075374	9.906507036180045	230.0	37	1.05	0.95				
	318	2	219.22587783473685	44.76684592421053	0.0	0.0	3	1.039958900322902	9.039988723833781	230.0	37	1.05	0.95				
	319	1	119.15881047473684	24.358430870526316	0.0	0.0	3	1.0365545551538227	12.423312934931124	230.0	35	1.05	0.95				
	320	1	84.26700409263158	17.116735206315788	0.0	0.0	3	1.0385999922791476	13.954123168289284	230.0	35	1.05	0.95				
	321	2	0.0	0.0	0.0	0.0	3	1.041269127470314	10.04916921016868	230.0	37	1.05	0.95				
	322	2	0.0	0.0	0.0	0.0	3	1.05	14.313475581291664	230.0	37	1.05	0.95				
	323	2	0.0	0.0	0.0	0.0	3	1.0398586930616687	14.534730842612548	230.0	35	1.05	0.95				
	324	1	0.0	0.0	0.0	0.0	3	1.0243583748142535	9.152831717322675	230.0	36	1.05	0.95				
	325	1	0.0	0.0	0.0	0.0	3	1.041842713624444	14.39427726134038	230.0	35	1.05	0.95				
];
