%% MATPOWER Case Format : Version 2
function mpc = RTS_GMLC
mpc.version = '2';

%%-----  Power Flow Data  -----%%
%% system MVA base
mpc.baseMVA = 100.0;
%% bus data
%    bus_i    type    Pd    Qd    Gs    Bs    area    Vm    Va    baseKV    zone    Vmax    Vmin
mpc.bus = [
	101	2	75.62939138526316	15.405987134035087	0.0	0.0	1	1.0340366973061943	-0.43239066165844947	138.0	11	1.05	0.95				
	102	2	67.9263978182456	14.005442849122806	0.0	0.0	1	1.0340762134003318	-0.5059549637003599	138.0	12	1.05	0.95				
	103	1	126.04898564210527	25.91006927087719	0.0	0.0	1	1.0248793068638264	-1.4517241348982726	138.0	11	1.05	0.95				
	104	1	51.82013854175438	10.504082136842104	0.0	0.0	1	1.0192676630479003	-3.75183191825028	138.0	11	1.05	0.95				
	105	1	49.71932211438596	9.803809994385967	0.0	0.0	1	1.0322387048755726	-4.053635880158982	138.0	11	1.05	0.95				
	106	1	95.23701137403509	19.607619988771933	0.0	-100.0	1	1.0375323425204697	-6.715462355354233	138.0	12	1.05	0.95				
	107	2	87.53401780701753	17.50680356140351	0.0	0.0	1	1.05	-6.362137906627794	138.0	12	1.05	0.95				
	108	1	119.74653636	24.50952498596491	0.0	0.0	1	1.0271485448388207	-7.868361169794708	138.0	12	1.05	0.95				
	109	1	122.54762492982456	25.20979712842105	0.0	0.0	1	1.0270967083411877	-4.1423756231728674	138.0	13	1.05	0.95				
	110	1	136.55306777894737	28.010885698245612	0.0	0.0	1	1.05	-5.5215375788470515	138.0	13	1.05	0.95				
	111	1	0.0	0.0	0.0	0.0	1	1.0108750733122989	-1.6063657650896652	230.0	13	1.05	0.95				
	112	1	0.0	0.0	0.0	0.0	1	1.015758825189799	-1.0437367749463657	230.0	13	1.05	0.95				
	113	3	185.5721177508772	37.81469569263158	0.0	0.0	1	1.0119289435026988	-6.436991711120553e-28	230.0	14	1.05	0.95				
	114	2	135.8527956364912	27.310613555789477	0.0	0.0	1	1.0092042060818813	0.29517346109038656	230.0	16	1.05	0.95				
	115	2	221.98626915859649	44.81741711719298	0.0	0.0	1	1.0432724015288966	7.9319438244330795	230.0	16	1.05	0.95				
	116	2	70.02721424561403	14.005442849122806	0.0	0.0	1	1.04048955387998	7.172122466191123	230.0	16	1.05	0.95				
	117	1	0.0	0.0	0.0	0.0	1	1.0450425612529097	9.915027134180097	230.0	17	1.05	0.95				
	118	2	233.19062343789474	47.618505687017546	0.0	0.0	1	1.047119367084737	10.359869780866845	230.0	17	1.05	0.95				
	119	1	126.74925778456141	25.91006927087719	0.0	0.0	1	1.0346323282060335	5.708666108039684	230.0	15	1.05	0.95				
	120	1	89.63483423438596	18.207075703859648	0.0	0.0	1	1.0347875197024554	5.30259930718577	230.0	15	1.05	0.95				
	121	2	0.0	0.0	0.0	0.0	1	1.0499999801635564	11.96233865761203	230.0	17	1.05	0.95				
	122	2	0.0	0.0	0.0	0.0	1	1.05	17.703218758763718	230.0	17	1.05	0.95				
	123	2	0.0	0.0	0.0	0.0	1	1.0366227850807932	5.602448535335587	230.0	15	1.05	0.95				
	124	1	0.0	0.0	0.0	0.0	1	1.0245919001005455	4.447087024099195	230.0	16	1.05	0.95				
	201	2	91.98614826947367	18.73791909192982	0.0	0.0	2	1.0440326830888622	-17.3602507289581	138.0	21	1.05	0.95				
	202	2	82.61718872350876	17.034471901754387	0.0	0.0	2	1.0468414292464272	-17.507004225790524	138.0	22	1.05	0.95				
	203	1	153.31024711578948	31.51377301824561	0.0	0.0	2	1.0232849975998115	-12.655054462000322	138.0	21	1.05	0.95				
	204	1	63.02754603649122	12.775853926315788	0.0	0.0	2	1.019970033985278	-18.570893010392954	138.0	21	1.05	0.95				
	205	1	60.47237525122806	11.92413033122807	0.0	0.0	2	1.036172590998623	-19.153413058536827	138.0	21	1.05	0.95				
	206	1	115.83440893192983	23.84826066245614	0.0	-100.0	2	1.0372282204997165	-20.965224072325658	138.0	22	1.05	0.95				
	207	2	106.46544938596489	21.29308987719298	0.0	0.0	2	0.95	-31.690082837110307	138.0	22	1.05	0.95				
	208	1	145.64473476	29.810325828070173	0.0	0.0	2	0.9550340688008713	-28.198976890462202	138.0	22	1.05	0.95				
	209	1	149.05162914035085	30.66204942315789	0.0	0.0	2	1.0255640167928626	-16.010392519072415	138.0	23	1.05	0.95				
	210	1	166.08610104210524	34.06894380350877	0.0	0.0	2	1.05	-18.310529266720025	138.0	23	1.05	0.95				
	211	1	0.0	0.0	0.0	0.0	2	1.0339455243769198	-12.031706450930894	230.0	23	1.05	0.95				
	212	1	0.0	0.0	0.0	0.0	2	1.027989549262015	-7.034102443709256	230.0	23	1.05	0.95				
	213	2	225.7067526982456	45.99307413473684	0.0	0.0	2	1.05	-9.363153920563741	230.0	24	1.05	0.95				
	214	2	165.23437744701752	33.21722020842105	0.0	0.0	2	1.05	-9.478206000723105	230.0	26	1.05	0.95				
	215	2	269.996379642807	54.51031008561403	0.0	0.0	2	1.0437358234616008	-0.20743168909289914	230.0	26	1.05	0.95				
	216	2	85.17235950877192	17.034471901754387	0.0	0.0	2	1.0476078240112667	-0.5889087083319655	230.0	26	1.05	0.95				
	217	1	0.0	0.0	0.0	0.0	2	1.048245053129883	2.6261387219574432	230.0	27	1.05	0.95				
	218	2	283.62395716421054	57.917204465964915	0.0	0.0	2	1.0499585689027393	2.916721126801253	230.0	27	1.05	0.95				
	219	1	154.16197071087717	31.51377301824561	0.0	0.0	2	1.0421603540786528	-0.8445589024852956	230.0	25	1.05	0.95				
	220	1	109.02062017122806	22.1448134722807	0.0	0.0	2	1.045262316045481	0.5271522599252193	230.0	25	1.05	0.95				
	221	2	0.0	0.0	0.0	0.0	2	1.05	3.1299498682955242	230.0	27	1.05	0.95				
	222	2	0.0	0.0	0.0	0.0	2	1.05	9.444265633770133	230.0	27	1.05	0.95				
	223	2	0.0	0.0	0.0	0.0	2	1.05	1.8956706610447018	230.0	25	1.05	0.95				
	224	1	0.0	0.0	0.0	0.0	2	1.0203998915782653	-4.829482755829038	230.0	26	1.05	0.95				
	301	2	84.73267951578947	17.26036064210526	0.0	0.0	3	0.9816481424231316	-4.907253248800384	138.0	31	1.05	0.95				
	302	2	76.10249919473684	15.691236947368422	0.0	0.0	3	0.9842803394805366	-5.227706899021553	138.0	32	1.05	0.95				
	303	1	141.22113252631578	29.02878835263158	0.0	0.0	3	0.9981153249461087	-0.9987582458087846	138.0	31	1.05	0.95				
	304	1	58.05757670526316	11.768427710526314	0.0	0.0	3	0.9757329234874017	-3.175843999284348	138.0	31	1.05	0.95				
	305	1	55.70389116315789	10.983865863157897	0.0	0.0	3	0.9873858374156227	-3.1648749346832106	138.0	31	1.05	0.95				
	306	1	106.70041124210528	21.967731726315794	0.0	-100.0	3	0.9977168228344795	-3.0999230989537216	138.0	32	1.05	0.95				
	307	2	98.07023092105263	19.614046184210526	0.0	0.0	3	0.95	-9.793355095566413	138.0	32	1.05	0.95				
	308	1	134.16007589999998	27.459664657894734	0.0	0.0	3	0.9565121853966759	-5.824922816869942	138.0	32	1.05	0.95				
	309	1	137.2983232894737	28.24422650526316	0.0	0.0	3	0.9986189870045128	1.8968668826984516	138.0	33	1.05	0.95				
	310	1	152.9895602368421	31.382473894736844	0.0	0.0	3	1.0176306243024769	1.260758455030593	138.0	33	1.05	0.95				
	311	1	0.0	0.0	0.0	0.0	3	0.9941371408542719	9.711643360417595	230.0	33	1.05	0.95				
	312	1	0.0	0.0	0.0	0.0	3	0.9981784169645187	11.126648718470857	230.0	33	1.05	0.95				
	313	2	207.9088895526316	42.366339757894735	0.0	0.0	3	1.0272314410001966	19.313531006877565	230.0	34	1.05	0.95				
	314	2	152.20499838947367	30.59791204736842	0.0	0.0	3	1.0061475326211167	9.070547268285056	230.0	36	1.05	0.95				
	315	2	248.70610561578945	50.21195823157895	0.0	0.0	3	1.0483001480992789	5.694334632315765	230.0	36	1.05	0.95				
	316	2	78.4561847368421	15.691236947368422	0.0	0.0	3	1.044971790935765	6.983126637187386	230.0	36	1.05	0.95				
	317	1	0.0	0.0	0.0	0.0	3	1.0479637068442205	6.7472897588855165	230.0	37	1.05	0.95				
	318	2	261.2590951736842	53.35020562105264	0.0	0.0	3	1.0471555273841224	5.877013431478637	230.0	37	1.05	0.95				
	319	1	142.0056943736842	29.02878835263158	0.0	0.0	3	1.037363675895017	8.926901789796116	230.0	35	1.05	0.95				
	320	1	100.4239164631579	20.39860803157895	0.0	0.0	3	1.0352330596842996	10.717759611845743	230.0	35	1.05	0.95				
	321	2	0.0	0.0	0.0	0.0	3	1.05	7.344871921699487	230.0	37	1.05	0.95				
	322	2	0.0	0.0	0.0	0.0	3	1.05	11.455327906634718	230.0	37	1.05	0.95				
	323	2	0.0	0.0	0.0	0.0	3	1.0351832517187085	11.626795469048204	230.0	35	1.05	0.95				
	324	1	0.0	0.0	0.0	0.0	3	1.0231273138099302	5.323632122120243	230.0	36	1.05	0.95				
	325	1	0.0	0.0	0.0	0.0	3	1.037233779839773	11.662561781521498	230.0	35	1.05	0.95				
];
