%% MATPOWER Case Format : Version 2
function mpc = RTS_GMLC
mpc.version = '2';

%%-----  Power Flow Data  -----%%
%% system MVA base
mpc.baseMVA = 100.0;
%% bus data
%    bus_i    type    Pd    Qd    Gs    Bs    area    Vm    Va    baseKV    zone    Vmax    Vmin
mpc.bus = [
	101	2	94.7070757136842	19.29218208982456	0.0	0.0	1	1.0331384458708628	-6.874924716288474	138.0	11	1.05	0.95				
	102	2	85.06098466877192	17.538347354385962	0.0	0.0	1	1.03309960845542	-6.947216634499995	138.0	12	1.05	0.95				
	103	1	157.8451261894737	32.44594260561403	0.0	0.0	1	1.013339818740937	-6.077377716843474	138.0	11	1.05	0.95				
	104	1	64.89188521122806	13.153760515789473	0.0	0.0	1	1.013930469421451	-9.171200619712486	138.0	11	1.05	0.95				
	105	1	62.26113310807017	12.276843148070176	0.0	0.0	1	1.0300405242221429	-9.362415848145769	138.0	11	1.05	0.95				
	106	1	119.26076200982456	24.553686296140352	0.0	-100.0	1	1.0327664430947798	-11.55232575246009	138.0	12	1.05	0.95				
	107	2	109.61467096491226	21.922934192982453	0.0	0.0	1	1.05	-7.06462248480959	138.0	12	1.05	0.95				
	108	1	149.95286987999998	30.692107870175434	0.0	0.0	1	1.0217244013473505	-10.279268976217555	138.0	12	1.05	0.95				
	109	1	153.46053935087718	31.56902523789473	0.0	0.0	1	1.0268514116461367	-7.437037114141193	138.0	13	1.05	0.95				
	110	1	170.99888670526312	35.076694708771925	0.0	0.0	1	1.05	-9.113487507248111	138.0	13	1.05	0.95				
	111	1	0.0	0.0	0.0	0.0	1	1.0210672261017328	-3.2878735559822796	230.0	13	1.05	0.95				
	112	1	0.0	0.0	0.0	0.0	1	1.0201997736506672	-2.209662080692226	230.0	13	1.05	0.95				
	113	3	232.38310244561399	47.3535378568421	0.0	0.0	1	1.0296586494646065	-1.5351268305110367e-30	230.0	14	1.05	0.95				
	114	2	170.12196933754385	34.19977734105263	0.0	0.0	1	1.0297459819999324	-1.2460165549459596	230.0	16	1.05	0.95				
	115	2	277.9828055670175	56.12271153403508	0.0	0.0	1	1.042685692827256	7.411441854635632	230.0	16	1.05	0.95				
	116	2	87.69173677192981	17.538347354385962	0.0	0.0	1	1.0445116960979766	7.018567075788815	230.0	16	1.05	0.95				
	117	1	0.0	0.0	0.0	0.0	1	1.0469934337605695	10.711038270052537	230.0	17	1.05	0.95				
	118	2	292.01348345052634	59.63038100491228	0.0	0.0	1	1.05	11.315734768681075	230.0	17	1.05	0.95				
	119	1	158.72204355719296	32.44594260561403	0.0	0.0	1	1.040257467839614	5.659680890239543	230.0	15	1.05	0.95				
	120	1	112.24542306807017	22.799851560701754	0.0	0.0	1	1.04478143436968	6.124337205043204	230.0	15	1.05	0.95				
	121	2	0.0	0.0	0.0	0.0	1	1.05	12.30792841357854	230.0	17	1.05	0.95				
	122	2	0.0	0.0	0.0	0.0	1	1.05	21.187174271465462	230.0	17	1.05	0.95				
	123	2	0.0	0.0	0.0	0.0	1	1.05	7.014418616752287	230.0	15	1.05	0.95				
	124	1	0.0	0.0	0.0	0.0	1	1.0145922496041675	2.442110309354776	230.0	16	1.05	0.95				
	201	2	96.50810641263158	19.65905871368421	0.0	0.0	2	1.05	-15.457160921060288	138.0	21	1.05	0.95				
	202	2	86.67857705578946	17.871871557894735	0.0	0.0	2	1.05	-15.507347484813886	138.0	22	1.05	0.95				
	203	1	160.84684402105262	33.06296238210526	0.0	0.0	2	1.0226306291883878	-11.576824262313508	138.0	21	1.05	0.95				
	204	1	66.12592476421052	13.403903668421052	0.0	0.0	2	1.0183612988876853	-17.18897676185707	138.0	21	1.05	0.95				
	205	1	63.445144030526315	12.510310090526316	0.0	0.0	2	1.0364430243006315	-17.71300445284503	138.0	21	1.05	0.95				
	206	1	121.52872659368421	25.02062018105263	0.0	-100.0	2	1.0331830378341056	-19.80848419329664	138.0	22	1.05	0.95				
	207	2	111.6991972368421	22.33983944736842	0.0	0.0	2	0.95	-29.754498297567505	138.0	22	1.05	0.95				
	208	1	152.80450181999998	31.275775226315787	0.0	0.0	2	0.9527602245765664	-26.821735405745137	138.0	22	1.05	0.95				
	209	1	156.37887613157895	32.16936880421052	0.0	0.0	2	1.0215346989624117	-14.967741405415884	138.0	23	1.05	0.95				
	210	1	174.25074768947368	35.74374311578947	0.0	0.0	2	1.0457355197469054	-17.227059979115698	138.0	23	1.05	0.95				
	211	1	0.0	0.0	0.0	0.0	2	1.0297559788743396	-9.27576649337278	230.0	23	1.05	0.95				
	212	1	0.0	0.0	0.0	0.0	2	1.0199237167063697	-7.804482917180699	230.0	23	1.05	0.95				
	213	2	236.80229814210523	48.25405320631579	0.0	0.0	2	1.05	-4.660498390370738	230.0	24	1.05	0.95				
	214	2	173.35715411157892	34.85014953789474	0.0	0.0	2	1.05	-6.832906515224387	230.0	26	1.05	0.95				
	215	2	283.2691641926316	57.18998898526316	0.0	0.0	2	1.0447393536245395	2.3915477462623818	230.0	26	1.05	0.95				
	216	2	89.35935778947368	17.871871557894735	0.0	0.0	2	1.0484499207112947	2.1710644025371963	230.0	26	1.05	0.95				
	217	1	0.0	0.0	0.0	0.0	2	1.049783574827005	5.57736365750089	230.0	27	1.05	0.95				
	218	2	297.56666143894734	60.764363296842106	0.0	0.0	2	1.05	6.198514816051179	230.0	27	1.05	0.95				
	219	1	161.74043759894735	33.06296238210526	0.0	0.0	2	1.042278662579726	1.6786712888167161	230.0	25	1.05	0.95				
	220	1	114.37997797052633	23.23343302526316	0.0	0.0	2	1.0452203254622023	2.9211975956987923	230.0	25	1.05	0.95				
	221	2	0.0	0.0	0.0	0.0	2	1.05	6.802517268649379	230.0	27	1.05	0.95				
	222	2	0.0	0.0	0.0	0.0	2	1.05	12.83376380685652	230.0	27	1.05	0.95				
	223	2	0.0	0.0	0.0	0.0	2	1.05	4.2492011279836	230.0	25	1.05	0.95				
	224	1	0.0	0.0	0.0	0.0	2	1.0185923063379856	-2.789769560398033	230.0	26	1.05	0.95				
	301	2	74.27776020631579	15.130654856842105	0.0	0.0	3	1.0175084972923023	-11.651565286125834	138.0	31	1.05	0.95				
	302	2	66.71243277789473	13.75514077894737	0.0	0.0	3	1.015560378326215	-12.13245938755518	138.0	32	1.05	0.95				
	303	1	123.79626701052631	25.44701044105263	0.0	0.0	3	1.0408763082344759	-2.1056010063046005	138.0	31	1.05	0.95				
	304	1	50.89402088210526	10.316355584210525	0.0	0.0	3	1.0100135420631635	-11.122090284880194	138.0	31	1.05	0.95				
	305	1	48.83074976526316	9.62859854526316	0.0	0.0	3	1.0248358301782732	-12.182429414242733	138.0	31	1.05	0.95				
	306	1	93.53495729684211	19.25719709052632	0.0	-100.0	3	1.0346531495626592	-13.253541901237696	138.0	32	1.05	0.95				
	307	2	85.96962986842105	17.19392597368421	0.0	0.0	3	1.0066822395209412	-14.585168301140246	138.0	32	1.05	0.95				
	308	1	117.60645366	24.071496363157895	0.0	0.0	3	1.0011662956064327	-14.396263321844907	138.0	32	1.05	0.95				
	309	1	120.35748181578947	24.759253402105262	0.0	0.0	3	1.028634785594972	-7.490448158006542	138.0	33	1.05	0.95				
	310	1	134.11262259473685	27.51028155789474	0.0	0.0	3	1.05	-10.515793704353824	138.0	33	1.05	0.95				
	311	1	0.0	0.0	0.0	0.0	3	1.0194421385728611	-4.121474093903789	230.0	33	1.05	0.95				
	312	1	0.0	0.0	0.0	0.0	3	1.0198709280868374	-2.649748972200169	230.0	33	1.05	0.95				
	313	2	182.2556153210526	37.138880103157895	0.0	0.0	3	1.0288974724517288	0.2826243829683828	230.0	34	1.05	0.95				
	314	2	133.42486555578947	26.822524518947365	0.0	0.0	3	1.0256030390966766	-3.1242771940440437	230.0	36	1.05	0.95				
	315	2	218.01898134631577	44.01645049263158	0.0	0.0	3	1.0467252406654595	2.841861683812268	230.0	36	1.05	0.95				
	316	2	68.77570389473684	13.75514077894737	0.0	0.0	3	1.0446532882636526	2.474315352506593	230.0	36	1.05	0.95				
	317	1	0.0	0.0	0.0	0.0	3	1.0479360866757337	4.586608637317134	230.0	37	1.05	0.95				
	318	2	229.02309396947368	46.767478648421054	0.0	0.0	3	1.0476938113296719	4.406309300082729	230.0	37	1.05	0.95				
	319	1	124.48402404947367	25.44701044105263	0.0	0.0	3	1.0419395121359687	2.8356228708105276	230.0	35	1.05	0.95				
	320	1	88.03290098526315	17.88168301263158	0.0	0.0	3	1.0456099271172128	4.440050971373453	230.0	35	1.05	0.95				
	321	2	0.0	0.0	0.0	0.0	3	1.05	5.815254048189112	230.0	37	1.05	0.95				
	322	2	0.0	0.0	0.0	0.0	3	1.05	11.108415260565986	230.0	37	1.05	0.95				
	323	2	0.0	0.0	0.0	0.0	3	1.049999980778292	5.817988549673568	230.0	35	1.05	0.95				
	324	1	0.0	0.0	0.0	0.0	3	1.0371559117851543	0.9886086432718313	230.0	36	1.05	0.95				
	325	1	0.0	0.0	0.0	0.0	3	1.0492343249813112	6.357758008052886	230.0	35	1.05	0.95				
];

%% generator data
%    bus    Pg    Qg    Qmax    Qmin    Vg    mBase    status    Pmax    Pmin    Pc1    Pc2    Qc1min    Qc1max    Qc2min    Qc2max    ramp_agc    ramp_10    ramp_30    ramp_q    apf
