%% MATPOWER Case Format : Version 2
function mpc = RTS_GMLC
mpc.version = '2';

%%-----  Power Flow Data  -----%%
%% system MVA base
mpc.baseMVA = 100.0;
%% bus data
%    bus_i    type    Pd    Qd    Gs    Bs    area    Vm    Va    baseKV    zone    Vmax    Vmin
mpc.bus = [
	101	2	88.32112813894739	17.991340917192986	0.0	0.0	1	1.04499031770677	0.4021979140232551	138.0	11	1.05	0.95				
	102	2	79.32545768035088	16.35576447017544	0.0	0.0	1	1.044845351699103	0.24906929256688615	138.0	12	1.05	0.95				
	103	1	147.20188023157897	30.25816426982456	0.0	0.0	1	1.0238930045206276	-0.7155986956594714	138.0	11	1.05	0.95				
	104	1	60.51632853964912	12.26682335263158	0.0	0.0	1	1.0226730663126637	-3.470936301271036	138.0	11	1.05	0.95				
	105	1	58.06296386912281	11.449035129122809	0.0	0.0	1	1.0356446830014931	-3.976149302768669	138.0	11	1.05	0.95				
	106	1	111.21919839719301	22.898070258245617	0.0	-100.0	1	1.0361184999205613	-7.182596301723108	138.0	12	1.05	0.95				
	107	2	102.2235279385965	20.4447055877193	0.0	0.0	1	1.05	-7.305400856986101	138.0	12	1.05	0.95				
	108	1	139.84178622000002	28.622587822807017	0.0	0.0	1	1.0234537916663005	-8.884487381137367	138.0	12	1.05	0.95				
	109	1	143.1129391140351	29.44037604631579	0.0	0.0	1	1.026963699273835	-4.260479905467796	138.0	13	1.05	0.95				
	110	1	159.46870358421054	32.71152894035088	0.0	0.0	1	1.05	-5.901321208743863	138.0	13	1.05	0.95				
	111	1	0.0	0.0	0.0	0.0	1	1.015558651808494	-1.454151626470944	230.0	13	1.05	0.95				
	112	1	0.0	0.0	0.0	0.0	1	1.017956541588349	-0.9308454774215693	230.0	13	1.05	0.95				
	113	3	216.71387922982456	44.16056406947369	0.0	0.0	1	1.017425241727228	-3.00148117434025e-30	230.0	14	1.05	0.95				
	114	2	158.65091536070176	31.89374071684211	0.0	0.0	1	1.0193085659513776	0.9281599552976768	230.0	16	1.05	0.95				
	115	2	259.2388668522807	52.338446304561415	0.0	0.0	1	1.0433197809924974	10.139671047222063	230.0	16	1.05	0.95				
	116	2	81.7788223508772	16.35576447017544	0.0	0.0	1	1.0420475522981292	9.268822395579125	230.0	16	1.05	0.95				
	117	1	0.0	0.0	0.0	0.0	1	1.0460760373458629	13.357057462332289	230.0	17	1.05	0.95				
	118	2	272.3234784284211	55.609599198596506	0.0	0.0	1	1.05	14.24003170089531	230.0	17	1.05	0.95				
	119	1	148.01966845508773	30.25816426982456	0.0	0.0	1	1.0365093943372123	7.200761515007794	230.0	15	1.05	0.95				
	120	1	104.67689260912283	21.262493811228072	0.0	0.0	1	1.038658367661595	6.477132705226847	230.0	15	1.05	0.95				
	121	2	0.0	0.0	0.0	0.0	1	1.05	15.068945965167348	230.0	17	1.05	0.95				
	122	2	0.0	0.0	0.0	0.0	1	1.05	23.27974641176965	230.0	17	1.05	0.95				
	123	2	0.0	0.0	0.0	0.0	1	1.042103377999355	6.683655337755459	230.0	15	1.05	0.95				
	124	1	0.0	0.0	0.0	0.0	1	1.0224732945209074	6.108085664429301	230.0	16	1.05	0.95				
	201	2	89.04517552421053	18.13883205122807	0.0	0.0	2	1.0488709914598604	-18.76581087425511	138.0	21	1.05	0.95				
	202	2	79.97575949859649	16.489847319298246	0.0	0.0	2	1.05	-18.937616076274605	138.0	22	1.05	0.95				
	203	1	148.40862587368423	30.50621754070175	0.0	0.0	2	1.0233904385494348	-13.502036912240921	138.0	21	1.05	0.95				
	204	1	61.0124350814035	12.367385489473683	0.0	0.0	2	1.0210774528107038	-20.261394915339917	138.0	21	1.05	0.95				
	205	1	58.538957983508766	11.542893123508772	0.0	0.0	2	1.0389870211865673	-20.868688378801334	138.0	21	1.05	0.95				
	206	1	112.13096177122807	23.085786247017545	0.0	-100.0	2	1.0387317626443895	-22.839436511154165	138.0	22	1.05	0.95				
	207	2	103.06154574561404	20.612309149122808	0.0	0.0	2	0.95	-33.90930441531522	138.0	22	1.05	0.95				
	208	1	140.98819458	28.857232808771926	0.0	0.0	2	0.9554032071793924	-30.264623000071243	138.0	22	1.05	0.95				
	209	1	144.28616404385966	29.68172517473684	0.0	0.0	2	1.0238419589437922	-18.03024263094311	138.0	23	1.05	0.95				
	210	1	160.7760113631579	32.97969463859649	0.0	0.0	2	1.05	-20.446326279422927	138.0	23	1.05	0.95				
	211	1	0.0	0.0	0.0	0.0	2	1.0315678627632159	-12.7644000048904	230.0	23	1.05	0.95				
	212	1	0.0	0.0	0.0	0.0	2	1.0225566550223235	-11.61029993894608	230.0	23	1.05	0.95				
	213	2	218.49047698070177	44.52258776210527	0.0	0.0	2	1.05	-9.292649883596722	230.0	24	1.05	0.95				
	214	2	159.95151899719298	32.15520227263158	0.0	0.0	2	1.05	-9.623522088355898	230.0	26	1.05	0.95				
	215	2	261.36408001087716	52.767511421754385	0.0	0.0	2	1.043045044082007	0.34469610681737606	230.0	26	1.05	0.95				
	216	2	82.44923659649123	16.489847319298246	0.0	0.0	2	1.0473357765244586	-0.05174913745886618	230.0	26	1.05	0.95				
	217	1	0.0	0.0	0.0	0.0	2	1.0484144661637602	3.744734044483332	230.0	27	1.05	0.95				
	218	2	274.5559578663158	56.065480885614036	0.0	0.0	2	1.05	4.31317405351608	230.0	27	1.05	0.95				
	219	1	149.23311823964914	30.50621754070175	0.0	0.0	2	1.0424364461080324	-0.9879909588638371	230.0	25	1.05	0.95				
	220	1	105.53502284350877	21.43680151508772	0.0	0.0	2	1.0456551567439292	-0.25990338995467754	230.0	25	1.05	0.95				
	221	2	0.0	0.0	0.0	0.0	2	1.05	4.719931068974985	230.0	27	1.05	0.95				
	222	2	0.0	0.0	0.0	0.0	2	1.05	10.849172997696195	230.0	27	1.05	0.95				
	223	2	0.0	0.0	0.0	0.0	2	1.05	0.7372142229756269	230.0	25	1.05	0.95				
	224	1	0.0	0.0	0.0	0.0	2	1.0180172711003275	-4.802632025503232	230.0	26	1.05	0.95				
	301	2	79.91521669894738	16.27902562385965	0.0	0.0	3	0.9840944881369755	-9.989535357278426	138.0	31	1.05	0.95				
	302	2	71.77570388701754	14.799114203508774	0.0	0.0	3	0.9852543976013381	-10.131589838918877	138.0	32	1.05	0.95				
	303	1	133.19202783157894	27.378361276491226	0.0	0.0	3	1.0034323755464778	-3.184656910378578	138.0	31	1.05	0.95				
	304	1	54.75672255298245	11.099335652631579	0.0	0.0	3	0.9796027813982451	-7.356698492846766	138.0	31	1.05	0.95				
	305	1	52.53685542245614	10.359379942456142	0.0	0.0	3	0.9918135664116384	-7.89335737291653	138.0	31	1.05	0.95				
	306	1	100.63397658385966	20.718759884912284	0.0	-100.0	3	1.0036700534402567	-7.55565951577195	138.0	32	1.05	0.95				
	307	2	92.49446377192983	18.498892754385963	0.0	0.0	3	0.962067521902816	-13.096127408725641	138.0	32	1.05	0.95				
	308	1	126.53242644	25.89844985614035	0.0	0.0	3	0.96763212032124	-9.437955908954796	138.0	32	1.05	0.95				
	309	1	129.49224928070174	26.638405566315786	0.0	0.0	3	1.004129531414173	-1.930705552675339	138.0	33	1.05	0.95				
	310	1	144.29136348421054	29.598228407017547	0.0	0.0	3	1.0231968913028935	-3.2958009906250956	138.0	33	1.05	0.95				
	311	1	0.0	0.0	0.0	0.0	3	0.9977130407353199	5.010736383975275	230.0	33	1.05	0.95				
	312	1	0.0	0.0	0.0	0.0	3	1.0015486570413246	6.578155226763042	230.0	33	1.05	0.95				
	313	2	196.08826319649123	39.95760834947369	0.0	0.0	3	1.0283917719221658	13.875052944043954	230.0	34	1.05	0.95				
	314	2	143.55140777403508	28.858272696842107	0.0	0.0	3	1.0061977940855515	4.578207125301106	230.0	36	1.05	0.95				
	315	2	234.56596012561403	47.35716545122807	0.0	0.0	3	1.0346244611169721	2.735368522784771	230.0	36	1.05	0.95				
	316	2	73.99557101754385	14.799114203508774	0.0	0.0	3	1.0322419066138364	3.681118209443195	230.0	36	1.05	0.95				
	317	1	0.0	0.0	0.0	0.0	3	1.0393918863111933	4.111691321959835	230.0	37	1.05	0.95				
	318	2	246.40525148842104	50.31698829192983	0.0	0.0	3	1.039240381271526	3.359334243350179	230.0	37	1.05	0.95				
	319	1	133.9319835417544	27.378361276491226	0.0	0.0	3	1.0268186067945393	4.902850207827523	230.0	35	1.05	0.95				
	320	1	94.71433090245614	19.238848464561404	0.0	0.0	3	1.029048375981482	7.224195879034349	230.0	35	1.05	0.95				
	321	2	0.0	0.0	0.0	0.0	3	1.04152794334107	4.693436965840684	230.0	37	1.05	0.95				
	322	2	0.0	0.0	0.0	0.0	3	1.05	8.78379539421642	230.0	37	1.05	0.95				
	323	2	0.0	0.0	0.0	0.0	3	1.031543741623778	8.384836332421193	230.0	35	1.05	0.95				
	324	1	0.0	0.0	0.0	0.0	3	1.0171703373676055	2.3721301292912083	230.0	36	1.05	0.95				
	325	1	0.0	0.0	0.0	0.0	3	1.0322486696692355	8.959474400282767	230.0	35	1.05	0.95				
];
