%% MATPOWER Case Format : Version 2
function mpc = RTS_GMLC
mpc.version = '2';

%%-----  Power Flow Data  -----%%
%% system MVA base
mpc.baseMVA = 100.0;
%% bus data
%    bus_i    type    Pd    Qd    Gs    Bs    area    Vm    Va    baseKV    zone    Vmax    Vmin
mpc.bus = [
	101	2	77.39287480421052	15.765215237894736	0.0	0.0	1	1.0314689833963193	-1.8205646120950094	138.0	11	1.05	0.95				
	102	2	69.51026718526315	14.332013852631578	0.0	0.0	1	1.0314897882641116	-1.875897924330857	138.0	12	1.05	0.95				
	103	1	128.9881246736842	26.514225627368422	0.0	0.0	1	1.0206785505918807	-2.462264074065523	138.0	11	1.05	0.95				
	104	1	53.028451254736844	10.749010389473684	0.0	0.0	1	1.0162260260679201	-4.761114817905131	138.0	11	1.05	0.95				
	105	1	50.878649176842096	10.032409696842105	0.0	0.0	1	1.0311599253010957	-4.782400052993553	138.0	11	1.05	0.95				
	106	1	97.45769419789474	20.06481939368421	0.0	-100.0	1	1.0368892285067886	-7.092305668485969	138.0	12	1.05	0.95				
	107	2	89.57508657894736	17.915017315789473	0.0	0.0	1	1.05	-3.5479928181625198	138.0	12	1.05	0.95				
	108	1	122.53871844	25.08102424210526	0.0	0.0	1	1.0265705303160029	-6.308854495348728	138.0	12	1.05	0.95				
	109	1	125.40512121052632	25.79762493473684	0.0	0.0	1	1.0266664845863942	-4.217193975503327	138.0	13	1.05	0.95				
	110	1	139.7371350631579	28.664027705263155	0.0	0.0	1	1.05	-5.517695739935548	138.0	13	1.05	0.95				
	111	1	0.0	0.0	0.0	0.0	1	1.0127175256405152	-1.4603700397448527	230.0	13	1.05	0.95				
	112	1	0.0	0.0	0.0	0.0	1	1.0155586753373582	-0.587659113273473	230.0	13	1.05	0.95				
	113	3	189.89918354736838	38.69643740210526	0.0	0.0	1	1.0130713087668326	6.845671954350154e-29	230.0	14	1.05	0.95				
	114	2	139.0205343705263	27.947427012631575	0.0	0.0	1	1.0142990683491313	0.7265039552714792	230.0	16	1.05	0.95				
	115	2	227.1624195642105	45.86244432842105	0.0	0.0	1	1.0446417986207888	8.44315586243168	230.0	16	1.05	0.95				
	116	2	71.6600692631579	14.332013852631578	0.0	0.0	1	1.0427144456103419	8.113858216087465	230.0	16	1.05	0.95				
	117	1	0.0	0.0	0.0	0.0	1	1.046938469426443	10.996997871223037	230.0	17	1.05	0.95				
	118	2	238.62803064631578	48.72884709894737	0.0	0.0	1	1.0490704421560062	11.585053924623464	230.0	17	1.05	0.95				
	119	1	129.70472536631578	26.514225627368422	0.0	0.0	1	1.0372747164908958	6.959438722692644	230.0	15	1.05	0.95				
	120	1	91.7248886568421	18.631618008421054	0.0	0.0	1	1.0388571075843445	7.310731596689784	230.0	15	1.05	0.95				
	121	2	0.0	0.0	0.0	0.0	1	1.05	12.183658296627172	230.0	17	1.05	0.95				
	122	2	0.0	0.0	0.0	0.0	1	1.05	18.29031379791949	230.0	17	1.05	0.95				
	123	2	0.0	0.0	0.0	0.0	1	1.0416844503492344	8.033337424048556	230.0	15	1.05	0.95				
	124	1	0.0	0.0	0.0	0.0	1	1.0220213084756062	4.410740114138191	230.0	16	1.05	0.95				
	201	2	85.83220527157896	17.484338110877193	0.0	0.0	2	1.0430588112861752	-10.923662503782856	138.0	21	1.05	0.95				
	202	2	77.09003621614036	15.894852828070178	0.0	0.0	2	1.044326686221394	-11.004858823886984	138.0	22	1.05	0.95				
	203	1	143.05367545263158	29.405477731929825	0.0	0.0	2	1.0263248619523295	-7.92309886201523	138.0	21	1.05	0.95				
	204	1	58.81095546385965	11.921139621052632	0.0	0.0	2	1.0201563816357062	-13.012856939918615	138.0	21	1.05	0.95				
	205	1	56.42672753964912	11.126396979649124	0.0	0.0	2	1.0362792819263524	-13.42085355983026	138.0	21	1.05	0.95				
	206	1	108.0849992308772	22.25279395929825	0.0	-100.0	2	1.0380208045643373	-15.556386291519972	138.0	22	1.05	0.95				
	207	2	99.3428301754386	19.86856603508772	0.0	0.0	2	0.95	-27.507242004549262	138.0	22	1.05	0.95				
	208	1	135.90099168	27.815992449122806	0.0	0.0	2	0.9564093492419931	-23.58873656386283	138.0	22	1.05	0.95				
	209	1	139.07996224561404	28.61073509052632	0.0	0.0	2	1.0256989368047413	-11.466122970582411	138.0	23	1.05	0.95				
	210	1	154.97481507368423	31.789705656140356	0.0	0.0	2	1.05	-13.47855672361552	138.0	23	1.05	0.95				
	211	1	0.0	0.0	0.0	0.0	2	1.0323758124335134	-6.344962079218717	230.0	23	1.05	0.95				
	212	1	0.0	0.0	0.0	0.0	2	1.0241478355921154	-5.079918624924884	230.0	23	1.05	0.95				
	213	2	210.60679997192983	42.91610263578948	0.0	0.0	2	1.0499568634095922	-2.4093705418395444	230.0	24	1.05	0.95				
	214	2	154.18007243228072	30.994963014736843	0.0	0.0	2	1.05	-3.9371610339897236	230.0	26	1.05	0.95				
	215	2	251.93341732491228	50.863529049824564	0.0	0.0	2	1.044637950186148	4.490450192461539	230.0	26	1.05	0.95				
	216	2	79.47426414035088	15.894852828070178	0.0	0.0	2	1.049177655267299	4.384520014878643	230.0	26	1.05	0.95				
	217	1	0.0	0.0	0.0	0.0	2	1.0492534382101049	7.583575848002568	230.0	27	1.05	0.95				
	218	2	264.64929958736843	54.0424996154386	0.0	0.0	2	1.05	8.287621109760954	230.0	27	1.05	0.95				
	219	1	143.8484180940351	29.405477731929825	0.0	0.0	2	1.0437562043708033	3.85274544813962	230.0	25	1.05	0.95				
	220	1	101.72705809964913	20.66330867649123	0.0	0.0	2	1.0461319390395127	4.8744264055876405	230.0	25	1.05	0.95				
	221	2	0.0	0.0	0.0	0.0	2	1.05	8.746138275903991	230.0	27	1.05	0.95				
	222	2	0.0	0.0	0.0	0.0	2	1.05	14.801912239429425	230.0	27	1.05	0.95				
	223	2	0.0	0.0	0.0	0.0	2	1.05	6.011542424626011	230.0	25	1.05	0.95				
	224	1	0.0	0.0	0.0	0.0	2	1.0221307328259008	-0.12819298099777734	230.0	26	1.05	0.95				
	301	2	69.81904458947369	14.222397971929826	0.0	0.0	3	1.0147494876421164	-16.49046891697233	138.0	31	1.05	0.95				
	302	2	62.70784560350877	12.929452701754387	0.0	0.0	3	1.0132467369722016	-16.875206070551794	138.0	32	1.05	0.95				
	303	1	116.36507431578949	23.919487498245616	0.0	0.0	3	1.0296484767090945	-9.226269175440244	138.0	31	1.05	0.95				
	304	1	47.83897499649123	9.69708952631579	0.0	0.0	3	1.0093762946745655	-15.727958997884803	138.0	31	1.05	0.95				
	305	1	45.89955709122807	9.050616891228072	0.0	0.0	3	1.0238990663184004	-16.541150109474888	138.0	31	1.05	0.95				
	306	1	87.92027837192984	18.101233782456145	0.0	-100.0	3	1.0353121948291992	-17.29920611488909	138.0	32	1.05	0.95				
	307	2	80.80907938596492	16.161815877192982	0.0	0.0	3	1.0049399718356244	-19.35209930130136	138.0	32	1.05	0.95				
	308	1	110.5468206	22.626542228070175	0.0	0.0	3	1.0011198085096802	-18.84263939466933	138.0	32	1.05	0.95				
	309	1	113.13271114035088	23.273014863157897	0.0	0.0	3	1.027907240138417	-12.149739289378692	138.0	33	1.05	0.95				
	310	1	126.06216384210526	25.858905403508775	0.0	0.0	3	1.05	-14.52082173655558	138.0	33	1.05	0.95				
	311	1	0.0	0.0	0.0	0.0	3	1.0183510484300737	-7.778706159437696	230.0	33	1.05	0.95				
	312	1	0.0	0.0	0.0	0.0	3	1.0179803098052391	-6.746657444766567	230.0	33	1.05	0.95				
	313	2	171.31524829824562	34.909522294736846	0.0	0.0	3	1.027037927864035	-3.526757916390888	230.0	34	1.05	0.95				
	314	2	125.41569120701755	25.212432768421056	0.0	0.0	3	1.0266711636751713	-5.9833052130661	230.0	36	1.05	0.95				
	315	2	204.93182532280704	41.37424864561404	0.0	0.0	3	1.0466425251702625	0.6149667605777682	230.0	36	1.05	0.95				
	316	2	64.64726350877193	12.929452701754387	0.0	0.0	3	1.0452151291352354	0.47448479694098955	230.0	36	1.05	0.95				
	317	1	0.0	0.0	0.0	0.0	3	1.04753655487125	2.5793457988337325	230.0	37	1.05	0.95				
	318	2	215.27538748421057	43.96013918596492	0.0	0.0	3	1.047672545745368	2.7422936577448214	230.0	37	1.05	0.95				
	319	1	117.0115469508772	23.919487498245616	0.0	0.0	3	1.041575476254442	-0.0016795341237115999	230.0	35	1.05	0.95				
	320	1	82.74849729122808	16.808288512280704	0.0	0.0	3	1.0437488211500383	0.8003074951410971	230.0	35	1.05	0.95				
	321	2	0.0	0.0	0.0	0.0	3	1.05	3.949106087509736	230.0	37	1.05	0.95				
	322	2	0.0	0.0	0.0	0.0	3	1.05	9.18670177239941	230.0	37	1.05	0.95				
	323	2	0.0	0.0	0.0	0.0	3	1.0467044610569765	1.7143138510237446	230.0	35	1.05	0.95				
	324	1	0.0	0.0	0.0	0.0	3	1.0279091808666123	-3.0466277437902094	230.0	36	1.05	0.95				
	325	1	0.0	0.0	0.0	0.0	3	1.0446994690622309	2.584406956246381	230.0	35	1.05	0.95				
];
