%% MATPOWER Case Format : Version 2
function mpc = RTS_GMLC
mpc.version = '2';

%%-----  Power Flow Data  -----%%
%% system MVA base
mpc.baseMVA = 100.0;
%% bus data
%    bus_i    type    Pd    Qd    Gs    Bs    area    Vm    Va    baseKV    zone    Vmax    Vmin
mpc.bus = [
	101	2	71.22068283789474	14.507916874385964	0.0	0.0	1	1.0310510971548457	0.27368556717219095	138.0	11	1.05	0.95				
	102	2	63.96672440070176	13.18901534035088	0.0	0.0	1	1.0310829111463262	0.21864247688801003	138.0	12	1.05	0.95				
	103	1	118.7011380631579	24.399678379649124	0.0	0.0	1	1.0224563399864315	-0.6738614136697519	138.0	11	1.05	0.95				
	104	1	48.79935675929825	9.891761505263158	0.0	0.0	1	1.016910988372847	-2.914660298543342	138.0	11	1.05	0.95				
	105	1	46.82100445824561	9.232310738245616	0.0	0.0	1	1.0315798456663376	-2.8921298000134366	138.0	11	1.05	0.95				
	106	1	89.68530431438599	18.46462147649123	0.0	-100.0	1	1.0383160507698888	-5.266026278764191	138.0	12	1.05	0.95				
	107	2	82.43134587719298	16.486269175438597	0.0	0.0	1	1.048735900965196	-2.266563745197204	138.0	12	1.05	0.95				
	108	1	112.76608116	23.080776845614036	0.0	0.0	1	1.0274958991647467	-4.779069320679735	138.0	12	1.05	0.95				
	109	1	115.40388422807017	23.74022761263158	0.0	0.0	1	1.0263747334871391	-2.8040781175210574	138.0	13	1.05	0.95				
	110	1	128.59289956842105	26.37803068070176	0.0	0.0	1	1.05	-4.013643211712925	138.0	13	1.05	0.95				
	111	1	0.0	0.0	0.0	0.0	1	1.01054338944753	-0.5412461823836225	230.0	13	1.05	0.95				
	112	1	0.0	0.0	0.0	0.0	1	1.0142141488931786	0.15969886649558485	230.0	13	1.05	0.95				
	113	3	174.75445325964913	35.61034141894737	0.0	0.0	1	1.0080195809829293	4.010068440923017e-28	230.0	14	1.05	0.95				
	114	2	127.93344880140351	25.718579913684213	0.0	0.0	1	1.0110363259885193	1.9315400384046846	230.0	16	1.05	0.95				
	115	2	209.04589314456143	42.20484908912281	0.0	0.0	1	1.0439909864508394	9.722585324750543	230.0	16	1.05	0.95				
	116	2	65.94507670175439	13.18901534035088	0.0	0.0	1	1.0419363394770182	9.341420006007922	230.0	16	1.05	0.95				
	117	1	0.0	0.0	0.0	0.0	1	1.0466122058695493	12.24365606152827	230.0	17	1.05	0.95				
	118	2	219.59710541684214	44.842652157192994	0.0	0.0	1	1.0490770249347159	12.783765317593012	230.0	17	1.05	0.95				
	119	1	119.36058883017544	24.399678379649124	0.0	0.0	1	1.036528059178676	8.028288856826068	230.0	15	1.05	0.95				
	120	1	84.40969817824562	17.145719942456143	0.0	0.0	1	1.0375373255350593	8.135890477835453	230.0	15	1.05	0.95				
	121	2	0.0	0.0	0.0	0.0	1	1.05	13.209921576846114	230.0	17	1.05	0.95				
	122	2	0.0	0.0	0.0	0.0	1	1.05	19.96416856918325	230.0	17	1.05	0.95				
	123	2	0.0	0.0	0.0	0.0	1	1.039719833087323	8.685200936037942	230.0	15	1.05	0.95				
	124	1	0.0	0.0	0.0	0.0	1	1.0229199460528753	5.870625512425663	230.0	16	1.05	0.95				
	201	2	84.13222100210525	17.138045018947366	0.0	0.0	2	1.0429763110996388	-11.93219806771598	138.0	21	1.05	0.95				
	202	2	75.56319849263157	15.580040926315789	0.0	0.0	2	1.043030958242954	-12.098821479383771	138.0	22	1.05	0.95				
	203	1	140.2203683368421	28.82307571368421	0.0	0.0	2	1.025071563824092	-8.032877436631656	138.0	21	1.05	0.95				
	204	1	57.64615142736842	11.68503069473684	0.0	0.0	2	1.019425451171628	-13.776689026920334	138.0	21	1.05	0.95				
	205	1	55.30914528842105	10.906028648421053	0.0	0.0	2	1.0365230503090341	-14.239400971226427	138.0	21	1.05	0.95				
	206	1	105.94427829894737	21.812057296842106	0.0	-100.0	2	1.038279854574409	-16.280716412502535	138.0	22	1.05	0.95				
	207	2	97.37525578947368	19.475051157894736	0.0	0.0	2	0.9514015039458514	-28.029945293166147	138.0	22	1.05	0.95				
	208	1	133.20934991999997	27.265071621052627	0.0	0.0	2	0.9576614379165471	-24.097428668087446	138.0	22	1.05	0.95				
	209	1	136.32535810526315	28.04407366736842	0.0	0.0	2	1.024855588807707	-12.0122250692526	138.0	23	1.05	0.95				
	210	1	151.90539903157892	31.160081852631578	0.0	0.0	2	1.05	-14.151281226793847	138.0	23	1.05	0.95				
	211	1	0.0	0.0	0.0	0.0	2	1.0312409156757159	-6.986230675885394	230.0	23	1.05	0.95				
	212	1	0.0	0.0	0.0	0.0	2	1.0227818152595436	-5.783858245717332	230.0	23	1.05	0.95				
	213	2	206.43554227368418	42.06611050105263	0.0	0.0	2	1.0464589965367328	-3.248936862397148	230.0	24	1.05	0.95				
	214	2	151.12639698526314	30.381079806315785	0.0	0.0	2	1.0499999773117081	-4.421486123250318	230.0	26	1.05	0.95				
	215	2	246.94364868210522	49.85613096421052	0.0	0.0	2	1.043572086928386	4.107879209253147	230.0	26	1.05	0.95				
	216	2	77.90020463157894	15.580040926315789	0.0	0.0	2	1.0485522515486332	4.039690079567544	230.0	26	1.05	0.95				
	217	1	0.0	0.0	0.0	0.0	2	1.0487858506984125	7.437642520254968	230.0	27	1.05	0.95				
	218	2	259.4076814231579	52.97213914947368	0.0	0.0	2	1.049999987253494	8.106090724751587	230.0	27	1.05	0.95				
	219	1	140.9993703831579	28.82307571368421	0.0	0.0	2	1.0435758591018978	3.4187144618832903	230.0	25	1.05	0.95				
	220	1	99.71226192842104	20.254053204210525	0.0	0.0	2	1.0461494445644355	4.334181982751879	230.0	25	1.05	0.95				
	221	2	0.0	0.0	0.0	0.0	2	1.05	8.498897206285342	230.0	27	1.05	0.95				
	222	2	0.0	0.0	0.0	0.0	2	1.05	14.594401875206287	230.0	27	1.05	0.95				
	223	2	0.0	0.0	0.0	0.0	2	1.05	5.401750912253114	230.0	25	1.05	0.95				
	224	1	0.0	0.0	0.0	0.0	2	1.0213840090720414	-0.4079617624904578	230.0	26	1.05	0.95				
	301	2	68.89655171368423	14.03448275649123	0.0	0.0	3	1.0135282853167866	-18.51317001898796	138.0	31	1.05	0.95				
	302	2	61.879310335438596	12.758620687719299	0.0	0.0	3	1.0121385914579872	-18.85853970153798	138.0	32	1.05	0.95				
	303	1	114.8275861894737	23.603448272280705	0.0	0.0	3	1.0307782414021598	-10.421722553523141	138.0	31	1.05	0.95				
	304	1	47.20689654456141	9.568965515789476	0.0	0.0	3	1.0088844840420994	-17.51625940233744	138.0	31	1.05	0.95				
	305	1	45.29310344140351	8.931034481403511	0.0	0.0	3	1.0233556407668791	-18.441303248033243	138.0	31	1.05	0.95				
	306	1	86.75862067649125	17.862068962807022	0.0	-100.0	3	1.035286641994397	-19.117913750715285	138.0	32	1.05	0.95				
	307	2	79.74137929824563	15.948275859649124	0.0	0.0	3	1.0043373021678799	-21.14569892025222	138.0	32	1.05	0.95				
	308	1	109.08620688000002	22.327586203508773	0.0	0.0	3	1.000972750956048	-20.583858018759162	138.0	32	1.05	0.95				
	309	1	111.63793101754386	22.96551723789474	0.0	0.0	3	1.0278326696454638	-13.814473350412753	138.0	33	1.05	0.95				
	310	1	124.39655170526318	25.517241375438598	0.0	0.0	3	1.05	-16.324322480648227	138.0	33	1.05	0.95				
	311	1	0.0	0.0	0.0	0.0	3	1.018420598240916	-9.429518525077047	230.0	33	1.05	0.95				
	312	1	0.0	0.0	0.0	0.0	3	1.0179042386310746	-8.692279935316508	230.0	33	1.05	0.95				
	313	2	169.0517241122807	34.448275856842116	0.0	0.0	3	1.0260612195246943	-5.440575046087056	230.0	34	1.05	0.95				
	314	2	123.75862067087719	24.879310341052634	0.0	0.0	3	1.0279445996759424	-7.3219013927556365	230.0	36	1.05	0.95				
	315	2	202.22413790035088	40.82758620070176	0.0	0.0	3	1.047119899833682	-0.569581997136201	230.0	36	1.05	0.95				
	316	2	63.793103438596496	12.758620687719299	0.0	0.0	3	1.0464835364531848	-0.4865180250670038	230.0	36	1.05	0.95				
	317	1	0.0	0.0	0.0	0.0	3	1.0482889874927894	1.7140760746899149	230.0	37	1.05	0.95				
	318	2	212.43103445052634	43.379310338245624	0.0	0.0	3	1.048024657369938	1.8405068072521609	230.0	37	1.05	0.95				
	319	1	115.46551722385968	23.603448272280705	0.0	0.0	3	1.0417983634214392	-1.5885992751799578	230.0	35	1.05	0.95				
	320	1	81.65517240140352	16.58620689403509	0.0	0.0	3	1.0430602825892978	-1.3486057323658935	230.0	35	1.05	0.95				
	321	2	0.0	0.0	0.0	0.0	3	1.05	2.9571205556065348	230.0	37	1.05	0.95				
	322	2	0.0	0.0	0.0	0.0	3	1.05	8.244767873662436	230.0	37	1.05	0.95				
	323	2	0.0	0.0	0.0	0.0	3	1.0452880873226755	-0.7472825460115305	230.0	35	1.05	0.95				
	324	1	0.0	0.0	0.0	0.0	3	1.0286119277231869	-4.237706984673984	230.0	36	1.05	0.95				
	325	1	0.0	0.0	0.0	0.0	3	1.0417641845220758	0.407215353613035	230.0	35	1.05	0.95				
];
