%% MATPOWER Case Format : Version 2
function mpc = RTS_GMLC
mpc.version = '2';

%%-----  Power Flow Data  -----%%
%% system MVA base
mpc.baseMVA = 100.0;
%% bus data
%    bus_i    type    Pd    Qd    Gs    Bs    area    Vm    Va    baseKV    zone    Vmax    Vmin
mpc.bus = [
	101	2	90.13805048842106	18.36145472912281	0.0	0.0	1	1.040005570494954	-3.6906555660243874	138.0	11	1.05	0.95				
	102	2	80.95732312385965	16.692231571929828	0.0	0.0	1	1.040179826209727	-3.706697926841882	138.0	12	1.05	0.95				
	103	1	150.23008414736842	30.880628408070177	0.0	0.0	1	1.0197599218743896	-4.7480990799314045	138.0	11	1.05	0.95				
	104	1	61.76125681614035	12.519173678947368	0.0	0.0	1	1.020082259491433	-6.485732338939313	138.0	11	1.05	0.95				
	105	1	59.25742208035088	11.68456210035088	0.0	0.0	1	1.0338134801492702	-6.896571336093588	138.0	11	1.05	0.95				
	106	1	113.50717468912282	23.36912420070176	0.0	-100.0	1	1.03537090033747	-9.435522201614738	138.0	12	1.05	0.95				
	107	2	104.3264473245614	20.86528946491228	0.0	0.0	1	1.0463368806355158	-5.321272503536796	138.0	12	1.05	0.95				
	108	1	142.71857994	29.211405250877192	0.0	0.0	1	1.0209564473609072	-8.532661474825852	138.0	12	1.05	0.95				
	109	1	146.05702625438596	30.046016829473682	0.0	0.0	1	1.0273869145334953	-6.079793040279357	138.0	13	1.05	0.95				
	110	1	162.74925782631578	33.384463143859655	0.0	0.0	1	1.05	-7.542681655886818	138.0	13	1.05	0.95				
	111	1	0.0	0.0	0.0	0.0	1	1.0170168612018364	-2.827296524788316	230.0	13	1.05	0.95				
	112	1	0.0	0.0	0.0	0.0	1	1.0184165601764605	-1.6136896721647807	230.0	13	1.05	0.95				
	113	3	221.1720683280702	45.06902524421053	0.0	0.0	1	1.0219652117908482	1.980376396367044e-27	230.0	14	1.05	0.95				
	114	2	161.9146462477193	32.54985156526316	0.0	0.0	1	1.020725653028082	-1.3105346375871163	230.0	16	1.05	0.95				
	115	2	264.57187041508774	53.41514103017544	0.0	0.0	1	1.0448241851520823	6.047115503616524	230.0	16	1.05	0.95				
	116	2	83.46115785964912	16.692231571929828	0.0	0.0	1	1.0443663962722438	5.905850417204312	230.0	16	1.05	0.95				
	117	1	0.0	0.0	0.0	0.0	1	1.0475784971098794	8.75926234661685	230.0	17	1.05	0.95				
	118	2	277.9256556726316	56.75358734456141	0.0	0.0	1	1.0492905651831481	9.302372234290084	230.0	17	1.05	0.95				
	119	1	151.06469572596492	30.880628408070177	0.0	0.0	1	1.0389812739288018	5.142421441544614	230.0	15	1.05	0.95				
	120	1	106.83028206035088	21.699901043508774	0.0	0.0	1	1.041584466455381	5.916624635722183	230.0	15	1.05	0.95				
	121	2	0.0	0.0	0.0	0.0	1	1.05	9.97342850119615	230.0	17	1.05	0.95				
	122	2	0.0	0.0	0.0	0.0	1	1.05	16.29462095861617	230.0	17	1.05	0.95				
	123	2	0.0	0.0	0.0	0.0	1	1.0456795928053997	6.95153679660701	230.0	15	1.05	0.95				
	124	1	0.0	0.0	0.0	0.0	1	1.0219291346690322	2.060117700900507	230.0	16	1.05	0.95				
	201	2	84.35321893894736	17.183063117192983	0.0	0.0	2	1.0426452084228959	-9.524730262997364	138.0	21	1.05	0.95				
	202	2	75.76168738035086	15.620966470175437	0.0	0.0	2	1.0427082184442609	-9.643051980988009	138.0	22	1.05	0.95				
	203	1	140.58869823157895	28.898787969824557	0.0	0.0	2	1.0274618089335377	-7.25552144937139	138.0	21	1.05	0.95				
	204	1	57.797575939649114	11.715724852631578	0.0	0.0	2	1.0201747445867295	-11.182249055048775	138.0	21	1.05	0.95				
	205	1	55.454430969122804	10.934676529122807	0.0	0.0	2	1.0364167304640386	-11.509407649338785	138.0	21	1.05	0.95				
	206	1	106.22257199719299	21.869353058245615	0.0	-100.0	2	1.0382631547468943	-13.364544977808196	138.0	22	1.05	0.95				
	207	2	97.63104043859649	19.526208087719297	0.0	0.0	2	0.9519470320640965	-25.15142894829731	138.0	22	1.05	0.95				
	208	1	133.55926331999999	27.33669132280701	0.0	0.0	2	0.9582865045631853	-21.214420540922813	138.0	22	1.05	0.95				
	209	1	136.68345661403507	28.117739646315787	0.0	0.0	2	1.0265416886662573	-9.298974000470945	138.0	23	1.05	0.95				
	210	1	152.3044230842105	31.241932940350875	0.0	0.0	2	1.05	-11.082359427883796	138.0	23	1.05	0.95				
	211	1	0.0	0.0	0.0	0.0	2	1.0293565273741316	-4.529621755090633	230.0	23	1.05	0.95				
	212	1	0.0	0.0	0.0	0.0	2	1.024738176347228	-1.4650992077883969	230.0	23	1.05	0.95				
	213	2	206.97780572982452	42.17660946947368	0.0	0.0	2	1.043178486432964	-0.5422643322416038	230.0	24	1.05	0.95				
	214	2	151.52337476070173	30.460884616842105	0.0	0.0	2	1.0449069750394326	-2.561322614328743	230.0	26	1.05	0.95				
	215	2	247.5923185522807	49.9870927045614	0.0	0.0	2	1.0453968127868238	4.894985905467063	230.0	26	1.05	0.95				
	216	2	78.10483235087719	15.620966470175437	0.0	0.0	2	1.0486795834298552	5.035546880563938	230.0	26	1.05	0.95				
	217	1	0.0	0.0	0.0	0.0	2	1.0496258236183331	7.872103576932545	230.0	27	1.05	0.95				
	218	2	260.08909172842107	53.11128599859649	0.0	0.0	2	1.05	8.632057814200701	230.0	27	1.05	0.95				
	219	1	141.36974655508772	28.898787969824557	0.0	0.0	2	1.0435195910435178	4.829824763143803	230.0	25	1.05	0.95				
	220	1	99.9741854091228	20.30725641122807	0.0	0.0	2	1.0460026191466902	6.110979700188358	230.0	25	1.05	0.95				
	221	2	0.0	0.0	0.0	0.0	2	1.05	9.10855334807744	230.0	27	1.05	0.95				
	222	2	0.0	0.0	0.0	0.0	2	1.05	15.13534021212693	230.0	27	1.05	0.95				
	223	2	0.0	0.0	0.0	0.0	2	1.05	7.380218316325396	230.0	25	1.05	0.95				
	224	1	0.0	0.0	0.0	0.0	2	1.0233792576210634	0.37296171308244686	230.0	26	1.05	0.95				
	301	2	82.80227777684212	16.867130658245618	0.0	0.0	3	1.0134274807544994	-15.921477048965093	138.0	31	1.05	0.95				
	302	2	74.3687124477193	15.333755143859651	0.0	0.0	3	1.011942399045444	-16.286271468973236	138.0	32	1.05	0.95				
	303	1	138.00379629473687	28.36744701614035	0.0	0.0	3	1.0321902756484127	-6.634708290601312	138.0	31	1.05	0.95				
	304	1	56.7348940322807	11.500316357894738	0.0	0.0	3	1.0054678390895875	-14.623171450628401	138.0	31	1.05	0.95				
	305	1	54.43483076070176	10.733628600701756	0.0	0.0	3	1.0210598759070768	-15.27822895747297	138.0	31	1.05	0.95				
	306	1	104.26953497824563	21.467257201403513	0.0	-100.0	3	1.0311741901766085	-15.757224973850994	138.0	32	1.05	0.95				
	307	2	95.83596964912282	19.167193929824563	0.0	0.0	3	1.0051078268686524	-18.265299639657957	138.0	32	1.05	0.95				
	308	1	131.10360648000002	26.834071501754387	0.0	0.0	3	1.0001130403612157	-17.078201834181282	138.0	32	1.05	0.95				
	309	1	134.17035750877196	27.60075925894737	0.0	0.0	3	1.0275557299925293	-10.130800515261162	138.0	33	1.05	0.95				
	310	1	149.5041126526316	30.667510287719303	0.0	0.0	3	1.05	-12.176420431579087	138.0	33	1.05	0.95				
	311	1	0.0	0.0	0.0	0.0	3	1.0211776548151708	-4.97675165217527	230.0	33	1.05	0.95				
	312	1	0.0	0.0	0.0	0.0	3	1.021644345562551	-4.165770526617861	230.0	33	1.05	0.95				
	313	2	203.17225565614038	41.40113888842106	0.0	0.0	3	1.0362308219991654	0.1811953851340974	230.0	34	1.05	0.95				
	314	2	148.7374248954386	29.900822530526323	0.0	0.0	3	1.0301843358751404	-3.431210423739056	230.0	36	1.05	0.95				
	315	2	243.04001903017544	49.06801646035088	0.0	0.0	3	1.045846657047244	0.35606851926006533	230.0	36	1.05	0.95				
	316	2	76.66877571929825	15.333755143859651	0.0	0.0	3	1.043140523657643	0.015576760680222346	230.0	36	1.05	0.95				
	317	1	0.0	0.0	0.0	0.0	3	1.046679338757628	2.279259554521089	230.0	37	1.05	0.95				
	318	2	255.3070231452632	52.134767489122815	0.0	0.0	3	1.0471328318048483	2.4018429407510427	230.0	37	1.05	0.95				
	319	1	138.77048405192986	28.36744701614035	0.0	0.0	3	1.037571823051894	-0.6774507707575819	230.0	35	1.05	0.95				
	320	1	98.13603292070177	19.933881687017546	0.0	0.0	3	1.0390309310242298	-0.039036273253660686	230.0	35	1.05	0.95				
	321	2	0.0	0.0	0.0	0.0	3	1.05	3.6347975676629507	230.0	37	1.05	0.95				
	322	2	0.0	0.0	0.0	0.0	3	1.05	8.877657223908786	230.0	37	1.05	0.95				
	323	2	0.0	0.0	0.0	0.0	3	1.0412128299692314	0.5410529048373874	230.0	35	1.05	0.95				
	324	1	0.0	0.0	0.0	0.0	3	1.0332954435828494	-1.002634041677008	230.0	36	1.05	0.95				
	325	1	0.0	0.0	0.0	0.0	3	1.0400961936654614	1.3330731023513918	230.0	35	1.05	0.95				
];
