%% MATPOWER Case Format : Version 2
function mpc = RTS_GMLC
mpc.version = '2';

%%-----  Power Flow Data  -----%%
%% system MVA base
mpc.baseMVA = 100.0;
%% bus data
%    bus_i    type    Pd    Qd    Gs    Bs    area    Vm    Va    baseKV    zone    Vmax    Vmin
mpc.bus = [
	101	2	85.67590301052633	17.452498761403508	0.0	0.0	1	1.0334845891640991	-4.58049357143225	138.0	11	1.05	0.95				
	102	2	76.94965362982455	15.865907964912282	0.0	0.0	1	1.0334791394629508	-4.633091014965034	138.0	12	1.05	0.95				
	103	1	142.79317168421053	29.35192973508772	0.0	0.0	1	1.0183166537689103	-4.883428498610325	138.0	11	1.05	0.95				
	104	1	58.70385947017544	11.89943097368421	0.0	0.0	1	1.0158539289482413	-7.158247324749705	138.0	11	1.05	0.95				
	105	1	56.32397327543859	11.106135575438596	0.0	0.0	1	1.0313118178719367	-7.232092836934354	138.0	11	1.05	0.95				
	106	1	107.8881741614035	22.212271150877193	0.0	-100.0	1	1.0352926843958155	-9.437605832957914	138.0	12	1.05	0.95				
	107	2	99.16192478070175	19.832384956140352	0.0	0.0	1	1.0472690401718243	-4.579088103617229	138.0	12	1.05	0.95				
	108	1	135.6535131	27.76533893859649	0.0	0.0	1	1.0225829939922615	-7.9326148993810435	138.0	12	1.05	0.95				
	109	1	138.82669469298244	28.558634336842104	0.0	0.0	1	1.0269656096788138	-6.0145032906010245	138.0	13	1.05	0.95				
	110	1	154.69260265789472	31.731815929824563	0.0	0.0	1	1.05	-7.416871355008153	138.0	13	1.05	0.95				
	111	1	0.0	0.0	0.0	0.0	1	1.0164074411759716	-2.6582351011426946	230.0	13	1.05	0.95				
	112	1	0.0	0.0	0.0	0.0	1	1.0176974876256408	-1.499432058770809	230.0	13	1.05	0.95				
	113	3	210.2232805350877	42.83795150526316	0.0	0.0	1	1.0207696245512188	2.5611445979746586e-28	230.0	14	1.05	0.95				
	114	2	153.8993072596491	30.938520531578952	0.0	0.0	1	1.0204020007005399	-0.9165008747554894	230.0	16	1.05	0.95				
	115	2	251.47464124385962	50.7709054877193	0.0	0.0	1	1.044947634338872	6.5297659836126885	230.0	16	1.05	0.95				
	116	2	79.32953982456141	15.865907964912282	0.0	0.0	1	1.0444054251112276	6.352191648302501	230.0	16	1.05	0.95				
	117	1	0.0	0.0	0.0	0.0	1	1.0475898381964828	9.16680269816348	230.0	17	1.05	0.95				
	118	2	264.16736761578943	53.94408708070175	0.0	0.0	1	1.0492080225894873	9.712524367277776	230.0	17	1.05	0.95				
	119	1	143.58646708245615	29.35192973508772	0.0	0.0	1	1.039117205032625	5.541624123452405	230.0	15	1.05	0.95				
	120	1	101.5418109754386	20.625680354385963	0.0	0.0	1	1.0416500575783492	6.330778895818392	230.0	15	1.05	0.95				
	121	2	0.0	0.0	0.0	0.0	1	1.05	10.444791585223918	230.0	17	1.05	0.95				
	122	2	0.0	0.0	0.0	0.0	1	1.05	16.526499107716987	230.0	17	1.05	0.95				
	123	2	0.0	0.0	0.0	0.0	1	1.0455132398627214	7.344319385651911	230.0	15	1.05	0.95				
	124	1	0.0	0.0	0.0	0.0	1	1.0206771081973733	2.3190185265188408	230.0	16	1.05	0.95				
	201	2	78.06327718736841	15.90177868631579	0.0	0.0	2	1.0396892108498643	-8.9452592342492	138.0	21	1.05	0.95				
	202	2	70.11238784421052	14.456162442105263	0.0	0.0	2	1.039633274736171	-9.074432056815263	138.0	22	1.05	0.95				
	203	1	130.10546197894737	26.743900517894737	0.0	0.0	2	1.0286386478817373	-6.611408498730267	138.0	21	1.05	0.95				
	204	1	53.487801035789474	10.842121831578947	0.0	0.0	2	1.0197025123436225	-10.928252952637214	138.0	21	1.05	0.95				
	205	1	51.319376669473684	10.119313709473685	0.0	0.0	2	1.035607753419087	-11.245183218559003	138.0	21	1.05	0.95				
	206	1	98.30190460631579	20.23862741894737	0.0	-100.0	2	1.0391019676675324	-13.225418256811974	138.0	22	1.05	0.95				
	207	2	90.35101526315789	18.070203052631577	0.0	0.0	2	0.9658740801851342	-24.11862694508715	138.0	22	1.05	0.95				
	208	1	123.60018887999999	25.298284273684207	0.0	0.0	2	0.9696423872051817	-20.541726954332997	138.0	22	1.05	0.95				
	209	1	126.49142136842104	26.02109239578947	0.0	0.0	2	1.0260710838198184	-9.53254271038748	138.0	23	1.05	0.95				
	210	1	140.9475838105263	28.912324884210527	0.0	0.0	2	1.05	-11.315784148543479	138.0	23	1.05	0.95				
	211	1	0.0	0.0	0.0	0.0	2	1.0248807015326817	-4.761532559617546	230.0	23	1.05	0.95				
	212	1	0.0	0.0	0.0	0.0	2	1.0197936025391825	-3.5821626136689853	230.0	23	1.05	0.95				
	213	2	191.54415235789472	39.03163859368421	0.0	0.0	2	1.0349407434321953	-1.3183297386668127	230.0	24	1.05	0.95				
	214	2	140.22477568842103	28.189516762105267	0.0	0.0	2	1.0392316665397026	-2.2581041714522114	230.0	26	1.05	0.95				
	215	2	229.1301747073684	46.25971981473684	0.0	0.0	2	1.0456784469901883	5.7288818095627425	230.0	26	1.05	0.95				
	216	2	72.2808122105263	14.456162442105263	0.0	0.0	2	1.0484186445313284	5.70578927192925	230.0	26	1.05	0.95				
	217	1	0.0	0.0	0.0	0.0	2	1.0494475524131648	8.643100082390081	230.0	27	1.05	0.95				
	218	2	240.69510466105265	49.150952303157894	0.0	0.0	2	1.05	9.52051040201705	230.0	27	1.05	0.95				
	219	1	130.82827010105262	26.743900517894737	0.0	0.0	2	1.044053613863457	5.244376916211772	230.0	25	1.05	0.95				
	220	1	92.51943962947368	18.793011174736844	0.0	0.0	2	1.0464841834422334	6.194075127665319	230.0	25	1.05	0.95				
	221	2	0.0	0.0	0.0	0.0	2	1.05	9.973837321968217	230.0	27	1.05	0.95				
	222	2	0.0	0.0	0.0	0.0	2	1.05	15.963548089545192	230.0	27	1.05	0.95				
	223	2	0.0	0.0	0.0	0.0	2	1.05	7.240370231982058	230.0	25	1.05	0.95				
	224	1	0.0	0.0	0.0	0.0	2	1.0237303087225436	1.132067766285828	230.0	26	1.05	0.95				
	301	2	64.0961721094737	13.056627651929825	0.0	0.0	3	1.0118799057284913	-16.450035958131615	138.0	31	1.05	0.95				
	302	2	57.56785828350878	11.869661501754388	0.0	0.0	3	1.0107531108493457	-16.732998909353707	138.0	32	1.05	0.95				
	303	1	106.82695351578948	21.958873778245618	0.0	0.0	3	1.0236739550690812	-10.590959876233116	138.0	31	1.05	0.95				
	304	1	43.917747556491236	8.90224612631579	0.0	0.0	3	1.0089794915958747	-15.41035400296049	138.0	31	1.05	0.95				
	305	1	42.137298331228074	8.308763051228071	0.0	0.0	3	1.0230692187279327	-16.114161817875363	138.0	31	1.05	0.95				
	306	1	80.71369821192984	16.617526102456143	0.0	-100.0	3	1.0362549202886884	-16.600281684812984	138.0	32	1.05	0.95				
	307	2	74.18538438596491	14.837076877192985	0.0	0.0	3	1.006085605301356	-18.10972252913559	138.0	32	1.05	0.95				
	308	1	101.48560584000002	20.771907628070178	0.0	0.0	3	1.0036561633634122	-17.770271142406948	138.0	32	1.05	0.95				
	309	1	103.85953814035089	21.365390703157896	0.0	0.0	3	1.0273422059655302	-11.90383656715771	138.0	33	1.05	0.95				
	310	1	115.72919964210526	23.739323003508776	0.0	0.0	3	1.05	-13.873764381740392	138.0	33	1.05	0.95				
	311	1	0.0	0.0	0.0	0.0	3	1.015588819837589	-7.402355533990793	230.0	33	1.05	0.95				
	312	1	0.0	0.0	0.0	0.0	3	1.0159358234463693	-6.3585282886530985	230.0	33	1.05	0.95				
	313	2	157.27301489824563	32.04808605473685	0.0	0.0	3	1.0231643827827503	-3.0363178855357824	230.0	34	1.05	0.95				
	314	2	115.13571656701755	23.145839928421054	0.0	0.0	3	1.0221356727142066	-5.743912202329351	230.0	36	1.05	0.95				
	315	2	188.13413480280704	37.98291680561404	0.0	0.0	3	1.0453422674348083	0.48387073046801826	230.0	36	1.05	0.95				
	316	2	59.34830750877194	11.869661501754388	0.0	0.0	3	1.042726600228425	0.19161976644578504	230.0	36	1.05	0.95				
	317	1	0.0	0.0	0.0	0.0	3	1.0465622967958887	2.64210736014015	230.0	37	1.05	0.95				
	318	2	197.62986400421053	40.35684910596492	0.0	0.0	3	1.0475128060852423	2.9419436427565384	230.0	37	1.05	0.95				
	319	1	107.42043659087722	21.958873778245618	0.0	0.0	3	1.0390602527029706	-0.03693370158705064	230.0	35	1.05	0.95				
	320	1	75.96583361122808	15.430559952280703	0.0	0.0	3	1.0406136977012057	0.8878872345753098	230.0	35	1.05	0.95				
	321	2	0.0	0.0	0.0	0.0	3	1.05	4.031043951975832	230.0	37	1.05	0.95				
	322	2	0.0	0.0	0.0	0.0	3	1.05	9.260754009776031	230.0	37	1.05	0.95				
	323	2	0.0	0.0	0.0	0.0	3	1.043038954991353	1.8347067528060643	230.0	35	1.05	0.95				
	324	1	0.0	0.0	0.0	0.0	3	1.023353592984272	-3.6209605444658473	230.0	36	1.05	0.95				
	325	1	0.0	0.0	0.0	0.0	3	1.0420936225507031	2.5568277190307	230.0	35	1.05	0.95				
];
