%% MATPOWER Case Format : Version 2
function mpc = RTS_GMLC
mpc.version = '2';

%%-----  Power Flow Data  -----%%
%% system MVA base
mpc.baseMVA = 100.0;
%% bus data
%    bus_i    type    Pd    Qd    Gs    Bs    area    Vm    Va    baseKV    zone    Vmax    Vmin
mpc.bus = [
	101	2	83.97921819789474	17.10687778105263	0.0	0.0	1	1.0499999370996722	-0.20714377966834527	138.0	11	1.05	0.95				
	102	2	75.42577930736843	15.551707073684213	0.0	0.0	1	1.0492669419295468	-0.5087143405843227	138.0	12	1.05	0.95				
	103	1	139.96536366315792	28.77065808631579	0.0	0.0	1	1.026295778228063	-0.38335497966051757	138.0	11	1.05	0.95				
	104	1	57.54131617263158	11.663780305263158	0.0	0.0	1	1.024967137645087	-4.006101890843163	138.0	11	1.05	0.95				
	105	1	55.20856011157894	10.886194951578949	0.0	0.0	1	1.0387465074844484	-4.558814448737924	138.0	11	1.05	0.95				
	106	1	105.75160810105264	21.772389903157897	0.0	-100.0	1	1.0384664519456732	-7.7622001624363905	138.0	12	1.05	0.95				
	107	2	97.19816921052632	19.439633842105263	0.0	0.0	1	1.009637320671517	-13.282367012953344	138.0	12	1.05	0.95				
	108	1	132.96709548	27.215487378947365	0.0	0.0	1	0.9985643274640821	-12.536551360979983	138.0	12	1.05	0.95				
	109	1	136.07743689473685	27.99307273263158	0.0	0.0	1	1.0256300776291818	-4.839431738868383	138.0	13	1.05	0.95				
	110	1	151.62914396842106	31.103414147368426	0.0	0.0	1	1.05	-6.610553707759755	138.0	13	1.05	0.95				
	111	1	0.0	0.0	0.0	0.0	1	1.0184809180024803	-1.6052477229094457	230.0	13	1.05	0.95				
	112	1	0.0	0.0	0.0	0.0	1	1.018326390059642	-1.384400080537234	230.0	13	1.05	0.95				
	113	3	206.0601187263158	41.98960909894737	0.0	0.0	1	1.0200036397365992	-2.6781193629841422e-30	230.0	14	1.05	0.95				
	114	2	150.85155861473686	30.325828793684213	0.0	0.0	1	1.0278693011221764	1.0875036179189612	230.0	16	1.05	0.95				
	115	2	246.49455711789474	49.765462635789476	0.0	0.0	1	1.0424323207959378	11.036488835974406	230.0	16	1.05	0.95				
	116	2	77.75853536842105	15.551707073684213	0.0	0.0	1	1.0418901959253257	9.671415743189673	230.0	16	1.05	0.95				
	117	1	0.0	0.0	0.0	0.0	1	1.0454813737821087	14.059677575461864	230.0	17	1.05	0.95				
	118	2	258.9359227768421	52.87580405052632	0.0	0.0	1	1.0499999863391805	14.912872808998086	230.0	17	1.05	0.95				
	119	1	140.74294901684212	28.77065808631579	0.0	0.0	1	1.0360210697482555	7.121084255141102	230.0	15	1.05	0.95				
	120	1	99.53092527157895	20.217219195789475	0.0	0.0	1	1.0378447409279392	5.8590154345526875	230.0	15	1.05	0.95				
	121	2	0.0	0.0	0.0	0.0	1	1.05	17.018995386906873	230.0	17	1.05	0.95				
	122	2	0.0	0.0	0.0	0.0	1	1.05	25.42701964336114	230.0	17	1.05	0.95				
	123	2	0.0	0.0	0.0	0.0	1	1.0409579499336075	5.742168022051109	230.0	15	1.05	0.95				
	124	1	0.0	0.0	0.0	0.0	1	1.022100669437292	6.780512968869243	230.0	16	1.05	0.95				
	201	2	81.63324413052632	16.628994174736846	0.0	0.0	2	1.0376310364130013	-13.076904074019291	138.0	21	1.05	0.95				
	202	2	73.31874704315791	15.117267431578952	0.0	0.0	2	1.0382449953733925	-13.049333414085282	138.0	22	1.05	0.95				
	203	1	136.05540688421053	27.966944748421056	0.0	0.0	2	1.0178518365325901	-11.552502333913123	138.0	21	1.05	0.95				
	204	1	55.93388949684211	11.33795057368421	0.0	0.0	2	1.0180824586222583	-14.069211937473902	138.0	21	1.05	0.95				
	205	1	53.666299382105265	10.582087202105265	0.0	0.0	2	1.0342762961286063	-14.39160673588115	138.0	21	1.05	0.95				
	206	1	102.79741853473685	21.16417440421053	0.0	-100.0	2	1.038097132721466	-15.823073293481322	138.0	22	1.05	0.95				
	207	2	94.48292144736843	18.896584289473687	0.0	0.0	2	0.9576990816059892	-27.008235310316145	138.0	22	1.05	0.95				
	208	1	129.25263654	26.45521800526316	0.0	0.0	2	0.9629158970988357	-23.226967726351553	138.0	22	1.05	0.95				
	209	1	132.27609002631579	27.211081376842106	0.0	0.0	2	1.0256182467657873	-11.842591087852387	138.0	23	1.05	0.95				
	210	1	147.39335745789475	30.234534863157904	0.0	0.0	2	1.05	-13.343203336367468	138.0	23	1.05	0.95				
	211	1	0.0	0.0	0.0	0.0	2	1.0288878340675018	-7.748756745960455	230.0	23	1.05	0.95				
	212	1	0.0	0.0	0.0	0.0	2	1.0242618964574752	-2.2112696967208865	230.0	23	1.05	0.95				
	213	2	200.30379346842108	40.81662206526316	0.0	0.0	2	1.0408685610691744	-4.476437322326792	230.0	24	1.05	0.95				
	214	2	146.63749408631583	29.47867149157895	0.0	0.0	2	1.0423906100609575	-5.935859639958319	230.0	26	1.05	0.95				
	215	2	239.60868879052634	48.37525578105264	0.0	0.0	2	1.0431532949822835	1.0637576775263877	230.0	26	1.05	0.95				
	216	2	75.58633715789475	15.117267431578952	0.0	0.0	2	1.04498391999707	1.310990689861333	230.0	26	1.05	0.95				
	217	1	0.0	0.0	0.0	0.0	2	1.0464132995453064	3.4431786040880796	230.0	27	1.05	0.95				
	218	2	251.7025027357895	51.398709267368424	0.0	0.0	2	1.0461621808134127	3.3219577512394585	230.0	27	1.05	0.95				
	219	1	136.8112702557895	27.966944748421056	0.0	0.0	2	1.0408093631004274	2.4430018666278857	230.0	25	1.05	0.95				
	220	1	96.75051156210527	19.652447661052637	0.0	0.0	2	1.044605080469532	4.847109431871162	230.0	25	1.05	0.95				
	221	2	0.0	0.0	0.0	0.0	2	1.0466866624585442	3.3432036939509397	230.0	27	1.05	0.95				
	222	2	0.0	0.0	0.0	0.0	2	1.05	9.891907578439271	230.0	27	1.05	0.95				
	223	2	0.0	0.0	0.0	0.0	2	1.05	6.709558532888395	230.0	25	1.05	0.95				
	224	1	0.0	0.0	0.0	0.0	2	1.0177891048499952	-3.599899260090745	230.0	26	1.05	0.95				
	301	2	73.95317935578947	15.064536535438593	0.0	0.0	3	0.9976466487373593	12.16967749238372	138.0	31	1.05	0.95				
	302	2	66.42091108807017	13.695033214035087	0.0	0.0	3	0.9999107625289883	12.07926474765342	138.0	32	1.05	0.95				
	303	1	123.25529892631577	25.335811445964907	0.0	0.0	3	1.0157405491909774	16.716773706736973	138.0	31	1.05	0.95				
	304	1	50.671622891929815	10.271274910526314	0.0	0.0	3	0.997908924620924	14.707831666843179	138.0	31	1.05	0.95				
	305	1	48.61736790982455	9.58652324982456	0.0	0.0	3	1.009240180222519	14.282179530250971	138.0	31	1.05	0.95				
	306	1	93.12622585543859	19.17304649964912	0.0	-100.0	3	1.024193383508884	14.703375838707194	138.0	32	1.05	0.95				
	307	2	85.59395758771929	17.11879151754386	0.0	0.0	3	0.97504211590005	10.821482319537251	138.0	32	1.05	0.95				
	308	1	117.09253397999998	23.9663081245614	0.0	0.0	3	0.9874189805853827	13.978495817044994	138.0	32	1.05	0.95				
	309	1	119.83154062280701	24.651059785263154	0.0	0.0	3	1.022151562363875	19.670057000026855	138.0	33	1.05	0.95				
	310	1	133.5265738368421	27.390066428070174	0.0	0.0	3	1.042378895739364	18.618686656280435	138.0	33	1.05	0.95				
	311	1	0.0	0.0	0.0	0.0	3	1.010738447159317	25.801778846347403	230.0	33	1.05	0.95				
	312	1	0.0	0.0	0.0	0.0	3	1.017334480651523	27.02241665362816	230.0	33	1.05	0.95				
	313	2	181.4591900859649	36.97658967789474	0.0	0.0	3	1.0395680724193843	34.77715984825407	230.0	34	1.05	0.95				
	314	2	132.84182217614034	26.70531476736842	0.0	0.0	3	1.012907359961442	24.404698481691778	230.0	36	1.05	0.95				
	315	2	217.06627644245611	43.824106284912276	0.0	0.0	3	1.0407150504241642	19.652776809838585	230.0	36	1.05	0.95				
	316	2	68.47516607017543	13.695033214035087	0.0	0.0	3	1.0404435439313806	21.078961378967552	230.0	36	1.05	0.95				
	317	1	0.0	0.0	0.0	0.0	3	1.05	21.967156839074125	230.0	37	1.05	0.95				
	318	2	228.02230301368417	46.563112927719295	0.0	0.0	3	1.047460346388875	19.346166476108333	230.0	37	1.05	0.95				
	319	1	123.94005058701754	25.335811445964907	0.0	0.0	3	1.0385296118277496	23.054276303531957	230.0	35	1.05	0.95				
	320	1	87.64821256982455	17.80354317824561	0.0	0.0	3	1.0402018916493252	24.703047553912516	230.0	35	1.05	0.95				
	321	2	0.0	0.0	0.0	0.0	3	1.0458914206014471	20.080623567822787	230.0	37	1.05	0.95				
	322	2	0.0	0.0	0.0	0.0	3	1.05	25.16335309022245	230.0	37	1.05	0.95				
	323	2	0.0	0.0	0.0	0.0	3	1.0410110828303607	25.209595831768404	230.0	35	1.05	0.95				
	324	1	0.0	0.0	0.0	0.0	3	1.0280269657460497	20.48029785061785	230.0	36	1.05	0.95				
	325	1	0.0	0.0	0.0	0.0	3	1.0432351653023504	24.518877473291873	230.0	35	1.05	0.95				
];
