%% MATPOWER Case Format : Version 2
function mpc = RTS_GMLC
mpc.version = '2';

%%-----  Power Flow Data  -----%%
%% system MVA base
mpc.baseMVA = 100.0;
%% bus data
%    bus_i    type    Pd    Qd    Gs    Bs    area    Vm    Va    baseKV    zone    Vmax    Vmin
mpc.bus = [
	101	2	60.399307288421056	12.303562595789472	0.0	0.0	1	1.0391833452522514	1.833439713804455	138.0	11	1.05	0.95				
	102	2	54.24752599052631	11.185056905263158	0.0	0.0	1	1.0380256753634087	1.4588500245292109	138.0	12	1.05	0.95				
	103	1	100.66551214736843	20.692355274736844	0.0	0.0	1	1.0257837759693198	1.5826311278285818	138.0	11	1.05	0.95				
	104	1	41.38471054947369	8.388792678947368	0.0	0.0	1	1.0221947164989378	-1.8655220822917415	138.0	11	1.05	0.95				
	105	1	39.70695201368421	7.829539833684211	0.0	0.0	1	1.036376031717635	-2.121199450957216	138.0	11	1.05	0.95				
	106	1	76.05838695578949	15.659079667368422	0.0	-100.0	1	1.0423578179796165	-4.9323419042930805	138.0	12	1.05	0.95				
	107	2	69.90660565789474	13.981321131578946	0.0	0.0	1	0.9974552660479034	-13.445088552989525	138.0	12	1.05	0.95				
	108	1	95.63223654	19.573849584210524	0.0	0.0	1	0.9963698224427046	-11.04568349671299	138.0	12	1.05	0.95				
	109	1	97.86924792105263	20.133102429473684	0.0	0.0	1	1.0240543506533064	-2.9870386429465117	138.0	13	1.05	0.95				
	110	1	109.0543048263158	22.370113810526316	0.0	0.0	1	1.05	-4.397541514855732	138.0	13	1.05	0.95				
	111	1	0.0	0.0	0.0	0.0	1	1.0124244843486434	-0.23403052831469573	230.0	13	1.05	0.95				
	112	1	0.0	0.0	0.0	0.0	1	1.0139755376393507	-0.9476036662978979	230.0	13	1.05	0.95				
	113	3	148.20200399473686	30.199653644210528	0.0	0.0	1	1.0074502806365053	-1.5303908934492444e-30	230.0	14	1.05	0.95				
	114	2	108.49505198105263	21.810860965263156	0.0	0.0	1	1.020337194316855	3.0511802750630093	230.0	16	1.05	0.95				
	115	2	177.28315194842105	35.792182096842104	0.0	0.0	1	1.03819333411402	12.99175528334031	230.0	16	1.05	0.95				
	116	2	55.925284526315785	11.185056905263158	0.0	0.0	1	1.0341875662811573	11.134170810988751	230.0	16	1.05	0.95				
	117	1	0.0	0.0	0.0	0.0	1	1.0392574406405561	17.19321502536428	230.0	17	1.05	0.95				
	118	2	186.23119747263158	38.029193477894744	0.0	0.0	1	1.05	17.985778752452266	230.0	17	1.05	0.95				
	119	1	101.22476499263158	20.692355274736844	0.0	0.0	1	1.0262842239381664	7.096763154206389	230.0	15	1.05	0.95				
	120	1	71.58436419368421	14.540573976842106	0.0	0.0	1	1.027052710154443	4.543766778298453	230.0	15	1.05	0.95				
	121	2	0.0	0.0	0.0	0.0	1	1.05	20.0000649469629	230.0	17	1.05	0.95				
	122	2	0.0	0.0	0.0	0.0	1	1.05	35.72184111128995	230.0	17	1.05	0.95				
	123	2	0.0	0.0	0.0	0.0	1	1.0290505354444859	3.5673587043387847	230.0	15	1.05	0.95				
	124	1	0.0	0.0	0.0	0.0	1	1.0193236352085604	8.724810122184314	230.0	16	1.05	0.95				
	201	2	66.52038406736843	13.55044860631579	0.0	0.0	2	1.024484628479462	-15.27716886451651	138.0	21	1.05	0.95				
	202	2	59.745159764210534	12.318589642105266	0.0	0.0	2	1.0255944206906351	-15.100987228141133	138.0	22	1.05	0.95				
	203	1	110.86730677894738	22.78939083789474	0.0	0.0	2	1.0137356359992153	-13.014838424985662	138.0	21	1.05	0.95				
	204	1	45.57878167578948	9.238942231578948	0.0	0.0	2	1.0144927892288103	-16.071702910617947	138.0	21	1.05	0.95				
	205	1	43.73099322947368	8.623012749473686	0.0	0.0	2	1.029508077453328	-16.529838494218055	138.0	21	1.05	0.95				
	206	1	83.7664095663158	17.246025498947372	0.0	-100.0	2	1.0391232933710817	-17.775283013391498	138.0	22	1.05	0.95				
	207	2	76.9911852631579	15.39823705263158	0.0	0.0	2	0.9889427701879475	-26.5967411756251	138.0	22	1.05	0.95				
	208	1	105.32394144000001	21.557531873684212	0.0	0.0	2	0.9882764698731135	-23.622369611752966	138.0	22	1.05	0.95				
	209	1	107.78765936842105	22.173461355789474	0.0	0.0	2	1.0243224619176545	-14.343848012090698	138.0	23	1.05	0.95				
	210	1	120.10624901052634	24.637179284210532	0.0	0.0	2	1.05	-15.831588974197055	138.0	23	1.05	0.95				
	211	1	0.0	0.0	0.0	0.0	2	1.0175064277624262	-10.546298352854922	230.0	23	1.05	0.95				
	212	1	0.0	0.0	0.0	0.0	2	1.01631628445059	-7.6049261944407895	230.0	23	1.05	0.95				
	213	2	163.22131275789476	33.26019203368421	0.0	0.0	2	1.0236055382543383	-7.915362084031044	230.0	24	1.05	0.95				
	214	2	119.49031952842107	24.021249802105267	0.0	0.0	2	1.0241002353781485	-8.33412005222574	230.0	26	1.05	0.95				
	215	2	195.24964582736843	39.419486854736846	0.0	0.0	2	1.033106943033952	-1.4955853765288778	230.0	26	1.05	0.95				
	216	2	61.59294821052632	12.318589642105266	0.0	0.0	2	1.0357114168838821	-1.4018381826545219	230.0	26	1.05	0.95				
	217	1	0.0	0.0	0.0	0.0	2	1.0365028210750238	-0.1323851007106762	230.0	27	1.05	0.95				
	218	2	205.10451754105264	41.8832047831579	0.0	0.0	2	1.0348120467269393	-0.9787458220673803	230.0	27	1.05	0.95				
	219	1	111.48323626105265	22.78939083789474	0.0	0.0	2	1.0368509458418924	-0.05584541660491919	230.0	25	1.05	0.95				
	220	1	78.83897370947369	16.014166534736844	0.0	0.0	2	1.043691927329091	2.271373197560522	230.0	25	1.05	0.95				
	221	2	0.0	0.0	0.0	0.0	2	1.0367101032908865	-0.33916861260497555	230.0	27	1.05	0.95				
	222	2	0.0	0.0	0.0	0.0	2	1.05	6.241413420471474	230.0	27	1.05	0.95				
	223	2	0.0	0.0	0.0	0.0	2	1.05	3.986280697160353	230.0	25	1.05	0.95				
	224	1	0.0	0.0	0.0	0.0	2	1.0115685278828979	-5.774760622443696	230.0	26	1.05	0.95				
	301	2	56.52831384	11.515026893333333	0.0	0.0	3	1.0093057345750667	11.42906953739778	138.0	31	1.05	0.95				
	302	2	50.770800393333325	10.468206266666668	0.0	0.0	3	1.0082733699355455	11.210574423081185	138.0	32	1.05	0.95				
	303	1	94.2138564	19.36618159333333	0.0	0.0	3	1.0404329128208663	20.59790297023788	138.0	31	1.05	0.95				
	304	1	38.73236318666666	7.8511547	0.0	0.0	3	1.0091181641494795	12.681684037615616	138.0	31	1.05	0.95				
	305	1	37.162132246666665	7.327744386666667	0.0	0.0	3	1.0228396017407873	11.647066616116138	138.0	31	1.05	0.95				
	306	1	71.18380261333334	14.655488773333333	0.0	-100.0	3	1.0377488871437386	11.167295221387628	138.0	32	1.05	0.95				
	307	2	65.42628916666666	13.085257833333333	0.0	0.0	3	0.9899161718720011	5.228257050501891	138.0	32	1.05	0.95				
	308	1	89.50316358	18.319360966666665	0.0	0.0	3	0.993784694567362	7.66845495588497	138.0	32	1.05	0.95				
	309	1	91.59680483333334	18.842771279999997	0.0	0.0	3	1.0270246527806213	16.022948081827646	138.0	33	1.05	0.95				
	310	1	102.06501109999999	20.936412533333336	0.0	0.0	3	1.05	13.54757834246572	138.0	33	1.05	0.95				
	311	1	0.0	0.0	0.0	0.0	3	1.010546616687268	19.05372028288407	230.0	33	1.05	0.95				
	312	1	0.0	0.0	0.0	0.0	3	1.014590139533832	19.08793800325373	230.0	33	1.05	0.95				
	313	2	138.70373303333332	28.26415692	0.0	0.0	3	1.013469662755892	22.223173178879865	230.0	34	1.05	0.95				
	314	2	101.54160078666665	20.413002220000003	0.0	0.0	3	1.0110891011345424	20.631707512766585	230.0	36	1.05	0.95				
	315	2	165.92106932666667	33.49826005333333	0.0	0.0	3	1.0382418020479414	21.864515604382394	230.0	36	1.05	0.95				
	316	2	52.34103133333333	10.468206266666668	0.0	0.0	3	1.0340182088475915	22.234525193343625	230.0	36	1.05	0.95				
	317	1	0.0	0.0	0.0	0.0	3	1.05	26.071234016021588	230.0	37	1.05	0.95				
	318	2	174.29563434	35.59190130666667	0.0	0.0	3	1.047227002033355	22.670032564785735	230.0	37	1.05	0.95				
	319	1	94.73726671333334	19.36618159333333	0.0	0.0	3	1.0287087246878457	21.773525640334167	230.0	35	1.05	0.95				
	320	1	66.99652010666667	13.608668146666666	0.0	0.0	3	1.025516990523465	21.24917657138785	230.0	35	1.05	0.95				
	321	2	0.0	0.0	0.0	0.0	3	1.0450684100877712	23.074755208052604	230.0	37	1.05	0.95				
	322	2	0.0	0.0	0.0	0.0	3	1.05	28.593098678287927	230.0	37	1.05	0.95				
	323	2	0.0	0.0	0.0	0.0	3	1.0239962865853103	21.06751524786679	230.0	35	1.05	0.95				
	324	1	0.0	0.0	0.0	0.0	3	1.0363837611336304	22.81471547378001	230.0	36	1.05	0.95				
	325	1	0.0	0.0	0.0	0.0	3	1.0272072140051487	20.98915558980973	230.0	35	1.05	0.95				
];
