%% MATPOWER Case Format : Version 2
function mpc = RTS_GMLC
mpc.version = '2';

%%-----  Power Flow Data  -----%%
%% system MVA base
mpc.baseMVA = 100.0;
%% bus data
%    bus_i    type    Pd    Qd    Gs    Bs    area    Vm    Va    baseKV    zone    Vmax    Vmin
mpc.bus = [
	101	2	80.97328057263158	16.494557153684212	0.0	0.0	1	1.037408298437402	1.2368945873128847	138.0	11	1.05	0.95				
	102	2	72.72600199578947	14.995051957894736	0.0	0.0	1	1.0367597723714408	0.950385986038052	138.0	12	1.05	0.95				
	103	1	134.95546762105263	27.74084612210526	0.0	0.0	1	1.0248662670975857	0.7479271843345564	138.0	11	1.05	0.95				
	104	1	55.48169224421052	11.246288968421052	0.0	0.0	1	1.0202468199622847	-2.623678372618527	138.0	11	1.05	0.95				
	105	1	53.23243445052631	10.496536370526316	0.0	0.0	1	1.0326497789193172	-3.1262025338273225	138.0	11	1.05	0.95				
	106	1	101.96635331368422	20.993072741052632	0.0	-100.0	1	1.0361983343690016	-6.288645927449976	138.0	12	1.05	0.95				
	107	2	93.7190747368421	18.74381494736842	0.0	0.0	1	1.05	-8.417361687750383	138.0	12	1.05	0.95				
	108	1	128.20769423999997	26.241340926315786	0.0	0.0	1	1.0250429984208438	-9.014455422801047	138.0	12	1.05	0.95				
	109	1	131.20670463157893	26.991093524210523	0.0	0.0	1	1.026818323581697	-3.5178780107711765	138.0	13	1.05	0.95				
	110	1	146.2017565894737	29.990103915789472	0.0	0.0	1	1.05	-5.209530299851564	138.0	13	1.05	0.95				
	111	1	0.0	0.0	0.0	0.0	1	1.0142720692694462	-0.8664368890214839	230.0	13	1.05	0.95				
	112	1	0.0	0.0	0.0	0.0	1	1.0180979027481274	-0.7164363256777632	230.0	13	1.05	0.95				
	113	3	198.68443844210523	40.48664028631579	0.0	0.0	1	1.015377217293068	-9.333070802025703e-31	230.0	14	1.05	0.95				
	114	2	145.45200399157895	29.240351317894735	0.0	0.0	1	1.0171985778495836	1.9149353358693593	230.0	16	1.05	0.95				
	115	2	237.67157353263158	47.984166265263156	0.0	0.0	1	1.0427358392588713	11.622873291547771	230.0	16	1.05	0.95				
	116	2	74.97525978947368	14.995051957894736	0.0	0.0	1	1.0412996296168675	10.37726869645359	230.0	16	1.05	0.95				
	117	1	0.0	0.0	0.0	0.0	1	1.0451995459572931	14.470022859602897	230.0	17	1.05	0.95				
	118	2	249.66761509894738	50.98317665684211	0.0	0.0	1	1.0495177723473683	15.163352295419408	230.0	17	1.05	0.95				
	119	1	135.70522021894737	27.74084612210526	0.0	0.0	1	1.0362960608061427	7.753873933297406	230.0	15	1.05	0.95				
	120	1	95.96833253052631	19.493567545263158	0.0	0.0	1	1.0386717044776594	6.387766928187179	230.0	15	1.05	0.95				
	121	2	0.0	0.0	0.0	0.0	1	1.05	17.224526038685816	230.0	17	1.05	0.95				
	122	2	0.0	0.0	0.0	0.0	1	1.05	25.845470379546086	230.0	17	1.05	0.95				
	123	2	0.0	0.0	0.0	0.0	1	1.0419728530141512	6.1930621565519814	230.0	15	1.05	0.95				
	124	1	0.0	0.0	0.0	0.0	1	1.0224534356747665	7.5778050175433975	230.0	16	1.05	0.95				
	201	2	97.46009757473686	19.852982839298246	0.0	0.0	2	1.05	-20.0804079641876	138.0	21	1.05	0.95				
	202	2	87.53360615508772	18.048166217543862	0.0	0.0	2	1.05	-20.197076183948592	138.0	22	1.05	0.95				
	203	1	162.43349595789476	33.38910750245614	0.0	0.0	2	1.0217345316682558	-14.913258345693418	138.0	21	1.05	0.95				
	204	1	66.77821500491228	13.536124663157894	0.0	0.0	2	1.0189561836682623	-21.00320180384206	138.0	21	1.05	0.95				
	205	1	64.07099007228071	12.633716352280706	0.0	0.0	2	1.0374168035486155	-21.651275964765535	138.0	21	1.05	0.95				
	206	1	122.72753027929826	25.26743270456141	0.0	-100.0	2	1.034727091927091	-23.38894888573062	138.0	22	1.05	0.95				
	207	2	112.80103885964914	22.56020777192983	0.0	0.0	2	0.95	-33.016389301962505	138.0	22	1.05	0.95				
	208	1	154.31182116000002	31.584290880701754	0.0	0.0	2	0.9531172270658228	-30.045171799683526	138.0	22	1.05	0.95				
	209	1	157.9214544035088	32.48669919157895	0.0	0.0	2	1.023239051995551	-18.01613553284533	138.0	23	1.05	0.95				
	210	1	175.96962062105266	36.096332435087724	0.0	0.0	2	1.0477332165846425	-20.430582235410142	138.0	23	1.05	0.95				
	211	1	0.0	0.0	0.0	0.0	2	1.0327232173425593	-13.798141235922632	230.0	23	1.05	0.95				
	212	1	0.0	0.0	0.0	0.0	2	1.0248625229914652	-8.409530320317021	230.0	23	1.05	0.95				
	213	2	239.13820238245614	48.73004878736843	0.0	0.0	2	1.05	-10.763699536165488	230.0	24	1.05	0.95				
	214	2	175.06721231017545	35.19392412421053	0.0	0.0	2	1.05	-11.297066540644577	230.0	26	1.05	0.95				
	215	2	286.0634345480702	57.75413189614036	0.0	0.0	2	1.0436092965563073	-1.9579898119159531	230.0	26	1.05	0.95				
	216	2	90.24083108771931	18.048166217543862	0.0	0.0	2	1.0471508081209089	-2.1563843693177827	230.0	26	1.05	0.95				
	217	1	0.0	0.0	0.0	0.0	2	1.048549283406268	0.8758419111148712	230.0	27	1.05	0.95				
	218	2	300.5019675221053	61.36376513964913	0.0	0.0	2	1.05	0.6899655500859411	230.0	27	1.05	0.95				
	219	1	163.33590426877197	33.38910750245614	0.0	0.0	2	1.0410493565015067	-1.843225555081145	230.0	25	1.05	0.95				
	220	1	115.50826379228072	23.462616082807024	0.0	0.0	2	1.044446883191911	0.1211753111767084	230.0	25	1.05	0.95				
	221	2	0.0	0.0	0.0	0.0	2	1.05	0.5783592180768196	230.0	27	1.05	0.95				
	222	2	0.0	0.0	0.0	0.0	2	1.05	7.207436764822527	230.0	27	1.05	0.95				
	223	2	0.0	0.0	0.0	0.0	2	1.05	1.8490540037497762	230.0	25	1.05	0.95				
	224	1	0.0	0.0	0.0	0.0	2	1.019037432799151	-6.763033088278891	230.0	26	1.05	0.95				
	301	2	82.76811135157894	16.86017083087719	0.0	0.0	3	0.9742748032905992	7.412970064368148	138.0	31	1.05	0.95				
	302	2	74.33802593614034	15.327428028070175	0.0	0.0	3	0.976602454325748	7.245812706087542	138.0	32	1.05	0.95				
	303	1	137.94685225263157	28.35574185192982	0.0	0.0	3	1.0052914699259117	14.301322900019231	138.0	31	1.05	0.95				
	304	1	56.71148370385964	11.49557102105263	0.0	0.0	3	0.9709140154477832	10.269391412656272	138.0	31	1.05	0.95				
	305	1	54.41236949964912	10.729199619649123	0.0	0.0	3	0.980868653723745	9.528641840990316	138.0	31	1.05	0.95				
	306	1	104.2265105908772	21.458399239298245	0.0	-100.0	3	0.9920475746571468	9.835323647407133	138.0	32	1.05	0.95				
	307	2	95.79642517543859	19.159285035087716	0.0	0.0	3	0.95	4.055579665410179	138.0	32	1.05	0.95				
	308	1	131.04950963999997	26.822999049122803	0.0	0.0	3	0.9557440312309263	7.944076231261306	138.0	32	1.05	0.95				
	309	1	134.114995245614	27.589370450526314	0.0	0.0	3	0.9973950377612263	16.05497018199801	138.0	33	1.05	0.95				
	310	1	149.4424232736842	30.65485605614035	0.0	0.0	3	1.0123295601204696	14.292486590608785	138.0	33	1.05	0.95				
	311	1	0.0	0.0	0.0	0.0	3	0.9871885534804946	22.734213293035587	230.0	33	1.05	0.95				
	312	1	0.0	0.0	0.0	0.0	3	0.9933009877255986	24.02851471205078	230.0	33	1.05	0.95				
	313	2	203.08842137192977	41.38405567578947	0.0	0.0	3	1.0160568516533872	32.1691028280028	230.0	34	1.05	0.95				
	314	2	148.67605187228068	29.888484654736843	0.0	0.0	3	0.9964400449323685	21.77572264464643	230.0	36	1.05	0.95				
	315	2	242.93973424491227	49.047769689824555	0.0	0.0	3	1.0477799021563405	17.204643710008348	230.0	36	1.05	0.95				
	316	2	76.63714014035087	15.327428028070175	0.0	0.0	3	1.0426024397335172	19.01101016950306	230.0	36	1.05	0.95				
	317	1	0.0	0.0	0.0	0.0	3	1.05	19.47601989438245	230.0	37	1.05	0.95				
	318	2	255.20167666736842	52.1132552954386	0.0	0.0	3	1.046139914827446	16.543438965068884	230.0	37	1.05	0.95				
	319	1	138.71322365403506	28.35574185192982	0.0	0.0	3	1.0351423015174714	20.946176497876888	230.0	35	1.05	0.95				
	320	1	98.09553937964911	19.925656436491227	0.0	0.0	3	1.0326323124131864	22.59290536283797	230.0	35	1.05	0.95				
	321	2	0.0	0.0	0.0	0.0	3	1.048960399390666	17.398493052373674	230.0	37	1.05	0.95				
	322	2	0.0	0.0	0.0	0.0	3	1.05	22.56060443671004	230.0	37	1.05	0.95				
	323	2	0.0	0.0	0.0	0.0	3	1.0315032366196122	23.14423674006303	230.0	35	1.05	0.95				
	324	1	0.0	0.0	0.0	0.0	3	1.0286201723942319	18.240705487358056	230.0	36	1.05	0.95				
	325	1	0.0	0.0	0.0	0.0	3	1.0345167822589778	22.64730844442677	230.0	35	1.05	0.95				
];
