%% MATPOWER Case Format : Version 2
function mpc = RTS_GMLC
mpc.version = '2';

%%-----  Power Flow Data  -----%%
%% system MVA base
mpc.baseMVA = 100.0;
%% bus data
%    bus_i    type    Pd    Qd    Gs    Bs    area    Vm    Va    baseKV    zone    Vmax    Vmin
mpc.bus = [
	101	2	83.41810984421053	16.99257793122807	0.0	0.0	1	1.047811139338921	-2.1305370146989717	138.0	11	1.05	0.95				
	102	2	74.92182087859649	15.447798119298248	0.0	0.0	1	1.0465601499142732	-2.5415663285642847	138.0	12	1.05	0.95				
	103	1	139.0301830736842	28.578426520701754	0.0	0.0	1	1.024690119584575	-1.8343497206361337	138.0	11	1.05	0.95				
	104	1	57.15685304140351	11.585848589473684	0.0	0.0	1	1.024038922810937	-5.490761352633691	138.0	11	1.05	0.95				
	105	1	54.83968332350877	10.813458683508774	0.0	0.0	1	1.03810838860328	-6.0476144757695725	138.0	11	1.05	0.95				
	106	1	105.04502721122807	21.626917367017548	0.0	-100.0	1	1.0383883523401027	-9.031444490322878	138.0	12	1.05	0.95				
	107	2	96.54873824561405	19.30974764912281	0.0	0.0	1	1.002696760086052	-15.643946560047786	138.0	12	1.05	0.95				
	108	1	132.07867392	27.03364670877193	0.0	0.0	1	0.9937655944886248	-14.31876609367158	138.0	12	1.05	0.95				
	109	1	135.16823354385966	27.80603661473684	0.0	0.0	1	1.0255002128443236	-5.866729587431306	138.0	13	1.05	0.95				
	110	1	150.61603166315788	30.895596238596497	0.0	0.0	1	1.05	-7.656483211875158	138.0	13	1.05	0.95				
	111	1	0.0	0.0	0.0	0.0	1	1.0194351603143488	-2.1940484596066914	230.0	13	1.05	0.95				
	112	1	0.0	0.0	0.0	0.0	1	1.018287967735365	-1.8359057864523618	230.0	13	1.05	0.95				
	113	3	204.68332508070176	41.70905492210527	0.0	0.0	1	1.0225380743503352	1.027533388385043e-29	230.0	14	1.05	0.95				
	114	2	149.84364175719298	30.12320633263158	0.0	0.0	1	1.0301066110390076	0.41053501892356037	230.0	16	1.05	0.95				
	115	2	244.84760019087722	49.43295398175439	0.0	0.0	1	1.0415449088277589	9.998612592822392	230.0	16	1.05	0.95				
	116	2	77.23899059649123	15.447798119298248	0.0	0.0	1	1.04215331028802	8.85002792032008	230.0	16	1.05	0.95				
	117	1	0.0	0.0	0.0	0.0	1	1.045778580183445	13.20760165277662	230.0	17	1.05	0.95				
	118	2	257.2058386863158	52.52251360561404	0.0	0.0	1	1.0499999590559121	14.148500081159037	230.0	17	1.05	0.95				
	119	1	139.80257297964914	28.578426520701754	0.0	0.0	1	1.0365395694019164	6.570577340998993	230.0	15	1.05	0.95				
	120	1	98.86590796350877	20.08213755508772	0.0	0.0	1	1.0384308855564626	5.634601753132193	230.0	15	1.05	0.95				
	121	2	0.0	0.0	0.0	0.0	1	1.05	16.404500160181573	230.0	17	1.05	0.95				
	122	2	0.0	0.0	0.0	0.0	1	1.05	23.78654951921306	230.0	17	1.05	0.95				
	123	2	0.0	0.0	0.0	0.0	1	1.0415269184871763	5.6921164159310536	230.0	15	1.05	0.95				
	124	1	0.0	0.0	0.0	0.0	1	1.0204130546541632	5.591047858458378	230.0	16	1.05	0.95				
	201	2	74.23831261894738	15.122619237192984	0.0	0.0	2	1.029126052241775	-11.132065174086028	138.0	21	1.05	0.95				
	202	2	66.67700300035088	13.74783567017544	0.0	0.0	2	1.0301801407497333	-10.907259054706017	138.0	22	1.05	0.95				
	203	1	123.73052103157896	25.43349598982456	0.0	0.0	2	1.0158337121225691	-10.132862847859103	138.0	21	1.05	0.95				
	204	1	50.86699197964912	10.310876752631579	0.0	0.0	2	1.0158741660057404	-11.383589979694243	138.0	21	1.05	0.95				
	205	1	48.804816629122804	9.623484969122808	0.0	0.0	2	1.0308350324560405	-11.75508088542747	138.0	21	1.05	0.95				
	206	1	93.48528255719299	19.246969938245616	0.0	-100.0	2	1.0382584600145826	-12.70741522764035	138.0	22	1.05	0.95				
	207	2	85.92397293859649	17.1847945877193	0.0	0.0	2	0.9740788560648882	-22.53001522965026	138.0	22	1.05	0.95				
	208	1	117.54399498000001	24.058712422807016	0.0	0.0	2	0.9763387187729875	-19.161946787476886	138.0	22	1.05	0.95				
	209	1	120.29356211403508	24.74610420631579	0.0	0.0	2	1.025899055289881	-8.97189267340772	138.0	23	1.05	0.95				
	210	1	134.04139778421055	27.49567134035088	0.0	0.0	2	1.05	-10.2009793573025	138.0	23	1.05	0.95				
	211	1	0.0	0.0	0.0	0.0	2	1.023402421395102	-4.780793837715948	230.0	23	1.05	0.95				
	212	1	0.0	0.0	0.0	0.0	2	1.0207720157958557	0.6404335055169225	230.0	23	1.05	0.95				
	213	2	182.15882262982456	37.11915630947369	0.0	0.0	2	1.0330672034847423	-1.2572774099386859	230.0	24	1.05	0.95				
	214	2	133.35400600070176	26.80827955684211	0.0	0.0	2	1.0332966250144857	-3.1585317786953193	230.0	26	1.05	0.95				
	215	2	217.90319537228072	43.993074144561405	0.0	0.0	2	1.0431374868874363	2.741601965451655	230.0	26	1.05	0.95				
	216	2	68.7391783508772	13.74783567017544	0.0	0.0	2	1.0440286566147754	3.357788485011424	230.0	26	1.05	0.95				
	217	1	0.0	0.0	0.0	0.0	2	1.0459509022255113	4.82685858362572	230.0	27	1.05	0.95				
	218	2	228.90146390842108	46.742641278596494	0.0	0.0	2	1.045240271724024	4.613971198567745	230.0	27	1.05	0.95				
	219	1	124.41791281508772	25.43349598982456	0.0	0.0	2	1.0403165416514277	5.190221611054384	230.0	25	1.05	0.95				
	220	1	87.98614828912281	17.87218637122807	0.0	0.0	2	1.0443670330285217	8.076211931510377	230.0	25	1.05	0.95				
	221	2	0.0	0.0	0.0	0.0	2	1.0461269242173852	4.767268056899582	230.0	27	1.05	0.95				
	222	2	0.0	0.0	0.0	0.0	2	1.05	11.299580666832679	230.0	27	1.05	0.95				
	223	2	0.0	0.0	0.0	0.0	2	1.05	10.151765772718147	230.0	25	1.05	0.95				
	224	1	0.0	0.0	0.0	0.0	2	1.0166693697919942	-2.0091438056838684	230.0	26	1.05	0.95				
	301	2	66.86365073684212	13.620373298245617	0.0	0.0	3	0.9911810461385748	19.10523293652576	138.0	31	1.05	0.95				
	302	2	60.05346408771931	12.382157543859652	0.0	0.0	3	0.9909873859165883	19.03868220785669	138.0	32	1.05	0.95				
	303	1	111.43941789473686	22.906991456140354	0.0	0.0	3	1.0192312400489882	23.26397234426984	138.0	31	1.05	0.95				
	304	1	45.81398291228071	9.286618157894738	0.0	0.0	3	0.9997026478210804	21.171572171118736	138.0	31	1.05	0.95				
	305	1	43.95665928070176	8.667510280701757	0.0	0.0	3	1.0111111006909719	20.86914570241606	138.0	31	1.05	0.95				
	306	1	84.19867129824563	17.335020561403514	0.0	-100.0	3	1.030208197414003	21.157894996166192	138.0	32	1.05	0.95				
	307	2	77.38848464912283	15.477696929824564	0.0	0.0	3	0.9870752784221956	17.170300331320067	138.0	32	1.05	0.95				
	308	1	105.86744700000001	21.668775701754388	0.0	0.0	3	0.9979531097425978	19.96010650211586	138.0	32	1.05	0.95				
	309	1	108.34387850877194	22.28788357894737	0.0	0.0	3	1.0290308821956882	25.417770016039785	138.0	33	1.05	0.95				
	310	1	120.72603605263158	24.764315087719304	0.0	0.0	3	1.05	24.60351415851148	138.0	33	1.05	0.95				
	311	1	0.0	0.0	0.0	0.0	3	1.01877125824398	31.14851434996528	230.0	33	1.05	0.95				
	312	1	0.0	0.0	0.0	0.0	3	1.0257626817044323	31.810058681890776	230.0	33	1.05	0.95				
	313	2	164.06358745614037	33.43182536842106	0.0	0.0	3	1.0454768358367779	38.9188549702326	230.0	34	1.05	0.95				
	314	2	120.10692817543863	24.14520721052632	0.0	0.0	3	1.0188710531221956	30.312498741190595	230.0	36	1.05	0.95				
	315	2	196.25719707017547	39.62290414035088	0.0	0.0	3	1.0391600735673228	26.13957718437089	230.0	36	1.05	0.95				
	316	2	61.910787719298256	12.382157543859652	0.0	0.0	3	1.0398151430644436	27.327924510922028	230.0	36	1.05	0.95				
	317	1	0.0	0.0	0.0	0.0	3	1.05	28.72531566527531	230.0	37	1.05	0.95				
	318	2	206.16292310526322	42.099335649122814	0.0	0.0	3	1.0468297179872414	25.856752156236638	230.0	37	1.05	0.95				
	319	1	112.05852577192985	22.906991456140354	0.0	0.0	3	1.0415930020330233	28.52314375689198	230.0	35	1.05	0.95				
	320	1	79.24580828070177	16.09680480701755	0.0	0.0	3	1.0447608565416693	29.230345728099184	230.0	35	1.05	0.95				
	321	2	0.0	0.0	0.0	0.0	3	1.0450549059139598	26.595114527969486	230.0	37	1.05	0.95				
	322	2	0.0	0.0	0.0	0.0	3	1.05	31.772569044238438	230.0	37	1.05	0.95				
	323	2	0.0	0.0	0.0	0.0	3	1.0461075554159285	29.320492865665173	230.0	35	1.05	0.95				
	324	1	0.0	0.0	0.0	0.0	3	1.0284743002949506	27.021364516435995	230.0	36	1.05	0.95				
	325	1	0.0	0.0	0.0	0.0	3	1.047499839906108	28.231069440552165	230.0	35	1.05	0.95				
];
