%% MATPOWER Case Format : Version 2
function mpc = RTS_GMLC
mpc.version = '2';

%%-----  Power Flow Data  -----%%
%% system MVA base
mpc.baseMVA = 100.0;
%% bus data
%    bus_i    type    Pd    Qd    Gs    Bs    area    Vm    Va    baseKV    zone    Vmax    Vmin
mpc.bus = [
	101	2	63.65907966315789	12.967590301754386	0.0	0.0	1	1.0482678199775335	1.3780593267092092	138.0	11	1.05	0.95				
	102	2	57.1752845122807	11.788718456140352	0.0	0.0	1	1.0471125909639467	1.021849413751549	138.0	12	1.05	0.95				
	103	1	106.09846610526314	21.80912914385965	0.0	0.0	1	1.0304530417356796	-0.6070294926650589	138.0	11	1.05	0.95				
	104	1	43.6182582877193	8.841538842105262	0.0	0.0	1	1.0271691584922047	-2.433225611308788	138.0	11	1.05	0.95				
	105	1	41.84995051929824	8.252102919298245	0.0	0.0	1	1.0404969432688638	-2.7119568122010476	138.0	11	1.05	0.95				
	106	1	80.16328550175439	16.50420583859649	0.0	-100.0	1	1.0435876824228003	-5.63028556642009	138.0	12	1.05	0.95				
	107	2	73.67949035087719	14.735898070175438	0.0	0.0	1	0.9988200549884372	-12.755493662122731	138.0	12	1.05	0.95				
	108	1	100.7935428	20.63025729824561	0.0	0.0	1	0.9975601102133537	-11.094905837491716	138.0	12	1.05	0.95				
	109	1	103.15128649122806	21.21969322105263	0.0	0.0	1	1.0253323242145016	-3.908236912757125	138.0	13	1.05	0.95				
	110	1	114.94000494736841	23.577436912280703	0.0	0.0	1	1.05	-5.075796974836496	138.0	13	1.05	0.95				
	111	1	0.0	0.0	0.0	0.0	1	1.0096402929767212	-1.3890467161471882	230.0	13	1.05	0.95				
	112	1	0.0	0.0	0.0	0.0	1	1.012629903499872	-1.3082746388591824	230.0	13	1.05	0.95				
	113	3	156.20051954385963	31.829539831578945	0.0	0.0	1	1.0065678111646674	-4.380916725556617e-29	230.0	14	1.05	0.95				
	114	2	114.3505690245614	22.988000989473683	0.0	0.0	1	1.010778763279556	0.5827905291280249	230.0	16	1.05	0.95				
	115	2	186.85118752982456	37.72389905964913	0.0	0.0	1	1.042225549218853	7.738351166782989	230.0	16	1.05	0.95				
	116	2	58.94359228070175	11.788718456140352	0.0	0.0	1	1.0388872795055772	6.889968246937731	230.0	16	1.05	0.95				
	117	1	0.0	0.0	0.0	0.0	1	1.044065411785985	10.398806638607493	230.0	17	1.05	0.95				
	118	2	196.28216229473682	40.081642750877194	0.0	0.0	1	1.0473539703145127	11.112355029988727	230.0	17	1.05	0.95				
	119	1	106.68790202807017	21.80912914385965	0.0	0.0	1	1.0293424319598143	4.692355770822996	230.0	15	1.05	0.95				
	120	1	75.44779811929826	15.325333992982456	0.0	0.0	1	1.0261301181757863	3.6541746483932585	230.0	15	1.05	0.95				
	121	2	0.0	0.0	0.0	0.0	1	1.05	12.886578632428064	230.0	17	1.05	0.95				
	122	2	0.0	0.0	0.0	0.0	1	1.05	19.22498169578	230.0	17	1.05	0.95				
	123	2	0.0	0.0	0.0	0.0	1	1.0256311868562025	3.5317849623181594	230.0	15	1.05	0.95				
	124	1	0.0	0.0	0.0	0.0	1	1.0271995226370654	4.620269868532615	230.0	16	1.05	0.95				
	201	2	61.828427520000005	12.59467968	0.0	0.0	2	1.01894465918702	-11.840919395536808	138.0	21	1.05	0.95				
	202	2	55.53108768	11.449708800000002	0.0	0.0	2	1.0192790778785625	-11.804370126738027	138.0	22	1.05	0.95				
	203	1	103.0473792	21.18196128	0.0	0.0	2	1.0138756506289042	-10.034357395750103	138.0	21	1.05	0.95				
	204	1	42.36392256	8.5872816	0.0	0.0	2	1.012802965756495	-11.942153452419369	138.0	21	1.05	0.95				
	205	1	40.64646624	8.014796160000001	0.0	0.0	2	1.0272463102501568	-12.307332172555753	138.0	21	1.05	0.95				
	206	1	77.85801984	16.029592320000003	0.0	-100.0	2	1.0390058534302256	-13.129127939188644	138.0	22	1.05	0.95				
	207	2	71.56068	14.312136	0.0	0.0	2	0.9926898372884458	-20.931342061653606	138.0	22	1.05	0.95				
	208	1	97.89501024	20.0369904	0.0	0.0	2	0.9927536906364578	-18.201737398254032	138.0	22	1.05	0.95				
	209	1	100.184952	20.609475839999998	0.0	0.0	2	1.0251318009240284	-9.703045973620501	138.0	23	1.05	0.95				
	210	1	111.63466079999999	22.899417600000003	0.0	0.0	2	1.05	-10.94477903349248	138.0	23	1.05	0.95				
	211	1	0.0	0.0	0.0	0.0	2	1.0135629994781965	-6.296394580086038	230.0	23	1.05	0.95				
	212	1	0.0	0.0	0.0	0.0	2	1.0174223679429497	-1.7475721949502963	230.0	23	1.05	0.95				
	213	2	151.7086416	30.914213760000003	0.0	0.0	2	1.0174858137862366	-3.3731113230787417	230.0	24	1.05	0.95				
	214	2	111.06217536	22.326932160000002	0.0	0.0	2	1.0159770498696312	-4.7948857999654155	230.0	26	1.05	0.95				
	215	2	181.47788448	36.63906816	0.0	0.0	2	1.0306100133723906	0.6379037196709713	230.0	26	1.05	0.95				
	216	2	57.248544	11.449708800000002	0.0	0.0	2	1.032159311209606	0.8498081533676869	230.0	26	1.05	0.95				
	217	1	0.0	0.0	0.0	0.0	2	1.0341208579820687	1.7451912775276557	230.0	27	1.05	0.95				
	218	2	190.63765152000002	38.92900992	0.0	0.0	2	1.0325085186041818	1.0397892907601383	230.0	27	1.05	0.95				
	219	1	103.61986464000002	21.18196128	0.0	0.0	2	1.0338277177550406	2.1045853716187746	230.0	25	1.05	0.95				
	220	1	73.27813632	14.88462144	0.0	0.0	2	1.0405168535034237	4.278016796534142	230.0	25	1.05	0.95				
	221	2	0.0	0.0	0.0	0.0	2	1.0346049189191735	1.7124792589679165	230.0	27	1.05	0.95				
	222	2	0.0	0.0	0.0	0.0	2	1.05	8.222377657286684	230.0	27	1.05	0.95				
	223	2	0.0	0.0	0.0	0.0	2	1.0464151314280072	5.881539671765555	230.0	25	1.05	0.95				
	224	1	0.0	0.0	0.0	0.0	2	1.0111615806994287	-3.3349861902828972	230.0	26	1.05	0.95				
	301	2	55.05915850105263	11.215754509473683	0.0	0.0	3	0.9983212659481178	7.884138576388639	138.0	31	1.05	0.95				
	302	2	49.45128124631579	10.196140463157894	0.0	0.0	3	0.9981031005514696	7.833822838405298	138.0	32	1.05	0.95				
	303	1	91.76526416842106	18.862859856842103	0.0	0.0	3	1.0192765505065917	11.241754453085683	138.0	31	1.05	0.95				
	304	1	37.72571971368421	7.64710534736842	0.0	0.0	3	1.0046764081163857	9.5966822402472	138.0	31	1.05	0.95				
	305	1	36.19629864421052	7.137298324210526	0.0	0.0	3	1.016773643752966	9.293049412717997	138.0	31	1.05	0.95				
	306	1	69.33375514947369	14.274596648421053	0.0	-100.0	3	1.035427216535	9.489028476221439	138.0	32	1.05	0.95				
	307	2	63.72587789473684	12.745175578947368	0.0	0.0	3	0.9907061093623565	5.377116375248555	138.0	32	1.05	0.95				
	308	1	87.17700096	17.843245810526316	0.0	0.0	3	0.9999780115457371	7.653087889850764	138.0	32	1.05	0.95				
	309	1	89.21622905263158	18.35305283368421	0.0	0.0	3	1.0271885343995462	13.111952251394378	138.0	33	1.05	0.95				
	310	1	99.41236951578946	20.392280926315788	0.0	0.0	3	1.05	12.33084841824763	138.0	33	1.05	0.95				
	311	1	0.0	0.0	0.0	0.0	3	1.0107935243429451	17.842016618824914	230.0	33	1.05	0.95				
	312	1	0.0	0.0	0.0	0.0	3	1.016319701534778	18.380065636662952	230.0	33	1.05	0.95				
	313	2	135.09886113684212	27.529579250526314	0.0	0.0	3	1.0220130814107147	23.725594431845266	230.0	34	1.05	0.95				
	314	2	98.90256249263157	19.882473903157898	0.0	0.0	3	1.0098835415831053	17.838508094060774	230.0	36	1.05	0.95				
	315	2	161.60882634105263	32.62764948210526	0.0	0.0	3	1.0344326161189947	15.260049823758935	230.0	36	1.05	0.95				
	316	2	50.98070231578947	10.196140463157894	0.0	0.0	3	1.033838872125052	16.11693534649727	230.0	36	1.05	0.95				
	317	1	0.0	0.0	0.0	0.0	3	1.0447884581486058	17.521062276366706	230.0	37	1.05	0.95				
	318	2	169.76573871157893	34.666877574736844	0.0	0.0	3	1.0430967908761457	15.503753071191579	230.0	37	1.05	0.95				
	319	1	92.27507119157895	18.862859856842103	0.0	0.0	3	1.0314583678990406	17.25397628181027	230.0	35	1.05	0.95				
	320	1	65.25529896421052	13.254982602105263	0.0	0.0	3	1.0300774268136301	17.839987725764132	230.0	35	1.05	0.95				
	321	2	0.0	0.0	0.0	0.0	3	1.0414457127257588	16.03056459658728	230.0	37	1.05	0.95				
	322	2	0.0	0.0	0.0	0.0	3	1.05	20.942495475046023	230.0	37	1.05	0.95				
	323	2	0.0	0.0	0.0	0.0	3	1.029069519682633	18.040953115105957	230.0	35	1.05	0.95				
	324	1	0.0	0.0	0.0	0.0	3	1.0245891982791266	15.549859359083248	230.0	36	1.05	0.95				
	325	1	0.0	0.0	0.0	0.0	3	1.0322564749314673	17.60994787612746	230.0	35	1.05	0.95				
];

%% generator data
%    bus    Pg    Qg    Qmax    Qmin    Vg    mBase    status    Pmax    Pmin    Pc1    Pc2    Qc1min    Qc1max    Qc2min    Qc2max    ramp_agc    ramp_10    ramp_30    ramp_q    apf
