%% MATPOWER Case Format : Version 2
function mpc = RTS_GMLC
mpc.version = '2';

%%-----  Power Flow Data  -----%%
%% system MVA base
mpc.baseMVA = 100.0;
%% bus data
%    bus_i    type    Pd    Qd    Gs    Bs    area    Vm    Va    baseKV    zone    Vmax    Vmin
mpc.bus = [
	101	2	66.17070757894737	13.479218210526318	0.0	0.0	1	1.0493604730985582	1.6419545102515751	138.0	11	1.05	0.95				
	102	2	59.431098473684216	12.253834736842107	0.0	0.0	1	1.0481965453771025	1.268876665614519	138.0	12	1.05	0.95				
	103	1	110.28451263157896	22.669594263157897	0.0	0.0	1	1.031305272104105	-0.3326623895068744	138.0	11	1.05	0.95				
	104	1	45.339188526315795	9.19037605263158	0.0	0.0	1	1.0275866382823837	-2.3074997420580625	138.0	11	1.05	0.95				
	105	1	43.501113315789475	8.577684315789476	0.0	0.0	1	1.0405472769943906	-2.6531118857278604	138.0	11	1.05	0.95				
	106	1	83.32607621052634	17.155368631578952	0.0	-100.0	1	1.0430074515912353	-5.7085205230729	138.0	12	1.05	0.95				
	107	2	76.58646710526317	15.317293421052632	0.0	0.0	1	0.9984654163618678	-13.688661853211554	138.0	12	1.05	0.95				
	108	1	104.77028700000002	21.444210789473686	0.0	0.0	1	0.9961056220009156	-11.722064989767464	138.0	12	1.05	0.95				
	109	1	107.22105394736843	22.056902526315792	0.0	0.0	1	1.0256028785215694	-3.9192321895170763	138.0	13	1.05	0.95				
	110	1	119.47488868421054	24.507669473684214	0.0	0.0	1	1.05	-5.160921207844378	138.0	13	1.05	0.95				
	111	1	0.0	0.0	0.0	0.0	1	1.0108429570066921	-1.405182315898853	230.0	13	1.05	0.95				
	112	1	0.0	0.0	0.0	0.0	1	1.014250627285592	-1.1302965589388025	230.0	13	1.05	0.95				
	113	3	162.3633102631579	33.085353789473686	0.0	0.0	1	1.009296151677291	2.412309571827592e-30	230.0	14	1.05	0.95				
	114	2	118.86219694736843	23.894977736842108	0.0	0.0	1	1.011824197016437	0.5739549692379878	230.0	16	1.05	0.95				
	115	2	194.22328057894737	39.21227115789474	0.0	0.0	1	1.0425626996945498	7.7558645840359	230.0	16	1.05	0.95				
	116	2	61.26917368421053	12.253834736842107	0.0	0.0	1	1.039767291317233	7.032836619960973	230.0	16	1.05	0.95				
	117	1	0.0	0.0	0.0	0.0	1	1.0446905941046514	10.343988440526099	230.0	17	1.05	0.95				
	118	2	204.02634836842108	41.66303810526317	0.0	0.0	1	1.0474870188571344	11.060783916683162	230.0	17	1.05	0.95				
	119	1	110.89720436842107	22.669594263157897	0.0	0.0	1	1.0323942304762983	5.237383039071766	230.0	15	1.05	0.95				
	120	1	78.42454231578948	15.929985157894738	0.0	0.0	1	1.0307184952896193	4.480355355546241	230.0	15	1.05	0.95				
	121	2	0.0	0.0	0.0	0.0	1	1.05	12.77177539752387	230.0	17	1.05	0.95				
	122	2	0.0	0.0	0.0	0.0	1	1.05	18.361385681526226	230.0	17	1.05	0.95				
	123	2	0.0	0.0	0.0	0.0	1	1.0311403749244432	4.526716182107397	230.0	15	1.05	0.95				
	124	1	0.0	0.0	0.0	0.0	1	1.0280023260290527	4.732741745419755	230.0	16	1.05	0.95				
	201	2	67.91437117894738	13.83440894385965	0.0	0.0	2	1.0247969420841752	-12.652679835390613	138.0	21	1.05	0.95				
	202	2	60.99716670701755	12.576735403508774	0.0	0.0	2	1.0259158873427199	-12.44293515968609	138.0	22	1.05	0.95				
	203	1	113.19061863157896	23.26696049649123	0.0	0.0	2	1.013855619268498	-11.429334953324762	138.0	21	1.05	0.95				
	204	1	46.53392099298246	9.432551552631578	0.0	0.0	2	1.0147566035510773	-13.260523050419739	138.0	21	1.05	0.95				
	205	1	44.64741068245614	8.803714782456142	0.0	0.0	2	1.0294903034642302	-13.632175342859687	138.0	21	1.05	0.95				
	206	1	85.52180074385966	17.607429564912284	0.0	-100.0	2	1.0388872005370564	-14.732997821696644	138.0	22	1.05	0.95				
	207	2	78.60459627192982	15.720919254385965	0.0	0.0	2	0.9865987556661243	-23.743832028553975	138.0	22	1.05	0.95				
	208	1	107.5310877	22.00928695614035	0.0	0.0	2	0.9864498601049474	-20.701921686176235	138.0	22	1.05	0.95				
	209	1	110.04643478070176	22.63812372631579	0.0	0.0	2	1.0250493768804703	-11.357369855576648	138.0	23	1.05	0.95				
	210	1	122.62317018421052	25.15347080701755	0.0	0.0	2	1.05	-12.617499146043372	138.0	23	1.05	0.95				
	211	1	0.0	0.0	0.0	0.0	2	1.0166209188837108	-7.921606668119246	230.0	23	1.05	0.95				
	212	1	0.0	0.0	0.0	0.0	2	1.0197292954102368	-3.020165767394748	230.0	23	1.05	0.95				
	213	2	166.6417440964912	33.95718558947369	0.0	0.0	2	1.0221407344492421	-5.002055321668668	230.0	24	1.05	0.95				
	214	2	121.9943334140351	24.524634036842105	0.0	0.0	2	1.0208534291837559	-6.414740905533887	230.0	26	1.05	0.95				
	215	2	199.341256145614	40.24555329122807	0.0	0.0	2	1.032971776587808	-0.49623712216490684	230.0	26	1.05	0.95				
	216	2	62.88367701754386	12.576735403508774	0.0	0.0	2	1.0347881278338658	-0.4032521865479851	230.0	26	1.05	0.95				
	217	1	0.0	0.0	0.0	0.0	2	1.0363647059251433	0.8378000260879893	230.0	27	1.05	0.95				
	218	2	209.40264446842107	42.76090037192983	0.0	0.0	2	1.034646864043038	-0.024433721167499374	230.0	27	1.05	0.95				
	219	1	113.8194554017544	23.26696049649123	0.0	0.0	2	1.0359182190949876	0.6090822880370343	230.0	25	1.05	0.95				
	220	1	80.49110658245614	16.349756024561405	0.0	0.0	2	1.0426448775753454	2.6748615043307398	230.0	25	1.05	0.95				
	221	2	0.0	0.0	0.0	0.0	2	1.0365713532225664	0.6308661758688288	230.0	27	1.05	0.95				
	222	2	0.0	0.0	0.0	0.0	2	1.05	7.211365422064273	230.0	27	1.05	0.95				
	223	2	0.0	0.0	0.0	0.0	2	1.0487541560523026	4.258276471362932	230.0	25	1.05	0.95				
	224	1	0.0	0.0	0.0	0.0	2	1.0122785955271576	-4.557389884060676	230.0	26	1.05	0.95				
	301	2	60.95286303157894	12.416323950877192	0.0	0.0	3	0.9938521637429809	6.600481058943035	138.0	31	1.05	0.95				
	302	2	54.74470105614034	11.287567228070175	0.0	0.0	3	0.9937427479243971	6.563959319808927	138.0	32	1.05	0.95				
	303	1	101.58810505263159	20.881999371929822	0.0	0.0	3	1.0158894747719958	9.499245999395447	138.0	31	1.05	0.95				
	304	1	41.763998743859645	8.46567542105263	0.0	0.0	3	1.0013782673881804	8.506801868489898	138.0	31	1.05	0.95				
	305	1	40.07086365964912	7.901297059649123	0.0	0.0	3	1.0133149511061554	8.406257465147425	138.0	31	1.05	0.95				
	306	1	76.75545715087719	15.802594119298247	0.0	-100.0	3	1.0325551452997885	8.768844156178906	138.0	32	1.05	0.95				
	307	2	70.54729517543859	14.109459035087719	0.0	0.0	3	0.98932929080259	4.763282733016571	138.0	32	1.05	0.95				
	308	1	96.50869979999999	19.753242649122804	0.0	0.0	3	0.9994630980726878	7.291501551233004	138.0	32	1.05	0.95				
	309	1	98.76621324561403	20.317621010526313	0.0	0.0	3	1.0272720440569536	12.387179862605038	138.0	33	1.05	0.95				
	310	1	110.0537804736842	22.57513445614035	0.0	0.0	3	1.05	12.007196226843574	138.0	33	1.05	0.95				
	311	1	0.0	0.0	0.0	0.0	3	1.015153217306572	17.968501833109045	230.0	33	1.05	0.95				
	312	1	0.0	0.0	0.0	0.0	3	1.020652878282688	18.938039198919846	230.0	33	1.05	0.95				
	313	2	149.5602657719298	30.47643151578947	0.0	0.0	3	1.035849667523747	25.457009727424463	230.0	34	1.05	0.95				
	314	2	109.48940211228069	22.01075609473684	0.0	0.0	3	1.015722911245305	17.089099199173592	230.0	36	1.05	0.95				
	315	2	178.90794056491225	36.12021512982456	0.0	0.0	3	1.035619162168151	12.698520141140005	230.0	36	1.05	0.95				
	316	2	56.437836140350875	11.287567228070175	0.0	0.0	3	1.0362716072794453	13.862189616077494	230.0	36	1.05	0.95				
	317	1	0.0	0.0	0.0	0.0	3	1.0439866834651457	14.10799285239536	230.0	37	1.05	0.95				
	318	2	187.9379943473684	38.377728575438596	0.0	0.0	3	1.0422502528972495	12.359657169719181	230.0	37	1.05	0.95				
	319	1	102.15248341403509	20.881999371929822	0.0	0.0	3	1.0354135737503305	15.94674861544973	230.0	35	1.05	0.95				
	320	1	72.24043025964912	14.673837396491226	0.0	0.0	3	1.0363700659601982	17.3709187996566	230.0	35	1.05	0.95				
	321	2	0.0	0.0	0.0	0.0	3	1.0412985388347207	13.065695879173838	230.0	37	1.05	0.95				
	322	2	0.0	0.0	0.0	0.0	3	1.05	17.799850893784985	230.0	37	1.05	0.95				
	323	2	0.0	0.0	0.0	0.0	3	1.0367007314116172	17.885915977419035	230.0	35	1.05	0.95				
	324	1	0.0	0.0	0.0	0.0	3	1.0247305513695917	13.394701852973764	230.0	36	1.05	0.95				
	325	1	0.0	0.0	0.0	0.0	3	1.0392522501065806	17.457244090136637	230.0	35	1.05	0.95				
];
