%% MATPOWER Case Format : Version 2
function mpc = RTS_GMLC
mpc.version = '2';

%%-----  Power Flow Data  -----%%
%% system MVA base
mpc.baseMVA = 100.0;
%% bus data
%    bus_i    type    Pd    Qd    Gs    Bs    area    Vm    Va    baseKV    zone    Vmax    Vmin
mpc.bus = [
	101	2	63.75259773473685	12.986640279298248	0.0	0.0	1	1.0327464280654446	-1.1536164576541128	138.0	11	1.05	0.95				
	102	2	57.259277595087724	11.80603661754386	0.0	0.0	1	1.0322495656528858	-1.3372767899022138	138.0	12	1.05	0.95				
	103	1	106.25432955789475	21.84116774245614	0.0	0.0	1	1.0255492231344092	-1.2176581792886372	138.0	11	1.05	0.95				
	104	1	43.68233548491228	8.854527463157895	0.0	0.0	1	1.0183780115902443	-4.197037348670804	138.0	11	1.05	0.95				
	105	1	41.9114299922807	8.264225632280702	0.0	0.0	1	1.0334385357428157	-4.19999911005321	138.0	11	1.05	0.95				
	106	1	80.28104899929825	16.528451264561404	0.0	-100.0	1	1.040716637804575	-6.487060547507432	138.0	12	1.05	0.95				
	107	2	73.78772885964912	14.757545771929825	0.0	0.0	1	1.0083324324459955	-11.002538360868025	138.0	12	1.05	0.95				
	108	1	100.94161308	20.660564080701754	0.0	0.0	1	1.0042545237123985	-10.222812682495736	138.0	12	1.05	0.95				
	109	1	103.30282040350878	21.25086591157895	0.0	0.0	1	1.0254219743795132	-4.144453212998983	138.0	13	1.05	0.95				
	110	1	115.10885702105263	23.61207323508772	0.0	0.0	1	1.05	-5.425353567543651	138.0	13	1.05	0.95				
	111	1	0.0	0.0	0.0	0.0	1	1.0111251999805064	-1.1512743338781362	230.0	13	1.05	0.95				
	112	1	0.0	0.0	0.0	0.0	1	1.013767492749068	-0.9748834105793986	230.0	13	1.05	0.95				
	113	3	156.42998518245614	31.876298867368426	0.0	0.0	1	1.0091708315322356	-1.3661410984684853e-28	230.0	14	1.05	0.95				
	114	2	114.51855519017545	23.02177140421053	0.0	0.0	1	1.0146050450478026	1.5385244483320064	230.0	16	1.05	0.95				
	115	2	187.12568038807018	37.77931717614035	0.0	0.0	1	1.0451961741996478	9.709047358567592	230.0	16	1.05	0.95				
	116	2	59.0301830877193	11.80603661754386	0.0	0.0	1	1.0415910852380248	8.844759117408646	230.0	16	1.05	0.95				
	117	1	0.0	0.0	0.0	0.0	1	1.043564454945898	12.739810499661068	230.0	17	1.05	0.95				
	118	2	196.57050968210527	40.140524499649125	0.0	0.0	1	1.0488412930754463	12.74757533237104	230.0	17	1.05	0.95				
	119	1	106.84463138877194	21.84116774245614	0.0	0.0	1	1.034176950107837	6.6589152651370345	230.0	15	1.05	0.95				
	120	1	75.5586343522807	15.347847602807018	0.0	0.0	1	1.0332575406264115	5.87482793167887	230.0	15	1.05	0.95				
	121	2	0.0	0.0	0.0	0.0	1	1.05	14.134590443470042	230.0	17	1.05	0.95				
	122	2	0.0	0.0	0.0	0.0	1	1.05	28.591795089196076	230.0	17	1.05	0.95				
	123	2	0.0	0.0	0.0	0.0	1	1.033982058559089	5.887658039735897	230.0	15	1.05	0.95				
	124	1	0.0	0.0	0.0	0.0	1	1.0241525407249579	5.651492663072012	230.0	16	1.05	0.95				
	201	2	61.386431608421056	12.504643475789473	0.0	0.0	2	1.0299981620221346	-12.75851045539489	138.0	21	1.05	0.95				
	202	2	55.134109870526316	11.367857705263159	0.0	0.0	2	1.0303982900825257	-12.761063822894736	138.0	22	1.05	0.95				
	203	1	102.31071934736842	21.030536754736843	0.0	0.0	2	1.0195259551165479	-11.139303030262791	138.0	21	1.05	0.95				
	204	1	42.06107350947369	8.525893278947368	0.0	0.0	2	1.01730125575406	-14.762526288854906	138.0	21	1.05	0.95				
	205	1	40.35589485368421	7.957500393684211	0.0	0.0	2	1.0327410893150528	-15.038737800367727	138.0	21	1.05	0.95				
	206	1	77.30143239578948	15.915000787368422	0.0	-100.0	2	1.0413031451266785	-16.846814919116785	138.0	22	1.05	0.95				
	207	2	71.04911065789474	14.209822131578948	0.0	0.0	2	0.9883590736823196	-25.333851971938156	138.0	22	1.05	0.95				
	208	1	97.19518337999999	19.893750984210527	0.0	0.0	2	0.9901167299098906	-22.630704179459055	138.0	22	1.05	0.95				
	209	1	99.46875492105262	20.462143869473685	0.0	0.0	2	1.0237691500509585	-14.084305060636563	138.0	23	1.05	0.95				
	210	1	110.83661262631578	22.735715410526318	0.0	0.0	2	1.05	-15.545592943149646	138.0	23	1.05	0.95				
	211	1	0.0	0.0	0.0	0.0	2	1.0139844848293564	-10.599421008365242	230.0	23	1.05	0.95				
	212	1	0.0	0.0	0.0	0.0	2	1.0134010327360488	-9.801775340425323	230.0	23	1.05	0.95				
	213	2	150.62411459473682	30.693215804210528	0.0	0.0	2	1.0130761236081414	-9.36021335649647	230.0	24	1.05	0.95				
	214	2	110.26821974105263	22.16732252526316	0.0	0.0	2	1.0223718003661237	-7.456587908925981	230.0	26	1.05	0.95				
	215	2	180.18054462842105	36.377144656842106	0.0	0.0	2	1.0371175249175566	0.6280570845500628	230.0	26	1.05	0.95				
	216	2	56.83928852631579	11.367857705263159	0.0	0.0	2	1.0392867978754299	0.4350331287588884	230.0	26	1.05	0.95				
	217	1	0.0	0.0	0.0	0.0	2	1.0424533176220017	3.558943899283123	230.0	27	1.05	0.95				
	218	2	189.27483079263158	38.65071619789474	0.0	0.0	2	1.0439435823797771	3.9482084755580673	230.0	27	1.05	0.95				
	219	1	102.87911223263157	21.030536754736843	0.0	0.0	2	1.0381048665679553	-0.32693780219310914	230.0	25	1.05	0.95				
	220	1	72.75428931368421	14.778215016842106	0.0	0.0	2	1.041546831873382	0.08994308534455729	230.0	25	1.05	0.95				
	221	2	0.0	0.0	0.0	0.0	2	1.0435613830272528	3.599336699899165	230.0	27	1.05	0.95				
	222	2	0.0	0.0	0.0	0.0	2	1.05	10.089396080898076	230.0	27	1.05	0.95				
	223	2	0.0	0.0	0.0	0.0	2	1.0447015306693972	0.7377281101420978	230.0	25	1.05	0.95				
	224	1	0.0	0.0	0.0	0.0	2	1.0158612091738353	-3.751577349363039	230.0	26	1.05	0.95				
	301	2	50.34419488421052	10.255298957894736	0.0	0.0	3	1.0112398544968026	-10.73912970334018	138.0	31	1.05	0.95				
	302	2	45.216545405263155	9.32299905263158	0.0	0.0	3	1.0104450583252287	-10.993772725319845	138.0	32	1.05	0.95				
	303	1	83.90699147368422	17.24754824736842	0.0	0.0	3	1.0446338027283117	-0.3457856020899524	138.0	31	1.05	0.95				
	304	1	34.49509649473684	6.992249289473684	0.0	0.0	3	1.011401620145156	-9.682258258797464	138.0	31	1.05	0.95				
	305	1	33.0966466368421	6.5260993368421065	0.0	0.0	3	1.024817961365028	-11.132145646458817	138.0	31	1.05	0.95				
	306	1	63.39639355789474	13.052198673684213	0.0	-100.0	3	1.0399611802808173	-11.9010731825175	138.0	32	1.05	0.95				
	307	2	58.268744078947364	11.653748815789474	0.0	0.0	3	0.9904152776521618	-16.771944969025434	138.0	32	1.05	0.95				
	308	1	79.71164189999999	16.315248342105264	0.0	0.0	3	0.9964787783571963	-14.647114026117041	138.0	32	1.05	0.95				
	309	1	81.5762417105263	16.781398294736842	0.0	0.0	3	1.0269242521982753	-6.702181087336284	138.0	33	1.05	0.95				
	310	1	90.89924076315789	18.64599810526316	0.0	0.0	3	1.05	-10.024917203771352	138.0	33	1.05	0.95				
	311	1	0.0	0.0	0.0	0.0	3	1.0100852634808914	-4.8608828134028546	230.0	33	1.05	0.95				
	312	1	0.0	0.0	0.0	0.0	3	1.0141065301220675	-4.211692596562554	230.0	33	1.05	0.95				
	313	2	123.52973744736842	25.17209744210526	0.0	0.0	3	1.0124884066157944	-1.7343006133072834	230.0	34	1.05	0.95				
	314	2	90.43309081052631	18.17984815263158	0.0	0.0	3	1.0083542634225435	-3.9963217758128176	230.0	36	1.05	0.95				
	315	2	147.76953498421054	29.83359696842105	0.0	0.0	3	1.0382694887309696	-0.1829688344133818	230.0	36	1.05	0.95				
	316	2	46.614995263157894	9.32299905263158	0.0	0.0	3	1.0354455355651344	0.002361829172934164	230.0	36	1.05	0.95				
	317	1	0.0	0.0	0.0	0.0	3	1.0444013255697628	2.776421151164087	230.0	37	1.05	0.95				
	318	2	155.22793422631577	31.69819677894737	0.0	0.0	3	1.0421892384204199	1.527083999493777	230.0	37	1.05	0.95				
	319	1	84.37314142631578	17.24754824736842	0.0	0.0	3	1.029955958082146	-0.532084524520428	230.0	35	1.05	0.95				
	320	1	59.6671939368421	12.119898768421052	0.0	0.0	3	1.0284822796269422	-0.09621341544643496	230.0	35	1.05	0.95				
	321	2	0.0	0.0	0.0	0.0	3	1.042225840010546	1.533518687287192	230.0	37	1.05	0.95				
	322	2	0.0	0.0	0.0	0.0	3	1.05	6.3486851468055985	230.0	37	1.05	0.95				
	323	2	0.0	0.0	0.0	0.0	3	1.0284982813404804	0.5014430526918562	230.0	35	1.05	0.95				
	324	1	0.0	0.0	0.0	0.0	3	1.036526676500915	-0.24132216761448874	230.0	36	1.05	0.95				
	325	1	0.0	0.0	0.0	0.0	3	1.0265394205423053	1.6557133759574851	230.0	35	1.05	0.95				
];
