%% MATPOWER Case Format : Version 2
function mpc = RTS_GMLC
mpc.version = '2';

%%-----  Power Flow Data  -----%%
%% system MVA base
mpc.baseMVA = 100.0;
%% bus data
%    bus_i    type    Pd    Qd    Gs    Bs    area    Vm    Va    baseKV    zone    Vmax    Vmin
mpc.bus = [
	101	2	76.67144977263159	15.618258287017545	0.0	0.0	1	1.0375560834283442	-0.449055060699569	138.0	11	1.05	0.95				
	102	2	68.86232062912279	14.198416624561402	0.0	0.0	1	1.0376401115268492	-0.4982884284061829	138.0	12	1.05	0.95				
	103	1	127.78574962105263	26.267070755438592	0.0	0.0	1	1.0221967600772788	-2.554701942591306	138.0	11	1.05	0.95				
	104	1	52.534141510877184	10.648812468421053	0.0	0.0	1	1.0207256064474812	-3.8606801351011284	138.0	11	1.05	0.95				
	105	1	50.40437901719298	9.938891637192983	0.0	0.0	1	1.0338800333486333	-4.113922640064096	138.0	11	1.05	0.95				
	106	1	96.54923304701755	19.877783274385965	0.0	-100.0	1	1.0380811095358777	-6.8060766142814115	138.0	12	1.05	0.95				
	107	2	88.74010390350877	17.748020780701754	0.0	0.0	1	1.05	-5.347613449417069	138.0	12	1.05	0.95				
	108	1	121.39646214	24.847229092982452	0.0	0.0	1	1.0268792938320455	-7.390395812207291	138.0	12	1.05	0.95				
	109	1	124.23614546491228	25.557149924210528	0.0	0.0	1	1.0267848872490157	-4.423852760524421	138.0	13	1.05	0.95				
	110	1	138.43456208947367	28.396833249122803	0.0	0.0	1	1.05	-5.611975029847004	138.0	13	1.05	0.95				
	111	1	0.0	0.0	0.0	0.0	1	1.01040284841597	-1.9118536936980959	230.0	13	1.05	0.95				
	112	1	0.0	0.0	0.0	0.0	1	1.015303989591267	-1.1690687994868587	230.0	13	1.05	0.95				
	113	3	188.1290202754386	38.335724886315795	0.0	0.0	1	1.0117327176696627	6.55409114323887e-31	230.0	14	1.05	0.95				
	114	2	137.72464125824558	27.68691241789474	0.0	0.0	1	1.0077968574051224	-0.39579179847867285	230.0	16	1.05	0.95				
	115	2	225.04490349929824	45.43493319859649	0.0	0.0	1	1.0408614460393308	6.598913677865935	230.0	16	1.05	0.95				
	116	2	70.99208312280702	14.198416624561402	0.0	0.0	1	1.037982372860858	6.027484056298476	230.0	16	1.05	0.95				
	117	1	0.0	0.0	0.0	0.0	1	1.0429923223533344	8.50875515129116	230.0	17	1.05	0.95				
	118	2	236.40363679894736	48.274616523508776	0.0	0.0	1	1.0447980340904945	8.830000126431475	230.0	17	1.05	0.95				
	119	1	128.4956704522807	26.267070755438592	0.0	0.0	1	1.0324337263233028	4.882019650404605	230.0	15	1.05	0.95				
	120	1	90.86986639719298	18.457941611929822	0.0	0.0	1	1.0330021857547629	4.856635881490815	230.0	15	1.05	0.95				
	121	2	0.0	0.0	0.0	0.0	1	1.0478344125711203	10.360276990202332	230.0	17	1.05	0.95				
	122	2	0.0	0.0	0.0	0.0	1	1.05	16.15190369859603	230.0	17	1.05	0.95				
	123	2	0.0	0.0	0.0	0.0	1	1.0351739477786839	5.374309736086552	230.0	15	1.05	0.95				
	124	1	0.0	0.0	0.0	0.0	1	1.0223697341498779	3.2013420201440033	230.0	16	1.05	0.95				
	201	2	86.05320320842105	17.529356209122806	0.0	0.0	2	1.0337724603894518	-14.921854995347108	138.0	21	1.05	0.95				
	202	2	77.28852510385966	15.935778371929826	0.0	0.0	2	1.0365793197112587	-15.059092951260528	138.0	22	1.05	0.95				
	203	1	143.4220053473684	29.481189988070177	0.0	0.0	2	1.0243765356065386	-10.97832080745066	138.0	21	1.05	0.95				
	204	1	58.962379976140355	11.951833778947368	0.0	0.0	2	1.0169854294915406	-16.434107878136974	138.0	21	1.05	0.95				
	205	1	56.57201322035088	11.155044860350879	0.0	0.0	2	1.0316224828684435	-16.939988263687525	138.0	21	1.05	0.95				
	206	1	108.3632929291228	22.310089720701757	0.0	-100.0	2	1.0362646422072668	-18.82000831260695	138.0	22	1.05	0.95				
	207	2	99.59861482456141	19.919722964912282	0.0	0.0	2	0.95	-30.460905425621107	138.0	22	1.05	0.95				
	208	1	136.25090508	27.887612150877196	0.0	0.0	2	0.956474638616558	-26.53716249566976	138.0	22	1.05	0.95				
	209	1	139.43806075438596	28.684401069473687	0.0	0.0	2	1.0264761735774581	-14.334697816836458	138.0	23	1.05	0.95				
	210	1	155.3738391263158	31.871556743859653	0.0	0.0	2	1.05	-16.469697623464928	138.0	23	1.05	0.95				
	211	1	0.0	0.0	0.0	0.0	2	1.034494097959689	-10.542640741478955	230.0	23	1.05	0.95				
	212	1	0.0	0.0	0.0	0.0	2	1.0293942175926105	-5.9669087613414895	230.0	23	1.05	0.95				
	213	2	211.14906342807015	43.026601604210526	0.0	0.0	2	1.05	-8.118945376640148	230.0	24	1.05	0.95				
	214	2	154.5770502077193	31.074767825263162	0.0	0.0	2	1.05	-8.032995017665202	230.0	26	1.05	0.95				
	215	2	252.58208719508772	50.99449079017544	0.0	0.0	2	1.0449748329914734	0.8244969255441091	230.0	26	1.05	0.95				
	216	2	79.67889185964913	15.935778371929826	0.0	0.0	2	1.0487768002527105	0.4377202524136916	230.0	26	1.05	0.95				
	217	1	0.0	0.0	0.0	0.0	2	1.0485007837872946	3.5365395573293603	230.0	27	1.05	0.95				
	218	2	265.3307098926316	54.1816464645614	0.0	0.0	2	1.0498904139406562	3.9687527245325147	230.0	27	1.05	0.95				
	219	1	144.2187942659649	29.481189988070177	0.0	0.0	2	1.0434665522962185	0.04976475405653215	230.0	25	1.05	0.95				
	220	1	101.98898158035088	20.716511883508772	0.0	0.0	2	1.0459797574798666	1.2013141336946305	230.0	25	1.05	0.95				
	221	2	0.0	0.0	0.0	0.0	2	1.05	4.1845675928484285	230.0	27	1.05	0.95				
	222	2	0.0	0.0	0.0	0.0	2	1.05	10.442319472792795	230.0	27	1.05	0.95				
	223	2	0.0	0.0	0.0	0.0	2	1.05	2.410840967479885	230.0	25	1.05	0.95				
	224	1	0.0	0.0	0.0	0.0	2	1.0224396492093342	-3.556408905023163	230.0	26	1.05	0.95				
	301	2	80.80354318736843	16.459981019649124	0.0	0.0	3	0.975489873599509	-10.899942608048269	138.0	31	1.05	0.95				
	302	2	72.57355267754386	14.96361910877193	0.0	0.0	3	0.9769242008644957	-11.062564867788716	138.0	32	1.05	0.95				
	303	1	134.6725719789474	27.68269535122807	0.0	0.0	3	0.9957317910664285	-5.337895873536715	138.0	31	1.05	0.95				
	304	1	55.36539070245614	11.222714331578947	0.0	0.0	3	0.9710183779756403	-8.40367147597612	138.0	31	1.05	0.95				
	305	1	53.12084783614035	10.474533376140352	0.0	0.0	3	0.9827789634868513	-8.669507469519592	138.0	31	1.05	0.95				
	306	1	101.75260993964915	20.949066752280704	0.0	-100.0	3	0.9944018267453573	-8.283110945242983	138.0	32	1.05	0.95				
	307	2	93.52261942982456	18.704523885964914	0.0	0.0	3	0.95	-14.809864615606267	138.0	32	1.05	0.95				
	308	1	127.93894338	26.18633344035088	0.0	0.0	3	0.9549777384694416	-11.001432556906316	138.0	32	1.05	0.95				
	309	1	130.9316672017544	26.93451439578947	0.0	0.0	3	0.9957760770731496	-2.9811935843743256	138.0	33	1.05	0.95				
	310	1	145.89528631052633	29.92723821754386	0.0	0.0	3	1.0145309369474849	-3.8660722111996253	138.0	33	1.05	0.95				
	311	1	0.0	0.0	0.0	0.0	3	0.9913745563627903	4.750031495541496	230.0	33	1.05	0.95				
	312	1	0.0	0.0	0.0	0.0	3	0.9944117658160793	6.078675528831478	230.0	33	1.05	0.95				
	313	2	198.2679531912281	40.40177159368422	0.0	0.0	3	1.0217079435704168	13.689366967230393	230.0	34	1.05	0.95				
	314	2	145.14710535508772	29.179057262105268	0.0	0.0	3	1.0042145473789685	4.752258011624901	230.0	36	1.05	0.95				
	315	2	237.17336287403506	47.88358114807018	0.0	0.0	3	1.0461093763671456	2.6903096587777053	230.0	36	1.05	0.95				
	316	2	74.81809554385966	14.96361910877193	0.0	0.0	3	1.0413939033040092	3.8548059130391032	230.0	36	1.05	0.95				
	317	1	0.0	0.0	0.0	0.0	3	1.0458440475115731	3.9506598085479334	230.0	37	1.05	0.95				
	318	2	249.14425816105265	50.876304969824574	0.0	0.0	3	1.0459083487975682	3.3773258816353113	230.0	37	1.05	0.95				
	319	1	135.42075293438597	27.68269535122807	0.0	0.0	3	1.034043305251477	5.718192285038439	230.0	35	1.05	0.95				
	320	1	95.76716229614036	19.45270484140351	0.0	0.0	3	1.0315847756856136	7.354167534153724	230.0	35	1.05	0.95				
	321	2	0.0	0.0	0.0	0.0	3	1.049748413843185	4.658943480348476	230.0	37	1.05	0.95				
	322	2	0.0	0.0	0.0	0.0	3	1.05	8.723176386487598	230.0	37	1.05	0.95				
	323	2	0.0	0.0	0.0	0.0	3	1.0308572221120018	8.059964928791398	230.0	35	1.05	0.95				
	324	1	0.0	0.0	0.0	0.0	3	1.019445450774539	1.7263315371755734	230.0	36	1.05	0.95				
	325	1	0.0	0.0	0.0	0.0	3	1.0326813504988523	8.263749055128265	230.0	35	1.05	0.95				
];
