%% MATPOWER Case Format : Version 2
function mpc = RTS_GMLC
mpc.version = '2';

%%-----  Power Flow Data  -----%%
%% system MVA base
mpc.baseMVA = 100.0;
%% bus data
%    bus_i    type    Pd    Qd    Gs    Bs    area    Vm    Va    baseKV    zone    Vmax    Vmin
mpc.bus = [
	101	2	75.48243442105263	15.376051456140349	0.0	0.0	1	1.0311790984241032	-1.1183149738459266	138.0	11	1.05	0.95				
	102	2	67.79440869298244	13.978228596491228	0.0	0.0	1	1.0312024013488774	-1.17456010452034	138.0	12	1.05	0.95				
	103	1	125.80405736842104	25.859722903508768	0.0	0.0	1	1.0212188015787074	-1.8247144171681202	138.0	11	1.05	0.95				
	104	1	51.719445807017536	10.48367144736842	0.0	0.0	1	1.0163659636396898	-4.141449418387701	138.0	11	1.05	0.95				
	105	1	49.622711517543856	9.78476001754386	0.0	0.0	1	1.0312056928310216	-4.151825317400465	138.0	11	1.05	0.95				
	106	1	95.05195445614035	19.56952003508772	0.0	-100.0	1	1.0372897553214429	-6.486188987944255	138.0	12	1.05	0.95				
	107	2	87.36392872807018	17.472785745614033	0.0	0.0	1	1.05	-3.128818421676954	138.0	12	1.05	0.95				
	108	1	119.51385449999998	24.461900043859643	0.0	0.0	1	1.027089925467712	-5.803943623021374	138.0	12	1.05	0.95				
	109	1	122.30950021929823	25.16081147368421	0.0	0.0	1	1.0265741337120111	-3.7351223081516793	138.0	13	1.05	0.95				
	110	1	136.28772881578945	27.956457192982455	0.0	0.0	1	1.05	-5.014729070027685	138.0	13	1.05	0.95				
	111	1	0.0	0.0	0.0	0.0	1	1.0120463718414676	-1.1354142400519964	230.0	13	1.05	0.95				
	112	1	0.0	0.0	0.0	0.0	1	1.015141310882785	-0.33049513424735455	230.0	13	1.05	0.95				
	113	3	185.21152890350874	37.741217210526315	0.0	0.0	1	1.0114349748473914	3.252759496696801e-26	230.0	14	1.05	0.95				
	114	2	135.5888173859649	27.257545763157893	0.0	0.0	1	1.013330128227406	1.1754382561510321	230.0	16	1.05	0.95				
	115	2	221.55492325438595	44.730331508771926	0.0	0.0	1	1.0445202872444084	8.985352530125096	230.0	16	1.05	0.95				
	116	2	69.89114298245613	13.978228596491228	0.0	0.0	1	1.0425602834190832	8.618710374863005	230.0	16	1.05	0.95				
	117	1	0.0	0.0	0.0	0.0	1	1.0468775045006453	11.535549494189654	230.0	17	1.05	0.95				
	118	2	232.73750613157893	47.525977228070175	0.0	0.0	1	1.04910871930402	12.127269911007163	230.0	17	1.05	0.95				
	119	1	126.5029687982456	25.859722903508768	0.0	0.0	1	1.0370949829562903	7.381134927279275	230.0	15	1.05	0.95				
	120	1	89.46066301754385	18.171697175438595	0.0	0.0	1	1.0384780520144095	7.627212180409598	230.0	15	1.05	0.95				
	121	2	0.0	0.0	0.0	0.0	1	1.05	12.689764771680592	230.0	17	1.05	0.95				
	122	2	0.0	0.0	0.0	0.0	1	1.05	18.934805684294076	230.0	17	1.05	0.95				
	123	2	0.0	0.0	0.0	0.0	1	1.0410834412975307	8.279892783525339	230.0	15	1.05	0.95				
	124	1	0.0	0.0	0.0	0.0	1	1.0222686195038984	4.985876176929595	230.0	16	1.05	0.95				
	201	2	86.86919565473684	17.695576892631575	0.0	0.0	2	1.0447119854191236	-10.963429432473863	138.0	21	1.05	0.95				
	202	2	78.02140720842104	16.08688808421053	0.0	0.0	2	1.0460950769245878	-11.02227867187313	138.0	22	1.05	0.95				
	203	1	144.78199275789473	29.76074295578947	0.0	0.0	2	1.0259394366012664	-7.939798912909561	138.0	21	1.05	0.95				
	204	1	59.52148591157894	12.065166063157893	0.0	0.0	2	1.0206364127608583	-13.118100820424473	138.0	21	1.05	0.95				
	205	1	57.10845269894735	11.260821658947368	0.0	0.0	2	1.0369674904804742	-13.53561704032278	138.0	21	1.05	0.95				
	206	1	109.39083897263157	22.521643317894736	0.0	-100.0	2	1.0381277091558716	-15.715932227935097	138.0	22	1.05	0.95				
	207	2	100.54305052631578	20.108610105263157	0.0	0.0	2	0.95	-27.569043568165533	138.0	22	1.05	0.95				
	208	1	137.54289311999997	28.152054147368418	0.0	0.0	2	0.9561483883808459	-23.727026172003523	138.0	22	1.05	0.95				
	209	1	140.7602707368421	28.956398551578943	0.0	0.0	2	1.0254736449502775	-11.610348449771289	138.0	23	1.05	0.95				
	210	1	156.8471588210526	32.17377616842106	0.0	0.0	2	1.05	-13.646178534240097	138.0	23	1.05	0.95				
	211	1	0.0	0.0	0.0	0.0	2	1.0323740394898833	-6.515032279917942	230.0	23	1.05	0.95				
	212	1	0.0	0.0	0.0	0.0	2	1.0241164015160193	-5.242908207283916	230.0	23	1.05	0.95				
	213	2	213.15126711578944	43.43459782736842	0.0	0.0	2	1.0499999982276482	-2.595152837578589	230.0	24	1.05	0.95				
	214	2	156.04281441684208	31.369431764210525	0.0	0.0	2	1.05	-4.108089367866804	230.0	26	1.05	0.95				
	215	2	254.9771761347368	51.47804186947368	0.0	0.0	2	1.044229932284286	4.393235781048911	230.0	26	1.05	0.95				
	216	2	80.43444042105263	16.08688808421053	0.0	0.0	2	1.0488546293874401	4.275458093843803	230.0	26	1.05	0.95				
	217	1	0.0	0.0	0.0	0.0	2	1.049080666774873	7.525480330851305	230.0	27	1.05	0.95				
	218	2	267.84668660210525	54.695419486315785	0.0	0.0	2	1.05	8.201578394414788	230.0	27	1.05	0.95				
	219	1	145.58633716210525	29.76074295578947	0.0	0.0	2	1.0434739901060877	3.71791798377454	230.0	25	1.05	0.95				
	220	1	102.95608373894736	20.912954509473682	0.0	0.0	2	1.0460027244265055	4.73560302962629	230.0	25	1.05	0.95				
	221	2	0.0	0.0	0.0	0.0	2	1.05	8.65732644632994	230.0	27	1.05	0.95				
	222	2	0.0	0.0	0.0	0.0	2	1.05	14.72514444334067	230.0	27	1.05	0.95				
	223	2	0.0	0.0	0.0	0.0	2	1.05	5.87725705405019	230.0	25	1.05	0.95				
	224	1	0.0	0.0	0.0	0.0	2	1.0218479492172166	-0.19539320717043587	230.0	26	1.05	0.95				
	301	2	67.34198038736842	13.717810819649124	0.0	0.0	3	1.0132352792367778	-16.945801378518134	138.0	31	1.05	0.95				
	302	2	60.48307497754386	12.47073710877193	0.0	0.0	3	1.0119266111492364	-17.282166765668382	138.0	32	1.05	0.95				
	303	1	112.23663397894737	23.07086365122807	0.0	0.0	3	1.0239840292685982	-10.87128156974399	138.0	31	1.05	0.95				
	304	1	46.14172730245614	9.353052831578946	0.0	0.0	3	1.008975174132797	-16.071041991356054	138.0	31	1.05	0.95				
	305	1	44.27111673614035	8.729515976140352	0.0	0.0	3	1.023381879602364	-16.772711591812914	138.0	31	1.05	0.95				
	306	1	84.80101233964913	17.459031952280704	0.0	-100.0	3	1.0356579335072265	-17.381723141688347	138.0	32	1.05	0.95				
	307	2	77.94210692982456	15.588421385964912	0.0	0.0	3	1.005022074278474	-19.366120550891804	138.0	32	1.05	0.95				
	308	1	106.62480228	21.823789940350878	0.0	0.0	3	1.001887481834564	-18.875513190005996	138.0	32	1.05	0.95				
	309	1	109.1189497017544	22.447326795789476	0.0	0.0	3	1.0274338904660383	-12.532351176555402	138.0	33	1.05	0.95				
	310	1	121.5896868105263	24.94147421754386	0.0	0.0	3	1.05	-14.60010112316695	138.0	33	1.05	0.95				
	311	1	0.0	0.0	0.0	0.0	3	1.0174042295317423	-7.8546455367354024	230.0	33	1.05	0.95				
	312	1	0.0	0.0	0.0	0.0	3	1.0170982783214078	-6.899804348392554	230.0	33	1.05	0.95				
	313	2	165.23726669122806	33.67099019368421	0.0	0.0	3	1.0258364520120635	-3.5820770811503007	230.0	34	1.05	0.95				
	314	2	120.96614995508772	24.317937362105262	0.0	0.0	3	1.0258044305629728	-5.9188763339605766	230.0	36	1.05	0.95				
	315	2	197.6611831740351	39.906358748070176	0.0	0.0	3	1.0467131305876882	0.6055959840019496	230.0	36	1.05	0.95				
	316	2	62.35368554385965	12.47073710877193	0.0	0.0	3	1.0451756851229974	0.5878709675927922	230.0	36	1.05	0.95				
	317	1	0.0	0.0	0.0	0.0	3	1.0473785994805758	2.5578769491217437	230.0	37	1.05	0.95				
	318	2	207.63777286105264	42.40050616982457	0.0	0.0	3	1.0476229440947504	2.7503340822738154	230.0	37	1.05	0.95				
	319	1	112.86017083438597	23.07086365122807	0.0	0.0	3	1.0413599201203234	0.030090684682290477	230.0	35	1.05	0.95				
	320	1	79.81271749614035	16.211958241403508	0.0	0.0	3	1.0431113322538446	0.7190449165834006	230.0	35	1.05	0.95				
	321	2	0.0	0.0	0.0	0.0	3	1.05	3.94994784519079	230.0	37	1.05	0.95				
	322	2	0.0	0.0	0.0	0.0	3	1.05	9.178726053749473	230.0	37	1.05	0.95				
	323	2	0.0	0.0	0.0	0.0	3	1.0456831304567789	1.555786654592553	230.0	35	1.05	0.95				
	324	1	0.0	0.0	0.0	0.0	3	1.0237899675841424	-3.645042907549345	230.0	36	1.05	0.95				
	325	1	0.0	0.0	0.0	0.0	3	1.0434735200980578	2.481369570669023	230.0	35	1.05	0.95				
];
