%% MATPOWER Case Format : Version 2
function mpc = RTS_GMLC
mpc.version = '2';

%%-----  Power Flow Data  -----%%
%% system MVA base
mpc.baseMVA = 100.0;
%% bus data
%    bus_i    type    Pd    Qd    Gs    Bs    area    Vm    Va    baseKV    zone    Vmax    Vmin
mpc.bus = [
	101	2	97.65957448421054	19.893617024561404	0.0	0.0	1	1.0485343984638398	-1.6191470102568262	138.0	11	1.05	0.95				
	102	2	87.71276597192983	18.085106385964913	0.0	0.0	1	1.0482956523093352	-1.7907020891949716	138.0	12	1.05	0.95				
	103	1	162.76595747368424	33.457446814035094	0.0	0.0	1	1.0211060794737072	-2.415010146563379	138.0	11	1.05	0.95				
	104	1	66.91489362807019	13.563829789473683	0.0	0.0	1	1.0228572777057177	-5.295436760631606	138.0	11	1.05	0.95				
	105	1	64.20212767017543	12.659574470175441	0.0	0.0	1	1.0364928884330238	-5.845209789402907	138.0	11	1.05	0.95				
	106	1	122.97872342456142	25.319148940350882	0.0	-100.0	1	1.0345598976602097	-9.0503521528877	138.0	12	1.05	0.95				
	107	2	113.03191491228071	22.60638298245614	0.0	0.0	1	1.05	-7.473070630947382	138.0	12	1.05	0.95				
	108	1	154.6276596	31.648936175438596	0.0	0.0	1	1.0209680789720743	-9.839834334895624	138.0	12	1.05	0.95				
	109	1	158.244680877193	32.55319149473684	0.0	0.0	1	1.0271152329534874	-5.589144671261849	138.0	13	1.05	0.95				
	110	1	176.3297872631579	36.170212771929826	0.0	0.0	1	1.05	-7.360312319913804	138.0	13	1.05	0.95				
	111	1	0.0	0.0	0.0	0.0	1	1.0193249787988803	-2.3231070257432487	230.0	13	1.05	0.95				
	112	1	0.0	0.0	0.0	0.0	1	1.019464688759285	-1.5238454259076035	230.0	13	1.05	0.95				
	113	3	239.62765961403508	48.82978724210527	0.0	0.0	1	1.0237513595820849	3.2288575745593044e-28	230.0	14	1.05	0.95				
	114	2	175.42553194385965	35.26595745263158	0.0	0.0	1	1.0263989867431753	-0.22557343640140784	230.0	16	1.05	0.95				
	115	2	286.64893621754385	57.87234043508772	0.0	0.0	1	1.0419906796289113	9.204613795362727	230.0	16	1.05	0.95				
	116	2	90.42553192982456	18.085106385964913	0.0	0.0	1	1.0424486643684616	8.298384810806965	230.0	16	1.05	0.95				
	117	1	0.0	0.0	0.0	0.0	1	1.0464135849792369	12.247147230363842	230.0	17	1.05	0.95				
	118	2	301.1170213263158	61.48936171228071	0.0	0.0	1	1.049999986741468	13.129853811263482	230.0	17	1.05	0.95				
	119	1	163.67021279298245	33.457446814035094	0.0	0.0	1	1.037331533459784	6.508333406750412	230.0	15	1.05	0.95				
	120	1	115.74468087017544	23.510638301754387	0.0	0.0	1	1.040566628340749	6.175631823650789	230.0	15	1.05	0.95				
	121	2	0.0	0.0	0.0	0.0	1	1.05	14.655816931295805	230.0	17	1.05	0.95				
	122	2	0.0	0.0	0.0	0.0	1	1.05	21.613588834038406	230.0	17	1.05	0.95				
	123	2	0.0	0.0	0.0	0.0	1	1.0450349725745367	6.655942885466757	230.0	15	1.05	0.95				
	124	1	0.0	0.0	0.0	0.0	1	1.0196333915901943	4.893523718133473	230.0	16	1.05	0.95				
	201	2	94.12812845052632	19.174248388070176	0.0	0.0	2	1.0498372984178932	-14.645705419551005	138.0	21	1.05	0.95				
	202	2	84.54100425649122	17.431134898245617	0.0	0.0	2	1.05	-14.737666496747666	138.0	22	1.05	0.95				
	203	1	156.8802140842105	32.247599561754384	0.0	0.0	2	1.025596421479944	-10.582778468880969	138.0	21	1.05	0.95				
	204	1	64.49519912350877	13.073351173684209	0.0	0.0	2	1.0212696665407233	-15.620445032367709	138.0	21	1.05	0.95				
	205	1	61.88052888877193	12.20179442877193	0.0	0.0	2	1.0389051357834473	-16.166501094875617	138.0	21	1.05	0.95				
	206	1	118.53171730807017	24.40358885754386	0.0	-100.0	2	1.0374746748014145	-17.840202771093114	138.0	22	1.05	0.95				
	207	2	108.94459311403509	21.788918622807017	0.0	0.0	2	0.95	-28.30290268520062	138.0	22	1.05	0.95				
	208	1	149.03620338	30.504486071929822	0.0	0.0	2	0.9546611971848389	-24.94365559763556	138.0	22	1.05	0.95				
	209	1	152.52243035964912	31.376042816842105	0.0	0.0	2	1.0261305720905884	-12.837290415093253	138.0	23	1.05	0.95				
	210	1	169.95356525789472	34.86226979649123	0.0	0.0	2	1.05	-14.996588888281831	138.0	23	1.05	0.95				
	211	1	0.0	0.0	0.0	0.0	2	1.033440686715577	-8.387777269942479	230.0	23	1.05	0.95				
	212	1	0.0	0.0	0.0	0.0	2	1.0267936116506657	-3.296877516007516	230.0	23	1.05	0.95				
	213	2	230.96253740175436	47.06406422526316	0.0	0.0	2	1.05	-5.21255920183041	230.0	24	1.05	0.95				
	214	2	169.08200851298244	33.99071305157895	0.0	0.0	2	1.05	-5.889834370077517	230.0	26	1.05	0.95				
	215	2	276.28348813719293	55.77963167438597	0.0	0.0	2	1.0448302159857739	3.1032353461126707	230.0	26	1.05	0.95				
	216	2	87.15567449122807	17.431134898245617	0.0	0.0	2	1.0485978480460845	3.032537061304231	230.0	26	1.05	0.95				
	217	1	0.0	0.0	0.0	0.0	2	1.0495057766893197	6.081036742376662	230.0	27	1.05	0.95				
	218	2	290.22839605578946	59.265858654035085	0.0	0.0	2	1.05	6.680996160693566	230.0	27	1.05	0.95				
	219	1	157.7517708291228	32.247599561754384	0.0	0.0	2	1.0424214661703026	3.0055699825203965	230.0	25	1.05	0.95				
	220	1	111.55926334877194	22.660475367719297	0.0	0.0	2	1.0451971900348873	4.612808544524119	230.0	25	1.05	0.95				
	221	2	0.0	0.0	0.0	0.0	2	1.05	7.216964600666245	230.0	27	1.05	0.95				
	222	2	0.0	0.0	0.0	0.0	2	1.05	13.283241374354235	230.0	27	1.05	0.95				
	223	2	0.0	0.0	0.0	0.0	2	1.05	6.124586045826927	230.0	25	1.05	0.95				
	224	1	0.0	0.0	0.0	0.0	2	1.0201653820276277	-1.986275310833205	230.0	26	1.05	0.95				
	301	2	84.10060106526316	17.131603920701753	0.0	0.0	3	0.978712593627773	1.6995418733437608	138.0	31	1.05	0.95				
	302	2	75.53479910491228	15.57418538245614	0.0	0.0	3	0.9808398309550244	1.4566970267689345	138.0	32	1.05	0.95				
	303	1	140.16766844210525	28.81224295754386	0.0	0.0	3	1.0084748491472006	8.814171808131592	138.0	31	1.05	0.95				
	304	1	57.62448591508772	11.680639036842106	0.0	0.0	3	0.9735874918900166	4.022862612326541	138.0	31	1.05	0.95				
	305	1	55.28835810771929	10.9019297677193	0.0	0.0	3	0.9845135753404507	3.597657070429098	138.0	31	1.05	0.95				
	306	1	105.90446060070175	21.8038595354386	0.0	-100.0	3	0.9949237511580672	3.7649987378568888	138.0	32	1.05	0.95				
	307	2	97.33865864035087	19.467731728070177	0.0	0.0	3	0.95	-2.400346082043067	138.0	32	1.05	0.95				
	308	1	133.15928502	27.254824419298245	0.0	0.0	3	0.9562648380829661	1.5423819326418116	138.0	32	1.05	0.95				
	309	1	136.27412209649123	28.033533688421052	0.0	0.0	3	0.9983049841624564	9.48864572065144	138.0	33	1.05	0.95				
	310	1	151.84830747894736	31.14837076491228	0.0	0.0	3	1.015018967105195	8.17315363130797	138.0	33	1.05	0.95				
	311	1	0.0	0.0	0.0	0.0	3	0.99096152385045	16.697181912909862	230.0	33	1.05	0.95				
	312	1	0.0	0.0	0.0	0.0	3	0.9959851090395101	18.080543007672325	230.0	33	1.05	0.95				
	313	2	206.35795631754385	42.05030053263158	0.0	0.0	3	1.0231455992838003	26.3745129129933	230.0	34	1.05	0.95				
	314	2	151.06959820982456	30.369661495789472	0.0	0.0	3	1.0012228646192871	15.76606402765703	230.0	36	1.05	0.95				
	315	2	246.85083831192983	49.83739322385965	0.0	0.0	3	1.0485628870779722	12.332852820285996	230.0	36	1.05	0.95				
	316	2	77.87092691228071	15.57418538245614	0.0	0.0	3	1.0431809249739037	13.605614987060262	230.0	36	1.05	0.95				
	317	1	0.0	0.0	0.0	0.0	3	1.0479991508568902	13.303343975919061	230.0	37	1.05	0.95				
	318	2	259.3101866178948	52.95223030035088	0.0	0.0	3	1.0473807574311063	12.101033469299487	230.0	37	1.05	0.95				
	319	1	140.94637771122805	28.81224295754386	0.0	0.0	3	1.035704244625067	15.53698410569865	230.0	35	1.05	0.95				
	320	1	99.6747864477193	20.246440997192984	0.0	0.0	3	1.0335360032851248	17.278196877030176	230.0	35	1.05	0.95				
	321	2	0.0	0.0	0.0	0.0	3	1.05	13.503686798550804	230.0	37	1.05	0.95				
	322	2	0.0	0.0	0.0	0.0	3	1.05	17.770160142004467	230.0	37	1.05	0.95				
	323	2	0.0	0.0	0.0	0.0	3	1.0328835106145131	17.95979082434836	230.0	35	1.05	0.95				
	324	1	0.0	0.0	0.0	0.0	3	1.0297443241165365	13.003083858391715	230.0	36	1.05	0.95				
	325	1	0.0	0.0	0.0	0.0	3	1.0356248720100791	17.68646962696118	230.0	35	1.05	0.95				
];

%% generator data
%    bus    Pg    Qg    Qmax    Qmin    Vg    mBase    status    Pmax    Pmin    Pc1    Pc2    Qc1min    Qc1max    Qc2min    Qc2max    ramp_agc    ramp_10    ramp_30    ramp_q    apf
