%% MATPOWER Case Format : Version 2
function mpc = RTS_GMLC
mpc.version = '2';

%%-----  Power Flow Data  -----%%
%% system MVA base
mpc.baseMVA = 100.0;
%% bus data
%    bus_i    type    Pd    Qd    Gs    Bs    area    Vm    Va    baseKV    zone    Vmax    Vmin
mpc.bus = [
	101	2	87.37258782315791	17.798119741754387	0.0	0.0	1	1.0477428552499446	0.24166766450194457	138.0	11	1.05	0.95				
	102	2	78.4735279522807	16.18010885614035	0.0	0.0	1	1.0475962717295022	0.11152803635200298	138.0	12	1.05	0.95				
	103	1	145.62097970526318	29.933201383859647	0.0	0.0	1	1.0241558733205869	-2.0612448912332098	138.0	11	1.05	0.95				
	104	1	59.86640276771929	12.135081642105265	0.0	0.0	1	1.0243587370476464	-3.6426968695908712	138.0	11	1.05	0.95				
	105	1	57.43938643929825	11.326076199298248	0.0	0.0	1	1.0372338197360058	-4.068641845967064	138.0	11	1.05	0.95				
	106	1	110.02474022175439	22.652152398596495	0.0	-100.0	1	1.0371029848619342	-7.229504702233002	138.0	12	1.05	0.95				
	107	2	101.12568035087719	20.225136070175438	0.0	0.0	1	1.05	-5.575453376573264	138.0	12	1.05	0.95				
	108	1	138.33993071999998	28.315190498245613	0.0	0.0	1	1.0239672560928086	-7.935312416868622	138.0	12	1.05	0.95				
	109	1	141.57595249122807	29.124195941052633	0.0	0.0	1	1.0272126101889878	-4.569542322242795	138.0	13	1.05	0.95				
	110	1	157.75606134736842	32.3602177122807	0.0	0.0	1	1.05	-5.966626535900183	138.0	13	1.05	0.95				
	111	1	0.0	0.0	0.0	0.0	1	1.0138342038014152	-1.9810317139317415	230.0	13	1.05	0.95				
	112	1	0.0	0.0	0.0	0.0	1	1.0171728987790714	-1.1444191786440776	230.0	13	1.05	0.95				
	113	3	214.38644234385964	43.68629391157896	0.0	0.0	1	1.0160331788214143	6.089771103412158e-29	230.0	14	1.05	0.95				
	114	2	156.9470559045614	31.551212269473687	0.0	0.0	1	1.014287897604127	-0.37709213519929846	230.0	16	1.05	0.95				
	115	2	256.4547253698246	51.776348339649125	0.0	0.0	1	1.0439930117584275	7.50080292920289	230.0	16	1.05	0.95				
	116	2	80.90054428070175	16.18010885614035	0.0	0.0	1	1.0418659809793933	6.792597018866058	230.0	16	1.05	0.95				
	117	1	0.0	0.0	0.0	0.0	1	1.0458206251059006	9.854609995475792	230.0	17	1.05	0.95				
	118	2	269.39881245473686	55.01237011087719	0.0	0.0	1	1.0479482956223194	10.473628895413626	230.0	17	1.05	0.95				
	119	1	146.4299851480702	29.933201383859647	0.0	0.0	1	1.0352519907092006	5.384025568287785	230.0	15	1.05	0.95				
	120	1	103.55269667929825	21.03414151298246	0.0	0.0	1	1.0363432595605777	5.405177221313186	230.0	15	1.05	0.95				
	121	2	0.0	0.0	0.0	0.0	1	1.05	11.940274627082943	230.0	17	1.05	0.95				
	122	2	0.0	0.0	0.0	0.0	1	1.05	17.633540310016002	230.0	17	1.05	0.95				
	123	2	0.0	0.0	0.0	0.0	1	1.0392667351465459	6.016657268045556	230.0	15	1.05	0.95				
	124	1	0.0	0.0	0.0	0.0	1	1.0245564744584197	3.95437422254093	230.0	16	1.05	0.95				
	201	2	86.44419958736842	17.609003619649123	0.0	0.0	2	1.0347169755575427	-13.34095197344983	138.0	21	1.05	0.95				
	202	2	77.63969777754384	16.00818510877193	0.0	0.0	2	1.0376006527744932	-13.464302931073957	138.0	22	1.05	0.95				
	203	1	144.07366597894736	29.615142451228067	0.0	0.0	2	1.0257093038950396	-9.874031308928222	138.0	21	1.05	0.95				
	204	1	59.230284902456134	12.006138831578946	0.0	0.0	2	1.0176820368972401	-14.773482167878711	138.0	21	1.05	0.95				
	205	1	56.82905713614035	11.205729576140351	0.0	0.0	2	1.0320825126718274	-15.240668979515092	138.0	21	1.05	0.95				
	206	1	108.85565873964913	22.411459152280703	0.0	-100.0	2	1.0364488735934863	-17.056722402867987	138.0	22	1.05	0.95				
	207	2	100.05115692982456	20.01023138596491	0.0	0.0	2	0.95	-28.685257115996855	138.0	22	1.05	0.95				
	208	1	136.86998268	28.01432394035087	0.0	0.0	2	0.9564805168873028	-24.771743313697428	138.0	22	1.05	0.95				
	209	1	140.07161970175437	28.814733195789472	0.0	0.0	2	1.027032711293472	-12.60951739266727	138.0	23	1.05	0.95				
	210	1	156.0798048105263	32.01637021754386	0.0	0.0	2	1.05	-14.641119610609204	138.0	23	1.05	0.95				
	211	1	0.0	0.0	0.0	0.0	2	1.0345269652332585	-8.724332693221774	230.0	23	1.05	0.95				
	212	1	0.0	0.0	0.0	0.0	2	1.0289558491008957	-3.8584313195748785	230.0	23	1.05	0.95				
	213	2	212.10845269122808	43.22209979368421	0.0	0.0	2	1.05	-6.068168539829881	230.0	24	1.05	0.95				
	214	2	155.2793955550877	31.21596096210526	0.0	0.0	2	1.05	-6.376680465872135	230.0	26	1.05	0.95				
	215	2	253.72973397403507	51.22619234807018	0.0	0.0	2	1.0460307216127858	2.0742541464564317	230.0	26	1.05	0.95				
	216	2	80.04092554385964	16.00818510877193	0.0	0.0	2	1.0495536347551861	1.8770818701486145	230.0	26	1.05	0.95				
	217	1	0.0	0.0	0.0	0.0	2	1.0493248960622155	4.740259390038564	230.0	27	1.05	0.95				
	218	2	266.53628206105265	54.427829369824565	0.0	0.0	2	1.0499999855078643	5.153414361527376	230.0	27	1.05	0.95				
	219	1	144.87407523438597	29.615142451228067	0.0	0.0	2	1.0437365175084083	1.8739962869064397	230.0	25	1.05	0.95				
	220	1	102.45238469614036	20.81064064140351	0.0	0.0	2	1.0459380069684856	3.3672122306663055	230.0	25	1.05	0.95				
	221	2	0.0	0.0	0.0	0.0	2	1.05	5.355782735418893	230.0	27	1.05	0.95				
	222	2	0.0	0.0	0.0	0.0	2	1.05	11.62651897701826	230.0	27	1.05	0.95				
	223	2	0.0	0.0	0.0	0.0	2	1.05	4.766622627539913	230.0	25	1.05	0.95				
	224	1	0.0	0.0	0.0	0.0	2	1.0233888507326712	-2.3621978233948466	230.0	26	1.05	0.95				
	301	2	68.8623853263158	14.027522936842107	0.0	0.0	3	0.9984864927288675	-2.498526949103771	138.0	31	1.05	0.95				
	302	2	61.84862385789474	12.752293578947368	0.0	0.0	3	0.9983587051351037	-2.5570449843593437	138.0	32	1.05	0.95				
	303	1	114.77064221052633	23.591743121052634	0.0	0.0	3	1.0151227415306856	1.6700408060176009	138.0	31	1.05	0.95				
	304	1	47.18348624210527	9.564220184210527	0.0	0.0	3	1.001785230099791	-0.25248414926641816	138.0	31	1.05	0.95				
	305	1	45.27064220526316	8.92660550526316	0.0	0.0	3	1.0144254436488618	-0.5838695994376122	138.0	31	1.05	0.95				
	306	1	86.71559633684211	17.85321101052632	0.0	-100.0	3	1.031386496242253	-0.22169094174145373	138.0	32	1.05	0.95				
	307	2	79.70183486842106	15.940366973684212	0.0	0.0	3	0.9929798700139333	-5.120868904646725	138.0	32	1.05	0.95				
	308	1	109.0321101	22.316513763157893	0.0	0.0	3	0.9986720075034604	-2.183195011996377	138.0	32	1.05	0.95				
	309	1	111.58256881578947	22.95412844210526	0.0	0.0	3	1.0277888304848941	4.218359726425569	138.0	33	1.05	0.95				
	310	1	124.33486239473686	25.504587157894736	0.0	0.0	3	1.05	3.3652637880337193	138.0	33	1.05	0.95				
	311	1	0.0	0.0	0.0	0.0	3	1.019410270296811	10.654768982665313	230.0	33	1.05	0.95				
	312	1	0.0	0.0	0.0	0.0	3	1.0228741973740105	11.56555218640067	230.0	33	1.05	0.95				
	313	2	168.96788992105263	34.4311926631579	0.0	0.0	3	1.046069239591925	18.518876080239888	230.0	34	1.05	0.95				
	314	2	123.69724771578947	24.86697247894737	0.0	0.0	3	1.0235814816845863	10.435160909576314	230.0	36	1.05	0.95				
	315	2	202.1238532263158	40.80733945263158	0.0	0.0	3	1.0379668062115048	7.861740912551812	230.0	36	1.05	0.95				
	316	2	63.761467894736846	12.752293578947368	0.0	0.0	3	1.0380896906608919	8.895024398324818	230.0	36	1.05	0.95				
	317	1	0.0	0.0	0.0	0.0	3	1.04248601564534	8.855883344294588	230.0	37	1.05	0.95				
	318	2	212.32568808947372	43.357798168421056	0.0	0.0	3	1.0420481359143277	8.21421594945198	230.0	37	1.05	0.95				
	319	1	115.40825688947369	23.591743121052634	0.0	0.0	3	1.0365756689250665	10.249014035604837	230.0	35	1.05	0.95				
	320	1	81.61467890526316	16.57798165263158	0.0	0.0	3	1.038473053527226	11.611171764590532	230.0	35	1.05	0.95				
	321	2	0.0	0.0	0.0	0.0	3	1.0438433567963774	9.511406847999508	230.0	37	1.05	0.95				
	322	2	0.0	0.0	0.0	0.0	3	1.05	13.58084262838177	230.0	37	1.05	0.95				
	323	2	0.0	0.0	0.0	0.0	3	1.0399780101034506	12.273249932554997	230.0	35	1.05	0.95				
	324	1	0.0	0.0	0.0	0.0	3	1.0228137068100682	6.868652094072854	230.0	36	1.05	0.95				
	325	1	0.0	0.0	0.0	0.0	3	1.0417465331039106	12.249820745711446	230.0	35	1.05	0.95				
];
