%% MATPOWER Case Format : Version 2
function mpc = RTS_GMLC
mpc.version = '2';

%%-----  Power Flow Data  -----%%
%% system MVA base
mpc.baseMVA = 100.0;
%% bus data
%    bus_i    type    Pd    Qd    Gs    Bs    area    Vm    Va    baseKV    zone    Vmax    Vmin
mpc.bus = [
	101	2	52.396833258947375	10.673428997192982	0.0	0.0	1	1.0310484979994843	-0.7749794593965715	138.0	11	1.05	0.95				
	102	2	47.060118760350875	9.703117270175438	0.0	0.0	1	1.0301802669346227	-1.040058897432551	138.0	12	1.05	0.95				
	103	1	87.32805543157896	17.950766949824562	0.0	0.0	1	1.0265532025029869	-1.5285596135787731	138.0	11	1.05	0.95				
	104	1	35.901533899649124	7.277337952631578	0.0	0.0	1	1.019292557126289	-3.7445812790623303	138.0	11	1.05	0.95				
	105	1	34.446066309122806	6.792182089122807	0.0	0.0	1	1.0340732316339147	-3.627615747907402	138.0	11	1.05	0.95				
	106	1	65.98119743719299	13.584364178245615	0.0	-100.0	1	1.0433483727983517	-5.744967456323163	138.0	12	1.05	0.95				
	107	2	60.64448293859649	12.128896587719298	0.0	0.0	1	1.0012722718413414	-12.242627547904686	138.0	12	1.05	0.95				
	108	1	82.96165266	16.980455222807016	0.0	0.0	1	1.0023845181937232	-10.459008859970677	138.0	12	1.05	0.95				
	109	1	84.90227611403509	17.46561108631579	0.0	0.0	1	1.0249829346461106	-3.982111103119643	138.0	13	1.05	0.95				
	110	1	94.60539338421053	19.406234540350876	0.0	0.0	1	1.05	-4.98128524522349	138.0	13	1.05	0.95				
	111	1	0.0	0.0	0.0	0.0	1	1.0065089225754822	-1.3485397397474705	230.0	13	1.05	0.95				
	112	1	0.0	0.0	0.0	0.0	1	1.0110169183461897	-1.0372439597828644	230.0	13	1.05	0.95				
	113	3	128.56630382982456	26.198416629473687	0.0	0.0	1	1.0035027704466017	1.0722301312635795e-28	230.0	14	1.05	0.95				
	114	2	94.12023752070175	18.921078676842107	0.0	0.0	1	1.0047298427834461	0.7186708126984129	230.0	16	1.05	0.95				
	115	2	153.7944087322807	31.049975264561404	0.0	0.0	1	1.0382914476846485	7.135277647320302	230.0	16	1.05	0.95				
	116	2	48.51558635087719	9.703117270175438	0.0	0.0	1	1.034833105963467	6.487897460714247	230.0	16	1.05	0.95				
	117	1	0.0	0.0	0.0	0.0	1	1.0407575698641487	8.994999937835615	230.0	17	1.05	0.95				
	118	2	161.55690254842105	32.990598718596495	0.0	0.0	1	1.0432246599148916	9.141535290715089	230.0	17	1.05	0.95				
	119	1	87.81321129508773	17.950766949824562	0.0	0.0	1	1.0286384453329211	5.058285290082445	230.0	15	1.05	0.95				
	120	1	62.09995052912281	12.61405245122807	0.0	0.0	1	1.0270832355402428	4.74878140639221	230.0	15	1.05	0.95				
	121	2	0.0	0.0	0.0	0.0	1	1.0464188276931727	10.392237042565073	230.0	17	1.05	0.95				
	122	2	0.0	0.0	0.0	0.0	1	1.05	18.02287882642893	230.0	17	1.05	0.95				
	123	2	0.0	0.0	0.0	0.0	1	1.0270075690089862	4.950431127640506	230.0	15	1.05	0.95				
	124	1	0.0	0.0	0.0	0.0	1	1.0229711113326816	3.89740129354112	230.0	16	1.05	0.95				
	201	2	57.6464662231579	11.74279867508772	0.0	0.0	2	1.028226505041213	-12.623784645163209	138.0	21	1.05	0.95				
	202	2	51.77506688561403	10.675271522807018	0.0	0.0	2	1.028880574858494	-12.544191922150153	138.0	22	1.05	0.95				
	203	1	96.07744370526315	19.74925231719298	0.0	0.0	2	1.0171988128905787	-11.267455659480852	138.0	21	1.05	0.95				
	204	1	39.49850463438596	8.006453642105264	0.0	0.0	2	1.0171313732102076	-14.328273242079666	138.0	21	1.05	0.95				
	205	1	37.89721390596491	7.472690065964913	0.0	0.0	2	1.032413418153119	-14.616067579442744	138.0	21	1.05	0.95				
	206	1	72.59184635508772	14.945380131929825	0.0	-100.0	2	1.0420487497155144	-16.220437114033995	138.0	22	1.05	0.95				
	207	2	66.72044701754386	13.344089403508772	0.0	0.0	2	0.9897402599525161	-24.084788094036934	138.0	22	1.05	0.95				
	208	1	91.27357151999999	18.68172516491228	0.0	0.0	2	0.9924556716295361	-21.573349036262584	138.0	22	1.05	0.95				
	209	1	93.4086258245614	19.21548874105263	0.0	0.0	2	1.0233977716686578	-13.607102386015145	138.0	23	1.05	0.95				
	210	1	104.08389734736842	21.350543045614035	0.0	0.0	2	1.05	-14.93510800039034	138.0	23	1.05	0.95				
	211	1	0.0	0.0	0.0	0.0	2	1.011641447467731	-10.232090955538355	230.0	23	1.05	0.95				
	212	1	0.0	0.0	0.0	0.0	2	1.011776673585744	-9.316443106953987	230.0	23	1.05	0.95				
	213	2	141.447347677193	28.82323311157895	0.0	0.0	2	1.0103733949475704	-8.856026286641777	230.0	24	1.05	0.95				
	214	2	103.55013377122806	20.816779469473683	0.0	0.0	2	1.0174469500755539	-7.355140195435308	230.0	26	1.05	0.95				
	215	2	169.2030536364912	34.160868872982455	0.0	0.0	2	1.031991694287068	0.16786022157080308	230.0	26	1.05	0.95				
	216	2	53.376357614035086	10.675271522807018	0.0	0.0	2	1.0338842916388724	-0.030454711213484108	230.0	26	1.05	0.95				
	217	1	0.0	0.0	0.0	0.0	2	1.0374070895341676	2.747265613413229	230.0	27	1.05	0.95				
	218	2	177.74327085473683	36.29592317754386	0.0	0.0	2	1.0384948220958168	2.9697521563606806	230.0	27	1.05	0.95				
	219	1	96.61120728140351	19.74925231719298	0.0	0.0	2	1.0337192896885063	-0.3891021289855244	230.0	25	1.05	0.95				
	220	1	68.32173774596491	13.877852979649122	0.0	0.0	2	1.0376383818472825	0.32144840575571915	230.0	25	1.05	0.95				
	221	2	0.0	0.0	0.0	0.0	2	1.0387578486708557	2.803672891858511	230.0	27	1.05	0.95				
	222	2	0.0	0.0	0.0	0.0	2	1.05	9.282462627193942	230.0	27	1.05	0.95				
	223	2	0.0	0.0	0.0	0.0	2	1.0410039313171835	1.1073640955020678	230.0	25	1.05	0.95				
	224	1	0.0	0.0	0.0	0.0	2	1.0122844424939679	-4.098786549997309	230.0	26	1.05	0.95				
	301	2	42.81050300210526	8.720658018947368	0.0	0.0	3	1.0116088067588451	-9.63788558592094	138.0	31	1.05	0.95				
	302	2	38.450173992631576	7.927870926315789	0.0	0.0	3	1.0113816999061118	-9.839733567039914	138.0	32	1.05	0.95				
	303	1	71.3508383368421	14.66656121368421	0.0	0.0	3	1.0381398506393285	-1.7006423618739457	138.0	31	1.05	0.95				
	304	1	29.33312242736842	5.945903194736841	0.0	0.0	3	1.0127879252246443	-8.79574690663712	138.0	31	1.05	0.95				
	305	1	28.14394178842105	5.549509648421052	0.0	0.0	3	1.0259694376492017	-9.77163718003732	138.0	31	1.05	0.95				
	306	1	53.909522298947365	11.099019296842105	0.0	-100.0	3	1.042222001700856	-10.336160211467346	138.0	32	1.05	0.95				
	307	2	49.54919328947368	9.909838657894737	0.0	0.0	3	0.9904295339804075	-14.476996487847648	138.0	32	1.05	0.95				
	308	1	67.78329642	13.873774121052628	0.0	0.0	3	0.9992182864776028	-12.731683004824204	138.0	32	1.05	0.95				
	309	1	69.36887060526315	14.270167667368419	0.0	0.0	3	1.025698672763028	-6.310672265033307	138.0	33	1.05	0.95				
	310	1	77.29674153157895	15.855741852631578	0.0	0.0	3	1.05	-8.627365926959998	138.0	33	1.05	0.95				
	311	1	0.0	0.0	0.0	0.0	3	1.0052621009285876	-3.8975149794011603	230.0	33	1.05	0.95				
	312	1	0.0	0.0	0.0	0.0	3	1.010425380542501	-3.468667933421739	230.0	33	1.05	0.95				
	313	2	105.04428977368421	21.40525150105263	0.0	0.0	3	1.0079075365229042	-0.8287382896643981	230.0	34	1.05	0.95				
	314	2	76.90034798526315	15.459348306315787	0.0	0.0	3	0.9990283956409423	-2.8778184250649974	230.0	36	1.05	0.95				
	315	2	125.65675418210525	25.36918696421052	0.0	0.0	3	1.0305443685897475	0.751390526601869	230.0	36	1.05	0.95				
	316	2	39.63935463157895	7.927870926315789	0.0	0.0	3	1.0279484785299973	0.8831289674075001	230.0	36	1.05	0.95				
	317	1	0.0	0.0	0.0	0.0	3	1.039509608906759	4.051365824837229	230.0	37	1.05	0.95				
	318	2	131.99905092315788	26.954761149473683	0.0	0.0	3	1.0376902448029433	2.7489803862287334	230.0	37	1.05	0.95				
	319	1	71.7472318831579	14.66656121368421	0.0	0.0	3	1.0215341006017986	0.143189362745372	230.0	35	1.05	0.95				
	320	1	50.73837392842104	10.306232204210525	0.0	0.0	3	1.0185303136035717	0.2780717648717745	230.0	35	1.05	0.95				
	321	2	0.0	0.0	0.0	0.0	3	1.0373197591015846	2.6651829117746075	230.0	37	1.05	0.95				
	322	2	0.0	0.0	0.0	0.0	3	1.0499999986041653	7.52140755941815	230.0	37	1.05	0.95				
	323	2	0.0	0.0	0.0	0.0	3	1.0173304560066558	0.6648764698530145	230.0	35	1.05	0.95				
	324	1	0.0	0.0	0.0	0.0	3	1.0280079421613568	-0.18362573797129106	230.0	36	1.05	0.95				
	325	1	0.0	0.0	0.0	0.0	3	1.0177916328397372	1.5069893846481843	230.0	35	1.05	0.95				
];
