%% MATPOWER Case Format : Version 2
function mpc = RTS_GMLC
mpc.version = '2';

%%-----  Power Flow Data  -----%%
%% system MVA base
mpc.baseMVA = 100.0;
%% bus data
%    bus_i    type    Pd    Qd    Gs    Bs    area    Vm    Va    baseKV    zone    Vmax    Vmin
mpc.bus = [
	101	2	90.09797130947369	18.353290451929823	0.0	0.0	1	1.0330373973686142	-5.52214563885432	138.0	11	1.05	0.95				
	102	2	80.92132608350877	16.684809501754387	0.0	0.0	1	1.0329519178056816	-5.610383381487968	138.0	12	1.05	0.95				
	103	1	150.16328551578948	30.866897578245613	0.0	0.0	1	1.0164304267429638	-5.794623620821722	138.0	11	1.05	0.95				
	104	1	61.733795156491226	12.513607126315787	0.0	0.0	1	1.0148709010313743	-8.222465059097226	138.0	11	1.05	0.95				
	105	1	59.231073731228065	11.67936665122807	0.0	0.0	1	1.030471259287387	-8.283050273071014	138.0	11	1.05	0.95				
	106	1	113.45670461192982	23.35873330245614	0.0	-100.0	1	1.0338863416283555	-10.589683305510588	138.0	12	1.05	0.95				
	107	2	104.28005938596492	20.85601187719298	0.0	0.0	1	1.05	-7.133624670056097	138.0	12	1.05	0.95				
	108	1	142.65512124	29.198416628070174	0.0	0.0	1	1.023166577800299	-9.947866681440694	138.0	12	1.05	0.95				
	109	1	145.99208314035087	30.032657103157895	0.0	0.0	1	1.0271682764692334	-6.982264808230092	138.0	13	1.05	0.95				
	110	1	162.67689264210526	33.369619003508774	0.0	0.0	1	1.05	-8.44740654681551	138.0	13	1.05	0.95				
	111	1	0.0	0.0	0.0	0.0	1	1.017833920684314	-3.1914778423217567	230.0	13	1.05	0.95				
	112	1	0.0	0.0	0.0	0.0	1	1.0195240799158298	-1.9839272487241544	230.0	13	1.05	0.95				
	113	3	221.07372589824558	45.048985654736846	0.0	0.0	1	1.0257510170152824	-8.981278217921443e-30	230.0	14	1.05	0.95				
	114	2	161.84265216701755	32.53537852842105	0.0	0.0	1	1.0219261347716295	-1.478627001997666	230.0	16	1.05	0.95				
	115	2	264.454230602807	53.39139040561404	0.0	0.0	1	1.0446849459982253	6.226152378361677	230.0	16	1.05	0.95				
	116	2	83.42404750877192	16.684809501754387	0.0	0.0	1	1.0454899499408514	5.999297916805389	230.0	16	1.05	0.95				
	117	1	0.0	0.0	0.0	0.0	1	1.048010051797879	8.972622893446344	230.0	17	1.05	0.95				
	118	2	277.8020782042105	56.72835230596491	0.0	0.0	1	1.0494951383293314	9.589831483312658	230.0	17	1.05	0.95				
	119	1	150.9975259908772	30.866897578245613	0.0	0.0	1	1.0412676365603244	5.125424605274404	230.0	15	1.05	0.95				
	120	1	106.78278081122808	21.6902523522807	0.0	0.0	1	1.0451885984449776	5.926296598980092	230.0	15	1.05	0.95				
	121	2	0.0	0.0	0.0	0.0	1	1.05	10.473035095481817	230.0	17	1.05	0.95				
	122	2	0.0	0.0	0.0	0.0	1	1.05	16.450116491889336	230.0	17	1.05	0.95				
	123	2	0.0	0.0	0.0	0.0	1	1.0499999788816574	6.969709269011711	230.0	15	1.05	0.95				
	124	1	0.0	0.0	0.0	0.0	1	1.0190109815341566	1.7963869046559988	230.0	16	1.05	0.95				
	201	2	102.20305369263158	20.819140567017545	0.0	0.0	2	1.05	-18.508627739685746	138.0	21	1.05	0.95				
	202	2	91.79348340912281	18.926491424561405	0.0	0.0	2	1.05	-18.585437593190665	138.0	22	1.05	0.95				
	203	1	170.33842282105266	35.0140091354386	0.0	0.0	2	1.0174521288514107	-13.400614945766792	138.0	21	1.05	0.95				
	204	1	70.0280182708772	14.194868568421054	0.0	0.0	2	1.0150055647732497	-20.089064552845034	138.0	21	1.05	0.95				
	205	1	67.18904455719297	13.248543997192986	0.0	0.0	2	1.0339471754285092	-20.731319258464705	138.0	21	1.05	0.95				
	206	1	128.70014168701755	26.49708799438597	0.0	-100.0	2	1.0287782161824568	-22.868000478106467	138.0	22	1.05	0.95				
	207	2	118.29057140350878	23.658114280701756	0.0	0.0	2	0.95	-31.421888924297527	138.0	22	1.05	0.95				
	208	1	161.82150168	33.121359992982455	0.0	0.0	2	0.9503130434503909	-29.139221854770724	138.0	22	1.05	0.95				
	209	1	165.6067999649123	34.06768456421052	0.0	0.0	2	1.0176031907559435	-17.483581286414562	138.0	23	1.05	0.95				
	210	1	184.5332913894737	37.85298284912281	0.0	0.0	2	1.0421961200431136	-20.035940937707675	138.0	23	1.05	0.95				
	211	1	0.0	0.0	0.0	0.0	2	1.0280573378537918	-11.655973236120063	230.0	23	1.05	0.95				
	212	1	0.0	0.0	0.0	0.0	2	1.0175530079968802	-10.230779705243519	230.0	23	1.05	0.95				
	213	2	250.7760113754386	51.10152684631579	0.0	0.0	2	1.05	-7.109133648177921	230.0	24	1.05	0.95				
	214	2	183.58696681824563	36.906658277894735	0.0	0.0	2	1.05	-8.919139471630295	230.0	26	1.05	0.95				
	215	2	299.9848890792982	60.56477255859649	0.0	0.0	2	1.0425713433936823	1.3946456774957339	230.0	26	1.05	0.95				
	216	2	94.63245712280703	18.926491424561405	0.0	0.0	2	1.0465177522589317	0.8629483337476702	230.0	26	1.05	0.95				
	217	1	0.0	0.0	0.0	0.0	2	1.0490147614814886	4.59974776500448	230.0	27	1.05	0.95				
	218	2	315.1260822189474	64.35007084350877	0.0	0.0	2	1.05	5.209084439308532	230.0	27	1.05	0.95				
	219	1	171.28474739228074	35.0140091354386	0.0	0.0	2	1.0406800207158666	0.01940692730915784	230.0	25	1.05	0.95				
	220	1	121.12954511719298	24.604438851929828	0.0	0.0	2	1.0445555098497403	1.0584591098709084	230.0	25	1.05	0.95				
	221	2	0.0	0.0	0.0	0.0	2	1.05	5.927663883744206	230.0	27	1.05	0.95				
	222	2	0.0	0.0	0.0	0.0	2	1.05	11.91843860529893	230.0	27	1.05	0.95				
	223	2	0.0	0.0	0.0	0.0	2	1.05	2.3121734447731557	230.0	25	1.05	0.95				
	224	1	0.0	0.0	0.0	0.0	2	1.0140953049746404	-4.079287129755094	230.0	26	1.05	0.95				
	301	2	84.85226192842104	17.28472002245614	0.0	0.0	3	1.0170392542431015	-18.174269687307127	138.0	31	1.05	0.95				
	302	2	76.20990191719297	15.71338183859649	0.0	0.0	3	1.0155525331354813	-18.571446187833217	138.0	32	1.05	0.95				
	303	1	141.4204365473684	29.069756401403506	0.0	0.0	3	1.0206500215056025	-11.134737231334565	138.0	31	1.05	0.95				
	304	1	58.13951280280701	11.785036378947368	0.0	0.0	3	1.006551055467987	-17.019609037237938	138.0	31	1.05	0.95				
	305	1	55.782505527017534	10.999367287017543	0.0	0.0	3	1.022639442542841	-17.554061394083575	138.0	31	1.05	0.95				
	306	1	106.85099650245613	21.998734574035087	0.0	-100.0	3	1.0314805809414522	-18.067203166974767	138.0	32	1.05	0.95				
	307	2	98.20863649122806	19.641727298245613	0.0	0.0	3	1.0090372350270376	-20.398393797329163	138.0	32	1.05	0.95				
	308	1	134.34941472	27.498418217543858	0.0	0.0	3	0.9990771095527652	-19.869646295903912	138.0	32	1.05	0.95				
	309	1	137.4920910877193	28.284087309473684	0.0	0.0	3	1.0271488598153133	-12.537366346514403	138.0	33	1.05	0.95				
	310	1	153.20547292631576	31.42676367719298	0.0	0.0	3	1.05	-14.416434204126336	138.0	33	1.05	0.95				
	311	1	0.0	0.0	0.0	0.0	3	1.0248575229558137	-6.7480975656352635	230.0	33	1.05	0.95				
	312	1	0.0	0.0	0.0	0.0	3	1.0207250340617022	-5.307885261675331	230.0	33	1.05	0.95				
	313	2	208.20230936140348	42.42613096421052	0.0	0.0	3	1.0416418356260824	-1.7403528065753282	230.0	34	1.05	0.95				
	314	2	152.41980383438593	30.641094585263158	0.0	0.0	3	1.0383723708346613	-4.597769219149747	230.0	36	1.05	0.95				
	315	2	249.05710214175434	50.28282188350877	0.0	0.0	3	1.0488608692651982	0.9328780154962556	230.0	36	1.05	0.95				
	316	2	78.56690919298245	15.71338183859649	0.0	0.0	3	1.0472307539219146	0.9118847763744544	230.0	36	1.05	0.95				
	317	1	0.0	0.0	0.0	0.0	3	1.0489208463531283	2.926496928826975	230.0	37	1.05	0.95				
	318	2	261.62780761263156	53.42549825122806	0.0	0.0	3	1.0484734129603168	2.9188600559260345	230.0	37	1.05	0.95				
	319	1	142.20610563929824	29.069756401403506	0.0	0.0	3	1.0435141501397371	1.7473727677599113	230.0	35	1.05	0.95				
	320	1	100.56564376701753	20.42739639017544	0.0	0.0	3	1.046100992839802	3.3503321825739767	230.0	35	1.05	0.95				
	321	2	0.0	0.0	0.0	0.0	3	1.05	4.185480640519836	230.0	37	1.05	0.95				
	322	2	0.0	0.0	0.0	0.0	3	1.05	9.467116832819915	230.0	37	1.05	0.95				
	323	2	0.0	0.0	0.0	0.0	3	1.05	4.672600121177719	230.0	35	1.05	0.95				
	324	1	0.0	0.0	0.0	0.0	3	1.0245137831222164	-2.553635103323897	230.0	36	1.05	0.95				
	325	1	0.0	0.0	0.0	0.0	3	1.0494578582773528	5.1554062005073416	230.0	35	1.05	0.95				
];

%% generator data
%    bus    Pg    Qg    Qmax    Qmin    Vg    mBase    status    Pmax    Pmin    Pc1    Pc2    Qc1min    Qc1max    Qc2min    Qc2max    ramp_agc    ramp_10    ramp_30    ramp_q    apf
