%% MATPOWER Case Format : Version 2
function mpc = RTS_GMLC
mpc.version = '2';

%%-----  Power Flow Data  -----%%
%% system MVA base
mpc.baseMVA = 100.0;
%% bus data
%    bus_i    type    Pd    Qd    Gs    Bs    area    Vm    Va    baseKV    zone    Vmax    Vmin
mpc.bus = [
	101	2	76.72488866526315	15.62914398736842	0.0	0.0	1	1.031142590737566	-1.344650065706253	138.0	11	1.05	0.95				
	102	2	68.91031667157894	14.208312715789473	0.0	0.0	1	1.0311558635782987	-1.4061542161410663	138.0	12	1.05	0.95				
	103	1	127.87481444210526	26.285378524210522	0.0	0.0	1	1.0209548430794084	-1.821998353133118	138.0	11	1.05	0.95				
	104	1	52.570757048421044	10.656234536842105	0.0	0.0	1	1.0161288612322277	-4.339404410383647	138.0	11	1.05	0.95				
	105	1	50.43951014105262	9.945818901052633	0.0	0.0	1	1.0310361929889489	-4.3731824456197605	138.0	11	1.05	0.95				
	106	1	96.61652646736843	19.891637802105265	0.0	-100.0	1	1.036947133222053	-6.715353140642049	138.0	12	1.05	0.95				
	107	2	88.8019544736842	17.76039089473684	0.0	0.0	1	1.05	-3.53302702509189	138.0	12	1.05	0.95				
	108	1	121.48107371999998	24.864547252631574	0.0	0.0	1	1.0267671507036045	-6.137090895030065	138.0	12	1.05	0.95				
	109	1	124.32273626315788	25.574962888421048	0.0	0.0	1	1.0265749398561892	-3.8586229360845685	138.0	13	1.05	0.95				
	110	1	138.53104897894735	28.416625431578947	0.0	0.0	1	1.05	-5.1944605939548625	138.0	13	1.05	0.95				
	111	1	0.0	0.0	0.0	0.0	1	1.0126581955468428	-1.145188046343749	230.0	13	1.05	0.95				
	112	1	0.0	0.0	0.0	0.0	1	1.015425635163706	-0.3895465221199128	230.0	13	1.05	0.95				
	113	3	188.26014348421052	38.362444332631576	0.0	0.0	1	1.012307681186084	-6.3840838311208365e-31	230.0	14	1.05	0.95				
	114	2	137.82063334315788	27.706209795789473	0.0	0.0	1	1.0148138204378532	1.291386347715399	230.0	16	1.05	0.95				
	115	2	225.20175654526312	45.46660069052631	0.0	0.0	1	1.0451961282741697	9.41582141573567	230.0	16	1.05	0.95				
	116	2	71.04156357894736	14.208312715789473	0.0	0.0	1	1.043435057895001	8.982360528764286	230.0	16	1.05	0.95				
	117	1	0.0	0.0	0.0	0.0	1	1.0471026017602998	12.113470756108358	230.0	17	1.05	0.95				
	118	2	236.56840671789473	48.308263233684215	0.0	0.0	1	1.049400696533786	12.7291670141485	230.0	17	1.05	0.95				
	119	1	128.58523007789472	26.285378524210522	0.0	0.0	1	1.0377454325841038	7.584168541863871	230.0	15	1.05	0.95				
	120	1	90.93320138105263	18.470806530526314	0.0	0.0	1	1.039124566680808	7.709785561342969	230.0	15	1.05	0.95				
	121	2	0.0	0.0	0.0	0.0	1	1.05	13.342479264431564	230.0	17	1.05	0.95				
	122	2	0.0	0.0	0.0	0.0	1	1.05	20.21021850730796	230.0	17	1.05	0.95				
	123	2	0.0	0.0	0.0	0.0	1	1.0417489756438707	8.304071121876287	230.0	15	1.05	0.95				
	124	1	0.0	0.0	0.0	0.0	1	1.0220402893427085	5.260592186005945	230.0	16	1.05	0.95				
	201	2	88.79017786105264	18.086888082807018	0.0	0.0	2	1.047909028303936	-11.555401765300486	138.0	21	1.05	0.95				
	202	2	79.74673381964912	16.44262552982456	0.0	0.0	2	1.0492224560921808	-11.612003056956489	138.0	22	1.05	0.95				
	203	1	147.98362976842105	30.41885723017544	0.0	0.0	2	1.0258272845772887	-8.389946335702763	138.0	21	1.05	0.95				
	204	1	60.83771446035088	12.33196914736842	0.0	0.0	2	1.021607327559861	-13.611803530748514	138.0	21	1.05	0.95				
	205	1	58.371320630877186	11.509837870877195	0.0	0.0	2	1.038400778501434	-14.04632750070972	138.0	21	1.05	0.95				
	206	1	111.80985360280702	23.01967574175439	0.0	-100.0	2	1.0384114410029597	-16.19921692998036	138.0	22	1.05	0.95				
	207	2	102.7664095614035	20.553281912280703	0.0	0.0	2	0.95	-27.772006653026263	138.0	22	1.05	0.95				
	208	1	140.58444828	28.774594677192983	0.0	0.0	2	0.9557006490578939	-24.06617169870649	138.0	22	1.05	0.95				
	209	1	143.8729733859649	29.59672595368421	0.0	0.0	2	1.0252890755599326	-11.960637014529603	138.0	23	1.05	0.95				
	210	1	160.31559891578948	32.88525105964912	0.0	0.0	2	1.05	-14.028851743538874	138.0	23	1.05	0.95				
	211	1	0.0	0.0	0.0	0.0	2	1.0320619353645635	-6.7287004768162495	230.0	23	1.05	0.95				
	212	1	0.0	0.0	0.0	0.0	2	1.0236524005714966	-5.414370551027039	230.0	23	1.05	0.95				
	213	2	217.8647882701754	44.39508893052632	0.0	0.0	2	1.05	-2.558131828949534	230.0	24	1.05	0.95				
	214	2	159.49346763929825	32.063119783157894	0.0	0.0	2	1.05	-4.3938732473122215	230.0	26	1.05	0.95				
	215	2	260.61561464771927	52.6164016954386	0.0	0.0	2	1.0440758616882801	4.109218822544478	230.0	26	1.05	0.95				
	216	2	82.21312764912281	16.44262552982456	0.0	0.0	2	1.0486756220559625	4.001300015794165	230.0	26	1.05	0.95				
	217	1	0.0	0.0	0.0	0.0	2	1.0490909798085557	7.271725824952876	230.0	27	1.05	0.95				
	218	2	273.76971507157896	55.90492680140351	0.0	0.0	2	1.0499999996301899	7.908854937298764	230.0	27	1.05	0.95				
	219	1	148.8057610449123	30.41885723017544	0.0	0.0	2	1.043178805323907	3.4643616429056863	230.0	25	1.05	0.95				
	220	1	105.2328033908772	21.37541318877193	0.0	0.0	2	1.0458253619482738	4.53359867501796	230.0	25	1.05	0.95				
	221	2	0.0	0.0	0.0	0.0	2	1.05	8.369128643187006	230.0	27	1.05	0.95				
	222	2	0.0	0.0	0.0	0.0	2	1.05	14.450480883623715	230.0	27	1.05	0.95				
	223	2	0.0	0.0	0.0	0.0	2	1.05	5.716062974765067	230.0	25	1.05	0.95				
	224	1	0.0	0.0	0.0	0.0	2	1.0214828743354918	-0.5416454502499995	230.0	26	1.05	0.95				
	301	2	74.94400504421054	15.266371397894737	0.0	0.0	3	1.015593174504981	-17.582475015209763	138.0	31	1.05	0.95				
	302	2	67.31081934526316	13.87851945263158	0.0	0.0	3	1.0140371068013028	-17.987122263903505	138.0	32	1.05	0.95				
	303	1	124.90667507368423	25.67526098736842	0.0	0.0	3	1.0267062149387405	-10.468319143269502	138.0	31	1.05	0.95				
	304	1	51.35052197473684	10.408889589473684	0.0	0.0	3	1.0087750328700633	-16.734514230344452	138.0	31	1.05	0.95				
	305	1	49.2687440568421	9.714963616842107	0.0	0.0	3	1.0235866701615004	-17.534355124203657	138.0	31	1.05	0.95				
	306	1	94.37393227789474	19.429927233684214	0.0	-100.0	3	1.0340564568627064	-18.282031447361287	138.0	32	1.05	0.95				
	307	2	86.74074657894737	17.348149315789474	0.0	0.0	3	1.0094668683540542	-19.494464375120888	138.0	32	1.05	0.95				
	308	1	118.66134131999999	24.287409042105264	0.0	0.0	3	1.0026470527811988	-19.389569221485555	138.0	32	1.05	0.95				
	309	1	121.43704521052632	24.981335014736842	0.0	0.0	3	1.0282114042883175	-12.878351241243797	138.0	33	1.05	0.95				
	310	1	135.3155646631579	27.75703890526316	0.0	0.0	3	1.05	-15.264214714175989	138.0	33	1.05	0.95				
	311	1	0.0	0.0	0.0	0.0	3	1.0209363667554918	-8.187897539747217	230.0	33	1.05	0.95				
	312	1	0.0	0.0	0.0	0.0	3	1.0190068728614643	-6.9476523631695795	230.0	33	1.05	0.95				
	313	2	183.89038274736842	37.47200252210527	0.0	0.0	3	1.0319439692390906	-3.7260215742194833	230.0	34	1.05	0.95				
	314	2	134.6216386905263	27.06311293263158	0.0	0.0	3	1.031137449284224	-6.295630510283443	230.0	36	1.05	0.95				
	315	2	219.9745333242105	44.41126224842105	0.0	0.0	3	1.0479016646264698	0.5201646516715625	230.0	36	1.05	0.95				
	316	2	69.3925972631579	13.87851945263158	0.0	0.0	3	1.047142561101479	0.5979376826754607	230.0	36	1.05	0.95				
	317	1	0.0	0.0	0.0	0.0	3	1.0487458752155685	2.7691474428841762	230.0	37	1.05	0.95				
	318	2	231.0773488863158	47.18696613894737	0.0	0.0	3	1.0480471709117631	2.751907904266735	230.0	37	1.05	0.95				
	319	1	125.60060104631579	25.67526098736842	0.0	0.0	3	1.0435524548902917	0.39315241723445266	230.0	35	1.05	0.95				
	320	1	88.8225244968421	18.042075288421053	0.0	0.0	3	1.0463422898346957	1.5140262434214937	230.0	35	1.05	0.95				
	321	2	0.0	0.0	0.0	0.0	3	1.05	3.9351113003867777	230.0	37	1.05	0.95				
	322	2	0.0	0.0	0.0	0.0	3	1.05	9.253224718441205	230.0	37	1.05	0.95				
	323	2	0.0	0.0	0.0	0.0	3	1.05	2.6330774681257916	230.0	35	1.05	0.95				
	324	1	0.0	0.0	0.0	0.0	3	1.0261658568703542	-3.554528151599258	230.0	36	1.05	0.95				
	325	1	0.0	0.0	0.0	0.0	3	1.0476169919496285	3.518459193913954	230.0	35	1.05	0.95				
];
