%% MATPOWER Case Format : Version 2
function mpc = RTS_GMLC
mpc.version = '2';

%%-----  Power Flow Data  -----%%
%% system MVA base
mpc.baseMVA = 100.0;
%% bus data
%    bus_i    type    Pd    Qd    Gs    Bs    area    Vm    Va    baseKV    zone    Vmax    Vmin
mpc.bus = [
	101	2	74.26669964210527	15.128401778947367	0.0	0.0	1	1.0297264675483155	-0.056788297438639494	138.0	11	1.05	0.95				
	102	2	66.70249875263158	13.753092526315788	0.0	0.0	1	1.0297355826409431	-0.12989037130613512	138.0	12	1.05	0.95				
	103	1	123.77783273684211	25.44322117368421	0.0	0.0	1	1.021292486127503	-0.29297885498967663	138.0	11	1.05	0.95				
	104	1	50.88644234736842	10.314819394736842	0.0	0.0	1	1.015731366012293	-3.2101569677054664	138.0	11	1.05	0.95				
	105	1	48.82347846842105	9.627164768421054	0.0	0.0	1	1.0305041621729334	-3.25782034398657	138.0	11	1.05	0.95				
	106	1	93.52102917894737	19.254329536842107	0.0	-100.0	1	1.0371491325507534	-5.67624151425072	138.0	12	1.05	0.95				
	107	2	85.95682828947369	17.191365657894735	0.0	0.0	1	1.05	-3.4164702326354237	138.0	12	1.05	0.95				
	108	1	117.5889411	24.06791192105263	0.0	0.0	1	1.027433875815715	-5.620205063216159	138.0	12	1.05	0.95				
	109	1	120.33955960526315	24.755566547368417	0.0	0.0	1	1.0263166397216141	-2.9366594538936237	138.0	13	1.05	0.95				
	110	1	134.09265213157894	27.506185052631576	0.0	0.0	1	1.05	-4.320319999934358	138.0	13	1.05	0.95				
	111	1	0.0	0.0	0.0	0.0	1	1.0123503804102667	-0.377677821759391	230.0	13	1.05	0.95				
	112	1	0.0	0.0	0.0	0.0	1	1.0151807768710297	0.11775957134130126	230.0	13	1.05	0.95				
	113	3	182.2284759736842	37.13334982105263	0.0	0.0	1	1.0104597119116172	8.077661352428843e-29	230.0	14	1.05	0.95				
	114	2	133.40499750526317	26.81853042631579	0.0	0.0	1	1.0155473953743521	2.598775009002723	230.0	16	1.05	0.95				
	115	2	217.98651654210522	44.009896084210524	0.0	0.0	1	1.0453723951789062	11.479507689052626	230.0	16	1.05	0.95				
	116	2	68.76546263157894	13.753092526315788	0.0	0.0	1	1.0435386205780681	10.902491441753678	230.0	16	1.05	0.95				
	117	1	0.0	0.0	0.0	0.0	1	1.0464352873213663	14.634573201121453	230.0	17	1.05	0.95				
	118	2	228.98899056315787	46.760514589473686	0.0	0.0	1	1.0499999967273093	15.14188974758916	230.0	17	1.05	0.95				
	119	1	124.4654873631579	25.44322117368421	0.0	0.0	1	1.037997921348083	8.99085076270405	230.0	15	1.05	0.95				
	120	1	88.01979216842105	17.879020284210526	0.0	0.0	1	1.0395392099566017	8.625754451795167	230.0	15	1.05	0.95				
	121	2	0.0	0.0	0.0	0.0	1	1.05	15.615919005873387	230.0	17	1.05	0.95				
	122	2	0.0	0.0	0.0	0.0	1	1.05	25.99718575503276	230.0	17	1.05	0.95				
	123	2	0.0	0.0	0.0	0.0	1	1.0420609410089416	8.933912084571022	230.0	15	1.05	0.95				
	124	1	0.0	0.0	0.0	0.0	1	1.021574800675126	7.124418961988522	230.0	16	1.05	0.95				
	201	2	91.54415235789475	18.647882887719298	0.0	0.0	2	1.05	-13.52922775176396	138.0	21	1.05	0.95				
	202	2	82.22021091403508	16.952620807017546	0.0	0.0	2	1.05	-13.588327379032862	138.0	22	1.05	0.95				
	203	1	152.57358726315792	31.362348492982456	0.0	0.0	2	1.023492179383845	-9.576707942981932	138.0	21	1.05	0.95				
	204	1	62.72469698596491	12.71446560526316	0.0	0.0	2	1.020416696516929	-15.511807867679432	138.0	21	1.05	0.95				
	205	1	60.181803864912276	11.866834564912281	0.0	0.0	2	1.0385584175599052	-16.023350833091353	138.0	21	1.05	0.95				
	206	1	115.27782148771931	23.733669129824563	0.0	-100.0	2	1.0369375502488052	-18.206563479913402	138.0	22	1.05	0.95				
	207	2	105.95388004385966	21.19077600877193	0.0	0.0	2	0.95	-29.193635956599817	138.0	22	1.05	0.95				
	208	1	144.9449079	29.667086412280703	0.0	0.0	2	0.9546337330012764	-25.76269700416918	138.0	22	1.05	0.95				
	209	1	148.3354320614035	30.51471745263158	0.0	0.0	2	1.023466273095415	-13.68903262339157	138.0	23	1.05	0.95				
	210	1	165.28805286842106	33.90524161403509	0.0	0.0	2	1.048860031194829	-15.934953502301619	138.0	23	1.05	0.95				
	211	1	0.0	0.0	0.0	0.0	2	1.0314718677711703	-8.463033365326112	230.0	23	1.05	0.95				
	212	1	0.0	0.0	0.0	0.0	2	1.022567774993017	-7.1583255513895345	230.0	23	1.05	0.95				
	213	2	224.62222569298245	45.77207617894737	0.0	0.0	2	1.05	-4.517158323545639	230.0	24	1.05	0.95				
	214	2	164.44042182807016	33.057610573684215	0.0	0.0	2	1.05	-5.864775990464928	230.0	26	1.05	0.95				
	215	2	268.6990397912281	54.24838658245614	0.0	0.0	2	1.042943712821413	3.2917134495637157	230.0	26	1.05	0.95				
	216	2	84.76310403508772	16.952620807017546	0.0	0.0	2	1.0475967790158651	3.0772017485100895	230.0	26	1.05	0.95				
	217	1	0.0	0.0	0.0	0.0	2	1.048654271601767	6.617941938731888	230.0	27	1.05	0.95				
	218	2	282.26113643684215	57.638910743859654	0.0	0.0	2	1.05	7.165675148570637	230.0	27	1.05	0.95				
	219	1	153.4212183035088	31.362348492982456	0.0	0.0	2	1.0423153984067461	2.3981273603752498	230.0	25	1.05	0.95				
	220	1	108.49677316491228	22.038407049122807	0.0	0.0	2	1.0454620064357212	3.3930563759659944	230.0	25	1.05	0.95				
	221	2	0.0	0.0	0.0	0.0	2	1.05	7.604510066521702	230.0	27	1.05	0.95				
	222	2	0.0	0.0	0.0	0.0	2	1.05	13.729329560145228	230.0	27	1.05	0.95				
	223	2	0.0	0.0	0.0	0.0	2	1.05	4.552672491515988	230.0	25	1.05	0.95				
	224	1	0.0	0.0	0.0	0.0	2	1.0194053486125463	-1.4916566859094629	230.0	26	1.05	0.95				
	301	2	70.65612147789474	14.392913634385964	0.0	0.0	3	1.0137374276290239	-16.86518477975298	138.0	31	1.05	0.95				
	302	2	63.459664660701755	13.084466940350877	0.0	0.0	3	1.01226831014068	-17.191604270803914	138.0	32	1.05	0.95				
	303	1	117.76020246315788	24.206263839649118	0.0	0.0	3	1.0401283227673974	-5.92973745200113	138.0	31	1.05	0.95				
	304	1	48.412527679298236	9.813350205263156	0.0	0.0	3	1.0091154160616411	-15.375788586932682	138.0	31	1.05	0.95				
	305	1	46.449857638245604	9.159126858245614	0.0	0.0	3	1.02327392726869	-16.948272019891046	138.0	31	1.05	0.95				
	306	1	88.97437519438597	18.318253716491228	0.0	-100.0	3	1.0348404680732302	-17.716256335141516	138.0	32	1.05	0.95				
	307	2	81.77791837719298	16.355583675438595	0.0	0.0	3	1.0036966857694323	-19.46877446332285	138.0	32	1.05	0.95				
	308	1	111.87219233999998	22.897817145614034	0.0	0.0	3	1.000175267006917	-18.827799141952973	138.0	32	1.05	0.95				
	309	1	114.48908572807017	23.552040492631576	0.0	0.0	3	1.0294483304778757	-11.232553211920074	138.0	33	1.05	0.95				
	310	1	127.57355266842103	26.168933880701754	0.0	0.0	3	1.05	-14.934638355016942	138.0	33	1.05	0.95				
	311	1	0.0	0.0	0.0	0.0	3	1.0192384797505334	-8.037225988949848	230.0	33	1.05	0.95				
	312	1	0.0	0.0	0.0	0.0	3	1.0192987683353378	-7.457924472050888	230.0	33	1.05	0.95				
	313	2	173.3691869596491	35.32806073894737	0.0	0.0	3	1.0251788242986875	-4.438876618506303	230.0	34	1.05	0.95				
	314	2	126.91932932140351	25.51471053368421	0.0	0.0	3	1.0280356455960917	-6.156970540986389	230.0	36	1.05	0.95				
	315	2	207.38880100456137	41.870294209122804	0.0	0.0	3	1.0473018354129155	0.24362940994502924	230.0	36	1.05	0.95				
	316	2	65.42233470175438	13.084466940350877	0.0	0.0	3	1.0468579847362163	0.4563709817172087	230.0	36	1.05	0.95				
	317	1	0.0	0.0	0.0	0.0	3	1.05	3.4792462644988085	230.0	37	1.05	0.95				
	318	2	217.85637455684207	44.487187597192985	0.0	0.0	3	1.0481044318855162	2.9543994076606426	230.0	37	1.05	0.95				
	319	1	118.41442581017543	24.206263839649118	0.0	0.0	3	1.0411732747149431	-1.0504424137280388	230.0	35	1.05	0.95				
	320	1	83.74058841824561	17.00980702245614	0.0	0.0	3	1.0419316299254828	-1.1329549067360027	230.0	35	1.05	0.95				
	321	2	0.0	0.0	0.0	0.0	3	1.05	3.739391821632224	230.0	37	1.05	0.95				
	322	2	0.0	0.0	0.0	0.0	3	1.05	9.414117106295564	230.0	37	1.05	0.95				
	323	2	0.0	0.0	0.0	0.0	3	1.0438939142842563	-0.6956696899959863	230.0	35	1.05	0.95				
	324	1	0.0	0.0	0.0	0.0	3	1.0361444977224115	-2.069697973772734	230.0	36	1.05	0.95				
	325	1	0.0	0.0	0.0	0.0	3	1.0392199848243435	0.6491819961877896	230.0	35	1.05	0.95				
];
