%% MATPOWER Case Format : Version 2
function mpc = RTS_GMLC
mpc.version = '2';

%%-----  Power Flow Data  -----%%
%% system MVA base
mpc.baseMVA = 100.0;
%% bus data
%    bus_i    type    Pd    Qd    Gs    Bs    area    Vm    Va    baseKV    zone    Vmax    Vmin
mpc.bus = [
	101	2	93.78525482526315	19.104403760701754	0.0	0.0	1	1.03355616120945	-6.919596812068396	138.0	11	1.05	0.95				
	102	2	84.23305294491227	17.36763978245614	0.0	0.0	1	1.0335369894286273	-6.976851962402228	138.0	12	1.05	0.95				
	103	1	156.30875804210524	32.13013359754386	0.0	0.0	1	1.0149270238341508	-6.673911023312014	138.0	11	1.05	0.95				
	104	1	64.26026719508772	13.025729836842103	0.0	0.0	1	1.0145304594980882	-9.190222476624287	138.0	11	1.05	0.95				
	105	1	61.65512122771929	12.157347847719297	0.0	0.0	1	1.0303992202070233	-9.333728313251717	138.0	11	1.05	0.95				
	106	1	118.09995052070175	24.314695695438594	0.0	-100.0	1	1.0331645593755387	-11.47352384256288	138.0	12	1.05	0.95				
	107	2	108.54774864035086	21.709549728070172	0.0	0.0	1	1.05	-5.783986457674998	138.0	12	1.05	0.95				
	108	1	148.49332013999998	30.393369619298245	0.0	0.0	1	1.0218833233226403	-9.507581069790676	138.0	12	1.05	0.95				
	109	1	151.96684809649122	31.26175160842105	0.0	0.0	1	1.0272438419487009	-7.4850357628124415	138.0	13	1.05	0.95				
	110	1	169.33448787894736	34.73527956491228	0.0	0.0	1	1.05	-9.038805801293089	138.0	13	1.05	0.95				
	111	1	0.0	0.0	0.0	0.0	1	1.0202762592631076	-3.535607390046955	230.0	13	1.05	0.95				
	112	1	0.0	0.0	0.0	0.0	1	1.0202106411845815	-2.1998906059889554	230.0	13	1.05	0.95				
	113	3	230.1212271175438	46.892627412631576	0.0	0.0	1	1.029449702325144	1.5124051782325096e-28	230.0	14	1.05	0.95				
	114	2	168.46610588982455	33.86689757578947	0.0	0.0	1	1.0266065097127421	-1.9549422195735338	230.0	16	1.05	0.95				
	115	2	275.2770905519298	55.576447303859645	0.0	0.0	1	1.0441955239540224	5.721370690586795	230.0	16	1.05	0.95				
	116	2	86.83819891228069	17.36763978245614	0.0	0.0	1	1.0456315198309971	5.576147727865924	230.0	16	1.05	0.95				
	117	1	0.0	0.0	0.0	0.0	1	1.0480000824996059	8.58623508896898	230.0	17	1.05	0.95				
	118	2	289.17120237789476	59.04997526035088	0.0	0.0	1	1.0496226821056187	9.13601549293818	230.0	17	1.05	0.95				
	119	1	157.17714003122808	32.13013359754386	0.0	0.0	1	1.0409658024257928	4.857763661288861	230.0	15	1.05	0.95				
	120	1	111.15289460771929	22.577931717192982	0.0	0.0	1	1.0449138165519052	5.860882394690431	230.0	15	1.05	0.95				
	121	2	0.0	0.0	0.0	0.0	1	1.05	10.04632282759064	230.0	17	1.05	0.95				
	122	2	0.0	0.0	0.0	0.0	1	1.05	16.723563918805173	230.0	17	1.05	0.95				
	123	2	0.0	0.0	0.0	0.0	1	1.05	7.03914653206092	230.0	15	1.05	0.95				
	124	1	0.0	0.0	0.0	0.0	1	1.0176441756995938	1.1570026337412158	230.0	16	1.05	0.95				
	201	2	97.83409414736842	19.92916732631579	0.0	0.0	2	1.05	-15.488888926409178	138.0	21	1.05	0.95				
	202	2	87.86951048421052	18.117424842105265	0.0	0.0	2	1.05	-15.54778907062522	138.0	22	1.05	0.95				
	203	1	163.0568235789474	33.517235957894734	0.0	0.0	2	1.0212586752706536	-11.237324175211542	138.0	21	1.05	0.95				
	204	1	67.03447191578947	13.588068631578947	0.0	0.0	2	1.017538945474044	-17.195256735476622	138.0	21	1.05	0.95				
	205	1	64.31685818947368	12.682197389473684	0.0	0.0	2	1.0358683087937204	-17.7538118304427	138.0	21	1.05	0.95				
	206	1	123.1984889263158	25.364394778947368	0.0	-100.0	2	1.0321694222276443	-19.868594223615236	138.0	22	1.05	0.95				
	207	2	113.23390526315788	22.646781052631578	0.0	0.0	2	0.95	-29.49180868816566	138.0	22	1.05	0.95				
	208	1	154.90398240000002	31.70549347368421	0.0	0.0	2	0.9521825355999789	-26.709531596510782	138.0	22	1.05	0.95				
	209	1	158.52746736842104	32.61136471578947	0.0	0.0	2	1.020538950361963	-14.890774355690157	138.0	23	1.05	0.95				
	210	1	176.6448922105263	36.23484968421053	0.0	0.0	2	1.0449312235684791	-17.23680891370533	138.0	23	1.05	0.95				
	211	1	0.0	0.0	0.0	0.0	2	1.029403022723601	-9.210747691535264	230.0	23	1.05	0.95				
	212	1	0.0	0.0	0.0	0.0	2	1.0194035471978555	-7.731852172424322	230.0	23	1.05	0.95				
	213	2	240.05587915789474	48.91704707368421	0.0	0.0	2	1.05	-4.603678829626791	230.0	24	1.05	0.95				
	214	2	175.73902096842104	35.32897844210526	0.0	0.0	2	1.05	-6.738822739960049	230.0	26	1.05	0.95				
	215	2	287.16118374736845	57.97575949473684	0.0	0.0	2	1.0442681880379492	2.6481921672646727	230.0	26	1.05	0.95				
	216	2	90.58712421052631	18.117424842105265	0.0	0.0	2	1.0480576825139654	2.3892464985953987	230.0	26	1.05	0.95				
	217	1	0.0	0.0	0.0	0.0	2	1.0496300412800597	5.851100762620786	230.0	27	1.05	0.95				
	218	2	301.65512362105267	61.5992444631579	0.0	0.0	2	1.05	6.536168821372752	230.0	27	1.05	0.95				
	219	1	163.96269482105262	33.517235957894734	0.0	0.0	2	1.041931398137289	1.8581083460670096	230.0	25	1.05	0.95				
	220	1	115.95151898947368	23.55265229473684	0.0	0.0	2	1.0450615774556609	3.0905681149287996	230.0	25	1.05	0.95				
	221	2	0.0	0.0	0.0	0.0	2	1.05	7.228311116588129	230.0	27	1.05	0.95				
	222	2	0.0	0.0	0.0	0.0	2	1.05	13.199775068385966	230.0	27	1.05	0.95				
	223	2	0.0	0.0	0.0	0.0	2	1.05	4.421655384591107	230.0	25	1.05	0.95				
	224	1	0.0	0.0	0.0	0.0	2	1.0179182694932976	-2.498032409175515	230.0	26	1.05	0.95				
	301	2	76.43024359578948	15.569123695438597	0.0	0.0	3	1.0172416897859886	-17.623736582733034	138.0	31	1.05	0.95				
	302	2	68.64568174807017	14.153748814035088	0.0	0.0	3	1.01562180125691	-18.053722617811257	138.0	32	1.05	0.95				
	303	1	127.38373932631579	26.18443530596491	0.0	0.0	3	1.0186647692605992	-12.012885566877927	138.0	31	1.05	0.95				
	304	1	52.36887061192982	10.615311610526316	0.0	0.0	3	1.0087632633924595	-16.947183209270214	138.0	31	1.05	0.95				
	305	1	50.24580828982456	9.907624169824562	0.0	0.0	3	1.0242190715747468	-17.553934037772436	138.0	31	1.05	0.95				
	306	1	96.2454919354386	19.815248339649123	0.0	-100.0	3	1.0340244220104668	-18.306843557797613	138.0	32	1.05	0.95				
	307	2	88.46093008771929	17.69218601754386	0.0	0.0	3	1.0104704171203251	-19.781814567273663	138.0	32	1.05	0.95				
	308	1	121.01455236000001	24.769060424561403	0.0	0.0	3	1.0025571076376298	-19.646155049947414	138.0	32	1.05	0.95				
	309	1	123.84530212280703	25.476747865263157	0.0	0.0	3	1.0272639462669721	-13.148749105028648	138.0	33	1.05	0.95				
	310	1	137.9990509368421	28.307497628070177	0.0	0.0	3	1.05	-15.21965323037703	138.0	33	1.05	0.95				
	311	1	0.0	0.0	0.0	0.0	3	1.021654237432295	-7.994275853313609	230.0	33	1.05	0.95				
	312	1	0.0	0.0	0.0	0.0	3	1.0184644289232447	-6.6319390356435575	230.0	33	1.05	0.95				
	313	2	187.5371717859649	38.21512179789474	0.0	0.0	3	1.034258334419548	-3.3438100074635795	230.0	34	1.05	0.95				
	314	2	137.29136349614035	27.599810187368423	0.0	0.0	3	1.0329864589638906	-5.992102723804019	230.0	36	1.05	0.95				
	315	2	224.3369187024561	45.29199620491228	0.0	0.0	3	1.0483562077097481	1.5183266176236925	230.0	36	1.05	0.95				
	316	2	70.76874407017544	14.153748814035088	0.0	0.0	3	1.0467568056156016	1.1576576324618861	230.0	36	1.05	0.95				
	317	1	0.0	0.0	0.0	0.0	3	1.048386238961763	4.1802386878416185	230.0	37	1.05	0.95				
	318	2	235.65991775368423	48.1227459677193	0.0	0.0	3	1.0490386310630782	4.848937893629254	230.0	37	1.05	0.95				
	319	1	128.09142676701754	26.18443530596491	0.0	0.0	3	1.0431083161429353	1.166351476777959	230.0	35	1.05	0.95				
	320	1	90.58399240982456	18.399873458245615	0.0	0.0	3	1.0460679838180114	2.499273616989133	230.0	35	1.05	0.95				
	321	2	0.0	0.0	0.0	0.0	3	1.05	5.64051030498538	230.0	37	1.05	0.95				
	322	2	0.0	0.0	0.0	0.0	3	1.05	10.842865012367012	230.0	37	1.05	0.95				
	323	2	0.0	0.0	0.0	0.0	3	1.05	3.743956675692662	230.0	35	1.05	0.95				
	324	1	0.0	0.0	0.0	0.0	3	1.019979368762992	-3.465860689337015	230.0	36	1.05	0.95				
	325	1	0.0	0.0	0.0	0.0	3	1.049296294098791	4.268241917229582	230.0	35	1.05	0.95				
];

%% generator data
%    bus    Pg    Qg    Qmax    Qmin    Vg    mBase    status    Pmax    Pmin    Pc1    Pc2    Qc1min    Qc1max    Qc2min    Qc2max    ramp_agc    ramp_10    ramp_30    ramp_q    apf
