%% MATPOWER Case Format : Version 2
function mpc = RTS_GMLC
mpc.version = '2';

%%-----  Power Flow Data  -----%%
%% system MVA base
mpc.baseMVA = 100.0;
%% bus data
%    bus_i    type    Pd    Qd    Gs    Bs    area    Vm    Va    baseKV    zone    Vmax    Vmin
mpc.bus = [
	101	2	60.59970310736843	12.344383966315789	0.0	0.0	1	1.0430903267031761	0.9633337447868127	138.0	11	1.05	0.95				
	102	2	54.427511124210525	11.222167242105263	0.0	0.0	1	1.0420249077351342	0.6282336832599983	138.0	12	1.05	0.95				
	103	1	100.99950517894737	20.761009397894735	0.0	0.0	1	1.028036087654328	-1.3162405231870373	138.0	11	1.05	0.95				
	104	1	41.52201879578947	8.416625431578947	0.0	0.0	1	1.0249998233144992	-2.7793280881943714	138.0	11	1.05	0.95				
	105	1	39.83869370947368	7.855517069473684	0.0	0.0	1	1.0384071047230774	-2.9295912390597403	138.0	11	1.05	0.95				
	106	1	76.3107372463158	15.711034138947369	0.0	-100.0	1	1.0433172101085142	-5.704543036221743	138.0	12	1.05	0.95				
	107	2	70.1385452631579	14.027709052631579	0.0	0.0	1	1.000249133964848	-13.920941530241098	138.0	12	1.05	0.95				
	108	1	95.94952992	19.63879267368421	0.0	0.0	1	0.998584886998499	-11.729007014114305	138.0	12	1.05	0.95				
	109	1	98.19396336842105	20.199901035789473	0.0	0.0	1	1.0253475865970267	-4.129131973812019	138.0	13	1.05	0.95				
	110	1	109.41613061052631	22.444334484210525	0.0	0.0	1	1.05	-5.155077123649262	138.0	13	1.05	0.95				
	111	1	0.0	0.0	0.0	0.0	1	1.0087916957418128	-1.5190862658854751	230.0	13	1.05	0.95				
	112	1	0.0	0.0	0.0	0.0	1	1.013207692923357	-1.1652134094841509	230.0	13	1.05	0.95				
	113	3	148.69371595789474	30.299851553684213	0.0	0.0	1	1.007577598535945	2.2794362230722745e-30	230.0	14	1.05	0.95				
	114	2	108.85502224842105	21.883226122105263	0.0	0.0	1	1.0074985591505403	0.3671795599855067	230.0	16	1.05	0.95				
	115	2	177.8713507873684	35.91093517473684	0.0	0.0	1	1.0399679644581348	6.904286259738856	230.0	16	1.05	0.95				
	116	2	56.110836210526315	11.222167242105263	0.0	0.0	1	1.0371458477383875	6.3650287585338114	230.0	16	1.05	0.95				
	117	1	0.0	0.0	0.0	0.0	1	1.0423430575643335	9.414313929665012	230.0	17	1.05	0.95				
	118	2	186.84908458105264	38.1553686231579	0.0	0.0	1	1.0453069005439788	9.76128967289009	230.0	17	1.05	0.95				
	119	1	101.56061354105263	20.761009397894735	0.0	0.0	1	1.0306249544158699	4.800259352940177	230.0	15	1.05	0.95				
	120	1	71.82187034947368	14.588817414736843	0.0	0.0	1	1.0294549195703127	4.391209309369359	230.0	15	1.05	0.95				
	121	2	0.0	0.0	0.0	0.0	1	1.0482232210452718	11.258373156530682	230.0	17	1.05	0.95				
	122	2	0.0	0.0	0.0	0.0	1	1.05	19.141091269287276	230.0	17	1.05	0.95				
	123	2	0.0	0.0	0.0	0.0	1	1.0299305942609014	4.592345330057998	230.0	15	1.05	0.95				
	124	1	0.0	0.0	0.0	0.0	1	1.0250394396702813	3.8338095608696503	230.0	16	1.05	0.95				
	201	2	69.41035731789475	14.139146861052632	0.0	0.0	2	1.0261848551091073	-15.426129314867257	138.0	21	1.05	0.95				
	202	2	62.340783887368424	12.853769873684213	0.0	0.0	2	1.027149305187814	-15.284806634339546	138.0	22	1.05	0.95				
	203	1	115.6839288631579	23.779474266315788	0.0	0.0	2	1.0148707633716116	-12.920123240361816	138.0	21	1.05	0.95				
	204	1	47.558948532631575	9.640327405263157	0.0	0.0	2	1.0147701141067849	-16.283041301661672	138.0	21	1.05	0.95				
	205	1	45.63088305157895	8.997638911578948	0.0	0.0	2	1.0299976850239636	-16.752696193178025	138.0	21	1.05	0.95				
	206	1	87.40563514105264	17.995277823157895	0.0	-100.0	2	1.0387033873028149	-18.06810770616175	138.0	22	1.05	0.95				
	207	2	80.33606171052632	16.067212342105265	0.0	0.0	2	0.9832643967396526	-27.30587579819897	138.0	22	1.05	0.95				
	208	1	109.89973241999999	22.49409727894737	0.0	0.0	2	0.9836786310377511	-24.185715455426738	138.0	22	1.05	0.95				
	209	1	112.47048639473685	23.13678577263158	0.0	0.0	2	1.0245380661826036	-14.472462078547213	138.0	23	1.05	0.95				
	210	1	125.32425626842105	25.707539747368426	0.0	0.0	2	1.05	-16.048081438296656	138.0	23	1.05	0.95				
	211	1	0.0	0.0	0.0	0.0	2	1.0193111384745719	-10.584445152349316	230.0	23	1.05	0.95				
	212	1	0.0	0.0	0.0	0.0	2	1.0184476549925883	-7.495559918304459	230.0	23	1.05	0.95				
	213	2	170.3124508263158	34.705178658947375	0.0	0.0	2	1.0247315278365923	-8.247689939422902	230.0	24	1.05	0.95				
	214	2	124.68156777473685	25.06485125368421	0.0	0.0	2	1.0286814399002104	-8.004625964938965	230.0	26	1.05	0.95				
	215	2	203.73225249789476	41.132063595789475	0.0	0.0	2	1.0371720151989334	-0.231124204725967	230.0	26	1.05	0.95				
	216	2	64.26884936842106	12.853769873684213	0.0	0.0	2	1.039359154428435	-0.3952800903166454	230.0	26	1.05	0.95				
	217	1	0.0	0.0	0.0	0.0	2	1.0407618825997553	2.010112578413395	230.0	27	1.05	0.95				
	218	2	214.01526839684212	43.70281757052632	0.0	0.0	2	1.040996495786197	1.9728628161925643	230.0	27	1.05	0.95				
	219	1	116.3266173568421	23.779474266315788	0.0	0.0	2	1.0394012968874016	-0.10346512223556942	230.0	25	1.05	0.95				
	220	1	82.26412719157895	16.709900835789472	0.0	0.0	2	1.0449048039779938	1.3602510725556654	230.0	25	1.05	0.95				
	221	2	0.0	0.0	0.0	0.0	2	1.0416821010432982	2.0134488382542655	230.0	27	1.05	0.95				
	222	2	0.0	0.0	0.0	0.0	2	1.05	8.516235675208902	230.0	27	1.05	0.95				
	223	2	0.0	0.0	0.0	0.0	2	1.05	2.626844371930753	230.0	25	1.05	0.95				
	224	1	0.0	0.0	0.0	0.0	2	1.0129144212853438	-4.934470395805554	230.0	26	1.05	0.95				
	301	2	54.956659301052625	11.194875042807016	0.0	0.0	3	1.0055705481002222	-4.953497846844926	138.0	31	1.05	0.95				
	302	2	49.35922177964912	10.17715912982456	0.0	0.0	3	1.005106945436643	-5.060872353988134	138.0	32	1.05	0.95				
	303	1	91.59443216842105	18.827744390175436	0.0	0.0	3	1.0229120754498158	0.21271948546503697	138.0	31	1.05	0.95				
	304	1	37.65548878035087	7.632869347368419	0.0	0.0	3	1.007192098356598	-3.4908160291366923	138.0	31	1.05	0.95				
	305	1	36.128914910877185	7.124011390877192	0.0	0.0	3	1.0207130197662613	-3.8574775489347415	138.0	31	1.05	0.95				
	306	1	69.20468208280701	14.248022781754385	0.0	-100.0	3	1.0372622802893345	-3.8346841530421356	138.0	32	1.05	0.95				
	307	2	63.6072445614035	12.7214489122807	0.0	0.0	3	0.9934127723626949	-9.004043337483287	138.0	32	1.05	0.95				
	308	1	87.01471055999998	17.81002847719298	0.0	0.0	3	0.9986682975701613	-6.675084281926486	138.0	32	1.05	0.95				
	309	1	89.0501423859649	18.318886433684206	0.0	0.0	3	1.0257023114236434	-0.12443712653690688	138.0	33	1.05	0.95				
	310	1	99.22730151578946	20.35431825964912	0.0	0.0	3	1.05	-1.1290252229374813	138.0	33	1.05	0.95				
	311	1	0.0	0.0	0.0	0.0	3	1.0103290230153268	4.876475034985023	230.0	33	1.05	0.95				
	312	1	0.0	0.0	0.0	0.0	3	1.0130886333453555	5.060357855689789	230.0	33	1.05	0.95				
	313	2	134.8473584701754	27.478329650526312	0.0	0.0	3	1.015888961025928	9.268755259130254	230.0	34	1.05	0.95				
	314	2	98.71844355929824	19.845460303157893	0.0	0.0	3	1.0141260003715054	6.582092898710895	230.0	36	1.05	0.95				
	315	2	161.30797220771927	32.56690921543859	0.0	0.0	3	1.038433189041433	7.9684140489465225	230.0	36	1.05	0.95				
	316	2	50.8857956491228	10.17715912982456	0.0	0.0	3	1.0369523487445165	8.440678622866248	230.0	36	1.05	0.95				
	317	1	0.0	0.0	0.0	0.0	3	1.05	12.680644447036205	230.0	37	1.05	0.95				
	318	2	169.44969951157893	34.602341041403506	0.0	0.0	3	1.0471947085477904	10.24920573021387	230.0	37	1.05	0.95				
	319	1	92.10329012491228	18.827744390175436	0.0	0.0	3	1.03044254825438	7.8867279273566435	230.0	35	1.05	0.95				
	320	1	65.13381843087718	13.23030686877193	0.0	0.0	3	1.0276124560205107	7.968299660604903	230.0	35	1.05	0.95				
	321	2	0.0	0.0	0.0	0.0	3	1.045296280549554	10.12231863718724	230.0	37	1.05	0.95				
	322	2	0.0	0.0	0.0	0.0	3	1.05	15.468569862414077	230.0	37	1.05	0.95				
	323	2	0.0	0.0	0.0	0.0	3	1.026255611597767	8.109328834975198	230.0	35	1.05	0.95				
	324	1	0.0	0.0	0.0	0.0	3	1.0246358762430898	6.469681854425736	230.0	36	1.05	0.95				
	325	1	0.0	0.0	0.0	0.0	3	1.0282908825393344	8.388816641638329	230.0	35	1.05	0.95				
];
