%% MATPOWER Case Format : Version 2
function mpc = RTS_GMLC
mpc.version = '2';

%%-----  Power Flow Data  -----%%
%% system MVA base
mpc.baseMVA = 100.0;
%% bus data
%    bus_i    type    Pd    Qd    Gs    Bs    area    Vm    Va    baseKV    zone    Vmax    Vmin
mpc.bus = [
	101	2	71.94210786947369	14.65487382526316	0.0	0.0	1	1.0372998402535778	2.1441038609304126	138.0	11	1.05	0.95				
	102	2	64.6146709568421	13.322612568421052	0.0	0.0	1	1.0367308330019944	1.893890655059982	138.0	12	1.05	0.95				
	103	1	119.90351311578948	24.646833251578947	0.0	0.0	1	1.026600678191963	0.18858308723916145	138.0	11	1.05	0.95				
	104	1	49.293666503157894	9.99195942631579	0.0	0.0	1	1.0215667372395958	-1.8582012825546497	138.0	11	1.05	0.95				
	105	1	47.295274617894734	9.325828797894738	0.0	0.0	1	1.033701294254445	-2.172707994495336	138.0	11	1.05	0.95				
	106	1	90.59376546526316	18.651657595789477	0.0	-100.0	1	1.0386234821217324	-5.233310131942313	138.0	12	1.05	0.95				
	107	2	83.26632855263159	16.653265710526316	0.0	0.0	1	1.0499999569719938	-7.952710559706746	138.0	12	1.05	0.95				
	108	1	113.90833746	23.31457199473684	0.0	0.0	1	1.0275658708139621	-8.257288088645428	138.0	12	1.05	0.95				
	109	1	116.5728599736842	23.980702623157892	0.0	0.0	1	1.0269029103890657	-3.172228796692406	138.0	13	1.05	0.95				
	110	1	129.89547254210527	26.645225136842104	0.0	0.0	1	1.05	-4.472589435113724	138.0	13	1.05	0.95				
	111	1	0.0	0.0	0.0	0.0	1	1.0091022049300014	-0.9253948250574576	230.0	13	1.05	0.95				
	112	1	0.0	0.0	0.0	0.0	1	1.0154525725558203	-0.6075685717260765	230.0	13	1.05	0.95				
	113	3	176.52461653157894	35.971053934736844	0.0	0.0	1	1.0091323314266298	-6.088723482809785e-27	230.0	14	1.05	0.95				
	114	2	129.2293419136842	25.979094508421053	0.0	0.0	1	1.0056563480256056	1.2622124842780866	230.0	16	1.05	0.95				
	115	2	211.16340920947368	42.63236021894737	0.0	0.0	1	1.042862365840888	9.146514391149985	230.0	16	1.05	0.95				
	116	2	66.61306284210526	13.322612568421052	0.0	0.0	1	1.040377959723353	8.294316336353681	230.0	16	1.05	0.95				
	117	1	0.0	0.0	0.0	0.0	1	1.0445769781993886	11.501548515206638	230.0	17	1.05	0.95				
	118	2	221.82149926421056	45.29688273263158	0.0	0.0	1	1.0474147316823508	11.946241855345171	230.0	17	1.05	0.95				
	119	1	120.56964374421054	24.646833251578947	0.0	0.0	1	1.0341565383190936	6.315202336979964	230.0	15	1.05	0.95				
	120	1	85.26472043789474	17.319396338947367	0.0	0.0	1	1.0342932439560377	5.541168392759794	230.0	15	1.05	0.95				
	121	2	0.0	0.0	0.0	0.0	1	1.05	13.497078713361564	230.0	17	1.05	0.95				
	122	2	0.0	0.0	0.0	0.0	1	1.05	21.1665296643467	230.0	17	1.05	0.95				
	123	2	0.0	0.0	0.0	0.0	1	1.0359462520943095	5.6142400729055675	230.0	15	1.05	0.95				
	124	1	0.0	0.0	0.0	0.0	1	1.0254702504787978	5.813666337931105	230.0	16	1.05	0.95				
	201	2	86.9031953431579	17.702502755087718	0.0	0.0	2	1.0451067607216142	-20.95951021188768	138.0	21	1.05	0.95				
	202	2	78.05194396561403	16.09318432280702	0.0	0.0	2	1.04756359257557	-21.133692017164112	138.0	22	1.05	0.95				
	203	1	144.83865890526315	29.772390997192982	0.0	0.0	2	1.022493964776105	-15.382504660553986	138.0	21	1.05	0.95				
	204	1	59.544781994385964	12.069888242105261	0.0	0.0	2	1.020239233122973	-22.47837268400262	138.0	21	1.05	0.95				
	205	1	57.130804345964904	11.265229025964912	0.0	0.0	2	1.03731055632827	-23.117364068349463	138.0	21	1.05	0.95				
	206	1	109.43365339508773	22.530458051929823	0.0	-100.0	2	1.0387027883471456	-25.097321656478968	138.0	22	1.05	0.95				
	207	2	100.58240201754384	20.11648040350877	0.0	0.0	2	0.95	-36.39825643873426	138.0	22	1.05	0.95				
	208	1	137.59672596	28.163072564912277	0.0	0.0	2	0.9558280317015996	-32.61457458721842	138.0	22	1.05	0.95				
	209	1	140.8153628245614	28.96773178105263	0.0	0.0	2	1.0235916176447533	-20.338325369778463	138.0	23	1.05	0.95				
	210	1	156.9085471473684	32.18636864561404	0.0	0.0	2	1.05	-22.801858101906205	138.0	23	1.05	0.95				
	211	1	0.0	0.0	0.0	0.0	2	1.0319622269946882	-15.360723251380096	230.0	23	1.05	0.95				
	212	1	0.0	0.0	0.0	0.0	2	1.022608827435425	-14.121087687559848	230.0	23	1.05	0.95				
	213	2	213.23469227719295	43.45159767157895	0.0	0.0	2	1.05	-12.201975589840192	230.0	24	1.05	0.95				
	214	2	156.10388793122806	31.381709429473688	0.0	0.0	2	1.05	-12.201231372596336	230.0	26	1.05	0.95				
	215	2	255.0769715164912	51.498189832982455	0.0	0.0	2	1.043195792858516	-2.1302732929234285	230.0	26	1.05	0.95				
	216	2	80.46592161403508	16.09318432280702	0.0	0.0	2	1.0471715476205659	-2.7252287017695607	230.0	26	1.05	0.95				
	217	1	0.0	0.0	0.0	0.0	2	1.0477602877777998	0.8106428263578334	230.0	27	1.05	0.95				
	218	2	267.9515189747368	54.716826697543866	0.0	0.0	2	1.0499999956180521	0.9622312484754941	230.0	27	1.05	0.95				
	219	1	145.6433181214035	29.772390997192982	0.0	0.0	2	1.042515055898012	-3.3827398957314183	230.0	25	1.05	0.95				
	220	1	102.99637966596491	20.921139619649125	0.0	0.0	2	1.045686251139948	-2.4488392695211325	230.0	25	1.05	0.95				
	221	2	0.0	0.0	0.0	0.0	2	1.05	0.9440793961801003	230.0	27	1.05	0.95				
	222	2	0.0	0.0	0.0	0.0	2	1.05	7.403642144946794	230.0	27	1.05	0.95				
	223	2	0.0	0.0	0.0	0.0	2	1.05	-1.3533277489281743	230.0	25	1.05	0.95				
	224	1	0.0	0.0	0.0	0.0	2	1.0186432546991593	-7.051207493460838	230.0	26	1.05	0.95				
	301	2	81.29895601263158	16.560898447017543	0.0	0.0	3	1.004826089032025	-3.7994955766984186	138.0	31	1.05	0.95				
	302	2	73.01850678912281	15.055362224561405	0.0	0.0	3	1.0059456754192582	-4.016779975345012	138.0	32	1.05	0.95				
	303	1	135.49826002105263	27.852420115438598	0.0	0.0	3	1.0312458269535894	5.363627153868699	138.0	31	1.05	0.95				
	304	1	55.704840230877195	11.291521668421051	0.0	0.0	3	0.9989914871575161	-1.4749910137554056	138.0	31	1.05	0.95				
	305	1	53.44653589719298	10.538753557192985	0.0	0.0	3	1.0117637106617352	-2.307885610056841	138.0	31	1.05	0.95				
	306	1	102.37646312701756	21.07750711438597	0.0	-100.0	3	1.0227865685232365	-2.2966620572682808	138.0	32	1.05	0.95				
	307	2	94.09601390350876	18.819202780701755	0.0	0.0	3	0.9770134840135889	-8.21082915121555	138.0	32	1.05	0.95				
	308	1	128.72334701999998	26.346883892982454	0.0	0.0	3	0.9822250050267547	-4.595503896229652	138.0	32	1.05	0.95				
	309	1	131.7344194649123	27.09965200421053	0.0	0.0	3	1.0218669713937867	3.707601702007031	138.0	33	1.05	0.95				
	310	1	146.78978168947367	30.11072444912281	0.0	0.0	3	1.0410645739290043	1.6421501673947916	138.0	33	1.05	0.95				
	311	1	0.0	0.0	0.0	0.0	3	1.0118316666665808	9.151152517048558	230.0	33	1.05	0.95				
	312	1	0.0	0.0	0.0	0.0	3	1.0162244503980276	10.646095457283645	230.0	33	1.05	0.95				
	313	2	199.4835494754386	40.64947800631579	0.0	0.0	3	1.0374952888081355	17.506723297678672	230.0	34	1.05	0.95				
	314	2	146.03701357824562	29.357956337894738	0.0	0.0	3	1.0164144056961066	8.136550016666137	230.0	36	1.05	0.95				
	315	2	238.62749125929824	48.17715911859649	0.0	0.0	3	1.0414602373800828	4.4242104075701025	230.0	36	1.05	0.95				
	316	2	75.27681112280702	15.055362224561405	0.0	0.0	3	1.0399351713111953	5.818157909247011	230.0	36	1.05	0.95				
	317	1	0.0	0.0	0.0	0.0	3	1.044640538251784	5.190164248986673	230.0	37	1.05	0.95				
	318	2	250.6717810389474	51.18823156350878	0.0	0.0	3	1.0428696011240226	3.624874335788115	230.0	37	1.05	0.95				
	319	1	136.2510281322807	27.852420115438598	0.0	0.0	3	1.0356851853320295	8.070309322453856	230.0	35	1.05	0.95				
	320	1	96.35431823719298	19.571970891929826	0.0	0.0	3	1.0367685605604162	10.1904676761297	230.0	35	1.05	0.95				
	321	2	0.0	0.0	0.0	0.0	3	1.0435836065109982	4.526168587279678	230.0	37	1.05	0.95				
	322	2	0.0	0.0	0.0	0.0	3	1.05	9.11632357651417	230.0	37	1.05	0.95				
	323	2	0.0	0.0	0.0	0.0	3	1.0382647331783141	11.155832714660622	230.0	35	1.05	0.95				
	324	1	0.0	0.0	0.0	0.0	3	1.0364438044004725	6.6655544257487644	230.0	36	1.05	0.95				
	325	1	0.0	0.0	0.0	0.0	3	1.0396446488299973	11.35935556406216	230.0	35	1.05	0.95				
];
