%% MATPOWER Case Format : Version 2
function mpc = RTS_GMLC
mpc.version = '2';

%%-----  Power Flow Data  -----%%
%% system MVA base
mpc.baseMVA = 100.0;
%% bus data
%    bus_i    type    Pd    Qd    Gs    Bs    area    Vm    Va    baseKV    zone    Vmax    Vmin
mpc.bus = [
	101	2	53.959920821052634	10.991835722807016	0.0	0.0	1	1.0270824489841295	-0.19278672701202765	138.0	11	1.05	0.95				
	102	2	48.46400295964912	9.992577929824561	0.0	0.0	1	1.0261378852238243	-0.4998969076289708	138.0	12	1.05	0.95				
	103	1	89.93320136842104	18.486269170175436	0.0	0.0	1	1.0275688107839254	0.13431976432954978	138.0	11	1.05	0.95				
	104	1	36.97253834035087	7.49443344736842	0.0	0.0	1	1.0172633712727246	-3.237069622052285	138.0	11	1.05	0.95				
	105	1	35.473651650877194	6.994804550877193	0.0	0.0	1	1.031739331642826	-3.2193894961289495	138.0	11	1.05	0.95				
	106	1	67.94952992280702	13.989609101754386	0.0	-100.0	1	1.0418499679254627	-5.448136296768531	138.0	12	1.05	0.95				
	107	2	62.453612061403504	12.490722412280702	0.0	0.0	1	0.9995605882290226	-13.779290162298679	138.0	12	1.05	0.95				
	108	1	85.43654129999999	17.48701137719298	0.0	0.0	1	0.999674271286662	-11.197375067298738	138.0	12	1.05	0.95				
	109	1	87.43505688596491	17.98664027368421	0.0	0.0	1	1.0251649569268688	-3.4307897031478136	138.0	13	1.05	0.95				
	110	1	97.42763481578946	19.985155859649122	0.0	0.0	1	1.05	-4.689504877548054	138.0	13	1.05	0.95				
	111	1	0.0	0.0	0.0	0.0	1	1.0097253899480232	-0.5322565299412988	230.0	13	1.05	0.95				
	112	1	0.0	0.0	0.0	0.0	1	1.0138665331674097	-0.7074812726938216	230.0	13	1.05	0.95				
	113	3	132.40165757017544	26.979960410526317	0.0	0.0	1	1.0073307571709285	3.072909269886371e-28	230.0	14	1.05	0.95				
	114	2	96.92800591929824	19.485526963157895	0.0	0.0	1	1.0122225004282985	2.605790071655375	230.0	16	1.05	0.95				
	115	2	158.38236018771929	31.9762493754386	0.0	0.0	1	1.0452715045420249	10.87027745064192	230.0	16	1.05	0.95				
	116	2	49.96288964912281	9.992577929824561	0.0	0.0	1	1.041612223100946	9.936833288892338	230.0	16	1.05	0.95				
	117	1	0.0	0.0	0.0	0.0	1	1.0437485526367543	14.082115839755096	230.0	17	1.05	0.95				
	118	2	166.37642253157892	33.97476496140351	0.0	0.0	1	1.0494084580378542	14.21750413712872	230.0	17	1.05	0.95				
	119	1	90.43283026491228	18.486269170175436	0.0	0.0	1	1.0348268198888126	7.32598066047985	230.0	15	1.05	0.95				
	120	1	63.9524987508772	12.990351308771931	0.0	0.0	1	1.0339006644815323	5.998773448005854	230.0	15	1.05	0.95				
	121	2	0.0	0.0	0.0	0.0	1	1.05	15.520046059368545	230.0	17	1.05	0.95				
	122	2	0.0	0.0	0.0	0.0	1	1.05	29.9794981566141	230.0	17	1.05	0.95				
	123	2	0.0	0.0	0.0	0.0	1	1.034258472252996	5.645247049654249	230.0	15	1.05	0.95				
	124	1	0.0	0.0	0.0	0.0	1	1.0251937383466607	6.876395913377404	230.0	16	1.05	0.95				
	201	2	66.38438531368422	13.522745156491228	0.0	0.0	2	1.0291227191284285	-16.949283083527938	138.0	21	1.05	0.95				
	202	2	59.62301273543859	12.293404687719299	0.0	0.0	2	1.029605747929199	-16.966519647337773	138.0	22	1.05	0.95				
	203	1	110.6406421894737	22.7427986722807	0.0	0.0	2	1.015656398078847	-14.6188193584349	138.0	21	1.05	0.95				
	204	1	45.4855973445614	9.220053515789473	0.0	0.0	2	1.0158232580187572	-18.813374954538347	138.0	21	1.05	0.95				
	205	1	43.64158664140351	8.60538328140351	0.0	0.0	2	1.031692341457802	-19.16138580720542	138.0	21	1.05	0.95				
	206	1	83.59515187649123	17.21076656280702	0.0	-100.0	2	1.039811499782694	-20.971959744654292	138.0	22	1.05	0.95				
	207	2	76.83377929824562	15.366755859649123	0.0	0.0	2	0.9885720230379846	-30.130038500329235	138.0	22	1.05	0.95				
	208	1	105.10861007999999	21.51345820350877	0.0	0.0	2	0.9879018495315021	-27.159461709239533	138.0	22	1.05	0.95				
	209	1	107.56729101754385	22.128128437894738	0.0	0.0	2	1.0233901671884378	-17.817100576289402	138.0	23	1.05	0.95				
	210	1	119.86069570526317	24.586809375438598	0.0	0.0	2	1.05	-19.45029393112856	138.0	23	1.05	0.95				
	211	1	0.0	0.0	0.0	0.0	2	1.0177635982980464	-14.00704952243439	230.0	23	1.05	0.95				
	212	1	0.0	0.0	0.0	0.0	2	1.0151919707164279	-12.968349014358408	230.0	23	1.05	0.95				
	213	2	162.8876121122807	33.19219265684211	0.0	0.0	2	1.020277401648987	-12.48156815004769	230.0	24	1.05	0.95				
	214	2	119.24602547087719	23.972139141052633	0.0	0.0	2	1.0286462888342243	-10.758014254587987	230.0	26	1.05	0.95				
	215	2	194.85046430035086	39.338895000701754	0.0	0.0	2	1.037996291757084	-2.0502323592778486	230.0	26	1.05	0.95				
	216	2	61.46702343859649	12.293404687719299	0.0	0.0	2	1.041157603294558	-2.401443892443615	230.0	26	1.05	0.95				
	217	1	0.0	0.0	0.0	0.0	2	1.0425532274128073	0.8211159650366836	230.0	27	1.05	0.95				
	218	2	204.6851880505263	41.797575938245615	0.0	0.0	2	1.0435582900884592	0.8184600292525651	230.0	27	1.05	0.95				
	219	1	111.25531242385964	22.7427986722807	0.0	0.0	2	1.0409660877787523	-2.817678425523062	230.0	25	1.05	0.95				
	220	1	78.67779000140351	15.98142609403509	0.0	0.0	2	1.0457631182146834	-2.021261227890173	230.0	25	1.05	0.95				
	221	2	0.0	0.0	0.0	0.0	2	1.0435338428254264	0.6364658771727305	230.0	27	1.05	0.95				
	222	2	0.0	0.0	0.0	0.0	2	1.05	7.214945107397737	230.0	27	1.05	0.95				
	223	2	0.0	0.0	0.0	0.0	2	1.05	-1.1378927122467941	230.0	25	1.05	0.95				
	224	1	0.0	0.0	0.0	0.0	2	1.013878007922011	-6.708627828177605	230.0	26	1.05	0.95				
	301	2	48.242961094736856	9.82726985263158	0.0	0.0	3	1.0067643600683156	-12.018882686854399	138.0	31	1.05	0.95				
	302	2	43.329326168421055	8.933881684210528	0.0	0.0	3	1.0065363227389923	-12.141256547050597	138.0	32	1.05	0.95				
	303	1	80.40493515789476	16.527681115789473	0.0	0.0	3	1.0284903977489046	-5.85458204298222	138.0	31	1.05	0.95				
	304	1	33.05536223157895	6.7004112631578945	0.0	0.0	3	1.0105636567959615	-10.496820112190344	138.0	31	1.05	0.95				
	305	1	31.71527997894737	6.25371717894737	0.0	0.0	3	1.0226113801666301	-11.633427423008428	138.0	31	1.05	0.95				
	306	1	60.75039545263159	12.50743435789474	0.0	-100.0	3	1.039568679268079	-11.94291164445149	138.0	32	1.05	0.95				
	307	2	55.8367605263158	11.16735210526316	0.0	0.0	3	0.992311034268853	-16.574861395704858	138.0	32	1.05	0.95				
	308	1	76.38468840000002	15.634292947368422	0.0	0.0	3	0.9987811968228023	-14.5579823824873	138.0	32	1.05	0.95				
	309	1	78.17146473684211	16.08098703157895	0.0	0.0	3	1.0282310169340703	-7.334248599196683	138.0	33	1.05	0.95				
	310	1	87.10534642105264	17.867763368421056	0.0	0.0	3	1.05	-9.809712962094336	138.0	33	1.05	0.95				
	311	1	0.0	0.0	0.0	0.0	3	1.009852923876582	-4.0727063191502655	230.0	33	1.05	0.95				
	312	1	0.0	0.0	0.0	0.0	3	1.0130012908939396	-3.629209772279695	230.0	33	1.05	0.95				
	313	2	118.37393231578947	24.121480547368428	0.0	0.0	3	1.0121817865148204	-0.7823368541956346	230.0	34	1.05	0.95				
	314	2	86.65865233684211	17.421069284210528	0.0	0.0	3	1.010526669048505	-2.356892603973196	230.0	36	1.05	0.95				
	315	2	141.60202469473685	28.58842138947369	0.0	0.0	3	1.0388816723214467	2.1970694482698057	230.0	36	1.05	0.95				
	316	2	44.66940842105264	8.933881684210528	0.0	0.0	3	1.0379288584745847	2.6922779461873207	230.0	36	1.05	0.95				
	317	1	0.0	0.0	0.0	0.0	3	1.05	7.407045343206951	230.0	37	1.05	0.95				
	318	2	148.7491300421053	30.375197726315793	0.0	0.0	3	1.0466955771930975	5.098263173445114	230.0	37	1.05	0.95				
	319	1	80.85162924210528	16.527681115789473	0.0	0.0	3	1.0319839636148342	1.7502650059811042	230.0	35	1.05	0.95				
	320	1	57.17684277894738	11.614046189473685	0.0	0.0	3	1.0299624853819884	1.7887148722590283	230.0	35	1.05	0.95				
	321	2	0.0	0.0	0.0	0.0	3	1.0452625784352412	4.760082469100553	230.0	37	1.05	0.95				
	322	2	0.0	0.0	0.0	0.0	3	1.05	10.141163620142123	230.0	37	1.05	0.95				
	323	2	0.0	0.0	0.0	0.0	3	1.0294857866307183	2.152171275837196	230.0	35	1.05	0.95				
	324	1	0.0	0.0	0.0	0.0	3	1.0247219511296064	-0.8148950223910224	230.0	36	1.05	0.95				
	325	1	0.0	0.0	0.0	0.0	3	1.0275769261972363	3.2832351981970462	230.0	35	1.05	0.95				
];
