%% MATPOWER Case Format : Version 2
function mpc = RTS_GMLC
mpc.version = '2';

%%-----  Power Flow Data  -----%%
%% system MVA base
mpc.baseMVA = 100.0;
%% bus data
%    bus_i    type    Pd    Qd    Gs    Bs    area    Vm    Va    baseKV    zone    Vmax    Vmin
mpc.bus = [
	101	2	63.0979713094737	12.853290451929828	0.0	0.0	1	1.0327429343207561	-1.520542026197556	138.0	11	1.05	0.95				
	102	2	56.671326083508774	11.684809501754389	0.0	0.0	1	1.032280711955866	-1.6836601451367594	138.0	12	1.05	0.95				
	103	1	105.16328551578948	21.616897578245617	0.0	0.0	1	1.0250329345752685	-2.279714296418644	138.0	11	1.05	0.95				
	104	1	43.23379515649123	8.76360712631579	0.0	0.0	1	1.0186617768978041	-4.510664136152641	138.0	11	1.05	0.95				
	105	1	41.48107373122807	8.179366651228072	0.0	0.0	1	1.0335919418232515	-4.450739272056414	138.0	11	1.05	0.95				
	106	1	79.45670461192984	16.358733302456145	0.0	-100.0	1	1.0409692045361412	-6.665057561754031	138.0	12	1.05	0.95				
	107	2	73.03005938596492	14.606011877192984	0.0	0.0	1	1.011566004435495	-9.978255132420514	138.0	12	1.05	0.95				
	108	1	99.90512124	20.448416628070177	0.0	0.0	1	1.0069293114748477	-9.715777173012782	138.0	12	1.05	0.95				
	109	1	102.24208314035089	21.032657103157895	0.0	0.0	1	1.0256702156794957	-4.456078515410206	138.0	13	1.05	0.95				
	110	1	113.92689264210527	23.369619003508777	0.0	0.0	1	1.05	-5.577080751948717	138.0	13	1.05	0.95				
	111	1	0.0	0.0	0.0	0.0	1	1.0096813840152996	-1.6133361819326977	230.0	13	1.05	0.95				
	112	1	0.0	0.0	0.0	0.0	1	1.013208840193269	-1.0759136290295164	230.0	13	1.05	0.95				
	113	3	154.8237258982456	31.54898565473685	0.0	0.0	1	1.008333975230446	1.4743004650890042e-30	230.0	14	1.05	0.95				
	114	2	113.34265216701755	22.785378528421056	0.0	0.0	1	1.0101684964552833	0.46243516985786964	230.0	16	1.05	0.95				
	115	2	185.20423060280703	37.39139040561404	0.0	0.0	1	1.0425112824337377	7.318342752170711	230.0	16	1.05	0.95				
	116	2	58.424047508771935	11.684809501754389	0.0	0.0	1	1.039703969863467	6.86452597915734	230.0	16	1.05	0.95				
	117	1	0.0	0.0	0.0	0.0	1	1.0438828603370656	9.572664445410776	230.0	17	1.05	0.95				
	118	2	194.55207820421055	39.72835230596492	0.0	0.0	1	1.046846227871718	9.547267382923172	230.0	17	1.05	0.95				
	119	1	105.7475259908772	21.616897578245617	0.0	0.0	1	1.0333316028617467	5.528143122037136	230.0	15	1.05	0.95				
	120	1	74.78278081122808	15.190252352280703	0.0	0.0	1	1.0326737380369355	5.479488344332079	230.0	15	1.05	0.95				
	121	2	0.0	0.0	0.0	0.0	1	1.05	10.863187880439886	230.0	17	1.05	0.95				
	122	2	0.0	0.0	0.0	0.0	1	1.05	20.770887706036454	230.0	17	1.05	0.95				
	123	2	0.0	0.0	0.0	0.0	1	1.0335721210530744	5.893354327987229	230.0	15	1.05	0.95				
	124	1	0.0	0.0	0.0	0.0	1	1.0239325221004005	3.749899278683944	230.0	16	1.05	0.95				
	201	2	60.536439473684226	12.331496929824564	0.0	0.0	2	1.0304741812644316	-11.739182694894742	138.0	21	1.05	0.95				
	202	2	54.370691008771935	11.210451754385966	0.0	0.0	2	1.0308619078664347	-11.739016111812088	138.0	22	1.05	0.95				
	203	1	100.89406578947371	20.73933574561404	0.0	0.0	2	1.0204389188341159	-10.248070119013557	138.0	21	1.05	0.95				
	204	1	41.47867149122808	8.407838815789475	0.0	0.0	2	1.017711434019658	-13.762470179205621	138.0	21	1.05	0.95				
	205	1	39.79710372807018	7.847316228070176	0.0	0.0	2	1.0330883579645271	-14.025914724249	138.0	21	1.05	0.95				
	206	1	76.23107192982458	15.694632456140353	0.0	-100.0	2	1.0416385365367076	-15.831027417161641	138.0	22	1.05	0.95				
	207	2	70.06532346491228	14.013064692982457	0.0	0.0	2	0.9886556112220632	-24.2061147270818	138.0	22	1.05	0.95				
	208	1	95.84936250000001	19.61829057017544	0.0	0.0	2	0.990680983636535	-21.54748623257746	138.0	22	1.05	0.95				
	209	1	98.0914528508772	20.178813157894737	0.0	0.0	2	1.023852314644957	-13.13562216420227	138.0	23	1.05	0.95				
	210	1	109.30190460526316	22.420903508771932	0.0	0.0	2	1.05	-14.56565584261496	138.0	23	1.05	0.95				
	211	1	0.0	0.0	0.0	0.0	2	1.0132412385099427	-9.733927864843455	230.0	23	1.05	0.95				
	212	1	0.0	0.0	0.0	0.0	2	1.0128629279404453	-8.91260977089043	230.0	23	1.05	0.95				
	213	2	148.53848574561403	30.268219736842113	0.0	0.0	2	1.0118583075807428	-8.485248210120238	230.0	24	1.05	0.95				
	214	2	108.74138201754387	21.860380921052634	0.0	0.0	2	1.020872422840778	-6.686816072405777	230.0	26	1.05	0.95				
	215	2	177.68566030701754	35.87344561403509	0.0	0.0	2	1.036174735326847	1.1557855535343595	230.0	26	1.05	0.95				
	216	2	56.05225877192983	11.210451754385966	0.0	0.0	2	1.0381799935767657	1.0226142620043441	230.0	26	1.05	0.95				
	217	1	0.0	0.0	0.0	0.0	2	1.0417820636399555	4.039507998839656	230.0	27	1.05	0.95				
	218	2	186.65402171052634	38.11553596491229	0.0	0.0	2	1.04324606824848	4.456206134857276	230.0	27	1.05	0.95				
	219	1	101.45458837719299	20.73933574561404	0.0	0.0	2	1.0368996917700282	0.3490877826876379	230.0	25	1.05	0.95				
	220	1	71.74689122807018	14.573587280701755	0.0	0.0	2	1.0401599269668662	0.8303733101017632	230.0	25	1.05	0.95				
	221	2	0.0	0.0	0.0	0.0	2	1.0428636733718448	4.113308408144454	230.0	27	1.05	0.95				
	222	2	0.0	0.0	0.0	0.0	2	1.05	10.589550051300668	230.0	27	1.05	0.95				
	223	2	0.0	0.0	0.0	0.0	2	1.043202346013276	1.5089843083181198	230.0	25	1.05	0.95				
	224	1	0.0	0.0	0.0	0.0	2	1.016099169851771	-3.0954510319368813	230.0	26	1.05	0.95				
	301	2	44.21132552842105	9.006010755789474	0.0	0.0	3	1.0098412717927499	-12.53261779633992	138.0	31	1.05	0.95				
	302	2	39.70832015052631	8.187282505263157	0.0	0.0	3	1.0096522855254508	-12.687849348844665	138.0	32	1.05	0.95				
	303	1	73.68554254736841	15.14647263473684	0.0	0.0	3	1.0323601360471102	-5.867955879608608	138.0	31	1.05	0.95				
	304	1	30.29294526947368	6.1404618789473675	0.0	0.0	3	1.0120492619972985	-11.421228572320961	138.0	31	1.05	0.95				
	305	1	29.064852893684208	5.73109775368421	0.0	0.0	3	1.0248036490663845	-12.354840749656514	138.0	31	1.05	0.95				
	306	1	55.67352103578948	11.46219550736842	0.0	-100.0	3	1.041428569572663	-12.75284393093487	138.0	32	1.05	0.95				
	307	2	51.17051565789473	10.234103131578946	0.0	0.0	3	0.99104284068345	-17.04362213169603	138.0	32	1.05	0.95				
	308	1	70.00126542	14.327744384210526	0.0	0.0	3	0.9992354028406174	-15.228770426731927	138.0	32	1.05	0.95				
	309	1	71.63872192105262	14.737108509473682	0.0	0.0	3	1.0264908995401483	-8.70670236096111	138.0	33	1.05	0.95				
	310	1	79.82600442631578	16.374565010526315	0.0	0.0	3	1.05	-10.857629822878554	138.0	33	1.05	0.95				
	311	1	0.0	0.0	0.0	0.0	3	1.0063826173435089	-5.692876972659368	230.0	33	1.05	0.95				
	312	1	0.0	0.0	0.0	0.0	3	1.0108819421717796	-5.280323652269028	230.0	33	1.05	0.95				
	313	2	108.48149319473683	22.105662764210525	0.0	0.0	3	1.0090425772502147	-2.4919249806860315	230.0	34	1.05	0.95				
	314	2	79.41664030105262	15.965200885263156	0.0	0.0	3	1.0025994053527023	-4.27918617913768	230.0	36	1.05	0.95				
	315	2	129.76842770842103	26.199304016842103	0.0	0.0	3	1.0324704330592225	-0.2173151624602127	230.0	36	1.05	0.95				
	316	2	40.936412526315785	8.187282505263157	0.0	0.0	3	1.0310090557973932	0.11420409850108075	230.0	36	1.05	0.95				
	317	1	0.0	0.0	0.0	0.0	3	1.0421809843517473	3.641924538924286	230.0	37	1.05	0.95				
	318	2	136.3182537126316	27.83676051789474	0.0	0.0	3	1.0400581498751653	2.262874745630945	230.0	37	1.05	0.95				
	319	1	74.09490667263158	15.14647263473684	0.0	0.0	3	1.0249543497922893	-0.734459288817857	230.0	35	1.05	0.95				
	320	1	52.398608033684205	10.643467256842104	0.0	0.0	3	1.0224220140464029	-0.6746675058080991	230.0	35	1.05	0.95				
	321	2	0.0	0.0	0.0	0.0	3	1.0393702959704594	2.0226451730026835	230.0	37	1.05	0.95				
	322	2	0.0	0.0	0.0	0.0	3	1.05	6.977923853052764	230.0	37	1.05	0.95				
	323	2	0.0	0.0	0.0	0.0	3	1.0215165298596487	-0.3222126222119636	230.0	35	1.05	0.95				
	324	1	0.0	0.0	0.0	0.0	3	1.0245632705332415	-2.352181254015274	230.0	36	1.05	0.95				
	325	1	0.0	0.0	0.0	0.0	3	1.0212982555501366	0.6406143643718634	230.0	35	1.05	0.95				
];
