%% MATPOWER Case Format : Version 2
function mpc = RTS_GMLC
mpc.version = '2';

%%-----  Power Flow Data  -----%%
%% system MVA base
mpc.baseMVA = 100.0;
%% bus data
%    bus_i    type    Pd    Qd    Gs    Bs    area    Vm    Va    baseKV    zone    Vmax    Vmin
mpc.bus = [
	101	2	59.38396832842104	12.096734289122805	0.0	0.0	1	1.029046893283239	-1.2155853510924588	138.0	11	1.05	0.95				
	102	2	53.33560118385964	10.997031171929823	0.0	0.0	1	1.0280422040864408	-1.5313070989612574	138.0	12	1.05	0.95				
	103	1	98.97328054736842	20.34450766807017	0.0	0.0	1	1.0245603547742799	-0.25243021931753495	138.0	11	1.05	0.95				
	104	1	40.68901533614034	8.247773378947366	0.0	0.0	1	1.0169490146896076	-4.057600782336403	138.0	11	1.05	0.95				
	105	1	39.03946066035087	7.697921820350877	0.0	0.0	1	1.0321759164662982	-4.108894367670071	138.0	11	1.05	0.95				
	106	1	74.7798119691228	15.395843640701754	0.0	-100.0	1	1.0409854044795326	-6.309113999330263	138.0	12	1.05	0.95				
	107	2	68.7314448245614	13.746288964912278	0.0	0.0	1	0.998421066554076	-13.407005662516372	138.0	12	1.05	0.95				
	108	1	94.02461651999998	19.24480455087719	0.0	0.0	1	0.9980120494092675	-11.378307394185855	138.0	12	1.05	0.95				
	109	1	96.22402275438596	19.794656109473678	0.0	0.0	1	1.024655291621627	-3.8805916711000905	138.0	13	1.05	0.95				
	110	1	107.22105392631578	21.994062343859646	0.0	0.0	1	1.05	-5.292735759431616	138.0	13	1.05	0.95				
	111	1	0.0	0.0	0.0	0.0	1	1.0122188119265216	-0.6819827951737757	230.0	13	1.05	0.95				
	112	1	0.0	0.0	0.0	0.0	1	1.0139738515694432	-0.900013270399566	230.0	13	1.05	0.95				
	113	3	145.71066302807014	29.69198416421052	0.0	0.0	1	1.009125206012692	1.6227293281306595e-31	230.0	14	1.05	0.95				
	114	2	106.67120236771927	21.444210785263156	0.0	0.0	1	1.019408373257877	2.6628667570612468	230.0	16	1.05	0.95				
	115	2	174.30294407508768	35.190499750175434	0.0	0.0	1	1.0424147263191184	11.610318996077412	230.0	16	1.05	0.95				
	116	2	54.98515585964911	10.997031171929823	0.0	0.0	1	1.0397955417349347	10.689392904845239	230.0	16	1.05	0.95				
	117	1	0.0	0.0	0.0	0.0	1	1.0418551627225705	15.622757130576941	230.0	17	1.05	0.95				
	118	2	183.10056901263155	37.3899059845614	0.0	0.0	1	1.05	15.818881547862127	230.0	17	1.05	0.95				
	119	1	99.5231321059649	20.34450766807017	0.0	0.0	1	1.0333090031078302	7.7502568578429205	230.0	15	1.05	0.95				
	120	1	70.38099950035087	14.296140523508772	0.0	0.0	1	1.0335934741372317	6.236499965906196	230.0	15	1.05	0.95				
	121	2	0.0	0.0	0.0	0.0	1	1.05	17.31282507084581	230.0	17	1.05	0.95				
	122	2	0.0	0.0	0.0	0.0	1	1.05	34.295683567999	230.0	17	1.05	0.95				
	123	2	0.0	0.0	0.0	0.0	1	1.0348845641625848	5.818193486521553	230.0	15	1.05	0.95				
	124	1	0.0	0.0	0.0	0.0	1	1.0208583203066233	7.195740735467753	230.0	16	1.05	0.95				
	201	2	56.898473153684215	11.590429716491228	0.0	0.0	2	1.0229771021027094	-13.871425598324173	138.0	21	1.05	0.95				
	202	2	51.1032582954386	10.5367542877193	0.0	0.0	2	1.023990013255996	-13.689898393869173	138.0	22	1.05	0.95				
	203	1	94.83078858947368	19.4929954322807	0.0	0.0	2	1.0161719598640047	-12.203885130843727	138.0	21	1.05	0.95				
	204	1	38.9859908645614	7.902565715789474	0.0	0.0	2	1.0153558279922916	-15.05652613998052	138.0	21	1.05	0.95				
	205	1	37.40547772140351	7.37572800140351	0.0	0.0	2	1.0299364327005223	-15.438158999445154	138.0	21	1.05	0.95				
	206	1	71.64992915649123	14.75145600280702	0.0	-100.0	2	1.041210354423487	-16.78082119577887	138.0	22	1.05	0.95				
	207	2	65.85471429824563	13.170942859649124	0.0	0.0	2	0.9890858199410352	-24.333177467075032	138.0	22	1.05	0.95				
	208	1	90.08924916000001	18.439320003508772	0.0	0.0	2	0.9925041368606922	-21.86429321623489	138.0	22	1.05	0.95				
	209	1	92.19660001754386	18.96615771789474	0.0	0.0	2	1.0238867946993195	-14.011087364323949	138.0	23	1.05	0.95				
	210	1	102.73335430526316	21.0735085754386	0.0	0.0	2	1.05	-15.335732854965636	138.0	23	1.05	0.95				
	211	1	0.0	0.0	0.0	0.0	2	1.0121841917922798	-10.534799899288627	230.0	23	1.05	0.95				
	212	1	0.0	0.0	0.0	0.0	2	1.013035289450206	-9.283574394788415	230.0	23	1.05	0.95				
	213	2	139.6119943122807	28.449236576842107	0.0	0.0	2	1.0130694464546877	-8.756666124383772	230.0	24	1.05	0.95				
	214	2	102.2065165908772	20.546670861052633	0.0	0.0	2	1.0166970000398345	-7.9121624987692085	230.0	26	1.05	0.95				
	215	2	167.0075554603509	33.717613720701756	0.0	0.0	2	1.0325154447004565	-1.0576731005406024	230.0	26	1.05	0.95				
	216	2	52.683771438596494	10.5367542877193	0.0	0.0	2	1.034996723352685	-1.0110568053039055	230.0	26	1.05	0.95				
	217	1	0.0	0.0	0.0	0.0	2	1.0375378924233212	1.0584574161593694	230.0	27	1.05	0.95				
	218	2	175.43695889052634	35.82496457824561	0.0	0.0	2	1.036628915864026	0.44733499958448447	230.0	27	1.05	0.95				
	219	1	95.35762630385966	19.4929954322807	0.0	0.0	2	1.0371366766614094	-0.589180855097866	230.0	25	1.05	0.95				
	220	1	67.43522744140351	13.69778057403509	0.0	0.0	2	1.0431084724377073	0.7747903499588078	230.0	25	1.05	0.95				
	221	2	0.0	0.0	0.0	0.0	2	1.0376552755492798	0.7489489553303991	230.0	27	1.05	0.95				
	222	2	0.0	0.0	0.0	0.0	2	1.05	7.370908857898023	230.0	27	1.05	0.95				
	223	2	0.0	0.0	0.0	0.0	2	1.0478493533225908	1.9053469641002738	230.0	25	1.05	0.95				
	224	1	0.0	0.0	0.0	0.0	2	1.012593668193712	-5.209720989557812	230.0	26	1.05	0.95				
	301	2	46.36380891789474	9.444479594385964	0.0	0.0	3	1.0094257764800856	-4.04486459271636	138.0	31	1.05	0.95				
	302	2	41.641569120701746	8.585890540350876	0.0	0.0	3	1.009140432029424	-4.293207108942646	138.0	32	1.05	0.95				
	303	1	77.2730148631579	15.883897499649121	0.0	0.0	3	1.0439641929864751	5.407526229562416	138.0	31	1.05	0.95				
	304	1	31.767794999298243	6.4394179052631575	0.0	0.0	3	1.0113566510086092	-3.2529524116833293	138.0	31	1.05	0.95				
	305	1	30.47991141824561	6.0101233782456145	0.0	0.0	3	1.024409181255711	-4.373501246859755	138.0	31	1.05	0.95				
	306	1	58.38405567438597	12.020246756491229	0.0	-100.0	3	1.0407127137347782	-5.078013201232214	138.0	32	1.05	0.95				
	307	2	53.66181587719298	10.732363175438596	0.0	0.0	3	0.9894073292883268	-9.635732795887728	138.0	32	1.05	0.95				
	308	1	73.40936411999999	15.025308445614034	0.0	0.0	3	0.9973643110609585	-7.715480321553173	138.0	32	1.05	0.95				
	309	1	75.12654222807016	15.454602972631578	0.0	0.0	3	1.0262141551980726	-0.639247227900722	138.0	33	1.05	0.95				
	310	1	83.71243276842104	17.171781080701752	0.0	0.0	3	1.05	-3.317415880404549	138.0	33	1.05	0.95				
	311	1	0.0	0.0	0.0	0.0	3	1.008675958009672	1.6094069599080931	230.0	33	1.05	0.95				
	312	1	0.0	0.0	0.0	0.0	3	1.012987499998557	2.0894047593742275	230.0	33	1.05	0.95				
	313	2	113.76304965964911	23.18190445894737	0.0	0.0	3	1.0112736501877693	4.658645781241081	230.0	34	1.05	0.95				
	314	2	83.28313824140349	16.74248655368421	0.0	0.0	3	1.0057564691963947	2.633081468295908	230.0	36	1.05	0.95				
	315	2	136.0863650645614	27.47484972912281	0.0	0.0	3	1.0399289578124464	6.6512846716563265	230.0	36	1.05	0.95				
	316	2	42.929452701754386	8.585890540350876	0.0	0.0	3	1.036820751123818	6.585446866199985	230.0	36	1.05	0.95				
	317	1	0.0	0.0	0.0	0.0	3	1.05	11.009207100323188	230.0	37	1.05	0.95				
	318	2	142.9550774968421	29.192027837192985	0.0	0.0	3	1.0478230534689765	8.869729283119337	230.0	37	1.05	0.95				
	319	1	77.70230939017544	15.883897499649121	0.0	0.0	3	1.0293776107922725	5.838405081577424	230.0	35	1.05	0.95				
	320	1	54.94969945824562	11.16165770245614	0.0	0.0	3	1.0258143083912457	6.017530722592763	230.0	35	1.05	0.95				
	321	2	0.0	0.0	0.0	0.0	3	1.0460427555853729	8.749626383173998	230.0	37	1.05	0.95				
	322	2	0.0	0.0	0.0	0.0	3	1.05	13.979328450054236	230.0	37	1.05	0.95				
	323	2	0.0	0.0	0.0	0.0	3	1.0244481881490908	6.44941470520703	230.0	35	1.05	0.95				
	324	1	0.0	0.0	0.0	0.0	3	1.0367314987407594	6.184094623979615	230.0	36	1.05	0.95				
	325	1	0.0	0.0	0.0	0.0	3	1.0241273746471407	7.38143144236761	230.0	35	1.05	0.95				
];
