%% MATPOWER Case Format : Version 2
function mpc = RTS_GMLC
mpc.version = '2';

%%-----  Power Flow Data  -----%%
%% system MVA base
mpc.baseMVA = 100.0;
%% bus data
%    bus_i    type    Pd    Qd    Gs    Bs    area    Vm    Va    baseKV    zone    Vmax    Vmin
mpc.bus = [
	101	2	91.51410194526318	18.64176150736842	0.0	0.0	1	1.046266965573381	0.3335884187819324	138.0	11	1.05	0.95				
	102	2	82.19322119157894	16.947055915789477	0.0	0.0	1	1.046031041652512	0.1461822317055355	138.0	12	1.05	0.95				
	103	1	152.52350324210528	31.352053444210526	0.0	0.0	1	1.0225709227996425	-0.555131048432659	138.0	11	1.05	0.95				
	104	1	62.70410688842105	12.710291936842106	0.0	0.0	1	1.02256357549103	-3.652545563593097	138.0	11	1.05	0.95				
	105	1	60.16204850105263	11.862939141052633	0.0	0.0	1	1.0357819213249861	-4.17995896894437	138.0	11	1.05	0.95				
	106	1	115.23998022736843	23.725878282105267	0.0	-100.0	1	1.035427341928177	-7.495554701661671	138.0	12	1.05	0.95				
	107	2	105.91909947368423	21.183819894736843	0.0	0.0	1	1.05	-8.019735205682332	138.0	12	1.05	0.95				
	108	1	144.89732808	29.657347852631577	0.0	0.0	1	1.0224044736758393	-9.478582847403375	138.0	12	1.05	0.95				
	109	1	148.2867392631579	30.50470064842105	0.0	0.0	1	1.0267677345391417	-4.421804390791835	138.0	13	1.05	0.95				
	110	1	165.2337951789474	33.894111831578954	0.0	0.0	1	1.05	-6.157718997909972	138.0	13	1.05	0.95				
	111	1	0.0	0.0	0.0	0.0	1	1.0171827750120301	-1.457875116625612	230.0	13	1.05	0.95				
	112	1	0.0	0.0	0.0	0.0	1	1.0188748039039865	-0.9790835562200059	230.0	13	1.05	0.95				
	113	3	224.54849088421054	45.75705097263159	0.0	0.0	1	1.019844386221728	2.892614102449097e-28	230.0	14	1.05	0.95				
	114	2	164.38644238315788	33.04675903578948	0.0	0.0	1	1.022695993258405	1.10407179912212	230.0	16	1.05	0.95				
	115	2	268.6108362652632	54.23057893052632	0.0	0.0	1	1.0421580958100978	11.018572029872264	230.0	16	1.05	0.95				
	116	2	84.73527957894737	16.947055915789477	0.0	0.0	1	1.0417531841330778	9.90874198942253	230.0	16	1.05	0.95				
	117	1	0.0	0.0	0.0	0.0	1	1.0462319927223498	14.162089904288468	230.0	17	1.05	0.95				
	118	2	282.1684809978948	57.61999011368422	0.0	0.0	1	1.05	15.38924991554273	230.0	17	1.05	0.95				
	119	1	153.37085603789475	31.352053444210526	0.0	0.0	1	1.036767133041808	7.5934778544411605	230.0	15	1.05	0.95				
	120	1	108.46115786105264	22.03117269052632	0.0	0.0	1	1.0399669415832336	6.7232677696671725	230.0	15	1.05	0.95				
	121	2	0.0	0.0	0.0	0.0	1	1.05	16.529896602566527	230.0	17	1.05	0.95				
	122	2	0.0	0.0	0.0	0.0	1	1.05	22.13845820992018	230.0	17	1.05	0.95				
	123	2	0.0	0.0	0.0	0.0	1	1.0441206295144496	6.869395320061495	230.0	15	1.05	0.95				
	124	1	0.0	0.0	0.0	0.0	1	1.0203423942192733	6.719245909980538	230.0	16	1.05	0.95				
	201	2	101.82905712000002	20.742956080000003	0.0	0.0	2	1.05	-19.472612610007957	138.0	21	1.05	0.95				
	202	2	91.45757908	18.857232800000002	0.0	0.0	2	1.05	-19.651786055391185	138.0	22	1.05	0.95				
	203	1	169.7150952	34.88588068	0.0	0.0	2	1.018190750358933	-14.117694346625179	138.0	21	1.05	0.95				
	204	1	69.77176136	14.1429246	0.0	0.0	2	1.0158073458047394	-20.54565061404513	138.0	21	1.05	0.95				
	205	1	66.94317644	13.200062960000004	0.0	0.0	2	1.0346732187651397	-21.183363886656185	138.0	21	1.05	0.95				
	206	1	128.22918304	26.400125920000008	0.0	-100.0	2	1.030022251784395	-23.056357098319054	138.0	22	1.05	0.95				
	207	2	117.85770500000001	23.571541	0.0	0.0	2	0.95	-31.58151225068978	138.0	22	1.05	0.95				
	208	1	161.22934044000002	33.0001574	0.0	0.0	2	0.9508321709884241	-29.184911453488404	138.0	22	1.05	0.95				
	209	1	165.000787	33.94301904	0.0	0.0	2	1.01915696524815	-17.446170065434345	138.0	23	1.05	0.95				
	210	1	183.8580198	37.714465600000004	0.0	0.0	2	1.043405909183403	-19.968361246126705	138.0	23	1.05	0.95				
	211	1	0.0	0.0	0.0	0.0	2	1.0292340757667473	-12.020119967529405	230.0	23	1.05	0.95				
	212	1	0.0	0.0	0.0	0.0	2	1.0193785138866878	-8.876518505352236	230.0	23	1.05	0.95				
	213	2	249.85833460000003	50.91452856000001	0.0	0.0	2	1.05	-7.713833406063597	230.0	24	1.05	0.95				
	214	2	182.91515816	36.77160396000001	0.0	0.0	2	1.05	-9.457486442548946	230.0	26	1.05	0.95				
	215	2	298.88713988	60.343144960000004	0.0	0.0	2	1.0413219970776912	0.0996628105307497	230.0	26	1.05	0.95				
	216	2	94.286164	18.857232800000002	0.0	0.0	2	1.0459083040623507	0.058068523373472104	230.0	26	1.05	0.95				
	217	1	0.0	0.0	0.0	0.0	2	1.0483500029178088	3.554609676545667	230.0	27	1.05	0.95				
	218	2	313.97292612	64.11459152	0.0	0.0	2	1.05	3.8996001263020914	230.0	27	1.05	0.95				
	219	1	170.65795684000003	34.88588068	0.0	0.0	2	1.0401011066521495	-0.011214800340814244	230.0	25	1.05	0.95				
	220	1	120.68628992000001	24.514402640000004	0.0	0.0	2	1.0440995368546333	1.6973582285093671	230.0	25	1.05	0.95				
	221	2	0.0	0.0	0.0	0.0	2	1.05	4.370742081475818	230.0	27	1.05	0.95				
	222	2	0.0	0.0	0.0	0.0	2	1.05	10.562439468196224	230.0	27	1.05	0.95				
	223	2	0.0	0.0	0.0	0.0	2	1.05	3.3137133907791014	230.0	25	1.05	0.95				
	224	1	0.0	0.0	0.0	0.0	2	1.0144833410536054	-5.169083345976734	230.0	26	1.05	0.95				
	301	2	70.39987344000001	14.34071496	0.0	0.0	3	1.0004253234890934	4.9888772988523185	138.0	31	1.05	0.95				
	302	2	63.22951596000001	13.0370136	0.0	0.0	3	1.001433646964252	4.913736437455043	138.0	32	1.05	0.95				
	303	1	117.33312240000001	24.11847516	0.0	0.0	3	1.0178738344861178	9.05773492794806	138.0	31	1.05	0.95				
	304	1	48.23695032	9.777760200000001	0.0	0.0	3	1.002731665342706	7.196282777298027	138.0	31	1.05	0.95				
	305	1	46.28139828	9.125909520000002	0.0	0.0	3	1.015056995334818	7.042267547612137	138.0	31	1.05	0.95				
	306	1	88.65169248000001	18.251819040000004	0.0	-100.0	3	1.0316289075027574	7.464853857991419	138.0	32	1.05	0.95				
	307	2	81.481335	16.296267	0.0	0.0	3	0.9891655366698204	3.1276567712738874	138.0	32	1.05	0.95				
	308	1	111.46646628	22.814773799999998	0.0	0.0	3	0.9980162895509906	6.0991048093628235	138.0	32	1.05	0.95				
	309	1	114.073869	23.46662448	0.0	0.0	3	1.0275244818059837	11.711804220289505	138.0	33	1.05	0.95				
	310	1	127.11088260000001	26.0740272	0.0	0.0	3	1.05	11.176643757935071	138.0	33	1.05	0.95				
	311	1	0.0	0.0	0.0	0.0	3	1.0180424653175142	18.140620776449776	230.0	33	1.05	0.95				
	312	1	0.0	0.0	0.0	0.0	3	1.022584491467728	19.287157082628823	230.0	33	1.05	0.95				
	313	2	172.7404302	35.199936720000004	0.0	0.0	3	1.044862908915116	26.480967416278087	230.0	34	1.05	0.95				
	314	2	126.45903192000002	25.42217652	0.0	0.0	3	1.021370728404921	17.34730267964742	230.0	36	1.05	0.95				
	315	2	206.63666556	41.71844352	0.0	0.0	3	1.0414527640130808	13.698139222133639	230.0	36	1.05	0.95				
	316	2	65.185068	13.0370136	0.0	0.0	3	1.0414447698775693	14.83576771837969	230.0	36	1.05	0.95				
	317	1	0.0	0.0	0.0	0.0	3	1.0464855605970966	14.019161286464184	230.0	37	1.05	0.95				
	318	2	217.06627644000002	44.325846240000004	0.0	0.0	3	1.046885638956029	12.95781506527786	230.0	37	1.05	0.95				
	319	1	117.98497308	24.11847516	0.0	0.0	3	1.0391719833042599	16.684906101486515	230.0	35	1.05	0.95				
	320	1	83.43688704	16.948117680000003	0.0	0.0	3	1.040037172356326	18.17376652153708	230.0	35	1.05	0.95				
	321	2	0.0	0.0	0.0	0.0	3	1.047761379472227	14.685568463094407	230.0	37	1.05	0.95				
	322	2	0.0	0.0	0.0	0.0	3	1.05	18.762928249223997	230.0	37	1.05	0.95				
	323	2	0.0	0.0	0.0	0.0	3	1.0410660310157207	18.90524417462456	230.0	35	1.05	0.95				
	324	1	0.0	0.0	0.0	0.0	3	1.0280266122142943	13.885945711204355	230.0	36	1.05	0.95				
	325	1	0.0	0.0	0.0	0.0	3	1.0430314008502548	18.708368029622513	230.0	35	1.05	0.95				
];

%% generator data
%    bus    Pg    Qg    Qmax    Qmin    Vg    mBase    status    Pmax    Pmin    Pc1    Pc2    Qc1min    Qc1max    Qc2min    Qc2max    ramp_agc    ramp_10    ramp_30    ramp_q    apf
