%% MATPOWER Case Format : Version 2
function mpc = RTS_GMLC
mpc.version = '2';

%%-----  Power Flow Data  -----%%
%% system MVA base
mpc.baseMVA = 100.0;
%% bus data
%    bus_i    type    Pd    Qd    Gs    Bs    area    Vm    Va    baseKV    zone    Vmax    Vmin
mpc.bus = [
	101	2	48.44235528	9.867887186666668	0.0	0.0	1	1.0325478367386833	-0.027292280390589754	138.0	11	1.05	0.95				
	102	2	43.50841168666666	8.970806533333334	0.0	0.0	1	1.0316727013953524	-0.2884204994007575	138.0	12	1.05	0.95				
	103	1	80.7372588	16.595992086666666	0.0	0.0	1	1.0252366207843107	-1.2351194130155814	138.0	11	1.05	0.95				
	104	1	33.19198417333333	6.7281049	0.0	0.0	1	1.020282371364294	-3.053910478506878	138.0	11	1.05	0.95				
	105	1	31.84636319333333	6.279564573333333	0.0	0.0	1	1.0353142183455628	-2.8816959396209176	138.0	11	1.05	0.95				
	106	1	61.00148442666667	12.559129146666667	0.0	-100.0	1	1.0447350979693246	-4.972047864490692	138.0	12	1.05	0.95				
	107	2	56.06754083333333	11.213508166666667	0.0	0.0	1	1.0008976198463422	-10.983334535484078	138.0	12	1.05	0.95				
	108	1	76.70039585999999	15.698911433333333	0.0	0.0	1	1.0035191357516535	-9.385337294344936	138.0	12	1.05	0.95				
	109	1	78.49455716666667	16.14745176	0.0	0.0	1	1.0243304370543593	-3.4932432901024297	138.0	13	1.05	0.95				
	110	1	87.4653637	17.94161306666667	0.0	0.0	1	1.05	-4.357530278407351	138.0	13	1.05	0.95				
	111	1	0.0	0.0	0.0	0.0	1	1.0042270958906998	-1.1520488837125946	230.0	13	1.05	0.95				
	112	1	0.0	0.0	0.0	0.0	1	1.0092062031724982	-0.8853917438402066	230.0	13	1.05	0.95				
	113	3	118.86318656666666	24.22117764	0.0	0.0	1	0.9997250970092506	-8.837534278501505e-31	230.0	14	1.05	0.95				
	114	2	87.01682337333332	17.493072740000002	0.0	0.0	1	1.00065526763155	0.7451748345765076	230.0	16	1.05	0.95				
	115	2	142.18728355333332	28.706580906666666	0.0	0.0	1	1.0312771423423925	6.474032272320515	230.0	16	1.05	0.95				
	116	2	44.85403266666667	8.970806533333334	0.0	0.0	1	1.0287571671742568	6.074440000253268	230.0	16	1.05	0.95				
	117	1	0.0	0.0	0.0	0.0	1	1.0351819014459904	8.660167361374713	230.0	17	1.05	0.95				
	118	2	149.36392878	30.500742213333336	0.0	0.0	1	1.0369148217012782	8.971770484071985	230.0	17	1.05	0.95				
	119	1	81.18579912666667	16.595992086666666	0.0	0.0	1	1.0233419720036658	4.690879434113857	230.0	15	1.05	0.95				
	120	1	57.41316181333333	11.662048493333334	0.0	0.0	1	1.02205595967286	4.361693717294083	230.0	15	1.05	0.95				
	121	2	0.0	0.0	0.0	0.0	1	1.039290205105715	10.303565056630553	230.0	17	1.05	0.95				
	122	2	0.0	0.0	0.0	0.0	1	1.05	16.71566635058753	230.0	17	1.05	0.95				
	123	2	0.0	0.0	0.0	0.0	1	1.0219725734274627	4.5285043875444915	230.0	15	1.05	0.95				
	124	1	0.0	0.0	0.0	0.0	1	1.0191821137396542	3.577270627861388	230.0	16	1.05	0.95				
	201	2	50.54053202526316	10.295293560701754	0.0	0.0	2	1.0241761263924107	-11.183655323410099	138.0	21	1.05	0.95				
	202	2	45.39288524491228	9.35935778245614	0.0	0.0	2	1.025034782379756	-11.025489351285447	138.0	22	1.05	0.95				
	203	1	84.23422004210526	17.31481189754386	0.0	0.0	2	1.0163266971808127	-10.02582655249721	138.0	21	1.05	0.95				
	204	1	34.62962379508772	7.019518336842105	0.0	0.0	2	1.0166785882437106	-12.395377836951075	138.0	21	1.05	0.95				
	205	1	33.22572012771929	6.551550447719298	0.0	0.0	2	1.0313720278318466	-12.704346542031962	138.0	21	1.05	0.95				
	206	1	63.643632920701755	13.103100895438596	0.0	-100.0	2	1.0431735896737981	-13.98260148031801	138.0	22	1.05	0.95				
	207	2	58.49598614035087	11.699197228070176	0.0	0.0	2	0.9916599529424152	-20.648371683230486	138.0	22	1.05	0.95				
	208	1	80.02250904	16.378876119298244	0.0	0.0	2	0.9964773947437238	-18.498662566132875	138.0	22	1.05	0.95				
	209	1	81.89438059649122	16.84684400842105	0.0	0.0	2	1.023280167975593	-11.592245964443554	138.0	23	1.05	0.95				
	210	1	91.25373837894738	18.71871556491228	0.0	0.0	2	1.05	-12.744130705079488	138.0	23	1.05	0.95				
	211	1	0.0	0.0	0.0	0.0	2	1.0076306148563021	-8.58220313599726	230.0	23	1.05	0.95				
	212	1	0.0	0.0	0.0	0.0	2	1.0096780499666438	-7.399656955880147	230.0	23	1.05	0.95				
	213	2	124.01149061754386	25.27026601263158	0.0	0.0	2	1.0055706711673804	-6.935718208803374	230.0	24	1.05	0.95				
	214	2	90.78577048982456	18.250747675789476	0.0	0.0	2	1.0084815491897745	-6.343144580215711	230.0	26	1.05	0.95				
	215	2	148.34582085192983	29.94994490385965	0.0	0.0	2	1.024288534019653	-0.4068354412414601	230.0	26	1.05	0.95				
	216	2	46.796788912280704	9.35935778245614	0.0	0.0	2	1.0262180469421955	-0.3211522474087426	230.0	26	1.05	0.95				
	217	1	0.0	0.0	0.0	0.0	2	1.029736610345897	1.2008790847626365	230.0	27	1.05	0.95				
	218	2	155.83330707789474	31.821816460350878	0.0	0.0	2	1.0287069146109284	0.5491013766137789	230.0	27	1.05	0.95				
	219	1	84.70218793122807	17.31481189754386	0.0	0.0	2	1.0279786855971464	0.20550106737591312	230.0	25	1.05	0.95				
	220	1	59.8998898077193	12.167165117192983	0.0	0.0	2	1.0330124383728518	1.5667094544508613	230.0	25	1.05	0.95				
	221	2	0.0	0.0	0.0	0.0	2	1.0305299479410528	1.0395381837147748	230.0	27	1.05	0.95				
	222	2	0.0	0.0	0.0	0.0	2	1.05	7.595625548896428	230.0	27	1.05	0.95				
	223	2	0.0	0.0	0.0	0.0	2	1.036983884829576	2.6618024022601863	230.0	25	1.05	0.95				
	224	1	0.0	0.0	0.0	0.0	2	1.0094577544474408	-4.017384443374848	230.0	26	1.05	0.95				
	301	2	40.89718443789474	8.330907941052631	0.0	0.0	3	1.0115095685451025	-4.99326148903879	138.0	31	1.05	0.95				
	302	2	36.73173046736842	7.573552673684211	0.0	0.0	3	1.0114414169406905	-5.080532635804844	138.0	32	1.05	0.95				
	303	1	68.1619740631579	14.01107244631579	0.0	0.0	3	1.026001437029648	0.1540206333744701	138.0	31	1.05	0.95				
	304	1	28.02214489263158	5.680164505263158	0.0	0.0	3	1.013951030548179	-3.454592908585532	138.0	31	1.05	0.95				
	305	1	26.886111991578947	5.301486871578948	0.0	0.0	3	1.0260850148410157	-4.747631048364627	138.0	31	1.05	0.95				
	306	1	51.50015818105263	10.602973743157897	0.0	-100.0	3	1.0427520091657116	-5.069744349514893	138.0	32	1.05	0.95				
	307	2	47.33470421052632	9.466940842105263	0.0	0.0	3	0.9814278238066733	-8.484398023309716	138.0	32	1.05	0.95				
	308	1	64.75387536	13.253717178947369	0.0	0.0	3	0.9951245614977641	-6.874629816228369	138.0	32	1.05	0.95				
	309	1	66.26858589473684	13.63239481263158	0.0	0.0	3	1.0276487039499558	-0.5776469993691817	138.0	33	1.05	0.95				
	310	1	73.84213856842106	15.147105347368422	0.0	0.0	3	1.05	-3.2806543549492306	138.0	33	1.05	0.95				
	311	1	0.0	0.0	0.0	0.0	3	1.0047250366954519	1.5997860690678176	230.0	33	1.05	0.95				
	312	1	0.0	0.0	0.0	0.0	3	1.0107959211572801	1.7446535690638696	230.0	33	1.05	0.95				
	313	2	100.34957292631579	20.44859221894737	0.0	0.0	3	1.007706033403742	4.386354409485498	230.0	34	1.05	0.95				
	314	2	73.46346093473684	14.768427713684213	0.0	0.0	3	0.9965116607759108	2.8417796805040494	230.0	36	1.05	0.95				
	315	2	120.04080987789474	24.235368555789474	0.0	0.0	3	1.0264742937283384	6.723712864158415	230.0	36	1.05	0.95				
	316	2	37.86776336842105	7.573552673684211	0.0	0.0	3	1.0237996378979564	6.804889349013665	230.0	36	1.05	0.95				
	317	1	0.0	0.0	0.0	0.0	3	1.0416739961095742	12.01852052277148	230.0	37	1.05	0.95				
	318	2	126.0996520168421	25.750079090526317	0.0	0.0	3	1.0403397221768194	9.706960522413636	230.0	37	1.05	0.95				
	319	1	68.54065169684212	14.01107244631579	0.0	0.0	3	1.0180376524733792	5.482404333987265	230.0	35	1.05	0.95				
	320	1	48.47073711157895	9.845618475789475	0.0	0.0	3	1.0156496985218464	5.078296604967282	230.0	35	1.05	0.95				
	321	2	0.0	0.0	0.0	0.0	3	1.0378087525342392	9.347664846787296	230.0	37	1.05	0.95				
	322	2	0.0	0.0	0.0	0.0	3	1.05	14.71341668319675	230.0	37	1.05	0.95				
	323	2	0.0	0.0	0.0	0.0	3	1.0146461411333367	5.155131810582432	230.0	35	1.05	0.95				
	324	1	0.0	0.0	0.0	0.0	3	1.017639299794646	4.24111011213614	230.0	36	1.05	0.95				
	325	1	0.0	0.0	0.0	0.0	3	1.0163577164177866	5.606703594151022	230.0	35	1.05	0.95				
];
