%% MATPOWER Case Format : Version 2
function mpc = RTS_GMLC
mpc.version = '2';

%%-----  Power Flow Data  -----%%
%% system MVA base
mpc.baseMVA = 100.0;
%% bus data
%    bus_i    type    Pd    Qd    Gs    Bs    area    Vm    Va    baseKV    zone    Vmax    Vmin
mpc.bus = [
	101	2	62.92429491789474	12.817911927719297	0.0	0.0	1	1.0329245374432199	2.01306523190132	138.0	11	1.05	0.95				
	102	2	56.51533895403509	11.652647207017544	0.0	0.0	1	1.0329653007479818	1.968615506343132	138.0	12	1.05	0.95				
	103	1	104.8738248631579	21.557397332982458	0.0	0.0	1	1.0249457743019355	0.37132986541617735	138.0	11	1.05	0.95				
	104	1	43.114794665964915	8.739485405263157	0.0	0.0	1	1.0188673804314838	-1.4379185298266604	138.0	11	1.05	0.95				
	105	1	41.36689758491228	8.15685304491228	0.0	0.0	1	1.0334164227414833	-1.3305883715591815	138.0	11	1.05	0.95				
	106	1	79.2380010077193	16.31370608982456	0.0	-100.0	1	1.040842405305314	-3.739354174084518	138.0	12	1.05	0.95				
	107	2	72.82904504385965	14.565809008771929	0.0	0.0	1	1.0392472210390098	-1.8220200833359126	138.0	12	1.05	0.95				
	108	1	99.63013362	20.3921326122807	0.0	0.0	1	1.0241635700632397	-3.8690292817518914	138.0	12	1.05	0.95				
	109	1	101.9606630614035	20.974764972631576	0.0	0.0	1	1.02591889349005	-1.8688820351391882	138.0	13	1.05	0.95				
	110	1	113.61331026842106	23.30529441403509	0.0	0.0	1	1.05	-2.8830206233565736	138.0	13	1.05	0.95				
	111	1	0.0	0.0	0.0	0.0	1	1.007667976155623	-0.0852034915017837	230.0	13	1.05	0.95				
	112	1	0.0	0.0	0.0	0.0	1	1.012417595748401	0.41679499196653025	230.0	13	1.05	0.95				
	113	3	154.39757549298244	31.46214745894737	0.0	0.0	1	1.0026282474746178	7.600841662238895e-29	230.0	14	1.05	0.95				
	114	2	113.03067790807017	22.72266205368421	0.0	0.0	1	1.0060565009344027	2.2320721301308186	230.0	16	1.05	0.95				
	115	2	184.69445823122805	37.28847106245614	0.0	0.0	1	1.0422072337426258	9.467880502415117	230.0	16	1.05	0.95				
	116	2	58.263236035087715	11.652647207017544	0.0	0.0	1	1.0391287060966603	8.934008577448504	230.0	16	1.05	0.95				
	117	1	0.0	0.0	0.0	0.0	1	1.0454344078326252	11.720335747462657	230.0	17	1.05	0.95				
	118	2	194.0165759968421	39.61900050385965	0.0	0.0	1	1.0484121745862873	12.246677713034103	230.0	17	1.05	0.95				
	119	1	105.45645722350878	21.557397332982458	0.0	0.0	1	1.032990058347019	7.507891146207439	230.0	15	1.05	0.95				
	120	1	74.57694212491228	15.148441369122805	0.0	0.0	1	1.0325633840788335	7.378813321470396	230.0	15	1.05	0.95				
	121	2	0.0	0.0	0.0	0.0	1	1.05	12.625911238971167	230.0	17	1.05	0.95				
	122	2	0.0	0.0	0.0	0.0	1	1.05	19.039857381520708	230.0	17	1.05	0.95				
	123	2	0.0	0.0	0.0	0.0	1	1.0335688182360736	7.747201893434272	230.0	15	1.05	0.95				
	124	1	0.0	0.0	0.0	0.0	1	1.0242910918444559	6.086615974624393	230.0	16	1.05	0.95				
	201	2	66.8433810694737	13.616244291929824	0.0	0.0	2	1.032231319502742	-10.443268169384021	138.0	21	1.05	0.95				
	202	2	60.03525892350877	12.378403901754387	0.0	0.0	2	1.0323493667843162	-10.546056996529536	138.0	22	1.05	0.95				
	203	1	111.4056351157895	22.900047218245614	0.0	0.0	2	1.0247827205089595	-7.430577603571791	138.0	21	1.05	0.95				
	204	1	45.80009443649123	9.28380292631579	0.0	0.0	2	1.017338236018979	-12.718407949445263	138.0	21	1.05	0.95				
	205	1	43.943333851228076	8.66488273122807	0.0	0.0	2	1.033028622329624	-13.098409683516508	138.0	21	1.05	0.95				
	206	1	84.17314653192983	17.32976546245614	0.0	-100.0	2	1.0401446712782128	-15.175394519329549	138.0	22	1.05	0.95				
	207	2	77.36502438596492	15.473004877192983	0.0	0.0	2	0.9871980049964612	-24.47813181763463	138.0	22	1.05	0.95				
	208	1	105.83535336	21.662206828070175	0.0	0.0	2	0.98704445119311	-21.48810788626086	138.0	22	1.05	0.95				
	209	1	108.31103414035088	22.281127023157897	0.0	0.0	2	1.0241112477499357	-11.982001160355276	138.0	23	1.05	0.95				
	210	1	120.68943804210528	24.756807803508774	0.0	0.0	2	1.05	-13.83385948259616	138.0	23	1.05	0.95				
	211	1	0.0	0.0	0.0	0.0	2	1.017114895010647	-8.605002550536188	230.0	23	1.05	0.95				
	212	1	0.0	0.0	0.0	0.0	2	1.0161473260471596	-7.811820236478099	230.0	23	1.05	0.95				
	213	2	164.01385169824562	33.42169053473685	0.0	0.0	2	1.0178376266197637	-7.28478694912811	230.0	24	1.05	0.95				
	214	2	120.07051784701754	24.137887608421053	0.0	0.0	2	1.0273874155508749	-5.479307548041561	230.0	26	1.05	0.95				
	215	2	196.19770184280702	39.61089248561404	0.0	0.0	2	1.0402799081854472	2.9808035624435054	230.0	26	1.05	0.95				
	216	2	61.89201950877193	12.378403901754387	0.0	0.0	2	1.0432084233422185	2.695301322638554	230.0	26	1.05	0.95				
	217	1	0.0	0.0	0.0	0.0	2	1.0453928117558668	6.139604427195492	230.0	27	1.05	0.95				
	218	2	206.10042496421053	42.086573265964915	0.0	0.0	2	1.0477205965779413	6.789866465086095	230.0	27	1.05	0.95				
	219	1	112.0245553108772	22.900047218245614	0.0	0.0	2	1.042131131367542	1.7197516947901474	230.0	25	1.05	0.95				
	220	1	79.22178497122808	16.091925072280702	0.0	0.0	2	1.0462666279155028	2.0369149345724207	230.0	25	1.05	0.95				
	221	2	0.0	0.0	0.0	0.0	2	1.0480051759840714	6.8038027507463985	230.0	27	1.05	0.95				
	222	2	0.0	0.0	0.0	0.0	2	1.05	13.052921874635272	230.0	27	1.05	0.95				
	223	2	0.0	0.0	0.0	0.0	2	1.0499940469814846	2.6618630330817212	230.0	25	1.05	0.95				
	224	1	0.0	0.0	0.0	0.0	2	1.0214928240233674	-0.8997611355212284	230.0	26	1.05	0.95				
	301	2	49.643783621052634	10.112622589473684	0.0	0.0	3	1.007743367303476	-17.99781102257742	138.0	31	1.05	0.95				
	302	2	44.58747232631578	9.193293263157894	0.0	0.0	3	1.0072591356096354	-18.123855297750712	138.0	32	1.05	0.95				
	303	1	82.73963936842105	17.007592536842107	0.0	0.0	3	1.0271967047498392	-11.706258603522882	138.0	31	1.05	0.95				
	304	1	34.015185073684215	6.894969947368421	0.0	0.0	3	1.010193342184295	-16.510059707587615	138.0	31	1.05	0.95				
	305	1	32.63619108421052	6.435305284210527	0.0	0.0	3	1.0228873676616073	-17.525096529871963	138.0	31	1.05	0.95				
	306	1	62.51439418947369	12.870610568421053	0.0	-100.0	3	1.0393587252017762	-17.798793311168552	138.0	32	1.05	0.95				
	307	2	57.45808289473684	11.491616578947369	0.0	0.0	3	0.9930105005800035	-22.722664234223842	138.0	32	1.05	0.95				
	308	1	78.6026574	16.088263210526314	0.0	0.0	3	0.9984788680911526	-20.629734163958197	138.0	32	1.05	0.95				
	309	1	80.44131605263158	16.54792787368421	0.0	0.0	3	1.0274474609479936	-13.315834181211404	138.0	33	1.05	0.95				
	310	1	89.63460931578948	18.38658652631579	0.0	0.0	3	1.05	-15.573461957017603	138.0	33	1.05	0.95				
	311	1	0.0	0.0	0.0	0.0	3	1.0104118752303104	-9.602300449634866	230.0	33	1.05	0.95				
	312	1	0.0	0.0	0.0	0.0	3	1.0128743808262968	-9.11329432363166	230.0	33	1.05	0.95				
	313	2	121.8111357368421	24.821891810526317	0.0	0.0	3	1.0126925047315511	-6.173423480475785	230.0	34	1.05	0.95				
	314	2	89.17494465263157	17.926921863157894	0.0	0.0	3	1.01335014271471	-7.6803651953265195	230.0	36	1.05	0.95				
	315	2	145.71369822105262	29.418538442105262	0.0	0.0	3	1.0394397955086536	-2.6514772566402374	230.0	36	1.05	0.95				
	316	2	45.966466315789475	9.193293263157894	0.0	0.0	3	1.0379813356274763	-2.237284113277323	230.0	36	1.05	0.95				
	317	1	0.0	0.0	0.0	0.0	3	1.0430859938714538	-0.6715003519768248	230.0	37	1.05	0.95				
	318	2	153.06833283157894	31.257197094736846	0.0	0.0	3	1.0435904698775034	-0.5214958577891208	230.0	37	1.05	0.95				
	319	1	83.19930403157895	17.007592536842107	0.0	0.0	3	1.0334069871037408	-3.152920922585023	230.0	35	1.05	0.95				
	320	1	58.837076884210525	11.951281242105264	0.0	0.0	3	1.032707930914087	-3.067810941711769	230.0	35	1.05	0.95				
	321	2	0.0	0.0	0.0	0.0	3	1.0456436841372032	0.26399242932014966	230.0	37	1.05	0.95				
	322	2	0.0	0.0	0.0	0.0	3	1.05	4.227789732885022	230.0	37	1.05	0.95				
	323	2	0.0	0.0	0.0	0.0	3	1.033019878477403	-2.671620456638545	230.0	35	1.05	0.95				
	324	1	0.0	0.0	0.0	0.0	3	1.0234813658739557	-6.034684204922286	230.0	36	1.05	0.95				
	325	1	0.0	0.0	0.0	0.0	3	1.0298152091065524	-1.3895469365384738	230.0	35	1.05	0.95				
];
