%% MATPOWER Case Format : Version 2
function mpc = RTS_GMLC
mpc.version = '2';

%%-----  Power Flow Data  -----%%
%% system MVA base
mpc.baseMVA = 100.0;
%% bus data
%    bus_i    type    Pd    Qd    Gs    Bs    area    Vm    Va    baseKV    zone    Vmax    Vmin
mpc.bus = [
	101	2	75.7229094568421	15.425037111578947	0.0	0.0	1	1.0301076617025136	-1.033435493831169	138.0	11	1.05	0.95				
	102	2	68.01039090105262	14.022761010526317	0.0	0.0	1	1.030126277140583	-1.1014299348348615	138.0	12	1.05	0.95				
	103	1	126.20484909473684	25.94210786947368	0.0	0.0	1	1.0210537533558717	-1.3663124282948003	138.0	11	1.05	0.95				
	104	1	51.88421573894736	10.517070757894736	0.0	0.0	1	1.0157721331829417	-4.105065690149607	138.0	11	1.05	0.95				
	105	1	49.78080158736841	9.815932707368422	0.0	0.0	1	1.0305762459931742	-4.148166763650367	138.0	11	1.05	0.95				
	106	1	95.35477487157894	19.631865414736843	0.0	-100.0	1	1.0369099416515761	-6.529932261614973	138.0	12	1.05	0.95				
	107	2	87.64225631578947	17.528451263157894	0.0	0.0	1	1.05	-4.439306833117939	138.0	12	1.05	0.95				
	108	1	119.89460663999998	24.53983176842105	0.0	0.0	1	1.0270735733594127	-6.577880629502608	138.0	12	1.05	0.95				
	109	1	122.69915884210525	25.240969818947367	0.0	0.0	1	1.0264944179829476	-3.715782979775053	138.0	13	1.05	0.95				
	110	1	136.72191985263154	28.045522021052633	0.0	0.0	1	1.05	-5.0820638338739474	138.0	13	1.05	0.95				
	111	1	0.0	0.0	0.0	0.0	1	1.0123421856846595	-0.9582060139292977	230.0	13	1.05	0.95				
	112	1	0.0	0.0	0.0	0.0	1	1.0154436934480506	-0.35856502767214277	230.0	13	1.05	0.95				
	113	3	185.80158338947365	37.86145472842105	0.0	0.0	1	1.0118649259764674	-1.5130023504339944e-27	230.0	14	1.05	0.95				
	114	2	136.02078180210523	27.344383970526316	0.0	0.0	1	1.0146059043781672	1.7033018631168333	230.0	16	1.05	0.95				
	115	2	222.26076201684205	44.87283523368421	0.0	0.0	1	1.0454716441396488	10.191194990991917	230.0	16	1.05	0.95				
	116	2	70.11380505263158	14.022761010526317	0.0	0.0	1	1.0438221984038611	9.642492028246703	230.0	16	1.05	0.95				
	117	1	0.0	0.0	0.0	0.0	1	1.0470817686486396	13.058341455528545	230.0	17	1.05	0.95				
	118	2	233.47897082526313	47.67738743578947	0.0	0.0	1	1.0497505041236883	13.691025529274672	230.0	17	1.05	0.95				
	119	1	126.90598714526315	25.94210786947368	0.0	0.0	1	1.037962908230105	7.924838878841872	230.0	15	1.05	0.95				
	120	1	89.74567046736841	18.22958931368421	0.0	0.0	1	1.0392526618537397	7.7536101604055565	230.0	15	1.05	0.95				
	121	2	0.0	0.0	0.0	0.0	1	1.05	14.303670712952243	230.0	17	1.05	0.95				
	122	2	0.0	0.0	0.0	0.0	1	1.05	22.18528779882236	230.0	17	1.05	0.95				
	123	2	0.0	0.0	0.0	0.0	1	1.0417252498641554	8.178259732190876	230.0	15	1.05	0.95				
	124	1	0.0	0.0	0.0	0.0	1	1.0218304741586763	5.917570709053915	230.0	16	1.05	0.95				
	201	2	95.19911852210527	19.3924130322807	0.0	0.0	2	1.05	-14.710724050828338	138.0	21	1.05	0.95				
	202	2	85.5029120059649	17.629466392982458	0.0	0.0	2	1.05	-14.769253815753972	138.0	22	1.05	0.95				
	203	1	158.6651975368421	32.61451282701754	0.0	0.0	2	1.0217817568907277	-10.592762959680579	138.0	21	1.05	0.95				
	204	1	65.22902565403508	13.222099794736842	0.0	0.0	2	1.0187501748673016	-16.531767521373336	138.0	21	1.05	0.95				
	205	1	62.58460569508772	12.340626475087719	0.0	0.0	2	1.0370463606479468	-17.069129084163	138.0	21	1.05	0.95				
	206	1	119.8803714722807	24.681252950175438	0.0	-100.0	2	1.0342466715509144	-19.21077401742241	138.0	22	1.05	0.95				
	207	2	110.18416495614034	22.03683299122807	0.0	0.0	2	0.95	-29.42076895462217	138.0	22	1.05	0.95				
	208	1	150.73193766	30.8515661877193	0.0	0.0	2	0.9532262857318916	-26.360384947087066	138.0	22	1.05	0.95				
	209	1	154.2578309385965	31.73303950736842	0.0	0.0	2	1.021762652198653	-14.429132192147863	138.0	23	1.05	0.95				
	210	1	171.88729733157894	35.258932785964916	0.0	0.0	2	1.0466679167846598	-16.729733910464983	138.0	23	1.05	0.95				
	211	1	0.0	0.0	0.0	0.0	2	1.0302397420292964	-8.928614724741163	230.0	23	1.05	0.95				
	212	1	0.0	0.0	0.0	0.0	2	1.0209611351611803	-7.532914100896773	230.0	23	1.05	0.95				
	213	2	233.59042970701753	47.59955926105263	0.0	0.0	2	1.05	-4.42454193630458	230.0	24	1.05	0.95				
	214	2	171.0058240119298	34.37745946631579	0.0	0.0	2	1.05	-6.545916872304786	230.0	26	1.05	0.95				
	215	2	279.4270423287719	56.41429245754386	0.0	0.0	2	1.0425741860824762	2.5257396822213583	230.0	26	1.05	0.95				
	216	2	88.14733196491228	17.629466392982458	0.0	0.0	2	1.0472613664445165	2.3114386216255998	230.0	26	1.05	0.95				
	217	1	0.0	0.0	0.0	0.0	2	1.0485515549596574	5.792480404126606	230.0	27	1.05	0.95				
	218	2	293.5306154431579	59.94018573614035	0.0	0.0	2	1.0499999958252182	6.295099191036636	230.0	27	1.05	0.95				
	219	1	159.54667085649123	32.61451282701754	0.0	0.0	2	1.041751606418153	1.693178973549152	230.0	25	1.05	0.95				
	220	1	112.82858491508772	22.918306310877192	0.0	0.0	2	1.0451166951546158	2.805201108070506	230.0	25	1.05	0.95				
	221	2	0.0	0.0	0.0	0.0	2	1.05	6.770211345662203	230.0	27	1.05	0.95				
	222	2	0.0	0.0	0.0	0.0	2	1.05	12.898483206676312	230.0	27	1.05	0.95				
	223	2	0.0	0.0	0.0	0.0	2	1.05	4.052816022151535	230.0	25	1.05	0.95				
	224	1	0.0	0.0	0.0	0.0	2	1.018189221791002	-2.3448837490132166	230.0	26	1.05	0.95				
	301	2	76.00316354526316	15.482125907368422	0.0	0.0	3	1.0175330842964871	-15.28149001467357	138.0	31	1.05	0.95				
	302	2	68.26210059157894	14.074659915789475	0.0	0.0	3	1.0156186067537192	-15.757803081109047	138.0	32	1.05	0.95				
	303	1	126.67193924210527	26.03812084421053	0.0	0.0	3	1.0385690791557594	-5.807760780361242	138.0	31	1.05	0.95				
	304	1	52.07624168842106	10.555994936842104	0.0	0.0	3	1.0095728784583264	-14.67379423638861	138.0	31	1.05	0.95				
	305	1	49.96504270105263	9.852261941052634	0.0	0.0	3	1.024588210085299	-15.703388300706512	138.0	31	1.05	0.95				
	306	1	95.70768742736843	19.704523882105267	0.0	-100.0	3	1.0341821599605534	-16.72780998252467	138.0	32	1.05	0.95				
	307	2	87.9666244736842	17.593324894736842	0.0	0.0	3	1.0079582482829805	-17.935748743482833	138.0	32	1.05	0.95				
	308	1	120.33834228	24.63065485263158	0.0	0.0	3	1.0014249555046297	-17.815696575328868	138.0	32	1.05	0.95				
	309	1	123.1532742631579	25.334387848421052	0.0	0.0	3	1.0285251055838125	-10.916469243384968	138.0	33	1.05	0.95				
	310	1	137.22793417894735	28.14931983157895	0.0	0.0	3	1.05	-13.876326788258137	138.0	33	1.05	0.95				
	311	1	0.0	0.0	0.0	0.0	3	1.0206189310351177	-7.150826472676904	230.0	33	1.05	0.95				
	312	1	0.0	0.0	0.0	0.0	3	1.019996136271377	-5.866171968684985	230.0	33	1.05	0.95				
	313	2	186.4892438842105	38.00158177263158	0.0	0.0	3	1.030423418839381	-2.86371017190242	230.0	34	1.05	0.95				
	314	2	136.52420118315788	27.445586835789477	0.0	0.0	3	1.0288949196344541	-5.711715251698834	230.0	36	1.05	0.95				
	315	2	223.08335966526315	45.038911730526316	0.0	0.0	3	1.0474645080633216	0.7749326650100623	230.0	36	1.05	0.95				
	316	2	70.37329957894737	14.074659915789475	0.0	0.0	3	1.046187135909967	0.6051928343798918	230.0	36	1.05	0.95				
	317	1	0.0	0.0	0.0	0.0	3	1.0480569932766943	2.4814521667149054	230.0	37	1.05	0.95				
	318	2	234.34308759789474	47.85384371368421	0.0	0.0	3	1.0476810899048086	2.4530361266088874	230.0	37	1.05	0.95				
	319	1	127.37567223789475	26.03812084421053	0.0	0.0	3	1.0428736568502355	0.4708166138423385	230.0	35	1.05	0.95				
	320	1	90.07782346105263	18.297057890526318	0.0	0.0	3	1.0460431517084035	1.6724461408848184	230.0	35	1.05	0.95				
	321	2	0.0	0.0	0.0	0.0	3	1.05	3.8183130341171965	230.0	37	1.05	0.95				
	322	2	0.0	0.0	0.0	0.0	3	1.05	9.06902244826826	230.0	37	1.05	0.95				
	323	2	0.0	0.0	0.0	0.0	3	1.05	2.842279956184255	230.0	35	1.05	0.95				
	324	1	0.0	0.0	0.0	0.0	3	1.0352710240623741	-1.688028014477429	230.0	36	1.05	0.95				
	325	1	0.0	0.0	0.0	0.0	3	1.0472840154687515	3.7886501813227444	230.0	35	1.05	0.95				
];

%% generator data
%    bus    Pg    Qg    Qmax    Qmin    Vg    mBase    status    Pmax    Pmin    Pc1    Pc2    Qc1min    Qc1max    Qc2min    Qc2max    ramp_agc    ramp_10    ramp_30    ramp_q    apf
