%% MATPOWER Case Format : Version 2
function mpc = RTS_GMLC
mpc.version = '2';

%%-----  Power Flow Data  -----%%
%% system MVA base
mpc.baseMVA = 100.0;
%% bus data
%    bus_i    type    Pd    Qd    Gs    Bs    area    Vm    Va    baseKV    zone    Vmax    Vmin
mpc.bus = [
	101	2	53.01138050526316	10.798614547368421	0.0	0.0	1	1.0273311937692382	-0.01611258677426551	138.0	11	1.05	0.95				
	102	2	47.61207323157895	9.816922315789474	0.0	0.0	1	1.0263941605134623	-0.31978965088617745	138.0	12	1.05	0.95				
	103	1	88.35230084210527	18.16130628421053	0.0	0.0	1	1.0277005019646324	0.1638022918316363	138.0	11	1.05	0.95				
	104	1	36.32261256842106	7.362691736842105	0.0	0.0	1	1.0175209776966219	-3.0821686726188218	138.0	11	1.05	0.95				
	105	1	34.85007422105264	6.871845621052633	0.0	0.0	1	1.0319764033123446	-3.048763613591631	138.0	11	1.05	0.95				
	106	1	66.75507174736843	13.743691242105266	0.0	-100.0	1	1.0421542432465496	-5.273371086497972	138.0	12	1.05	0.95				
	107	2	61.35576447368422	12.271152894736844	0.0	0.0	1	0.9992685801593046	-13.560971256749422	138.0	12	1.05	0.95				
	108	1	83.93468580000001	17.17961405263158	0.0	0.0	1	0.999837614134286	-10.993950369816211	138.0	12	1.05	0.95				
	109	1	85.8980702631579	17.670460168421055	0.0	0.0	1	1.0251332922791865	-3.332765237020123	138.0	13	1.05	0.95				
	110	1	95.71499257894737	19.63384463157895	0.0	0.0	1	1.05	-4.553627419658602	138.0	13	1.05	0.95				
	111	1	0.0	0.0	0.0	0.0	1	1.009224170935551	-0.49256432371550324	230.0	13	1.05	0.95				
	112	1	0.0	0.0	0.0	0.0	1	1.0134936783068893	-0.6778691871570962	230.0	13	1.05	0.95				
	113	3	130.07422068421053	26.50569025263158	0.0	0.0	1	1.0064138789391366	-2.830328275200216e-29	230.0	14	1.05	0.95				
	114	2	95.2241464631579	19.142998515789476	0.0	0.0	1	1.0113351958187247	2.60837974602904	230.0	16	1.05	0.95				
	115	2	155.59821870526318	31.41415141052632	0.0	0.0	1	1.0444698970304862	10.62369114571744	230.0	16	1.05	0.95				
	116	2	49.084611578947374	9.816922315789474	0.0	0.0	1	1.040974934245376	9.832262912857495	230.0	16	1.05	0.95				
	117	1	0.0	0.0	0.0	0.0	1	1.0434175777809018	14.118542665420717	230.0	17	1.05	0.95				
	118	2	163.45175655789475	33.37753587368422	0.0	0.0	1	1.0493747826895214	14.320746710856312	230.0	17	1.05	0.95				
	119	1	88.84314695789475	18.16130628421053	0.0	0.0	1	1.0341455738597571	7.236557592770603	230.0	15	1.05	0.95				
	120	1	62.82830282105264	12.761999010526317	0.0	0.0	1	1.0330731484998013	5.9069171787746795	230.0	15	1.05	0.95				
	121	2	0.0	0.0	0.0	0.0	1	1.05	15.666554943754692	230.0	17	1.05	0.95				
	122	2	0.0	0.0	0.0	0.0	1	1.05	30.06871690112601	230.0	17	1.05	0.95				
	123	2	0.0	0.0	0.0	0.0	1	1.0333138720343993	5.546089590225349	230.0	15	1.05	0.95				
	124	1	0.0	0.0	0.0	0.0	1	1.0250951787772504	6.7296027460898715	230.0	16	1.05	0.95				
	201	2	64.36140408	13.110656386666667	0.0	0.0	2	1.0257766330088387	-17.251272265728154	138.0	21	1.05	0.95				
	202	2	57.80607588666666	11.918778533333334	0.0	0.0	2	1.0265697328112497	-17.177498993670387	138.0	22	1.05	0.95				
	203	1	107.2690068	22.049740286666665	0.0	0.0	2	1.0151270856837118	-14.482655451526398	138.0	21	1.05	0.95				
	204	1	44.09948057333333	8.9390839	0.0	0.0	2	1.0148916628073774	-18.67592455420284	138.0	21	1.05	0.95				
	205	1	42.31166379333333	8.343144973333334	0.0	0.0	2	1.0303442871963275	-19.122071531616008	138.0	21	1.05	0.95				
	206	1	81.04769402666668	16.68628994666667	0.0	-100.0	2	1.039745006717918	-20.709626038444647	138.0	22	1.05	0.95				
	207	2	74.49236583333334	14.898473166666667	0.0	0.0	2	0.9890839361771755	-29.39320354734947	138.0	22	1.05	0.95				
	208	1	101.90555646000001	20.85786243333333	0.0	0.0	2	0.9891355595082297	-26.52975958396848	138.0	22	1.05	0.95				
	209	1	104.28931216666668	21.45380136	0.0	0.0	2	1.0234711629214068	-17.462239593175966	138.0	23	1.05	0.95				
	210	1	116.2080907	23.83755706666667	0.0	0.0	2	1.05	-19.115031974769458	138.0	23	1.05	0.95				
	211	1	0.0	0.0	0.0	0.0	2	1.0170486677572557	-13.671717152412999	230.0	23	1.05	0.95				
	212	1	0.0	0.0	0.0	0.0	2	1.014878315753032	-12.547663626128655	230.0	23	1.05	0.95				
	213	2	157.9238155666667	32.18070204	0.0	0.0	2	1.0199036694981347	-12.02161210603323	230.0	24	1.05	0.95				
	214	2	115.61215177333332	23.241618140000003	0.0	0.0	2	1.0268077660074424	-10.530042796979954	230.0	26	1.05	0.95				
	215	2	188.91263975333334	38.14009130666667	0.0	0.0	2	1.0362271065766584	-2.1720040264701956	230.0	26	1.05	0.95				
	216	2	59.59389266666667	11.918778533333334	0.0	0.0	2	1.0394684652418067	-2.4364388319064645	230.0	26	1.05	0.95				
	217	1	0.0	0.0	0.0	0.0	2	1.0408066759000465	0.46980152468559977	230.0	27	1.05	0.95				
	218	2	198.44766258	40.52384701333334	0.0	0.0	2	1.041214934828233	0.2528226520355112	230.0	27	1.05	0.95				
	219	1	107.86494572666668	22.049740286666665	0.0	0.0	2	1.040127018301302	-2.5882991304697507	230.0	25	1.05	0.95				
	220	1	76.28018261333334	15.494412093333334	0.0	0.0	2	1.045468064421115	-1.5963354658207316	230.0	25	1.05	0.95				
	221	2	0.0	0.0	0.0	0.0	2	1.041563008226578	0.22902328023538582	230.0	27	1.05	0.95				
	222	2	0.0	0.0	0.0	0.0	2	1.05	6.827655989916057	230.0	27	1.05	0.95				
	223	2	0.0	0.0	0.0	0.0	2	1.05	-0.6200946928797965	230.0	25	1.05	0.95				
	224	1	0.0	0.0	0.0	0.0	2	1.0129494041241778	-6.739501567302067	230.0	26	1.05	0.95				
	301	2	47.04713696842106	9.583676049122808	0.0	0.0	3	1.0092449521215343	-6.4941766148184605	138.0	31	1.05	0.95				
	302	2	42.25529894385966	8.712432771929826	0.0	0.0	3	1.0089723663088033	-6.68658022202377	138.0	32	1.05	0.95				
	303	1	78.41189494736844	16.118000628070178	0.0	0.0	3	1.0403609417022757	1.8217655113351474	138.0	31	1.05	0.95				
	304	1	32.236001256140355	6.534324578947369	0.0	0.0	3	1.012198099483191	-5.23464020075862	138.0	31	1.05	0.95				
	305	1	30.929136340350876	6.098702940350878	0.0	0.0	3	1.0241982194275723	-6.657199570650793	138.0	31	1.05	0.95				
	306	1	59.244542849122816	12.197405880701757	0.0	-100.0	3	1.0404972030245532	-7.26544316125116	138.0	32	1.05	0.95				
	307	2	54.452704824561415	10.890540964912281	0.0	0.0	3	0.9894489094485469	-11.604417579407096	138.0	32	1.05	0.95				
	308	1	74.49130020000001	15.246757350877193	0.0	0.0	3	0.9975906245111479	-9.657283016908764	138.0	32	1.05	0.95				
	309	1	76.23378675438597	15.682378989473685	0.0	0.0	3	1.0285243854737272	-2.2719012731598127	138.0	33	1.05	0.95				
	310	1	84.9462195263158	17.424865543859653	0.0	0.0	3	1.05	-5.415859465657512	138.0	33	1.05	0.95				
	311	1	0.0	0.0	0.0	0.0	3	1.0085122676375156	-0.3688638064203955	230.0	33	1.05	0.95				
	312	1	0.0	0.0	0.0	0.0	3	1.0133909414561013	0.1499126255359292	230.0	33	1.05	0.95				
	313	2	115.4397342280702	23.52356848421053	0.0	0.0	3	1.0111540804740422	2.67488068639454	230.0	34	1.05	0.95				
	314	2	84.51059788771931	16.98924390526316	0.0	0.0	3	1.0040398922823364	0.5609207627662008	230.0	36	1.05	0.95				
	315	2	138.09205943508772	27.879784870175445	0.0	0.0	3	1.0383206891576584	4.3595903973335055	230.0	36	1.05	0.95				
	316	2	43.562163859649125	8.712432771929826	0.0	0.0	3	1.035909146838411	4.4147645889224805	230.0	36	1.05	0.95				
	317	1	0.0	0.0	0.0	0.0	3	1.05	8.919005800550044	230.0	37	1.05	0.95				
	318	2	145.0620056526316	29.622271424561408	0.0	0.0	3	1.0480660052769948	6.68084056809783	230.0	37	1.05	0.95				
	319	1	78.84751658596493	16.118000628070178	0.0	0.0	3	1.0285404520749533	3.7317779378022142	230.0	35	1.05	0.95				
	320	1	55.75956974035089	11.326162603508774	0.0	0.0	3	1.0251076398586054	3.9806488739160746	230.0	35	1.05	0.95				
	321	2	0.0	0.0	0.0	0.0	3	1.0457049179455526	6.532243428920494	230.0	37	1.05	0.95				
	322	2	0.0	0.0	0.0	0.0	3	1.05	11.811527112077547	230.0	37	1.05	0.95				
	323	2	0.0	0.0	0.0	0.0	3	1.0238616964282177	4.456185067096729	230.0	35	1.05	0.95				
	324	1	0.0	0.0	0.0	0.0	3	1.0335860558340506	3.4030518544126336	230.0	36	1.05	0.95				
	325	1	0.0	0.0	0.0	0.0	3	1.0234368469908834	5.417813137724557	230.0	35	1.05	0.95				
];
