%% MATPOWER Case Format : Version 2
function mpc = RTS_GMLC
mpc.version = '2';

%%-----  Power Flow Data  -----%%
%% system MVA base
mpc.baseMVA = 100.0;
%% bus data
%    bus_i    type    Pd    Qd    Gs    Bs    area    Vm    Va    baseKV    zone    Vmax    Vmin
mpc.bus = [
	101	2	99.40969815157895	20.25012369754386	0.0	0.0	1	1.0469882668211423	-1.6958380484877795	138.0	11	1.05	0.95				
	102	2	89.284636302807	18.40920336140351	0.0	0.0	1	1.0467001492409265	-1.886111650919093	138.0	12	1.05	0.95				
	103	1	165.68283025263156	34.057026218596484	0.0	0.0	1	1.0171784062373643	-1.7807399581451453	138.0	11	1.05	0.95				
	104	1	68.11405243719297	13.80690252105263	0.0	0.0	1	1.0213814753904862	-5.305753750455394	138.0	11	1.05	0.95				
	105	1	65.35267193298246	12.886442352982458	0.0	0.0	1	1.0355055786257785	-5.903583127577302	138.0	11	1.05	0.95				
	106	1	125.18258285754386	25.772884705964916	0.0	-100.0	1	1.0337073587873666	-9.114374619273672	138.0	12	1.05	0.95				
	107	2	115.05752100877191	23.011504201754384	0.0	0.0	1	1.05	-7.7640974721999285	138.0	12	1.05	0.95				
	108	1	157.39868873999998	32.216105882456134	0.0	0.0	1	1.0202635973137433	-10.022021757235978	138.0	12	1.05	0.95				
	109	1	161.0805294122807	33.13656605052631	0.0	0.0	1	1.0263867633578176	-5.427618665194703	138.0	13	1.05	0.95				
	110	1	179.4897327736842	36.81840672280702	0.0	0.0	1	1.05	-7.3401549840031635	138.0	13	1.05	0.95				
	111	1	0.0	0.0	0.0	0.0	1	1.0213839594987502	-1.9429445428715306	230.0	13	1.05	0.95				
	112	1	0.0	0.0	0.0	0.0	1	1.0201039186949938	-1.4181431120298307	230.0	13	1.05	0.95				
	113	3	243.92194453859645	49.704849075789475	0.0	0.0	1	1.0252134665714552	-5.998513962855702e-28	230.0	14	1.05	0.95				
	114	2	178.569272605614	35.89794655473684	0.0	0.0	1	1.0324730809462286	0.739434504601719	230.0	16	1.05	0.95				
	115	2	291.7858732782456	58.909450756491225	0.0	0.0	1	1.0390218821867452	11.588028055430687	230.0	16	1.05	0.95				
	116	2	92.04601680701754	18.40920336140351	0.0	0.0	1	1.0402846359032805	10.258582091335278	230.0	16	1.05	0.95				
	117	1	0.0	0.0	0.0	0.0	1	1.0439978582908565	14.949469839346515	230.0	17	1.05	0.95				
	118	2	306.5132359673684	62.59129142877193	0.0	0.0	1	1.05	15.618485063603623	230.0	17	1.05	0.95				
	119	1	166.60329042070174	34.057026218596484	0.0	0.0	1	1.0361549436409465	7.666719307716959	230.0	15	1.05	0.95				
	120	1	117.81890151298245	23.93196436982456	0.0	0.0	1	1.0413523688212254	6.783447693957304	230.0	15	1.05	0.95				
	121	2	0.0	0.0	0.0	0.0	1	1.05	18.000321890151277	230.0	17	1.05	0.95				
	122	2	0.0	0.0	0.0	0.0	1	1.05	28.934429482494345	230.0	17	1.05	0.95				
	123	2	0.0	0.0	0.0	0.0	1	1.0469376289956949	6.973470041039251	230.0	15	1.05	0.95				
	124	1	0.0	0.0	0.0	0.0	1	1.0139459423778876	6.6292572527011835	230.0	16	1.05	0.95				
	201	2	91.90114904842106	18.720604435789472	0.0	0.0	2	1.046208808970879	-14.799125393662463	138.0	21	1.05	0.95				
	202	2	82.54084683052632	17.018731305263156	0.0	0.0	2	1.049056128402276	-14.920885082738168	138.0	22	1.05	0.95				
	203	1	153.16858174736842	31.484652914736838	0.0	0.0	2	1.0260961374890047	-10.958554023161735	138.0	21	1.05	0.95				
	204	1	62.969305829473676	12.764048478947368	0.0	0.0	2	1.0214744263350874	-15.897533883772718	138.0	21	1.05	0.95				
	205	1	60.416496133684205	11.913111913684212	0.0	0.0	2	1.0373242215952891	-16.40886456005434	138.0	21	1.05	0.95				
	206	1	115.72737287578947	23.826223827368423	0.0	-100.0	2	1.0378511367027912	-18.115082294865065	138.0	22	1.05	0.95				
	207	2	106.36707065789473	21.273414131578946	0.0	0.0	2	0.95	-28.919666763299496	138.0	22	1.05	0.95				
	208	1	145.51015266	29.782779784210522	0.0	0.0	2	0.9551976054063035	-25.396222743142165	138.0	22	1.05	0.95				
	209	1	148.91389892105263	30.633716349473683	0.0	0.0	2	1.0264377153528266	-13.27610803328769	138.0	23	1.05	0.95				
	210	1	165.93263022631578	34.03746261052631	0.0	0.0	2	1.05	-15.385781119595608	138.0	23	1.05	0.95				
	211	1	0.0	0.0	0.0	0.0	2	1.0337400087322057	-8.960512555282254	230.0	23	1.05	0.95				
	212	1	0.0	0.0	0.0	0.0	2	1.02607266499198	-3.932686794515406	230.0	23	1.05	0.95				
	213	2	225.49818979473685	45.95057452421053	0.0	0.0	2	1.05	-5.96056260177744	230.0	24	1.05	0.95				
	214	2	165.08169366105264	33.18652604526316	0.0	0.0	2	1.05	-6.461754205513251	230.0	26	1.05	0.95				
	215	2	269.74689118842105	54.4599401768421	0.0	0.0	2	1.0458452530309312	2.3136799414586897	230.0	26	1.05	0.95				
	216	2	85.09365652631578	17.018731305263156	0.0	0.0	2	1.0489580144224362	2.3283638916662586	230.0	26	1.05	0.95				
	217	1	0.0	0.0	0.0	0.0	2	1.0499037439120185	5.23756187704812	230.0	27	1.05	0.95				
	218	2	283.3618762326316	57.863686437894735	0.0	0.0	2	1.05	5.586623699100318	230.0	27	1.05	0.95				
	219	1	154.0195183126316	31.484652914736838	0.0	0.0	2	1.042538102552311	2.8393434677650946	230.0	25	1.05	0.95				
	220	1	108.9198803536842	22.124350696842104	0.0	0.0	2	1.045105414191843	4.877624623481244	230.0	25	1.05	0.95				
	221	2	0.0	0.0	0.0	0.0	2	1.05	5.8411017978699045	230.0	27	1.05	0.95				
	222	2	0.0	0.0	0.0	0.0	2	1.05	12.116701653454783	230.0	27	1.05	0.95				
	223	2	0.0	0.0	0.0	0.0	2	1.05	6.610488125287278	230.0	25	1.05	0.95				
	224	1	0.0	0.0	0.0	0.0	2	1.021574837290671	-2.619249080783098	230.0	26	1.05	0.95				
	301	2	81.45270485052633	16.592217654736842	0.0	0.0	3	1.0044104529560276	17.316327904909055	138.0	31	1.05	0.95				
	302	2	73.15659602315789	15.08383423157895	0.0	0.0	3	1.0029847929570608	17.003458181246355	138.0	32	1.05	0.95				
	303	1	135.75450808421053	27.905093328421053	0.0	0.0	3	1.046169251501916	30.33010801754785	138.0	31	1.05	0.95				
	304	1	55.810186656842106	11.31287567368421	0.0	0.0	3	1.0021719865191023	19.11167640615261	138.0	31	1.05	0.95				
	305	1	53.547611522105264	10.558683962105263	0.0	0.0	3	1.0166641288656413	17.871101929423197	138.0	31	1.05	0.95				
	306	1	102.57007277473684	21.117367924210527	0.0	-100.0	3	1.0293696539781958	17.364316124606486	138.0	32	1.05	0.95				
	307	2	94.27396394736843	18.854792789473684	0.0	0.0	3	0.9861831420171178	11.622712573673882	138.0	32	1.05	0.95				
	308	1	128.96678268	26.396709905263155	0.0	0.0	3	0.9910381760748593	15.183628061688673	138.0	32	1.05	0.95				
	309	1	131.98354952631578	27.150901616842106	0.0	0.0	3	1.0291936447407224	23.900509066485036	138.0	33	1.05	0.95				
	310	1	147.06738375789473	30.1676684631579	0.0	0.0	3	1.05	20.849348991628148	138.0	33	1.05	0.95				
	311	1	0.0	0.0	0.0	0.0	3	1.0234844083829706	27.705121072654727	230.0	33	1.05	0.95				
	312	1	0.0	0.0	0.0	0.0	3	1.0283401680573503	28.696350580651263	230.0	33	1.05	0.95				
	313	2	199.86080356842103	40.726352425263165	0.0	0.0	3	1.0492906856269826	35.104962795613226	230.0	34	1.05	0.95				
	314	2	146.31319204631578	29.413476751578948	0.0	0.0	3	1.0259809362583807	26.37884617123486	230.0	36	1.05	0.95				
	315	2	239.0787725705263	48.26826954105263	0.0	0.0	3	1.05	22.58455763933979	230.0	36	1.05	0.95				
	316	2	75.41917115789474	15.08383423157895	0.0	0.0	3	1.0447931034978315	23.623094638432672	230.0	36	1.05	0.95				
	317	1	0.0	0.0	0.0	0.0	3	1.05	23.217798740011318	230.0	37	1.05	0.95				
	318	2	251.14583995578948	51.28503638736842	0.0	0.0	3	1.0470323424433186	20.773502859547484	230.0	37	1.05	0.95				
	319	1	136.50869979578948	27.905093328421053	0.0	0.0	3	1.042643677441244	24.951265021981122	230.0	35	1.05	0.95				
	320	1	96.53653908210526	19.608984501052632	0.0	0.0	3	1.0441645075627781	26.062224016996954	230.0	35	1.05	0.95				
	321	2	0.0	0.0	0.0	0.0	3	1.048604035006912	21.996360484694293	230.0	37	1.05	0.95				
	322	2	0.0	0.0	0.0	0.0	3	1.05	26.821599462491186	230.0	37	1.05	0.95				
	323	2	0.0	0.0	0.0	0.0	3	1.0453845559674428	26.481813745606782	230.0	35	1.05	0.95				
	324	1	0.0	0.0	0.0	0.0	3	1.0484199215837036	27.41761571558827	230.0	36	1.05	0.95				
	325	1	0.0	0.0	0.0	0.0	3	1.0472363394006352	25.766844190285457	230.0	35	1.05	0.95				
];

%% generator data
%    bus    Pg    Qg    Qmax    Qmin    Vg    mBase    status    Pmax    Pmin    Pc1    Pc2    Qc1min    Qc1max    Qc2min    Qc2max    ramp_agc    ramp_10    ramp_30    ramp_q    apf
