%% MATPOWER Case Format : Version 2
function mpc = RTS_GMLC
mpc.version = '2';

%%-----  Power Flow Data  -----%%
%% system MVA base
mpc.baseMVA = 100.0;
%% bus data
%    bus_i    type    Pd    Qd    Gs    Bs    area    Vm    Va    baseKV    zone    Vmax    Vmin
mpc.bus = [
	101	2	79.86442354105263	16.268678869473682	0.0	0.0	1	1.035595954977418	-2.223503165174185	138.0	11	1.05	0.95				
	102	2	71.73008410631579	14.789708063157894	0.0	0.0	1	1.0356660727817213	-2.3038285213267855	138.0	12	1.05	0.95				
	103	1	133.10737256842106	27.360959916842102	0.0	0.0	1	1.0170890873601415	-1.8712889883977524	138.0	11	1.05	0.95				
	104	1	54.721919833684204	11.09228104736842	0.0	0.0	1	1.0169897461414517	-5.1355322519033955	138.0	11	1.05	0.95				
	105	1	52.503463624210525	10.352795644210525	0.0	0.0	1	1.032923705308083	-5.266213079525422	138.0	11	1.05	0.95				
	106	1	100.57001482947368	20.70559128842105	0.0	-100.0	1	1.0372017526696873	-7.648724023975726	138.0	12	1.05	0.95				
	107	2	92.43567539473683	18.487135078947368	0.0	0.0	1	1.0471407495275378	-5.838820655294699	138.0	12	1.05	0.95				
	108	1	126.45200393999998	25.88198911052631	0.0	0.0	1	1.0239412118326765	-7.880643139094388	138.0	12	1.05	0.95				
	109	1	129.40994555263157	26.621474513684205	0.0	0.0	1	1.0252094915728225	-4.5067136562832975	138.0	13	1.05	0.95				
	110	1	144.19965361578946	29.579416126315788	0.0	0.0	1	1.05	-6.027918741729069	138.0	13	1.05	0.95				
	111	1	0.0	0.0	0.0	0.0	1	1.0120110510021572	-1.3337597536147392	230.0	13	1.05	0.95				
	112	1	0.0	0.0	0.0	0.0	1	1.015357413924621	-0.9709934390380677	230.0	13	1.05	0.95				
	113	3	195.9636318368421	39.932211770526315	0.0	0.0	1	1.0154948723121138	-2.0904092378596916e-27	230.0	14	1.05	0.95				
	114	2	143.46016821263157	28.83993072315789	0.0	0.0	1	1.012802779440341	1.488309230785952	230.0	16	1.05	0.95				
	115	2	234.4168728010526	47.32706580210526	0.0	0.0	1	1.0378991417993186	10.963060616954081	230.0	16	1.05	0.95				
	116	2	73.94854031578947	14.789708063157894	0.0	0.0	1	1.036172249598205	9.979595776264311	230.0	16	1.05	0.95				
	117	1	0.0	0.0	0.0	0.0	1	1.0404838076507543	14.27119005027492	230.0	17	1.05	0.95				
	118	2	246.24863925157894	50.28500741473684	0.0	0.0	1	1.044309270839298	15.160027964070547	230.0	17	1.05	0.95				
	119	1	133.84685797157894	27.360959916842102	0.0	0.0	1	1.030303130015683	7.526805855132121	230.0	15	1.05	0.95				
	120	1	94.65413160421052	19.22662048210526	0.0	0.0	1	1.0326483639755872	6.80226073258751	230.0	15	1.05	0.95				
	121	2	0.0	0.0	0.0	0.0	1	1.0455104362533763	16.083082182783	230.0	17	1.05	0.95				
	122	2	0.0	0.0	0.0	0.0	1	1.05	24.912658785662558	230.0	17	1.05	0.95				
	123	2	0.0	0.0	0.0	0.0	1	1.0358667184448942	6.9578333640004955	230.0	15	1.05	0.95				
	124	1	0.0	0.0	0.0	0.0	1	1.0139824094003005	6.198864033607751	230.0	16	1.05	0.95				
	201	2	82.0412403536842	16.712104516491227	0.0	0.0	2	1.0387848339239043	-16.4679007886827	138.0	21	1.05	0.95				
	202	2	73.68518809543858	15.192822287719299	0.0	0.0	2	1.0390604575359637	-16.595842862381783	138.0	22	1.05	0.95				
	203	1	136.73540058947367	28.106721232280695	0.0	0.0	2	1.0238996553348394	-11.913577784672968	138.0	21	1.05	0.95				
	204	1	56.21344246456139	11.394616715789471	0.0	0.0	2	1.017830096020715	-18.16101814163861	138.0	21	1.05	0.95				
	205	1	53.934519121403504	10.634975601403509	0.0	0.0	2	1.0346553379765615	-18.712958864113563	138.0	21	1.05	0.95				
	206	1	103.31119155649122	21.269951202807018	0.0	-100.0	2	1.0378939750626455	-20.69171259135282	138.0	22	1.05	0.95				
	207	2	94.95513929824561	18.99102785964912	0.0	0.0	2	0.9560154565401471	-32.013347656633364	138.0	22	1.05	0.95				
	208	1	129.89863055999996	26.587439003508766	0.0	0.0	2	0.9614084549480578	-28.202438543117555	138.0	22	1.05	0.95				
	209	1	132.93719501754384	27.347080117894734	0.0	0.0	2	1.0245416295304954	-16.36985571211143	138.0	23	1.05	0.95				
	210	1	148.13001730526315	30.385644575438597	0.0	0.0	2	1.05	-18.608144610037733	138.0	23	1.05	0.95				
	211	1	0.0	0.0	0.0	0.0	2	1.0297946881960451	-12.376220179079057	230.0	23	1.05	0.95				
	212	1	0.0	0.0	0.0	0.0	2	1.0237799232032367	-9.661589575930625	230.0	23	1.05	0.95				
	213	2	201.30489531228068	41.0206201768421	0.0	0.0	2	1.0410915781209216	-10.493529596595687	230.0	24	1.05	0.95				
	214	2	147.37037619087715	29.62600346105263	0.0	0.0	2	1.0463734069936574	-9.107543281947178	230.0	26	1.05	0.95				
	215	2	240.80623326035084	48.61703132070175	0.0	0.0	2	1.0436853241690112	0.6901596732436341	230.0	26	1.05	0.95				
	216	2	75.96411143859648	15.192822287719299	0.0	0.0	2	1.046529660833175	0.23003070673885875	230.0	26	1.05	0.95				
	217	1	0.0	0.0	0.0	0.0	2	1.0471015202800047	3.919834803572784	230.0	27	1.05	0.95				
	218	2	252.96049109052626	51.65559577824561	0.0	0.0	2	1.0490379442891618	4.435358676519575	230.0	27	1.05	0.95				
	219	1	137.49504170385964	28.106721232280695	0.0	0.0	2	1.0426224031250508	-0.5117784353970839	230.0	25	1.05	0.95				
	220	1	97.2340626414035	19.750668974035086	0.0	0.0	2	1.0459093556715395	0.26557375950987205	230.0	25	1.05	0.95				
	221	2	0.0	0.0	0.0	0.0	2	1.05	4.640979925927962	230.0	27	1.05	0.95				
	222	2	0.0	0.0	0.0	0.0	2	1.05	10.86967803773046	230.0	27	1.05	0.95				
	223	2	0.0	0.0	0.0	0.0	2	1.05	1.2432134109627504	230.0	25	1.05	0.95				
	224	1	0.0	0.0	0.0	0.0	2	1.0203815459007788	-3.9930304458991763	230.0	26	1.05	0.95				
	301	2	71.35653274105265	14.53559000280702	0.0	0.0	3	1.0395554732455807	1.505098718048184	138.0	31	1.05	0.95				
	302	2	64.08873773964913	13.214172729824563	0.0	0.0	3	1.0363512395276322	1.1200247196709432	138.0	32	1.05	0.95				
	303	1	118.92755456842106	24.446219550175442	0.0	0.0	3	1.05	18.666717355632027	138.0	31	1.05	0.95				
	304	1	48.892439100350884	9.910629547368421	0.0	0.0	3	1.0097048866185365	3.066776391725164	138.0	31	1.05	0.95				
	305	1	46.9103131908772	9.249920910877195	0.0	0.0	3	1.0316660674372768	0.9964201279206927	138.0	31	1.05	0.95				
	306	1	89.85637456280703	18.49984182175439	0.0	-100.0	3	1.0328710443122429	-0.03327223741382301	138.0	32	1.05	0.95				
	307	2	82.58857956140352	16.517715912280703	0.0	0.0	3	0.9500000114488092	1.038965021192117	138.0	32	1.05	0.95				
	308	1	112.98117684	23.124802277192984	0.0	0.0	3	0.96370259947343	0.6049109579058485	138.0	32	1.05	0.95				
	309	1	115.62401138596492	23.785510913684213	0.0	0.0	3	1.011360290811619	7.454697796446346	138.0	33	1.05	0.95				
	310	1	128.8381841157895	26.428345459649126	0.0	0.0	3	1.040131134516687	2.5923315876512127	138.0	33	1.05	0.95				
	311	1	0.0	0.0	0.0	0.0	3	0.9996223574052052	7.733846547113508	230.0	33	1.05	0.95				
	312	1	0.0	0.0	0.0	0.0	3	1.0042531520026434	8.469583613405973	230.0	33	1.05	0.95				
	313	2	175.08778867017546	35.67826637052632	0.0	0.0	3	1.0019532296688571	11.192460830053271	230.0	34	1.05	0.95				
	314	2	128.17747547929827	25.767636823157897	0.0	0.0	3	0.9985036040733025	7.515300333528024	230.0	36	1.05	0.95				
	315	2	209.4446377677193	42.2853527354386	0.0	0.0	3	1.05	8.378219559277511	230.0	36	1.05	0.95				
	316	2	66.07086364912281	13.214172729824563	0.0	0.0	3	1.0393272455017717	8.51397714619271	230.0	36	1.05	0.95				
	317	1	0.0	0.0	0.0	0.0	3	1.05	9.723479919960074	230.0	37	1.05	0.95				
	318	2	220.01597595157895	44.92818728140352	0.0	0.0	3	1.0496521187858152	7.966311156291602	230.0	37	1.05	0.95				
	319	1	119.5882632049123	24.446219550175442	0.0	0.0	3	1.0264608646888065	8.53015354375017	230.0	35	1.05	0.95				
	320	1	84.5707054708772	17.178424548771932	0.0	0.0	3	1.0192429707255424	9.130936775322297	230.0	35	1.05	0.95				
	321	2	0.0	0.0	0.0	0.0	3	1.05	8.694771847814131	230.0	37	1.05	0.95				
	322	2	0.0	0.0	0.0	0.0	3	1.05	13.446509786050717	230.0	37	1.05	0.95				
	323	2	0.0	0.0	0.0	0.0	3	1.0167257816224422	9.827266555787862	230.0	35	1.05	0.95				
	324	1	0.0	0.0	0.0	0.0	3	1.048308019212295	13.31996244868033	230.0	36	1.05	0.95				
	325	1	0.0	0.0	0.0	0.0	3	1.0184349223793392	10.37658879402288	230.0	35	1.05	0.95				
];
