%% MATPOWER Case Format : Version 2
function mpc = RTS_GMLC
mpc.version = '2';

%%-----  Power Flow Data  -----%%
%% system MVA base
mpc.baseMVA = 100.0;
%% bus data
%    bus_i    type    Pd    Qd    Gs    Bs    area    Vm    Va    baseKV    zone    Vmax    Vmin
mpc.bus = [
	101	2	63.53884216421053	12.943097477894735	0.0	0.0	1	1.049999993274924	1.8808543101645776	138.0	11	1.05	0.95				
	102	2	57.06729342526315	11.766452252631579	0.0	0.0	1	1.0489541693289766	1.516745931348697	138.0	12	1.05	0.95				
	103	1	105.89807027368421	21.76793666736842	0.0	0.0	1	1.031645418857466	-0.32100614831689994	138.0	11	1.05	0.95				
	104	1	43.53587333473684	8.824839189473684	0.0	0.0	1	1.028171118079503	-2.071021032154889	138.0	11	1.05	0.95				
	105	1	41.770905496842104	8.236516576842105	0.0	0.0	1	1.0412240375668285	-2.36952055578431	138.0	11	1.05	0.95				
	106	1	80.01187531789475	16.47303315368421	0.0	-100.0	1	1.043916038671238	-5.379472284068264	138.0	12	1.05	0.95				
	107	2	73.54032657894737	14.708065315789472	0.0	0.0	1	0.9990463368048644	-12.597493650680551	138.0	12	1.05	0.95				
	108	1	100.60316675999998	20.591291442105263	0.0	0.0	1	0.9977449499330723	-10.931991434034952	138.0	12	1.05	0.95				
	109	1	102.95645721052631	21.179614054736838	0.0	0.0	1	1.0254227626969132	-3.7524753768257266	138.0	13	1.05	0.95				
	110	1	114.72290946315789	23.532904505263158	0.0	0.0	1	1.05	-4.9107974048776795	138.0	13	1.05	0.95				
	111	1	0.0	0.0	0.0	0.0	1	1.0094382048798978	-1.3979628895276734	230.0	13	1.05	0.95				
	112	1	0.0	0.0	0.0	0.0	1	1.0124845911041607	-1.2770462533601883	230.0	13	1.05	0.95				
	113	3	155.9054923473684	31.769421082105264	0.0	0.0	1	1.0060695224255751	-1.4657192025367623e-28	230.0	14	1.05	0.95				
	114	2	114.1345868505263	22.94458189263158	0.0	0.0	1	1.0100478910522548	0.4000681396716592	230.0	16	1.05	0.95				
	115	2	186.49826820421052	37.65264720842105	0.0	0.0	1	1.0414378524174697	7.230785615826743	230.0	16	1.05	0.95				
	116	2	58.83226126315789	11.766452252631579	0.0	0.0	1	1.0379421631265184	6.463991512141108	230.0	16	1.05	0.95				
	117	1	0.0	0.0	0.0	0.0	1	1.0438362083616626	9.748901315354868	230.0	17	1.05	0.95				
	118	2	195.91143000631578	40.005937658947374	0.0	0.0	1	1.04699598849557	10.457365277521683	230.0	17	1.05	0.95				
	119	1	106.48639288631578	21.76793666736842	0.0	0.0	1	1.028621222017315	4.4431441102993	230.0	15	1.05	0.95				
	120	1	75.3052944168421	15.296387928421051	0.0	0.0	1	1.0252018356954085	3.4412509679284717	230.0	15	1.05	0.95				
	121	2	0.0	0.0	0.0	0.0	1	1.0498585869921568	12.112918294283585	230.0	17	1.05	0.95				
	122	2	0.0	0.0	0.0	0.0	1	1.05	17.697114274435695	230.0	17	1.05	0.95				
	123	2	0.0	0.0	0.0	0.0	1	1.02458440083808	3.3388326942915527	230.0	15	1.05	0.95				
	124	1	0.0	0.0	0.0	0.0	1	1.027999133320589	4.405174889669005	230.0	16	1.05	0.95				
	201	2	59.68644733894737	12.158350383859649	0.0	0.0	2	1.019591103257056	-11.752456219738725	138.0	21	1.05	0.95				
	202	2	53.60727214701754	11.053045803508772	0.0	0.0	2	1.0197628542514823	-11.751199051255004	138.0	22	1.05	0.95				
	203	1	99.47741223157895	20.448134736491227	0.0	0.0	2	1.0139004328947823	-9.900768587123691	138.0	21	1.05	0.95				
	204	1	40.89626947298245	8.289784352631578	0.0	0.0	2	1.0132356288201576	-11.75652554017281	138.0	21	1.05	0.95				
	205	1	39.23831260245614	7.737132062456141	0.0	0.0	2	1.027846744711282	-12.110069020381324	138.0	21	1.05	0.95				
	206	1	75.16071146385966	15.474264124912281	0.0	-100.0	2	1.0397199473934664	-12.86639395371618	138.0	22	1.05	0.95				
	207	2	69.08153627192982	13.816307254385965	0.0	0.0	2	0.9944497750618053	-20.307489265407224	138.0	22	1.05	0.95				
	208	1	94.50354162	19.34283015614035	0.0	0.0	2	0.9946398912603233	-17.684778495551228	138.0	22	1.05	0.95				
	209	1	96.71415078070176	19.89548244631579	0.0	0.0	2	1.0248326774451444	-9.489622759792484	138.0	23	1.05	0.95				
	210	1	107.76719658421052	22.106091607017543	0.0	0.0	2	1.05	-10.701780803616563	138.0	23	1.05	0.95				
	211	1	0.0	0.0	0.0	0.0	2	1.01180601501651	-6.291678788113801	230.0	23	1.05	0.95				
	212	1	0.0	0.0	0.0	0.0	2	1.0156679792142709	-1.5602646087738445	230.0	23	1.05	0.95				
	213	2	146.45285689649123	29.843223669473684	0.0	0.0	2	1.0136304008785908	-3.495953510223377	230.0	24	1.05	0.95				
	214	2	107.21454429403508	21.55343931684211	0.0	0.0	2	1.013637743408707	-4.879418235807423	230.0	26	1.05	0.95				
	215	2	175.19077598561404	35.36974657122807	0.0	0.0	2	1.0282848199263301	0.44319539649378437	230.0	26	1.05	0.95				
	216	2	55.26522901754386	11.053045803508772	0.0	0.0	2	1.0288465640645585	0.5359879128688468	230.0	26	1.05	0.95				
	217	1	0.0	0.0	0.0	0.0	2	1.032036370550957	1.524455374587336	230.0	27	1.05	0.95				
	218	2	184.03321262842104	37.58035573192983	0.0	0.0	2	1.030656084760134	0.8581358483828173	230.0	27	1.05	0.95				
	219	1	100.03006452175438	20.448134736491227	0.0	0.0	2	1.0286150354819354	1.428031369403189	230.0	25	1.05	0.95				
	220	1	70.73949314245614	14.368959544561404	0.0	0.0	2	1.033175146206488	3.2665494171359457	230.0	25	1.05	0.95				
	221	2	0.0	0.0	0.0	0.0	2	1.0328285483020865	1.5260396967243628	230.0	27	1.05	0.95				
	222	2	0.0	0.0	0.0	0.0	2	1.05	8.020502993484023	230.0	27	1.05	0.95				
	223	2	0.0	0.0	0.0	0.0	2	1.0375897329467914	4.684041956716653	230.0	25	1.05	0.95				
	224	1	0.0	0.0	0.0	0.0	2	1.01014520686311	-3.415722138522245	230.0	26	1.05	0.95				
	301	2	55.315406501052635	11.26795317614035	0.0	0.0	3	0.996102392940562	6.043567665398248	138.0	31	1.05	0.95				
	302	2	49.68142991298245	10.24359379649123	0.0	0.0	3	0.9959467821663784	6.023185610497582	138.0	32	1.05	0.95				
	303	1	92.19234416842106	18.95064852350877	0.0	0.0	3	1.0137761078746272	8.176225506746976	138.0	31	1.05	0.95				
	304	1	37.90129704701754	7.682695347368421	0.0	0.0	3	1.002879439213462	7.749270848535252	138.0	31	1.05	0.95				
	305	1	36.36475797754386	7.17051565754386	0.0	0.0	3	1.0153408981825827	7.789967603139886	138.0	31	1.05	0.95				
	306	1	69.65643781614035	14.34103131508772	0.0	-100.0	3	1.034709369836388	8.167261763921038	138.0	32	1.05	0.95				
	307	2	64.02246122807018	12.804492245614036	0.0	0.0	3	0.988941080443407	4.774241589610684	138.0	32	1.05	0.95				
	308	1	87.58272696	17.92628914385965	0.0	0.0	3	1.0008932720618253	7.0230739456678855	138.0	32	1.05	0.95				
	309	1	89.63144571929824	18.43846883368421	0.0	0.0	3	1.02577329587932	11.25036067748152	138.0	33	1.05	0.95				
	310	1	99.87503951578948	20.48718759298246	0.0	0.0	3	1.05	11.166431680198203	138.0	33	1.05	0.95				
	311	1	0.0	0.0	0.0	0.0	3	1.011228637421197	16.55964309237895	230.0	33	1.05	0.95				
	312	1	0.0	0.0	0.0	0.0	3	1.017618339663548	17.64988499215096	230.0	33	1.05	0.95				
	313	2	135.72761780350876	27.657703250526318	0.0	0.0	3	1.0302412382242827	24.176884725765643	230.0	34	1.05	0.95				
	314	2	99.3628598259649	19.975007903157895	0.0	0.0	3	1.0090293998352642	15.189972559996335	230.0	36	1.05	0.95				
	315	2	162.36096167438598	32.77950014877193	0.0	0.0	3	1.0269662786448146	10.014236676027238	230.0	36	1.05	0.95				
	316	2	51.21796898245614	10.24359379649123	0.0	0.0	3	1.0278888191597801	11.106981845593268	230.0	36	1.05	0.95				
	317	1	0.0	0.0	0.0	0.0	3	1.0324063625508024	10.24777203261056	230.0	37	1.05	0.95				
	318	2	170.55583671157893	34.82821890807018	0.0	0.0	3	1.0311842807930358	9.228122372261337	230.0	37	1.05	0.95				
	319	1	92.70452385824561	18.95064852350877	0.0	0.0	3	1.0283946634287726	13.724881794924809	230.0	35	1.05	0.95				
	320	1	65.55900029754386	13.316671935438599	0.0	0.0	3	1.0305585656740894	15.545663468044353	230.0	35	1.05	0.95				
	321	2	0.0	0.0	0.0	0.0	3	1.0317403710480912	10.05330491487181	230.0	37	1.05	0.95				
	322	2	0.0	0.0	0.0	0.0	3	1.0454019395995282	14.474266748192234	230.0	37	1.05	0.95				
	323	2	0.0	0.0	0.0	0.0	3	1.0315408535769193	16.246223227739538	230.0	35	1.05	0.95				
	324	1	0.0	0.0	0.0	0.0	3	1.0194759362791563	11.223604680400411	230.0	36	1.05	0.95				
	325	1	0.0	0.0	0.0	0.0	3	1.0344500045331007	15.90227332741785	230.0	35	1.05	0.95				
];
