%% MATPOWER Case Format : Version 2
function mpc = RTS_GMLC
mpc.version = '2';

%%-----  Power Flow Data  -----%%
%% system MVA base
mpc.baseMVA = 100.0;
%% bus data
%    bus_i    type    Pd    Qd    Gs    Bs    area    Vm    Va    baseKV    zone    Vmax    Vmin
mpc.bus = [
	101	2	61.96239485052632	12.621969321403508	0.0	0.0	1	1.0317755686834937	2.2667933403107323	138.0	11	1.05	0.95				
	102	2	55.65141018982456	11.474517564912281	0.0	0.0	1	1.0318317505320702	2.2201622155420138	138.0	12	1.05	0.95				
	103	1	103.27065808421054	21.227857495087722	0.0	0.0	1	1.0250057144242795	0.6270893907183606	138.0	11	1.05	0.95				
	104	1	42.455714990175444	8.60588817368421	0.0	0.0	1	1.0185069282687296	-1.2443330887095483	138.0	11	1.05	0.95				
	105	1	40.73453735543859	8.032162295438598	0.0	0.0	1	1.0328993808817128	-1.134327733465038	138.0	11	1.05	0.95				
	106	1	78.02671944140351	16.064324590877195	0.0	-100.0	1	1.040773928074703	-3.5663668650166405	138.0	12	1.05	0.95				
	107	2	71.71573478070175	14.343146956140352	0.0	0.0	1	1.0409683158335292	-2.3233980918141643	138.0	12	1.05	0.95				
	108	1	98.10712518	20.08040573859649	0.0	0.0	1	1.025458391387843	-4.077610290999823	138.0	12	1.05	0.95				
	109	1	100.40202869298244	20.654131616842104	0.0	0.0	1	1.0259501439489502	-1.754644900194706	138.0	13	1.05	0.95				
	110	1	111.87654625789474	22.949035129824562	0.0	0.0	1	1.05	-2.7684800568442762	138.0	13	1.05	0.95				
	111	1	0.0	0.0	0.0	0.0	1	1.0072242643188045	0.01584978812019101	230.0	13	1.05	0.95				
	112	1	0.0	0.0	0.0	0.0	1	1.012410803912861	0.4707582874423353	230.0	13	1.05	0.95				
	113	3	152.0373577350877	30.98119742526316	0.0	0.0	1	1.0023110978293972	-3.293108968000304e-30	230.0	14	1.05	0.95				
	114	2	111.30282037964912	22.375309251578948	0.0	0.0	1	1.0050585847263893	2.4126576819245686	230.0	16	1.05	0.95				
	115	2	181.87110340385965	36.7184562077193	0.0	0.0	1	1.0421719987480744	9.772657924074329	230.0	16	1.05	0.95				
	116	2	57.37258782456141	11.474517564912281	0.0	0.0	1	1.0391221059313676	9.159611546599292	230.0	16	1.05	0.95				
	117	1	0.0	0.0	0.0	0.0	1	1.0441799730801822	11.922901875506133	230.0	17	1.05	0.95				
	118	2	191.05071745578948	39.01335972070176	0.0	0.0	1	1.0472671395403728	12.057456541893298	230.0	17	1.05	0.95				
	119	1	103.84438396245615	21.227857495087722	0.0	0.0	1	1.0331127656966133	7.66102416120523	230.0	15	1.05	0.95				
	120	1	73.4369124154386	14.916872834385966	0.0	0.0	1	1.0327341088318311	7.45167390497893	230.0	15	1.05	0.95				
	121	2	0.0	0.0	0.0	0.0	1	1.05	13.015953377119493	230.0	17	1.05	0.95				
	122	2	0.0	0.0	0.0	0.0	1	1.05	22.119367293331766	230.0	17	1.05	0.95				
	123	2	0.0	0.0	0.0	0.0	1	1.0337120323060245	7.769185529608846	230.0	15	1.05	0.95				
	124	1	0.0	0.0	0.0	0.0	1	1.0242362187902032	6.3726828220888	230.0	16	1.05	0.95				
	201	2	75.39430191157895	15.35809853754386	0.0	0.0	2	1.0361864671324477	-12.846302895646014	138.0	21	1.05	0.95				
	202	2	67.71525264280702	13.961907761403511	0.0	0.0	2	1.0363595659749916	-12.966612815897658	138.0	22	1.05	0.95				
	203	1	125.65716985263158	25.829529358596492	0.0	0.0	2	1.0233303613059384	-8.822716455580021	138.0	21	1.05	0.95				
	204	1	51.659058717192984	10.471430821052632	0.0	0.0	2	1.0175438124782825	-14.803886020078926	138.0	21	1.05	0.95				
	205	1	49.564772552982454	9.773335432982458	0.0	0.0	2	1.034088836351019	-15.291652743219464	138.0	21	1.05	0.95				
	206	1	94.94097277754386	19.546670865964916	0.0	-100.0	2	1.0389478627580713	-17.3257066356875	138.0	22	1.05	0.95				
	207	2	87.26192350877193	17.452384701754386	0.0	0.0	2	0.9704039089854675	-27.733055463771255	138.0	22	1.05	0.95				
	208	1	119.37431136000001	24.43333858245614	0.0	0.0	2	0.9731245035756004	-24.29409168025298	138.0	22	1.05	0.95				
	209	1	122.16669291228071	25.131433970526317	0.0	0.0	2	1.0239813813928065	-13.479824161323396	138.0	23	1.05	0.95				
	210	1	136.12860067368422	27.923815522807022	0.0	0.0	2	1.05	-15.577139861051107	138.0	23	1.05	0.95				
	211	1	0.0	0.0	0.0	0.0	2	1.0244732913457764	-9.353027310130855	230.0	23	1.05	0.95				
	212	1	0.0	0.0	0.0	0.0	2	1.0191019118995823	-8.37747836975125	230.0	23	1.05	0.95				
	213	2	184.99527783859648	37.697150955789475	0.0	0.0	2	1.0314666161680348	-7.069464878600847	230.0	24	1.05	0.95				
	214	2	135.43050528561403	27.225720134736843	0.0	0.0	2	1.0399733833522629	-6.310806079112298	230.0	26	1.05	0.95				
	215	2	221.29623801824562	44.67810483649123	0.0	0.0	2	1.0424572388506161	2.599058980789492	230.0	26	1.05	0.95				
	216	2	69.80953880701755	13.961907761403511	0.0	0.0	2	1.0462542571917566	2.292708258253477	230.0	26	1.05	0.95				
	217	1	0.0	0.0	0.0	0.0	2	1.0471248348398934	5.91694928699892	230.0	27	1.05	0.95				
	218	2	232.46576422736842	47.47048638877193	0.0	0.0	2	1.049501365026082	6.6028151733177385	230.0	27	1.05	0.95				
	219	1	126.35526524070175	25.829529358596492	0.0	0.0	2	1.0431004608864296	1.4441637925884454	230.0	25	1.05	0.95				
	220	1	89.35620967298246	18.150480089824566	0.0	0.0	2	1.0463215743991892	2.0142203853256957	230.0	25	1.05	0.95				
	221	2	0.0	0.0	0.0	0.0	2	1.05	6.831159686820442	230.0	27	1.05	0.95				
	222	2	0.0	0.0	0.0	0.0	2	1.05	12.984098311354844	230.0	27	1.05	0.95				
	223	2	0.0	0.0	0.0	0.0	2	1.05	2.8345082699366952	230.0	25	1.05	0.95				
	224	1	0.0	0.0	0.0	0.0	2	1.0210076898817855	-1.6454162572387392	230.0	26	1.05	0.95				
	301	2	51.88168299789474	10.56849098105263	0.0	0.0	3	1.0086713612813911	-16.96772690905203	138.0	31	1.05	0.95				
	302	2	46.59743750736842	9.60771907368421	0.0	0.0	3	1.008010306324296	-17.11899435034635	138.0	32	1.05	0.95				
	303	1	86.46947166315789	17.77428028631579	0.0	0.0	3	1.029307751703884	-9.90468912817379	138.0	31	1.05	0.95				
	304	1	35.54856057263158	7.205789305263158	0.0	0.0	3	1.009875869817651	-15.55852195582657	138.0	31	1.05	0.95				
	305	1	34.10740271157894	6.725403351578947	0.0	0.0	3	1.0230650583007266	-16.519062926823548	138.0	31	1.05	0.95				
	306	1	65.33248970105264	13.450806703157895	0.0	-100.0	3	1.038935902467089	-16.827102976950194	138.0	32	1.05	0.95				
	307	2	60.04824421052631	12.009648842105262	0.0	0.0	3	0.9927527726187725	-22.124062317777366	138.0	32	1.05	0.95				
	308	1	82.14599808	16.81350837894737	0.0	0.0	3	0.9973437912096184	-19.916044236294255	138.0	32	1.05	0.95				
	309	1	84.06754189473685	17.293894332631577	0.0	0.0	3	1.0270133527050702	-12.320734246019038	138.0	33	1.05	0.95				
	310	1	93.67526096842104	19.21543814736842	0.0	0.0	3	1.05	-14.525554736974769	138.0	33	1.05	0.95				
	311	1	0.0	0.0	0.0	0.0	3	1.0120223060735374	-8.232445324554599	230.0	33	1.05	0.95				
	312	1	0.0	0.0	0.0	0.0	3	1.0130948287008348	-7.895320192810135	230.0	33	1.05	0.95				
	313	2	127.30227772631576	25.94084149894737	0.0	0.0	3	1.0135402219514653	-4.891281189475288	230.0	34	1.05	0.95				
	314	2	93.19487501473684	18.73505219368421	0.0	0.0	3	1.0187405854767548	-5.913578825708706	230.0	36	1.05	0.95				
	315	2	152.2823473178947	30.744701035789472	0.0	0.0	3	1.044093466461677	-0.1888393931497111	230.0	36	1.05	0.95				
	316	2	48.03859536842105	9.60771907368421	0.0	0.0	3	1.0429378865652286	0.20661381260168116	230.0	36	1.05	0.95				
	317	1	0.0	0.0	0.0	0.0	3	1.0484591186541188	2.576317286095016	230.0	37	1.05	0.95				
	318	2	159.9685225768421	32.66624485052632	0.0	0.0	3	1.047821527433667	2.2421992337548047	230.0	37	1.05	0.95				
	319	1	86.94985761684211	17.77428028631579	0.0	0.0	3	1.036923451643801	-1.133572380548212	230.0	35	1.05	0.95				
	320	1	61.489402071578944	12.490034795789473	0.0	0.0	3	1.0353638695473057	-1.388246520355121	230.0	35	1.05	0.95				
	321	2	0.0	0.0	0.0	0.0	3	1.0495578100100635	2.9417079789938634	230.0	37	1.05	0.95				
	322	2	0.0	0.0	0.0	0.0	3	1.05	7.143045976855284	230.0	37	1.05	0.95				
	323	2	0.0	0.0	0.0	0.0	3	1.035238629072427	-1.165578093906014	230.0	35	1.05	0.95				
	324	1	0.0	0.0	0.0	0.0	3	1.0263653201538576	-3.8114210570380114	230.0	36	1.05	0.95				
	325	1	0.0	0.0	0.0	0.0	3	1.0324383012561442	0.022696837247581574	230.0	35	1.05	0.95				
];
