%% MATPOWER Case Format : Version 2
function mpc = RTS_GMLC
mpc.version = '2';

%%-----  Power Flow Data  -----%%
%% system MVA base
mpc.baseMVA = 100.0;
%% bus data
%    bus_i    type    Pd    Qd    Gs    Bs    area    Vm    Va    baseKV    zone    Vmax    Vmin
mpc.bus = [
	101	2	65.44928254736843	13.332261259649123	0.0	0.0	1	1.0439873037139362	2.671373930644725	138.0	11	1.05	0.95				
	102	2	58.783151917543854	12.12023750877193	0.0	0.0	1	1.04335419456368	2.4536813193738976	138.0	12	1.05	0.95				
	103	1	109.08213757894735	22.422439391228068	0.0	0.0	1	1.0274178566459826	0.06747643148331714	138.0	11	1.05	0.95				
	104	1	44.844878782456135	9.090178131578947	0.0	0.0	1	1.0247797888441497	-1.2141437592385087	138.0	11	1.05	0.95				
	105	1	43.02684315614035	8.484166256140352	0.0	0.0	1	1.0381531377003863	-1.3711974645186171	138.0	11	1.05	0.95				
	106	1	82.41761505964914	16.968332512280703	0.0	-100.0	1	1.042187739058244	-4.236454961704931	138.0	12	1.05	0.95				
	107	2	75.75148442982456	15.150296885964911	0.0	0.0	1	1.0193706493099364	-6.546138313179111	138.0	12	1.05	0.95				
	108	1	103.6280307	21.210415640350874	0.0	0.0	1	1.011363525125414	-6.9924008378353	138.0	12	1.05	0.95				
	109	1	106.05207820175437	21.81642751578947	0.0	0.0	1	1.025801325126163	-2.576248892433105	138.0	13	1.05	0.95				
	110	1	118.1723157105263	24.24047501754386	0.0	0.0	1	1.05	-3.6134891977389834	138.0	13	1.05	0.95				
	111	1	0.0	0.0	0.0	0.0	1	1.008664808158158	-0.6024755555878629	230.0	13	1.05	0.95				
	112	1	0.0	0.0	0.0	0.0	1	1.0129312235933017	-0.11657224817848448	230.0	13	1.05	0.95				
	113	3	160.59314699122805	32.72464127368421	0.0	0.0	1	1.0045520242643944	2.4074541702534945e-29	230.0	14	1.05	0.95				
	114	2	117.56630383508771	23.634463142105265	0.0	0.0	1	1.0077092429766288	1.4565971105335909	230.0	16	1.05	0.95				
	115	2	192.10576451403506	38.784760028070174	0.0	0.0	1	1.042153304128992	8.49408047445447	230.0	16	1.05	0.95				
	116	2	60.601187543859645	12.12023750877193	0.0	0.0	1	1.03920195949276	7.961799414152104	230.0	16	1.05	0.95				
	117	1	0.0	0.0	0.0	0.0	1	1.043616026952841	10.770346429209338	230.0	17	1.05	0.95				
	118	2	201.80195452105264	41.20880752982457	0.0	0.0	1	1.04686731473871	10.762540586817405	230.0	17	1.05	0.95				
	119	1	109.68814945438596	22.422439391228068	0.0	0.0	1	1.0324083436978957	6.493128220880991	230.0	15	1.05	0.95				
	120	1	77.56952005614035	15.75630876140351	0.0	0.0	1	1.031455263687186	6.256261114392951	230.0	15	1.05	0.95				
	121	2	0.0	0.0	0.0	0.0	1	1.05	12.0365624929651	230.0	17	1.05	0.95				
	122	2	0.0	0.0	0.0	0.0	1	1.05	22.236485186583582	230.0	17	1.05	0.95				
	123	2	0.0	0.0	0.0	0.0	1	1.0322705428079848	6.583627432171031	230.0	15	1.05	0.95				
	124	1	0.0	0.0	0.0	0.0	1	1.0259284967720308	5.355453237574937	230.0	16	1.05	0.95				
	201	2	67.31937666947368	13.71320635859649	0.0	0.0	2	1.032416889890283	-11.147553327676196	138.0	21	1.05	0.95				
	202	2	60.46277349017544	12.466551235087719	0.0	0.0	2	1.0326548652138312	-11.217351508511618	138.0	22	1.05	0.95				
	203	1	112.19896111578949	23.06311978491228	0.0	0.0	2	1.0205312797019133	-9.170993112641815	138.0	21	1.05	0.95				
	204	1	46.12623956982456	9.349913426315789	0.0	0.0	2	1.0174154879219899	-13.270471485380462	138.0	21	1.05	0.95				
	205	1	44.2562568845614	8.726585864561406	0.0	0.0	2	1.0331838415626535	-13.556182433965056	138.0	21	1.05	0.95				
	206	1	84.7725483985965	17.45317172912281	0.0	-100.0	2	1.0402223113693339	-15.49525460391391	138.0	22	1.05	0.95				
	207	2	77.91594521929824	15.58318904385965	0.0	0.0	2	0.9872278504239941	-24.88397664598278	138.0	22	1.05	0.95				
	208	1	106.58901306	21.816464661403508	0.0	0.0	2	0.9868589223691214	-21.86869944153669	138.0	22	1.05	0.95				
	209	1	109.08232330701755	22.439792223157895	0.0	0.0	2	1.0241173447122025	-12.418726581020069	138.0	23	1.05	0.95				
	210	1	121.54887454210525	24.933102470175438	0.0	0.0	2	1.05	-14.027716736566862	138.0	23	1.05	0.95				
	211	1	0.0	0.0	0.0	0.0	2	1.016048257572809	-9.100062215468192	230.0	23	1.05	0.95				
	212	1	0.0	0.0	0.0	0.0	2	1.0166683926510909	-7.154152036534732	230.0	23	1.05	0.95				
	213	2	165.18180386491227	33.65968833473684	0.0	0.0	2	1.016733841697728	-7.598933184483977	230.0	24	1.05	0.95				
	214	2	120.92554698035087	24.30977490842105	0.0	0.0	2	1.0244932964811742	-6.29465657893268	230.0	26	1.05	0.95				
	215	2	197.59483707614035	39.8929639522807	0.0	0.0	2	1.0367848038158267	1.7899804422785617	230.0	26	1.05	0.95				
	216	2	62.3327561754386	12.466551235087719	0.0	0.0	2	1.0392630304106754	1.4851246555723185	230.0	26	1.05	0.95				
	217	1	0.0	0.0	0.0	0.0	2	1.0419308377258998	4.477357032477022	230.0	27	1.05	0.95				
	218	2	207.56807806421054	42.38627419929825	0.0	0.0	2	1.0431868037512309	4.834077061475785	230.0	27	1.05	0.95				
	219	1	112.82228867754387	23.06311978491228	0.0	0.0	2	1.0381913101612887	0.7214880427630005	230.0	25	1.05	0.95				
	220	1	79.7859279045614	16.206516605614034	0.0	0.0	2	1.042374773814523	1.2391515127915316	230.0	25	1.05	0.95				
	221	2	0.0	0.0	0.0	0.0	2	1.042952386115696	4.5785064603572385	230.0	27	1.05	0.95				
	222	2	0.0	0.0	0.0	0.0	2	1.05	11.044118873576094	230.0	27	1.05	0.95				
	223	2	0.0	0.0	0.0	0.0	2	1.0462266775028481	1.9800381863448746	230.0	25	1.05	0.95				
	224	1	0.0	0.0	0.0	0.0	2	1.0170748746144274	-2.2933347814014056	230.0	26	1.05	0.95				
	301	2	60.04745333052631	12.231888641403508	0.0	0.0	3	1.0094820945089795	-17.00122758284017	138.0	31	1.05	0.95				
	302	2	53.93150900982455	11.11989876491228	0.0	0.0	3	1.008773210375536	-17.17502836473945	138.0	32	1.05	0.95				
	303	1	100.0790888842105	20.571812715087717	0.0	0.0	3	1.031330421341774	-8.916150253783934	138.0	31	1.05	0.95				
	304	1	41.14362543017543	8.339924073684209	0.0	0.0	3	1.0088538872343271	-15.358464707312491	138.0	31	1.05	0.95				
	305	1	39.47564061543859	7.783929135438596	0.0	0.0	3	1.0222735364833437	-16.387185298657133	138.0	31	1.05	0.95				
	306	1	75.6153116014035	15.567858270877192	0.0	-100.0	3	1.0368549752527076	-16.67078272982481	138.0	32	1.05	0.95				
	307	2	69.49936728070173	13.89987345614035	0.0	0.0	3	0.9941441197470854	-22.366737971178033	138.0	32	1.05	0.95				
	308	1	95.07513443999999	19.459822838596487	0.0	0.0	3	0.9967835606519652	-19.770350552874845	138.0	32	1.05	0.95				
	309	1	97.29911419298244	20.015817776842102	0.0	0.0	3	1.0278854216218316	-11.609329216029797	138.0	33	1.05	0.95				
	310	1	108.41901295789471	22.23979752982456	0.0	0.0	3	1.05	-13.987785487642894	138.0	33	1.05	0.95				
	311	1	0.0	0.0	0.0	0.0	3	1.0159377179799711	-6.91581612938801	230.0	33	1.05	0.95				
	312	1	0.0	0.0	0.0	0.0	3	1.0163042591359188	-6.3706135524995915	230.0	33	1.05	0.95				
	313	2	147.3386586350877	30.023726665263155	0.0	0.0	3	1.0244467696163833	-2.310644398443749	230.0	34	1.05	0.95				
	314	2	107.8630180196491	21.683802591578946	0.0	0.0	3	1.0236159566118983	-5.081112356175869	230.0	36	1.05	0.95				
	315	2	176.25039542385963	35.583676047719294	0.0	0.0	3	1.0431560828207558	-0.6929880917293358	230.0	36	1.05	0.95				
	316	2	55.5994938245614	11.11989876491228	0.0	0.0	3	1.0437685572002446	0.3577549339995297	230.0	36	1.05	0.95				
	317	1	0.0	0.0	0.0	0.0	3	1.05	3.152465596580195	230.0	37	1.05	0.95				
	318	2	185.14631443578946	37.80765580070175	0.0	0.0	3	1.0464304654164616	1.685709541919878	230.0	37	1.05	0.95				
	319	1	100.63508382245614	20.571812715087717	0.0	0.0	3	1.0398728709101823	0.00439690348873604	230.0	35	1.05	0.95				
	320	1	71.16735209543859	14.455868394385963	0.0	0.0	3	1.0389034729062752	-0.031245877060117378	230.0	35	1.05	0.95				
	321	2	0.0	0.0	0.0	0.0	3	1.0464461332775294	1.5450269907763086	230.0	37	1.05	0.95				
	322	2	0.0	0.0	0.0	0.0	3	1.05	6.518752714618887	230.0	37	1.05	0.95				
	323	2	0.0	0.0	0.0	0.0	3	1.0389027994142015	0.1415180921668162	230.0	35	1.05	0.95				
	324	1	0.0	0.0	0.0	0.0	3	1.0282469559926701	-3.756188679500187	230.0	36	1.05	0.95				
	325	1	0.0	0.0	0.0	0.0	3	1.0369138021282713	1.138425410873524	230.0	35	1.05	0.95				
];
