%% MATPOWER Case Format : Version 2
function mpc = RTS_GMLC
mpc.version = '2';

%%-----  Power Flow Data  -----%%
%% system MVA base
mpc.baseMVA = 100.0;
%% bus data
%    bus_i    type    Pd    Qd    Gs    Bs    area    Vm    Va    baseKV    zone    Vmax    Vmin
mpc.bus = [
	101	2	83.16427509473685	16.94087085263158	0.0	0.0	1	1.0301324593003094	-2.2403760743305465	138.0	11	1.05	0.95				
	102	2	74.69383966842105	15.400791684210526	0.0	0.0	1	1.03008418178133	-2.330534341110787	138.0	12	1.05	0.95				
	103	1	138.60712515789476	28.491464615789475	0.0	0.0	1	1.0161314118987739	-1.4439870456792736	138.0	11	1.05	0.95				
	104	1	56.98292923157895	11.550593763157895	0.0	0.0	1	1.0141404704784274	-5.100889879236044	138.0	11	1.05	0.95				
	105	1	54.67281047894736	10.78055417894737	0.0	0.0	1	1.0297218084190793	-5.259112446904065	138.0	11	1.05	0.95				
	106	1	104.72538345263158	21.56110835789474	0.0	-100.0	1	1.0349434438736098	-7.650163771220452	138.0	12	1.05	0.95				
	107	2	96.25494802631579	19.250989605263158	0.0	0.0	1	1.0499999979567012	-5.146716559777297	138.0	12	1.05	0.95				
	108	1	131.67676889999998	26.95138544736842	0.0	0.0	1	1.0248634487491728	-7.479821820444054	138.0	12	1.05	0.95				
	109	1	134.7569272368421	27.721425031578946	0.0	0.0	1	1.0259419728093506	-4.238647477186224	138.0	13	1.05	0.95				
	110	1	150.15771892105263	30.801583368421053	0.0	0.0	1	1.05	-5.877329109185328	138.0	13	1.05	0.95				
	111	1	0.0	0.0	0.0	0.0	1	1.0169421430898293	-0.9692426864542111	230.0	13	1.05	0.95				
	112	1	0.0	0.0	0.0	0.0	1	1.017088443698448	-0.510257718226548	230.0	13	1.05	0.95				
	113	3	204.06048981578948	41.582137547368426	0.0	0.0	1	1.0171791838455555	8.334903282619703e-29	230.0	14	1.05	0.95				
	114	2	149.3876793368421	30.03154378421053	0.0	0.0	1	1.0258708049638885	2.2627745063812443	230.0	16	1.05	0.95				
	115	2	244.10254819473684	49.282533389473684	0.0	0.0	1	1.042360902539672	12.253442487785003	230.0	16	1.05	0.95				
	116	2	77.00395842105263	15.400791684210526	0.0	0.0	1	1.042092449694239	11.543050546712042	230.0	16	1.05	0.95				
	117	1	0.0	0.0	0.0	0.0	1	1.0440910875360263	16.16697553525906	230.0	17	1.05	0.95				
	118	2	256.4231815421053	52.36269172631579	0.0	0.0	1	1.05	16.60637801726795	230.0	17	1.05	0.95				
	119	1	139.37716474210526	28.491464615789475	0.0	0.0	1	1.0380026461262424	9.174192759133508	230.0	15	1.05	0.95				
	120	1	98.56506677894737	20.021029189473687	0.0	0.0	1	1.0420955897588655	8.569641561650801	230.0	15	1.05	0.95				
	121	2	0.0	0.0	0.0	0.0	1	1.05	17.22184304205554	230.0	17	1.05	0.95				
	122	2	0.0	0.0	0.0	0.0	1	1.05	31.694434852176602	230.0	17	1.05	0.95				
	123	2	0.0	0.0	0.0	0.0	1	1.0463763243062745	8.802903163266679	230.0	15	1.05	0.95				
	124	1	0.0	0.0	0.0	0.0	1	1.0151259239814163	7.192339195722947	230.0	16	1.05	0.95				
	201	2	85.23721076210526	17.363135525614034	0.0	0.0	2	1.0425188099615474	-13.87965944513517	138.0	21	1.05	0.95				
	202	2	76.55564299929823	15.784668659649123	0.0	0.0	2	1.0434843442476214	-14.056186848982357	138.0	22	1.05	0.95				
	203	1	142.0620179368421	29.201637020350873	0.0	0.0	2	1.0255495144815867	-9.980263192926085	138.0	21	1.05	0.95				
	204	1	58.403274040701746	11.83850149473684	0.0	0.0	2	1.0196206685919242	-15.684298243887746	138.0	21	1.05	0.95				
	205	1	56.035573741754376	11.049268061754386	0.0	0.0	2	1.036159494000736	-16.14787656583477	138.0	21	1.05	0.95				
	206	1	107.33574688561403	22.098536123508772	0.0	-100.0	2	1.0381068946565915	-18.17665291440235	138.0	22	1.05	0.95				
	207	2	98.65417912280701	19.730835824561403	0.0	0.0	2	0.95	-29.965753556544744	138.0	22	1.05	0.95				
	208	1	134.95891704	27.623170154385964	0.0	0.0	2	0.9564572848723438	-26.021583071972664	138.0	22	1.05	0.95				
	209	1	138.11585077192981	28.412403587368416	0.0	0.0	2	1.0252147663184696	-13.839270434854832	138.0	23	1.05	0.95				
	210	1	153.90051943157894	31.569337319298246	0.0	0.0	2	1.05	-15.985885110608784	138.0	23	1.05	0.95				
	211	1	0.0	0.0	0.0	0.0	2	1.0322245047616652	-8.70325650132336	230.0	23	1.05	0.95				
	212	1	0.0	0.0	0.0	0.0	2	1.0234718532356555	-7.454400330612128	230.0	23	1.05	0.95				
	213	2	209.14685974035083	42.61860538105263	0.0	0.0	2	1.05	-5.111421350657388	230.0	24	1.05	0.95				
	214	2	153.11128599859646	30.78010388631579	0.0	0.0	2	1.05	-5.917950466324043	230.0	26	1.05	0.95				
	215	2	250.18699825543854	50.51093971087719	0.0	0.0	2	1.0441115509368206	2.9131006820118297	230.0	26	1.05	0.95				
	216	2	78.92334329824561	15.784668659649123	0.0	0.0	2	1.0486822501856878	2.910473586941034	230.0	26	1.05	0.95				
	217	1	0.0	0.0	0.0	0.0	2	1.049384493071767	6.506460148745937	230.0	27	1.05	0.95				
	218	2	262.8147331831579	53.667873442807014	0.0	0.0	2	1.05	7.09332286561703	230.0	27	1.05	0.95				
	219	1	142.85125136982455	29.201637020350873	0.0	0.0	2	1.0435320576912344	2.3549646670355444	230.0	25	1.05	0.95				
	220	1	101.02187942175438	20.520069257543856	0.0	0.0	2	1.046078837850545	3.346419654358885	230.0	25	1.05	0.95				
	221	2	0.0	0.0	0.0	0.0	2	1.05	7.430159989699646	230.0	27	1.05	0.95				
	222	2	0.0	0.0	0.0	0.0	2	1.05	13.579816064489883	230.0	27	1.05	0.95				
	223	2	0.0	0.0	0.0	0.0	2	1.05	4.462908958216466	230.0	25	1.05	0.95				
	224	1	0.0	0.0	0.0	0.0	2	1.0208503211128712	-1.8836139588756766	230.0	26	1.05	0.95				
	301	2	64.93324896000001	13.227143306666667	0.0	0.0	3	1.0100364485342797	-16.651777834072174	138.0	31	1.05	0.95				
	302	2	58.31967730666668	12.024675733333334	0.0	0.0	3	1.0090064261841558	-16.86094000437752	138.0	32	1.05	0.95				
	303	1	108.22208160000002	22.245650106666666	0.0	0.0	3	1.0373608358803414	-6.47117812573426	138.0	31	1.05	0.95				
	304	1	44.49130021333333	9.0185068	0.0	0.0	3	1.0089929822821733	-14.670331242821554	138.0	31	1.05	0.95				
	305	1	42.687598853333334	8.417273013333334	0.0	0.0	3	1.0220423074265919	-16.4028496937599	138.0	31	1.05	0.95				
	306	1	81.76779498666667	16.83454602666667	0.0	-100.0	3	1.035606150161799	-16.924636551190243	138.0	32	1.05	0.95				
	307	2	75.15422333333333	15.030844666666669	0.0	0.0	3	1.0052035882913257	-17.681433599314584	138.0	32	1.05	0.95				
	308	1	102.81097752000001	21.043182533333336	0.0	0.0	3	1.0033243007377441	-17.31391440729543	138.0	32	1.05	0.95				
	309	1	105.21591266666668	21.64441632	0.0	0.0	3	1.0303246440113283	-10.4473293064674	138.0	33	1.05	0.95				
	310	1	117.24058840000001	24.049351466666668	0.0	0.0	3	1.05	-14.223481005888587	138.0	33	1.05	0.95				
	311	1	0.0	0.0	0.0	0.0	3	1.0165970362874894	-7.7340967863263295	230.0	33	1.05	0.95				
	312	1	0.0	0.0	0.0	0.0	3	1.0177536003474192	-7.143954222540348	230.0	33	1.05	0.95				
	313	2	159.32695346666668	32.46662448000001	0.0	0.0	3	1.019388015535696	-4.584549003713818	230.0	34	1.05	0.95				
	314	2	116.63935461333335	23.448117680000003	0.0	0.0	3	1.023223830349253	-5.856317014385277	230.0	36	1.05	0.95				
	315	2	190.59111037333335	38.47896234666667	0.0	0.0	3	1.046077357595287	0.3530467891664538	230.0	36	1.05	0.95				
	316	2	60.123378666666675	12.024675733333334	0.0	0.0	3	1.0452870360070252	0.40822335573587604	230.0	36	1.05	0.95				
	317	1	0.0	0.0	0.0	0.0	3	1.0499999922473076	3.765165070143541	230.0	37	1.05	0.95				
	318	2	200.21085096000002	40.883897493333336	0.0	0.0	3	1.0487569302272828	3.2458373094137665	230.0	37	1.05	0.95				
	319	1	108.82331538666668	22.245650106666666	0.0	0.0	3	1.0401008643528056	-0.8594693703159846	230.0	35	1.05	0.95				
	320	1	76.95792469333334	15.632078453333333	0.0	0.0	3	1.0405812853364165	-0.829058022565332	230.0	35	1.05	0.95				
	321	2	0.0	0.0	0.0	0.0	3	1.05	3.9706780740341006	230.0	37	1.05	0.95				
	322	2	0.0	0.0	0.0	0.0	3	1.05	9.666876988007576	230.0	37	1.05	0.95				
	323	2	0.0	0.0	0.0	0.0	3	1.0421685515809413	-0.36656330684530464	230.0	35	1.05	0.95				
	324	1	0.0	0.0	0.0	0.0	3	1.033729245109559	-2.201567926217136	230.0	36	1.05	0.95				
	325	1	0.0	0.0	0.0	0.0	3	1.0368983310644173	1.0824226107415273	230.0	35	1.05	0.95				
];
