%% MATPOWER Case Format : Version 2
function mpc = RTS_GMLC
mpc.version = '2';

%%-----  Power Flow Data  -----%%
%% system MVA base
mpc.baseMVA = 100.0;
%% bus data
%    bus_i    type    Pd    Qd    Gs    Bs    area    Vm    Va    baseKV    zone    Vmax    Vmin
mpc.bus = [
	101	2	93.1439881136842	18.973775356491227	0.0	0.0	1	1.0484762800358909	-0.9289314742771587	138.0	11	1.05	0.95				
	102	2	83.65710043543858	17.2488866877193	0.0	0.0	1	1.0482474809614257	-1.0883028443625522	138.0	12	1.05	0.95				
	103	1	155.23998018947367	31.910440372280696	0.0	0.0	1	1.0243129123538364	-2.3115537524085243	138.0	11	1.05	0.95				
	104	1	63.82088074456139	12.936665015789472	0.0	0.0	1	1.0237150555943375	-4.678700200424579	138.0	11	1.05	0.95				
	105	1	61.23354774140349	12.074220681403508	0.0	0.0	1	1.0370031860282232	-5.156553799311732	138.0	11	1.05	0.95				
	106	1	117.29242947649121	24.148441362807016	0.0	-100.0	1	1.0357821817610866	-8.324577972706928	138.0	12	1.05	0.95				
	107	2	107.8055417982456	21.56110835964912	0.0	0.0	1	1.05	-6.17401333032681	138.0	12	1.05	0.95				
	108	1	147.47798117999997	30.185551703508768	0.0	0.0	1	1.022372690434624	-8.755918870684619	138.0	12	1.05	0.95				
	109	1	150.92775851754382	31.04799603789473	0.0	0.0	1	1.0274488730532447	-5.189125467146767	138.0	13	1.05	0.95				
	110	1	168.17664520526313	34.4977733754386	0.0	0.0	1	1.05	-6.804902063440698	138.0	13	1.05	0.95				
	111	1	0.0	0.0	0.0	0.0	1	1.016632551122353	-2.3196489655460644	230.0	13	1.05	0.95				
	112	1	0.0	0.0	0.0	0.0	1	1.0184436145580522	-1.4193024228169824	230.0	13	1.05	0.95				
	113	3	228.54774861228066	46.5719940568421	0.0	0.0	1	1.0201543262028883	-3.1295931503810443e-29	230.0	14	1.05	0.95				
	114	2	167.31420087087716	33.63532904105263	0.0	0.0	1	1.0199856962210379	-0.6534518629257354	230.0	16	1.05	0.95				
	115	2	273.39485400035085	55.19643740070175	0.0	0.0	1	1.043740899912053	7.703217551159487	230.0	16	1.05	0.95				
	116	2	86.24443343859647	17.2488866877193	0.0	0.0	1	1.042867424028306	6.960820484794633	230.0	16	1.05	0.95				
	117	1	0.0	0.0	0.0	0.0	1	1.0461804072962322	10.182727111546717	230.0	17	1.05	0.95				
	118	2	287.19396335052625	58.646214738245604	0.0	0.0	1	1.0483855045256802	10.787436253510458	230.0	17	1.05	0.95				
	119	1	156.10242452385964	31.910440372280696	0.0	0.0	1	1.0368880760723163	5.6211786712116965	230.0	15	1.05	0.95				
	120	1	110.3928748014035	22.423552694035084	0.0	0.0	1	1.0385761717845363	5.569911271180256	230.0	15	1.05	0.95				
	121	2	0.0	0.0	0.0	0.0	1	1.05	12.483624166378279	230.0	17	1.05	0.95				
	122	2	0.0	0.0	0.0	0.0	1	1.05	18.72962970061807	230.0	17	1.05	0.95				
	123	2	0.0	0.0	0.0	0.0	1	1.042054630330717	6.1773740531613575	230.0	15	1.05	0.95				
	124	1	0.0	0.0	0.0	0.0	1	1.02392400033335	3.9859215544742566	230.0	16	1.05	0.95				
	201	2	85.86620496000002	17.491263973333336	0.0	0.0	2	1.033819053682378	-12.230303472614628	138.0	21	1.05	0.95				
	202	2	77.12057297333334	15.90114906666667	0.0	0.0	2	1.0367270286987067	-12.340796477833962	138.0	22	1.05	0.95				
	203	1	143.11034160000003	29.417125773333336	0.0	0.0	2	1.0266332694162863	-9.248472193337962	138.0	21	1.05	0.95				
	204	1	58.83425154666667	11.925861800000002	0.0	0.0	2	1.0176801488398997	-13.646012652967453	138.0	21	1.05	0.95				
	205	1	56.44907918666667	11.130804346666668	0.0	0.0	2	1.03170636831115	-14.071095308658405	138.0	21	1.05	0.95				
	206	1	108.12781365333335	22.261608693333336	0.0	-100.0	2	1.0364113240761104	-15.84721302066933	138.0	22	1.05	0.95				
	207	2	99.38218166666668	19.876436333333338	0.0	0.0	2	0.95	-27.597221463434884	138.0	22	1.05	0.95				
	208	1	135.95482452000002	27.82701086666667	0.0	0.0	2	0.956689557310673	-23.629937973133217	138.0	22	1.05	0.95				
	209	1	139.13505433333336	28.622068320000004	0.0	0.0	2	1.027544097829418	-11.500318053379841	138.0	23	1.05	0.95				
	210	1	155.0362034	31.80229813333334	0.0	0.0	2	1.05	-13.425727156557747	138.0	23	1.05	0.95				
	211	1	0.0	0.0	0.0	0.0	2	1.0346278213051772	-7.574543990111399	230.0	23	1.05	0.95				
	212	1	0.0	0.0	0.0	0.0	2	1.0289712579130283	-2.5345615886568282	230.0	23	1.05	0.95				
	213	2	210.69022513333334	42.93310248000001	0.0	0.0	2	1.05	-4.803970572926157	230.0	24	1.05	0.95				
	214	2	154.24114594666668	31.007240680000002	0.0	0.0	2	1.05	-5.337910484575765	230.0	26	1.05	0.95				
	215	2	252.0332127066667	50.88367701333334	0.0	0.0	2	1.0467329564684722	2.7971981478236874	230.0	26	1.05	0.95				
	216	2	79.50574533333335	15.90114906666667	0.0	0.0	2	1.05	2.720100154246323	230.0	26	1.05	0.95				
	217	1	0.0	0.0	0.0	0.0	2	1.0497926292311517	5.45682601197749	230.0	27	1.05	0.95				
	218	2	264.75413196000005	54.063906826666674	0.0	0.0	2	1.0499999931074488	5.902644630528769	230.0	27	1.05	0.95				
	219	1	143.90539905333335	29.417125773333336	0.0	0.0	2	1.0439594731982278	2.9073050910221343	230.0	25	1.05	0.95				
	220	1	101.76735402666668	20.67149378666667	0.0	0.0	2	1.0459698787613145	4.556250122592718	230.0	25	1.05	0.95				
	221	2	0.0	0.0	0.0	0.0	2	1.05	6.119771735438799	230.0	27	1.05	0.95				
	222	2	0.0	0.0	0.0	0.0	2	1.05	12.371993718145825	230.0	27	1.05	0.95				
	223	2	0.0	0.0	0.0	0.0	2	1.05	6.0373049032095745	230.0	25	1.05	0.95				
	224	1	0.0	0.0	0.0	0.0	2	1.0240321510659283	-1.6765988313109415	230.0	26	1.05	0.95				
	301	2	83.04144256421053	16.915849411228066	0.0	0.0	3	0.9753052354688224	-1.7268962580963372	138.0	31	1.05	0.95				
	302	2	74.58351785859648	15.378044919298246	0.0	0.0	3	0.9778932653026695	-1.9716381581236695	138.0	32	1.05	0.95				
	303	1	138.4024042736842	28.449383100701752	0.0	0.0	3	0.9949524015377817	2.765657897238369	138.0	31	1.05	0.95				
	304	1	56.898766201403504	11.533533689473682	0.0	0.0	3	0.9707996567944558	0.43475445911931004	138.0	31	1.05	0.95				
	305	1	54.59205946350876	10.764631443508772	0.0	0.0	3	0.9819213200029765	0.303251878166458	138.0	31	1.05	0.95				
	306	1	104.57070545122806	21.529262887017545	0.0	-100.0	3	0.9930636829326236	0.5453961999681288	138.0	32	1.05	0.95				
	307	2	96.11278074561402	19.222556149122806	0.0	0.0	3	0.95	-5.628554376677662	138.0	32	1.05	0.95				
	308	1	131.48228405999998	26.911578608771926	0.0	0.0	3	0.9558507935069783	-1.7289286104914807	138.0	32	1.05	0.95				
	309	1	134.55789304385962	27.68048085473684	0.0	0.0	3	0.9950195890896627	5.750312199569333	138.0	33	1.05	0.95				
	310	1	149.93593796315787	30.75608983859649	0.0	0.0	3	1.0132796883653938	4.98523081093706	138.0	33	1.05	0.95				
	311	1	0.0	0.0	0.0	0.0	3	0.9896396322037958	13.618017894670878	230.0	33	1.05	0.95				
	312	1	0.0	0.0	0.0	0.0	3	0.9942301464769044	14.982271580452935	230.0	33	1.05	0.95				
	313	2	203.75909518070173	41.520721282105264	0.0	0.0	3	1.0232856431479405	23.392841709453354	230.0	34	1.05	0.95				
	314	2	149.16703571719296	29.987187592631575	0.0	0.0	3	1.0013986337859315	12.939785425879029	230.0	36	1.05	0.95				
	315	2	243.74201197087717	49.20974374175438	0.0	0.0	3	1.0474871701320339	9.833138642756145	230.0	36	1.05	0.95				
	316	2	76.89022459649122	15.378044919298246	0.0	0.0	3	1.0437991584253468	11.182258669002497	230.0	36	1.05	0.95				
	317	1	0.0	0.0	0.0	0.0	3	1.047999357830819	11.18185286616055	230.0	37	1.05	0.95				
	318	2	256.0444479063158	52.28535272561403	0.0	0.0	3	1.047133019552016	10.161250182533342	230.0	37	1.05	0.95				
	319	1	139.1713065196491	28.449383100701752	0.0	0.0	3	1.036411208624297	13.103023541748346	230.0	35	1.05	0.95				
	320	1	98.41948748350876	19.99145839508772	0.0	0.0	3	1.0340988737746128	14.786547456295345	230.0	35	1.05	0.95				
	321	2	0.0	0.0	0.0	0.0	3	1.05	11.472147276417303	230.0	37	1.05	0.95				
	322	2	0.0	0.0	0.0	0.0	3	1.05	15.703303868736214	230.0	37	1.05	0.95				
	323	2	0.0	0.0	0.0	0.0	3	1.0332073318571888	15.399072732057258	230.0	35	1.05	0.95				
	324	1	0.0	0.0	0.0	0.0	3	1.0209101596235848	9.173421467292696	230.0	36	1.05	0.95				
	325	1	0.0	0.0	0.0	0.0	3	1.035884000000809	15.15884626303619	230.0	35	1.05	0.95				
];
