%% MATPOWER Case Format : Version 2
function mpc = RTS_GMLC
mpc.version = '2';

%%-----  Power Flow Data  -----%%
%% system MVA base
mpc.baseMVA = 100.0;
%% bus data
%    bus_i    type    Pd    Qd    Gs    Bs    area    Vm    Va    baseKV    zone    Vmax    Vmin
mpc.bus = [
	101	2	68.26818406736844	13.906481939649124	0.0	0.0	1	1.048891463695435	1.640672189238163	138.0	11	1.05	0.95				
	102	2	61.31494309754386	12.642256308771932	0.0	0.0	1	1.0477087196745893	1.2442913387058305	138.0	12	1.05	0.95				
	103	1	113.78030677894738	23.388174171228073	0.0	0.0	1	1.0315144468587951	0.014874370771473274	138.0	11	1.05	0.95				
	104	1	46.776348342456146	9.481692231578947	0.0	0.0	1	1.0271675549547805	-2.386890721798029	138.0	11	1.05	0.95				
	105	1	44.88000989614036	8.849579416140351	0.0	0.0	1	1.0399092854315208	-2.7969434023762214	138.0	11	1.05	0.95				
	106	1	85.96734289964914	17.699158832280702	0.0	-100.0	1	1.0422106426215931	-5.951176144369106	138.0	12	1.05	0.95				
	107	2	79.01410192982456	15.802820385964914	0.0	0.0	1	0.999692238699011	-15.274058003747877	138.0	12	1.05	0.95				
	108	1	108.09129144	22.123948540350877	0.0	0.0	1	0.9951696574802602	-12.760645698809327	138.0	12	1.05	0.95				
	109	1	110.61974270175439	22.756061355789477	0.0	0.0	1	1.0256972877227475	-4.027528125543891	138.0	13	1.05	0.95				
	110	1	123.26199901052632	25.284512617543864	0.0	0.0	1	1.05	-5.388400558816212	138.0	13	1.05	0.95				
	111	1	0.0	0.0	0.0	0.0	1	1.0123467757145714	-1.3310442597871703	230.0	13	1.05	0.95				
	112	1	0.0	0.0	0.0	0.0	1	1.015760854678784	-1.1334146706045842	230.0	13	1.05	0.95				
	113	3	167.5098960912281	34.13409203368422	0.0	0.0	1	1.0123381637672764	-7.470294787816775e-28	230.0	14	1.05	0.95				
	114	2	122.62988619508772	24.652399802105265	0.0	0.0	1	1.0142652703525965	0.9384758307052228	230.0	16	1.05	0.95				
	115	2	200.3797624940351	40.45522018807018	0.0	0.0	1	1.044068340943202	8.787352115703667	230.0	16	1.05	0.95				
	116	2	63.211281543859656	12.642256308771932	0.0	0.0	1	1.041917738935784	7.913917162471359	230.0	16	1.05	0.95				
	117	1	0.0	0.0	0.0	0.0	1	1.0456176549759741	11.522626626166788	230.0	17	1.05	0.95				
	118	2	210.49356754105264	42.98367144982457	0.0	0.0	1	1.048215391934537	12.384268086713279	230.0	17	1.05	0.95				
	119	1	114.41241959438597	23.388174171228073	0.0	0.0	1	1.0349051653245727	5.889846126684276	230.0	15	1.05	0.95				
	120	1	80.91044037614036	16.43493320140351	0.0	0.0	1	1.0338241813508793	4.912007359697357	230.0	15	1.05	0.95				
	121	2	0.0	0.0	0.0	0.0	1	1.05	14.229795868552827	230.0	17	1.05	0.95				
	122	2	0.0	0.0	0.0	0.0	1	1.05	19.679339445066503	230.0	17	1.05	0.95				
	123	2	0.0	0.0	0.0	0.0	1	1.0346594181756248	4.848265515246455	230.0	15	1.05	0.95				
	124	1	0.0	0.0	0.0	0.0	1	1.0282606829601642	5.511192482472991	230.0	16	1.05	0.95				
	201	2	71.97733352842106	14.662049422456139	0.0	0.0	2	1.0282619018295072	-16.707142391970944	138.0	21	1.05	0.95				
	202	2	64.64630881719297	13.329135838596493	0.0	0.0	2	1.029178846798279	-16.586353443014918	138.0	22	1.05	0.95				
	203	1	119.96222254736841	24.658901301403507	0.0	0.0	2	1.0149493858970768	-14.10693601019416	138.0	21	1.05	0.95				
	204	1	49.317802602807014	9.996851878947368	0.0	0.0	2	1.0152178680357145	-17.55724303812791	138.0	21	1.05	0.95				
	205	1	47.318432227017546	9.330395087017544	0.0	0.0	2	1.030728883349198	-18.028978534508205	138.0	21	1.05	0.95				
	206	1	90.63812370245614	18.66079017403509	0.0	-100.0	2	1.0385066880691454	-19.366399365443865	138.0	22	1.05	0.95				
	207	2	83.30709899122807	16.661419798245614	0.0	0.0	2	0.9780154258924766	-28.971826884122223	138.0	22	1.05	0.95				
	208	1	113.96411142000001	23.325987717543857	0.0	0.0	2	0.9794064744926577	-25.71841150081351	138.0	22	1.05	0.95				
	209	1	116.62993858771928	23.992444509473682	0.0	0.0	2	1.024572618902895	-15.631470636474127	138.0	23	1.05	0.95				
	210	1	129.95907442631577	26.658271677192985	0.0	0.0	2	1.05	-17.24893891839703	138.0	23	1.05	0.95				
	211	1	0.0	0.0	0.0	0.0	2	1.0219497734341667	-11.528223357017087	230.0	23	1.05	0.95				
	212	1	0.0	0.0	0.0	0.0	2	1.0187675295373015	-8.38860536698645	230.0	23	1.05	0.95				
	213	2	176.6110498614035	35.98866676421053	0.0	0.0	2	1.0291519268486338	-8.986403861365883	230.0	24	1.05	0.95				
	214	2	129.29261763438595	25.99181488526316	0.0	0.0	2	1.0333128951832575	-8.93120521772064	230.0	26	1.05	0.95				
	215	2	211.26680304175437	42.65323468350877	0.0	0.0	2	1.0395574328212909	-0.9657756937100118	230.0	26	1.05	0.95				
	216	2	66.64567919298246	13.329135838596493	0.0	0.0	2	1.0413296969380725	-1.1409003008409542	230.0	26	1.05	0.95				
	217	1	0.0	0.0	0.0	0.0	2	1.0421354690298172	1.035532309210864	230.0	27	1.05	0.95				
	218	2	221.9301117126316	45.31906185122807	0.0	0.0	2	1.0416484790969711	0.6554540374220003	230.0	27	1.05	0.95				
	219	1	120.62867933929824	24.658901301403507	0.0	0.0	2	1.0401135547143106	-0.5463323394145804	230.0	25	1.05	0.95				
	220	1	85.30646936701754	17.32787659017544	0.0	0.0	2	1.0449583181906845	1.223147758133523	230.0	25	1.05	0.95				
	221	2	0.0	0.0	0.0	0.0	2	1.0427122075905497	0.9035601803472553	230.0	27	1.05	0.95				
	222	2	0.0	0.0	0.0	0.0	2	1.05	7.460694153371362	230.0	27	1.05	0.95				
	223	2	0.0	0.0	0.0	0.0	2	1.05	2.6742301633376546	230.0	25	1.05	0.95				
	224	1	0.0	0.0	0.0	0.0	2	1.0137713114629014	-5.827325367788544	230.0	26	1.05	0.95				
	301	2	55.469155338947374	11.299272383859648	0.0	0.0	3	0.9966199400473509	13.737495199063796	138.0	31	1.05	0.95				
	302	2	49.819519147017544	10.272065803508774	0.0	0.0	3	0.9963878938336899	13.732223203297378	138.0	32	1.05	0.95				
	303	1	92.44859223157896	19.003321736491227	0.0	0.0	3	1.0162024299537684	15.278204232717835	138.0	31	1.05	0.95				
	304	1	38.006643472982454	7.7040493526315785	0.0	0.0	3	1.0031511145352572	15.457245827235084	138.0	31	1.05	0.95				
	305	1	36.46583360245614	7.19044606245614	0.0	0.0	3	1.0154567393296214	15.63420786073007	138.0	31	1.05	0.95				
	306	1	69.85004746385965	14.38089212491228	0.0	-100.0	3	1.034715848618202	16.093643903378144	138.0	32	1.05	0.95				
	307	2	64.20041127192982	12.840082254385965	0.0	0.0	3	0.981599338623338	13.055007828592387	138.0	32	1.05	0.95				
	308	1	87.82616262	17.97611515614035	0.0	0.0	3	0.997565689037461	15.275435329613213	138.0	32	1.05	0.95				
	309	1	89.88057578070176	18.489718446315788	0.0	0.0	3	1.0259557602290301	18.962710713325635	138.0	33	1.05	0.95				
	310	1	100.15264158421053	20.544131607017547	0.0	0.0	3	1.05	19.163958240642746	138.0	33	1.05	0.95				
	311	1	0.0	0.0	0.0	0.0	3	1.0108713309270385	24.349589785696296	230.0	33	1.05	0.95				
	312	1	0.0	0.0	0.0	0.0	3	1.0182770993714259	25.45626098081813	230.0	33	1.05	0.95				
	313	2	136.10487189649123	27.734577669473687	0.0	0.0	3	1.0299299736131078	32.39569693582064	230.0	34	1.05	0.95				
	314	2	99.63903829403509	20.030528316842105	0.0	0.0	3	1.0091344935013928	22.53858171464727	230.0	36	1.05	0.95				
	315	2	162.81224298561403	32.87061057122807	0.0	0.0	3	1.0355891493905638	15.88605599234563	230.0	36	1.05	0.95				
	316	2	51.36032901754386	10.272065803508774	0.0	0.0	3	1.0367919490069797	17.176952439564655	230.0	36	1.05	0.95				
	317	1	0.0	0.0	0.0	0.0	3	1.04343395356076	15.790294786804226	230.0	37	1.05	0.95				
	318	2	171.02989562842106	34.92502373192983	0.0	0.0	3	1.0434786976494268	14.16895788990483	230.0	37	1.05	0.95				
	319	1	92.96219552175438	19.003321736491227	0.0	0.0	3	1.0359111639130625	20.057189207822912	230.0	35	1.05	0.95				
	320	1	65.74122114245614	13.353685544561403	0.0	0.0	3	1.0366095091278213	21.92092202948184	230.0	35	1.05	0.95				
	321	2	0.0	0.0	0.0	0.0	3	1.0419820184191646	15.320907064699387	230.0	37	1.05	0.95				
	322	2	0.0	0.0	0.0	0.0	3	1.05	19.830115660406946	230.0	37	1.05	0.95				
	323	2	0.0	0.0	0.0	0.0	3	1.0365702985209175	22.563798898034495	230.0	35	1.05	0.95				
	324	1	0.0	0.0	0.0	0.0	3	1.0265522700869056	17.709307340804607	230.0	36	1.05	0.95				
	325	1	0.0	0.0	0.0	0.0	3	1.0391587509042517	21.86046892123718	230.0	35	1.05	0.95				
];
