%% MATPOWER Case Format : Version 2
function mpc = RTS_GMLC
mpc.version = '2';

%%-----  Power Flow Data  -----%%
%% system MVA base
mpc.baseMVA = 100.0;
%% bus data
%    bus_i    type    Pd    Qd    Gs    Bs    area    Vm    Va    baseKV    zone    Vmax    Vmin
mpc.bus = [
	101	2	56.378030665263154	11.484413654035086	0.0	0.0	1	1.030758565408488	0.2903714217488458	138.0	11	1.05	0.95				
	102	2	50.63582383824561	10.440376049122808	0.0	0.0	1	1.0303639099844935	0.14739554068907898	138.0	12	1.05	0.95				
	103	1	93.96338444210525	19.31469569087719	0.0	0.0	1	1.0236351658268286	-1.4554198625124593	138.0	11	1.05	0.95				
	104	1	38.62939138175438	7.830282036842104	0.0	0.0	1	1.0187113430232768	-2.9067199747612267	138.0	11	1.05	0.95				
	105	1	37.06333497438596	7.308263234385964	0.0	0.0	1	1.0333250490612622	-2.7398337363585963	138.0	11	1.05	0.95				
	106	1	70.99455713403509	14.616526468771928	0.0	-100.0	1	1.0421918840356537	-4.952435635378955	138.0	12	1.05	0.95				
	107	2	65.25235030701754	13.050470061403507	0.0	0.0	1	1.0241511615589738	-6.570836935032794	138.0	12	1.05	0.95				
	108	1	89.26521521999999	18.270658085964907	0.0	0.0	1	1.0167215726556882	-7.001797937143452	138.0	12	1.05	0.95				
	109	1	91.35329042982455	18.79267688842105	0.0	0.0	1	1.025347648336424	-3.283363917466538	138.0	13	1.05	0.95				
	110	1	101.79366647894736	20.880752098245615	0.0	0.0	1	1.05	-4.156572285316546	138.0	13	1.05	0.95				
	111	1	0.0	0.0	0.0	0.0	1	1.0053195423790664	-1.1542840010157378	230.0	13	1.05	0.95				
	112	1	0.0	0.0	0.0	0.0	1	1.0113780513918922	-0.6049506444012716	230.0	13	1.05	0.95				
	113	3	138.33498265087718	28.189015332631577	0.0	0.0	1	1.0025290209278181	6.837882417629028e-28	230.0	14	1.05	0.95				
	114	2	101.27164767649121	20.35873329578947	0.0	0.0	1	1.000211524677813	0.5263699089958163	230.0	16	1.05	0.95				
	115	2	165.47996037859647	33.40920335719298	0.0	0.0	1	1.0347784057706326	6.380304498586685	230.0	16	1.05	0.95				
	116	2	52.20188024561403	10.440376049122808	0.0	0.0	1	1.0318203085432986	5.989923898228613	230.0	16	1.05	0.95				
	117	1	0.0	0.0	0.0	0.0	1	1.0383096766443067	7.93661552767539	230.0	17	1.05	0.95				
	118	2	173.8322612178947	35.497278567017545	0.0	0.0	1	1.0398396557318823	8.0078185183993	230.0	17	1.05	0.95				
	119	1	94.4854032445614	19.31469569087719	0.0	0.0	1	1.0271807966427544	4.934997492213249	230.0	15	1.05	0.95				
	120	1	66.81840671438596	13.572488863859647	0.0	0.0	1	1.0272427719304016	5.02841518006432	230.0	15	1.05	0.95				
	121	2	0.0	0.0	0.0	0.0	1	1.0432125006344162	9.27407221650301	230.0	17	1.05	0.95				
	122	2	0.0	0.0	0.0	0.0	1	1.05	15.25604622153598	230.0	17	1.05	0.95				
	123	2	0.0	0.0	0.0	0.0	1	1.0282911093760032	5.478504591696124	230.0	15	1.05	0.95				
	124	1	0.0	0.0	0.0	0.0	1	1.0206028418871829	3.4522747049967144	230.0	16	1.05	0.95				
	201	2	66.6223831326316	13.571226193684211	0.0	0.0	2	1.0320614888956028	-13.769683608169542	138.0	21	1.05	0.95				
	202	2	59.83677003578948	12.337478357894739	0.0	0.0	2	1.0322836573798075	-13.862887644809883	138.0	22	1.05	0.95				
	203	1	111.03730522105263	22.824334962105265	0.0	0.0	2	1.0204253571795496	-11.054990381345805	138.0	21	1.05	0.95				
	204	1	45.64866992421053	9.253108768421054	0.0	0.0	2	1.0169993083835147	-16.012017930704314	138.0	21	1.05	0.95				
	205	1	43.798048170526314	8.636234850526318	0.0	0.0	2	1.033002553640351	-16.35960274221642	138.0	21	1.05	0.95				
	206	1	83.89485283368423	17.272469701052636	0.0	-100.0	2	1.040223134352398	-18.397021763997138	138.0	22	1.05	0.95				
	207	2	77.10923973684211	15.421847947368422	0.0	0.0	2	0.9879981724851185	-27.68895623781978	138.0	22	1.05	0.95				
	208	1	105.48543996000002	21.590587126315793	0.0	0.0	2	0.9874703368317197	-24.706829455609004	138.0	22	1.05	0.95				
	209	1	107.95293563157895	22.20746104421053	0.0	0.0	2	1.0234750862259367	-15.26327758143691	138.0	23	1.05	0.95				
	210	1	120.29041398947369	24.674956715789477	0.0	0.0	2	1.05	-17.03463069389106	138.0	23	1.05	0.95				
	211	1	0.0	0.0	0.0	0.0	2	1.0170477585272322	-11.83514354535646	230.0	23	1.05	0.95				
	212	1	0.0	0.0	0.0	0.0	2	1.0156424724181754	-10.906219620859932	230.0	23	1.05	0.95				
	213	2	163.47158824210527	33.3111915663158	0.0	0.0	2	1.0186719986811565	-10.530665314061325	230.0	24	1.05	0.95				
	214	2	119.67354007157896	24.058082797894738	0.0	0.0	2	1.0268053799290018	-8.687518615658593	230.0	26	1.05	0.95				
	215	2	195.54903197263158	39.47993074526316	0.0	0.0	2	1.036002437472959	-0.17827015346155425	230.0	26	1.05	0.95				
	216	2	61.687391789473686	12.337478357894739	0.0	0.0	2	1.0396893594062906	-0.45592134369051396	230.0	26	1.05	0.95				
	217	1	0.0	0.0	0.0	0.0	2	1.0412714385776372	2.690594549535664	230.0	27	1.05	0.95				
	218	2	205.41901465894742	41.94742641684211	0.0	0.0	2	1.042670781079577	3.0126103406124414	230.0	27	1.05	0.95				
	219	1	111.65417913894737	22.824334962105265	0.0	0.0	2	1.0399305596540693	-1.1368045692453117	230.0	25	1.05	0.95				
	220	1	78.95986149052632	16.03872186526316	0.0	0.0	2	1.045151708516046	-0.5628441764412231	230.0	25	1.05	0.95				
	221	2	0.0	0.0	0.0	0.0	2	1.0424561143552942	2.710439366619914	230.0	27	1.05	0.95				
	222	2	0.0	0.0	0.0	0.0	2	1.05	9.207419014165506	230.0	27	1.05	0.95				
	223	2	0.0	0.0	0.0	0.0	2	1.0495516139410344	0.20076615112309182	230.0	25	1.05	0.95				
	224	1	0.0	0.0	0.0	0.0	2	1.0166615137118882	-4.232674087913114	230.0	26	1.05	0.95				
	301	2	45.73173046736842	9.315722872982455	0.0	0.0	3	1.013353065497083	-7.191556781448538	138.0	31	1.05	0.95				
	302	2	41.07386903087719	8.468838975438597	0.0	0.0	3	1.0126570316542587	-7.509919059146748	138.0	32	1.05	0.95				
	303	1	76.21955077894737	15.667352104561402	0.0	0.0	3	1.0490950608927636	4.682122522835286	138.0	31	1.05	0.95				
	304	1	31.334704209122805	6.351629231578946	0.0	0.0	3	1.0117988482905584	-6.668091222846176	138.0	31	1.05	0.95				
	305	1	30.064378362807016	5.928187282807018	0.0	0.0	3	1.0265324122197528	-8.02498738746072	138.0	31	1.05	0.95				
	306	1	57.58810503298246	11.856374565614036	0.0	-100.0	3	1.0416803580633223	-9.010902378026525	138.0	32	1.05	0.95				
	307	2	52.93024359649122	10.586048719298246	0.0	0.0	3	0.9891260693494973	-13.439027843391221	138.0	32	1.05	0.95				
	308	1	72.40857324	14.820468207017543	0.0	0.0	3	0.9968333089985772	-11.541339828659966	138.0	32	1.05	0.95				
	309	1	74.10234103508772	15.243910155789472	0.0	0.0	3	1.0237377954141802	-4.2303830592295375	138.0	33	1.05	0.95				
	310	1	82.57118001052632	16.937677950877195	0.0	0.0	3	1.05	-7.495826902416653	138.0	33	1.05	0.95				
	311	1	0.0	0.0	0.0	0.0	3	1.0078226389480553	-3.1321722459246417	230.0	33	1.05	0.95				
	312	1	0.0	0.0	0.0	0.0	3	1.0124542277607258	-2.611431342641309	230.0	33	1.05	0.95				
	313	2	112.21211642456139	22.86586523368421	0.0	0.0	3	1.0100619396781985	-0.320781372261885	230.0	34	1.05	0.95				
	314	2	82.14773806175438	16.51423600210526	0.0	0.0	3	1.0030780832354416	-2.755318072288633	230.0	36	1.05	0.95				
	315	2	134.23109776070174	27.100284721403504	0.0	0.0	3	1.04054990852816	0.7880788499181317	230.0	36	1.05	0.95				
	316	2	42.34419487719298	8.468838975438597	0.0	0.0	3	1.0332280556004598	0.27919062622150975	230.0	36	1.05	0.95				
	317	1	0.0	0.0	0.0	0.0	3	1.0406758588300051	1.5037513838327523	230.0	37	1.05	0.95				
	318	2	141.00616894105264	28.79405251649123	0.0	0.0	3	1.0420910594594028	1.4973346044524052	230.0	37	1.05	0.95				
	319	1	76.64299272771929	15.667352104561402	0.0	0.0	3	1.0253602854912423	-0.3294621897493856	230.0	35	1.05	0.95				
	320	1	54.20056944280701	11.009490668070175	0.0	0.0	3	1.0213588988163709	-0.03386807849698944	230.0	35	1.05	0.95				
	321	2	0.0	0.0	0.0	0.0	3	1.044582138633068	2.621238123132198	230.0	37	1.05	0.95				
	322	2	0.0	0.0	0.0	0.0	3	1.05	6.508965632681155	230.0	37	1.05	0.95				
	323	2	0.0	0.0	0.0	0.0	3	1.0197656122476983	0.46120775164180705	230.0	35	1.05	0.95				
	324	1	0.0	0.0	0.0	0.0	3	1.0409730223585825	2.2788993333474004	230.0	36	1.05	0.95				
	325	1	0.0	0.0	0.0	0.0	3	1.020125117864167	1.2198396407055774	230.0	35	1.05	0.95				
];
