%% MATPOWER Case Format : Version 2
function mpc = RTS_GMLC
mpc.version = '2';

%%-----  Power Flow Data  -----%%
%% system MVA base
mpc.baseMVA = 100.0;
%% bus data
%    bus_i    type    Pd    Qd    Gs    Bs    area    Vm    Va    baseKV    zone    Vmax    Vmin
mpc.bus = [
	101	2	60.2924295031579	12.28179119508772	0.0	0.0	1	1.032818531930287	-0.5685435893490598	138.0	11	1.05	0.95				
	102	2	54.15153390561404	11.165264722807018	0.0	0.0	1	1.032386896917046	-0.7110720047691991	138.0	12	1.05	0.95				
	103	1	100.48738250526317	20.65573973719298	0.0	0.0	1	1.0235574653990727	-2.097957885595036	138.0	11	1.05	0.95				
	104	1	41.31147947438596	8.373948542105262	0.0	0.0	1	1.0190711718186987	-3.587282116049706	138.0	11	1.05	0.95				
	105	1	39.63668976596491	7.815685305964913	0.0	0.0	1	1.034002168354041	-3.451677703717801	138.0	11	1.05	0.95				
	106	1	75.92380011508773	15.631370611929826	0.0	-100.0	1	1.0417605215033363	-5.61509488462575	138.0	12	1.05	0.95				
	107	2	69.78290451754387	13.956580903508772	0.0	0.0	1	1.0237580785843445	-5.6942662321289985	138.0	12	1.05	0.95				
	108	1	95.46301338	19.53921326491228	0.0	0.0	1	1.0156494764879163	-6.797339644650203	138.0	12	1.05	0.95				
	109	1	97.6960663245614	20.09747650105263	0.0	0.0	1	1.025448609132401	-3.678200090725301	138.0	13	1.05	0.95				
	110	1	108.86133104736841	22.330529445614037	0.0	0.0	1	1.05	-4.612341413084191	138.0	13	1.05	0.95				
	111	1	0.0	0.0	0.0	0.0	1	1.0067328031971563	-1.43123443813391	230.0	13	1.05	0.95				
	112	1	0.0	0.0	0.0	0.0	1	1.01138375442464	-0.7187078492785638	230.0	13	1.05	0.95				
	113	3	147.93975757719298	30.14621475157895	0.0	0.0	1	1.0036571891512316	8.041593113091862e-28	230.0	14	1.05	0.95				
	114	2	108.30306781122808	21.77226620947369	0.0	0.0	1	1.0036829085327246	0.14328764128448837	230.0	16	1.05	0.95				
	115	2	176.96944585649123	35.72884711298246	0.0	0.0	1	1.0366288066379645	6.049758659922564	230.0	16	1.05	0.95				
	116	2	55.82632361403509	11.165264722807018	0.0	0.0	1	1.0333752386993207	5.705703404939616	230.0	16	1.05	0.95				
	117	1	0.0	0.0	0.0	0.0	1	1.0396406731759165	7.575955154485726	230.0	17	1.05	0.95				
	118	2	185.90165763473686	37.961900057543865	0.0	0.0	1	1.0412554605958042	7.573604546378371	230.0	17	1.05	0.95				
	119	1	101.04564574140352	20.65573973719298	0.0	0.0	1	1.0280200775150024	4.87247545828394	230.0	15	1.05	0.95				
	120	1	71.45769422596491	14.514844139649124	0.0	0.0	1	1.0278166493138323	5.226441947960081	230.0	15	1.05	0.95				
	121	2	0.0	0.0	0.0	0.0	1	1.0448743398677989	8.851615373049208	230.0	17	1.05	0.95				
	122	2	0.0	0.0	0.0	0.0	1	1.05	15.15143336986688	230.0	17	1.05	0.95				
	123	2	0.0	0.0	0.0	0.0	1	1.028952539054692	5.84641873391745	230.0	15	1.05	0.95				
	124	1	0.0	0.0	0.0	0.0	1	1.0213837832871342	3.010606729308228	230.0	16	1.05	0.95				
	201	2	59.04045333473684	12.026759012631578	0.0	0.0	2	1.0330123651191212	-9.118215127188947	138.0	21	1.05	0.95				
	202	2	53.027073828421045	10.933417284210526	0.0	0.0	2	1.0332329818156383	-9.163520073094016	138.0	22	1.05	0.95				
	203	1	98.40075555789473	20.226821975789473	0.0	0.0	2	1.023053235764526	-7.822341881350372	138.0	21	1.05	0.95				
	204	1	40.45364395157895	8.200062963157894	0.0	0.0	2	1.0189803760092049	-11.443783343629095	138.0	21	1.05	0.95				
	205	1	38.81363135894736	7.653392098947368	0.0	0.0	2	1.0344529407741048	-11.657956010275202	138.0	21	1.05	0.95				
	206	1	74.34723753263157	15.306784197894736	0.0	-100.0	2	1.0424849209223341	-13.602139634451238	138.0	22	1.05	0.95				
	207	2	68.33385802631578	13.666771605263156	0.0	0.0	2	0.9887844654980861	-21.86823621301932	138.0	22	1.05	0.95				
	208	1	93.48071777999999	19.133480247368418	0.0	0.0	2	0.9913944656074142	-19.287717283381046	138.0	22	1.05	0.95				
	209	1	95.6674012368421	19.680151111578944	0.0	0.0	2	1.0238091637416242	-11.091044707735648	138.0	23	1.05	0.95				
	210	1	106.60081852105262	21.86683456842105	0.0	0.0	2	1.05	-12.50651810896106	138.0	23	1.05	0.95				
	211	1	0.0	0.0	0.0	0.0	2	1.0115892231987054	-8.048246397508532	230.0	23	1.05	0.95				
	212	1	0.0	0.0	0.0	0.0	2	1.012292267094981	-7.246057737507191	230.0	23	1.05	0.95				
	213	2	144.86777901578944	29.52022666736842	0.0	0.0	2	1.0091652279757346	-6.911573467887654	230.0	24	1.05	0.95				
	214	2	106.05414765684209	21.320163704210522	0.0	0.0	2	1.017165202672982	-5.244186463991065	230.0	26	1.05	0.95				
	215	2	173.2946639547368	34.98693530947368	0.0	0.0	2	1.0330898312025278	2.139543411504349	230.0	26	1.05	0.95				
	216	2	54.66708642105262	10.933417284210526	0.0	0.0	2	1.035077775963515	2.044261722096623	230.0	26	1.05	0.95				
	217	1	0.0	0.0	0.0	0.0	2	1.0391255459303692	4.88627582579487	230.0	27	1.05	0.95				
	218	2	182.04139778210524	37.17361876631578	0.0	0.0	2	1.0406882504698896	5.367152604074323	230.0	27	1.05	0.95				
	219	1	98.94742642210525	20.226821975789473	0.0	0.0	2	1.0341404745454983	1.3843232163734525	230.0	25	1.05	0.95				
	220	1	69.97387061894736	14.213442469473684	0.0	0.0	2	1.0375568146232783	1.857108347667718	230.0	25	1.05	0.95				
	221	2	0.0	0.0	0.0	0.0	2	1.0404180566058716	5.047648915226437	230.0	27	1.05	0.95				
	222	2	0.0	0.0	0.0	0.0	2	1.05	11.48693039219278	230.0	27	1.05	0.95				
	223	2	0.0	0.0	0.0	0.0	2	1.0406268010858355	2.522918743806398	230.0	25	1.05	0.95				
	224	1	0.0	0.0	0.0	0.0	2	1.0169762377181952	-1.592660906218096	230.0	26	1.05	0.95				
	301	2	50.63460930947369	10.314457451929824	0.0	0.0	3	1.0145684737212168	-9.936811882315181	138.0	31	1.05	0.95				
	302	2	45.47738058350877	9.376779501754386	0.0	0.0	3	1.0133617755817934	-10.245817868299978	138.0	32	1.05	0.95				
	303	1	84.39101551578946	17.34704207824561	0.0	0.0	3	1.0490346298359015	2.304656507017487	138.0	31	1.05	0.95				
	304	1	34.69408415649122	7.0325846263157885	0.0	0.0	3	1.011646150998647	-9.101298834383183	138.0	31	1.05	0.95				
	305	1	33.28756723122807	6.56374565122807	0.0	0.0	3	1.0265134898383994	-10.660957121117756	138.0	31	1.05	0.95				
	306	1	63.76210061192983	13.12749130245614	0.0	-100.0	3	1.0405648690210947	-11.621921979600547	138.0	32	1.05	0.95				
	307	2	58.604871885964904	11.72097437719298	0.0	0.0	3	0.9901844754135019	-16.55141222953848	138.0	32	1.05	0.95				
	308	1	80.17146474	16.409364128070173	0.0	0.0	3	0.9957403286488411	-14.40386466406699	138.0	32	1.05	0.95				
	309	1	82.04682064035087	16.878203103157894	0.0	0.0	3	1.0249112263215816	-6.23727390754827	138.0	33	1.05	0.95				
	310	1	91.42360014210526	18.753559003508773	0.0	0.0	3	1.05	-9.880196830836807	138.0	33	1.05	0.95				
	311	1	0.0	0.0	0.0	0.0	3	1.0100141668395768	-4.8824958179646725	230.0	33	1.05	0.95				
	312	1	0.0	0.0	0.0	0.0	3	1.0132385556687213	-4.434195691046123	230.0	33	1.05	0.95				
	313	2	124.2423283982456	25.317304654736844	0.0	0.0	3	1.0112895818425347	-2.08551856561621	230.0	34	1.05	0.95				
	314	2	90.95476116701754	18.284720028421052	0.0	0.0	3	1.0090737594176424	-4.057406291961037	230.0	36	1.05	0.95				
	315	2	148.621955102807	30.005694405614037	0.0	0.0	3	1.041633075313646	0.36680602199560985	230.0	36	1.05	0.95				
	316	2	46.88389750877192	9.376779501754386	0.0	0.0	3	1.0356786621171525	-0.0893086460402006	230.0	36	1.05	0.95				
	317	1	0.0	0.0	0.0	0.0	3	1.041670864766675	1.6001941821729841	230.0	37	1.05	0.95				
	318	2	156.12337870421052	31.881050305964916	0.0	0.0	3	1.042143096775645	1.6502306911823166	230.0	37	1.05	0.95				
	319	1	84.85985449087718	17.34704207824561	0.0	0.0	3	1.0279805717988477	-1.075259504559313	230.0	35	1.05	0.95				
	320	1	60.01138881122807	12.189813352280702	0.0	0.0	3	1.0247362176504535	-1.0280981693791125	230.0	35	1.05	0.95				
	321	2	0.0	0.0	0.0	0.0	3	1.0451925227980372	2.6562689190094213	230.0	37	1.05	0.95				
	322	2	0.0	0.0	0.0	0.0	3	1.05	6.570367083809562	230.0	37	1.05	0.95				
	323	2	0.0	0.0	0.0	0.0	3	1.0237111556477247	-0.6392383910878935	230.0	35	1.05	0.95				
	324	1	0.0	0.0	0.0	0.0	3	1.041122323206525	1.1100798662765632	230.0	36	1.05	0.95				
	325	1	0.0	0.0	0.0	0.0	3	1.0236108173183722	0.1730656567236487	230.0	35	1.05	0.95				
];
