%% MATPOWER Case Format : Version 2
function mpc = RTS_GMLC
mpc.version = '2';

%%-----  Power Flow Data  -----%%
%% system MVA base
mpc.baseMVA = 100.0;
%% bus data
%    bus_i    type    Pd    Qd    Gs    Bs    area    Vm    Va    baseKV    zone    Vmax    Vmin
mpc.bus = [
	101	2	67.70707571368422	13.792182089824562	0.0	0.0	1	1.029051328969911	1.221974005495123	138.0	11	1.05	0.95				
	102	2	60.81098466877193	12.538347354385968	0.0	0.0	1	1.0291076769768077	1.1604597429919254	138.0	12	1.05	0.95				
	103	1	112.84512618947369	23.195942605614036	0.0	0.0	1	1.0230320752682052	0.2799307771820565	138.0	11	1.05	0.95				
	104	1	46.39188521122807	9.403760515789473	0.0	0.0	1	1.016491168643723	-2.153689093226439	138.0	11	1.05	0.95				
	105	1	44.511133108070176	8.776843148070176	0.0	0.0	1	1.0308582550023537	-2.1213807682080668	138.0	11	1.05	0.95				
	106	1	85.26076200982457	17.553686296140352	0.0	-100.0	1	1.038641759031302	-4.564618487343963	138.0	12	1.05	0.95				
	107	2	78.36467096491229	15.672934192982456	0.0	0.0	1	1.05	-3.132139277143802	138.0	12	1.05	0.95				
	108	1	107.20286988000001	21.94210787017544	0.0	0.0	1	1.0292374351520661	-4.967456857948873	138.0	12	1.05	0.95				
	109	1	109.7105393508772	22.56902523789474	0.0	0.0	1	1.0262505826049533	-2.315615312743435	138.0	13	1.05	0.95				
	110	1	122.24888670526317	25.076694708771935	0.0	0.0	1	1.05	-3.51749945392087	138.0	13	1.05	0.95				
	111	1	0.0	0.0	0.0	0.0	1	1.0091412824702635	-0.15177351411527534	230.0	13	1.05	0.95				
	112	1	0.0	0.0	0.0	0.0	1	1.0140094663848553	0.27586940889395073	230.0	13	1.05	0.95				
	113	3	166.13310244561404	33.85353785684211	0.0	0.0	1	1.0064354280713559	-1.4256303362882402e-26	230.0	14	1.05	0.95				
	114	2	121.62196933754386	24.449777341052634	0.0	0.0	1	1.0083162313017313	2.572468264349767	230.0	16	1.05	0.95				
	115	2	198.73280556701755	40.12271153403509	0.0	0.0	1	1.043725927228591	10.786215664981455	230.0	16	1.05	0.95				
	116	2	62.691736771929826	12.538347354385968	0.0	0.0	1	1.0415626672668108	10.107708529749871	230.0	16	1.05	0.95				
	117	1	0.0	0.0	0.0	0.0	1	1.0460884999650426	13.542766734278075	230.0	17	1.05	0.95				
	118	2	208.76348345052637	42.63038100491229	0.0	0.0	1	1.0493827181446256	14.158402400245011	230.0	17	1.05	0.95				
	119	1	113.472043557193	23.195942605614036	0.0	0.0	1	1.0357128758452627	8.30849343725171	230.0	15	1.05	0.95				
	120	1	80.24542306807018	16.299851560701757	0.0	0.0	1	1.036241627164981	7.9318869763227875	230.0	15	1.05	0.95				
	121	2	0.0	0.0	0.0	0.0	1	1.05	14.587494860871587	230.0	17	1.05	0.95				
	122	2	0.0	0.0	0.0	0.0	1	1.05	22.84090584997585	230.0	17	1.05	0.95				
	123	2	0.0	0.0	0.0	0.0	1	1.0379354862417307	8.192990412858066	230.0	15	1.05	0.95				
	124	1	0.0	0.0	0.0	0.0	1	1.0228370125820425	6.889993976385212	230.0	16	1.05	0.95				
	201	2	85.49220838736842	17.415079486315786	0.0	0.0	2	1.0421419408575563	-16.35933217348076	138.0	21	1.05	0.95				
	202	2	76.78466864421051	15.831890442105262	0.0	0.0	2	1.044181983844156	-16.525759061496984	138.0	22	1.05	0.95				
	203	1	142.48701397894735	29.288997317894733	0.0	0.0	2	1.0220439381729565	-10.98257666631039	138.0	21	1.05	0.95				
	204	1	58.577994635789466	11.873917831578945	0.0	0.0	2	1.0190590276608316	-17.951084866950843	138.0	21	1.05	0.95				
	205	1	56.20321106947367	11.082323309473683	0.0	0.0	2	1.0359504306470624	-18.5714967516098	138.0	21	1.05	0.95				
	206	1	107.6568550063158	22.164646618947366	0.0	-100.0	2	1.038231858596044	-20.56702992030692	138.0	22	1.05	0.95				
	207	2	98.94931526315787	19.789863052631578	0.0	0.0	2	0.95	-32.08257464742644	138.0	22	1.05	0.95				
	208	1	135.36266327999996	27.705808273684205	0.0	0.0	2	0.9561615701462141	-28.1983709434967	138.0	22	1.05	0.95				
	209	1	138.52904136842105	28.497402795789466	0.0	0.0	2	1.0237496398219383	-15.923760377010936	138.0	23	1.05	0.95				
	210	1	154.36093181052627	31.663780884210524	0.0	0.0	2	1.05	-18.343230003037178	138.0	23	1.05	0.95				
	211	1	0.0	0.0	0.0	0.0	2	1.0320170527853638	-10.94321818586114	230.0	23	1.05	0.95				
	212	1	0.0	0.0	0.0	0.0	2	1.0237099659895805	-9.886123120197677	230.0	23	1.05	0.95				
	213	2	209.77254835789472	42.74610419368421	0.0	0.0	2	1.05	-7.667962965225845	230.0	24	1.05	0.95				
	214	2	153.56933728842102	30.872186362105257	0.0	0.0	2	1.05	-7.903590657842714	230.0	26	1.05	0.95				
	215	2	250.93546350736838	50.662049414736835	0.0	0.0	2	1.0420726674525858	1.620479675230997	230.0	26	1.05	0.95				
	216	2	79.15945221052631	15.831890442105262	0.0	0.0	2	1.047083270593422	1.3224569790521168	230.0	26	1.05	0.95				
	217	1	0.0	0.0	0.0	0.0	2	1.047887188338975	5.16989975979966	230.0	27	1.05	0.95				
	218	2	263.6009758610526	53.8284275031579	0.0	0.0	2	1.05	5.754831324014888	230.0	27	1.05	0.95				
	219	1	143.27860850105262	29.288997317894733	0.0	0.0	2	1.0426304239808137	0.3036363284005126	230.0	25	1.05	0.95				
	220	1	101.32409882947367	20.581457574736838	0.0	0.0	2	1.0458600072219437	0.8988012295376401	230.0	25	1.05	0.95				
	221	2	0.0	0.0	0.0	0.0	2	1.05	6.10527163196993	230.0	27	1.05	0.95				
	222	2	0.0	0.0	0.0	0.0	2	1.05	12.250052663889921	230.0	27	1.05	0.95				
	223	2	0.0	0.0	0.0	0.0	2	1.05	1.7996832204065807	230.0	25	1.05	0.95				
	224	1	0.0	0.0	0.0	0.0	2	1.0187040799336284	-3.0612595149341764	230.0	26	1.05	0.95				
	301	2	65.25782981052632	13.293261628070175	0.0	0.0	3	1.0142215614311134	-12.740207545248417	138.0	31	1.05	0.95				
	302	2	58.61119899649122	12.084783298245615	0.0	0.0	3	1.012663801837121	-13.137901309302185	138.0	32	1.05	0.95				
	303	1	108.76304968421053	22.356849101754385	0.0	0.0	3	1.05	3.4309395809093526	138.0	31	1.05	0.95				
	304	1	44.71369820350877	9.06358747368421	0.0	0.0	3	1.0074344207340942	-11.577297869868712	138.0	31	1.05	0.95				
	305	1	42.900980708771925	8.45934830877193	0.0	0.0	3	1.0244055916425683	-13.618846363690308	138.0	31	1.05	0.95				
	306	1	82.17652642807019	16.91869661754386	0.0	-100.0	3	1.0364121802712651	-14.789186635570847	138.0	32	1.05	0.95				
	307	2	75.5298956140351	15.105979122807017	0.0	0.0	3	0.9920474956252621	-20.12794794452264	138.0	32	1.05	0.95				
	308	1	103.3248972	21.148370771929823	0.0	0.0	3	0.9912889500275575	-17.808387466702424	138.0	32	1.05	0.95				
	309	1	105.74185385964911	21.752609936842106	0.0	0.0	3	1.0237523071924401	-7.8161349975536005	138.0	33	1.05	0.95				
	310	1	117.82663715789474	24.16956659649123	0.0	0.0	3	1.05	-12.561762423041449	138.0	33	1.05	0.95				
	311	1	0.0	0.0	0.0	0.0	3	1.0191286010615135	-6.381714414826137	230.0	33	1.05	0.95				
	312	1	0.0	0.0	0.0	0.0	3	1.0194446443905278	-5.80034511627616	230.0	33	1.05	0.95				
	313	2	160.12337870175438	32.62891490526316	0.0	0.0	3	1.023353997511085	-3.5485401606757137	230.0	34	1.05	0.95				
	314	2	117.22239799298244	23.565327431578947	0.0	0.0	3	1.027622341655609	-5.05768903873721	230.0	36	1.05	0.95				
	315	2	191.54381527719298	38.671306554385964	0.0	0.0	3	1.0472053694114292	0.8008249052422438	230.0	36	1.05	0.95				
	316	2	60.42391649122807	12.084783298245615	0.0	0.0	3	1.046006851287838	0.4804970649083915	230.0	36	1.05	0.95				
	317	1	0.0	0.0	0.0	0.0	3	1.0485029264688808	2.2193743973761126	230.0	37	1.05	0.95				
	318	2	201.21164191578947	41.088263214035095	0.0	0.0	3	1.0480570130833387	2.0440914270792656	230.0	37	1.05	0.95				
	319	1	109.36728884912282	22.356849101754385	0.0	0.0	3	1.0405435306424446	-0.792514727913479	230.0	35	1.05	0.95				
	320	1	77.34261310877193	15.710218287719298	0.0	0.0	3	1.040816224609205	-0.7624486566315777	230.0	35	1.05	0.95				
	321	2	0.0	0.0	0.0	0.0	3	1.05	3.2777826224063555	230.0	37	1.05	0.95				
	322	2	0.0	0.0	0.0	0.0	3	1.05	8.466999849890323	230.0	37	1.05	0.95				
	323	2	0.0	0.0	0.0	0.0	3	1.0423021725883506	-0.29804829112270803	230.0	35	1.05	0.95				
	324	1	0.0	0.0	0.0	0.0	3	1.0451375102178406	1.812668125860861	230.0	36	1.05	0.95				
	325	1	0.0	0.0	0.0	0.0	3	1.038543582186331	0.9356588211638412	230.0	35	1.05	0.95				
];
