%% MATPOWER Case Format : Version 2
function mpc = RTS_GMLC
mpc.version = '2';

%%-----  Power Flow Data  -----%%
%% system MVA base
mpc.baseMVA = 100.0;
%% bus data
%    bus_i    type    Pd    Qd    Gs    Bs    area    Vm    Va    baseKV    zone    Vmax    Vmin
mpc.bus = [
	101	2	65.44928254736843	13.332261259649123	0.0	0.0	1	1.0450315867160775	1.9528061607991964	138.0	11	1.05	0.95				
	102	2	58.783151917543854	12.12023750877193	0.0	0.0	1	1.0435879894113707	1.5050354705600273	138.0	12	1.05	0.95				
	103	1	109.08213757894735	22.422439391228068	0.0	0.0	1	1.0260528375343494	1.661698599979006	138.0	11	1.05	0.95				
	104	1	44.844878782456135	9.090178131578947	0.0	0.0	1	1.0245875413989063	-1.8714733775478012	138.0	11	1.05	0.95				
	105	1	43.02684315614035	8.484166256140352	0.0	0.0	1	1.038471410851302	-2.296728946261714	138.0	11	1.05	0.95				
	106	1	82.41761505964914	16.968332512280703	0.0	-100.0	1	1.0421541803632028	-5.333205264134366	138.0	12	1.05	0.95				
	107	2	75.75148442982456	15.150296885964911	0.0	0.0	1	0.9969777240840385	-13.402246240881079	138.0	12	1.05	0.95				
	108	1	103.6280307	21.210415640350874	0.0	0.0	1	0.9948785108868391	-11.303743821412755	138.0	12	1.05	0.95				
	109	1	106.05207820175437	21.81642751578947	0.0	0.0	1	1.0239367205778505	-3.220976722789875	138.0	13	1.05	0.95				
	110	1	118.1723157105263	24.24047501754386	0.0	0.0	1	1.05	-4.756701462382547	138.0	13	1.05	0.95				
	111	1	0.0	0.0	0.0	0.0	1	1.0140066636479195	-0.4415916274861966	230.0	13	1.05	0.95				
	112	1	0.0	0.0	0.0	0.0	1	1.0142380379469658	-1.2325885517041593	230.0	13	1.05	0.95				
	113	3	160.59314699122805	32.72464127368421	0.0	0.0	1	1.008824115210263	-1.4156921935285136e-30	230.0	14	1.05	0.95				
	114	2	117.56630383508771	23.634463142105265	0.0	0.0	1	1.0239340659731946	2.7328207309613317	230.0	16	1.05	0.95				
	115	2	192.10576451403506	38.784760028070174	0.0	0.0	1	1.036757649514955	13.06692336749598	230.0	16	1.05	0.95				
	116	2	60.601187543859645	12.12023750877193	0.0	0.0	1	1.0332539652018378	11.001194320846722	230.0	16	1.05	0.95				
	117	1	0.0	0.0	0.0	0.0	1	1.039646587669686	17.19938936613433	230.0	17	1.05	0.95				
	118	2	201.80195452105264	41.20880752982457	0.0	0.0	1	1.05	18.316852557216293	230.0	17	1.05	0.95				
	119	1	109.68814945438596	22.422439391228068	0.0	0.0	1	1.0243519030418338	6.691652521538886	230.0	15	1.05	0.95				
	120	1	77.56952005614035	15.75630876140351	0.0	0.0	1	1.0250642323724632	3.845323647216842	230.0	15	1.05	0.95				
	121	2	0.0	0.0	0.0	0.0	1	1.05	20.56251847744668	230.0	17	1.05	0.95				
	122	2	0.0	0.0	0.0	0.0	1	1.05	33.72676226696822	230.0	17	1.05	0.95				
	123	2	0.0	0.0	0.0	0.0	1	1.027400482740725	2.7446165048259274	230.0	15	1.05	0.95				
	124	1	0.0	0.0	0.0	0.0	1	1.018548453894771	8.79454117796869	230.0	16	1.05	0.95				
	201	2	60.07744371789474	12.237997794385965	0.0	0.0	2	1.0115188586239712	-15.615792087804772	138.0	21	1.05	0.95				
	202	2	53.95844482070176	11.125452540350878	0.0	0.0	2	1.0107372539328556	-15.880373317152896	138.0	22	1.05	0.95				
	203	1	100.12907286315792	20.582087199649123	0.0	0.0	2	1.0131620253774023	-11.569829424392386	138.0	21	1.05	0.95				
	204	1	41.16417439929825	8.344089405263158	0.0	0.0	2	1.008857129036662	-14.715524168852728	138.0	21	1.05	0.95				
	205	1	39.495356518245615	7.787816778245615	0.0	0.0	2	1.0234117001720502	-15.210167686409504	138.0	21	1.05	0.95				
	206	1	75.65307727438596	15.57563355649123	0.0	-100.0	2	1.037356777260822	-15.625512849954585	138.0	22	1.05	0.95				
	207	2	69.53407837719298	13.906815675438597	0.0	0.0	2	0.9937303067243471	-22.52519148989958	138.0	22	1.05	0.95				
	208	1	95.12261922	19.469541945614036	0.0	0.0	2	0.994185854488906	-19.886087665927576	138.0	22	1.05	0.95				
	209	1	97.34770972807017	20.025814572631578	0.0	0.0	2	1.025485124384772	-11.480437498115592	138.0	23	1.05	0.95				
	210	1	108.47316226842105	22.250905080701756	0.0	0.0	2	1.05	-13.01860630316331	138.0	23	1.05	0.95				
	211	1	0.0	0.0	0.0	0.0	2	1.0152568849293173	-7.800295501275181	230.0	23	1.05	0.95				
	212	1	0.0	0.0	0.0	0.0	2	1.0184239846710281	-3.327648545003436	230.0	23	1.05	0.95				
	213	2	147.41224615964913	30.03872185894737	0.0	0.0	2	1.0206084799954955	-4.7727419299082925	230.0	24	1.05	0.95				
	214	2	107.91688964140351	21.69463245368421	0.0	0.0	2	1.0195036622400317	-5.991565592097383	230.0	26	1.05	0.95				
	215	2	176.3384227645614	35.60144812912281	0.0	0.0	2	1.0329663906961364	-0.15409220013487285	230.0	26	1.05	0.95				
	216	2	55.62726270175439	11.125452540350878	0.0	0.0	2	1.0347592183294794	-0.024075630335663303	230.0	26	1.05	0.95				
	217	1	0.0	0.0	0.0	0.0	2	1.036089030963654	0.9411966297071207	230.0	27	1.05	0.95				
	218	2	185.2387847968421	37.82653863719298	0.0	0.0	2	1.034458070076311	0.27050394537174755	230.0	27	1.05	0.95				
	219	1	100.68534549017545	20.582087199649123	0.0	0.0	2	1.0371091241170034	1.1659868632176837	230.0	25	1.05	0.95				
	220	1	71.20289625824562	14.463088302456143	0.0	0.0	2	1.0440991715785315	3.2454579458483295	230.0	25	1.05	0.95				
	221	2	0.0	0.0	0.0	0.0	2	1.0364453894914634	0.9327092391520408	230.0	27	1.05	0.95				
	222	2	0.0	0.0	0.0	0.0	2	1.05	7.43503285400127	230.0	27	1.05	0.95				
	223	2	0.0	0.0	0.0	0.0	2	1.05	4.783089373467078	230.0	25	1.05	0.95				
	224	1	0.0	0.0	0.0	0.0	2	1.011402368523047	-4.392793402008836	230.0	26	1.05	0.95				
	301	2	56.16956660210527	11.441948752280702	0.0	0.0	3	0.9999437937652961	21.286336077203096	138.0	31	1.05	0.95				
	302	2	50.44859222596491	10.401771592982456	0.0	0.0	3	0.9996025556415246	21.190265173608992	138.0	32	1.05	0.95				
	303	1	93.6159443368421	19.243277447017544	0.0	0.0	3	1.0277151202361574	26.237011951918767	138.0	31	1.05	0.95				
	304	1	38.48655489403509	7.801328694736842	0.0	0.0	3	1.0059143559664863	22.93283296349327	138.0	31	1.05	0.95				
	305	1	36.926289155087716	7.28124011508772	0.0	0.0	3	1.0176716863736976	22.357890811636654	138.0	31	1.05	0.95				
	306	1	70.7320468322807	14.56248023017544	0.0	-100.0	3	1.0355791703999189	22.3582222312897	138.0	32	1.05	0.95				
	307	2	65.01107245614035	13.00221449122807	0.0	0.0	3	0.9892035052046568	18.317165903596383	138.0	32	1.05	0.95				
	308	1	88.93514712	18.203100287719298	0.0	0.0	3	0.9991298611426394	20.637950075374402	138.0	32	1.05	0.95				
	309	1	91.01550143859649	18.72318886736842	0.0	0.0	3	1.0285666022353255	26.468429261196444	138.0	33	1.05	0.95				
	310	1	101.41727303157894	20.803543185964912	0.0	0.0	3	1.05	25.09620523009223	138.0	33	1.05	0.95				
	311	1	0.0	0.0	0.0	0.0	3	1.010677898098313	30.528943230866563	230.0	33	1.05	0.95				
	312	1	0.0	0.0	0.0	0.0	3	1.0171563392553233	30.858752299319193	230.0	33	1.05	0.95				
	313	2	137.82347360701755	28.084783301052635	0.0	0.0	3	1.0208967871980297	36.09131760016191	230.0	34	1.05	0.95				
	314	2	100.89718445192982	20.28345460631579	0.0	0.0	3	1.0081947566306049	30.4528515436286	230.0	36	1.05	0.95				
	315	2	164.86807974877195	33.28566909754386	0.0	0.0	3	1.0363842831680947	27.87624261480186	230.0	36	1.05	0.95				
	316	2	52.00885796491228	10.401771592982456	0.0	0.0	3	1.0337468845553588	28.790120686263176	230.0	36	1.05	0.95				
	317	1	0.0	0.0	0.0	0.0	3	1.05	30.900711305544696	230.0	37	1.05	0.95				
	318	2	173.18949702315788	35.36602341614035	0.0	0.0	3	1.0484032784735746	27.418350362213094	230.0	37	1.05	0.95				
	319	1	94.13603291649123	19.243277447017544	0.0	0.0	3	1.0316187382986706	29.353317387426667	230.0	35	1.05	0.95				
	320	1	66.57133819508772	13.522303070877193	0.0	0.0	3	1.0306255677620868	29.54036850956891	230.0	35	1.05	0.95				
	321	2	0.0	0.0	0.0	0.0	3	1.0456651725032078	28.237968236780453	230.0	37	1.05	0.95				
	322	2	0.0	0.0	0.0	0.0	3	1.05	33.62576056916301	230.0	37	1.05	0.95				
	323	2	0.0	0.0	0.0	0.0	3	1.0298352696841482	29.54293486110501	230.0	35	1.05	0.95				
	324	1	0.0	0.0	0.0	0.0	3	1.0304592092738711	28.928716264100654	230.0	36	1.05	0.95				
	325	1	0.0	0.0	0.0	0.0	3	1.0329572290899844	28.78348829777307	230.0	35	1.05	0.95				
];
