%% MATPOWER Case Format : Version 2
function mpc = RTS_GMLC
mpc.version = '2';

%%-----  Power Flow Data  -----%%
%% system MVA base
mpc.baseMVA = 100.0;
%% bus data
%    bus_i    type    Pd    Qd    Gs    Bs    area    Vm    Va    baseKV    zone    Vmax    Vmin
mpc.bus = [
	101	2	62.14943099368422	12.660069276491228	0.0	0.0	1	1.016126907122258	-0.5942616521799244	138.0	11	1.05	0.95				
	102	2	55.8193963554386	11.509153887719298	0.0	0.0	1	1.0151264115385268	-0.9389742784892104	138.0	12	1.05	0.95				
	103	1	103.5823849894737	21.291934692280705	0.0	0.0	1	1.019816066202482	1.0697450738161578	138.0	11	1.05	0.95				
	104	1	42.58386938456141	8.631865415789473	0.0	0.0	1	1.010808344953435	-3.562603020777426	138.0	11	1.05	0.95				
	105	1	40.85749630140351	8.056407721403511	0.0	0.0	1	1.0250991417436381	-3.681845203703617	138.0	11	1.05	0.95				
	106	1	78.26224643649124	16.112815442807022	0.0	-100.0	1	1.0369745879734573	-5.9998113581068	138.0	12	1.05	0.95				
	107	2	71.93221179824562	14.386442359649124	0.0	0.0	1	0.9931398612846423	-13.236634365308202	138.0	12	1.05	0.95				
	108	1	98.40326574	20.141019303508774	0.0	0.0	1	0.9940439612321182	-11.166100259945193	138.0	12	1.05	0.95				
	109	1	100.70509651754386	20.716476997894738	0.0	0.0	1	1.0251579450489823	-3.3220780581310008	138.0	13	1.05	0.95				
	110	1	112.21425040526316	23.018307775438597	0.0	0.0	1	1.05	-4.931684075575846	138.0	13	1.05	0.95				
	111	1	0.0	0.0	0.0	0.0	1	1.0235747838347116	-0.03396784629043909	230.0	13	1.05	0.95				
	112	1	0.0	0.0	0.0	0.0	1	1.0178339552577373	-0.42111152268639657	230.0	13	1.05	0.95				
	113	3	152.4962890122807	31.07471549684211	0.0	0.0	1	1.012518005347267	2.1436295818488384e-28	230.0	14	1.05	0.95				
	114	2	111.6387927108772	22.442850081052633	0.0	0.0	1	1.05	3.886901530200028	230.0	16	1.05	0.95				
	115	2	182.4200891203509	36.82929244070176	0.0	0.0	1	1.0424838823462759	14.594661042538755	230.0	16	1.05	0.95				
	116	2	57.545769438596494	11.509153887719298	0.0	0.0	1	1.0446091485421314	13.097737476041301	230.0	16	1.05	0.95				
	117	1	0.0	0.0	0.0	0.0	1	1.0419750687491403	18.41866194615064	230.0	17	1.05	0.95				
	118	2	191.62741223052632	39.13112321824562	0.0	0.0	1	1.0490107524176147	18.685779990345953	230.0	17	1.05	0.95				
	119	1	104.15784268385966	21.291934692280705	0.0	0.0	1	1.0418226076000139	9.65713544355773	230.0	15	1.05	0.95				
	120	1	73.65858488140351	14.961900054035091	0.0	0.0	1	1.046251700059819	7.755655766396988	230.0	15	1.05	0.95				
	121	2	0.0	0.0	0.0	0.0	1	1.0438881565915459	20.33880516477806	230.0	17	1.05	0.95				
	122	2	0.0	0.0	0.0	0.0	1	1.05	38.2947083243534	230.0	17	1.05	0.95				
	123	2	0.0	0.0	0.0	0.0	1	1.05	7.136960454390988	230.0	15	1.05	0.95				
	124	1	0.0	0.0	0.0	0.0	1	1.0168195062097942	9.581199683069025	230.0	16	1.05	0.95				
	201	2	63.13741541052632	12.861325361403509	0.0	0.0	2	1.0292469337990586	-13.131267265336978	138.0	21	1.05	0.95				
	202	2	56.70675272982456	11.692113964912282	0.0	0.0	2	1.0297121889533172	-13.119170410206593	138.0	22	1.05	0.95				
	203	1	105.22902568421053	21.63041083508772	0.0	0.0	2	1.0161724805122665	-11.899711991175135	138.0	21	1.05	0.95				
	204	1	43.26082167017544	8.76908547368421	0.0	0.0	2	1.0166499837585807	-15.014318285246082	138.0	21	1.05	0.95				
	205	1	41.50700457543859	8.184479775438597	0.0	0.0	2	1.0321972107887225	-15.258166623661232	138.0	21	1.05	0.95				
	206	1	79.50637496140351	16.368959550877193	0.0	-100.0	2	1.0407423672772562	-16.992079154937326	138.0	22	1.05	0.95				
	207	2	73.07571228070175	14.615142456140351	0.0	0.0	2	0.9884939955536689	-25.72636060061838	138.0	22	1.05	0.95				
	208	1	99.9675744	20.461199438596488	0.0	0.0	2	0.9894115785407794	-22.93022780010044	138.0	22	1.05	0.95				
	209	1	102.30599719298246	21.045805136842105	0.0	0.0	2	1.0237113333846202	-14.180925885792641	138.0	23	1.05	0.95				
	210	1	113.99811115789473	23.384227929824565	0.0	0.0	2	1.05	-15.55604451463344	138.0	23	1.05	0.95				
	211	1	0.0	0.0	0.0	0.0	2	1.015707849771539	-10.442993456533625	230.0	23	1.05	0.95				
	212	1	0.0	0.0	0.0	0.0	2	1.013382423146062	-9.30321722665318	230.0	23	1.05	0.95				
	213	2	154.92051003508772	31.56870770526316	0.0	0.0	2	1.0158042158662788	-8.807018238993296	230.0	24	1.05	0.95				
	214	2	113.41350545964912	22.799622231578947	0.0	0.0	2	1.0256295464283949	-7.461103587808069	230.0	26	1.05	0.95				
	215	2	185.32000634385966	37.4147646877193	0.0	0.0	2	1.0400470039886158	0.314781516405445	230.0	26	1.05	0.95				
	216	2	58.460569824561404	11.692113964912282	0.0	0.0	2	1.0424936493939818	0.2942599660952299	230.0	26	1.05	0.95				
	217	1	0.0	0.0	0.0	0.0	2	1.0466058507582394	3.263192960866331	230.0	27	1.05	0.95				
	218	2	194.67369751578946	39.753187480701754	0.0	0.0	2	1.0469761835429254	3.2918405732220313	230.0	27	1.05	0.95				
	219	1	105.81363138245614	21.63041083508772	0.0	0.0	2	1.0408437452796715	0.25572646407304944	230.0	25	1.05	0.95				
	220	1	74.8295293754386	15.199748154385965	0.0	0.0	2	1.044055214292586	1.3245704458807257	230.0	25	1.05	0.95				
	221	2	0.0	0.0	0.0	0.0	2	1.0461643084716565	3.071206590983906	230.0	27	1.05	0.95				
	222	2	0.0	0.0	0.0	0.0	2	1.05	9.655864486721573	230.0	27	1.05	0.95				
	223	2	0.0	0.0	0.0	0.0	2	1.0474023114379443	2.338825242913704	230.0	25	1.05	0.95				
	224	1	0.0	0.0	0.0	0.0	2	1.0158104232437801	-4.2052603942246165	230.0	26	1.05	0.95				
	301	2	47.62796581894737	9.701993037192981	0.0	0.0	3	1.0116129145045594	-1.848778865354456	138.0	31	1.05	0.95				
	302	2	42.77696930035087	8.819993670175439	0.0	0.0	3	1.0110324738847138	-2.0722433182871765	138.0	32	1.05	0.95				
	303	1	79.37994303157893	16.31698828982456	0.0	0.0	3	1.0427890256878045	7.440909410468003	138.0	31	1.05	0.95				
	304	1	32.63397657964912	6.614995252631578	0.0	0.0	3	1.0124482091110107	-0.7488235439234964	138.0	31	1.05	0.95				
	305	1	31.310977529122802	6.173995569122806	0.0	0.0	3	1.0253566110128118	-2.141436295378881	138.0	31	1.05	0.95				
	306	1	59.97595695719298	12.347991138245613	0.0	-100.0	3	1.0408410205694736	-2.8300704855770853	138.0	32	1.05	0.95				
	307	2	55.12496043859648	11.024992087719298	0.0	0.0	3	0.9921426790265637	-7.3440827409270035	138.0	32	1.05	0.95				
	308	1	75.41094587999999	15.434988922807017	0.0	0.0	3	0.9986626562465831	-5.354460267768807	138.0	32	1.05	0.95				
	309	1	77.17494461403508	15.875988606315788	0.0	0.0	3	1.027360984092451	2.137177241409614	138.0	33	1.05	0.95				
	310	1	85.99493828421052	17.639987340350878	0.0	0.0	3	1.05	-1.0142807720990932	138.0	33	1.05	0.95				
	311	1	0.0	0.0	0.0	0.0	3	1.0087271154639987	3.9865136185469314	230.0	33	1.05	0.95				
	312	1	0.0	0.0	0.0	0.0	3	1.0116062596706763	4.527296665558219	230.0	33	1.05	0.95				
	313	2	116.86491612982455	23.813982909473683	0.0	0.0	3	1.0093892948573582	7.034699548270818	230.0	34	1.05	0.95				
	314	2	85.55393860070174	17.198987656842103	0.0	0.0	3	1.0066142449844984	4.859906977613284	230.0	36	1.05	0.95				
	315	2	139.7968996722807	28.2239797445614	0.0	0.0	3	1.0364996465070833	8.217141216602094	230.0	36	1.05	0.95				
	316	2	44.09996835087719	8.819993670175439	0.0	0.0	3	1.0337943076168863	8.71578464873657	230.0	36	1.05	0.95				
	317	1	0.0	0.0	0.0	0.0	3	1.04412266160338	10.967832327571566	230.0	37	1.05	0.95				
	318	2	146.85289460842102	29.98797847859649	0.0	0.0	3	1.0418680071807838	9.22361794671309	230.0	37	1.05	0.95				
	319	1	79.82094271508771	16.31698828982456	0.0	0.0	3	1.0251862213900138	8.057573383161882	230.0	35	1.05	0.95				
	320	1	56.4479594891228	11.465991771228069	0.0	0.0	3	1.0207588730291859	8.343292229740056	230.0	35	1.05	0.95				
	321	2	0.0	0.0	0.0	0.0	3	1.0414918365852606	9.48569519251249	230.0	37	1.05	0.95				
	322	2	0.0	0.0	0.0	0.0	3	1.05	14.39336057303949	230.0	37	1.05	0.95				
	323	2	0.0	0.0	0.0	0.0	3	1.0190149067008762	8.846802272995932	230.0	35	1.05	0.95				
	324	1	0.0	0.0	0.0	0.0	3	1.0344260379527752	7.924600300506275	230.0	36	1.05	0.95				
	325	1	0.0	0.0	0.0	0.0	3	1.0183742664503106	9.830201474871558	230.0	35	1.05	0.95				
];
