%% MATPOWER Case Format : Version 2
function mpc = RTS_GMLC
mpc.version = '2';

%%-----  Power Flow Data  -----%%
%% system MVA base
mpc.baseMVA = 100.0;
%% bus data
%    bus_i    type    Pd    Qd    Gs    Bs    area    Vm    Va    baseKV    zone    Vmax    Vmin
mpc.bus = [
	101	2	92.54280058105265	18.851311229473687	0.0	0.0	1	1.0426298675299432	-2.3664590341775	138.0	11	1.05	0.95				
	102	2	83.11714496631579	17.137555663157897	0.0	0.0	1	1.0426208543205977	-2.464445809099099	138.0	12	1.05	0.95				
	103	1	154.23800096842106	31.704477976842107	0.0	0.0	1	1.0202800821070905	-3.2761853570858057	138.0	11	1.05	0.95				
	104	1	63.40895595368421	12.853166747368421	0.0	0.0	1	1.0203048274769468	-5.772757450413587	138.0	11	1.05	0.95				
	105	1	60.838322604210525	11.996288964210528	0.0	0.0	1	1.0344854683887428	-6.120022056002001	138.0	11	1.05	0.95				
	106	1	116.53537850947369	23.992577928421056	0.0	-100.0	1	1.0349397922804875	-8.999714303744064	138.0	12	1.05	0.95				
	107	2	107.10972289473683	21.421944578947368	0.0	0.0	1	1.05	-7.045606873831528	138.0	12	1.05	0.95				
	108	1	146.52610092	29.990722410526317	0.0	0.0	1	1.0224707777142845	-9.444626359505044	138.0	12	1.05	0.95				
	109	1	149.95361205263157	30.84760019368421	0.0	0.0	1	1.0271464689400671	-5.683470464574828	138.0	13	1.05	0.95				
	110	1	167.09116771578948	34.275111326315795	0.0	0.0	1	1.05	-7.268688361821487	138.0	13	1.05	0.95				
	111	1	0.0	0.0	0.0	0.0	1	1.0175122404283443	-2.3675534784793477	230.0	13	1.05	0.95				
	112	1	0.0	0.0	0.0	0.0	1	1.0186626924274955	-1.4451880501626777	230.0	13	1.05	0.95				
	113	3	227.07261253684212	46.27140029052632	0.0	0.0	1	1.0218770149572418	-9.02676070832732e-29	230.0	14	1.05	0.95				
	114	2	166.23428993263158	33.418233543157896	0.0	0.0	1	1.0226469558775302	-0.3316192900023492	230.0	16	1.05	0.95				
	115	2	271.63025726105263	54.840178122105264	0.0	0.0	1	1.0438249680754739	8.183953146532472	230.0	16	1.05	0.95				
	116	2	85.68777831578947	17.137555663157897	0.0	0.0	1	1.0438311738384485	7.76807392363324	230.0	16	1.05	0.95				
	117	1	0.0	0.0	0.0	0.0	1	1.046859958294775	11.406455732060355	230.0	17	1.05	0.95				
	118	2	285.34030179157895	58.267689254736844	0.0	0.0	1	1.0499999971104765	12.010273864522718	230.0	17	1.05	0.95				
	119	1	155.09487875157896	31.704477976842107	0.0	0.0	1	1.038718334472975	6.311127777533128	230.0	15	1.05	0.95				
	120	1	109.68035624421053	22.278822362105263	0.0	0.0	1	1.0417150208611736	6.4010382502794965	230.0	15	1.05	0.95				
	121	2	0.0	0.0	0.0	0.0	1	1.05	12.70919416388264	230.0	17	1.05	0.95				
	122	2	0.0	0.0	0.0	0.0	1	1.05	21.65623697452171	230.0	17	1.05	0.95				
	123	2	0.0	0.0	0.0	0.0	1	1.0459027230502027	7.0771511282050055	230.0	15	1.05	0.95				
	124	1	0.0	0.0	0.0	0.0	1	1.020659376519925	3.9431650322249494	230.0	16	1.05	0.95				
	201	2	97.81709430315789	19.925704395087717	0.0	0.0	2	1.05	-13.759584510585022	138.0	21	1.05	0.95				
	202	2	87.85424210561403	18.11427672280702	0.0	0.0	2	1.05	-13.786043744689248	138.0	22	1.05	0.95				
	203	1	163.02849050526316	33.51141193719298	0.0	0.0	2	1.0238506947518906	-10.634583951100428	138.0	21	1.05	0.95				
	204	1	67.02282387438596	13.585707542105263	0.0	0.0	2	1.019497861398717	-15.361899620253809	138.0	21	1.05	0.95				
	205	1	64.30568236596491	12.679993705964913	0.0	0.0	2	1.0371705720236712	-15.826418494303987	138.0	21	1.05	0.95				
	206	1	123.17708171508772	25.359987411929826	0.0	-100.0	2	1.034238333770319	-17.81865450202008	138.0	22	1.05	0.95				
	207	2	113.21422951754386	22.64284590350877	0.0	0.0	2	0.95	-27.857551829934888	138.0	22	1.05	0.95				
	208	1	154.87706598	31.699984264912278	0.0	0.0	2	0.9531357870535371	-24.893698260795563	138.0	22	1.05	0.95				
	209	1	158.4999213245614	32.605698101052624	0.0	0.0	2	1.0240341247979596	-13.012638654172516	138.0	23	1.05	0.95				
	210	1	176.6141980473684	36.22855344561404	0.0	0.0	2	1.0474503717976391	-15.109257952258316	138.0	23	1.05	0.95				
	211	1	0.0	0.0	0.0	0.0	2	1.0316916675827041	-7.993357819278022	230.0	23	1.05	0.95				
	212	1	0.0	0.0	0.0	0.0	2	1.025055217997156	-4.286865943852608	230.0	23	1.05	0.95				
	213	2	240.01416657719295	48.908547151578944	0.0	0.0	2	1.05	-3.705686185399185	230.0	24	1.05	0.95				
	214	2	175.70848421122807	35.32283960947368	0.0	0.0	2	1.05	-5.968997506045168	230.0	26	1.05	0.95				
	215	2	287.11128605649117	57.96568551298245	0.0	0.0	2	1.0442985045252584	2.6405451297127267	230.0	26	1.05	0.95				
	216	2	90.57138361403508	18.11427672280702	0.0	0.0	2	1.048372798756588	2.5077568811672535	230.0	26	1.05	0.95				
	217	1	0.0	0.0	0.0	0.0	2	1.0494720318733823	5.687268627910451	230.0	27	1.05	0.95				
	218	2	301.6027074347368	61.58854085754386	0.0	0.0	2	1.05	6.209203790309688	230.0	27	1.05	0.95				
	219	1	163.9342043414035	33.51141193719298	0.0	0.0	2	1.0420609921277764	2.1473117565748727	230.0	25	1.05	0.95				
	220	1	115.9313710259649	23.54855973964912	0.0	0.0	2	1.0450525986112786	3.5279206637084473	230.0	25	1.05	0.95				
	221	2	0.0	0.0	0.0	0.0	2	1.05	6.7512630599261065	230.0	27	1.05	0.95				
	222	2	0.0	0.0	0.0	0.0	2	1.05	12.845803572834106	230.0	27	1.05	0.95				
	223	2	0.0	0.0	0.0	0.0	2	1.05	4.939991725747295	230.0	25	1.05	0.95				
	224	1	0.0	0.0	0.0	0.0	2	1.0197895383692335	-2.290171837311601	230.0	26	1.05	0.95				
	301	2	84.42518191578947	17.19772224210526	0.0	0.0	3	1.0186728490337293	-14.753119321670875	138.0	31	1.05	0.95				
	302	2	75.82632079473683	15.634292947368422	0.0	0.0	3	1.0189811808802771	-15.055538781285644	138.0	32	1.05	0.95				
	303	1	140.7086365263158	28.923441952631578	0.0	0.0	3	1.02786211920385	-6.849893645771521	138.0	31	1.05	0.95				
	304	1	57.846883905263155	11.725719710526313	0.0	0.0	3	1.0090667428855098	-12.756188842997515	138.0	31	1.05	0.95				
	305	1	55.501739963157895	10.944005063157896	0.0	0.0	3	1.023298543239475	-13.774135701916654	138.0	31	1.05	0.95				
	306	1	106.31319204210526	21.88801012631579	0.0	-100.0	3	1.0323532387761016	-14.06755691581145	138.0	32	1.05	0.95				
	307	2	97.71433092105262	19.542866184210524	0.0	0.0	3	1.0050872039616803	-15.515307025710758	138.0	32	1.05	0.95				
	308	1	133.67320469999999	27.360012657894732	0.0	0.0	3	1.002192467721379	-14.292269270333879	138.0	32	1.05	0.95				
	309	1	136.80006328947368	28.141727305263153	0.0	0.0	3	1.029933732799758	-7.698255835308504	138.0	33	1.05	0.95				
	310	1	152.4343562368421	31.268585894736844	0.0	0.0	3	1.05	-10.288342493393097	138.0	33	1.05	0.95				
	311	1	0.0	0.0	0.0	0.0	3	1.0192008516259674	-2.7643560026636176	230.0	33	1.05	0.95				
	312	1	0.0	0.0	0.0	0.0	3	1.0211658880615826	-1.761089554467618	230.0	33	1.05	0.95				
	313	2	207.15438155263155	42.21259095789473	0.0	0.0	3	1.035276046432693	3.0781582729028343	230.0	34	1.05	0.95				
	314	2	151.65264158947366	30.48687124736842	0.0	0.0	3	1.0253864873193141	-1.7322857202170363	230.0	36	1.05	0.95				
	315	2	247.80354321578946	50.029737431578944	0.0	0.0	3	1.043984866145094	0.35473025470385283	230.0	36	1.05	0.95				
	316	2	78.1714647368421	15.634292947368422	0.0	0.0	3	1.0415167992641254	0.6190942191896215	230.0	36	1.05	0.95				
	317	1	0.0	0.0	0.0	0.0	3	1.0469894829502564	3.0858819728180817	230.0	37	1.05	0.95				
	318	2	260.31097757368417	53.15659602105263	0.0	0.0	3	1.0466514991514457	2.6348395501631483	230.0	37	1.05	0.95				
	319	1	141.4903511736842	28.923441952631578	0.0	0.0	3	1.0359875825106617	0.3807687006667367	230.0	35	1.05	0.95				
	320	1	100.05947486315789	20.32458083157895	0.0	0.0	3	1.0373857716240433	1.3306692636775048	230.0	35	1.05	0.95				
	321	2	0.0	0.0	0.0	0.0	3	1.0494710247184889	3.700145329337315	230.0	37	1.05	0.95				
	322	2	0.0	0.0	0.0	0.0	3	1.05	9.23342850842878	230.0	37	1.05	0.95				
	323	2	0.0	0.0	0.0	0.0	3	1.0397309342200725	2.0949903885192307	230.0	35	1.05	0.95				
	324	1	0.0	0.0	0.0	0.0	3	1.03083504825648	-0.6322997529634228	230.0	36	1.05	0.95				
	325	1	0.0	0.0	0.0	0.0	3	1.0382447298452697	2.985982956381324	230.0	35	1.05	0.95				
];
