%% MATPOWER Case Format : Version 2
function mpc = RTS_GMLC
mpc.version = '2';

%%-----  Power Flow Data  -----%%
%% system MVA base
mpc.baseMVA = 100.0;
%% bus data
%    bus_i    type    Pd    Qd    Gs    Bs    area    Vm    Va    baseKV    zone    Vmax    Vmin
mpc.bus = [
	101	2	55.335972277894754	11.272142501052633	0.0	0.0	1	1.0327677293224564	0.6541612702915396	138.0	11	1.05	0.95				
	102	2	49.699901027368426	10.247402273684212	0.0	0.0	1	1.0312440976982487	0.3156784984129152	138.0	12	1.05	0.95				
	103	1	92.2266204631579	18.957694206315793	0.0	0.0	1	1.0207054360106078	2.5591281982779384	138.0	11	1.05	0.95				
	104	1	37.915388412631586	7.685551705263159	0.0	0.0	1	1.0176216200857093	-2.412532524000238	138.0	11	1.05	0.95				
	105	1	36.378278071578954	7.173181591578949	0.0	0.0	1	1.0343667350905406	-2.5291943505948415	138.0	11	1.05	0.95				
	106	1	69.68233546105265	14.346363183157898	0.0	-100.0	1	1.0426367242417007	-4.867423597037854	138.0	12	1.05	0.95				
	107	2	64.04626421052633	12.809252842105264	0.0	0.0	1	0.9956956856540284	-13.167071772428894	138.0	12	1.05	0.95				
	108	1	87.61528944000001	17.93295397894737	0.0	0.0	1	0.9962822507600899	-10.589740275010245	138.0	12	1.05	0.95				
	109	1	89.66476989473685	18.445324092631584	0.0	0.0	1	1.0220695223759944	-2.5601984804045017	138.0	13	1.05	0.95				
	110	1	99.91217216842107	20.494804547368425	0.0	0.0	1	1.05	-4.139493428604067	138.0	13	1.05	0.95				
	111	1	0.0	0.0	0.0	0.0	1	1.0113014479654292	0.47230883091959397	230.0	13	1.05	0.95				
	112	1	0.0	0.0	0.0	0.0	1	1.0117691800683217	-0.7322876901657012	230.0	13	1.05	0.95				
	113	3	135.7780801263158	27.667986138947377	0.0	0.0	1	1.0038421504999868	-4.97966469105044e-31	230.0	14	1.05	0.95				
	114	2	99.39980205473685	19.98243443368421	0.0	0.0	1	1.0233596801765894	4.715151664970118	230.0	16	1.05	0.95				
	115	2	162.42132603789477	32.79168727578948	0.0	0.0	1	1.032288315887065	16.275565074825103	230.0	16	1.05	0.95				
	116	2	51.23701136842106	10.247402273684212	0.0	0.0	1	1.0280013602268872	13.968445305909023	230.0	16	1.05	0.95				
	117	1	0.0	0.0	0.0	0.0	1	1.0336182459412573	21.002646234810168	230.0	17	1.05	0.95				
	118	2	170.61924785684212	34.84116773052632	0.0	0.0	1	1.0473017336069117	21.971334471158645	230.0	17	1.05	0.95				
	119	1	92.73899057684211	18.957694206315793	0.0	0.0	1	1.0200975942983834	8.877423739739623	230.0	15	1.05	0.95				
	120	1	65.58337455157896	13.321622955789476	0.0	0.0	1	1.0228122125263726	5.441747662406486	230.0	15	1.05	0.95				
	121	2	0.0	0.0	0.0	0.0	1	1.0475978711873843	24.1293333136904	230.0	17	1.05	0.95				
	122	2	0.0	0.0	0.0	0.0	1	1.05	42.05257533371021	230.0	17	1.05	0.95				
	123	2	0.0	0.0	0.0	0.0	1	1.0262299497363105	3.954123341632953	230.0	15	1.05	0.95				
	124	1	0.0	0.0	0.0	0.0	1	1.0106277738248703	11.140101135835279	230.0	16	1.05	0.95				
	201	2	54.90949157052631	11.18526680140351	0.0	0.0	2	1.0101585063036258	-19.062315947668576	138.0	21	1.05	0.95				
	202	2	49.31685816982456	10.168424364912282	0.0	0.0	2	1.0093660274831113	-19.371046896887623	138.0	22	1.05	0.95				
	203	1	91.51581928421054	18.81158507508772	0.0	0.0	2	1.0123859201664234	-13.823531208306845	138.0	21	1.05	0.95				
	204	1	37.62317015017544	7.62631827368421	0.0	0.0	2	1.0085931910968902	-18.552312216779917	138.0	21	1.05	0.95				
	205	1	36.0979064954386	7.117897055438598	0.0	0.0	2	1.023587164281088	-19.1353254706376	138.0	21	1.05	0.95				
	206	1	69.14528568140351	14.235794110877196	0.0	-100.0	2	1.0384716815699981	-19.779098006657723	138.0	22	1.05	0.95				
	207	2	63.55265228070175	12.71053045614035	0.0	0.0	2	0.9922498936336153	-25.98663708568864	138.0	22	1.05	0.95				
	208	1	86.94002832	17.79474263859649	0.0	0.0	2	0.9951499886883146	-23.612645303068373	138.0	22	1.05	0.95				
	209	1	88.97371319298246	18.303163856842104	0.0	0.0	2	1.0239187560021101	-15.786524552706132	138.0	23	1.05	0.95				
	210	1	99.14213755789474	20.336848729824563	0.0	0.0	2	1.05	-17.57333329798379	138.0	23	1.05	0.95				
	211	1	0.0	0.0	0.0	0.0	2	1.0147686456032887	-11.841266889858165	230.0	23	1.05	0.95				
	212	1	0.0	0.0	0.0	0.0	2	1.0139051249518163	-10.360699592823037	230.0	23	1.05	0.95				
	213	2	134.7316228350877	27.454745785263157	0.0	0.0	2	1.0211181474857416	-9.573700689313617	230.0	24	1.05	0.95				
	214	2	98.63371633964913	19.828427511578948	0.0	0.0	2	1.019807096852677	-8.987542652238167	230.0	26	1.05	0.95				
	215	2	161.16952618385966	32.5389579677193	0.0	0.0	2	1.0301536192354745	-1.9641051220339685	230.0	26	1.05	0.95				
	216	2	50.8421218245614	10.168424364912282	0.0	0.0	2	1.0335600914682375	-1.8447760540321636	230.0	26	1.05	0.95				
	217	1	0.0	0.0	0.0	0.0	2	1.0344429522152851	-0.2332102682620944	230.0	27	1.05	0.95				
	218	2	169.30426567578948	34.572642840701754	0.0	0.0	2	1.0329165527808335	-0.9823964795359078	230.0	27	1.05	0.95				
	219	1	92.02424050245614	18.81158507508772	0.0	0.0	2	1.0370869198503785	-0.8372500839630604	230.0	25	1.05	0.95				
	220	1	65.0779159354386	13.218951674385965	0.0	0.0	2	1.044355996548395	0.9944418913514267	230.0	25	1.05	0.95				
	221	2	0.0	0.0	0.0	0.0	2	1.0347167353954447	-0.49916599877985984	230.0	27	1.05	0.95				
	222	2	0.0	0.0	0.0	0.0	2	1.05	6.102590681120509	230.0	27	1.05	0.95				
	223	2	0.0	0.0	0.0	0.0	2	1.05	2.3629168951733233	230.0	25	1.05	0.95				
	224	1	0.0	0.0	0.0	0.0	2	1.0088092051973672	-6.376917817538459	230.0	26	1.05	0.95				
	301	2	40.19677317473684	8.188231572631578	0.0	0.0	3	1.0129623472159732	24.870284615633075	138.0	31	1.05	0.95				
	302	2	36.10265738842105	7.443846884210526	0.0	0.0	3	1.01284684452572	24.594381288531476	138.0	32	1.05	0.95				
	303	1	66.99462195789472	13.771116735789471	0.0	0.0	3	1.047959157562944	36.21267698912064	138.0	31	1.05	0.95				
	304	1	27.542233471578943	5.582885163157894	0.0	0.0	3	1.014190589653125	25.86630037887296	138.0	31	1.05	0.95				
	305	1	26.425656438947364	5.2106928189473685	0.0	0.0	3	1.0270086687890128	23.660306731192126	138.0	31	1.05	0.95				
	306	1	50.61815881263158	10.421385637894737	0.0	-100.0	3	1.043085261768626	22.52312976335756	138.0	32	1.05	0.95				
	307	2	46.52404302631579	9.304808605263156	0.0	0.0	3	0.9535811930414377	19.818636603151962	138.0	32	1.05	0.95				
	308	1	63.64489085999999	13.02673204736842	0.0	0.0	3	0.9787256022204962	21.299847184304056	138.0	32	1.05	0.95				
	309	1	65.13366023684209	13.398924391578944	0.0	0.0	3	1.0263110205754917	28.436085828640802	138.0	33	1.05	0.95				
	310	1	72.57750712105262	14.887693768421052	0.0	0.0	3	1.05	23.651420820694536	138.0	33	1.05	0.95				
	311	1	0.0	0.0	0.0	0.0	3	1.0109444974905302	27.094352807175596	230.0	33	1.05	0.95				
	312	1	0.0	0.0	0.0	0.0	3	1.0175168811520123	27.17933866874072	230.0	33	1.05	0.95				
	313	2	98.63097121578946	20.09838658736842	0.0	0.0	3	1.0144774554700948	28.79386049980873	230.0	34	1.05	0.95				
	314	2	72.2053147768421	14.515501424210525	0.0	0.0	3	1.0028296439096767	26.746988261646525	230.0	36	1.05	0.95				
	315	2	117.98497311473683	23.82031002947368	0.0	0.0	3	1.037434182346078	28.68124732605505	230.0	36	1.05	0.95				
	316	2	37.219234421052626	7.443846884210526	0.0	0.0	3	1.028780014031789	28.45872622579041	230.0	36	1.05	0.95				
	317	1	0.0	0.0	0.0	0.0	3	1.0499999972607632	32.1341780685893	230.0	37	1.05	0.95				
	318	2	123.94005062210525	25.30907940631579	0.0	0.0	3	1.049775360279853	28.47270238096107	230.0	37	1.05	0.95				
	319	1	67.36681430210525	13.771116735789471	0.0	0.0	3	1.0240205735442076	27.113915061650495	230.0	35	1.05	0.95				
	320	1	47.64062005894736	9.677000949473683	0.0	0.0	3	1.0224064449407828	26.67090159020033	230.0	35	1.05	0.95				
	321	2	0.0	0.0	0.0	0.0	3	1.05	29.196000279596603	230.0	37	1.05	0.95				
	322	2	0.0	0.0	0.0	0.0	3	1.05	34.69724640337391	230.0	37	1.05	0.95				
	323	2	0.0	0.0	0.0	0.0	3	1.021775200287806	26.717466402062282	230.0	35	1.05	0.95				
	324	1	0.0	0.0	0.0	0.0	3	1.0387782586898424	31.56505119494803	230.0	36	1.05	0.95				
	325	1	0.0	0.0	0.0	0.0	3	1.0251640838272211	26.508284895652146	230.0	35	1.05	0.95				
];
