%% MATPOWER Case Format : Version 2
function mpc = RTS_GMLC
mpc.version = '2';

%%-----  Power Flow Data  -----%%
%% system MVA base
mpc.baseMVA = 100.0;
%% bus data
%    bus_i    type    Pd    Qd    Gs    Bs    area    Vm    Va    baseKV    zone    Vmax    Vmin
mpc.bus = [
	101	2	96.4839188463158	19.654131616842104	0.0	0.0	1	1.0372114710210625	-6.583904355658784	138.0	11	1.05	0.95				
	102	2	86.65685303789473	17.86739237894737	0.0	0.0	1	1.0371347347815727	-6.6632522065938815	138.0	12	1.05	0.95				
	103	1	160.80653141052633	33.05467590105263	0.0	0.0	1	1.01461142284782	-6.911398260917747	138.0	11	1.05	0.95				
	104	1	66.10935180210527	13.400544284210525	0.0	0.0	1	1.0164128684662148	-9.092086178016126	138.0	11	1.05	0.95				
	105	1	63.429242945263155	12.50717466526316	0.0	0.0	1	1.0318158176533816	-9.31839808027192	138.0	11	1.05	0.95				
	106	1	121.4982681768421	25.01434933052632	0.0	-100.0	1	1.0331478829737966	-11.661788135245812	138.0	12	1.05	0.95				
	107	2	111.67120236842105	22.33424047368421	0.0	0.0	1	1.05	-6.780463020580727	138.0	12	1.05	0.95				
	108	1	152.76620484	31.26793666315789	0.0	0.0	1	1.0212510926783818	-10.26644602321101	138.0	12	1.05	0.95				
	109	1	156.33968331578947	32.161306282105265	0.0	0.0	1	1.027275168399912	-7.740321965893883	138.0	13	1.05	0.95				
	110	1	174.20707569473683	35.73478475789474	0.0	0.0	1	1.05	-9.284804583239438	138.0	13	1.05	0.95				
	111	1	0.0	0.0	0.0	0.0	1	1.0205548916030165	-3.727457630456065	230.0	13	1.05	0.95				
	112	1	0.0	0.0	0.0	0.0	1	1.0203835958150445	-2.3627276379901225	230.0	13	1.05	0.95				
	113	3	236.74294902105265	48.2419594231579	0.0	0.0	1	1.0301775058610279	2.257741250724486e-28	230.0	14	1.05	0.95				
	114	2	173.31370607578947	34.84141513894737	0.0	0.0	1	1.027095474296678	-2.261539923834859	230.0	16	1.05	0.95				
	115	2	283.19816920631575	57.17565561263158	0.0	0.0	1	1.0437015002343835	5.443913153214095	230.0	16	1.05	0.95				
	116	2	89.33696189473685	17.86739237894737	0.0	0.0	1	1.0452957715162812	5.272800553429519	230.0	16	1.05	0.95				
	117	1	0.0	0.0	0.0	0.0	1	1.0478979890973161	8.318455722723867	230.0	17	1.05	0.95				
	118	2	297.4920831094737	60.74913408842105	0.0	0.0	1	1.0496178892305323	8.907315574409958	230.0	17	1.05	0.95				
	119	1	161.6999010294737	33.05467590105263	0.0	0.0	1	1.040522520973264	4.520236980474865	230.0	15	1.05	0.95				
	120	1	114.35131122526316	23.227610092631583	0.0	0.0	1	1.0446731960116538	5.536972893594412	230.0	15	1.05	0.95				
	121	2	0.0	0.0	0.0	0.0	1	1.05	9.899082299144279	230.0	17	1.05	0.95				
	122	2	0.0	0.0	0.0	0.0	1	1.05	16.29946967351384	230.0	17	1.05	0.95				
	123	2	0.0	0.0	0.0	0.0	1	1.05	6.74037948391976	230.0	15	1.05	0.95				
	124	1	0.0	0.0	0.0	0.0	1	1.0172785073018484	0.8936613326544068	230.0	16	1.05	0.95				
	201	2	98.3780890863158	20.03998111017544	0.0	0.0	2	1.05	-13.236472156717982	138.0	21	1.05	0.95				
	202	2	88.35809853122808	18.21816464561404	0.0	0.0	2	1.05	-13.260339155196927	138.0	22	1.05	0.95				
	203	1	163.96348181052633	33.703604594385965	0.0	0.0	2	1.023946647382019	-10.17528701044558	138.0	21	1.05	0.95				
	204	1	67.40720918877193	13.663623484210527	0.0	0.0	2	1.0189266967483335	-14.79892497160513	138.0	21	1.05	0.95				
	205	1	64.67448449192983	12.752715251929828	0.0	0.0	2	1.0365538264103402	-15.261254408727305	138.0	21	1.05	0.95				
	206	1	123.88351959017545	25.505430503859657	0.0	-100.0	2	1.0332176286634223	-17.236509715388454	138.0	22	1.05	0.95				
	207	2	113.86352903508774	22.772705807017545	0.0	0.0	2	0.95	-27.068962591749454	138.0	22	1.05	0.95				
	208	1	155.76530772	31.881788129824564	0.0	0.0	2	0.95271422396208	-24.202081268039752	138.0	22	1.05	0.95				
	209	1	159.4089406491228	32.79269636210527	0.0	0.0	2	1.0232217102596641	-12.393631768774627	138.0	23	1.05	0.95				
	210	1	177.62710529473685	36.43632929122808	0.0	0.0	2	1.046342665020457	-14.48162623588942	138.0	23	1.05	0.95				
	211	1	0.0	0.0	0.0	0.0	2	1.0305520270845847	-6.955418751953943	230.0	23	1.05	0.95				
	212	1	0.0	0.0	0.0	0.0	2	1.0231435553038168	-3.9189661883480444	230.0	23	1.05	0.95				
	213	2	241.390681554386	49.1890445431579	0.0	0.0	2	1.05	-1.9536408317048903	230.0	24	1.05	0.95				
	214	2	176.71619706245616	35.52542105894737	0.0	0.0	2	1.05	-5.164220867873159	230.0	26	1.05	0.95				
	215	2	288.7579096329825	58.29812686596492	0.0	0.0	2	1.0457626791038397	3.101250328424937	230.0	26	1.05	0.95				
	216	2	91.09082322807018	18.21816464561404	0.0	0.0	2	1.0492981147976528	3.0118355272224044	230.0	26	1.05	0.95				
	217	1	0.0	0.0	0.0	0.0	2	1.05	6.019592251498382	230.0	27	1.05	0.95				
	218	2	303.3324413494737	61.94175979508773	0.0	0.0	2	1.0495608495060582	6.572142064304876	230.0	27	1.05	0.95				
	219	1	164.87439004280705	33.703604594385965	0.0	0.0	2	1.0425031547201962	2.75154697772299	230.0	25	1.05	0.95				
	220	1	116.59625373192983	23.68361403929825	0.0	0.0	2	1.0451554704049584	4.227951499643948	230.0	25	1.05	0.95				
	221	2	0.0	0.0	0.0	0.0	2	1.05	7.144899486904661	230.0	27	1.05	0.95				
	222	2	0.0	0.0	0.0	0.0	2	1.05	13.215423901919339	230.0	27	1.05	0.95				
	223	2	0.0	0.0	0.0	0.0	2	1.05	5.696478230639401	230.0	25	1.05	0.95				
	224	1	0.0	0.0	0.0	0.0	2	1.0207199402719611	-1.8239372049342821	230.0	26	1.05	0.95				
	301	2	79.36855427368421	16.167668463157895	0.0	0.0	3	1.0138832549840215	-15.527086172831064	138.0	31	1.05	0.95				
	302	2	71.28472004210526	14.69788042105263	0.0	0.0	3	1.012494055999226	-15.894354161432389	138.0	32	1.05	0.95				
	303	1	132.2809237894737	27.191078778947368	0.0	0.0	3	1.0195309925329796	-9.747060810109968	138.0	31	1.05	0.95				
	304	1	54.382157557894736	11.023410315789475	0.0	0.0	3	1.0065069104525577	-14.468879123703598	138.0	31	1.05	0.95				
	305	1	52.17747549473684	10.288516294736844	0.0	0.0	3	1.0218153825664948	-14.931877891788938	138.0	31	1.05	0.95				
	306	1	99.9455868631579	20.57703258947369	0.0	-100.0	3	1.0323120748283519	-15.411254112055769	138.0	32	1.05	0.95				
	307	2	91.86175263157894	18.37235052631579	0.0	0.0	3	1.009520630478008	-17.02956512393589	138.0	32	1.05	0.95				
	308	1	125.66687759999999	25.721290736842107	0.0	0.0	3	1.0015491194012052	-16.767116499121734	138.0	32	1.05	0.95				
	309	1	128.60645368421052	26.456184757894736	0.0	0.0	3	1.0273095718836043	-10.298925265054793	138.0	33	1.05	0.95				
	310	1	143.30433410526317	29.39576084210526	0.0	0.0	3	1.05	-11.98046870918929	138.0	33	1.05	0.95				
	311	1	0.0	0.0	0.0	0.0	3	1.02095482613539	-4.925435656530986	230.0	33	1.05	0.95				
	312	1	0.0	0.0	0.0	0.0	3	1.0200731816011381	-3.5333665393875044	230.0	33	1.05	0.95				
	313	2	194.74691557894738	39.684277136842105	0.0	0.0	3	1.0352802132614034	0.0326823143458717	230.0	34	1.05	0.95				
	314	2	142.56944008421053	28.660866821052633	0.0	0.0	3	1.0303743064077544	-3.16728300633835	230.0	36	1.05	0.95				
	315	2	232.96140467368423	47.03321734736842	0.0	0.0	3	1.0467537452597184	1.4543381226961687	230.0	36	1.05	0.95				
	316	2	73.48940210526315	14.69788042105263	0.0	0.0	3	1.0447413790859112	1.4165230974152927	230.0	36	1.05	0.95				
	317	1	0.0	0.0	0.0	0.0	3	1.0470801080148442	3.096202665141311	230.0	37	1.05	0.95				
	318	2	244.71970901052634	49.97279343157895	0.0	0.0	3	1.0471529903588288	3.120560375070015	230.0	37	1.05	0.95				
	319	1	133.01581781052633	27.191078778947368	0.0	0.0	3	1.0423656350119133	2.279917025877749	230.0	35	1.05	0.95				
	320	1	94.06643469473684	19.10724454736842	0.0	0.0	3	1.0457919780468863	3.911804512111582	230.0	35	1.05	0.95				
	321	2	0.0	0.0	0.0	0.0	3	1.05	4.484776588241691	230.0	37	1.05	0.95				
	322	2	0.0	0.0	0.0	0.0	3	1.05	9.71481846636962	230.0	37	1.05	0.95				
	323	2	0.0	0.0	0.0	0.0	3	1.05	5.238315648130239	230.0	35	1.05	0.95				
	324	1	0.0	0.0	0.0	0.0	3	1.0239891205278115	-1.68128385627406	230.0	36	1.05	0.95				
	325	1	0.0	0.0	0.0	0.0	3	1.0498019983896407	5.626709467222813	230.0	35	1.05	0.95				
];

%% generator data
%    bus    Pg    Qg    Qmax    Qmin    Vg    mBase    status    Pmax    Pmin    Pc1    Pc2    Qc1min    Qc1max    Qc2min    Qc2max    ramp_agc    ramp_10    ramp_30    ramp_q    apf
