%% MATPOWER Case Format : Version 2
function mpc = RTS_GMLC
mpc.version = '2';

%%-----  Power Flow Data  -----%%
%% system MVA base
mpc.baseMVA = 100.0;
%% bus data
%    bus_i    type    Pd    Qd    Gs    Bs    area    Vm    Va    baseKV    zone    Vmax    Vmin
mpc.bus = [
	101	2	96.16328549052632	19.58881741473684	0.0	0.0	1	1.0424806322381248	-4.263653647945678	138.0	11	1.05	0.95				
	102	2	86.36887678315789	17.80801583157895	0.0	0.0	1	1.0420529401905956	-4.439225436510401	138.0	12	1.05	0.95				
	103	1	160.27214248421052	32.944829288421055	0.0	0.0	1	1.019236832359805	-4.600485306501915	138.0	11	1.05	0.95				
	104	1	65.88965857684211	13.35601187368421	0.0	0.0	1	1.0204342001074307	-7.059362838658704	138.0	11	1.05	0.95				
	105	1	63.21845620210526	12.465611082105264	0.0	0.0	1	1.034262859567244	-7.5863591605574205	138.0	11	1.05	0.95				
	106	1	121.09450765473686	24.931222164210528	0.0	-100.0	1	1.0341360709848972	-10.277465408724337	138.0	12	1.05	0.95				
	107	2	111.30009894736843	22.260019789473684	0.0	0.0	1	1.0450897012908287	-6.2657516830500475	138.0	12	1.05	0.95				
	108	1	152.25853536	31.164027705263152	0.0	0.0	1	1.0185546412570408	-9.47919782126772	138.0	12	1.05	0.95				
	109	1	155.8201385263158	32.0544284968421	0.0	0.0	1	1.027497133214868	-6.48629971429175	138.0	13	1.05	0.95				
	110	1	173.62815435789474	35.6160316631579	0.0	0.0	1	1.05	-8.186654265227226	138.0	13	1.05	0.95				
	111	1	0.0	0.0	0.0	0.0	1	1.0200988332204557	-2.976476916572629	230.0	13	1.05	0.95				
	112	1	0.0	0.0	0.0	0.0	1	1.0198895903401852	-1.7926609393041073	230.0	13	1.05	0.95				
	113	3	235.95620976842105	48.08164274526316	0.0	0.0	1	1.0263820686569218	1.5707507258592554e-29	230.0	14	1.05	0.95				
	114	2	172.73775356631577	34.72563087157895	0.0	0.0	1	1.027063895149226	-1.2548841793560228	230.0	16	1.05	0.95				
	115	2	282.2570509305263	56.98565066105263	0.0	0.0	1	1.0438735846366958	7.041383799810662	230.0	16	1.05	0.95				
	116	2	89.04007915789474	17.80801583157895	0.0	0.0	1	1.044873226801194	6.625469007849649	230.0	16	1.05	0.95				
	117	1	0.0	0.0	0.0	0.0	1	1.0477610536093487	10.03050020743889	230.0	17	1.05	0.95				
	118	2	296.50346359578947	60.54725382736843	0.0	0.0	1	1.049999983214521	10.789349358673718	230.0	17	1.05	0.95				
	119	1	161.16254327578946	32.944829288421055	0.0	0.0	1	1.040420559475716	5.7245570511929005	230.0	15	1.05	0.95				
	120	1	113.97130132210526	23.150420581052632	0.0	0.0	1	1.043853680597122	6.2197291843299665	230.0	15	1.05	0.95				
	121	2	0.0	0.0	0.0	0.0	1	1.05	11.728696704206303	230.0	17	1.05	0.95				
	122	2	0.0	0.0	0.0	0.0	1	1.05	18.17391212671842	230.0	17	1.05	0.95				
	123	2	0.0	0.0	0.0	0.0	1	1.0485521142891965	7.138335353854339	230.0	15	1.05	0.95				
	124	1	0.0	0.0	0.0	0.0	1	1.0200623008918033	2.7374044127668498	230.0	16	1.05	0.95				
	201	2	81.71824335157896	16.646308830877192	0.0	0.0	2	1.039084705350341	-10.05765494071885	138.0	21	1.05	0.95				
	202	2	73.39508893614035	15.133008028070178	0.0	0.0	2	1.039271155326715	-10.123947998439569	138.0	22	1.05	0.95				
	203	1	136.19707225263159	27.996064851929823	0.0	0.0	2	1.027655014772848	-7.569115340716983	138.0	21	1.05	0.95				
	204	1	55.992129703859646	11.349756021052631	0.0	0.0	2	1.0191808815737486	-11.534241397550192	138.0	21	1.05	0.95				
	205	1	53.72217849964912	10.593105619649124	0.0	0.0	2	1.0349535339355476	-11.913345172705949	138.0	21	1.05	0.95				
	206	1	102.90445459087721	21.18621123929825	0.0	-100.0	2	1.0381798431885902	-13.663413797768806	138.0	22	1.05	0.95				
	207	2	94.5813001754386	18.91626003508772	0.0	0.0	2	0.9580855461714206	-24.945258619125887	138.0	22	1.05	0.95				
	208	1	129.38721864000001	26.48276404912281	0.0	0.0	2	0.9633309897121141	-21.163605601534023	138.0	22	1.05	0.95				
	209	1	132.41382024561403	27.23941445052632	0.0	0.0	2	1.0266855285959007	-9.63457960864221	138.0	23	1.05	0.95				
	210	1	147.5468282736842	30.266016056140355	0.0	0.0	2	1.05	-11.420265195649014	138.0	23	1.05	0.95				
	211	1	0.0	0.0	0.0	0.0	2	1.0274967271512874	-5.814936484220757	230.0	23	1.05	0.95				
	212	1	0.0	0.0	0.0	0.0	2	1.0247323526050558	-1.2169169050454827	230.0	23	1.05	0.95				
	213	2	200.5123563719298	40.85912167578948	0.0	0.0	2	1.034863160644246	-3.429842706952779	230.0	24	1.05	0.95				
	214	2	146.7901778722807	29.509365654736847	0.0	0.0	2	1.0424347048927178	-3.32781095746398	230.0	26	1.05	0.95				
	215	2	239.8581772449123	48.425625689824564	0.0	0.0	2	1.0465614534961727	4.962516968223918	230.0	26	1.05	0.95				
	216	2	75.66504014035088	15.133008028070178	0.0	0.0	2	1.049270301434852	4.827316682042628	230.0	26	1.05	0.95				
	217	1	0.0	0.0	0.0	0.0	2	1.0499999950649341	7.861501690426738	230.0	27	1.05	0.95				
	218	2	251.96458366736843	51.452227295438604	0.0	0.0	2	1.05	8.686768690293071	230.0	27	1.05	0.95				
	219	1	136.9537226540351	27.996064851929823	0.0	0.0	2	1.044215559354633	4.255582644272954	230.0	25	1.05	0.95				
	220	1	96.85125137964913	19.672910436491232	0.0	0.0	2	1.0464467510161697	5.17108371545764	230.0	25	1.05	0.95				
	221	2	0.0	0.0	0.0	0.0	2	1.05	9.165546347255912	230.0	27	1.05	0.95				
	222	2	0.0	0.0	0.0	0.0	2	1.05	15.165807132416544	230.0	27	1.05	0.95				
	223	2	0.0	0.0	0.0	0.0	2	1.05	6.222979366724062	230.0	25	1.05	0.95				
	224	1	0.0	0.0	0.0	0.0	2	1.023641062791055	0.3021867370355962	230.0	26	1.05	0.95				
	301	2	88.26890225684211	17.98070231157895	0.0	0.0	3	0.9824432654491243	-9.970785400228271	138.0	31	1.05	0.95				
	302	2	79.27855110105261	16.346093010526317	0.0	0.0	3	0.9844061395912018	-10.356309274059436	138.0	32	1.05	0.95				
	303	1	147.11483709473683	30.240272069473683	0.0	0.0	3	0.9942525512472501	-5.409848751973768	138.0	31	1.05	0.95				
	304	1	60.480544138947366	12.259569757894734	0.0	0.0	3	0.9731717793135732	-8.40560049406628	138.0	31	1.05	0.95				
	305	1	58.028630187368414	11.44226510736842	0.0	0.0	3	0.9857927156525645	-8.476121937846543	138.0	31	1.05	0.95				
	306	1	111.15343247157894	22.88453021473684	0.0	-100.0	3	0.9941048021443695	-8.589465196465836	138.0	32	1.05	0.95				
	307	2	102.16308131578946	20.432616263157893	0.0	0.0	3	0.95	-14.364151230630545	138.0	32	1.05	0.95				
	308	1	139.75909524	28.60566276842105	0.0	0.0	3	0.9544733824519531	-10.86563643516118	138.0	32	1.05	0.95				
	309	1	143.02831384210526	29.422967418947366	0.0	0.0	3	0.9952087859382057	-3.246896496310803	138.0	33	1.05	0.95				
	310	1	159.37440685263155	32.692186021052635	0.0	0.0	3	1.0142532008399923	-4.167368876195812	138.0	33	1.05	0.95				
	311	1	0.0	0.0	0.0	0.0	3	0.9918713625775536	4.470874119518279	230.0	33	1.05	0.95				
	312	1	0.0	0.0	0.0	0.0	3	0.9948829022271263	5.804145522899055	230.0	33	1.05	0.95				
	313	2	216.58573238947366	44.134451128421055	0.0	0.0	3	1.0234771701736283	13.394018044523547	230.0	34	1.05	0.95				
	314	2	158.55710220210523	31.874881370526314	0.0	0.0	3	1.0044990560324238	4.469481211908991	230.0	36	1.05	0.95				
	315	2	259.0855742168421	52.30749763368421	0.0	0.0	3	1.0424132557773376	2.437816607768462	230.0	36	1.05	0.95				
	316	2	81.73046505263157	16.346093010526317	0.0	0.0	3	1.0379377694324148	3.5053089185812674	230.0	36	1.05	0.95				
	317	1	0.0	0.0	0.0	0.0	3	1.043163051194862	4.018135398597458	230.0	37	1.05	0.95				
	318	2	272.16244862526315	55.57671623578947	0.0	0.0	3	1.0431893054763515	3.587573626732209	230.0	37	1.05	0.95				
	319	1	147.93214174526315	30.240272069473683	0.0	0.0	3	1.030427221389031	4.914887583521068	230.0	35	1.05	0.95				
	320	1	104.61499526736841	21.24992091368421	0.0	0.0	3	1.0293932498438918	6.660050102082641	230.0	35	1.05	0.95				
	321	2	0.0	0.0	0.0	0.0	3	1.0469219553571292	4.716651411579223	230.0	37	1.05	0.95				
	322	2	0.0	0.0	0.0	0.0	3	1.05	8.776163476550744	230.0	37	1.05	0.95				
	323	2	0.0	0.0	0.0	0.0	3	1.0301829648717302	7.597064981011288	230.0	35	1.05	0.95				
	324	1	0.0	0.0	0.0	0.0	3	1.017010076522869	1.745578336782048	230.0	36	1.05	0.95				
	325	1	0.0	0.0	0.0	0.0	3	1.0317815831164663	7.9580487604948145	230.0	35	1.05	0.95				
];
