%% MATPOWER Case Format : Version 2
function mpc = RTS_GMLC
mpc.version = '2';

%%-----  Power Flow Data  -----%%
%% system MVA base
mpc.baseMVA = 100.0;
%% bus data
%    bus_i    type    Pd    Qd    Gs    Bs    area    Vm    Va    baseKV    zone    Vmax    Vmin
mpc.bus = [
	101	2	51.31469569263159	10.452993567017545	0.0	0.0	1	1.0360871817249142	0.11117845174556713	138.0	11	1.05	0.95				
	102	2	46.08819890912281	9.502721424561406	0.0	0.0	1	1.035002836779399	-0.20786425960409993	138.0	12	1.05	0.95				
	103	1	85.52449282105265	17.580034635438597	0.0	0.0	1	1.0258962511115564	-1.1607069761587747	138.0	11	1.05	0.95				
	104	1	35.160069270877194	7.127041068421053	0.0	0.0	1	1.0211760702126034	-3.187293421269985	138.0	11	1.05	0.95				
	105	1	33.73466105719298	6.651904997192984	0.0	0.0	1	1.0366091452212483	-2.9831155356634245	138.0	11	1.05	0.95				
	106	1	64.61850568701756	13.303809994385968	0.0	-100.0	1	1.0446558727463984	-5.242093831443544	138.0	12	1.05	0.95				
	107	2	59.392008903508774	11.878401780701756	0.0	0.0	1	1.0007381774643007	-11.302354089127341	138.0	12	1.05	0.95				
	108	1	81.24826818000001	16.629762492982454	0.0	0.0	1	1.0025795349200248	-9.760765438980972	138.0	12	1.05	0.95				
	109	1	83.1488124649123	17.104898564210526	0.0	0.0	1	1.0242624680755394	-3.717539650199476	138.0	13	1.05	0.95				
	110	1	92.6515338894737	19.00544284912281	0.0	0.0	1	1.05	-4.632340797913806	138.0	13	1.05	0.95				
	111	1	0.0	0.0	0.0	0.0	1	1.0051564151949441	-1.2363206793872776	230.0	13	1.05	0.95				
	112	1	0.0	0.0	0.0	0.0	1	1.00939229870291	-1.2465896720224101	230.0	13	1.05	0.95				
	113	3	125.91105887543861	25.657347846315794	0.0	0.0	1	1.0007676367177527	-8.006060805687087e-28	230.0	14	1.05	0.95				
	114	2	92.17639781824562	18.53030677789474	0.0	0.0	1	1.0029607597350914	0.7437464274039763	230.0	16	1.05	0.95				
	115	2	150.61813457929824	30.40870855859649	0.0	0.0	1	1.0332824236000746	7.103192047738503	230.0	16	1.05	0.95				
	116	2	47.513607122807024	9.502721424561406	0.0	0.0	1	1.0303942816848843	6.363018649993407	230.0	16	1.05	0.95				
	117	1	0.0	0.0	0.0	0.0	1	1.0364689266361533	9.417566300031536	230.0	17	1.05	0.95				
	118	2	158.22031171894739	32.30925284350878	0.0	0.0	1	1.0385267097706532	9.99956319793785	230.0	17	1.05	0.95				
	119	1	85.99962889228071	17.580034635438597	0.0	0.0	1	1.0224254564966766	4.259237673894038	230.0	15	1.05	0.95				
	120	1	60.81741711719298	12.353537851929826	0.0	0.0	1	1.0197401012482072	3.340415829103983	230.0	15	1.05	0.95				
	121	2	0.0	0.0	0.0	0.0	1	1.040704771553192	11.639163929338253	230.0	17	1.05	0.95				
	122	2	0.0	0.0	0.0	0.0	1	1.05	17.33973501788734	230.0	17	1.05	0.95				
	123	2	0.0	0.0	0.0	0.0	1	1.0190156939446862	3.203315981531009	230.0	15	1.05	0.95				
	124	1	0.0	0.0	0.0	0.0	1	1.0200804010933036	4.001364622639104	230.0	16	1.05	0.95				
	201	2	51.373524315789474	10.464977175438598	0.0	0.0	2	1.0176826204785234	-11.98135502332077	138.0	21	1.05	0.95				
	202	2	46.14103572807017	9.51361561403509	0.0	0.0	2	1.017880164536141	-11.98031494093117	138.0	22	1.05	0.95				
	203	1	85.62254052631579	17.60018888596491	0.0	0.0	2	1.0159244868684882	-9.834896971554182	138.0	21	1.05	0.95				
	204	1	35.20037777192982	7.135211710526315	0.0	0.0	2	1.0136578484584418	-12.556406529458227	138.0	21	1.05	0.95				
	205	1	33.77333542982456	6.659530929824562	0.0	0.0	2	1.0280128820576122	-12.920299001343768	138.0	21	1.05	0.95				
	206	1	64.6925861754386	13.319061859649125	0.0	-100.0	2	1.0414062413689482	-13.92814501904792	138.0	22	1.05	0.95				
	207	2	59.4600975877193	11.89201951754386	0.0	0.0	2	0.9908596683858175	-20.3229718401898	138.0	22	1.05	0.95				
	208	1	81.3414135	16.648827324561402	0.0	0.0	2	0.9958409613108837	-18.135683273618646	138.0	22	1.05	0.95				
	209	1	83.24413662280702	17.12450810526316	0.0	0.0	2	1.0240206294493717	-11.063337102817519	138.0	23	1.05	0.95				
	210	1	92.75775223684211	19.02723122807018	0.0	0.0	2	1.05	-12.337801967476837	138.0	23	1.05	0.95				
	211	1	0.0	0.0	0.0	0.0	2	1.0096563549830562	-7.709144778346681	230.0	23	1.05	0.95				
	212	1	0.0	0.0	0.0	0.0	2	1.0116888466048621	-6.251589485104763	230.0	23	1.05	0.95				
	213	2	126.0554068859649	25.686762157894737	0.0	0.0	2	1.0104331002825702	-5.670391586950904	230.0	24	1.05	0.95				
	214	2	92.28207145614034	18.551550447368424	0.0	0.0	2	1.0111279587748199	-5.428756910337948	230.0	26	1.05	0.95				
	215	2	150.79080748245616	30.44356996491228	0.0	0.0	2	1.0272603551901058	0.5410195364870418	230.0	26	1.05	0.95				
	216	2	47.56807807017544	9.51361561403509	0.0	0.0	2	1.0295793625892429	0.6814144419431875	230.0	26	1.05	0.95				
	217	1	0.0	0.0	0.0	0.0	2	1.0314763025017046	1.7441843492303066	230.0	27	1.05	0.95				
	218	2	158.40169997368423	32.3462930877193	0.0	0.0	2	1.0302639132505513	1.1850007876111825	230.0	27	1.05	0.95				
	219	1	86.09822130701755	17.60018888596491	0.0	0.0	2	1.0333508441491477	1.735303112949279	230.0	25	1.05	0.95				
	220	1	60.88713992982456	12.367700298245616	0.0	0.0	2	1.0404822784593282	3.552224264869348	230.0	25	1.05	0.95				
	221	2	0.0	0.0	0.0	0.0	2	1.032299570999653	1.772731839912089	230.0	27	1.05	0.95				
	222	2	0.0	0.0	0.0	0.0	2	1.05	8.256043427122696	230.0	27	1.05	0.95				
	223	2	0.0	0.0	0.0	0.0	2	1.04589266971367	4.892197546015338	230.0	25	1.05	0.95				
	224	1	0.0	0.0	0.0	0.0	2	1.0102340308984255	-3.341680682703023	230.0	26	1.05	0.95				
	301	2	44.05757672842106	8.974691555789475	0.0	0.0	3	1.0092757569297013	4.759573416609089	138.0	31	1.05	0.95				
	302	2	39.57023095052632	8.158810505263158	0.0	0.0	3	1.0091117173826418	4.636977640002176	138.0	32	1.05	0.95				
	303	1	73.42929454736843	15.093799434736843	0.0	0.0	3	1.0284850041622322	10.446620520689885	138.0	31	1.05	0.95				
	304	1	30.187598869473685	6.119107878947369	0.0	0.0	3	1.0116764558561462	6.001915837891339	138.0	31	1.05	0.95				
	305	1	28.963777293684213	5.711167353684211	0.0	0.0	3	1.0244715259963517	5.137260781698476	138.0	31	1.05	0.95				
	306	1	55.47991143578949	11.422334707368423	0.0	-100.0	3	1.0413298432080837	4.8541439357221385	138.0	32	1.05	0.95				
	307	2	50.99256565789474	10.198513131578949	0.0	0.0	3	0.974663219024766	0.7540167883865111	138.0	32	1.05	0.95				
	308	1	69.75782982000001	14.277918384210528	0.0	0.0	3	0.9899068596616382	2.5041451471331317	138.0	32	1.05	0.95				
	309	1	71.38959192105264	14.685858909473684	0.0	0.0	3	1.026307503086555	8.790467341038196	138.0	33	1.05	0.95				
	310	1	79.5484024263158	16.317621010526317	0.0	0.0	3	1.05	6.829388839500998	138.0	33	1.05	0.95				
	311	1	0.0	0.0	0.0	0.0	3	1.0059291697133947	11.61775370507706	230.0	33	1.05	0.95				
	312	1	0.0	0.0	0.0	0.0	3	1.0126028048574018	11.425696266372242	230.0	33	1.05	0.95				
	313	2	108.10423919473683	22.02878836421053	0.0	0.0	3	1.0099826074603728	14.224649412511987	230.0	34	1.05	0.95				
	314	2	79.14046190105265	15.909680485263161	0.0	0.0	3	0.9993049819830699	13.273441413332781	230.0	36	1.05	0.95				
	315	2	129.31714650842105	26.108193616842108	0.0	0.0	3	1.0273959125624896	15.405990540266561	230.0	36	1.05	0.95				
	316	2	40.794052526315795	8.158810505263158	0.0	0.0	3	1.0242937154500125	15.580896862143277	230.0	36	1.05	0.95				
	317	1	0.0	0.0	0.0	0.0	3	1.0444294452607146	19.948101591505015	230.0	37	1.05	0.95				
	318	2	135.8441949126316	27.739955717894745	0.0	0.0	3	1.0442251812869927	17.248081739179128	230.0	37	1.05	0.95				
	319	1	73.83723507263159	15.093799434736843	0.0	0.0	3	1.0204020895082893	14.501622974029788	230.0	35	1.05	0.95				
	320	1	52.216387233684216	10.606453656842106	0.0	0.0	3	1.0183121334332448	13.624036762444476	230.0	35	1.05	0.95				
	321	2	0.0	0.0	0.0	0.0	3	1.0400746424153764	17.28319233948897	230.0	37	1.05	0.95				
	322	2	0.0	0.0	0.0	0.0	3	1.05	22.654576387763473	230.0	37	1.05	0.95				
	323	2	0.0	0.0	0.0	0.0	3	1.0173372122673714	13.346136507526621	230.0	35	1.05	0.95				
	324	1	0.0	0.0	0.0	0.0	3	1.0219636098604095	14.464669891144203	230.0	36	1.05	0.95				
	325	1	0.0	0.0	0.0	0.0	3	1.0204084153186366	13.211810887320041	230.0	35	1.05	0.95				
];
