%% MATPOWER Case Format : Version 2
function mpc = RTS_GMLC
mpc.version = '2';

%%-----  Power Flow Data  -----%%
%% system MVA base
mpc.baseMVA = 100.0;
%% bus data
%    bus_i    type    Pd    Qd    Gs    Bs    area    Vm    Va    baseKV    zone    Vmax    Vmin
mpc.bus = [
	101	2	89.02919345684211	18.13557644491228	0.0	0.0	1	1.0438497011158794	-1.652179940162994	138.0	11	1.05	0.95				
	102	2	79.96140523438596	16.486887677192986	0.0	0.0	1	1.04371998847996	-1.764809825683399	138.0	12	1.05	0.95				
	103	1	148.38198909473687	30.500742202807018	0.0	0.0	1	1.024562732219622	-2.3642493583185327	138.0	11	1.05	0.95				
	104	1	61.001484405614036	12.365165757894736	0.0	0.0	1	1.022763547461134	-4.825770041946272	138.0	11	1.05	0.95				
	105	1	58.52845125403508	11.540821374035088	0.0	0.0	1	1.0355151295900253	-5.4359937392174675	138.0	11	1.05	0.95				
	106	1	112.11083620491229	23.081642748070177	0.0	-100.0	1	1.0361557897791136	-8.310703009676963	138.0	12	1.05	0.95				
	107	2	103.04304798245613	20.608609596491227	0.0	0.0	1	1.044901648276791	-5.73009038900518	138.0	12	1.05	0.95				
	108	1	140.96288964000001	28.852053435087715	0.0	0.0	1	1.0205234526671614	-8.353933433445755	138.0	12	1.05	0.95				
	109	1	144.2602671754386	29.67639781894737	0.0	0.0	1	1.0274436508959002	-5.072489857532434	138.0	13	1.05	0.95				
	110	1	160.74715485263158	32.97377535438597	0.0	0.0	1	1.05	-6.724499274654252	138.0	13	1.05	0.95				
	111	1	0.0	0.0	0.0	0.0	1	1.0160694561624983	-2.2308158407412266	230.0	13	1.05	0.95				
	112	1	0.0	0.0	0.0	0.0	1	1.018033001279379	-1.390584824094118	230.0	13	1.05	0.95				
	113	3	218.45126172280703	44.514596728421054	0.0	0.0	1	1.019006716385234	9.5107849298022e-30	230.0	14	1.05	0.95				
	114	2	159.92281046877193	32.14943097052632	0.0	0.0	1	1.0193274376963022	-0.48982405984151195	230.0	16	1.05	0.95				
	115	2	261.3171696835088	52.75804056701755	0.0	0.0	1	1.0443635986099449	7.745740379915733	230.0	16	1.05	0.95				
	116	2	82.43443838596491	16.486887677192986	0.0	0.0	1	1.0432809705570105	6.980242999298278	230.0	16	1.05	0.95				
	117	1	0.0	0.0	0.0	0.0	1	1.046287726206667	10.058022305013731	230.0	17	1.05	0.95				
	118	2	274.5066798252632	56.055418102456144	0.0	0.0	1	1.0480303398081616	10.665840874788861	230.0	17	1.05	0.95				
	119	1	149.20633347859652	30.500742202807018	0.0	0.0	1	1.0371651096341516	5.634643258296654	230.0	15	1.05	0.95				
	120	1	105.5160811340351	21.432953980350877	0.0	0.0	1	1.0384079135830862	5.554823610552504	230.0	15	1.05	0.95				
	121	2	0.0	0.0	0.0	0.0	1	1.05	12.42366882392712	230.0	17	1.05	0.95				
	122	2	0.0	0.0	0.0	0.0	1	1.05	18.00706057009813	230.0	17	1.05	0.95				
	123	2	0.0	0.0	0.0	0.0	1	1.04145578875494	6.1195812704511745	230.0	15	1.05	0.95				
	124	1	0.0	0.0	0.0	0.0	1	1.024285007907648	3.9941914023875937	230.0	16	1.05	0.95				
	201	2	84.65921613473685	17.245395879298243	0.0	0.0	2	1.041244201723638	-12.440683132379066	138.0	21	1.05	0.95				
	202	2	76.03651819508772	15.67763261754386	0.0	0.0	2	1.041541977618264	-12.52012482577914	138.0	22	1.05	0.95				
	203	1	141.09869355789476	29.003620342456138	0.0	0.0	2	1.0261931870271597	-9.385333822014326	138.0	21	1.05	0.95				
	204	1	58.007240684912276	11.758224463157894	0.0	0.0	2	1.0194037686911268	-13.822639949489544	138.0	21	1.05	0.95				
	205	1	55.6555957922807	10.974342832280701	0.0	0.0	2	1.0356904190998304	-14.256231592645483	138.0	21	1.05	0.95				
	206	1	106.60790179929825	21.948685664561403	0.0	-100.0	2	1.0379432391177603	-16.01090547824431	138.0	22	1.05	0.95				
	207	2	97.98520385964913	19.597040771929823	0.0	0.0	2	0.9510438587433938	-27.715231732476735	138.0	22	1.05	0.95				
	208	1	134.04375887999998	27.43585708070175	0.0	0.0	2	0.9575141376751841	-23.758399077259977	138.0	22	1.05	0.95				
	209	1	137.17928540350877	28.219738711578945	0.0	0.0	2	1.0262597831258617	-11.727017156049147	138.0	23	1.05	0.95				
	210	1	152.85691802105262	31.35526523508772	0.0	0.0	2	1.05	-13.64232652451677	138.0	23	1.05	0.95				
	211	1	0.0	0.0	0.0	0.0	2	1.0308145433567748	-7.905338581996774	230.0	23	1.05	0.95				
	212	1	0.0	0.0	0.0	0.0	2	1.0258728830472204	-2.890978415045747	230.0	23	1.05	0.95				
	213	2	207.72863218245612	42.329608067368426	0.0	0.0	2	1.0415941262828716	-5.145244468210576	230.0	24	1.05	0.95				
	214	2	152.07303639017545	30.571383604210528	0.0	0.0	2	1.0466055011009194	-5.722425340106716	230.0	26	1.05	0.95				
	215	2	248.49047698807016	50.16842437614035	0.0	0.0	2	1.0454560896300622	2.2214988437775984	230.0	26	1.05	0.95				
	216	2	78.38816308771929	15.67763261754386	0.0	0.0	2	1.0476598257210987	2.2124438748046384	230.0	26	1.05	0.95				
	217	1	0.0	0.0	0.0	0.0	2	1.0489254749650205	4.966435965924276	230.0	27	1.05	0.95				
	218	2	261.0325830821053	53.303950899649124	0.0	0.0	2	1.049754849599292	5.347885109859767	230.0	27	1.05	0.95				
	219	1	141.88257518877194	29.003620342456138	0.0	0.0	2	1.0427357656129077	2.381540955258052	230.0	25	1.05	0.95				
	220	1	100.3368487522807	20.380922402807016	0.0	0.0	2	1.0455845243864292	3.9962257118911113	230.0	25	1.05	0.95				
	221	2	0.0	0.0	0.0	0.0	2	1.05	5.482686675215168	230.0	27	1.05	0.95				
	222	2	0.0	0.0	0.0	0.0	2	1.05	11.792313786113633	230.0	27	1.05	0.95				
	223	2	0.0	0.0	0.0	0.0	2	1.05	5.449426859748445	230.0	25	1.05	0.95				
	224	1	0.0	0.0	0.0	0.0	2	1.0236716419947465	-2.0917963665256716	230.0	26	1.05	0.95				
	301	2	70.14362544000001	14.288516293333334	0.0	0.0	3	1.0020656070333647	2.51750248143217	138.0	31	1.05	0.95				
	302	2	62.99936729333333	12.989560266666667	0.0	0.0	3	1.0040380693432067	2.4514954737047874	138.0	32	1.05	0.95				
	303	1	116.9060424	24.030686493333334	0.0	0.0	3	1.0152892475804807	5.936756406557992	138.0	31	1.05	0.95				
	304	1	48.06137298666667	9.7421702	0.0	0.0	3	1.003528846754089	4.785150899688667	138.0	31	1.05	0.95				
	305	1	46.11293894666667	9.092692186666667	0.0	0.0	3	1.0157807535521968	4.723949117492183	138.0	31	1.05	0.95				
	306	1	88.32900981333334	18.185384373333335	0.0	-100.0	3	1.0322640498787108	5.233316337977952	138.0	32	1.05	0.95				
	307	2	81.18475166666667	16.236950333333333	0.0	0.0	3	0.9866297606328231	1.1226457187012184	138.0	32	1.05	0.95				
	308	1	111.06074027999999	22.731730466666665	0.0	0.0	3	0.997025389861193	4.070051205902538	138.0	32	1.05	0.95				
	309	1	113.65865233333335	23.381208479999998	0.0	0.0	3	1.0268182228698022	9.33782007570298	138.0	33	1.05	0.95				
	310	1	126.6482126	25.979120533333333	0.0	0.0	3	1.05	9.004352537569323	138.0	33	1.05	0.95				
	311	1	0.0	0.0	0.0	0.0	3	1.0167436417358087	15.842613620706937	230.0	33	1.05	0.95				
	312	1	0.0	0.0	0.0	0.0	3	1.02227350016249	17.217413232071795	230.0	33	1.05	0.95				
	313	2	172.11167353333332	35.071812720000004	0.0	0.0	3	1.0457232364288167	24.763024736540483	230.0	34	1.05	0.95				
	314	2	125.99873458666666	25.32964252	0.0	0.0	3	1.0187503150205168	14.502917679806012	230.0	36	1.05	0.95				
	315	2	205.88453022666667	41.56659285333333	0.0	0.0	3	1.0367358754415632	9.514722052731514	230.0	36	1.05	0.95				
	316	2	64.94780133333333	12.989560266666667	0.0	0.0	3	1.0382832806489573	11.150689003073744	230.0	36	1.05	0.95				
	317	1	0.0	0.0	0.0	0.0	3	1.041174120786588	9.987139965128854	230.0	37	1.05	0.95				
	318	2	216.27617844000002	44.16450490666667	0.0	0.0	3	1.039618430055588	8.820154948613228	230.0	37	1.05	0.95				
	319	1	117.55552041333333	24.030686493333334	0.0	0.0	3	1.0376130158775365	13.674208695605873	230.0	35	1.05	0.95				
	320	1	83.13318570666667	16.88642834666667	0.0	0.0	3	1.0402254095666639	15.635497352988553	230.0	35	1.05	0.95				
	321	2	0.0	0.0	0.0	0.0	3	1.040214712146455	9.656562852750376	230.0	37	1.05	0.95				
	322	2	0.0	0.0	0.0	0.0	3	1.05	14.105034489660811	230.0	37	1.05	0.95				
	323	2	0.0	0.0	0.0	0.0	3	1.0417344777598527	16.354994495395083	230.0	35	1.05	0.95				
	324	1	0.0	0.0	0.0	0.0	3	1.0248588399440268	10.011969048631473	230.0	36	1.05	0.95				
	325	1	0.0	0.0	0.0	0.0	3	1.0437941790518857	16.02597194379779	230.0	35	1.05	0.95				
];
