%% MATPOWER Case Format : Version 2
function mpc = RTS_GMLC
mpc.version = '2';

%%-----  Power Flow Data  -----%%
%% system MVA base
mpc.baseMVA = 100.0;
%% bus data
%    bus_i    type    Pd    Qd    Gs    Bs    area    Vm    Va    baseKV    zone    Vmax    Vmin
mpc.bus = [
	101	2	99.66353290105263	20.30183077614035	0.0	0.0	1	1.0444559175350925	-3.4079825335051943	138.0	11	1.05	0.95				
	102	2	89.51261751298244	18.45620979649123	0.0	0.0	1	1.0443702145490807	-3.536613598672647	138.0	12	1.05	0.95				
	103	1	166.10588816842105	34.14398812350877	0.0	0.0	1	1.0204632516695737	-3.2932418636429786	138.0	11	1.05	0.95				
	104	1	68.28797624701754	13.842157347368419	0.0	0.0	1	1.0204246522660243	-6.646551652143438	138.0	11	1.05	0.95				
	105	1	65.51954477754386	12.919346857543859	0.0	0.0	1	1.0345384524234484	-7.176368361303707	138.0	11	1.05	0.95				
	106	1	125.50222661614036	25.838693715087718	0.0	-100.0	1	1.0333984484941319	-10.129284721411304	138.0	12	1.05	0.95				
	107	2	115.35131122807016	23.070262245614035	0.0	0.0	1	1.05	-7.878862943836755	138.0	12	1.05	0.95				
	108	1	157.80059376	32.29836714385964	0.0	0.0	1	1.0204840758569311	-10.439769332857553	138.0	12	1.05	0.95				
	109	1	161.49183571929825	33.221177633684206	0.0	0.0	1	1.0274762629612166	-6.265407502916575	138.0	13	1.05	0.95				
	110	1	179.94804551578946	36.91241959298246	0.0	0.0	1	1.05	-8.140815948223798	138.0	13	1.05	0.95				
	111	1	0.0	0.0	0.0	0.0	1	1.021121401821743	-2.676502058025299	230.0	13	1.05	0.95				
	112	1	0.0	0.0	0.0	0.0	1	1.0204778140439357	-1.7090570493631798	230.0	13	1.05	0.95				
	113	3	244.54477980350876	49.83176645052632	0.0	0.0	1	1.0273889211517497	1.7471313573784695e-29	230.0	14	1.05	0.95				
	114	2	179.0252350259649	35.989609103157896	0.0	0.0	1	1.029663806951605	-0.5413624220261296	230.0	16	1.05	0.95				
	115	2	292.53092527438594	59.05987134877193	0.0	0.0	1	1.0430346400097508	8.648776153200428	230.0	16	1.05	0.95				
	116	2	92.28104898245614	18.45620979649123	0.0	0.0	1	1.0442697670750454	8.144701977861581	230.0	16	1.05	0.95				
	117	1	0.0	0.0	0.0	0.0	1	1.046879620945114	12.056316202291553	230.0	17	1.05	0.95				
	118	2	307.29589311157895	62.75111330807018	0.0	0.0	1	1.05	12.83493163263549	230.0	17	1.05	0.95				
	119	1	167.02869865824562	34.14398812350877	0.0	0.0	1	1.0401674559444454	6.654543395996927	230.0	15	1.05	0.95				
	120	1	118.11974269754386	23.9930727354386	0.0	0.0	1	1.0442928870149017	6.614405525042064	230.0	15	1.05	0.95				
	121	2	0.0	0.0	0.0	0.0	1	1.05	13.647332398025457	230.0	17	1.05	0.95				
	122	2	0.0	0.0	0.0	0.0	1	1.05	22.097698248072287	230.0	17	1.05	0.95				
	123	2	0.0	0.0	0.0	0.0	1	1.0493699636065474	7.2626759364149684	230.0	15	1.05	0.95				
	124	1	0.0	0.0	0.0	0.0	1	1.0196063691995718	4.224402477461171	230.0	16	1.05	0.95				
	201	2	102.79804816421054	20.940343144561403	0.0	0.0	2	1.05	-13.132218335487638	138.0	21	1.05	0.95				
	202	2	92.32787659192982	19.036675585964915	0.0	0.0	2	1.05	-13.145411569089562	138.0	22	1.05	0.95				
	203	1	171.33008027368422	35.217849834035086	0.0	0.0	2	1.022591527738417	-10.217627021165791	138.0	21	1.05	0.95				
	204	1	70.43569966807017	14.277506689473684	0.0	0.0	2	1.0177804236866197	-14.469254436362018	138.0	21	1.05	0.95				
	205	1	67.58019833017543	13.32567291017544	0.0	0.0	2	1.0354163522526905	-14.933668327454162	138.0	21	1.05	0.95				
	206	1	129.44939398456142	26.65134582035088	0.0	-100.0	2	1.031094679535819	-16.820728445889223	138.0	22	1.05	0.95				
	207	2	118.97922241228072	23.79584448245614	0.0	0.0	2	0.95	-25.881370039092776	138.0	22	1.05	0.95				
	208	1	162.76357626	33.3141822754386	0.0	0.0	2	0.9514899649235755	-23.38674155700857	138.0	22	1.05	0.95				
	209	1	166.57091137719297	34.266016054736845	0.0	0.0	2	1.0228068222332474	-11.71389100893606	138.0	23	1.05	0.95				
	210	1	185.6075869631579	38.07335117192983	0.0	0.0	2	1.0451694631647963	-13.789138151648782	138.0	23	1.05	0.95				
	211	1	0.0	0.0	0.0	0.0	2	1.0312010557815705	-6.784292549928049	230.0	23	1.05	0.95				
	212	1	0.0	0.0	0.0	0.0	2	1.0251734194203084	-1.6747368382009533	230.0	23	1.05	0.95				
	213	2	252.2359515140351	51.39902408210527	0.0	0.0	2	1.05	-2.317181163070425	230.0	24	1.05	0.95				
	214	2	184.65575318385964	37.12151739263158	0.0	0.0	2	1.05	-5.028904993594439	230.0	26	1.05	0.95				
	215	2	301.73130803754384	60.91736187508773	0.0	0.0	2	1.0451304197960085	3.580848834088032	230.0	26	1.05	0.95				
	216	2	95.18337792982456	19.036675585964915	0.0	0.0	2	1.0487046123373966	3.3509627476695925	230.0	26	1.05	0.95				
	217	1	0.0	0.0	0.0	0.0	2	1.05	6.356924123914375	230.0	27	1.05	0.95				
	218	2	316.9606485063158	64.72469699228071	0.0	0.0	2	1.05	6.870026288334881	230.0	27	1.05	0.95				
	219	1	172.28191405298247	35.217849834035086	0.0	0.0	2	1.0417397728210878	3.028887611675023	230.0	25	1.05	0.95				
	220	1	121.83472375017546	24.747678261754388	0.0	0.0	2	1.0447436969743855	4.529303567375635	230.0	25	1.05	0.95				
	221	2	0.0	0.0	0.0	0.0	2	1.05	7.505632333963182	230.0	27	1.05	0.95				
	222	2	0.0	0.0	0.0	0.0	2	1.05	13.56695767967559	230.0	27	1.05	0.95				
	223	2	0.0	0.0	0.0	0.0	2	1.05	6.039763289324642	230.0	25	1.05	0.95				
	224	1	0.0	0.0	0.0	0.0	2	1.0190690178701023	-1.5352756231808955	230.0	26	1.05	0.95				
	301	2	92.55678582315791	18.85416007508772	0.0	0.0	3	0.9720298970123201	-13.510048991781645	138.0	31	1.05	0.95				
	302	2	83.12970578561404	17.140145522807018	0.0	0.0	3	0.9736650480430518	-13.930652433494515	138.0	32	1.05	0.95				
	303	1	154.26130970526316	31.709269217192983	0.0	0.0	3	0.9807251840183427	-7.930943576847317	138.0	31	1.05	0.95				
	304	1	63.418538434385965	12.855109142105261	0.0	0.0	3	0.9598197395775758	-11.713101190858445	138.0	31	1.05	0.95				
	305	1	60.84751660596491	11.998101865964914	0.0	0.0	3	0.9725506370251187	-12.060813375609248	138.0	31	1.05	0.95				
	306	1	116.55298955508772	23.99620373192983	0.0	-100.0	3	0.9786170313478973	-12.261909969992695	138.0	32	1.05	0.95				
	307	2	107.12590951754386	21.425181903508772	0.0	0.0	3	0.9530418053148332	-14.438379863811186	138.0	32	1.05	0.95				
	308	1	146.54824422	29.99525466491228	0.0	0.0	3	0.95	-12.686167221361416	138.0	32	1.05	0.95				
	309	1	149.97627332456142	30.85226194105263	0.0	0.0	3	0.9825226098062948	-6.061886910290917	138.0	33	1.05	0.95				
	310	1	167.1164188473684	34.280291045614035	0.0	0.0	3	0.9997716261129206	-7.57407712473873	138.0	33	1.05	0.95				
	311	1	0.0	0.0	0.0	0.0	3	0.9799103251053674	1.6277063799365787	230.0	33	1.05	0.95				
	312	1	0.0	0.0	0.0	0.0	3	0.9827436203296324	3.3382244790606954	230.0	33	1.05	0.95				
	313	2	227.10692817719297	46.278392911578955	0.0	0.0	3	1.0152836526265925	11.164356547355613	230.0	34	1.05	0.95				
	314	2	166.25941157122807	33.423283769473684	0.0	0.0	3	0.992965679193274	1.29108838021382	230.0	36	1.05	0.95				
	315	2	271.6713065364912	54.848465672982464	0.0	0.0	3	1.0298890843509987	1.1309002806908288	230.0	36	1.05	0.95				
	316	2	85.70072761403509	17.140145522807018	0.0	0.0	3	1.026400780988103	2.2114995620616056	230.0	36	1.05	0.95				
	317	1	0.0	0.0	0.0	0.0	3	1.0344848388642913	3.2267612432658868	230.0	37	1.05	0.95				
	318	2	285.3834229547369	58.27649477754386	0.0	0.0	3	1.03519431971138	2.7795782745093094	230.0	37	1.05	0.95				
	319	1	155.1183169814035	31.709269217192983	0.0	0.0	3	1.0206832008641555	3.9527039018323373	230.0	35	1.05	0.95				
	320	1	109.69693134596493	22.282189179649123	0.0	0.0	3	1.0215855581430464	5.892047923562825	230.0	35	1.05	0.95				
	321	2	0.0	0.0	0.0	0.0	3	1.0381696704608872	3.9385136390319486	230.0	37	1.05	0.95				
	322	2	0.0	0.0	0.0	0.0	3	1.05	9.41341478954494	230.0	37	1.05	0.95				
	323	2	0.0	0.0	0.0	0.0	3	1.023232899480589	6.763863548946381	230.0	35	1.05	0.95				
	324	1	0.0	0.0	0.0	0.0	3	1.002625344865085	-0.2900789319987023	230.0	36	1.05	0.95				
	325	1	0.0	0.0	0.0	0.0	3	1.0245617873255572	7.364024914453728	230.0	35	1.05	0.95				
];

%% generator data
%    bus    Pg    Qg    Qmax    Qmin    Vg    mBase    status    Pmax    Pmin    Pc1    Pc2    Qc1min    Qc1max    Qc2min    Qc2max    ramp_agc    ramp_10    ramp_30    ramp_q    apf
