%% MATPOWER Case Format : Version 2
function mpc = RTS_GMLC
mpc.version = '2';

%%-----  Power Flow Data  -----%%
%% system MVA base
mpc.baseMVA = 100.0;
%% bus data
%    bus_i    type    Pd    Qd    Gs    Bs    area    Vm    Va    baseKV    zone    Vmax    Vmin
mpc.bus = [
	101	2	106.12963879578949	21.6190004954386	0.0	0.0	1	1.0488037671724961	-4.897539169552012	138.0	11	1.05	0.95				
	102	2	95.32013854807018	19.653636814035092	0.0	0.0	1	1.0486206503892428	-5.034959899074207	138.0	12	1.05	0.95				
	103	1	176.8827313263158	36.35922810596492	0.0	0.0	1	1.0186794391946905	-5.421084248956926	138.0	11	1.05	0.95				
	104	1	72.71845621192983	14.740227610526317	0.0	0.0	1	1.0218946186907236	-8.007788270046422	138.0	11	1.05	0.95				
	105	1	69.77041068982456	13.757545769824564	0.0	0.0	1	1.0360440956397878	-8.569092426940696	138.0	11	1.05	0.95				
	106	1	133.64473033543862	27.515091539649127	0.0	-100.0	1	1.0327123049856088	-11.527919460971125	138.0	12	1.05	0.95				
	107	2	122.83523008771931	24.567046017543863	0.0	0.0	1	1.05	-6.978757552253215	138.0	12	1.05	0.95				
	108	1	168.03859476	34.39386442456141	0.0	0.0	1	1.0186348804346617	-10.59560028744278	138.0	12	1.05	0.95				
	109	1	171.96932212280703	35.37654626526316	0.0	0.0	1	1.0278903144093114	-7.447832244450973	138.0	13	1.05	0.95				
	110	1	191.6229589368421	39.307273628070185	0.0	0.0	1	1.05	-9.266560958482353	138.0	13	1.05	0.95				
	111	1	0.0	0.0	0.0	0.0	1	1.0231992181728544	-3.638069277675384	230.0	13	1.05	0.95				
	112	1	0.0	0.0	0.0	0.0	1	1.0218576099977184	-2.343950784428332	230.0	13	1.05	0.95				
	113	3	260.4106877859649	53.064819397894745	0.0	0.0	1	1.0327867878567294	1.243661832342057e-28	230.0	14	1.05	0.95				
	114	2	190.64027709614035	38.32459178736842	0.0	0.0	1	1.0318521622712242	-2.1825954513405996	230.0	16	1.05	0.95				
	115	2	311.5101435024561	62.89163780491228	0.0	0.0	1	1.0428441053903637	6.262974897248978	230.0	16	1.05	0.95				
	116	2	98.26818407017545	19.653636814035092	0.0	0.0	1	1.044908343558201	5.9222120172000885	230.0	16	1.05	0.95				
	117	1	0.0	0.0	0.0	0.0	1	1.047819158709593	9.369922281035256	230.0	17	1.05	0.95				
	118	2	327.23305295368425	66.82236516771931	0.0	0.0	1	1.05	10.208463627303013	230.0	17	1.05	0.95				
	119	1	177.86541316701755	36.35922810596492	0.0	0.0	1	1.0401915184808324	4.922120509921151	230.0	15	1.05	0.95				
	120	1	125.78327560982456	25.549727858245618	0.0	0.0	1	1.0444113810767732	5.464713416380981	230.0	15	1.05	0.95				
	121	2	0.0	0.0	0.0	0.0	1	1.05	11.217831059077135	230.0	17	1.05	0.95				
	122	2	0.0	0.0	0.0	0.0	1	1.05	17.084457199083378	230.0	17	1.05	0.95				
	123	2	0.0	0.0	0.0	0.0	1	1.0499999921546523	6.473283008410251	230.0	15	1.05	0.95				
	124	1	0.0	0.0	0.0	0.0	1	1.0191676337378115	1.9414190882166598	230.0	16	1.05	0.95				
	201	2	100.87706595789474	20.549031954385963	0.0	0.0	2	1.05	-10.856530779362254	138.0	21	1.05	0.95				
	202	2	90.60254998070174	18.68093814035088	0.0	0.0	2	1.05	-10.854019831409547	138.0	22	1.05	0.95				
	203	1	168.1284432631579	34.55973555964912	0.0	0.0	2	1.0243180767800641	-8.57026079512096	138.0	21	1.05	0.95				
	204	1	69.11947111929824	14.010703605263156	0.0	0.0	2	1.0188039174648955	-12.216829546284945	138.0	21	1.05	0.95				
	205	1	66.3173303982456	13.076656698245614	0.0	0.0	2	1.0361190540492644	-12.622571378224281	138.0	21	1.05	0.95				
	206	1	127.03037935438597	26.153313396491228	0.0	-100.0	2	1.0323612053879287	-14.469282152110395	138.0	22	1.05	0.95				
	207	2	116.75586337719297	23.351172675438594	0.0	0.0	2	0.95	-23.970125332632193	138.0	22	1.05	0.95				
	208	1	159.72202109999998	32.69164174561403	0.0	0.0	2	0.9522375022231824	-21.271206997602274	138.0	22	1.05	0.95				
	209	1	163.45820872807016	33.625688652631574	0.0	0.0	2	1.023932308860189	-9.572330504412296	138.0	23	1.05	0.95				
	210	1	182.13914686842102	37.36187628070176	0.0	0.0	2	1.0460618797745804	-11.50003559647487	138.0	23	1.05	0.95				
	211	1	0.0	0.0	0.0	0.0	2	1.031518970802281	-4.618705659754758	230.0	23	1.05	0.95				
	212	1	0.0	0.0	0.0	0.0	2	1.0252722358715751	0.550939706900569	230.0	23	1.05	0.95				
	213	2	247.5224303596491	50.43853297894737	0.0	0.0	2	1.05	0.14954434939489034	230.0	24	1.05	0.95				
	214	2	181.20509996140348	36.427829373684204	0.0	0.0	2	1.05	-3.1650689486150525	230.0	26	1.05	0.95				
	215	2	296.09286952456137	59.779002049122795	0.0	0.0	2	1.0464299591781059	4.65266371924788	230.0	26	1.05	0.95				
	216	2	93.40469070175438	18.68093814035088	0.0	0.0	2	1.0496038213286065	4.6678550733937545	230.0	26	1.05	0.95				
	217	1	0.0	0.0	0.0	0.0	2	1.05	7.249987184016156	230.0	27	1.05	0.95				
	218	2	311.0376200368421	63.515189677192986	0.0	0.0	2	1.0491502964546853	7.8471437444072905	230.0	27	1.05	0.95				
	219	1	169.06249017017544	34.55973555964912	0.0	0.0	2	1.0422172698259786	4.823585327105373	230.0	25	1.05	0.95				
	220	1	119.55800409824559	24.28521958245614	0.0	0.0	2	1.0447997669399085	6.707020951183954	230.0	25	1.05	0.95				
	221	2	0.0	0.0	0.0	0.0	2	1.05	8.508488266084989	230.0	27	1.05	0.95				
	222	2	0.0	0.0	0.0	0.0	2	1.05	14.526652905288628	230.0	27	1.05	0.95				
	223	2	0.0	0.0	0.0	0.0	2	1.05	8.414553279861526	230.0	25	1.05	0.95				
	224	1	0.0	0.0	0.0	0.0	2	1.0213436769698152	-0.2512833317517877	230.0	26	1.05	0.95				
	301	2	90.33596962105264	18.401771589473686	0.0	0.0	3	0.979694151314629	-7.85293494310266	138.0	31	1.05	0.95				
	302	2	81.1350838263158	16.728883263157897	0.0	0.0	3	0.9812366158733375	-8.253766198715304	138.0	32	1.05	0.95				
	303	1	150.5599493684211	30.94843403684211	0.0	0.0	3	0.9886155942593545	-2.42743337931145	138.0	31	1.05	0.95				
	304	1	61.89686807368422	12.546662447368423	0.0	0.0	3	0.9684946974165145	-6.177454289530387	138.0	31	1.05	0.95				
	305	1	59.387535584210525	11.710218284210528	0.0	0.0	3	0.9815825470952937	-6.42109246616384	138.0	31	1.05	0.95				
	306	1	113.75640618947371	23.420436568421056	0.0	-100.0	3	0.9886949345991521	-6.594853541336726	138.0	32	1.05	0.95				
	307	2	104.55552039473686	20.91110407894737	0.0	0.0	3	0.9537736148241487	-8.824701440169125	138.0	32	1.05	0.95				
	308	1	143.03195190000002	29.27554571052632	0.0	0.0	3	0.9558060545777386	-6.909302330733431	138.0	32	1.05	0.95				
	309	1	146.3777285526316	30.111989873684212	0.0	0.0	3	0.9905535330815542	-0.7966845655678091	138.0	33	1.05	0.95				
	310	1	163.1066118157895	33.457766526315794	0.0	0.0	3	1.009194622407656	-2.080399161105421	138.0	33	1.05	0.95				
	311	1	0.0	0.0	0.0	0.0	3	0.9868234269479804	6.614237810738244	230.0	33	1.05	0.95				
	312	1	0.0	0.0	0.0	0.0	3	0.9900801160070413	7.903069308529099	230.0	33	1.05	0.95				
	313	2	221.65770323684214	45.16798481052632	0.0	0.0	3	1.0201227499876795	15.685779101499742	230.0	34	1.05	0.95				
	314	2	162.2701676526316	32.6213223631579	0.0	0.0	3	0.9974641793083715	6.352571051811057	230.0	36	1.05	0.95				
	315	2	265.15279972105265	53.532426442105276	0.0	0.0	3	1.0303832527249357	5.632030958812735	230.0	36	1.05	0.95				
	316	2	83.64441631578948	16.728883263157897	0.0	0.0	3	1.0271009454032984	6.527732349565695	230.0	36	1.05	0.95				
	317	1	0.0	0.0	0.0	0.0	3	1.034915981270546	7.434400707139558	230.0	37	1.05	0.95				
	318	2	278.535906331579	56.878203094736854	0.0	0.0	3	1.0359617474282699	7.067696825817123	230.0	37	1.05	0.95				
	319	1	151.39639353157895	30.94843403684211	0.0	0.0	3	1.0218131655508877	7.790830779812544	230.0	35	1.05	0.95				
	320	1	107.06485288421055	21.747548242105267	0.0	0.0	3	1.0219925985706013	9.104732443919277	230.0	35	1.05	0.95				
	321	2	0.0	0.0	0.0	0.0	3	1.0391980838366788	8.491537166308676	230.0	37	1.05	0.95				
	322	2	0.0	0.0	0.0	0.0	3	1.05	13.832467890622144	230.0	37	1.05	0.95				
	323	2	0.0	0.0	0.0	0.0	3	1.0232287564019023	9.773163627573354	230.0	35	1.05	0.95				
	324	1	0.0	0.0	0.0	0.0	3	1.0068388748271975	4.437843319749177	230.0	36	1.05	0.95				
	325	1	0.0	0.0	0.0	0.0	3	1.026055518859388	9.910714089018082	230.0	35	1.05	0.95				
];
