%% MATPOWER Case Format : Version 2
function mpc = RTS_GMLC
mpc.version = '2';

%%-----  Power Flow Data  -----%%
%% system MVA base
mpc.baseMVA = 100.0;
%% bus data
%    bus_i    type    Pd    Qd    Gs    Bs    area    Vm    Va    baseKV    zone    Vmax    Vmin
mpc.bus = [
	101	2	64.2068283031579	13.079168728421052	0.0	0.0	1	1.034287011216067	-2.0118103242012846	138.0	11	1.05	0.95				
	102	2	57.66724393894738	11.890153389473685	0.0	0.0	1	1.033821576645007	-2.1778849012056116	138.0	12	1.05	0.95				
	103	1	107.01138050526318	21.996783770526317	0.0	0.0	1	1.0243457840484296	-2.5829310340270344	138.0	11	1.05	0.95				
	104	1	43.993567541052634	8.917615042105263	0.0	0.0	1	1.0190203688094757	-4.951664930107213	138.0	11	1.05	0.95				
	105	1	42.21004453263158	8.323107372631581	0.0	0.0	1	1.034267281175603	-4.9100464718362185	138.0	11	1.05	0.95				
	106	1	80.85304304842107	16.646214745263162	0.0	-100.0	1	1.041075029733906	-7.117413737423337	138.0	12	1.05	0.95				
	107	2	74.31345868421053	14.862691736842107	0.0	0.0	1	1.0084127272946102	-10.905552323355426	138.0	12	1.05	0.95				
	108	1	101.66081148	20.80776843157895	0.0	0.0	1	1.0044869697643866	-10.44419213646592	138.0	12	1.05	0.95				
	109	1	104.03884215789473	21.402276101052635	0.0	0.0	1	1.0253762044257697	-4.81642085569184	138.0	13	1.05	0.95				
	110	1	115.92899554736844	23.78030677894737	0.0	0.0	1	1.05	-5.97721954639235	138.0	13	1.05	0.95				
	111	1	0.0	0.0	0.0	0.0	1	1.0101780486386192	-1.8101437761453794	230.0	13	1.05	0.95				
	112	1	0.0	0.0	0.0	0.0	1	1.0131096178548709	-1.2996039736956	230.0	13	1.05	0.95				
	113	3	157.54453241052633	32.10341415157895	0.0	0.0	1	1.0094190033501298	-2.964279623325305e-29	230.0	14	1.05	0.95				
	114	2	115.33448787789476	23.185799109473688	0.0	0.0	1	1.011413217807901	0.2693467139646642	230.0	16	1.05	0.95				
	115	2	188.45893122315792	38.048490846315794	0.0	0.0	1	1.041075655385406	7.33081317199263	230.0	16	1.05	0.95				
	116	2	59.45076694736843	11.890153389473685	0.0	0.0	1	1.0383542209494554	6.766701303937616	230.0	16	1.05	0.95				
	117	1	0.0	0.0	0.0	0.0	1	1.0425052531053878	9.4836404962084	230.0	17	1.05	0.95				
	118	2	197.97105393473686	40.426521524210536	0.0	0.0	1	1.0447095682942154	9.639038992519346	230.0	17	1.05	0.95				
	119	1	107.60588817473686	21.996783770526317	0.0	0.0	1	1.0318601355289816	5.322765319595267	230.0	15	1.05	0.95				
	120	1	76.09698169263159	15.457199406315791	0.0	0.0	1	1.0312795153128864	5.202531001244724	230.0	15	1.05	0.95				
	121	2	0.0	0.0	0.0	0.0	1	1.0475726270373649	11.1472584547554	230.0	17	1.05	0.95				
	122	2	0.0	0.0	0.0	0.0	1	1.05	19.335392931206805	230.0	17	1.05	0.95				
	123	2	0.0	0.0	0.0	0.0	1	1.0322629000461137	5.585655185643493	230.0	15	1.05	0.95				
	124	1	0.0	0.0	0.0	0.0	1	1.0224206613130624	3.641399425654698	230.0	16	1.05	0.95				
	201	2	60.16244293894737	12.255312450526315	0.0	0.0	2	1.030161970400695	-10.386665544257733	138.0	21	1.05	0.95				
	202	2	54.0347867136842	11.141193136842105	0.0	0.0	2	1.0305491471431207	-10.36762389654902	138.0	22	1.05	0.95				
	203	1	100.27073823157895	20.611207303157894	0.0	0.0	2	1.0200041026336888	-9.522296060145166	138.0	21	1.05	0.95				
	204	1	41.22241460631579	8.355894852631577	0.0	0.0	2	1.0178147915764266	-12.357530078531537	138.0	21	1.05	0.95				
	205	1	39.551235635789475	7.798835195789473	0.0	0.0	2	1.0330202696975044	-12.564774035611022	138.0	21	1.05	0.95				
	206	1	75.76011333052631	15.597670391578946	0.0	-100.0	2	1.04171310688456	-14.303737537088779	138.0	22	1.05	0.95				
	207	2	69.63245710526316	13.926491421052631	0.0	0.0	2	0.9886040797234429	-22.638075691052496	138.0	22	1.05	0.95				
	208	1	95.25720132	19.497087989473684	0.0	0.0	2	0.990890132498396	-20.000604562995473	138.0	22	1.05	0.95				
	209	1	97.48543994736842	20.054147646315787	0.0	0.0	2	1.024158221961977	-11.716834474671925	138.0	23	1.05	0.95				
	210	1	108.62663308421052	22.28238627368421	0.0	0.0	2	1.05	-13.004239451991323	138.0	23	1.05	0.95				
	211	1	0.0	0.0	0.0	0.0	2	1.0128342910892225	-8.213865927773808	230.0	23	1.05	0.95				
	212	1	0.0	0.0	0.0	0.0	2	1.0126542443727855	-7.190456348840039	230.0	23	1.05	0.95				
	213	2	147.62080906315788	30.081221469473686	0.0	0.0	2	1.0120934668364208	-6.73321959900367	230.0	24	1.05	0.95				
	214	2	108.0695734273684	21.725326616842107	0.0	0.0	2	1.0193716500940568	-5.33241913195729	230.0	26	1.05	0.95				
	215	2	176.58791121894734	35.651818037894735	0.0	0.0	2	1.0362439790199072	2.019619104085986	230.0	26	1.05	0.95				
	216	2	55.705965684210526	11.141193136842105	0.0	0.0	2	1.037894226877498	2.113385856745368	230.0	26	1.05	0.95				
	217	1	0.0	0.0	0.0	0.0	2	1.0415654739005364	4.81478067269078	230.0	27	1.05	0.95				
	218	2	185.50086572842105	37.880056665263155	0.0	0.0	2	1.0429626229947861	5.261416325892945	230.0	27	1.05	0.95				
	219	1	100.82779788842105	20.611207303157894	0.0	0.0	2	1.0373016558968464	1.9097637891261132	230.0	25	1.05	0.95				
	220	1	71.30363607578947	14.483551077894735	0.0	0.0	2	1.0411066039482924	2.7911337940174006	230.0	25	1.05	0.95				
	221	2	0.0	0.0	0.0	0.0	2	1.0427090321558279	4.936475683272153	230.0	27	1.05	0.95				
	222	2	0.0	0.0	0.0	0.0	2	1.05	11.393724459065478	230.0	27	1.05	0.95				
	223	2	0.0	0.0	0.0	0.0	2	1.0445753508830313	3.684710598692196	230.0	25	1.05	0.95				
	224	1	0.0	0.0	0.0	0.0	2	1.0157999155031754	-2.281236480424455	230.0	26	1.05	0.95				
	301	2	44.82632076631579	9.13128756350877	0.0	0.0	3	1.01038532558962	-2.8405273540804594	138.0	31	1.05	0.95				
	302	2	40.2606769845614	8.301170512280702	0.0	0.0	3	1.0101662969735405	-3.0748989017714017	138.0	32	1.05	0.95				
	303	1	74.71053461052631	15.357165447719298	0.0	0.0	3	1.0430250383464976	6.700046084365977	138.0	31	1.05	0.95				
	304	1	30.714330895438597	6.225877884210526	0.0	0.0	3	1.012552998483899	-1.8151551137303317	138.0	31	1.05	0.95				
	305	1	29.469155318596485	5.810819358596491	0.0	0.0	3	1.0251233941349573	-3.352649547384496	138.0	31	1.05	0.95				
	306	1	56.44795948350877	11.621638717192981	0.0	-100.0	3	1.0413544668662573	-4.140612546809355	138.0	32	1.05	0.95				
	307	2	51.88231570175438	10.376463140350877	0.0	0.0	3	0.988463003485366	-8.164929205001272	138.0	32	1.05	0.95				
	308	1	70.97500787999999	14.527048396491226	0.0	0.0	3	0.9975408753992749	-6.328138762829773	138.0	32	1.05	0.95				
	309	1	72.63524198245614	14.94210692210526	0.0	0.0	3	1.0271892186981775	0.9146021881547199	138.0	33	1.05	0.95				
	310	1	80.93641249473683	16.602341024561404	0.0	0.0	3	1.05	-2.525608100845586	138.0	33	1.05	0.95				
	311	1	0.0	0.0	0.0	0.0	3	1.0073187144123232	2.0613023519827745	230.0	33	1.05	0.95				
	312	1	0.0	0.0	0.0	0.0	3	1.0131846410973608	2.3747270486254948	230.0	33	1.05	0.95				
	313	2	109.99050928771929	22.413160383157894	0.0	0.0	3	1.010184146391724	4.715866432268031	230.0	34	1.05	0.95				
	314	2	80.5213539691228	16.18728249894737	0.0	0.0	3	1.0001620921831265	2.729485618705723	230.0	36	1.05	0.95				
	315	2	131.57355261964912	26.56374563929824	0.0	0.0	3	1.033331808562879	6.075621772864888	230.0	36	1.05	0.95				
	316	2	41.50585256140351	8.301170512280702	0.0	0.0	3	1.0295325028681654	6.110359956907062	230.0	36	1.05	0.95				
	317	1	0.0	0.0	0.0	0.0	3	1.0414511631907042	9.034751228333992	230.0	37	1.05	0.95				
	318	2	138.2144890294737	28.223979741754384	0.0	0.0	3	1.0398713785797153	7.568824765540811	230.0	37	1.05	0.95				
	319	1	75.12559313614034	15.357165447719298	0.0	0.0	3	1.0229508201830797	5.051820210653032	230.0	35	1.05	0.95				
	320	1	53.12749127859648	10.791521665964913	0.0	0.0	3	1.0201137436458139	4.941209695527903	230.0	35	1.05	0.95				
	321	2	0.0	0.0	0.0	0.0	3	1.039352143358411	7.658501844814908	230.0	37	1.05	0.95				
	322	2	0.0	0.0	0.0	0.0	3	1.05	12.517035670107363	230.0	37	1.05	0.95				
	323	2	0.0	0.0	0.0	0.0	3	1.019048212291059	5.205314393405532	230.0	35	1.05	0.95				
	324	1	0.0	0.0	0.0	0.0	3	1.0332262521872264	6.313680395255256	230.0	36	1.05	0.95				
	325	1	0.0	0.0	0.0	0.0	3	1.0208352730587678	5.727709548204664	230.0	35	1.05	0.95				
];
