%% MATPOWER Case Format : Version 2
function mpc = RTS_GMLC
mpc.version = '2';

%%-----  Power Flow Data  -----%%
%% system MVA base
mpc.baseMVA = 100.0;
%% bus data
%    bus_i    type    Pd    Qd    Gs    Bs    area    Vm    Va    baseKV    zone    Vmax    Vmin
mpc.bus = [
	101	2	68.6689757431579	13.988124688421053	0.0	0.0	1	1.0422935879290371	0.5323142088713624	138.0	11	1.05	0.95				
	102	2	61.67491339894736	12.716476989473685	0.0	0.0	1	1.041124007078956	0.1494467985961563	138.0	12	1.05	0.95				
	103	1	114.44829290526314	23.525482430526313	0.0	0.0	1	1.0236982728210162	0.15475680230196695	138.0	11	1.05	0.95				
	104	1	47.05096486105263	9.537357742105263	0.0	0.0	1	1.0228669284639234	-3.0850301578189905	138.0	11	1.05	0.95				
	105	1	45.14349331263158	8.90153389263158	0.0	0.0	1	1.0369789591406484	-3.442216827349314	138.0	11	1.05	0.95				
	106	1	86.47204352842107	17.80306778526316	0.0	-100.0	1	1.0409344192824015	-6.331741225236533	138.0	12	1.05	0.95				
	107	2	79.47798118421052	15.895596236842104	0.0	0.0	1	0.9978038092255251	-14.78653869521718	138.0	12	1.05	0.95				
	108	1	108.72587826	22.253834731578944	0.0	0.0	1	0.9940934572280655	-12.524285026886332	138.0	12	1.05	0.95				
	109	1	111.26917365789473	22.88965858105263	0.0	0.0	1	1.0243879618379108	-4.02311813782229	138.0	13	1.05	0.95				
	110	1	123.98565064736842	25.43295397894737	0.0	0.0	1	1.05	-5.512831322193827	138.0	13	1.05	0.95				
	111	1	0.0	0.0	0.0	0.0	1	1.0150351664632091	-0.890120034097214	230.0	13	1.05	0.95				
	112	1	0.0	0.0	0.0	0.0	1	1.0158528463854726	-1.0787929194035741	230.0	13	1.05	0.95				
	113	3	168.49332011052633	34.33448787157895	0.0	0.0	1	1.0131327981537264	3.122853710534438e-30	230.0	14	1.05	0.95				
	114	2	123.34982679789472	24.797130129473686	0.0	0.0	1	1.023887642969458	2.215250322183422	230.0	16	1.05	0.95				
	115	2	201.55616028315788	40.69272636631579	0.0	0.0	1	1.0385810505926112	12.096344614165703	230.0	16	1.05	0.95				
	116	2	63.58238494736842	12.716476989473685	0.0	0.0	1	1.0365270267061137	10.528692193290079	230.0	16	1.05	0.95				
	117	1	0.0	0.0	0.0	0.0	1	1.0404788181863676	16.30075024272362	230.0	17	1.05	0.95				
	118	2	211.72934187473683	43.236021764210534	0.0	0.0	1	1.05	17.018983728174344	230.0	17	1.05	0.95				
	119	1	115.08411675473684	23.525482430526313	0.0	0.0	1	1.0312151705329708	7.343779906163379	230.0	15	1.05	0.95				
	120	1	81.38545273263158	16.53142008631579	0.0	0.0	1	1.0335859592497532	5.682113409600038	230.0	15	1.05	0.95				
	121	2	0.0	0.0	0.0	0.0	1	1.05	19.086929336021768	230.0	17	1.05	0.95				
	122	2	0.0	0.0	0.0	0.0	1	1.05	34.28393201546836	230.0	17	1.05	0.95				
	123	2	0.0	0.0	0.0	0.0	1	1.036450200652935	5.247318366475118	230.0	15	1.05	0.95				
	124	1	0.0	0.0	0.0	0.0	1	1.0180811414294944	7.640023531635622	230.0	16	1.05	0.95				
	201	2	65.9593892463158	13.436171883508772	0.0	0.0	2	1.024245610767629	-14.896836021846703	138.0	21	1.05	0.95				
	202	2	59.2413033045614	12.214701712280702	0.0	0.0	2	1.025307385734141	-14.711219629248447	138.0	22	1.05	0.95				
	203	1	109.93231541052633	22.5971981677193	0.0	0.0	2	1.0147485674535264	-12.96313461423576	138.0	21	1.05	0.95				
	204	1	45.1943963354386	9.161026284210525	0.0	0.0	2	1.014654578558307	-15.684157421275359	138.0	21	1.05	0.95				
	205	1	43.36219107859649	8.550291198596492	0.0	0.0	2	1.02946106293107	-16.11344410671505	138.0	21	1.05	0.95				
	206	1	83.05997164350877	17.100582397192984	0.0	-100.0	2	1.039213811195841	-17.333150189980493	138.0	22	1.05	0.95				
	207	2	76.34188570175439	15.268377140350879	0.0	0.0	2	0.9902405435136573	-26.087986109592777	138.0	22	1.05	0.95				
	208	1	104.43569964000001	21.37572799649123	0.0	0.0	2	0.9893661179443408	-23.14274782350732	138.0	22	1.05	0.95				
	209	1	106.87863998245615	21.986463082105264	0.0	0.0	2	1.0246537902385366	-13.979723506453704	138.0	23	1.05	0.95				
	210	1	119.09334169473684	24.429403424561404	0.0	0.0	2	1.05	-15.394718320813169	138.0	23	1.05	0.95				
	211	1	0.0	0.0	0.0	0.0	2	1.0171376350052486	-10.07218477550247	230.0	23	1.05	0.95				
	212	1	0.0	0.0	0.0	0.0	2	1.0156842030611843	-7.25777333023134	230.0	23	1.05	0.95				
	213	2	161.84479768771928	32.9796946231579	0.0	0.0	2	1.02255395718884	-7.450899371713787	230.0	24	1.05	0.95				
	214	2	118.4826066091228	23.818668338947372	0.0	0.0	2	1.024070039943834	-7.77380772507733	230.0	26	1.05	0.95				
	215	2	193.60302213964914	39.08704547929825	0.0	0.0	2	1.035809101813261	-0.9666783705123162	230.0	26	1.05	0.95				
	216	2	61.073508561403514	12.214701712280702	0.0	0.0	2	1.0378443421619792	-0.7764845863038606	230.0	26	1.05	0.95				
	217	1	0.0	0.0	0.0	0.0	2	1.039146693522168	0.6738710659862113	230.0	27	1.05	0.95				
	218	2	203.3747835094737	41.52998582175439	0.0	0.0	2	1.0374596132410303	-0.23110518988499074	230.0	27	1.05	0.95				
	219	1	110.54305049614035	22.5971981677193	0.0	0.0	2	1.0381525197467854	0.5572571068375952	230.0	25	1.05	0.95				
	220	1	78.1740909585965	15.879112225964914	0.0	0.0	2	1.0441817586602364	2.8638579427525506	230.0	25	1.05	0.95				
	221	2	0.0	0.0	0.0	0.0	2	1.0390785450970548	0.33702911310745415	230.0	27	1.05	0.95				
	222	2	0.0	0.0	0.0	0.0	2	1.05	6.971274770428487	230.0	27	1.05	0.95				
	223	2	0.0	0.0	0.0	0.0	2	1.05	4.56548912432118	230.0	25	1.05	0.95				
	224	1	0.0	0.0	0.0	0.0	2	1.0129750670711584	-5.4171173232686884	230.0	26	1.05	0.95				
	301	2	61.14077821894737	12.454602970526315	0.0	0.0	3	1.0113951068898832	11.072530400012438	138.0	31	1.05	0.95				
	302	2	54.913476733684206	11.322366336842105	0.0	0.0	3	1.0101526806138157	10.809281910512535	138.0	32	1.05	0.95				
	303	1	101.90129703157895	20.946377723157894	0.0	0.0	3	1.0424618916296933	21.59877327759383	138.0	31	1.05	0.95				
	304	1	41.89275544631579	8.491774752631578	0.0	0.0	3	1.0083073464451835	12.199916817258075	138.0	31	1.05	0.95				
	305	1	40.194400495789466	7.925656435789474	0.0	0.0	3	1.0232728847848178	11.301807997038678	138.0	31	1.05	0.95				
	306	1	76.99209109052632	15.851312871578948	0.0	-100.0	3	1.036939962739335	10.784684398632548	138.0	32	1.05	0.95				
	307	2	70.76478960526316	14.15295792105263	0.0	0.0	3	0.9917396798962713	4.916525324670544	138.0	32	1.05	0.95				
	308	1	96.80623218	19.814141089473683	0.0	0.0	3	0.9949855664350912	7.563340006028189	138.0	32	1.05	0.95				
	309	1	99.07070544736841	20.380259406315787	0.0	0.0	3	1.0256282320724617	15.657409793192075	138.0	33	1.05	0.95				
	310	1	110.39307178421052	22.64473267368421	0.0	0.0	3	1.05	13.348609167191418	138.0	33	1.05	0.95				
	311	1	0.0	0.0	0.0	0.0	3	1.0122494833787545	19.31993337200169	230.0	33	1.05	0.95				
	312	1	0.0	0.0	0.0	0.0	3	1.015194507993458	19.355901190677244	230.0	33	1.05	0.95				
	313	2	150.02135396315788	30.570389109473684	0.0	0.0	3	1.0174252200710836	23.183451928893724	230.0	34	1.05	0.95				
	314	2	109.82695346736841	22.078614356842106	0.0	0.0	3	1.015544768591025	20.80033443425032	230.0	36	1.05	0.95				
	315	2	179.45950643894736	36.231572277894735	0.0	0.0	3	1.039440728782765	22.444436255424165	230.0	36	1.05	0.95				
	316	2	56.61183168421052	11.322366336842105	0.0	0.0	3	1.0349849288511663	22.811847830729995	230.0	36	1.05	0.95				
	317	1	0.0	0.0	0.0	0.0	3	1.05	27.13360505628612	230.0	37	1.05	0.95				
	318	2	188.51739950842102	38.49604554526316	0.0	0.0	3	1.0461030983324917	23.517831132622437	230.0	37	1.05	0.95				
	319	1	102.46741534842106	20.946377723157894	0.0	0.0	3	1.0298950261521795	22.123350591795862	230.0	35	1.05	0.95				
	320	1	72.46314455578947	14.719076237894738	0.0	0.0	3	1.0274782494245964	21.49205634179977	230.0	35	1.05	0.95				
	321	2	0.0	0.0	0.0	0.0	3	1.0448467174542957	23.843784429679953	230.0	37	1.05	0.95				
	322	2	0.0	0.0	0.0	0.0	3	1.05	29.477261714764406	230.0	37	1.05	0.95				
	323	2	0.0	0.0	0.0	0.0	3	1.0265774954152926	21.2827527853773	230.0	35	1.05	0.95				
	324	1	0.0	0.0	0.0	0.0	3	1.0379286755913448	23.394376379052204	230.0	36	1.05	0.95				
	325	1	0.0	0.0	0.0	0.0	3	1.0297248465275455	21.106412313476795	230.0	35	1.05	0.95				
];
