%% MATPOWER Case Format : Version 2
function mpc = RTS_GMLC
mpc.version = '2';

%%-----  Power Flow Data  -----%%
%% system MVA base
mpc.baseMVA = 100.0;
%% bus data
%    bus_i    type    Pd    Qd    Gs    Bs    area    Vm    Va    baseKV    zone    Vmax    Vmin
mpc.bus = [
	101	2	90.57892134315789	18.45126175508772	0.0	0.0	1	1.0467162397831329	0.2829817016913389	138.0	11	1.05	0.95				
	102	2	81.35329046561402	16.773874322807018	0.0	0.0	1	1.0464833101363202	0.1050551226888902	138.0	12	1.05	0.95				
	103	1	150.96486890526316	31.031667497192977	0.0	0.0	1	1.0239145719792815	-1.0582756053130449	138.0	11	1.05	0.95				
	104	1	62.063334994385954	12.58040574210526	0.0	0.0	1	1.0231264521333043	-3.706643746009634	138.0	11	1.05	0.95				
	105	1	59.54725384596491	11.741712025964912	0.0	0.0	1	1.0361624510333454	-4.191882354171483	138.0	11	1.05	0.95				
	106	1	114.06234539508773	23.483424051929823	0.0	-100.0	1	1.0358255509477494	-7.4775579321777785	138.0	12	1.05	0.95				
	107	2	104.83671451754387	20.967342903508772	0.0	0.0	1	1.05	-7.366937494152789	138.0	12	1.05	0.95				
	108	1	143.41662545999998	29.354280064912274	0.0	0.0	1	1.0228830917898637	-9.094976972601508	138.0	12	1.05	0.95				
	109	1	146.7714003245614	30.19297378105263	0.0	0.0	1	1.0271302106558067	-4.523488047065888	138.0	13	1.05	0.95				
	110	1	163.54527464736842	33.547748645614035	0.0	0.0	1	1.05	-6.1597770925548465	138.0	13	1.05	0.95				
	111	1	0.0	0.0	0.0	0.0	1	1.0162843144322269	-1.6752430310722604	230.0	13	1.05	0.95				
	112	1	0.0	0.0	0.0	0.0	1	1.0185577296075172	-1.0603157141590487	230.0	13	1.05	0.95				
	113	3	222.25383477719296	45.289460671578944	0.0	0.0	1	1.0190227490515318	-2.062260884229616e-27	230.0	14	1.05	0.95				
	114	2	162.70658093122805	32.70905492947369	0.0	0.0	1	1.0200270213567557	0.5459996505860903	230.0	16	1.05	0.95				
	115	2	265.86590801649123	53.67639783298246	0.0	0.0	1	1.043361565210471	9.613633101708578	230.0	16	1.05	0.95				
	116	2	83.86937161403509	16.773874322807018	0.0	0.0	1	1.0423339338894075	8.792866295035653	230.0	16	1.05	0.95				
	117	1	0.0	0.0	0.0	0.0	1	1.046342489619681	12.821233611464756	230.0	17	1.05	0.95				
	118	2	279.28500747473686	57.031172697543866	0.0	0.0	1	1.05	13.758244598911016	230.0	17	1.05	0.95				
	119	1	151.8035626214035	31.031667497192977	0.0	0.0	1	1.036884611072644	6.838261532219552	230.0	15	1.05	0.95				
	120	1	107.35279566596492	21.80603661964912	0.0	0.0	1	1.0392842701246383	6.270311562799279	230.0	15	1.05	0.95				
	121	2	0.0	0.0	0.0	0.0	1	1.05	14.523352145358512	230.0	17	1.05	0.95				
	122	2	0.0	0.0	0.0	0.0	1	1.05	22.09626467834469	230.0	17	1.05	0.95				
	123	2	0.0	0.0	0.0	0.0	1	1.042968300594088	6.576462091357593	230.0	15	1.05	0.95				
	124	1	0.0	0.0	0.0	0.0	1	1.0227372040692622	5.650675471832991	230.0	16	1.05	0.95				
	201	2	104.22603492631579	21.231229336842105	0.0	0.0	2	1.05	-17.65469623890514	138.0	21	1.05	0.95				
	202	2	93.61042025789473	19.30111757894737	0.0	0.0	2	1.05	-17.814025915510292	138.0	22	1.05	0.95				
	203	1	173.7100582105263	35.70706752105263	0.0	0.0	2	1.0191846021764404	-12.884748890423229	138.0	21	1.05	0.95				
	204	1	71.41413504210526	14.475838184210527	0.0	0.0	2	1.0161877116750238	-18.561170385801763	138.0	21	1.05	0.95				
	205	1	68.51896740526315	13.510782305263158	0.0	0.0	2	1.034671978956646	-19.159144045916296	138.0	21	1.05	0.95				
	206	1	131.2475995368421	27.021564610526315	0.0	-100.0	2	1.0298743526255896	-20.931318518163486	138.0	22	1.05	0.95				
	207	2	120.63198486842106	24.126396973684212	0.0	0.0	2	0.95	-29.248326091468556	138.0	22	1.05	0.95				
	208	1	165.0245553	33.77695576315789	0.0	0.0	2	0.950661360082595	-26.961062703935184	138.0	22	1.05	0.95				
	209	1	168.88477881578947	34.74201164210526	0.0	0.0	2	1.0207886618933675	-15.254771686363389	138.0	23	1.05	0.95				
	210	1	188.18589639473683	38.60223515789474	0.0	0.0	2	1.0440400980365305	-17.660170059726518	138.0	23	1.05	0.95				
	211	1	0.0	0.0	0.0	0.0	2	1.0303405362740117	-10.275816962929177	230.0	23	1.05	0.95				
	212	1	0.0	0.0	0.0	0.0	2	1.0240252879187974	-5.271641062070881	230.0	23	1.05	0.95				
	213	2	255.73980792105263	52.113017463157895	0.0	0.0	2	1.05	-5.792189538904017	230.0	24	1.05	0.95				
	214	2	187.22084051578946	37.63717927894737	0.0	0.0	2	1.05	-8.341079221168853	230.0	26	1.05	0.95				
	215	2	305.9227136263158	61.76357625263158	0.0	0.0	2	1.042241425661599	0.6437330776605663	230.0	26	1.05	0.95				
	216	2	96.50558789473685	19.30111757894737	0.0	0.0	2	1.046691657234724	0.4051804773029058	230.0	26	1.05	0.95				
	217	1	0.0	0.0	0.0	0.0	2	1.048538569062265	3.799434259385737	230.0	27	1.05	0.95				
	218	2	321.3636076894737	65.62379976842105	0.0	0.0	2	1.05	4.183084922023337	230.0	27	1.05	0.95				
	219	1	174.67511408947368	35.70706752105263	0.0	0.0	2	1.0405000983271697	-0.11294440819467992	230.0	25	1.05	0.95				
	220	1	123.52715250526316	25.09145285263158	0.0	0.0	2	1.0443175017924118	1.2447225719583	230.0	25	1.05	0.95				
	221	2	0.0	0.0	0.0	0.0	2	1.05	4.73924704780526	230.0	27	1.05	0.95				
	222	2	0.0	0.0	0.0	0.0	2	1.05	10.882409392769478	230.0	27	1.05	0.95				
	223	2	0.0	0.0	0.0	0.0	2	1.05	2.685777618073074	230.0	25	1.05	0.95				
	224	1	0.0	0.0	0.0	0.0	2	1.0164315357233533	-4.369241622740196	230.0	26	1.05	0.95				
	301	2	89.17431192000002	18.165137613333336	0.0	0.0	3	0.9748570619355775	-10.61772115729717	138.0	31	1.05	0.95				
	302	2	80.09174311333334	16.51376146666667	0.0	0.0	3	0.9772311436656742	-11.008998248496683	138.0	32	1.05	0.95				
	303	1	148.6238532	30.550458713333335	0.0	0.0	3	0.9882597654206303	-6.271327070323118	138.0	31	1.05	0.95				
	304	1	61.10091742666667	12.3853211	0.0	0.0	3	0.9657636699526139	-8.975921639705257	138.0	31	1.05	0.95				
	305	1	58.623853206666666	11.559633026666669	0.0	0.0	3	0.9778145066009771	-9.02199852997955	138.0	31	1.05	0.95				
	306	1	112.29357797333334	23.119266053333337	0.0	-100.0	3	0.9859065111527063	-9.100967724455064	138.0	32	1.05	0.95				
	307	2	103.21100916666668	20.642201833333335	0.0	0.0	3	0.95	-13.723287869553005	138.0	32	1.05	0.95				
	308	1	141.19266054000002	28.899082566666667	0.0	0.0	3	0.9515460901523954	-10.796524559040169	138.0	32	1.05	0.95				
	309	1	144.49541283333335	29.724770640000003	0.0	0.0	3	0.988424046058949	-3.6626068604181707	138.0	33	1.05	0.95				
	310	1	161.0091743	33.02752293333334	0.0	0.0	3	1.0065872968451828	-4.538721688561478	138.0	33	1.05	0.95				
	311	1	0.0	0.0	0.0	0.0	3	0.9844528714627612	4.038816357158087	230.0	33	1.05	0.95				
	312	1	0.0	0.0	0.0	0.0	3	0.9881544739846811	5.869420152585921	230.0	33	1.05	0.95				
	313	2	218.8073394333333	44.58715596000001	0.0	0.0	3	1.0172141671139614	13.69225077368861	230.0	34	1.05	0.95				
	314	2	160.18348622666667	32.20183486	0.0	0.0	3	0.9973176667101532	3.3505034472198183	230.0	36	1.05	0.95				
	315	2	261.7431192466667	52.844036693333344	0.0	0.0	3	1.0432203059329934	1.9905645583111478	230.0	36	1.05	0.95				
	316	2	82.56880733333334	16.51376146666667	0.0	0.0	3	1.0392847296016015	3.2201194594613542	230.0	36	1.05	0.95				
	317	1	0.0	0.0	0.0	0.0	3	1.0449874546640119	3.7578769870151882	230.0	37	1.05	0.95				
	318	2	274.95412842	56.14678898666667	0.0	0.0	3	1.0448509605858205	3.012433275101005	230.0	37	1.05	0.95				
	319	1	149.44954127333335	30.550458713333335	0.0	0.0	3	1.0309066590249238	5.186002121964323	230.0	35	1.05	0.95				
	320	1	105.68807338666669	21.467889906666667	0.0	0.0	3	1.0288710255639848	7.1381869668431985	230.0	35	1.05	0.95				
	321	2	0.0	0.0	0.0	0.0	3	1.0487356304245685	4.234571791026621	230.0	37	1.05	0.95				
	322	2	0.0	0.0	0.0	0.0	3	1.05	8.756307447667396	230.0	37	1.05	0.95				
	323	2	0.0	0.0	0.0	0.0	3	1.0292854844898989	8.200090430664615	230.0	35	1.05	0.95				
	324	1	0.0	0.0	0.0	0.0	3	1.0145728179080884	0.9212199029045431	230.0	36	1.05	0.95				
	325	1	0.0	0.0	0.0	0.0	3	1.030298216978478	8.746748378397541	230.0	35	1.05	0.95				
];

%% generator data
%    bus    Pg    Qg    Qmax    Qmin    Vg    mBase    status    Pmax    Pmin    Pc1    Pc2    Qc1min    Qc1max    Qc2min    Qc2max    ramp_agc    ramp_10    ramp_30    ramp_q    apf
