%% MATPOWER Case Format : Version 2
function mpc = RTS_GMLC
mpc.version = '2';

%%-----  Power Flow Data  -----%%
%% system MVA base
mpc.baseMVA = 100.0;
%% bus data
%    bus_i    type    Pd    Qd    Gs    Bs    area    Vm    Va    baseKV    zone    Vmax    Vmin
mpc.bus = [
	101	2	64.42058387368421	13.122711529824564	0.0	0.0	1	1.0328992385572262	1.6260408021954333	138.0	11	1.05	0.95				
	102	2	57.85922810877193	11.929737754385966	0.0	0.0	1	1.0329393654407013	1.5840913480292225	138.0	12	1.05	0.95				
	103	1	107.36763978947369	22.070014845614036	0.0	0.0	1	1.024435419847554	-0.026174043286007375	138.0	11	1.05	0.95				
	104	1	44.14002969122807	8.947303315789473	0.0	0.0	1	1.018682739087514	-1.7569755709085866	138.0	11	1.05	0.95				
	105	1	42.350569028070176	8.350816428070177	0.0	0.0	1	1.033272052472234	-1.653221215945831	138.0	11	1.05	0.95				
	106	1	81.12221672982457	16.701632856140353	0.0	-100.0	1	1.0404904403402877	-4.0374061936741175	138.0	12	1.05	0.95				
	107	2	74.56086096491228	14.912172192982457	0.0	0.0	1	1.0418250960946027	-1.328467608458176	138.0	12	1.05	0.95				
	108	1	101.99925780000001	20.877041070175437	0.0	0.0	1	1.0252305297358293	-3.712081560278511	138.0	12	1.05	0.95				
	109	1	104.38520535087719	21.473527957894735	0.0	0.0	1	1.0260224629257304	-2.078161841526108	138.0	13	1.05	0.95				
	110	1	116.31494310526315	23.859475508771933	0.0	0.0	1	1.05	-3.0963895802957335	138.0	13	1.05	0.95				
	111	1	0.0	0.0	0.0	0.0	1	1.008034129410664	-0.25907325148118654	230.0	13	1.05	0.95				
	112	1	0.0	0.0	0.0	0.0	1	1.0126461305617669	0.3211887903707824	230.0	13	1.05	0.95				
	113	3	158.06902524561403	32.210291936842104	0.0	0.0	1	1.0034108124651584	9.913803636584209e-29	230.0	14	1.05	0.95				
	114	2	115.71845621754386	23.26298862105263	0.0	0.0	1	1.00640755901963	1.9416728726646615	230.0	16	1.05	0.95				
	115	2	189.08634340701752	38.175160814035095	0.0	0.0	1	1.042151011074216	9.033949136783688	230.0	16	1.05	0.95				
	116	2	59.64868877192983	11.929737754385966	0.0	0.0	1	1.0390967122300618	8.573338959900235	230.0	16	1.05	0.95				
	117	1	0.0	0.0	0.0	0.0	1	1.0455506242121846	11.323792836420814	230.0	17	1.05	0.95				
	118	2	198.63013361052631	40.561108364912286	0.0	0.0	1	1.0485382586924838	11.858961219268746	230.0	17	1.05	0.95				
	119	1	107.964126677193	22.070014845614036	0.0	0.0	1	1.0330285475441086	7.268209213620224	230.0	15	1.05	0.95				
	120	1	76.35032162807019	15.508659080701756	0.0	0.0	1	1.0327644550606518	7.27115332805092	230.0	15	1.05	0.95				
	121	2	0.0	0.0	0.0	0.0	1	1.05	12.13654820306431	230.0	17	1.05	0.95				
	122	2	0.0	0.0	0.0	0.0	1	1.05	18.43083289551586	230.0	17	1.05	0.95				
	123	2	0.0	0.0	0.0	0.0	1	1.0339466116909009	7.722096998847082	230.0	15	1.05	0.95				
	124	1	0.0	0.0	0.0	0.0	1	1.024106613436326	5.667949882913913	230.0	16	1.05	0.95				
	201	2	66.02738862315789	13.450023608421052	0.0	0.0	2	1.0321522247673334	-9.609715443920281	138.0	21	1.05	0.95				
	202	2	59.302376818947366	12.227294189473684	0.0	0.0	2	1.0322452836598468	-9.709737610454644	138.0	22	1.05	0.95				
	203	1	110.04564770526315	22.620494250526313	0.0	0.0	2	1.0260452967601614	-6.733990133193503	138.0	21	1.05	0.95				
	204	1	45.24098850105263	9.170470642105261	0.0	0.0	2	1.017566121525506	-11.9095408709763	138.0	21	1.05	0.95				
	205	1	43.40689437263157	8.55910593263158	0.0	0.0	2	1.033082616619843	-12.277108847748838	138.0	21	1.05	0.95				
	206	1	83.14560048842104	17.11821186526316	0.0	-100.0	2	1.0403288791909562	-14.354044329504895	138.0	22	1.05	0.95				
	207	2	76.42058868421053	15.284117736842104	0.0	0.0	2	0.9868525661630827	-23.542921471046686	138.0	22	1.05	0.95				
	208	1	104.54336531999999	21.397764831578943	0.0	0.0	2	0.987273483544153	-20.59817862570764	138.0	22	1.05	0.95				
	209	1	106.98882415789473	22.00912954105263	0.0	0.0	2	1.0243448567183377	-11.226583756273225	138.0	23	1.05	0.95				
	210	1	119.21611834736841	24.454588378947367	0.0	0.0	2	1.05	-13.048586022700729	138.0	23	1.05	0.95				
	211	1	0.0	0.0	0.0	0.0	2	1.0165449185369433	-7.9015589269561834	230.0	23	1.05	0.95				
	212	1	0.0	0.0	0.0	0.0	2	1.0160728745210665	-7.146727277562366	230.0	23	1.05	0.95				
	213	2	162.0116480105263	33.013694311578945	0.0	0.0	2	1.0167223267180572	-6.6184725281727514	230.0	24	1.05	0.95				
	214	2	118.60475363789473	23.84322366947368	0.0	0.0	2	1.026363212378722	-4.801099645142407	230.0	26	1.05	0.95				
	215	2	193.80261290315786	39.127341406315786	0.0	0.0	2	1.041050539101945	3.5701198257174225	230.0	26	1.05	0.95				
	216	2	61.136470947368416	12.227294189473684	0.0	0.0	2	1.0436245367912562	3.277689890519179	230.0	26	1.05	0.95				
	217	1	0.0	0.0	0.0	0.0	2	1.0460041596355454	6.712465109052143	230.0	27	1.05	0.95				
	218	2	203.58444825473683	41.57280024421052	0.0	0.0	2	1.0485709411486968	7.455873830278464	230.0	27	1.05	0.95				
	219	1	110.65701241473684	22.620494250526313	0.0	0.0	2	1.042444182799543	2.2492925911751898	230.0	25	1.05	0.95				
	220	1	78.25468281263157	15.895482446315789	0.0	0.0	2	1.0464145431639085	2.5059193898011642	230.0	25	1.05	0.95				
	221	2	0.0	0.0	0.0	0.0	2	1.048978769488906	7.54010905257511	230.0	27	1.05	0.95				
	222	2	0.0	0.0	0.0	0.0	2	1.05	13.72597538857757	230.0	27	1.05	0.95				
	223	2	0.0	0.0	0.0	0.0	2	1.0499986362845126	3.0924159649046077	230.0	25	1.05	0.95				
	224	1	0.0	0.0	0.0	0.0	2	1.0225692231225991	-0.2721560352788502	230.0	26	1.05	0.95				
	301	2	53.23125592421053	10.843403984561403	0.0	0.0	3	1.0091750205861127	-20.13643292992425	138.0	31	1.05	0.95				
	302	2	47.80955393192982	9.857639985964912	0.0	0.0	3	1.0084167668098152	-20.312030320116236	138.0	32	1.05	0.95				
	303	1	88.71875987368422	18.236633974035087	0.0	0.0	3	1.0318734451025908	-12.330706225047143	138.0	31	1.05	0.95				
	304	1	36.47326794807017	7.393229989473683	0.0	0.0	3	1.0097026525281403	-18.805671813640124	138.0	31	1.05	0.95				
	305	1	34.994621950175436	6.9003479901754385	0.0	0.0	3	1.0231692588954682	-19.767221563993203	138.0	31	1.05	0.95				
	306	1	67.03195190456141	13.800695980350877	0.0	-100.0	3	1.0386747008869017	-20.132726987430207	138.0	32	1.05	0.95				
	307	2	61.6102499122807	12.32204998245614	0.0	0.0	3	0.9922729749694945	-25.641307726048993	138.0	32	1.05	0.95				
	308	1	84.28282188	17.250869975438597	0.0	0.0	3	0.9964666132868547	-23.36449643804091	138.0	32	1.05	0.95				
	309	1	86.25434987719298	17.743751974736842	0.0	0.0	3	1.026796816241439	-15.559516431923191	138.0	33	1.05	0.95				
	310	1	96.11198986315789	19.715279971929824	0.0	0.0	3	1.05	-17.813222665819445	138.0	33	1.05	0.95				
	311	1	0.0	0.0	0.0	0.0	3	1.0126452622297015	-11.489553607380623	230.0	33	1.05	0.95				
	312	1	0.0	0.0	0.0	0.0	3	1.013852019887492	-11.037924263087051	230.0	33	1.05	0.95				
	313	2	130.61372981403508	26.615627962105265	0.0	0.0	3	1.0151773173860705	-8.058392771079596	230.0	34	1.05	0.95				
	314	2	95.61910786385964	19.22239797263158	0.0	0.0	3	1.019268713160511	-9.253055902506043	230.0	36	1.05	0.95				
	315	2	156.24359377754388	31.54444795508772	0.0	0.0	3	1.0436948775054091	-3.428233929816517	230.0	36	1.05	0.95				
	316	2	49.28819992982456	9.857639985964912	0.0	0.0	3	1.0424345100423265	-3.1603882999084973	230.0	36	1.05	0.95				
	317	1	0.0	0.0	0.0	0.0	3	1.0461879573092847	-1.1976283293587655	230.0	37	1.05	0.95				
	318	2	164.1297057663158	33.515975952280705	0.0	0.0	3	1.0467798153697776	-0.9944931149791548	230.0	37	1.05	0.95				
	319	1	89.21164187298245	18.236633974035087	0.0	0.0	3	1.0376567273175894	-4.30438352041422	230.0	35	1.05	0.95				
	320	1	63.08889591017544	12.814931981754384	0.0	0.0	3	1.0372162053179153	-4.363601092169619	230.0	35	1.05	0.95				
	321	2	0.0	0.0	0.0	0.0	3	1.0489905182124373	-0.19871032512168046	230.0	37	1.05	0.95				
	322	2	0.0	0.0	0.0	0.0	3	1.05	4.790524939575634	230.0	37	1.05	0.95				
	323	2	0.0	0.0	0.0	0.0	3	1.0377849513297208	-4.02581652968366	230.0	35	1.05	0.95				
	324	1	0.0	0.0	0.0	0.0	3	1.0280201065650543	-6.755809609170059	230.0	36	1.05	0.95				
	325	1	0.0	0.0	0.0	0.0	3	1.0337054299679642	-2.682380288722764	230.0	35	1.05	0.95				
];
