%% MATPOWER Case Format : Version 2
function mpc = RTS_GMLC
mpc.version = '2';

%%-----  Power Flow Data  -----%%
%% system MVA base
mpc.baseMVA = 100.0;
%% bus data
%    bus_i    type    Pd    Qd    Gs    Bs    area    Vm    Va    baseKV    zone    Vmax    Vmin
mpc.bus = [
	101	2	55.46956952842106	11.299356755789473	0.0	0.0	1	1.0386682857358527	0.13740040474967022	138.0	11	1.05	0.95				
	102	2	49.81989115052631	10.272142505263158	0.0	0.0	1	1.0376041925994868	-0.17342880701843058	138.0	12	1.05	0.95				
	103	1	92.44928254736841	19.003463634736843	0.0	0.0	1	1.0287844133149935	-0.9967225908604028	138.0	11	1.05	0.95				
	104	1	38.006927269473685	7.704106878947369	0.0	0.0	1	1.0233549458458708	-3.0420268126957244	138.0	11	1.05	0.95				
	105	1	36.46610589368421	7.190499753684211	0.0	0.0	1	1.0372661015229805	-3.174824712774426	138.0	11	1.05	0.95				
	106	1	69.85056903578948	14.380999507368422	0.0	-100.0	1	1.044047351476061	-5.583553401683793	138.0	12	1.05	0.95				
	107	2	64.20089065789473	12.840178131578947	0.0	0.0	1	0.9999509888290404	-11.461848321940682	138.0	12	1.05	0.95				
	108	1	87.82681842	17.976249384210526	0.0	0.0	1	1.0011492941835711	-10.069512767767023	138.0	12	1.05	0.95				
	109	1	89.88124692105262	18.489856509473686	0.0	0.0	1	1.0249925986761084	-3.848326352637747	138.0	13	1.05	0.95				
	110	1	100.15338942631577	20.544285010526316	0.0	0.0	1	1.05	-4.935709347569566	138.0	13	1.05	0.95				
	111	1	0.0	0.0	0.0	0.0	1	1.0069545204104167	-1.3962781751687494	230.0	13	1.05	0.95				
	112	1	0.0	0.0	0.0	0.0	1	1.0105358389000771	-1.4013645637657308	230.0	13	1.05	0.95				
	113	3	136.10588819473685	27.73478476421053	0.0	0.0	1	1.0027562624835114	-2.869585309264333e-33	230.0	14	1.05	0.95				
	114	2	99.63978230105262	20.030677885263156	0.0	0.0	1	1.0062167411449463	0.48785254927703725	230.0	16	1.05	0.95				
	115	2	162.81345870842105	32.870856016842104	0.0	0.0	1	1.0390564371748072	7.295311197471005	230.0	16	1.05	0.95				
	116	2	51.36071252631579	10.272142505263158	0.0	0.0	1	1.0349044050647802	6.1998992908974655	230.0	16	1.05	0.95				
	117	1	0.0	0.0	0.0	0.0	1	1.041381225960664	9.785614086759857	230.0	17	1.05	0.95				
	118	2	171.0311727126316	34.92528451789474	0.0	0.0	1	1.0448795274471958	10.623497465411027	230.0	17	1.05	0.95				
	119	1	92.96288967263158	19.003463634736843	0.0	0.0	1	1.0254405402206286	4.039812854085096	230.0	15	1.05	0.95				
	120	1	65.74171203368421	13.353785256842105	0.0	0.0	1	1.0217085256185077	3.028071682557534	230.0	15	1.05	0.95				
	121	2	0.0	0.0	0.0	0.0	1	1.047642757312676	12.485896612960826	230.0	17	1.05	0.95				
	122	2	0.0	0.0	0.0	0.0	1	1.05	17.936172364415093	230.0	17	1.05	0.95				
	123	2	0.0	0.0	0.0	0.0	1	1.0205867854896438	2.866896873441879	230.0	15	1.05	0.95				
	124	1	0.0	0.0	0.0	0.0	1	1.0246830953900148	4.19239335013711	230.0	16	1.05	0.95				
	201	2	56.575476151578954	11.524634030877195	0.0	0.0	2	1.0140395615964655	-11.553870588535117	138.0	21	1.05	0.95				
	202	2	50.81315913614035	10.476940028070176	0.0	0.0	2	1.013789590082634	-11.659871408646072	138.0	22	1.05	0.95				
	203	1	94.2924602526316	19.382339051929826	0.0	0.0	2	1.0143010205499607	-9.08289731973151	138.0	21	1.05	0.95				
	204	1	38.76467810385965	7.857705021052632	0.0	0.0	2	1.0111791396764396	-11.32305109016619	138.0	21	1.05	0.95				
	205	1	37.19313709964913	7.333858019649124	0.0	0.0	2	1.0253713399549547	-11.700782641410903	138.0	21	1.05	0.95				
	206	1	71.24319219087721	14.667716039298249	0.0	-100.0	2	1.0391071958992797	-12.347811450246232	138.0	22	1.05	0.95				
	207	2	65.4808751754386	13.09617503508772	0.0	0.0	2	0.99205874374932	-19.12887607739086	138.0	22	1.05	0.95				
	208	1	89.57783724000001	18.33464504912281	0.0	0.0	2	0.9946489119063365	-16.67459470980029	138.0	22	1.05	0.95				
	209	1	91.67322524561405	18.858492050526316	0.0	0.0	2	1.0251504673778213	-8.891245494419325	138.0	23	1.05	0.95				
	210	1	102.15016527368421	20.953880056140353	0.0	0.0	2	1.05	-10.166829102265643	138.0	23	1.05	0.95				
	211	1	0.0	0.0	0.0	0.0	2	1.0118659430433858	-5.484318917901022	230.0	23	1.05	0.95				
	212	1	0.0	0.0	0.0	0.0	2	1.0163846150716234	-1.6229830101373537	230.0	23	1.05	0.95				
	213	2	138.81945537192985	28.287738075789477	0.0	0.0	2	1.0152952326867954	-2.644873947156971	230.0	24	1.05	0.95				
	214	2	101.6263182722807	20.430033054736846	0.0	0.0	2	1.0130388485621824	-3.872819229496201	230.0	26	1.05	0.95				
	215	2	166.0594994449123	33.526208089824564	0.0	0.0	2	1.028937788673398	1.2658526413269175	230.0	26	1.05	0.95				
	216	2	52.38470014035088	10.476940028070176	0.0	0.0	2	1.031167962761528	1.6049693758574404	230.0	26	1.05	0.95				
	217	1	0.0	0.0	0.0	0.0	2	1.0327249085167323	2.291114276326349	230.0	27	1.05	0.95				
	218	2	174.44105146736842	35.621596095438605	0.0	0.0	2	1.0312586027530561	1.6925265293412997	230.0	27	1.05	0.95				
	219	1	94.81630725403511	19.382339051929826	0.0	0.0	2	1.0346621101162914	3.0833182114833493	230.0	25	1.05	0.95				
	220	1	67.05241617964913	13.62002203649123	0.0	0.0	2	1.0425034022840383	5.352252038060822	230.0	25	1.05	0.95				
	221	2	0.0	0.0	0.0	0.0	2	1.0333688667654304	2.353048484536492	230.0	27	1.05	0.95				
	222	2	0.0	0.0	0.0	0.0	2	1.05	8.824420922672644	230.0	27	1.05	0.95				
	223	2	0.0	0.0	0.0	0.0	2	1.0488609994042029	6.968778233244241	230.0	25	1.05	0.95				
	224	1	0.0	0.0	0.0	0.0	2	1.0106899508092066	-2.5939163887124335	230.0	26	1.05	0.95				
	301	2	49.609617195789475	10.105662762105263	0.0	0.0	3	1.0046886805712965	11.746554878197292	138.0	31	1.05	0.95				
	302	2	44.55678581473684	9.186966147368421	0.0	0.0	3	1.0044640571377508	11.662028361171044	138.0	32	1.05	0.95				
	303	1	82.6826953263158	16.995887372631575	0.0	0.0	3	1.0258134117324127	16.398741643249707	138.0	31	1.05	0.95				
	304	1	33.99177474526315	6.890224610526315	0.0	0.0	3	1.0090242479430316	13.314279646497647	138.0	31	1.05	0.95				
	305	1	32.61372982315789	6.430876303157895	0.0	0.0	3	1.0211662226781546	12.569964566181552	138.0	31	1.05	0.95				
	306	1	62.47136980210526	12.86175260631579	0.0	-100.0	3	1.0386348222442014	12.491067050883736	138.0	32	1.05	0.95				
	307	2	57.418538421052624	11.483707684210525	0.0	0.0	3	0.979090196755317	8.54223030588571	138.0	32	1.05	0.95				
	308	1	78.54856056	16.077190757894737	0.0	0.0	3	0.9930815735428853	10.546031613207363	138.0	32	1.05	0.95				
	309	1	80.38595378947369	16.536539065263156	0.0	0.0	3	1.027663711155385	16.53587876843583	138.0	33	1.05	0.95				
	310	1	89.5729199368421	18.373932294736843	0.0	0.0	3	1.05	14.86921822995505	138.0	33	1.05	0.95				
	311	1	0.0	0.0	0.0	0.0	3	1.0082784819736825	19.983659253871867	230.0	33	1.05	0.95				
	312	1	0.0	0.0	0.0	0.0	3	1.014377639032039	19.89172216177444	230.0	33	1.05	0.95				
	313	2	121.72730145263158	24.804808597894738	0.0	0.0	3	1.0140489860616313	23.854266431247193	230.0	34	1.05	0.95				
	314	2	89.11357162947368	17.91458398736842	0.0	0.0	3	1.004142663507728	20.973760951007893	230.0	36	1.05	0.95				
	315	2	145.61341343578945	29.398291671578946	0.0	0.0	3	1.0331527590392318	20.670625721328378	230.0	36	1.05	0.95				
	316	2	45.9348307368421	9.186966147368421	0.0	0.0	3	1.0311000356687854	21.161462604083447	230.0	36	1.05	0.95				
	317	1	0.0	0.0	0.0	0.0	3	1.0492260090600996	24.385673142130212	230.0	37	1.05	0.95				
	318	2	152.96298635368422	31.23568490105263	0.0	0.0	3	1.0489563859954028	21.589535301770436	230.0	37	1.05	0.95				
	319	1	83.14204363368421	16.995887372631575	0.0	0.0	3	1.026439837536086	20.799811779689765	230.0	35	1.05	0.95				
	320	1	58.79658334315789	11.943055991578948	0.0	0.0	3	1.0230066683300612	20.209390560444174	230.0	35	1.05	0.95				
	321	2	0.0	0.0	0.0	0.0	3	1.04443849364095	21.930448195433506	230.0	37	1.05	0.95				
	322	2	0.0	0.0	0.0	0.0	3	1.05	27.23364060723345	230.0	37	1.05	0.95				
	323	2	0.0	0.0	0.0	0.0	3	1.0210112802813278	19.919905117498903	230.0	35	1.05	0.95				
	324	1	0.0	0.0	0.0	0.0	3	1.0257166659264947	20.529667111307496	230.0	36	1.05	0.95				
	325	1	0.0	0.0	0.0	0.0	3	1.0247108156550295	19.29296734292831	230.0	35	1.05	0.95				
];
