%% MATPOWER Case Format : Version 2
function mpc = RTS_GMLC
mpc.version = '2';

%%-----  Power Flow Data  -----%%
%% system MVA base
mpc.baseMVA = 100.0;
%% bus data
%    bus_i    type    Pd    Qd    Gs    Bs    area    Vm    Va    baseKV    zone    Vmax    Vmin
mpc.bus = [
	101	2	59.103414151578946	12.039584364210526	0.0	0.0	1	1.0280850091453144	-1.3120680581489639	138.0	11	1.05	0.95				
	102	2	53.08362196947368	10.945076694736843	0.0	0.0	1	1.0271016954996846	-1.6267067859890008	138.0	12	1.05	0.95				
	103	1	98.50569025263157	20.248391885263157	0.0	0.0	1	1.0247303332120454	-0.43752243345709213	138.0	11	1.05	0.95				
	104	1	40.496783770526314	8.208807521052632	0.0	0.0	1	1.0166623242314223	-4.170428293140824	138.0	11	1.05	0.95				
	105	1	38.855022266315785	7.6615536863157905	0.0	0.0	1	1.0317128583345054	-4.213180552029663	138.0	11	1.05	0.95				
	106	1	74.42652152421053	15.323107372631581	0.0	-100.0	1	1.0408237894146557	-6.414304581126894	138.0	12	1.05	0.95				
	107	2	68.40672934210525	13.681345868421053	0.0	0.0	1	0.9992825206669368	-14.057450120389344	138.0	12	1.05	0.95				
	108	1	93.58040573999999	19.15388421578947	0.0	0.0	1	0.998268108078131	-11.793631785250158	138.0	12	1.05	0.95				
	109	1	95.76942107894737	19.701138050526314	0.0	0.0	1	1.0248288822618268	-4.015640671758468	138.0	13	1.05	0.95				
	110	1	106.7144977736842	21.890153389473685	0.0	0.0	1	1.05	-5.4096354688785	138.0	13	1.05	0.95				
	111	1	0.0	0.0	0.0	0.0	1	1.0121474507827877	-0.7794937683392243	230.0	13	1.05	0.95				
	112	1	0.0	0.0	0.0	0.0	1	1.014390600736939	-0.9349962175205284	230.0	13	1.05	0.95				
	113	3	145.02226620526315	29.551707075789473	0.0	0.0	1	1.0100536621088794	-1.2040390160778483e-31	230.0	14	1.05	0.95				
	114	2	106.16724393894737	21.342899554736842	0.0	0.0	1	1.0183596080696191	2.512438037252123	230.0	16	1.05	0.95				
	115	2	173.47946561157895	35.02424542315789	0.0	0.0	1	1.0428729882731371	11.279909019355795	230.0	16	1.05	0.95				
	116	2	54.72538347368421	10.945076694736843	0.0	0.0	1	1.0402824293103117	10.431641784264086	230.0	16	1.05	0.95				
	117	1	0.0	0.0	0.0	0.0	1	1.0421251791897586	15.252489521290066	230.0	17	1.05	0.95				
	118	2	182.23552696736843	37.213260762105264	0.0	0.0	1	1.05	15.400797956478774	230.0	17	1.05	0.95				
	119	1	99.05294408736842	20.248391885263157	0.0	0.0	1	1.034203793506191	7.644582797734943	230.0	15	1.05	0.95				
	120	1	70.04849084631579	14.228599703157895	0.0	0.0	1	1.0346155362829321	6.258144005928804	230.0	15	1.05	0.95				
	121	2	0.0	0.0	0.0	0.0	1	1.05	16.842975221221877	230.0	17	1.05	0.95				
	122	2	0.0	0.0	0.0	0.0	1	1.05	33.84149982500291	230.0	17	1.05	0.95				
	123	2	0.0	0.0	0.0	0.0	1	1.0359347432941444	5.90721462341408	230.0	15	1.05	0.95				
	124	1	0.0	0.0	0.0	0.0	1	1.0213960210342234	6.920830459636508	230.0	16	1.05	0.95				
	201	2	61.99842592421053	12.629308984561405	0.0	0.0	2	1.0242167550728871	-15.89990532257717	138.0	21	1.05	0.95				
	202	2	55.68377143192983	11.481189985964912	0.0	0.0	2	1.0250873120117705	-15.777076512887374	138.0	22	1.05	0.95				
	203	1	103.33070987368423	21.24020147403509	0.0	0.0	2	1.0162140361133674	-13.46264813399411	138.0	21	1.05	0.95				
	204	1	42.48040294807018	8.610892489473684	0.0	0.0	2	1.0148957759898647	-17.17118855328032	138.0	21	1.05	0.95				
	205	1	40.75822445017544	8.036832990175439	0.0	0.0	2	1.0298873230186294	-17.609345097710968	138.0	21	1.05	0.95				
	206	1	78.07209190456142	16.073665980350878	0.0	-100.0	2	1.0400717862082351	-19.080306407691264	138.0	22	1.05	0.95				
	207	2	71.7574374122807	14.351487482456141	0.0	0.0	2	0.98867491418007	-27.369461896101225	138.0	22	1.05	0.95				
	208	1	98.16417438	20.0920824754386	0.0	0.0	2	0.990052393860687	-24.63376193722476	138.0	22	1.05	0.95				
	209	1	100.46041237719298	20.666141974736842	0.0	0.0	2	1.023885714829231	-15.958681539614311	138.0	23	1.05	0.95				
	210	1	111.94160236315788	22.962379971929824	0.0	0.0	2	1.05	-17.504470930056126	138.0	23	1.05	0.95				
	211	1	0.0	0.0	0.0	0.0	2	1.0156962044405136	-12.169037736755113	230.0	23	1.05	0.95				
	212	1	0.0	0.0	0.0	0.0	2	1.0144244049346594	-11.090239631972807	230.0	23	1.05	0.95				
	213	2	152.1257673140351	30.999212962105265	0.0	0.0	2	1.017560752830705	-10.53446746765243	230.0	24	1.05	0.95				
	214	2	111.36754286385965	22.38832047263158	0.0	0.0	2	1.0245521645800415	-9.048721457645764	230.0	26	1.05	0.95				
	215	2	181.97686127754386	36.73980795508772	0.0	0.0	2	1.0374889908820324	-0.9745315910215753	230.0	26	1.05	0.95				
	216	2	57.405949929824565	11.481189985964912	0.0	0.0	2	1.0401068395529225	-1.1484290341131664	230.0	26	1.05	0.95				
	217	1	0.0	0.0	0.0	0.0	2	1.0422299682859337	1.7752793597450542	230.0	27	1.05	0.95				
	218	2	191.16181326631582	39.03604595228071	0.0	0.0	2	1.042805936157467	1.7369225840676177	230.0	27	1.05	0.95				
	219	1	103.90476937298246	21.24020147403509	0.0	0.0	2	1.040726499791481	-1.3102722030192262	230.0	25	1.05	0.95				
	220	1	73.47961591017544	14.925546981754387	0.0	0.0	2	1.0457636698998354	-0.3685739763514934	230.0	25	1.05	0.95				
	221	2	0.0	0.0	0.0	0.0	2	1.0429104604691806	1.6090885784316753	230.0	27	1.05	0.95				
	222	2	0.0	0.0	0.0	0.0	2	1.05	8.179820784946275	230.0	27	1.05	0.95				
	223	2	0.0	0.0	0.0	0.0	2	1.049999999280563	0.5648971850376289	230.0	25	1.05	0.95				
	224	1	0.0	0.0	0.0	0.0	2	1.0138851123934116	-5.6075541978215435	230.0	26	1.05	0.95				
	301	2	44.60423915368421	9.086048716491229	0.0	0.0	3	1.0107170391706701	-6.447185102677798	138.0	31	1.05	0.95				
	302	2	40.061214795438595	8.260044287719298	0.0	0.0	3	1.0104696319422866	-6.617138371560608	138.0	32	1.05	0.95				
	303	1	74.3403985894737	15.281081932280701	0.0	0.0	3	1.0371568657145787	0.8955439126078951	138.0	31	1.05	0.95				
	304	1	30.562163864561402	6.195033215789474	0.0	0.0	3	1.0128794300314083	-5.28012837658623	138.0	31	1.05	0.95				
	305	1	29.323157221403505	5.782031001403509	0.0	0.0	3	1.025246271102644	-6.451052931752445	138.0	31	1.05	0.95				
	306	1	56.16830115649123	11.564062002807018	0.0	-100.0	3	1.0415239314946318	-6.9517941158091086	138.0	32	1.05	0.95				
	307	2	51.625276798245615	10.325055359649122	0.0	0.0	3	0.9878877777692214	-11.110620438930352	138.0	32	1.05	0.95				
	308	1	70.62337866	14.45507750350877	0.0	0.0	3	0.9974543759397447	-9.28977616063839	138.0	32	1.05	0.95				
	309	1	72.27538751754385	14.868079717894735	0.0	0.0	3	1.0275276810128622	-2.497475917923516	138.0	33	1.05	0.95				
	310	1	80.53543180526316	16.520088575438596	0.0	0.0	3	1.05	-5.123882651310159	138.0	33	1.05	0.95				
	311	1	0.0	0.0	0.0	0.0	3	1.0066232113522573	-0.19153181088945334	230.0	33	1.05	0.95				
	312	1	0.0	0.0	0.0	0.0	3	1.011753008887545	0.3603660251005649	230.0	33	1.05	0.95				
	313	2	109.4455868122807	22.302119576842106	0.0	0.0	3	1.009438645579187	2.988665304669474	230.0	34	1.05	0.95				
	314	2	80.12242959087719	16.10708636105263	0.0	0.0	3	1.0010044013686887	0.7738975130802469	230.0	36	1.05	0.95				
	315	2	130.92170196035087	26.43214172070175	0.0	0.0	3	1.0349552033678877	4.438158618046308	230.0	36	1.05	0.95				
	316	2	41.30022143859649	8.260044287719298	0.0	0.0	3	1.0327124527638376	4.539200296730836	230.0	36	1.05	0.95				
	317	1	0.0	0.0	0.0	0.0	3	1.047307233216461	8.867089104901574	230.0	37	1.05	0.95				
	318	2	137.52973739052632	28.084150578245616	0.0	0.0	3	1.0457475921380144	6.800865671061375	230.0	37	1.05	0.95				
	319	1	74.75340080385965	15.281081932280701	0.0	0.0	3	1.025757550689188	4.018793218486962	230.0	35	1.05	0.95				
	320	1	52.8642834414035	10.73805757403509	0.0	0.0	3	1.0224100120797557	4.3716062504058275	230.0	35	1.05	0.95				
	321	2	0.0	0.0	0.0	0.0	3	1.043348249302805	6.63181547710264	230.0	37	1.05	0.95				
	322	2	0.0	0.0	0.0	0.0	3	1.05	11.843648325069838	230.0	37	1.05	0.95				
	323	2	0.0	0.0	0.0	0.0	3	1.0211376415723983	4.889350413306039	230.0	35	1.05	0.95				
	324	1	0.0	0.0	0.0	0.0	3	1.0296032733146727	3.098813390313162	230.0	36	1.05	0.95				
	325	1	0.0	0.0	0.0	0.0	3	1.020602749244838	5.91650395530825	230.0	35	1.05	0.95				
];
