%% MATPOWER Case Format : Version 2
function mpc = RTS_GMLC
mpc.version = '2';

%%-----  Power Flow Data  -----%%
%% system MVA base
mpc.baseMVA = 100.0;
%% bus data
%    bus_i    type    Pd    Qd    Gs    Bs    area    Vm    Va    baseKV    zone    Vmax    Vmin
mpc.bus = [
	101	2	56.5383473431579	11.51707075508772	0.0	0.0	1	1.0335699043878075	0.6770724526610624	138.0	11	1.05	0.95				
	102	2	50.77981196561403	10.47006432280702	0.0	0.0	1	1.0331364583127518	0.5329115122900171	138.0	12	1.05	0.95				
	103	1	94.23057890526316	19.369618997192983	0.0	0.0	1	1.0248429715503267	-0.9559032234887569	138.0	11	1.05	0.95				
	104	1	38.73923799438597	7.8525482421052635	0.0	0.0	1	1.019872509700923	-2.4870550257378534	138.0	11	1.05	0.95				
	105	1	37.168728345964915	7.329045025964913	0.0	0.0	1	1.0347583587739098	-2.331564925387153	138.0	11	1.05	0.95				
	106	1	71.19643739508773	14.658090051929825	0.0	-100.0	1	1.0428429476834857	-4.536874083377779	138.0	12	1.05	0.95				
	107	2	65.43790201754386	13.087580403508772	0.0	0.0	1	1.018928720207666	-5.534470271912642	138.0	12	1.05	0.95				
	108	1	89.51904995999999	18.32261256491228	0.0	0.0	1	1.0137040345409678	-6.234748498686936	138.0	12	1.05	0.95				
	109	1	91.61306282456141	18.84611578105263	0.0	0.0	1	1.0251902078661432	-2.838784547502833	138.0	13	1.05	0.95				
	110	1	102.08312714736843	20.94012864561404	0.0	0.0	1	1.05	-3.732130963730391	138.0	13	1.05	0.95				
	111	1	0.0	0.0	0.0	0.0	1	1.0058644064012248	-0.8391995091709051	230.0	13	1.05	0.95				
	112	1	0.0	0.0	0.0	0.0	1	1.0105114191628664	-0.2121596163626581	230.0	13	1.05	0.95				
	113	3	138.72835227719298	28.26917367157895	0.0	0.0	1	1.000931227134831	1.0989183724075192e-28	230.0	14	1.05	0.95				
	114	2	101.55962393122806	20.416625429473687	0.0	0.0	1	1.002926283947386	0.9902475276541257	230.0	16	1.05	0.95				
	115	2	165.95051951649123	33.50420583298246	0.0	0.0	1	1.0364279271045755	7.012119861842667	230.0	16	1.05	0.95				
	116	2	52.35032161403509	10.47006432280702	0.0	0.0	1	1.0332340666250757	6.6797864869905235	230.0	16	1.05	0.95				
	117	1	0.0	0.0	0.0	0.0	1	1.0395595639062405	8.633098572170173	230.0	17	1.05	0.95				
	118	2	174.32657097473685	35.598218697543864	0.0	0.0	1	1.0413206744798935	8.641843525325243	230.0	17	1.05	0.95				
	119	1	94.75408212140351	19.369618997192983	0.0	0.0	1	1.0279225343243543	5.792991256205804	230.0	15	1.05	0.95				
	120	1	67.00841166596491	13.611083619649122	0.0	0.0	1	1.0273611282258501	6.033993822224077	230.0	15	1.05	0.95				
	121	2	0.0	0.0	0.0	0.0	1	1.0448029588403773	9.851475090968293	230.0	17	1.05	0.95				
	122	2	0.0	0.0	0.0	0.0	1	1.05	16.456954068676374	230.0	17	1.05	0.95				
	123	2	0.0	0.0	0.0	0.0	1	1.0281058588231748	6.56674494896787	230.0	15	1.05	0.95				
	124	1	0.0	0.0	0.0	0.0	1	1.0219324139475376	4.035664880355664	230.0	16	1.05	0.95				
	201	2	56.949472686315794	11.60081851017544	0.0	0.0	2	1.0317349418970063	-8.243578456188999	138.0	21	1.05	0.95				
	202	2	51.14906343122807	10.546198645614036	0.0	0.0	2	1.0321104080380246	-8.240491718692015	138.0	22	1.05	0.95				
	203	1	94.91578781052633	19.510467494385967	0.0	0.0	2	1.0220696572017485	-7.0056194261089395	138.0	21	1.05	0.95				
	204	1	39.020934988771934	7.909648984210527	0.0	0.0	2	1.0188057003332749	-10.384704673427947	138.0	21	1.05	0.95				
	205	1	37.43900519192982	7.382339051929826	0.0	0.0	2	1.0341401009669282	-10.616955517198257	138.0	21	1.05	0.95				
	206	1	71.71415079017545	14.764678103859652	0.0	-100.0	2	1.042844224294809	-12.443114843196721	138.0	22	1.05	0.95				
	207	2	65.91374153508772	13.182748307017544	0.0	0.0	2	0.9895070812646286	-20.34969278655296	138.0	22	1.05	0.95				
	208	1	90.16999842	18.45584762982456	0.0	0.0	2	0.9926746836732843	-17.876200005587236	138.0	22	1.05	0.95				
	209	1	92.2792381491228	18.983157562105262	0.0	0.0	2	1.0236640380631565	-9.994803043782978	138.0	23	1.05	0.95				
	210	1	102.82543679473683	21.09239729122807	0.0	0.0	2	1.05	-11.35326354423548	138.0	23	1.05	0.95				
	211	1	0.0	0.0	0.0	0.0	2	1.0105482699619042	-6.979066217795885	230.0	23	1.05	0.95				
	212	1	0.0	0.0	0.0	0.0	2	1.0113142700420095	-6.2072774810517455	230.0	23	1.05	0.95				
	213	2	139.73713205438597	28.474736343157897	0.0	0.0	2	1.007375045857746	-5.852794659643095	230.0	24	1.05	0.95				
	214	2	102.29812686245614	20.56508735894737	0.0	0.0	2	1.0156079589864337	-4.210451017713818	230.0	26	1.05	0.95				
	215	2	167.15724853298246	33.747835665964914	0.0	0.0	2	1.031895280140889	2.929537261165859	230.0	26	1.05	0.95				
	216	2	52.730993228070176	10.546198645614036	0.0	0.0	2	1.0337132496202066	2.909708648977889	230.0	26	1.05	0.95				
	217	1	0.0	0.0	0.0	0.0	2	1.0382249641745724	5.741589646326426	230.0	27	1.05	0.95				
	218	2	175.59420744947369	35.857075395087726	0.0	0.0	2	1.0398988733583048	6.241339823331353	230.0	27	1.05	0.95				
	219	1	95.44309774280703	19.510467494385967	0.0	0.0	2	1.0323848065406152	2.26619133081912	230.0	25	1.05	0.95				
	220	1	67.49567133192983	13.710058239298247	0.0	0.0	2	1.0352448181030924	2.7200496601591326	230.0	25	1.05	0.95				
	221	2	0.0	0.0	0.0	0.0	2	1.0396231304791932	5.893869213872425	230.0	27	1.05	0.95				
	222	2	0.0	0.0	0.0	0.0	2	1.05	12.3358723411898	230.0	27	1.05	0.95				
	223	2	0.0	0.0	0.0	0.0	2	1.0379193986993667	3.3637076213234027	230.0	25	1.05	0.95				
	224	1	0.0	0.0	0.0	0.0	2	1.015906688543579	-0.7933593842364697	230.0	26	1.05	0.95				
	301	2	44.70673839157895	9.106928190877193	0.0	0.0	3	1.0093236510810593	-12.425973944069971	138.0	31	1.05	0.95				
	302	2	40.15327429614035	8.279025628070176	0.0	0.0	3	1.0091513773545426	-12.584550881942022	138.0	32	1.05	0.95				
	303	1	74.51123065263158	15.316197411929824	0.0	0.0	3	1.0322011900714496	-5.522299007690302	138.0	31	1.05	0.95				
	304	1	30.63239482385965	6.209269221052631	0.0	0.0	3	1.0118500105828916	-11.261001424615593	138.0	31	1.05	0.95				
	305	1	29.39054097964912	5.795317939649124	0.0	0.0	3	1.024486444714334	-12.30128841488018	138.0	31	1.05	0.95				
	306	1	56.2973742708772	11.590635879298247	0.0	-100.0	3	1.041173566864833	-12.731947982175972	138.0	32	1.05	0.95				
	307	2	51.7439101754386	10.34878203508772	0.0	0.0	3	0.9931858757126841	-17.0324156995572	138.0	32	1.05	0.95				
	308	1	70.78566912000001	14.488294849122807	0.0	0.0	3	1.0003327645608648	-15.186158986006552	138.0	32	1.05	0.95				
	309	1	72.44147424561403	14.902246130526317	0.0	0.0	3	1.026776458915511	-8.48309656679485	138.0	33	1.05	0.95				
	310	1	80.72049987368422	16.558051256140352	0.0	0.0	3	1.05	-10.842206591193703	138.0	33	1.05	0.95				
	311	1	0.0	0.0	0.0	0.0	3	1.006877327315238	-5.665139448224796	230.0	33	1.05	0.95				
	312	1	0.0	0.0	0.0	0.0	3	1.0108086156333056	-5.292783460177842	230.0	33	1.05	0.95				
	313	2	109.69708957192982	22.353369195789476	0.0	0.0	3	1.0088581378510801	-2.5462431660600715	230.0	34	1.05	0.95				
	314	2	80.3065485922807	16.144099974736843	0.0	0.0	3	1.0037294809881323	-4.272467718239709	230.0	36	1.05	0.95				
	315	2	131.22255620491228	26.492882009824566	0.0	0.0	3	1.0307500009006474	-0.09551418783647357	230.0	36	1.05	0.95				
	316	2	41.39512814035088	8.279025628070176	0.0	0.0	3	1.0285957181839556	0.152658396176287	230.0	36	1.05	0.95				
	317	1	0.0	0.0	0.0	0.0	3	1.0360174260385486	1.8430050677537881	230.0	37	1.05	0.95				
	318	2	137.84577670736843	28.1486871354386	0.0	0.0	3	1.0357470356427774	1.6720607718214548	230.0	37	1.05	0.95				
	319	1	74.9251819340351	15.316197411929824	0.0	0.0	3	1.0228198536424922	-0.8132187945279743	230.0	35	1.05	0.95				
	320	1	52.98576401964913	10.762733316491229	0.0	0.0	3	1.0206357507499795	-0.8436334738190044	230.0	35	1.05	0.95				
	321	2	0.0	0.0	0.0	0.0	3	1.0376310685261865	2.2566796658854344	230.0	37	1.05	0.95				
	322	2	0.0	0.0	0.0	0.0	3	1.0499999387990593	6.40143402413468	230.0	37	1.05	0.95				
	323	2	0.0	0.0	0.0	0.0	3	1.0199345887176476	-0.5366694220084325	230.0	35	1.05	0.95				
	324	1	0.0	0.0	0.0	0.0	3	1.0236398078436086	-2.14959131669989	230.0	36	1.05	0.95				
	325	1	0.0	0.0	0.0	0.0	3	1.01977276909008	0.3550909666755086	230.0	35	1.05	0.95				
];
