%% MATPOWER Case Format : Version 2
function mpc = RTS_GMLC
mpc.version = '2';

%%-----  Power Flow Data  -----%%
%% system MVA base
mpc.baseMVA = 100.0;
%% bus data
%    bus_i    type    Pd    Qd    Gs    Bs    area    Vm    Va    baseKV    zone    Vmax    Vmin
mpc.bus = [
	101	2	53.01138050526316	10.798614547368421	0.0	0.0	1	1.029345960962686	-0.04267951581655773	138.0	11	1.05	0.95				
	102	2	47.61207323157895	9.816922315789474	0.0	0.0	1	1.028388061243317	-0.34057271804387007	138.0	12	1.05	0.95				
	103	1	88.35230084210527	18.16130628421053	0.0	0.0	1	1.0280815487148818	0.019366071996263026	138.0	11	1.05	0.95				
	104	1	36.32261256842106	7.362691736842105	0.0	0.0	1	1.0183964014000721	-3.066743982014686	138.0	11	1.05	0.95				
	105	1	34.85007422105264	6.871845621052633	0.0	0.0	1	1.033042433947505	-3.0235738658166547	138.0	11	1.05	0.95				
	106	1	66.75507174736843	13.743691242105266	0.0	-100.0	1	1.0426748437241808	-5.220974914397381	138.0	12	1.05	0.95				
	107	2	61.35576447368422	12.271152894736844	0.0	0.0	1	0.998678561465701	-12.41527487104714	138.0	12	1.05	0.95				
	108	1	83.93468580000001	17.17961405263158	0.0	0.0	1	1.0002326438778146	-10.31931358204297	138.0	12	1.05	0.95				
	109	1	85.8980702631579	17.670460168421055	0.0	0.0	1	1.0250498312193073	-3.2937078816187433	138.0	13	1.05	0.95				
	110	1	95.71499257894737	19.63384463157895	0.0	0.0	1	1.05	-4.483380573753506	138.0	13	1.05	0.95				
	111	1	0.0	0.0	0.0	0.0	1	1.0086135901685684	-0.5667104477855072	230.0	13	1.05	0.95				
	112	1	0.0	0.0	0.0	0.0	1	1.012317620542287	-0.7108039250204865	230.0	13	1.05	0.95				
	113	3	130.07422068421053	26.50569025263158	0.0	0.0	1	1.0042542749732999	3.5880849390209655e-28	230.0	14	1.05	0.95				
	114	2	95.2241464631579	19.142998515789476	0.0	0.0	1	1.0109961743144604	2.346044819719678	230.0	16	1.05	0.95				
	115	2	155.59821870526318	31.41415141052632	0.0	0.0	1	1.0441260018175529	10.19745378377765	230.0	16	1.05	0.95				
	116	2	49.084611578947374	9.816922315789474	0.0	0.0	1	1.0399237138676158	9.321081450592612	230.0	16	1.05	0.95				
	117	1	0.0	0.0	0.0	0.0	1	1.0427135164833616	13.773709864338171	230.0	17	1.05	0.95				
	118	2	163.45175655789475	33.37753587368422	0.0	0.0	1	1.0494010459642649	13.971048207900463	230.0	17	1.05	0.95				
	119	1	88.84314695789475	18.16130628421053	0.0	0.0	1	1.0324178701486564	6.829334849506165	230.0	15	1.05	0.95				
	120	1	62.82830282105264	12.761999010526317	0.0	0.0	1	1.0306505415889053	5.591286067576101	230.0	15	1.05	0.95				
	121	2	0.0	0.0	0.0	0.0	1	1.05	15.317663061995605	230.0	17	1.05	0.95				
	122	2	0.0	0.0	0.0	0.0	1	1.05	30.43101314534719	230.0	17	1.05	0.95				
	123	2	0.0	0.0	0.0	0.0	1	1.03050158166256	5.282303902596076	230.0	15	1.05	0.95				
	124	1	0.0	0.0	0.0	0.0	1	1.0253721050044509	6.406208437200664	230.0	16	1.05	0.95				
	201	2	54.87549188210528	11.178340938947368	0.0	0.0	2	1.0243412336415816	-13.873333359509093	138.0	21	1.05	0.95				
	202	2	49.28632141263159	10.16212812631579	0.0	0.0	2	1.0253744266751115	-13.695250478141679	138.0	22	1.05	0.95				
	203	1	91.45915313684212	18.79993703368421	0.0	0.0	2	1.0157564064759235	-12.184276260025989	138.0	21	1.05	0.95				
	204	1	37.59987406736842	7.621596094736842	0.0	0.0	2	1.0160480075810123	-15.135318367186636	138.0	21	1.05	0.95				
	205	1	36.075554848421056	7.113489688421054	0.0	0.0	2	1.0308776186922832	-15.511677701751115	138.0	21	1.05	0.95				
	206	1	69.10247125894739	14.226979376842108	0.0	-100.0	2	1.0420596168602019	-16.879580826290507	138.0	22	1.05	0.95				
	207	2	63.51330078947369	12.702660157894737	0.0	0.0	2	0.9904360302512492	-24.177221343071956	138.0	22	1.05	0.95				
	208	1	86.88619548000001	17.783724221052633	0.0	0.0	2	0.9940069743152031	-21.807796395490474	138.0	22	1.05	0.95				
	209	1	88.91862110526316	18.291830627368423	0.0	0.0	2	1.023326249381163	-14.227754156247215	138.0	23	1.05	0.95				
	210	1	99.08074923157896	20.32425625263158	0.0	0.0	2	1.05	-15.543889806172539	138.0	23	1.05	0.95				
	211	1	0.0	0.0	0.0	0.0	2	1.0105729213950088	-10.993239061427618	230.0	23	1.05	0.95				
	212	1	0.0	0.0	0.0	0.0	2	1.0115127287465513	-9.828175427543064	230.0	23	1.05	0.95				
	213	2	134.64819767368422	27.43774594105264	0.0	0.0	2	1.0100506248707326	-9.350038957289597	230.0	24	1.05	0.95				
	214	2	98.57264282526317	19.816149846315792	0.0	0.0	2	1.0140921923807122	-8.479646604092533	230.0	26	1.05	0.95				
	215	2	161.06973080210528	32.51881000421053	0.0	0.0	2	1.0285567574743886	-1.7692086618262735	230.0	26	1.05	0.95				
	216	2	50.81064063157895	10.16212812631579	0.0	0.0	2	1.0309323884449952	-1.8233100126386323	230.0	26	1.05	0.95				
	217	1	0.0	0.0	0.0	0.0	2	1.0337948241569734	0.0814875690983261	230.0	27	1.05	0.95				
	218	2	169.19943330315792	34.551235629473695	0.0	0.0	2	1.0327415867429823	-0.7025184296924746	230.0	27	1.05	0.95				
	219	1	91.96725954315791	18.79993703368421	0.0	0.0	2	1.0324257297437456	-1.5117758526473934	230.0	25	1.05	0.95				
	220	1	65.03762000842106	13.210766564210527	0.0	0.0	2	1.037604053639012	-0.268365033838696	230.0	25	1.05	0.95				
	221	2	0.0	0.0	0.0	0.0	2	1.0341689067352466	-0.2453585004757768	230.0	27	1.05	0.95				
	222	2	0.0	0.0	0.0	0.0	2	1.05	6.379711398339269	230.0	27	1.05	0.95				
	223	2	0.0	0.0	0.0	0.0	2	1.0417733833747778	0.7882388811004732	230.0	25	1.05	0.95				
	224	1	0.0	0.0	0.0	0.0	2	1.0109193877061948	-5.660981194513438	230.0	26	1.05	0.95				
	301	2	39.29136347368421	8.003796263157895	0.0	0.0	3	1.0119373382180263	-9.07453482419814	138.0	31	1.05	0.95				
	302	2	35.28946534210527	7.276178421052632	0.0	0.0	3	1.0118838445705263	-9.151692716963673	138.0	32	1.05	0.95				
	303	1	65.4856057894737	13.460930078947367	0.0	0.0	3	1.0232966287684417	-4.891181888536125	138.0	31	1.05	0.95				
	304	1	26.921860157894734	5.457133815789474	0.0	0.0	3	1.013548591888554	-7.803323213911592	138.0	31	1.05	0.95				
	305	1	25.83043339473684	5.093324894736843	0.0	0.0	3	1.0264357324907583	-8.57023002592528	138.0	31	1.05	0.95				
	306	1	49.4780132631579	10.186649789473686	0.0	-100.0	3	1.0432775447621654	-8.740686878164807	138.0	32	1.05	0.95				
	307	2	45.47611513157895	9.09522302631579	0.0	0.0	3	0.9859168919443285	-12.359282183985481	138.0	32	1.05	0.95				
	308	1	62.2113255	12.733312236842103	0.0	0.0	3	0.9979487984358715	-10.80821219333084	138.0	32	1.05	0.95				
	309	1	63.66656118421052	13.097121157894737	0.0	0.0	3	1.0256960250509393	-5.203970000685738	138.0	33	1.05	0.95				
	310	1	70.94273960526316	14.552356842105263	0.0	0.0	3	1.05	-6.8920538241305165	138.0	33	1.05	0.95				
	311	1	0.0	0.0	0.0	0.0	3	1.0033636095099296	-2.042958012029402	230.0	33	1.05	0.95				
	312	1	0.0	0.0	0.0	0.0	3	1.0082325351859343	-1.5348125028083384	230.0	33	1.05	0.95				
	313	2	96.40936407894736	19.645681736842104	0.0	0.0	3	1.0059426807396523	1.335704976103121	230.0	34	1.05	0.95				
	314	2	70.57893068421053	14.188547921052633	0.0	0.0	3	0.9967728441704478	-0.8446582174956494	230.0	36	1.05	0.95				
	315	2	115.32742797368421	23.28377094736842	0.0	0.0	3	1.027773305907863	2.6939798059165634	230.0	36	1.05	0.95				
	316	2	36.38089210526316	7.276178421052632	0.0	0.0	3	1.0256560978688627	2.9587466214014913	230.0	36	1.05	0.95				
	317	1	0.0	0.0	0.0	0.0	3	1.0411438797659764	7.3953159507902315	230.0	37	1.05	0.95				
	318	2	121.14837071052631	24.73900663157895	0.0	0.0	3	1.0395832556967342	5.4923708409623675	230.0	37	1.05	0.95				
	319	1	65.84941471052632	13.460930078947367	0.0	0.0	3	1.0193244032049504	2.5278161299185653	230.0	35	1.05	0.95				
	320	1	46.56754189473684	9.459031947368421	0.0	0.0	3	1.0159666018703484	2.8736078731888064	230.0	35	1.05	0.95				
	321	2	0.0	0.0	0.0	0.0	3	1.0377282677648558	5.173953899075855	230.0	37	1.05	0.95				
	322	2	0.0	0.0	0.0	0.0	3	1.05	10.361889584210685	230.0	37	1.05	0.95				
	323	2	0.0	0.0	0.0	0.0	3	1.014471004371256	3.3541114505817595	230.0	35	1.05	0.95				
	324	1	0.0	0.0	0.0	0.0	3	1.0164256555998814	-0.1608941917391677	230.0	36	1.05	0.95				
	325	1	0.0	0.0	0.0	0.0	3	1.0144874141516813	4.39186041544205	230.0	35	1.05	0.95				
];
