%% MATPOWER Case Format : Version 2
function mpc = RTS_GMLC
mpc.version = '2';

%%-----  Power Flow Data  -----%%
%% system MVA base
mpc.baseMVA = 100.0;
%% bus data
%    bus_i    type    Pd    Qd    Gs    Bs    area    Vm    Va    baseKV    zone    Vmax    Vmin
mpc.bus = [
	101	2	73.5987135031579	14.992330528421052	0.0	0.0	1	1.0446598184077116	0.7748798897557129	138.0	11	1.05	0.95				
	102	2	66.10254823894736	13.629391389473685	0.0	0.0	1	1.043907717118825	0.4883859720309987	138.0	12	1.05	0.95				
	103	1	122.66452250526316	25.21437407052631	0.0	0.0	1	1.0303535822080239	-0.24803677365345755	138.0	11	1.05	0.95				
	104	1	50.42874814105262	10.222043542105261	0.0	0.0	1	1.0235264361258856	-3.1790533836337946	138.0	11	1.05	0.95				
	105	1	48.38433943263157	9.54057397263158	0.0	0.0	1	1.0374252599424185	-3.387941346969096	138.0	11	1.05	0.95				
	106	1	92.67986144842105	19.08114794526316	0.0	-100.0	1	1.0400978988708673	-6.3972289707482854	138.0	12	1.05	0.95				
	107	2	85.18369618421052	17.036739236842106	0.0	0.0	1	1.0140702349996233	-11.26477903824189	138.0	12	1.05	0.95				
	108	1	116.53129637999999	23.851434931578947	0.0	0.0	1	1.0048999036544624	-10.66940923054548	138.0	12	1.05	0.95				
	109	1	119.25717465789474	24.53290450105263	0.0	0.0	1	1.0262686077661776	-4.0865551842899315	138.0	13	1.05	0.95				
	110	1	132.8865660473684	27.25878277894737	0.0	0.0	1	1.05	-5.519779822355699	138.0	13	1.05	0.95				
	111	1	0.0	0.0	0.0	0.0	1	1.012813562761139	-1.4777380834691434	230.0	13	1.05	0.95				
	112	1	0.0	0.0	0.0	0.0	1	1.0164353796701737	-1.0126581345759496	230.0	13	1.05	0.95				
	113	3	180.5894359105263	36.79935675157895	0.0	0.0	1	1.0136131112651485	-1.2272221540920205e-28	230.0	14	1.05	0.95				
	114	2	132.20509647789473	26.577313209473687	0.0	0.0	1	1.0140320340484055	0.6113645731724546	230.0	16	1.05	0.95				
	115	2	216.02585352315788	43.61405244631579	0.0	0.0	1	1.0442586386074413	8.528665570685247	230.0	16	1.05	0.95				
	116	2	68.14695694736842	13.629391389473685	0.0	0.0	1	1.0419172365100209	7.6456773963121725	230.0	16	1.05	0.95				
	117	1	0.0	0.0	0.0	0.0	1	1.045731944659525	10.728165982924287	230.0	17	1.05	0.95				
	118	2	226.92936663473685	46.339930724210525	0.0	0.0	1	1.047817476685382	11.346008359226202	230.0	17	1.05	0.95				
	119	1	123.34599207473684	25.21437407052631	0.0	0.0	1	1.0362131149601066	6.083955871542046	230.0	15	1.05	0.95				
	120	1	87.22810489263158	17.71820880631579	0.0	0.0	1	1.0362078172393152	5.491265894593994	230.0	15	1.05	0.95				
	121	2	0.0	0.0	0.0	0.0	1	1.05	12.967762209742945	230.0	17	1.05	0.95				
	122	2	0.0	0.0	0.0	0.0	1	1.05	18.600663943582813	230.0	17	1.05	0.95				
	123	2	0.0	0.0	0.0	0.0	1	1.0378479412804429	5.673443696731978	230.0	15	1.05	0.95				
	124	1	0.0	0.0	0.0	0.0	1	1.027937765866778	5.255577335838184	230.0	16	1.05	0.95				
	201	2	81.08924919157894	16.518180390877195	0.0	0.0	2	1.0362326798514483	-15.602136978330327	138.0	21	1.05	0.95				
	202	2	72.83015899614036	15.016527628070175	0.0	0.0	2	1.036848605007353	-15.609856543455217	138.0	22	1.05	0.95				
	203	1	135.14874865263158	27.780576111929822	0.0	0.0	2	1.017997413645342	-12.957521812225645	138.0	21	1.05	0.95				
	204	1	55.561152223859644	11.26239572105263	0.0	0.0	2	1.0173025635374118	-16.765070606545375	138.0	21	1.05	0.95				
	205	1	53.30867307964912	10.511569339649125	0.0	0.0	2	1.0336106467908261	-17.18310333546502	138.0	21	1.05	0.95				
	206	1	102.1123878708772	21.02313867929825	0.0	-100.0	2	1.0378353171534205	-18.762933532393163	138.0	22	1.05	0.95				
	207	2	93.8532976754386	18.77065953508772	0.0	0.0	2	0.9586143739408312	-29.858158647613273	138.0	22	1.05	0.95				
	208	1	128.39131122	26.278923349122806	0.0	0.0	2	0.9636115659867235	-26.105844650076587	138.0	22	1.05	0.95				
	209	1	131.39461674561403	27.029749730526316	0.0	0.0	2	1.025141375259897	-14.666320230047317	138.0	23	1.05	0.95				
	210	1	146.4111443736842	30.03305525614035	0.0	0.0	2	1.05	-16.419420371589073	138.0	23	1.05	0.95				
	211	1	0.0	0.0	0.0	0.0	2	1.0281303661939754	-10.846855183087621	230.0	23	1.05	0.95				
	212	1	0.0	0.0	0.0	0.0	2	1.025174617333591	-5.857738673545611	230.0	23	1.05	0.95				
	213	2	198.96899107192982	40.54462459578947	0.0	0.0	2	1.0380041591847895	-8.168323994812715	230.0	24	1.05	0.95				
	214	2	145.6603179922807	29.282228874736845	0.0	0.0	2	1.0422175064285075	-8.647776082443988	230.0	26	1.05	0.95				
	215	2	238.01196290491225	48.05288840982456	0.0	0.0	2	1.0415432234265165	-0.8909518727002799	230.0	26	1.05	0.95				
	216	2	75.08263814035088	15.016527628070175	0.0	0.0	2	1.0446053118465606	-0.8813280758237034	230.0	26	1.05	0.95				
	217	1	0.0	0.0	0.0	0.0	2	1.0457750645274273	2.0475162010458727	230.0	27	1.05	0.95				
	218	2	250.02518500736844	51.0561939354386	0.0	0.0	2	1.046514929458364	2.1124140803328055	230.0	27	1.05	0.95				
	219	1	135.89957503403508	27.780576111929822	0.0	0.0	2	1.0414358513835302	-0.9581905044108231	230.0	25	1.05	0.95				
	220	1	96.10577681964912	19.52148591649123	0.0	0.0	2	1.0453339850660677	0.38365421668784294	230.0	25	1.05	0.95				
	221	2	0.0	0.0	0.0	0.0	2	1.0464279259870104	1.8796784215749005	230.0	27	1.05	0.95				
	222	2	0.0	0.0	0.0	0.0	2	1.05	8.45462001977148	230.0	27	1.05	0.95				
	223	2	0.0	0.0	0.0	0.0	2	1.05	1.6629085653798283	230.0	25	1.05	0.95				
	224	1	0.0	0.0	0.0	0.0	2	1.0176066088848639	-5.357460843454404	230.0	26	1.05	0.95				
	301	2	73.95317935578947	15.064536535438593	0.0	0.0	3	0.9828716473492223	-1.2324534544089152	138.0	31	1.05	0.95				
	302	2	66.42091108807017	13.695033214035087	0.0	0.0	3	0.9851686854209006	-1.298049182250398	138.0	32	1.05	0.95				
	303	1	123.25529892631577	25.335811445964907	0.0	0.0	3	0.9996533286288086	2.2773181217137983	138.0	31	1.05	0.95				
	304	1	50.671622891929815	10.271274910526314	0.0	0.0	3	0.9831187005385312	1.35521411641979	138.0	31	1.05	0.95				
	305	1	48.61736790982455	9.58652324982456	0.0	0.0	3	0.9944310361743859	1.2593671953471013	138.0	31	1.05	0.95				
	306	1	93.12622585543859	19.17304649964912	0.0	-100.0	3	1.0095685317856409	1.8709921865370922	138.0	32	1.05	0.95				
	307	2	85.59395758771929	17.11879151754386	0.0	0.0	3	0.9599747176220802	-2.6482535966473417	138.0	32	1.05	0.95				
	308	1	117.09253397999998	23.9663081245614	0.0	0.0	3	0.9717547393232372	0.6233165676613561	138.0	32	1.05	0.95				
	309	1	119.83154062280701	24.651059785263154	0.0	0.0	3	1.0078420319444399	6.418550882917663	138.0	33	1.05	0.95				
	310	1	133.5265738368421	27.390066428070174	0.0	0.0	3	1.0287113052755097	6.031394918666005	138.0	33	1.05	0.95				
	311	1	0.0	0.0	0.0	0.0	3	1.0007560785701568	13.625723956285002	230.0	33	1.05	0.95				
	312	1	0.0	0.0	0.0	0.0	3	1.0062060586864923	15.260568526891982	230.0	33	1.05	0.95				
	313	2	181.4591900859649	36.97658967789474	0.0	0.0	3	1.034805867035569	23.60653287585396	230.0	34	1.05	0.95				
	314	2	132.84182217614034	26.70531476736842	0.0	0.0	3	1.007380172601748	11.973649358137925	230.0	36	1.05	0.95				
	315	2	217.06627644245611	43.824106284912276	0.0	0.0	3	1.0353622196611518	6.336993986372928	230.0	36	1.05	0.95				
	316	2	68.47516607017543	13.695033214035087	0.0	0.0	3	1.0362856548638844	8.225362372317791	230.0	36	1.05	0.95				
	317	1	0.0	0.0	0.0	0.0	3	1.0398389109626058	6.790004873841363	230.0	37	1.05	0.95				
	318	2	228.02230301368417	46.563112927719295	0.0	0.0	3	1.03849626761959	5.486129236920235	230.0	37	1.05	0.95				
	319	1	123.94005058701754	25.335811445964907	0.0	0.0	3	1.033376076211764	11.279556714643906	230.0	35	1.05	0.95				
	320	1	87.64821256982455	17.80354317824561	0.0	0.0	3	1.035102187874096	13.738654810182396	230.0	35	1.05	0.95				
	321	2	0.0	0.0	0.0	0.0	3	1.039074761528508	6.340812831517831	230.0	37	1.05	0.95				
	322	2	0.0	0.0	0.0	0.0	3	1.05	10.832095087413325	230.0	37	1.05	0.95				
	323	2	0.0	0.0	0.0	0.0	3	1.0364736976402367	14.701208324614202	230.0	35	1.05	0.95				
	324	1	0.0	0.0	0.0	0.0	3	1.0177950237328965	6.7436598387653035	230.0	36	1.05	0.95				
	325	1	0.0	0.0	0.0	0.0	3	1.0387412264797198	14.560553233684317	230.0	35	1.05	0.95				
];
