%% MATPOWER Case Format : Version 2
function mpc = RTS_GMLC
mpc.version = '2';

%%-----  Power Flow Data  -----%%
%% system MVA base
mpc.baseMVA = 100.0;
%% bus data
%    bus_i    type    Pd    Qd    Gs    Bs    area    Vm    Va    baseKV    zone    Vmax    Vmin
mpc.bus = [
	101	2	86.35724890105264	17.591291442807016	0.0	0.0	1	1.043520121475713	-1.3986067878181754	138.0	11	1.05	0.95				
	102	2	77.56160317964913	15.992083129824564	0.0	0.0	1	1.0435113502069575	-1.4620192450031873	138.0	12	1.05	0.95				
	103	1	143.92874816842104	29.58535379017544	0.0	0.0	1	1.0203360023266532	-2.838139506251538	138.0	11	1.05	0.95				
	104	1	59.17070758035088	11.99406234736842	0.0	0.0	1	1.022168218740773	-4.57313666088453	138.0	11	1.05	0.95				
	105	1	56.77189511087719	11.194458190877194	0.0	0.0	1	1.0358093091435479	-5.005795103751485	138.0	11	1.05	0.95				
	106	1	108.74616528280703	22.388916381754388	0.0	-100.0	1	1.0369550914316754	-7.751041579742513	138.0	12	1.05	0.95				
	107	2	99.95051956140351	19.990103912280702	0.0	0.0	1	1.0434852593486692	-4.147612706985172	138.0	12	1.05	0.95				
	108	1	136.73231076	27.98614547719298	0.0	0.0	1	1.0201989510178837	-7.191079214160869	138.0	12	1.05	0.95				
	109	1	139.9307273859649	28.785749633684212	0.0	0.0	1	1.0266208787129927	-4.765373345424731	138.0	13	1.05	0.95				
	110	1	155.92281051578948	31.98416625964913	0.0	0.0	1	1.05	-6.18959632903854	138.0	13	1.05	0.95				
	111	1	0.0	0.0	0.0	0.0	1	1.0153153615133497	-1.9014933264400107	230.0	13	1.05	0.95				
	112	1	0.0	0.0	0.0	0.0	1	1.0168142975967664	-1.1201351154672092	230.0	13	1.05	0.95				
	113	3	211.89510147017546	43.17862445052632	0.0	0.0	1	1.0164693624142034	-2.743369346205874e-32	230.0	14	1.05	0.95				
	114	2	155.12320635929825	31.184562103157898	0.0	0.0	1	1.0193853568641829	0.03984375879498512	230.0	16	1.05	0.95				
	115	2	253.4745176077193	51.174666015438596	0.0	0.0	1	1.0437037696092535	8.375275832414646	230.0	16	1.05	0.95				
	116	2	79.96041564912281	15.992083129824564	0.0	0.0	1	1.0427820974407207	7.643349737719127	230.0	16	1.05	0.95				
	117	1	0.0	0.0	0.0	0.0	1	1.046178494491042	10.882297142453853	230.0	17	1.05	0.95				
	118	2	266.26818411157893	54.37308264140351	0.0	0.0	1	1.0483996593355474	11.514738975930271	230.0	17	1.05	0.95				
	119	1	144.7283523249123	29.58535379017544	0.0	0.0	1	1.036436482961253	6.221349431823017	230.0	15	1.05	0.95				
	120	1	102.34933203087719	20.78970806877193	0.0	0.0	1	1.037374768338699	6.089174329796389	230.0	15	1.05	0.95				
	121	2	0.0	0.0	0.0	0.0	1	1.05	13.084862942637356	230.0	17	1.05	0.95				
	122	2	0.0	0.0	0.0	0.0	1	1.05	19.287080641855674	230.0	17	1.05	0.95				
	123	2	0.0	0.0	0.0	0.0	1	1.0401334720688802	6.608648550466589	230.0	15	1.05	0.95				
	124	1	0.0	0.0	0.0	0.0	1	1.0209252974450231	4.22573966480244	230.0	16	1.05	0.95				
	201	2	77.00928696	15.687076973333333	0.0	0.0	2	1.0365994325331143	-8.84171270981777	138.0	21	1.05	0.95				
	202	2	69.16574847333334	14.260979066666666	0.0	0.0	2	1.0368406869419693	-8.893429179002842	138.0	22	1.05	0.95				
	203	1	128.3488116	26.382811273333335	0.0	0.0	2	1.0265136926560223	-7.0687493731906	138.0	21	1.05	0.95				
	204	1	52.76562254666667	10.6957343	0.0	0.0	2	1.0188434484913709	-10.47249650255475	138.0	21	1.05	0.95				
	205	1	50.62647568666666	9.982685346666667	0.0	0.0	2	1.0342661743255788	-10.774748146822212	138.0	21	1.05	0.95				
	206	1	96.97465765333332	19.965370693333334	0.0	-100.0	2	1.038843531282501	-12.526424322702447	138.0	22	1.05	0.95				
	207	2	89.13111916666666	17.826223833333334	0.0	0.0	2	0.9684112994509094	-23.165858989367	138.0	22	1.05	0.95				
	208	1	121.93137102	24.956713366666662	0.0	0.0	2	0.97175785235349	-19.64908959772218	138.0	22	1.05	0.95				
	209	1	124.78356683333334	25.66976232	0.0	0.0	2	1.0264452699258138	-8.882514518300278	138.0	23	1.05	0.95				
	210	1	139.0445459	28.52195813333333	0.0	0.0	2	1.05	-10.491200551839345	138.0	23	1.05	0.95				
	211	1	0.0	0.0	0.0	0.0	2	1.0226872031048098	-5.530566054017897	230.0	23	1.05	0.95				
	212	1	0.0	0.0	0.0	0.0	2	1.0228715551476573	-0.7629585366933562	230.0	23	1.05	0.95				
	213	2	188.95797263333333	38.50464348	0.0	0.0	2	1.029065420869774	-2.922519779412775	230.0	24	1.05	0.95				
	214	2	138.33149694666668	27.808909179999997	0.0	0.0	2	1.0317739062312383	-3.7204839284314	230.0	26	1.05	0.95				
	215	2	226.03651820666664	45.63513301333333	0.0	0.0	2	1.0411121805066161	2.8841548264711223	230.0	26	1.05	0.95				
	216	2	71.30489533333333	14.260979066666666	0.0	0.0	2	1.042841775317182	3.221354571139159	230.0	26	1.05	0.95				
	217	1	0.0	0.0	0.0	0.0	2	1.0457967302167452	5.683261335892246	230.0	27	1.05	0.95				
	218	2	237.44530145999997	48.48732882666666	0.0	0.0	2	1.0465006044269218	5.972287180307407	230.0	27	1.05	0.95				
	219	1	129.06186055333333	26.382811273333335	0.0	0.0	2	1.040612363157903	3.589669320833461	230.0	25	1.05	0.95				
	220	1	91.27026602666666	18.539272786666665	0.0	0.0	2	1.0450349683931122	5.24927223881681	230.0	25	1.05	0.95				
	221	2	0.0	0.0	0.0	0.0	2	1.0465244222306909	5.858491986519115	230.0	27	1.05	0.95				
	222	2	0.0	0.0	0.0	0.0	2	1.05	12.29871832727194	230.0	27	1.05	0.95				
	223	2	0.0	0.0	0.0	0.0	2	1.05	6.674293604631636	230.0	25	1.05	0.95				
	224	1	0.0	0.0	0.0	0.0	2	1.023207138688601	-0.8279178771655533	230.0	26	1.05	0.95				
	301	2	71.57861435368422	14.580828849824561	0.0	0.0	3	1.003031271297197	-0.3582398743642282	138.0	31	1.05	0.95				
	302	2	64.28819992877193	13.255298954385966	0.0	0.0	3	1.0040195227864603	-0.4392852098867184	138.0	32	1.05	0.95				
	303	1	119.2976905894737	24.522303065614036	0.0	0.0	3	1.0168987337685842	4.127410989493027	138.0	31	1.05	0.95				
	304	1	49.04460613122807	9.941474215789475	0.0	0.0	3	1.0035269929402137	1.9371221760684612	138.0	31	1.05	0.95				
	305	1	47.05631128807018	9.278709268070177	0.0	0.0	3	1.0162514324892757	1.6611907960134356	138.0	31	1.05	0.95				
	306	1	90.13603288982456	18.557418536140354	0.0	-100.0	3	1.0319441109072427	2.058370883625001	138.0	32	1.05	0.95				
	307	2	82.84561846491229	16.56912369298246	0.0	0.0	3	0.9905534527278665	-2.8572911992443077	138.0	32	1.05	0.95				
	308	1	113.33280606	23.19677317017544	0.0	0.0	3	0.9970629492256141	0.2008586316455605	138.0	32	1.05	0.95				
	309	1	115.98386585087721	23.859538117894736	0.0	0.0	3	1.027451013923355	6.57524862059156	138.0	33	1.05	0.95				
	310	1	129.23916480526316	26.51059790877193	0.0	0.0	3	1.05	5.79978694746124	138.0	33	1.05	0.95				
	311	1	0.0	0.0	0.0	0.0	3	1.0182196277250881	13.037660641391263	230.0	33	1.05	0.95				
	312	1	0.0	0.0	0.0	0.0	3	1.0223542050094958	14.176213320427193	230.0	33	1.05	0.95				
	313	2	175.63271114561402	35.78930717684211	0.0	0.0	3	1.0453931528992584	21.24693639595592	230.0	34	1.05	0.95				
	314	2	128.57639985754386	25.847832961052635	0.0	0.0	3	1.021689655674799	12.507762292878573	230.0	36	1.05	0.95				
	315	2	210.09648842701756	42.41695665403509	0.0	0.0	3	1.0372185900470265	9.222281187749449	230.0	36	1.05	0.95				
	316	2	66.27649477192983	13.255298954385966	0.0	0.0	3	1.0378541161872061	10.539938535886181	230.0	36	1.05	0.95				
	317	1	0.0	0.0	0.0	0.0	3	1.0416112949346028	10.10399188317732	230.0	37	1.05	0.95				
	318	2	220.70072759052636	45.06801644491228	0.0	0.0	3	1.040279156704879	9.16421911012185	230.0	37	1.05	0.95				
	319	1	119.96045553719298	24.522303065614036	0.0	0.0	3	1.0369505410961923	12.509899499967522	230.0	35	1.05	0.95				
	320	1	84.83391330807018	17.231888640701758	0.0	0.0	3	1.0390594375274045	14.048698988223425	230.0	35	1.05	0.95				
	321	2	0.0	0.0	0.0	0.0	3	1.0414929674783813	10.125168276575735	230.0	37	1.05	0.95				
	322	2	0.0	0.0	0.0	0.0	3	1.05	14.438276394202669	230.0	37	1.05	0.95				
	323	2	0.0	0.0	0.0	0.0	3	1.0404095362531511	14.649263179112523	230.0	35	1.05	0.95				
	324	1	0.0	0.0	0.0	0.0	3	1.0246292206623724	9.192786776222983	230.0	36	1.05	0.95				
	325	1	0.0	0.0	0.0	0.0	3	1.0423276746422756	14.521363655813625	230.0	35	1.05	0.95				
];
