%% MATPOWER Case Format : Version 2
function mpc = RTS_GMLC
mpc.version = '2';

%%-----  Power Flow Data  -----%%
%% system MVA base
mpc.baseMVA = 100.0;
%% bus data
%    bus_i    type    Pd    Qd    Gs    Bs    area    Vm    Va    baseKV    zone    Vmax    Vmin
mpc.bus = [
	101	2	59.7446808631579	12.170212768421052	0.0	0.0	1	1.0353427857966941	2.3089238353785793	138.0	11	1.05	0.95				
	102	2	53.65957447894737	11.063829789473685	0.0	0.0	1	1.0353838655388998	2.2732580319353923	138.0	12	1.05	0.95				
	103	1	99.57446810526316	20.468085110526317	0.0	0.0	1	1.025789719669723	0.28232119971103353	138.0	11	1.05	0.95				
	104	1	40.936170221052635	8.297872342105263	0.0	0.0	1	1.0203110156843587	-1.2022369757127676	138.0	11	1.05	0.95				
	105	1	39.27659575263158	7.74468085263158	0.0	0.0	1	1.0350204930586657	-1.0511050712441148	138.0	11	1.05	0.95				
	106	1	75.23404256842106	15.48936170526316	0.0	-100.0	1	1.0422499189754346	-3.4462212960984164	138.0	12	1.05	0.95				
	107	2	69.14893618421053	13.829787236842106	0.0	0.0	1	1.0335739468360154	-2.049305814003718	138.0	12	1.05	0.95				
	108	1	94.59574470000001	19.361702131578948	0.0	0.0	1	1.0216591165417748	-3.8745605820915765	138.0	12	1.05	0.95				
	109	1	96.80851065789474	19.91489362105263	0.0	0.0	1	1.025599225867041	-1.8175887621597346	138.0	13	1.05	0.95				
	110	1	107.87234044736842	22.12765957894737	0.0	0.0	1	1.05	-2.7229080248470594	138.0	13	1.05	0.95				
	111	1	0.0	0.0	0.0	0.0	1	1.0062777253164132	-0.1716510455680542	230.0	13	1.05	0.95				
	112	1	0.0	0.0	0.0	0.0	1	1.0110011804703964	0.32782057238591683	230.0	13	1.05	0.95				
	113	3	146.59574471052633	29.87234043157895	0.0	0.0	1	0.9999382455283836	-1.232339487224678e-30	230.0	14	1.05	0.95				
	114	2	107.31914895789474	21.574468089473687	0.0	0.0	1	1.0039403114503713	1.8871594559877007	230.0	16	1.05	0.95				
	115	2	175.3617021631579	35.40425532631579	0.0	0.0	1	1.0406127063247226	8.60080349428626	230.0	16	1.05	0.95				
	116	2	55.319148947368426	11.063829789473685	0.0	0.0	1	1.0368001788841334	8.05524448344456	230.0	16	1.05	0.95				
	117	1	0.0	0.0	0.0	0.0	1	1.0436788955240202	10.392499929738849	230.0	17	1.05	0.95				
	118	2	184.21276599473686	37.61702128421053	0.0	0.0	1	1.046351857309457	10.69308521957799	230.0	17	1.05	0.95				
	119	1	100.12765959473684	20.468085110526317	0.0	0.0	1	1.0301342757399106	6.759547791299524	230.0	15	1.05	0.95				
	120	1	70.80851065263158	14.38297872631579	0.0	0.0	1	1.028870904934037	6.693718599905321	230.0	15	1.05	0.95				
	121	2	0.0	0.0	0.0	0.0	1	1.049390316228525	11.51665647672361	230.0	17	1.05	0.95				
	122	2	0.0	0.0	0.0	0.0	1	1.05	17.586166172956712	230.0	17	1.05	0.95				
	123	2	0.0	0.0	0.0	0.0	1	1.029301490657321	7.078680410606604	230.0	15	1.05	0.95				
	124	1	0.0	0.0	0.0	0.0	1	1.0244877638036238	5.503158088379116	230.0	16	1.05	0.95				
	201	2	61.896426896842115	12.608531404912283	0.0	0.0	2	1.0330311112805826	-8.400719255689953	138.0	21	1.05	0.95				
	202	2	55.592161194385966	11.462301277192983	0.0	0.0	2	1.0331992450946308	-8.475904366077955	138.0	22	1.05	0.95				
	203	1	103.16071149473684	21.20525736280702	0.0	0.0	2	1.0238066296201278	-6.492774147748021	138.0	21	1.05	0.95				
	204	1	42.41051472561404	8.596725957894737	0.0	0.0	2	1.0184892752365078	-10.755712632906551	138.0	21	1.05	0.95				
	205	1	40.69116953403509	8.02361089403509	0.0	0.0	2	1.0340666991918743	-11.0236342306763	138.0	21	1.05	0.95				
	206	1	77.94364868491229	16.04722178807018	0.0	-100.0	2	1.04168057918252	-13.040926436950436	138.0	22	1.05	0.95				
	207	2	71.63938298245614	14.32787659649123	0.0	0.0	2	0.9881650050787562	-21.700077729054737	138.0	22	1.05	0.95				
	208	1	98.00267592	20.05902723508772	0.0	0.0	2	0.9898011949343044	-18.97079903066806	138.0	22	1.05	0.95				
	209	1	100.29513617543859	20.63214229894737	0.0	0.0	2	1.0238914621850623	-10.295601852956223	138.0	23	1.05	0.95				
	210	1	111.75743745263158	22.924602554385967	0.0	0.0	2	1.05	-11.873560828948499	138.0	23	1.05	0.95				
	211	1	0.0	0.0	0.0	0.0	2	1.013424615087184	-7.2508240074846455	230.0	23	1.05	0.95				
	212	1	0.0	0.0	0.0	0.0	2	1.0138136032941676	-6.283734414363642	230.0	23	1.05	0.95				
	213	2	151.87549192280702	30.948213448421058	0.0	0.0	2	1.012703620916596	-5.968646536384042	230.0	24	1.05	0.95				
	214	2	111.18432238877193	22.351487490526317	0.0	0.0	2	1.019575835878514	-4.509468327106953	230.0	26	1.05	0.95				
	215	2	181.67747524350878	36.67936408701755	0.0	0.0	2	1.033457820833148	2.827997350821606	230.0	26	1.05	0.95				
	216	2	57.31150638596492	11.462301277192983	0.0	0.0	2	1.0363394630837506	2.8606114645137146	230.0	26	1.05	0.95				
	217	1	0.0	0.0	0.0	0.0	2	1.0397414551473063	5.691762117808973	230.0	27	1.05	0.95				
	218	2	190.84731626526317	38.971824342456145	0.0	0.0	2	1.0410743279362116	6.095987488662529	230.0	27	1.05	0.95				
	219	1	103.7338265585965	21.20525736280702	0.0	0.0	2	1.0365199143548625	2.4568071575638637	230.0	25	1.05	0.95				
	220	1	73.3587281740351	14.90099166035088	0.0	0.0	2	1.0411848166134055	3.1962680953599203	230.0	25	1.05	0.95				
	221	2	0.0	0.0	0.0	0.0	2	1.0407641397864051	5.7663871458691345	230.0	27	1.05	0.95				
	222	2	0.0	0.0	0.0	0.0	2	1.05	12.24019700973997	230.0	27	1.05	0.95				
	223	2	0.0	0.0	0.0	0.0	2	1.0451463832160897	4.02274553960871	230.0	25	1.05	0.95				
	224	1	0.0	0.0	0.0	0.0	2	1.0182336702776635	-0.6643254063110907	230.0	26	1.05	0.95				
	301	2	45.01423599157894	9.169566590877192	0.0	0.0	3	1.0071519001995	-15.01115350732399	138.0	31	1.05	0.95				
	302	2	40.429452696140345	8.335969628070176	0.0	0.0	3	1.0070648210271425	-15.122940244640427	138.0	32	1.05	0.95				
	303	1	75.02372665263157	15.421543811929823	0.0	0.0	3	1.0234962323805459	-9.777101089948651	138.0	31	1.05	0.95				
	304	1	30.843087623859645	6.2519772210526305	0.0	0.0	3	1.0102813052150914	-13.765283141778427	138.0	31	1.05	0.95				
	305	1	29.592692179649116	5.835178739649122	0.0	0.0	3	1.0231879138615068	-14.460193555487916	138.0	31	1.05	0.95				
	306	1	56.68459347087719	11.670357479298245	0.0	-100.0	3	1.0405562978208074	-14.65625004750406	138.0	32	1.05	0.95				
	307	2	52.09981017543859	10.419962035087718	0.0	0.0	3	0.9931194053601196	-19.187679040159345	138.0	32	1.05	0.95				
	308	1	71.27254031999999	14.587946849122805	0.0	0.0	3	1.0000139811899933	-17.323364937482296	138.0	32	1.05	0.95				
	309	1	72.93973424561403	15.004745330526315	0.0	0.0	3	1.0258061334251967	-10.945499143488929	138.0	33	1.05	0.95				
	310	1	81.27570387368421	16.67193925614035	0.0	0.0	3	1.05	-12.567134777723062	138.0	33	1.05	0.95				
	311	1	0.0	0.0	0.0	0.0	3	1.007958492546824	-6.895236776723992	230.0	33	1.05	0.95				
	312	1	0.0	0.0	0.0	0.0	3	1.0107817891642117	-6.582203504470824	230.0	33	1.05	0.95				
	313	2	110.45159757192981	22.50711799578947	0.0	0.0	3	1.0102691607916998	-3.5562306597908693	230.0	34	1.05	0.95				
	314	2	80.85890539228069	16.25514077473684	0.0	0.0	3	1.0091313772480037	-4.859931320044167	230.0	36	1.05	0.95				
	315	2	132.12511860491227	26.67510280982456	0.0	0.0	3	1.0368920511373168	0.11252627037892385	230.0	36	1.05	0.95				
	316	2	41.67984814035087	8.335969628070176	0.0	0.0	3	1.034881505324831	0.46563111156860976	230.0	36	1.05	0.95				
	317	1	0.0	0.0	0.0	0.0	3	1.0412256654609608	2.289030747190806	230.0	37	1.05	0.95				
	318	2	138.79389430736842	28.342296735438595	0.0	0.0	3	1.0415921976237863	2.322265110608364	230.0	37	1.05	0.95				
	319	1	75.44052513403508	15.421543811929823	0.0	0.0	3	1.0291166597005523	-0.6628841440663019	230.0	35	1.05	0.95				
	320	1	53.35020561964912	10.836760516491227	0.0	0.0	3	1.0269983849908741	-0.8399514644404353	230.0	35	1.05	0.95				
	321	2	0.0	0.0	0.0	0.0	3	1.043748951373196	3.091046419695779	230.0	37	1.05	0.95				
	322	2	0.0	0.0	0.0	0.0	3	1.05	7.101412051544551	230.0	37	1.05	0.95				
	323	2	0.0	0.0	0.0	0.0	3	1.026305308425289	-0.6157464991400216	230.0	35	1.05	0.95				
	324	1	0.0	0.0	0.0	0.0	3	1.0195626350635139	-3.580080834494677	230.0	36	1.05	0.95				
	325	1	0.0	0.0	0.0	0.0	3	1.025207383936735	0.41779380795395876	230.0	35	1.05	0.95				
];
