%% MATPOWER Case Format : Version 2
function mpc = RTS_GMLC
mpc.version = '2';

%%-----  Power Flow Data  -----%%
%% system MVA base
mpc.baseMVA = 100.0;
%% bus data
%    bus_i    type    Pd    Qd    Gs    Bs    area    Vm    Va    baseKV    zone    Vmax    Vmin
mpc.bus = [
	101	2	66.29094507789475	13.503711034385965	0.0	0.0	1	1.018822593045332	-1.7304595548789652	138.0	11	1.05	0.95				
	102	2	59.539089560701754	12.27610094035088	0.0	0.0	1	1.0179180901952338	-2.0922043702670416	138.0	12	1.05	0.95				
	103	1	110.48490846315791	22.710786739649123	0.0	0.0	1	1.0128549530110191	0.8228460466425136	138.0	11	1.05	0.95				
	104	1	45.421573479298246	9.207075705263158	0.0	0.0	1	1.0103924714739794	-4.560284901052142	138.0	11	1.05	0.95				
	105	1	43.58015833824562	8.593270658245615	0.0	0.0	1	1.026010253238898	-4.757619655740653	138.0	11	1.05	0.95				
	106	1	83.47748639438598	17.18654131649123	0.0	-100.0	1	1.0366001476633884	-7.080254395422722	138.0	12	1.05	0.95				
	107	2	76.72563087719298	15.345126175438597	0.0	0.0	1	0.9939113014436577	-15.669109455090664	138.0	12	1.05	0.95				
	108	1	104.96066304	21.483176645614037	0.0	0.0	1	0.9917008117395296	-13.029548291101625	138.0	12	1.05	0.95				
	109	1	107.41588322807019	22.09698169263158	0.0	0.0	1	1.0234097319655109	-4.0428147666169245	138.0	13	1.05	0.95				
	110	1	119.69198416842106	24.55220188070176	0.0	0.0	1	1.05	-5.8354601428629795	138.0	13	1.05	0.95				
	111	1	0.0	0.0	0.0	0.0	1	1.0240550973743674	-0.21476306523573388	230.0	13	1.05	0.95				
	112	1	0.0	0.0	0.0	0.0	1	1.0190171158106431	-0.8511371558113842	230.0	13	1.05	0.95				
	113	3	162.65833745964912	33.145472538947374	0.0	0.0	1	1.0179937980230507	-5.443567439925692e-32	230.0	14	1.05	0.95				
	114	2	119.07817912140351	23.938396833684212	0.0	0.0	1	1.05	4.149296655992872	230.0	16	1.05	0.95				
	115	2	194.5761999045614	39.28352300912281	0.0	0.0	1	1.0315385134709179	16.05462618704064	230.0	16	1.05	0.95				
	116	2	61.38050470175439	12.27610094035088	0.0	0.0	1	1.0354142281883698	14.359013770567664	230.0	16	1.05	0.95				
	117	1	0.0	0.0	0.0	0.0	1	1.0334729741312927	20.844552969818963	230.0	17	1.05	0.95				
	118	2	204.39708065684212	41.73874319719299	0.0	0.0	1	1.042141009292994	21.577031756106866	230.0	17	1.05	0.95				
	119	1	111.09871351017544	22.710786739649123	0.0	0.0	1	1.0351511016200778	10.098375518247641	230.0	15	1.05	0.95				
	120	1	78.56704601824562	15.95893122245614	0.0	0.0	1	1.04361024789901	7.592012739004787	230.0	15	1.05	0.95				
	121	2	0.0	0.0	0.0	0.0	1	1.0391505256422031	23.76123849534313	230.0	17	1.05	0.95				
	122	2	0.0	0.0	0.0	0.0	1	1.05	41.75569683609655	230.0	17	1.05	0.95				
	123	2	0.0	0.0	0.0	0.0	1	1.05	6.678716946424137	230.0	15	1.05	0.95				
	124	1	0.0	0.0	0.0	0.0	1	1.0049707221748387	10.387568903712829	230.0	16	1.05	0.95				
	201	2	68.4923658063158	13.95214859017544	0.0	0.0	2	1.0247367861764352	-18.24346170383845	138.0	21	1.05	0.95				
	202	2	61.51629151122807	12.683771445614036	0.0	0.0	2	1.025852440550955	-18.090422753579254	138.0	22	1.05	0.95				
	203	1	114.15394301052632	23.464977174385968	0.0	0.0	2	1.0138847566199394	-15.141022740298222	138.0	21	1.05	0.95				
	204	1	46.929954348771936	9.512828584210526	0.0	0.0	2	1.0141172928348	-19.04244686242502	138.0	21	1.05	0.95				
	205	1	45.027388631929824	8.878640011929827	0.0	0.0	2	1.029373074771054	-19.579395373622077	138.0	21	1.05	0.95				
	206	1	86.24964583017545	17.757280023859654	0.0	-100.0	2	1.0386292807071138	-20.889647846815148	138.0	22	1.05	0.95				
	207	2	79.27357153508773	15.854714307017545	0.0	0.0	2	0.9848725218833053	-29.946338716395775	138.0	22	1.05	0.95				
	208	1	108.44624586	22.196600029824562	0.0	0.0	2	0.9849422724002731	-26.871579072495873	138.0	22	1.05	0.95				
	209	1	110.98300014912282	22.830788602105265	0.0	0.0	2	1.024122997269383	-17.22474755225381	138.0	23	1.05	0.95				
	210	1	123.66677159473684	25.367542891228073	0.0	0.0	2	1.05	-18.907962201824954	138.0	23	1.05	0.95				
	211	1	0.0	0.0	0.0	0.0	2	1.0217246656507244	-12.881655928185749	230.0	23	1.05	0.95				
	212	1	0.0	0.0	0.0	0.0	2	1.0151627211868701	-11.150566383045417	230.0	23	1.05	0.95				
	213	2	168.05997165438598	34.2461829031579	0.0	0.0	2	1.0302709699196317	-10.506901694738406	230.0	24	1.05	0.95				
	214	2	123.03258302245614	24.73335431894737	0.0	0.0	2	1.0330328282477585	-9.875930284051593	230.0	26	1.05	0.95				
	215	2	201.03777741298248	40.588068625964915	0.0	0.0	2	1.040353557427311	-1.9688325752603806	230.0	26	1.05	0.95				
	216	2	63.41885722807018	12.683771445614036	0.0	0.0	2	1.0429728737947304	-1.7361218845634583	230.0	26	1.05	0.95				
	217	1	0.0	0.0	0.0	0.0	2	1.0448232231899983	0.5924923705136548	230.0	27	1.05	0.95				
	218	2	211.18479456947372	43.12482291508773	0.0	0.0	2	1.043580045049319	-0.11413664459727108	230.0	27	1.05	0.95				
	219	1	114.78813158280703	23.464977174385968	0.0	0.0	2	1.0410403057682043	-0.6209945401535721	230.0	25	1.05	0.95				
	220	1	81.17613725192983	16.488902879298248	0.0	0.0	2	1.045207454050272	1.5392597855006613	230.0	25	1.05	0.95				
	221	2	0.0	0.0	0.0	0.0	2	1.0440859009521675	0.07103432885426991	230.0	27	1.05	0.95				
	222	2	0.0	0.0	0.0	0.0	2	1.05	6.783270230950566	230.0	27	1.05	0.95				
	223	2	0.0	0.0	0.0	0.0	2	1.05	3.181508031038658	230.0	25	1.05	0.95				
	224	1	0.0	0.0	0.0	0.0	2	1.013819572006641	-6.8335695226354245	230.0	26	1.05	0.95				
	301	2	50.13919644631579	10.213540016842106	0.0	0.0	3	1.0326210169982195	23.129841230440306	138.0	31	1.05	0.95				
	302	2	45.03242643789474	9.28503637894737	0.0	0.0	3	1.0291171488610937	22.791875118416232	138.0	32	1.05	0.95				
	303	1	83.56532741052632	17.177317301052632	0.0	0.0	3	1.05	38.72576795058667	138.0	31	1.05	0.95				
	304	1	34.354634602105264	6.963777284210526	0.0	0.0	3	1.0145843328847255	24.3077478127733	138.0	31	1.05	0.95				
	305	1	32.961879145263154	6.499525465263159	0.0	0.0	3	1.034064683873278	21.723994716926192	138.0	31	1.05	0.95				
	306	1	63.138247376842116	12.999050930526318	0.0	-100.0	3	1.0417161340305934	20.38173835839531	138.0	32	1.05	0.95				
	307	2	58.03147736842106	11.606295473684211	0.0	0.0	3	0.95	20.966107028897714	138.0	32	1.05	0.95				
	308	1	79.38706104	16.248813663157893	0.0	0.0	3	0.9719592339446725	20.971995453101993	138.0	32	1.05	0.95				
	309	1	81.24406831578948	16.713065482105264	0.0	0.0	3	1.0175537654441298	27.490826398539003	138.0	33	1.05	0.95				
	310	1	90.52910469473684	18.57007275789474	0.0	0.0	3	1.0465443869030522	21.77408938855074	138.0	33	1.05	0.95				
	311	1	0.0	0.0	0.0	0.0	3	1.0051246323980718	25.346436727689795	230.0	33	1.05	0.95				
	312	1	0.0	0.0	0.0	0.0	3	1.011267036535569	25.59219597174995	230.0	33	1.05	0.95				
	313	2	123.02673202105264	25.069598223157897	0.0	0.0	3	1.0074862283339803	27.089246316384777	230.0	34	1.05	0.95				
	314	2	90.06485287578948	18.10582093894737	0.0	0.0	3	0.9979992760478917	24.63626396218917	230.0	36	1.05	0.95				
	315	2	147.1678266063158	29.712116412631577	0.0	0.0	3	1.0458502598212414	26.823877739375575	230.0	36	1.05	0.95				
	316	2	46.425181894736845	9.28503637894737	0.0	0.0	3	1.0290134848252142	26.445718742504287	230.0	36	1.05	0.95				
	317	1	0.0	0.0	0.0	0.0	3	1.05	30.024630597557007	230.0	37	1.05	0.95				
	318	2	154.59585570947368	31.569123688421058	0.0	0.0	3	1.05	26.532917472579957	230.0	37	1.05	0.95				
	319	1	84.0295792294737	17.177317301052632	0.0	0.0	3	1.0209406578984113	25.0787941996618	230.0	35	1.05	0.95				
	320	1	59.424232825263154	12.070547292631579	0.0	0.0	3	1.0175343915268726	24.794339885681993	230.0	35	1.05	0.95				
	321	2	0.0	0.0	0.0	0.0	3	1.05	27.293601469460043	230.0	37	1.05	0.95				
	322	2	0.0	0.0	0.0	0.0	3	1.05	32.71358485664389	230.0	37	1.05	0.95				
	323	2	0.0	0.0	0.0	0.0	3	1.016377699107741	25.001353249576766	230.0	35	1.05	0.95				
	324	1	0.0	0.0	0.0	0.0	3	1.043630293977447	31.37416404290292	230.0	36	1.05	0.95				
	325	1	0.0	0.0	0.0	0.0	3	1.0193342781501338	24.906822358637694	230.0	35	1.05	0.95				
];
