%% MATPOWER Case Format : Version 2
function mpc = RTS_GMLC
mpc.version = '2';

%%-----  Power Flow Data  -----%%
%% system MVA base
mpc.baseMVA = 100.0;
%% bus data
%    bus_i    type    Pd    Qd    Gs    Bs    area    Vm    Va    baseKV    zone    Vmax    Vmin
mpc.bus = [
	101	2	56.65858484210526	11.541563578947368	0.0	0.0	1	1.0341298582154814	1.4736902861415444	138.0	11	1.05	0.95				
	102	2	50.887803052631575	10.49233052631579	0.0	0.0	1	1.0330590158960105	1.1255221256440877	138.0	12	1.05	0.95				
	103	1	94.43097473684212	19.410811473684213	0.0	0.0	1	1.025843559846968	1.1463265387708983	138.0	11	1.05	0.95				
	104	1	38.821622947368425	7.869247894736842	0.0	0.0	1	1.020380151245984	-2.0456329640731674	138.0	11	1.05	0.95				
	105	1	37.24777336842105	7.344631368421053	0.0	0.0	1	1.0345137126875457	-2.184647226551989	138.0	11	1.05	0.95				
	106	1	71.34784757894738	14.689262736842107	0.0	-100.0	1	1.042367291435034	-4.793643928362608	138.0	12	1.05	0.95				
	107	2	65.57706578947369	13.115413157894737	0.0	0.0	1	0.9974387629105789	-13.61256535993359	138.0	12	1.05	0.95				
	108	1	89.70942600000001	18.36157842105263	0.0	0.0	1	0.9972988227022483	-10.985580094872445	138.0	12	1.05	0.95				
	109	1	91.80789210526315	18.88619494736842	0.0	0.0	1	1.0244237949850838	-2.95193746560261	138.0	13	1.05	0.95				
	110	1	102.30022263157895	20.98466105263158	0.0	0.0	1	1.05	-4.245050525553548	138.0	13	1.05	0.95				
	111	1	0.0	0.0	0.0	0.0	1	1.0110630636509268	-0.208752075559675	230.0	13	1.05	0.95				
	112	1	0.0	0.0	0.0	0.0	1	1.0141134041554671	-0.6851280342347532	230.0	13	1.05	0.95				
	113	3	139.02337947368423	28.32929242105263	0.0	0.0	1	1.0071008658397749	-7.7323530735396945e-31	230.0	14	1.05	0.95				
	114	2	101.77560610526315	20.46004452631579	0.0	0.0	1	1.0163130951406318	3.0507408660206106	230.0	16	1.05	0.95				
	115	2	166.30343884210527	33.57545768421053	0.0	0.0	1	1.0403802678438077	12.360920149542649	230.0	16	1.05	0.95				
	116	2	52.46165263157895	10.49233052631579	0.0	0.0	1	1.0363715561060092	10.811894998737676	230.0	16	1.05	0.95				
	117	1	0.0	0.0	0.0	0.0	1	1.0401565529618368	16.45438848708987	230.0	17	1.05	0.95				
	118	2	174.69730326315792	35.67392378947369	0.0	0.0	1	1.05	16.993600808863608	230.0	17	1.05	0.95				
	119	1	94.9555912631579	19.410811473684213	0.0	0.0	1	1.0299477251187348	7.388864694859284	230.0	15	1.05	0.95				
	120	1	67.15091536842105	13.640029684210528	0.0	0.0	1	1.0307257950729032	5.408158212903606	230.0	15	1.05	0.95				
	121	2	0.0	0.0	0.0	0.0	1	1.05	18.755231247498084	230.0	17	1.05	0.95				
	122	2	0.0	0.0	0.0	0.0	1	1.05	35.304532353589394	230.0	17	1.05	0.95				
	123	2	0.0	0.0	0.0	0.0	1	1.0323195562061562	4.717278767854403	230.0	15	1.05	0.95				
	124	1	0.0	0.0	0.0	0.0	1	1.0209393724675306	8.175463704520807	230.0	16	1.05	0.95				
	201	2	62.32142296421053	12.695104677894737	0.0	0.0	2	1.0233672307096817	-16.976483406020968	138.0	21	1.05	0.95				
	202	2	55.97387062526315	11.54100425263158	0.0	0.0	2	1.0244313981068562	-16.82024837263969	138.0	22	1.05	0.95				
	203	1	103.86903827368421	21.350857867368422	0.0	0.0	2	1.0144102364909395	-14.239268453476555	138.0	21	1.05	0.95				
	204	1	42.701715734736844	8.655753189473685	0.0	0.0	2	1.0143991617567414	-18.029952832193544	138.0	21	1.05	0.95				
	205	1	40.9705650968421	8.078702976842106	0.0	0.0	2	1.0294445343075544	-18.518506321042533	138.0	21	1.05	0.95				
	206	1	78.47882891789475	16.15740595368421	0.0	-100.0	2	1.039881505768849	-19.893270527323356	138.0	22	1.05	0.95				
	207	2	72.13127657894736	14.426255315789474	0.0	0.0	2	0.9899255801551243	-28.153982226436224	138.0	22	1.05	0.95				
	208	1	98.67558636	20.196757442105262	0.0	0.0	2	0.990577220341774	-25.39764389098723	138.0	22	1.05	0.95				
	209	1	100.98378721052632	20.773807654736842	0.0	0.0	2	1.0236405067319092	-16.652162158419817	138.0	23	1.05	0.95				
	210	1	112.5247914631579	23.08200850526316	0.0	0.0	2	1.05	-18.233119815149458	138.0	23	1.05	0.95				
	211	1	0.0	0.0	0.0	0.0	2	1.0160504087993725	-12.914815482476204	230.0	23	1.05	0.95				
	212	1	0.0	0.0	0.0	0.0	2	1.0141840462391238	-11.466395567947021	230.0	23	1.05	0.95				
	213	2	152.91830634736843	31.160711482105263	0.0	0.0	2	1.0198651918964527	-10.913989189985145	230.0	24	1.05	0.95				
	214	2	111.9477412505263	22.50495829263158	0.0	0.0	2	1.02345796728587	-10.151057465748028	230.0	26	1.05	0.95				
	215	2	182.92491740421053	36.931213608421054	0.0	0.0	2	1.0336542474898271	-2.562712279401482	230.0	26	1.05	0.95				
	216	2	57.705021263157896	11.54100425263158	0.0	0.0	2	1.036593911282687	-2.701311572604466	230.0	26	1.05	0.95				
	217	1	0.0	0.0	0.0	0.0	2	1.0374239984269584	-0.8443687745206111	230.0	27	1.05	0.95				
	218	2	192.15772080631578	39.23941445894737	0.0	0.0	2	1.0361942436682094	-1.713674421073948	230.0	27	1.05	0.95				
	219	1	104.4460884863158	21.350857867368422	0.0	0.0	2	1.03831386043526	-2.04011851483127	230.0	25	1.05	0.95				
	220	1	73.86242721684211	15.003305528421054	0.0	0.0	2	1.0446469629118236	-0.37877781053703236	230.0	25	1.05	0.95				
	221	2	0.0	0.0	0.0	0.0	2	1.0376984116878987	-1.1835759518178945	230.0	27	1.05	0.95				
	222	2	0.0	0.0	0.0	0.0	2	1.05	5.450021601328201	230.0	27	1.05	0.95				
	223	2	0.0	0.0	0.0	0.0	2	1.05	0.9474513930433941	230.0	25	1.05	0.95				
	224	1	0.0	0.0	0.0	0.0	2	1.0119505623388656	-6.901226629937552	230.0	26	1.05	0.95				
	301	2	51.386270172631576	10.467573553684211	0.0	0.0	3	1.0084393327354781	3.57208604354105	138.0	31	1.05	0.95				
	302	2	46.152483395789474	9.515975957894737	0.0	0.0	3	1.0078180917389654	3.375534979289083	138.0	32	1.05	0.95				
	303	1	85.64378362105262	17.604555522105265	0.0	0.0	3	1.0391148665292744	12.045867356059718	138.0	31	1.05	0.95				
	304	1	35.20911104421053	7.136981968421052	0.0	0.0	3	1.0104093836018149	4.8575317743294075	138.0	31	1.05	0.95				
	305	1	33.78171465052631	6.661183170526316	0.0	0.0	3	1.023148718121354	3.6278924664819727	138.0	31	1.05	0.95				
	306	1	64.70863651368421	13.322366341052632	0.0	-100.0	3	1.0390466497390103	3.1038380794694196	138.0	32	1.05	0.95				
	307	2	59.4748497368421	11.894969947368422	0.0	0.0	3	0.9903134956493265	-1.9720485184379575	138.0	32	1.05	0.95				
	308	1	81.36159443999999	16.65295792631579	0.0	0.0	3	0.9962684680531184	0.20126866196980006	138.0	32	1.05	0.95				
	309	1	83.26478963157895	17.128756724210525	0.0	0.0	3	1.0278550285868564	8.009872377478766	138.0	33	1.05	0.95				
	310	1	92.78076558947367	19.031951915789474	0.0	0.0	3	1.05	5.21558066743271	138.0	33	1.05	0.95				
	311	1	0.0	0.0	0.0	0.0	3	1.0093121915549548	10.414872636099238	230.0	33	1.05	0.95				
	312	1	0.0	0.0	0.0	0.0	3	1.0136259405624268	10.588734383808193	230.0	33	1.05	0.95				
	313	2	126.08668144210526	25.693135086315788	0.0	0.0	3	1.0113616380404808	13.204143192209743	230.0	34	1.05	0.95				
	314	2	92.30496679157895	18.556153117894738	0.0	0.0	3	1.0072907191364353	11.883309131219008	230.0	36	1.05	0.95				
	315	2	150.82821893263156	30.451123065263157	0.0	0.0	3	1.0374549631159413	14.501529133304379	230.0	36	1.05	0.95				
	316	2	47.57987978947369	9.515975957894737	0.0	0.0	3	1.0340724507099384	14.735823535094935	230.0	36	1.05	0.95				
	317	1	0.0	0.0	0.0	0.0	3	1.05	19.15476413378183	230.0	37	1.05	0.95				
	318	2	158.44099969894737	32.354318256842106	0.0	0.0	3	1.0474530179499801	16.065242261356428	230.0	37	1.05	0.95				
	319	1	86.11958241894737	17.604555522105265	0.0	0.0	3	1.0273462255196004	14.011793167645521	230.0	35	1.05	0.95				
	320	1	60.902246130526315	12.370768745263158	0.0	0.0	3	1.023605595703761	13.696358976284008	230.0	35	1.05	0.95				
	321	2	0.0	0.0	0.0	0.0	3	1.045013825843255	16.20611397574617	230.0	37	1.05	0.95				
	322	2	0.0	0.0	0.0	0.0	3	1.05	21.7055781749341	230.0	37	1.05	0.95				
	323	2	0.0	0.0	0.0	0.0	3	1.0220689062383745	13.799881283738946	230.0	35	1.05	0.95				
	324	1	0.0	0.0	0.0	0.0	3	1.0338527304643257	14.37189349080669	230.0	36	1.05	0.95				
	325	1	0.0	0.0	0.0	0.0	3	1.0241077108569465	14.237887201685998	230.0	35	1.05	0.95				
];
