%% MATPOWER Case Format : Version 2
function mpc = RTS_GMLC
mpc.version = '2';

%%-----  Power Flow Data  -----%%
%% system MVA base
mpc.baseMVA = 100.0;
%% bus data
%    bus_i    type    Pd    Qd    Gs    Bs    area    Vm    Va    baseKV    zone    Vmax    Vmin
mpc.bus = [
	101	2	57.567046016842106	11.72662048491228	0.0	0.0	1	1.0462613063575747	1.66437092722777	138.0	11	1.05	0.95				
	102	2	51.70373577438596	10.660564077192983	0.0	0.0	1	1.045188392286709	1.3410075858997437	138.0	12	1.05	0.95				
	103	1	95.94507669473684	19.722043542807015	0.0	0.0	1	1.0273844916937052	-1.094780765461013	138.0	11	1.05	0.95				
	104	1	39.44408708561403	7.995423057894737	0.0	0.0	1	1.0266744506247316	-2.1072927164486943	138.0	11	1.05	0.95				
	105	1	37.845002474035084	7.462394854035089	0.0	0.0	1	1.0403781197145043	-2.2270514476218803	138.0	11	1.05	0.95				
	106	1	72.49183572491228	14.924789708070177	0.0	-100.0	1	1.044868097887847	-4.980668684798272	138.0	12	1.05	0.95				
	107	2	66.62852548245614	13.325705096491228	0.0	0.0	1	0.9994824623612922	-12.055125960617387	138.0	12	1.05	0.95				
	108	1	91.14782285999999	18.655987135087717	0.0	0.0	1	0.9997365296599156	-10.345104669338303	138.0	12	1.05	0.95				
	109	1	93.2799356754386	19.189015338947367	0.0	0.0	1	1.024744624971165	-3.6539491809126208	138.0	13	1.05	0.95				
	110	1	103.94049975263158	21.321128154385967	0.0	0.0	1	1.05	-4.553608490227119	138.0	13	1.05	0.95				
	111	1	0.0	0.0	0.0	0.0	1	1.0064639572926268	-1.4101603712421613	230.0	13	1.05	0.95				
	112	1	0.0	0.0	0.0	0.0	1	1.0109356694147278	-1.010539145669814	230.0	13	1.05	0.95				
	113	3	141.252474022807	28.783523008421053	0.0	0.0	1	1.0030886321919343	-1.504341442578979e-28	230.0	14	1.05	0.95				
	114	2	103.40747154877192	20.788099950526316	0.0	0.0	1	1.003682395264074	0.16150581821798213	230.0	16	1.05	0.95				
	115	2	168.96994062350876	34.11380504701754	0.0	0.0	1	1.034345044762464	6.0652828728494566	230.0	16	1.05	0.95				
	116	2	53.302820385964914	10.660564077192983	0.0	0.0	1	1.0313473831565882	5.579489644372482	230.0	16	1.05	0.95				
	117	1	0.0	0.0	0.0	0.0	1	1.0377068888617245	8.182982812057295	230.0	17	1.05	0.95				
	118	2	177.49839188526315	36.24591786245614	0.0	0.0	1	1.0396625497575906	8.547134513525725	230.0	17	1.05	0.95				
	119	1	96.4781048985965	19.722043542807015	0.0	0.0	1	1.0250441480115662	4.208067883822139	230.0	15	1.05	0.95				
	120	1	68.22761009403509	13.858733300350877	0.0	0.0	1	1.02375937368482	3.9651002139510974	230.0	15	1.05	0.95				
	121	2	0.0	0.0	0.0	0.0	1	1.0424450030790717	9.99386898392566	230.0	17	1.05	0.95				
	122	2	0.0	0.0	0.0	0.0	1	1.05	15.935792361025719	230.0	17	1.05	0.95				
	123	2	0.0	0.0	0.0	0.0	1	1.0240780289843048	4.241469765194707	230.0	15	1.05	0.95				
	124	1	0.0	0.0	0.0	0.0	1	1.022430398978113	3.3787931454973696	230.0	16	1.05	0.95				
	201	2	58.10546197894737	11.836297810526316	0.0	0.0	2	1.0257705893781606	-11.064654450968588	138.0	21	1.05	0.95				
	202	2	52.187313073684216	10.760270736842106	0.0	0.0	2	1.0268238340448925	-10.855596186413706	138.0	22	1.05	0.95				
	203	1	96.84243663157895	19.906500863157895	0.0	0.0	2	1.0148176847313386	-10.236190972926837	138.0	21	1.05	0.95				
	204	1	39.81300172631579	8.070203052631578	0.0	0.0	2	1.016442615828115	-12.06321156251555	138.0	21	1.05	0.95				
	205	1	38.19896111578947	7.532189515789475	0.0	0.0	2	1.0312577688199445	-12.371750150784676	138.0	21	1.05	0.95				
	206	1	73.16984101052633	15.06437903157895	0.0	-100.0	2	1.041673750492111	-13.577864836958408	138.0	22	1.05	0.95				
	207	2	67.25169210526316	13.450338421052631	0.0	0.0	2	0.9924904989324951	-21.322611722766943	138.0	22	1.05	0.95				
	208	1	92.0003148	18.830473789473682	0.0	0.0	2	0.993979546998846	-18.783009172395204	138.0	22	1.05	0.95				
	209	1	94.15236894736843	19.36848732631579	0.0	0.0	2	1.023918709691665	-10.84769703081683	138.0	23	1.05	0.95				
	210	1	104.91263968421052	21.52054147368421	0.0	0.0	2	1.05	-11.9777842532442	138.0	23	1.05	0.95				
	211	1	0.0	0.0	0.0	0.0	2	1.009827440331052	-7.7837397703765	230.0	23	1.05	0.95				
	212	1	0.0	0.0	0.0	0.0	2	1.0130529359421623	-4.610156375271209	230.0	23	1.05	0.95				
	213	2	142.5735872631579	29.052730989473684	0.0	0.0	2	1.0094330191292642	-5.584508227732273	230.0	24	1.05	0.95				
	214	2	104.37462614736843	20.982527936842107	0.0	0.0	2	1.0112790599820474	-6.005687532454602	230.0	26	1.05	0.95				
	215	2	170.5502911789474	34.43286635789474	0.0	0.0	2	1.025970462504374	-0.29470145289213334	230.0	26	1.05	0.95				
	216	2	53.801353684210525	10.760270736842106	0.0	0.0	2	1.0272257358884735	-0.1688294946909946	230.0	26	1.05	0.95				
	217	1	0.0	0.0	0.0	0.0	2	1.0310441146455551	1.3534168302149525	230.0	27	1.05	0.95				
	218	2	179.15850776842106	36.58492050526316	0.0	0.0	2	1.0301178295847553	0.781509847554928	230.0	27	1.05	0.95				
	219	1	97.38045016842106	19.906500863157895	0.0	0.0	2	1.027254312095457	0.43664879769120896	230.0	25	1.05	0.95				
	220	1	68.86573271578948	13.988351957894738	0.0	0.0	2	1.0317005752819484	2.002050791563242	230.0	25	1.05	0.95				
	221	2	0.0	0.0	0.0	0.0	2	1.0318657324977432	1.2274494874425401	230.0	27	1.05	0.95				
	222	2	0.0	0.0	0.0	0.0	2	1.05	7.771011937737556	230.0	27	1.05	0.95				
	223	2	0.0	0.0	0.0	0.0	2	1.0358121816931556	3.261394197619519	230.0	25	1.05	0.95				
	224	1	0.0	0.0	0.0	0.0	2	1.0095486754617111	-4.014746227629903	230.0	26	1.05	0.95				
	301	2	48.909205932631586	9.962986393684211	0.0	0.0	3	1.0060762546532385	-2.939044804757348	138.0	31	1.05	0.95				
	302	2	43.92771273578948	9.057260357894737	0.0	0.0	3	1.0057104428410373	-3.0547728143802444	138.0	32	1.05	0.95				
	303	1	81.51534322105263	16.755931662105265	0.0	0.0	3	1.0255432642632467	2.16020816374566	138.0	31	1.05	0.95				
	304	1	33.51186332421053	6.792945268421052	0.0	0.0	3	1.008619006438048	-1.7552548452925478	138.0	31	1.05	0.95				
	305	1	32.15327427052632	6.340082250526318	0.0	0.0	3	1.0219722600268242	-2.110965339915459	138.0	31	1.05	0.95				
	306	1	61.58937043368422	12.680164501052635	0.0	-100.0	3	1.0391285615898045	-2.188975220198136	138.0	32	1.05	0.95				
	307	2	56.60787723684211	11.321575447368422	0.0	0.0	3	0.994559695385894	-6.545803666053932	138.0	32	1.05	0.95				
	308	1	77.43957606000001	15.85020562631579	0.0	0.0	3	1.0016868741580485	-4.520350161933513	138.0	32	1.05	0.95				
	309	1	79.25102813157895	16.303068644210526	0.0	0.0	3	1.0252645634863555	1.1663690356358578	138.0	33	1.05	0.95				
	310	1	88.30828848947368	18.114520715789475	0.0	0.0	3	1.05	0.17247178401548496	138.0	33	1.05	0.95				
	311	1	0.0	0.0	0.0	0.0	3	1.0058405530671994	5.031206815453961	230.0	33	1.05	0.95				
	312	1	0.0	0.0	0.0	0.0	3	1.0108231372893837	5.600820600432313	230.0	33	1.05	0.95				
	313	2	120.00869974210526	24.454602966315793	0.0	0.0	3	1.0108164712945245	9.669792405971963	230.0	34	1.05	0.95				
	314	2	87.85542547157895	17.66165769789474	0.0	0.0	3	1.0020956767397964	5.437353671930109	230.0	36	1.05	0.95				
	315	2	143.55757667263157	28.98323314526316	0.0	0.0	3	1.0220940114639205	4.46538334243642	230.0	36	1.05	0.95				
	316	2	45.28630178947369	9.057260357894737	0.0	0.0	3	1.020321155435945	4.92083504704633	230.0	36	1.05	0.95				
	317	1	0.0	0.0	0.0	0.0	3	1.0289849504294346	6.241097980538095	230.0	37	1.05	0.95				
	318	2	150.8033849589474	30.79468521684211	0.0	0.0	3	1.0274915432830534	5.190656243684659	230.0	37	1.05	0.95				
	319	1	81.96820623894737	16.755931662105265	0.0	0.0	3	1.0184834476073377	6.015882738009208	230.0	35	1.05	0.95				
	320	1	57.96646629052632	11.77443846526316	0.0	0.0	3	1.017685992418841	6.755696209959003	230.0	35	1.05	0.95				
	321	2	0.0	0.0	0.0	0.0	3	1.0277582710212931	5.523187313486206	230.0	37	1.05	0.95				
	322	2	0.0	0.0	0.0	0.0	3	1.0417369278029667	10.180771831549832	230.0	37	1.05	0.95				
	323	2	0.0	0.0	0.0	0.0	3	1.017299985092453	7.192992304212967	230.0	35	1.05	0.95				
	324	1	0.0	0.0	0.0	0.0	3	1.0200517344655984	4.945795907533972	230.0	36	1.05	0.95				
	325	1	0.0	0.0	0.0	0.0	3	1.019683417151107	7.445399167271302	230.0	35	1.05	0.95				
];
