%% MATPOWER Case Format : Version 2
function mpc = RTS_GMLC
mpc.version = '2';

%%-----  Power Flow Data  -----%%
%% system MVA base
mpc.baseMVA = 100.0;
%% bus data
%    bus_i    type    Pd    Qd    Gs    Bs    area    Vm    Va    baseKV    zone    Vmax    Vmin
mpc.bus = [
	101	2	67.69371600000001	13.789460666666667	0.0	0.0	1	1.0476836708467674	0.8652815058027685	138.0	11	1.05	0.95				
	102	2	60.798985666666674	12.535873333333333	0.0	0.0	1	1.0465449359356551	0.4944688436678493	138.0	12	1.05	0.95				
	103	1	112.82286000000002	23.191365666666666	0.0	0.0	1	1.0304050215872147	-0.9431194621492458	138.0	11	1.05	0.95				
	104	1	46.38273133333333	9.401905000000001	0.0	0.0	1	1.0266308513942952	-2.9867352709174972	138.0	11	1.05	0.95				
	105	1	44.50235033333333	8.775111333333333	0.0	0.0	1	1.0396234539304747	-3.32958787573778	138.0	11	1.05	0.95				
	106	1	85.24393866666668	17.550222666666667	0.0	-100.0	1	1.0423038407415408	-6.337953652538689	138.0	12	1.05	0.95				
	107	2	78.34920833333334	15.669841666666667	0.0	0.0	1	1.0005161327446996	-14.665137846149266	138.0	12	1.05	0.95				
	108	1	107.181717	21.937778333333334	0.0	0.0	1	0.9965670418368964	-12.541977382251048	138.0	12	1.05	0.95				
	109	1	109.68889166666666	22.564572	0.0	0.0	1	1.025754966983456	-4.4116807093343775	138.0	13	1.05	0.95				
	110	1	122.22476500000002	25.071746666666666	0.0	0.0	1	1.05	-5.681428683255061	138.0	13	1.05	0.95				
	111	1	0.0	0.0	0.0	0.0	1	1.011488275216429	-1.6912961427157236	230.0	13	1.05	0.95				
	112	1	0.0	0.0	0.0	0.0	1	1.0148714447438074	-1.3002391809553717	230.0	13	1.05	0.95				
	113	3	166.10032166666667	33.846858000000005	0.0	0.0	1	1.0114855937564038	-6.048901541282068e-29	230.0	14	1.05	0.95				
	114	2	121.59797133333335	24.444953	0.0	0.0	1	1.0124109449090715	0.25102820652518587	230.0	16	1.05	0.95				
	115	2	198.69359233333336	40.11479466666667	0.0	0.0	1	1.0425806373929822	7.393990907415702	230.0	16	1.05	0.95				
	116	2	62.67936666666667	12.535873333333333	0.0	0.0	1	1.0399509536449199	6.748571008015157	230.0	16	1.05	0.95				
	117	1	0.0	0.0	0.0	0.0	1	1.0447632161417992	9.98948426893978	230.0	17	1.05	0.95				
	118	2	208.72229099999998	42.62196933333334	0.0	0.0	1	1.0474312907973224	10.67469119235709	230.0	17	1.05	0.95				
	119	1	113.44965366666668	23.191365666666666	0.0	0.0	1	1.0332588008499686	5.1528663602022915	230.0	15	1.05	0.95				
	120	1	80.22958933333334	16.296635333333334	0.0	0.0	1	1.0321744733630964	4.595512204330329	230.0	15	1.05	0.95				
	121	2	0.0	0.0	0.0	0.0	1	1.05	12.398737267424904	230.0	17	1.05	0.95				
	122	2	0.0	0.0	0.0	0.0	1	1.05	17.965239013611026	230.0	17	1.05	0.95				
	123	2	0.0	0.0	0.0	0.0	1	1.03298466682693	4.761002855379921	230.0	15	1.05	0.95				
	124	1	0.0	0.0	0.0	0.0	1	1.027408728214672	4.2803611040603435	230.0	16	1.05	0.95				
	201	2	73.50731939368421	14.97371320982456	0.0	0.0	2	1.027588222813807	-14.928095482610114	138.0	21	1.05	0.95				
	202	2	66.02046278877192	13.612466554385966	0.0	0.0	2	1.028685894231743	-14.745592735227204	138.0	22	1.05	0.95				
	203	1	122.51219898947367	25.183063125614037	0.0	0.0	2	1.0147812119786326	-12.57907755675904	138.0	21	1.05	0.95				
	204	1	50.366126251228074	10.209349915789472	0.0	0.0	2	1.0149720527632506	-15.383915544905726	138.0	21	1.05	0.95				
	205	1	48.32425626807017	9.528726588070176	0.0	0.0	2	1.0301799862286263	-15.87025192009871	138.0	21	1.05	0.95				
	206	1	92.56477256982457	19.057453176140353	0.0	-100.0	2	1.0380455182218127	-16.99917269787394	138.0	22	1.05	0.95				
	207	2	85.07791596491228	17.015583192982454	0.0	0.0	2	0.9751749451632942	-26.708963952050965	138.0	22	1.05	0.95				
	208	1	116.38658903999999	23.821816470175435	0.0	0.0	2	0.9771538597335906	-23.376931867772225	138.0	22	1.05	0.95				
	209	1	119.10908235087719	24.502439797894734	0.0	0.0	2	1.0251783770109275	-13.127938033460335	138.0	23	1.05	0.95				
	210	1	132.72154890526315	27.224933108771932	0.0	0.0	2	1.05	-14.658849444378523	138.0	23	1.05	0.95				
	211	1	0.0	0.0	0.0	0.0	2	1.022454185455702	-9.190607541432275	230.0	23	1.05	0.95				
	212	1	0.0	0.0	0.0	0.0	2	1.0215391757434529	-4.59326886384219	230.0	23	1.05	0.95				
	213	2	180.36518184561402	36.75365969684211	0.0	0.0	2	1.0303995379613637	-6.3637250545970305	230.0	24	1.05	0.95				
	214	2	132.04092557754385	26.544309781052633	0.0	0.0	2	1.0326007066692526	-7.047779940083044	230.0	26	1.05	0.95				
	215	2	215.75759488701755	43.55989297403509	0.0	0.0	2	1.0392760071636788	0.23760214329838336	230.0	26	1.05	0.95				
	216	2	68.06233277192982	13.612466554385966	0.0	0.0	2	1.0408628844555539	0.1895303878295074	230.0	26	1.05	0.95				
	217	1	0.0	0.0	0.0	0.0	2	1.0422557374575865	2.404298152273663	230.0	27	1.05	0.95				
	218	2	226.6475681305263	46.282386284912285	0.0	0.0	2	1.0422324711689295	2.308159888350523	230.0	27	1.05	0.95				
	219	1	123.19282231719298	25.183063125614037	0.0	0.0	2	1.03973031516044	0.7159157426369279	230.0	25	1.05	0.95				
	220	1	87.11978594807017	17.696206520701754	0.0	0.0	2	1.0447910260908921	2.453237787361173	230.0	25	1.05	0.95				
	221	2	0.0	0.0	0.0	0.0	2	1.0430180088114864	2.394357994484531	230.0	27	1.05	0.95				
	222	2	0.0	0.0	0.0	0.0	2	1.05	8.903779749366638	230.0	27	1.05	0.95				
	223	2	0.0	0.0	0.0	0.0	2	1.05	3.896569013309723	230.0	25	1.05	0.95				
	224	1	0.0	0.0	0.0	0.0	2	1.013992929903491	-4.503751136940673	230.0	26	1.05	0.95				
	301	2	52.97500792421054	10.791205317894738	0.0	0.0	3	0.9987416459094421	8.406494594214037	138.0	31	1.05	0.95				
	302	2	47.579405265263155	9.81018665263158	0.0	0.0	3	0.9985578346806582	8.387638962490655	138.0	32	1.05	0.95				
	303	1	88.29167987368422	18.148845307368422	0.0	0.0	3	1.0161365621599532	10.367666266948179	138.0	31	1.05	0.95				
	304	1	36.297690614736844	7.357639989473684	0.0	0.0	3	1.004507394831969	10.019249961735474	138.0	31	1.05	0.95				
	305	1	34.826162616842105	6.867130656842106	0.0	0.0	3	1.0170768634368805	10.096496822204108	138.0	31	1.05	0.95				
	306	1	66.70926923789474	13.734261313684213	0.0	-100.0	3	1.0360253238607817	10.463368166411593	138.0	32	1.05	0.95				
	307	2	61.31366657894737	12.262733315789474	0.0	0.0	3	0.9866120888036106	7.206970883317473	138.0	32	1.05	0.95				
	308	1	83.87709588000001	17.167826642105265	0.0	0.0	3	0.999952786858202	9.338925824087523	138.0	32	1.05	0.95				
	309	1	85.83913321052631	17.65833597473684	0.0	0.0	3	1.0255818407039672	13.357834130050332	138.0	33	1.05	0.95				
	310	1	95.6493198631579	19.62037330526316	0.0	0.0	3	1.05	13.350249408224508	138.0	33	1.05	0.95				
	311	1	0.0	0.0	0.0	0.0	3	1.0089176053993785	18.416236579712375	230.0	33	1.05	0.95				
	312	1	0.0	0.0	0.0	0.0	3	1.015803064534633	19.44443031862481	230.0	33	1.05	0.95				
	313	2	129.98497314736844	26.48750396210527	0.0	0.0	3	1.0242374610628968	25.712190433451294	230.0	34	1.05	0.95				
	314	2	95.15881053052631	19.12986397263158	0.0	0.0	3	1.0060284247660929	17.08871035375807	230.0	36	1.05	0.95				
	315	2	155.49145844421054	31.392597288421054	0.0	0.0	3	1.0298727323992076	11.880012082283788	230.0	36	1.05	0.95				
	316	2	49.050933263157894	9.81018665263158	0.0	0.0	3	1.0301391848187431	12.937214866835141	230.0	36	1.05	0.95				
	317	1	0.0	0.0	0.0	0.0	3	1.0372659459304205	12.135606169547993	230.0	37	1.05	0.95				
	318	2	163.3396077663158	33.35463461894737	0.0	0.0	3	1.036871307217566	10.904305981449992	230.0	37	1.05	0.95				
	319	1	88.78218920631579	18.148845307368422	0.0	0.0	3	1.02930455979761	15.405350089706667	230.0	35	1.05	0.95				
	320	1	62.78519457684211	12.753242648421054	0.0	0.0	3	1.029874050539077	17.063082758867207	230.0	35	1.05	0.95				
	321	2	0.0	0.0	0.0	0.0	3	1.036422473050703	11.796503355817725	230.0	37	1.05	0.95				
	322	2	0.0	0.0	0.0	0.0	3	1.0499998630757295	16.236301873678386	230.0	37	1.05	0.95				
	323	2	0.0	0.0	0.0	0.0	3	1.029868275879949	17.689403090810963	230.0	35	1.05	0.95				
	324	1	0.0	0.0	0.0	0.0	3	1.0223755126101162	13.22921143825281	230.0	36	1.05	0.95				
	325	1	0.0	0.0	0.0	0.0	3	1.0329950759446145	17.246589707695517	230.0	35	1.05	0.95				
];
