%% MATPOWER Case Format : Version 2
function mpc = RTS_GMLC
mpc.version = '2';

%%-----  Power Flow Data  -----%%
%% system MVA base
mpc.baseMVA = 100.0;
%% bus data
%    bus_i    type    Pd    Qd    Gs    Bs    area    Vm    Va    baseKV    zone    Vmax    Vmin
mpc.bus = [
	101	2	56.284512631578956	11.465363684210526	0.0	0.0	1	1.0333209012152489	0.8069120288116115	138.0	11	1.05	0.95				
	102	2	50.551830789473684	10.423057894736843	0.0	0.0	1	1.032887826897801	0.6607871710634846	138.0	12	1.05	0.95				
	103	1	93.80752105263159	19.28265710526316	0.0	0.0	1	1.0249477014668067	-0.7811095416062356	138.0	11	1.05	0.95				
	104	1	38.56531421052632	7.817293421052632	0.0	0.0	1	1.0197925735604354	-2.3775227587891954	138.0	11	1.05	0.95				
	105	1	37.001855526315794	7.29614052631579	0.0	0.0	1	1.0346452329098892	-2.225298759282134	138.0	11	1.05	0.95				
	106	1	70.87679368421054	14.59228105263158	0.0	-100.0	1	1.0428324231616146	-4.4417659564593555	138.0	12	1.05	0.95				
	107	2	65.14411184210527	13.028822368421054	0.0	0.0	1	1.0191984816628386	-5.628192591343047	138.0	12	1.05	0.95				
	108	1	89.117145	18.240351315789475	0.0	0.0	1	1.0138996776278286	-6.245821382958072	138.0	12	1.05	0.95				
	109	1	91.20175657894737	18.76150421052632	0.0	0.0	1	1.0251848736651716	-2.75299659354336	138.0	13	1.05	0.95				
	110	1	101.62481447368421	20.846115789473686	0.0	0.0	1	1.05	-3.656325825922588	138.0	13	1.05	0.95				
	111	1	0.0	0.0	0.0	0.0	1	1.0058170702937204	-0.7578329416443744	230.0	13	1.05	0.95				
	112	1	0.0	0.0	0.0	0.0	1	1.0105356716120397	-0.17436935397465989	230.0	13	1.05	0.95				
	113	3	138.10551710526315	28.142256315789478	0.0	0.0	1	1.0008127856188986	-9.830754683700579e-28	230.0	14	1.05	0.95				
	114	2	101.10366157894737	20.324962894736842	0.0	0.0	1	1.002915191817226	1.143665588589595	230.0	16	1.05	0.95				
	115	2	165.20546763157895	33.353785263157896	0.0	0.0	1	1.0365725516091688	7.2842685427856075	230.0	16	1.05	0.95				
	116	2	52.115289473684214	10.423057894736843	0.0	0.0	1	1.0334190049974021	6.9158182695787245	230.0	16	1.05	0.95				
	117	1	0.0	0.0	0.0	0.0	1	1.0396166049812483	8.949602374181302	230.0	17	1.05	0.95				
	118	2	173.54391394736842	35.43839684210527	0.0	0.0	1	1.0414426670123338	8.9687544630852	230.0	17	1.05	0.95				
	119	1	94.32867394736843	19.28265710526316	0.0	0.0	1	1.0280654786521635	5.938630447137529	230.0	15	1.05	0.95				
	120	1	66.70757052631579	13.549975263157895	0.0	0.0	1	1.027464597925918	6.095839105066154	230.0	15	1.05	0.95				
	121	2	0.0	0.0	0.0	0.0	1	1.0448479068730703	10.183282761501449	230.0	17	1.05	0.95				
	122	2	0.0	0.0	0.0	0.0	1	1.05	17.02027006630242	230.0	17	1.05	0.95				
	123	2	0.0	0.0	0.0	0.0	1	1.0281565006688378	6.580665985512252	230.0	15	1.05	0.95				
	124	1	0.0	0.0	0.0	0.0	1	1.0219581409188796	4.271292097157069	230.0	16	1.05	0.95				
	201	2	57.98646306947369	11.812057291929824	0.0	0.0	2	1.0317476978044688	-8.958198748824083	138.0	21	1.05	0.95				
	202	2	52.08043442350877	10.738233901754386	0.0	0.0	2	1.032127279838373	-8.960960948403471	138.0	22	1.05	0.95				
	203	1	96.64410511578949	19.865732718245614	0.0	0.0	2	1.0217766319842851	-7.48274834427148	138.0	21	1.05	0.95				
	204	1	39.73146543649123	8.053675426315788	0.0	0.0	2	1.0185903214446028	-11.079750113302962	138.0	21	1.05	0.95				
	205	1	38.12073035122807	7.516763731228071	0.0	0.0	2	1.0340165500020047	-11.335404973206481	138.0	21	1.05	0.95				
	206	1	73.01999053192984	15.033527462456142	0.0	-100.0	2	1.0425745288696997	-13.172555364479777	138.0	22	1.05	0.95				
	207	2	67.11396188596491	13.422792377192982	0.0	0.0	2	0.9895368811555594	-21.213134080045318	138.0	22	1.05	0.95				
	208	1	91.81189986	18.791909328070176	0.0	0.0	2	0.9922327747489458	-18.68513866150472	138.0	22	1.05	0.95				
	209	1	93.95954664035088	19.328821023157893	0.0	0.0	2	1.0235922832592828	-10.629965898267985	138.0	23	1.05	0.95				
	210	1	104.69778054210525	21.476467803508772	0.0	0.0	2	1.05	-12.045396445660492	138.0	23	1.05	0.95				
	211	1	0.0	0.0	0.0	0.0	2	1.0112458611429007	-7.563764987749826	230.0	23	1.05	0.95				
	212	1	0.0	0.0	0.0	0.0	2	1.0115977582667321	-6.785026221905002	230.0	23	1.05	0.95				
	213	2	142.2815991982456	28.993231534736847	0.0	0.0	2	1.0084937155410947	-6.425121362501728	230.0	24	1.05	0.95				
	214	2	104.16086884701754	20.939556108421055	0.0	0.0	2	1.0169585013358067	-4.735941055713188	230.0	26	1.05	0.95				
	215	2	170.201007342807	34.362348485614035	0.0	0.0	2	1.032140650474611	2.58764241682497	230.0	26	1.05	0.95				
	216	2	53.69116950877193	10.738233901754386	0.0	0.0	2	1.034150477435437	2.5339533708150395	230.0	26	1.05	0.95				
	217	1	0.0	0.0	0.0	0.0	2	1.0384215238973051	5.428696179040214	230.0	27	1.05	0.95				
	218	2	178.79159446421053	36.50999526596492	0.0	0.0	2	1.0400694710878908	5.903689346278792	230.0	27	1.05	0.95				
	219	1	97.1810168108772	19.865732718245614	0.0	0.0	2	1.0327614909454144	1.8646922993106616	230.0	25	1.05	0.95				
	220	1	68.72469697122807	13.9597040722807	0.0	0.0	2	1.0356828642498885	2.313557803328879	230.0	25	1.05	0.95				
	221	2	0.0	0.0	0.0	0.0	2	1.039799839671695	5.555762139989612	230.0	27	1.05	0.95				
	222	2	0.0	0.0	0.0	0.0	2	1.05	12.007854877824519	230.0	27	1.05	0.95				
	223	2	0.0	0.0	0.0	0.0	2	1.038433806376168	2.9610771997217777	230.0	25	1.05	0.95				
	224	1	0.0	0.0	0.0	0.0	2	1.0157863294109482	-1.1841106757823234	230.0	26	1.05	0.95				
	301	2	42.81050300210526	8.720658018947368	0.0	0.0	3	1.0101753119028989	-12.312830348000928	138.0	31	1.05	0.95				
	302	2	38.450173992631576	7.927870926315789	0.0	0.0	3	1.0100489555716807	-12.44343066121709	138.0	32	1.05	0.95				
	303	1	71.3508383368421	14.66656121368421	0.0	0.0	3	1.0286119558460742	-6.351358788986984	138.0	31	1.05	0.95				
	304	1	29.33312242736842	5.945903194736841	0.0	0.0	3	1.0123807162177938	-11.118836578009134	138.0	31	1.05	0.95				
	305	1	28.14394178842105	5.549509648421052	0.0	0.0	3	1.0251396435065272	-12.05306033472361	138.0	31	1.05	0.95				
	306	1	53.909522298947365	11.099019296842105	0.0	-100.0	3	1.0418990995330035	-12.391668897691275	138.0	32	1.05	0.95				
	307	2	49.54919328947368	9.909838657894737	0.0	0.0	3	0.9927312188872565	-16.48044840362624	138.0	32	1.05	0.95				
	308	1	67.78329642	13.873774121052628	0.0	0.0	3	1.000701488072333	-14.729702997500338	138.0	32	1.05	0.95				
	309	1	69.36887060526315	14.270167667368419	0.0	0.0	3	1.0263216117694363	-8.409433176598514	138.0	33	1.05	0.95				
	310	1	77.29674153157895	15.855741852631578	0.0	0.0	3	1.05	-10.515388086525382	138.0	33	1.05	0.95				
	311	1	0.0	0.0	0.0	0.0	3	1.0052124394136337	-5.427790388847166	230.0	33	1.05	0.95				
	312	1	0.0	0.0	0.0	0.0	3	1.0097541399541758	-5.047360107887251	230.0	33	1.05	0.95				
	313	2	105.04428977368421	21.40525150105263	0.0	0.0	3	1.0075639439537118	-2.247258992592797	230.0	34	1.05	0.95				
	314	2	76.90034798526315	15.459348306315787	0.0	0.0	3	1.0004099836249503	-4.038632339785077	230.0	36	1.05	0.95				
	315	2	125.65675418210525	25.36918696421052	0.0	0.0	3	1.0283542593486896	-0.00633491807371868	230.0	36	1.05	0.95				
	316	2	39.63935463157895	7.927870926315789	0.0	0.0	3	1.0261565058761803	0.2641836024581499	230.0	36	1.05	0.95				
	317	1	0.0	0.0	0.0	0.0	3	1.0338568440892666	1.8357617535180544	230.0	37	1.05	0.95				
	318	2	131.99905092315788	26.954761149473683	0.0	0.0	3	1.0340022715741621	1.7355706485413351	230.0	37	1.05	0.95				
	319	1	71.7472318831579	14.66656121368421	0.0	0.0	3	1.0206713248450419	-0.612089306501026	230.0	35	1.05	0.95				
	320	1	50.73837392842104	10.306232204210525	0.0	0.0	3	1.01851899588812	-0.5945291275023272	230.0	35	1.05	0.95				
	321	2	0.0	0.0	0.0	0.0	3	1.0358778455277402	2.4062559537046355	230.0	37	1.05	0.95				
	322	2	0.0	0.0	0.0	0.0	3	1.048418224939983	6.5016173273630695	230.0	37	1.05	0.95				
	323	2	0.0	0.0	0.0	0.0	3	1.0177665632281312	-0.27304701662921643	230.0	35	1.05	0.95				
	324	1	0.0	0.0	0.0	0.0	3	1.0199890519267063	-2.4058320979622962	230.0	36	1.05	0.95				
	325	1	0.0	0.0	0.0	0.0	3	1.0177601306413209	0.6273559422844516	230.0	35	1.05	0.95				
];
