%% MATPOWER Case Format : Version 2
function mpc = RTS_GMLC
mpc.version = '2';

%%-----  Power Flow Data  -----%%
%% system MVA base
mpc.baseMVA = 100.0;
%% bus data
%    bus_i    type    Pd    Qd    Gs    Bs    area    Vm    Va    baseKV    zone    Vmax    Vmin
mpc.bus = [
	101	2	60.47946560842106	12.319891142456141	0.0	0.0	1	1.0448040150566615	0.5102350271158154	138.0	11	1.05	0.95				
	102	2	54.31952003719298	11.199901038596492	0.0	0.0	1	1.0437522580222616	0.19252011197841132	138.0	12	1.05	0.95				
	103	1	100.79910934736841	20.71981692140351	0.0	0.0	1	1.026865867894259	-1.8770170012251475	138.0	11	1.05	0.95				
	104	1	41.43963384280702	8.399925778947368	0.0	0.0	1	1.0256603463767076	-3.074312388622074	138.0	11	1.05	0.95				
	105	1	39.75964868701754	7.839930727017546	0.0	0.0	1	1.0394578122918092	-3.211827863117694	138.0	11	1.05	0.95				
	106	1	76.15932706245616	15.679861454035091	0.0	-100.0	1	1.0439121142802017	-5.890515840370411	138.0	12	1.05	0.95				
	107	2	69.99938149122808	13.999876298245614	0.0	0.0	1	1.0004997903899562	-12.668869952313386	138.0	12	1.05	0.95				
	108	1	95.75915388	19.599826817543857	0.0	0.0	1	0.9996080172873295	-11.076428412868017	138.0	12	1.05	0.95				
	109	1	97.9991340877193	20.159821869473685	0.0	0.0	1	1.0249926283661146	-4.3004315001546685	138.0	13	1.05	0.95				
	110	1	109.19903512631579	22.399802077192984	0.0	0.0	1	1.05	-5.273121033737078	138.0	13	1.05	0.95				
	111	1	0.0	0.0	0.0	0.0	1	1.0076409315661286	-1.802699405635328	230.0	13	1.05	0.95				
	112	1	0.0	0.0	0.0	0.0	1	1.0116475064144956	-1.2770675844970378	230.0	13	1.05	0.95				
	113	3	148.3986887614035	30.23973280421053	0.0	0.0	1	1.005594344473646	-4.2387279246711664e-30	230.0	14	1.05	0.95				
	114	2	108.63904007438596	21.83980702526316	0.0	0.0	1	1.0056812521058882	-0.29339838786407163	230.0	16	1.05	0.95				
	115	2	177.5184314617544	35.83968332350877	0.0	0.0	1	1.0360899288557688	5.804963998448462	230.0	16	1.05	0.95				
	116	2	55.999505192982454	11.199901038596492	0.0	0.0	1	1.0327210666574438	5.211143543247664	230.0	16	1.05	0.95				
	117	1	0.0	0.0	0.0	0.0	1	1.0388154593432082	7.508029181883053	230.0	17	1.05	0.95				
	118	2	186.4783522926316	38.07966353122808	0.0	0.0	1	1.040478182951819	7.743788912945022	230.0	17	1.05	0.95				
	119	1	101.35910439929825	20.71981692140351	0.0	0.0	1	1.0265445951162138	4.032209570279327	230.0	15	1.05	0.95				
	120	1	71.67936664701755	14.55987135017544	0.0	0.0	1	1.025511593974428	3.9764127165383965	230.0	15	1.05	0.95				
	121	2	0.0	0.0	0.0	0.0	1	1.0434966672734356	9.136892884592198	230.0	17	1.05	0.95				
	122	2	0.0	0.0	0.0	0.0	1	1.05	15.007111531517443	230.0	17	1.05	0.95				
	123	2	0.0	0.0	0.0	0.0	1	1.0261165207610972	4.374526670546173	230.0	15	1.05	0.95				
	124	1	0.0	0.0	0.0	0.0	1	1.0227814345052308	2.928608917234264	230.0	16	1.05	0.95				
	201	2	60.06044387368421	12.234534863157895	0.0	0.0	2	1.0261517737023629	-11.318265285709943	138.0	21	1.05	0.95				
	202	2	53.943176442105255	11.12230442105263	0.0	0.0	2	1.0271550217123788	-11.116069608889601	138.0	22	1.05	0.95				
	203	1	100.10073978947369	20.576263178947368	0.0	0.0	2	1.0157052457633473	-10.174202532000038	138.0	21	1.05	0.95				
	204	1	41.152526357894736	8.341728315789473	0.0	0.0	2	1.0163595216493129	-12.262700019507813	138.0	21	1.05	0.95				
	205	1	39.484180694736835	7.785613094736843	0.0	0.0	2	1.0312026730577413	-12.60560754458152	138.0	21	1.05	0.95				
	206	1	75.6316700631579	15.571226189473686	0.0	-100.0	2	1.0412388352040056	-13.817058582566547	138.0	22	1.05	0.95				
	207	2	69.51440263157895	13.902880526315789	0.0	0.0	2	0.9924659158260479	-21.810721235962752	138.0	22	1.05	0.95				
	208	1	95.0957028	19.464032736842103	0.0	0.0	2	0.9931768306841647	-19.170191510857375	138.0	22	1.05	0.95				
	209	1	97.32016368421053	20.020147957894736	0.0	0.0	2	1.0241621238701055	-10.92487615692367	138.0	23	1.05	0.95				
	210	1	108.44246810526315	22.24460884210526	0.0	0.0	2	1.05	-12.135225821036231	138.0	23	1.05	0.95				
	211	1	0.0	0.0	0.0	0.0	2	1.010858035033065	-7.748656861654064	230.0	23	1.05	0.95				
	212	1	0.0	0.0	0.0	0.0	2	1.013736944300407	-4.500103946375306	230.0	23	1.05	0.95				
	213	2	147.37053357894737	30.030221936842104	0.0	0.0	2	1.009815577885769	-5.728864764097971	230.0	24	1.05	0.95				
	214	2	107.88635288421051	21.688493621052633	0.0	0.0	2	1.014289723995661	-5.672498280995682	230.0	26	1.05	0.95				
	215	2	176.2885250736842	35.59137414736842	0.0	0.0	2	1.0300481684928493	0.8823698049575889	230.0	26	1.05	0.95				
	216	2	55.611522105263155	11.12230442105263	0.0	0.0	2	1.030297495322494	0.6889704661030838	230.0	26	1.05	0.95				
	217	1	0.0	0.0	0.0	0.0	2	1.034532658182686	2.761934902174271	230.0	27	1.05	0.95				
	218	2	185.1863686105263	37.81583503157895	0.0	0.0	2	1.0347255488707832	2.7081178988232315	230.0	27	1.05	0.95				
	219	1	100.65685501052633	20.576263178947368	0.0	0.0	2	1.0286437498566705	0.6021481298479953	230.0	25	1.05	0.95				
	220	1	71.18274829473684	14.458995747368423	0.0	0.0	2	1.0316071676753202	1.6009699532283699	230.0	25	1.05	0.95				
	221	2	0.0	0.0	0.0	0.0	2	1.0358290085933142	2.8794407991488566	230.0	27	1.05	0.95				
	222	2	0.0	0.0	0.0	0.0	2	1.05	9.331257243347324	230.0	27	1.05	0.95				
	223	2	0.0	0.0	0.0	0.0	2	1.0346956178268354	2.5665428789263207	230.0	25	1.05	0.95				
	224	1	0.0	0.0	0.0	0.0	2	1.0110194805434594	-3.2440480107662166	230.0	26	1.05	0.95				
	301	2	50.87377413473685	10.36317621263158	0.0	0.0	3	1.0052320774305719	-8.191120669851397	138.0	31	1.05	0.95				
	302	2	45.692186028421055	9.421069284210528	0.0	0.0	3	1.0050129816903717	-8.244588287986497	138.0	32	1.05	0.95				
	303	1	84.78962355789474	17.428978175789474	0.0	0.0	3	1.017293480014682	-4.398276884498926	138.0	31	1.05	0.95				
	304	1	34.85795635157895	7.065801963157894	0.0	0.0	3	1.0082089857983778	-6.467484805800078	138.0	31	1.05	0.95				
	305	1	33.444795958947374	6.59474849894737	0.0	0.0	3	1.0211057041126528	-7.07864196663254	138.0	31	1.05	0.95				
	306	1	64.06327113263158	13.18949699789474	0.0	-100.0	3	1.038366259442899	-7.00563393578764	138.0	32	1.05	0.95				
	307	2	58.88168302631579	11.77633660526316	0.0	0.0	3	0.995845031247505	-11.326670252662295	138.0	32	1.05	0.95				
	308	1	80.55014238	16.48687124736842	0.0	0.0	3	1.001983904268091	-9.203615798808638	138.0	32	1.05	0.95				
	309	1	82.4343562368421	16.957924711578947	0.0	0.0	3	1.0263701273109747	-3.0920849587884587	138.0	33	1.05	0.95				
	310	1	91.85542552105264	18.842138568421056	0.0	0.0	3	1.05	-4.454777592954932	138.0	33	1.05	0.95				
	311	1	0.0	0.0	0.0	0.0	3	1.0065708008954852	0.6093274457056037	230.0	33	1.05	0.95				
	312	1	0.0	0.0	0.0	0.0	3	1.0115163277633852	1.3886176463323305	230.0	33	1.05	0.95				
	313	2	124.82916801578948	25.436887067368424	0.0	0.0	3	1.012010238462133	5.433196155988173	230.0	34	1.05	0.95				
	314	2	91.38437205684211	18.37108510421053	0.0	0.0	3	1.002966059097819	0.8725669667531034	230.0	36	1.05	0.95				
	315	2	149.32394815473685	30.147421709473686	0.0	0.0	3	1.0190168470134222	-0.4537360859801732	230.0	36	1.05	0.95				
	316	2	47.10534642105264	9.421069284210528	0.0	0.0	3	1.018436100454982	0.3545553302877085	230.0	36	1.05	0.95				
	317	1	0.0	0.0	0.0	0.0	3	1.0235527385564458	0.5575936056796953	230.0	37	1.05	0.95				
	318	2	156.8608035821053	32.03163556631579	0.0	0.0	3	1.0227264219402339	0.09160712053433687	230.0	37	1.05	0.95				
	319	1	85.26067702210527	17.428978175789474	0.0	0.0	3	1.0179462389657974	1.8041822597385215	230.0	35	1.05	0.95				
	320	1	60.29484341894737	12.247390069473687	0.0	0.0	3	1.018594823099336	2.834479895070398	230.0	35	1.05	0.95				
	321	2	0.0	0.0	0.0	0.0	3	1.0234930910492803	0.46073463585945906	230.0	37	1.05	0.95				
	322	2	0.0	0.0	0.0	0.0	3	1.0369568906705788	4.915277543422934	230.0	37	1.05	0.95				
	323	2	0.0	0.0	0.0	0.0	3	1.0192123592556932	3.4516219805794788	230.0	35	1.05	0.95				
	324	1	0.0	0.0	0.0	0.0	3	1.0139505186040887	-0.5403158909885848	230.0	36	1.05	0.95				
	325	1	0.0	0.0	0.0	0.0	3	1.0207294513397762	3.948184258247198	230.0	35	1.05	0.95				
];
