%% MATPOWER Case Format : Version 2
function mpc = RTS_GMLC
mpc.version = '2';

%%-----  Power Flow Data  -----%%
%% system MVA base
mpc.baseMVA = 100.0;
%% bus data
%    bus_i    type    Pd    Qd    Gs    Bs    area    Vm    Va    baseKV    zone    Vmax    Vmin
mpc.bus = [
	101	2	73.03760514947368	14.87803067859649	0.0	0.0	1	1.0301360747799826	0.044756602644554506	138.0	11	1.05	0.95				
	102	2	65.59858981017544	13.525482435087719	0.0	0.0	1	1.0301571958705085	-0.020881397890972226	138.0	12	1.05	0.95				
	103	1	121.72934191578948	25.02214250491228	0.0	0.0	1	1.0219573523167478	-0.49017340833711703	138.0	11	1.05	0.95				
	104	1	50.04428500982456	10.14411182631579	0.0	0.0	1	1.016187371374375	-3.123688382477348	138.0	11	1.05	0.95				
	105	1	48.0154626445614	9.467837704561404	0.0	0.0	1	1.030874227877735	-3.1422939908017105	138.0	11	1.05	0.95				
	106	1	91.9732805585965	18.93567540912281	0.0	-100.0	1	1.037590398798668	-5.542680592505953	138.0	12	1.05	0.95				
	107	2	84.53426521929825	16.90685304385965	0.0	0.0	1	1.05	-3.0182728221001	138.0	12	1.05	0.95				
	108	1	115.64287482	23.669594261403507	0.0	0.0	1	1.0277828929517365	-5.331157954235919	138.0	12	1.05	0.95				
	109	1	118.34797130701756	24.345868383157892	0.0	0.0	1	1.0264035455687701	-2.9165430984671237	138.0	13	1.05	0.95				
	110	1	131.87345374210526	27.050964870175438	0.0	0.0	1	1.05	-4.228358118650149	138.0	13	1.05	0.95				
	111	1	0.0	0.0	0.0	0.0	1	1.011495022822087	-0.47309941783792486	230.0	13	1.05	0.95				
	112	1	0.0	0.0	0.0	0.0	1	1.0148144317689878	0.11012865685746624	230.0	13	1.05	0.95				
	113	3	179.21264226491226	36.51880257473684	0.0	0.0	1	1.0095342183277018	-6.578252319072151e-29	230.0	14	1.05	0.95				
	114	2	131.19717962035088	26.374690748421052	0.0	0.0	1	1.0132625934235748	2.28020423846147	230.0	16	1.05	0.95				
	115	2	214.37889659614035	43.2815437922807	0.0	0.0	1	1.0452321841569925	10.705613078506609	230.0	16	1.05	0.95				
	116	2	67.6274121754386	13.525482435087719	0.0	0.0	1	1.0436115628711335	10.182556795372808	230.0	16	1.05	0.95				
	117	1	0.0	0.0	0.0	0.0	1	1.0470236923489165	13.51147083754757	230.0	17	1.05	0.95				
	118	2	225.19928254421052	45.98664027929825	0.0	0.0	1	1.049678905827906	14.099257831998745	230.0	17	1.05	0.95				
	119	1	122.40561603754385	25.02214250491228	0.0	0.0	1	1.0377996773064968	8.528892275569543	230.0	15	1.05	0.95				
	120	1	86.5630875845614	17.583127165614034	0.0	0.0	1	1.0388107105748365	8.367324016864096	230.0	15	1.05	0.95				
	121	2	0.0	0.0	0.0	0.0	1	1.05	14.613164030573857	230.0	17	1.05	0.95				
	122	2	0.0	0.0	0.0	0.0	1	1.05	22.62265111588188	230.0	17	1.05	0.95				
	123	2	0.0	0.0	0.0	0.0	1	1.0410165490138892	8.779853092108642	230.0	15	1.05	0.95				
	124	1	0.0	0.0	0.0	0.0	1	1.0224904742968324	6.562135106691395	230.0	16	1.05	0.95				
	201	2	91.13615613473685	18.56477254596491	0.0	0.0	2	1.05	-12.801063793375004	138.0	21	1.05	0.95				
	202	2	81.85376986175437	16.877065950877192	0.0	0.0	2	1.05	-12.855317241223721	138.0	22	1.05	0.95				
	203	1	151.89359355789475	31.222572009122807	0.0	0.0	2	1.0240004283314117	-9.036134562941877	138.0	21	1.05	0.95				
	204	1	62.445144018245614	12.657799463157893	0.0	0.0	2	1.0207275234575395	-14.783392237204744	138.0	21	1.05	0.95				
	205	1	59.91358412561403	11.813946165614036	0.0	0.0	2	1.0387555737149257	-15.278242099278767	138.0	21	1.05	0.95				
	206	1	114.7640484659649	23.62789233122807	0.0	-100.0	2	1.0372787878889116	-17.44722414375469	138.0	22	1.05	0.95				
	207	2	105.48166219298245	21.09633243859649	0.0	0.0	2	0.95	-28.538838682267	138.0	22	1.05	0.95				
	208	1	144.29891388000001	29.53486541403508	0.0	0.0	2	0.9548323378846911	-25.05947047953773	138.0	22	1.05	0.95				
	209	1	147.67432707017542	30.378718711578944	0.0	0.0	2	1.0238807680657014	-12.98133579647673	138.0	23	1.05	0.95				
	210	1	164.5513930210526	33.754131901754384	0.0	0.0	2	1.0491393537263722	-15.184606854003519	138.0	23	1.05	0.95				
	211	1	0.0	0.0	0.0	0.0	2	1.031551722377508	-7.729915538991222	230.0	23	1.05	0.95				
	212	1	0.0	0.0	0.0	0.0	2	1.0228338581311631	-6.4118856146823555	230.0	23	1.05	0.95				
	213	2	223.6211238491228	45.568078067368425	0.0	0.0	2	1.05	-3.60438097074327	230.0	24	1.05	0.95				
	214	2	163.70753972350875	32.910278604210525	0.0	0.0	2	1.05	-5.281512982869607	230.0	26	1.05	0.95				
	215	2	267.50149532140347	54.006611042807016	0.0	0.0	2	1.0430614746213713	3.5925875087137555	230.0	26	1.05	0.95				
	216	2	84.38532975438596	16.877065950877192	0.0	0.0	2	1.0478071907162587	3.421967410872348	230.0	26	1.05	0.95				
	217	1	0.0	0.0	0.0	0.0	2	1.0486717249451187	6.864274051645243	230.0	27	1.05	0.95				
	218	2	281.00314808210527	57.38202423298245	0.0	0.0	2	1.0499999984195796	7.432675904691917	230.0	27	1.05	0.95				
	219	1	152.7374468554386	31.222572009122807	0.0	0.0	2	1.0424671951460145	2.7931205291841033	230.0	25	1.05	0.95				
	220	1	108.01322208561403	21.940185736140354	0.0	0.0	2	1.0455162902838842	3.824373647325765	230.0	25	1.05	0.95				
	221	2	0.0	0.0	0.0	0.0	2	1.05	7.881851537130179	230.0	27	1.05	0.95				
	222	2	0.0	0.0	0.0	0.0	2	1.05	13.994493829340028	230.0	27	1.05	0.95				
	223	2	0.0	0.0	0.0	0.0	2	1.05	5.001230848024113	230.0	25	1.05	0.95				
	224	1	0.0	0.0	0.0	0.0	2	1.0200019746540347	-1.103043856732166	230.0	26	1.05	0.95				
	301	2	72.56944004210527	14.782663712280703	0.0	0.0	3	1.0152257442047317	-17.222102660187446	138.0	31	1.05	0.95				
	302	2	65.17810818596492	13.438785192982458	0.0	0.0	3	1.0136172418812965	-17.637436839614328	138.0	32	1.05	0.95				
	303	1	120.94906673684211	24.861752607017547	0.0	0.0	3	1.0287821288345125	-9.8986999910753	138.0	31	1.05	0.95				
	304	1	49.72350521403509	10.079088894736842	0.0	0.0	3	1.0090624261036987	-16.521023778103693	138.0	31	1.05	0.95				
	305	1	47.70768743508772	9.407149635087722	0.0	0.0	3	1.0237843975790561	-17.333437984353182	138.0	31	1.05	0.95				
	306	1	91.38373931228071	18.814299270175443	0.0	-100.0	3	1.0346368580090362	-18.151439183159948	138.0	32	1.05	0.95				
	307	2	83.99240745614036	16.79848149122807	0.0	0.0	3	1.0057840524517403	-20.013013995147514	138.0	32	1.05	0.95				
	308	1	114.9016134	23.5178740877193	0.0	0.0	3	1.0008910433952485	-19.6211790617779	138.0	32	1.05	0.95				
	309	1	117.58937043859649	24.18981334736842	0.0	0.0	3	1.0280195206808689	-12.864245168053401	138.0	33	1.05	0.95				
	310	1	131.02815563157895	26.877570385964916	0.0	0.0	3	1.05	-15.293131499610888	138.0	33	1.05	0.95				
	311	1	0.0	0.0	0.0	0.0	3	1.019818727287318	-8.333423010306992	230.0	33	1.05	0.95				
	312	1	0.0	0.0	0.0	0.0	3	1.0189978865898688	-7.384872836119146	230.0	33	1.05	0.95				
	313	2	178.06390380701754	36.284720021052635	0.0	0.0	3	1.0291505617780268	-4.16822430199989	230.0	34	1.05	0.95				
	314	2	130.35621637192983	26.205631126315794	0.0	0.0	3	1.029690293836959	-6.2982583288313725	230.0	36	1.05	0.95				
	315	2	213.0047453087719	43.00411261754386	0.0	0.0	3	1.047949424301032	0.6165992734689949	230.0	36	1.05	0.95				
	316	2	67.19392596491228	13.438785192982458	0.0	0.0	3	1.0474367731924492	0.6464834370751606	230.0	36	1.05	0.95				
	317	1	0.0	0.0	0.0	0.0	3	1.0487507076529827	2.6897058786511487	230.0	37	1.05	0.95				
	318	2	223.75577346315788	45.691869656140355	0.0	0.0	3	1.0480748884175783	2.693167336962256	230.0	37	1.05	0.95				
	319	1	121.62100599649123	24.861752607017547	0.0	0.0	3	1.0437225891197373	-0.1258758429159159	230.0	35	1.05	0.95				
	320	1	86.00822523508772	17.470420750877196	0.0	0.0	3	1.046131392284362	0.4604040727169653	230.0	35	1.05	0.95				
	321	2	0.0	0.0	0.0	0.0	3	1.05	3.9269437652672896	230.0	37	1.05	0.95				
	322	2	0.0	0.0	0.0	0.0	3	1.05	9.21705650849879	230.0	37	1.05	0.95				
	323	2	0.0	0.0	0.0	0.0	3	1.04924494672118	1.2720247973333547	230.0	35	1.05	0.95				
	324	1	0.0	0.0	0.0	0.0	3	1.0275663512512443	-3.289210657358511	230.0	36	1.05	0.95				
	325	1	0.0	0.0	0.0	0.0	3	1.0457009890938125	2.371055951270434	230.0	35	1.05	0.95				
];
