%% MATPOWER Case Format : Version 2
function mpc = RTS_GMLC
mpc.version = '2';

%%-----  Power Flow Data  -----%%
%% system MVA base
mpc.baseMVA = 100.0;
%% bus data
%    bus_i    type    Pd    Qd    Gs    Bs    area    Vm    Va    baseKV    zone    Vmax    Vmin
mpc.bus = [
	101	2	82.32261256421053	16.769421077894737	0.0	0.0	1	1.046215700029962	0.2875140028902228	138.0	11	1.05	0.95				
	102	2	73.93790202526314	15.24492825263158	0.0	0.0	1	1.0454390607006048	0.01376664499160428	138.0	12	1.05	0.95				
	103	1	137.2043542736842	28.203117267368416	0.0	0.0	1	1.0269107745602484	-1.3940460869443116	138.0	11	1.05	0.95				
	104	1	56.40623453473683	11.433696189473682	0.0	0.0	1	1.0242952333925797	-3.438678957292564	138.0	11	1.05	0.95				
	105	1	54.1194952968421	10.671449776842106	0.0	0.0	1	1.0372197280824058	-3.8490671511864076	138.0	11	1.05	0.95				
	106	1	103.66551211789474	21.342899553684212	0.0	-100.0	1	1.0381616502307793	-6.909130438281222	138.0	12	1.05	0.95				
	107	2	95.28080157894736	19.056160315789473	0.0	0.0	1	1.0390611768808136	-5.990345321261082	138.0	12	1.05	0.95				
	108	1	130.34413655999998	26.67862444210526	0.0	0.0	1	1.0188728404003369	-7.937423034424099	138.0	12	1.05	0.95				
	109	1	133.39312221052631	27.440870854736836	0.0	0.0	1	1.0270571162390434	-4.2653700347298535	138.0	13	1.05	0.95				
	110	1	148.63805046315787	30.48985650526316	0.0	0.0	1	1.05	-5.707622230315538	138.0	13	1.05	0.95				
	111	1	0.0	0.0	0.0	0.0	1	1.013137714159496	-1.8032535041310265	230.0	13	1.05	0.95				
	112	1	0.0	0.0	0.0	0.0	1	1.0164699547134861	-1.1201113489596894	230.0	13	1.05	0.95				
	113	3	201.99529934736842	41.161306282105265	0.0	0.0	1	1.0139235960578374	-1.8963300781356372e-29	230.0	14	1.05	0.95				
	114	2	147.87580405052628	29.72761009263158	0.0	0.0	1	1.0138552468646322	-0.13926417786943193	230.0	16	1.05	0.95				
	115	2	241.6321128042105	48.78377040842105	0.0	0.0	1	1.0439056188675324	7.547000167949474	230.0	16	1.05	0.95				
	116	2	76.22464126315789	15.24492825263158	0.0	0.0	1	1.0413436520081254	6.822955622526638	230.0	16	1.05	0.95				
	117	1	0.0	0.0	0.0	0.0	1	1.0451450703149612	9.745045135939126	230.0	17	1.05	0.95				
	118	2	253.8280554063158	51.83275605894737	0.0	0.0	1	1.0472859802111893	10.15665659067784	230.0	17	1.05	0.95				
	119	1	137.9666006863158	28.203117267368416	0.0	0.0	1	1.0346991951433269	5.375714338978388	230.0	15	1.05	0.95				
	120	1	97.5675408168421	19.81840672842105	0.0	0.0	1	1.0348903835989816	5.1123722895836305	230.0	15	1.05	0.95				
	121	2	0.0	0.0	0.0	0.0	1	1.05	11.843774540101844	230.0	17	1.05	0.95				
	122	2	0.0	0.0	0.0	0.0	1	1.05	18.520598461250998	230.0	17	1.05	0.95				
	123	2	0.0	0.0	0.0	0.0	1	1.0370529406819617	5.535751103762713	230.0	15	1.05	0.95				
	124	1	0.0	0.0	0.0	0.0	1	1.0262464815680572	4.222997135928893	230.0	16	1.05	0.95				
	201	2	74.57830946526317	15.191877854035088	0.0	0.0	2	1.035738165121526	-14.014163223512156	138.0	21	1.05	0.95				
	202	2	66.98237053824562	13.810798049122807	0.0	0.0	2	1.035909926081213	-14.114930092724407	138.0	22	1.05	0.95				
	203	1	124.29718244210528	25.549976390877195	0.0	0.0	2	1.024587488454673	-10.696846048405456	138.0	21	1.05	0.95				
	204	1	51.09995278175439	10.358098536842105	0.0	0.0	2	1.0179009241508188	-15.936428533646888	138.0	21	1.05	0.95				
	205	1	49.02833307438597	9.667558634385966	0.0	0.0	2	1.0340007441287549	-16.363193931016447	138.0	21	1.05	0.95				
	206	1	93.9134267340351	19.33511726877193	0.0	-100.0	2	1.0391026480728833	-18.33383763974175	138.0	22	1.05	0.95				
	207	2	86.31748780701754	17.26349756140351	0.0	0.0	2	0.9725849161093648	-28.635132877231822	138.0	22	1.05	0.95				
	208	1	118.08232332	24.168896585964912	0.0	0.0	2	0.9749826632775097	-25.2434445510986	138.0	22	1.05	0.95				
	209	1	120.84448292982457	24.859436488421053	0.0	0.0	2	1.024710217324316	-14.630817946012975	138.0	23	1.05	0.95				
	210	1	134.65528097894736	27.621596098245615	0.0	0.0	2	1.05	-16.572744173736165	138.0	23	1.05	0.95				
	211	1	0.0	0.0	0.0	0.0	2	1.023059017102952	-10.912019113757285	230.0	23	1.05	0.95				
	212	1	0.0	0.0	0.0	0.0	2	1.0191350614191372	-8.80399079647137	230.0	23	1.05	0.95				
	213	2	182.9930741508772	37.28915473263159	0.0	0.0	2	1.0280095853244138	-9.058603893783763	230.0	24	1.05	0.95				
	214	2	133.96474107649124	26.931056195789477	0.0	0.0	2	1.0366345986671368	-7.941494818062224	230.0	26	1.05	0.95				
	215	2	218.9011490785965	44.194553757192985	0.0	0.0	2	1.0428102351634434	0.8582733467533684	230.0	26	1.05	0.95				
	216	2	69.05399024561405	13.810798049122807	0.0	0.0	2	1.0449437828682382	0.5054842667525727	230.0	26	1.05	0.95				
	217	1	0.0	0.0	0.0	0.0	2	1.0462395126757225	3.3665459707498755	230.0	27	1.05	0.95				
	218	2	229.94978751789478	46.95671336701755	0.0	0.0	2	1.0471348866033212	3.6463311667535594	230.0	27	1.05	0.95				
	219	1	124.98772234456142	25.549976390877195	0.0	0.0	2	1.0423514556021878	0.17013769141502827	230.0	25	1.05	0.95				
	220	1	88.38910751438597	17.954037463859652	0.0	0.0	2	1.0459623510948413	1.173874471860541	230.0	25	1.05	0.95				
	221	2	0.0	0.0	0.0	0.0	2	1.0470097156826967	3.4751505868592494	230.0	27	1.05	0.95				
	222	2	0.0	0.0	0.0	0.0	2	1.05	9.94202409235251	230.0	27	1.05	0.95				
	223	2	0.0	0.0	0.0	0.0	2	1.05	2.225668279908768	230.0	25	1.05	0.95				
	224	1	0.0	0.0	0.0	0.0	2	1.0215184649737732	-3.4397851365826795	230.0	26	1.05	0.95				
	301	2	74.26067699368421	15.127174943157895	0.0	0.0	3	0.9973997297071154	-4.16699727136337	138.0	31	1.05	0.95				
	302	2	66.69708952210526	13.751977221052632	0.0	0.0	3	0.998661573634107	-4.26467512342065	138.0	32	1.05	0.95				
	303	1	123.76779498947369	25.441157858947367	0.0	0.0	3	1.0131092787393439	0.7793782064237927	138.0	31	1.05	0.95				
	304	1	50.882315717894734	10.313982915789472	0.0	0.0	3	0.9958522370122408	-1.7798737798813915	138.0	31	1.05	0.95				
	305	1	48.81951913473684	9.626384054736842	0.0	0.0	3	1.008342299151486	-2.0451365067858234	138.0	31	1.05	0.95				
	306	1	93.5134451031579	19.252768109473685	0.0	-100.0	3	1.0226585338981034	-1.6235323997814342	138.0	32	1.05	0.95				
	307	2	85.94985763157894	17.18997152631579	0.0	0.0	3	0.9785793323763609	-6.769548290780327	138.0	32	1.05	0.95				
	308	1	117.57940523999999	24.065960136842104	0.0	0.0	3	0.9858056190287646	-3.525724440338863	138.0	32	1.05	0.95				
	309	1	120.32980068421053	24.753558997894736	0.0	0.0	3	1.01935682442756	3.095182216409905	138.0	33	1.05	0.95				
	310	1	134.08177790526315	27.503954442105265	0.0	0.0	3	1.0409449520333438	2.317419347977133	138.0	33	1.05	0.95				
	311	1	0.0	0.0	0.0	0.0	3	1.0107969396695182	9.861531874396968	230.0	33	1.05	0.95				
	312	1	0.0	0.0	0.0	0.0	3	1.0150625849573018	11.198018454760534	230.0	33	1.05	0.95				
	313	2	182.21369817894737	37.13033849684211	0.0	0.0	3	1.0398474970839588	18.62445747136713	230.0	34	1.05	0.95				
	314	2	133.39417904421052	26.81635558105263	0.0	0.0	3	1.0159681537105554	9.11318074185577	230.0	36	1.05	0.95				
	315	2	217.96883895368418	44.00632710736842	0.0	0.0	3	1.037576024673854	5.462789581809426	230.0	36	1.05	0.95				
	316	2	68.75988610526316	13.751977221052632	0.0	0.0	3	1.0377735982553589	7.047208988505021	230.0	36	1.05	0.95				
	317	1	0.0	0.0	0.0	0.0	3	1.0424653582574748	6.712422375218634	230.0	37	1.05	0.95				
	318	2	228.9704207305263	46.75672255157895	0.0	0.0	3	1.040480810200996	5.349331697067052	230.0	37	1.05	0.95				
	319	1	124.4553938505263	25.441157858947367	0.0	0.0	3	1.0354706574387027	9.304609987111325	230.0	35	1.05	0.95				
	320	1	88.01265421473684	17.877570387368422	0.0	0.0	3	1.036993745879652	11.15415276183881	230.0	35	1.05	0.95				
	321	2	0.0	0.0	0.0	0.0	3	1.0411120341017	6.056382533103495	230.0	37	1.05	0.95				
	322	2	0.0	0.0	0.0	0.0	3	1.05	10.636143357462831	230.0	37	1.05	0.95				
	323	2	0.0	0.0	0.0	0.0	3	1.0381854708723013	11.898060384983658	230.0	35	1.05	0.95				
	324	1	0.0	0.0	0.0	0.0	3	1.0236787854690352	5.527153644713031	230.0	36	1.05	0.95				
	325	1	0.0	0.0	0.0	0.0	3	1.0400557442951057	11.899146771920853	230.0	35	1.05	0.95				
];
