%% MATPOWER Case Format : Version 2
function mpc = RTS_GMLC
mpc.version = '2';

%%-----  Power Flow Data  -----%%
%% system MVA base
mpc.baseMVA = 100.0;
%% bus data
%    bus_i    type    Pd    Qd    Gs    Bs    area    Vm    Va    baseKV    zone    Vmax    Vmin
mpc.bus = [
	101	2	62.14943099368422	12.660069276491228	0.0	0.0	1	1.0312573956251672	0.9747669191513852	138.0	11	1.05	0.95				
	102	2	55.8193963554386	11.509153887719298	0.0	0.0	1	1.0313550610707303	0.9285468317521994	138.0	12	1.05	0.95				
	103	1	103.5823849894737	21.291934692280705	0.0	0.0	1	1.0239683655399532	-0.702304884803871	138.0	11	1.05	0.95				
	104	1	42.58386938456141	8.631865415789473	0.0	0.0	1	1.0182065720784663	-2.52790777126203	138.0	11	1.05	0.95				
	105	1	40.85749630140351	8.056407721403511	0.0	0.0	1	1.0326230182406166	-2.4123674848392995	138.0	11	1.05	0.95				
	106	1	78.26224643649124	16.112815442807022	0.0	-100.0	1	1.0406194064220284	-4.837401662405774	138.0	12	1.05	0.95				
	107	2	71.93221179824562	14.386442359649124	0.0	0.0	1	1.0367312888974038	-5.982745790817124	138.0	12	1.05	0.95				
	108	1	98.40326574	20.141019303508774	0.0	0.0	1	1.0226848603768268	-6.731672277577525	138.0	12	1.05	0.95				
	109	1	100.70509651754386	20.716476997894738	0.0	0.0	1	1.0258512451371435	-3.0227529632986117	138.0	13	1.05	0.95				
	110	1	112.21425040526316	23.018307775438597	0.0	0.0	1	1.05	-4.024702321504441	138.0	13	1.05	0.95				
	111	1	0.0	0.0	0.0	0.0	1	1.006571729146946	-0.7989405863974304	230.0	13	1.05	0.95				
	112	1	0.0	0.0	0.0	0.0	1	1.0131022841754302	-0.45287927849410176	230.0	13	1.05	0.95				
	113	3	152.4962890122807	31.07471549684211	0.0	0.0	1	1.0051067621245915	3.049030160228589e-27	230.0	14	1.05	0.95				
	114	2	111.6387927108772	22.442850081052633	0.0	0.0	1	1.0018687808865017	1.3447583815686524	230.0	16	1.05	0.95				
	115	2	182.4200891203509	36.82929244070176	0.0	0.0	1	1.0400384040456223	8.387528304160526	230.0	16	1.05	0.95				
	116	2	57.545769438596494	11.509153887719298	0.0	0.0	1	1.0366241923476989	7.752054477995543	230.0	16	1.05	0.95				
	117	1	0.0	0.0	0.0	0.0	1	1.043432495243822	10.591061217025073	230.0	17	1.05	0.95				
	118	2	191.62741223052632	39.13112321824562	0.0	0.0	1	1.0469529596813942	10.927019180413044	230.0	17	1.05	0.95				
	119	1	104.15784268385966	21.291934692280705	0.0	0.0	1	1.0307065087894498	6.004986004407645	230.0	15	1.05	0.95				
	120	1	73.65858488140351	14.961900054035091	0.0	0.0	1	1.0305991521529807	5.587117771132359	230.0	15	1.05	0.95				
	121	2	0.0	0.0	0.0	0.0	1	1.05	11.646569129815799	230.0	17	1.05	0.95				
	122	2	0.0	0.0	0.0	0.0	1	1.05	19.53300679126578	230.0	17	1.05	0.95				
	123	2	0.0	0.0	0.0	0.0	1	1.0317221084501869	5.792808886081878	230.0	15	1.05	0.95				
	124	1	0.0	0.0	0.0	0.0	1	1.022600017355998	5.004679216614613	230.0	16	1.05	0.95				
	201	2	79.10026760842106	16.113017475789473	0.0	0.0	2	1.0374724377946392	-18.74023943744127	138.0	21	1.05	0.95				
	202	2	71.0437588705263	14.648197705263158	0.0	0.0	2	1.0377268986753359	-18.8846407175207	138.0	22	1.05	0.95				
	203	1	131.83377934736842	27.09916575473684	0.0	0.0	2	1.0196939720951617	-13.70401723758517	138.0	21	1.05	0.95				
	204	1	54.19833150947368	10.986148278947368	0.0	0.0	2	1.0168723694916633	-20.622396303960922	138.0	21	1.05	0.95				
	205	1	52.001101853684204	10.25373839368421	0.0	0.0	2	1.0342753137589087	-21.20089124822468	138.0	21	1.05	0.95				
	206	1	99.60774439578948	20.50747678736842	0.0	-100.0	2	1.0382730833941878	-23.27767808944332	138.0	22	1.05	0.95				
	207	2	91.55123565789474	18.310247131578947	0.0	0.0	2	0.9616691430678735	-34.19423334029861	138.0	22	1.05	0.95				
	208	1	125.24209037999998	25.634345984210523	0.0	0.0	2	0.9658716819152702	-30.544818889737485	138.0	22	1.05	0.95				
	209	1	128.17172992105264	26.366755869473685	0.0	0.0	2	1.0229124678554236	-19.07665314747297	138.0	23	1.05	0.95				
	210	1	142.8199276263158	29.296395410526316	0.0	0.0	2	1.05	-21.39808506129006	138.0	23	1.05	0.95				
	211	1	0.0	0.0	0.0	0.0	2	1.0286815711477941	-14.744644639578304	230.0	23	1.05	0.95				
	212	1	0.0	0.0	0.0	0.0	2	1.020962442722654	-13.87502649097969	230.0	23	1.05	0.95				
	213	2	194.08861959473683	39.55013380421053	0.0	0.0	2	1.0386632388996604	-12.568283227522013	230.0	24	1.05	0.95				
	214	2	142.0875177410526	28.563985525263156	0.0	0.0	2	1.0476721796193145	-11.367120526046358	230.0	26	1.05	0.95				
	215	2	232.17393362842103	46.8742326568421	0.0	0.0	2	1.0422591199755775	-1.3533368086206168	230.0	26	1.05	0.95				
	216	2	73.24098852631579	14.648197705263158	0.0	0.0	2	1.0464692812725551	-2.0252139398537197	230.0	26	1.05	0.95				
	217	1	0.0	0.0	0.0	0.0	2	1.04661557291455	1.8690317533260792	230.0	27	1.05	0.95				
	218	2	243.8924917926316	49.80387219789474	0.0	0.0	2	1.0492700211489334	2.3426518369791496	230.0	27	1.05	0.95				
	219	1	132.56618923263156	27.09916575473684	0.0	0.0	2	1.042861698124389	-3.2481523938385473	230.0	25	1.05	0.95				
	220	1	93.7484653136842	19.042657016842103	0.0	0.0	2	1.0461857914638202	-2.9397732673538166	230.0	25	1.05	0.95				
	221	2	0.0	0.0	0.0	0.0	2	1.0499999722149311	2.454022842833512	230.0	27	1.05	0.95				
	222	2	0.0	0.0	0.0	0.0	2	1.05	8.736017507944387	230.0	27	1.05	0.95				
	223	2	0.0	0.0	0.0	0.0	2	1.05	-2.2381638527392504	230.0	25	1.05	0.95				
	224	1	0.0	0.0	0.0	0.0	2	1.0182917421912363	-5.9299636626652985	230.0	26	1.05	0.95				
	301	2	58.88579562947369	11.995254665263158	0.0	0.0	3	1.02173162579617	-11.448277935913206	138.0	31	1.05	0.95				
	302	2	52.88816829684211	10.904776968421054	0.0	0.0	3	1.0183379580650418	-11.813527998953615	138.0	32	1.05	0.95				
	303	1	98.14299271578948	20.173837391578946	0.0	0.0	3	1.05	4.266990950530959	138.0	31	1.05	0.95				
	304	1	40.34767478315789	8.178582726315788	0.0	0.0	3	1.0074218650735327	-10.398872153970569	138.0	31	1.05	0.95				
	305	1	38.711958237894734	7.633343877894738	0.0	0.0	3	1.0260877725777684	-12.419584773166518	138.0	31	1.05	0.95				
	306	1	74.15248338526317	15.266687755789476	0.0	-100.0	3	1.034769832605451	-13.5959617107934	138.0	32	1.05	0.95				
	307	2	68.15485605263159	13.630971210526315	0.0	0.0	3	0.9799766489966489	-13.485657369273328	138.0	32	1.05	0.95				
	308	1	93.23584308000001	19.08335969473684	0.0	0.0	3	0.9862487258558652	-13.497946085380757	138.0	32	1.05	0.95				
	309	1	95.41679847368421	19.628598543157892	0.0	0.0	3	1.0165668450221494	-6.965027417149408	138.0	33	1.05	0.95				
	310	1	106.32157544210526	21.809553936842107	0.0	0.0	3	1.0439069289970084	-11.646194408991262	138.0	33	1.05	0.95				
	311	1	0.0	0.0	0.0	0.0	3	1.0041999551075633	-7.043525294587555	230.0	33	1.05	0.95				
	312	1	0.0	0.0	0.0	0.0	3	1.0094505271357712	-6.140651218277103	230.0	33	1.05	0.95				
	313	2	144.48829483157894	29.442897814736845	0.0	0.0	3	1.006782889370907	-4.21673361532468	230.0	34	1.05	0.95				
	314	2	105.77633659368422	21.264315088421053	0.0	0.0	3	1.0013040046515305	-7.16310325050704	230.0	36	1.05	0.95				
	315	2	172.8407149494737	34.89528629894737	0.0	0.0	3	1.0499999950641987	-3.601941847641888	230.0	36	1.05	0.95				
	316	2	54.52388484210526	10.904776968421054	0.0	0.0	3	1.0411202268896496	-4.072942077930036	230.0	36	1.05	0.95				
	317	1	0.0	0.0	0.0	0.0	3	1.046707520357443	-2.742678905616517	230.0	37	1.05	0.95				
	318	2	181.56453652421055	37.076241692631584	0.0	0.0	3	1.04716421923036	-2.952165369934358	230.0	37	1.05	0.95				
	319	1	98.68823156421053	20.173837391578946	0.0	0.0	3	1.031235349554277	-4.321389312023648	230.0	35	1.05	0.95				
	320	1	69.79057259789474	14.176210058947369	0.0	0.0	3	1.0268721209492557	-3.4866975809408096	230.0	35	1.05	0.95				
	321	2	0.0	0.0	0.0	0.0	3	1.0495525379047088	-2.000119436189688	230.0	37	1.05	0.95				
	322	2	0.0	0.0	0.0	0.0	3	1.05	2.0511790021863336	230.0	37	1.05	0.95				
	323	2	0.0	0.0	0.0	0.0	3	1.0258238033948088	-2.605973535032464	230.0	35	1.05	0.95				
	324	1	0.0	0.0	0.0	0.0	3	1.0472779630254312	-0.592519462251215	230.0	36	1.05	0.95				
	325	1	0.0	0.0	0.0	0.0	3	1.0237726322667628	-1.3968742533407068	230.0	35	1.05	0.95				
];
