%% MATPOWER Case Format : Version 2
function mpc = RTS_GMLC
mpc.version = '2';

%%-----  Power Flow Data  -----%%
%% system MVA base
mpc.baseMVA = 100.0;
%% bus data
%    bus_i    type    Pd    Qd    Gs    Bs    area    Vm    Va    baseKV    zone    Vmax    Vmin
mpc.bus = [
	101	2	50.32607619789474	10.251608114385965	0.0	0.0	1	1.0336816767709567	2.2813902445767638	138.0	11	1.05	0.95				
	102	2	45.200272140701756	9.319643740350877	0.0	0.0	1	1.033262580017888	2.138495080428497	138.0	12	1.05	0.95				
	103	1	83.87679366315788	17.241340919649122	0.0	0.0	1	1.0272314659436563	0.31426424189519797	138.0	11	1.05	0.95				
	104	1	34.482681839298245	6.9897328052631575	0.0	0.0	1	1.020831738811939	-1.1203744250007819	138.0	11	1.05	0.95				
	105	1	33.08473527824562	6.523750618245614	0.0	0.0	1	1.0354178607215956	-0.9178984337175632	138.0	11	1.05	0.95				
	106	1	63.373577434385965	13.047501236491229	0.0	-100.0	1	1.0443435212314771	-3.181565527773445	138.0	12	1.05	0.95				
	107	2	58.24777337719298	11.649554675438596	0.0	0.0	1	1.0120651561256182	-6.0865694501602405	138.0	12	1.05	0.95				
	108	1	79.68295398	16.309376545614036	0.0	0.0	1	1.011026561364157	-5.949146546328382	138.0	12	1.05	0.95				
	109	1	81.54688272807017	16.775358732631577	0.0	0.0	1	1.0250764405566424	-1.900900364471909	138.0	13	1.05	0.95				
	110	1	90.86652646842104	18.639287480701753	0.0	0.0	1	1.05	-2.693850519642905	138.0	13	1.05	0.95				
	111	1	0.0	0.0	0.0	0.0	1	1.0044131857507064	-0.21546189666165755	230.0	13	1.05	0.95				
	112	1	0.0	0.0	0.0	0.0	1	1.0096411672243442	0.29685779089891934	230.0	13	1.05	0.95				
	113	3	123.48527955964911	25.16303809894737	0.0	0.0	1	0.9975976579102418	3.4514104695069516e-29	230.0	14	1.05	0.95				
	114	2	90.40054428140351	18.173305293684212	0.0	0.0	1	1.0008139979055535	1.8024407885784557	230.0	16	1.05	0.95				
	115	2	147.7163532845614	29.822859969122806	0.0	0.0	1	1.0375006150502641	7.6986788507202135	230.0	16	1.05	0.95				
	116	2	46.598218701754384	9.319643740350877	0.0	0.0	1	1.0338316595442367	7.360727656182936	230.0	16	1.05	0.95				
	117	1	0.0	0.0	0.0	0.0	1	1.0408942862681598	9.17323051525823	230.0	17	1.05	0.95				
	118	2	155.1720682768421	31.686788717192982	0.0	0.0	1	1.0430466623069445	9.150854320420866	230.0	17	1.05	0.95				
	119	1	84.34277585017544	17.241340919649122	0.0	0.0	1	1.0284592527255976	6.459999835893674	230.0	15	1.05	0.95				
	120	1	59.64571993824561	12.11553686245614	0.0	0.0	1	1.0271714332480366	6.577835414095296	230.0	15	1.05	0.95				
	121	2	0.0	0.0	0.0	0.0	1	1.0469098172303093	10.195150507714457	230.0	17	1.05	0.95				
	122	2	0.0	0.0	0.0	0.0	1	1.05	16.665443041422396	230.0	17	1.05	0.95				
	123	2	0.0	0.0	0.0	0.0	1	1.0272152576631048	7.0007560345328965	230.0	15	1.05	0.95				
	124	1	0.0	0.0	0.0	0.0	1	1.0240895304358355	4.93778611971212	230.0	16	1.05	0.95				
	201	2	56.60947584	11.531559893333334	0.0	0.0	2	1.0312351819637318	-8.542111516308555	138.0	21	1.05	0.95				
	202	2	50.84369589333333	10.483236266666667	0.0	0.0	2	1.0316454384171378	-8.538495300147403	138.0	22	1.05	0.95				
	203	1	94.3491264	19.393987093333333	0.0	0.0	2	1.0201837045014785	-7.328680629567853	138.0	21	1.05	0.95				
	204	1	38.787974186666666	7.862427199999999	0.0	0.0	2	1.0184588670341255	-10.697475850501121	138.0	21	1.05	0.95				
	205	1	37.215488746666665	7.338265386666667	0.0	0.0	2	1.0339217919547374	-10.92458822779662	138.0	21	1.05	0.95				
	206	1	71.28600661333334	14.676530773333335	0.0	-100.0	2	1.0428144841978835	-12.752653306985687	138.0	22	1.05	0.95				
	207	2	65.52022666666667	13.104045333333334	0.0	0.0	2	0.9893128698290174	-20.61889324184765	138.0	22	1.05	0.95				
	208	1	89.63167008	18.345663466666664	0.0	0.0	2	0.9926278493953643	-18.162197562326874	138.0	22	1.05	0.95				
	209	1	91.72831733333334	18.86982528	0.0	0.0	2	1.023316561572228	-10.330740999431304	138.0	23	1.05	0.95				
	210	1	102.2115536	20.966472533333334	0.0	0.0	2	1.05	-11.678521000246764	138.0	23	1.05	0.95				
	211	1	0.0	0.0	0.0	0.0	2	1.010538437221187	-7.308087455558237	230.0	23	1.05	0.95				
	212	1	0.0	0.0	0.0	0.0	2	1.0115255842215456	-6.612086697026916	230.0	23	1.05	0.95				
	213	2	138.90288053333333	28.30473792	0.0	0.0	2	1.0073672991138891	-6.2558923056792395	230.0	24	1.05	0.95				
	214	2	101.68739178666667	20.442310720000002	0.0	0.0	2	1.0157847684055417	-4.475543204144253	230.0	26	1.05	0.95				
	215	2	166.15929482666667	33.546356053333334	0.0	0.0	2	1.031257019791714	2.7900168809688446	230.0	26	1.05	0.95				
	216	2	52.416181333333334	10.483236266666667	0.0	0.0	2	1.0335513490689554	2.7175537123797326	230.0	26	1.05	0.95				
	217	1	0.0	0.0	0.0	0.0	2	1.0378544650118764	5.685720098170832	230.0	27	1.05	0.95				
	218	2	174.54588384000002	35.64300330666667	0.0	0.0	2	1.039578914569623	6.170041651197137	230.0	27	1.05	0.95				
	219	1	94.87328821333334	19.393987093333333	0.0	0.0	2	1.0325136539333652	1.9105745332830062	230.0	25	1.05	0.95				
	220	1	67.09271210666667	13.628207146666668	0.0	0.0	2	1.035617327624398	2.2166183032907583	230.0	25	1.05	0.95				
	221	2	0.0	0.0	0.0	0.0	2	1.0392672868306243	5.801096891525606	230.0	27	1.05	0.95				
	222	2	0.0	0.0	0.0	0.0	2	1.05	12.25722379582029	230.0	27	1.05	0.95				
	223	2	0.0	0.0	0.0	0.0	2	1.0383681569324181	2.7765661410924425	230.0	25	1.05	0.95				
	224	1	0.0	0.0	0.0	0.0	2	1.0145902378764362	-0.9971728992675487	230.0	26	1.05	0.95				
	301	2	44.911736791578946	9.148687124210527	0.0	0.0	3	1.0071620013880196	-17.238407543872974	138.0	31	1.05	0.95				
	302	2	40.33739322947368	8.316988294736843	0.0	0.0	3	1.0070726774023948	-17.345826514853236	138.0	32	1.05	0.95				
	303	1	74.85289465263159	15.386428345263159	0.0	0.0	3	1.0225993077617725	-12.132624468234264	138.0	31	1.05	0.95				
	304	1	30.772856690526318	6.237741221052631	0.0	0.0	3	1.0102372848843852	-15.979513512317183	138.0	31	1.05	0.95				
	305	1	29.52530844631579	5.82189180631579	0.0	0.0	3	1.0231965902303646	-16.661696307202828	138.0	31	1.05	0.95				
	306	1	56.55552040421053	11.64378361263158	0.0	-100.0	3	1.040583394304704	-16.84233315731934	138.0	32	1.05	0.95				
	307	2	51.981176842105256	10.396235368421053	0.0	0.0	3	0.9937039715376683	-21.36945273830702	138.0	32	1.05	0.95				
	308	1	71.11024992	14.554729515789472	0.0	0.0	3	1.0003672097118297	-19.50795451948846	138.0	32	1.05	0.95				
	309	1	72.77364757894738	14.970578930526315	0.0	0.0	3	1.025692895959613	-13.156203773267153	138.0	33	1.05	0.95				
	310	1	81.09063587368422	16.633976589473686	0.0	0.0	3	1.05	-14.746043280673655	138.0	33	1.05	0.95				
	311	1	0.0	0.0	0.0	0.0	3	1.0078280359601084	-9.08263895395944	230.0	33	1.05	0.95				
	312	1	0.0	0.0	0.0	0.0	3	1.0105934575617017	-8.72730606202673	230.0	33	1.05	0.95				
	313	2	110.20009490526314	22.455868395789473	0.0	0.0	3	1.0101176631063393	-5.693103827841598	230.0	34	1.05	0.95				
	314	2	80.67478645894737	16.218127174736843	0.0	0.0	3	1.0089899321796896	-7.083463629341814	230.0	36	1.05	0.95				
	315	2	131.82426447157894	26.614362543157892	0.0	0.0	3	1.0354835596395342	-2.236632592297533	230.0	36	1.05	0.95				
	316	2	41.58494147368421	8.316988294736843	0.0	0.0	3	1.0336829183711616	-1.8027565984798708	230.0	36	1.05	0.95				
	317	1	0.0	0.0	0.0	0.0	3	1.0392167996317185	-0.22884013826869534	230.0	37	1.05	0.95				
	318	2	138.47785510736844	28.277760202105267	0.0	0.0	3	1.0393770179619972	-0.0921244209742813	230.0	37	1.05	0.95				
	319	1	75.26874406736842	15.386428345263159	0.0	0.0	3	1.028458379205002	-2.837071719326901	230.0	35	1.05	0.95				
	320	1	53.228725086315784	10.812084783157895	0.0	0.0	3	1.026763531764676	-2.9318259743165505	230.0	35	1.05	0.95				
	321	2	0.0	0.0	0.0	0.0	3	1.041888111591346	0.6301333098868218	230.0	37	1.05	0.95				
	322	2	0.0	0.0	0.0	0.0	3	1.05	4.61219092438816	230.0	37	1.05	0.95				
	323	2	0.0	0.0	0.0	0.0	3	1.026310643813212	-2.6629112545157287	230.0	35	1.05	0.95				
	324	1	0.0	0.0	0.0	0.0	3	1.0183546776412462	-5.933477483673219	230.0	36	1.05	0.95				
	325	1	0.0	0.0	0.0	0.0	3	1.024668594852484	-1.5733462859030376	230.0	35	1.05	0.95				
];
