%% MATPOWER Case Format : Version 2
function mpc = RTS_GMLC
mpc.version = '2';

%%-----  Power Flow Data  -----%%
%% system MVA base
mpc.baseMVA = 100.0;
%% bus data
%    bus_i    type    Pd    Qd    Gs    Bs    area    Vm    Va    baseKV    zone    Vmax    Vmin
mpc.bus = [
	101	2	77.48639287578948	15.784265215438598	0.0	0.0	1	1.0333341244006584	-0.602332424462811	138.0	11	1.05	0.95				
	102	2	69.59426026807017	14.349332014035088	0.0	0.0	1	1.0332612521263733	-0.687603753215253	138.0	12	1.05	0.95				
	103	1	129.1439881263158	26.54626422596491	0.0	0.0	1	1.024305009221685	-0.8700483150899258	138.0	11	1.05	0.95				
	104	1	53.09252845192982	10.761999010526315	0.0	0.0	1	1.019130236654134	-3.463842339626632	138.0	11	1.05	0.95				
	105	1	50.94012864982456	10.044532409824562	0.0	0.0	1	1.0318697485353359	-3.9341487844424528	138.0	11	1.05	0.95				
	106	1	97.5754576954386	20.089064819649124	0.0	-100.0	1	1.037057777183399	-6.454769734137076	138.0	12	1.05	0.95				
	107	2	89.6833250877193	17.93666501754386	0.0	0.0	1	1.05	-3.6575567714399204	138.0	12	1.05	0.95				
	108	1	122.68678872000001	25.1113310245614	0.0	0.0	1	1.0266907167641903	-6.130389004756961	138.0	12	1.05	0.95				
	109	1	125.55665512280703	25.828797625263157	0.0	0.0	1	1.0271183606997834	-3.5279491017184506	138.0	13	1.05	0.95				
	110	1	139.9059871368421	28.698664028070176	0.0	0.0	1	1.05	-5.050270480066735	138.0	13	1.05	0.95				
	111	1	0.0	0.0	0.0	0.0	1	1.0126751224785517	-1.0896559452481582	230.0	13	1.05	0.95				
	112	1	0.0	0.0	0.0	0.0	1	1.0158256520855828	-0.4726782048048956	230.0	13	1.05	0.95				
	113	3	190.12864918596492	38.74319643789474	0.0	0.0	1	1.0121711741376762	-2.7738551699913974e-29	230.0	14	1.05	0.95				
	114	2	139.18852053614035	27.98119742736842	0.0	0.0	1	1.0141354364002964	1.219323204992671	230.0	16	1.05	0.95				
	115	2	227.43691242245615	45.91786244491228	0.0	0.0	1	1.0448296532125567	9.420420500079322	230.0	16	1.05	0.95				
	116	2	71.74666007017544	14.349332014035088	0.0	0.0	1	1.042835782643602	8.778822357068458	230.0	16	1.05	0.95				
	117	1	0.0	0.0	0.0	0.0	1	1.0471277336534546	12.134624370119601	230.0	17	1.05	0.95				
	118	2	238.91637803368423	48.7877288477193	0.0	0.0	1	1.049771945996964	12.9677118238735	230.0	17	1.05	0.95				
	119	1	129.86145472701756	26.54626422596491	0.0	0.0	1	1.0365972756131836	7.233643690434873	230.0	15	1.05	0.95				
	120	1	91.83572488982456	18.654131618245614	0.0	0.0	1	1.0370431580448352	6.9681926638099325	230.0	15	1.05	0.95				
	121	2	0.0	0.0	0.0	0.0	1	1.05	13.515198792713418	230.0	17	1.05	0.95				
	122	2	0.0	0.0	0.0	0.0	1	1.05	19.4851117705736	230.0	17	1.05	0.95				
	123	2	0.0	0.0	0.0	0.0	1	1.0391244745020949	7.355490767695939	230.0	15	1.05	0.95				
	124	1	0.0	0.0	0.0	0.0	1	1.0242554552237857	5.604114180491612	230.0	16	1.05	0.95				
	201	2	86.30820083368421	17.581300169824562	0.0	0.0	2	1.034062526645668	-12.39464150070275	138.0	21	1.05	0.95				
	202	2	77.51755074877192	15.983000154385966	0.0	0.0	2	1.0367401937173135	-12.52041539868766	138.0	22	1.05	0.95				
	203	1	143.8470013894737	29.56855028561403	0.0	0.0	2	1.0245607824647465	-8.764710485237815	138.0	21	1.05	0.95				
	204	1	59.13710057122806	11.987250115789474	0.0	0.0	2	1.0171561286256894	-13.856217123543852	138.0	21	1.05	0.95				
	205	1	56.73965054807017	11.188100108070175	0.0	0.0	2	1.0317550497980357	-14.336614705264614	138.0	21	1.05	0.95				
	206	1	108.68440104982457	22.37620021614035	0.0	-100.0	2	1.0362589901544068	-16.175025598369068	138.0	22	1.05	0.95				
	207	2	99.89375096491227	19.978750192982456	0.0	0.0	2	0.95	-27.803569572430554	138.0	22	1.05	0.95				
	208	1	136.65465132	27.970250270175434	0.0	0.0	2	0.956464208999888	-23.88903413864215	138.0	22	1.05	0.95				
	209	1	139.8512513508772	28.769400277894736	0.0	0.0	2	1.0267455640258516	-11.716175755862235	138.0	23	1.05	0.95				
	210	1	155.83425150526315	31.96600030877193	0.0	0.0	2	1.05	-13.782134873607813	138.0	23	1.05	0.95				
	211	1	0.0	0.0	0.0	0.0	2	1.0340661922435679	-7.575075581085025	230.0	23	1.05	0.95				
	212	1	0.0	0.0	0.0	0.0	2	1.0294822590679475	-3.3868726710866515	230.0	23	1.05	0.95				
	213	2	211.77475204561404	43.154100416842105	0.0	0.0	2	1.05	-4.5217948656818505	230.0	24	1.05	0.95				
	214	2	155.03510149754385	31.166850301052634	0.0	0.0	2	1.05	-5.3114437562220305	230.0	26	1.05	0.95				
	215	2	253.3305524470175	51.145600494035094	0.0	0.0	2	1.0439015774868368	2.858227680147105	230.0	26	1.05	0.95				
	216	2	79.91500077192983	15.983000154385966	0.0	0.0	2	1.0487453317474589	2.828985371206418	230.0	26	1.05	0.95				
	217	1	0.0	0.0	0.0	0.0	2	1.0488177808169927	6.157218280662321	230.0	27	1.05	0.95				
	218	2	266.1169525705263	54.342200524912286	0.0	0.0	2	1.0499999989858644	6.7984851280473935	230.0	27	1.05	0.95				
	219	1	144.646151397193	29.56855028561403	0.0	0.0	2	1.0434749585835206	2.222120680961682	230.0	25	1.05	0.95				
	220	1	102.29120098807019	20.777900200701755	0.0	0.0	2	1.0460356998805125	3.1872573278150855	230.0	25	1.05	0.95				
	221	2	0.0	0.0	0.0	0.0	2	1.05	7.211954004550472	230.0	27	1.05	0.95				
	222	2	0.0	0.0	0.0	0.0	2	1.05	13.310024774383633	230.0	27	1.05	0.95				
	223	2	0.0	0.0	0.0	0.0	2	1.05	4.296415187807111	230.0	25	1.05	0.95				
	224	1	0.0	0.0	0.0	0.0	2	1.0220885809815552	-1.4606446939058402	230.0	26	1.05	0.95				
	301	2	82.35811451368421	16.77665295649123	0.0	0.0	3	0.9772670698273319	-16.956985104933167	138.0	31	1.05	0.95				
	302	2	73.9697880354386	15.251502687719299	0.0	0.0	3	0.9778122668808513	-17.134279522622258	138.0	32	1.05	0.95				
	303	1	137.26352418947369	28.215279972280698	0.0	0.0	3	0.9934294907989324	-10.197207940693009	138.0	31	1.05	0.95				
	304	1	56.430559944561395	11.438627015789473	0.0	0.0	3	0.970311088353214	-14.438838284881898	138.0	31	1.05	0.95				
	305	1	54.14283454140351	10.67605188140351	0.0	0.0	3	0.9832497606754027	-14.850348533780496	138.0	31	1.05	0.95				
	306	1	103.71021827649123	21.35210376280702	0.0	-100.0	3	0.9936915535648324	-14.5446099616253	138.0	32	1.05	0.95				
	307	2	95.32189179824562	19.064378359649123	0.0	0.0	3	0.95	-20.71306142691742	138.0	32	1.05	0.95				
	308	1	130.40034798	26.69012970350877	0.0	0.0	3	0.9524528226649916	-17.410375928277702	138.0	32	1.05	0.95				
	309	1	133.45064851754387	27.452704837894736	0.0	0.0	3	0.9945024835089931	-8.912996112646317	138.0	33	1.05	0.95				
	310	1	148.70215120526316	30.503005375438597	0.0	0.0	3	1.0138667876429721	-10.115474819459102	138.0	33	1.05	0.95				
	311	1	0.0	0.0	0.0	0.0	3	0.9923919921465655	-1.2358385925178503	230.0	33	1.05	0.95				
	312	1	0.0	0.0	0.0	0.0	3	0.9937412584010334	-0.07284700335657587	230.0	33	1.05	0.95				
	313	2	202.0824106122807	41.17905725684211	0.0	0.0	3	1.019888806681793	6.524616016155	230.0	34	1.05	0.95				
	314	2	147.9395760708772	29.740430241052636	0.0	0.0	3	1.0075208301604637	-0.10318246225514732	230.0	36	1.05	0.95				
	315	2	241.73631760035084	48.804808600701755	0.0	0.0	3	1.043180767345798	0.04503773625960688	230.0	36	1.05	0.95				
	316	2	76.25751343859649	15.251502687719299	0.0	0.0	3	1.0391377493079565	1.1407263856881689	230.0	36	1.05	0.95				
	317	1	0.0	0.0	0.0	0.0	3	1.0438695659842157	1.8447420133142012	230.0	37	1.05	0.95				
	318	2	253.93751975052635	51.855109138245616	0.0	0.0	3	1.0441071062245835	1.5185454399818652	230.0	37	1.05	0.95				
	319	1	138.02609932385965	28.215279972280698	0.0	0.0	3	1.0322444178278252	2.1531732551613296	230.0	35	1.05	0.95				
	320	1	97.60961720140351	19.826953494035088	0.0	0.0	3	1.0310744468428994	3.5531622552257414	230.0	35	1.05	0.95				
	321	2	0.0	0.0	0.0	0.0	3	1.0477603149902202	2.599859506044753	230.0	37	1.05	0.95				
	322	2	0.0	0.0	0.0	0.0	3	1.05	7.203839470361865	230.0	37	1.05	0.95				
	323	2	0.0	0.0	0.0	0.0	3	1.0314167498887452	4.289389614383715	230.0	35	1.05	0.95				
	324	1	0.0	0.0	0.0	0.0	3	1.0141963704367685	-1.8311450843330896	230.0	36	1.05	0.95				
	325	1	0.0	0.0	0.0	0.0	3	1.0311986683594176	5.076327109003884	230.0	35	1.05	0.95				
];
