%% MATPOWER Case Format : Version 2
function mpc = RTS_GMLC
mpc.version = '2';

%%-----  Power Flow Data  -----%%
%% system MVA base
mpc.baseMVA = 100.0;
%% bus data
%    bus_i    type    Pd    Qd    Gs    Bs    area    Vm    Va    baseKV    zone    Vmax    Vmin
mpc.bus = [
	101	2	77.5131123031579	15.789708061754384	0.0	0.0	1	1.036501440914897	-1.3938397668848186	138.0	11	1.05	0.95				
	102	2	69.6182582722807	14.35428005614035	0.0	0.0	1	1.0365022855280326	-1.4952295047026007	138.0	12	1.05	0.95				
	103	1	129.18852050526314	26.555418103859648	0.0	0.0	1	1.0170847755319776	-0.3942356257373791	138.0	11	1.05	0.95				
	104	1	53.110836207719295	10.765710042105262	0.0	0.0	1	1.0171504576226744	-4.441852337340615	138.0	11	1.05	0.95				
	105	1	50.957694199298246	10.047996039298246	0.0	0.0	1	1.0335785965197017	-4.5956673175432625	138.0	11	1.05	0.95				
	106	1	97.60910438175439	20.095992078596492	0.0	-100.0	1	1.0379449099541642	-7.053155459152493	138.0	12	1.05	0.95				
	107	2	89.7142503508772	17.942850070175435	0.0	0.0	1	1.0316040166807816	-7.854571204568445	138.0	12	1.05	0.95				
	108	1	122.72909447999997	25.11999009824561	0.0	0.0	1	1.0149072787193658	-8.798782666023248	138.0	12	1.05	0.95				
	109	1	125.59995049122806	25.837704101052626	0.0	0.0	1	1.024298651657163	-3.9571944538945516	138.0	13	1.05	0.95				
	110	1	139.9542305473684	28.7085601122807	0.0	0.0	1	1.05	-5.59214140182141	138.0	13	1.05	0.95				
	111	1	0.0	0.0	0.0	0.0	1	1.0136848471459827	-0.660837226369851	230.0	13	1.05	0.95				
	112	1	0.0	0.0	0.0	0.0	1	1.015245012426072	-0.7118739424559667	230.0	13	1.05	0.95				
	113	3	190.19421074385963	38.75655615157895	0.0	0.0	1	1.0147145626884386	-4.241731372743446e-29	230.0	14	1.05	0.95				
	114	2	139.2365165445614	27.990846109473683	0.0	0.0	1	1.019772657211361	2.896411544367075	230.0	16	1.05	0.95				
	115	2	227.5153388898245	45.93369617964912	0.0	0.0	1	1.0381090712863934	13.627024741317122	230.0	16	1.05	0.95				
	116	2	71.77140028070174	14.35428005614035	0.0	0.0	1	1.0357147920664713	12.346607789683013	230.0	16	1.05	0.95				
	117	1	0.0	0.0	0.0	0.0	1	1.039150910364353	17.581938825891758	230.0	17	1.05	0.95				
	118	2	238.99876293473682	48.804552190877196	0.0	0.0	1	1.0489444488558588	17.776677839102298	230.0	17	1.05	0.95				
	119	1	129.90623450807018	26.555418103859648	0.0	0.0	1	1.0295944887954633	9.017804411930783	230.0	15	1.05	0.95				
	120	1	91.86739235929824	18.660564072982456	0.0	0.0	1	1.032537226267724	7.496474913938354	230.0	15	1.05	0.95				
	121	2	0.0	0.0	0.0	0.0	1	1.05	19.65990960814086	230.0	17	1.05	0.95				
	122	2	0.0	0.0	0.0	0.0	1	1.05	37.44254318788413	230.0	17	1.05	0.95				
	123	2	0.0	0.0	0.0	0.0	1	1.036060926621986	7.200066845767451	230.0	15	1.05	0.95				
	124	1	0.0	0.0	0.0	0.0	1	1.0123995735842082	8.421559253954555	230.0	16	1.05	0.95				
	201	2	73.79631670736842	15.032583032982458	0.0	0.0	2	1.034810827292873	-16.257859312181186	138.0	21	1.05	0.95				
	202	2	66.28002519087718	13.665984575438598	0.0	0.0	2	1.0351024147652366	-16.36804394891958	138.0	22	1.05	0.95				
	203	1	122.99386117894737	25.2820714645614	0.0	0.0	2	1.0213919521074861	-12.67416886286842	138.0	21	1.05	0.95				
	204	1	50.5641429291228	10.249488431578948	0.0	0.0	2	1.0171916613807492	-18.24862836233264	138.0	21	1.05	0.95				
	205	1	48.514245242807014	9.566189202807019	0.0	0.0	2	1.0335886409259998	-18.691614381352114	138.0	21	1.05	0.95				
	206	1	92.92869511298247	19.132378405614038	0.0	-100.0	2	1.0390753458784125	-20.703703525695566	138.0	22	1.05	0.95				
	207	2	85.41240359649123	17.082480719298246	0.0	0.0	2	0.9737424490071321	-30.907060662443687	138.0	22	1.05	0.95				
	208	1	116.84416812	23.915473007017543	0.0	0.0	2	0.9758388943600944	-27.55396493015917	138.0	22	1.05	0.95				
	209	1	119.57736503508771	24.598772235789472	0.0	0.0	2	1.0238459207233903	-17.016792285846762	138.0	23	1.05	0.95				
	210	1	133.2433496105263	27.331969150877196	0.0	0.0	2	1.05	-19.00732280649847	138.0	23	1.05	0.95				
	211	1	0.0	0.0	0.0	0.0	2	1.0236929440809492	-13.064136648928223	230.0	23	1.05	0.95				
	212	1	0.0	0.0	0.0	0.0	2	1.0181427731955677	-11.828986099580515	230.0	23	1.05	0.95				
	213	2	181.07429562456142	36.89815835368421	0.0	0.0	2	1.0323945830413792	-11.39286067175973	230.0	24	1.05	0.95				
	214	2	132.56005038175437	26.648669922105267	0.0	0.0	2	1.0361603001941253	-9.697323668326812	230.0	26	1.05	0.95				
	215	2	216.60585552070177	43.73115064140351	0.0	0.0	2	1.0397331874057236	-0.5992555022435906	230.0	26	1.05	0.95				
	216	2	68.32992287719298	13.665984575438598	0.0	0.0	2	1.042234459409027	-0.7091694813713149	230.0	26	1.05	0.95				
	217	1	0.0	0.0	0.0	0.0	2	1.0435492389674685	2.630923132403745	230.0	27	1.05	0.95				
	218	2	227.53864318105266	46.464347556491234	0.0	0.0	2	1.0445177796477463	2.7432552173692692	230.0	27	1.05	0.95				
	219	1	123.6771604077193	25.2820714645614	0.0	0.0	2	1.040832672147906	-0.9405345609334433	230.0	25	1.05	0.95				
	220	1	87.46230128280702	17.765779948070175	0.0	0.0	2	1.045419431005825	0.14326936076623722	230.0	25	1.05	0.95				
	221	2	0.0	0.0	0.0	0.0	2	1.0446349261323644	2.39800539634753	230.0	27	1.05	0.95				
	222	2	0.0	0.0	0.0	0.0	2	1.05	8.996507772116857	230.0	27	1.05	0.95				
	223	2	0.0	0.0	0.0	0.0	2	1.05	1.2327162810625303	230.0	25	1.05	0.95				
	224	1	0.0	0.0	0.0	0.0	2	1.0177495583206637	-5.090882568337587	230.0	26	1.05	0.95				
	301	2	58.54413160421053	11.925656437894737	0.0	0.0	3	1.0377885159924047	7.327870053995057	138.0	31	1.05	0.95				
	302	2	52.581303385263155	10.84150585263158	0.0	0.0	3	1.0327575259417014	6.994853649709268	138.0	32	1.05	0.95				
	303	1	97.57355267368422	20.05678582736842	0.0	0.0	3	1.05	23.945736652804023	138.0	31	1.05	0.95				
	304	1	40.11357165473684	8.131129389473683	0.0	0.0	3	1.0130474534088396	8.888647368327138	138.0	31	1.05	0.95				
	305	1	38.487345776842105	7.589054096842106	0.0	0.0	3	1.0342576125124974	6.135237783968199	138.0	31	1.05	0.95				
	306	1	73.72223979789474	15.178108193684212	0.0	-100.0	3	1.038200574371441	4.841819548963781	138.0	32	1.05	0.95				
	307	2	67.75941157894736	13.551882315789474	0.0	0.0	3	0.95	7.9042335136973545	138.0	32	1.05	0.95				
	308	1	92.69487504	18.972635242105262	0.0	0.0	3	0.9687525616477789	6.794519414268928	138.0	32	1.05	0.95				
	309	1	94.86317621052632	19.51471053473684	0.0	0.0	3	1.0154027773823542	12.717519724760189	138.0	33	1.05	0.95				
	310	1	105.70468206315789	21.68301170526316	0.0	0.0	3	1.0436976847137929	6.643040853317995	138.0	33	1.05	0.95				
	311	1	0.0	0.0	0.0	0.0	3	1.0034147737448529	10.5961451591032	230.0	33	1.05	0.95				
	312	1	0.0	0.0	0.0	0.0	3	1.0087518960893955	11.327684195713033	230.0	33	1.05	0.95				
	313	2	143.6499525473684	29.272065802105264	0.0	0.0	3	1.0048819936565516	12.788126257499906	230.0	34	1.05	0.95				
	314	2	105.16260677052631	21.140936412631582	0.0	0.0	3	0.9986912756807796	9.69522685353412	230.0	36	1.05	0.95				
	315	2	171.83786776421053	34.69281872842105	0.0	0.0	3	1.048916129529981	12.12360460065721	230.0	36	1.05	0.95				
	316	2	54.207529263157895	10.84150585263158	0.0	0.0	3	1.0359407012636275	11.725327584442264	230.0	36	1.05	0.95				
	317	1	0.0	0.0	0.0	0.0	3	1.05	14.72863714609727	230.0	37	1.05	0.95				
	318	2	180.51107244631578	36.86111989894737	0.0	0.0	3	1.048828819110346	12.42899653689758	230.0	37	1.05	0.95				
	319	1	98.11562796631578	20.05678582736842	0.0	0.0	3	1.0248808143330275	11.130495882321407	230.0	35	1.05	0.95				
	320	1	69.3856374568421	14.093957608421054	0.0	0.0	3	1.0195171364409854	11.666438941996278	230.0	35	1.05	0.95				
	321	2	0.0	0.0	0.0	0.0	3	1.05	12.940213647869786	230.0	37	1.05	0.95				
	322	2	0.0	0.0	0.0	0.0	3	1.05	17.99027192966349	230.0	37	1.05	0.95				
	323	2	0.0	0.0	0.0	0.0	3	1.0178218482300063	12.386379823839254	230.0	35	1.05	0.95				
	324	1	0.0	0.0	0.0	0.0	3	1.0455556608924186	16.63964368307016	230.0	36	1.05	0.95				
	325	1	0.0	0.0	0.0	0.0	3	1.0194661197727706	13.025413946588511	230.0	35	1.05	0.95				
];
