%% MATPOWER Case Format : Version 2
function mpc = RTS_GMLC
mpc.version = '2';

%%-----  Power Flow Data  -----%%
%% system MVA base
mpc.baseMVA = 100.0;
%% bus data
%    bus_i    type    Pd    Qd    Gs    Bs    area    Vm    Va    baseKV    zone    Vmax    Vmin
mpc.bus = [
	101	2	65.47600197473685	13.337704105964912	0.0	0.0	1	1.0465547538609175	0.7477478550188194	138.0	11	1.05	0.95				
	102	2	58.80714992175439	12.125185550877193	0.0	0.0	1	1.045462640467455	0.3985168264962288	138.0	12	1.05	0.95				
	103	1	109.12666995789475	22.431593269122807	0.0	0.0	1	1.029054767583399	-1.1963701047764077	138.0	11	1.05	0.95				
	104	1	44.863186538245614	9.093889163157895	0.0	0.0	1	1.0261251247869672	-3.0200537198126467	138.0	11	1.05	0.95				
	105	1	43.04440870561403	8.487629885614036	0.0	0.0	1	1.0394690133083102	-3.286542392665917	138.0	11	1.05	0.95				
	106	1	82.45126174596493	16.97525977122807	0.0	-100.0	1	1.0427611396860073	-6.1833379228104	138.0	12	1.05	0.95				
	107	2	75.78240969298245	15.156481938596492	0.0	0.0	1	1.000300263406447	-14.078814921819184	138.0	12	1.05	0.95				
	108	1	103.67033645999999	21.219074714035088	0.0	0.0	1	0.9973600167208093	-12.096190795297892	138.0	12	1.05	0.95				
	109	1	106.09537357017544	21.825333991578947	0.0	0.0	1	1.0254735871477938	-4.352077397143299	138.0	13	1.05	0.95				
	110	1	118.22055912105263	24.250371101754386	0.0	0.0	1	1.05	-5.531950949752756	138.0	13	1.05	0.95				
	111	1	0.0	0.0	0.0	0.0	1	1.0103878143680507	-1.669252236732239	230.0	13	1.05	0.95				
	112	1	0.0	0.0	0.0	0.0	1	1.0138882376750942	-1.2589537286216375	230.0	13	1.05	0.95				
	113	3	160.65870854912282	32.73800098736842	0.0	0.0	1	1.0096787967332943	1.1809761196856878e-29	230.0	14	1.05	0.95				
	114	2	117.61429984350877	23.64411182421053	0.0	0.0	1	1.0106857710315065	0.22002903622971087	230.0	16	1.05	0.95				
	115	2	192.1841909814035	38.80059376280702	0.0	0.0	1	1.0413814756002777	7.334320350378721	230.0	16	1.05	0.95				
	116	2	60.62592775438597	12.125185550877193	0.0	0.0	1	1.0382022069615116	6.522081386290953	230.0	16	1.05	0.95				
	117	1	0.0	0.0	0.0	0.0	1	1.0431214367121389	9.350489746359523	230.0	17	1.05	0.95				
	118	2	201.88433942210526	41.225630872982464	0.0	0.0	1	1.0453682197099547	9.76860238424453	230.0	17	1.05	0.95				
	119	1	109.7329292354386	22.431593269122807	0.0	0.0	1	1.0314610303267795	4.957008379088935	230.0	15	1.05	0.95				
	120	1	77.60118752561404	15.762741216140352	0.0	0.0	1	1.0304035554701356	4.536844983276684	230.0	15	1.05	0.95				
	121	2	0.0	0.0	0.0	0.0	1	1.0481851174699668	11.31748977725549	230.0	17	1.05	0.95				
	122	2	0.0	0.0	0.0	0.0	1	1.05	17.663677979274865	230.0	17	1.05	0.95				
	123	2	0.0	0.0	0.0	0.0	1	1.0311482578478692	4.764360124192578	230.0	15	1.05	0.95				
	124	1	0.0	0.0	0.0	0.0	1	1.02595446987179	4.148425859892822	230.0	16	1.05	0.95				
	201	2	64.00440735157896	13.037934830877196	0.0	0.0	2	1.0306157696265823	-13.005429766281585	138.0	21	1.05	0.95				
	202	2	57.48543993614036	11.852668028070177	0.0	0.0	2	1.031033544408198	-12.985694185980849	138.0	22	1.05	0.95				
	203	1	106.6740122526316	21.92743585192983	0.0	0.0	2	1.016910121475768	-11.962006981753664	138.0	21	1.05	0.95				
	204	1	43.85487170385966	8.889501021052633	0.0	0.0	2	1.017225891298683	-14.812651984884797	138.0	21	1.05	0.95				
	205	1	42.076971499649126	8.296867619649124	0.0	0.0	2	1.0328213607859815	-15.043064896115384	138.0	21	1.05	0.95				
	206	1	80.5981425908772	16.593735239298248	0.0	-100.0	2	1.0408760790460534	-16.734214572105113	138.0	22	1.05	0.95				
	207	2	74.0791751754386	14.815835035087721	0.0	0.0	2	0.9897011094456838	-25.590328637672982	138.0	22	1.05	0.95				
	208	1	101.34031164000001	20.742169049122808	0.0	0.0	2	0.9897771420902498	-22.746913772238706	138.0	22	1.05	0.95				
	209	1	103.71084524561405	21.334802450526315	0.0	0.0	2	1.0239351505994447	-13.89435121666654	138.0	23	1.05	0.95				
	210	1	115.56351327368421	23.705336056140354	0.0	0.0	2	1.05	-15.22895541146772	138.0	23	1.05	0.95				
	211	1	0.0	0.0	0.0	0.0	2	1.0142020627004542	-10.289914120127985	230.0	23	1.05	0.95				
	212	1	0.0	0.0	0.0	0.0	2	1.014131484099026	-8.466565507063086	230.0	23	1.05	0.95				
	213	2	157.04785137192985	32.00220367578948	0.0	0.0	2	1.0144588494603755	-8.588932715972426	230.0	24	1.05	0.95				
	214	2	114.97087987228072	23.112702654736847	0.0	0.0	2	1.021762878231585	-7.494342232336452	230.0	26	1.05	0.95				
	215	2	187.86478824491232	37.928537689824566	0.0	0.0	2	1.0365790834568163	0.47219931430667594	230.0	26	1.05	0.95				
	216	2	59.263340140350884	11.852668028070177	0.0	0.0	2	1.0374190659290394	0.08137630284667279	230.0	26	1.05	0.95				
	217	1	0.0	0.0	0.0	0.0	2	1.040385747334481	2.7467868885502136	230.0	27	1.05	0.95				
	218	2	197.34692266736843	40.2990712954386	0.0	0.0	2	1.0412571676974527	2.9401276793948483	230.0	27	1.05	0.95				
	219	1	107.2666456540351	21.92743585192983	0.0	0.0	2	1.0359743503581298	-0.26004500541196307	230.0	25	1.05	0.95				
	220	1	75.85707537964913	15.40846843649123	0.0	0.0	2	1.039467463752332	0.5711550422602075	230.0	25	1.05	0.95				
	221	2	0.0	0.0	0.0	0.0	2	1.0416833657312055	2.8830288045551806	230.0	27	1.05	0.95				
	222	2	0.0	0.0	0.0	0.0	2	1.05	9.333464884367968	230.0	27	1.05	0.95				
	223	2	0.0	0.0	0.0	0.0	2	1.0429208945752102	1.464552897958344	230.0	25	1.05	0.95				
	224	1	0.0	0.0	0.0	0.0	2	1.0136602263956993	-4.147642339135642	230.0	26	1.05	0.95				
	301	2	56.54539701473684	11.518506799298244	0.0	0.0	3	1.0020028207820657	-1.9004494109562	138.0	31	1.05	0.95				
	302	2	50.78614361508771	10.47136981754386	0.0	0.0	3	1.0016057528616273	-2.005462510512073	138.0	32	1.05	0.95				
	303	1	94.24232835789473	19.37203416245614	0.0	0.0	3	1.024754308355501	3.0550530881347564	138.0	31	1.05	0.95				
	304	1	38.74406832491228	7.853527363157893	0.0	0.0	3	1.0057309989393632	-0.418652973161295	138.0	31	1.05	0.95				
	305	1	37.1733628522807	7.329958872280702	0.0	0.0	3	1.018595598705414	-0.7061794887991767	138.0	31	1.05	0.95				
	306	1	71.20531475929825	14.659917744561405	0.0	-100.0	3	1.0359335076509573	-0.6443853291648143	138.0	32	1.05	0.95				
	307	2	65.44606135964912	13.089212271929823	0.0	0.0	3	0.9929523940068186	-5.024085195195632	138.0	32	1.05	0.95				
	308	1	89.53021193999999	18.32489718070175	0.0	0.0	3	1.0006470924669288	-2.665759521947694	138.0	32	1.05	0.95				
	309	1	91.62448590350876	18.848465671578946	0.0	0.0	3	1.0265430818054448	3.016548002352999	138.0	33	1.05	0.95				
	310	1	102.09585572105262	20.94273963508772	0.0	0.0	3	1.05	2.165483801630505	138.0	33	1.05	0.95				
	311	1	0.0	0.0	0.0	0.0	3	1.0104771565493496	7.598301846061909	230.0	33	1.05	0.95				
	312	1	0.0	0.0	0.0	0.0	3	1.0155347605650011	8.572260911170071	230.0	33	1.05	0.95				
	313	2	138.7456500824561	28.27269850736842	0.0	0.0	3	1.0228879929398622	13.829947333305562	230.0	34	1.05	0.95				
	314	2	101.57228723017542	20.419171144210523	0.0	0.0	3	1.0087960908627223	7.169521123393737	230.0	36	1.05	0.95				
	315	2	165.97121160807015	33.50838341614035	0.0	0.0	3	1.0273398109099	4.295756872419296	230.0	36	1.05	0.95				
	316	2	52.35684908771929	10.47136981754386	0.0	0.0	3	1.0267563042409962	5.249372347271794	230.0	36	1.05	0.95				
	317	1	0.0	0.0	0.0	0.0	3	1.0322721463671611	4.818252697933435	230.0	37	1.05	0.95				
	318	2	174.34830746210525	35.60265737964912	0.0	0.0	3	1.0312888083476297	3.9102248525031404	230.0	37	1.05	0.95				
	319	1	94.76589684877193	19.37203416245614	0.0	0.0	3	1.025578840374014	7.2088913416026115	230.0	35	1.05	0.95				
	320	1	67.0167668322807	13.612780762807017	0.0	0.0	3	1.0261714185691992	8.621084991474138	230.0	35	1.05	0.95				
	321	2	0.0	0.0	0.0	0.0	3	1.0319197076616387	4.598320567657484	230.0	37	1.05	0.95				
	322	2	0.0	0.0	0.0	0.0	3	1.0454181540055463	9.0292611020763	230.0	37	1.05	0.95				
	323	2	0.0	0.0	0.0	0.0	3	1.0267002457830483	9.314582063873633	230.0	35	1.05	0.95				
	324	1	0.0	0.0	0.0	0.0	3	1.0239526074715526	5.470653701519597	230.0	36	1.05	0.95				
	325	1	0.0	0.0	0.0	0.0	3	1.028966353731665	9.496260544825708	230.0	35	1.05	0.95				
];
