%% MATPOWER Case Format : Version 2
function mpc = RTS_GMLC
mpc.version = '2';

%%-----  Power Flow Data  -----%%
%% system MVA base
mpc.baseMVA = 100.0;
%% bus data
%    bus_i    type    Pd    Qd    Gs    Bs    area    Vm    Va    baseKV    zone    Vmax    Vmin
mpc.bus = [
	101	2	56.07075706105263	11.421820882807017	0.0	0.0	1	1.044744379755281	2.0944603440736698	138.0	11	1.05	0.95				
	102	2	50.35984661964912	10.38347352982456	0.0	0.0	1	1.0442225661772528	1.911946763181819	138.0	12	1.05	0.95				
	103	1	93.45126176842105	19.209426030175436	0.0	0.0	1	1.0263405354211435	-0.8427444075293347	138.0	11	1.05	0.95				
	104	1	38.41885206035087	7.787605147368421	0.0	0.0	1	1.0255843074112418	-1.708431292316417	138.0	11	1.05	0.95				
	105	1	36.86133103087719	7.268431470877193	0.0	0.0	1	1.0398806048097575	-1.691403586714099	138.0	11	1.05	0.95				
	106	1	70.60762000280701	14.536862941754386	0.0	-100.0	1	1.0450531808072792	-4.339651883309683	138.0	12	1.05	0.95				
	107	2	64.8967095614035	12.9793419122807	0.0	0.0	1	1.0025331950707232	-10.403713771615543	138.0	12	1.05	0.95				
	108	1	88.77869867999999	18.17107867719298	0.0	0.0	1	1.0025265421069167	-9.12102092968262	138.0	12	1.05	0.95				
	109	1	90.85539338596492	18.69025235368421	0.0	0.0	1	1.024594366704022	-3.1491700383295447	138.0	13	1.05	0.95				
	110	1	101.23886691578947	20.76694705964912	0.0	0.0	1	1.05	-3.945947794521859	138.0	13	1.05	0.95				
	111	1	0.0	0.0	0.0	0.0	1	1.005690635966621	-1.0538400949259275	230.0	13	1.05	0.95				
	112	1	0.0	0.0	0.0	0.0	1	1.0101819881118732	-0.5603222009057887	230.0	13	1.05	0.95				
	113	3	137.58102427017542	28.035378530526316	0.0	0.0	1	1.0010869355561969	-1.3318014290090166e-29	230.0	14	1.05	0.95				
	114	2	100.71969323929824	20.247773383157895	0.0	0.0	1	1.0026848137336581	0.6342166229800912	230.0	16	1.05	0.95				
	115	2	164.5780554477193	33.227115295438594	0.0	0.0	1	1.034678932953208	6.6091800099918245	230.0	16	1.05	0.95				
	116	2	51.9173676491228	10.38347352982456	0.0	0.0	1	1.0313098009267383	6.1186980052471815	230.0	16	1.05	0.95				
	117	1	0.0	0.0	0.0	0.0	1	1.037701792981648	8.163453398007714	230.0	17	1.05	0.95				
	118	2	172.88483427157894	35.303810001403505	0.0	0.0	1	1.0391723157925379	8.280743334960198	230.0	17	1.05	0.95				
	119	1	93.97043544491228	19.209426030175436	0.0	0.0	1	1.0252791745510144	4.96077408843356	230.0	15	1.05	0.95				
	120	1	66.45423059087719	13.498515588771928	0.0	0.0	1	1.024138178424125	4.954276244159358	230.0	15	1.05	0.95				
	121	2	0.0	0.0	0.0	0.0	1	1.0423116439899431	9.580116310905336	230.0	17	1.05	0.95				
	122	2	0.0	0.0	0.0	0.0	1	1.05	15.52797071569238	230.0	17	1.05	0.95				
	123	2	0.0	0.0	0.0	0.0	1	1.0245034201866972	5.350294007735425	230.0	15	1.05	0.95				
	124	1	0.0	0.0	0.0	0.0	1	1.0219511773287684	3.8168131884291547	230.0	16	1.05	0.95				
	201	2	55.13048954526316	11.230284907368421	0.0	0.0	2	1.0323481462889765	-8.908086279434714	138.0	21	1.05	0.95				
	202	2	49.515347091578946	10.209349915789474	0.0	0.0	2	1.0327452441440383	-8.878275419249956	138.0	22	1.05	0.95				
	203	1	91.88414924210527	18.887297344210527	0.0	0.0	2	1.0185081989038733	-8.569052850492985	138.0	21	1.05	0.95				
	204	1	37.774594688421054	7.657012436842105	0.0	0.0	2	1.0191755257823918	-11.010368637290345	138.0	21	1.05	0.95				
	205	1	36.24319220105263	7.146544941052632	0.0	0.0	2	1.034737990940112	-11.1544833721522	138.0	21	1.05	0.95				
	206	1	69.42357942736844	14.293089882105264	0.0	-100.0	2	1.0435419190401285	-12.892771068270616	138.0	22	1.05	0.95				
	207	2	63.80843697368421	12.761687394736843	0.0	0.0	2	0.9905698028985974	-20.588810509722453	138.0	22	1.05	0.95				
	208	1	87.28994178	17.86636235263158	0.0	0.0	2	0.9939596552093127	-18.205500463313694	138.0	22	1.05	0.95				
	209	1	89.3318117631579	18.376829848421053	0.0	0.0	2	1.0232080100075183	-10.679594416692918	138.0	23	1.05	0.95				
	210	1	99.54116167894736	20.418699831578948	0.0	0.0	2	1.05	-11.816550311655543	138.0	23	1.05	0.95				
	211	1	0.0	0.0	0.0	0.0	2	1.0090591225168966	-7.55937634006862	230.0	23	1.05	0.95				
	212	1	0.0	0.0	0.0	0.0	2	1.009716162849317	-6.727124771393958	230.0	23	1.05	0.95				
	213	2	135.27388638421053	27.56524477263158	0.0	0.0	2	1.00505546880682	-6.399569324896615	230.0	24	1.05	0.95				
	214	2	99.03069418315789	19.908232335789474	0.0	0.0	2	1.013524045109679	-4.813821338502557	230.0	26	1.05	0.95				
	215	2	161.81819616526317	32.66991973052632	0.0	0.0	2	1.0304433035371154	2.352909227435476	230.0	26	1.05	0.95				
	216	2	51.04674957894737	10.209349915789474	0.0	0.0	2	1.0312206423824173	2.180774768483417	230.0	26	1.05	0.95				
	217	1	0.0	0.0	0.0	0.0	2	1.035669354981616	4.666088033788081	230.0	27	1.05	0.95				
	218	2	169.98567609789475	34.71178971368422	0.0	0.0	2	1.0369085156583688	5.000061914495557	230.0	27	1.05	0.95				
	219	1	92.39461673789474	18.887297344210527	0.0	0.0	2	1.0291311483713905	1.5601167957471982	230.0	25	1.05	0.95				
	220	1	65.33983946105263	13.272154890526316	0.0	0.0	2	1.031153808617354	2.007832511334278	230.0	25	1.05	0.95				
	221	2	0.0	0.0	0.0	0.0	2	1.0373309246867002	4.881179332023565	230.0	27	1.05	0.95				
	222	2	0.0	0.0	0.0	0.0	2	1.05	11.296076409262831	230.0	27	1.05	0.95				
	223	2	0.0	0.0	0.0	0.0	2	1.0333005395953534	2.6395876625984958	230.0	25	1.05	0.95				
	224	1	0.0	0.0	0.0	0.0	2	1.012477803177044	-1.7327044990247917	230.0	26	1.05	0.95				
	301	2	44.94590317894737	9.155646943859649	0.0	0.0	3	1.007021213825452	-9.896863767570274	138.0	31	1.05	0.95				
	302	2	40.36807970701754	8.323315403508772	0.0	0.0	3	1.0069421001701484	-9.975601805908372	138.0	32	1.05	0.95				
	303	1	74.90983863157895	15.398133496491228	0.0	0.0	3	1.0208910440289303	-5.356268721290874	138.0	31	1.05	0.95				
	304	1	30.796266992982456	6.242486552631578	0.0	0.0	3	1.010473264810349	-8.392714533155978	138.0	31	1.05	0.95				
	305	1	29.54776968245614	5.826320782456141	0.0	0.0	3	1.0230945268860157	-9.26038617743635	138.0	31	1.05	0.95				
	306	1	56.598544743859655	11.652641564912281	0.0	-100.0	3	1.0405370125935252	-9.402915100801224	138.0	32	1.05	0.95				
	307	2	52.02072127192983	10.404144254385965	0.0	0.0	3	0.994805068128945	-13.721254650820955	138.0	32	1.05	0.95				
	308	1	71.16434670000001	14.565801956140351	0.0	0.0	3	1.0012623019012392	-11.858991312736677	138.0	32	1.05	0.95				
	309	1	72.82900978070175	14.981967726315789	0.0	0.0	3	1.0264735438069166	-5.396661973760966	138.0	33	1.05	0.95				
	310	1	81.15232518421053	16.646630807017544	0.0	0.0	3	1.05	-7.284280824252345	138.0	33	1.05	0.95				
	311	1	0.0	0.0	0.0	0.0	3	1.0046460999485607	-2.508574013678694	230.0	33	1.05	0.95				
	312	1	0.0	0.0	0.0	0.0	3	1.0099615682341514	-2.0489766518350394	230.0	33	1.05	0.95				
	313	2	110.28392909649124	22.472951589473684	0.0	0.0	3	1.0073825767247429	0.8114978364964727	230.0	34	1.05	0.95				
	314	2	80.73615941403509	16.230465036842105	0.0	0.0	3	0.9982523670260349	-1.4418451931541056	230.0	36	1.05	0.95				
	315	2	131.92454914561404	26.634609291228074	0.0	0.0	3	1.0179848952062869	-0.5947962913754071	230.0	36	1.05	0.95				
	316	2	41.61657701754386	8.323315403508772	0.0	0.0	3	1.0171912670518215	0.22817313552754506	230.0	36	1.05	0.95				
	317	1	0.0	0.0	0.0	0.0	3	1.0226228933659203	0.5826416727948316	230.0	37	1.05	0.95				
	318	2	138.58320146842104	28.299272371929828	0.0	0.0	3	1.021934153055741	0.17299085019139152	230.0	37	1.05	0.95				
	319	1	75.32600440175439	15.398133496491228	0.0	0.0	3	1.015027057697803	0.5196778800705832	230.0	35	1.05	0.95				
	320	1	53.26921858245615	10.820310024561405	0.0	0.0	3	1.0143301857388478	0.9121011572423655	230.0	35	1.05	0.95				
	321	2	0.0	0.0	0.0	0.0	3	1.0226324758822363	0.46697872198172186	230.0	37	1.05	0.95				
	322	2	0.0	0.0	0.0	0.0	3	1.036084495583658	4.936411405988144	230.0	37	1.05	0.95				
	323	2	0.0	0.0	0.0	0.0	3	1.0142761708552643	1.3424528747090627	230.0	35	1.05	0.95				
	324	1	0.0	0.0	0.0	0.0	3	1.0133462092807752	-1.5452843440911848	230.0	36	1.05	0.95				
	325	1	0.0	0.0	0.0	0.0	3	1.0152365390630995	2.0583802702697507	230.0	35	1.05	0.95				
];
