%% MATPOWER Case Format : Version 2
function mpc = RTS_GMLC
mpc.version = '2';

%%-----  Power Flow Data  -----%%
%% system MVA base
mpc.baseMVA = 100.0;
%% bus data
%    bus_i    type    Pd    Qd    Gs    Bs    area    Vm    Va    baseKV    zone    Vmax    Vmin
mpc.bus = [
	101	2	102.01484413894737	20.78080158385965	0.0	0.0	1	1.0441405961694947	-5.566948679742999	138.0	11	1.05	0.95				
	102	2	91.62444334701753	18.89163780350877	0.0	0.0	1	1.0439553474581331	-5.684739868450033	138.0	12	1.05	0.95				
	103	1	170.02474023157893	34.949529936491224	0.0	0.0	1	1.015251086293449	-6.424317754101642	138.0	11	1.05	0.95				
	104	1	69.89905987298245	14.168728352631579	0.0	0.0	1	1.0197022396253328	-8.464540111915658	138.0	11	1.05	0.95				
	105	1	67.06531420245614	13.22414646245614	0.0	0.0	1	1.034397746483922	-8.86629855423858	138.0	11	1.05	0.95				
	106	1	128.46313706385965	26.44829292491228	0.0	-100.0	1	1.0329645894894302	-11.577983096508909	138.0	12	1.05	0.95				
	107	2	118.07273627192983	23.614547254385965	0.0	0.0	1	1.05	-6.676222252165289	138.0	12	1.05	0.95				
	108	1	161.52350322	33.06036615614035	0.0	0.0	1	1.0196813762465229	-10.34686762013295	138.0	12	1.05	0.95				
	109	1	165.30183078070175	34.00494804631579	0.0	0.0	1	1.027428298703664	-7.650914770974273	138.0	13	1.05	0.95				
	110	1	184.19346858421054	37.78327560701754	0.0	0.0	1	1.05	-9.278778889561192	138.0	13	1.05	0.95				
	111	1	0.0	0.0	0.0	0.0	1	1.0219817001589462	-3.7081878024638737	230.0	13	1.05	0.95				
	112	1	0.0	0.0	0.0	0.0	1	1.0212600712051916	-2.4265003192568706	230.0	13	1.05	0.95				
	113	3	250.31420089649123	51.007422069473684	0.0	0.0	1	1.0314743470427485	-1.5608514826016986e-28	230.0	14	1.05	0.95				
	114	2	183.24888669403506	36.83869371684211	0.0	0.0	1	1.0298798384850134	-2.2674697780689455	230.0	16	1.05	0.95				
	115	2	299.43245918561405	60.45324097122807	0.0	0.0	1	1.0427211914322452	5.82821168657237	230.0	16	1.05	0.95				
	116	2	94.45818901754386	18.89163780350877	0.0	0.0	1	1.0445628414491497	5.574971430884509	230.0	16	1.05	0.95				
	117	1	0.0	0.0	0.0	0.0	1	1.0472388224298883	9.063868771080761	230.0	17	1.05	0.95				
	118	2	314.54576942842107	64.23156853192982	0.0	0.0	1	1.0499999938902154	9.621489596304919	230.0	17	1.05	0.95				
	119	1	170.9693221217544	34.949529936491224	0.0	0.0	1	1.0398253027598015	4.505664634552173	230.0	15	1.05	0.95				
	120	1	120.90648194245614	24.559129144561403	0.0	0.0	1	1.0443289169878842	5.214549904703657	230.0	15	1.05	0.95				
	121	2	0.0	0.0	0.0	0.0	1	1.05	10.592145419814743	230.0	17	1.05	0.95				
	122	2	0.0	0.0	0.0	0.0	1	1.05	19.06895656431662	230.0	17	1.05	0.95				
	123	2	0.0	0.0	0.0	0.0	1	1.0499576534617157	6.286459379763135	230.0	15	1.05	0.95				
	124	1	0.0	0.0	0.0	0.0	1	1.0170553671242872	1.309229319890307	230.0	16	1.05	0.95				
	201	2	98.63308674947369	20.091925078596493	0.0	0.0	2	1.05	-11.924954857846497	138.0	21	1.05	0.95				
	202	2	88.58712421017543	18.26538643508772	0.0	0.0	2	1.05	-11.936595525158634	138.0	22	1.05	0.95				
	203	1	164.38847791578948	33.790964904912286	0.0	0.0	2	1.0248146563554779	-9.272321730889848	138.0	21	1.05	0.95				
	204	1	67.58192980982457	13.69903982631579	0.0	0.0	2	1.019469353477325	-13.435839840454992	138.0	21	1.05	0.95				
	205	1	64.8421218445614	12.785770504561405	0.0	0.0	2	1.0368754120344352	-13.86478206405294	138.0	21	1.05	0.95				
	206	1	124.2046277585965	25.57154100912281	0.0	-100.0	2	1.0337140013642432	-15.790880897190592	138.0	22	1.05	0.95				
	207	2	114.15866521929826	22.83173304385965	0.0	0.0	2	0.95	-25.70691859282007	138.0	22	1.05	0.95				
	208	1	156.16905402	31.96442626140351	0.0	0.0	2	0.9529345003735975	-22.806034292967873	138.0	22	1.05	0.95				
	209	1	159.82213130701754	32.877695583157895	0.0	0.0	2	1.0242864067038415	-10.992464718268124	138.0	23	1.05	0.95				
	210	1	178.08751774210526	36.53077287017544	0.0	0.0	2	1.0470270986386978	-12.990975082274481	138.0	23	1.05	0.95				
	211	1	0.0	0.0	0.0	0.0	2	1.0313208128201112	-5.806891549766844	230.0	23	1.05	0.95				
	212	1	0.0	0.0	0.0	0.0	2	1.0250423421281207	-1.8810288094174075	230.0	23	1.05	0.95				
	213	2	242.0163702649123	49.316543374736845	0.0	0.0	2	1.05	-0.9233556102834436	230.0	24	1.05	0.95				
	214	2	177.17424842035086	35.617503548421055	0.0	0.0	2	1.05	-4.190420162414328	230.0	26	1.05	0.95				
	215	2	289.5063749961404	58.449236592280705	0.0	0.0	2	1.04649934111817	3.8732491234240363	230.0	26	1.05	0.95				
	216	2	91.3269321754386	18.26538643508772	0.0	0.0	2	1.0497534349520374	3.7435482007674006	230.0	26	1.05	0.95				
	217	1	0.0	0.0	0.0	0.0	2	1.05	6.540836150115529	230.0	27	1.05	0.95				
	218	2	304.11868414421053	62.10231387929825	0.0	0.0	2	1.0492065539518305	7.156226803122264	230.0	27	1.05	0.95				
	219	1	165.30174723754388	33.790964904912286	0.0	0.0	2	1.0427242893867348	3.5248587277355505	230.0	25	1.05	0.95				
	220	1	116.89847318456141	23.745002365614038	0.0	0.0	2	1.0452102529126979	5.041368737085434	230.0	25	1.05	0.95				
	221	2	0.0	0.0	0.0	0.0	2	1.05	7.787718829203749	230.0	27	1.05	0.95				
	222	2	0.0	0.0	0.0	0.0	2	1.05	13.81045081520535	230.0	27	1.05	0.95				
	223	2	0.0	0.0	0.0	0.0	2	1.05	6.533706375706538	230.0	25	1.05	0.95				
	224	1	0.0	0.0	0.0	0.0	2	1.0216815109541284	-1.0038122943218475	230.0	26	1.05	0.95				
	301	2	96.21259093894739	19.598861117192985	0.0	0.0	3	0.9887053299286223	-20.358021901250282	138.0	31	1.05	0.95				
	302	2	86.41316038035089	17.81714647017544	0.0	0.0	3	0.9895407158945899	-20.879980104320758	138.0	32	1.05	0.95				
	303	1	160.354318231579	32.96172096982456	0.0	0.0	3	0.9901722342390549	-13.297508715757674	138.0	31	1.05	0.95				
	304	1	65.92344193964912	13.362859852631578	0.0	0.0	3	0.9718268768161685	-19.116788393364534	138.0	31	1.05	0.95				
	305	1	63.25086996912282	12.47200252912281	0.0	0.0	3	0.9867128625685747	-19.51580185459899	138.0	31	1.05	0.95				
	306	1	121.156595997193	24.94400505824562	0.0	-100.0	3	0.990610157796301	-20.078546151870786	138.0	32	1.05	0.95				
	307	2	111.35716543859651	22.2714330877193	0.0	0.0	3	0.9564557380442164	-23.084504039910087	138.0	32	1.05	0.95				
	308	1	152.33660232000003	31.180006322807017	0.0	0.0	3	0.95	-22.01948005405162	138.0	32	1.05	0.95				
	309	1	155.9000316140351	32.070863646315786	0.0	0.0	3	0.9915140231887395	-13.75930245695229	138.0	33	1.05	0.95				
	310	1	173.71717808421053	35.63429294035088	0.0	0.0	3	1.0109854793116442	-15.596842215491908	138.0	33	1.05	0.95				
	311	1	0.0	0.0	0.0	0.0	3	0.9936051116270548	-6.409358209628509	230.0	33	1.05	0.95				
	312	1	0.0	0.0	0.0	0.0	3	0.9918133699686786	-5.0356649251711785	230.0	33	1.05	0.95				
	313	2	236.07719072982457	48.10629546947369	0.0	0.0	3	1.0172232189476367	-0.06923036881116894	230.0	34	1.05	0.95				
	314	2	172.82632076070178	34.74343561684211	0.0	0.0	3	1.0139805821364605	-4.079101427827233	230.0	36	1.05	0.95				
	315	2	282.4017715522807	57.01486870456141	0.0	0.0	3	1.0469130500533486	0.568417945491718	230.0	36	1.05	0.95				
	316	2	89.0857323508772	17.81714647017544	0.0	0.0	3	1.0467387300874387	0.7838167476444189	230.0	36	1.05	0.95				
	317	1	0.0	0.0	0.0	0.0	3	1.0489312547653207	3.0143475687951473	230.0	37	1.05	0.95				
	318	2	296.6554887284211	60.5782979985965	0.0	0.0	3	1.047644950820396	2.687190909983236	230.0	37	1.05	0.95				
	319	1	161.24517555508774	32.96172096982456	0.0	0.0	3	1.0397052224421162	1.6108836019794155	230.0	35	1.05	0.95				
	320	1	114.02973740912282	23.162290411228074	0.0	0.0	3	1.0394073171871991	2.9265247860312344	230.0	35	1.05	0.95				
	321	2	0.0	0.0	0.0	0.0	3	1.05	3.9195875842429837	230.0	37	1.05	0.95				
	322	2	0.0	0.0	0.0	0.0	3	1.05	9.340219103389868	230.0	37	1.05	0.95				
	323	2	0.0	0.0	0.0	0.0	3	1.0414689129383399	3.958321702805388	230.0	35	1.05	0.95				
	324	1	0.0	0.0	0.0	0.0	3	1.010096029596363	-2.9372104695732024	230.0	36	1.05	0.95				
	325	1	0.0	0.0	0.0	0.0	3	1.0413649440277288	4.518567978487282	230.0	35	1.05	0.95				
];

%% generator data
%    bus    Pg    Qg    Qmax    Qmin    Vg    mBase    status    Pmax    Pmin    Pc1    Pc2    Qc1min    Qc1max    Qc2min    Qc2max    ramp_agc    ramp_10    ramp_30    ramp_q    apf
