%% MATPOWER Case Format : Version 2
function mpc = RTS_GMLC
mpc.version = '2';

%%-----  Power Flow Data  -----%%
%% system MVA base
mpc.baseMVA = 100.0;
%% bus data
%    bus_i    type    Pd    Qd    Gs    Bs    area    Vm    Va    baseKV    zone    Vmax    Vmin
mpc.bus = [
	101	2	68.78921324210526	14.0126175122807	0.0	0.0	1	1.0478945768830428	2.5409478686870584	138.0	11	1.05	0.95				
	102	2	61.782904485964906	12.738743192982458	0.0	0.0	1	1.047230655577177	2.2806416269509944	138.0	12	1.05	0.95				
	103	1	114.6486887368421	23.566674907017543	0.0	0.0	1	1.0301877331553877	0.08275874939543243	138.0	11	1.05	0.95				
	104	1	47.133349814035086	9.55405739473684	0.0	0.0	1	1.0264822434010141	-1.6894177987675487	138.0	11	1.05	0.95				
	105	1	45.22253833508771	8.917120235087719	0.0	0.0	1	1.039234705406555	-1.9900811170124844	138.0	11	1.05	0.95				
	106	1	86.6234537122807	17.834240470175438	0.0	-100.0	1	1.041794806970112	-5.164510661829222	138.0	12	1.05	0.95				
	107	2	79.61714495614035	15.92342899122807	0.0	0.0	1	1.0119098333191636	-11.54560556317839	138.0	12	1.05	0.95				
	108	1	108.9162543	22.2928005877193	0.0	0.0	1	1.0044046659725534	-10.366915893870237	138.0	12	1.05	0.95				
	109	1	111.46400293859648	22.92973774736842	0.0	0.0	1	1.0260571020726093	-3.45495784750139	138.0	13	1.05	0.95				
	110	1	124.20274613157893	25.477486385964916	0.0	0.0	1	1.05	-4.65733170867024	138.0	13	1.05	0.95				
	111	1	0.0	0.0	0.0	0.0	1	1.0105783102692292	-1.1755347309385622	230.0	13	1.05	0.95				
	112	1	0.0	0.0	0.0	0.0	1	1.0154756315721531	-0.7544723323277219	230.0	13	1.05	0.95				
	113	3	168.78834730701752	34.39460662105263	0.0	0.0	1	1.0102581076595532	-1.286760545954095e-32	230.0	14	1.05	0.95				
	114	2	123.56580897192981	24.84054922631579	0.0	0.0	1	1.0092019844953122	0.7561843113583983	230.0	16	1.05	0.95				
	115	2	201.90907960877192	40.76397821754386	0.0	0.0	1	1.0428694013563844	8.132222675136777	230.0	16	1.05	0.95				
	116	2	63.69371596491228	12.738743192982458	0.0	0.0	1	1.0399273958599167	7.277892013104041	230.0	16	1.05	0.95				
	117	1	0.0	0.0	0.0	0.0	1	1.0447078130166685	10.188115672471822	230.0	17	1.05	0.95				
	118	2	212.10007416315787	43.31172685614035	0.0	0.0	1	1.0471448782856012	10.65771841812866	230.0	17	1.05	0.95				
	119	1	115.28562589649123	23.566674907017543	0.0	0.0	1	1.0340922595240194	5.703296845489479	230.0	15	1.05	0.95				
	120	1	81.52795643508772	16.560366150877194	0.0	0.0	1	1.0338318220515785	5.177624687870071	230.0	15	1.05	0.95				
	121	2	0.0	0.0	0.0	0.0	1	1.049999988925018	12.209206171236037	230.0	17	1.05	0.95				
	122	2	0.0	0.0	0.0	0.0	1	1.05	18.45696522732346	230.0	17	1.05	0.95				
	123	2	0.0	0.0	0.0	0.0	1	1.035137505910213	5.366391189590919	230.0	15	1.05	0.95				
	124	1	0.0	0.0	0.0	0.0	1	1.0278129694222218	5.128479817159926	230.0	16	1.05	0.95				
	201	2	83.11223042526316	16.930269160701755	0.0	0.0	2	1.039044100029718	-16.812425868651605	138.0	21	1.05	0.95				
	202	2	74.64709584491229	15.391153782456144	0.0	0.0	2	1.039498033426893	-16.888854430641164	138.0	22	1.05	0.95				
	203	1	138.52038404210526	28.47363449754386	0.0	0.0	2	1.0169330111596462	-13.869492899103012	138.0	21	1.05	0.95				
	204	1	56.94726899508772	11.543365336842106	0.0	0.0	2	1.0177827171786915	-18.252772691436018	138.0	21	1.05	0.95				
	205	1	54.6385959277193	10.7738076477193	0.0	0.0	2	1.0347533267277853	-18.660363800332743	138.0	21	1.05	0.95				
	206	1	104.65984572070177	21.5476152954386	0.0	-100.0	2	1.0378546626425496	-20.418686842352063	138.0	22	1.05	0.95				
	207	2	96.19471114035089	19.238942228070176	0.0	0.0	2	0.9536009374775528	-31.9272606607832	138.0	22	1.05	0.95				
	208	1	131.59436484	26.934519119298244	0.0	0.0	2	0.9594370037292249	-28.0538953877007	138.0	22	1.05	0.95				
	209	1	134.67259559649122	27.704076808421053	0.0	0.0	2	1.0244904297214332	-16.254932930932675	138.0	23	1.05	0.95				
	210	1	150.06374937894736	30.782307564912287	0.0	0.0	2	1.05	-18.11845497222527	138.0	23	1.05	0.95				
	211	1	0.0	0.0	0.0	0.0	2	1.0302679123061107	-12.272292983833736	230.0	23	1.05	0.95				
	212	1	0.0	0.0	0.0	0.0	2	1.0251946609946512	-7.835172669089506	230.0	23	1.05	0.95				
	213	2	203.93278761754385	41.55611521263158	0.0	0.0	2	1.0409065317036674	-9.76451676710874	230.0	24	1.05	0.95				
	214	2	149.29419168982457	30.01274987578948	0.0	0.0	2	1.0469614388238155	-9.744703124751247	230.0	26	1.05	0.95				
	215	2	243.94978745192986	49.251692103859654	0.0	0.0	2	1.0419912468344947	-1.1196493963210343	230.0	26	1.05	0.95				
	216	2	76.9557689122807	15.391153782456144	0.0	0.0	2	1.0458122100392633	-1.3820322281960244	230.0	26	1.05	0.95				
	217	1	0.0	0.0	0.0	0.0	2	1.045965729740245	1.621475354656491	230.0	27	1.05	0.95				
	218	2	256.26271047789476	52.329922860350884	0.0	0.0	2	1.0468246906008856	1.7024402358773598	230.0	27	1.05	0.95				
	219	1	139.28994173122808	28.47363449754386	0.0	0.0	2	1.0419893434509435	-1.6098323131605934	230.0	25	1.05	0.95				
	220	1	98.50338420771931	20.008499917192985	0.0	0.0	2	1.0455073143986777	-0.3656540947677391	230.0	25	1.05	0.95				
	221	2	0.0	0.0	0.0	0.0	2	1.0468952241139282	1.527511353681288	230.0	27	1.05	0.95				
	222	2	0.0	0.0	0.0	0.0	2	1.05	8.073781317064508	230.0	27	1.05	0.95				
	223	2	0.0	0.0	0.0	0.0	2	1.05	0.8740502137323484	230.0	25	1.05	0.95				
	224	1	0.0	0.0	0.0	0.0	2	1.0165497754262094	-5.833931031918066	230.0	26	1.05	0.95				
	301	2	66.8807339494737	13.623853211929827	0.0	0.0	3	1.0000207812614152	-3.874480328775305	138.0	31	1.05	0.95				
	302	2	60.06880734350878	12.385321101754387	0.0	0.0	3	0.9998064835806368	-3.943525671651486	138.0	32	1.05	0.95				
	303	1	111.46788991578948	22.912844038245616	0.0	0.0	3	1.0170763356491996	0.45996081538876943	138.0	31	1.05	0.95				
	304	1	45.82568807649123	9.288990826315791	0.0	0.0	3	1.0026995342703544	-1.792683015624846	138.0	31	1.05	0.95				
	305	1	43.96788991122808	8.669724771228072	0.0	0.0	3	1.0156016389641678	-2.0643997208945457	138.0	31	1.05	0.95				
	306	1	84.22018349192984	17.339449542456144	0.0	-100.0	3	1.03235742312227	-1.744213539389924	138.0	32	1.05	0.95				
	307	2	77.40825688596492	15.481651377192984	0.0	0.0	3	0.9932489417179055	-6.745042468536593	138.0	32	1.05	0.95				
	308	1	105.89449542	21.67431192807018	0.0	0.0	3	0.998719790598707	-3.8925988617774294	138.0	32	1.05	0.95				
	309	1	108.3715596403509	22.293577983157896	0.0	0.0	3	1.0272398135483707	2.483481144580953	138.0	33	1.05	0.95				
	310	1	120.75688074210527	24.770642203508775	0.0	0.0	3	1.05	1.7234556279749285	138.0	33	1.05	0.95				
	311	1	0.0	0.0	0.0	0.0	3	1.0168577921526294	8.445621901229533	230.0	33	1.05	0.95				
	312	1	0.0	0.0	0.0	0.0	3	1.020345699047688	9.427938914687736	230.0	33	1.05	0.95				
	313	2	164.10550459824563	33.44036697473685	0.0	0.0	3	1.0368262753206907	15.422260130513905	230.0	34	1.05	0.95				
	314	2	120.13761468701756	24.151376148421054	0.0	0.0	3	1.020663237785799	8.569717051267949	230.0	36	1.05	0.95				
	315	2	196.30733946280702	39.63302752561404	0.0	0.0	3	1.0378562820394617	6.271212855923582	230.0	36	1.05	0.95				
	316	2	61.926605508771935	12.385321101754387	0.0	0.0	3	1.0384512832144477	7.655179267967275	230.0	36	1.05	0.95				
	317	1	0.0	0.0	0.0	0.0	3	1.0454665380081563	8.28144113078508	230.0	37	1.05	0.95				
	318	2	206.21559634421055	42.11009174596492	0.0	0.0	3	1.043074617081696	6.529490243610631	230.0	37	1.05	0.95				
	319	1	112.08715597087722	22.912844038245616	0.0	0.0	3	1.0360243808226628	9.115022403620792	230.0	35	1.05	0.95				
	320	1	79.26605505122808	16.100917432280703	0.0	0.0	3	1.0364164362885566	10.327474264565017	230.0	35	1.05	0.95				
	321	2	0.0	0.0	0.0	0.0	3	1.0424984908822266	7.03880602755425	230.0	37	1.05	0.95				
	322	2	0.0	0.0	0.0	0.0	3	1.05	11.855914777276425	230.0	37	1.05	0.95				
	323	2	0.0	0.0	0.0	0.0	3	1.0368813528503578	10.871641228922112	230.0	35	1.05	0.95				
	324	1	0.0	0.0	0.0	0.0	3	1.024422732764551	5.929045491764607	230.0	36	1.05	0.95				
	325	1	0.0	0.0	0.0	0.0	3	1.0385960173417	10.991313907691504	230.0	35	1.05	0.95				
];
