%% MATPOWER Case Format : Version 2
function mpc = RTS_GMLC
mpc.version = '2';

%%-----  Power Flow Data  -----%%
%% system MVA base
mpc.baseMVA = 100.0;
%% bus data
%    bus_i    type    Pd    Qd    Gs    Bs    area    Vm    Va    baseKV    zone    Vmax    Vmin
mpc.bus = [
	101	2	67.90747153263159	13.833003460350879	0.0	0.0	1	1.0444320724877891	0.10850079887722519	138.0	11	1.05	0.95				
	102	2	60.99096980245614	12.575457691228072	0.0	0.0	1	1.0432822934742818	-0.2548936165087751	138.0	12	1.05	0.95				
	103	1	113.17911922105264	23.264596728771934	0.0	0.0	1	1.026620153987988	-0.9495752462974751	138.0	11	1.05	0.95				
	104	1	46.52919345754387	9.431593268421052	0.0	0.0	1	1.0244054421959978	-3.4472161548348095	138.0	11	1.05	0.95				
	105	1	44.64287480385965	8.80282038385965	0.0	0.0	1	1.0382730265071336	-3.747616670892143	138.0	11	1.05	0.95				
	106	1	85.5131123003509	17.6056407677193	0.0	-100.0	1	1.0417569989906743	-6.56509010231672	138.0	12	1.05	0.95				
	107	2	78.59661057017544	15.719322114035089	0.0	0.0	1	0.9984931895853626	-14.007257947936482	138.0	12	1.05	0.95				
	108	1	107.52016326	22.007050959649124	0.0	0.0	1	0.9956517532529825	-12.181871929579485	138.0	12	1.05	0.95				
	109	1	110.03525479824563	22.635823844210528	0.0	0.0	1	1.0250846814132841	-4.391381990640583	138.0	13	1.05	0.95				
	110	1	122.61071248947368	25.150915382456144	0.0	0.0	1	1.05	-5.729081497873559	138.0	13	1.05	0.95				
	111	1	0.0	0.0	0.0	0.0	1	1.012760665919443	-1.3849522240240466	230.0	13	1.05	0.95				
	112	1	0.0	0.0	0.0	0.0	1	1.0145416165864418	-1.2655370198306726	230.0	13	1.05	0.95				
	113	3	166.62481440877195	33.953735766315795	0.0	0.0	1	1.01127480177196	-2.5097269240275633e-31	230.0	14	1.05	0.95				
	114	2	121.98193960491228	24.522142497894738	0.0	0.0	1	1.0177097710405754	1.1229910269034291	230.0	16	1.05	0.95				
	115	2	199.3210044059649	40.24146461192983	0.0	0.0	1	1.0419212424739934	9.51918438771468	230.0	16	1.05	0.95				
	116	2	62.877288456140356	12.575457691228072	0.0	0.0	1	1.0396081909332582	8.46756916713545	230.0	16	1.05	0.95				
	117	1	0.0	0.0	0.0	0.0	1	1.0435983735263188	12.92342924453599	230.0	17	1.05	0.95				
	118	2	209.3813705589474	42.75655615017545	0.0	0.0	1	1.0490648735300443	13.55450425852504	230.0	17	1.05	0.95				
	119	1	113.80789210561404	23.264596728771934	0.0	0.0	1	1.0322801490564346	6.062434155755382	230.0	15	1.05	0.95				
	120	1	80.48292922385966	16.348094998596494	0.0	0.0	1	1.031867817988666	5.054436175345483	230.0	15	1.05	0.95				
	121	2	0.0	0.0	0.0	0.0	1	1.05	15.493195184480003	230.0	17	1.05	0.95				
	122	2	0.0	0.0	0.0	0.0	1	1.05	26.228900121306083	230.0	17	1.05	0.95				
	123	2	0.0	0.0	0.0	0.0	1	1.0330664709646311	4.97353910618713	230.0	15	1.05	0.95				
	124	1	0.0	0.0	0.0	0.0	1	1.023116162639235	5.616258791958314	230.0	16	1.05	0.95				
	201	2	56.813473932631574	11.573115060350876	0.0	0.0	2	1.0194507708758866	-12.926884600921127	138.0	21	1.05	0.95				
	202	2	51.02691640245614	10.52101369122807	0.0	0.0	2	1.0199890395348705	-12.834913791735197	138.0	22	1.05	0.95				
	203	1	94.68912322105263	19.46387532877193	0.0	0.0	2	1.0160178533323634	-11.199532140684838	138.0	21	1.05	0.95				
	204	1	38.92775065754386	7.890760268421052	0.0	0.0	2	1.0139196414415161	-13.619063150342633	138.0	21	1.05	0.95				
	205	1	37.34959860385965	7.364709583859649	0.0	0.0	2	1.0282049492608982	-13.981838033271892	138.0	21	1.05	0.95				
	206	1	71.54289310035088	14.729419167719298	0.0	-100.0	2	1.0404296689490418	-15.069644208110457	138.0	22	1.05	0.95				
	207	2	65.75633557017544	13.151267114035086	0.0	0.0	2	0.9895769089072246	-22.36385149646965	138.0	22	1.05	0.95				
	208	1	89.95466705999999	18.411773959649118	0.0	0.0	2	0.99298437395249	-19.901047033501918	138.0	22	1.05	0.95				
	209	1	92.0588697982456	18.937824644210526	0.0	0.0	2	1.0245837059929692	-12.095317470802133	138.0	23	1.05	0.95				
	210	1	102.57988348947367	21.04202738245614	0.0	0.0	2	1.05	-13.35929571203841	138.0	23	1.05	0.95				
	211	1	0.0	0.0	0.0	0.0	2	1.0123032355747317	-8.474060221505749	230.0	23	1.05	0.95				
	212	1	0.0	0.0	0.0	0.0	2	1.0138741459796787	-6.514884147515542	230.0	23	1.05	0.95				
	213	2	139.40343140877192	28.406736966315787	0.0	0.0	2	1.0143964828040297	-6.248760110708213	230.0	24	1.05	0.95				
	214	2	102.05383280491228	20.515976697894736	0.0	0.0	2	1.0159470464115203	-6.126760716567214	230.0	26	1.05	0.95				
	215	2	166.7580670059649	33.66724381192982	0.0	0.0	2	1.0337185978216181	0.24567497719133502	230.0	26	1.05	0.95				
	216	2	52.605068456140344	10.52101369122807	0.0	0.0	2	1.0354574548082538	0.3717093264295607	230.0	26	1.05	0.95				
	217	1	0.0	0.0	0.0	0.0	2	1.0374457674348454	1.7331725818403398	230.0	27	1.05	0.95				
	218	2	175.17487795894735	35.77144655017544	0.0	0.0	2	1.0358794992708305	1.0169789607282043	230.0	27	1.05	0.95				
	219	1	95.21517390561402	19.46387532877193	0.0	0.0	2	1.0379977612999558	1.3652519847850044	230.0	25	1.05	0.95				
	220	1	67.33448762385964	13.677317798596492	0.0	0.0	2	1.0446148553034116	3.217837753493318	230.0	25	1.05	0.95				
	221	2	0.0	0.0	0.0	0.0	2	1.0375193969726542	1.5658891808394795	230.0	27	1.05	0.95				
	222	2	0.0	0.0	0.0	0.0	2	1.05	8.131837980914185	230.0	27	1.05	0.95				
	223	2	0.0	0.0	0.0	0.0	2	1.05	4.611299787822114	230.0	25	1.05	0.95				
	224	1	0.0	0.0	0.0	0.0	2	1.0128905288779897	-4.012786049923757	230.0	26	1.05	0.95				
	301	2	51.11293896	10.411894973333332	0.0	0.0	3	1.005864319649518	12.077855403439877	138.0	31	1.05	0.95				
	302	2	45.90699147333333	9.465359066666668	0.0	0.0	3	1.0054704940366745	11.844499382197242	138.0	32	1.05	0.95				
	303	1	85.1882316	17.510914273333334	0.0	0.0	3	1.042172503830684	20.720381936521488	138.0	31	1.05	0.95				
	304	1	35.02182854666667	7.099019299999999	0.0	0.0	3	1.008609406373481	12.886763547421412	138.0	31	1.05	0.95				
	305	1	33.60202468666667	6.625751346666667	0.0	0.0	3	1.0218450635984726	12.203974791349065	138.0	31	1.05	0.95				
	306	1	64.36444165333334	13.251502693333334	0.0	-100.0	3	1.0385405962796344	11.71028329462777	138.0	32	1.05	0.95				
	307	2	59.158494166666664	11.831698833333332	0.0	0.0	3	0.9817436141906308	7.22699328109026	138.0	32	1.05	0.95				
	308	1	80.92882001999999	16.564378366666666	0.0	0.0	3	0.9935185572077679	9.325066618983803	138.0	32	1.05	0.95				
	309	1	82.82189183333332	17.03764632	0.0	0.0	3	1.0259767928716719	15.681945877115888	138.0	33	1.05	0.95				
	310	1	92.28725089999999	18.930718133333336	0.0	0.0	3	1.05	13.855023985573169	138.0	33	1.05	0.95				
	311	1	0.0	0.0	0.0	0.0	3	1.009080183317442	18.50873754590416	230.0	33	1.05	0.95				
	312	1	0.0	0.0	0.0	0.0	3	1.0153120588929418	18.74363160020877	230.0	33	1.05	0.95				
	313	2	125.41600763333334	25.55646948	0.0	0.0	3	1.015093616804072	22.453776060811595	230.0	34	1.05	0.95				
	314	2	91.81398294666666	18.457450180000002	0.0	0.0	3	1.0047468845527785	18.876074830510312	230.0	36	1.05	0.95				
	315	2	150.02594120666666	30.289149013333333	0.0	0.0	3	1.037293096180733	18.217109501621366	230.0	36	1.05	0.95				
	316	2	47.32679533333333	9.465359066666668	0.0	0.0	3	1.0324731251401484	18.46889940842715	230.0	36	1.05	0.95				
	317	1	0.0	0.0	0.0	0.0	3	1.0477285813753965	20.36134192617153	230.0	37	1.05	0.95				
	318	2	157.59822846	32.18222082666667	0.0	0.0	3	1.0477373184412027	18.056012495732492	230.0	37	1.05	0.95				
	319	1	85.66149955333333	17.510914273333334	0.0	0.0	3	1.0283753649411045	18.759978998657658	230.0	35	1.05	0.95				
	320	1	60.578298026666666	12.304966786666666	0.0	0.0	3	1.0255190678418142	18.79184071765194	230.0	35	1.05	0.95				
	321	2	0.0	0.0	0.0	0.0	3	1.0449357112022868	18.72811717205947	230.0	37	1.05	0.95				
	322	2	0.0	0.0	0.0	0.0	3	1.05	23.706120194025385	230.0	37	1.05	0.95				
	323	2	0.0	0.0	0.0	0.0	3	1.0239699708062222	18.874970090985016	230.0	35	1.05	0.95				
	324	1	0.0	0.0	0.0	0.0	3	1.038016087760937	20.5679418713792	230.0	36	1.05	0.95				
	325	1	0.0	0.0	0.0	0.0	3	1.0274585338484825	18.59749811949384	230.0	35	1.05	0.95				
];
