%% MATPOWER Case Format : Version 2
function mpc = RTS_GMLC
mpc.version = '2';

%%-----  Power Flow Data  -----%%
%% system MVA base
mpc.baseMVA = 100.0;
%% bus data
%    bus_i    type    Pd    Qd    Gs    Bs    area    Vm    Va    baseKV    zone    Vmax    Vmin
mpc.bus = [
	101	2	94.42652153684212	19.23503216491228	0.0	0.0	1	1.0453044103678535	-2.7052634667320854	138.0	11	1.05	0.95				
	102	2	84.80900545438597	17.486392877192984	0.0	0.0	1	1.045054657513434	-2.841096008308094	138.0	12	1.05	0.95				
	103	1	157.37753589473684	32.34982682280702	0.0	0.0	1	1.0196312093326159	-3.3320500675122915	138.0	11	1.05	0.95				
	104	1	64.69965364561403	13.114794657894734	0.0	0.0	1	1.0216397764194245	-5.845657381050951	138.0	11	1.05	0.95				
	105	1	62.076694714035085	12.24047501403509	0.0	0.0	1	1.0357191990893264	-6.33795298408807	138.0	11	1.05	0.95				
	106	1	118.90747156491229	24.48095002807018	0.0	-100.0	1	1.035127131867553	-9.179144366219273	138.0	12	1.05	0.95				
	107	2	109.28995548245615	21.85799109649123	0.0	0.0	1	1.0432816706594952	-5.257630755820304	138.0	12	1.05	0.95				
	108	1	149.5086591	30.601187535087714	0.0	0.0	1	1.0178443223863773	-8.494565990235547	138.0	12	1.05	0.95				
	109	1	153.0059376754386	31.475507178947364	0.0	0.0	1	1.0269287304303492	-5.654329761188752	138.0	13	1.05	0.95				
	110	1	170.49233055263159	34.97278575438597	0.0	0.0	1	1.05	-7.320576187116182	138.0	13	1.05	0.95				
	111	1	0.0	0.0	0.0	0.0	1	1.0192195415795584	-2.3948824011130965	230.0	13	1.05	0.95				
	112	1	0.0	0.0	0.0	0.0	1	1.0190205120541709	-1.5342455093897378	230.0	13	1.05	0.95				
	113	3	231.69470562280702	47.21326076842106	0.0	0.0	1	1.0229081043994448	5.288940764933651e-30	230.0	14	1.05	0.95				
	114	2	169.61801090877194	34.09846611052632	0.0	0.0	1	1.0267071849779004	-0.4176569679300353	230.0	16	1.05	0.95				
	115	2	277.15932710350876	55.95645720701754	0.0	0.0	1	1.0428401151080569	8.496025687000783	230.0	16	1.05	0.95				
	116	2	87.43196438596492	17.486392877192984	0.0	0.0	1	1.0433757677132147	7.7402270411241405	230.0	16	1.05	0.95				
	117	1	0.0	0.0	0.0	0.0	1	1.0470867551692145	11.489570104551698	230.0	17	1.05	0.95				
	118	2	291.14844140526316	59.45373578245614	0.0	0.0	1	1.0499999968494893	12.44382410775136	230.0	17	1.05	0.95				
	119	1	158.2518555385965	32.34982682280702	0.0	0.0	1	1.037853546146431	6.156417305500295	230.0	15	1.05	0.95				
	120	1	111.91291441403509	22.73231074035088	0.0	0.0	1	1.0405037173351626	6.053419762413009	230.0	15	1.05	0.95				
	121	2	0.0	0.0	0.0	0.0	1	1.05	13.64204055262125	230.0	17	1.05	0.95				
	122	2	0.0	0.0	0.0	0.0	1	1.05	19.523497383785305	230.0	17	1.05	0.95				
	123	2	0.0	0.0	0.0	0.0	1	1.0445472857363074	6.638207323038512	230.0	15	1.05	0.95				
	124	1	0.0	0.0	0.0	0.0	1	1.0193291554047608	4.11681944210921	230.0	16	1.05	0.95				
	201	2	79.06626792000002	16.106091613333337	0.0	0.0	2	1.0378195967317854	-8.461158006234657	138.0	21	1.05	0.95				
	202	2	71.01322211333334	14.64190146666667	0.0	0.0	2	1.0380470142155642	-8.507328496121533	138.0	22	1.05	0.95				
	203	1	131.77711320000003	27.087517713333337	0.0	0.0	2	1.0279110917349519	-6.779224935098698	138.0	21	1.05	0.95				
	204	1	54.175035426666675	10.9814261	0.0	0.0	2	1.0192811327485531	-9.978203575046821	138.0	21	1.05	0.95				
	205	1	51.97875020666667	10.249331026666669	0.0	0.0	2	1.034653580069018	-10.279947779432414	138.0	21	1.05	0.95				
	206	1	99.56492997333336	20.498662053333337	0.0	-100.0	2	1.03861862307179	-11.984379398989834	138.0	22	1.05	0.95				
	207	2	91.51188416666668	18.302376833333337	0.0	0.0	2	0.9642017346443168	-22.902820483460008	138.0	22	1.05	0.95				
	208	1	125.18825754000002	25.62332756666667	0.0	0.0	2	0.9683674774477334	-19.273755917835533	138.0	22	1.05	0.95				
	209	1	128.11663783333336	26.355422640000004	0.0	0.0	2	1.026948524887671	-8.226130673086102	138.0	23	1.05	0.95				
	210	1	142.75853930000002	29.28380293333334	0.0	0.0	2	1.05	-9.82298428710794	138.0	23	1.05	0.95				
	211	1	0.0	0.0	0.0	0.0	2	1.0247432066831654	-4.67105686821398	230.0	23	1.05	0.95				
	212	1	0.0	0.0	0.0	0.0	2	1.0234946434422711	0.3489184144251118	230.0	23	1.05	0.95				
	213	2	194.00519443333334	39.53313396000001	0.0	0.0	2	1.0318354892683104	-1.9334404025400558	230.0	24	1.05	0.95				
	214	2	142.02644422666668	28.551707860000008	0.0	0.0	2	1.0357513458806342	-2.8037772408376376	230.0	26	1.05	0.95				
	215	2	232.0741382466667	46.85408469333334	0.0	0.0	2	1.0456766421427335	4.082125578485886	230.0	26	1.05	0.95				
	216	2	73.20950733333335	14.64190146666667	0.0	0.0	2	1.0461950990964695	4.32238305014141	230.0	26	1.05	0.95				
	217	1	0.0	0.0	0.0	0.0	2	1.0490229725737579	6.70575405044013	230.0	27	1.05	0.95				
	218	2	243.78765942000004	49.78246498666668	0.0	0.0	2	1.0498643425034424	7.1189269829826465	230.0	27	1.05	0.95				
	219	1	132.50920827333337	27.087517713333337	0.0	0.0	2	1.0423204084625435	4.732081047318894	230.0	25	1.05	0.95				
	220	1	93.70816938666668	19.03447190666667	0.0	0.0	2	1.0455525097684513	6.460660092384338	230.0	25	1.05	0.95				
	221	2	0.0	0.0	0.0	0.0	2	1.04999998728165	7.165725348965538	230.0	27	1.05	0.95				
	222	2	0.0	0.0	0.0	0.0	2	1.05	13.49748946490911	230.0	27	1.05	0.95				
	223	2	0.0	0.0	0.0	0.0	2	1.05	7.938629067332018	230.0	25	1.05	0.95				
	224	1	0.0	0.0	0.0	0.0	2	1.025411911976285	0.04153535243295052	230.0	26	1.05	0.95				
	301	2	84.74976272842105	17.26384055578947	0.0	0.0	3	0.9821630574555192	-2.0813918197605163	138.0	31	1.05	0.95				
	302	2	76.11784245052631	15.69440050526316	0.0	0.0	3	0.9846438929771082	-2.3921174766752604	138.0	32	1.05	0.95				
	303	1	141.24960454736842	29.03464093473684	0.0	0.0	3	0.9990041521224103	2.359237010837462	138.0	31	1.05	0.95				
	304	1	58.06928186947368	11.770800378947367	0.0	0.0	3	0.9760859346834764	-0.26068658121303157	138.0	31	1.05	0.95				
	305	1	55.715121793684204	10.986080353684212	0.0	0.0	3	0.9878145416978197	-0.34354087497817615	138.0	31	1.05	0.95				
	306	1	106.72192343578948	21.972160707368424	0.0	-100.0	3	0.9980634715536751	-0.27833049176616864	138.0	32	1.05	0.95				
	307	2	98.09000315789473	19.618000631578948	0.0	0.0	3	0.95	-6.95088790665494	138.0	32	1.05	0.95				
	308	1	134.18712432	27.46520088421052	0.0	0.0	3	0.9565163330420091	-2.9822114927099896	138.0	32	1.05	0.95				
	309	1	137.32600442105263	28.24992090947368	0.0	0.0	3	0.9990966408117072	4.874107838632258	138.0	33	1.05	0.95				
	310	1	153.0204049263158	31.38880101052632	0.0	0.0	3	1.0179547531090587	4.076467000004477	138.0	33	1.05	0.95				
	311	1	0.0	0.0	0.0	0.0	3	0.9945804694432215	12.600130322442695	230.0	33	1.05	0.95				
	312	1	0.0	0.0	0.0	0.0	3	0.9984208683134022	13.875815507369655	230.0	33	1.05	0.95				
	313	2	207.95080669473683	42.37488136421052	0.0	0.0	3	1.0267331877908479	21.863255693211045	230.0	34	1.05	0.95				
	314	2	152.23568490105262	30.60408098526316	0.0	0.0	3	1.006502811284353	12.257820074791324	230.0	36	1.05	0.95				
	315	2	248.756248008421	50.222081616842104	0.0	0.0	3	1.0477352562844717	9.3142161092352	230.0	36	1.05	0.95				
	316	2	78.47200252631579	15.69440050526316	0.0	0.0	3	1.043929687477243	10.496469797350898	230.0	36	1.05	0.95				
	317	1	0.0	0.0	0.0	0.0	3	1.0471285055258104	10.461983160099793	230.0	37	1.05	0.95				
	318	2	261.3117684126316	53.36096171789474	0.0	0.0	3	1.0465442874991089	9.773820095186403	230.0	37	1.05	0.95				
	319	1	142.0343245726316	29.03464093473684	0.0	0.0	3	1.0366436764597788	12.226869212948763	230.0	35	1.05	0.95				
	320	1	100.44416323368421	20.402720656842106	0.0	0.0	3	1.0345121326228597	13.795298345551126	230.0	35	1.05	0.95				
	321	2	0.0	0.0	0.0	0.0	3	1.05	11.13877568022855	230.0	37	1.05	0.95				
	322	2	0.0	0.0	0.0	0.0	3	1.05	15.217236071288438	230.0	37	1.05	0.95				
	323	2	0.0	0.0	0.0	0.0	3	1.0341798416766168	14.521763016060481	230.0	35	1.05	0.95				
	324	1	0.0	0.0	0.0	0.0	3	1.02292646210006	8.905722411412446	230.0	36	1.05	0.95				
	325	1	0.0	0.0	0.0	0.0	3	1.0365168660094484	14.45473985560064	230.0	35	1.05	0.95				
];
