%% MATPOWER Case Format : Version 2
function mpc = RTS_GMLC
mpc.version = '2';

%%-----  Power Flow Data  -----%%
%% system MVA base
mpc.baseMVA = 100.0;
%% bus data
%    bus_i    type    Pd    Qd    Gs    Bs    area    Vm    Va    baseKV    zone    Vmax    Vmin
mpc.bus = [
	101	2	97.95348837473685	19.95348837263158	0.0	0.0	1	1.0372331018578833	-6.015746999375477	138.0	11	1.05	0.95				
	102	2	87.97674418842105	18.13953488421053	0.0	0.0	1	1.0371024421723734	-6.113318103020902	138.0	12	1.05	0.95				
	103	1	163.25581395789476	33.55813953578947	0.0	0.0	1	1.0124139391383682	-5.550092384896412	138.0	11	1.05	0.95				
	104	1	67.11627907157894	13.604651163157893	0.0	0.0	1	1.0157363221115083	-8.522084182749982	138.0	11	1.05	0.95				
	105	1	64.39534883894737	12.697674418947368	0.0	0.0	1	1.0316134542991233	-8.809948406367518	138.0	11	1.05	0.95				
	106	1	123.3488372126316	25.395348837894737	0.0	-100.0	1	1.0326994535608554	-11.20164932296447	138.0	12	1.05	0.95				
	107	2	113.3720930263158	22.674418605263156	0.0	0.0	1	1.05	-6.044246166617674	138.0	12	1.05	0.95				
	108	1	155.09302326	31.744186047368416	0.0	0.0	1	1.020664451347383	-9.641814124864185	138.0	12	1.05	0.95				
	109	1	158.7209302368421	32.65116279157895	0.0	0.0	1	1.0266767381983732	-7.079038428940172	138.0	13	1.05	0.95				
	110	1	176.8604651210526	36.27906976842106	0.0	0.0	1	1.05	-8.794224333371252	138.0	13	1.05	0.95				
	111	1	0.0	0.0	0.0	0.0	1	1.0223838264560925	-3.024081026650133	230.0	13	1.05	0.95				
	112	1	0.0	0.0	0.0	0.0	1	1.0204303881987558	-2.00427537038119	230.0	13	1.05	0.95				
	113	3	240.34883721578944	48.976744187368425	0.0	0.0	1	1.0298374417793987	1.7276557678708922e-28	230.0	14	1.05	0.95				
	114	2	175.9534883768421	35.37209302421053	0.0	0.0	1	1.0330660426490241	-0.8396115533552181	230.0	16	1.05	0.95				
	115	2	287.51162791473683	58.046511629473684	0.0	0.0	1	1.041490924665209	8.298511123527886	230.0	16	1.05	0.95				
	116	2	90.69767442105262	18.13953488421053	0.0	0.0	1	1.0434876687720394	7.847497107884824	230.0	16	1.05	0.95				
	117	1	0.0	0.0	0.0	0.0	1	1.045678644563891	11.989565504386478	230.0	17	1.05	0.95				
	118	2	302.0232558221052	61.6744186063158	0.0	0.0	1	1.05	12.491652393775347	230.0	17	1.05	0.95				
	119	1	164.16279070210527	33.55813953578947	0.0	0.0	1	1.0393287348263283	6.223241575677626	230.0	15	1.05	0.95				
	120	1	116.09302325894737	23.581395349473684	0.0	0.0	1	1.0443945877313967	6.513210078124462	230.0	15	1.05	0.95				
	121	2	0.0	0.0	0.0	0.0	1	1.05	13.457815389200471	230.0	17	1.05	0.95				
	122	2	0.0	0.0	0.0	0.0	1	1.05	25.072356743535437	230.0	17	1.05	0.95				
	123	2	0.0	0.0	0.0	0.0	1	1.049999999773038	7.329378074898432	230.0	15	1.05	0.95				
	124	1	0.0	0.0	0.0	0.0	1	1.0129932933805683	3.1947605769401366	230.0	16	1.05	0.95				
	201	2	95.43711634105264	19.440894069473686	0.0	0.0	2	1.05	-11.716534012441121	138.0	21	1.05	0.95				
	202	2	85.71666930631578	17.673540063157898	0.0	0.0	2	1.05	-11.733685902688434	138.0	22	1.05	0.95				
	203	1	159.06186056842105	32.696049116842104	0.0	0.0	2	1.0257274570810475	-9.030272592652306	138.0	21	1.05	0.95				
	204	1	65.39209823368421	13.255155047368422	0.0	0.0	2	1.020422416807062	-13.38279191079958	138.0	21	1.05	0.95				
	205	1	62.741067224210525	12.371478044210528	0.0	0.0	2	1.0378054722145647	-13.803941809742037	138.0	21	1.05	0.95				
	206	1	120.18007242947371	24.742956088421057	0.0	-100.0	2	1.035424757151007	-15.785299921930312	138.0	22	1.05	0.95				
	207	2	110.45962539473683	22.09192507894737	0.0	0.0	2	0.95	-26.275349263331265	138.0	22	1.05	0.95				
	208	1	151.10876754	30.928695110526316	0.0	0.0	2	0.9538910870251962	-23.09785306827362	138.0	22	1.05	0.95				
	209	1	154.64347555263157	31.812372113684212	0.0	0.0	2	1.0248379381636121	-11.18818100871615	138.0	23	1.05	0.95				
	210	1	172.31701561578947	35.347080126315795	0.0	0.0	2	1.0481115003667125	-13.179164259441007	138.0	23	1.05	0.95				
	211	1	0.0	0.0	0.0	0.0	2	1.0313286674390665	-5.823373415293924	230.0	23	1.05	0.95				
	212	1	0.0	0.0	0.0	0.0	2	1.0243109677183722	-2.959595064032618	230.0	23	1.05	0.95				
	213	2	234.1744058368421	47.71855817052632	0.0	0.0	2	1.05	-0.900636685088688	230.0	24	1.05	0.95				
	214	2	171.43333861263156	34.463403123157896	0.0	0.0	2	1.05	-4.064959568744424	230.0	26	1.05	0.95				
	215	2	280.1256100010527	56.55532820210527	0.0	0.0	2	1.0462558937093709	3.916282462862276	230.0	26	1.05	0.95				
	216	2	88.36770031578948	17.673540063157898	0.0	0.0	2	1.049773913644923	3.8868983519174742	230.0	26	1.05	0.95				
	217	1	0.0	0.0	0.0	0.0	2	1.05	6.8746332002321315	230.0	27	1.05	0.95				
	218	2	294.26444205157895	60.090036214736855	0.0	0.0	2	1.049295613138472	7.467167811191706	230.0	27	1.05	0.95				
	219	1	159.94553757157897	32.696049116842104	0.0	0.0	2	1.0430809743546723	3.6068555192142213	230.0	25	1.05	0.95				
	220	1	113.11065640421054	22.975602082105265	0.0	0.0	2	1.0454751291367912	5.014077926060647	230.0	25	1.05	0.95				
	221	2	0.0	0.0	0.0	0.0	2	1.05	8.011133247657547	230.0	27	1.05	0.95				
	222	2	0.0	0.0	0.0	0.0	2	1.05	14.077257705364747	230.0	27	1.05	0.95				
	223	2	0.0	0.0	0.0	0.0	2	1.05	6.425637715941119	230.0	25	1.05	0.95				
	224	1	0.0	0.0	0.0	0.0	2	1.0221549568748762	-0.8917391963121896	230.0	26	1.05	0.95				
	301	2	91.39512812210526	18.61752609894737	0.0	0.0	3	1.0254556966390045	-21.143715347607852	138.0	31	1.05	0.95				
	302	2	82.08636507263158	16.925023726315793	0.0	0.0	3	1.0243115346597809	-21.631823431560008	138.0	32	1.05	0.95				
	303	1	152.32521353684209	31.311293893684212	0.0	0.0	3	1.0181937046567313	-13.6853741177919	138.0	31	1.05	0.95				
	304	1	62.622587787368424	12.693767794736841	0.0	0.0	3	1.0079977578486639	-20.116295127335356	138.0	31	1.05	0.95				
	305	1	60.083834228421054	11.847516608421053	0.0	0.0	3	1.0252045035133948	-20.743556944264594	138.0	31	1.05	0.95				
	306	1	115.09016133894735	23.695033216842106	0.0	-100.0	3	1.0302777093864521	-21.445761708724376	138.0	32	1.05	0.95				
	307	2	105.78139828947369	21.156279657894736	0.0	0.0	3	0.9950473283224324	-24.644788457520324	138.0	32	1.05	0.95				
	308	1	144.70895285999998	29.61879152105263	0.0	0.0	3	0.9871604583824165	-23.847025371672952	138.0	32	1.05	0.95				
	309	1	148.09395760526317	30.46504270736842	0.0	0.0	3	1.0250158432471472	-15.402459236016886	138.0	33	1.05	0.95				
	310	1	165.01898133157894	33.850047452631586	0.0	0.0	3	1.048061909032449	-17.63195973093889	138.0	33	1.05	0.95				
	311	1	0.0	0.0	0.0	0.0	3	1.027635986398717	-9.156100724016603	230.0	33	1.05	0.95				
	312	1	0.0	0.0	0.0	0.0	3	1.0196555756275523	-7.752336748642667	230.0	33	1.05	0.95				
	313	2	224.2565643736842	45.69756406105263	0.0	0.0	3	1.0473094236631229	-4.173621271008087	230.0	34	1.05	0.95				
	314	2	164.17273014526316	33.00379626631579	0.0	0.0	3	1.0462735217001136	-6.456833726057697	230.0	36	1.05	0.95				
	315	2	268.2616260621053	54.160075924210524	0.0	0.0	3	1.05	0.20527955996681674	230.0	36	1.05	0.95				
	316	2	84.62511863157894	16.925023726315793	0.0	0.0	3	1.0491067296941565	0.4093481408366974	230.0	36	1.05	0.95				
	317	1	0.0	0.0	0.0	0.0	3	1.05	3.00639025082505	230.0	37	1.05	0.95				
	318	2	281.80164504315786	57.54508066947368	0.0	0.0	3	1.0478037469853485	2.6666987604296546	230.0	37	1.05	0.95				
	319	1	153.1714647231579	31.311293893684212	0.0	0.0	3	1.044086262018213	1.0139733846835997	230.0	35	1.05	0.95				
	320	1	108.32015184842105	22.002530844210526	0.0	0.0	3	1.0461213593176644	2.515703430267648	230.0	35	1.05	0.95				
	321	2	0.0	0.0	0.0	0.0	3	1.05	3.7901500325264865	230.0	37	1.05	0.95				
	322	2	0.0	0.0	0.0	0.0	3	1.05	9.259046943491409	230.0	37	1.05	0.95				
	323	2	0.0	0.0	0.0	0.0	3	1.05	3.8437025441258763	230.0	35	1.05	0.95				
	324	1	0.0	0.0	0.0	0.0	3	1.0214372310870348	-4.143123820021065	230.0	36	1.05	0.95				
	325	1	0.0	0.0	0.0	0.0	3	1.0480778708411882	4.639904514860924	230.0	35	1.05	0.95				
];

%% generator data
%    bus    Pg    Qg    Qmax    Qmin    Vg    mBase    status    Pmax    Pmin    Pc1    Pc2    Qc1min    Qc1max    Qc2min    Qc2max    ramp_agc    ramp_10    ramp_30    ramp_q    apf
