%% MATPOWER Case Format : Version 2
function mpc = RTS_GMLC
mpc.version = '2';

%%-----  Power Flow Data  -----%%
%% system MVA base
mpc.baseMVA = 100.0;
%% bus data
%    bus_i    type    Pd    Qd    Gs    Bs    area    Vm    Va    baseKV    zone    Vmax    Vmin
mpc.bus = [
	101	2	64.94161304842106	13.22884710245614	0.0	0.0	1	1.0371170223203328	-0.2547648076521228	138.0	11	1.05	0.95				
	102	2	58.327189497192975	12.02622463859649	0.0	0.0	1	1.0360345419697785	-0.603148829393318	138.0	12	1.05	0.95				
	103	1	108.23602174736841	22.248515581403506	0.0	0.0	1	1.0240552820425926	-0.36073348021645063	138.0	11	1.05	0.95				
	104	1	44.49703116280701	9.019668478947366	0.0	0.0	1	1.0207728093967352	-3.548355874750486	138.0	11	1.05	0.95				
	105	1	42.69309746701754	8.418357247017545	0.0	0.0	1	1.0351752442410742	-3.779431238362647	138.0	11	1.05	0.95				
	106	1	81.77832754245614	16.83671449403509	0.0	-100.0	1	1.0410356250569868	-6.380299118238532	138.0	12	1.05	0.95				
	107	2	75.16390399122807	15.032780798245613	0.0	0.0	1	0.9982632405603615	-14.273261791525343	138.0	12	1.05	0.95				
	108	1	102.82422065999998	21.045893117543855	0.0	0.0	1	0.9958717686305623	-12.118972041119132	138.0	12	1.05	0.95				
	109	1	105.22946558771929	21.647204349473682	0.0	0.0	1	1.0246558233589664	-4.0663383768005525	138.0	13	1.05	0.95				
	110	1	117.25569022631576	24.05244927719298	0.0	0.0	1	1.05	-5.475024137164429	138.0	13	1.05	0.95				
	111	1	0.0	0.0	0.0	0.0	1	1.0135496826308223	-0.8623317839925777	230.0	13	1.05	0.95				
	112	1	0.0	0.0	0.0	0.0	1	1.0149985305479612	-1.0235492345235808	230.0	13	1.05	0.95				
	113	3	159.3474764614035	32.47080652421053	0.0	0.0	1	1.0114517641486247	3.2798700785086274e-30	230.0	14	1.05	0.95				
	114	2	116.65437899438595	23.451138045263157	0.0	0.0	1	1.0210947718714096	2.3154272676536043	230.0	16	1.05	0.95				
	115	2	190.61566052175436	38.48391884350877	0.0	0.0	1	1.04144128102699	11.52069611391622	230.0	16	1.05	0.95				
	116	2	60.13112319298245	12.02622463859649	0.0	0.0	1	1.03957290516776	10.45029125940489	230.0	16	1.05	0.95				
	117	1	0.0	0.0	0.0	0.0	1	1.0426478330951872	15.370059250111803	230.0	17	1.05	0.95				
	118	2	200.23664023263157	40.88916377122807	0.0	0.0	1	1.05	15.815181450083085	230.0	17	1.05	0.95				
	119	1	108.83733297929822	22.248515581403506	0.0	0.0	1	1.033064445944554	7.425741087946874	230.0	15	1.05	0.95				
	120	1	76.96783768701754	15.634092030175436	0.0	0.0	1	1.033983862401714	5.931924999067169	230.0	15	1.05	0.95				
	121	2	0.0	0.0	0.0	0.0	1	1.05	17.647589247571393	230.0	17	1.05	0.95				
	122	2	0.0	0.0	0.0	0.0	1	1.05	32.02356114109593	230.0	17	1.05	0.95				
	123	2	0.0	0.0	0.0	0.0	1	1.0358520002751852	5.562481956722429	230.0	15	1.05	0.95				
	124	1	0.0	0.0	0.0	0.0	1	1.0200483265461389	7.097236727811182	230.0	16	1.05	0.95				
	201	2	61.21643316631579	12.470014163508772	0.0	0.0	2	1.02349549705178	-14.535160474408457	138.0	21	1.05	0.95				
	202	2	54.981426084561406	11.336376512280703	0.0	0.0	2	1.0245240325418863	-14.353888724089137	138.0	22	1.05	0.95				
	203	1	102.02738861052632	20.972296547719296	0.0	0.0	2	1.015634087637949	-12.667969933658432	138.0	21	1.05	0.95				
	204	1	41.94459309543859	8.502282384210526	0.0	0.0	2	1.0149856440049987	-15.540624426065326	138.0	21	1.05	0.95				
	205	1	40.244136618596485	7.935463558596492	0.0	0.0	2	1.029673449672188	-15.951500308076808	138.0	21	1.05	0.95				
	206	1	77.08736028350877	15.870927117192984	0.0	-100.0	2	1.0402414528961557	-17.24484922448919	138.0	22	1.05	0.95				
	207	2	70.85235320175438	14.170470640350876	0.0	0.0	2	0.9899482149296243	-25.367560534835295	138.0	22	1.05	0.95				
	208	1	96.92601918	19.838658896491225	0.0	0.0	2	0.9912238698300241	-22.67204617055702	138.0	22	1.05	0.95				
	209	1	99.19329448245614	20.40547772210526	0.0	0.0	2	1.0242417754108255	-14.187351633178451	138.0	23	1.05	0.95				
	210	1	110.52967099473683	22.672753024561406	0.0	0.0	2	1.05	-15.571970446071536	138.0	23	1.05	0.95				
	211	1	0.0	0.0	0.0	0.0	2	1.0151273456954057	-10.361953481696254	230.0	23	1.05	0.95				
	212	1	0.0	0.0	0.0	0.0	2	1.013379162583025	-8.713366166736787	230.0	23	1.05	0.95				
	213	2	150.2069887877193	30.608216583157894	0.0	0.0	2	1.018929245109284	-8.129052797153893	230.0	24	1.05	0.95				
	214	2	109.96285216912281	22.10593419894737	0.0	0.0	2	1.0212613735734695	-7.797258223733154	230.0	26	1.05	0.95				
	215	2	179.6815677196491	36.276404839298245	0.0	0.0	2	1.0346279265100686	-0.888968765099921	230.0	26	1.05	0.95				
	216	2	56.681882561403505	11.336376512280703	0.0	0.0	2	1.0369700751631779	-0.713386046042655	230.0	26	1.05	0.95				
	217	1	0.0	0.0	0.0	0.0	2	1.038513701825251	0.8674104232848004	230.0	27	1.05	0.95				
	218	2	188.75066892947368	38.543680141754386	0.0	0.0	2	1.0369511641556386	0.009861259829520871	230.0	27	1.05	0.95				
	219	1	102.59420743614037	20.972296547719296	0.0	0.0	2	1.0382859870782517	0.4537320599892842	230.0	25	1.05	0.95				
	220	1	72.55280967859649	14.737289465964912	0.0	0.0	2	1.0444837528205309	2.5330662194250615	230.0	25	1.05	0.95				
	221	2	0.0	0.0	0.0	0.0	2	1.0384342527073602	0.5223926235377382	230.0	27	1.05	0.95				
	222	2	0.0	0.0	0.0	0.0	2	1.05	7.159199814956184	230.0	27	1.05	0.95				
	223	2	0.0	0.0	0.0	0.0	2	1.05	4.0795758511946065	230.0	25	1.05	0.95				
	224	1	0.0	0.0	0.0	0.0	2	1.0128690749844378	-5.266881048452264	230.0	26	1.05	0.95				
	301	2	56.04998418947369	11.417589371929823	0.0	0.0	3	1.015670743117338	6.44272153255679	138.0	31	1.05	0.95				
	302	2	50.341189503508765	10.379626701754386	0.0	0.0	3	1.0139104760669266	6.108394951829569	138.0	32	1.05	0.95				
	303	1	93.41664031578946	19.202309398245614	0.0	0.0	3	1.049577759896825	19.517188874448646	138.0	31	1.05	0.95				
	304	1	38.40461879649123	7.784720026315789	0.0	0.0	3	1.0099481337546892	7.2082986254297685	138.0	31	1.05	0.95				
	305	1	36.847674791228066	7.26573869122807	0.0	0.0	3	1.026350652261387	5.886447090647383	138.0	31	1.05	0.95				
	306	1	70.58146157192982	14.53147738245614	0.0	-100.0	3	1.0392630455986176	4.969805787802537	138.0	32	1.05	0.95				
	307	2	64.87266688596492	12.974533377192982	0.0	0.0	3	0.9894971272320178	-0.889273052822879	138.0	32	1.05	0.95				
	308	1	88.7458083	18.164346728070175	0.0	0.0	3	0.9928715827709237	1.5405116710761024	138.0	32	1.05	0.95				
	309	1	90.82173364035087	18.68332806315789	0.0	0.0	3	1.0233194477952865	10.247076548060422	138.0	33	1.05	0.95				
	310	1	101.20136034210525	20.759253403508772	0.0	0.0	3	1.05	6.993055837186515	138.0	33	1.05	0.95				
	311	1	0.0	0.0	0.0	0.0	3	1.0112585921906452	12.389174294596426	230.0	33	1.05	0.95				
	312	1	0.0	0.0	0.0	0.0	3	1.0135956478024588	12.3586252618234	230.0	33	1.05	0.95				
	313	2	137.5300537982456	28.024992094736845	0.0	0.0	3	1.0120718419257273	14.907405363900432	230.0	34	1.05	0.95				
	314	2	100.68237900701753	20.240272068421053	0.0	0.0	3	1.0143479955184678	14.025600655727409	230.0	36	1.05	0.95				
	315	2	164.517083222807	33.21480544561403	0.0	0.0	3	1.043367142305926	17.59367712074358	230.0	36	1.05	0.95				
	316	2	51.89813350877193	10.379626701754386	0.0	0.0	3	1.0370218750371374	17.479292489321697	230.0	36	1.05	0.95				
	317	1	0.0	0.0	0.0	0.0	3	1.05	22.330147510732736	230.0	37	1.05	0.95				
	318	2	172.82078458421054	35.29073078596491	0.0	0.0	3	1.0455726534845062	19.166796859526677	230.0	37	1.05	0.95				
	319	1	93.93562165087718	19.202309398245614	0.0	0.0	3	1.02938874614816	16.173854749496012	230.0	35	1.05	0.95				
	320	1	66.42961089122807	13.493514712280701	0.0	0.0	3	1.0255953949012326	15.410975694945371	230.0	35	1.05	0.95				
	321	2	0.0	0.0	0.0	0.0	3	1.0457971374278567	19.30522894814087	230.0	37	1.05	0.95				
	322	2	0.0	0.0	0.0	0.0	3	1.05	24.83560980883635	230.0	37	1.05	0.95				
	323	2	0.0	0.0	0.0	0.0	3	1.0242008411384715	15.291405192438576	230.0	35	1.05	0.95				
	324	1	0.0	0.0	0.0	0.0	3	1.0434035354206683	18.97518066494622	230.0	36	1.05	0.95				
	325	1	0.0	0.0	0.0	0.0	3	1.0267460780117648	15.506220175915091	230.0	35	1.05	0.95				
];
