%% MATPOWER Case Format : Version 2
function mpc = RTS_GMLC
mpc.version = '2';

%%-----  Power Flow Data  -----%%
%% system MVA base
mpc.baseMVA = 100.0;
%% bus data
%    bus_i    type    Pd    Qd    Gs    Bs    area    Vm    Va    baseKV    zone    Vmax    Vmin
mpc.bus = [
	101	2	62.4834240631579	12.728104901754387	0.0	0.0	1	1.0345326152037044	-1.493907274377465	138.0	11	1.05	0.95				
	102	2	56.1193716122807	11.57100445614035	0.0	0.0	1	1.0337520242639806	-1.7792030310174294	138.0	12	1.05	0.95				
	103	1	104.13904010526316	21.406358243859646	0.0	0.0	1	1.02397068225147	-0.2029892706524805	138.0	11	1.05	0.95				
	104	1	42.81271648771929	8.678253342105261	0.0	0.0	1	1.0185862774220307	-4.35415460908465	138.0	11	1.05	0.95				
	105	1	41.07706581929824	8.099703119298246	0.0	0.0	1	1.0345668487793178	-4.44947220950776	138.0	11	1.05	0.95				
	106	1	78.6828303017544	16.19940623859649	0.0	-100.0	1	1.0415150429095978	-6.704211475339527	138.0	12	1.05	0.95				
	107	2	72.3187778508772	14.463755570175438	0.0	0.0	1	1.0004051095436026	-14.383532521319221	138.0	12	1.05	0.95				
	108	1	98.93208809999999	20.249257798245612	0.0	0.0	1	0.9976604994527604	-12.152568149513192	138.0	12	1.05	0.95				
	109	1	101.24628899122807	20.82780802105263	0.0	0.0	1	1.0239645877250936	-4.117305420559622	138.0	13	1.05	0.95				
	110	1	112.81729344736841	23.1420089122807	0.0	0.0	1	1.05	-5.626226568330298	138.0	13	1.05	0.95				
	111	1	0.0	0.0	0.0	0.0	1	1.011118177279957	-0.7523586789386002	230.0	13	1.05	0.95				
	112	1	0.0	0.0	0.0	0.0	1	1.0133944547509544	-0.9621549721099103	230.0	13	1.05	0.95				
	113	3	153.31580904385964	31.24171203157895	0.0	0.0	1	1.0109834597550247	-2.6097195662202804e-32	230.0	14	1.05	0.95				
	114	2	112.2387432245614	22.563458689473684	0.0	0.0	1	1.0157874375061202	2.758320871225232	230.0	16	1.05	0.95				
	115	2	183.40042062982457	37.02721425964912	0.0	0.0	1	1.0421560397703338	12.542484586755702	230.0	16	1.05	0.95				
	116	2	57.85502228070175	11.57100445614035	0.0	0.0	1	1.038352105513202	11.18506498752473	230.0	16	1.05	0.95				
	117	1	0.0	0.0	0.0	0.0	1	1.0415738408791029	15.761520778225618	230.0	17	1.05	0.95				
	118	2	192.65722419473684	39.3414151508772	0.0	0.0	1	1.0476488380238527	16.1876835519121	230.0	17	1.05	0.95				
	119	1	104.71759032807017	21.406358243859646	0.0	0.0	1	1.030559279181977	8.134822287248168	230.0	15	1.05	0.95				
	120	1	74.05442851929824	15.042305792982456	0.0	0.0	1	1.0301811479240344	6.579501658649205	230.0	15	1.05	0.95				
	121	2	0.0	0.0	0.0	0.0	1	1.05	17.93177579297638	230.0	17	1.05	0.95				
	122	2	0.0	0.0	0.0	0.0	1	1.05	31.128152716228314	230.0	17	1.05	0.95				
	123	2	0.0	0.0	0.0	0.0	1	1.0312598937564337	6.161791846105793	230.0	15	1.05	0.95				
	124	1	0.0	0.0	0.0	0.0	1	1.0192731824225254	7.799485618191538	230.0	16	1.05	0.95				
	201	2	62.491421368421065	12.72973398245614	0.0	0.0	2	1.0229961171128494	-15.664278554388789	138.0	21	1.05	0.95				
	202	2	56.12655437719298	11.572485438596491	0.0	0.0	2	1.0240379811095253	-15.498741189350088	138.0	22	1.05	0.95				
	203	1	104.15236894736843	21.40909806140351	0.0	0.0	2	1.0154411169641806	-13.230844097520848	138.0	21	1.05	0.95				
	204	1	42.81819612280702	8.67936407894737	0.0	0.0	2	1.0144508692146053	-16.68217813519628	138.0	21	1.05	0.95				
	205	1	41.082323307017546	8.100739807017545	0.0	0.0	2	1.0292422488759745	-17.146287616638805	138.0	21	1.05	0.95				
	206	1	78.69290098245615	16.20147961403509	0.0	-100.0	2	1.0397586941552222	-18.48772656061723	138.0	22	1.05	0.95				
	207	2	72.32803399122807	14.465606798245615	0.0	0.0	2	0.9896476497887196	-26.770671543121217	138.0	22	1.05	0.95				
	208	1	98.9447505	20.25184951754386	0.0	0.0	2	0.9904521496978537	-24.007948711871126	138.0	22	1.05	0.95				
	209	1	101.25924758771929	20.830473789473682	0.0	0.0	2	1.0241145927123814	-15.276916064599687	138.0	23	1.05	0.95				
	210	1	112.83173302631579	23.144970877192982	0.0	0.0	2	1.05	-16.794508502584968	138.0	23	1.05	0.95				
	211	1	0.0	0.0	0.0	0.0	2	1.0158055375811923	-11.355288165122605	230.0	23	1.05	0.95				
	212	1	0.0	0.0	0.0	0.0	2	1.0147211498314015	-10.001222550287903	230.0	23	1.05	0.95				
	213	2	153.3354320614035	31.245710684210533	0.0	0.0	2	1.0213631160510284	-9.412809664797557	230.0	24	1.05	0.95				
	214	2	112.25310875438596	22.56634660526316	0.0	0.0	2	1.0218268244539033	-8.385986193175619	230.0	26	1.05	0.95				
	215	2	183.42389420175436	37.03195340350877	0.0	0.0	2	1.0346567703948748	-0.7234872923968878	230.0	26	1.05	0.95				
	216	2	57.86242719298246	11.572485438596491	0.0	0.0	2	1.0368413663924057	-0.6570658918063845	230.0	26	1.05	0.95				
	217	1	0.0	0.0	0.0	0.0	2	1.0386062676354573	1.878155898640344	230.0	27	1.05	0.95				
	218	2	192.68188255263158	39.346450491228076	0.0	0.0	2	1.0384562553515218	1.6090967238393143	230.0	27	1.05	0.95				
	219	1	104.73099321929824	21.40909806140351	0.0	0.0	2	1.038565728991649	-0.22300013735296714	230.0	25	1.05	0.95				
	220	1	74.06390680701755	15.04423107017544	0.0	0.0	2	1.0448073375232036	1.2449649343641143	230.0	25	1.05	0.95				
	221	2	0.0	0.0	0.0	0.0	2	1.0394400491497988	1.6196343755763323	230.0	27	1.05	0.95				
	222	2	0.0	0.0	0.0	0.0	2	1.05	8.223040687053167	230.0	27	1.05	0.95				
	223	2	0.0	0.0	0.0	0.0	2	1.05	2.4672082853540833	230.0	25	1.05	0.95				
	224	1	0.0	0.0	0.0	0.0	2	1.011835394565025	-5.372456285199231	230.0	26	1.05	0.95				
	301	2	53.88041758736842	10.975640619649123	0.0	0.0	3	1.0233867303988808	6.844863159987982	138.0	31	1.05	0.95				
	302	2	48.39259727754385	9.97785510877193	0.0	0.0	3	1.0199592862092284	6.485295699553417	138.0	32	1.05	0.95				
	303	1	89.80069597894736	18.45903195122807	0.0	0.0	3	1.05	21.840497940117274	138.0	31	1.05	0.95				
	304	1	36.91806390245614	7.483391331578947	0.0	0.0	3	1.00720724286168	7.606101057071153	138.0	31	1.05	0.95				
	305	1	35.42138563614034	6.984498576140351	0.0	0.0	3	1.0262128770301464	5.889397578803781	138.0	31	1.05	0.95				
	306	1	67.84941473964913	13.968997152280702	0.0	-100.0	3	1.034349930410598	4.756584885352131	138.0	32	1.05	0.95				
	307	2	62.361594429824564	12.472318885964912	0.0	0.0	3	0.9500000109937603	5.642640538461453	138.0	32	1.05	0.95				
	308	1	85.31066118	17.461246440350877	0.0	0.0	3	0.9691052364783715	5.199185382183295	138.0	32	1.05	0.95				
	309	1	87.30623220175437	17.96013919578947	0.0	0.0	3	1.0127010347143381	10.622588059499552	138.0	33	1.05	0.95				
	310	1	97.28408731052632	19.95571021754386	0.0	0.0	3	1.041117389366811	6.532094258902912	138.0	33	1.05	0.95				
	311	1	0.0	0.0	0.0	0.0	3	1.0017389703971127	10.949121641465524	230.0	33	1.05	0.95				
	312	1	0.0	0.0	0.0	0.0	3	1.0068588193115515	11.235259894287239	230.0	33	1.05	0.95				
	313	2	132.20658019122806	26.94020879368421	0.0	0.0	3	1.0044239064777105	13.242926749178046	230.0	34	1.05	0.95				
	314	2	96.7851945550877	19.456817462105263	0.0	0.0	3	0.9992026260737347	11.39761191767879	230.0	36	1.05	0.95				
	315	2	158.14900347403506	31.929136348070173	0.0	0.0	3	1.0494364731287282	15.355240787219321	230.0	36	1.05	0.95				
	316	2	49.88927554385965	9.97785510877193	0.0	0.0	3	1.038202334317107	14.984351081067755	230.0	36	1.05	0.95				
	317	1	0.0	0.0	0.0	0.0	3	1.05	19.620678041526418	230.0	37	1.05	0.95				
	318	2	166.13128756105263	33.92470736982457	0.0	0.0	3	1.0454847322538445	16.70404685559081	230.0	37	1.05	0.95				
	319	1	90.29958873438596	18.45903195122807	0.0	0.0	3	1.0272537822407524	13.533708142756918	230.0	35	1.05	0.95				
	320	1	63.85827269614035	12.971211641403507	0.0	0.0	3	1.0217487675582861	13.226381690086116	230.0	35	1.05	0.95				
	321	2	0.0	0.0	0.0	0.0	3	1.0464449702569967	16.91091949602983	230.0	37	1.05	0.95				
	322	2	0.0	0.0	0.0	0.0	3	1.05	22.318169068521815	230.0	37	1.05	0.95				
	323	2	0.0	0.0	0.0	0.0	3	1.019582478716124	13.444488079096407	230.0	35	1.05	0.95				
	324	1	0.0	0.0	0.0	0.0	3	1.0470209616221056	17.837666753315624	230.0	36	1.05	0.95				
	325	1	0.0	0.0	0.0	0.0	3	1.0219632734851485	13.844901658877058	230.0	35	1.05	0.95				
];
