%% MATPOWER Case Format : Version 2
function mpc = RTS_GMLC
mpc.version = '2';

%%-----  Power Flow Data  -----%%
%% system MVA base
mpc.baseMVA = 100.0;
%% bus data
%    bus_i    type    Pd    Qd    Gs    Bs    area    Vm    Va    baseKV    zone    Vmax    Vmin
mpc.bus = [
	101	2	81.22711528421053	16.5462642245614	0.0	0.0	1	1.0312722987345435	-2.074442171131419	138.0	11	1.05	0.95				
	102	2	72.95398317192982	15.042058385964912	0.0	0.0	1	1.0315476812047184	-2.0965622665475623	138.0	12	1.05	0.95				
	103	1	135.37852547368422	27.82780801403509	0.0	0.0	1	1.0211672968538548	-1.9900928830603712	138.0	11	1.05	0.95				
	104	1	55.65561602807018	11.281543789473684	0.0	0.0	1	1.0155221007039144	-5.249164628136995	138.0	11	1.05	0.95				
	105	1	53.399307270175434	10.52944087017544	0.0	0.0	1	1.0303821433630507	-5.3627188915801085	138.0	11	1.05	0.95				
	106	1	102.2859970245614	21.05888174035088	0.0	-100.0	1	1.0356316560810386	-7.869835638369068	138.0	12	1.05	0.95				
	107	2	94.01286491228069	18.80257298245614	0.0	0.0	1	1.05	-6.648885162047553	138.0	12	1.05	0.95				
	108	1	128.6095992	26.323602175438594	0.0	0.0	1	1.0255531476069317	-8.499051607597728	138.0	12	1.05	0.95				
	109	1	131.61801087719297	27.07570509473684	0.0	0.0	1	1.0267713752243026	-4.7866282173981025	138.0	13	1.05	0.95				
	110	1	146.66006926315788	30.084116771929825	0.0	0.0	1	1.05	-6.315983228683863	138.0	13	1.05	0.95				
	111	1	0.0	0.0	0.0	0.0	1	1.0145326113096687	-1.6906894390739176	230.0	13	1.05	0.95				
	112	1	0.0	0.0	0.0	0.0	1	1.0174945435596647	-1.160589934428891	230.0	13	1.05	0.95				
	113	3	199.30727361403507	40.61355764210526	0.0	0.0	1	1.0176098466148897	4.527190168873763e-29	230.0	14	1.05	0.95				
	114	2	145.90796634385964	29.332013852631576	0.0	0.0	1	1.017087795270578	0.7253618007732913	230.0	16	1.05	0.95				
	115	2	238.41662541754386	48.13458683508772	0.0	0.0	1	1.0437370870444718	9.47968959417951	230.0	16	1.05	0.95				
	116	2	75.21029192982456	15.042058385964912	0.0	0.0	1	1.0420623159365332	8.680541915082332	230.0	16	1.05	0.95				
	117	1	0.0	0.0	0.0	0.0	1	1.0446960236473921	12.440141631510643	230.0	17	1.05	0.95				
	118	2	250.45027212631575	51.1429985122807	0.0	0.0	1	1.048986650629864	12.673744601743973	230.0	17	1.05	0.95				
	119	1	136.13062839298243	27.82780801403509	0.0	0.0	1	1.0367045233185397	6.774854618331132	230.0	15	1.05	0.95				
	120	1	96.26917367017543	19.554675901754386	0.0	0.0	1	1.0385564774796014	6.2671100813021345	230.0	15	1.05	0.95				
	121	2	0.0	0.0	0.0	0.0	1	1.05	14.14127288515371	230.0	17	1.05	0.95				
	122	2	0.0	0.0	0.0	0.0	1	1.05	25.993084693303995	230.0	17	1.05	0.95				
	123	2	0.0	0.0	0.0	0.0	1	1.041542446566613	6.544554239461754	230.0	15	1.05	0.95				
	124	1	0.0	0.0	0.0	0.0	1	1.0209236608602608	5.231307218942199	230.0	16	1.05	0.95				
	201	2	104.77002990315792	21.342043128421054	0.0	0.0	2	1.05	-18.292002357573814	138.0	21	1.05	0.95				
	202	2	94.09900833894737	19.401857389473687	0.0	0.0	2	1.05	-18.438693625412533	138.0	22	1.05	0.95				
	203	1	174.61671650526316	35.893436170526314	0.0	0.0	2	1.0178168167761872	-12.901107834708121	138.0	21	1.05	0.95				
	204	1	71.78687234105263	14.551393042105262	0.0	0.0	2	1.0153292794353739	-19.065074760809413	138.0	21	1.05	0.95				
	205	1	68.87659373263158	13.58130017263158	0.0	0.0	2	1.034133297540509	-19.734773533042727	138.0	21	1.05	0.95				
	206	1	131.93263024842105	27.16260034526316	0.0	-100.0	2	1.028989435524599	-21.4761763859801	138.0	22	1.05	0.95				
	207	2	121.26160868421051	24.252321736842106	0.0	0.0	2	0.95	-29.487735839021404	138.0	22	1.05	0.95				
	208	1	165.88588068	33.953250431578944	0.0	0.0	2	0.950191769968183	-27.31078185674905	138.0	22	1.05	0.95				
	209	1	169.76625215789474	34.923343301052626	0.0	0.0	2	1.0195466398211883	-15.629024754796779	138.0	23	1.05	0.95				
	210	1	189.16810954736843	38.80371477894737	0.0	0.0	2	1.043111015399113	-18.15264435467547	138.0	23	1.05	0.95				
	211	1	0.0	0.0	0.0	0.0	2	1.0296853656818097	-10.514311597568	230.0	23	1.05	0.95				
	212	1	0.0	0.0	0.0	0.0	2	1.02228591050972	-5.875243688518238	230.0	23	1.05	0.95				
	213	2	257.0746104105263	52.38501495157896	0.0	0.0	2	1.05	-6.039650028891415	230.0	24	1.05	0.95				
	214	2	188.19801667789474	37.833621909473685	0.0	0.0	2	1.05	-8.394689869218485	230.0	26	1.05	0.95				
	215	2	307.5194396231579	62.08594364631579	0.0	0.0	2	1.0418308748724636	0.8938052324310736	230.0	26	1.05	0.95				
	216	2	97.00928694736842	19.401857389473687	0.0	0.0	2	1.0462757746425595	0.6538377470576778	230.0	26	1.05	0.95				
	217	1	0.0	0.0	0.0	0.0	2	1.048314401628166	3.9862869639402354	230.0	27	1.05	0.95				
	218	2	323.04092553473686	65.96631512421052	0.0	0.0	2	1.05	4.3756685527643215	230.0	27	1.05	0.95				
	219	1	175.58680937473684	35.893436170526314	0.0	0.0	2	1.0401395588835407	0.31291829613273087	230.0	25	1.05	0.95				
	220	1	124.17188729263158	25.22241460631579	0.0	0.0	2	1.0441066784511388	1.8353895171570043	230.0	25	1.05	0.95				
	221	2	0.0	0.0	0.0	0.0	2	1.05	4.950152081144378	230.0	27	1.05	0.95				
	222	2	0.0	0.0	0.0	0.0	2	1.05	11.083825821413157	230.0	27	1.05	0.95				
	223	2	0.0	0.0	0.0	0.0	2	1.05	3.36977306266661	230.0	25	1.05	0.95				
	224	1	0.0	0.0	0.0	0.0	2	1.0152835761477317	-4.213777869276773	230.0	26	1.05	0.95				
	301	2	83.1781081894737	16.943688705263156	0.0	0.0	3	1.0171214178220813	-11.114447234183038	138.0	31	1.05	0.95				
	302	2	74.7062638368421	15.403353368421055	0.0	0.0	3	1.015700388704993	-11.41656435736695	138.0	32	1.05	0.95				
	303	1	138.6301803157895	28.49620373157895	0.0	0.0	3	1.0433883936934991	2.2233713490147284	138.0	31	1.05	0.95				
	304	1	56.9924074631579	11.552515026315788	0.0	0.0	3	1.0068697628217804	-9.043543534529526	138.0	31	1.05	0.95				
	305	1	54.68190445789474	10.782347357894738	0.0	0.0	3	1.0229219170765953	-10.493976186550348	138.0	31	1.05	0.95				
	306	1	104.74280290526316	21.564694715789475	0.0	-100.0	3	1.0320145039563036	-10.972036485921498	138.0	32	1.05	0.95				
	307	2	96.27095855263158	19.254191710526317	0.0	0.0	3	0.9718315822845399	-18.22215916393938	138.0	32	1.05	0.95				
	308	1	131.6986713	26.955868394736843	0.0	0.0	3	0.977485371993934	-14.488884868034125	138.0	32	1.05	0.95				
	309	1	134.7793419736842	27.726036063157895	0.0	0.0	3	1.028352691465474	-3.9640428805351435	138.0	33	1.05	0.95				
	310	1	150.18269534210526	30.80670673684211	0.0	0.0	3	1.05	-7.40581586989554	138.0	33	1.05	0.95				
	311	1	0.0	0.0	0.0	0.0	3	1.0271706063174713	0.7529414245017915	230.0	33	1.05	0.95				
	312	1	0.0	0.0	0.0	0.0	3	1.0259857752792416	1.190986180302057	230.0	33	1.05	0.95				
	313	2	204.09443213157897	41.58905409473685	0.0	0.0	3	1.0448961240734347	5.426761684178477	230.0	34	1.05	0.95				
	314	2	149.4125276736842	30.036539068421053	0.0	0.0	3	1.0404120281154539	2.901226595845128	230.0	36	1.05	0.95				
	315	2	244.14315088947367	49.29073077894737	0.0	0.0	3	1.0491461294351854	5.580046757552965	230.0	36	1.05	0.95				
	316	2	77.01676684210527	15.403353368421055	0.0	0.0	3	1.0463067600068734	5.859863992954249	230.0	36	1.05	0.95				
	317	1	0.0	0.0	0.0	0.0	3	1.05	8.303710682042981	230.0	37	1.05	0.95				
	318	2	256.46583358421054	52.37140145263158	0.0	0.0	3	1.0462461621087578	7.079731950882935	230.0	37	1.05	0.95				
	319	1	139.40034798421053	28.49620373157895	0.0	0.0	3	1.0437535737666026	5.861954063213038	230.0	35	1.05	0.95				
	320	1	98.58146155789474	20.02435937894737	0.0	0.0	3	1.0450450994676537	5.9692517326143575	230.0	35	1.05	0.95				
	321	2	0.0	0.0	0.0	0.0	3	1.0499999697394482	8.126520074855824	230.0	37	1.05	0.95				
	322	2	0.0	0.0	0.0	0.0	3	1.05	12.54371772622045	230.0	37	1.05	0.95				
	323	2	0.0	0.0	0.0	0.0	3	1.046663656072609	6.129574183377393	230.0	35	1.05	0.95				
	324	1	0.0	0.0	0.0	0.0	3	1.043334358959157	6.132035741588209	230.0	36	1.05	0.95				
	325	1	0.0	0.0	0.0	0.0	3	1.0456417402197038	6.798292624481705	230.0	35	1.05	0.95				
];

%% generator data
%    bus    Pg    Qg    Qmax    Qmin    Vg    mBase    status    Pmax    Pmin    Pc1    Pc2    Qc1min    Qc1max    Qc2min    Qc2max    ramp_agc    ramp_10    ramp_30    ramp_q    apf
