%% MATPOWER Case Format : Version 2
function mpc = RTS_GMLC
mpc.version = '2';

%%-----  Power Flow Data  -----%%
%% system MVA base
mpc.baseMVA = 100.0;
%% bus data
%    bus_i    type    Pd    Qd    Gs    Bs    area    Vm    Va    baseKV    zone    Vmax    Vmin
mpc.bus = [
	101	2	72.16922315368423	14.701138049824564	0.0	0.0	1	1.0499999949513008	1.4070624294188971	138.0	11	1.05	0.95				
	102	2	64.81865412877194	13.364670954385968	0.0	0.0	1	1.0493877657842572	1.1271669282350603	138.0	12	1.05	0.95				
	103	1	120.2820385894737	24.72464126561404	0.0	0.0	1	1.0305448783904558	-0.5516787282938763	138.0	11	1.05	0.95				
	104	1	49.44928253122808	10.023503215789473	0.0	0.0	1	1.0270763712196314	-2.662724766468292	138.0	11	1.05	0.95				
	105	1	47.44458188807018	9.355269668070179	0.0	0.0	1	1.040028210772641	-3.029405138529445	138.0	11	1.05	0.95				
	106	1	90.87976248982457	18.710539336140357	0.0	-100.0	1	1.0415414977171966	-6.184978259428228	138.0	12	1.05	0.95				
	107	2	83.52919346491228	16.705838692982457	0.0	0.0	1	1.0060908051683737	-12.848375353680622	138.0	12	1.05	0.95				
	108	1	114.26793666000002	23.38817417017544	0.0	0.0	1	0.9997131859401658	-11.556738284885366	138.0	12	1.05	0.95				
	109	1	116.9408708508772	24.05640771789474	0.0	0.0	1	1.0260102242987748	-4.189596260501335	138.0	13	1.05	0.95				
	110	1	130.30554180526318	26.729341908771936	0.0	0.0	1	1.05	-5.512200029193863	138.0	13	1.05	0.95				
	111	1	0.0	0.0	0.0	0.0	1	1.01246107047866	-1.6040228093782771	230.0	13	1.05	0.95				
	112	1	0.0	0.0	0.0	0.0	1	1.0156851168790832	-1.1908601989917917	230.0	13	1.05	0.95				
	113	3	177.08189014561404	36.084611576842114	0.0	0.0	1	1.012624802638195	2.0662682293954948e-30	230.0	14	1.05	0.95				
	114	2	129.63730825754388	26.061108361052636	0.0	0.0	1	1.013729814161757	0.29845515576744197	230.0	16	1.05	0.95				
	115	2	211.83003462701757	42.76694705403509	0.0	0.0	1	1.0437678190119108	7.936754149079918	230.0	16	1.05	0.95				
	116	2	66.82335477192983	13.364670954385968	0.0	0.0	1	1.0408309374169558	7.001706037664433	230.0	16	1.05	0.95				
	117	1	0.0	0.0	0.0	0.0	1	1.04518567681264	10.07062578367549	230.0	17	1.05	0.95				
	118	2	222.52177139052637	45.439881244912286	0.0	0.0	1	1.047483201335592	10.6763591830463	230.0	17	1.05	0.95				
	119	1	120.95027213719301	24.72464126561404	0.0	0.0	1	1.033830429963702	5.298211362077199	230.0	15	1.05	0.95				
	120	1	85.53389410807019	17.374072240701757	0.0	0.0	1	1.0329685484937392	4.702218419227727	230.0	15	1.05	0.95				
	121	2	0.0	0.0	0.0	0.0	1	1.05	12.346269465879722	230.0	17	1.05	0.95				
	122	2	0.0	0.0	0.0	0.0	1	1.05	17.965095112816407	230.0	17	1.05	0.95				
	123	2	0.0	0.0	0.0	0.0	1	1.0340896687928525	4.8760939265789505	230.0	15	1.05	0.95				
	124	1	0.0	0.0	0.0	0.0	1	1.0280262489314818	4.769696190930918	230.0	16	1.05	0.95				
	201	2	71.2463403031579	14.513143395087718	0.0	0.0	2	1.0310252391306869	-14.223798216946815	138.0	21	1.05	0.95				
	202	2	63.98976860561403	13.193766722807018	0.0	0.0	2	1.0314959814237736	-14.221015087433372	138.0	22	1.05	0.95				
	203	1	118.74390050526316	24.408468437192983	0.0	0.0	2	1.0175659639561765	-12.34056322769465	138.0	21	1.05	0.95				
	204	1	48.816936874385966	9.895325042105261	0.0	0.0	2	1.0164612230066368	-15.800578123364726	138.0	21	1.05	0.95				
	205	1	46.83787186596491	9.235636705964913	0.0	0.0	2	1.0321498241232443	-16.12576097380197	138.0	21	1.05	0.95				
	206	1	89.71761371508772	18.471273411929825	0.0	-100.0	2	1.0390990084501615	-17.801047736571533	138.0	22	1.05	0.95				
	207	2	82.46104201754385	16.49220840350877	0.0	0.0	2	0.979546217480092	-27.57756164032395	138.0	22	1.05	0.95				
	208	1	112.80670547999998	23.08909176491228	0.0	0.0	2	0.9806573127963676	-24.362573861397586	138.0	22	1.05	0.95				
	209	1	115.44545882456138	23.74878010105263	0.0	0.0	2	1.0245926415888928	-14.408885195803835	138.0	23	1.05	0.95				
	210	1	128.63922554736843	26.387533445614036	0.0	0.0	2	1.05	-15.96312482741586	138.0	23	1.05	0.95				
	211	1	0.0	0.0	0.0	0.0	2	1.019791012583925	-10.591172942031386	230.0	23	1.05	0.95				
	212	1	0.0	0.0	0.0	0.0	2	1.018959658136718	-7.8278763053419	230.0	23	1.05	0.95				
	213	2	174.81740907719296	35.62317015157895	0.0	0.0	2	1.0240251372687277	-8.532006477062525	230.0	24	1.05	0.95				
	214	2	127.97953721122806	25.727845109473684	0.0	0.0	2	1.0303358376909164	-7.854113241731315	230.0	26	1.05	0.95				
	215	2	209.1212025564912	42.22005351298245	0.0	0.0	2	1.0403709994733785	0.30032676572715267	230.0	26	1.05	0.95				
	216	2	65.96883361403508	13.193766722807018	0.0	0.0	2	1.0422789739570903	0.060668976956631045	230.0	26	1.05	0.95				
	217	1	0.0	0.0	0.0	0.0	2	1.0438468068284041	2.7133147914433127	230.0	27	1.05	0.95				
	218	2	219.67621593473683	44.85880685754386	0.0	0.0	2	1.044513076083142	2.8831914739638558	230.0	27	1.05	0.95				
	219	1	119.40358884140349	24.408468437192983	0.0	0.0	2	1.041115475466141	-0.20538385497305062	230.0	25	1.05	0.95				
	220	1	84.4401070259649	17.15189673964912	0.0	0.0	2	1.0456166751531413	0.8040337891011518	230.0	25	1.05	0.95				
	221	2	0.0	0.0	0.0	0.0	2	1.0447391028266648	2.7865642130367876	230.0	27	1.05	0.95				
	222	2	0.0	0.0	0.0	0.0	2	1.05	9.264993030496282	230.0	27	1.05	0.95				
	223	2	0.0	0.0	0.0	0.0	2	1.05	1.8360938873538313	230.0	25	1.05	0.95				
	224	1	0.0	0.0	0.0	0.0	2	1.01594358262023	-4.383183957417122	230.0	26	1.05	0.95				
	301	2	65.27491298526316	13.296741534035087	0.0	0.0	3	0.9926456930644565	1.5290266228315137	138.0	31	1.05	0.95				
	302	2	58.6265422182456	12.087946849122806	0.0	0.0	3	0.9926004948040039	1.4963640560269658	138.0	32	1.05	0.95				
	303	1	108.79152164210527	22.36270167087719	0.0	0.0	3	1.0150495233612082	4.521373300672829	138.0	31	1.05	0.95				
	304	1	44.72540334175438	9.065960136842104	0.0	0.0	3	1.000171542982635	3.654611616479448	138.0	31	1.05	0.95				
	305	1	42.91221131438596	8.461562794385966	0.0	0.0	3	1.011908216273869	3.502204484031019	138.0	31	1.05	0.95				
	306	1	82.19803857403508	16.92312558877193	0.0	-100.0	3	1.0309707259256546	3.9216170407778894	138.0	32	1.05	0.95				
	307	2	75.54966780701754	15.109933561403507	0.0	0.0	3	0.9890469472311887	-0.23888812756899822	138.0	32	1.05	0.95				
	308	1	103.35194555999998	21.15390698596491	0.0	0.0	3	0.9987189825089978	2.490723021857759	138.0	32	1.05	0.95				
	309	1	105.76953492982454	21.758304328421048	0.0	0.0	3	1.0279941761009963	7.866832868619964	138.0	33	1.05	0.95				
	310	1	117.85748177894735	24.175893698245613	0.0	0.0	3	1.05	7.395836537702755	138.0	33	1.05	0.95				
	311	1	0.0	0.0	0.0	0.0	3	1.018355178883816	13.73130439268313	230.0	33	1.05	0.95				
	312	1	0.0	0.0	0.0	0.0	3	1.0234943654824888	15.136296048842757	230.0	33	1.05	0.95				
	313	2	160.16529575087716	32.63745649263158	0.0	0.0	3	1.0450818647259028	22.231593386193328	230.0	34	1.05	0.95				
	314	2	117.2530844364912	23.571496355789474	0.0	0.0	3	1.020318088810754	12.208979511202429	230.0	36	1.05	0.95				
	315	2	191.5939575585965	38.68142991719298	0.0	0.0	3	1.0360314092276055	7.0001502684279435	230.0	36	1.05	0.95				
	316	2	60.43973424561403	12.087946849122806	0.0	0.0	3	1.0378170233133133	8.466443007511236	230.0	36	1.05	0.95				
	317	1	0.0	0.0	0.0	0.0	3	1.0410685541285307	7.31792937663597	230.0	37	1.05	0.95				
	318	2	201.26431503789473	41.09901928701754	0.0	0.0	3	1.0396647727928385	6.145931661641606	230.0	37	1.05	0.95				
	319	1	109.3959189845614	22.36270167087719	0.0	0.0	3	1.03743197701337	11.338776762069081	230.0	35	1.05	0.95				
	320	1	77.36285983438596	15.714330903859649	0.0	0.0	3	1.0400834733010602	13.4960091253065	230.0	35	1.05	0.95				
	321	2	0.0	0.0	0.0	0.0	3	1.03993467400211	6.995416532474786	230.0	37	1.05	0.95				
	322	2	0.0	0.0	0.0	0.0	3	1.05	11.440072930956827	230.0	37	1.05	0.95				
	323	2	0.0	0.0	0.0	0.0	3	1.0416716672121047	14.346467078855897	230.0	35	1.05	0.95				
	324	1	0.0	0.0	0.0	0.0	3	1.0250979409831096	7.920430681249167	230.0	36	1.05	0.95				
	325	1	0.0	0.0	0.0	0.0	3	1.0435416882741133	14.181155445978565	230.0	35	1.05	0.95				
];
