%% MATPOWER Case Format : Version 2
function mpc = RTS_GMLC
mpc.version = '2';

%%-----  Power Flow Data  -----%%
%% system MVA base
mpc.baseMVA = 100.0;
%% bus data
%    bus_i    type    Pd    Qd    Gs    Bs    area    Vm    Va    baseKV    zone    Vmax    Vmin
mpc.bus = [
	101	2	100.13112322105262	20.39708065614035	0.0	0.0	1	1.0385481927934	-7.008272377310727	138.0	11	1.05	0.95				
	102	2	89.93258289298245	18.542800596491226	0.0	0.0	1	1.0384333986454657	-7.099787930168612	138.0	12	1.05	0.95				
	103	1	166.88520536842105	34.30418110350877	0.0	0.0	1	1.0125201062052729	-6.802911999747708	138.0	11	1.05	0.95				
	104	1	68.60836220701754	13.90710044736842	0.0	0.0	1	1.016182904543225	-9.427983264248128	138.0	11	1.05	0.95				
	105	1	65.82694211754385	12.97996041754386	0.0	0.0	1	1.0320492528727254	-9.710034079234346	138.0	11	1.05	0.95				
	106	1	126.09104405614036	25.95992083508772	0.0	-100.0	1	1.0324608766843066	-12.068156380567798	138.0	12	1.05	0.95				
	107	2	115.89250372807017	23.178500745614034	0.0	0.0	1	1.05	-6.798796019502525	138.0	12	1.05	0.95				
	108	1	158.5409451	32.44990104385965	0.0	0.0	1	1.0201079345974193	-10.464204493389087	138.0	12	1.05	0.95				
	109	1	162.24950521929824	33.377041073684204	0.0	0.0	1	1.026991821068523	-7.864845412787377	138.0	13	1.05	0.95				
	110	1	180.79230581578946	37.08560119298245	0.0	0.0	1	1.05	-9.541208064521014	138.0	13	1.05	0.95				
	111	1	0.0	0.0	0.0	0.0	1	1.022855063257555	-3.650221003048573	230.0	13	1.05	0.95				
	112	1	0.0	0.0	0.0	0.0	1	1.020773462777185	-2.3535886177313783	230.0	13	1.05	0.95				
	113	3	245.6921079035087	50.06556161052631	0.0	0.0	1	1.0328763806372114	4.564087156497788e-29	230.0	14	1.05	0.95				
	114	2	179.8651657859649	36.158461163157895	0.0	0.0	1	1.032433704001285	-1.8845054736296014	230.0	16	1.05	0.95				
	115	2	293.90338945438594	59.336961908771926	0.0	0.0	1	1.042157811206369	6.60289719578713	230.0	16	1.05	0.95				
	116	2	92.71400298245614	18.542800596491226	0.0	0.0	1	1.0444466832961186	6.320180505710448	230.0	16	1.05	0.95				
	117	1	0.0	0.0	0.0	0.0	1	1.0470894533444435	9.895978980532728	230.0	17	1.05	0.95				
	118	2	308.73762993157897	63.04552202807018	0.0	0.0	1	1.0499999970207958	10.464684356103819	230.0	17	1.05	0.95				
	119	1	167.8123453982456	34.30418110350877	0.0	0.0	1	1.0397142084235782	5.261340897291729	230.0	15	1.05	0.95				
	120	1	118.67392381754385	24.105640775438594	0.0	0.0	1	1.0443411753722651	6.076940002129496	230.0	15	1.05	0.95				
	121	2	0.0	0.0	0.0	0.0	1	1.05	11.526104274302563	230.0	17	1.05	0.95				
	122	2	0.0	0.0	0.0	0.0	1	1.05	20.168979426994042	230.0	17	1.05	0.95				
	123	2	0.0	0.0	0.0	0.0	1	1.05	7.1944328241848625	230.0	15	1.05	0.95				
	124	1	0.0	0.0	0.0	0.0	1	1.0140843281493759	1.6657397261858642	230.0	16	1.05	0.95				
	201	2	100.55406895578949	20.483236268771932	0.0	0.0	2	1.05	-14.069050154819886	138.0	21	1.05	0.95				
	202	2	90.31245082140352	18.621123880701756	0.0	0.0	2	1.05	-14.100771761866085	138.0	22	1.05	0.95				
	203	1	167.59011492631578	34.449079179298245	0.0	0.0	2	1.0223669052074948	-10.628849192934585	138.0	21	1.05	0.95				
	204	1	68.89815835859649	13.965842910526316	0.0	0.0	2	1.0175204403823466	-15.56189215476927	138.0	21	1.05	0.95				
	205	1	66.10498977649122	13.034786716491231	0.0	0.0	2	1.035386562763275	-16.063438061730036	138.0	21	1.05	0.95				
	206	1	126.62364238877196	26.069573432982462	0.0	-100.0	2	1.031199425528509	-18.044848195065114	138.0	22	1.05	0.95				
	207	2	116.38202425438597	23.276404850877196	0.0	0.0	2	0.95	-27.311028182330112	138.0	22	1.05	0.95				
	208	1	159.21060918	32.58696679122807	0.0	0.0	2	0.951683173844005	-24.708894749964006	138.0	22	1.05	0.95				
	209	1	162.93483395614038	33.51802298526316	0.0	0.0	2	1.021504727935497	-13.001282737693382	138.0	23	1.05	0.95				
	210	1	181.5559578368421	37.24224776140351	0.0	0.0	2	1.0445617541992092	-15.18424051913277	138.0	23	1.05	0.95				
	211	1	0.0	0.0	0.0	0.0	2	1.0296630763915156	-7.424351648192712	230.0	23	1.05	0.95				
	212	1	0.0	0.0	0.0	0.0	2	1.0211645116830652	-4.5101797188983825	230.0	23	1.05	0.95				
	213	2	246.72989141929827	50.277034477894745	0.0	0.0	2	1.05	-2.3553662242126854	230.0	24	1.05	0.95				
	214	2	180.62490164280703	36.311191567368425	0.0	0.0	2	1.05	-5.529626532699131	230.0	26	1.05	0.95				
	215	2	295.1448135091228	59.58759641824562	0.0	0.0	2	1.0455171194559296	2.9708159734130364	230.0	26	1.05	0.95				
	216	2	93.10561940350878	18.621123880701756	0.0	0.0	2	1.0489131337032236	2.926588609764655	230.0	26	1.05	0.95				
	217	1	0.0	0.0	0.0	0.0	2	1.05	5.98403052811403	230.0	27	1.05	0.95				
	218	2	310.04171261368424	63.31182119438598	0.0	0.0	2	1.0498011230812194	6.475107594160886	230.0	27	1.05	0.95				
	219	1	168.52117112035089	34.449079179298245	0.0	0.0	2	1.041993921017169	2.816079249225229	230.0	25	1.05	0.95				
	220	1	119.17519283649123	24.207461044912282	0.0	0.0	2	1.044838645601275	4.461924097599428	230.0	25	1.05	0.95				
	221	2	0.0	0.0	0.0	0.0	2	1.05	7.040263645337483	230.0	27	1.05	0.95				
	222	2	0.0	0.0	0.0	0.0	2	1.05	13.137941350069179	230.0	27	1.05	0.95				
	223	2	0.0	0.0	0.0	0.0	2	1.05	6.037177220483429	230.0	25	1.05	0.95				
	224	1	0.0	0.0	0.0	0.0	2	1.0195144887883674	-2.068546741934203	230.0	26	1.05	0.95				
	301	2	79.26605503578948	16.14678898877193	0.0	0.0	3	1.0164946426730856	-10.629306541853941	138.0	31	1.05	0.95				
	302	2	71.19266054140351	14.678899080701754	0.0	0.0	3	1.01465840937794	-11.068108182064387	138.0	32	1.05	0.95				
	303	1	132.1100917263158	27.155963299298246	0.0	0.0	3	1.0389630390136917	-0.39577527998111584	138.0	31	1.05	0.95				
	304	1	54.31192659859649	11.009174310526317	0.0	0.0	3	1.0076849785616346	-9.77453033745988	138.0	31	1.05	0.95				
	305	1	52.11009173649123	10.275229356491229	0.0	0.0	3	1.0234684708311736	-10.634159125225569	138.0	31	1.05	0.95				
	306	1	99.81651374877194	20.550458712982458	0.0	-100.0	3	1.032989803658456	-11.450541888167075	138.0	32	1.05	0.95				
	307	2	91.74311925438596	18.348623850877193	0.0	0.0	3	1.00568343401907	-13.569127230098909	138.0	32	1.05	0.95				
	308	1	125.50458714000001	25.688073391228073	0.0	0.0	3	0.9990234670093222	-13.007414513119736	138.0	32	1.05	0.95				
	309	1	128.44036695614037	26.422018345263158	0.0	0.0	3	1.0274238953901804	-5.716758029229154	138.0	33	1.05	0.95				
	310	1	143.1192660368421	29.357798161403508	0.0	0.0	3	1.05	-8.290213414500045	138.0	33	1.05	0.95				
	311	1	0.0	0.0	0.0	0.0	3	1.0201274036028793	-1.4935025167452487	230.0	33	1.05	0.95				
	312	1	0.0	0.0	0.0	0.0	3	1.0202083054649385	-0.5747959863557789	230.0	33	1.05	0.95				
	313	2	194.49541281929825	39.63302751789474	0.0	0.0	3	1.0305381157509084	2.789919615214365	230.0	34	1.05	0.95				
	314	2	142.38532108280702	28.62385320736842	0.0	0.0	3	1.028828323474741	0.20179918127173205	230.0	36	1.05	0.95				
	315	2	232.66055042912282	46.972477058245616	0.0	0.0	3	1.0469670547306382	4.984188401335865	230.0	36	1.05	0.95				
	316	2	73.39449540350877	14.678899080701754	0.0	0.0	3	1.0442023912969716	4.573265332743201	230.0	36	1.05	0.95				
	317	1	0.0	0.0	0.0	0.0	3	1.0476974827878969	6.591249268218376	230.0	37	1.05	0.95				
	318	2	244.4036696936842	49.90825687438597	0.0	0.0	3	1.0474615962145915	6.350115615846512	230.0	37	1.05	0.95				
	319	1	132.84403668035088	27.155963299298246	0.0	0.0	3	1.0402203399974541	4.53975187693211	230.0	35	1.05	0.95				
	320	1	93.94495411649123	19.08256880491228	0.0	0.0	3	1.0416044894893177	5.268958960562174	230.0	35	1.05	0.95				
	321	2	0.0	0.0	0.0	0.0	3	1.05	7.827102086804746	230.0	37	1.05	0.95				
	322	2	0.0	0.0	0.0	0.0	3	1.05	13.117337344045504	230.0	37	1.05	0.95				
	323	2	0.0	0.0	0.0	0.0	3	1.044153898401038	6.074532751938566	230.0	35	1.05	0.95				
	324	1	0.0	0.0	0.0	0.0	3	1.0377082221795035	3.9650597603138644	230.0	36	1.05	0.95				
	325	1	0.0	0.0	0.0	0.0	3	1.0442066563977837	6.533851227421219	230.0	35	1.05	0.95				
];

%% generator data
%    bus    Pg    Qg    Qmax    Qmin    Vg    mBase    status    Pmax    Pmin    Pc1    Pc2    Qc1min    Qc1max    Qc2min    Qc2max    ramp_agc    ramp_10    ramp_30    ramp_q    apf
