%% MATPOWER Case Format : Version 2
function mpc = RTS_GMLC
mpc.version = '2';

%%-----  Power Flow Data  -----%%
%% system MVA base
mpc.baseMVA = 100.0;
%% bus data
%    bus_i    type    Pd    Qd    Gs    Bs    area    Vm    Va    baseKV    zone    Vmax    Vmin
mpc.bus = [
	101	2	75.05492331789473	15.288965861052631	0.0	0.0	1	1.0301919001039437	-0.1450223367327291	138.0	11	1.05	0.95				
	102	2	67.41044038736842	13.89905987368421	0.0	0.0	1	1.0301995646319184	-0.2290856508683035	138.0	12	1.05	0.95				
	103	1	125.0915388631579	25.713260766315788	0.0	0.0	1	1.0209422661690415	-0.7320320459159659	138.0	11	1.05	0.95				
	104	1	51.426521532631575	10.424294905263157	0.0	0.0	1	1.0161983178200666	-3.4678873365082223	138.0	11	1.05	0.95				
	105	1	49.34166255157894	9.729341911578949	0.0	0.0	1	1.0304949816489128	-3.5626933638723233	138.0	11	1.05	0.95				
	106	1	94.51360714105263	19.458683823157898	0.0	-100.0	1	1.0368980061230364	-6.107441907438993	138.0	12	1.05	0.95				
	107	2	86.86912421052631	17.37382484210526	0.0	0.0	1	1.05	-5.49582444355816	138.0	12	1.05	0.95				
	108	1	118.83696192	24.323354778947365	0.0	0.0	1	1.0271815298489186	-7.058990549302991	138.0	12	1.05	0.95				
	109	1	121.61677389473684	25.018307772631577	0.0	0.0	1	1.02642965254511	-3.4519143044636658	138.0	13	1.05	0.95				
	110	1	135.51583376842103	27.79811974736842	0.0	0.0	1	1.05	-4.823570739035689	138.0	13	1.05	0.95				
	111	1	0.0	0.0	0.0	0.0	1	1.0121225736353592	-0.7103435461017863	230.0	13	1.05	0.95				
	112	1	0.0	0.0	0.0	0.0	1	1.0159481536090396	-0.3050446013494928	230.0	13	1.05	0.95				
	113	3	184.16254332631576	37.52746165894737	0.0	0.0	1	1.011821969457082	-5.167253215176487e-30	230.0	14	1.05	0.95				
	114	2	134.82088077473685	27.10316675368421	0.0	0.0	1	1.014104604296331	2.156594437047178	230.0	16	1.05	0.95				
	115	2	220.3000989978947	44.47699159578947	0.0	0.0	1	1.0449166788894557	11.001665359130977	230.0	16	1.05	0.95				
	116	2	69.49529936842104	13.89905987368421	0.0	0.0	1	1.0429938599272945	10.348629574807816	230.0	16	1.05	0.95				
	117	1	0.0	0.0	0.0	0.0	1	1.0461891123987836	14.181879625667824	230.0	17	1.05	0.95				
	118	2	231.4193468968421	47.256803570526316	0.0	0.0	1	1.0499999963203475	14.736921832086628	230.0	17	1.05	0.95				
	119	1	125.7864918568421	25.713260766315788	0.0	0.0	1	1.0375388403870762	8.204184534809196	230.0	15	1.05	0.95				
	120	1	88.95398319157894	18.068777835789472	0.0	0.0	1	1.0394154349032627	7.649218632562601	230.0	15	1.05	0.95				
	121	2	0.0	0.0	0.0	0.0	1	1.05	15.269107508860879	230.0	17	1.05	0.95				
	122	2	0.0	0.0	0.0	0.0	1	1.05	25.583181447045334	230.0	17	1.05	0.95				
	123	2	0.0	0.0	0.0	0.0	1	1.0421419007113149	7.858550936344097	230.0	15	1.05	0.95				
	124	1	0.0	0.0	0.0	0.0	1	1.0212162844664459	6.660628069206986	230.0	16	1.05	0.95				
	201	2	100.6560679831579	20.504013848421053	0.0	0.0	2	1.05	-18.003325576652824	138.0	21	1.05	0.95				
	202	2	90.40406105894738	18.640012589473688	0.0	0.0	2	1.05	-18.073395379711684	138.0	22	1.05	0.95				
	203	1	167.76011330526316	34.484023290526316	0.0	0.0	2	1.0178994694917265	-13.197190001880001	138.0	21	1.05	0.95				
	204	1	68.96804658105263	13.980009442105262	0.0	0.0	2	1.0166398963048817	-19.63838546090303	138.0	21	1.05	0.95				
	205	1	66.17204469263159	13.048008812631581	0.0	0.0	2	1.0354720930834633	-20.24781621202019	138.0	21	1.05	0.95				
	206	1	126.75208560842105	26.096017625263162	0.0	-100.0	2	1.0313228378840724	-22.376422492164185	138.0	22	1.05	0.95				
	207	2	116.50007868421054	23.300015736842106	0.0	0.0	2	0.95	-31.517272449635794	138.0	22	1.05	0.95				
	208	1	159.37210764	32.62002203157894	0.0	0.0	2	0.9514475603549357	-28.963935480456026	138.0	22	1.05	0.95				
	209	1	163.10011015789473	33.55202266105263	0.0	0.0	2	1.019947090131871	-17.154469360330417	138.0	23	1.05	0.95				
	210	1	181.74012274736842	37.280025178947376	0.0	0.0	2	1.044862500493392	-19.626388503727686	138.0	23	1.05	0.95				
	211	1	0.0	0.0	0.0	0.0	2	1.0302941281082634	-12.101818969559925	230.0	23	1.05	0.95				
	212	1	0.0	0.0	0.0	0.0	2	1.0219377955176903	-9.19615360675249	230.0	23	1.05	0.95				
	213	2	246.9801668105263	50.32803399157895	0.0	0.0	2	1.05	-8.145870963987159	230.0	24	1.05	0.95				
	214	2	180.80812211789475	36.348024549473685	0.0	0.0	2	1.05	-9.60375377072157	230.0	26	1.05	0.95				
	215	2	295.4441995431579	59.6480402863158	0.0	0.0	2	1.0404082974431772	-0.09471417337401639	230.0	26	1.05	0.95				
	216	2	93.20006294736842	18.640012589473688	0.0	0.0	2	1.0454649947322676	-0.24702513588973596	230.0	26	1.05	0.95				
	217	1	0.0	0.0	0.0	0.0	2	1.0477815799854244	3.5357803904473375	230.0	27	1.05	0.95				
	218	2	310.3562096147368	63.37604280421053	0.0	0.0	2	1.0499999980185377	3.8516246347237346	230.0	27	1.05	0.95				
	219	1	168.69211393473685	34.484023290526316	0.0	0.0	2	1.0401531582338328	-0.7945054107549041	230.0	25	1.05	0.95				
	220	1	119.2960805726316	24.23201636631579	0.0	0.0	2	1.04433134328364	0.47743099626183116	230.0	25	1.05	0.95				
	221	2	0.0	0.0	0.0	0.0	2	1.05	4.275034946384981	230.0	27	1.05	0.95				
	222	2	0.0	0.0	0.0	0.0	2	1.05	10.496788025921175	230.0	27	1.05	0.95				
	223	2	0.0	0.0	0.0	0.0	2	1.05	1.8476919397511147	230.0	25	1.05	0.95				
	224	1	0.0	0.0	0.0	0.0	2	1.0154431621033244	-4.95143843837026	230.0	26	1.05	0.95				
	301	2	75.57608353263157	15.395128127017543	0.0	0.0	3	1.0146007240733768	-15.514589642302132	138.0	31	1.05	0.95				
	302	2	67.8785194691228	13.995571024561402	0.0	0.0	3	1.012865924788405	-15.839582011277495	138.0	32	1.05	0.95				
	303	1	125.96013922105263	25.891806395438593	0.0	0.0	3	1.046920154323613	-1.3676750523578183	138.0	31	1.05	0.95				
	304	1	51.783612790877186	10.496678268421052	0.0	0.0	3	1.0071760657314084	-13.723399299934004	138.0	31	1.05	0.95				
	305	1	49.68427713719297	9.796899717192982	0.0	0.0	3	1.02300130211808	-15.500884669076768	138.0	31	1.05	0.95				
	306	1	95.16988296701754	19.593799434385964	0.0	-100.0	3	1.033596157998847	-16.253318786481106	138.0	32	1.05	0.95				
	307	2	87.47231890350876	17.494463780701754	0.0	0.0	3	1.0017200067967336	-18.426821696754114	138.0	32	1.05	0.95				
	308	1	119.66213225999998	24.49224929298245	0.0	0.0	3	0.9969031762498001	-17.54920235637187	138.0	32	1.05	0.95				
	309	1	122.46124646491228	25.192027844210525	0.0	0.0	3	1.0278358371603917	-9.140507696073911	138.0	33	1.05	0.95				
	310	1	136.45681748947368	27.991142049122804	0.0	0.0	3	1.05	-13.245570315000883	138.0	33	1.05	0.95				
	311	1	0.0	0.0	0.0	0.0	3	1.0199934447344394	-6.4255544571646865	230.0	33	1.05	0.95				
	312	1	0.0	0.0	0.0	0.0	3	1.020385299161754	-5.950638222821592	230.0	33	1.05	0.95				
	313	2	185.44131607543858	37.788041766315786	0.0	0.0	3	1.0255203204676817	-3.431958964010994	230.0	34	1.05	0.95				
	314	2	135.7570389382456	27.291363497894732	0.0	0.0	3	1.0294750177258272	-4.303716931069634	230.0	36	1.05	0.95				
	315	2	221.8298007392982	44.785827278596486	0.0	0.0	3	1.0494395272200903	0.7489384577014548	230.0	36	1.05	0.95				
	316	2	69.97785512280701	13.995571024561402	0.0	0.0	3	1.046713984258949	0.6345679275801006	230.0	36	1.05	0.95				
	317	1	0.0	0.0	0.0	0.0	3	1.05	3.4001573313443987	230.0	37	1.05	0.95				
	318	2	233.02625755894732	47.58494148350877	0.0	0.0	3	1.0479807367300935	2.7100599899294546	230.0	37	1.05	0.95				
	319	1	126.65991777228069	25.891806395438593	0.0	0.0	3	1.0418875870801538	-0.2199806836734422	230.0	35	1.05	0.95				
	320	1	89.57165455719297	18.19424233192982	0.0	0.0	3	1.0422309122433355	-0.2674559836264313	230.0	35	1.05	0.95				
	321	2	0.0	0.0	0.0	0.0	3	1.05	3.752477246043623	230.0	37	1.05	0.95				
	322	2	0.0	0.0	0.0	0.0	3	1.05	9.390971992457507	230.0	37	1.05	0.95				
	323	2	0.0	0.0	0.0	0.0	3	1.0439098872273054	0.11763042444466036	230.0	35	1.05	0.95				
	324	1	0.0	0.0	0.0	0.0	3	1.04464821372719	0.9165871379213156	230.0	36	1.05	0.95				
	325	1	0.0	0.0	0.0	0.0	3	1.0398747556604797	1.3700197482020902	230.0	35	1.05	0.95				
];
