%% MATPOWER Case Format : Version 2
function mpc = RTS_GMLC
mpc.version = '2';

%%-----  Power Flow Data  -----%%
%% system MVA base
mpc.baseMVA = 100.0;
%% bus data
%    bus_i    type    Pd    Qd    Gs    Bs    area    Vm    Va    baseKV    zone    Vmax    Vmin
mpc.bus = [
	101	2	62.830776846315786	12.798861950175436	0.0	0.0	1	1.034458173104726	0.9231702829251343	138.0	11	1.05	0.95				
	102	2	56.431345871228054	11.635329045614034	0.0	0.0	1	1.0345423043858972	0.8710098987925402	138.0	12	1.05	0.95				
	103	1	104.7179614105263	21.52535873438596	0.0	0.0	1	1.0230206278095288	-0.48080662794241635	138.0	11	1.05	0.95				
	104	1	43.05071746877192	8.726496784210525	0.0	0.0	1	1.0191976232588762	-2.528265628948345	138.0	11	1.05	0.95				
	105	1	41.30541811192982	8.144730331929823	0.0	0.0	1	1.034199672842113	-2.43647664470824	138.0	11	1.05	0.95				
	106	1	79.12023751017543	16.289460663859646	0.0	-100.0	1	1.0412428101411586	-4.856747262668496	138.0	12	1.05	0.95				
	107	2	72.72080653508772	14.544161307017541	0.0	0.0	1	1.0328148123062744	-5.915157953377771	138.0	12	1.05	0.95				
	108	1	99.48206333999998	20.361825829824557	0.0	0.0	1	1.0200637731093178	-6.7039888115932325	138.0	12	1.05	0.95				
	109	1	101.8091291491228	20.943592282105257	0.0	0.0	1	1.0251866027677825	-2.9620518130967555	138.0	13	1.05	0.95				
	110	1	113.44445819473682	23.270658091228068	0.0	0.0	1	1.05	-4.014236355931422	138.0	13	1.05	0.95				
	111	1	0.0	0.0	0.0	0.0	1	1.0064759024596601	-0.7003090827502989	230.0	13	1.05	0.95				
	112	1	0.0	0.0	0.0	0.0	1	1.0123009326800854	-0.4228737556508208	230.0	13	1.05	0.95				
	113	3	154.16810985438593	31.415388423157893	0.0	0.0	1	1.0046652596369685	-2.5339630708071646e-28	230.0	14	1.05	0.95				
	114	2	112.86269174245611	22.688891638947368	0.0	0.0	1	1.0025385427446605	1.5909897415953587	230.0	16	1.05	0.95				
	115	2	184.41996537298243	37.23305294596491	0.0	0.0	1	1.0367754439363646	9.04336716823828	230.0	16	1.05	0.95				
	116	2	58.176645228070164	11.635329045614034	0.0	0.0	1	1.0336297006756843	8.284376724529254	230.0	16	1.05	0.95				
	117	1	0.0	0.0	0.0	0.0	1	1.040315895650202	11.291910747791777	230.0	17	1.05	0.95				
	118	2	193.72822860947366	39.560118755087714	0.0	0.0	1	1.0433773672120104	11.762184496035935	230.0	17	1.05	0.95				
	119	1	105.29972786280702	21.52535873438596	0.0	0.0	1	1.0277327227719009	6.337617918268615	230.0	15	1.05	0.95				
	120	1	74.46610589192981	15.125927759298245	0.0	0.0	1	1.0278823281570308	5.763896258639684	230.0	15	1.05	0.95				
	121	2	0.0	0.0	0.0	0.0	1	1.0460135553422005	12.595304561144577	230.0	17	1.05	0.95				
	122	2	0.0	0.0	0.0	0.0	1	1.05	19.877675749183368	230.0	17	1.05	0.95				
	123	2	0.0	0.0	0.0	0.0	1	1.0291791421084548	5.890721854650898	230.0	15	1.05	0.95				
	124	1	0.0	0.0	0.0	0.0	1	1.0197425282754793	5.489327767136554	230.0	16	1.05	0.95				
	201	2	70.58334645473685	14.37808909263158	0.0	0.0	2	1.0335690935092552	-16.53690963426586	138.0	21	1.05	0.95				
	202	2	63.394301908421056	13.070990084210528	0.0	0.0	2	1.0338113468861059	-16.65965862359889	138.0	22	1.05	0.95				
	203	1	117.63891075789475	24.181331655789474	0.0	0.0	2	1.0201251685817658	-12.657240026493334	138.0	21	1.05	0.95				
	204	1	48.36266331157895	9.803242563157895	0.0	0.0	2	1.0166774972018795	-18.715776419526428	138.0	21	1.05	0.95				
	205	1	46.40201479894737	9.149693058947369	0.0	0.0	2	1.0332595805049434	-19.173701306500625	138.0	21	1.05	0.95				
	206	1	88.8827325726316	18.299386117894738	0.0	-100.0	2	1.0395177000959124	-21.274070097435036	138.0	22	1.05	0.95				
	207	2	81.6936880263158	16.33873760526316	0.0	0.0	2	0.9799085544977213	-31.058229219199575	138.0	22	1.05	0.95				
	208	1	111.75696522	22.874232647368423	0.0	0.0	2	0.9807719776481805	-27.871285018516318	138.0	22	1.05	0.95				
	209	1	114.37116323684211	23.52778215157895	0.0	0.0	2	1.0229400257654628	-17.744258134818846	138.0	23	1.05	0.95				
	210	1	127.44215332105264	26.141980168421057	0.0	0.0	2	1.05	-19.785854378276383	138.0	23	1.05	0.95				
	211	1	0.0	0.0	0.0	0.0	2	1.020732106510584	-14.192375761064602	230.0	23	1.05	0.95				
	212	1	0.0	0.0	0.0	0.0	2	1.0175832716342297	-13.300342320152572	230.0	23	1.05	0.95				
	213	2	173.19061861578948	35.29167322736843	0.0	0.0	2	1.0256355149393157	-12.932367877319528	230.0	24	1.05	0.95				
	214	2	126.78860381684211	25.488430664210533	0.0	0.0	2	1.0326425216191557	-10.799410817252822	230.0	26	1.05	0.95				
	215	2	207.17519283473686	41.82716826947369	0.0	0.0	2	1.0369895081655855	-1.5071664462488572	230.0	26	1.05	0.95				
	216	2	65.35495042105264	13.070990084210528	0.0	0.0	2	1.0405536574017615	-1.9603577860836388	230.0	26	1.05	0.95				
	217	1	0.0	0.0	0.0	0.0	2	1.041423059486001	1.5193463556566713	230.0	27	1.05	0.95				
	218	2	217.6319849021053	44.4413662863158	0.0	0.0	2	1.042864766410284	1.7359504518089726	230.0	27	1.05	0.95				
	219	1	118.29246026210527	24.181331655789474	0.0	0.0	2	1.0402547481747086	-2.872695847303471	230.0	25	1.05	0.95				
	220	1	83.65433653894738	16.992287109473686	0.0	0.0	2	1.0454730105043584	-2.4318828130003167	230.0	25	1.05	0.95				
	221	2	0.0	0.0	0.0	0.0	2	1.0428477577944333	1.4207364425581201	230.0	27	1.05	0.95				
	222	2	0.0	0.0	0.0	0.0	2	1.05	7.964532621753066	230.0	27	1.05	0.95				
	223	2	0.0	0.0	0.0	0.0	2	1.05	-1.7150728003644358	230.0	25	1.05	0.95				
	224	1	0.0	0.0	0.0	0.0	2	1.016808564325502	-5.658840509121395	230.0	26	1.05	0.95				
	301	2	53.14583993684211	10.826004431578948	0.0	0.0	3	1.0303521177763095	-4.355110445139469	138.0	31	1.05	0.95				
	302	2	47.73283772105263	9.841822210526317	0.0	0.0	3	1.026770102201547	-4.702908899861094	138.0	32	1.05	0.95				
	303	1	88.57639989473685	18.207371089473686	0.0	0.0	3	1.05	11.041280814679027	138.0	31	1.05	0.95				
	304	1	36.41474217894737	7.381366657894738	0.0	0.0	3	1.0126440812223432	-3.353140613956408	138.0	31	1.05	0.95				
	305	1	34.93846884736842	6.889275547368421	0.0	0.0	3	1.032227116794361	-5.49736366096957	138.0	31	1.05	0.95				
	306	1	66.92439103157895	13.778551094736843	0.0	-100.0	3	1.039897974761351	-6.720568460504032	138.0	32	1.05	0.95				
	307	2	61.51138881578948	12.302277763157896	0.0	0.0	3	0.9646056251731863	-4.647980987182248	138.0	32	1.05	0.95				
	308	1	84.1475799	17.22318886842105	0.0	0.0	3	0.9798381900873542	-5.451239426433875	138.0	32	1.05	0.95				
	309	1	86.11594434210527	17.71527997894737	0.0	0.0	3	1.016878846739677	-0.1916913541429985	138.0	33	1.05	0.95				
	310	1	95.95776655263158	19.683644421052634	0.0	0.0	3	1.04588164612275	-5.085079119819871	138.0	33	1.05	0.95				
	311	1	0.0	0.0	0.0	0.0	3	1.0048408577337251	-1.5286030836235436	230.0	33	1.05	0.95				
	312	1	0.0	0.0	0.0	0.0	3	1.009088395008899	-0.543062778298871	230.0	33	1.05	0.95				
	313	2	130.4041442894737	26.572919968421054	0.0	0.0	3	1.0057286319622387	1.0987677501378417	230.0	34	1.05	0.95				
	314	2	95.46567544210527	19.19155331052632	0.0	0.0	3	1.0005038112816595	-2.621003726221894	230.0	36	1.05	0.95				
	315	2	155.9928820368421	31.493831073684213	0.0	0.0	3	1.0496912347518417	-0.9707510507056093	230.0	36	1.05	0.95				
	316	2	49.209111052631584	9.841822210526317	0.0	0.0	3	1.0364901602170542	-1.1690353119378964	230.0	36	1.05	0.95				
	317	1	0.0	0.0	0.0	0.0	3	1.0449701334143437	-0.7343472755554891	230.0	37	1.05	0.95				
	318	2	163.86633980526318	33.462195515789475	0.0	0.0	3	1.0465305528127156	-1.308108123555894	230.0	37	1.05	0.95				
	319	1	89.06849100526316	18.207371089473686	0.0	0.0	3	1.024540645980879	-0.9734270946534436	230.0	35	1.05	0.95				
	320	1	62.987662147368425	12.794368873684212	0.0	0.0	3	1.01787187848576	0.1658097178618368	230.0	35	1.05	0.95				
	321	2	0.0	0.0	0.0	0.0	3	1.05	-0.6711092041530716	230.0	37	1.05	0.95				
	322	2	0.0	0.0	0.0	0.0	3	1.05	3.6455394011893625	230.0	37	1.05	0.95				
	323	2	0.0	0.0	0.0	0.0	3	1.0154632247842676	1.1856800094091289	230.0	35	1.05	0.95				
	324	1	0.0	0.0	0.0	0.0	3	1.045953846268921	3.6166190053707625	230.0	36	1.05	0.95				
	325	1	0.0	0.0	0.0	0.0	3	1.0153272826968809	2.1702380184844805	230.0	35	1.05	0.95				
];
