%% MATPOWER Case Format : Version 2
function mpc = RTS_GMLC
mpc.version = '2';

%%-----  Power Flow Data  -----%%
%% system MVA base
mpc.baseMVA = 100.0;
%% bus data
%    bus_i    type    Pd    Qd    Gs    Bs    area    Vm    Va    baseKV    zone    Vmax    Vmin
mpc.bus = [
	101	2	70.59277584000002	14.380009893333334	0.0	0.0	1	1.0312734873261906	-0.49969652361911265	138.0	11	1.05	0.95				
	102	2	63.40277089333334	13.072736266666668	0.0	0.0	1	1.0312920524139386	-0.5619425807079527	138.0	12	1.05	0.95				
	103	1	117.6546264	24.184562093333334	0.0	0.0	1	1.022662752512745	-1.2381049703306808	138.0	11	1.05	0.95				
	104	1	48.36912418666667	9.8045522	0.0	0.0	1	1.0169851903299294	-3.7385540496504115	138.0	11	1.05	0.95				
	105	1	46.40821374666667	9.150915386666668	0.0	0.0	1	1.0317259355533661	-3.7308638150533358	138.0	11	1.05	0.95				
	106	1	88.89460661333334	18.301830773333336	0.0	-100.0	1	1.0384911646505415	-6.137489590918457	138.0	12	1.05	0.95				
	107	2	81.70460166666666	16.340920333333333	0.0	0.0	1	1.038653889137314	-5.608340984100026	138.0	12	1.05	0.95				
	108	1	111.77189508000001	22.877288466666666	0.0	0.0	1	1.0217061340156226	-7.092482855756422	138.0	12	1.05	0.95				
	109	1	114.38644233333332	23.53092528	0.0	0.0	1	1.0261671318720136	-3.687521567197235	138.0	13	1.05	0.95				
	110	1	127.4591786	26.145472533333336	0.0	0.0	1	1.05	-4.937987585915189	138.0	13	1.05	0.95				
	111	1	0.0	0.0	0.0	0.0	1	1.0108807269915394	-1.0187780495818062	230.0	13	1.05	0.95				
	112	1	0.0	0.0	0.0	0.0	1	1.0147858394553546	-0.6996997808559999	230.0	13	1.05	0.95				
	113	3	173.21375553333334	35.29638792000001	0.0	0.0	1	1.0095746009677997	-1.1126546251535318e-30	230.0	14	1.05	0.95				
	114	2	126.80554178666668	25.49183572	0.0	0.0	1	1.012024998090701	1.4577388878096447	230.0	16	1.05	0.95				
	115	2	207.20286982666667	41.832756053333334	0.0	0.0	1	1.0441837026025176	9.56590836988074	230.0	16	1.05	0.95				
	116	2	65.36368133333333	13.072736266666668	0.0	0.0	1	1.0410415444518164	8.854116231681747	230.0	16	1.05	0.95				
	117	1	0.0	0.0	0.0	0.0	1	1.0432533945410865	12.621378764224405	230.0	17	1.05	0.95				
	118	2	217.66105884	44.44730330666667	0.0	0.0	1	1.0485760017837327	12.544569904882467	230.0	17	1.05	0.95				
	119	1	118.30826321333335	24.184562093333334	0.0	0.0	1	1.0343505328466074	6.714151400609218	230.0	15	1.05	0.95				
	120	1	83.66551210666667	16.994557146666665	0.0	0.0	1	1.0347207809811885	6.091872000558687	230.0	15	1.05	0.95				
	121	2	0.0	0.0	0.0	0.0	1	1.05	13.997893572728353	230.0	17	1.05	0.95				
	122	2	0.0	0.0	0.0	0.0	1	1.05	28.59010983101579	230.0	17	1.05	0.95				
	123	2	0.0	0.0	0.0	0.0	1	1.0364438547604926	6.238832711365872	230.0	15	1.05	0.95				
	124	1	0.0	0.0	0.0	0.0	1	1.0226087547906644	5.561684127707446	230.0	16	1.05	0.95				
	201	2	74.81630724631579	15.24035888350877	0.0	0.0	2	1.0360475262132323	-15.861923631840105	138.0	21	1.05	0.95				
	202	2	67.1961278045614	13.8548717122807	0.0	0.0	2	1.0362249589138612	-15.983358720163118	138.0	22	1.05	0.95				
	203	1	124.69384541052631	25.631512667719296	0.0	0.0	2	1.0231510791294032	-11.827015729023369	138.0	21	1.05	0.95				
	204	1	51.26302533543859	10.391153784210525	0.0	0.0	2	1.0175165439846383	-17.8476436436415	138.0	21	1.05	0.95				
	205	1	49.18479457859649	9.698410198596491	0.0	0.0	2	1.034078650415952	-18.334462592721678	138.0	21	1.05	0.95				
	206	1	94.21312764350877	19.396820397192982	0.0	-100.0	2	1.0390578357290077	-20.379115923413146	138.0	22	1.05	0.95				
	207	2	86.59294820175438	17.318589640350876	0.0	0.0	2	0.9715639209615202	-30.709410795132683	138.0	22	1.05	0.95				
	208	1	118.45915314	24.246025496491225	0.0	0.0	2	0.97405835598105	-27.301288289129843	138.0	22	1.05	0.95				
	209	1	121.23012748245614	24.93876908210526	0.0	0.0	2	1.0238508941029951	-16.56698591420073	138.0	23	1.05	0.95				
	210	1	135.0849991947368	27.7097434245614	0.0	0.0	2	1.05	-18.664115993433885	138.0	23	1.05	0.95				
	211	1	0.0	0.0	0.0	0.0	2	1.024602732814094	-12.579421946112591	230.0	23	1.05	0.95				
	212	1	0.0	0.0	0.0	0.0	2	1.0182032757747834	-11.495424938006774	230.0	23	1.05	0.95				
	213	2	183.5770501877193	37.408153623157894	0.0	0.0	2	1.0306779337001721	-10.70348495137654	230.0	24	1.05	0.95				
	214	2	134.3922556091228	27.01699983894737	0.0	0.0	2	1.040589935247355	-9.319838850257293	230.0	26	1.05	0.95				
	215	2	219.5997166396491	44.33558947929824	0.0	0.0	2	1.0431324961191306	-0.12812011620348787	230.0	26	1.05	0.95				
	216	2	69.2743585614035	13.8548717122807	0.0	0.0	2	1.0462781623391775	-0.43853627262636924	230.0	26	1.05	0.95				
	217	1	0.0	0.0	0.0	0.0	2	1.047133449241439	2.9898973815411636	230.0	27	1.05	0.95				
	218	2	230.68361400947367	47.106563821754385	0.0	0.0	2	1.0488373438535092	3.3595364723558707	230.0	27	1.05	0.95				
	219	1	125.38658899614035	25.631512667719296	0.0	0.0	2	1.0431476978392547	-1.0225322738470446	230.0	25	1.05	0.95				
	220	1	88.67117895859649	18.01133322596491	0.0	0.0	2	1.0463001773719534	-0.2325840480087307	230.0	25	1.05	0.95				
	221	2	0.0	0.0	0.0	0.0	2	1.0489775796172407	3.2815354020967313	230.0	27	1.05	0.95				
	222	2	0.0	0.0	0.0	0.0	2	1.05	9.678109464348793	230.0	27	1.05	0.95				
	223	2	0.0	0.0	0.0	0.0	2	1.05	0.7042383438295124	230.0	25	1.05	0.95				
	224	1	0.0	0.0	0.0	0.0	2	1.0209912154533667	-4.4726481138079235	230.0	26	1.05	0.95				
	301	2	55.69123695157895	11.344511230877192	0.0	0.0	3	1.0125610087575851	-11.891333030279977	138.0	31	1.05	0.95				
	302	2	50.01898133614034	10.313192028070176	0.0	0.0	3	1.011294067385757	-12.14981096451632	138.0	32	1.05	0.95				
	303	1	92.81872825263157	19.079405251929824	0.0	0.0	3	1.0457789238599315	-0.7838022816208069	138.0	31	1.05	0.95				
	304	1	38.15881050385965	7.734894021052631	0.0	0.0	3	1.011052380254999	-10.573733443632323	138.0	31	1.05	0.95				
	305	1	36.611831699649116	7.219234419649123	0.0	0.0	3	1.0247697190816156	-12.217806006828724	138.0	31	1.05	0.95				
	306	1	70.1297057908772	14.438468839298245	0.0	-100.0	3	1.038729348876945	-12.990841303976488	138.0	32	1.05	0.95				
	307	2	64.4574501754386	12.891490035087719	0.0	0.0	3	0.9909513825578308	-18.4483477901049	138.0	32	1.05	0.95				
	308	1	88.17779184	18.048086049122805	0.0	0.0	3	0.9947703092126982	-16.04960627171323	138.0	32	1.05	0.95				
	309	1	90.24043024561404	18.563745650526315	0.0	0.0	3	1.0278501905443602	-7.1820950290567716	138.0	33	1.05	0.95				
	310	1	100.55362227368421	20.626384056140353	0.0	0.0	3	1.05	-10.88808377686062	138.0	33	1.05	0.95				
	311	1	0.0	0.0	0.0	0.0	3	1.0131419329083626	-5.030684360280516	230.0	33	1.05	0.95				
	312	1	0.0	0.0	0.0	0.0	3	1.0151977556003025	-4.539386176196849	230.0	33	1.05	0.95				
	313	2	136.6497943719298	27.845618475789475	0.0	0.0	3	1.0143116317643925	-2.0020623205356425	230.0	34	1.05	0.95				
	314	2	100.03796267228068	20.110724454736843	0.0	0.0	3	1.0167513246752302	-3.6048852983872925	230.0	36	1.05	0.95				
	315	2	163.46409364491228	33.00221448982456	0.0	0.0	3	1.0451547309548057	1.7858855324382534	230.0	36	1.05	0.95				
	316	2	51.565960140350874	10.313192028070176	0.0	0.0	3	1.0419763123804207	1.4880813101348087	230.0	36	1.05	0.95				
	317	1	0.0	0.0	0.0	0.0	3	1.05	4.874886463611989	230.0	37	1.05	0.95				
	318	2	171.71464726736843	35.0648528954386	0.0	0.0	3	1.0488778319545493	4.02114342451213	230.0	37	1.05	0.95				
	319	1	93.33438785403509	19.079405251929824	0.0	0.0	3	1.0353058314893941	0.3813314796436725	230.0	35	1.05	0.95				
	320	1	66.00442897964912	13.407149636491228	0.0	0.0	3	1.033485578557879	0.399573781098253	230.0	35	1.05	0.95				
	321	2	0.0	0.0	0.0	0.0	3	1.05	4.811063462419148	230.0	37	1.05	0.95				
	322	2	0.0	0.0	0.0	0.0	3	1.05	9.183708625345567	230.0	37	1.05	0.95				
	323	2	0.0	0.0	0.0	0.0	3	1.0334288157549534	0.8000587122723207	230.0	35	1.05	0.95				
	324	1	0.0	0.0	0.0	0.0	3	1.039827177796092	0.8200809212687196	230.0	36	1.05	0.95				
	325	1	0.0	0.0	0.0	0.0	3	1.0312750178443286	1.9112213800716165	230.0	35	1.05	0.95				
];
