%% MATPOWER Case Format : Version 2
function mpc = RTS_GMLC
mpc.version = '2';

%%-----  Power Flow Data  -----%%
%% system MVA base
mpc.baseMVA = 100.0;
%% bus data
%    bus_i    type    Pd    Qd    Gs    Bs    area    Vm    Va    baseKV    zone    Vmax    Vmin
mpc.bus = [
	101	2	73.30479961263158	14.932459180350877	0.0	0.0	1	1.0405508816061932	0.9210054712909082	138.0	11	1.05	0.95				
	102	2	65.83857002245614	13.57496289122807	0.0	0.0	1	1.0398738641760916	0.6677573699436797	138.0	12	1.05	0.95				
	103	1	122.17466602105264	25.113681348771934	0.0	0.0	1	1.028980770298889	-0.24232150316692855	138.0	11	1.05	0.95				
	104	1	50.22736269754387	10.181222168421053	0.0	0.0	1	1.0229211324146301	-2.704119341066306	138.0	11	1.05	0.95				
	105	1	48.19111826385965	9.50247402385965	0.0	0.0	1	1.0354961293614584	-3.1026421263865416	138.0	11	1.05	0.95				
	106	1	92.30974766035088	19.0049480477193	0.0	-100.0	1	1.039303369132106	-6.019322769007004	138.0	12	1.05	0.95				
	107	2	84.84351807017543	16.96870361403509	0.0	0.0	1	1.0289896757326071	-8.045508443998862	138.0	12	1.05	0.95				
	108	1	116.06593272	23.75618505964912	0.0	0.0	1	1.014947982267819	-8.611489320575643	138.0	12	1.05	0.95				
	109	1	118.78092529824562	24.434933204210527	0.0	0.0	1	1.0267791294323858	-3.65365992629447	138.0	13	1.05	0.95				
	110	1	132.3558881894737	27.14992578245614	0.0	0.0	1	1.05	-5.079873473481755	138.0	13	1.05	0.95				
	111	1	0.0	0.0	0.0	0.0	1	1.0113930807940337	-1.336969453145338	230.0	13	1.05	0.95				
	112	1	0.0	0.0	0.0	0.0	1	1.0160725493563652	-0.8661360747108093	230.0	13	1.05	0.95				
	113	3	179.86825830877194	36.65239980631579	0.0	0.0	1	1.0116510027464765	5.991497229142871e-30	230.0	14	1.05	0.95				
	114	2	131.67714004491228	26.471177637894737	0.0	0.0	1	1.010464531605682	0.5990268508614179	230.0	16	1.05	0.95				
	115	2	215.16316182596492	43.439881251929826	0.0	0.0	1	1.0428683549016116	8.119842286835382	230.0	16	1.05	0.95				
	116	2	67.87481445614036	13.57496289122807	0.0	0.0	1	1.0405132342160734	7.394473317488398	230.0	16	1.05	0.95				
	117	1	0.0	0.0	0.0	0.0	1	1.0449690319496618	10.225922141020009	230.0	17	1.05	0.95				
	118	2	226.02313213894737	46.15487383017544	0.0	0.0	1	1.0470410106987464	10.725495376109668	230.0	17	1.05	0.95				
	119	1	122.85341416561404	25.113681348771934	0.0	0.0	1	1.0348555485822355	5.846090371123573	230.0	15	1.05	0.95				
	120	1	86.87976250385965	17.647451758596493	0.0	0.0	1	1.0348995309535396	5.2801815687220195	230.0	15	1.05	0.95				
	121	2	0.0	0.0	0.0	0.0	1	1.0496090961744309	12.23860284068659	230.0	17	1.05	0.95				
	122	2	0.0	0.0	0.0	0.0	1	1.05	17.960126105357556	230.0	17	1.05	0.95				
	123	2	0.0	0.0	0.0	0.0	1	1.0365612161828242	5.476348497163644	230.0	15	1.05	0.95				
	124	1	0.0	0.0	0.0	0.0	1	1.0270241774600362	5.002532510861428	230.0	16	1.05	0.95				
	201	2	84.42121831578947	17.19691484210526	0.0	0.0	2	1.0399966601713024	-16.51944516593977	138.0	21	1.05	0.95				
	202	2	75.82276089473685	15.633558947368421	0.0	0.0	2	1.0403981002547638	-16.61386432633224	138.0	22	1.05	0.95				
	203	1	140.70203052631578	28.922084052631575	0.0	0.0	2	1.020377456520028	-12.945031884328031	138.0	21	1.05	0.95				
	204	1	57.84416810526315	11.725169210526316	0.0	0.0	2	1.0181494925432184	-17.97135755290144	138.0	21	1.05	0.95				
	205	1	55.49913426315789	10.943491263157895	0.0	0.0	2	1.0350589329306095	-18.441084685684334	138.0	21	1.05	0.95				
	206	1	106.30820084210526	21.88698252631579	0.0	-100.0	2	1.0376912138368355	-20.254399551595693	138.0	22	1.05	0.95				
	207	2	97.70974342105264	19.541948684210524	0.0	0.0	2	0.9507560346079714	-31.937473439132486	138.0	22	1.05	0.95				
	208	1	133.66692899999998	27.358728157894735	0.0	0.0	2	0.9571368806078226	-27.987931675081317	138.0	22	1.05	0.95				
	209	1	136.79364078947367	28.140406105263153	0.0	0.0	2	1.024863610722077	-15.922430330795926	138.0	23	1.05	0.95				
	210	1	152.42719973684208	31.267117894736842	0.0	0.0	2	1.05	-17.93925013185836	138.0	23	1.05	0.95				
	211	1	0.0	0.0	0.0	0.0	2	1.0309553342481648	-12.214724928141356	230.0	23	1.05	0.95				
	212	1	0.0	0.0	0.0	0.0	2	1.0266942083048973	-7.404350715525249	230.0	23	1.05	0.95				
	213	2	207.14465605263155	42.21060915789474	0.0	0.0	2	1.0414169473055648	-9.765347869955706	230.0	24	1.05	0.95				
	214	2	151.6455217894737	30.48543994736842	0.0	0.0	2	1.0475514702040747	-9.829989353454074	230.0	26	1.05	0.95				
	215	2	247.79190931578947	50.02738863157894	0.0	0.0	2	1.0429991368067342	-1.1982406817101787	230.0	26	1.05	0.95				
	216	2	78.1677947368421	15.633558947368421	0.0	0.0	2	1.0463272491059625	-1.5993687092034992	230.0	26	1.05	0.95				
	217	1	0.0	0.0	0.0	0.0	2	1.046452913188422	1.482397343587703	230.0	27	1.05	0.95				
	218	2	260.2987564736842	53.15410042105263	0.0	0.0	2	1.0472996183655034	1.557335615428814	230.0	27	1.05	0.95				
	219	1	141.4837084736842	28.922084052631575	0.0	0.0	2	1.0422410312846573	-2.123702813169829	230.0	25	1.05	0.95				
	220	1	100.05477726315787	20.323626631578946	0.0	0.0	2	1.0456375927556087	-1.1155842213184064	230.0	25	1.05	0.95				
	221	2	0.0	0.0	0.0	0.0	2	1.0473020591764661	1.4051784797198361	230.0	27	1.05	0.95				
	222	2	0.0	0.0	0.0	0.0	2	1.05	7.94531369125395	230.0	27	1.05	0.95				
	223	2	0.0	0.0	0.0	0.0	2	1.05	0.0038911630446396912	230.0	25	1.05	0.95				
	224	1	0.0	0.0	0.0	0.0	2	1.0198125370304092	-5.549624912335803	230.0	26	1.05	0.95				
	301	2	76.92565642105264	15.670041122807016	0.0	0.0	3	0.9699382026378334	-6.084647683476941	138.0	31	1.05	0.95				
	302	2	69.09063585964913	14.24549192982456	0.0	0.0	3	0.972353003898617	-6.161975147584675	138.0	32	1.05	0.95				
	303	1	128.20942736842105	26.354160070175435	0.0	0.0	3	0.9883920036404655	-2.041612877019929	138.0	31	1.05	0.95				
	304	1	52.70832014035087	10.68411894736842	0.0	0.0	3	0.9688904750273446	-3.2906052773343624	138.0	31	1.05	0.95				
	305	1	50.57149635087719	9.971844350877193	0.0	0.0	3	0.9797844682331467	-3.4612864557992165	138.0	31	1.05	0.95				
	306	1	96.86934512280702	19.943688701754386	0.0	-100.0	3	0.9937407850249029	-2.821265129545923	138.0	32	1.05	0.95				
	307	2	89.0343245614035	17.8068649122807	0.0	0.0	3	0.95	-7.822439362771984	138.0	32	1.05	0.95				
	308	1	121.79895599999999	24.929610877192978	0.0	0.0	3	0.9586680698330949	-4.275409627134156	138.0	32	1.05	0.95				
	309	1	124.64805438596491	25.641885473684205	0.0	0.0	3	0.9945592878892298	2.1498499466821634	138.0	33	1.05	0.95				
	310	1	138.89354631578948	28.49098385964912	0.0	0.0	3	1.0139128221646674	1.6070313197392527	138.0	33	1.05	0.95				
	311	1	0.0	0.0	0.0	0.0	3	0.9886055117364054	9.701951625178504	230.0	33	1.05	0.95				
	312	1	0.0	0.0	0.0	0.0	3	0.9939059716772064	11.484338214979733	230.0	33	1.05	0.95				
	313	2	188.75276807017542	38.46282821052632	0.0	0.0	3	1.02422436253673	20.01205066344556	230.0	34	1.05	0.95				
	314	2	138.18127171929825	27.778709263157896	0.0	0.0	3	0.9976114267129774	8.1337188064424	230.0	36	1.05	0.95				
	315	2	225.79104708771928	45.585574175438595	0.0	0.0	3	1.0308382162163008	2.737853588596383	230.0	36	1.05	0.95				
	316	2	71.2274596491228	14.24549192982456	0.0	0.0	3	1.0310689027415894	4.67713790600312	230.0	36	1.05	0.95				
	317	1	0.0	0.0	0.0	0.0	3	1.0357600457789333	3.364093501359086	230.0	37	1.05	0.95				
	318	2	237.18744063157894	48.43467256140351	0.0	0.0	3	1.0346114706481386	2.1260882682711664	230.0	37	1.05	0.95				
	319	1	128.92170196491227	26.354160070175435	0.0	0.0	3	1.026990359592244	7.861472506868207	230.0	35	1.05	0.95				
	320	1	91.17114835087719	18.51913950877193	0.0	0.0	3	1.028300188607517	10.493170763251689	230.0	35	1.05	0.95				
	321	2	0.0	0.0	0.0	0.0	3	1.0353390324974272	2.900453960827139	230.0	37	1.05	0.95				
	322	2	0.0	0.0	0.0	0.0	3	1.0489544654107448	7.3972318794734155	230.0	37	1.05	0.95				
	323	2	0.0	0.0	0.0	0.0	3	1.0297302519251292	11.573273810779913	230.0	35	1.05	0.95				
	324	1	0.0	0.0	0.0	0.0	3	1.0102707208561852	2.979265903081173	230.0	36	1.05	0.95				
	325	1	0.0	0.0	0.0	0.0	3	1.032139648535921	11.6399864482862	230.0	35	1.05	0.95				
];
