%% MATPOWER Case Format : Version 2
function mpc = RTS_GMLC
mpc.version = '2';

%%-----  Power Flow Data  -----%%
%% system MVA base
mpc.baseMVA = 100.0;
%% bus data
%    bus_i    type    Pd    Qd    Gs    Bs    area    Vm    Va    baseKV    zone    Vmax    Vmin
mpc.bus = [
	101	2	87.93369617684212	17.91241959157895	0.0	0.0	1	1.0476091800007885	0.5197384583431909	138.0	11	1.05	0.95				
	102	2	78.97748638105263	16.28401781052632	0.0	0.0	1	1.0473962734623625	0.3557023042390371	138.0	12	1.05	0.95				
	103	1	146.55616029473686	30.125432949473684	0.0	0.0	1	1.0260623146023782	-1.4291213485883763	138.0	11	1.05	0.95				
	104	1	60.25086589894737	12.213013357894736	0.0	0.0	1	1.0241604842965923	-3.5285143071219083	138.0	11	1.05	0.95				
	105	1	57.808263227368414	11.398812467368423	0.0	0.0	1	1.0369221037194178	-3.963757247777496	138.0	11	1.05	0.95				
	106	1	110.73132111157895	22.797624934736845	0.0	-100.0	1	1.0367509313501342	-7.232063446539861	138.0	12	1.05	0.95				
	107	2	101.77511131578947	20.355022263157895	0.0	0.0	1	1.05	-6.886240319676088	138.0	12	1.05	0.95				
	108	1	139.22835228000002	28.49703116842105	0.0	0.0	1	1.0237617946600588	-8.711280284338875	138.0	12	1.05	0.95				
	109	1	142.48515584210529	29.31123205894737	0.0	0.0	1	1.0274311005716412	-4.524821457198911	138.0	13	1.05	0.95				
	110	1	158.7691736526316	32.56803562105264	0.0	0.0	1	1.05	-6.022801342185845	138.0	13	1.05	0.95				
	111	1	0.0	0.0	0.0	0.0	1	1.0142937899627125	-1.9198831475386713	230.0	13	1.05	0.95				
	112	1	0.0	0.0	0.0	0.0	1	1.0177489144713068	-1.131211241126911	230.0	13	1.05	0.95				
	113	3	215.76323598947366	43.96684808842106	0.0	0.0	1	1.0170576953067467	1.5088901475996635e-31	230.0	14	1.05	0.95				
	114	2	157.95497276210526	31.75383473052632	0.0	0.0	1	1.0148251200712026	-0.19929895407202633	230.0	16	1.05	0.95				
	115	2	258.1016822968421	52.10885699368421	0.0	0.0	1	1.0445032064241653	7.886694242997564	230.0	16	1.05	0.95				
	116	2	81.42008905263158	16.28401781052632	0.0	0.0	1	1.0425475128229775	7.158855691699879	230.0	16	1.05	0.95				
	117	1	0.0	0.0	0.0	0.0	1	1.0457328753497506	10.280935082700703	230.0	17	1.05	0.95				
	118	2	271.12889654526316	55.365660555789475	0.0	0.0	1	1.047940493665254	10.744142250271116	230.0	17	1.05	0.95				
	119	1	147.37036118526316	30.125432949473684	0.0	0.0	1	1.0363746623791288	5.755398906116927	230.0	15	1.05	0.95				
	120	1	104.21771398736843	21.169223153684214	0.0	0.0	1	1.0374270744859004	5.579847558895143	230.0	15	1.05	0.95				
	121	2	0.0	0.0	0.0	0.0	1	1.05	12.336607690876	230.0	17	1.05	0.95				
	122	2	0.0	0.0	0.0	0.0	1	1.05	19.491718346593018	230.0	17	1.05	0.95				
	123	2	0.0	0.0	0.0	0.0	1	1.0403098027940176	6.085978220977934	230.0	15	1.05	0.95				
	124	1	0.0	0.0	0.0	0.0	1	1.025869218381289	4.427343318908815	230.0	16	1.05	0.95				
	201	2	100.69006767157896	20.510939710877196	0.0	0.0	2	1.05	-17.69183674816332	138.0	21	1.05	0.95				
	202	2	90.43459781614035	18.64630882807018	0.0	0.0	2	1.05	-17.80542048987675	138.0	22	1.05	0.95				
	203	1	167.8167794526316	34.49567133192983	0.0	0.0	2	1.0204807423645088	-12.46771956993418	138.0	21	1.05	0.95				
	204	1	68.99134266385965	13.984731621052632	0.0	0.0	2	1.017671779669228	-18.46137802532523	138.0	21	1.05	0.95				
	205	1	66.19439633964913	13.052416179649127	0.0	0.0	2	1.0362003915616984	-19.125331843054372	138.0	21	1.05	0.95				
	206	1	126.79490003087722	26.104832359298253	0.0	-100.0	2	1.0325823146060509	-20.81512059083468	138.0	22	1.05	0.95				
	207	2	116.5394301754386	23.307886035087723	0.0	0.0	2	0.95	-29.785290907509886	138.0	22	1.05	0.95				
	208	1	159.42594048	32.63104044912281	0.0	0.0	2	0.9519970739098182	-27.126818646086026	138.0	22	1.05	0.95				
	209	1	163.15520224561405	33.56335589052632	0.0	0.0	2	1.0222082614676018	-15.22003375794176	138.0	23	1.05	0.95				
	210	1	181.80151107368422	37.29261765614036	0.0	0.0	2	1.0461562133853772	-17.662823743443965	138.0	23	1.05	0.95				
	211	1	0.0	0.0	0.0	0.0	2	1.0315082603199601	-10.538380392623747	230.0	23	1.05	0.95				
	212	1	0.0	0.0	0.0	0.0	2	1.0248660430027539	-5.440547894572424	230.0	23	1.05	0.95				
	213	2	247.0635919719298	50.34503383578948	0.0	0.0	2	1.05	-6.836023245744559	230.0	24	1.05	0.95				
	214	2	180.8691956322807	36.36030221473685	0.0	0.0	2	1.05	-8.172927155785706	230.0	26	1.05	0.95				
	215	2	295.5439949249123	59.668188249824574	0.0	0.0	2	1.0426089462633485	1.2904471443954701	230.0	26	1.05	0.95				
	216	2	93.23154414035089	18.64630882807018	0.0	0.0	2	1.0468453310919452	0.9714018046993121	230.0	26	1.05	0.95				
	217	1	0.0	0.0	0.0	0.0	2	1.0484010757324163	4.251471286952719	230.0	27	1.05	0.95				
	218	2	310.46104198736845	63.39745001543861	0.0	0.0	2	1.05	4.741678660665143	230.0	27	1.05	0.95				
	219	1	168.74909489403512	34.49567133192983	0.0	0.0	2	1.0409058259929795	0.5618369215722043	230.0	25	1.05	0.95				
	220	1	119.33637649964915	24.24020147649123	0.0	0.0	2	1.0445531789957876	1.9521854645935897	230.0	25	1.05	0.95				
	221	2	0.0	0.0	0.0	0.0	2	1.05	5.322386044987748	230.0	27	1.05	0.95				
	222	2	0.0	0.0	0.0	0.0	2	1.05	11.414033714047012	230.0	27	1.05	0.95				
	223	2	0.0	0.0	0.0	0.0	2	1.05	3.387850897108825	230.0	25	1.05	0.95				
	224	1	0.0	0.0	0.0	0.0	2	1.016801858114652	-3.8123347768211246	230.0	26	1.05	0.95				
	301	2	86.62891490526317	17.64663081403509	0.0	0.0	3	0.9831258202667609	-5.315725156796542	138.0	31	1.05	0.95				
	302	2	77.80559949824561	16.04239164912281	0.0	0.0	3	0.9857632331917637	-5.68389947823306	138.0	32	1.05	0.95				
	303	1	144.38152484210528	29.678424550877192	0.0	0.0	3	0.9969914690614776	-1.3782084441853342	138.0	31	1.05	0.95				
	304	1	59.356849101754385	12.031793736842104	0.0	0.0	3	0.9758000333534934	-3.7502455432298722	138.0	31	1.05	0.95				
	305	1	56.95049035438596	11.229674154385966	0.0	0.0	3	0.9877781156576247	-3.744368818544529	138.0	31	1.05	0.95				
	306	1	109.08826321403508	22.459348308771933	0.0	-100.0	3	0.9972087715811302	-3.796385258605662	138.0	32	1.05	0.95				
	307	2	100.26494780701753	20.052989561403507	0.0	0.0	3	0.95	-10.210013483414498	138.0	32	1.05	0.95				
	308	1	137.1624486	28.07418538596491	0.0	0.0	3	0.9560602011994842	-6.376798029837874	138.0	32	1.05	0.95				
	309	1	140.37092692982455	28.876304968421053	0.0	0.0	3	0.9980823478851165	1.3071486842867364	138.0	33	1.05	0.95				
	310	1	156.41331857894735	32.08478329824562	0.0	0.0	3	1.0171555763617164	0.5729231188156492	138.0	33	1.05	0.95				
	311	1	0.0	0.0	0.0	0.0	3	0.9943146626652001	9.117670079580613	230.0	33	1.05	0.95				
	312	1	0.0	0.0	0.0	0.0	3	0.9979459824651218	10.516571018813723	230.0	33	1.05	0.95				
	313	2	212.56168935087717	43.314457452631586	0.0	0.0	3	1.0276464288501765	18.568838221670664	230.0	34	1.05	0.95				
	314	2	155.61119899649123	31.28266371578948	0.0	0.0	3	1.0065415064206975	8.641939694731747	230.0	36	1.05	0.95				
	315	2	254.27190763859647	51.33565327719298	0.0	0.0	3	1.047345411871806	6.070414410544711	230.0	36	1.05	0.95				
	316	2	80.21195824561403	16.04239164912281	0.0	0.0	3	1.044051765645958	7.342825929949995	230.0	36	1.05	0.95				
	317	1	0.0	0.0	0.0	0.0	3	1.0481725454648994	7.642392787657795	230.0	37	1.05	0.95				
	318	2	267.10582095789476	54.54413160701754	0.0	0.0	3	1.0471008496092529	6.676521436418682	230.0	37	1.05	0.95				
	319	1	145.1836444245614	29.678424550877192	0.0	0.0	3	1.0365651083499405	9.095529386219143	230.0	35	1.05	0.95				
	320	1	102.67130655438596	20.85510914385965	0.0	0.0	3	1.034483425410087	10.712223286637945	230.0	35	1.05	0.95				
	321	2	0.0	0.0	0.0	0.0	3	1.05	8.007057495906876	230.0	37	1.05	0.95				
	322	2	0.0	0.0	0.0	0.0	3	1.05	12.209209899141301	230.0	37	1.05	0.95				
	323	2	0.0	0.0	0.0	0.0	3	1.0344451585864303	11.53610259790049	230.0	35	1.05	0.95				
	324	1	0.0	0.0	0.0	0.0	3	1.0212400135908672	5.287500988631291	230.0	36	1.05	0.95				
	325	1	0.0	0.0	0.0	0.0	3	1.0364696887112799	11.611757080853183	230.0	35	1.05	0.95				
];

%% generator data
%    bus    Pg    Qg    Qmax    Qmin    Vg    mBase    status    Pmax    Pmin    Pc1    Pc2    Qc1min    Qc1max    Qc2min    Qc2max    ramp_agc    ramp_10    ramp_30    ramp_q    apf
