%% MATPOWER Case Format : Version 2
function mpc = RTS_GMLC
mpc.version = '2';

%%-----  Power Flow Data  -----%%
%% system MVA base
mpc.baseMVA = 100.0;
%% bus data
%    bus_i    type    Pd    Qd    Gs    Bs    area    Vm    Va    baseKV    zone    Vmax    Vmin
mpc.bus = [
	101	2	81.56110835368422	16.61429984982456	0.0	0.0	1	1.0318280053055058	-2.7173258328040477	138.0	11	1.05	0.95				
	102	2	73.25395842877192	15.103908954385966	0.0	0.0	1	1.0318013845476417	-2.7916945607599986	138.0	12	1.05	0.95				
	103	1	135.9351805894737	27.942231565614033	0.0	0.0	1	1.018216724893718	-2.5097339254842312	138.0	11	1.05	0.95				
	104	1	55.88446313122807	11.327931715789473	0.0	0.0	1	1.0154024085448952	-5.56162452313577	138.0	11	1.05	0.95				
	105	1	53.61887678807017	10.572736268070177	0.0	0.0	1	1.0308321040725328	-5.665976482905016	138.0	11	1.05	0.95				
	106	1	102.70658088982456	21.145472536140353	0.0	-100.0	1	1.0358445378274386	-8.005004506169097	138.0	12	1.05	0.95				
	107	2	94.39943096491228	18.879886192982458	0.0	0.0	1	1.0466582026678217	-5.289784564618258	138.0	12	1.05	0.95				
	108	1	129.13842155999998	26.43184067017544	0.0	0.0	1	1.023415628365538	-7.71830607053304	138.0	12	1.05	0.95				
	109	1	132.1592033508772	27.187036117894735	0.0	0.0	1	1.0262573582624481	-4.766392444535678	138.0	13	1.05	0.95				
	110	1	147.26311230526318	30.207817908771933	0.0	0.0	1	1.05	-6.267038746361903	138.0	13	1.05	0.95				
	111	1	0.0	0.0	0.0	0.0	1	1.0153060699984306	-1.5578083917108223	230.0	13	1.05	0.95				
	112	1	0.0	0.0	0.0	0.0	1	1.0166436843113054	-0.9479207317446829	230.0	13	1.05	0.95				
	113	3	200.12679364561401	40.78055417684211	0.0	0.0	1	1.0165027310012333	-6.764952961200177e-29	230.0	14	1.05	0.95				
	114	2	146.50791685754385	29.452622461052634	0.0	0.0	1	1.0208953168545287	1.0578661333136787	230.0	16	1.05	0.95				
	115	2	239.39695692701753	48.33250865403509	0.0	0.0	1	1.0433942925700301	10.000649937839613	230.0	16	1.05	0.95				
	116	2	75.51954477192983	15.103908954385966	0.0	0.0	1	1.0423851359584047	9.338324265225152	230.0	16	1.05	0.95				
	117	1	0.0	0.0	0.0	0.0	1	1.0453387962749772	13.49102639824494	230.0	17	1.05	0.95				
	118	2	251.48008409052633	51.35329044491228	0.0	0.0	1	1.05	14.004966364600982	230.0	17	1.05	0.95				
	119	1	136.69037603719298	27.942231565614033	0.0	0.0	1	1.0371131956083777	7.40900769586672	230.0	15	1.05	0.95				
	120	1	96.66501730807018	19.635081640701753	0.0	0.0	1	1.039672248576978	7.15816820512035	230.0	15	1.05	0.95				
	121	2	0.0	0.0	0.0	0.0	1	1.05	14.646645070537202	230.0	17	1.05	0.95				
	122	2	0.0	0.0	0.0	0.0	1	1.05	26.50390848140752	230.0	17	1.05	0.95				
	123	2	0.0	0.0	0.0	0.0	1	1.0430839202673297	7.577213300264098	230.0	15	1.05	0.95				
	124	1	0.0	0.0	0.0	0.0	1	1.0182187801027505	5.375801436217113	230.0	16	1.05	0.95				
	201	2	81.76924288421054	16.656697624561403	0.0	0.0	2	1.0396733880016262	-14.332608673031114	138.0	21	1.05	0.95				
	202	2	73.44089407192983	15.142452385964914	0.0	0.0	2	1.0398554863486025	-14.447128260548794	138.0	22	1.05	0.95				
	203	1	136.28207147368423	28.013536914035086	0.0	0.0	2	1.025174987448443	-10.205020240582442	138.0	21	1.05	0.95				
	204	1	56.02707382807017	11.356839289473685	0.0	0.0	2	1.0184900448470589	-15.981734835095983	138.0	21	1.05	0.95				
	205	1	53.75570597017544	10.59971667017544	0.0	0.0	2	1.0351720088926015	-16.49819472130043	138.0	21	1.05	0.95				
	206	1	102.9686762245614	21.19943334035088	0.0	-100.0	2	1.0381973921970855	-18.42925994171965	138.0	22	1.05	0.95				
	207	2	94.6403274122807	18.92806548245614	0.0	0.0	2	0.9569088428157767	-29.711354840310804	138.0	22	1.05	0.95				
	208	1	129.46796790000002	26.499291675438595	0.0	0.0	2	0.962186788738793	-25.91842698561888	138.0	22	1.05	0.95				
	209	1	132.496458377193	27.256414294736842	0.0	0.0	2	1.0249782437124426	-14.178957940135795	138.0	23	1.05	0.95				
	210	1	147.6389107631579	30.284904771929828	0.0	0.0	2	1.05	-16.322869935596565	138.0	23	1.05	0.95				
	211	1	0.0	0.0	0.0	0.0	2	1.0298369166692156	-9.234669786340476	230.0	23	1.05	0.95				
	212	1	0.0	0.0	0.0	0.0	2	1.0216918767480851	-8.161026707476967	230.0	23	1.05	0.95				
	213	2	200.63749411403512	40.88462144210527	0.0	0.0	2	1.0425642521866334	-5.892000704162551	230.0	24	1.05	0.95				
	214	2	146.88178814385967	29.52778215263158	0.0	0.0	2	1.0488495408766396	-6.379536497765275	230.0	26	1.05	0.95				
	215	2	240.00787031754385	48.45584763508772	0.0	0.0	2	1.0444664265585046	2.5109466967895924	230.0	26	1.05	0.95				
	216	2	75.71226192982456	15.142452385964914	0.0	0.0	2	1.0488612206766978	2.3496376232727747	230.0	26	1.05	0.95				
	217	1	0.0	0.0	0.0	0.0	2	1.0491212945973691	5.9238004078737525	230.0	27	1.05	0.95				
	218	2	252.1218322263158	51.4843381122807	0.0	0.0	2	1.05	6.61179497493207	230.0	27	1.05	0.95				
	219	1	137.03919409298246	28.013536914035086	0.0	0.0	2	1.0440055948532991	1.5184611367495136	230.0	25	1.05	0.95				
	220	1	96.91169527017544	19.685188101754385	0.0	0.0	2	1.0464324562821765	2.209413149819391	230.0	25	1.05	0.95				
	221	2	0.0	0.0	0.0	0.0	2	1.05	6.97052082977795	230.0	27	1.05	0.95				
	222	2	0.0	0.0	0.0	0.0	2	1.05	13.071791046759733	230.0	27	1.05	0.95				
	223	2	0.0	0.0	0.0	0.0	2	1.05	3.138531010000055	230.0	25	1.05	0.95				
	224	1	0.0	0.0	0.0	0.0	2	1.0211779306229094	-2.2163566948776623	230.0	26	1.05	0.95				
	301	2	62.59285034526316	12.750395440701753	0.0	0.0	3	1.0150484994771771	-13.216833727634524	138.0	31	1.05	0.95				
	302	2	56.217652624912276	11.591268582456141	0.0	0.0	3	1.013505247171916	-13.51271630910675	138.0	32	1.05	0.95				
	303	1	104.32141724210527	21.44384687754386	0.0	0.0	3	1.0498651511338455	0.11766983158771022	138.0	31	1.05	0.95				
	304	1	42.88769375508772	8.693451436842105	0.0	0.0	3	1.0108942853058647	-11.509109902647976	138.0	31	1.05	0.95				
	305	1	41.1490034677193	8.113888007719298	0.0	0.0	3	1.0251592749408747	-13.79433775109992	138.0	31	1.05	0.95				
	306	1	78.82062636070177	16.227776015438597	0.0	-100.0	3	1.0373767701060435	-14.760570257409602	138.0	32	1.05	0.95				
	307	2	72.44542864035087	14.489085728070176	0.0	0.0	3	0.9908446831241965	-20.749892963055977	138.0	32	1.05	0.95				
	308	1	99.10534637999999	20.284720019298245	0.0	0.0	3	0.9917804172833811	-17.991760469106516	138.0	32	1.05	0.95				
	309	1	101.42360009649123	20.86428344842105	0.0	0.0	3	1.0288956639266877	-7.51525549867782	138.0	33	1.05	0.95				
	310	1	113.01486867894737	23.182537164912283	0.0	0.0	3	1.05	-12.515573916519976	138.0	33	1.05	0.95				
	311	1	0.0	0.0	0.0	0.0	3	1.0165675047926421	-6.290295322494679	230.0	33	1.05	0.95				
	312	1	0.0	0.0	0.0	0.0	3	1.0179851180329833	-5.674950493407789	230.0	33	1.05	0.95				
	313	2	153.58430871754385	31.29642517263158	0.0	0.0	3	1.0183005987818339	-3.366038530867107	230.0	34	1.05	0.95				
	314	2	112.43530524982455	22.602973735789476	0.0	0.0	3	1.0220829011708294	-5.074720458192166	230.0	36	1.05	0.95				
	315	2	183.7216070319298	37.09205946385965	0.0	0.0	3	1.048363819310656	0.48373797639270627	230.0	36	1.05	0.95				
	316	2	57.956342912280704	11.591268582456141	0.0	0.0	3	1.0449093475996156	0.13286281722327517	230.0	36	1.05	0.95				
	317	1	0.0	0.0	0.0	0.0	3	1.049999935178463	3.113234980343158	230.0	37	1.05	0.95				
	318	2	192.99462189789475	39.41031318035088	0.0	0.0	3	1.048690095697633	2.6517706839988784	230.0	37	1.05	0.95				
	319	1	104.90098067122806	21.44384687754386	0.0	0.0	3	1.0386539231456964	-0.9537647548160977	230.0	35	1.05	0.95				
	320	1	74.1841189277193	15.068649157192981	0.0	0.0	3	1.0378981153105367	-0.8038797048369523	230.0	35	1.05	0.95				
	321	2	0.0	0.0	0.0	0.0	3	1.05	3.470623342426535	230.0	37	1.05	0.95				
	322	2	0.0	0.0	0.0	0.0	3	1.05	7.860183587421925	230.0	37	1.05	0.95				
	323	2	0.0	0.0	0.0	0.0	3	1.0387389475466764	-0.288331013551416	230.0	35	1.05	0.95				
	324	1	0.0	0.0	0.0	0.0	3	1.044637183792835	0.35512250838329107	230.0	36	1.05	0.95				
	325	1	0.0	0.0	0.0	0.0	3	1.0352515033554912	0.9551183508762946	230.0	35	1.05	0.95				
];
