%% MATPOWER Case Format : Version 2
function mpc = RTS_GMLC
mpc.version = '2';

%%-----  Power Flow Data  -----%%
%% system MVA base
mpc.baseMVA = 100.0;
%% bus data
%    bus_i    type    Pd    Qd    Gs    Bs    area    Vm    Va    baseKV    zone    Vmax    Vmin
mpc.bus = [
	101	2	103.57793170105265	21.099208309473685	0.0	0.0	1	1.0476791518466702	-3.1505123633631937	138.0	11	1.05	0.95				
	102	2	93.0283275463158	19.1810984631579	0.0	0.0	1	1.0474088835711801	-3.3302092813536497	138.0	12	1.05	0.95				
	103	1	172.62988616842105	35.4850321568421	0.0	0.0	1	1.0165480884369371	-3.2881705175940916	138.0	11	1.05	0.95				
	104	1	70.9700643136842	14.385823847368421	0.0	0.0	1	1.021290970063185	-6.556099109271203	138.0	11	1.05	0.95				
	105	1	68.09289954421052	13.426768924210528	0.0	0.0	1	1.0355299263024216	-7.153174713711615	138.0	11	1.05	0.95				
	106	1	130.4314695494737	26.853537848421055	0.0	-100.0	1	1.0328901486581388	-10.28245155222555	138.0	12	1.05	0.95				
	107	2	119.88186539473685	23.97637307894737	0.0	0.0	1	1.05	-8.268793246908743	138.0	12	1.05	0.95				
	108	1	163.99839186	33.566922310526316	0.0	0.0	1	1.0192102061431034	-10.822465652131696	138.0	12	1.05	0.95				
	109	1	167.83461155263157	34.52597723368421	0.0	0.0	1	1.0269052305494877	-6.347284582356439	138.0	13	1.05	0.95				
	110	1	187.01571001578947	38.3621969263158	0.0	0.0	1	1.05	-8.260513312529108	138.0	13	1.05	0.95				
	111	1	0.0	0.0	0.0	0.0	1	1.0230741586037075	-2.586554112902091	230.0	13	1.05	0.95				
	112	1	0.0	0.0	0.0	0.0	1	1.020931967798876	-1.686490341209365	230.0	13	1.05	0.95				
	113	3	254.1495546368421	51.788965850526324	0.0	0.0	1	1.029505503617322	-1.3454345896703784e-28	230.0	14	1.05	0.95				
	114	2	186.0566550926316	37.403142003157896	0.0	0.0	1	1.034400750751109	-0.2144128905419184	230.0	16	1.05	0.95				
	115	2	304.02041064105265	61.379515082105264	0.0	0.0	1	1.0401981507338576	9.962993972136395	230.0	16	1.05	0.95				
	116	2	95.90549231578947	19.1810984631579	0.0	0.0	1	1.0421619444441617	9.089648315715662	230.0	16	1.05	0.95				
	117	1	0.0	0.0	0.0	0.0	1	1.0455474566488392	13.654534595341943	230.0	17	1.05	0.95				
	118	2	319.36528941157894	65.21573477473684	0.0	0.0	1	1.05	14.658407196457357	230.0	17	1.05	0.95				
	119	1	173.58894109157896	35.4850321568421	0.0	0.0	1	1.0385559756277398	7.197501805962337	230.0	15	1.05	0.95				
	120	1	122.75903016421053	24.935428002105265	0.0	0.0	1	1.0440362345219842	6.996273083984504	230.0	15	1.05	0.95				
	121	2	0.0	0.0	0.0	0.0	1	1.05	15.852345741831744	230.0	17	1.05	0.95				
	122	2	0.0	0.0	0.0	0.0	1	1.05	24.597525524030576	230.0	17	1.05	0.95				
	123	2	0.0	0.0	0.0	0.0	1	1.0499999872061263	7.5820643099363885	230.0	15	1.05	0.95				
	124	1	0.0	0.0	0.0	0.0	1	1.0146008685618144	5.056117353839058	230.0	16	1.05	0.95				
	201	2	96.9841020126316	19.756020780350877	0.0	0.0	2	1.05	-13.934169399343716	138.0	21	1.05	0.95				
	202	2	87.10609162245613	17.96001889122807	0.0	0.0	2	1.05	-14.01019475994139	138.0	22	1.05	0.95				
	203	1	161.64017002105265	33.22603494877193	0.0	0.0	2	1.0248921742893549	-10.203049530862225	138.0	21	1.05	0.95				
	204	1	66.45206989754386	13.470014168421052	0.0	0.0	2	1.0199327810022378	-14.723466951647262	138.0	21	1.05	0.95				
	205	1	63.75806706385965	12.572013223859651	0.0	0.0	2	1.037566543257791	-15.252959987771163	138.0	21	1.05	0.95				
	206	1	122.12812846035088	25.144026447719302	0.0	-100.0	2	1.0350503361001144	-16.83825629188078	138.0	22	1.05	0.95				
	207	2	112.25011807017545	22.45002361403509	0.0	0.0	2	0.95	-26.68048519907226	138.0	22	1.05	0.95				
	208	1	153.55816152000003	31.43003305964912	0.0	0.0	2	0.9535182354689482	-23.619361738821464	138.0	22	1.05	0.95				
	209	1	157.1501652982456	32.32803400421053	0.0	0.0	2	1.0248608046338978	-11.684176948827949	138.0	23	1.05	0.95				
	210	1	175.11018418947367	35.92003778245614	0.0	0.0	2	1.047909326334702	-13.78500063361438	138.0	23	1.05	0.95				
	211	1	0.0	0.0	0.0	0.0	2	1.0319605237548535	-6.693596254230077	230.0	23	1.05	0.95				
	212	1	0.0	0.0	0.0	0.0	2	1.0250200314046443	-1.7999250247846494	230.0	23	1.05	0.95				
	213	2	237.97025030877194	48.4920510063158	0.0	0.0	2	1.05	-2.4706967424969277	230.0	24	1.05	0.95				
	214	2	174.21218324491227	35.02203683789474	0.0	0.0	2	1.05	-4.632680382554071	230.0	26	1.05	0.95				
	215	2	284.6662994259649	57.47206045192983	0.0	0.0	2	1.0452935368446745	3.732962805449861	230.0	26	1.05	0.95				
	216	2	89.80009445614036	17.96001889122807	0.0	0.0	2	1.0489625546935868	3.8388882853266875	230.0	26	1.05	0.95				
	217	1	0.0	0.0	0.0	0.0	2	1.05	6.815897113671305	230.0	27	1.05	0.95				
	218	2	299.0343145389474	61.06406423017544	0.0	0.0	2	1.04970326527767	7.347847052104664	230.0	27	1.05	0.95				
	219	1	162.53817096561406	33.22603494877193	0.0	0.0	2	1.0422587752502428	3.9710550589290774	230.0	25	1.05	0.95				
	220	1	114.94412090385966	23.348024558596496	0.0	0.0	2	1.0449714106891423	5.76671372245998	230.0	25	1.05	0.95				
	221	2	0.0	0.0	0.0	0.0	2	1.05	7.874008699774901	230.0	27	1.05	0.95				
	222	2	0.0	0.0	0.0	0.0	2	1.05	13.970947976797822	230.0	27	1.05	0.95				
	223	2	0.0	0.0	0.0	0.0	2	1.05	7.4003890923405145	230.0	25	1.05	0.95				
	224	1	0.0	0.0	0.0	0.0	2	1.019818049837458	-1.444352062204025	230.0	26	1.05	0.95				
	301	2	84.57893071578947	17.22904144210526	0.0	0.0	3	0.9837408040662423	-1.9905530109529586	138.0	31	1.05	0.95				
	302	2	75.96440999473684	15.662764947368421	0.0	0.0	3	0.9847120429876473	-2.2271072624422072	138.0	32	1.05	0.95				
	303	1	140.96488452631576	28.976115152631575	0.0	0.0	3	1.0104641652407576	6.313784719412256	138.0	31	1.05	0.95				
	304	1	57.95223030526315	11.747073710526314	0.0	0.0	3	0.9765119602307454	0.38938660663642055	138.0	31	1.05	0.95				
	305	1	55.60281556315788	10.963935463157895	0.0	0.0	3	0.9887239509627634	-0.20741994830858276	138.0	31	1.05	0.95				
	306	1	106.50680164210526	21.92787092631579	0.0	-100.0	3	0.9983105578882568	-0.09846420936968846	138.0	32	1.05	0.95				
	307	2	97.89228092105262	19.578456184210523	0.0	0.0	3	0.95	-6.530649166528613	138.0	32	1.05	0.95				
	308	1	133.91664029999998	27.40983865789473	0.0	0.0	3	0.9554327231294992	-2.7503289139811087	138.0	32	1.05	0.95				
	309	1	137.04919328947366	28.192976905263155	0.0	0.0	3	1.000641209121001	5.90034350504634	138.0	33	1.05	0.95				
	310	1	152.7119582368421	31.325529894736842	0.0	0.0	3	1.0181857868287807	4.2521402431164255	138.0	33	1.05	0.95				
	311	1	0.0	0.0	0.0	0.0	3	0.9953510140089898	12.921641931427699	230.0	33	1.05	0.95				
	312	1	0.0	0.0	0.0	0.0	3	0.9984047155721144	14.044697276269101	230.0	33	1.05	0.95				
	313	2	207.53163555263154	42.289465357894734	0.0	0.0	3	1.0241087149077663	21.375567928026122	230.0	34	1.05	0.95				
	314	2	151.92881998947368	30.542391647368415	0.0	0.0	3	1.0070756832991232	13.05620968852866	230.0	36	1.05	0.95				
	315	2	248.25482441578944	50.12084783157894	0.0	0.0	3	1.0477743707347928	11.805422718166493	230.0	36	1.05	0.95				
	316	2	78.3138247368421	15.662764947368421	0.0	0.0	3	1.0422132059436513	12.732229636034495	230.0	36	1.05	0.95				
	317	1	0.0	0.0	0.0	0.0	3	1.0486279883381	13.713825121880921	230.0	37	1.05	0.95				
	318	2	260.7850363736842	53.25340082105263	0.0	0.0	3	1.047559260026112	12.518339200524743	230.0	37	1.05	0.95				
	319	1	141.7480227736842	28.976115152631575	0.0	0.0	3	1.034129619677998	13.715147102012422	230.0	35	1.05	0.95				
	320	1	100.24169566315788	20.361594431578947	0.0	0.0	3	1.031865021304498	15.023263027109667	230.0	35	1.05	0.95				
	321	2	0.0	0.0	0.0	0.0	3	1.05	13.826305680266307	230.0	37	1.05	0.95				
	322	2	0.0	0.0	0.0	0.0	3	1.05	18.128023896242237	230.0	37	1.05	0.95				
	323	2	0.0	0.0	0.0	0.0	3	1.0312904726554686	15.587252957327783	230.0	35	1.05	0.95				
	324	1	0.0	0.0	0.0	0.0	3	1.028462090176302	11.753878444248468	230.0	36	1.05	0.95				
	325	1	0.0	0.0	0.0	0.0	3	1.033677141063229	15.619192945894863	230.0	35	1.05	0.95				
];

%% generator data
%    bus    Pg    Qg    Qmax    Qmin    Vg    mBase    status    Pmax    Pmin    Pc1    Pc2    Qc1min    Qc1max    Qc2min    Qc2max    ramp_agc    ramp_10    ramp_30    ramp_q    apf
