%% MATPOWER Case Format : Version 2
function mpc = RTS_GMLC
mpc.version = '2';

%%-----  Power Flow Data  -----%%
%% system MVA base
mpc.baseMVA = 100.0;
%% bus data
%    bus_i    type    Pd    Qd    Gs    Bs    area    Vm    Va    baseKV    zone    Vmax    Vmin
mpc.bus = [
	101	2	75.93666502736842	15.468579912982456	0.0	0.0	1	1.0464167578084436	0.38902805497611215	138.0	11	1.05	0.95				
	102	2	68.20237507087718	14.062345375438598	0.0	0.0	1	1.0452481650685312	-0.004265715870688021	138.0	12	1.05	0.95				
	103	1	126.56110837894737	26.0153389445614	0.0	0.0	1	1.0277618651471623	-0.18404542398105256	138.0	11	1.05	0.95				
	104	1	52.0306778891228	10.546759031578947	0.0	0.0	1	1.024715427576842	-3.3680497734368497	138.0	11	1.05	0.95				
	105	1	49.92132608280701	9.843641762807017	0.0	0.0	1	1.0379660255920569	-3.8561447625644734	138.0	11	1.05	0.95				
	106	1	95.62394855298247	19.687283525614035	0.0	-100.0	1	1.0397761136889188	-6.9571011298792556	138.0	12	1.05	0.95				
	107	2	87.88965859649123	17.577931719298245	0.0	0.0	1	1.006215151682332	-13.971868042760676	138.0	12	1.05	0.95				
	108	1	120.23305296	24.609104407017544	0.0	0.0	1	0.9981264679403324	-12.46779074036435	138.0	12	1.05	0.95				
	109	1	123.04552203508771	25.31222167578947	0.0	0.0	1	1.02566008694267	-4.408356206567105	138.0	13	1.05	0.95				
	110	1	137.10786741052632	28.124690750877196	0.0	0.0	1	1.05	-6.0135029984571915	138.0	13	1.05	0.95				
	111	1	0.0	0.0	0.0	0.0	1	1.015704823987062	-1.3499665878022413	230.0	13	1.05	0.95				
	112	1	0.0	0.0	0.0	0.0	1	1.0172219928751443	-1.2212945420161947	230.0	13	1.05	0.95				
	113	3	186.32607622456138	37.96833251368421	0.0	0.0	1	1.0163867311409027	1.6551303093456454e-30	230.0	14	1.05	0.95				
	114	2	136.40475014175436	27.421573482105266	0.0	0.0	1	1.022126952821035	1.3432364602651348	230.0	16	1.05	0.95				
	115	2	222.88817420070174	44.99950520140351	0.0	0.0	1	1.043911181060031	10.61338237451006	230.0	16	1.05	0.95				
	116	2	70.31172687719298	14.062345375438598	0.0	0.0	1	1.0419248307634092	9.416869885167326	230.0	16	1.05	0.95				
	117	1	0.0	0.0	0.0	0.0	1	1.0447870683470237	13.701909119875534	230.0	17	1.05	0.95				
	118	2	234.13805050105262	47.811974276491235	0.0	0.0	1	1.049809006951066	14.200289245663937	230.0	17	1.05	0.95				
	119	1	127.26422564771931	26.0153389445614	0.0	0.0	1	1.0355908803346012	6.882206467630491	230.0	15	1.05	0.95				
	120	1	89.99901040280702	18.281048988070175	0.0	0.0	1	1.0364642123524612	5.636229159251344	230.0	15	1.05	0.95				
	121	2	0.0	0.0	0.0	0.0	1	1.05	15.950763105255053	230.0	17	1.05	0.95				
	122	2	0.0	0.0	0.0	0.0	1	1.05	27.37053753663022	230.0	17	1.05	0.95				
	123	2	0.0	0.0	0.0	0.0	1	1.0387175278402825	5.4750594112719435	230.0	15	1.05	0.95				
	124	1	0.0	0.0	0.0	0.0	1	1.024353612886711	6.590472656141584	230.0	16	1.05	0.95				
	201	2	79.66126239157896	16.227294190877195	0.0	0.0	2	1.0357016675193769	-15.386710463813285	138.0	21	1.05	0.95				
	202	2	71.54761529614035	14.752085628070176	0.0	0.0	2	1.0362864976272892	-15.379886147811517	138.0	22	1.05	0.95				
	203	1	132.7687706526316	27.291358411929828	0.0	0.0	2	1.016742790913183	-13.256413059356559	138.0	21	1.05	0.95				
	204	1	54.582716823859656	11.064064221052632	0.0	0.0	2	1.0172574031064976	-16.557222750828213	138.0	21	1.05	0.95				
	205	1	52.36990397964912	10.326459939649126	0.0	0.0	2	1.0335289918804762	-16.925520026574166	138.0	21	1.05	0.95				
	206	1	100.31418227087721	20.652919879298253	0.0	-100.0	2	1.0381021161429203	-18.46807134146392	138.0	22	1.05	0.95				
	207	2	92.2005351754386	18.44010703508772	0.0	0.0	2	0.9617638154590182	-29.372102872732572	138.0	22	1.05	0.95				
	208	1	126.13033212000002	25.81614984912281	0.0	0.0	2	0.9661803630048972	-25.701026436129506	138.0	22	1.05	0.95				
	209	1	129.08074924561404	26.55375413052632	0.0	0.0	2	1.0250195639668938	-14.528895961286754	138.0	23	1.05	0.95				
	210	1	143.83283487368425	29.504171256140353	0.0	0.0	2	1.05	-16.159190980587496	138.0	23	1.05	0.95				
	211	1	0.0	0.0	0.0	0.0	2	1.0271815732872323	-10.469197328959233	230.0	23	1.05	0.95				
	212	1	0.0	0.0	0.0	0.0	2	1.0233726821708793	-5.933043615375016	230.0	23	1.05	0.95				
	213	2	195.46513457192984	39.83063119578948	0.0	0.0	2	1.0368342309884162	-7.746796749246494	230.0	24	1.05	0.95				
	214	2	143.0952305922807	28.766566974736847	0.0	0.0	2	1.0412575429750806	-8.127335306047144	230.0	26	1.05	0.95				
	215	2	233.8205572049123	47.20667400982457	0.0	0.0	2	1.0424976803285786	-0.1956624194896321	230.0	26	1.05	0.95				
	216	2	73.76042814035088	14.752085628070176	0.0	0.0	2	1.0448948856479867	-0.24887119891580384	230.0	26	1.05	0.95				
	217	1	0.0	0.0	0.0	0.0	2	1.0457978285143659	2.238162831109109	230.0	27	1.05	0.95				
	218	2	245.62222570736844	50.157091135438606	0.0	0.0	2	1.04585418916228	2.133570554378579	230.0	27	1.05	0.95				
	219	1	133.5063749340351	27.291358411929828	0.0	0.0	2	1.041586362915961	0.02096847695723862	230.0	25	1.05	0.95				
	220	1	94.41334801964913	19.17771131649123	0.0	0.0	2	1.0453208619127357	1.6392744294696684	230.0	25	1.05	0.95				
	221	2	0.0	0.0	0.0	0.0	2	1.0463124082273052	2.1309509905189334	230.0	27	1.05	0.95				
	222	2	0.0	0.0	0.0	0.0	2	1.05	8.682018120930971	230.0	27	1.05	0.95				
	223	2	0.0	0.0	0.0	0.0	2	1.05	3.0602386754502784	230.0	25	1.05	0.95				
	224	1	0.0	0.0	0.0	0.0	2	1.0163526394147857	-5.022468077096268	230.0	26	1.05	0.95				
	301	2	74.79025624421054	15.235052197894738	0.0	0.0	3	1.0056858379700133	-2.5042932001802716	138.0	31	1.05	0.95				
	302	2	67.17273014526316	13.85004745263158	0.0	0.0	3	1.0056185794105372	-2.649421840399979	138.0	32	1.05	0.95				
	303	1	124.65042707368421	25.622587787368424	0.0	0.0	3	1.0251768864888609	4.415751598505425	138.0	31	1.05	0.95				
	304	1	51.24517557473685	10.387535589473684	0.0	0.0	3	1.0039632953820425	-0.3841933065163133	138.0	31	1.05	0.95				
	305	1	49.16766845684211	9.695033216842107	0.0	0.0	3	1.017480029112533	-0.8485396034325398	138.0	31	1.05	0.95				
	306	1	94.18032267789475	19.390066433684215	0.0	-100.0	3	1.031578366845344	-0.6807387988330624	138.0	32	1.05	0.95				
	307	2	86.56279657894737	17.312559315789475	0.0	0.0	3	0.992591429298778	-6.785294949056044	138.0	32	1.05	0.95				
	308	1	118.41790572	24.237583042105264	0.0	0.0	3	0.9949317691458484	-3.5202028730599975	138.0	32	1.05	0.95				
	309	1	121.18791521052631	24.930085414736844	0.0	0.0	3	1.0279610774650099	4.284987526893019	138.0	33	1.05	0.95				
	310	1	135.0379626631579	27.70009490526316	0.0	0.0	3	1.05	3.0262586345343676	138.0	33	1.05	0.95				
	311	1	0.0	0.0	0.0	0.0	3	1.0203311461469586	10.579935474042822	230.0	33	1.05	0.95				
	312	1	0.0	0.0	0.0	0.0	3	1.0226416438699684	11.538011164735613	230.0	33	1.05	0.95				
	313	2	183.51312874736843	37.39512812210527	0.0	0.0	3	1.0440804636419756	17.76623620849876	230.0	34	1.05	0.95				
	314	2	134.34546029052632	27.00759253263158	0.0	0.0	3	1.0266932012102574	11.031101954042095	230.0	36	1.05	0.95				
	315	2	219.52325212421053	44.320151848421055	0.0	0.0	3	1.040894988379534	9.797114589234791	230.0	36	1.05	0.95				
	316	2	69.2502372631579	13.85004745263158	0.0	0.0	3	1.0408567448259147	10.928259997224753	230.0	36	1.05	0.95				
	317	1	0.0	0.0	0.0	0.0	3	1.05	13.428480066656217	230.0	37	1.05	0.95				
	318	2	230.60329008631578	47.090161338947375	0.0	0.0	3	1.0460083380003038	10.933417919519679	230.0	37	1.05	0.95				
	319	1	125.3429294463158	25.622587787368424	0.0	0.0	3	1.0388712702514238	12.279163115213384	230.0	35	1.05	0.95				
	320	1	88.64030369684211	18.005061688421055	0.0	0.0	3	1.0398735267564954	13.312484250459145	230.0	35	1.05	0.95				
	321	2	0.0	0.0	0.0	0.0	3	1.0452218736889336	11.18659972038125	230.0	37	1.05	0.95				
	322	2	0.0	0.0	0.0	0.0	3	1.05	16.40823529489167	230.0	37	1.05	0.95				
	323	2	0.0	0.0	0.0	0.0	3	1.0408587587410048	13.780449902351426	230.0	35	1.05	0.95				
	324	1	0.0	0.0	0.0	0.0	3	1.0296506628372246	9.526269870179199	230.0	36	1.05	0.95				
	325	1	0.0	0.0	0.0	0.0	3	1.0420622877373722	13.967769440437612	230.0	35	1.05	0.95				
];
