%% MATPOWER Case Format : Version 2
function mpc = RTS_GMLC
mpc.version = '2';

%%-----  Power Flow Data  -----%%
%% system MVA base
mpc.baseMVA = 100.0;
%% bus data
%    bus_i    type    Pd    Qd    Gs    Bs    area    Vm    Va    baseKV    zone    Vmax    Vmin
mpc.bus = [
	101	2	70.75309251789473	14.412666994385964	0.0	0.0	1	1.023128364185381	-2.174055952024839	138.0	11	1.05	0.95				
	102	2	63.54675902070175	13.102424540350876	0.0	0.0	1	1.0224509442922909	-2.484172475213696	138.0	12	1.05	0.95				
	103	1	117.9218208631579	24.239485399649123	0.0	0.0	1	1.0118071438486065	0.5157971410419975	138.0	11	1.05	0.95				
	104	1	48.478970799298246	9.826818405263158	0.0	0.0	1	1.0114312958487457	-5.032697851791933	138.0	11	1.05	0.95				
	105	1	46.51360711824561	9.171697178245616	0.0	0.0	1	1.0276262706829886	-5.264906097956517	138.0	11	1.05	0.95				
	106	1	89.09648687438597	18.34339435649123	0.0	-100.0	1	1.036458743149895	-7.6470459159683575	138.0	12	1.05	0.95				
	107	2	81.89015337719297	16.378030675438595	0.0	0.0	1	0.9950520864133782	-16.026653604755555	138.0	12	1.05	0.95				
	108	1	112.02572981999998	22.929242945614032	0.0	0.0	1	0.9910672016453859	-13.552398798940551	138.0	12	1.05	0.95				
	109	1	114.64621472807018	23.584364172631577	0.0	0.0	1	1.0230862080085463	-4.425517698635472	138.0	13	1.05	0.95				
	110	1	127.74863926842104	26.204849080701752	0.0	0.0	1	1.05	-6.292420943903245	138.0	13	1.05	0.95				
	111	1	0.0	0.0	0.0	0.0	1	1.024487326512912	-0.41771827097543346	230.0	13	1.05	0.95				
	112	1	0.0	0.0	0.0	0.0	1	1.0193358294624733	-0.9884387178302937	230.0	13	1.05	0.95				
	113	3	173.60712515964912	35.376546258947364	0.0	0.0	1	1.0204861078489134	6.139427218621557e-32	230.0	14	1.05	0.95				
	114	2	127.0935180414035	25.54972785368421	0.0	0.0	1	1.05	3.977375549120452	230.0	16	1.05	0.95				
	115	2	207.67342896456137	41.927758529122805	0.0	0.0	1	1.0322410779191917	16.456133334495238	230.0	16	1.05	0.95				
	116	2	65.51212270175438	13.102424540350876	0.0	0.0	1	1.035403526644442	14.489486491937278	230.0	16	1.05	0.95				
	117	1	0.0	0.0	0.0	0.0	1	1.0335288986674265	20.778548849091102	230.0	17	1.05	0.95				
	118	2	218.1553685968421	44.54824343719299	0.0	0.0	1	1.0418808782402111	21.41761654612368	230.0	17	1.05	0.95				
	119	1	118.57694209017544	24.239485399649123	0.0	0.0	1	1.0347640793681878	10.199471906718177	230.0	15	1.05	0.95				
	120	1	83.85551705824561	17.03315190245614	0.0	0.0	1	1.043371500532431	7.74504346640072	230.0	15	1.05	0.95				
	121	2	0.0	0.0	0.0	0.0	1	1.0391721702869636	23.608217300210843	230.0	17	1.05	0.95				
	122	2	0.0	0.0	0.0	0.0	1	1.05	41.602507578373626	230.0	17	1.05	0.95				
	123	2	0.0	0.0	0.0	0.0	1	1.05	6.890068973768502	230.0	15	1.05	0.95				
	124	1	0.0	0.0	0.0	0.0	1	1.0038883259937308	10.53435572671581	230.0	16	1.05	0.95				
	201	2	66.99637966736843	13.647410672982458	0.0	0.0	2	1.0239693977748128	-17.292557392285484	138.0	21	1.05	0.95				
	202	2	60.17267433087719	12.406736975438598	0.0	0.0	2	1.0250351828921411	-17.1318692054448	138.0	22	1.05	0.95				
	203	1	111.66063277894737	22.952463404561403	0.0	0.0	2	1.014777096039795	-14.501186631154782	138.0	21	1.05	0.95				
	204	1	45.904926809122806	9.305052731578947	0.0	0.0	2	1.0141652542928699	-18.134568080664998	138.0	21	1.05	0.95				
	205	1	44.043916262807016	8.68471588280702	0.0	0.0	2	1.0291732855050546	-18.641794768079027	138.0	21	1.05	0.95				
	206	1	84.36581143298247	17.36943176561404	0.0	-100.0	2	1.0388297376563342	-19.946230068860796	138.0	22	1.05	0.95				
	207	2	77.54210609649124	15.508421219298246	0.0	0.0	2	0.987998813754647	-28.81790859377517	138.0	22	1.05	0.95				
	208	1	106.07760114	21.71178970701754	0.0	0.0	2	0.9875092301803317	-25.819666894879262	138.0	22	1.05	0.95				
	209	1	108.55894853508772	22.332126555789475	0.0	0.0	2	1.0243514942534422	-16.414025221271118	138.0	23	1.05	0.95				
	210	1	120.96568551052631	24.813473950877196	0.0	0.0	2	1.05	-18.02600848770785	138.0	23	1.05	0.95				
	211	1	0.0	0.0	0.0	0.0	2	1.020055790546795	-12.101981384095295	230.0	23	1.05	0.95				
	212	1	0.0	0.0	0.0	0.0	2	1.0148025773500855	-10.504502185374974	230.0	23	1.05	0.95				
	213	2	164.38926492456142	33.498189833684215	0.0	0.0	2	1.0272906320905766	-9.853818134583197	230.0	24	1.05	0.95				
	214	2	120.34534866175439	24.193137102105265	0.0	0.0	2	1.0304720717976468	-9.02777863106443	230.0	26	1.05	0.95				
	215	2	196.64678106070176	39.70155832140351	0.0	0.0	2	1.0413291909188787	-1.1094984878251253	230.0	26	1.05	0.95				
	216	2	62.03368487719298	12.406736975438598	0.0	0.0	2	1.0432376245426038	-0.8998729193293284	230.0	26	1.05	0.95				
	217	1	0.0	0.0	0.0	0.0	2	1.045701176704805	1.6375572200752073	230.0	27	1.05	0.95				
	218	2	206.57217064105265	42.182905716491234	0.0	0.0	2	1.04491589921808	1.193602428806336	230.0	27	1.05	0.95				
	219	1	112.2809696277193	22.952463404561403	0.0	0.0	2	1.041545412704576	-0.03950784615026076	230.0	25	1.05	0.95				
	220	1	79.40311664280702	16.128758068070177	0.0	0.0	2	1.0455499256225655	1.8730414541236635	230.0	25	1.05	0.95				
	221	2	0.0	0.0	0.0	0.0	2	1.0452094883804288	1.2174231650587342	230.0	27	1.05	0.95				
	222	2	0.0	0.0	0.0	0.0	2	1.05	7.8908314603396805	230.0	27	1.05	0.95				
	223	2	0.0	0.0	0.0	0.0	2	1.05	3.3706299190433966	230.0	25	1.05	0.95				
	224	1	0.0	0.0	0.0	0.0	2	1.0144347946692276	-6.055476834140191	230.0	26	1.05	0.95				
	301	2	52.1720974231579	10.627649475087718	0.0	0.0	3	1.0346989716326271	19.83489339444121	138.0	31	1.05	0.95				
	302	2	46.85827268561403	9.661499522807018	0.0	0.0	3	1.0307637636892675	19.49878285890899	138.0	32	1.05	0.95				
	303	1	86.95349570526317	17.873774117192983	0.0	0.0	3	1.05	35.64203573646757	138.0	31	1.05	0.95				
	304	1	35.74754823438597	7.246124642105263	0.0	0.0	3	1.0145837918360823	21.08615510491187	138.0	31	1.05	0.95				
	305	1	34.298323305964914	6.763049665964912	0.0	0.0	3	1.034639960870235	18.503387008990973	138.0	31	1.05	0.95				
	306	1	65.69819675508772	13.526099331929824	0.0	-100.0	3	1.0412188216168965	17.18538234010053	138.0	32	1.05	0.95				
	307	2	60.38437201754386	12.076874403508771	0.0	0.0	3	0.95	19.000132476517415	138.0	32	1.05	0.95				
	308	1	82.60582092	16.90762416491228	0.0	0.0	3	0.9714071555219558	18.44233906857016	138.0	32	1.05	0.95				
	309	1	84.5381208245614	17.390699141052632	0.0	0.0	3	1.0170328858261384	24.408602774558783	138.0	33	1.05	0.95				
	310	1	94.19962034736842	19.322999045614036	0.0	0.0	3	1.046051358509097	18.685232518637363	138.0	33	1.05	0.95				
	311	1	0.0	0.0	0.0	0.0	3	1.0047497614266465	22.269775783234728	230.0	33	1.05	0.95				
	312	1	0.0	0.0	0.0	0.0	3	1.0107491521829302	22.66130988099498	230.0	33	1.05	0.95				
	313	2	128.014868677193	26.08604871157895	0.0	0.0	3	1.0069053164996749	24.13775999726327	230.0	34	1.05	0.95				
	314	2	93.71654537122807	18.839924069473685	0.0	0.0	3	0.9980410130584989	21.458260682272552	230.0	36	1.05	0.95				
	315	2	153.13476743649125	30.91679847298246	0.0	0.0	3	1.0463892037092164	23.62410634415968	230.0	36	1.05	0.95				
	316	2	48.307497614035086	9.661499522807018	0.0	0.0	3	1.030358811230616	23.24649660626924	230.0	36	1.05	0.95				
	317	1	0.0	0.0	0.0	0.0	3	1.05	26.58585008809716	230.0	37	1.05	0.95				
	318	2	160.86396705473683	32.84909837754386	0.0	0.0	3	1.05	23.433350917747774	230.0	37	1.05	0.95				
	319	1	87.43657068140351	17.873774117192983	0.0	0.0	3	1.021703741693914	22.13211963588594	230.0	35	1.05	0.95				
	320	1	61.83359694596492	12.559949379649124	0.0	0.0	3	1.0178870547166055	22.10402586075383	230.0	35	1.05	0.95				
	321	2	0.0	0.0	0.0	0.0	3	1.05	24.14657746665791	230.0	37	1.05	0.95				
	322	2	0.0	0.0	0.0	0.0	3	1.05	29.45208687529878	230.0	37	1.05	0.95				
	323	2	0.0	0.0	0.0	0.0	3	1.0166264732772552	22.467069328678896	230.0	35	1.05	0.95				
	324	1	0.0	0.0	0.0	0.0	3	1.0439135922894398	28.217972411569455	230.0	36	1.05	0.95				
	325	1	0.0	0.0	0.0	0.0	3	1.0191576367364505	22.576119018889443	230.0	35	1.05	0.95				
];
