%% MATPOWER Case Format : Version 2
function mpc = RTS_GMLC
mpc.version = '2';

%%-----  Power Flow Data  -----%%
%% system MVA base
mpc.baseMVA = 100.0;
%% bus data
%    bus_i    type    Pd    Qd    Gs    Bs    area    Vm    Va    baseKV    zone    Vmax    Vmin
mpc.bus = [
	101	2	103.91192480842106	21.16724394245614	0.0	0.0	1	1.0474864725856974	-5.183808966966297	138.0	11	1.05	0.95				
	102	2	93.32830283719298	19.242949038596493	0.0	0.0	1	1.0472774991409621	-5.3138974526366	138.0	12	1.05	0.95				
	103	1	173.1865413473684	35.59945572140351	0.0	0.0	1	1.0169531523479962	-6.453411937339305	138.0	11	1.05	0.95				
	104	1	71.19891144280702	14.432211778947368	0.0	0.0	1	1.0215463196444936	-8.284358904165957	138.0	11	1.05	0.95				
	105	1	68.31246908701753	13.470064327017544	0.0	0.0	1	1.0357104362036509	-8.755829900419918	138.0	11	1.05	0.95				
	106	1	130.85205346245615	26.94012865403509	0.0	-100.0	1	1.0330731995208633	-11.639087438363827	138.0	12	1.05	0.95				
	107	2	120.26843149122809	24.053686298245612	0.0	0.0	1	1.05	-7.017359799188669	138.0	12	1.05	0.95				
	108	1	164.52721427999998	33.67516081754386	0.0	0.0	1	1.019232834357179	-10.652781102020292	138.0	12	1.05	0.95				
	109	1	168.37580408771927	34.637308269473685	0.0	0.0	1	1.0277463527492663	-7.77716223061752	138.0	13	1.05	0.95				
	110	1	187.61875312631577	38.485898077192985	0.0	0.0	1	1.05	-9.409120549263369	138.0	13	1.05	0.95				
	111	1	0.0	0.0	0.0	0.0	1	1.0219181884171482	-3.910037509715727	230.0	13	1.05	0.95				
	112	1	0.0	0.0	0.0	0.0	1	1.021593764341577	-2.5782577667105646	230.0	13	1.05	0.95				
	113	3	254.9690747614035	51.95596240421053	0.0	0.0	1	1.032009449489841	3.997656186333272e-28	230.0	14	1.05	0.95				
	114	2	186.65660567438596	37.523750625263155	0.0	0.0	1	1.0289736736857389	-2.7167233085555127	230.0	16	1.05	0.95				
	115	2	305.00074226175434	61.57743692350878	0.0	0.0	1	1.0430342983193204	5.087131163178026	230.0	16	1.05	0.95				
	116	2	96.21474519298245	19.242949038596493	0.0	0.0	1	1.0446870742424053	4.881798844118513	230.0	16	1.05	0.95				
	117	1	0.0	0.0	0.0	0.0	1	1.047508435041255	8.22390406908898	230.0	17	1.05	0.95				
	118	2	320.39510149263157	65.42602673122808	0.0	0.0	1	1.0499999162875955	8.791409348931627	230.0	17	1.05	0.95				
	119	1	174.14868879929827	35.59945572140351	0.0	0.0	1	1.0396504103022401	3.931908644051573	230.0	15	1.05	0.95				
	120	1	123.15487384701756	25.015833750175435	0.0	0.0	1	1.0438289861076255	4.675336286461555	230.0	15	1.05	0.95				
	121	2	0.0	0.0	0.0	0.0	1	1.05	9.736102604241832	230.0	17	1.05	0.95				
	122	2	0.0	0.0	0.0	0.0	1	1.05	17.558249479429506	230.0	17	1.05	0.95				
	123	2	0.0	0.0	0.0	0.0	1	1.049381291421835	5.779625644254039	230.0	15	1.05	0.95				
	124	1	0.0	0.0	0.0	0.0	1	1.0188292517808253	0.8269410952534477	230.0	16	1.05	0.95				
	201	2	101.59105933894736	20.694475050526314	0.0	0.0	2	1.05	-12.509949617524397	138.0	21	1.05	0.95				
	202	2	91.2438218136842	18.813159136842106	0.0	0.0	2	1.05	-12.521845110723206	138.0	22	1.05	0.95				
	203	1	169.31843223157895	34.80434440315789	0.0	0.0	2	1.0234541807143014	-9.702830242552642	138.0	21	1.05	0.95				
	204	1	69.60868880631578	14.109869352631577	0.0	0.0	2	1.018204071895768	-13.892915626801651	138.0	21	1.05	0.95				
	205	1	66.78671493578946	13.169211395789473	0.0	0.0	2	1.0357397625269422	-14.344871805291573	138.0	21	1.05	0.95				
	206	1	127.92948213052631	26.338422791578946	0.0	-100.0	2	1.0316960753183786	-16.23979496402847	138.0	22	1.05	0.95				
	207	2	117.58224460526314	23.51644892105263	0.0	0.0	2	0.95	-25.530343965539164	138.0	22	1.05	0.95				
	208	1	160.85251061999998	32.92302848947368	0.0	0.0	2	0.9518592207764236	-22.92644229894486	138.0	22	1.05	0.95				
	209	1	164.6151424473684	33.86368644631578	0.0	0.0	2	1.0231153206238672	-11.224538074333543	138.0	23	1.05	0.95				
	210	1	183.42830158421052	37.62631827368421	0.0	0.0	2	1.0455034474569171	-13.271537910960202	138.0	23	1.05	0.95				
	211	1	0.0	0.0	0.0	0.0	2	1.0308995357910993	-6.096545414954731	230.0	23	1.05	0.95				
	212	1	0.0	0.0	0.0	0.0	2	1.0246554731278563	-1.554036891335008	230.0	23	1.05	0.95				
	213	2	249.27435856315788	50.79552966947368	0.0	0.0	2	1.05	-1.171377168418961	230.0	24	1.05	0.95				
	214	2	182.4876436273684	36.6856603168421	0.0	0.0	2	1.05	-4.560382534400813	230.0	26	1.05	0.95				
	215	2	298.1885723189473	60.20210923789473	0.0	0.0	2	1.046290325294374	3.6090098633627385	230.0	26	1.05	0.95				
	216	2	94.06579568421051	18.813159136842106	0.0	0.0	2	1.049481421777778	3.4349037656414207	230.0	26	1.05	0.95				
	217	1	0.0	0.0	0.0	0.0	2	1.05	6.157865303706889	230.0	27	1.05	0.95				
	218	2	313.239099628421	63.964741065263155	0.0	0.0	2	1.0494136454479026	6.753637885594576	230.0	27	1.05	0.95				
	219	1	170.25909018842106	34.80434440315789	0.0	0.0	2	1.0422402267047681	3.2783371896438718	230.0	25	1.05	0.95				
	220	1	120.40421847578946	24.457106877894734	0.0	0.0	2	1.0449056578689153	4.9011510742448365	230.0	25	1.05	0.95				
	221	2	0.0	0.0	0.0	0.0	2	1.05	7.4323292109721315	230.0	27	1.05	0.95				
	222	2	0.0	0.0	0.0	0.0	2	1.05	13.444218640855006	230.0	27	1.05	0.95				
	223	2	0.0	0.0	0.0	0.0	2	1.05	6.470915588560548	230.0	25	1.05	0.95				
	224	1	0.0	0.0	0.0	0.0	2	1.0208094104815422	-1.3247559335334775	230.0	26	1.05	0.95				
	301	2	97.52799747789476	19.866814301052635	0.0	0.0	3	0.9844620049116939	-17.091945324439802	138.0	31	1.05	0.95				
	302	2	87.59459032736842	18.060740273684214	0.0	0.0	3	0.9862642197496286	-17.557484936717465	138.0	32	1.05	0.95				
	303	1	162.54666246315793	33.41236950631579	0.0	0.0	3	0.9872664982746917	-10.98237372294762	138.0	31	1.05	0.95				
	304	1	66.82473901263158	13.54555520526316	0.0	0.0	3	0.9679142150446807	-16.01307536864863	138.0	31	1.05	0.95				
	305	1	64.11562797157895	12.642518191578949	0.0	0.0	3	0.9820754640436927	-16.23359387638502	138.0	31	1.05	0.95				
	306	1	122.81303386105265	25.285036383157898	0.0	-100.0	3	0.9858405319012642	-16.79166054490173	138.0	32	1.05	0.95				
	307	2	112.87962671052634	22.575925342105265	0.0	0.0	3	0.9559916484294017	-19.226882478243837	138.0	32	1.05	0.95				
	308	1	154.41932934000002	31.60629547894737	0.0	0.0	3	0.95	-18.105822794300515	138.0	32	1.05	0.95				
	309	1	158.03147739473687	32.50933249263158	0.0	0.0	3	0.9874165424680268	-10.748730529666302	138.0	33	1.05	0.95				
	310	1	176.09221766842106	36.12148054736843	0.0	0.0	3	1.006525603354219	-12.228282060575225	138.0	33	1.05	0.95				
	311	1	0.0	0.0	0.0	0.0	3	0.9871274311444548	-3.1433773551754465	230.0	33	1.05	0.95				
	312	1	0.0	0.0	0.0	0.0	3	0.9873565283550422	-2.0520957908428947	230.0	33	1.05	0.95				
	313	2	239.30480862631583	48.76399873894738	0.0	0.0	3	1.012281694147497	4.03627122401114	230.0	34	1.05	0.95				
	314	2	175.18918065473684	35.218443533684216	0.0	0.0	3	1.005214287728188	-1.4518711475480515	230.0	36	1.05	0.95				
	315	2	286.26273333789476	57.79436887578948	0.0	0.0	3	1.0443737962612558	1.3914700537783915	230.0	36	1.05	0.95				
	316	2	90.30370136842106	18.060740273684214	0.0	0.0	3	1.0414866581014517	1.5204935292996689	230.0	36	1.05	0.95				
	317	1	0.0	0.0	0.0	0.0	3	1.0463062797141003	3.512390993895869	230.0	37	1.05	0.95				
	318	2	300.71132555684216	61.40651693052632	0.0	0.0	3	1.0463300240184368	3.1848470309212136	230.0	37	1.05	0.95				
	319	1	163.44969947684214	33.41236950631579	0.0	0.0	3	1.031674111266186	1.9626847455201881	230.0	35	1.05	0.95				
	320	1	115.58873775157896	23.478962355789477	0.0	0.0	3	1.0285074439212503	2.7694065403099657	230.0	35	1.05	0.95				
	321	2	0.0	0.0	0.0	0.0	3	1.05	4.517584095253696	230.0	37	1.05	0.95				
	322	2	0.0	0.0	0.0	0.0	3	1.05	9.897754770442877	230.0	37	1.05	0.95				
	323	2	0.0	0.0	0.0	0.0	3	1.0284373326544087	3.3791195444815156	230.0	35	1.05	0.95				
	324	1	0.0	0.0	0.0	0.0	3	1.0099236662360704	-1.2274713808748747	230.0	36	1.05	0.95				
	325	1	0.0	0.0	0.0	0.0	3	1.029509557397318	3.9294770095563445	230.0	35	1.05	0.95				
];
