%% MATPOWER Case Format : Version 2
function mpc = RTS_GMLC
mpc.version = '2';

%%-----  Power Flow Data  -----%%
%% system MVA base
mpc.baseMVA = 100.0;
%% bus data
%    bus_i    type    Pd    Qd    Gs    Bs    area    Vm    Va    baseKV    zone    Vmax    Vmin
mpc.bus = [
	101	2	93.67837704000002	19.08263236	0.0	0.0	1	1.0439056551237549	-1.3333484053133857	138.0	11	1.05	0.95				
	102	2	84.13706086	17.3478476	0.0	0.0	1	1.0437061029453876	-1.4946921666038206	138.0	12	1.05	0.95				
	103	1	156.13062840000003	32.09351806	0.0	0.0	1	1.0194789127244848	-2.3677130320936706	138.0	11	1.05	0.95				
	104	1	64.18703612	13.0108857	0.0	0.0	1	1.0210551889266566	-5.005386058496362	138.0	11	1.05	0.95				
	105	1	61.58485898	12.143493320000003	0.0	0.0	1	1.0346928225074528	-5.456017069117305	138.0	11	1.05	0.95				
	106	1	117.96536368000001	24.286986640000006	0.0	-100.0	1	1.0346138059047751	-8.56381123014766	138.0	12	1.05	0.95				
	107	2	108.42404750000001	21.6848095	0.0	0.0	1	1.05	-7.868573308727901	138.0	12	1.05	0.95				
	108	1	148.32409698	30.3587333	0.0	0.0	1	1.0220066475843994	-9.80732671597088	138.0	12	1.05	0.95				
	109	1	151.7936665	31.22612568	0.0	0.0	1	1.026971083451093	-5.302916065085858	138.0	13	1.05	0.95				
	110	1	169.1415141	34.6956952	0.0	0.0	1	1.05	-6.956338663485398	138.0	13	1.05	0.95				
	111	1	0.0	0.0	0.0	0.0	1	1.0182732608909022	-2.0071573959829516	230.0	13	1.05	0.95				
	112	1	0.0	0.0	0.0	0.0	1	1.0195300037945632	-1.252288106395892	230.0	13	1.05	0.95				
	113	3	229.8589807	46.83918852000001	0.0	0.0	1	1.0231439199677117	2.8978880202996373e-29	230.0	14	1.05	0.95				
	114	2	168.27412172	33.828302820000005	0.0	0.0	1	1.0238345510801101	0.3480569781654054	230.0	16	1.05	0.95				
	115	2	274.96338446000004	55.513112320000005	0.0	0.0	1	1.0427202509414395	9.689811300814103	230.0	16	1.05	0.95				
	116	2	86.739238	17.3478476	0.0	0.0	1	1.043123376084587	8.975452446050735	230.0	16	1.05	0.95				
	117	1	0.0	0.0	0.0	0.0	1	1.0467250566404596	12.890554234841503	230.0	17	1.05	0.95				
	118	2	288.84166254	58.982681840000005	0.0	0.0	1	1.05	13.805485882565678	230.0	17	1.05	0.95				
	119	1	156.99802078000002	32.09351806	0.0	0.0	1	1.0385148548127845	7.083620485568087	230.0	15	1.05	0.95				
	120	1	111.02622464000001	22.552201880000002	0.0	0.0	1	1.042297180013895	6.80579839583587	230.0	15	1.05	0.95				
	121	2	0.0	0.0	0.0	0.0	1	1.05	14.786849248810908	230.0	17	1.05	0.95				
	122	2	0.0	0.0	0.0	0.0	1	1.05	21.88903646972375	230.0	17	1.05	0.95				
	123	2	0.0	0.0	0.0	0.0	1	1.0468919325814272	7.287290253505922	230.0	15	1.05	0.95				
	124	1	0.0	0.0	0.0	0.0	1	1.0188920320640011	5.225263177971851	230.0	16	1.05	0.95				
	201	2	105.87501966315789	21.567133635087718	0.0	0.0	2	1.05	-17.15221596989377	138.0	21	1.05	0.95				
	202	2	95.09145284561401	19.606485122807015	0.0	0.0	2	1.05	-17.303107638439567	138.0	22	1.05	0.95				
	203	1	176.45836610526317	36.27199747719298	0.0	0.0	2	1.0185158762055253	-12.474931913660694	138.0	21	1.05	0.95				
	204	1	72.54399495438597	14.704863842105262	0.0	0.0	2	1.0149533200213787	-17.976117467125228	138.0	21	1.05	0.95				
	205	1	69.6030221859649	13.724539585964912	0.0	0.0	2	1.033434772672535	-18.574438081206726	138.0	21	1.05	0.95				
	206	1	133.3240988350877	27.449079171929824	0.0	-100.0	2	1.0277994944122146	-20.316660081447086	138.0	22	1.05	0.95				
	207	2	122.54053201754385	24.50810640350877	0.0	0.0	2	0.9503697162666248	-28.08384240987195	138.0	22	1.05	0.95				
	208	1	167.63544779999998	34.31134896491228	0.0	0.0	2	0.95	-26.055927514555787	138.0	22	1.05	0.95				
	209	1	171.55674482456138	35.291673221052626	0.0	0.0	2	1.019247570071588	-14.53563809357441	138.0	23	1.05	0.95				
	210	1	191.1632299473684	39.21297024561403	0.0	0.0	2	1.0420122944467114	-16.934773080838116	138.0	23	1.05	0.95				
	211	1	0.0	0.0	0.0	0.0	2	1.0292497891873744	-9.261636028066027	230.0	23	1.05	0.95				
	212	1	0.0	0.0	0.0	0.0	2	1.0208151331824928	-4.467570580693952	230.0	23	1.05	0.95				
	213	2	259.785927877193	52.93750983157894	0.0	0.0	2	1.05	-4.5449698065990205	230.0	24	1.05	0.95				
	214	2	190.18290569122803	38.23264598947368	0.0	0.0	2	1.05	-7.268005249113506	230.0	26	1.05	0.95				
	215	2	310.7627891964912	62.74075239298246	0.0	0.0	2	1.0423265746329353	1.6129262487753087	230.0	26	1.05	0.95				
	216	2	98.03242561403508	19.606485122807015	0.0	0.0	2	1.0466292181069579	1.6636217816266012	230.0	26	1.05	0.95				
	217	1	0.0	0.0	0.0	0.0	2	1.049044299978748	4.850573298589911	230.0	27	1.05	0.95				
	218	2	326.4479772947368	66.66204941754386	0.0	0.0	2	1.05	5.189314985901302	230.0	27	1.05	0.95				
	219	1	177.4386903614035	36.27199747719298	0.0	0.0	2	1.0399797099083932	1.812150664694455	230.0	25	1.05	0.95				
	220	1	125.48150478596492	25.48843065964912	0.0	0.0	2	1.0438130960370813	3.780803705443413	230.0	25	1.05	0.95				
	221	2	0.0	0.0	0.0	0.0	2	1.05	5.735397821621424	230.0	27	1.05	0.95				
	222	2	0.0	0.0	0.0	0.0	2	1.05	11.90026061776082	230.0	27	1.05	0.95				
	223	2	0.0	0.0	0.0	0.0	2	1.05	5.565926018289329	230.0	25	1.05	0.95				
	224	1	0.0	0.0	0.0	0.0	2	1.015412386891905	-3.6045590121492412	230.0	26	1.05	0.95				
	301	2	81.40145525052633	16.58177792140351	0.0	0.0	3	1.0135938753544045	-3.8971134956215168	138.0	31	1.05	0.95				
	302	2	73.11056628982455	15.074343564912281	0.0	0.0	3	1.0133680631563182	-4.155045873045735	138.0	32	1.05	0.95				
	303	1	135.66909208421052	27.88753559508772	0.0	0.0	3	1.0398897964411407	6.945462609727004	138.0	31	1.05	0.95				
	304	1	55.77507119017544	11.305757673684209	0.0	0.0	3	1.006390153116607	-1.8877537772660773	138.0	31	1.05	0.95				
	305	1	53.51391965543859	10.552040495438597	0.0	0.0	3	1.0210175512667463	-2.775196675094375	138.0	31	1.05	0.95				
	306	1	102.5055362414035	21.104080990877193	0.0	-100.0	3	1.0317906886373345	-2.9619490041983485	138.0	32	1.05	0.95				
	307	2	94.21464728070174	18.84292945614035	0.0	0.0	3	0.9797935974600914	-9.744091404924413	138.0	32	1.05	0.95				
	308	1	128.88563747999999	26.380101238596488	0.0	0.0	3	0.9846926191894285	-6.138937594543125	138.0	32	1.05	0.95				
	309	1	131.90050619298245	27.133818416842104	0.0	0.0	3	1.0285163963321142	3.0357934624687446	138.0	33	1.05	0.95				
	310	1	146.97484975789473	30.148687129824562	0.0	0.0	3	1.05	0.7651028184487958	138.0	33	1.05	0.95				
	311	1	0.0	0.0	0.0	0.0	3	1.0233160346424826	8.50010113477661	230.0	33	1.05	0.95				
	312	1	0.0	0.0	0.0	0.0	3	1.0248389804703428	9.448343322262838	230.0	33	1.05	0.95				
	313	2	199.73505223508772	40.70072762526316	0.0	0.0	3	1.0464691578392658	15.27144617756017	230.0	34	1.05	0.95				
	314	2	146.2211325796491	29.394969951578947	0.0	0.0	3	1.0310361770497876	8.979741471737489	230.0	36	1.05	0.95				
	315	2	238.92834550385965	48.2378994077193	0.0	0.0	3	1.0465152472850971	9.003329314803064	230.0	36	1.05	0.95				
	316	2	75.3717178245614	15.074343564912281	0.0	0.0	3	1.0441381420954516	9.481685371590055	230.0	36	1.05	0.95				
	317	1	0.0	0.0	0.0	0.0	3	1.0477394698771003	10.183711031483687	230.0	37	1.05	0.95				
	318	2	250.98782035578947	51.25276812070175	0.0	0.0	3	1.0474354294568404	9.466528874809049	230.0	37	1.05	0.95				
	319	1	136.42280926245613	27.88753559508772	0.0	0.0	3	1.0407998697906624	10.344839635362709	230.0	35	1.05	0.95				
	320	1	96.4757988154386	19.596646634385966	0.0	0.0	3	1.0416172689661152	11.264930350528543	230.0	35	1.05	0.95				
	321	2	0.0	0.0	0.0	0.0	3	1.0499999436775955	10.999878065903875	230.0	37	1.05	0.95				
	322	2	0.0	0.0	0.0	0.0	3	1.05	16.45491432167516	230.0	37	1.05	0.95				
	323	2	0.0	0.0	0.0	0.0	3	1.0428445472673924	11.754180991946935	230.0	35	1.05	0.95				
	324	1	0.0	0.0	0.0	0.0	3	1.0411416778422684	9.943622714902297	230.0	36	1.05	0.95				
	325	1	0.0	0.0	0.0	0.0	3	1.043678047597394	12.012516269042322	230.0	35	1.05	0.95				
];

%% generator data
%    bus    Pg    Qg    Qmax    Qmin    Vg    mBase    status    Pmax    Pmin    Pc1    Pc2    Qc1min    Qc1max    Qc2min    Qc2max    ramp_agc    ramp_10    ramp_30    ramp_q    apf
