%% MATPOWER Case Format : Version 2
function mpc = RTS_GMLC
mpc.version = '2';

%%-----  Power Flow Data  -----%%
%% system MVA base
mpc.baseMVA = 100.0;
%% bus data
%    bus_i    type    Pd    Qd    Gs    Bs    area    Vm    Va    baseKV    zone    Vmax    Vmin
mpc.bus = [
	101	2	61.36120731789473	12.499505194385964	0.0	0.0	1	1.0339710454223052	-0.39699923914294816	138.0	11	1.05	0.95				
	102	2	55.111454720701744	11.363186540350876	0.0	0.0	1	1.03350239822947	-0.5501879373258365	138.0	12	1.05	0.95				
	103	1	102.26867886315789	21.02189509964912	0.0	0.0	1	1.0246318741093587	-1.510116911481379	138.0	11	1.05	0.95				
	104	1	42.04379019929824	8.522389905263157	0.0	0.0	1	1.0193812804654856	-3.4028190634841144	138.0	11	1.05	0.95				
	105	1	40.33931221824561	7.954230578245614	0.0	0.0	1	1.0344446533794591	-3.307637090926171	138.0	11	1.05	0.95				
	106	1	77.26966847438597	15.908461156491228	0.0	-100.0	1	1.0417370028614332	-5.4975157434387665	138.0	12	1.05	0.95				
	107	2	71.01991587719297	14.203983175438594	0.0	0.0	1	1.0181226631240048	-6.038595622409626	138.0	12	1.05	0.95				
	108	1	97.15524491999999	19.88557644561403	0.0	0.0	1	1.0119719765210766	-6.952535984209622	138.0	12	1.05	0.95				
	109	1	99.42788222807016	20.453735772631575	0.0	0.0	1	1.0254202836630604	-3.437988467746004	138.0	13	1.05	0.95				
	110	1	110.79106876842104	22.72637308070175	0.0	0.0	1	1.05	-4.469305889396922	138.0	13	1.05	0.95				
	111	1	0.0	0.0	0.0	0.0	1	1.0080494021177617	-1.1134450935665152	230.0	13	1.05	0.95				
	112	1	0.0	0.0	0.0	0.0	1	1.0115564426469374	-0.4705990642789497	230.0	13	1.05	0.95				
	113	3	150.5622216596491	30.680603658947366	0.0	0.0	1	1.004115373962021	-7.517797248315114e-30	230.0	14	1.05	0.95				
	114	2	110.22290944140349	22.15821375368421	0.0	0.0	1	1.0074866392271116	0.852161109698439	230.0	16	1.05	0.95				
	115	2	180.10650666456138	36.3621969291228	0.0	0.0	1	1.039422848889169	7.3946556582874505	230.0	16	1.05	0.95				
	116	2	56.81593270175438	11.363186540350876	0.0	0.0	1	1.0363801495290565	7.017892050536942	230.0	16	1.05	0.95				
	117	1	0.0	0.0	0.0	0.0	1	1.041591006076392	9.364269916806098	230.0	17	1.05	0.95				
	118	2	189.19705589684207	38.63483423719298	0.0	0.0	1	1.0438790501336797	9.353436629780205	230.0	17	1.05	0.95				
	119	1	102.83683819017544	21.02189509964912	0.0	0.0	1	1.0303434780829976	5.979932593009911	230.0	15	1.05	0.95				
	120	1	72.7243938582456	14.77214250245614	0.0	0.0	1	1.0296989704934343	6.168426416430686	230.0	15	1.05	0.95				
	121	2	0.0	0.0	0.0	0.0	1	1.0472266573129818	10.646924043429927	230.0	17	1.05	0.95				
	122	2	0.0	0.0	0.0	0.0	1	1.05	18.948181346222096	230.0	17	1.05	0.95				
	123	2	0.0	0.0	0.0	0.0	1	1.0305891902586801	6.703474284999757	230.0	15	1.05	0.95				
	124	1	0.0	0.0	0.0	0.0	1	1.0226786660949174	4.076780028676599	230.0	16	1.05	0.95				
	201	2	54.331496943157894	11.067527155087719	0.0	0.0	2	1.032419279599324	-6.826832427773519	138.0	21	1.05	0.95				
	202	2	48.79773336561403	10.061388322807018	0.0	0.0	2	1.032771249423817	-6.8081082806206785	138.0	22	1.05	0.95				
	203	1	90.55249490526315	18.61356839719298	0.0	0.0	2	1.0230958105901022	-6.205647054654449	138.0	21	1.05	0.95				
	204	1	37.22713679438596	7.546041242105263	0.0	0.0	2	1.0196571142498652	-9.006492528534384	138.0	21	1.05	0.95				
	205	1	35.7179285459649	7.042971825964912	0.0	0.0	2	1.034824324017126	-9.178009892884067	138.0	21	1.05	0.95				
	206	1	68.41744059508773	14.085943651929824	0.0	-100.0	2	1.0437020642659331	-10.970019435674727	138.0	22	1.05	0.95				
	207	2	62.883677017543846	12.57673540350877	0.0	0.0	2	0.990039442721247	-18.543387270796963	138.0	22	1.05	0.95				
	208	1	86.02487015999999	17.607429564912277	0.0	0.0	2	0.9941193877705076	-16.205218008563307	138.0	22	1.05	0.95				
	209	1	88.0371478245614	18.11049898105263	0.0	0.0	2	1.0238240555366442	-8.761222303256103	138.0	23	1.05	0.95				
	210	1	98.0985361473684	20.122776645614035	0.0	0.0	2	1.05	-9.9701475750757	138.0	23	1.05	0.95				
	211	1	0.0	0.0	0.0	0.0	2	1.0087650046151717	-5.84196646738831	230.0	23	1.05	0.95				
	212	1	0.0	0.0	0.0	0.0	2	1.009871321209968	-5.124894245201414	230.0	23	1.05	0.95				
	213	2	133.31339527719297	27.165748471578947	0.0	0.0	2	1.0039652855335006	-4.777411188047952	230.0	24	1.05	0.95				
	214	2	97.59546673122806	19.619707229473683	0.0	0.0	2	1.0127813882139292	-3.1701202026944255	230.0	26	1.05	0.95				
	215	2	159.47300491649122	32.19644263298245	0.0	0.0	2	1.0320923464672365	3.6097448456478496	230.0	26	1.05	0.95				
	216	2	50.30694161403508	10.061388322807018	0.0	0.0	2	1.032894688154257	3.648336013695373	230.0	26	1.05	0.95				
	217	1	0.0	0.0	0.0	0.0	2	1.038423700772451	6.3981688428807635	230.0	27	1.05	0.95				
	218	2	167.52211557473683	34.20872029754386	0.0	0.0	2	1.0401886684757018	6.946105578900972	230.0	27	1.05	0.95				
	219	1	91.05556432140351	18.61356839719298	0.0	0.0	2	1.0304421055401618	2.9965122359759806	230.0	25	1.05	0.95				
	220	1	64.3928852659649	13.079804819649121	0.0	0.0	2	1.0320556706182367	3.400490392060745	230.0	25	1.05	0.95				
	221	2	0.0	0.0	0.0	0.0	2	1.0398494899541946	6.588201336778709	230.0	27	1.05	0.95				
	222	2	0.0	0.0	0.0	0.0	2	1.05	13.015598628439925	230.0	27	1.05	0.95				
	223	2	0.0	0.0	0.0	0.0	2	1.0339257659093068	4.002551791144066	230.0	25	1.05	0.95				
	224	1	0.0	0.0	0.0	0.0	2	1.016553477758769	-0.07117867675112319	230.0	26	1.05	0.95				
	301	2	41.85384373894737	8.52578298385965	0.0	0.0	3	1.0116423881194316	-9.71043035425538	138.0	31	1.05	0.95				
	302	2	37.59095224701755	7.750711803508772	0.0	0.0	3	1.011481340677681	-9.899304322602301	138.0	32	1.05	0.95				
	303	1	69.75640623157895	14.338816836491228	0.0	0.0	3	1.035125853902782	-2.034076415540182	138.0	31	1.05	0.95				
	304	1	28.677633672982456	5.813033852631579	0.0	0.0	3	1.0129689540812712	-8.788444879519103	138.0	31	1.05	0.95				
	305	1	27.515026902456142	5.425498262456141	0.0	0.0	3	1.0261148495486274	-9.849548798834595	138.0	31	1.05	0.95				
	306	1	52.70484026385965	10.850996524912283	0.0	-100.0	3	1.042500066281578	-10.407112624099765	138.0	32	1.05	0.95				
	307	2	48.44194877192982	9.688389754385964	0.0	0.0	3	0.9928596668113395	-14.365862948654721	138.0	32	1.05	0.95				
	308	1	66.26858592	13.56374565614035	0.0	0.0	3	1.0009575954315353	-12.659713082595548	138.0	32	1.05	0.95				
	309	1	67.81872828070176	13.951281246315789	0.0	0.0	3	1.0256643399594512	-6.285085679773336	138.0	33	1.05	0.95				
	310	1	75.56944008421053	15.501423607017545	0.0	0.0	3	1.05	-8.738747535666452	138.0	33	1.05	0.95				
	311	1	0.0	0.0	0.0	0.0	3	1.0042527300266606	-4.190223519436859	230.0	33	1.05	0.95				
	312	1	0.0	0.0	0.0	0.0	3	1.0099030800084399	-3.6625156683643745	230.0	33	1.05	0.95				
	313	2	102.69693139649124	20.926921869473684	0.0	0.0	3	1.0069842261483284	-1.0796680409354356	230.0	34	1.05	0.95				
	314	2	75.1819044940351	15.113888016842106	0.0	0.0	3	0.9962547831798628	-3.448789414666823	230.0	36	1.05	0.95				
	315	2	122.84878208561403	24.80227777122807	0.0	0.0	3	1.0221651219064016	-0.4285727757170539	230.0	36	1.05	0.95				
	316	2	38.75355901754386	7.750711803508772	0.0	0.0	3	1.020005594375306	-0.08807788090658876	230.0	36	1.05	0.95				
	317	1	0.0	0.0	0.0	0.0	3	1.0262199954851874	0.8691435875476955	230.0	37	1.05	0.95				
	318	2	129.04935152842106	26.352420131929826	0.0	0.0	3	1.025935859386877	0.6958145447703176	230.0	37	1.05	0.95				
	319	1	70.14394182175438	14.338816836491228	0.0	0.0	3	1.0161012004277887	-0.5795694935123645	230.0	35	1.05	0.95				
	320	1	49.60455554245614	10.075925344561403	0.0	0.0	3	1.015163585965331	-0.23496105407986775	230.0	35	1.05	0.95				
	321	2	0.0	0.0	0.0	0.0	3	1.0270667629945587	1.0308946007596513	230.0	37	1.05	0.95				
	322	2	0.0	0.0	0.0	0.0	3	1.040133288612917	5.3566150875418925	230.0	37	1.05	0.95				
	323	2	0.0	0.0	0.0	0.0	3	1.0151172341412102	0.26140939284959763	230.0	35	1.05	0.95				
	324	1	0.0	0.0	0.0	0.0	3	1.022222156841072	-1.0500235960776707	230.0	36	1.05	0.95				
	325	1	0.0	0.0	0.0	0.0	3	1.015554707654339	1.162585314610867	230.0	35	1.05	0.95				
];
