%% MATPOWER Case Format : Version 2
function mpc = RTS_GMLC
mpc.version = '2';

%%-----  Power Flow Data  -----%%
%% system MVA base
mpc.baseMVA = 100.0;
%% bus data
%    bus_i    type    Pd    Qd    Gs    Bs    area    Vm    Va    baseKV    zone    Vmax    Vmin
mpc.bus = [
	101	2	93.90549232421054	19.128896584561407	0.0	0.0	1	1.0482847735909067	-1.9873368661212334	138.0	11	1.05	0.95				
	102	2	84.34104403192983	17.389905985964916	0.0	0.0	1	1.047455511105526	-2.2986069045821336	138.0	12	1.05	0.95				
	103	1	156.50915387368423	32.171326074035086	0.0	0.0	1	1.0216185107510865	-1.6107630162097786	138.0	11	1.05	0.95				
	104	1	64.34265214807017	13.042429489473683	0.0	0.0	1	1.0228817834265425	-5.440366622943146	138.0	11	1.05	0.95				
	105	1	61.734166250175434	12.17293419017544	0.0	0.0	1	1.0369491326433675	-6.067064426899675	138.0	11	1.05	0.95				
	106	1	118.25136070456142	24.34586838035088	0.0	-100.0	1	1.0355726203229685	-9.196798562519572	138.0	12	1.05	0.95				
	107	2	108.6869124122807	21.73738248245614	0.0	0.0	1	1.0251902005332407	-10.735742426159497	138.0	12	1.05	0.95				
	108	1	148.68369618000003	30.43233547543859	0.0	0.0	1	1.0065144257041232	-11.713511779669254	138.0	12	1.05	0.95				
	109	1	152.161677377193	31.301830774736842	0.0	0.0	1	1.0261526967254149	-5.6015779025101	138.0	13	1.05	0.95				
	110	1	169.5515833631579	34.77981197192983	0.0	0.0	1	1.05	-7.539858069911752	138.0	13	1.05	0.95				
	111	1	0.0	0.0	0.0	0.0	1	1.0212944805458015	-2.074582457130306	230.0	13	1.05	0.95				
	112	1	0.0	0.0	0.0	0.0	1	1.0198999371222524	-1.5754525752028363	230.0	13	1.05	0.95				
	113	3	230.4162543140351	46.95274616210527	0.0	0.0	1	1.0251890610932248	4.989958525662294e-28	230.0	14	1.05	0.95				
	114	2	168.68208806385965	33.91031667263158	0.0	0.0	1	1.0325579359115131	0.5468548259364528	230.0	16	1.05	0.95				
	115	2	275.63000987754384	55.64769915508773	0.0	0.0	1	1.0406665820086924	10.919308072664851	230.0	16	1.05	0.95				
	116	2	86.94952992982456	17.389905985964916	0.0	0.0	1	1.0419738364992932	9.635942394933608	230.0	16	1.05	0.95				
	117	1	0.0	0.0	0.0	0.0	1	1.0456141736312525	14.02790158564625	230.0	17	1.05	0.95				
	118	2	289.5419346663158	59.12568035228071	0.0	0.0	1	1.049999995141744	14.94077215459645	230.0	17	1.05	0.95				
	119	1	157.37864917298248	32.171326074035086	0.0	0.0	1	1.0374507185936068	7.2848867807334035	230.0	15	1.05	0.95				
	120	1	111.29539831017546	22.606877781754385	0.0	0.0	1	1.0413045809956982	6.415543563561191	230.0	15	1.05	0.95				
	121	2	0.0	0.0	0.0	0.0	1	1.05	17.332529061238485	230.0	17	1.05	0.95				
	122	2	0.0	0.0	0.0	0.0	1	1.05	24.956642987156556	230.0	17	1.05	0.95				
	123	2	0.0	0.0	0.0	0.0	1	1.0459139213855826	6.5765367178182785	230.0	15	1.05	0.95				
	124	1	0.0	0.0	0.0	0.0	1	1.0177851561685671	6.260642490858248	230.0	16	1.05	0.95				
	201	2	85.16921138526317	17.349283800701755	0.0	0.0	2	1.0392075618694623	-12.698205773937072	138.0	21	1.05	0.95				
	202	2	76.49456948491228	15.772076182456141	0.0	0.0	2	1.0400134146469497	-12.692858998806006	138.0	22	1.05	0.95				
	203	1	141.9486856421053	29.17834093754386	0.0	0.0	2	1.0220572178927751	-10.415324029259699	138.0	21	1.05	0.95				
	204	1	58.35668187508772	11.829057136842106	0.0	0.0	2	1.0186466781502093	-13.61327069206885	138.0	21	1.05	0.95				
	205	1	55.990870447719296	11.040453327719298	0.0	0.0	2	1.0346195377516358	-14.01546462065224	138.0	21	1.05	0.95				
	206	1	107.25011804070176	22.080906655438596	0.0	-100.0	2	1.0375507656361447	-15.480629184802813	138.0	22	1.05	0.95				
	207	2	98.57547614035089	19.715095228070176	0.0	0.0	2	0.95	-27.155019677999515	138.0	22	1.05	0.95				
	208	1	134.85125136	27.601133319298242	0.0	0.0	2	0.9566831264600691	-23.168842570069895	138.0	22	1.05	0.95				
	209	1	138.00566659649124	28.38973712842105	0.0	0.0	2	1.02645103349143	-11.178060784256536	138.0	23	1.05	0.95				
	210	1	153.77774277894736	31.544152364912282	0.0	0.0	2	1.05	-12.869987465990604	138.0	23	1.05	0.95				
	211	1	0.0	0.0	0.0	0.0	2	1.0331848037343683	-6.890795902266854	230.0	23	1.05	0.95				
	212	1	0.0	0.0	0.0	0.0	2	1.0255990435660387	-1.3924570414119883	230.0	23	1.05	0.95				
	213	2	208.98000941754384	42.584605692631584	0.0	0.0	2	1.0471301272470812	-3.567683762807438	230.0	24	1.05	0.95				
	214	2	152.98913896982455	30.755548555789474	0.0	0.0	2	1.0499996505213696	-4.892980694101032	230.0	26	1.05	0.95				
	215	2	249.98740749192982	50.47064378385965	0.0	0.0	2	1.0465861735534443	2.3889508871676104	230.0	26	1.05	0.95				
	216	2	78.8603809122807	15.772076182456141	0.0	0.0	2	1.0489154474550608	2.811547243342094	230.0	26	1.05	0.95				
	217	1	0.0	0.0	0.0	0.0	2	1.05	5.039081003012939	230.0	27	1.05	0.95				
	218	2	262.6050684378948	53.62505902035088	0.0	0.0	2	1.0497715562956687	5.113011419963817	230.0	27	1.05	0.95				
	219	1	142.73728945122807	29.17834093754386	0.0	0.0	2	1.0426846869416397	3.9685531163449603	230.0	25	1.05	0.95				
	220	1	100.9412875677193	20.503699037192984	0.0	0.0	2	1.0451189440470208	6.454751502894379	230.0	25	1.05	0.95				
	221	2	0.0	0.0	0.0	0.0	2	1.0499999871121797	4.967722061866629	230.0	27	1.05	0.95				
	222	2	0.0	0.0	0.0	0.0	2	1.05	11.508615659753598	230.0	27	1.05	0.95				
	223	2	0.0	0.0	0.0	0.0	2	1.05	8.388037889639424	230.0	25	1.05	0.95				
	224	1	0.0	0.0	0.0	0.0	2	1.0211940228569063	-2.3483982137924557	230.0	26	1.05	0.95				
	301	2	77.14773807157897	15.715279977543862	0.0	0.0	3	0.9973179555202141	24.859730326598754	138.0	31	1.05	0.95				
	302	2	69.29009808280703	14.286618161403512	0.0	0.0	3	0.99602360632224	24.590153031798536	138.0	32	1.05	0.95				
	303	1	128.5795634526316	26.43024359859649	0.0	0.0	3	1.0428133747907897	36.219866864558036	138.0	31	1.05	0.95				
	304	1	52.86048719719298	10.714963621052632	0.0	0.0	3	1.0006331045648	26.637736360777478	138.0	31	1.05	0.95				
	305	1	50.71749447298246	10.000632712982458	0.0	0.0	3	1.0135800655682357	25.50526032527092	138.0	31	1.05	0.95				
	306	1	97.14900349754387	20.001265425964917	0.0	-100.0	3	1.0288631084314992	25.086253469838322	138.0	32	1.05	0.95				
	307	2	89.29136350877194	17.858272701754387	0.0	0.0	3	0.9845801506156057	20.65220816781466	138.0	32	1.05	0.95				
	308	1	122.15058528	25.00158178245614	0.0	0.0	3	0.9941442249569904	23.94186872165055	138.0	32	1.05	0.95				
	309	1	125.00790891228071	25.715912690526316	0.0	0.0	3	1.030366283573304	31.203925216094884	138.0	33	1.05	0.95				
	310	1	139.2945270736842	28.573236322807023	0.0	0.0	3	1.05	28.448370776411767	138.0	33	1.05	0.95				
	311	1	0.0	0.0	0.0	0.0	3	1.0227673486106965	34.63003227887105	230.0	33	1.05	0.95				
	312	1	0.0	0.0	0.0	0.0	3	1.0290467654789752	35.82294219277315	230.0	33	1.05	0.95				
	313	2	189.29769063859652	38.573869035789485	0.0	0.0	3	1.05	42.98986743153915	230.0	34	1.05	0.95				
	314	2	138.58019616561407	27.858905414736846	0.0	0.0	3	1.0240074985725827	31.933326194006128	230.0	36	1.05	0.95				
	315	2	226.44289785824566	45.71717811649123	0.0	0.0	3	1.05	25.99319051857383	230.0	36	1.05	0.95				
	316	2	71.43309080701755	14.286618161403512	0.0	0.0	3	1.044921847876206	26.836268897234678	230.0	36	1.05	0.95				
	317	1	0.0	0.0	0.0	0.0	3	1.05	26.015474858923508	230.0	37	1.05	0.95				
	318	2	237.87219238736844	48.57450174877194	0.0	0.0	3	1.047763162207373	23.682953628509363	230.0	37	1.05	0.95				
	319	1	129.29389436070178	26.43024359859649	0.0	0.0	3	1.0443630391654897	28.843236978514966	230.0	35	1.05	0.95				
	320	1	91.43435623298247	18.572603609824565	0.0	0.0	3	1.0472515768201889	30.45701732773791	230.0	35	1.05	0.95				
	321	2	0.0	0.0	0.0	0.0	3	1.0490494171247249	25.064676508638723	230.0	37	1.05	0.95				
	322	2	0.0	0.0	0.0	0.0	3	1.05	29.784261654442872	230.0	37	1.05	0.95				
	323	2	0.0	0.0	0.0	0.0	3	1.0489631965070216	31.015597176006512	230.0	35	1.05	0.95				
	324	1	0.0	0.0	0.0	0.0	3	1.0467119971366383	31.831499700646606	230.0	36	1.05	0.95				
	325	1	0.0	0.0	0.0	0.0	3	1.05	29.862965982172284	230.0	35	1.05	0.95				
];
