%% MATPOWER Case Format : Version 2
function mpc = RTS_GMLC
mpc.version = '2';

%%-----  Power Flow Data  -----%%
%% system MVA base
mpc.baseMVA = 100.0;
%% bus data
%    bus_i    type    Pd    Qd    Gs    Bs    area    Vm    Va    baseKV    zone    Vmax    Vmin
mpc.bus = [
	101	2	75.76298863578948	15.43320138877193	0.0	0.0	1	1.040366847545459	1.9154523326877018	138.0	11	1.05	0.95				
	102	2	68.04638794140351	14.030183080701756	0.0	0.0	1	1.040248372066125	1.8112371946339285	138.0	12	1.05	0.95				
	103	1	126.2716477263158	25.955838699298244	0.0	0.0	1	1.024007803860848	-0.47851446122652547	138.0	11	1.05	0.95				
	104	1	51.91167739859649	10.522637310526315	0.0	0.0	1	1.0216574752428766	-1.8712053706317529	138.0	11	1.05	0.95				
	105	1	49.80714993649122	9.821128156491229	0.0	0.0	1	1.035196620689093	-2.0164768577517207	138.0	11	1.05	0.95				
	106	1	95.40524494877194	19.642256312982457	0.0	-100.0	1	1.0387580470342201	-4.864786807286925	138.0	12	1.05	0.95				
	107	2	87.68864425438596	17.537728850877194	0.0	0.0	1	1.05	-2.0766757002176317	138.0	12	1.05	0.95				
	108	1	119.95806533999999	24.55282039122807	0.0	0.0	1	1.0270509645534485	-4.728848699963159	138.0	12	1.05	0.95				
	109	1	122.76410195614037	25.25432954526316	0.0	0.0	1	1.0266936155608224	-2.6737475465267284	138.0	13	1.05	0.95				
	110	1	136.7942850368421	28.06036616140351	0.0	0.0	1	1.05	-3.827237119530158	138.0	13	1.05	0.95				
	111	1	0.0	0.0	0.0	0.0	1	1.0107546225153692	-0.7130555884125885	230.0	13	1.05	0.95				
	112	1	0.0	0.0	0.0	0.0	1	1.014937909255656	0.15638874941849865	230.0	13	1.05	0.95				
	113	3	185.89992581929823	37.88149431789474	0.0	0.0	1	1.0088837567590088	-8.596604368416451e-28	230.0	14	1.05	0.95				
	114	2	136.09277588280702	27.35885700736842	0.0	0.0	1	1.0096068332844685	1.280726865523122	230.0	16	1.05	0.95				
	115	2	222.3784018291228	44.896585858245615	0.0	0.0	1	1.0432414331993782	8.682753734507948	230.0	16	1.05	0.95				
	116	2	70.15091540350878	14.030183080701756	0.0	0.0	1	1.0408116502273725	8.29423881511528	230.0	16	1.05	0.95				
	117	1	0.0	0.0	0.0	0.0	1	1.0462539044679862	11.140420597190946	230.0	17	1.05	0.95				
	118	2	233.60254829368424	47.70262247438597	0.0	0.0	1	1.0488734102065458	11.728394601411328	230.0	17	1.05	0.95				
	119	1	126.97315688035088	25.955838699298244	0.0	0.0	1	1.0355951885907693	7.2918342309438025	230.0	15	1.05	0.95				
	120	1	89.79317171649123	18.23923800491228	0.0	0.0	1	1.0368291518928872	7.609021056755946	230.0	15	1.05	0.95				
	121	2	0.0	0.0	0.0	0.0	1	1.05	12.137947860266879	230.0	17	1.05	0.95				
	122	2	0.0	0.0	0.0	0.0	1	1.05	18.258033789950865	230.0	17	1.05	0.95				
	123	2	0.0	0.0	0.0	0.0	1	1.0393921768909051	8.304321772096545	230.0	15	1.05	0.95				
	124	1	0.0	0.0	0.0	0.0	1	1.0245016074733941	5.284190785977523	230.0	16	1.05	0.95				
	201	2	85.47520858105263	17.411616562807016	0.0	0.0	2	1.0333137072683916	-10.088664662226341	138.0	21	1.05	0.95				
	202	2	76.76940029964912	15.828742329824564	0.0	0.0	2	1.03588911967444	-10.201221894238843	138.0	22	1.05	0.95				
	203	1	142.45868096842105	29.283173310175435	0.0	0.0	2	1.025110429506259	-6.909461419845352	138.0	21	1.05	0.95				
	204	1	58.56634662035087	11.87155674736842	0.0	0.0	2	1.0171289960410752	-11.545929420797611	138.0	21	1.05	0.95				
	205	1	56.19203527087719	11.080119630877194	0.0	0.0	2	1.0314869372103252	-11.986395780345141	138.0	21	1.05	0.95				
	206	1	107.63544784280703	22.160239261754388	0.0	-100.0	2	1.0362934031883435	-13.791109750981983	138.0	22	1.05	0.95				
	207	2	98.9296395614035	19.7859279122807	0.0	0.0	2	0.95	-25.566405381908552	138.0	22	1.05	0.95				
	208	1	135.33574692	27.70029907719298	0.0	0.0	2	0.9567046144560759	-21.585213879013107	138.0	22	1.05	0.95				
	209	1	138.50149538596492	28.491736193684208	0.0	0.0	2	1.0271021268778897	-9.443853060002192	138.0	23	1.05	0.95				
	210	1	154.33023771578945	31.65748465964913	0.0	0.0	2	1.05	-11.408999711510628	138.0	23	1.05	0.95				
	211	1	0.0	0.0	0.0	0.0	2	1.0335981955889966	-4.973911804804355	230.0	23	1.05	0.95				
	212	1	0.0	0.0	0.0	0.0	2	1.0293097455971503	-1.2676082587355733	230.0	23	1.05	0.95				
	213	2	209.73083587017544	42.73760429052631	0.0	0.0	2	1.05	-1.0596082963387512	230.0	24	1.05	0.95				
	214	2	153.53880059929824	30.866047543157894	0.0	0.0	2	1.05	-3.1922212001006223	230.0	26	1.05	0.95				
	215	2	250.88556592771928	50.65197545543859	0.0	0.0	2	1.0438656793270196	4.094025584926121	230.0	26	1.05	0.95				
	216	2	79.1437116491228	15.828742329824564	0.0	0.0	2	1.0491468086743774	4.220049863230812	230.0	26	1.05	0.95				
	217	1	0.0	0.0	0.0	0.0	2	1.049018378014251	7.436416707402381	230.0	27	1.05	0.95				
	218	2	263.54855979157895	53.81772392140351	0.0	0.0	2	1.049999995063886	8.081193879341543	230.0	27	1.05	0.95				
	219	1	143.2501180849123	29.283173310175435	0.0	0.0	2	1.0437846974739258	3.6308153660965816	230.0	25	1.05	0.95				
	220	1	101.30395091087718	20.57736502877193	0.0	0.0	2	1.046169951353423	4.596254241566394	230.0	25	1.05	0.95				
	221	2	0.0	0.0	0.0	0.0	2	1.05	8.478976508880521	230.0	27	1.05	0.95				
	222	2	0.0	0.0	0.0	0.0	2	1.05	14.58186412502114	230.0	27	1.05	0.95				
	223	2	0.0	0.0	0.0	0.0	2	1.05	5.700212978240269	230.0	25	1.05	0.95				
	224	1	0.0	0.0	0.0	0.0	2	1.0230747163664122	0.004315555151042749	230.0	26	1.05	0.95				
	301	2	79.76146789894739	16.24770642385965	0.0	0.0	3	0.9957136194026637	-22.958192722474614	138.0	31	1.05	0.95				
	302	2	71.63761468701755	14.770642203508775	0.0	0.0	3	0.9955786125599192	-23.115082252834966	138.0	32	1.05	0.95				
	303	1	132.93577983157897	27.32568807649123	0.0	0.0	3	1.0059819836430386	-15.080774965764057	138.0	31	1.05	0.95				
	304	1	54.65137615298246	11.077981652631578	0.0	0.0	3	0.9884350787870119	-20.502924847685712	138.0	31	1.05	0.95				
	305	1	52.43577982245614	10.339449542456142	0.0	0.0	3	1.0029284607279076	-21.10608535605318	138.0	31	1.05	0.95				
	306	1	100.44036698385965	20.678899084912285	0.0	-100.0	3	1.014108618254412	-20.887498468095373	138.0	32	1.05	0.95				
	307	2	92.31651377192983	18.463302754385964	0.0	0.0	3	0.9756035231367978	-26.242063074089316	138.0	32	1.05	0.95				
	308	1	126.28899084	25.84862385614035	0.0	0.0	3	0.9743278572013987	-23.694798112440665	138.0	32	1.05	0.95				
	309	1	129.24311928070176	26.58715596631579	0.0	0.0	3	1.0110587234103323	-15.256151807339814	138.0	33	1.05	0.95				
	310	1	144.01376148421053	29.54128440701755	0.0	0.0	3	1.0329551197059073	-16.803386211583636	138.0	33	1.05	0.95				
	311	1	0.0	0.0	0.0	0.0	3	1.0082547060270992	-8.164124837503289	230.0	33	1.05	0.95				
	312	1	0.0	0.0	0.0	0.0	3	1.007825580770913	-7.481581453092775	230.0	33	1.05	0.95				
	313	2	195.71100919649123	39.880733949473694	0.0	0.0	3	1.0285421351049473	-2.3317174304604222	230.0	34	1.05	0.95				
	314	2	143.2752293740351	28.80275229684211	0.0	0.0	3	1.0239174900833892	-5.666193629745615	230.0	36	1.05	0.95				
	315	2	234.11467892561407	47.26605505122807	0.0	0.0	3	1.0471074913650917	-2.697121979416838	230.0	36	1.05	0.95				
	316	2	73.85321101754386	14.770642203508775	0.0	0.0	3	1.0444908740614913	-1.8046245268833785	230.0	36	1.05	0.95				
	317	1	0.0	0.0	0.0	0.0	3	1.0470949334587674	-0.33698283268615675	230.0	37	1.05	0.95				
	318	2	245.93119268842108	50.220183491929824	0.0	0.0	3	1.0471474233626792	-0.37197660481738254	230.0	37	1.05	0.95				
	319	1	133.67431194175438	27.32568807649123	0.0	0.0	3	1.0387754192858045	-2.2057764369731494	230.0	35	1.05	0.95				
	320	1	94.53211010245614	19.201834864561405	0.0	0.0	3	1.0391328380145781	-1.6148132629183976	230.0	35	1.05	0.95				
	321	2	0.0	0.0	0.0	0.0	3	1.05	0.51400314520466	230.0	37	1.05	0.95				
	322	2	0.0	0.0	0.0	0.0	3	1.05	5.955054408788753	230.0	37	1.05	0.95				
	323	2	0.0	0.0	0.0	0.0	3	1.0404075751962243	-1.1377498289654087	230.0	35	1.05	0.95				
	324	1	0.0	0.0	0.0	0.0	3	1.0183032116717072	-5.629883860342964	230.0	36	1.05	0.95				
	325	1	0.0	0.0	0.0	0.0	3	1.037633209107954	-0.030795820761171426	230.0	35	1.05	0.95				
];
