%% MATPOWER Case Format : Version 2
function mpc = RTS_GMLC
mpc.version = '2';

%%-----  Power Flow Data  -----%%
%% system MVA base
mpc.baseMVA = 100.0;
%% bus data
%    bus_i    type    Pd    Qd    Gs    Bs    area    Vm    Va    baseKV    zone    Vmax    Vmin
mpc.bus = [
	101	2	83.33795152421054	16.976249384561406	0.0	0.0	1	1.0478637612118467	-0.6740859232488787	138.0	11	1.05	0.95				
	102	2	74.84982683192983	15.432953985964915	0.0	0.0	1	1.047146536549131	-0.9444191824140746	138.0	12	1.05	0.95				
	103	1	138.89658587368422	28.55096487403509	0.0	0.0	1	1.0276925283744844	-1.4529661128183364	138.0	11	1.05	0.95				
	104	1	57.10192974807018	11.574715489473686	0.0	0.0	1	1.0246794684552523	-4.280111450630138	138.0	11	1.05	0.95				
	105	1	54.78698665017544	10.803067790175442	0.0	0.0	1	1.037975847714641	-4.775982651627238	138.0	11	1.05	0.95				
	106	1	104.94408710456142	21.606135580350884	0.0	-100.0	1	1.038336170597179	-7.826288905028452	138.0	12	1.05	0.95				
	107	2	96.45596241228071	19.291192482456143	0.0	0.0	1	1.0189190730425401	-10.58135737054553	138.0	12	1.05	0.95				
	108	1	131.95175658000002	27.0076694754386	0.0	0.0	1	1.0057578056202774	-10.977270082146775	138.0	12	1.05	0.95				
	109	1	135.038347377193	27.779317174736846	0.0	0.0	1	1.0266182332816325	-4.960917981866986	138.0	13	1.05	0.95				
	110	1	150.47130136315792	30.86590797192983	0.0	0.0	1	1.05	-6.577758884442217	138.0	13	1.05	0.95				
	111	1	0.0	0.0	0.0	0.0	1	1.0159519982491347	-1.9897702895615774	230.0	13	1.05	0.95				
	112	1	0.0	0.0	0.0	0.0	1	1.0176208464868761	-1.3702635954465805	230.0	13	1.05	0.95				
	113	3	204.48664031403513	41.66897576210527	0.0	0.0	1	1.018271504500237	3.275798895660061e-27	230.0	14	1.05	0.95				
	114	2	149.69965366385966	30.094260272631583	0.0	0.0	1	1.0203723409181138	0.06909777070667197	230.0	16	1.05	0.95				
	115	2	244.6123206775439	49.38545275508773	0.0	0.0	1	1.044766511864603	8.499483890338697	230.0	16	1.05	0.95				
	116	2	77.16476992982457	15.432953985964915	0.0	0.0	1	1.0436231556802722	7.653654026729561	230.0	16	1.05	0.95				
	117	1	0.0	0.0	0.0	0.0	1	1.0463850513282116	10.886246604215343	230.0	17	1.05	0.95				
	118	2	256.9586838663158	52.47204355228071	0.0	0.0	1	1.0481878641400773	11.560841521717007	230.0	17	1.05	0.95				
	119	1	139.66823357298247	28.55096487403509	0.0	0.0	1	1.03736042118475	6.044237464326695	230.0	15	1.05	0.95				
	120	1	98.77090551017545	20.06284018175439	0.0	0.0	1	1.0379690372141115	5.608913980409485	230.0	15	1.05	0.95				
	121	2	0.0	0.0	0.0	0.0	1	1.05	13.461367407307206	230.0	17	1.05	0.95				
	122	2	0.0	0.0	0.0	0.0	1	1.05	18.96255917184669	230.0	17	1.05	0.95				
	123	2	0.0	0.0	0.0	0.0	1	1.040370400803725	5.941190083450674	230.0	15	1.05	0.95				
	124	1	0.0	0.0	0.0	0.0	1	1.0258924754854537	4.796629639355848	230.0	16	1.05	0.95				
	201	2	80.7322524631579	16.44545883508772	0.0	0.0	2	1.0365354242084848	-12.885997689230107	138.0	21	1.05	0.95				
	202	2	72.50952304561403	14.95041712280702	0.0	0.0	2	1.0370931067549185	-12.879068780720994	138.0	22	1.05	0.95				
	203	1	134.55375410526315	27.658271677192985	0.0	0.0	2	1.020416704566245	-10.74921265660687	138.0	21	1.05	0.95				
	204	1	55.31654335438597	11.212812842105263	0.0	0.0	2	1.0178605662378788	-14.008854249668337	138.0	21	1.05	0.95				
	205	1	53.07398078596491	10.465291985964914	0.0	0.0	2	1.0338212919307257	-14.385097726712399	138.0	21	1.05	0.95				
	206	1	101.66283643508774	20.930583971929828	0.0	-100.0	2	1.0380166165714177	-15.914527829029144	138.0	22	1.05	0.95				
	207	2	93.44010701754387	18.688021403508774	0.0	0.0	2	0.9598302161596339	-26.958135460709215	138.0	22	1.05	0.95				
	208	1	127.8260664	26.163229964912283	0.0	0.0	2	0.9646772958488941	-23.229517539225913	138.0	22	1.05	0.95				
	209	1	130.8161498245614	26.91075082105263	0.0	0.0	2	1.0258202632688302	-11.905511470522534	138.0	23	1.05	0.95				
	210	1	145.76656694736843	29.90083424561404	0.0	0.0	2	1.05	-13.548983635897207	138.0	23	1.05	0.95				
	211	1	0.0	0.0	0.0	0.0	2	1.0275549342671038	-8.022151301089123	230.0	23	1.05	0.95				
	212	1	0.0	0.0	0.0	0.0	2	1.024600599142883	-2.8720933487760263	230.0	23	1.05	0.95				
	213	2	198.09302687719298	40.36612623157895	0.0	0.0	2	1.037281775578186	-5.1768666265787475	230.0	24	1.05	0.95				
	214	2	145.01904609122806	29.153313389473684	0.0	0.0	2	1.0409345122426064	-5.950020698338529	230.0	26	1.05	0.95				
	215	2	236.96411139649123	47.84133479298246	0.0	0.0	2	1.0437770352518196	1.5300200319096111	230.0	26	1.05	0.95				
	216	2	74.7520856140351	14.95041712280702	0.0	0.0	2	1.0455020508061101	1.597988106623927	230.0	26	1.05	0.95				
	217	1	0.0	0.0	0.0	0.0	2	1.047179643792774	4.1102061837115595	230.0	27	1.05	0.95				
	218	2	248.92444509473685	50.83141821754387	0.0	0.0	2	1.0476455183580216	4.273014488742606	230.0	27	1.05	0.95				
	219	1	135.30127496140352	27.658271677192985	0.0	0.0	2	1.0418306878458652	1.8660015418294162	230.0	25	1.05	0.95				
	220	1	95.68266958596492	19.435542259649125	0.0	0.0	2	1.0453694570436183	3.5007808754095	230.0	25	1.05	0.95				
	221	2	0.0	0.0	0.0	0.0	2	1.0476775938542437	4.120900398651862	230.0	27	1.05	0.95				
	222	2	0.0	0.0	0.0	0.0	2	1.05	10.627019547587093	230.0	27	1.05	0.95				
	223	2	0.0	0.0	0.0	0.0	2	1.05	4.9380816853076634	230.0	25	1.05	0.95				
	224	1	0.0	0.0	0.0	0.0	2	1.0195886836560093	-3.01670613882712	230.0	26	1.05	0.95				
	301	2	64.06200568421053	13.049667824561404	0.0	0.0	3	0.9882250536016403	8.776355378320515	138.0	31	1.05	0.95				
	302	2	57.53717177192982	11.863334385964913	0.0	0.0	3	0.9879868954235687	8.773462480145465	138.0	32	1.05	0.95				
	303	1	106.7700094736842	21.947168614035085	0.0	0.0	3	1.0120310845723406	10.689024409896804	138.0	31	1.05	0.95				
	304	1	43.89433722807017	8.897500789473684	0.0	0.0	3	0.9980879590703707	10.87240229647311	138.0	31	1.05	0.95				
	305	1	42.11483707017544	8.30433407017544	0.0	0.0	3	1.0096461172610207	10.93475594853439	138.0	31	1.05	0.95				
	306	1	80.67067382456142	16.60866814035088	0.0	-100.0	3	1.03009583751897	11.462533287739111	138.0	32	1.05	0.95				
	307	2	74.14583991228069	14.82916798245614	0.0	0.0	3	0.9856819119171826	8.479871114878984	138.0	32	1.05	0.95				
	308	1	101.43150899999999	20.760835175438594	0.0	0.0	3	0.9998403882193667	11.094001360308662	138.0	32	1.05	0.95				
	309	1	103.80417587719298	21.35400189473684	0.0	0.0	3	1.0274768909000103	14.991204137810866	138.0	33	1.05	0.95				
	310	1	115.6675102631579	23.726668771929827	0.0	0.0	3	1.05	14.968577155422688	138.0	33	1.05	0.95				
	311	1	0.0	0.0	0.0	0.0	3	1.0188164715416512	21.027553130802875	230.0	33	1.05	0.95				
	312	1	0.0	0.0	0.0	0.0	3	1.025221054532908	22.505018532453317	230.0	33	1.05	0.95				
	313	2	157.18918061403508	32.031002842105266	0.0	0.0	3	1.0498144669243799	30.32412856006324	230.0	34	1.05	0.95				
	314	2	115.07434354385964	23.13350205263158	0.0	0.0	3	1.0201209340228587	18.701140752295416	230.0	36	1.05	0.95				
	315	2	188.03385001754384	37.96267003508772	0.0	0.0	3	1.0368157294464593	12.0804214449453	230.0	36	1.05	0.95				
	316	2	59.31667192982456	11.863334385964913	0.0	0.0	3	1.0392997189134192	13.490760915830473	230.0	36	1.05	0.95				
	317	1	0.0	0.0	0.0	0.0	3	1.0422754563596586	12.166534914519367	230.0	37	1.05	0.95				
	318	2	197.52451752631578	40.33533691228071	0.0	0.0	3	1.0409395104639456	10.910652327634502	230.0	37	1.05	0.95				
	319	1	107.36317619298245	21.947168614035085	0.0	0.0	3	1.0398872969433595	16.60306466921707	230.0	35	1.05	0.95				
	320	1	75.92534007017544	15.422334701754387	0.0	0.0	3	1.0437684187148124	19.01476287629947	230.0	35	1.05	0.95				
	321	2	0.0	0.0	0.0	0.0	3	1.040902776229434	11.867542175465912	230.0	37	1.05	0.95				
	322	2	0.0	0.0	0.0	0.0	3	1.05	16.306280362376977	230.0	37	1.05	0.95				
	323	2	0.0	0.0	0.0	0.0	3	1.045885248474151	19.903571139466052	230.0	35	1.05	0.95				
	324	1	0.0	0.0	0.0	0.0	3	1.025186608798969	13.502034589381953	230.0	36	1.05	0.95				
	325	1	0.0	0.0	0.0	0.0	3	1.047716111995885	19.36121116955762	230.0	35	1.05	0.95				
];
