%% MATPOWER Case Format : Version 2
function mpc = RTS_GMLC
mpc.version = '2';

%%-----  Power Flow Data  -----%%
%% system MVA base
mpc.baseMVA = 100.0;
%% bus data
%    bus_i    type    Pd    Qd    Gs    Bs    area    Vm    Va    baseKV    zone    Vmax    Vmin
mpc.bus = [
	101	2	88.97575456421055	18.124690744561402	0.0	0.0	1	1.0485350651430898	-0.5463441956444344	138.0	11	1.05	0.95				
	102	2	79.91340919192983	16.476991585964914	0.0	0.0	1	1.0483209705260228	-0.6766782534211333	138.0	12	1.05	0.95				
	103	1	148.2929242736842	30.48243443403509	0.0	0.0	1	1.0231487470600884	-2.6020175100902816	138.0	11	1.05	0.95				
	104	1	60.96486886807018	12.357743689473685	0.0	0.0	1	1.024024808728918	-4.225225938019662	138.0	11	1.05	0.95				
	105	1	58.49332013017544	11.53389411017544	0.0	0.0	1	1.0377072486026884	-4.583699733867011	138.0	11	1.05	0.95				
	106	1	112.04354278456141	23.06778822035088	0.0	-100.0	1	1.037094629538049	-7.608241495605049	138.0	12	1.05	0.95				
	107	2	102.98119741228071	20.59623948245614	0.0	0.0	1	1.0437039679796005	-4.473109278923355	138.0	12	1.05	0.95				
	108	1	140.87827805999999	28.834735275438593	0.0	0.0	1	1.0197069908945848	-7.445307624479462	138.0	12	1.05	0.95				
	109	1	144.17367637719298	29.65858485473684	0.0	0.0	1	1.0270153847957362	-4.758870804112639	138.0	13	1.05	0.95				
	110	1	160.6506679631579	32.95398317192983	0.0	0.0	1	1.05	-6.158071566101107	138.0	13	1.05	0.95				
	111	1	0.0	0.0	0.0	0.0	1	1.0154092211182262	-2.044543273215983	230.0	13	1.05	0.95				
	112	1	0.0	0.0	0.0	0.0	1	1.0173120353752536	-1.1000654593302062	230.0	13	1.05	0.95				
	113	3	218.3201385140351	44.48787728210527	0.0	0.0	1	1.0172124982388002	5.5829106749794935e-28	230.0	14	1.05	0.95				
	114	2	159.82681838385966	32.13013359263158	0.0	0.0	1	1.0182926609969236	-0.38742443989930914	230.0	16	1.05	0.95				
	115	2	261.1603166375438	52.72637307508772	0.0	0.0	1	1.0445774743500797	7.44317549917357	230.0	16	1.05	0.95				
	116	2	82.38495792982457	16.476991585964914	0.0	0.0	1	1.0433039839032732	6.958093833713156	230.0	16	1.05	0.95				
	117	1	0.0	0.0	0.0	0.0	1	1.0470560894696859	10.279897792994301	230.0	17	1.05	0.95				
	118	2	274.3419099063158	56.021771392280705	0.0	0.0	1	1.0495506847940554	11.00677095564192	230.0	17	1.05	0.95				
	119	1	149.11677385298248	30.48243443403509	0.0	0.0	1	1.0366523158030259	5.723266049491689	230.0	15	1.05	0.95				
	120	1	105.45274615017544	21.42008906175439	0.0	0.0	1	1.0378301251613429	5.9355444325651225	230.0	15	1.05	0.95				
	121	2	0.0	0.0	0.0	0.0	1	1.05	11.701449571601305	230.0	17	1.05	0.95				
	122	2	0.0	0.0	0.0	0.0	1	1.05	18.305187746243913	230.0	17	1.05	0.95				
	123	2	0.0	0.0	0.0	0.0	1	1.0409115542692609	6.660836852155927	230.0	15	1.05	0.95				
	124	1	0.0	0.0	0.0	0.0	1	1.023965784766541	3.7219774384505575	230.0	16	1.05	0.95				
	201	2	78.06327718736841	15.90177868631579	0.0	0.0	2	1.0367433527224195	-9.84005182373454	138.0	21	1.05	0.95				
	202	2	70.11238784421052	14.456162442105263	0.0	0.0	2	1.036921468712294	-9.913850832909844	138.0	22	1.05	0.95				
	203	1	130.10546197894737	26.743900517894737	0.0	0.0	2	1.0269652398281626	-7.2819440699050375	138.0	21	1.05	0.95				
	204	1	53.487801035789474	10.842121831578947	0.0	0.0	2	1.0185368763805043	-11.514040547382786	138.0	21	1.05	0.95				
	205	1	51.319376669473684	10.119313709473685	0.0	0.0	2	1.0341745727216465	-11.888354729325375	138.0	21	1.05	0.95				
	206	1	98.30190460631579	20.23862741894737	0.0	-100.0	2	1.0385321057449133	-13.716005961571863	138.0	22	1.05	0.95				
	207	2	90.35101526315789	18.070203052631577	0.0	0.0	2	0.9659416656910864	-24.48946549316468	138.0	22	1.05	0.95				
	208	1	123.60018887999999	25.298284273684207	0.0	0.0	2	0.969709377081546	-20.91306241261486	138.0	22	1.05	0.95				
	209	1	126.49142136842104	26.02109239578947	0.0	0.0	2	1.0261909338526032	-9.90138341687048	138.0	23	1.05	0.95				
	210	1	140.9475838105263	28.912324884210527	0.0	0.0	2	1.05	-11.692181107594507	138.0	23	1.05	0.95				
	211	1	0.0	0.0	0.0	0.0	2	1.0241195247433015	-6.358937969699828	230.0	23	1.05	0.95				
	212	1	0.0	0.0	0.0	0.0	2	1.0232077042801138	-2.3216710443335242	230.0	23	1.05	0.95				
	213	2	191.54415235789472	39.03163859368421	0.0	0.0	2	1.0294742496543612	-4.2098553192612735	230.0	24	1.05	0.95				
	214	2	140.22477568842103	28.189516762105267	0.0	0.0	2	1.036636554468668	-3.8928959347831427	230.0	26	1.05	0.95				
	215	2	229.1301747073684	46.25971981473684	0.0	0.0	2	1.0445969389479497	4.257776621662845	230.0	26	1.05	0.95				
	216	2	72.2808122105263	14.456162442105263	0.0	0.0	2	1.0468066042179702	4.017990212313935	230.0	26	1.05	0.95				
	217	1	0.0	0.0	0.0	0.0	2	1.0484442865304677	7.201111278595938	230.0	27	1.05	0.95				
	218	2	240.69510466105265	49.150952303157894	0.0	0.0	2	1.0499999847445247	8.065429443801351	230.0	27	1.05	0.95				
	219	1	130.82827010105262	26.743900517894737	0.0	0.0	2	1.0431497813698867	3.3857738219974682	230.0	25	1.05	0.95				
	220	1	92.51943962947368	18.793011174736844	0.0	0.0	2	1.0462042161697536	4.189159742198302	230.0	25	1.05	0.95				
	221	2	0.0	0.0	0.0	0.0	2	1.05	8.513109220885447	230.0	27	1.05	0.95				
	222	2	0.0	0.0	0.0	0.0	2	1.05	14.510077044613405	230.0	27	1.05	0.95				
	223	2	0.0	0.0	0.0	0.0	2	1.05	5.154882360061203	230.0	25	1.05	0.95				
	224	1	0.0	0.0	0.0	0.0	2	1.0235209127341363	-0.03708085899757103	230.0	26	1.05	0.95				
	301	2	77.5406516968421	15.795317938245615	0.0	0.0	3	0.9928227013850998	-16.243750636047523	138.0	31	1.05	0.95				
	302	2	69.6429927277193	14.359379943859649	0.0	0.0	3	0.9930216875801429	-16.36686006009923	138.0	32	1.05	0.95				
	303	1	129.23441949473684	26.56485289614035	0.0	0.0	3	1.005114052748337	-9.839543885343208	138.0	31	1.05	0.95				
	304	1	53.1297057922807	10.769534957894738	0.0	0.0	3	0.9877207554201846	-13.794368356508505	138.0	31	1.05	0.95				
	305	1	50.97579880070175	10.051565960701755	0.0	0.0	3	1.0014359166686633	-14.185293368406379	138.0	31	1.05	0.95				
	306	1	97.64378361824562	20.10313192140351	0.0	-100.0	3	1.013813024778253	-13.834249727596521	138.0	32	1.05	0.95				
	307	2	89.7461246491228	17.949224929824563	0.0	0.0	3	0.9679037902123566	-20.608932421090206	138.0	32	1.05	0.95				
	308	1	122.77269851999999	25.128914901754385	0.0	0.0	3	0.971455992167681	-17.06752826400922	138.0	32	1.05	0.95				
	309	1	125.64457450877194	25.84688389894737	0.0	0.0	3	1.010913188908964	-8.668430084116677	138.0	33	1.05	0.95				
	310	1	140.00395445263158	28.718759887719298	0.0	0.0	3	1.0326788366123911	-9.745176678331148	138.0	33	1.05	0.95				
	311	1	0.0	0.0	0.0	0.0	3	1.0070340255112828	-1.4796660057454039	230.0	33	1.05	0.95				
	312	1	0.0	0.0	0.0	0.0	3	1.0085845908534807	-0.33148721848050944	230.0	33	1.05	0.95				
	313	2	190.26178425614034	38.77032584842105	0.0	0.0	3	1.0337836297449348	6.058482382558157	230.0	34	1.05	0.95				
	314	2	139.2859854554386	28.000790890526318	0.0	0.0	3	1.0178647030511965	-0.6320574890712298	230.0	36	1.05	0.95				
	315	2	227.59617211017544	45.95001582035088	0.0	0.0	3	1.040394111647229	-0.30575201694766807	230.0	36	1.05	0.95				
	316	2	71.79689971929825	14.359379943859649	0.0	0.0	3	1.0376875406616792	0.49780208008295224	230.0	36	1.05	0.95				
	317	1	0.0	0.0	0.0	0.0	3	1.0425474005494015	1.5937818441422344	230.0	37	1.05	0.95				
	318	2	239.08367606526318	48.82189180912281	0.0	0.0	3	1.0426085559479796	1.4065259786354727	230.0	37	1.05	0.95				
	319	1	129.95238849192984	26.56485289614035	0.0	0.0	3	1.034011394829343	1.4897766406445545	230.0	35	1.05	0.95				
	320	1	91.90003164070176	18.667193927017543	0.0	0.0	3	1.0348652900316266	2.7084526121615404	230.0	35	1.05	0.95				
	321	2	0.0	0.0	0.0	0.0	3	1.045443727651646	2.3998856641069857	230.0	37	1.05	0.95				
	322	2	0.0	0.0	0.0	0.0	3	1.05	6.879688362852847	230.0	37	1.05	0.95				
	323	2	0.0	0.0	0.0	0.0	3	1.0363971112248405	3.4525719476378565	230.0	35	1.05	0.95				
	324	1	0.0	0.0	0.0	0.0	3	1.0176222125234842	-2.041324062161436	230.0	36	1.05	0.95				
	325	1	0.0	0.0	0.0	0.0	3	1.0361416191061397	4.152460894502805	230.0	35	1.05	0.95				
];
