%% MATPOWER Case Format : Version 2
function mpc = RTS_GMLC
mpc.version = '2';

%%-----  Power Flow Data  -----%%
%% system MVA base
mpc.baseMVA = 100.0;
%% bus data
%    bus_i    type    Pd    Qd    Gs    Bs    area    Vm    Va    baseKV    zone    Vmax    Vmin
mpc.bus = [
	101	2	92.75655615157896	18.894854030877195	0.0	0.0	1	1.033515362191857	-7.006383973868587	138.0	11	1.05	0.95				
	102	2	83.30912913614036	17.177140028070177	0.0	0.0	1	1.0335120512284606	-7.063510687861584	138.0	12	1.05	0.95				
	103	1	154.59426025263159	31.777709051929826	0.0	0.0	1	1.015290312244541	-6.821361465504579	138.0	11	1.05	0.95				
	104	1	63.55541810385965	12.882855021052633	0.0	0.0	1	1.0146852628079666	-9.317838462018182	138.0	11	1.05	0.95				
	105	1	60.97884709964912	12.023998019649126	0.0	0.0	1	1.030500616028308	-9.452639440251291	138.0	11	1.05	0.95				
	106	1	116.80455219087722	24.04799603929825	0.0	-100.0	1	1.0334326908728761	-11.601867007157386	138.0	12	1.05	0.95				
	107	2	107.35712517543861	21.47142503508772	0.0	0.0	1	1.05	-6.807699809609102	138.0	12	1.05	0.95				
	108	1	146.86454724	30.059995049122808	0.0	0.0	1	1.0223100122540394	-10.148922283651189	138.0	12	1.05	0.95				
	109	1	150.29997524561404	30.91885205052632	0.0	0.0	1	1.0271925962546227	-7.684969881859934	138.0	13	1.05	0.95				
	110	1	167.47711527368423	34.354280056140354	0.0	0.0	1	1.05	-9.220523339562003	138.0	13	1.05	0.95				
	111	1	0.0	0.0	0.0	0.0	1	1.019367209394459	-3.6696192345826266	230.0	13	1.05	0.95				
	112	1	0.0	0.0	0.0	0.0	1	1.0196660603900403	-2.418012418310128	230.0	13	1.05	0.95				
	113	3	227.59710537192984	46.37827807578948	0.0	0.0	1	1.0282119209315652	-3.3594020033026904e-28	230.0	14	1.05	0.95				
	114	2	166.6182582722807	33.49542305473685	0.0	0.0	1	1.025395458580485	-2.1402948833116673	230.0	16	1.05	0.95				
	115	2	272.2576694449123	54.96684808982457	0.0	0.0	1	1.0441416416927765	5.469195680107474	230.0	16	1.05	0.95				
	116	2	85.88570014035088	17.177140028070177	0.0	0.0	1	1.0453157986415451	5.259228071092088	230.0	16	1.05	0.95				
	117	1	0.0	0.0	0.0	0.0	1	1.0479303452488793	8.262049492940372	230.0	17	1.05	0.95				
	118	2	285.99938146736844	58.40227609543861	0.0	0.0	1	1.0495092950092102	8.881306846637363	230.0	17	1.05	0.95				
	119	1	155.4531172540351	31.777709051929826	0.0	0.0	1	1.0402038610355122	4.393562469214793	230.0	15	1.05	0.95				
	120	1	109.93369617964915	22.33028203649123	0.0	0.0	1	1.0436659075438677	5.25321379609835	230.0	15	1.05	0.95				
	121	2	0.0	0.0	0.0	0.0	1	1.05	9.832983559805491	230.0	17	1.05	0.95				
	122	2	0.0	0.0	0.0	0.0	1	1.05	15.840848163197478	230.0	17	1.05	0.95				
	123	2	0.0	0.0	0.0	0.0	1	1.0483774068164005	6.348572293358177	230.0	15	1.05	0.95				
	124	1	0.0	0.0	0.0	0.0	1	1.017889106897071	0.9418888431705311	230.0	16	1.05	0.95				
	201	2	89.47017155368421	18.225405316491226	0.0	0.0	2	1.0499419635448553	-11.979527245362068	138.0	21	1.05	0.95				
	202	2	80.35746889543859	16.568550287719297	0.0	0.0	2	1.05	-12.001727598472344	138.0	22	1.05	0.95				
	203	1	149.11695258947367	30.651818032280698	0.0	0.0	2	1.0278326290828836	-9.43377534631481	138.0	21	1.05	0.95				
	204	1	61.303636064561395	12.426412715789473	0.0	0.0	2	1.0222225594741525	-13.91151117541192	138.0	21	1.05	0.95				
	205	1	58.8183535214035	11.597985201403509	0.0	0.0	2	1.0394201009460606	-14.301719932928403	138.0	21	1.05	0.95				
	206	1	112.66614195649123	23.195970402807017	0.0	-100.0	2	1.0384876178084783	-16.363105262552583	138.0	22	1.05	0.95				
	207	2	103.5534392982456	20.71068785964912	0.0	0.0	2	0.95	-27.893329201044615	138.0	22	1.05	0.95				
	208	1	141.66110496	28.994963003508765	0.0	0.0	2	0.9556650850459073	-24.213764194535525	138.0	22	1.05	0.95				
	209	1	144.97481501754385	29.823390517894733	0.0	0.0	2	1.0259767306848477	-12.164123645544889	138.0	23	1.05	0.95				
	210	1	161.54336530526314	33.137100575438595	0.0	0.0	2	1.05	-14.097345452105387	138.0	23	1.05	0.95				
	211	1	0.0	0.0	0.0	0.0	2	1.031781748466496	-6.668759077181477	230.0	23	1.05	0.95				
	212	1	0.0	0.0	0.0	0.0	2	1.023008565943383	-5.2179894643919305	230.0	23	1.05	0.95				
	213	2	219.53329131228068	44.735085776842105	0.0	0.0	2	1.05	-2.0550438257196806	230.0	24	1.05	0.95				
	214	2	160.71493779087717	32.30867306105263	0.0	0.0	2	1.05	-4.529784663016472	230.0	26	1.05	0.95				
	215	2	262.6115220603508	53.01936092070175	0.0	0.0	2	1.046484946968236	3.6418914522959063	230.0	26	1.05	0.95				
	216	2	82.84275143859648	16.568550287719297	0.0	0.0	2	1.0499999131470081	3.6129353584382318	230.0	26	1.05	0.95				
	217	1	0.0	0.0	0.0	0.0	2	1.05	6.567527753626107	230.0	27	1.05	0.95				
	218	2	275.8663622905263	56.333070978245615	0.0	0.0	2	1.0495028452873036	7.2639154183380095	230.0	27	1.05	0.95				
	219	1	149.94538010385966	30.651818032280698	0.0	0.0	2	1.0437916873229325	3.369549286301695	230.0	25	1.05	0.95				
	220	1	106.0387218414035	21.539115374035088	0.0	0.0	2	1.0459303387213037	4.704798844920555	230.0	25	1.05	0.95				
	221	2	0.0	0.0	0.0	0.0	2	1.05	7.780544663323278	230.0	27	1.05	0.95				
	222	2	0.0	0.0	0.0	0.0	2	1.05	13.816589683785391	230.0	27	1.05	0.95				
	223	2	0.0	0.0	0.0	0.0	2	1.05	6.037831693814671	230.0	25	1.05	0.95				
	224	1	0.0	0.0	0.0	0.0	2	1.0228937020951825	-1.222668228885194	230.0	26	1.05	0.95				
	301	2	70.16070865263157	14.291996207017544	0.0	0.0	3	1.0155422288806282	-12.434908847515072	138.0	31	1.05	0.95				
	302	2	63.014710549122796	12.992723824561402	0.0	0.0	3	1.0138955263092715	-12.843170846312903	138.0	32	1.05	0.95				
	303	1	116.93451442105263	24.036539075438597	0.0	0.0	3	1.0373656815767671	-3.7679348658840466	138.0	31	1.05	0.95				
	304	1	48.073078150877194	9.744542868421052	0.0	0.0	3	1.0099592264581236	-11.693048731387645	138.0	31	1.05	0.95				
	305	1	46.12416957719298	9.094906677192984	0.0	0.0	3	1.024324639940453	-12.701116316944207	138.0	31	1.05	0.95				
	306	1	88.35052200701755	18.18981335438597	0.0	-100.0	3	1.0353888829413682	-13.582595609299194	138.0	32	1.05	0.95				
	307	2	81.20452390350876	16.240904780701754	0.0	0.0	3	1.0049433186421097	-15.37896536418795	138.0	32	1.05	0.95				
	308	1	111.0877887	22.737266692982452	0.0	0.0	3	1.001188686703445	-14.9372415801957	138.0	32	1.05	0.95				
	309	1	113.68633346491228	23.386902884210524	0.0	0.0	3	1.0285482579011163	-8.1028742724732	138.0	33	1.05	0.95				
	310	1	126.67905728947369	25.985447649122804	0.0	0.0	3	1.05	-10.88768682912724	138.0	33	1.05	0.95				
	311	1	0.0	0.0	0.0	0.0	3	1.0178952344564904	-4.507555161915062	230.0	33	1.05	0.95				
	312	1	0.0	0.0	0.0	0.0	3	1.018524837655206	-3.171061610418794	230.0	33	1.05	0.95				
	313	2	172.15359067543858	35.080354326315785	0.0	0.0	3	1.026407978292778	-0.12375034771807761	230.0	34	1.05	0.95				
	314	2	126.02942109824559	25.335811457894735	0.0	0.0	3	1.0236714796250317	-3.3705160844237114	230.0	36	1.05	0.95				
	315	2	205.93467261929823	41.57671623859649	0.0	0.0	3	1.0456600524801185	2.594941451671335	230.0	36	1.05	0.95				
	316	2	64.96361912280702	12.992723824561402	0.0	0.0	3	1.043301867121606	2.1894896452256285	230.0	36	1.05	0.95				
	317	1	0.0	0.0	0.0	0.0	3	1.0469131818478143	4.3411222866460975	230.0	37	1.05	0.95				
	318	2	216.32885167894736	44.17526100350877	0.0	0.0	3	1.0473501428411562	4.396422548381073	230.0	37	1.05	0.95				
	319	1	117.5841506122807	24.036539075438597	0.0	0.0	3	1.0403986928775948	2.3995522910001252	230.0	35	1.05	0.95				
	320	1	83.15343247719298	16.890540971929823	0.0	0.0	3	1.0433880084353053	3.806352378746684	230.0	35	1.05	0.95				
	321	2	0.0	0.0	0.0	0.0	3	1.05	5.713735639140236	230.0	37	1.05	0.95				
	322	2	0.0	0.0	0.0	0.0	3	1.05	10.949980797387743	230.0	37	1.05	0.95				
	323	2	0.0	0.0	0.0	0.0	3	1.047107576141827	5.052566978900214	230.0	35	1.05	0.95				
	324	1	0.0	0.0	0.0	0.0	3	1.0339168106970582	0.21326251528409362	230.0	36	1.05	0.95				
	325	1	0.0	0.0	0.0	0.0	3	1.0471154312218374	5.453400655052876	230.0	35	1.05	0.95				
];
