%% MATPOWER Case Format : Version 2
function mpc = RTS_GMLC
mpc.version = '2';

%%-----  Power Flow Data  -----%%
%% system MVA base
mpc.baseMVA = 100.0;
%% bus data
%    bus_i    type    Pd    Qd    Gs    Bs    area    Vm    Va    baseKV    zone    Vmax    Vmin
mpc.bus = [
	101	2	72.32953983157896	14.73379515087719	0.0	0.0	1	1.049718867360377	1.3387929369150975	138.0	11	1.05	0.95				
	102	2	64.96264225614034	13.394359228070174	0.0	0.0	1	1.048788847052059	1.0111139166962304	138.0	12	1.05	0.95				
	103	1	120.54923305263156	24.77956457192982	0.0	0.0	1	1.0315545740057441	-0.16622991775053744	138.0	11	1.05	0.95				
	104	1	49.55912914385964	10.045769421052631	0.0	0.0	1	1.026902250802786	-2.6561456100585734	138.0	11	1.05	0.95				
	105	1	47.549975259649116	9.376051459649123	0.0	0.0	1	1.0399092280687108	-3.0588129984943455	138.0	11	1.05	0.95				
	106	1	91.0816427508772	18.752102919298245	0.0	-100.0	1	1.041415454572672	-6.2057997041530655	138.0	12	1.05	0.95				
	107	2	83.7147451754386	16.74294903508772	0.0	0.0	1	1.0057214563491965	-12.844658122444503	138.0	12	1.05	0.95				
	108	1	114.52177139999999	23.4401286491228	0.0	0.0	1	0.9994132530514293	-11.533558019008927	138.0	12	1.05	0.95				
	109	1	117.20064324561403	24.10984661052631	0.0	0.0	1	1.0260196915494946	-4.083891222105656	138.0	13	1.05	0.95				
	110	1	130.5950024736842	26.788718456140348	0.0	0.0	1	1.05	-5.495372552647172	138.0	13	1.05	0.95				
	111	1	0.0	0.0	0.0	0.0	1	1.0126323979059932	-1.5106705491777457	230.0	13	1.05	0.95				
	112	1	0.0	0.0	0.0	0.0	1	1.0157467982918849	-1.141904366230047	230.0	13	1.05	0.95				
	113	3	177.47525977192979	36.16476991578948	0.0	0.0	1	1.0126195989759577	-1.7692838169280845e-30	230.0	14	1.05	0.95				
	114	2	129.92528451228068	26.119000494736838	0.0	0.0	1	1.0143407427406814	0.5040624196730511	230.0	16	1.05	0.95				
	115	2	212.30059376491224	42.86194952982456	0.0	0.0	1	1.0441824049901085	8.333011669170816	230.0	16	1.05	0.95				
	116	2	66.97179614035088	13.394359228070174	0.0	0.0	1	1.0414009458761724	7.370668292714433	230.0	16	1.05	0.95				
	117	1	0.0	0.0	0.0	0.0	1	1.0454849818376752	10.507307893055916	230.0	17	1.05	0.95				
	118	2	223.0160811473684	45.5408213754386	0.0	0.0	1	1.0477395585053084	11.149454269256603	230.0	17	1.05	0.95				
	119	1	121.21895101403508	24.77956457192982	0.0	0.0	1	1.0344554825613272	5.638664268767658	230.0	15	1.05	0.95				
	120	1	85.72389905964911	17.41266699649123	0.0	0.0	1	1.0334265604062693	4.898330746761923	230.0	15	1.05	0.95				
	121	2	0.0	0.0	0.0	0.0	1	1.05	12.792841658680386	230.0	17	1.05	0.95				
	122	2	0.0	0.0	0.0	0.0	1	1.05	18.407755385714747	230.0	17	1.05	0.95				
	123	2	0.0	0.0	0.0	0.0	1	1.034457867516601	4.99337629464903	230.0	15	1.05	0.95				
	124	1	0.0	0.0	0.0	0.0	1	1.0286479045214973	5.159854841121576	230.0	16	1.05	0.95				
	201	2	76.95828742736842	15.676688179649123	0.0	0.0	2	1.033817803576572	-13.621134398977713	138.0	21	1.05	0.95				
	202	2	69.11994333754386	14.25153470877193	0.0	0.0	2	1.0344104303963002	-13.598729646806257	138.0	22	1.05	0.95				
	203	1	128.26381237894736	26.36533921122807	0.0	0.0	2	1.0164539021210033	-12.136668065084228	138.0	21	1.05	0.95				
	204	1	52.73067842245614	10.688651031578948	0.0	0.0	2	1.0169881872736115	-14.859739242869255	138.0	21	1.05	0.95				
	205	1	50.59294821614034	9.976074296140352	0.0	0.0	2	1.03291305764836	-15.164572246944548	138.0	21	1.05	0.95				
	206	1	96.91043601964913	19.952148592280704	0.0	-100.0	2	1.038380530975472	-16.684820856996275	138.0	22	1.05	0.95				
	207	2	89.07209192982457	17.81441838596491	0.0	0.0	2	0.9677841388814387	-27.225671909384637	138.0	22	1.05	0.95				
	208	1	121.85062176	24.940185740350874	0.0	0.0	2	0.9711165332140336	-23.70638773029707	138.0	22	1.05	0.95				
	209	1	124.70092870175438	25.65276247578947	0.0	0.0	2	1.0251230375661062	-12.99856966899418	138.0	23	1.05	0.95				
	210	1	138.9524634105263	28.50306941754386	0.0	0.0	2	1.05	-14.477273468897	138.0	23	1.05	0.95				
	211	1	0.0	0.0	0.0	0.0	2	1.02374729992587	-9.295083985376131	230.0	23	1.05	0.95				
	212	1	0.0	0.0	0.0	0.0	2	1.0234262950244968	-4.313346635882813	230.0	23	1.05	0.95				
	213	2	188.83283489122806	38.47914371368421	0.0	0.0	2	1.031731838400774	-6.592332115493365	230.0	24	1.05	0.95				
	214	2	138.23988667508772	27.79049268210526	0.0	0.0	2	1.0341576606351732	-7.311012659366578	230.0	26	1.05	0.95				
	215	2	225.8868251340351	45.60491106807017	0.0	0.0	2	1.0392231684225806	-0.2429789118054701	230.0	26	1.05	0.95				
	216	2	71.25767354385964	14.25153470877193	0.0	0.0	2	1.0416496192594662	-0.09869968710719304	230.0	26	1.05	0.95				
	217	1	0.0	0.0	0.0	0.0	2	1.043381877532538	2.4656465244830987	230.0	27	1.05	0.95				
	218	2	237.28805290105265	48.45521800982456	0.0	0.0	2	1.0438675456366122	2.5318443580796686	230.0	27	1.05	0.95				
	219	1	128.97638911438597	26.36533921122807	0.0	0.0	2	1.0400472962722678	0.034536157351414944	230.0	25	1.05	0.95				
	220	1	91.20982213614035	18.52699512140351	0.0	0.0	2	1.0449175456154451	1.4902405048171867	230.0	25	1.05	0.95				
	221	2	0.0	0.0	0.0	0.0	2	1.0440703097226935	2.3769511294895667	230.0	27	1.05	0.95				
	222	2	0.0	0.0	0.0	0.0	2	1.05	8.918408059882598	230.0	27	1.05	0.95				
	223	2	0.0	0.0	0.0	0.0	2	1.05	2.8031445819941228	230.0	25	1.05	0.95				
	224	1	0.0	0.0	0.0	0.0	2	1.0158404464433064	-4.648152685870053	230.0	26	1.05	0.95				
	301	2	69.90446061473683	14.239797532631576	0.0	0.0	3	1.0004925334088175	0.5057600758617571	138.0	31	1.05	0.95				
	302	2	62.78456184842104	12.945270484210525	0.0	0.0	3	1.002402126762406	0.45465333598323454	138.0	32	1.05	0.95				
	303	1	116.50743435789472	23.94875039578947	0.0	0.0	3	1.013860664707785	3.478850055658374	138.0	31	1.05	0.95				
	304	1	47.89750079157894	9.708952863157894	0.0	0.0	3	1.0019815332903435	2.8324888551342515	138.0	31	1.05	0.95				
	305	1	45.95571021894736	9.061689338947367	0.0	0.0	3	1.01409184424215	2.802453740175572	138.0	31	1.05	0.95				
	306	1	88.02783929263157	18.123378677894735	0.0	-100.0	3	1.0305834991396785	3.363204869642281	138.0	32	1.05	0.95				
	307	2	80.90794052631578	16.181588105263156	0.0	0.0	3	0.9821683328992804	-0.8489328862261354	138.0	32	1.05	0.95				
	308	1	110.68206263999998	22.654223347368415	0.0	0.0	3	0.9935198964833439	2.0977839929699877	138.0	32	1.05	0.95				
	309	1	113.27111673684209	23.301486871578945	0.0	0.0	3	1.0253738102664862	7.41895699319892	138.0	33	1.05	0.95				
	310	1	126.21638722105261	25.89054096842105	0.0	0.0	3	1.0483474693462902	7.171909959293058	138.0	33	1.05	0.95				
	311	1	0.0	0.0	0.0	0.0	3	1.0157508055832112	14.035450800258712	230.0	33	1.05	0.95				
	312	1	0.0	0.0	0.0	0.0	3	1.0213198597572295	15.61469335465932	230.0	33	1.05	0.95				
	313	2	171.52483391578946	34.95223030736842	0.0	0.0	3	1.0461670200108966	23.455940790316347	230.0	34	1.05	0.95				
	314	2	125.56912369684208	25.243277444210527	0.0	0.0	3	1.0187644585641025	12.302630346387861	230.0	36	1.05	0.95				
	315	2	205.1825371747368	41.42486554947368	0.0	0.0	3	1.0387616897341054	6.688631939705848	230.0	36	1.05	0.95				
	316	2	64.72635242105262	12.945270484210525	0.0	0.0	3	1.0400660306784428	8.297918817255066	230.0	36	1.05	0.95				
	317	1	0.0	0.0	0.0	0.0	3	1.0424381083064642	7.135147677557897	230.0	37	1.05	0.95				
	318	2	215.53875356210526	44.013919646315784	0.0	0.0	3	1.0407649973874917	5.971033650886463	230.0	37	1.05	0.95				
	319	1	117.15469788210527	23.94875039578947	0.0	0.0	3	1.0388922163299867	11.40320120597868	230.0	35	1.05	0.95				
	320	1	82.84973109894736	16.828851629473682	0.0	0.0	3	1.0416506720700212	13.820693056706787	230.0	35	1.05	0.95				
	321	2	0.0	0.0	0.0	0.0	3	1.0414174294959573	6.775091238687135	230.0	37	1.05	0.95				
	322	2	0.0	0.0	0.0	0.0	3	1.05	11.238981099060688	230.0	37	1.05	0.95				
	323	2	0.0	0.0	0.0	0.0	3	1.0434691315321853	14.771105807999215	230.0	35	1.05	0.95				
	324	1	0.0	0.0	0.0	0.0	3	1.025874972690288	7.372072270336664	230.0	36	1.05	0.95				
	325	1	0.0	0.0	0.0	0.0	3	1.04518714859338	14.606972616392518	230.0	35	1.05	0.95				
];
