%% MATPOWER Case Format : Version 2
function mpc = RTS_GMLC
mpc.version = '2';

%%-----  Power Flow Data  -----%%
%% system MVA base
mpc.baseMVA = 100.0;
%% bus data
%    bus_i    type    Pd    Qd    Gs    Bs    area    Vm    Va    baseKV    zone    Vmax    Vmin
mpc.bus = [
	101	2	96.39040077473685	19.635081639298246	0.0	0.0	1	1.046330279306256	-1.9630812156296849	138.0	11	1.05	0.95				
	102	2	86.57285995508772	17.850074217543863	0.0	0.0	1	1.0461426474681472	-2.112061003101375	138.0	12	1.05	0.95				
	103	1	160.65066795789477	33.02263730245614	0.0	0.0	1	1.0208058965691622	-2.8040240264220113	138.0	11	1.05	0.95				
	104	1	66.04527460491228	13.387555663157896	0.0	0.0	1	1.0222621429887035	-5.442162817744481	138.0	11	1.05	0.95				
	105	1	63.3677634722807	12.495051952280704	0.0	0.0	1	1.035685744834111	-5.997962861765532	138.0	11	1.05	0.95				
	106	1	121.38050467929827	24.99010390456141	0.0	-100.0	1	1.0345365731570728	-9.079351880728911	138.0	12	1.05	0.95				
	107	2	111.56296385964912	22.312592771929825	0.0	0.0	1	1.05	-7.197849519575605	138.0	12	1.05	0.95				
	108	1	152.61813456000002	31.237629880701757	0.0	0.0	1	1.0213896285538617	-9.645841136198971	138.0	12	1.05	0.95				
	109	1	156.1881494035088	32.13013359157895	0.0	0.0	1	1.0272889151631912	-5.618352985738141	138.0	13	1.05	0.95				
	110	1	174.03822362105262	35.700148435087726	0.0	0.0	1	1.05	-7.341654482148387	138.0	13	1.05	0.95				
	111	1	0.0	0.0	0.0	0.0	1	1.0188662999656664	-2.3329739503081623	230.0	13	1.05	0.95				
	112	1	0.0	0.0	0.0	0.0	1	1.019494792171631	-1.432865214216578	230.0	13	1.05	0.95				
	113	3	236.51348338245617	48.19520038736842	0.0	0.0	1	1.0235602678192908	-5.894096324107975e-29	230.0	14	1.05	0.95				
	114	2	173.14571991017544	34.807644724210526	0.0	0.0	1	1.0251444038123338	-0.2429231278096099	230.0	16	1.05	0.95				
	115	2	282.9236763480702	57.120237496140355	0.0	0.0	1	1.0432559747923118	8.783809673195115	230.0	16	1.05	0.95				
	116	2	89.2503710877193	17.850074217543863	0.0	0.0	1	1.043926995309674	8.169281380254391	230.0	16	1.05	0.95				
	117	1	0.0	0.0	0.0	0.0	1	1.0473777452735153	11.81398399987019	230.0	17	1.05	0.95				
	118	2	297.2037357221053	60.690252339649135	0.0	0.0	1	1.05	12.751847104617893	230.0	17	1.05	0.95				
	119	1	161.54317166877195	33.02263730245614	0.0	0.0	1	1.039128582198457	6.6061141138624935	230.0	15	1.05	0.95				
	120	1	114.24047499228071	23.20509648280702	0.0	0.0	1	1.0425239362023864	6.523505435883897	230.0	15	1.05	0.95				
	121	2	0.0	0.0	0.0	0.0	1	1.05	13.760935945347038	230.0	17	1.05	0.95				
	122	2	0.0	0.0	0.0	0.0	1	1.05	19.558374115529706	230.0	17	1.05	0.95				
	123	2	0.0	0.0	0.0	0.0	1	1.0470567598367553	7.129585437400782	230.0	15	1.05	0.95				
	124	1	0.0	0.0	0.0	0.0	1	1.0203393157221774	4.490955347990028	230.0	16	1.05	0.95				
	201	2	100.31607113684211	20.434755231578947	0.0	0.0	2	1.05	-16.18783319098049	138.0	21	1.05	0.95				
	202	2	90.09869352105262	18.577050210526316	0.0	0.0	2	1.05	-16.24223616303299	138.0	22	1.05	0.95				
	203	1	167.19345189473685	34.36754288947368	0.0	0.0	2	1.020169127891131	-11.962564462806279	138.0	21	1.05	0.95				
	204	1	68.73508577894737	13.932787657894735	0.0	0.0	2	1.0162917349724885	-17.76527916315665	138.0	21	1.05	0.95				
	205	1	65.94852824736842	13.003935147368423	0.0	0.0	2	1.0346645103065095	-18.33051476135053	138.0	21	1.05	0.95				
	206	1	126.32394143157894	26.007870294736847	0.0	-100.0	2	1.0300646173197907	-20.40053600797133	138.0	22	1.05	0.95				
	207	2	116.10656381578947	23.221312763157893	0.0	0.0	2	0.95	-29.43711990789048	138.0	22	1.05	0.95				
	208	1	158.8337793	32.50983786842105	0.0	0.0	2	0.9511407506709735	-26.93275685435423	138.0	22	1.05	0.95				
	209	1	162.54918934210528	33.43869037894736	0.0	0.0	2	1.019218088932983	-15.255618569306925	138.0	23	1.05	0.95				
	210	1	181.12623955263157	37.15410042105263	0.0	0.0	2	1.0431047016965045	-17.609468532737903	138.0	23	1.05	0.95				
	211	1	0.0	0.0	0.0	0.0	2	1.0285199114364516	-9.395769491737479	230.0	23	1.05	0.95				
	212	1	0.0	0.0	0.0	0.0	2	1.0175354373653298	-7.727232949109468	230.0	23	1.05	0.95				
	213	2	246.1459152894737	50.158035568421056	0.0	0.0	2	1.05	-4.521199589464641	230.0	24	1.05	0.95				
	214	2	180.19738704210525	36.22524791052631	0.0	0.0	2	1.05	-6.997294437755448	230.0	26	1.05	0.95				
	215	2	294.44624583684214	59.44656067368421	0.0	0.0	2	1.0436092934825578	2.3862108100306636	230.0	26	1.05	0.95				
	216	2	92.88525105263157	18.577050210526316	0.0	0.0	2	1.047540984881027	2.181028650856077	230.0	26	1.05	0.95				
	217	1	0.0	0.0	0.0	0.0	2	1.0493193401335348	5.410418807614498	230.0	27	1.05	0.95				
	218	2	309.30788600526313	63.16197071578947	0.0	0.0	2	1.05	5.896165777808733	230.0	27	1.05	0.95				
	219	1	168.12230440526318	34.36754288947368	0.0	0.0	2	1.0412650643427899	1.977770943963998	230.0	25	1.05	0.95				
	220	1	118.89312134736842	24.150165273684213	0.0	0.0	2	1.0446219574617508	3.540501112131776	230.0	25	1.05	0.95				
	221	2	0.0	0.0	0.0	0.0	2	1.05	6.458636560842586	230.0	27	1.05	0.95				
	222	2	0.0	0.0	0.0	0.0	2	1.05	12.559351532548128	230.0	27	1.05	0.95				
	223	2	0.0	0.0	0.0	0.0	2	1.05	5.068131455000983	230.0	25	1.05	0.95				
	224	1	0.0	0.0	0.0	0.0	2	1.0164178816046723	-2.930156286206433	230.0	26	1.05	0.95				
	301	2	76.3619107831579	15.555204048421054	0.0	0.0	3	0.9927996724958593	-4.08137713027079	138.0	31	1.05	0.95				
	302	2	68.58430875894737	14.141094589473685	0.0	0.0	3	0.9938122286674788	-4.204039501388478	138.0	32	1.05	0.95				
	303	1	127.26985130526316	26.161024990526315	0.0	0.0	3	1.005286491219826	0.9596352228224336	138.0	31	1.05	0.95				
	304	1	52.32204998105263	10.605820942105263	0.0	0.0	3	0.9895316166611947	-1.7150931544746588	138.0	31	1.05	0.95				
	305	1	50.20088579263158	9.89876621263158	0.0	0.0	3	1.0024688359414622	-1.9733150814752518	138.0	31	1.05	0.95				
	306	1	96.15944320842105	19.79753242526316	0.0	-100.0	3	1.015777300930454	-1.5862239702576224	138.0	32	1.05	0.95				
	307	2	88.38184118421053	17.676368236842105	0.0	0.0	3	0.975822984087529	-5.976359142342828	138.0	32	1.05	0.95				
	308	1	120.90635874	24.746915531578946	0.0	0.0	3	0.9816816784631924	-2.99988012136005	138.0	32	1.05	0.95				
	309	1	123.73457765789473	25.45397026105263	0.0	0.0	3	1.0128726368326297	3.284151232176209	138.0	33	1.05	0.95				
	310	1	137.8756722473684	28.28218917894737	0.0	0.0	3	1.0345147313115501	2.4698990442866995	138.0	33	1.05	0.95				
	311	1	0.0	0.0	0.0	0.0	3	1.005267555897647	10.249197110939624	230.0	33	1.05	0.95				
	312	1	0.0	0.0	0.0	0.0	3	1.0088697762871757	11.326167353204902	230.0	33	1.05	0.95				
	313	2	187.3695033105263	38.18095539157895	0.0	0.0	3	1.0322168898634205	18.381148433276906	230.0	34	1.05	0.95				
	314	2	137.16861751789475	27.575134449473687	0.0	0.0	3	1.0121152931765214	10.274531211932558	230.0	36	1.05	0.95				
	315	2	224.1363492431579	45.25150268631579	0.0	0.0	3	1.0367737833634925	8.193905072729526	230.0	36	1.05	0.95				
	316	2	70.70547294736842	14.141094589473685	0.0	0.0	3	1.0345960997477275	9.10547751634463	230.0	36	1.05	0.95				
	317	1	0.0	0.0	0.0	0.0	3	1.0404714972128126	9.460661442973528	230.0	37	1.05	0.95				
	318	2	235.44922491473685	48.079721604210526	0.0	0.0	3	1.040991584294159	8.81247844461022	230.0	37	1.05	0.95				
	319	1	127.97690603473684	26.161024990526315	0.0	0.0	3	1.0302219038519622	10.190889890136491	230.0	35	1.05	0.95				
	320	1	90.50300537263158	18.38342296631579	0.0	0.0	3	1.0311188769524149	11.734270662775897	230.0	35	1.05	0.95				
	321	2	0.0	0.0	0.0	0.0	3	1.0434403325802193	10.307461518069626	230.0	37	1.05	0.95				
	322	2	0.0	0.0	0.0	0.0	3	1.05	15.738882569973113	230.0	37	1.05	0.95				
	323	2	0.0	0.0	0.0	0.0	3	1.0323080164665897	12.470569114059662	230.0	35	1.05	0.95				
	324	1	0.0	0.0	0.0	0.0	3	1.017897949640101	7.282319032743822	230.0	36	1.05	0.95				
	325	1	0.0	0.0	0.0	0.0	3	1.0344123879783045	12.589125714152114	230.0	35	1.05	0.95				
];
