%% MATPOWER Case Format : Version 2
function mpc = RTS_GMLC
mpc.version = '2';

%%-----  Power Flow Data  -----%%
%% system MVA base
mpc.baseMVA = 100.0;
%% bus data
%    bus_i    type    Pd    Qd    Gs    Bs    area    Vm    Va    baseKV    zone    Vmax    Vmin
mpc.bus = [
	101	2	78.99604154526317	16.091786240701754	0.0	0.0	1	1.031509818531341	-2.0427421724403634	138.0	11	1.05	0.95				
	102	2	70.95014842491229	14.628896582456141	0.0	0.0	1	1.0315156440994198	-2.1041379280348362	138.0	12	1.05	0.95				
	103	1	131.66006924210527	27.06345867754386	0.0	0.0	1	1.0203060392781265	-2.409070271836081	138.0	11	1.05	0.95				
	104	1	54.12691735508772	10.971672436842105	0.0	0.0	1	1.0159566736048085	-4.942815375006324	138.0	11	1.05	0.95				
	105	1	51.932582867719304	10.2402276077193	0.0	0.0	1	1.0309882012484968	-4.992606120547242	138.0	11	1.05	0.95				
	106	1	99.47649676070178	20.4804552154386	0.0	-100.0	1	1.036469302587404	-7.309544390814961	138.0	12	1.05	0.95				
	107	2	91.43060364035088	18.286120728070177	0.0	0.0	1	1.05	-3.766525345688589	138.0	12	1.05	0.95				
	108	1	125.07706578	25.60056901929825	0.0	0.0	1	1.0261320588072682	-6.530719503587578	138.0	12	1.05	0.95				
	109	1	128.00284509649123	26.332013848421056	0.0	0.0	1	1.0266666533114919	-4.300511685871126	138.0	13	1.05	0.95				
	110	1	142.63174167894738	29.257793164912282	0.0	0.0	1	1.05	-5.66889202987881	138.0	13	1.05	0.95				
	111	1	0.0	0.0	0.0	0.0	1	1.013610533311951	-1.4295416202962228	230.0	13	1.05	0.95				
	112	1	0.0	0.0	0.0	0.0	1	1.015926416113562	-0.6026599534386232	230.0	13	1.05	0.95				
	113	3	193.83287971754385	39.498020772631584	0.0	0.0	1	1.01417526377514	6.519445019466168e-29	230.0	14	1.05	0.95				
	114	2	141.90029684982457	28.526348335789475	0.0	0.0	1	1.0164197660413978	0.9212932383800705	230.0	16	1.05	0.95				
	115	2	231.86801083192984	46.81246906385965	0.0	0.0	1	1.0453780877704673	9.00732014209903	230.0	16	1.05	0.95				
	116	2	73.14448291228071	14.628896582456141	0.0	0.0	1	1.0439936288448595	8.629773789894324	230.0	16	1.05	0.95				
	117	1	0.0	0.0	0.0	0.0	1	1.047202297329272	11.80746289937724	230.0	17	1.05	0.95				
	118	2	243.57112809789476	49.73824838035089	0.0	0.0	1	1.0495131641966393	12.36247514621224	230.0	17	1.05	0.95				
	119	1	132.3915140712281	27.06345867754386	0.0	0.0	1	1.0382827185079786	7.308827877204679	230.0	15	1.05	0.95				
	120	1	93.6249381277193	19.017565557192984	0.0	0.0	1	1.0398501018442194	7.539749246702769	230.0	15	1.05	0.95				
	121	2	0.0	0.0	0.0	0.0	1	1.05	12.968703722598299	230.0	17	1.05	0.95				
	122	2	0.0	0.0	0.0	0.0	1	1.05	20.56048249356611	230.0	17	1.05	0.95				
	123	2	0.0	0.0	0.0	0.0	1	1.0427010462282733	8.206080873494471	230.0	15	1.05	0.95				
	124	1	0.0	0.0	0.0	0.0	1	1.0216787340323534	4.788947265708578	230.0	16	1.05	0.95				
	201	2	85.64520698526317	17.44624586736842	0.0	0.0	2	1.0427714879851477	-11.050524813618518	138.0	21	1.05	0.95				
	202	2	76.92208405157895	15.860223515789473	0.0	0.0	2	1.0439583957559553	-11.151760593029891	138.0	22	1.05	0.95				
	203	1	142.74201164210527	29.34141350421052	0.0	0.0	2	1.0264265720417056	-7.953497912362984	138.0	21	1.05	0.95				
	204	1	58.68282700842104	11.895167636842105	0.0	0.0	2	1.0200527107189639	-13.05905087595626	138.0	21	1.05	0.95				
	205	1	56.30379348105262	11.102156461052633	0.0	0.0	2	1.0361848904805127	-13.470407985687858	138.0	21	1.05	0.95				
	206	1	107.84951990736842	22.204312922105267	0.0	-100.0	2	1.0380244235213478	-15.56698167414216	138.0	22	1.05	0.95				
	207	2	99.12639697368421	19.825279394736842	0.0	0.0	2	0.95	-27.495572306576584	138.0	22	1.05	0.95				
	208	1	135.60491105999998	27.755391152631574	0.0	0.0	2	0.956456158167615	-23.56335496682354	138.0	22	1.05	0.95				
	209	1	138.7769557631579	28.54840232842105	0.0	0.0	2	1.025741449944212	-11.434473912499362	138.0	23	1.05	0.95				
	210	1	154.63717927894734	31.720447031578946	0.0	0.0	2	1.05	-13.453140433303908	138.0	23	1.05	0.95				
	211	1	0.0	0.0	0.0	0.0	2	1.0323212063907707	-6.270229573483214	230.0	23	1.05	0.95				
	212	1	0.0	0.0	0.0	0.0	2	1.024016450104989	-4.997699496826758	230.0	23	1.05	0.95				
	213	2	210.14796158421052	42.822603492631586	0.0	0.0	2	1.05	-2.3083162869920844	230.0	24	1.05	0.95				
	214	2	153.8441681031579	30.927435855789476	0.0	0.0	2	1.05	-3.8409474880828465	230.0	26	1.05	0.95				
	215	2	251.38454272526315	50.752715250526315	0.0	0.0	2	1.044768624680864	4.585608488861901	230.0	26	1.05	0.95				
	216	2	79.30111757894737	15.860223515789473	0.0	0.0	2	1.049269878933987	4.499557190861184	230.0	26	1.05	0.95				
	217	1	0.0	0.0	0.0	0.0	2	1.049381248570814	7.707327034399435	230.0	27	1.05	0.95				
	218	2	264.0727215378947	53.92475995368421	0.0	0.0	2	1.05	8.407876577639048	230.0	27	1.05	0.95				
	219	1	143.53502281789474	29.34141350421052	0.0	0.0	2	1.043822387646554	3.9919539880344175	230.0	25	1.05	0.95				
	220	1	101.50543050105263	20.618290570526316	0.0	0.0	2	1.046155273429418	5.031335283921132	230.0	25	1.05	0.95				
	221	2	0.0	0.0	0.0	0.0	2	1.05	8.858372365740918	230.0	27	1.05	0.95				
	222	2	0.0	0.0	0.0	0.0	2	1.05	14.9186901784187	230.0	27	1.05	0.95				
	223	2	0.0	0.0	0.0	0.0	2	1.05	6.176941970298938	230.0	25	1.05	0.95				
	224	1	0.0	0.0	0.0	0.0	2	1.0220750121199746	-0.07982322171197523	230.0	26	1.05	0.95				
	301	2	69.15279975157895	14.086681430877194	0.0	0.0	3	1.0140200794243053	-17.69335221943482	138.0	31	1.05	0.95				
	302	2	62.10945903614034	12.806074028070178	0.0	0.0	3	1.0126194051087845	-18.058095595995123	138.0	32	1.05	0.95				
	303	1	115.2546662526316	23.691236951929824	0.0	0.0	3	1.0209204215285301	-12.127685590764077	138.0	31	1.05	0.95				
	304	1	47.38247390385965	9.604555521052632	0.0	0.0	3	1.0088461890131895	-16.933000616727753	138.0	31	1.05	0.95				
	305	1	45.461562799649116	8.964251819649125	0.0	0.0	3	1.0235542609948372	-17.572073667180597	138.0	31	1.05	0.95				
	306	1	87.0813033908772	17.92850363929825	0.0	-100.0	3	1.0353274904098544	-18.228615946274196	138.0	32	1.05	0.95				
	307	2	80.0379626754386	16.00759253508772	0.0	0.0	3	1.0047216249306872	-20.47183166006749	138.0	32	1.05	0.95				
	308	1	109.49193294	22.410629549122806	0.0	0.0	3	1.0010271398657882	-19.917431350518118	138.0	32	1.05	0.95				
	309	1	112.05314774561404	23.050933250526313	0.0	0.0	3	1.0272010431280365	-13.394373957928801	138.0	33	1.05	0.95				
	310	1	124.8592217736842	25.612148056140356	0.0	0.0	3	1.05	-15.398435376016037	138.0	33	1.05	0.95				
	311	1	0.0	0.0	0.0	0.0	3	1.0184595850053548	-8.474987442969544	230.0	33	1.05	0.95				
	312	1	0.0	0.0	0.0	0.0	3	1.0176087241360081	-7.543871791817049	230.0	33	1.05	0.95				
	313	2	169.68048087192983	34.57639987578948	0.0	0.0	3	1.027696006975035	-4.201483326515551	230.0	34	1.05	0.95				
	314	2	124.21891807228069	24.971844354736845	0.0	0.0	3	1.0281671287153586	-6.3538009464992555	230.0	36	1.05	0.95				
	315	2	202.97627334491227	40.97943688982456	0.0	0.0	3	1.0479592998882574	0.5541291080301353	230.0	36	1.05	0.95				
	316	2	64.03037014035088	12.806074028070178	0.0	0.0	3	1.0467344107819345	0.5143705542085044	230.0	36	1.05	0.95				
	317	1	0.0	0.0	0.0	0.0	3	1.0490161277881882	3.1539677306432212	230.0	37	1.05	0.95				
	318	2	213.22113256736844	43.5406516954386	0.0	0.0	3	1.0483693315106815	3.1472022548639926	230.0	37	1.05	0.95				
	319	1	115.8949699540351	23.691236951929824	0.0	0.0	3	1.0428853467605161	-0.16937660871143304	230.0	35	1.05	0.95				
	320	1	81.95887377964912	16.64789623649123	0.0	0.0	3	1.0448015136820117	0.4375055462666353	230.0	35	1.05	0.95				
	321	2	0.0	0.0	0.0	0.0	3	1.05	4.211399872743492	230.0	37	1.05	0.95				
	322	2	0.0	0.0	0.0	0.0	3	1.05	9.57227191504833	230.0	37	1.05	0.95				
	323	2	0.0	0.0	0.0	0.0	3	1.0475065548510987	1.2396000679042778	230.0	35	1.05	0.95				
	324	1	0.0	0.0	0.0	0.0	3	1.0217842577654073	-4.12679414662477	230.0	36	1.05	0.95				
	325	1	0.0	0.0	0.0	0.0	3	1.0448766269585898	2.2110513541238612	230.0	35	1.05	0.95				
];
