%% MATPOWER Case Format : Version 2
function mpc = RTS_GMLC
mpc.version = '2';

%%-----  Power Flow Data  -----%%
%% system MVA base
mpc.baseMVA = 100.0;
%% bus data
%    bus_i    type    Pd    Qd    Gs    Bs    area    Vm    Va    baseKV    zone    Vmax    Vmin
mpc.bus = [
	101	2	55.85700149052633	11.37827808140351	0.0	0.0	1	1.040331460258934	1.109692900234656	138.0	11	1.05	0.95				
	102	2	50.16786244982456	10.343889164912282	0.0	0.0	1	1.0392576548070473	0.789198720833786	138.0	12	1.05	0.95				
	103	1	93.09500248421053	19.13619495508772	0.0	0.0	1	1.0286404372851252	-0.2974418964974056	138.0	11	1.05	0.95				
	104	1	38.27238991017544	7.75791687368421	0.0	0.0	1	1.0237443211481896	-2.3828560367495	138.0	11	1.05	0.95				
	105	1	36.72080653543859	7.240722415438597	0.0	0.0	1	1.03784800770405	-2.4655794343660498	138.0	11	1.05	0.95				
	106	1	70.33844632140351	14.481444830877194	0.0	-100.0	1	1.0441424247724107	-5.025014076329134	138.0	12	1.05	0.95				
	107	2	64.64930728070175	12.929861456140351	0.0	0.0	1	0.9990940552814175	-11.627796639041549	138.0	12	1.05	0.95				
	108	1	88.44025236	18.10180603859649	0.0	0.0	1	1.000165862871895	-9.987040255304699	138.0	12	1.05	0.95				
	109	1	90.50903019298246	18.619000496842105	0.0	0.0	1	1.024823622969466	-3.4196701833442567	138.0	13	1.05	0.95				
	110	1	100.85291935789473	20.687778329824564	0.0	0.0	1	1.05	-4.491139742554033	138.0	13	1.05	0.95				
	111	1	0.0	0.0	0.0	0.0	1	1.0077575745241332	-0.9326588392390329	230.0	13	1.05	0.95				
	112	1	0.0	0.0	0.0	0.0	1	1.0107636007611227	-1.1791347817084963	230.0	13	1.05	0.95				
	113	3	137.05653143508772	27.928500745263165	0.0	0.0	1	1.002209108167354	-3.2487565394994943e-28	230.0	14	1.05	0.95				
	114	2	100.33572489964912	20.17058387157895	0.0	0.0	1	1.0092389689107297	1.371516188878927	230.0	16	1.05	0.95				
	115	2	163.95064326385963	33.1004453277193	0.0	0.0	1	1.0418341699975948	9.00090843735287	230.0	16	1.05	0.95				
	116	2	51.719445824561404	10.343889164912282	0.0	0.0	1	1.0364903938901917	7.69761892259325	230.0	16	1.05	0.95				
	117	1	0.0	0.0	0.0	0.0	1	1.041797038707526	12.34803122734604	230.0	17	1.05	0.95				
	118	2	172.22575459578948	35.169223160701755	0.0	0.0	1	1.048530863461647	12.934188844345108	230.0	17	1.05	0.95				
	119	1	93.61219694245615	19.13619495508772	0.0	0.0	1	1.0260900102661048	4.90023066416699	230.0	15	1.05	0.95				
	120	1	66.2008906554386	13.447055914385967	0.0	0.0	1	1.0224829941953282	3.4397744798552625	230.0	15	1.05	0.95				
	121	2	0.0	0.0	0.0	0.0	1	1.05	14.688590649745986	230.0	17	1.05	0.95				
	122	2	0.0	0.0	0.0	0.0	1	1.05	26.733182673374078	230.0	17	1.05	0.95				
	123	2	0.0	0.0	0.0	0.0	1	1.02151174129594	3.0325074914676553	230.0	15	1.05	0.95				
	124	1	0.0	0.0	0.0	0.0	1	1.0252151443163384	5.529427643639458	230.0	16	1.05	0.95				
	201	2	50.404533309473685	10.267590118596491	0.0	0.0	2	1.0173577076985663	-12.023880118043932	138.0	21	1.05	0.95				
	202	2	45.27073825017544	9.33417283508772	0.0	0.0	2	1.0174667224742437	-12.041261273952067	138.0	22	1.05	0.95				
	203	1	84.00755551578948	17.26821974491228	0.0	0.0	2	1.0157974442636197	-9.876337963302406	138.0	21	1.05	0.95				
	204	1	34.53643948982456	7.0006296263157894	0.0	0.0	2	1.013610721331396	-12.541182714121346	138.0	21	1.05	0.95				
	205	1	33.136313564561405	6.533920984561405	0.0	0.0	2	1.0279744897265652	-12.8973693826008	138.0	21	1.05	0.95				
	206	1	63.472375278596495	13.06784196912281	0.0	-100.0	2	1.0415800356773752	-13.867585592016782	138.0	22	1.05	0.95				
	207	2	58.33858021929825	11.667716043859649	0.0	0.0	2	0.9912770380211652	-20.093246287875974	138.0	22	1.05	0.95				
	208	1	79.80717774	16.33480246140351	0.0	0.0	2	0.9964581085842985	-17.95419049709053	138.0	22	1.05	0.95				
	209	1	81.67401230701753	16.801511103157896	0.0	0.0	2	1.0239610977739666	-11.021874887011446	138.0	23	1.05	0.95				
	210	1	91.00818514210528	18.66834567017544	0.0	0.0	2	1.05	-12.277083506225862	138.0	23	1.05	0.95				
	211	1	0.0	0.0	0.0	0.0	2	1.0091831947442969	-7.6896766682161415	230.0	23	1.05	0.95				
	212	1	0.0	0.0	0.0	0.0	2	1.0111515073873945	-6.252691793603586	230.0	23	1.05	0.95				
	213	2	123.67779006491229	25.202266654736842	0.0	0.0	2	1.0093081859627864	-5.6830094845588635	230.0	24	1.05	0.95				
	214	2	90.54147650035088	18.201637028421054	0.0	0.0	2	1.0106661896179125	-5.407482622055388	230.0	26	1.05	0.95				
	215	2	147.94663943614034	29.869353072280703	0.0	0.0	2	1.0275399506753065	0.5241947141161485	230.0	26	1.05	0.95				
	216	2	46.670864175438595	9.33417283508772	0.0	0.0	2	1.0294915992710358	0.6461581182331275	230.0	26	1.05	0.95				
	217	1	0.0	0.0	0.0	0.0	2	1.031943993842537	1.7071696083006032	230.0	27	1.05	0.95				
	218	2	155.41397770421054	31.736187639298247	0.0	0.0	2	1.0306996024725328	1.1696635354290053	230.0	27	1.05	0.95				
	219	1	84.47426415754387	17.26821974491228	0.0	0.0	2	1.032600805332826	1.6417305603150154	230.0	25	1.05	0.95				
	220	1	59.738706144561405	12.134424685614036	0.0	0.0	2	1.0390103273867546	3.394477628469107	230.0	25	1.05	0.95				
	221	2	0.0	0.0	0.0	0.0	2	1.0326313999591585	1.7556868123109937	230.0	27	1.05	0.95				
	222	2	0.0	0.0	0.0	0.0	2	1.05	8.231551722961928	230.0	27	1.05	0.95				
	223	2	0.0	0.0	0.0	0.0	2	1.0439428312749666	4.695519008002262	230.0	25	1.05	0.95				
	224	1	0.0	0.0	0.0	0.0	2	1.0103282677804493	-3.3661872842226694	230.0	26	1.05	0.95				
	301	2	43.64757989052632	8.89117368140351	0.0	0.0	3	1.0081149621708654	3.404601201220341	138.0	31	1.05	0.95				
	302	2	39.201993049824566	8.082885164912282	0.0	0.0	3	1.0080486159247057	3.332243065570079	138.0	32	1.05	0.95				
	303	1	72.74596648421053	14.953337555087721	0.0	0.0	3	1.0216084672322299	7.7157168665714755	138.0	31	1.05	0.95				
	304	1	29.906675110175442	6.06216387368421	0.0	0.0	3	1.0112596077818383	4.899080289110069	138.0	31	1.05	0.95				
	305	1	28.694242335438595	5.658019615438597	0.0	0.0	3	1.0238377784618353	4.029474885502401	138.0	31	1.05	0.95				
	306	1	54.96361912140352	11.316039230877195	0.0	-100.0	3	1.041160137281598	3.8919408164679954	138.0	32	1.05	0.95				
	307	2	50.51803228070175	10.103606456140351	0.0	0.0	3	0.9760610380636535	-0.09777585962476872	138.0	32	1.05	0.95				
	308	1	69.10866816000001	14.145049038596492	0.0	0.0	3	0.9909039302017165	1.6353814168176644	138.0	32	1.05	0.95				
	309	1	70.72524519298247	14.549193296842105	0.0	0.0	3	1.0264980676617923	7.833826933886085	138.0	33	1.05	0.95				
	310	1	78.80813035789474	16.165770329824564	0.0	0.0	3	1.05	5.9558435779196905	138.0	33	1.05	0.95				
	311	1	0.0	0.0	0.0	0.0	3	1.0055464186025111	10.81333960243932	230.0	33	1.05	0.95				
	312	1	0.0	0.0	0.0	0.0	3	1.0125074717473208	10.809201445065003	230.0	33	1.05	0.95				
	313	2	107.09822843508772	21.82378994526316	0.0	0.0	3	1.010102116322117	13.66576886797693	230.0	34	1.05	0.95				
	314	2	78.40398609964913	15.761626071578949	0.0	0.0	3	0.9984661007808372	12.367084872182774	230.0	36	1.05	0.95				
	315	2	128.11372986385965	25.8652325277193	0.0	0.0	3	1.025617574496937	14.232721305056886	230.0	36	1.05	0.95				
	316	2	40.414425824561405	8.082885164912282	0.0	0.0	3	1.0227754511163343	14.577746433958808	230.0	36	1.05	0.95				
	317	1	0.0	0.0	0.0	0.0	3	1.042271903058949	18.697988528059884	230.0	37	1.05	0.95				
	318	2	134.58003799578947	27.48180956070176	0.0	0.0	3	1.0417862901158272	16.116530884581987	230.0	37	1.05	0.95				
	319	1	73.15011074245615	14.953337555087721	0.0	0.0	3	1.0203777187461378	13.912518203576628	230.0	35	1.05	0.95				
	320	1	51.7304650554386	10.507750714385967	0.0	0.0	3	1.0193341983780226	13.392283143209179	230.0	35	1.05	0.95				
	321	2	0.0	0.0	0.0	0.0	3	1.038152239618658	16.13276299810984	230.0	37	1.05	0.95				
	322	2	0.0	0.0	0.0	0.0	3	1.05	21.45851610062829	230.0	37	1.05	0.95				
	323	2	0.0	0.0	0.0	0.0	3	1.0189075339810223	13.31155847603558	230.0	35	1.05	0.95				
	324	1	0.0	0.0	0.0	0.0	3	1.016896759343272	12.715137806858328	230.0	36	1.05	0.95				
	325	1	0.0	0.0	0.0	0.0	3	1.0221074255331597	13.446131415957744	230.0	35	1.05	0.95				
];
