%% MATPOWER Case Format : Version 2
function mpc = RTS_GMLC
mpc.version = '2';

%%-----  Power Flow Data  -----%%
%% system MVA base
mpc.baseMVA = 100.0;
%% bus data
%    bus_i    type    Pd    Qd    Gs    Bs    area    Vm    Va    baseKV    zone    Vmax    Vmin
mpc.bus = [
	101	2	51.02078180210526	10.393122218947369	0.0	0.0	1	1.0322832469414025	-0.05354099523997368	138.0	11	1.05	0.95				
	102	2	45.82422069263158	9.44829292631579	0.0	0.0	1	1.031323126469554	-0.335756523866802	138.0	12	1.05	0.95				
	103	1	85.03463633684211	17.479341913684213	0.0	0.0	1	1.0285766155665332	-0.49149197262823474	138.0	11	1.05	0.95				
	104	1	34.958683827368425	7.086219694736842	0.0	0.0	1	1.0199809033669354	-3.066302700009125	138.0	11	1.05	0.95				
	105	1	33.54143988842105	6.613805048421054	0.0	0.0	1	1.0348249159201617	-2.9736511544992488	138.0	11	1.05	0.95				
	106	1	64.24839189894738	13.227610096842108	0.0	-100.0	1	1.0439447723496362	-5.123052654651584	138.0	12	1.05	0.95				
	107	2	59.05183078947369	11.810366157894737	0.0	0.0	1	0.9998471015762823	-11.05266821361634	138.0	12	1.05	0.95				
	108	1	80.78290452	16.534512621052635	0.0	0.0	1	1.0022585881605248	-9.495181470618327	138.0	12	1.05	0.95				
	109	1	82.67256310526317	17.00692726736842	0.0	0.0	1	1.0248668684306277	-3.379946833516583	138.0	13	1.05	0.95				
	110	1	92.12085603157895	18.89658585263158	0.0	0.0	1	1.05	-4.440297932104333	138.0	13	1.05	0.95				
	111	1	0.0	0.0	0.0	0.0	1	1.0064343726873566	-0.8783626815851207	230.0	13	1.05	0.95				
	112	1	0.0	0.0	0.0	0.0	1	1.0099576426903913	-0.9793862099787068	230.0	13	1.05	0.95				
	113	3	125.18988127368422	25.51039090105263	0.0	0.0	1	1.0004880667471374	6.844238963735883e-31	230.0	14	1.05	0.95				
	114	2	91.64844138526315	18.42417120631579	0.0	0.0	1	1.0069743504543458	1.4959597651116818	230.0	16	1.05	0.95				
	115	2	149.75544288210529	30.234537364210528	0.0	0.0	1	1.0417109946220644	8.669831158611364	230.0	16	1.05	0.95				
	116	2	47.24146463157895	9.44829292631579	0.0	0.0	1	1.037038287880586	7.609073060692119	230.0	16	1.05	0.95				
	117	1	0.0	0.0	0.0	0.0	1	1.0419138818442235	11.905895282003154	230.0	17	1.05	0.95				
	118	2	157.3140772231579	32.12419594947369	0.0	0.0	1	1.0480353345245412	12.306966697311212	230.0	17	1.05	0.95				
	119	1	85.50705098315791	17.479341913684213	0.0	0.0	1	1.027661030503211	5.322141420433142	230.0	15	1.05	0.95				
	120	1	60.469074728421056	12.282780804210528	0.0	0.0	1	1.023880888375298	4.230485125087083	230.0	15	1.05	0.95				
	121	2	0.0	0.0	0.0	0.0	1	1.05	13.787113022367631	230.0	17	1.05	0.95				
	122	2	0.0	0.0	0.0	0.0	1	1.05	26.283292540175093	230.0	17	1.05	0.95				
	123	2	0.0	0.0	0.0	0.0	1	1.0225425533348378	3.9925320447373966	230.0	15	1.05	0.95				
	124	1	0.0	0.0	0.0	0.0	1	1.025272628924742	5.249634035508466	230.0	16	1.05	0.95				
	201	2	47.97355581473685	9.772390999298246	0.0	0.0	2	1.02001758475097	-11.427841919055217	138.0	21	1.05	0.95				
	202	2	43.087360315087714	8.88399181754386	0.0	0.0	2	1.0203035576890047	-11.400773293651643	138.0	22	1.05	0.95				
	203	1	79.95592635789474	16.43538486245614	0.0	0.0	2	1.0161515616267325	-9.6925776156644	138.0	21	1.05	0.95				
	204	1	32.87076972491228	6.662993863157894	0.0	0.0	2	1.0151125260145841	-12.193186522408665	138.0	21	1.05	0.95				
	205	1	31.538170952280698	6.218794272280702	0.0	0.0	2	1.0296405874092807	-12.515213428592306	138.0	21	1.05	0.95				
	206	1	60.411144359298255	12.437588544561404	0.0	-100.0	2	1.0428613057598406	-13.572543191433958	138.0	22	1.05	0.95				
	207	2	55.524948859649115	11.104989771929825	0.0	0.0	2	0.9924925093833235	-19.598974597765952	138.0	22	1.05	0.95				
	208	1	75.95813004	15.546985680701752	0.0	0.0	2	0.9980119609287718	-17.57833967058009	138.0	22	1.05	0.95				
	209	1	77.73492840350877	15.991185271578946	0.0	0.0	2	1.0234603704398368	-11.006346102721224	138.0	23	1.05	0.95				
	210	1	86.61892022105263	17.76798363508772	0.0	0.0	2	1.05	-12.185332042014096	138.0	23	1.05	0.95				
	211	1	0.0	0.0	0.0	0.0	2	1.0070960823086033	-7.935869602367365	230.0	23	1.05	0.95				
	212	1	0.0	0.0	0.0	0.0	2	1.009209016058409	-6.7423274131305275	230.0	23	1.05	0.95				
	213	2	117.71289158245612	23.986777907368424	0.0	0.0	2	1.0048839354216914	-6.202642974370075	230.0	24	1.05	0.95				
	214	2	86.17472063017543	17.323784044210527	0.0	0.0	2	1.0077196564641675	-5.691793686781022	230.0	26	1.05	0.95				
	215	2	140.81127030807016	28.42877381614035	0.0	0.0	2	1.0244704383363072	0.0348477904685988	230.0	26	1.05	0.95				
	216	2	44.4199590877193	8.88399181754386	0.0	0.0	2	1.0261738330443844	0.17851094768949746	230.0	26	1.05	0.95				
	217	1	0.0	0.0	0.0	0.0	2	1.0299991938870598	1.5387979900592856	230.0	27	1.05	0.95				
	218	2	147.91846376210526	30.205572179649128	0.0	0.0	2	1.0289014330833208	0.9573596723476824	230.0	27	1.05	0.95				
	219	1	80.40012594877193	16.43538486245614	0.0	0.0	2	1.0279454214859045	0.8336775032479231	230.0	25	1.05	0.95				
	220	1	56.8575476322807	11.549189362807018	0.0	0.0	2	1.0327520474844847	2.2609715154954877	230.0	25	1.05	0.95				
	221	2	0.0	0.0	0.0	0.0	2	1.0306871297181084	1.4554908200685	230.0	27	1.05	0.95				
	222	2	0.0	0.0	0.0	0.0	2	1.05	7.9811331188993115	230.0	27	1.05	0.95				
	223	2	0.0	0.0	0.0	0.0	2	1.0365191225993289	3.375356163070123	230.0	25	1.05	0.95				
	224	1	0.0	0.0	0.0	0.0	2	1.009377878550521	-3.6152333803048826	230.0	26	1.05	0.95				
	301	2	39.63302753684211	8.073394498245614	0.0	0.0	3	1.0116379459781215	-3.8029753588449484	138.0	31	1.05	0.95				
	302	2	35.596330287719304	7.33944954385965	0.0	0.0	3	1.0116232446786375	-3.869775947055871	138.0	32	1.05	0.95				
	303	1	66.05504589473685	13.57798165614035	0.0	0.0	3	1.0225377658799524	0.5844703030620008	138.0	31	1.05	0.95				
	304	1	27.1559633122807	5.504587157894737	0.0	0.0	3	1.0139436816308869	-2.2674221065373485	138.0	31	1.05	0.95				
	305	1	26.055045880701755	5.1376146807017555	0.0	0.0	3	1.0262803046615543	-3.425593816823872	138.0	31	1.05	0.95				
	306	1	49.908256898245625	10.275229361403511	0.0	-100.0	3	1.043129777982257	-3.663778648729912	138.0	32	1.05	0.95				
	307	2	45.87155964912281	9.174311929824562	0.0	0.0	3	0.9794028135187728	-6.966722638521944	138.0	32	1.05	0.95				
	308	1	62.75229360000001	12.844036701754385	0.0	0.0	3	0.9943015807679124	-5.42670292740164	138.0	32	1.05	0.95				
	309	1	64.22018350877194	13.21100917894737	0.0	0.0	3	1.0270085925727372	0.5455083455208158	138.0	33	1.05	0.95				
	310	1	71.55963305263158	14.6788990877193	0.0	0.0	3	1.05	-1.864169662831448	138.0	33	1.05	0.95				
	311	1	0.0	0.0	0.0	0.0	3	1.0040642707812517	2.953994895061037	230.0	33	1.05	0.95				
	312	1	0.0	0.0	0.0	0.0	3	1.010405808754543	3.207740078188244	230.0	33	1.05	0.95				
	313	2	97.24770645614036	19.816513768421053	0.0	0.0	3	1.0075238361942411	5.909653565033028	230.0	34	1.05	0.95				
	314	2	71.19266057543861	14.311926610526319	0.0	0.0	3	0.9953755607925016	4.132895072462917	230.0	36	1.05	0.95				
	315	2	116.33027527017545	23.48623854035088	0.0	0.0	3	1.0241612747052709	7.763197387231489	230.0	36	1.05	0.95				
	316	2	36.69724771929825	7.33944954385965	0.0	0.0	3	1.0214982629987521	7.9437128734955005	230.0	36	1.05	0.95				
	317	1	0.0	0.0	0.0	0.0	3	1.0397066241722603	12.897545366740921	230.0	37	1.05	0.95				
	318	2	122.20183490526317	24.954128449122813	0.0	0.0	3	1.0384706693566528	10.625811525025476	230.0	37	1.05	0.95				
	319	1	66.42201837192984	13.57798165614035	0.0	0.0	3	1.0171749394934966	6.909955450460391	230.0	35	1.05	0.95				
	320	1	46.97247708070176	9.541284407017544	0.0	0.0	3	1.0157681201930608	6.73882248997538	230.0	35	1.05	0.95				
	321	2	0.0	0.0	0.0	0.0	3	1.0360031346187533	10.305279016265898	230.0	37	1.05	0.95				
	322	2	0.0	0.0	0.0	0.0	3	1.0499999995786193	15.634175855876867	230.0	37	1.05	0.95				
	323	2	0.0	0.0	0.0	0.0	3	1.015268570128356	6.935086009336017	230.0	35	1.05	0.95				
	324	1	0.0	0.0	0.0	0.0	3	1.014326012732915	5.053189194767806	230.0	36	1.05	0.95				
	325	1	0.0	0.0	0.0	0.0	3	1.0172709230231582	7.541146786737157	230.0	35	1.05	0.95				
];
