%% MATPOWER Case Format : Version 2
function mpc = RTS_GMLC
mpc.version = '2';

%%-----  Power Flow Data  -----%%
%% system MVA base
mpc.baseMVA = 100.0;
%% bus data
%    bus_i    type    Pd    Qd    Gs    Bs    area    Vm    Va    baseKV    zone    Vmax    Vmin
mpc.bus = [
	101	2	72.27610093894737	14.722909450526315	0.0	0.0	1	1.0495837380580046	0.33472051885347304	138.0	11	1.05	0.95				
	102	2	64.91464621368421	13.384463136842104	0.0	0.0	1	1.0489348398557723	0.10538698463972884	138.0	12	1.05	0.95				
	103	1	120.46016823157895	24.76125680315789	0.0	0.0	1	1.0267710131517345	-2.388335753647837	138.0	11	1.05	0.95				
	104	1	49.52251360631578	10.038347352631579	0.0	0.0	1	1.026607436696781	-3.5254288888840506	138.0	11	1.05	0.95				
	105	1	47.51484413578947	9.369124195789475	0.0	0.0	1	1.0401537491402162	-3.7700392617786496	138.0	11	1.05	0.95				
	106	1	91.01434933052631	18.73824839157895	0.0	-100.0	1	1.041702248199304	-6.731266596637884	138.0	12	1.05	0.95				
	107	2	83.65289460526316	16.73057892105263	0.0	0.0	1	1.009559814121262	-11.24926758363433	138.0	12	1.05	0.95				
	108	1	114.43715981999998	23.42281048947368	0.0	0.0	1	1.0028127929437165	-10.861155191934818	138.0	12	1.05	0.95				
	109	1	117.11405244736841	24.092033646315787	0.0	0.0	1	1.0258323706247436	-4.800411989655705	138.0	13	1.05	0.95				
	110	1	130.4985155842105	26.768926273684208	0.0	0.0	1	1.05	-5.905377422194939	138.0	13	1.05	0.95				
	111	1	0.0	0.0	0.0	0.0	1	1.010888924549301	-2.1698518414320294	230.0	13	1.05	0.95				
	112	1	0.0	0.0	0.0	0.0	1	1.0144386826007445	-1.4080125760641515	230.0	13	1.05	0.95				
	113	3	177.3441365631579	36.13805046947368	0.0	0.0	1	1.011418504895735	-2.901912278587368e-30	230.0	14	1.05	0.95				
	114	2	129.82929242736842	26.099703116842104	0.0	0.0	1	1.0102201326135036	-0.8123548849533218	230.0	16	1.05	0.95				
	115	2	212.14374071894736	42.83028203789473	0.0	0.0	1	1.0397647671295602	5.577489410257222	230.0	16	1.05	0.95				
	116	2	66.92231568421052	13.384463136842104	0.0	0.0	1	1.0369242666974896	5.16215536305323	230.0	16	1.05	0.95				
	117	1	0.0	0.0	0.0	0.0	1	1.0420123050505414	7.494368435535342	230.0	17	1.05	0.95				
	118	2	222.85131122842103	45.50717466526316	0.0	0.0	1	1.0437549222603637	7.676524050844128	230.0	17	1.05	0.95				
	119	1	121.12939138842106	24.76125680315789	0.0	0.0	1	1.0308978810330829	4.141542042109023	230.0	15	1.05	0.95				
	120	1	85.66056407578947	17.399802077894737	0.0	0.0	1	1.0308926496946311	4.302147223857602	230.0	15	1.05	0.95				
	121	2	0.0	0.0	0.0	0.0	1	1.0469471521470153	9.147013707076608	230.0	17	1.05	0.95				
	122	2	0.0	0.0	0.0	0.0	1	1.05	15.574540363377585	230.0	17	1.05	0.95				
	123	2	0.0	0.0	0.0	0.0	1	1.0326051839676706	4.894652787462867	230.0	15	1.05	0.95				
	124	1	0.0	0.0	0.0	0.0	1	1.0247100628917072	2.6063595011345484	230.0	16	1.05	0.95				
	201	2	70.02235163368422	14.263812369824564	0.0	0.0	2	1.0318826695181182	-11.302885435368585	138.0	21	1.05	0.95				
	202	2	62.89044544877193	12.967102154385964	0.0	0.0	2	1.0323426054306888	-11.280465374254176	138.0	22	1.05	0.95				
	203	1	116.70391938947368	23.989138985614037	0.0	0.0	2	1.0186111627833268	-10.11519624589282	138.0	21	1.05	0.95				
	204	1	47.978277971228074	9.725326615789474	0.0	0.0	2	1.017263330819666	-12.846358044730293	138.0	21	1.05	0.95				
	205	1	46.033212648070176	9.076971508070176	0.0	0.0	2	1.0327710557014513	-13.108337876702036	138.0	21	1.05	0.95				
	206	1	88.17629464982457	18.153943016140353	0.0	-100.0	2	1.0396750026786938	-14.718190435984894	138.0	22	1.05	0.95				
	207	2	81.04438846491229	16.20887769298246	0.0	0.0	2	0.9822568726102077	-24.343138503451787	138.0	22	1.05	0.95				
	208	1	110.86872342000001	22.69242877017544	0.0	0.0	2	0.9829014254714222	-21.19298510544902	138.0	22	1.05	0.95				
	209	1	113.46214385087721	23.340783877894737	0.0	0.0	2	1.0249197345266545	-11.492375045975592	138.0	23	1.05	0.95				
	210	1	126.42924600526315	25.93420430877193	0.0	0.0	2	1.05	-12.885779022454722	138.0	23	1.05	0.95				
	211	1	0.0	0.0	0.0	0.0	2	1.0172190565496066	-8.05519067957127	230.0	23	1.05	0.95				
	212	1	0.0	0.0	0.0	0.0	2	1.0187941156203721	-4.309683785105293	230.0	23	1.05	0.95				
	213	2	171.81410354561405	35.01117581684211	0.0	0.0	2	1.0194359815050342	-5.969918379865479	230.0	24	1.05	0.95				
	214	2	125.78089089754386	25.285849201052635	0.0	0.0	2	1.0250422988228647	-5.757451767380683	230.0	26	1.05	0.95				
	215	2	205.52856914701755	41.49472689403509	0.0	0.0	2	1.0380868354756332	1.6756175488392138	230.0	26	1.05	0.95				
	216	2	64.83551077192983	12.967102154385964	0.0	0.0	2	1.0390610462351413	1.4720645017046878	230.0	26	1.05	0.95				
	217	1	0.0	0.0	0.0	0.0	2	1.0421675315008354	4.082720298963737	230.0	27	1.05	0.95				
	218	2	215.90225087052636	44.088147324912285	0.0	0.0	2	1.043330418170094	4.467493352596132	230.0	27	1.05	0.95				
	219	1	117.352274497193	23.989138985614037	0.0	0.0	2	1.0367185866847441	0.9915972509247136	230.0	25	1.05	0.95				
	220	1	82.98945378807018	16.857232800701755	0.0	0.0	2	1.0400888656486393	1.8045594263107605	230.0	25	1.05	0.95				
	221	2	0.0	0.0	0.0	0.0	2	1.0433852076622174	4.293290011185595	230.0	27	1.05	0.95				
	222	2	0.0	0.0	0.0	0.0	2	1.05	10.716288505947404	230.0	27	1.05	0.95				
	223	2	0.0	0.0	0.0	0.0	2	1.043732366995398	2.7276718157357664	230.0	25	1.05	0.95				
	224	1	0.0	0.0	0.0	0.0	2	1.0160837470261719	-2.7049519955692847	230.0	26	1.05	0.95				
	301	2	60.013286943157894	12.224928821754386	0.0	0.0	3	1.0056820349514735	-8.50104028184621	138.0	31	1.05	0.95				
	302	2	53.9008225322807	11.113571656140351	0.0	0.0	3	1.0051988015610478	-8.626546023505252	138.0	32	1.05	0.95				
	303	1	100.02214490526316	20.56010756385965	0.0	0.0	3	1.0267883876985069	-2.2891420693073625	138.0	31	1.05	0.95				
	304	1	41.1202151277193	8.335178742105263	0.0	0.0	3	1.007080622073935	-6.778597994699229	138.0	31	1.05	0.95				
	305	1	39.45317937929824	7.779500159298245	0.0	0.0	3	1.0200918416491604	-7.466530750369367	138.0	31	1.05	0.95				
	306	1	75.57228726175438	15.55900031859649	0.0	-100.0	3	1.0358952543582722	-7.516834658589266	138.0	32	1.05	0.95				
	307	2	69.4598228508772	13.891964570175439	0.0	0.0	3	0.9949600032666318	-12.306271166834577	138.0	32	1.05	0.95				
	308	1	95.02103765999999	19.44875039824561	0.0	0.0	3	1.0001436745149503	-9.761061226614755	138.0	32	1.05	0.95				
	309	1	97.24375199122807	20.00442898105263	0.0	0.0	3	1.0276560496467648	-3.0060214208313374	138.0	33	1.05	0.95				
	310	1	108.3573236473684	22.227143312280703	0.0	0.0	3	1.05	-4.649390197647474	138.0	33	1.05	0.95				
	311	1	0.0	0.0	0.0	0.0	3	1.011987977004914	1.3375456728351842	230.0	33	1.05	0.95				
	312	1	0.0	0.0	0.0	0.0	3	1.016084349385912	2.298470002204146	230.0	33	1.05	0.95				
	313	2	147.25482444385963	30.006643471578947	0.0	0.0	3	1.024246154884747	7.254906543404195	230.0	34	1.05	0.95				
	314	2	107.8016450645614	21.671464729473687	0.0	0.0	3	1.0114581097047195	1.3398255930022516	230.0	36	1.05	0.95				
	315	2	176.15011074982456	35.56342929964912	0.0	0.0	3	1.02851150902176	0.4020363453197748	230.0	36	1.05	0.95				
	316	2	55.567858280701756	11.113571656140351	0.0	0.0	3	1.0279197122851047	1.3422143167142788	230.0	36	1.05	0.95				
	317	1	0.0	0.0	0.0	0.0	3	1.0332781198790975	1.534371355308983	230.0	37	1.05	0.95				
	318	2	185.04096807473684	37.78614363087719	0.0	0.0	3	1.0319837280624795	0.8383512244681324	230.0	37	1.05	0.95				
	319	1	100.57782348807018	20.56010756385965	0.0	0.0	3	1.0267231281386053	2.857979571227788	230.0	35	1.05	0.95				
	320	1	71.12685859929825	14.447643152982456	0.0	0.0	3	1.0272694836719376	3.9086340872826013	230.0	35	1.05	0.95				
	321	2	0.0	0.0	0.0	0.0	3	1.0328165609879156	1.2447945511173861	230.0	37	1.05	0.95				
	322	2	0.0	0.0	0.0	0.0	3	1.0462674063755755	5.696246727587305	230.0	37	1.05	0.95				
	323	2	0.0	0.0	0.0	0.0	3	1.027946769316158	4.49477839041597	230.0	35	1.05	0.95				
	324	1	0.0	0.0	0.0	0.0	3	1.0242456054035685	0.7527205401128546	230.0	36	1.05	0.95				
	325	1	0.0	0.0	0.0	0.0	3	1.0293316952314093	4.899079854735225	230.0	35	1.05	0.95				
];
