%% MATPOWER Case Format : Version 2
function mpc = RTS_GMLC
mpc.version = '2';

%%-----  Power Flow Data  -----%%
%% system MVA base
mpc.baseMVA = 100.0;
%% bus data
%    bus_i    type    Pd    Qd    Gs    Bs    area    Vm    Va    baseKV    zone    Vmax    Vmin
mpc.bus = [
	101	2	72.46313704421053	14.761009397894737	0.0	0.0	1	1.0446839428763097	0.33988469366028273	138.0	11	1.05	0.95				
	102	2	65.08263234526315	13.419099452631578	0.0	0.0	1	1.0434690711233052	-0.06298520626181436	138.0	12	1.05	0.95				
	103	1	120.77189507368419	24.825333987368417	0.0	0.0	1	1.0248845377427966	0.08956010944100755	138.0	11	1.05	0.95				
	104	1	49.650667974736834	10.064324589473683	0.0	0.0	1	1.023801157928484	-3.317800076212756	138.0	11	1.05	0.95				
	105	1	47.637803056842095	9.393369616842104	0.0	0.0	1	1.0376203958699768	-3.772999538414674	138.0	11	1.05	0.95				
	106	1	91.24987627789474	18.78673923368421	0.0	-100.0	1	1.0403892606537795	-6.774991797538234	138.0	12	1.05	0.95				
	107	2	83.86937157894737	16.77387431578947	0.0	0.0	1	0.9980329848714856	-15.43813274514909	138.0	12	1.05	0.95				
	108	1	114.73330031999997	23.48342404210526	0.0	0.0	1	0.9929424295478119	-13.149748640201857	138.0	12	1.05	0.95				
	109	1	117.4171202105263	24.154379014736836	0.0	0.0	1	1.024687720499611	-4.293601323200259	138.0	13	1.05	0.95				
	110	1	130.8362196631579	26.838198905263155	0.0	0.0	1	1.05	-5.886765161861764	138.0	13	1.05	0.95				
	111	1	0.0	0.0	0.0	0.0	1	1.0163582143004946	-1.068300318498734	230.0	13	1.05	0.95				
	112	1	0.0	0.0	0.0	0.0	1	1.016868860675132	-1.1656871915876974	230.0	13	1.05	0.95				
	113	3	177.8030677473684	36.23156852210526	0.0	0.0	1	1.0156497510563738	3.1510504311224988e-30	230.0	14	1.05	0.95				
	114	2	130.1652646905263	26.167243932631578	0.0	0.0	1	1.0258186605046724	2.0113181444902826	230.0	16	1.05	0.95				
	115	2	212.69272632421047	42.94111824842105	0.0	0.0	1	1.0398584148998098	11.87862090516718	230.0	16	1.05	0.95				
	116	2	67.09549726315788	13.419099452631578	0.0	0.0	1	1.038892092457531	10.493983282228779	230.0	16	1.05	0.95				
	117	1	0.0	0.0	0.0	0.0	1	1.0426839283185714	15.788530837728434	230.0	17	1.05	0.95				
	118	2	223.4280058863158	45.62493813894737	0.0	0.0	1	1.05	16.614359661373204	230.0	17	1.05	0.95				
	119	1	121.44285004631578	24.825333987368417	0.0	0.0	1	1.0335940152195084	7.46664437224302	230.0	15	1.05	0.95				
	120	1	85.8822364968421	17.44482928842105	0.0	0.0	1	1.035878314716269	5.867356158189874	230.0	15	1.05	0.95				
	121	2	0.0	0.0	0.0	0.0	1	1.05	18.725677974319716	230.0	17	1.05	0.95				
	122	2	0.0	0.0	0.0	0.0	1	1.05	31.01275356089662	230.0	17	1.05	0.95				
	123	2	0.0	0.0	0.0	0.0	1	1.0388293396551893	5.490275789728079	230.0	15	1.05	0.95				
	124	1	0.0	0.0	0.0	0.0	1	1.0195097897007184	7.479733539790334	230.0	16	1.05	0.95				
	201	2	62.5254210568421	12.736659844912278	0.0	0.0	2	1.0237870347032643	-15.178451951069636	138.0	21	1.05	0.95				
	202	2	56.157091134385965	11.578781677192982	0.0	0.0	2	1.0247856708831482	-14.998356369566277	138.0	22	1.05	0.95				
	203	1	104.20903509473685	21.420746102807016	0.0	0.0	2	1.0159622260784018	-13.20848569358675	138.0	21	1.05	0.95				
	204	1	42.84149220561403	8.684086257894737	0.0	0.0	2	1.0149481400214053	-16.13390354538996	138.0	21	1.05	0.95				
	205	1	41.10467495403508	8.105147174035087	0.0	0.0	2	1.029658444625145	-16.557970424533252	138.0	21	1.05	0.95				
	206	1	78.73571540491228	16.210294348070175	0.0	-100.0	2	1.0399659946717605	-17.841464140576143	138.0	22	1.05	0.95				
	207	2	72.36738548245614	14.473477096491226	0.0	0.0	2	0.9900610999492506	-26.13550127760853	138.0	22	1.05	0.95				
	208	1	98.99858334	20.262867935087716	0.0	0.0	2	0.9907493937625534	-23.371473165846783	138.0	22	1.05	0.95				
	209	1	101.31433967543859	20.841807018947367	0.0	0.0	2	1.0244091844312944	-14.69037399666456	138.0	23	1.05	0.95				
	210	1	112.89312135263157	23.157563354385964	0.0	0.0	2	1.05	-16.10353202021402	138.0	23	1.05	0.95				
	211	1	0.0	0.0	0.0	0.0	2	1.016093689679164	-10.71056158906478	230.0	23	1.05	0.95				
	212	1	0.0	0.0	0.0	0.0	2	1.0134237789355784	-9.077564582747495	230.0	23	1.05	0.95				
	213	2	153.41885722280702	31.26271052842105	0.0	0.0	2	1.020059411442995	-8.429372433302195	230.0	24	1.05	0.95				
	214	2	112.31418226877193	22.578624270526316	0.0	0.0	2	1.023625088617591	-8.03431810824314	230.0	26	1.05	0.95				
	215	2	183.52368958350874	37.05210136701754	0.0	0.0	2	1.037514062147486	-0.7663746431130403	230.0	26	1.05	0.95				
	216	2	57.893908385964906	11.578781677192982	0.0	0.0	2	1.0390894714108334	-0.7233442310049406	230.0	26	1.05	0.95				
	217	1	0.0	0.0	0.0	0.0	2	1.0405073388679984	0.86389044782992	230.0	27	1.05	0.95				
	218	2	192.78671492526317	39.36785770245614	0.0	0.0	2	1.0389435804481102	0.01951106804500762	230.0	27	1.05	0.95				
	219	1	104.78797417859649	21.420746102807016	0.0	0.0	2	1.0394365281623612	0.3660119781400886	230.0	25	1.05	0.95				
	220	1	74.10420273403508	15.052416180350878	0.0	0.0	2	1.044875315718974	2.4005595884691946	230.0	25	1.05	0.95				
	221	2	0.0	0.0	0.0	0.0	2	1.040452991344193	0.5671639254505582	230.0	27	1.05	0.95				
	222	2	0.0	0.0	0.0	0.0	2	1.05	7.18703626951564	230.0	27	1.05	0.95				
	223	2	0.0	0.0	0.0	0.0	2	1.05	3.9326974230744844	230.0	25	1.05	0.95				
	224	1	0.0	0.0	0.0	0.0	2	1.0138698299233924	-5.381039360508936	230.0	26	1.05	0.95				
	301	2	55.827902576842106	11.372350524912282	0.0	0.0	3	0.9987838416272745	14.802319949013881	138.0	31	1.05	0.95				
	302	2	50.14172731438597	10.338500477192984	0.0	0.0	3	0.9985313929957766	14.747135240138237	138.0	32	1.05	0.95				
	303	1	93.04650429473685	19.126225882807017	0.0	0.0	3	1.0206271025290963	18.489435884550836	138.0	31	1.05	0.95				
	304	1	38.25245176561403	7.753875357894737	0.0	0.0	3	1.0050199121053498	16.586274665348693	138.0	31	1.05	0.95				
	305	1	36.701676694035086	7.236950334035089	0.0	0.0	3	1.0169456490020727	16.147406975689492	138.0	31	1.05	0.95				
	306	1	70.30180324491229	14.473900668070177	0.0	-100.0	3	1.035338390808195	16.30341315876646	138.0	32	1.05	0.95				
	307	2	64.61562798245613	12.923125596491229	0.0	0.0	3	0.9909698672363274	12.148330931732378	138.0	32	1.05	0.95				
	308	1	88.39417908	18.09237583508772	0.0	0.0	3	0.9998881195559782	14.463164368336223	138.0	32	1.05	0.95				
	309	1	90.4618791754386	18.609300858947368	0.0	0.0	3	1.0278398978656884	20.18883495721121	138.0	33	1.05	0.95				
	310	1	100.80037965263158	20.677000954385967	0.0	0.0	3	1.05	19.145326838162624	138.0	33	1.05	0.95				
	311	1	0.0	0.0	0.0	0.0	3	1.0112974142940265	24.86863305923592	230.0	33	1.05	0.95				
	312	1	0.0	0.0	0.0	0.0	3	1.0167386295471417	25.236834086175623	230.0	33	1.05	0.95				
	313	2	136.985131322807	27.913951288421053	0.0	0.0	3	1.0221835302403441	30.53270158803074	230.0	34	1.05	0.95				
	314	2	100.28345462877193	20.160075930526318	0.0	0.0	3	1.0108082461987775	25.140501226886283	230.0	36	1.05	0.95				
	315	2	163.86523256350875	33.08320152701754	0.0	0.0	3	1.0366487962689233	22.81757357957872	230.0	36	1.05	0.95				
	316	2	51.692502385964914	10.338500477192984	0.0	0.0	3	1.0350251815354632	23.82186695136203	230.0	36	1.05	0.95				
	317	1	0.0	0.0	0.0	0.0	3	1.05	25.945432384698975	230.0	37	1.05	0.95				
	318	2	172.13603294526317	35.150901622456146	0.0	0.0	3	1.0482732126804328	22.80183105928063	230.0	37	1.05	0.95				
	319	1	93.56342931859649	19.126225882807017	0.0	0.0	3	1.0325099173738093	24.637945953504683	230.0	35	1.05	0.95				
	320	1	66.16640305403509	13.440050620350878	0.0	0.0	3	1.0309545227427221	24.942374459772207	230.0	35	1.05	0.95				
	321	2	0.0	0.0	0.0	0.0	3	1.0451021859392957	23.46484764879079	230.0	37	1.05	0.95				
	322	2	0.0	0.0	0.0	0.0	3	1.05	28.78026111245342	230.0	37	1.05	0.95				
	323	2	0.0	0.0	0.0	0.0	3	1.029825505611753	24.994677476311512	230.0	35	1.05	0.95				
	324	1	0.0	0.0	0.0	0.0	3	1.0262027004963505	22.967813823937234	230.0	36	1.05	0.95				
	325	1	0.0	0.0	0.0	0.0	3	1.0329865905420463	24.46791835900558	230.0	35	1.05	0.95				
];
