%% MATPOWER Case Format : Version 2
function mpc = RTS_GMLC
mpc.version = '2';

%%-----  Power Flow Data  -----%%
%% system MVA base
mpc.baseMVA = 100.0;
%% bus data
%    bus_i    type    Pd    Qd    Gs    Bs    area    Vm    Va    baseKV    zone    Vmax    Vmin
mpc.bus = [
	101	2	71.02028698105264	14.46709549614035	0.0	0.0	1	1.03341089176551	-0.786336628482288	138.0	11	1.05	0.95				
	102	2	63.786739232982455	13.15190499649123	0.0	0.0	1	1.0335227679891317	-0.8414030493648536	138.0	12	1.05	0.95				
	103	1	118.36714496842107	24.33102424350877	0.0	0.0	1	1.0206193539048678	-1.7123010837935206	138.0	11	1.05	0.95				
	104	1	48.66204848701754	9.863928747368421	0.0	0.0	1	1.0176799642748355	-3.9489877759904046	138.0	11	1.05	0.95				
	105	1	46.68926273754386	9.20633349754386	0.0	0.0	1	1.0328326939473755	-3.923333066558728	138.0	11	1.05	0.95				
	106	1	89.43295397614037	18.41266699508772	0.0	-100.0	1	1.0389885697048185	-6.282552833613726	138.0	12	1.05	0.95				
	107	2	82.19940622807019	16.439881245614036	0.0	0.0	1	1.0473851221103792	-4.95614948500269	138.0	12	1.05	0.95				
	108	1	112.44878772	23.01583374385965	0.0	0.0	1	1.026659758075163	-6.761794212845974	138.0	12	1.05	0.95				
	109	1	115.07916871929824	23.673428993684208	0.0	0.0	1	1.0256731722846526	-3.832643434020448	138.0	13	1.05	0.95				
	110	1	128.23107371578948	26.30380999298246	0.0	0.0	1	1.05	-5.031000059950527	138.0	13	1.05	0.95				
	111	1	0.0	0.0	0.0	0.0	1	1.0080985982285722	-1.2298746512404168	230.0	13	1.05	0.95				
	112	1	0.0	0.0	0.0	0.0	1	1.0136490339441764	-0.7200307340570885	230.0	13	1.05	0.95				
	113	3	174.26274120350877	35.51014349052632	0.0	0.0	1	1.0092532492416577	-2.401713779395215e-28	230.0	14	1.05	0.95				
	114	2	127.57347846596491	25.6462147431579	0.0	0.0	1	1.0041966410245153	0.9999077470588227	230.0	16	1.05	0.95				
	115	2	208.45769419438597	42.08609598877193	0.0	0.0	1	1.038209499499451	8.691669770319416	230.0	16	1.05	0.95				
	116	2	65.75952498245614	13.15190499649123	0.0	0.0	1	1.0348006343041103	8.092299142724096	230.0	16	1.05	0.95				
	117	1	0.0	0.0	0.0	0.0	1	1.0426227052042265	11.388358314793097	230.0	17	1.05	0.95				
	118	2	218.97921819157898	44.716476988070184	0.0	0.0	1	1.046923951753077	11.984997142532762	230.0	17	1.05	0.95				
	119	1	119.02474021824563	24.33102424350877	0.0	0.0	1	1.0292826243869917	6.342918983682667	230.0	15	1.05	0.95				
	120	1	84.17219197754386	17.097476495438595	0.0	0.0	1	1.0304698999196944	6.083784964853554	230.0	15	1.05	0.95				
	121	2	0.0	0.0	0.0	0.0	1	1.05	12.456365309175649	230.0	17	1.05	0.95				
	122	2	0.0	0.0	0.0	0.0	1	1.05	20.17341126410818	230.0	17	1.05	0.95				
	123	2	0.0	0.0	0.0	0.0	1	1.0327087013368847	6.436890292725965	230.0	15	1.05	0.95				
	124	1	0.0	0.0	0.0	0.0	1	1.0186752902339364	4.822088454201146	230.0	16	1.05	0.95				
	201	2	79.27026601263158	16.147646780350875	0.0	0.0	2	1.0374990499626493	-17.9216039476127	138.0	21	1.05	0.95				
	202	2	71.19644262245613	14.67967889122807	0.0	0.0	2	1.0377208253484347	-18.074471449769746	138.0	22	1.05	0.95				
	203	1	132.1171100210526	27.157405948771927	0.0	0.0	2	1.0219997980792785	-12.624396778578447	138.0	21	1.05	0.95				
	204	1	54.314811897543855	11.009759168421052	0.0	0.0	2	1.0169735916447094	-19.831650769873356	138.0	21	1.05	0.95				
	205	1	52.11286006385964	10.27577522385965	0.0	0.0	2	1.0342449186089346	-20.436290647506283	138.0	21	1.05	0.95				
	206	1	99.82181646035087	20.5515504477193	0.0	-100.0	2	1.0381995819798537	-22.545835056971384	138.0	22	1.05	0.95				
	207	2	91.74799307017544	18.349598614035088	0.0	0.0	2	0.961418886203827	-33.47793556244641	138.0	22	1.05	0.95				
	208	1	125.51125451999998	25.689438059649124	0.0	0.0	2	0.9656889242255237	-29.819849562208514	138.0	22	1.05	0.95				
	209	1	128.4471902982456	26.423422004210522	0.0	0.0	2	1.0231576548247507	-18.29636473888831	138.0	23	1.05	0.95				
	210	1	143.1268691894737	29.35935778245614	0.0	0.0	2	1.05	-20.6838175371897	138.0	23	1.05	0.95				
	211	1	0.0	0.0	0.0	0.0	2	1.0283739994972643	-13.963087582493754	230.0	23	1.05	0.95				
	212	1	0.0	0.0	0.0	0.0	2	1.0216635928942883	-13.292189240190433	230.0	23	1.05	0.95				
	213	2	194.5057453087719	39.63513300631579	0.0	0.0	2	1.0392907198657582	-12.069535709829799	230.0	24	1.05	0.95				
	214	2	142.39288524491226	28.625373837894735	0.0	0.0	2	1.0463840583007664	-10.300832847432135	230.0	26	1.05	0.95				
	215	2	232.67291042596491	46.97497245192982	0.0	0.0	2	1.0423534586199967	0.17449285918417076	230.0	26	1.05	0.95				
	216	2	73.39839445614035	14.67967889122807	0.0	0.0	2	1.046224871139493	-0.553107214545495	230.0	26	1.05	0.95				
	217	1	0.0	0.0	0.0	0.0	2	1.0464806799778625	3.542888983894194	230.0	27	1.05	0.95				
	218	2	244.41665353894737	49.91090823017544	0.0	0.0	2	1.0491075419727682	4.275089043028624	230.0	27	1.05	0.95				
	219	1	132.85109396561404	27.157405948771927	0.0	0.0	2	1.0426025969942276	-2.2450928153056897	230.0	25	1.05	0.95				
	220	1	93.94994490385965	19.08358255859649	0.0	0.0	2	1.046149879073061	-2.340633576587776	230.0	25	1.05	0.95				
	221	2	0.0	0.0	0.0	0.0	2	1.05	4.626820819421403	230.0	27	1.05	0.95				
	222	2	0.0	0.0	0.0	0.0	2	1.05	10.713050792675975	230.0	27	1.05	0.95				
	223	2	0.0	0.0	0.0	0.0	2	1.05	-1.8589052210843597	230.0	25	1.05	0.95				
	224	1	0.0	0.0	0.0	0.0	2	1.0185866619121515	-4.578895413826108	230.0	26	1.05	0.95				
	301	2	62.182853545263164	12.666877574035087	0.0	0.0	3	1.037623975060899	-12.188163658659327	138.0	31	1.05	0.95				
	302	2	55.84941475824561	11.515343249122807	0.0	0.0	3	1.0329358695236432	-12.543365958134517	138.0	32	1.05	0.95				
	303	1	103.63808924210527	21.303385010877193	0.0	0.0	3	1.05	3.7690250700019114	138.0	31	1.05	0.95				
	304	1	42.606770021754386	8.636507436842104	0.0	0.0	3	1.0100765513608703	-11.074865395680227	138.0	31	1.05	0.95				
	305	1	40.87946853438596	8.060740274385966	0.0	0.0	3	1.0318872480392087	-12.825224557875726	138.0	31	1.05	0.95				
	306	1	78.30433409403508	16.12148054877193	0.0	-100.0	3	1.03450450343415	-13.85006599582536	138.0	32	1.05	0.95				
	307	2	71.97089530701754	14.39417906140351	0.0	0.0	3	0.9657568015113247	-11.111382502505132	138.0	32	1.05	0.95				
	308	1	98.45618478	20.151850685964913	0.0	0.0	3	0.975479534117592	-12.398300830367818	138.0	32	1.05	0.95				
	309	1	100.75925342982457	20.72761784842105	0.0	0.0	3	1.0106896046419493	-7.4398537017685795	138.0	33	1.05	0.95				
	310	1	112.27459667894738	23.030686498245615	0.0	0.0	3	1.0400605412540274	-11.630488238465427	138.0	33	1.05	0.95				
	311	1	0.0	0.0	0.0	0.0	3	0.9971822636185522	-7.017408032435434	230.0	33	1.05	0.95				
	312	1	0.0	0.0	0.0	0.0	3	1.00041181122406	-5.635038758888908	230.0	33	1.05	0.95				
	313	2	152.57829805087718	31.091426772631582	0.0	0.0	3	0.9979051914554348	-3.1505809985387203	230.0	34	1.05	0.95				
	314	2	111.69882951649122	22.454919335789477	0.0	0.0	3	0.995171615308587	-7.7686365298386155	230.0	36	1.05	0.95				
	315	2	182.51819049859648	36.84909839719298	0.0	0.0	3	1.05	-5.360854247549321	230.0	36	1.05	0.95				
	316	2	57.57671624561404	11.515343249122807	0.0	0.0	3	1.0376365299040926	-5.304002546729198	230.0	36	1.05	0.95				
	317	1	0.0	0.0	0.0	0.0	3	1.0451979924057695	-4.427927948697208	230.0	37	1.05	0.95				
	318	2	191.73046509789472	39.15216704701754	0.0	0.0	3	1.045821066311523	-4.981556243448315	230.0	37	1.05	0.95				
	319	1	104.2138564045614	21.303385010877193	0.0	0.0	3	1.0227701734825843	-4.614923561456915	230.0	35	1.05	0.95				
	320	1	73.69819679438596	14.969946223859651	0.0	0.0	3	1.0148441180026144	-2.8696627240421453	230.0	35	1.05	0.95				
	321	2	0.0	0.0	0.0	0.0	3	1.05	-4.584707532432861	230.0	37	1.05	0.95				
	322	2	0.0	0.0	0.0	0.0	3	1.05	-0.1815554791208309	230.0	37	1.05	0.95				
	323	2	0.0	0.0	0.0	0.0	3	1.0125163177082213	-1.445475735079731	230.0	35	1.05	0.95				
	324	1	0.0	0.0	0.0	0.0	3	1.0470696064512772	-1.8712014134065413	230.0	36	1.05	0.95				
	325	1	0.0	0.0	0.0	0.0	3	1.0117555110372214	-0.24363291772964482	230.0	35	1.05	0.95				
];
