%% MATPOWER Case Format : Version 2
function mpc = RTS_GMLC
mpc.version = '2';

%%-----  Power Flow Data  -----%%
%% system MVA base
mpc.baseMVA = 100.0;
%% bus data
%    bus_i    type    Pd    Qd    Gs    Bs    area    Vm    Va    baseKV    zone    Vmax    Vmin
mpc.bus = [
	101	2	55.9104403831579	11.389163781754386	0.0	0.0	1	1.0280324914919672	-0.3083203639767343	138.0	11	1.05	0.95				
	102	2	50.215858492280695	10.353785256140352	0.0	0.0	1	1.0270446265322202	-0.6222995316986156	138.0	12	1.05	0.95				
	103	1	93.18406730526317	19.154502723859647	0.0	0.0	1	1.0258311215633396	0.39353854445466413	138.0	11	1.05	0.95				
	104	1	38.309005447719294	7.765338942105263	0.0	0.0	1	1.0171000263191556	-3.2916102138718966	138.0	11	1.05	0.95				
	105	1	36.75593765929824	7.247649679298246	0.0	0.0	1	1.0320062757831998	-3.3110776712265393	138.0	11	1.05	0.95				
	106	1	70.40573974175439	14.495299358596492	0.0	-100.0	1	1.0415806186888765	-5.543748600794136	138.0	12	1.05	0.95				
	107	2	64.7111578508772	12.942231570175439	0.0	0.0	1	0.9977715102672917	-13.164471265838333	138.0	12	1.05	0.95				
	108	1	88.52486394	18.11912419824561	0.0	0.0	1	0.9984064262305489	-10.894961960352724	138.0	12	1.05	0.95				
	109	1	90.59562099122806	18.636813461052633	0.0	0.0	1	1.0247090017651728	-3.3590731725770926	138.0	13	1.05	0.95				
	110	1	100.94940624736842	20.707570512280704	0.0	0.0	1	1.05	-4.703564910169289	138.0	13	1.05	0.95				
	111	1	0.0	0.0	0.0	0.0	1	1.0110358153242696	-0.38507039782823815	230.0	13	1.05	0.95				
	112	1	0.0	0.0	0.0	0.0	1	1.0138290341583303	-0.6926728961034125	230.0	13	1.05	0.95				
	113	3	137.18765464385964	27.95522019157895	0.0	0.0	1	1.0073764069744653	-1.0221835862926079e-30	230.0	14	1.05	0.95				
	114	2	100.43171698456139	20.189881249473686	0.0	0.0	1	1.0167098533595085	2.976722833569552	230.0	16	1.05	0.95				
	115	2	164.10749630982454	33.13211281964912	0.0	0.0	1	1.0428619371041914	11.81611890938577	230.0	16	1.05	0.95				
	116	2	51.768926280701756	10.353785256140352	0.0	0.0	1	1.039623903929641	10.800478858370314	230.0	16	1.05	0.95				
	117	1	0.0	0.0	0.0	0.0	1	1.0418705587280073	15.7613593550551	230.0	17	1.05	0.95				
	118	2	172.39052451473685	35.202869870877194	0.0	0.0	1	1.05	15.996849857452682	230.0	17	1.05	0.95				
	119	1	93.70175656807018	19.154502723859647	0.0	0.0	1	1.0332168322298396	7.794704826484914	230.0	15	1.05	0.95				
	120	1	66.26422563929825	13.459920832982455	0.0	0.0	1	1.0333185809485617	6.161986767604684	230.0	15	1.05	0.95				
	121	2	0.0	0.0	0.0	0.0	1	1.05	17.453279583151744	230.0	17	1.05	0.95				
	122	2	0.0	0.0	0.0	0.0	1	1.05	34.23480164452561	230.0	17	1.05	0.95				
	123	2	0.0	0.0	0.0	0.0	1	1.0343935263797266	5.654676505753768	230.0	15	1.05	0.95				
	124	1	0.0	0.0	0.0	0.0	1	1.022187353382894	7.562743285545105	230.0	16	1.05	0.95				
	201	2	57.85046435368423	11.784353849824564	0.0	0.0	2	1.0227232106358757	-14.997374010938215	138.0	21	1.05	0.95				
	202	2	51.95828742877193	10.713048954385968	0.0	0.0	2	1.0237680332548258	-14.824457363430467	138.0	22	1.05	0.95				
	203	1	96.4174405894737	19.81914056561404	0.0	0.0	2	1.0154189981318238	-13.009604774292328	138.0	21	1.05	0.95				
	204	1	39.63828113122808	8.034786715789474	0.0	0.0	2	1.0149788147828027	-16.1772679931449	138.0	21	1.05	0.95				
	205	1	38.031323788070175	7.499134268070177	0.0	0.0	2	1.0296790263744242	-16.588924199910352	138.0	21	1.05	0.95				
	206	1	72.84873288982457	14.998268536140355	0.0	-100.0	2	1.0408940392359982	-17.953689055233895	138.0	22	1.05	0.95				
	207	2	66.95655596491228	13.391311192982458	0.0	0.0	2	0.989053689792377	-25.628007398432178	138.0	22	1.05	0.95				
	208	1	91.59656856000001	18.74783567017544	0.0	0.0	2	0.9920384680495572	-23.108750580693314	138.0	22	1.05	0.95				
	209	1	93.73917835087721	19.28348811789474	0.0	0.0	2	1.0237109720870552	-15.083880554879944	138.0	23	1.05	0.95				
	210	1	104.45222730526318	21.426097908771936	0.0	0.0	2	1.05	-16.483049727435564	138.0	23	1.05	0.95				
	211	1	0.0	0.0	0.0	0.0	2	1.0129263139921287	-11.622975878060128	230.0	23	1.05	0.95				
	212	1	0.0	0.0	0.0	0.0	2	1.0135784672570531	-10.322844462414452	230.0	23	1.05	0.95				
	213	2	141.94789864561406	28.925232176842115	0.0	0.0	2	1.0145441282637186	-9.806691354955506	230.0	24	1.05	0.95				
	214	2	103.91657485754386	20.890445461052636	0.0	0.0	2	1.0177064317986102	-9.021054596293576	230.0	26	1.05	0.95				
	215	2	169.80182592701755	34.28175665403509	0.0	0.0	2	1.0318688407927827	-2.0851449172240417	230.0	26	1.05	0.95				
	216	2	53.565244771929834	10.713048954385968	0.0	0.0	2	1.0348862071134795	-2.0846684247420666	230.0	26	1.05	0.95				
	217	1	0.0	0.0	0.0	0.0	2	1.0367337050574004	-0.12946979958079186	230.0	27	1.05	0.95				
	218	2	178.37226509052635	36.42436644491229	0.0	0.0	2	1.0355536233526041	-0.986756305563598	230.0	27	1.05	0.95				
	219	1	96.953093037193	19.81914056561404	0.0	0.0	2	1.03749324130226	-1.592331153284833	230.0	25	1.05	0.95				
	220	1	68.56351330807018	13.926963640701755	0.0	0.0	2	1.0440063068466832	-0.15262087641361513	230.0	25	1.05	0.95				
	221	2	0.0	0.0	0.0	0.0	2	1.0368045625113418	-0.5387917029530249	230.0	27	1.05	0.95				
	222	2	0.0	0.0	0.0	0.0	2	1.05	6.121545316199409	230.0	27	1.05	0.95				
	223	2	0.0	0.0	0.0	0.0	2	1.0491265152269302	1.0238680550599069	230.0	25	1.05	0.95				
	224	1	0.0	0.0	0.0	0.0	2	1.0121962165281175	-6.15368879635983	230.0	26	1.05	0.95				
	301	2	41.80259410105264	8.515343242807019	0.0	0.0	3	1.0109580499943014	-6.296901100383974	138.0	31	1.05	0.95				
	302	2	37.54492247964913	7.741221129824563	0.0	0.0	3	1.0108384897808371	-6.385232268579289	138.0	32	1.05	0.95				
	303	1	69.67099016842107	14.32125909017544	0.0	0.0	3	1.0264606695893355	-1.5247436053734147	138.0	31	1.05	0.95				
	304	1	28.64251818035088	5.805915847368421	0.0	0.0	3	1.013205625482345	-4.911176374063105	138.0	31	1.05	0.95				
	305	1	27.481335010877196	5.4188547908771945	0.0	0.0	3	1.025616659161893	-5.855297705064248	138.0	31	1.05	0.95				
	306	1	52.64030368280703	10.837709581754389	0.0	-100.0	3	1.0423548201063952	-6.079853516739417	138.0	32	1.05	0.95				
	307	2	48.38263206140352	9.676526412280703	0.0	0.0	3	0.9856655509039925	-9.905472670772152	138.0	32	1.05	0.95				
	308	1	66.18744066000001	13.547136977192983	0.0	0.0	3	0.9971401863462535	-8.232897677343091	138.0	32	1.05	0.95				
	309	1	67.73568488596491	13.934198033684211	0.0	0.0	3	1.0269565295824568	-2.1208150459871833	138.0	33	1.05	0.95				
	310	1	75.47690601578948	15.482442259649126	0.0	0.0	3	1.05	-4.165958529710423	138.0	33	1.05	0.95				
	311	1	0.0	0.0	0.0	0.0	3	1.005232664828626	0.9170772536827985	230.0	33	1.05	0.95				
	312	1	0.0	0.0	0.0	0.0	3	1.0097098548676187	1.350021532523182	230.0	33	1.05	0.95				
	313	2	102.57117997017544	20.90129705052632	0.0	0.0	3	1.0076001051084262	4.181844704733536	230.0	34	1.05	0.95				
	314	2	75.08984495929826	15.095381203157899	0.0	0.0	3	1.0002555274632519	2.260352905217527	230.0	36	1.05	0.95				
	315	2	122.69835490771932	24.7719076154386	0.0	0.0	3	1.0342538640202967	6.089969893050488	230.0	36	1.05	0.95				
	316	2	38.70610564912281	7.741221129824563	0.0	0.0	3	1.0323632235655167	6.382512416522132	230.0	36	1.05	0.95				
	317	1	0.0	0.0	0.0	0.0	3	1.0488208287413485	11.298971063244466	230.0	37	1.05	0.95				
	318	2	128.89133181157897	26.320151841403515	0.0	0.0	3	1.0475412689099424	8.915686032851797	230.0	37	1.05	0.95				
	319	1	70.05805122491229	14.32125909017544	0.0	0.0	3	1.0242657791201488	5.695840363631195	230.0	35	1.05	0.95				
	320	1	49.5438152308772	10.063587468771932	0.0	0.0	3	1.0196594203633267	5.854137498706064	230.0	35	1.05	0.95				
	321	2	0.0	0.0	0.0	0.0	3	1.0442752283481498	8.609293135833319	230.0	37	1.05	0.95				
	322	2	0.0	0.0	0.0	0.0	3	1.05	14.00378383910262	230.0	37	1.05	0.95				
	323	2	0.0	0.0	0.0	0.0	3	1.0175334776995444	6.247225671094482	230.0	35	1.05	0.95				
	324	1	0.0	0.0	0.0	0.0	3	1.0215692297245735	3.234444696417636	230.0	36	1.05	0.95				
	325	1	0.0	0.0	0.0	0.0	3	1.0176380329701442	7.217363094936799	230.0	35	1.05	0.95				
];
