%% MATPOWER Case Format : Version 2
function mpc = RTS_GMLC
mpc.version = '2';

%%-----  Power Flow Data  -----%%
%% system MVA base
mpc.baseMVA = 100.0;
%% bus data
%    bus_i    type    Pd    Qd    Gs    Bs    area    Vm    Va    baseKV    zone    Vmax    Vmin
mpc.bus = [
	101	2	89.69717959578948	18.2716476954386	0.0	0.0	1	1.031960889939155	-5.813602596148129	138.0	11	1.05	0.95				
	102	2	80.56135574807017	16.610588814035086	0.0	0.0	1	1.0319480620997958	-5.881972865137211	138.0	12	1.05	0.95				
	103	1	149.4952993263158	30.72958930596491	0.0	0.0	1	1.0154881496545394	-5.418961498100032	138.0	11	1.05	0.95				
	104	1	61.45917861192982	12.457941610526316	0.0	0.0	1	1.0143399768076233	-8.308673512014277	138.0	11	1.05	0.95				
	105	1	58.96759028982456	11.627412169824563	0.0	0.0	1	1.0300216100631139	-8.451746511457639	138.0	11	1.05	0.95				
	106	1	112.95200393543861	23.254824339649126	0.0	-100.0	1	1.0338093340170464	-10.682886788353034	138.0	12	1.05	0.95				
	107	2	103.81618008771929	20.76323601754386	0.0	0.0	1	1.05	-7.307846123894506	138.0	12	1.05	0.95				
	108	1	142.02053436	29.068530424561402	0.0	0.0	1	1.0232128382279058	-10.036654361810648	138.0	12	1.05	0.95				
	109	1	145.342652122807	29.899059865263155	0.0	0.0	1	1.0268478945758062	-6.926707861347084	138.0	13	1.05	0.95				
	110	1	161.9532409368421	33.22117762807017	0.0	0.0	1	1.05	-8.498914226338805	138.0	13	1.05	0.95				
	111	1	0.0	0.0	0.0	0.0	1	1.0182608521775156	-3.0200732939024646	230.0	13	1.05	0.95				
	112	1	0.0	0.0	0.0	0.0	1	1.0190016280003815	-2.0999178487191372	230.0	13	1.05	0.95				
	113	3	220.09030178596493	44.84858979789474	0.0	0.0	1	1.025049284150589	6.019940629473989e-26	230.0	14	1.05	0.95				
	114	2	161.12271149614034	32.39064818736842	0.0	0.0	1	1.024484193107202	-0.9957701032983859	230.0	16	1.05	0.95				
	115	2	263.2778327024561	53.15388420491228	0.0	0.0	1	1.0434513767007396	7.362533024637744	230.0	16	1.05	0.95				
	116	2	83.05294407017544	16.610588814035086	0.0	0.0	1	1.0441913444487347	6.928120198871006	230.0	16	1.05	0.95				
	117	1	0.0	0.0	0.0	0.0	1	1.0470929689845163	10.504439218598659	230.0	17	1.05	0.95				
	118	2	276.5663037536842	56.476001967719306	0.0	0.0	1	1.05	11.122412842389833	230.0	17	1.05	0.95				
	119	1	150.32582876701755	30.72958930596491	0.0	0.0	1	1.039183867994801	5.410014603363468	230.0	15	1.05	0.95				
	120	1	106.30776840982456	21.593765458245613	0.0	0.0	1	1.0425853091971817	5.652447408651737	230.0	15	1.05	0.95				
	121	2	0.0	0.0	0.0	0.0	1	1.05	12.020228482489474	230.0	17	1.05	0.95				
	122	2	0.0	0.0	0.0	0.0	1	1.05	20.400224919053493	230.0	17	1.05	0.95				
	123	2	0.0	0.0	0.0	0.0	1	1.0469063968630845	6.391744507879171	230.0	15	1.05	0.95				
	124	1	0.0	0.0	0.0	0.0	1	1.016863314022321	2.6491976078006854	230.0	16	1.05	0.95				
	201	2	95.06311976842106	19.36470958245614	0.0	0.0	2	1.05	-15.602469259140895	138.0	21	1.05	0.95				
	202	2	85.38076497719298	17.60428143859649	0.0	0.0	2	1.05	-15.650492332126	138.0	22	1.05	0.95				
	203	1	158.43853294736843	32.56792066140351	0.0	0.0	2	1.0233884285669137	-11.868383600557756	138.0	21	1.05	0.95				
	204	1	65.13584132280702	13.20321107894737	0.0	0.0	2	1.0191018994063499	-17.38988941387222	138.0	21	1.05	0.95				
	205	1	62.49519910701754	12.322997007017547	0.0	0.0	2	1.0370864659392243	-17.89683542870451	138.0	21	1.05	0.95				
	206	1	119.70911378245614	24.645994014035093	0.0	-100.0	2	1.0343162808556168	-19.99963655749067	138.0	22	1.05	0.95				
	207	2	110.02675899122806	22.005351798245616	0.0	0.0	2	0.95	-30.274203683790322	138.0	22	1.05	0.95				
	208	1	150.5166063	30.80749251754386	0.0	0.0	2	0.9533519880754184	-27.186132826875696	138.0	22	1.05	0.95				
	209	1	154.03746258771932	31.687706589473684	0.0	0.0	2	1.0223442570815187	-15.275259212717378	138.0	23	1.05	0.95				
	210	1	171.6417440263158	35.20856287719298	0.0	0.0	2	1.0466746766187875	-17.494988585972997	138.0	23	1.05	0.95				
	211	1	0.0	0.0	0.0	0.0	2	1.0302120846409821	-9.661550272388745	230.0	23	1.05	0.95				
	212	1	0.0	0.0	0.0	0.0	2	1.0207165842282293	-8.221225165412873	230.0	23	1.05	0.95				
	213	2	233.25672906140352	47.53155988421053	0.0	0.0	2	1.05	-5.082804490559869	230.0	24	1.05	0.95				
	214	2	170.76152995438596	34.32834880526316	0.0	0.0	2	1.05	-7.272356471800355	230.0	26	1.05	0.95				
	215	2	279.02786080175434	56.333700603508774	0.0	0.0	2	1.0446646643118298	1.808311959418166	230.0	26	1.05	0.95				
	216	2	88.02140719298247	17.60428143859649	0.0	0.0	2	1.0485301720942652	1.5696847531994207	230.0	26	1.05	0.95				
	217	1	0.0	0.0	0.0	0.0	2	1.0495547872245496	4.873259090686076	230.0	27	1.05	0.95				
	218	2	293.1112859526316	59.85455689122807	0.0	0.0	2	1.05	5.436143767182344	230.0	27	1.05	0.95				
	219	1	159.31874701929826	32.56792066140351	0.0	0.0	2	1.0424709632848492	1.0662906095095488	230.0	25	1.05	0.95				
	220	1	112.66740120701755	22.88556587017544	0.0	0.0	2	1.0453435334143135	2.273952910451177	230.0	25	1.05	0.95				
	221	2	0.0	0.0	0.0	0.0	2	1.05	5.957284890711315	230.0	27	1.05	0.95				
	222	2	0.0	0.0	0.0	0.0	2	1.05	12.043966556837324	230.0	27	1.05	0.95				
	223	2	0.0	0.0	0.0	0.0	2	1.05	3.5734067336149016	230.0	25	1.05	0.95				
	224	1	0.0	0.0	0.0	0.0	2	1.0192586552947651	-3.268282606348413	230.0	26	1.05	0.95				
	301	2	71.25403354105264	14.514710536140353	0.0	0.0	3	1.0143417372151255	-15.977634595322556	138.0	31	1.05	0.95				
	302	2	63.99667827298246	13.195191396491229	0.0	0.0	3	1.0129349537920211	-16.347898495774864	138.0	32	1.05	0.95				
	303	1	118.75672256842105	24.41110408350877	0.0	0.0	3	1.023916785770941	-10.195507200404954	138.0	31	1.05	0.95				
	304	1	48.82220816701754	9.89639354736842	0.0	0.0	3	1.0089605030650806	-15.152740290529701	138.0	31	1.05	0.95				
	305	1	46.84292945754386	9.23663397754386	0.0	0.0	3	1.0234132080073746	-15.820141609389506	138.0	31	1.05	0.95				
	306	1	89.72730149614036	18.47326795508772	0.0	-100.0	3	1.0348113976490345	-16.47402782000592	138.0	32	1.05	0.95				
	307	2	82.46994622807019	16.493989245614035	0.0	0.0	3	1.0083172827880826	-17.860893034226223	138.0	32	1.05	0.95				
	308	1	112.81888644	23.091584943859647	0.0	0.0	3	1.0030316237286914	-17.679254619719252	138.0	32	1.05	0.95				
	309	1	115.45792471929826	23.75134451368421	0.0	0.0	3	1.0280049666216393	-11.481744862772143	138.0	33	1.05	0.95				
	310	1	128.65311611578946	26.390382792982457	0.0	0.0	3	1.05	-13.548338314670703	138.0	33	1.05	0.95				
	311	1	0.0	0.0	0.0	0.0	3	1.018994818129309	-6.830007549435683	230.0	33	1.05	0.95				
	312	1	0.0	0.0	0.0	0.0	3	1.0180522256814266	-5.288895895485427	230.0	33	1.05	0.95				
	313	2	174.83628600350877	35.62701677052632	0.0	0.0	3	1.0302475005773193	-2.039505556886117	230.0	34	1.05	0.95				
	314	2	127.99335654596491	25.730623223157895	0.0	0.0	3	1.0265891742483781	-5.39725699954342	230.0	36	1.05	0.95				
	315	2	209.14378363438595	42.22461246877193	0.0	0.0	3	1.0463866852158328	0.6793216255853658	230.0	36	1.05	0.95				
	316	2	65.97595698245614	13.195191396491229	0.0	0.0	3	1.0448741086324589	0.6396672530292735	230.0	36	1.05	0.95				
	317	1	0.0	0.0	0.0	0.0	3	1.0484266169033336	3.0998977978596947	230.0	37	1.05	0.95				
	318	2	219.69993675157897	44.86365074807018	0.0	0.0	3	1.0479424662395744	2.879418004513555	230.0	37	1.05	0.95				
	319	1	119.41648213824563	24.41110408350877	0.0	0.0	3	1.0422225277945039	1.255842736583109	230.0	35	1.05	0.95				
	320	1	84.44922493754386	17.153748815438597	0.0	0.0	3	1.0457277072406055	3.0292750651910576	230.0	35	1.05	0.95				
	321	2	0.0	0.0	0.0	0.0	3	1.05	4.080341728892553	230.0	37	1.05	0.95				
	322	2	0.0	0.0	0.0	0.0	3	1.05	9.471194373323273	230.0	37	1.05	0.95				
	323	2	0.0	0.0	0.0	0.0	3	1.05	4.47979616176132	230.0	35	1.05	0.95				
	324	1	0.0	0.0	0.0	0.0	3	1.0243394879819088	-3.3477654275878734	230.0	36	1.05	0.95				
	325	1	0.0	0.0	0.0	0.0	3	1.0488717206834484	5.106107911969834	230.0	35	1.05	0.95				
];

%% generator data
%    bus    Pg    Qg    Qmax    Qmin    Vg    mBase    status    Pmax    Pmin    Pc1    Pc2    Qc1min    Qc1max    Qc2min    Qc2max    ramp_agc    ramp_10    ramp_30    ramp_q    apf
