%% MATPOWER Case Format : Version 2
function mpc = RTS_GMLC
mpc.version = '2';

%%-----  Power Flow Data  -----%%
%% system MVA base
mpc.baseMVA = 100.0;
%% bus data
%    bus_i    type    Pd    Qd    Gs    Bs    area    Vm    Va    baseKV    zone    Vmax    Vmin
mpc.bus = [
	101	2	69.87135080842106	14.233052942456142	0.0	0.0	1	1.048564600894908	0.4544795817231324	138.0	11	1.05	0.95				
	102	2	62.754824337192986	12.939139038596492	0.0	0.0	1	1.0473498095536458	0.07370340101587662	138.0	12	1.05	0.95				
	103	1	116.45225134736843	23.937407221403507	0.0	0.0	1	1.0273699167920973	-0.6106084528037012	138.0	11	1.05	0.95				
	104	1	47.874814442807015	9.704354278947369	0.0	0.0	1	1.0261328775053093	-3.2312383252233077	138.0	11	1.05	0.95				
	105	1	45.933943587017545	9.057397327017545	0.0	0.0	1	1.0399478990531896	-3.615874591414698	138.0	11	1.05	0.95				
	106	1	87.98614546245615	18.11479465403509	0.0	-100.0	1	1.0420490993925389	-6.57585780699792	138.0	12	1.05	0.95				
	107	2	80.86961899122808	16.173923798245614	0.0	0.0	1	0.9989014298856823	-13.46744259802998	138.0	12	1.05	0.95				
	108	1	110.62963878000001	22.643493317543857	0.0	0.0	1	0.99565723345348	-11.942840864619832	138.0	12	1.05	0.95				
	109	1	113.2174665877193	23.290450269473684	0.0	0.0	1	1.0248936606685661	-4.374900621603183	138.0	13	1.05	0.95				
	110	1	126.15660562631578	25.878278077192984	0.0	0.0	1	1.05	-5.780539918691706	138.0	13	1.05	0.95				
	111	1	0.0	0.0	0.0	0.0	1	1.0129461146403247	-1.491954998043118	230.0	13	1.05	0.95				
	112	1	0.0	0.0	0.0	0.0	1	1.0141111312550244	-1.4942194875513664	230.0	13	1.05	0.95				
	113	3	171.44359226140352	34.93567540421053	0.0	0.0	1	1.010903288975153	1.3760929792515857e-29	230.0	14	1.05	0.95				
	114	2	125.50964867438597	25.23132112526316	0.0	0.0	1	1.0183310182754668	0.8322195732783257	230.0	16	1.05	0.95				
	115	2	205.0853537617544	41.405244923508775	0.0	0.0	1	1.04001221005265	9.583994880646303	230.0	16	1.05	0.95				
	116	2	64.69569519298246	12.939139038596492	0.0	0.0	1	1.0374075990356635	8.067965537393953	230.0	16	1.05	0.95				
	117	1	0.0	0.0	0.0	0.0	1	1.0434256523776746	12.839981532977196	230.0	17	1.05	0.95				
	118	2	215.4366649926316	43.993072731228075	0.0	0.0	1	1.049230245107266	13.951387216095647	230.0	17	1.05	0.95				
	119	1	117.09920829929825	23.937407221403507	0.0	0.0	1	1.029005921459882	5.4059296171617675	230.0	15	1.05	0.95				
	120	1	82.81048984701755	16.82088075017544	0.0	0.0	1	1.0279184019911918	4.07914950709816	230.0	15	1.05	0.95				
	121	2	0.0	0.0	0.0	0.0	1	1.05	16.253580303778502	230.0	17	1.05	0.95				
	122	2	0.0	0.0	0.0	0.0	1	1.05	23.707584931403446	230.0	17	1.05	0.95				
	123	2	0.0	0.0	0.0	0.0	1	1.0288835960886487	3.839550106233944	230.0	15	1.05	0.95				
	124	1	0.0	0.0	0.0	0.0	1	1.022560408567785	5.773865261606647	230.0	16	1.05	0.95				
	201	2	62.13442467789475	12.657012434385967	0.0	0.0	2	1.016938273415904	-11.503815212913368	138.0	21	1.05	0.95				
	202	2	55.80591846070176	11.506374940350879	0.0	0.0	2	1.0169941585296727	-11.523592190805957	138.0	22	1.05	0.95				
	203	1	103.55737446315791	21.286793639649126	0.0	0.0	2	1.0141715225104466	-9.59727020674065	138.0	21	1.05	0.95				
	204	1	42.57358727929825	8.629781205263159	0.0	0.0	2	1.011848000096923	-11.292673989970437	138.0	21	1.05	0.95				
	205	1	40.847631038245616	8.054462458245617	0.0	0.0	2	1.0261061961510998	-11.653508691592547	138.0	21	1.05	0.95				
	206	1	78.24334959438598	16.108924916491233	0.0	-100.0	2	1.038376880876453	-12.321472181707255	138.0	22	1.05	0.95				
	207	2	71.914843377193	14.382968675438597	0.0	0.0	2	0.9927899440124414	-20.010719401649087	138.0	22	1.05	0.95				
	208	1	98.37950574000001	20.136156145614038	0.0	0.0	2	0.9927901062328007	-17.266906812793923	138.0	22	1.05	0.95				
	209	1	100.68078072807019	20.711474892631582	0.0	0.0	2	1.0256248334509448	-8.741200723049378	138.0	23	1.05	0.95				
	210	1	112.18715566842106	23.012749880701758	0.0	0.0	2	1.05	-9.961365909416749	138.0	23	1.05	0.95				
	211	1	0.0	0.0	0.0	0.0	2	1.0148057633527832	-5.071304863517543	230.0	23	1.05	0.95				
	212	1	0.0	0.0	0.0	0.0	2	1.0177235349817568	-0.39261912616229727	230.0	23	1.05	0.95				
	213	2	152.45946795964912	31.067212338947375	0.0	0.0	2	1.0202447345738432	-1.8373164638701338	230.0	24	1.05	0.95				
	214	2	111.61183692140352	22.437431133684214	0.0	0.0	2	1.0179200005732267	-3.60665775406341	230.0	26	1.05	0.95				
	215	2	182.37604280456142	36.82039980912281	0.0	0.0	2	1.033705685277896	1.5010761668335408	230.0	26	1.05	0.95				
	216	2	57.53187470175439	11.506374940350879	0.0	0.0	2	1.0352063508900513	1.9849453316442929	230.0	26	1.05	0.95				
	217	1	0.0	0.0	0.0	0.0	2	1.0366938640414838	2.6466284517184357	230.0	27	1.05	0.95				
	218	2	191.58114275684213	39.12167479719299	0.0	0.0	2	1.0349032062723567	1.9304829333920699	230.0	27	1.05	0.95				
	219	1	104.13269321017546	21.286793639649126	0.0	0.0	2	1.0365453570618055	3.8081505558400126	230.0	25	1.05	0.95				
	220	1	73.64079961824562	14.958287422456143	0.0	0.0	2	1.0435284773563445	6.47126357657246	230.0	25	1.05	0.95				
	221	2	0.0	0.0	0.0	0.0	2	1.0369304423612786	2.5928210757465244	230.0	27	1.05	0.95				
	222	2	0.0	0.0	0.0	0.0	2	1.05	9.113501108018749	230.0	27	1.05	0.95				
	223	2	0.0	0.0	0.0	0.0	2	1.05	8.33918822880867	230.0	25	1.05	0.95				
	224	1	0.0	0.0	0.0	0.0	2	1.0126383181919114	-2.620209447910603	230.0	26	1.05	0.95				
	301	2	54.78582728842105	11.160075929122806	0.0	0.0	3	1.003151398193004	30.155816229949995	138.0	31	1.05	0.95				
	302	2	49.20578932385965	10.145523571929825	0.0	0.0	3	1.0027707859116566	29.896997200857918	138.0	32	1.05	0.95				
	303	1	91.30971214736842	18.769218608070172	0.0	0.0	3	1.0460750851828613	40.3459703891751	138.0	31	1.05	0.95				
	304	1	37.538437216140345	7.609142678947369	0.0	0.0	3	1.0075705473131455	31.286045723744113	138.0	31	1.05	0.95				
	305	1	36.01660868035088	7.101866500350877	0.0	0.0	3	1.020038346379735	29.958021216600244	138.0	31	1.05	0.95				
	306	1	68.9895602891228	14.203733000701755	0.0	-100.0	3	1.0368807127010573	29.260063152469833	138.0	32	1.05	0.95				
	307	2	63.40952232456141	12.68190446491228	0.0	0.0	3	0.9723217981322224	25.78254357727444	138.0	32	1.05	0.95				
	308	1	86.74422653999999	17.75466625087719	0.0	0.0	3	0.9894907120294244	27.99550086079383	138.0	32	1.05	0.95				
	309	1	88.77333125438595	18.26194242947368	0.0	0.0	3	1.0280096857551655	34.49004613409287	138.0	33	1.05	0.95				
	310	1	98.91885482631578	20.29104714385965	0.0	0.0	3	1.05	31.398362788305977	138.0	33	1.05	0.95				
	311	1	0.0	0.0	0.0	0.0	3	1.012686478844967	35.41472419285918	230.0	33	1.05	0.95				
	312	1	0.0	0.0	0.0	0.0	3	1.0193481239309807	35.82145385466446	230.0	33	1.05	0.95				
	313	2	134.42818732807015	27.392913644210527	0.0	0.0	3	1.0200445711797037	40.265693767261354	230.0	34	1.05	0.95				
	314	2	98.4115786477193	19.78377096526316	0.0	0.0	3	1.0083056180950851	33.68882975980721	230.0	36	1.05	0.95				
	315	2	160.8065486150877	32.46567543017544	0.0	0.0	3	1.0477815397561632	29.19610952517368	230.0	36	1.05	0.95				
	316	2	50.72761785964912	10.145523571929825	0.0	0.0	3	1.0402657678925724	29.462570895390932	230.0	36	1.05	0.95				
	317	1	0.0	0.0	0.0	0.0	3	1.0499698122183527	29.00140049187229	230.0	37	1.05	0.95				
	318	2	168.92296747263157	34.4947801445614	0.0	0.0	3	1.05	26.76809305160106	230.0	37	1.05	0.95				
	319	1	91.81698832596491	18.769218608070172	0.0	0.0	3	1.035737981717019	30.47714052687108	230.0	35	1.05	0.95				
	320	1	64.93135086035088	13.189180643508772	0.0	0.0	3	1.032313485147708	30.921885807869778	230.0	35	1.05	0.95				
	321	2	0.0	0.0	0.0	0.0	3	1.0496104661660213	28.18157111238482	230.0	37	1.05	0.95				
	322	2	0.0	0.0	0.0	0.0	3	1.05	32.850572703366204	230.0	37	1.05	0.95				
	323	2	0.0	0.0	0.0	0.0	3	1.0300998488358772	31.032471282898264	230.0	35	1.05	0.95				
	324	1	0.0	0.0	0.0	0.0	3	1.0460583294134833	35.19078193600733	230.0	36	1.05	0.95				
	325	1	0.0	0.0	0.0	0.0	3	1.0325095962095137	29.77701426733417	230.0	35	1.05	0.95				
];
