%% MATPOWER Case Format : Version 2
function mpc = RTS_GMLC
mpc.version = '2';

%%-----  Power Flow Data  -----%%
%% system MVA base
mpc.baseMVA = 100.0;
%% bus data
%    bus_i    type    Pd    Qd    Gs    Bs    area    Vm    Va    baseKV    zone    Vmax    Vmin
mpc.bus = [
	101	2	65.34240476210526	13.310489858947369	0.0	0.0	1	1.0327183498893928	1.5091637346589355	138.0	11	1.05	0.95				
	102	2	58.68715983263157	12.10044532631579	0.0	0.0	1	1.0327525367041621	1.4638713022565657	138.0	12	1.05	0.95				
	103	1	108.90400793684212	22.38582385368421	0.0	0.0	1	1.0242627758133491	0.004592338657618057	138.0	11	1.05	0.95				
	104	1	44.77164770736842	9.075333994736843	0.0	0.0	1	1.01845982349822	-1.8528176404245134	138.0	11	1.05	0.95				
	105	1	42.956580908421046	8.470311728421054	0.0	0.0	1	1.033072203657733	-1.7647677555012644	138.0	11	1.05	0.95				
	106	1	82.28302821894738	16.940623456842108	0.0	-100.0	1	1.0402065363478037	-4.153431388152799	138.0	12	1.05	0.95				
	107	2	75.62778328947368	15.125556657894737	0.0	0.0	1	1.0424179313067172	-1.383529817837871	138.0	12	1.05	0.95				
	108	1	103.45880754000001	21.17577932105263	0.0	0.0	1	1.0253286402413369	-3.7942014023488486	138.0	12	1.05	0.95				
	109	1	105.87889660526315	21.78080158736842	0.0	0.0	1	1.0260471643452271	-2.118807321882644	138.0	13	1.05	0.95				
	110	1	117.97934193157896	24.20089065263158	0.0	0.0	1	1.05	-3.17484312974074	138.0	13	1.05	0.95				
	111	1	0.0	0.0	0.0	0.0	1	1.008457361475497	-0.24245800553779429	230.0	13	1.05	0.95				
	112	1	0.0	0.0	0.0	0.0	1	1.0128852129102774	0.3126382672637426	230.0	13	1.05	0.95				
	113	3	160.3309005736842	32.67120238105263	0.0	0.0	1	1.004002813726552	-1.6560285957799508e-30	230.0	14	1.05	0.95				
	114	2	117.37431966526314	23.59586838631579	0.0	0.0	1	1.0073401162383104	2.045326442618363	230.0	16	1.05	0.95				
	115	2	191.79205842210527	38.72142504421053	0.0	0.0	1	1.04257578659817	9.344467483932085	230.0	16	1.05	0.95				
	116	2	60.50222663157895	12.10044532631579	0.0	0.0	1	1.0396978197682907	8.852167439306928	230.0	16	1.05	0.95				
	117	1	0.0	0.0	0.0	0.0	1	1.0456777630361205	11.756232370814704	230.0	17	1.05	0.95				
	118	2	201.47241468315792	41.14151410947369	0.0	0.0	1	1.04873836092577	12.285466838400719	230.0	17	1.05	0.95				
	119	1	109.50903020315789	22.38582385368421	0.0	0.0	1	1.0335246644497806	7.452282863007525	230.0	15	1.05	0.95				
	120	1	77.44285008842105	15.730578924210528	0.0	0.0	1	1.033307565869007	7.387343571290208	230.0	15	1.05	0.95				
	121	2	0.0	0.0	0.0	0.0	1	1.05	12.578975744923167	230.0	17	1.05	0.95				
	122	2	0.0	0.0	0.0	0.0	1	1.05	19.534743594223965	230.0	17	1.05	0.95				
	123	2	0.0	0.0	0.0	0.0	1	1.034541383792246	7.806698773148215	230.0	15	1.05	0.95				
	124	1	0.0	0.0	0.0	0.0	1	1.023983642979849	5.87576747353393	230.0	16	1.05	0.95				
	201	2	66.99637966736843	13.647410672982458	0.0	0.0	2	1.032300495186537	-9.82897847832434	138.0	21	1.05	0.95				
	202	2	60.17267433087719	12.406736975438598	0.0	0.0	2	1.0323919856348693	-9.930760754094669	138.0	22	1.05	0.95				
	203	1	111.66063277894737	22.952463404561403	0.0	0.0	2	1.0260843334814427	-6.85177165443957	138.0	21	1.05	0.95				
	204	1	45.904926809122806	9.305052731578947	0.0	0.0	2	1.0174999917605816	-12.095681603435631	138.0	21	1.05	0.95				
	205	1	44.043916262807016	8.68471588280702	0.0	0.0	2	1.0330499769451933	-12.474847691959912	138.0	21	1.05	0.95				
	206	1	84.36581143298247	17.36943176561404	0.0	-100.0	2	1.0401194018481548	-14.547807124618997	138.0	22	1.05	0.95				
	207	2	77.54210609649124	15.508421219298246	0.0	0.0	2	0.987086484206868	-23.867212623018585	138.0	22	1.05	0.95				
	208	1	106.07760114	21.71178970701754	0.0	0.0	2	0.9869789600068509	-20.87046643002113	138.0	22	1.05	0.95				
	209	1	108.55894853508772	22.332126555789475	0.0	0.0	2	1.024414589138691	-11.348146904295055	138.0	23	1.05	0.95				
	210	1	120.96568551052631	24.813473950877196	0.0	0.0	2	1.05	-13.196641611689428	138.0	23	1.05	0.95				
	211	1	0.0	0.0	0.0	0.0	2	1.0170757576498883	-7.932169605693239	230.0	23	1.05	0.95				
	212	1	0.0	0.0	0.0	0.0	2	1.0162514772950808	-7.1622965676150825	230.0	23	1.05	0.95				
	213	2	164.38926492456142	33.498189833684215	0.0	0.0	2	1.017720960680224	-6.527682024383492	230.0	24	1.05	0.95				
	214	2	120.34534866175439	24.193137102105265	0.0	0.0	2	1.02734756507857	-4.841230794125825	230.0	26	1.05	0.95				
	215	2	196.64678106070176	39.70155832140351	0.0	0.0	2	1.0416419549601539	3.575420961140269	230.0	26	1.05	0.95				
	216	2	62.03368487719298	12.406736975438598	0.0	0.0	2	1.0441460315707791	3.2816522170634297	230.0	26	1.05	0.95				
	217	1	0.0	0.0	0.0	0.0	2	1.0464793617833577	6.74813998119563	230.0	27	1.05	0.95				
	218	2	206.57217064105265	42.182905716491234	0.0	0.0	2	1.0490972426132013	7.4972165571613925	230.0	27	1.05	0.95				
	219	1	112.2809696277193	22.952463404561403	0.0	0.0	2	1.0426570675883304	2.2546153995484315	230.0	25	1.05	0.95				
	220	1	79.40311664280702	16.128758068070177	0.0	0.0	2	1.0464610435395816	2.528277938705482	230.0	25	1.05	0.95				
	221	2	0.0	0.0	0.0	0.0	2	1.0495652187294966	7.607718005954418	230.0	27	1.05	0.95				
	222	2	0.0	0.0	0.0	0.0	2	1.05	13.781617037357513	230.0	27	1.05	0.95				
	223	2	0.0	0.0	0.0	0.0	2	1.0499999962182223	3.130561653833328	230.0	25	1.05	0.95				
	224	1	0.0	0.0	0.0	0.0	2	1.0227958037980691	-0.3109163234394764	230.0	26	1.05	0.95				
	301	2	53.07750712421052	10.812084784561403	0.0	0.0	3	1.0083416600654675	-20.5012541090808	138.0	31	1.05	0.95				
	302	2	47.67146473192982	9.829167985964911	0.0	0.0	3	1.0076978908916316	-20.650856859210045	138.0	32	1.05	0.95				
	303	1	88.4625118736842	18.18396077403509	0.0	0.0	3	1.0284046049218132	-13.420142891095212	138.0	31	1.05	0.95				
	304	1	36.36792154807018	7.371875989473684	0.0	0.0	3	1.0095129263112812	-19.0307405520664	138.0	31	1.05	0.95				
	305	1	34.893546350175434	6.880417590175439	0.0	0.0	3	1.022710806332737	-20.00378796668336	138.0	31	1.05	0.95				
	306	1	66.83834230456141	13.760835180350877	0.0	-100.0	3	1.0385271766003474	-20.294134963430437	138.0	32	1.05	0.95				
	307	2	61.4322999122807	12.28645998245614	0.0	0.0	3	0.992506385871404	-25.736199343916386	138.0	32	1.05	0.95				
	308	1	84.03938627999999	17.201043975438594	0.0	0.0	3	0.9967402069854412	-23.46797819522174	138.0	32	1.05	0.95				
	309	1	86.00521987719297	17.69250237473684	0.0	0.0	3	1.0271253670870277	-15.700358026103403	138.0	33	1.05	0.95				
	310	1	95.83438786315789	19.658335971929823	0.0	0.0	3	1.05	-17.92629710363279	138.0	33	1.05	0.95				
	311	1	0.0	0.0	0.0	0.0	3	1.0127549876187614	-11.518240902545728	230.0	33	1.05	0.95				
	312	1	0.0	0.0	0.0	0.0	3	1.013936130969947	-11.066067994641575	230.0	33	1.05	0.95				
	313	2	130.2364758140351	26.53875356210526	0.0	0.0	3	1.0154908343877556	-8.051417600418365	230.0	34	1.05	0.95				
	314	2	95.34292946385963	19.166877572631577	0.0	0.0	3	1.0195542711206957	-9.216738485121873	230.0	36	1.05	0.95				
	315	2	155.79231257754384	31.453337555087717	0.0	0.0	3	1.0442664215488004	-3.3849199504690857	230.0	36	1.05	0.95				
	316	2	49.14583992982456	9.829167985964911	0.0	0.0	3	1.0430457553892407	-3.047369412918636	230.0	36	1.05	0.95				
	317	1	0.0	0.0	0.0	0.0	3	1.0469357214330446	-0.9515020692541056	230.0	37	1.05	0.95				
	318	2	163.65564696631577	33.419171152280704	0.0	0.0	3	1.047353738000925	-0.8147316766033134	230.0	37	1.05	0.95				
	319	1	88.95397027298245	18.18396077403509	0.0	0.0	3	1.0383021590747028	-4.185271257802259	230.0	35	1.05	0.95				
	320	1	62.906675110175435	12.777918381754386	0.0	0.0	3	1.0378677844187971	-4.24294400424861	230.0	35	1.05	0.95				
	321	2	0.0	0.0	0.0	0.0	3	1.049528139159273	-0.06730893679218847	230.0	37	1.05	0.95				
	322	2	0.0	0.0	0.0	0.0	3	1.05	4.9268398189796425	230.0	37	1.05	0.95				
	323	2	0.0	0.0	0.0	0.0	3	1.0384311049983765	-3.9057957186846464	230.0	35	1.05	0.95				
	324	1	0.0	0.0	0.0	0.0	3	1.0257521407315195	-7.123305870335891	230.0	36	1.05	0.95				
	325	1	0.0	0.0	0.0	0.0	3	1.0341153549303042	-2.5377405022323134	230.0	35	1.05	0.95				
];
