%% MATPOWER Case Format : Version 2
function mpc = RTS_GMLC
mpc.version = '2';

%%-----  Power Flow Data  -----%%
%% system MVA base
mpc.baseMVA = 100.0;
%% bus data
%    bus_i    type    Pd    Qd    Gs    Bs    area    Vm    Va    baseKV    zone    Vmax    Vmin
mpc.bus = [
	101	2	53.278574968421054	10.853043049122807	0.0	0.0	1	1.0113815336513168	0.8806154755406373	138.0	11	1.05	0.95				
	102	2	47.852053443859646	9.866402771929824	0.0	0.0	1	1.0102858937755927	0.5531815286305981	138.0	12	1.05	0.95				
	103	1	88.79762494736842	18.252845128070174	0.0	0.0	1	1.0219668770682622	1.4547317167049374	138.0	11	1.05	0.95				
	104	1	36.50569025614035	7.399802078947368	0.0	0.0	1	1.0103369447842854	-2.4348205079443788	138.0	11	1.05	0.95				
	105	1	35.02572984035087	6.906481940350878	0.0	0.0	1	1.0235831958499935	-2.436777173565218	138.0	11	1.05	0.95				
	106	1	67.09153884912281	13.812963880701757	0.0	-100.0	1	1.0379587450924717	-4.8041889593147005	138.0	12	1.05	0.95				
	107	2	61.6650173245614	12.33300346491228	0.0	0.0	1	0.9877518083408513	-11.828200436938806	138.0	12	1.05	0.95				
	108	1	84.3577437	17.26620485087719	0.0	0.0	1	0.994021750969589	-9.815985057078429	138.0	12	1.05	0.95				
	109	1	86.33102425438595	17.759524989473682	0.0	0.0	1	1.0256497864647758	-2.807839500970636	138.0	13	1.05	0.95				
	110	1	96.19742702631578	19.732805543859648	0.0	0.0	1	1.05	-4.158585941783606	138.0	13	1.05	0.95				
	111	1	0.0	0.0	0.0	0.0	1	1.022542267474065	-0.015965173068527648	230.0	13	1.05	0.95				
	112	1	0.0	0.0	0.0	0.0	1	1.01797472673815	-0.8991389342944903	230.0	13	1.05	0.95				
	113	3	130.72983672807018	26.639287484210527	0.0	0.0	1	1.005995366616299	3.342843951279266e-27	230.0	14	1.05	0.95				
	114	2	95.70410688771929	19.239485405263157	0.0	0.0	1	1.05	3.3246861492210864	230.0	16	1.05	0.95				
	115	2	156.38248393508772	31.572488870175437	0.0	0.0	1	1.0401571543520929	13.124061866608129	230.0	16	1.05	0.95				
	116	2	49.33201385964912	9.866402771929824	0.0	0.0	1	1.0418831379793065	11.250719047551934	230.0	16	1.05	0.95				
	117	1	0.0	0.0	0.0	0.0	1	1.0394258348957106	17.47711969974088	230.0	17	1.05	0.95				
	118	2	164.27560615263158	33.545769424561406	0.0	0.0	1	1.0478977728954382	18.14414357536523	230.0	17	1.05	0.95				
	119	1	89.2909450859649	18.252845128070174	0.0	0.0	1	1.0399103562231164	7.046496196702123	230.0	15	1.05	0.95				
	120	1	63.144977740350875	12.826323603508772	0.0	0.0	1	1.0455740753253402	4.3408784431537955	230.0	15	1.05	0.95				
	121	2	0.0	0.0	0.0	0.0	1	1.0429879737232524	19.98823091202518	230.0	17	1.05	0.95				
	122	2	0.0	0.0	0.0	0.0	1	1.05	37.9517328392808	230.0	17	1.05	0.95				
	123	2	0.0	0.0	0.0	0.0	1	1.05	3.2267146446578776	230.0	15	1.05	0.95				
	124	1	0.0	0.0	0.0	0.0	1	1.0187642682579554	8.783361015264452	230.0	16	1.05	0.95				
	201	2	53.41350543157895	10.880528884210525	0.0	0.0	2	1.0149971645364473	-14.731048300795898	138.0	21	1.05	0.95				
	202	2	47.97324098947368	9.891389894736841	0.0	0.0	2	1.0149779564263022	-14.81724071160296	138.0	22	1.05	0.95				
	203	1	89.02250905263158	18.299071305263155	0.0	0.0	2	1.0130299858516276	-11.557216651110123	138.0	21	1.05	0.95				
	204	1	36.59814261052631	7.4185424210526305	0.0	0.0	2	1.0117013372548656	-14.992762708963063	138.0	21	1.05	0.95				
	205	1	35.114434126315786	6.923972926315789	0.0	0.0	2	1.0263663142616921	-15.434059168839317	138.0	21	1.05	0.95				
	206	1	67.26145128421052	13.847945852631579	0.0	-100.0	2	1.0402027489173944	-16.3505887612996	138.0	22	1.05	0.95				
	207	2	61.821186842105256	12.364237368421053	0.0	0.0	2	0.9910680928171423	-22.836640691541014	138.0	22	1.05	0.95				
	208	1	84.57138359999999	17.30993231578947	0.0	0.0	2	0.995056374946464	-20.542499850683583	138.0	22	1.05	0.95				
	209	1	86.54966157894737	17.804501810526315	0.0	0.0	2	1.0237170889987266	-13.092727244053673	138.0	23	1.05	0.95				
	210	1	96.4410514736842	19.782779789473683	0.0	0.0	2	1.05	-14.551080121147159	138.0	23	1.05	0.95				
	211	1	0.0	0.0	0.0	0.0	2	1.0126191226599075	-9.521611215915305	230.0	23	1.05	0.95				
	212	1	0.0	0.0	0.0	0.0	2	1.0122155908325392	-8.009907165707425	230.0	23	1.05	0.95				
	213	2	131.06091610526315	26.706752715789474	0.0	0.0	2	1.0139494899184274	-7.350820652925524	230.0	24	1.05	0.95				
	214	2	95.94648197894736	19.288210294736842	0.0	0.0	2	1.017859570885269	-7.087330011054772	230.0	26	1.05	0.95				
	215	2	156.77852983157894	31.652447663157897	0.0	0.0	2	1.032462676007752	-0.8855814362582705	230.0	26	1.05	0.95				
	216	2	49.45694947368421	9.891389894736841	0.0	0.0	2	1.0356731633310023	-0.6519083724622902	230.0	26	1.05	0.95				
	217	1	0.0	0.0	0.0	0.0	2	1.0404390976571825	0.6135405000227517	230.0	27	1.05	0.95				
	218	2	164.6916417473684	33.63072564210526	0.0	0.0	2	1.0379785805342077	-0.04674176103246195	230.0	27	1.05	0.95				
	219	1	89.51707854736843	18.299071305263155	0.0	0.0	2	1.037464237347021	0.5102457342167376	230.0	25	1.05	0.95				
	220	1	63.304895326315794	12.858806863157895	0.0	0.0	2	1.0431617080792999	2.4526071551194817	230.0	25	1.05	0.95				
	221	2	0.0	0.0	0.0	0.0	2	1.0383275730845836	0.47719890574915347	230.0	27	1.05	0.95				
	222	2	0.0	0.0	0.0	0.0	2	1.05	7.03278580921253	230.0	27	1.05	0.95				
	223	2	0.0	0.0	0.0	0.0	2	1.0479534865450442	3.875416348737206	230.0	25	1.05	0.95				
	224	1	0.0	0.0	0.0	0.0	2	1.0119835707133018	-4.847689667347749	230.0	26	1.05	0.95				
	301	2	40.77760202526316	8.306548560701755	0.0	0.0	3	1.011788985892079	4.8875650126042745	138.0	31	1.05	0.95				
	302	2	36.62432774491228	7.55140778245614	0.0	0.0	3	1.01171334510471	4.814548441353368	138.0	32	1.05	0.95				
	303	1	67.96267004210526	13.970104397543858	0.0	0.0	3	1.0259075006525498	9.726917735728662	138.0	31	1.05	0.95				
	304	1	27.940208795087717	5.663555836842105	0.0	0.0	3	1.014327281659279	6.53599036687194	138.0	31	1.05	0.95				
	305	1	26.807497627719297	5.285985447719298	0.0	0.0	3	1.0262346944268845	5.16514441455616	138.0	31	1.05	0.95				
	306	1	51.34957292070176	10.571970895438596	0.0	-100.0	3	1.0428501062609354	4.864308868925927	138.0	32	1.05	0.95				
	307	2	47.196298640350875	9.439259728070175	0.0	0.0	3	0.9726797126155511	1.6203914042191212	138.0	32	1.05	0.95				
	308	1	64.56453653999999	13.214963619298246	0.0	0.0	3	0.9902189314590616	3.1904792022881674	138.0	32	1.05	0.95				
	309	1	66.07481809649123	13.592534008421051	0.0	0.0	3	1.0281708474794609	9.483858190759378	138.0	33	1.05	0.95				
	310	1	73.62622587894737	15.10281556491228	0.0	0.0	3	1.05	6.660448990083502	138.0	33	1.05	0.95				
	311	1	0.0	0.0	0.0	0.0	3	1.0057760169337424	11.524554060450617	230.0	33	1.05	0.95				
	312	1	0.0	0.0	0.0	0.0	3	1.0118804918189401	11.678259392973935	230.0	33	1.05	0.95				
	313	2	100.05615311754386	20.38880101263158	0.0	0.0	3	1.0090197076060117	14.289761066464179	230.0	34	1.05	0.95				
	314	2	73.24865548982456	14.725245175789473	0.0	0.0	3	0.997905136591492	12.699950086867208	230.0	36	1.05	0.95				
	315	2	119.68981335192981	24.164504903859648	0.0	0.0	3	1.0284013772488156	16.28659898067517	230.0	36	1.05	0.95				
	316	2	37.7570389122807	7.55140778245614	0.0	0.0	3	1.0254658298849961	16.557555528374433	230.0	36	1.05	0.95				
	317	1	0.0	0.0	0.0	0.0	3	1.0470373547495155	21.926611827704452	230.0	37	1.05	0.95				
	318	2	125.73093957789474	25.67478646035088	0.0	0.0	3	1.0466921455483071	18.758029044249113	230.0	37	1.05	0.95				
	319	1	68.34024043122807	13.970104397543858	0.0	0.0	3	1.019868946557876	15.266392790886888	230.0	35	1.05	0.95				
	320	1	48.329009807719295	9.816830117192982	0.0	0.0	3	1.017583722645609	14.885178338817548	230.0	35	1.05	0.95				
	321	2	0.0	0.0	0.0	0.0	3	1.0420555816665866	18.60706631139412	230.0	37	1.05	0.95				
	322	2	0.0	0.0	0.0	0.0	3	1.05	24.243275667189835	230.0	37	1.05	0.95				
	323	2	0.0	0.0	0.0	0.0	3	1.0166266022044828	14.972711922281638	230.0	35	1.05	0.95				
	324	1	0.0	0.0	0.0	0.0	3	1.01879915935187	13.813779496043605	230.0	36	1.05	0.95				
	325	1	0.0	0.0	0.0	0.0	3	1.0185191058474476	15.41453963885346	230.0	35	1.05	0.95				
];
