%% MATPOWER Case Format : Version 2
function mpc = RTS_GMLC
mpc.version = '2';

%%-----  Power Flow Data  -----%%
%% system MVA base
mpc.baseMVA = 100.0;
%% bus data
%    bus_i    type    Pd    Qd    Gs    Bs    area    Vm    Va    baseKV    zone    Vmax    Vmin
mpc.bus = [
	101	2	54.94854031578949	11.193221175438598	0.0	0.0	1	1.0473059372192253	2.317441844211709	138.0	11	1.05	0.95				
	102	2	49.351929728070175	10.17565561403509	0.0	0.0	1	1.0462075743354184	1.9920499784424417	138.0	12	1.05	0.95				
	103	1	91.5809005263158	18.824962885964915	0.0	0.0	1	1.029325458422073	-0.43688290880100045	138.0	11	1.05	0.95				
	104	1	37.64992577192983	7.631741710526316	0.0	0.0	1	1.027429747841469	-1.5642986067944729	138.0	11	1.05	0.95				
	105	1	36.12357742982456	7.122958929824563	0.0	0.0	1	1.0411132586110112	-1.6713787797284907	138.0	11	1.05	0.95				
	106	1	69.19445817543861	14.245917859649126	0.0	-100.0	1	1.0456994453364743	-4.461379844091345	138.0	12	1.05	0.95				
	107	2	63.5978475877193	12.71956951754386	0.0	0.0	1	0.9995132978474713	-11.193533581731067	138.0	12	1.05	0.95				
	108	1	87.0018555	17.807397324561403	0.0	0.0	1	1.0007607310462217	-9.617253630387982	138.0	12	1.05	0.95				
	109	1	89.03698662280702	18.316180105263157	0.0	0.0	1	1.024675508725536	-3.2899009138966777	138.0	13	1.05	0.95				
	110	1	99.21264223684211	20.35131122807018	0.0	0.0	1	1.05	-4.178934502969467	138.0	13	1.05	0.95				
	111	1	0.0	0.0	0.0	0.0	1	1.0055901600139685	-1.2243432255174915	230.0	13	1.05	0.95				
	112	1	0.0	0.0	0.0	0.0	1	1.009819470788608	-1.2279795247801009	230.0	13	1.05	0.95				
	113	3	134.82743688596491	27.474270157894743	0.0	0.0	1	1.0005825036111193	6.80272263470326e-31	230.0	14	1.05	0.95				
	114	2	98.70385945614035	19.842528447368423	0.0	0.0	1	1.0028487906207242	0.33347206372579075	230.0	16	1.05	0.95				
	115	2	161.28414148245616	32.56209796491228	0.0	0.0	1	1.036560822628253	6.731372939751802	230.0	16	1.05	0.95				
	116	2	50.87827807017544	10.17565561403509	0.0	0.0	1	1.0320740125223815	5.565787858847535	230.0	16	1.05	0.95				
	117	1	0.0	0.0	0.0	0.0	1	1.0391339204533592	9.178687682744307	230.0	17	1.05	0.95				
	118	2	169.42466597368423	34.597229087719306	0.0	0.0	1	1.042739011574465	9.997114738696327	230.0	17	1.05	0.95				
	119	1	92.08968330701755	18.824962885964915	0.0	0.0	1	1.0225490851507455	3.43784238082817	230.0	15	1.05	0.95				
	120	1	65.12419592982457	13.228352298245616	0.0	0.0	1	1.0186901708764364	2.4452543628098753	230.0	15	1.05	0.95				
	121	2	0.0	0.0	0.0	0.0	1	1.0454814955194394	11.812787756030673	230.0	17	1.05	0.95				
	122	2	0.0	0.0	0.0	0.0	1	1.05	17.554851035630215	230.0	17	1.05	0.95				
	123	2	0.0	0.0	0.0	0.0	1	1.0174857211998611	2.293282353957413	230.0	15	1.05	0.95				
	124	1	0.0	0.0	0.0	0.0	1	1.0245148210890558	4.042592599145164	230.0	16	1.05	0.95				
	201	2	53.107508273684225	10.818196129824562	0.0	0.0	2	1.0139283990264056	-12.1321224485036	138.0	21	1.05	0.95				
	202	2	47.69841020877193	9.834723754385966	0.0	0.0	2	1.0135882755407504	-12.263515313216319	138.0	22	1.05	0.95				
	203	1	88.51251378947369	18.194238945614035	0.0	0.0	2	1.0146434536732771	-9.363984384412154	138.0	21	1.05	0.95				
	204	1	36.38847789122807	7.376042815789474	0.0	0.0	2	1.011502143449854	-12.02699333082659	138.0	21	1.05	0.95				
	205	1	34.91326932807017	6.884306628070176	0.0	0.0	2	1.0258105309277457	-12.417754599897096	138.0	21	1.05	0.95				
	206	1	66.87612152982457	13.768613256140352	0.0	-100.0	2	1.039992909241851	-13.119953915465109	138.0	22	1.05	0.95				
	207	2	61.46702346491229	12.293404692982456	0.0	0.0	2	0.9921064566819939	-19.416104359861038	138.0	22	1.05	0.95				
	208	1	84.0868881	17.21076657017544	0.0	0.0	2	0.9959885958378392	-17.13852108045723	138.0	22	1.05	0.95				
	209	1	86.0538328508772	17.702502757894738	0.0	0.0	2	1.024606268694603	-9.805454519864272	138.0	23	1.05	0.95				
	210	1	95.88855660526316	19.66944750877193	0.0	0.0	2	1.05	-11.12461775916263	138.0	23	1.05	0.95				
	211	1	0.0	0.0	0.0	0.0	2	1.010454065909013	-6.407628587632652	230.0	23	1.05	0.95				
	212	1	0.0	0.0	0.0	0.0	2	1.0139223453878672	-3.6246180598864286	230.0	23	1.05	0.95				
	213	2	130.31008974561405	26.553754136842112	0.0	0.0	2	1.0124690621108448	-3.8955233757928265	230.0	24	1.05	0.95				
	214	2	95.39682041754386	19.177711321052634	0.0	0.0	2	1.0116608357187775	-4.482110599098207	230.0	26	1.05	0.95				
	215	2	155.88037150701754	31.47111601403509	0.0	0.0	2	1.027511763074261	1.0270122971935196	230.0	26	1.05	0.95				
	216	2	49.173618771929824	9.834723754385966	0.0	0.0	2	1.029604855129058	1.23739826171846	230.0	26	1.05	0.95				
	217	1	0.0	0.0	0.0	0.0	2	1.031311848542987	1.981521169289828	230.0	27	1.05	0.95				
	218	2	163.74815051052633	33.43806076491229	0.0	0.0	2	1.0300814776325244	1.4568985363445284	230.0	27	1.05	0.95				
	219	1	89.004249977193	18.194238945614035	0.0	0.0	2	1.0330866616416288	2.5394763643623675	230.0	25	1.05	0.95				
	220	1	62.94223202807018	12.785140880701757	0.0	0.0	2	1.0403625612129488	4.600526035257356	230.0	25	1.05	0.95				
	221	2	0.0	0.0	0.0	0.0	2	1.0322532174379169	2.113771035788856	230.0	27	1.05	0.95				
	222	2	0.0	0.0	0.0	0.0	2	1.05	8.556249900776685	230.0	27	1.05	0.95				
	223	2	0.0	0.0	0.0	0.0	2	1.0461004070473163	6.0842447174123615	230.0	25	1.05	0.95				
	224	1	0.0	0.0	0.0	0.0	2	1.0098913110391432	-2.85540730034105	230.0	26	1.05	0.95				
	301	2	49.90003162105264	10.164821256140351	0.0	0.0	3	1.0040614780158499	9.416892959805997	138.0	31	1.05	0.95				
	302	2	44.817620992982455	9.240746596491228	0.0	0.0	3	1.0038745330365064	9.352568941158149	138.0	32	1.05	0.95				
	303	1	83.16671936842106	17.095381203508772	0.0	0.0	3	1.0237002907576476	13.764329990188132	138.0	31	1.05	0.95				
	304	1	34.190762407017544	6.930559947368422	0.0	0.0	3	1.0089940324065398	11.199599019526845	138.0	31	1.05	0.95				
	305	1	32.804650417543854	6.468522617543861	0.0	0.0	3	1.020794348808481	10.259755285452709	138.0	31	1.05	0.95				
	306	1	62.837076856140364	12.937045235087721	0.0	-100.0	3	1.0384089541200876	10.19347413539032	138.0	32	1.05	0.95				
	307	2	57.75466622807017	11.550933245614035	0.0	0.0	3	0.9823395840407502	6.3313621458891305	138.0	32	1.05	0.95				
	308	1	79.0083834	16.171306543859647	0.0	0.0	3	0.9949487501475104	8.35808808290894	138.0	32	1.05	0.95				
	309	1	80.85653271929824	16.63334387368421	0.0	0.0	3	1.028441822160053	14.584756398494417	138.0	33	1.05	0.95				
	310	1	90.09727931578946	18.481493192982455	0.0	0.0	3	1.05	12.5867922061713	138.0	33	1.05	0.95				
	311	1	0.0	0.0	0.0	0.0	3	1.008130339159939	17.672725893088405	230.0	33	1.05	0.95				
	312	1	0.0	0.0	0.0	0.0	3	1.0144360470277312	17.698124639285115	230.0	33	1.05	0.95				
	313	2	122.43989240350876	24.95001581052632	0.0	0.0	3	1.0138167978432602	21.588320813087392	230.0	34	1.05	0.95				
	314	2	89.63524198596491	18.019455863157894	0.0	0.0	3	1.0030099565415282	18.436439043724484	230.0	36	1.05	0.95				
	315	2	146.46583355438597	29.570389108771934	0.0	0.0	3	1.0310167750188817	17.91457670956192	230.0	36	1.05	0.95				
	316	2	46.20373298245614	9.240746596491228	0.0	0.0	3	1.0289597159769397	18.415143033983604	230.0	36	1.05	0.95				
	317	1	0.0	0.0	0.0	0.0	3	1.0458177315804495	21.40168570871597	230.0	37	1.05	0.95				
	318	2	153.85843083157894	31.418538428070182	0.0	0.0	3	1.0450520430455472	18.841773082383586	230.0	37	1.05	0.95				
	319	1	83.62875669824562	17.095381203508772	0.0	0.0	3	1.024792636548513	18.216285511585895	230.0	35	1.05	0.95				
	320	1	59.14077821754387	12.012970575438597	0.0	0.0	3	1.0219824674517182	17.87056829578178	230.0	35	1.05	0.95				
	321	2	0.0	0.0	0.0	0.0	3	1.0415580762015135	19.16961656569238	230.0	37	1.05	0.95				
	322	2	0.0	0.0	0.0	0.0	3	1.05	24.375167398785596	230.0	37	1.05	0.95				
	323	2	0.0	0.0	0.0	0.0	3	1.0203751539939696	17.731912966731393	230.0	35	1.05	0.95				
	324	1	0.0	0.0	0.0	0.0	3	1.0236788967832802	17.807696610148405	230.0	36	1.05	0.95				
	325	1	0.0	0.0	0.0	0.0	3	1.0239310229262002	17.235616569987524	230.0	35	1.05	0.95				
];
