%% MATPOWER Case Format : Version 2
function mpc = RTS_GMLC
mpc.version = '2';

%%-----  Power Flow Data  -----%%
%% system MVA base
mpc.baseMVA = 100.0;
%% bus data
%    bus_i    type    Pd    Qd    Gs    Bs    area    Vm    Va    baseKV    zone    Vmax    Vmin
mpc.bus = [
	101	2	105.66204847578946	21.523750615438594	0.0	0.0	1	1.0477763844398873	-4.875659536580714	138.0	11	1.05	0.95				
	102	2	94.90017316807015	19.567046014035085	0.0	0.0	1	1.0475235899348392	-5.028078755462468	138.0	12	1.05	0.95				
	103	1	176.10341412631578	36.199035125964905	0.0	0.0	1	1.015605041122672	-5.357713892916532	138.0	11	1.05	0.95				
	104	1	72.39807025192981	14.675284510526312	0.0	0.0	1	1.0209940843733916	-7.974627695962686	138.0	11	1.05	0.95				
	105	1	69.46301334982455	13.696932209824562	0.0	0.0	1	1.0356114080433865	-8.492426441830824	138.0	11	1.05	0.95				
	106	1	133.05591289543858	27.393864419649123	0.0	-100.0	1	1.0326170268098067	-11.419797386894638	138.0	12	1.05	0.95				
	107	2	122.29403758771929	24.458807517543857	0.0	0.0	1	1.05	-7.1004995140696225	138.0	12	1.05	0.95				
	108	1	167.29824341999998	34.242330524561396	0.0	0.0	1	1.018670682928215	-10.60412668080017	138.0	12	1.05	0.95				
	109	1	171.211652622807	35.22068282526315	0.0	0.0	1	1.0273119691705732	-7.341990145189352	138.0	13	1.05	0.95				
	110	1	190.77869863684208	39.13409202807017	0.0	0.0	1	1.05	-9.141973709147873	138.0	13	1.05	0.95				
	111	1	0.0	0.0	0.0	0.0	1	1.02351952799351	-3.3976090695980465	230.0	13	1.05	0.95				
	112	1	0.0	0.0	0.0	0.0	1	1.0215514542639892	-2.234923080769529	230.0	13	1.05	0.95				
	113	3	259.2633596859649	52.83102423789473	0.0	0.0	1	1.032473701287818	-2.5797318970271827e-28	230.0	14	1.05	0.95				
	114	2	189.8003463361403	38.15573972736842	0.0	0.0	1	1.033630019256504	-1.616207219325084	230.0	16	1.05	0.95				
	115	2	310.1376793224561	62.61454724491228	0.0	0.0	1	1.0414562748753775	7.448154236097655	230.0	16	1.05	0.95				
	116	2	97.83523007017543	19.567046014035085	0.0	0.0	1	1.0438325054554327	6.94477843696174	230.0	16	1.05	0.95				
	117	1	0.0	0.0	0.0	0.0	1	1.0469218596446872	10.80090751464768	230.0	17	1.05	0.95				
	118	2	325.7913161336842	66.52795644771929	0.0	0.0	1	1.05	11.639869224160327	230.0	17	1.05	0.95				
	119	1	177.08176642701753	36.199035125964905	0.0	0.0	1	1.0392976758758998	5.538775159543775	230.0	15	1.05	0.95				
	120	1	125.22909448982456	25.437159818245615	0.0	0.0	1	1.0441510902920932	5.886744249424292	230.0	15	1.05	0.95				
	121	2	0.0	0.0	0.0	0.0	1	1.05	12.803363378744411	230.0	17	1.05	0.95				
	122	2	0.0	0.0	0.0	0.0	1	1.05	20.14978393832137	230.0	17	1.05	0.95				
	123	2	0.0	0.0	0.0	0.0	1	1.05	6.785818698213759	230.0	15	1.05	0.95				
	124	1	0.0	0.0	0.0	0.0	1	1.015650195063616	2.716618385434181	230.0	16	1.05	0.95				
	201	2	103.35904298526314	21.05461986736842	0.0	0.0	2	1.05	-11.67395512398237	138.0	21	1.05	0.95				
	202	2	92.83173305157894	19.140563515789474	0.0	0.0	2	1.05	-11.678554115614496	138.0	22	1.05	0.95				
	203	1	172.26507164210526	35.41004250421052	0.0	0.0	2	1.022503271446558	-9.019519360111476	138.0	21	1.05	0.95				
	204	1	70.82008500842105	14.355422636842105	0.0	0.0	2	1.017142390046207	-12.945986358902223	138.0	21	1.05	0.95				
	205	1	67.94900048105262	13.398394461052632	0.0	0.0	2	1.034702389552165	-13.3915809624604	138.0	21	1.05	0.95				
	206	1	130.15583190736842	26.796788922105264	0.0	-100.0	2	1.0299288861178861	-15.237603122787652	138.0	22	1.05	0.95				
	207	2	119.62852197368422	23.92570439473684	0.0	0.0	2	0.95	-24.067608662884847	138.0	22	1.05	0.95				
	208	1	163.65181806	33.49598615263157	0.0	0.0	2	0.9510226164242298	-21.681888705742846	138.0	22	1.05	0.95				
	209	1	167.47993076315788	34.45301432842105	0.0	0.0	2	1.021894212800465	-10.117387764183224	138.0	23	1.05	0.95				
	210	1	186.62049427894735	38.28112703157895	0.0	0.0	2	1.0438748721602864	-12.139829707489717	138.0	23	1.05	0.95				
	211	1	0.0	0.0	0.0	0.0	2	1.030261620970974	-4.890552480714907	230.0	23	1.05	0.95				
	212	1	0.0	0.0	0.0	0.0	2	1.0227044595853294	-0.03647593916468181	230.0	23	1.05	0.95				
	213	2	253.6124665842105	51.67952149263157	0.0	0.0	2	1.05	0.1462042945468547	230.0	24	1.05	0.95				
	214	2	185.66346610315787	37.32409885578947	0.0	0.0	2	1.05	-3.3820592556180156	230.0	26	1.05	0.95				
	215	2	303.3779317252631	61.24980325052631	0.0	0.0	2	1.045680474754929	4.588142936075436	230.0	26	1.05	0.95				
	216	2	95.70281757894736	19.140563515789474	0.0	0.0	2	1.0489673401862387	4.685692112242611	230.0	26	1.05	0.95				
	217	1	0.0	0.0	0.0	0.0	2	1.05	7.25598198843063	230.0	27	1.05	0.95				
	218	2	318.6903825378947	65.07791595368421	0.0	0.0	2	1.0494435942842482	7.7920798022268425	230.0	27	1.05	0.95				
	219	1	173.22209981789473	35.41004250421052	0.0	0.0	2	1.0414310591436755	5.082899094259477	230.0	25	1.05	0.95				
	220	1	122.49960650105263	24.882732570526315	0.0	0.0	2	1.0443176514110368	7.222016587564586	230.0	25	1.05	0.95				
	221	2	0.0	0.0	0.0	0.0	2	1.05	8.453383238277947	230.0	27	1.05	0.95				
	222	2	0.0	0.0	0.0	0.0	2	1.05	14.495566937114269	230.0	27	1.05	0.95				
	223	2	0.0	0.0	0.0	0.0	2	1.05	9.085019733337505	230.0	25	1.05	0.95				
	224	1	0.0	0.0	0.0	0.0	2	1.0196534176876308	-0.45408740934695524	230.0	26	1.05	0.95				
	301	2	86.98766214315789	17.719708955087718	0.0	0.0	3	1.005862323374737	-3.5584634575227336	138.0	31	1.05	0.95				
	302	2	78.12780766561403	16.10882632280702	0.0	0.0	3	1.006131658928979	-3.8857742010948173	138.0	32	1.05	0.95				
	303	1	144.97943690526316	29.80132869719298	0.0	0.0	3	1.0286528763248375	7.468125014505382	138.0	31	1.05	0.95				
	304	1	59.60265739438596	12.081619742105262	0.0	0.0	3	0.9944495074672896	-1.5695031440346572	138.0	31	1.05	0.95				
	305	1	57.18633344596491	11.276178425964913	0.0	0.0	3	1.0091112119288077	-2.443113847938597	138.0	31	1.05	0.95				
	306	1	109.54001899508772	22.552356851929826	0.0	-100.0	3	1.0170944406901656	-2.70618612130516	138.0	32	1.05	0.95				
	307	2	100.68016451754387	20.13603290350877	0.0	0.0	3	0.9833878769539315	-5.268004553264816	138.0	32	1.05	0.95				
	308	1	137.73046506	28.19044606491228	0.0	0.0	3	0.9822534718423753	-3.5481896812258773	138.0	32	1.05	0.95				
	309	1	140.95223032456138	28.995887381052633	0.0	0.0	3	1.0154453371291623	3.695532593826619	138.0	33	1.05	0.95				
	310	1	157.06105664736842	32.21765264561404	0.0	0.0	3	1.0357457021864749	1.3278619831853984	138.0	33	1.05	0.95				
	311	1	0.0	0.0	0.0	0.0	3	1.0076475792419781	9.23002807529474	230.0	33	1.05	0.95				
	312	1	0.0	0.0	0.0	0.0	3	1.0100627066427226	10.043640943399014	230.0	33	1.05	0.95				
	313	2	213.44194877719298	43.493831071578946	0.0	0.0	3	1.0282626270588848	15.971740177954763	230.0	34	1.05	0.95				
	314	2	156.25561533122806	31.41221132947368	0.0	0.0	3	1.0154121311220945	9.890526809227268	230.0	36	1.05	0.95				
	315	2	255.3248972164912	51.548244232982455	0.0	0.0	3	1.04113988859063	10.308609824690553	230.0	36	1.05	0.95				
	316	2	80.54413161403508	16.10882632280702	0.0	0.0	3	1.0372976488838628	10.757399965497253	230.0	36	1.05	0.95				
	317	1	0.0	0.0	0.0	0.0	3	1.0438271928444995	12.168765950696429	230.0	37	1.05	0.95				
	318	2	268.21195827473684	54.77000949754386	0.0	0.0	3	1.0435764700734473	11.344717994220177	230.0	37	1.05	0.95				
	319	1	145.78487822140352	29.80132869719298	0.0	0.0	3	1.031486054097784	11.16233038275121	230.0	35	1.05	0.95				
	320	1	103.09648846596491	20.941474219649123	0.0	0.0	3	1.0306361393735728	11.755246243165445	230.0	35	1.05	0.95				
	321	2	0.0	0.0	0.0	0.0	3	1.0463041654217824	12.702331846104242	230.0	37	1.05	0.95				
	322	2	0.0	0.0	0.0	0.0	3	1.05	18.261880128367448	230.0	37	1.05	0.95				
	323	2	0.0	0.0	0.0	0.0	3	1.0310695651553028	12.082854228802995	230.0	35	1.05	0.95				
	324	1	0.0	0.0	0.0	0.0	3	1.0331356035011636	11.041755036527626	230.0	36	1.05	0.95				
	325	1	0.0	0.0	0.0	0.0	3	1.0333899269295244	12.153704527798967	230.0	35	1.05	0.95				
];

%% generator data
%    bus    Pg    Qg    Qmax    Qmin    Vg    mBase    status    Pmax    Pmin    Pc1    Pc2    Qc1min    Qc1max    Qc2min    Qc2max    ramp_agc    ramp_10    ramp_30    ramp_q    apf
