%% MATPOWER Case Format : Version 2
function mpc = RTS_GMLC
mpc.version = '2';

%%-----  Power Flow Data  -----%%
%% system MVA base
mpc.baseMVA = 100.0;
%% bus data
%    bus_i    type    Pd    Qd    Gs    Bs    area    Vm    Va    baseKV    zone    Vmax    Vmin
mpc.bus = [
	101	2	47.654131604210534	9.707323104561405	0.0	0.0	1	1.031974948608483	0.5222331889012842	138.0	11	1.05	0.95				
	102	2	42.80047005192983	8.824839185964914	0.0	0.0	1	1.0310767356572674	0.2505479038777078	138.0	12	1.05	0.95				
	103	1	79.42355267368421	16.32595249403509	0.0	0.0	1	1.0268159130312826	-0.4080929067332973	138.0	11	1.05	0.95				
	104	1	32.65190498807018	6.618629389473685	0.0	0.0	1	1.020179514904876	-2.5828317663226845	138.0	11	1.05	0.95				
	105	1	31.32817911017544	6.17738743017544	0.0	0.0	1	1.0350450353320702	-2.4343123128313655	138.0	11	1.05	0.95				
	106	1	60.00890646456142	12.35477486035088	0.0	-100.0	1	1.0447257364551201	-4.5763630459531965	138.0	12	1.05	0.95				
	107	2	55.15524491228071	11.031048982456142	0.0	0.0	1	1.0003710135863386	-11.128911889239154	138.0	12	1.05	0.95				
	108	1	75.45237504	15.4434685754386	0.0	0.0	1	1.00317247849653	-9.29086107642384	138.0	12	1.05	0.95				
	109	1	77.21734287719299	15.884710534736843	0.0	0.0	1	1.02443977391711	-3.1056798941490666	138.0	13	1.05	0.95				
	110	1	86.0421820631579	17.649678371929827	0.0	0.0	1	1.05	-4.0349391137852395	138.0	13	1.05	0.95				
	111	1	0.0	0.0	0.0	0.0	1	1.0046095450560475	-0.7691154032824075	230.0	13	1.05	0.95				
	112	1	0.0	0.0	0.0	0.0	1	1.0094187651352684	-0.7901041923336298	230.0	13	1.05	0.95				
	113	3	116.9291192140351	23.827065802105267	0.0	0.0	1	0.9992723979777983	2.8150694826826768e-30	230.0	14	1.05	0.95				
	114	2	85.60094010385966	17.20843641263158	0.0	0.0	1	1.0022698738212792	1.486772833306586	230.0	16	1.05	0.95				
	115	2	139.87370109754386	28.239485395087723	0.0	0.0	1	1.03475922715486	7.862268461364522	230.0	16	1.05	0.95				
	116	2	44.124195929824566	8.824839185964914	0.0	0.0	1	1.0321057035459487	7.246153744551172	230.0	16	1.05	0.95				
	117	1	0.0	0.0	0.0	0.0	1	1.0377222528353967	10.385475829770037	230.0	17	1.05	0.95				
	118	2	146.93357244631582	30.00445323228071	0.0	0.0	1	1.040523062217978	10.722291206085773	230.0	17	1.05	0.95				
	119	1	79.86479463298247	16.32595249403509	0.0	0.0	1	1.0248945783726793	5.2506971607165	230.0	15	1.05	0.95				
	120	1	56.478970790175445	11.472290941754387	0.0	0.0	1	1.0223917955537314	4.365370987631383	230.0	15	1.05	0.95				
	121	2	0.0	0.0	0.0	0.0	1	1.04275874864616	12.061632934742155	230.0	17	1.05	0.95				
	122	2	0.0	0.0	0.0	0.0	1	1.05	20.501880108838186	230.0	17	1.05	0.95				
	123	2	0.0	0.0	0.0	0.0	1	1.0215987554601493	4.219487575985375	230.0	15	1.05	0.95				
	124	1	0.0	0.0	0.0	0.0	1	1.0213263286579692	4.75983623184048	230.0	16	1.05	0.95				
	201	2	50.76153	10.340311666666667	0.0	0.0	2	1.0218812307708132	-12.886108344785924	138.0	21	1.05	0.95				
	202	2	45.59137416666667	9.400283333333334	0.0	0.0	2	1.0224214123781912	-12.816234354744072	138.0	22	1.05	0.95				
	203	1	84.60255	17.39052416666667	0.0	0.0	2	1.0157213651752641	-10.882977891201122	138.0	21	1.05	0.95				
	204	1	34.78104833333334	7.0502125	0.0	0.0	2	1.0154158541279832	-13.823046109762116	138.0	21	1.05	0.95				
	205	1	33.371005833333335	6.5801983333333345	0.0	0.0	2	1.030209556119697	-14.189169582490043	138.0	21	1.05	0.95				
	206	1	63.92192666666667	13.160396666666669	0.0	-100.0	2	1.0425700832961486	-15.372360263950027	138.0	22	1.05	0.95				
	207	2	58.75177083333334	11.750354166666668	0.0	0.0	2	0.9921726894495827	-21.88168566629656	138.0	22	1.05	0.95				
	208	1	80.3724225	16.450495833333335	0.0	0.0	2	0.996661759735518	-19.71876102151741	138.0	22	1.05	0.95				
	209	1	82.25247916666667	16.92051	0.0	0.0	2	1.0232005043259362	-12.70941049629715	138.0	23	1.05	0.95				
	210	1	91.6527625	18.80056666666667	0.0	0.0	2	1.05	-13.99826018383033	138.0	23	1.05	0.95				
	211	1	0.0	0.0	0.0	0.0	2	1.0084507664826743	-9.606938834899198	230.0	23	1.05	0.95				
	212	1	0.0	0.0	0.0	0.0	2	1.009890206663891	-8.45969668564376	230.0	23	1.05	0.95				
	213	2	124.55375416666668	25.380765	0.0	0.0	2	1.0068963098886228	-7.951194014985468	230.0	24	1.05	0.95				
	214	2	91.18274833333334	18.3305525	0.0	0.0	2	1.0102960256735278	-7.2248170108549425	230.0	26	1.05	0.95				
	215	2	148.99449083333334	30.080906666666667	0.0	0.0	2	1.0245982623276866	-0.9818447807245491	230.0	26	1.05	0.95				
	216	2	47.00141666666667	9.400283333333334	0.0	0.0	2	1.0266781729185257	-0.9795939630445618	230.0	26	1.05	0.95				
	217	1	0.0	0.0	0.0	0.0	2	1.0299053167500434	0.6259014750048578	230.0	27	1.05	0.95				
	218	2	156.51471750000002	31.960963333333336	0.0	0.0	2	1.0289348676733747	-0.02976847361400806	230.0	27	1.05	0.95				
	219	1	85.07256416666668	17.39052416666667	0.0	0.0	2	1.0283330114069187	-0.545274030499264	230.0	25	1.05	0.95				
	220	1	60.161813333333335	12.220368333333335	0.0	0.0	2	1.0332598519728224	0.739631814692501	230.0	25	1.05	0.95				
	221	2	0.0	0.0	0.0	0.0	2	1.0307562647543658	0.4619314953791125	230.0	27	1.05	0.95				
	222	2	0.0	0.0	0.0	0.0	2	1.05	7.019259932967639	230.0	27	1.05	0.95				
	223	2	0.0	0.0	0.0	0.0	2	1.0371416843559325	1.794615579865879	230.0	25	1.05	0.95				
	224	1	0.0	0.0	0.0	0.0	2	1.0090917555144265	-4.695257726606572	230.0	26	1.05	0.95				
	301	2	39.61594432421053	8.069914584561404	0.0	0.0	3	1.0124306911216054	-4.07800158248198	138.0	31	1.05	0.95				
	302	2	35.58098703192983	7.336285985964913	0.0	0.0	3	1.0123790207072279	-4.1632397531223235	138.0	32	1.05	0.95				
	303	1	66.02657387368423	13.57212907403509	0.0	0.0	3	1.0258005260327219	0.9949073700588813	138.0	31	1.05	0.95				
	304	1	27.14425814807018	5.502214489473685	0.0	0.0	3	1.0145221726416453	-2.56343836460396	138.0	31	1.05	0.95				
	305	1	26.043815250175438	5.13540019017544	0.0	0.0	3	1.0267398196860564	-3.8717157483936306	138.0	31	1.05	0.95				
	306	1	49.886744704561416	10.27080038035088	0.0	-100.0	3	1.0433228685838807	-4.205017641811416	138.0	32	1.05	0.95				
	307	2	45.85178741228071	9.170357482456142	0.0	0.0	3	0.9798354999529149	-7.424386865253796	138.0	32	1.05	0.95				
	308	1	62.72524518000001	12.838500475438597	0.0	0.0	3	0.9946205911055035	-5.8846786306278185	138.0	32	1.05	0.95				
	309	1	64.192502377193	13.205314774736843	0.0	0.0	3	1.0274236346822379	0.24581040464838974	138.0	33	1.05	0.95				
	310	1	71.5287883631579	14.672571971929827	0.0	0.0	3	1.05	-2.4819080555492277	138.0	33	1.05	0.95				
	311	1	0.0	0.0	0.0	0.0	3	1.0038965994685654	2.1407808380074482	230.0	33	1.05	0.95				
	312	1	0.0	0.0	0.0	0.0	3	1.0103493655461173	2.4299503643907103	230.0	33	1.05	0.95				
	313	2	97.2057893140351	19.807972162105266	0.0	0.0	3	1.0070007869026691	5.015071972329275	230.0	34	1.05	0.95				
	314	2	71.16197406385966	14.30575767263158	0.0	0.0	3	0.9940837883621662	3.0391752589575813	230.0	36	1.05	0.95				
	315	2	116.28013287754386	23.476115155087722	0.0	0.0	3	1.021358848486141	6.361138491350043	230.0	36	1.05	0.95				
	316	2	36.68142992982457	7.336285985964913	0.0	0.0	3	1.0183672817754572	6.472425573099807	230.0	36	1.05	0.95				
	317	1	0.0	0.0	0.0	0.0	3	1.0367225484806506	11.062597462209295	230.0	37	1.05	0.95				
	318	2	122.14916166631579	24.943372352280708	0.0	0.0	3	1.035689552440325	8.911129694742428	230.0	37	1.05	0.95				
	319	1	66.39338817298247	13.57212907403509	0.0	0.0	3	1.0143538772030087	5.5264486697309385	230.0	35	1.05	0.95				
	320	1	46.952230310175445	9.537171781754388	0.0	0.0	3	1.0131978906848282	5.436034750625736	230.0	35	1.05	0.95				
	321	2	0.0	0.0	0.0	0.0	3	1.0333809156723894	8.689434811937673	230.0	37	1.05	0.95				
	322	2	0.0	0.0	0.0	0.0	3	1.049286010280156	13.931480152041193	230.0	37	1.05	0.95				
	323	2	0.0	0.0	0.0	0.0	3	1.0128538932060651	5.678026831623496	230.0	35	1.05	0.95				
	324	1	0.0	0.0	0.0	0.0	3	1.0154973931482056	4.321976537177245	230.0	36	1.05	0.95				
	325	1	0.0	0.0	0.0	0.0	3	1.014616462835253	6.2394227282578845	230.0	35	1.05	0.95				
];
