%% MATPOWER Case Format : Version 2
function mpc = RTS_GMLC
mpc.version = '2';

%%-----  Power Flow Data  -----%%
%% system MVA base
mpc.baseMVA = 100.0;
%% bus data
%    bus_i    type    Pd    Qd    Gs    Bs    area    Vm    Va    baseKV    zone    Vmax    Vmin
mpc.bus = [
	101	2	85.03463633684211	17.321870364912282	0.0	0.0	1	1.0361002112954347	-2.459412562506433	138.0	11	1.05	0.95				
	102	2	76.37370115438597	15.747154877192985	0.0	0.0	1	1.036085567979488	-2.5440340306211184	138.0	12	1.05	0.95				
	103	1	141.72439389473686	29.13223652280702	0.0	0.0	1	1.0220067762518845	-1.7655315829447236	138.0	11	1.05	0.95				
	104	1	58.26447304561404	11.810366157894737	0.0	0.0	1	1.0169085352914589	-5.529184202274975	138.0	11	1.05	0.95				
	105	1	55.902399814035086	11.02300841403509	0.0	0.0	1	1.0324183359347212	-5.702740378748666	138.0	11	1.05	0.95				
	106	1	107.08065316491229	22.04601682807018	0.0	-100.0	1	1.0357616948674222	-8.235204819953323	138.0	12	1.05	0.95				
	107	2	98.41971798245615	19.68394359649123	0.0	0.0	1	1.0451849741232269	-5.333741554578346	138.0	12	1.05	0.95				
	108	1	134.6381742	27.557521035087717	0.0	0.0	1	1.02161435660853	-7.91671388078914	138.0	12	1.05	0.95				
	109	1	137.78760517543859	28.34487877894737	0.0	0.0	1	1.0265249329857866	-4.8369685288450315	138.0	13	1.05	0.95				
	110	1	153.53476005263158	31.49430975438597	0.0	0.0	1	1.05	-6.51956159280519	138.0	13	1.05	0.95				
	111	1	0.0	0.0	0.0	0.0	1	1.0163555059588354	-1.7443898484540346	230.0	13	1.05	0.95				
	112	1	0.0	0.0	0.0	0.0	1	1.0173982898844807	-1.2546828542821697	230.0	13	1.05	0.95				
	113	3	208.64980212280702	42.517318168421056	0.0	0.0	1	1.0178037475198094	-6.623835096035015e-30	230.0	14	1.05	0.95				
	114	2	152.74740230877194	30.70695201052632	0.0	0.0	1	1.0225464984282164	0.675086076220302	230.0	16	1.05	0.95				
	115	2	249.5924048035088	50.39089560701755	0.0	0.0	1	1.04316090547601	9.909742258952543	230.0	16	1.05	0.95				
	116	2	78.73577438596492	15.747154877192985	0.0	0.0	1	1.0422267853039238	8.896784393782836	230.0	16	1.05	0.95				
	117	1	0.0	0.0	0.0	0.0	1	1.0452223169244759	12.703103259757453	230.0	17	1.05	0.95				
	118	2	262.1901287052632	53.540326582456146	0.0	0.0	1	1.0490017740231392	13.175324690831259	230.0	17	1.05	0.95				
	119	1	142.5117516385965	29.13223652280702	0.0	0.0	1	1.0362818872129735	6.820019498130387	230.0	15	1.05	0.95				
	120	1	100.7817912140351	20.471301340350877	0.0	0.0	1	1.037963094821499	6.135362011164248	230.0	15	1.05	0.95				
	121	2	0.0	0.0	0.0	0.0	1	1.05	15.057002889949626	230.0	17	1.05	0.95				
	122	2	0.0	0.0	0.0	0.0	1	1.05	24.620326062447884	230.0	17	1.05	0.95				
	123	2	0.0	0.0	0.0	0.0	1	1.041013419614969	6.342014314421206	230.0	15	1.05	0.95				
	124	1	0.0	0.0	0.0	0.0	1	1.0206134322783238	5.578904252060261	230.0	16	1.05	0.95				
	201	2	83.38422793263159	16.985676060350876	0.0	0.0	2	1.0405602136221102	-12.578116881203595	138.0	21	1.05	0.95				
	202	2	74.89138990245614	15.44152369122807	0.0	0.0	2	1.0408523601595858	-12.659184924537055	138.0	22	1.05	0.95				
	203	1	138.97371322105263	28.56681882877193	0.0	0.0	2	1.0260002742648893	-9.528247653588872	138.0	21	1.05	0.95				
	204	1	57.13363765754386	11.581142768421051	0.0	0.0	2	1.0192477942024938	-14.023770133610638	138.0	21	1.05	0.95				
	205	1	54.817409103859646	10.80906658385965	0.0	0.0	2	1.0354929175369998	-14.453085297372434	138.0	21	1.05	0.95				
	206	1	105.00236110035088	21.6181331677193	0.0	-100.0	2	1.0381058582806337	-16.23047492935989	138.0	22	1.05	0.95				
	207	2	96.50952307017545	19.301904614035088	0.0	0.0	2	0.9539067821483561	-27.750123752738034	138.0	22	1.05	0.95				
	208	1	132.02502755999998	27.02266645964912	0.0	0.0	2	0.9598450198803592	-23.868233059176543	138.0	22	1.05	0.95				
	209	1	135.1133322982456	27.794742644210523	0.0	0.0	2	1.0260925980436892	-12.025372202626414	138.0	23	1.05	0.95				
	210	1	150.55485598947368	30.88304738245614	0.0	0.0	2	1.05	-13.935405394341101	138.0	23	1.05	0.95				
	211	1	0.0	0.0	0.0	0.0	2	1.029580380445702	-8.301377197166316	230.0	23	1.05	0.95				
	212	1	0.0	0.0	0.0	0.0	2	1.0251240694991373	-3.4529965547661043	230.0	23	1.05	0.95				
	213	2	204.60018890877188	41.692113966315794	0.0	0.0	2	1.0397822959258112	-5.605506720278204	230.0	24	1.05	0.95				
	214	2	149.78277980491228	30.110971197894738	0.0	0.0	2	1.0443315930558794	-6.144541061256356	230.0	26	1.05	0.95				
	215	2	244.7481505059649	49.41287581192982	0.0	0.0	2	1.0444979319106775	1.6578561805150294	230.0	26	1.05	0.95				
	216	2	77.20761845614035	15.44152369122807	0.0	0.0	2	1.0462972290585626	1.6840423222014045	230.0	26	1.05	0.95				
	217	1	0.0	0.0	0.0	0.0	2	1.0477158899830863	4.2735007022171505	230.0	27	1.05	0.95				
	218	2	257.1013694589474	52.50118055017544	0.0	0.0	2	1.048175394422783	4.430432185122009	230.0	27	1.05	0.95				
	219	1	139.74578940561403	28.56681882877193	0.0	0.0	2	1.0420080148660622	1.9786475613428933	230.0	25	1.05	0.95				
	220	1	98.82575162385965	20.07398079859649	0.0	0.0	2	1.0453253054780003	3.682003419037784	230.0	25	1.05	0.95				
	221	2	0.0	0.0	0.0	0.0	2	1.048254870928743	4.329026182100592	230.0	27	1.05	0.95				
	222	2	0.0	0.0	0.0	0.0	2	1.05	10.818093020982985	230.0	27	1.05	0.95				
	223	2	0.0	0.0	0.0	0.0	2	1.05	5.174573171283239	230.0	25	1.05	0.95				
	224	1	0.0	0.0	0.0	0.0	2	1.0235606649716857	-2.5012208012364114	230.0	26	1.05	0.95				
	301	2	78.63397658526317	16.018032267368422	0.0	0.0	3	1.0023523241753431	1.0508363109950158	138.0	31	1.05	0.95				
	302	2	70.62496045157894	14.561847515789475	0.0	0.0	3	1.0034674322285249	0.8710103712551731	138.0	32	1.05	0.95				
	303	1	131.0566276421053	26.93941790421053	0.0	0.0	3	1.0253888183679816	8.761488581321345	138.0	31	1.05	0.95				
	304	1	53.87883580842106	10.921385636842105	0.0	0.0	3	0.9980547133085189	3.3187521319950575	138.0	31	1.05	0.95				
	305	1	51.69455868105263	10.193293261052633	0.0	0.0	3	1.010804840003968	2.7683540837923037	138.0	31	1.05	0.95				
	306	1	99.02056310736843	20.386586522105265	0.0	-100.0	3	1.0230434212640478	2.9272782252119374	138.0	32	1.05	0.95				
	307	2	91.0115469736842	18.202309394736844	0.0	0.0	3	0.9780654475989009	-2.78522406939989	138.0	32	1.05	0.95				
	308	1	124.50379626000002	25.48323315263158	0.0	0.0	3	0.9838762317270916	0.6887031466682699	138.0	32	1.05	0.95				
	309	1	127.4161657631579	26.211325528421053	0.0	0.0	3	1.0209996518526738	8.326088054803922	138.0	33	1.05	0.95				
	310	1	141.97801327894737	29.12369503157895	0.0	0.0	3	1.041304547196937	6.861798645476533	138.0	33	1.05	0.95				
	311	1	0.0	0.0	0.0	0.0	3	1.0114608880448408	14.41183927055558	230.0	33	1.05	0.95				
	312	1	0.0	0.0	0.0	0.0	3	1.0157845664364396	15.683331742893413	230.0	33	1.05	0.95				
	313	2	192.9444795842105	39.316988292631585	0.0	0.0	3	1.038109210936577	22.751956465983962	230.0	34	1.05	0.95				
	314	2	141.24992090315789	28.395602655789475	0.0	0.0	3	1.0161618511195767	13.734645709144397	230.0	36	1.05	0.95				
	315	2	230.80528312526317	46.59791205052632	0.0	0.0	3	1.0391706480796328	10.186453323976474	230.0	36	1.05	0.95				
	316	2	72.80923757894737	14.561847515789475	0.0	0.0	3	1.0384482980914056	11.635567109648527	230.0	36	1.05	0.95				
	317	1	0.0	0.0	0.0	0.0	3	1.043986005284421	11.452165307515186	230.0	37	1.05	0.95				
	318	2	242.45476113789474	49.510281553684216	0.0	0.0	3	1.0417780872906233	9.797109422765525	230.0	37	1.05	0.95				
	319	1	131.78472001789473	26.93941790421053	0.0	0.0	3	1.0351951916698532	13.607333203275667	230.0	35	1.05	0.95				
	320	1	93.19582410105264	18.930401770526316	0.0	0.0	3	1.03610341843638	15.27955549170041	230.0	35	1.05	0.95				
	321	2	0.0	0.0	0.0	0.0	3	1.0421473987407193	10.515461703436243	230.0	37	1.05	0.95				
	322	2	0.0	0.0	0.0	0.0	3	1.05	15.209484166354915	230.0	37	1.05	0.95				
	323	2	0.0	0.0	0.0	0.0	3	1.0371288387638666	15.983040686291465	230.0	35	1.05	0.95				
	324	1	0.0	0.0	0.0	0.0	3	1.0316830013021563	11.565923497673754	230.0	36	1.05	0.95				
	325	1	0.0	0.0	0.0	0.0	3	1.03922796466467	15.910714052401323	230.0	35	1.05	0.95				
];
