%% MATPOWER Case Format : Version 2
function mpc = RTS_GMLC
mpc.version = '2';

%%-----  Power Flow Data  -----%%
%% system MVA base
mpc.baseMVA = 100.0;
%% bus data
%    bus_i    type    Pd    Qd    Gs    Bs    area    Vm    Va    baseKV    zone    Vmax    Vmin
mpc.bus = [
	101	2	62.20286984842106	12.670954969122809	0.0	0.0	1	1.0353722847159885	1.340882407323793	138.0	11	1.05	0.95				
	102	2	55.86739236385965	11.519049971929824	0.0	0.0	1	1.0353992501507692	1.2448122878765056	138.0	12	1.05	0.95				
	103	1	103.67144974736841	21.310242448070174	0.0	0.0	1	1.0194703577495712	0.7415091871813904	138.0	11	1.05	0.95				
	104	1	42.62048489614035	8.639287478947368	0.0	0.0	1	1.0189743129169015	-2.0915733735213116	138.0	11	1.05	0.95				
	105	1	40.892627400350875	8.063334980350877	0.0	0.0	1	1.0347120771144929	-2.0572371268253917	138.0	11	1.05	0.95				
	106	1	78.32953980912282	16.126669960701754	0.0	-100.0	1	1.041603697963248	-4.50533252615343	138.0	12	1.05	0.95				
	107	2	71.9940623245614	14.39881246491228	0.0	0.0	1	1.0342941685116724	-6.889106224334033	138.0	12	1.05	0.95				
	108	1	98.48787726	20.15833745087719	0.0	0.0	1	1.020479683495909	-7.079732559873044	138.0	12	1.05	0.95				
	109	1	100.79168725438596	20.734289949473684	0.0	0.0	1	1.0238237719135341	-2.4990666460753834	138.0	13	1.05	0.95				
	110	1	112.3107372263158	23.03809994385965	0.0	0.0	1	1.05	-3.69628772058906	138.0	13	1.05	0.95				
	111	1	0.0	0.0	0.0	0.0	1	1.005257599749176	-0.1354937555835068	230.0	13	1.05	0.95				
	112	1	0.0	0.0	0.0	0.0	1	1.0116694487479205	-0.16836886007838522	230.0	13	1.05	0.95				
	113	3	152.62741212807015	31.10143492421053	0.0	0.0	1	1.0050658331715991	5.859693261231027e-28	230.0	14	1.05	0.95				
	114	2	111.7347847277193	22.46214744526316	0.0	0.0	1	1.0002435685406466	2.8362295377131272	230.0	16	1.05	0.95				
	115	2	182.57694205508773	36.86095991017544	0.0	0.0	1	1.0279993136311454	11.600448185908265	230.0	16	1.05	0.95				
	116	2	57.59524985964912	11.519049971929824	0.0	0.0	1	1.0261784149688953	10.51175791902007	230.0	16	1.05	0.95				
	117	1	0.0	0.0	0.0	0.0	1	1.0323348006057482	14.283998766511207	230.0	17	1.05	0.95				
	118	2	191.7921820326316	39.16476990456141	0.0	0.0	1	1.0348736741927187	15.112087789693843	230.0	17	1.05	0.95				
	119	1	104.24740224596492	21.310242448070174	0.0	0.0	1	1.021660510309153	7.812194379508841	230.0	15	1.05	0.95				
	120	1	73.72191982035088	14.974764963508772	0.0	0.0	1	1.0237081452085133	6.588984971324145	230.0	15	1.05	0.95				
	121	2	0.0	0.0	0.0	0.0	1	1.0357187419666718	15.865158580703982	230.0	17	1.05	0.95				
	122	2	0.0	0.0	0.0	0.0	1	1.05	23.193795984054905	230.0	17	1.05	0.95				
	123	2	0.0	0.0	0.0	0.0	1	1.0260748825662094	6.3585933499020175	230.0	15	1.05	0.95				
	124	1	0.0	0.0	0.0	0.0	1	1.0114164506502308	7.525019687272205	230.0	16	1.05	0.95				
	201	2	76.3122934231579	15.545096808421052	0.0	0.0	2	1.0358359921301739	-20.574140884280485	138.0	21	1.05	0.95				
	202	2	68.53974501894736	14.131906189473684	0.0	0.0	2	1.0361556038842572	-20.727989334423455	138.0	22	1.05	0.95				
	203	1	127.18715570526315	26.144026450526315	0.0	0.0	2	1.0173132518890056	-15.354701908888025	138.0	21	1.05	0.95				
	204	1	52.28805290105263	10.598929642105263	0.0	0.0	2	1.016138493012326	-22.613954908486516	138.0	21	1.05	0.95				
	205	1	50.16826697263158	9.892334332631581	0.0	0.0	2	1.033714236948631	-23.19670229845898	138.0	21	1.05	0.95				
	206	1	96.09696208842105	19.784668665263162	0.0	-100.0	2	1.0385625501785198	-25.341271625721454	138.0	22	1.05	0.95				
	207	2	88.32441368421053	17.664882736842106	0.0	0.0	2	0.9672227749257514	-35.88022946411681	138.0	22	1.05	0.95				
	208	1	120.82779792	24.730835831578947	0.0	0.0	2	0.9703148551604113	-32.38242891452356	138.0	22	1.05	0.95				
	209	1	123.65417915789475	25.43743114105263	0.0	0.0	2	1.021951404000964	-21.289373131762172	138.0	23	1.05	0.95				
	210	1	137.7860853473684	28.263812378947367	0.0	0.0	2	1.05	-23.634919078527087	138.0	23	1.05	0.95				
	211	1	0.0	0.0	0.0	0.0	2	1.0266566431383313	-17.40904361168845	230.0	23	1.05	0.95				
	212	1	0.0	0.0	0.0	0.0	2	1.0200214294080536	-16.550819635286956	230.0	23	1.05	0.95				
	213	2	187.24775701052633	38.15614671157895	0.0	0.0	2	1.0361925506614516	-16.15811299127368	230.0	24	1.05	0.95				
	214	2	137.07949003789471	27.557217069473683	0.0	0.0	2	1.042957797514253	-13.623503130402806	230.0	26	1.05	0.95				
	215	2	223.9907131031579	45.22209980631579	0.0	0.0	2	1.038084971388908	-3.14307354200623	230.0	26	1.05	0.95				
	216	2	70.65953094736842	14.131906189473684	0.0	0.0	2	1.0419565635329209	-3.8367726241974878	230.0	26	1.05	0.95				
	217	1	0.0	0.0	0.0	0.0	2	1.0411103868846487	0.13668488218022323	230.0	27	1.05	0.95				
	218	2	235.29623805473685	48.048481044210526	0.0	0.0	2	1.0430866233700615	0.2823279551753188	230.0	27	1.05	0.95				
	219	1	127.89375101473685	26.144026450526315	0.0	0.0	2	1.040513374696456	-5.028172204825058	230.0	25	1.05	0.95				
	220	1	90.44419961263158	18.37147804631579	0.0	0.0	2	1.0454306387328616	-4.732060801926196	230.0	25	1.05	0.95				
	221	2	0.0	0.0	0.0	0.0	2	1.0436748389558619	0.024579568195936825	230.0	27	1.05	0.95				
	222	2	0.0	0.0	0.0	0.0	2	1.05	6.574015747380281	230.0	27	1.05	0.95				
	223	2	0.0	0.0	0.0	0.0	2	1.05	-4.056139619921083	230.0	25	1.05	0.95				
	224	1	0.0	0.0	0.0	0.0	2	1.0150361110334558	-7.675215425304857	230.0	26	1.05	0.95				
	301	2	48.789623520000006	9.938627013333333	0.0	0.0	3	1.0420596555492228	1.5360555843153039	138.0	31	1.05	0.95				
	302	2	43.82031001333333	9.035115466666667	0.0	0.0	3	1.037877806959965	1.2019483999055989	138.0	32	1.05	0.95				
	303	1	81.3160392	16.71496361333333	0.0	0.0	3	1.05	16.08758307931591	138.0	31	1.05	0.95				
	304	1	33.42992722666666	6.776336599999999	0.0	0.0	3	1.0182766497777471	2.17255484140945	138.0	31	1.05	0.95				
	305	1	32.07465990666666	6.324580826666668	0.0	0.0	3	1.0399831923954324	0.5783627841165854	138.0	31	1.05	0.95				
	306	1	61.43878517333333	12.649161653333335	0.0	-100.0	3	1.045687382454619	-0.5104877093965579	138.0	32	1.05	0.95				
	307	2	56.46947166666667	11.293894333333334	0.0	0.0	3	0.9552573141073771	2.9744006141201105	138.0	32	1.05	0.95				
	308	1	77.25023723999999	15.811452066666664	0.0	0.0	3	0.9762212028754973	1.3941656018401103	138.0	32	1.05	0.95				
	309	1	79.05726033333333	16.26320784	0.0	0.0	3	1.0159624219671464	4.857490683350336	138.0	33	1.05	0.95				
	310	1	88.0923758	18.070230933333335	0.0	0.0	3	1.0482670944802648	1.0301531768841252	138.0	33	1.05	0.95				
	311	1	0.0	0.0	0.0	0.0	3	1.0028191531183956	4.120142823513122	230.0	33	1.05	0.95				
	312	1	0.0	0.0	0.0	0.0	3	1.0081430132254043	5.170422374771984	230.0	33	1.05	0.95				
	313	2	119.71527993333333	24.394811760000003	0.0	0.0	3	1.0051225694990986	7.381424239230992	230.0	34	1.05	0.95				
	314	2	87.64062002666665	17.61847516	0.0	0.0	3	0.9950097948190187	2.540806919215767	230.0	36	1.05	0.95				
	315	2	143.20658014666668	28.912369493333333	0.0	0.0	3	1.0438611109853724	3.1196942580025144	230.0	36	1.05	0.95				
	316	2	45.17557733333334	9.035115466666667	0.0	0.0	3	1.0254873396994109	3.097841501215716	230.0	36	1.05	0.95				
	317	1	0.0	0.0	0.0	0.0	3	1.0422773180641476	2.882277711121413	230.0	37	1.05	0.95				
	318	2	150.43467252	30.719392586666665	0.0	0.0	3	1.0477667278846456	1.9234455736944485	230.0	37	1.05	0.95				
	319	1	81.76779497333334	16.71496361333333	0.0	0.0	3	1.01623119831228	3.614135956874932	230.0	35	1.05	0.95				
	320	1	57.82473898666667	11.745650106666668	0.0	0.0	3	1.0115808230711334	4.970285073810574	230.0	35	1.05	0.95				
	321	2	0.0	0.0	0.0	0.0	3	1.05	2.8526040696197614	230.0	37	1.05	0.95				
	322	2	0.0	0.0	0.0	0.0	3	1.05	7.202352537172805	230.0	37	1.05	0.95				
	323	2	0.0	0.0	0.0	0.0	3	1.0102133879992683	6.081034286810558	230.0	35	1.05	0.95				
	324	1	0.0	0.0	0.0	0.0	3	1.0419123161969515	8.079662788661036	230.0	36	1.05	0.95				
	325	1	0.0	0.0	0.0	0.0	3	1.0103731844559858	6.923602800665926	230.0	35	1.05	0.95				
];
