%% MATPOWER Case Format : Version 2
function mpc = RTS_GMLC
mpc.version = '2';

%%-----  Power Flow Data  -----%%
%% system MVA base
mpc.baseMVA = 100.0;
%% bus data
%    bus_i    type    Pd    Qd    Gs    Bs    area    Vm    Va    baseKV    zone    Vmax    Vmin
mpc.bus = [
	101	2	71.98218704842105	14.663038102456142	0.0	0.0	1	1.0458671986853485	1.0592884307146144	138.0	11	1.05	0.95				
	102	2	64.65066799719298	13.33003463859649	0.0	0.0	1	1.0446791222169414	0.6578552876900275	138.0	12	1.05	0.95				
	103	1	119.97031174736843	24.660564081403507	0.0	0.0	1	1.0308953210764293	0.39078575560138834	138.0	11	1.05	0.95				
	104	1	49.321128162807014	9.997525978947367	0.0	0.0	1	1.0251646124539944	-2.7805343767164246	138.0	11	1.05	0.95				
	105	1	47.32162296701754	9.331024247017544	0.0	0.0	1	1.038087201069975	-3.242037307589273	138.0	11	1.05	0.95				
	106	1	90.64423554245614	18.662048494035087	0.0	-100.0	1	1.0406349093768734	-6.345290175888493	138.0	12	1.05	0.95				
	107	2	83.31271649122807	16.662543298245613	0.0	0.0	1	1.005689380099099	-14.134419846340707	138.0	12	1.05	0.95				
	108	1	113.97179616	23.327560617543856	0.0	0.0	1	0.9985908521941713	-12.259441420500663	138.0	12	1.05	0.95				
	109	1	116.63780308771929	23.994062349473683	0.0	0.0	1	1.025874087448522	-4.010399561838542	138.0	13	1.05	0.95				
	110	1	129.96783772631576	26.66006927719298	0.0	0.0	1	1.05	-5.569417363305819	138.0	13	1.05	0.95				
	111	1	0.0	0.0	0.0	0.0	1	1.0138644509635857	-1.219879979739891	230.0	13	1.05	0.95				
	112	1	0.0	0.0	0.0	0.0	1	1.0166884404606282	-1.0672790275623376	230.0	13	1.05	0.95				
	113	3	176.6229589614035	35.99109352421053	0.0	0.0	1	1.0143417907381012	-4.2280245645397935e-30	230.0	14	1.05	0.95				
	114	2	129.30133599438597	25.993567545263158	0.0	0.0	1	1.017507362244202	1.3229647628734507	230.0	16	1.05	0.95				
	115	2	211.28104902175434	42.65611084350877	0.0	0.0	1	1.0455374845691703	10.14154266472179	230.0	16	1.05	0.95				
	116	2	66.65017319298245	13.33003463859649	0.0	0.0	1	1.043068461337638	8.90587740619233	230.0	16	1.05	0.95				
	117	1	0.0	0.0	0.0	0.0	1	1.0462779909321764	12.507684645567133	230.0	17	1.05	0.95				
	118	2	221.9450767326316	45.32211777122807	0.0	0.0	1	1.0486979473211264	13.36563609257706	230.0	17	1.05	0.95				
	119	1	120.63681347929824	24.660564081403507	0.0	0.0	1	1.0363149460308976	6.6743294269111475	230.0	15	1.05	0.95				
	120	1	85.31222168701754	17.32904503017544	0.0	0.0	1	1.0358759240672863	5.501975899047067	230.0	15	1.05	0.95				
	121	2	0.0	0.0	0.0	0.0	1	1.05	15.21609029453576	230.0	17	1.05	0.95				
	122	2	0.0	0.0	0.0	0.0	1	1.05	20.680182762925927	230.0	17	1.05	0.95				
	123	2	0.0	0.0	0.0	0.0	1	1.0372321855369957	5.354611339504703	230.0	15	1.05	0.95				
	124	1	0.0	0.0	0.0	0.0	1	1.0278047756780473	6.50525852500092	230.0	16	1.05	0.95				
	201	2	83.28222886736842	16.964898472982455	0.0	0.0	2	1.037969183834468	-16.31726187854058	138.0	21	1.05	0.95				
	202	2	74.79977963087718	15.422634975438598	0.0	0.0	2	1.0386242521866982	-16.31532872192168	138.0	22	1.05	0.95				
	203	1	138.80371477894738	28.5318747045614	0.0	0.0	2	1.0158454706471816	-13.860676460906081	138.0	21	1.05	0.95				
	204	1	57.0637494091228	11.566976231578947	0.0	0.0	2	1.0175632824876195	-17.33460956628094	138.0	21	1.05	0.95				
	205	1	54.750354162807014	10.795844482807018	0.0	0.0	2	1.0342287382101967	-17.739593817412466	138.0	21	1.05	0.95				
	206	1	104.87391783298246	21.591688965614036	0.0	-100.0	2	1.0377084140797062	-19.248183640921532	138.0	22	1.05	0.95				
	207	2	96.39146859649122	19.278293719298244	0.0	0.0	2	0.953508444578445	-30.66476616753723	138.0	22	1.05	0.95				
	208	1	131.86352903999997	26.98961120701754	0.0	0.0	2	0.959411716984829	-26.78378468165868	138.0	22	1.05	0.95				
	209	1	134.94805603508772	27.760742955789468	0.0	0.0	2	1.0249571647298892	-15.043649744745762	138.0	23	1.05	0.95				
	210	1	150.37069101052631	30.845269950877196	0.0	0.0	2	1.05	-16.75393487537276	138.0	23	1.05	0.95				
	211	1	0.0	0.0	0.0	0.0	2	1.0308850796876188	-10.872734507554483	230.0	23	1.05	0.95				
	212	1	0.0	0.0	0.0	0.0	2	1.0253107118892626	-5.758369570015041	230.0	23	1.05	0.95				
	213	2	204.34991342456138	41.64111443368421	0.0	0.0	2	1.0431801437428745	-7.927845484176762	230.0	24	1.05	0.95				
	214	2	149.59955926175437	30.074138202105267	0.0	0.0	2	1.0470157245742855	-8.626227438520804	230.0	26	1.05	0.95				
	215	2	244.44876436070174	49.352431921403515	0.0	0.0	2	1.0423571196767634	-0.6138316100260535	230.0	26	1.05	0.95				
	216	2	77.11317487719298	15.422634975438598	0.0	0.0	2	1.0456797858932672	-0.6522105887273622	230.0	26	1.05	0.95				
	217	1	0.0	0.0	0.0	0.0	2	1.0458740905323487	1.8190362894910064	230.0	27	1.05	0.95				
	218	2	256.78687234105263	52.43695891649123	0.0	0.0	2	1.0458925365095966	1.655272015858804	230.0	27	1.05	0.95				
	219	1	139.5748465277193	28.5318747045614	0.0	0.0	2	1.041603633600113	-0.25955426004465404	230.0	25	1.05	0.95				
	220	1	98.70486384280703	20.049425468070176	0.0	0.0	2	1.0451473192411935	1.52807768098989	230.0	25	1.05	0.95				
	221	2	0.0	0.0	0.0	0.0	2	1.046469027724216	1.674099231475894	230.0	27	1.05	0.95				
	222	2	0.0	0.0	0.0	0.0	2	1.05	8.240110757823885	230.0	27	1.05	0.95				
	223	2	0.0	0.0	0.0	0.0	2	1.05	3.06565144958053	230.0	25	1.05	0.95				
	224	1	0.0	0.0	0.0	0.0	2	1.0156685996722388	-5.506330093799602	230.0	26	1.05	0.95				
	301	2	59.94495413052632	12.211009174736843	0.0	0.0	3	0.9923060412364637	11.802133211097567	138.0	31	1.05	0.95				
	302	2	53.83944954315789	11.100917431578948	0.0	0.0	3	0.9920684052222446	11.804162920228697	138.0	32	1.05	0.95				
	303	1	99.90825688421052	20.536697248421053	0.0	0.0	3	1.0140635690046624	13.395912417830882	138.0	31	1.05	0.95				
	304	1	41.073394496842106	8.32568807368421	0.0	0.0	3	1.000626372572808	13.760352676857467	138.0	31	1.05	0.95				
	305	1	39.408256882105256	7.770642202105265	0.0	0.0	3	1.0124506444555053	13.853814374762647	138.0	31	1.05	0.95				
	306	1	75.48623853473686	15.54128440421053	0.0	-100.0	3	1.03232531806749	14.360372568128156	138.0	32	1.05	0.95				
	307	2	69.38073394736843	13.876146789473683	0.0	0.0	3	0.9828781269450839	11.516439440041486	138.0	32	1.05	0.95				
	308	1	94.91284404	19.426605505263154	0.0	0.0	3	0.9986182575878821	13.934170349366518	138.0	32	1.05	0.95				
	309	1	97.13302752631579	19.981651376842105	0.0	0.0	3	1.0269332749525	17.61366407019443	138.0	33	1.05	0.95				
	310	1	108.23394495789474	22.201834863157895	0.0	0.0	3	1.05	17.66463904919476	138.0	33	1.05	0.95				
	311	1	0.0	0.0	0.0	0.0	3	1.0150370847923795	23.239911893992673	230.0	33	1.05	0.95				
	312	1	0.0	0.0	0.0	0.0	3	1.0220316844545736	24.697673510450773	230.0	33	1.05	0.95				
	313	2	147.08715596842103	29.97247706526316	0.0	0.0	3	1.0407477252907997	32.1963535547934	230.0	34	1.05	0.95				
	314	2	107.67889908631578	21.646788991578948	0.0	0.0	3	1.014935084474669	20.851089244153112	230.0	36	1.05	0.95				
	315	2	175.94954129052633	35.52293578105263	0.0	0.0	3	1.0366215150252298	13.864298192869764	230.0	36	1.05	0.95				
	316	2	55.50458715789473	11.100917431578948	0.0	0.0	3	1.0387086823711569	15.276456363766426	230.0	36	1.05	0.95				
	317	1	0.0	0.0	0.0	0.0	3	1.0429725062519024	13.64683047059743	230.0	37	1.05	0.95				
	318	2	184.8302752357895	37.74311926736843	0.0	0.0	3	1.0424671117717201	12.2177630273938	230.0	37	1.05	0.95				
	319	1	100.46330275578947	20.536697248421053	0.0	0.0	3	1.0381365064424037	18.503926092580677	230.0	35	1.05	0.95				
	320	1	71.04587156210526	14.431192661052632	0.0	0.0	3	1.0406366527012403	20.929888222220793	230.0	35	1.05	0.95				
	321	2	0.0	0.0	0.0	0.0	3	1.041726132242332	13.338474847142047	230.0	37	1.05	0.95				
	322	2	0.0	0.0	0.0	0.0	3	1.05	17.783292371869226	230.0	37	1.05	0.95				
	323	2	0.0	0.0	0.0	0.0	3	1.0418868299716952	21.821887941253454	230.0	35	1.05	0.95				
	324	1	0.0	0.0	0.0	0.0	3	1.0262974893947185	15.599506774128262	230.0	36	1.05	0.95				
	325	1	0.0	0.0	0.0	0.0	3	1.0440517583722626	21.265817610627497	230.0	35	1.05	0.95				
];
