%% MATPOWER Case Format : Version 2
function mpc = RTS_GMLC
mpc.version = '2';

%%-----  Power Flow Data  -----%%
%% system MVA base
mpc.baseMVA = 100.0;
%% bus data
%    bus_i    type    Pd    Qd    Gs    Bs    area    Vm    Va    baseKV    zone    Vmax    Vmin
mpc.bus = [
	101	2	83.19099456	16.946313706666665	0.0	0.0	1	1.0328149238799973	-3.6181924740124907	138.0	11	1.05	0.95				
	102	2	74.71783770666666	15.405739733333334	0.0	0.0	1	1.0328091534604011	-3.6757232270489775	138.0	12	1.05	0.95				
	103	1	138.6516576	28.500618506666665	0.0	0.0	1	1.019021912543004	-3.887450553038532	138.0	11	1.05	0.95				
	104	1	57.00123701333333	11.554304799999999	0.0	0.0	1	1.0158994738817004	-6.321646753069561	138.0	11	1.05	0.95				
	105	1	54.690376053333324	10.784017813333334	0.0	0.0	1	1.0312257051603517	-6.391309363584849	138.0	11	1.05	0.95				
	106	1	104.75903018666666	21.568035626666667	0.0	-100.0	1	1.0357458626820872	-8.64445044828381	138.0	12	1.05	0.95				
	107	2	96.28587333333333	19.257174666666664	0.0	0.0	1	1.0480974644680827	-4.4214554182640295	138.0	12	1.05	0.95				
	108	1	131.71907472	26.960044533333328	0.0	0.0	1	1.0238142046378371	-7.4935766216572	138.0	12	1.05	0.95				
	109	1	134.80022266666666	27.730331519999996	0.0	0.0	1	1.0268077066171022	-5.368051432408037	138.0	13	1.05	0.95				
	110	1	150.2059624	30.81147946666667	0.0	0.0	1	1.05	-6.77005974865375	138.0	13	1.05	0.95				
	111	1	0.0	0.0	0.0	0.0	1	1.0153262239417364	-2.175987211266602	230.0	13	1.05	0.95				
	112	1	0.0	0.0	0.0	0.0	1	1.0169579234435187	-1.1751901981045794	230.0	13	1.05	0.95				
	113	3	204.12605146666664	41.59549728	0.0	0.0	1	1.0180923991520048	5.793250109079369e-29	230.0	14	1.05	0.95				
	114	2	149.4356754133333	30.04119248	0.0	0.0	1	1.0190282536681277	-0.1620348621709782	230.0	16	1.05	0.95				
	115	2	244.1809747733333	49.29836714666666	0.0	0.0	1	1.0450534213559928	7.636655558981869	230.0	16	1.05	0.95				
	116	2	77.02869866666666	15.405739733333334	0.0	0.0	1	1.0443052584272587	7.334908753010454	230.0	16	1.05	0.95				
	117	1	0.0	0.0	0.0	0.0	1	1.0475017218010736	10.327292184944609	230.0	17	1.05	0.95				
	118	2	256.50556656000003	52.37951509333333	0.0	0.0	1	1.0493526170951064	10.927006749799602	230.0	17	1.05	0.95				
	119	1	139.42194458666665	28.500618506666665	0.0	0.0	1	1.0387527961827907	6.255717389729451	230.0	15	1.05	0.95				
	120	1	98.59673429333333	20.027461653333333	0.0	0.0	1	1.0408316987227253	6.7688285676648094	230.0	15	1.05	0.95				
	121	2	0.0	0.0	0.0	0.0	1	1.05	11.659037125217901	230.0	17	1.05	0.95				
	122	2	0.0	0.0	0.0	0.0	1	1.05	17.996889450983762	230.0	17	1.05	0.95				
	123	2	0.0	0.0	0.0	0.0	1	1.0442316738572641	7.616219275585532	230.0	15	1.05	0.95				
	124	1	0.0	0.0	0.0	0.0	1	1.0208603455348135	3.382167734898598	230.0	16	1.05	0.95				
	201	2	84.74421531789474	17.2627105277193	0.0	0.0	2	1.046381677399683	-9.67433188697238	138.0	21	1.05	0.95				
	202	2	76.1128600540351	15.693373207017547	0.0	0.0	2	1.0469258765205125	-9.700572574898546	138.0	22	1.05	0.95				
	203	1	141.24035886315792	29.032740432982457	0.0	0.0	2	1.0277131285365426	-7.427335884907441	138.0	21	1.05	0.95				
	204	1	58.065480865964915	11.770029905263158	0.0	0.0	2	1.0215934041652197	-11.825565659903841	138.0	21	1.05	0.95				
	205	1	55.711474884912285	10.985361244912282	0.0	0.0	2	1.038124302000383	-12.174949847482017	138.0	21	1.05	0.95				
	206	1	106.7149378077193	21.970722489824563	0.0	-100.0	2	1.0389470146401245	-14.29524012607695	138.0	22	1.05	0.95				
	207	2	98.08358254385965	19.61671650877193	0.0	0.0	2	0.9505763145855048	-26.4085175394965	138.0	22	1.05	0.95				
	208	1	134.17834092	27.463403112280698	0.0	0.0	2	0.9570857316527936	-22.444378747257495	138.0	22	1.05	0.95				
	209	1	137.3170155614035	28.248071772631576	0.0	0.0	2	1.0257871876206193	-10.425455295019976	138.0	23	1.05	0.95				
	210	1	153.01038876842105	31.386746414035095	0.0	0.0	2	1.05	-12.279906281536661	138.0	23	1.05	0.95				
	211	1	0.0	0.0	0.0	0.0	2	1.030053036012351	-5.259633904429956	230.0	23	1.05	0.95				
	212	1	0.0	0.0	0.0	0.0	2	1.022744259105961	-3.9689663601223883	230.0	23	1.05	0.95				
	213	2	207.93719499298246	42.37210765894737	0.0	0.0	2	1.0456057275266502	-1.081684558747253	230.0	24	1.05	0.95				
	214	2	152.2257201080702	30.602077753684213	0.0	0.0	2	1.0470663313385438	-3.0629305786060765	230.0	26	1.05	0.95				
	215	2	248.73996533122806	50.21879426245614	0.0	0.0	2	1.045307886246281	4.909242318095482	230.0	26	1.05	0.95				
	216	2	78.46686603508772	15.693373207017547	0.0	0.0	2	1.049114587304577	4.887251116508476	230.0	26	1.05	0.95				
	217	1	0.0	0.0	0.0	0.0	2	1.0495502830673105	7.912982485380436	230.0	27	1.05	0.95				
	218	2	261.2946638968421	53.35746890385965	0.0	0.0	2	1.05	8.65937722429086	230.0	27	1.05	0.95				
	219	1	142.02502752350878	29.032740432982457	0.0	0.0	2	1.043803346788529	4.449535349064375	230.0	25	1.05	0.95				
	220	1	100.43758852491229	20.40138516912281	0.0	0.0	2	1.0461598245079453	5.534501877869688	230.0	25	1.05	0.95				
	221	2	0.0	0.0	0.0	0.0	2	1.05	9.132094321132092	230.0	27	1.05	0.95				
	222	2	0.0	0.0	0.0	0.0	2	1.05	15.16568578409359	230.0	27	1.05	0.95				
	223	2	0.0	0.0	0.0	0.0	2	1.05	6.699083905963213	230.0	25	1.05	0.95				
	224	1	0.0	0.0	0.0	0.0	2	1.0231638630734978	0.3162226607508166	230.0	26	1.05	0.95				
	301	2	78.9243910105263	16.077190761403507	0.0	0.0	3	1.0168407638431598	-20.37561173986022	138.0	31	1.05	0.95				
	302	2	70.88579562982456	14.615627964912278	0.0	0.0	3	1.0154260805548232	-20.751163844399567	138.0	32	1.05	0.95				
	303	1	131.54065168421053	27.038911735087716	0.0	0.0	3	1.0181271050739868	-13.893566806827241	138.0	31	1.05	0.95				
	304	1	54.07782347017543	10.96172097368421	0.0	0.0	3	1.0080001835194403	-19.231287458142837	138.0	31	1.05	0.95				
	305	1	51.885479275438584	10.230939575438597	0.0	0.0	3	1.0235065469951834	-19.971087410576903	138.0	31	1.05	0.95				
	306	1	99.3862701614035	20.461879150877195	0.0	-100.0	3	1.0332117210767626	-20.550348373434463	138.0	32	1.05	0.95				
	307	2	91.34767478070174	18.269534956140348	0.0	0.0	3	1.0116122671757413	-22.178124464217092	138.0	32	1.05	0.95				
	308	1	124.96361909999997	25.57734893859649	0.0	0.0	3	1.0023575434108798	-21.91588342688503	138.0	32	1.05	0.95				
	309	1	127.88674469298245	26.3081303368421	0.0	0.0	3	1.027548633219178	-15.003381604993589	138.0	33	1.05	0.95				
	310	1	142.5023726578947	29.231255929824556	0.0	0.0	3	1.05	-17.22609866563915	138.0	33	1.05	0.95				
	311	1	0.0	0.0	0.0	0.0	3	1.024295029856596	-9.49671159080741	230.0	33	1.05	0.95				
	312	1	0.0	0.0	0.0	0.0	3	1.0187013386689958	-8.10089653300214	230.0	33	1.05	0.95				
	313	2	193.65707053508768	39.46219550526315	0.0	0.0	3	1.0384963881827454	-4.738355045327821	230.0	34	1.05	0.95				
	314	2	141.7715912596491	28.500474531578945	0.0	0.0	3	1.0386861979011528	-7.2150955288562155	230.0	36	1.05	0.95				
	315	2	231.65770324385963	46.77000948771929	0.0	0.0	3	1.0499999923994312	0.2196925296498258	230.0	36	1.05	0.95				
	316	2	73.07813982456139	14.615627964912278	0.0	0.0	3	1.0492919569219834	0.4756875740261317	230.0	36	1.05	0.95				
	317	1	0.0	0.0	0.0	0.0	3	1.0491215345220992	2.405929020904816	230.0	37	1.05	0.95				
	318	2	243.35020561578946	49.69313508070175	0.0	0.0	3	1.047923436767225	2.4654402278174867	230.0	37	1.05	0.95				
	319	1	132.27143308245613	27.038911735087716	0.0	0.0	3	1.0443310291927768	0.47823382614885745	230.0	35	1.05	0.95				
	320	1	93.54001897543858	19.000316354385962	0.0	0.0	3	1.0464175547741799	1.8462434496167075	230.0	35	1.05	0.95				
	321	2	0.0	0.0	0.0	0.0	3	1.05	3.6424707269793286	230.0	37	1.05	0.95				
	322	2	0.0	0.0	0.0	0.0	3	1.05	8.933005343284586	230.0	37	1.05	0.95				
	323	2	0.0	0.0	0.0	0.0	3	1.05	3.12761511645363	230.0	35	1.05	0.95				
	324	1	0.0	0.0	0.0	0.0	3	1.0199273488633092	-4.970007706020026	230.0	36	1.05	0.95				
	325	1	0.0	0.0	0.0	0.0	3	1.0485052365609013	3.835279205588795	230.0	35	1.05	0.95				
];
