%% MATPOWER Case Format : Version 2
function mpc = RTS_GMLC
mpc.version = '2';

%%-----  Power Flow Data  -----%%
%% system MVA base
mpc.baseMVA = 100.0;
%% bus data
%    bus_i    type    Pd    Qd    Gs    Bs    area    Vm    Va    baseKV    zone    Vmax    Vmin
mpc.bus = [
	101	2	58.47550719157895	11.911677390877193	0.0	0.0	1	1.0341864698809147	-0.13928245308684498	138.0	11	1.05	0.95				
	102	2	52.51966849614035	10.828797628070175	0.0	0.0	1	1.0326188075337337	-0.47971464298140226	138.0	12	1.05	0.95				
	103	1	97.45917865263158	20.033275611929824	0.0	0.0	1	1.0195399269546837	2.0451485223975947	138.0	11	1.05	0.95				
	104	1	40.06655122385965	8.121598221052631	0.0	0.0	1	1.0176544883187668	-3.0768235834337356	138.0	11	1.05	0.95				
	105	1	38.44223157964912	7.580158339649124	0.0	0.0	1	1.0347865596150319	-3.225125086989808	138.0	11	1.05	0.95				
	106	1	73.63582387087719	15.160316679298248	0.0	-100.0	1	1.0422221133787775	-5.535354492763555	138.0	12	1.05	0.95				
	107	2	67.67998517543859	13.535997035087718	0.0	0.0	1	0.9966400253988015	-13.723615833261713	138.0	12	1.05	0.95				
	108	1	92.58621972	18.950395849122806	0.0	0.0	1	0.9958577059430725	-11.208190711449188	138.0	12	1.05	0.95				
	109	1	94.75197924561402	19.491835730526315	0.0	0.0	1	1.0219277559006585	-3.0024639512537608	138.0	13	1.05	0.95				
	110	1	105.58077687368421	21.65759525614035	0.0	0.0	1	1.05	-4.650114727592958	138.0	13	1.05	0.95				
	111	1	0.0	0.0	0.0	0.0	1	1.011704435595062	0.23613633010788568	230.0	13	1.05	0.95				
	112	1	0.0	0.0	0.0	0.0	1	1.0120453362106854	-0.8158701005136713	230.0	13	1.05	0.95				
	113	3	143.4815685719298	29.237753595789474	0.0	0.0	1	1.005813061701771	2.3270299191377317e-30	230.0	14	1.05	0.95				
	114	2	105.0393369922807	21.11615537473684	0.0	0.0	1	1.0236107557233334	4.509612829803778	230.0	16	1.05	0.95				
	115	2	171.63644240491226	34.65215240982456	0.0	0.0	1	1.0321026016073185	16.240919733220593	230.0	16	1.05	0.95				
	116	2	54.14398814035087	10.828797628070175	0.0	0.0	1	1.0281832592964475	13.992730604600046	230.0	16	1.05	0.95				
	117	1	0.0	0.0	0.0	0.0	1	1.0338432528357224	21.023912641464392	230.0	17	1.05	0.95				
	118	2	180.2994805073684	36.817911935438595	0.0	0.0	1	1.047610672144696	21.98603157849612	230.0	17	1.05	0.95				
	119	1	98.00061853403508	20.033275611929824	0.0	0.0	1	1.0208965324204802	9.113435283857482	230.0	15	1.05	0.95				
	120	1	69.30430481964912	14.077436916491228	0.0	0.0	1	1.0239277254949308	5.9206852865367186	230.0	15	1.05	0.95				
	121	2	0.0	0.0	0.0	0.0	1	1.0484125679895613	24.2004427222949	230.0	17	1.05	0.95				
	122	2	0.0	0.0	0.0	0.0	1	1.05	42.116222553384105	230.0	17	1.05	0.95				
	123	2	0.0	0.0	0.0	0.0	1	1.0274728961529127	4.587399672213848	230.0	15	1.05	0.95				
	124	1	0.0	0.0	0.0	0.0	1	1.009373379955813	10.93058530491671	230.0	16	1.05	0.95				
	201	2	58.275460421052635	11.87092712280702	0.0	0.0	2	1.0125663159696165	-18.613180603336872	138.0	21	1.05	0.95				
	202	2	52.339996859649126	10.791751929824562	0.0	0.0	2	1.0120789693349626	-18.844243459910032	138.0	22	1.05	0.95				
	203	1	97.12576736842107	19.96474107017544	0.0	0.0	2	1.0126870061439506	-13.80760466328869	138.0	21	1.05	0.95				
	204	1	39.92948214035088	8.093813947368421	0.0	0.0	2	1.00942797872501	-18.237755041930505	138.0	21	1.05	0.95				
	205	1	38.31071935087719	7.554226350877194	0.0	0.0	2	1.0243967073010944	-18.80869245160024	138.0	21	1.05	0.95				
	206	1	73.38391312280703	15.108452701754388	0.0	-100.0	2	1.0382221719699911	-19.523441394676798	138.0	22	1.05	0.95				
	207	2	67.4484495614035	13.489689912280703	0.0	0.0	2	0.9926158680718801	-26.3399269543088	138.0	22	1.05	0.95				
	208	1	92.269479	18.885565877192985	0.0	0.0	2	0.9940156383771565	-23.791831522361147	138.0	22	1.05	0.95				
	209	1	94.42782938596493	19.42515347368421	0.0	0.0	2	1.024219845084529	-15.51853296042342	138.0	23	1.05	0.95				
	210	1	105.21958131578948	21.583503859649124	0.0	0.0	2	1.05	-17.271912110267397	138.0	23	1.05	0.95				
	211	1	0.0	0.0	0.0	0.0	2	1.0165913644294584	-11.387476540204442	230.0	23	1.05	0.95				
	212	1	0.0	0.0	0.0	0.0	2	1.0139377455417344	-9.669045176850053	230.0	23	1.05	0.95				
	213	2	142.99071307017545	29.137730210526318	0.0	0.0	2	1.0246906941141376	-8.884358200538864	230.0	24	1.05	0.95				
	214	2	104.67999371929825	21.043916263157897	0.0	0.0	2	1.0224364801901764	-8.59726381872693	230.0	26	1.05	0.95				
	215	2	171.04926808771933	34.5336061754386	0.0	0.0	2	1.0314835358677064	-1.6474784373437774	230.0	26	1.05	0.95				
	216	2	53.95875964912281	10.791751929824562	0.0	0.0	2	1.0349399663888046	-1.342642931484051	230.0	26	1.05	0.95				
	217	1	0.0	0.0	0.0	0.0	2	1.0353972941731204	0.18268211875825674	230.0	27	1.05	0.95				
	218	2	179.68266963157896	36.691956561403515	0.0	0.0	2	1.0337236803704926	-0.6461190261378589	230.0	27	1.05	0.95				
	219	1	97.66535496491228	19.96474107017544	0.0	0.0	2	1.0371905590490194	0.09163891471234022	230.0	25	1.05	0.95				
	220	1	69.0672123508772	14.029277508771932	0.0	0.0	2	1.0440928354638876	2.3505112943987307	230.0	25	1.05	0.95				
	221	2	0.0	0.0	0.0	0.0	2	1.035594017807359	-0.16646744215043688	230.0	27	1.05	0.95				
	222	2	0.0	0.0	0.0	0.0	2	1.05	6.4689192348400715	230.0	27	1.05	0.95				
	223	2	0.0	0.0	0.0	0.0	2	1.05	3.9738501776942674	230.0	25	1.05	0.95				
	224	1	0.0	0.0	0.0	0.0	2	1.009336512874683	-6.168357137987923	230.0	26	1.05	0.95				
	301	2	42.34925656421053	8.62670041122807	0.0	0.0	3	1.0083271240006177	27.266826854306384	138.0	31	1.05	0.95				
	302	2	38.03590635859649	7.842454919298246	0.0	0.0	3	1.0083731228613442	26.927068193315385	138.0	32	1.05	0.95				
	303	1	70.5820942736842	14.508541600701752	0.0	0.0	3	1.0482637350979847	40.67135937342657	138.0	31	1.05	0.95				
	304	1	29.017083201403505	5.8818411894736835	0.0	0.0	3	1.010781320043411	28.106435089694223	138.0	31	1.05	0.95				
	305	1	27.840714963508766	5.489718443508773	0.0	0.0	3	1.0242848064002903	25.703463442725653	138.0	31	1.05	0.95				
	306	1	53.32869345122807	10.979436887017545	0.0	-100.0	3	1.0413198062996931	24.349973449791552	138.0	32	1.05	0.95				
	307	2	49.01534324561403	9.803068649122807	0.0	0.0	3	0.9823143510067612	21.14447056979563	138.0	32	1.05	0.95				
	308	1	67.05298956	13.724296108771927	0.0	0.0	3	0.9940483082745722	22.8490655216549	138.0	32	1.05	0.95				
	309	1	68.62148054385965	14.116418854736839	0.0	0.0	3	1.024507628863546	30.686926810982953	138.0	33	1.05	0.95				
	310	1	76.46393546315788	15.684909838596491	0.0	0.0	3	1.05	25.414337809803445	138.0	33	1.05	0.95				
	311	1	0.0	0.0	0.0	0.0	3	1.0104569901325238	28.79927971132202	230.0	33	1.05	0.95				
	312	1	0.0	0.0	0.0	0.0	3	1.0169904696429595	28.91367018864373	230.0	33	1.05	0.95				
	313	2	103.91252768070174	21.174628282105264	0.0	0.0	3	1.0139833894785804	30.52684975494629	230.0	34	1.05	0.95				
	314	2	76.07181271719298	15.29278709263158	0.0	0.0	3	1.0024085638735323	28.12488913655704	230.0	36	1.05	0.95				
	315	2	124.30291047087718	25.095855741754384	0.0	0.0	3	1.0444675984333176	29.863819306645667	230.0	36	1.05	0.95				
	316	2	39.21227459649123	7.842454919298246	0.0	0.0	3	1.029310343870888	29.512451292501346	230.0	36	1.05	0.95				
	317	1	0.0	0.0	0.0	0.0	3	1.05	32.82572470142478	230.0	37	1.05	0.95				
	318	2	130.57687440631577	26.664346725614035	0.0	0.0	3	1.05	29.333212539024434	230.0	37	1.05	0.95				
	319	1	70.97421701964912	14.508541600701752	0.0	0.0	3	1.0239268409884559	28.164268026800286	230.0	35	1.05	0.95				
	320	1	50.19171148350877	10.195191395087718	0.0	0.0	3	1.0220002395579746	27.755918307499382	230.0	35	1.05	0.95				
	321	2	0.0	0.0	0.0	0.0	3	1.0497674016224168	30.17155182886397	230.0	37	1.05	0.95				
	322	2	0.0	0.0	0.0	0.0	3	1.05	35.56109250231243	230.0	37	1.05	0.95				
	323	2	0.0	0.0	0.0	0.0	3	1.0212933408667233	27.836861662413696	230.0	35	1.05	0.95				
	324	1	0.0	0.0	0.0	0.0	3	1.0425330598472284	33.996139760759576	230.0	36	1.05	0.95				
	325	1	0.0	0.0	0.0	0.0	3	1.024892549607677	27.537749248514338	230.0	35	1.05	0.95				
];
