%% MATPOWER Case Format : Version 2
function mpc = RTS_GMLC
mpc.version = '2';

%%-----  Power Flow Data  -----%%
%% system MVA base
mpc.baseMVA = 100.0;
%% bus data
%    bus_i    type    Pd    Qd    Gs    Bs    area    Vm    Va    baseKV    zone    Vmax    Vmin
mpc.bus = [
	101	2	58.24839186947368	11.86541315859649	0.0	0.0	1	1.0144180804189056	0.20904860065394418	138.0	11	1.05	0.95				
	102	2	52.31568529017544	10.786739235087719	0.0	0.0	1	1.0134454598897622	-0.11985914294652901	138.0	12	1.05	0.95				
	103	1	97.08065311578947	19.955467584912277	0.0	0.0	1	1.0220460669722289	1.0984208092762404	138.0	11	1.05	0.95				
	104	1	39.910935169824555	8.090054426315788	0.0	0.0	1	1.0110645052602703	-2.8750778641529604	138.0	11	1.05	0.95				
	105	1	38.2929242845614	7.550717464561404	0.0	0.0	1	1.0246736952608115	-2.9184500693139253	138.0	11	1.05	0.95				
	106	1	73.3498267985965	15.101434929122808	0.0	-100.0	1	1.037562957327074	-5.223805549192612	138.0	12	1.05	0.95				
	107	2	67.41712021929824	13.48342404385965	0.0	0.0	1	0.9912311016847685	-11.793414149976245	138.0	12	1.05	0.95				
	108	1	92.22662045999999	18.876793661403507	0.0	0.0	1	0.9947823634556303	-9.999097176810476	138.0	12	1.05	0.95				
	109	1	94.38396830701754	19.416130623157894	0.0	0.0	1	1.025802601831903	-2.8835653199760305	138.0	13	1.05	0.95				
	110	1	105.17070754210525	21.573478470175438	0.0	0.0	1	1.05	-4.316441022349025	138.0	13	1.05	0.95				
	111	1	0.0	0.0	0.0	0.0	1	1.0229962096192045	0.062239389133088456	230.0	13	1.05	0.95				
	112	1	0.0	0.0	0.0	0.0	1	1.0169795895028286	-0.22878712987306363	230.0	13	1.05	0.95				
	113	3	142.92429486491227	29.12419593473684	0.0	0.0	1	1.0083490500640422	-1.0018383250800598e-28	230.0	14	1.05	0.95				
	114	2	104.63137058035088	21.034141508421055	0.0	0.0	1	1.05	3.6548239151648327	230.0	16	1.05	0.95				
	115	2	170.96981687614036	34.5175655522807	0.0	0.0	1	1.0431123508121931	13.214045132819125	230.0	16	1.05	0.95				
	116	2	53.9336961754386	10.786739235087719	0.0	0.0	1	1.0460309520701592	12.163712843591776	230.0	16	1.05	0.95				
	117	1	0.0	0.0	0.0	0.0	1	1.0429682809786498	17.372944357843245	230.0	17	1.05	0.95				
	118	2	179.59920826421052	36.67491339929825	0.0	0.0	1	1.0496535433941665	17.60324634035319	230.0	17	1.05	0.95				
	119	1	97.61999007754386	19.955467584912277	0.0	0.0	1	1.0433716112112768	9.111101539366146	230.0	15	1.05	0.95				
	120	1	69.0351311045614	14.022761005614035	0.0	0.0	1	1.0469572662894513	7.474820130074088	230.0	15	1.05	0.95				
	121	2	0.0	0.0	0.0	0.0	1	1.0436925553063983	19.141554845545464	230.0	17	1.05	0.95				
	122	2	0.0	0.0	0.0	0.0	1	1.05	37.0991200142493	230.0	17	1.05	0.95				
	123	2	0.0	0.0	0.0	0.0	1	1.05	6.973948034804154	230.0	15	1.05	0.95				
	124	1	0.0	0.0	0.0	0.0	1	1.0200098341937525	8.718545390765156	230.0	16	1.05	0.95				
	201	2	57.17047066105263	11.64583661614035	0.0	0.0	2	1.0236824217710963	-11.91764965829808	138.0	21	1.05	0.95				
	202	2	51.34755235298245	10.587124196491226	0.0	0.0	2	1.0247143634008067	-11.734115416155422	138.0	22	1.05	0.95				
	203	1	95.28411776842104	19.586179763508767	0.0	0.0	2	1.015206987158317	-10.296715413801955	138.0	21	1.05	0.95				
	204	1	39.172359527017534	7.94034314736842	0.0	0.0	2	1.0155192908932633	-13.074563186475627	138.0	21	1.05	0.95				
	205	1	37.58429089754385	7.410986937543859	0.0	0.0	2	1.0302701105502605	-13.451417286610205	138.0	21	1.05	0.95				
	206	1	71.99244453614034	14.821973875087718	0.0	-100.0	2	1.0413282848012717	-14.778096895943424	138.0	22	1.05	0.95				
	207	2	66.16952622807017	13.233905245614034	0.0	0.0	2	0.9898721880953384	-22.373503258635036	138.0	22	1.05	0.95				
	208	1	90.51991187999998	18.527467343859648	0.0	0.0	2	0.9927978091576942	-19.88770308265557	138.0	22	1.05	0.95				
	209	1	92.63733671929823	19.056823553684207	0.0	0.0	2	1.0236768545332127	-11.998461558668689	138.0	23	1.05	0.95				
	210	1	103.22446091578945	21.174248392982452	0.0	0.0	2	1.05	-13.3093680955095	138.0	23	1.05	0.95				
	211	1	0.0	0.0	0.0	0.0	2	1.012772304699024	-8.452553735035185	230.0	23	1.05	0.95				
	212	1	0.0	0.0	0.0	0.0	2	1.0118129049740938	-7.198506506083912	230.0	23	1.05	0.95				
	213	2	140.27939560350876	28.585235330526316	0.0	0.0	2	1.012145773484672	-6.65422413203666	230.0	24	1.05	0.95				
	214	2	102.6951047059649	20.644892183157893	0.0	0.0	2	1.0195228868665744	-5.795007552148397	230.0	26	1.05	0.95				
	215	2	167.80591851438592	33.878797428771925	0.0	0.0	2	1.035219307856901	0.9763181450633919	230.0	26	1.05	0.95				
	216	2	52.935620982456136	10.587124196491226	0.0	0.0	2	1.0376833512455723	1.1670072293842755	230.0	26	1.05	0.95				
	217	1	0.0	0.0	0.0	0.0	2	1.0428495151887691	3.465014830600014	230.0	27	1.05	0.95				
	218	2	176.27561787157893	35.99622226807017	0.0	0.0	2	1.0420363995665805	3.198335493622531	230.0	27	1.05	0.95				
	219	1	95.8134739782456	19.586179763508767	0.0	0.0	2	1.0372048238701468	1.6110336364957532	230.0	25	1.05	0.95				
	220	1	67.75759485754385	13.763261455438593	0.0	0.0	2	1.0409415807906697	3.0019667062190742	230.0	25	1.05	0.95				
	221	2	0.0	0.0	0.0	0.0	2	1.041695543350756	3.244691197633089	230.0	27	1.05	0.95				
	222	2	0.0	0.0	0.0	0.0	2	1.05	9.836305208680091	230.0	27	1.05	0.95				
	223	2	0.0	0.0	0.0	0.0	2	1.0444878722276767	4.154290845951647	230.0	25	1.05	0.95				
	224	1	0.0	0.0	0.0	0.0	2	1.0137305036431437	-3.208403247372696	230.0	26	1.05	0.95				
	301	2	46.85922178105264	9.545397029473685	0.0	0.0	3	1.0085766124398743	-7.173547670571892	138.0	31	1.05	0.95				
	302	2	42.08652326631579	8.677633663157897	0.0	0.0	3	1.008216552161122	-7.28880865927748	138.0	32	1.05	0.95				
	303	1	78.09870296842107	16.053622276842106	0.0	0.0	3	1.0255298772943182	-1.5438824378287492	138.0	31	1.05	0.95				
	304	1	32.10724455368421	6.508225247368421	0.0	0.0	3	1.0107168778531945	-5.8237768347230325	138.0	31	1.05	0.95				
	305	1	30.80559950421053	6.074343564210528	0.0	0.0	3	1.0236718733491892	-6.6399167815978135	138.0	31	1.05	0.95				
	306	1	59.00790890947369	12.148687128421056	0.0	-100.0	3	1.0403427400539336	-6.858556947866545	138.0	32	1.05	0.95				
	307	2	54.235210394736846	10.84704207894737	0.0	0.0	3	0.9940593464326934	-11.556046554790075	138.0	32	1.05	0.95				
	308	1	74.19376782	15.185858910526315	0.0	0.0	3	0.9999739647169872	-9.597661712687662	138.0	32	1.05	0.95				
	309	1	75.92929455263159	15.619740593684211	0.0	0.0	3	1.0264272814616138	-2.849836691617699	138.0	33	1.05	0.95				
	310	1	84.60692821578948	17.355267326315793	0.0	0.0	3	1.05	-4.709823367284877	138.0	33	1.05	0.95				
	311	1	0.0	0.0	0.0	0.0	3	1.0093664422718271	1.1586838575036353	230.0	33	1.05	0.95				
	312	1	0.0	0.0	0.0	0.0	3	1.0099228617777392	1.4095847347883164	230.0	33	1.05	0.95				
	313	2	114.97864603684211	23.42961089052632	0.0	0.0	3	1.0094885771027828	4.431352980728233	230.0	34	1.05	0.95				
	314	2	84.17304653263157	16.921385643157898	0.0	0.0	3	1.0138636491620534	3.3190694054390395	230.0	36	1.05	0.95				
	315	2	137.54049356105264	27.768427722105265	0.0	0.0	3	1.040261317528167	8.331385468317889	230.0	36	1.05	0.95				
	316	2	43.38816831578948	8.677633663157897	0.0	0.0	3	1.0390626358012842	8.928769321858665	230.0	36	1.05	0.95				
	317	1	0.0	0.0	0.0	0.0	3	1.05	13.881951923224527	230.0	37	1.05	0.95				
	318	2	144.48260049157898	29.503954454736846	0.0	0.0	3	1.045666987798592	11.41788310530308	230.0	37	1.05	0.95				
	319	1	78.53258465157896	16.053622276842106	0.0	0.0	3	1.0298789827992347	7.615202337295021	230.0	35	1.05	0.95				
	320	1	55.53685544421053	11.280923762105264	0.0	0.0	3	1.0250717192303476	7.30209777414035	230.0	35	1.05	0.95				
	321	2	0.0	0.0	0.0	0.0	3	1.0453529634719043	11.02270380979043	230.0	37	1.05	0.95				
	322	2	0.0	0.0	0.0	0.0	3	1.05	16.487405221114148	230.0	37	1.05	0.95				
	323	2	0.0	0.0	0.0	0.0	3	1.0229706893297006	7.465795822087108	230.0	35	1.05	0.95				
	324	1	0.0	0.0	0.0	0.0	3	1.0224093716069205	4.6489845701636145	230.0	36	1.05	0.95				
	325	1	0.0	0.0	0.0	0.0	3	1.0219015907278344	8.458475888105243	230.0	35	1.05	0.95				
];
