%% MATPOWER Case Format : Version 2
function mpc = RTS_GMLC
mpc.version = '2';

%%-----  Power Flow Data  -----%%
%% system MVA base
mpc.baseMVA = 100.0;
%% bus data
%    bus_i    type    Pd    Qd    Gs    Bs    area    Vm    Va    baseKV    zone    Vmax    Vmin
mpc.bus = [
	101	2	82.88372091789475	16.8837209277193	0.0	0.0	1	1.0332209532931758	-2.53480188009592	138.0	11	1.05	0.95				
	102	2	74.4418604540351	15.348837207017546	0.0	0.0	1	1.0332814795246206	-2.6019101463748453	138.0	12	1.05	0.95				
	103	1	138.1395348631579	28.39534883298246	0.0	0.0	1	1.0199813344278146	-2.81055963024299	138.0	11	1.05	0.95				
	104	1	56.79069766596492	11.511627905263158	0.0	0.0	1	1.01607646487822	-5.695517637667097	138.0	11	1.05	0.95				
	105	1	54.488372084912285	10.744186044912283	0.0	0.0	1	1.0312132536802712	-5.767897086789153	138.0	11	1.05	0.95				
	106	1	104.3720930077193	21.488372089824566	0.0	-100.0	1	1.035660351512187	-8.270874032486665	138.0	12	1.05	0.95				
	107	2	95.93023254385966	19.18604650877193	0.0	0.0	1	1.05	-6.395359055290316	138.0	12	1.05	0.95				
	108	1	131.23255812000002	26.8604651122807	0.0	0.0	1	1.0251131569774685	-8.543611008258726	138.0	12	1.05	0.95				
	109	1	134.3023255614035	27.62790697263158	0.0	0.0	1	1.0267143871743918	-5.15752875771475	138.0	13	1.05	0.95				
	110	1	149.65116276842105	30.69767441403509	0.0	0.0	1	1.05	-6.624928744143983	138.0	13	1.05	0.95				
	111	1	0.0	0.0	0.0	0.0	1	1.014772914847305	-1.9437066862155208	230.0	13	1.05	0.95				
	112	1	0.0	0.0	0.0	0.0	1	1.0172344971977323	-1.3131417592825843	230.0	13	1.05	0.95				
	113	3	203.37209299298246	41.441860458947374	0.0	0.0	1	1.0178073988412233	-3.9952925937633915e-29	230.0	14	1.05	0.95				
	114	2	148.8837209080702	29.930232553684217	0.0	0.0	1	1.0179230757564215	0.3330377101971258	230.0	16	1.05	0.95				
	115	2	243.2790697312281	49.116279062456144	0.0	0.0	1	1.0441119261474858	8.850632669455559	230.0	16	1.05	0.95				
	116	2	76.74418603508772	15.348837207017546	0.0	0.0	1	1.0431052812018253	8.185143559437492	230.0	16	1.05	0.95				
	117	1	0.0	0.0	0.0	0.0	1	1.047044347086739	11.869150473239664	230.0	17	1.05	0.95				
	118	2	255.55813949684213	52.18604650385965	0.0	0.0	1	1.0499999986984976	12.79013783407156	230.0	17	1.05	0.95				
	119	1	138.9069767235088	28.39534883298246	0.0	0.0	1	1.0373897595672417	6.5050653409489465	230.0	15	1.05	0.95				
	120	1	98.23255812491229	19.95348836912281	0.0	0.0	1	1.0387743862727998	6.142810269175274	230.0	15	1.05	0.95				
	121	2	0.0	0.0	0.0	0.0	1	1.05	13.411021346205786	230.0	17	1.05	0.95				
	122	2	0.0	0.0	0.0	0.0	1	1.05	19.88523068696289	230.0	17	1.05	0.95				
	123	2	0.0	0.0	0.0	0.0	1	1.041586985925288	6.511038812570367	230.0	15	1.05	0.95				
	124	1	0.0	0.0	0.0	0.0	1	1.020460474855012	4.537330035712754	230.0	16	1.05	0.95				
	201	2	98.82008499789474	20.130017314385963	0.0	0.0	2	1.05	-16.57690811123971	138.0	21	1.05	0.95				
	202	2	88.75507634070175	18.30001574035088	0.0	0.0	2	1.05	-16.68290207414777	138.0	22	1.05	0.95				
	203	1	164.7001416631579	33.855029119649124	0.0	0.0	2	1.0220904923506031	-11.717101581932058	138.0	21	1.05	0.95				
	204	1	67.71005823929825	13.725011805263158	0.0	0.0	2	1.0188950299459032	-17.40392222292215	138.0	21	1.05	0.95				
	205	1	64.96505587824561	12.810011018245614	0.0	0.0	2	1.0371683027845893	-18.031529497931654	138.0	21	1.05	0.95				
	206	1	124.44010703438597	25.62002203649123	0.0	-100.0	2	1.0342536453234519	-19.713620329468082	138.0	22	1.05	0.95				
	207	2	114.37509837719297	22.875019675438597	0.0	0.0	2	0.95	-29.163690137481115	138.0	22	1.05	0.95				
	208	1	156.46513458	32.02502754561403	0.0	0.0	2	0.952866527564646	-26.281416048612613	138.0	22	1.05	0.95				
	209	1	160.12513772807017	32.94002833263158	0.0	0.0	2	1.0236679100135888	-14.295812207034775	138.0	23	1.05	0.95				
	210	1	178.42515346842106	36.60003148070176	0.0	0.0	2	1.047595385137616	-16.649915773258186	138.0	23	1.05	0.95				
	211	1	0.0	0.0	0.0	0.0	2	1.0318787995353953	-9.531587039219971	230.0	23	1.05	0.95				
	212	1	0.0	0.0	0.0	0.0	2	1.0263324138623566	-4.711313577228567	230.0	23	1.05	0.95				
	213	2	242.4752085596491	49.41004249894737	0.0	0.0	2	1.05	-5.493778805786445	230.0	24	1.05	0.95				
	214	2	177.5101526814035	35.68503069368421	0.0	0.0	2	1.05	-7.409583558293488	230.0	26	1.05	0.95				
	215	2	290.0552494845614	58.560050369122806	0.0	0.0	2	1.0433172856640407	1.5906335461542807	230.0	26	1.05	0.95				
	216	2	91.50007870175439	18.30001574035088	0.0	0.0	2	1.047562970311336	1.2715270715061477	230.0	26	1.05	0.95				
	217	1	0.0	0.0	0.0	0.0	2	1.0487096475854363	4.607114270890338	230.0	27	1.05	0.95				
	218	2	304.69526207684214	62.22005351719299	0.0	0.0	2	1.05	5.115768589361677	230.0	27	1.05	0.95				
	219	1	165.61514245017543	33.855029119649124	0.0	0.0	2	1.0415807438612217	0.6113256380855252	230.0	25	1.05	0.95				
	220	1	117.12010073824561	23.79002046245614	0.0	0.0	2	1.0449414269861195	1.7492565949385637	230.0	25	1.05	0.95				
	221	2	0.0	0.0	0.0	0.0	2	1.05	5.67189928704358	230.0	27	1.05	0.95				
	222	2	0.0	0.0	0.0	0.0	2	1.05	11.766004714205943	230.0	27	1.05	0.95				
	223	2	0.0	0.0	0.0	0.0	2	1.05	3.0350047781986023	230.0	25	1.05	0.95				
	224	1	0.0	0.0	0.0	0.0	2	1.0184880898746522	-3.348617129571617	230.0	26	1.05	0.95				
	301	2	89.78930719578948	18.29041442877193	0.0	0.0	3	0.9751358423888778	-12.721780504544904	138.0	31	1.05	0.95				
	302	2	80.6440999814035	16.627649480701756	0.0	0.0	3	0.9772270413892268	-13.12199950356305	138.0	32	1.05	0.95				
	303	1	149.64884532631578	30.761151539298243	0.0	0.0	3	0.9885379934022829	-7.941533901686754	138.0	31	1.05	0.95				
	304	1	61.52230307859649	12.470737110526315	0.0	0.0	3	0.9652510572656862	-11.102300181673334	138.0	31	1.05	0.95				
	305	1	59.02815565649122	11.639354636491229	0.0	0.0	3	0.9775894212222038	-11.168307189170925	138.0	31	1.05	0.95				
	306	1	113.06801646877193	23.278709272982457	0.0	-100.0	3	0.9852391955429638	-11.27758176944181	138.0	32	1.05	0.95				
	307	2	103.92280925438597	20.784561850877193	0.0	0.0	3	0.95	-15.718104472874751	138.0	32	1.05	0.95				
	308	1	142.16640306	29.098386591228063	0.0	0.0	3	0.9509260706790871	-12.928257761906892	138.0	32	1.05	0.95				
	309	1	145.49193295614035	29.929769065263155	0.0	0.0	3	0.9877448248084563	-5.769249071961252	138.0	33	1.05	0.95				
	310	1	162.1195824368421	33.25529896140351	0.0	0.0	3	1.0059633292418464	-6.703878637134834	138.0	33	1.05	0.95				
	311	1	0.0	0.0	0.0	0.0	3	0.9839149592142593	1.9735964556145016	230.0	33	1.05	0.95				
	312	1	0.0	0.0	0.0	0.0	3	0.9870640363532022	3.498855260115847	230.0	33	1.05	0.95				
	313	2	220.31635561929824	44.89465359789474	0.0	0.0	3	1.0137618943772593	10.91202884765709	230.0	34	1.05	0.95				
	314	2	161.288199962807	32.42391648736842	0.0	0.0	3	0.9977368226760822	2.00405153282153	230.0	36	1.05	0.95				
	315	2	263.5482442691228	53.20847833824561	0.0	0.0	3	1.0426918771893747	0.5038399795202801	230.0	36	1.05	0.95				
	316	2	83.13824740350877	16.627649480701756	0.0	0.0	3	1.038629393261962	1.6804674820942687	230.0	36	1.05	0.95				
	317	1	0.0	0.0	0.0	0.0	3	1.0446025389490614	2.349625207159015	230.0	37	1.05	0.95				
	318	2	276.8503638536842	56.534008234385965	0.0	0.0	3	1.0444581039021041	1.7007477365252321	230.0	37	1.05	0.95				
	319	1	150.4802278003509	30.761151539298243	0.0	0.0	3	1.029869727794826	3.3873893920909164	230.0	35	1.05	0.95				
	320	1	106.41695667649122	21.61594432491228	0.0	0.0	3	1.0269187389779546	4.971628543740811	230.0	35	1.05	0.95				
	321	2	0.0	0.0	0.0	0.0	3	1.048428383801326	2.817427180057821	230.0	37	1.05	0.95				
	322	2	0.0	0.0	0.0	0.0	3	1.05	6.97201825010246	230.0	37	1.05	0.95				
	323	2	0.0	0.0	0.0	0.0	3	1.0272204674773082	6.043971134063644	230.0	35	1.05	0.95				
	324	1	0.0	0.0	0.0	0.0	3	1.0143010741641443	-0.4953340602800703	230.0	36	1.05	0.95				
	325	1	0.0	0.0	0.0	0.0	3	1.0280496241950368	6.680523408119605	230.0	35	1.05	0.95				
];

%% generator data
%    bus    Pg    Qg    Qmax    Qmin    Vg    mBase    status    Pmax    Pmin    Pc1    Pc2    Qc1min    Qc1max    Qc2min    Qc2max    ramp_agc    ramp_10    ramp_30    ramp_q    apf
