%% MATPOWER Case Format : Version 2
function mpc = RTS_GMLC
mpc.version = '2';

%%-----  Power Flow Data  -----%%
%% system MVA base
mpc.baseMVA = 100.0;
%% bus data
%    bus_i    type    Pd    Qd    Gs    Bs    area    Vm    Va    baseKV    zone    Vmax    Vmin
mpc.bus = [
	101	2	87.80009896421053	17.885205344561406	0.0	0.0	1	1.031549023253941	-5.235381180167983	138.0	11	1.05	0.95				
	102	2	78.85749629192983	16.259277585964917	0.0	0.0	1	1.031557932965379	-5.29156785128229	138.0	12	1.05	0.95				
	103	1	146.33349827368423	30.079663534035088	0.0	0.0	1	1.0171385979731238	-5.354084814961988	138.0	11	1.05	0.95				
	104	1	60.159327068070176	12.194458189473684	0.0	0.0	1	1.0147137226285112	-7.764241195540945	138.0	11	1.05	0.95				
	105	1	57.72043543017544	11.381494310175439	0.0	0.0	1	1.0300577064116458	-7.8597744856435545	138.0	11	1.05	0.95				
	106	1	110.56308758456142	22.762988620350878	0.0	-100.0	1	1.0342444365693584	-10.06570591249097	138.0	12	1.05	0.95				
	107	2	101.6204849122807	20.32409698245614	0.0	0.0	1	1.05	-5.807351162757069	138.0	12	1.05	0.95				
	108	1	139.01682336000002	28.453735775438595	0.0	0.0	1	1.023752253733677	-8.906528262863727	138.0	12	1.05	0.95				
	109	1	142.268678877193	29.266699654736843	0.0	0.0	1	1.0272028923413377	-6.491398986086473	138.0	13	1.05	0.95				
	110	1	158.5279564631579	32.51855517192983	0.0	0.0	1	1.05	-7.947183580991055	138.0	13	1.05	0.95				
	111	1	0.0	0.0	0.0	0.0	1	1.017247474937512	-2.9063084836801254	230.0	13	1.05	0.95				
	112	1	0.0	0.0	0.0	0.0	1	1.0190073831798037	-1.6835205575604342	230.0	13	1.05	0.95				
	113	3	215.4354280140351	43.90004948210527	0.0	0.0	1	1.0238075739040584	2.5155490682210837e-22	230.0	14	1.05	0.95				
	114	2	157.71499258385967	31.70559129263158	0.0	0.0	1	1.021041601019658	-1.1410763300853994	230.0	16	1.05	0.95				
	115	2	257.70954973754385	52.02968827508773	0.0	0.0	1	1.0450680363977212	6.446200766591489	230.0	16	1.05	0.95				
	116	2	81.29638792982456	16.259277585964917	0.0	0.0	1	1.045431063893189	6.272262013722538	230.0	16	1.05	0.95				
	117	1	0.0	0.0	0.0	0.0	1	1.0480133630351076	9.128215573951156	230.0	17	1.05	0.95				
	118	2	270.7169718063158	55.28154379228071	0.0	0.0	1	1.0493995500059654	9.697598633866162	230.0	17	1.05	0.95				
	119	1	147.14646215298245	30.079663534035088	0.0	0.0	1	1.0413081499590002	5.517091062016398	230.0	15	1.05	0.95				
	120	1	104.05937655017546	21.137060861754385	0.0	0.0	1	1.0450595054548617	6.3848866786590905	230.0	15	1.05	0.95				
	121	2	0.0	0.0	0.0	0.0	1	1.05	10.496345155951762	230.0	17	1.05	0.95				
	122	2	0.0	0.0	0.0	0.0	1	1.05	16.49071772006389	230.0	17	1.05	0.95				
	123	2	0.0	0.0	0.0	0.0	1	1.0497053483550907	7.450083799696094	230.0	15	1.05	0.95				
	124	1	0.0	0.0	0.0	0.0	1	1.0198037641218478	2.096923747593564	230.0	16	1.05	0.95				
	201	2	98.48008815157895	20.06075869754386	0.0	0.0	2	1.05	-15.974825858196334	138.0	21	1.05	0.95				
	202	2	88.44970880280701	18.23705336140351	0.0	0.0	2	1.05	-16.0378076222098	138.0	22	1.05	0.95				
	203	1	164.13348025263156	33.73854871859649	0.0	0.0	2	1.020326192991675	-11.542719181599265	138.0	21	1.05	0.95				
	204	1	67.47709743719298	13.67779002105263	0.0	0.0	2	1.0171128808142431	-17.668024043287897	138.0	21	1.05	0.95				
	205	1	64.74153943298245	12.765937352982457	0.0	0.0	2	1.0355935934085503	-18.242918003703277	138.0	21	1.05	0.95				
	206	1	124.01196285754385	25.531874705964913	0.0	-100.0	2	1.0316836277423096	-20.36637780280141	138.0	22	1.05	0.95				
	207	2	113.98158350877192	22.796316701754385	0.0	0.0	2	0.95	-29.82877191454499	138.0	22	1.05	0.95				
	208	1	155.92680624	31.914843382456137	0.0	0.0	2	0.9518952916689173	-27.12144634457736	138.0	22	1.05	0.95				
	209	1	159.5742169122807	32.82669605052631	0.0	0.0	2	1.0200098628728322	-15.322189271633793	138.0	23	1.05	0.95				
	210	1	177.8112702736842	36.47410672280702	0.0	0.0	2	1.0445495838671175	-17.70946582453233	138.0	23	1.05	0.95				
	211	1	0.0	0.0	0.0	0.0	2	1.0292038044858318	-9.629332159550653	230.0	23	1.05	0.95				
	212	1	0.0	0.0	0.0	0.0	2	1.0192039935743027	-8.180903321692337	230.0	23	1.05	0.95				
	213	2	241.6409570385965	49.24004407578948	0.0	0.0	2	1.05	-5.056478443041214	230.0	24	1.05	0.95				
	214	2	176.89941760561402	35.56225405473684	0.0	0.0	2	1.05	-7.099771814433545	230.0	26	1.05	0.95				
	215	2	289.0572957782456	58.358570756491225	0.0	0.0	2	1.0431570074272682	2.4552499376021113	230.0	26	1.05	0.95				
	216	2	91.18526680701754	18.23705336140351	0.0	0.0	2	1.047359661323063	2.1573811323627696	230.0	26	1.05	0.95				
	217	1	0.0	0.0	0.0	0.0	2	1.0493331950152138	5.738143335643288	230.0	27	1.05	0.95				
	218	2	303.64693846736844	62.005981428771925	0.0	0.0	2	1.05	6.390240252893364	230.0	27	1.05	0.95				
	219	1	165.04533292070175	33.73854871859649	0.0	0.0	2	1.0414895698121107	1.5254352026836886	230.0	25	1.05	0.95				
	220	1	116.71714151298245	23.70816936982456	0.0	0.0	2	1.0449122414129406	2.682450063764555	230.0	25	1.05	0.95				
	221	2	0.0	0.0	0.0	0.0	2	1.05	7.067519360972461	230.0	27	1.05	0.95				
	222	2	0.0	0.0	0.0	0.0	2	1.05	13.05775329672474	230.0	27	1.05	0.95				
	223	2	0.0	0.0	0.0	0.0	2	1.05	3.976313599498623	230.0	25	1.05	0.95				
	224	1	0.0	0.0	0.0	0.0	2	1.0167255003215778	-2.733526308139683	230.0	26	1.05	0.95				
	301	2	80.90604238736843	16.48086048631579	0.0	0.0	3	1.019712157842685	-18.720002925512922	138.0	31	1.05	0.95				
	302	2	72.66561214421053	14.982600442105262	0.0	0.0	3	1.0179163311269244	-19.198903487377535	138.0	32	1.05	0.95				
	303	1	134.84340397894735	27.717810817894733	0.0	0.0	3	1.0232792141287146	-11.78963210651918	138.0	31	1.05	0.95				
	304	1	55.43562163578947	11.236950331578948	0.0	0.0	3	1.0092443329674472	-18.055118688219974	138.0	31	1.05	0.95				
	305	1	53.18823156947368	10.487820309473685	0.0	0.0	3	1.0249334498133187	-18.82164927531911	138.0	31	1.05	0.95				
	306	1	101.8816830063158	20.97564061894737	0.0	-100.0	3	1.0333413456824299	-19.711442210213367	138.0	32	1.05	0.95				
	307	2	93.6412527631579	18.72825055263158	0.0	0.0	3	1.0103048523621103	-21.70492442828159	138.0	32	1.05	0.95				
	308	1	128.10123378	26.219550773684208	0.0	0.0	3	1.0009218879062514	-21.355374147000767	138.0	32	1.05	0.95				
	309	1	131.09775386842105	26.968680795789474	0.0	0.0	3	1.0279585100521322	-14.06106140393241	138.0	33	1.05	0.95				
	310	1	146.0803543105263	29.965200884210525	0.0	0.0	3	1.05	-16.53026822111758	138.0	33	1.05	0.95				
	311	1	0.0	0.0	0.0	0.0	3	1.024181039443113	-8.993514107954617	230.0	33	1.05	0.95				
	312	1	0.0	0.0	0.0	0.0	3	1.019412021386837	-7.617954811424102	230.0	33	1.05	0.95				
	313	2	198.5194558578947	40.453021193684215	0.0	0.0	3	1.037639212349827	-4.390278948121728	230.0	34	1.05	0.95				
	314	2	145.33122428842105	29.216070862105266	0.0	0.0	3	1.0374708664018504	-6.870996167955427	230.0	36	1.05	0.95				
	315	2	237.4742170073684	47.94432141473684	0.0	0.0	3	1.0488910443429191	0.9590213046331802	230.0	36	1.05	0.95				
	316	2	74.91300221052632	14.982600442105262	0.0	0.0	3	1.0480041104908713	0.7159752000183528	230.0	36	1.05	0.95				
	317	1	0.0	0.0	0.0	0.0	3	1.0490635842855252	3.673248390107704	230.0	37	1.05	0.95				
	318	2	249.46029736105265	50.9408415031579	0.0	0.0	3	1.0487235570453743	4.075572121833198	230.0	37	1.05	0.95				
	319	1	135.59253400105263	27.717810817894733	0.0	0.0	3	1.0434388554382283	0.5930473899181088	230.0	35	1.05	0.95				
	320	1	95.88864282947368	19.47738057473684	0.0	0.0	3	1.046069406830588	1.88747595346347	230.0	35	1.05	0.95				
	321	2	0.0	0.0	0.0	0.0	3	1.05	4.949723176554543	230.0	37	1.05	0.95				
	322	2	0.0	0.0	0.0	0.0	3	1.05	10.224542340953006	230.0	37	1.05	0.95				
	323	2	0.0	0.0	0.0	0.0	3	1.05	3.1410396792070667	230.0	35	1.05	0.95				
	324	1	0.0	0.0	0.0	0.0	3	1.0231386656545556	-3.7531134686748864	230.0	36	1.05	0.95				
	325	1	0.0	0.0	0.0	0.0	3	1.0489375607292672	3.7521223869258775	230.0	35	1.05	0.95				
];

%% generator data
%    bus    Pg    Qg    Qmax    Qmin    Vg    mBase    status    Pmax    Pmin    Pc1    Pc2    Qc1min    Qc1max    Qc2min    Qc2max    ramp_agc    ramp_10    ramp_30    ramp_q    apf
