%% MATPOWER Case Format : Version 2
function mpc = RTS_GMLC
mpc.version = '2';

%%-----  Power Flow Data  -----%%
%% system MVA base
mpc.baseMVA = 100.0;
%% bus data
%    bus_i    type    Pd    Qd    Gs    Bs    area    Vm    Va    baseKV    zone    Vmax    Vmin
mpc.bus = [
	101	2	58.39534883368421	11.895348836491229	0.0	0.0	1	1.0125330516231685	-0.7164659043936421	138.0	11	1.05	0.95				
	102	2	52.44767441543859	10.8139534877193	0.0	0.0	1	1.0115999742143271	-1.0398718106903193	138.0	12	1.05	0.95				
	103	1	97.3255813894737	20.0058139522807	0.0	0.0	1	1.021306992768399	-0.06328425323728891	138.0	11	1.05	0.95				
	104	1	40.0116279045614	8.110465115789474	0.0	0.0	1	1.0103534035202797	-3.7922685739115747	138.0	11	1.05	0.95				
	105	1	38.389534881403506	7.569767441403511	0.0	0.0	1	1.0237119437812827	-3.8143352298545765	138.0	11	1.05	0.95				
	106	1	73.53488371649124	15.139534882807022	0.0	-100.0	1	1.0370913240451671	-6.1014485357858295	138.0	12	1.05	0.95				
	107	2	67.58720929824563	13.517441859649123	0.0	0.0	1	0.9906097269007814	-13.464713107927023	138.0	12	1.05	0.95				
	108	1	92.45930232	18.924418603508773	0.0	0.0	1	0.9939213239133595	-11.330493153939527	138.0	12	1.05	0.95				
	109	1	94.62209301754386	19.465116277894737	0.0	0.0	1	1.0260802230532817	-3.787432658627486	138.0	13	1.05	0.95				
	110	1	105.43604650526316	21.6279069754386	0.0	0.0	1	1.05	-5.171196818699411	138.0	13	1.05	0.95				
	111	1	0.0	0.0	0.0	0.0	1	1.0237146640405421	-0.6689568190474676	230.0	13	1.05	0.95				
	112	1	0.0	0.0	0.0	0.0	1	1.0178762478733345	-0.879121962473645	230.0	13	1.05	0.95				
	113	3	143.2848837122807	29.197674416842105	0.0	0.0	1	1.0105890960516406	-1.711451243261064e-29	230.0	14	1.05	0.95				
	114	2	104.89534883087718	21.087209301052635	0.0	0.0	1	1.05	2.4465073651919127	230.0	16	1.05	0.95				
	115	2	171.4011627803509	34.604651160701756	0.0	0.0	1	1.0416580506179485	11.653162712953662	230.0	16	1.05	0.95				
	116	2	54.06976743859649	10.8139534877193	0.0	0.0	1	1.0442691418443053	10.312653712095182	230.0	16	1.05	0.95				
	117	1	0.0	0.0	0.0	0.0	1	1.0413467104534602	15.880348706909228	230.0	17	1.05	0.95				
	118	2	180.05232557052634	36.76744185824562	0.0	0.0	1	1.0485706213989565	16.26007064771549	230.0	17	1.05	0.95				
	119	1	97.86627906385966	20.0058139522807	0.0	0.0	1	1.0425194344483264	7.437434409476617	230.0	15	1.05	0.95				
	120	1	69.20930232140351	14.058139534035089	0.0	0.0	1	1.0466750268065885	5.962332379652219	230.0	15	1.05	0.95				
	121	2	0.0	0.0	0.0	0.0	1	1.0431338908927343	17.94202296153241	230.0	17	1.05	0.95				
	122	2	0.0	0.0	0.0	0.0	1	1.05	35.90430182795519	230.0	17	1.05	0.95				
	123	2	0.0	0.0	0.0	0.0	1	1.05	5.5512095566768584	230.0	15	1.05	0.95				
	124	1	0.0	0.0	0.0	0.0	1	1.0193766046845623	7.303738933774953	230.0	16	1.05	0.95				
	201	2	59.992444496842104	12.220683138245612	0.0	0.0	2	1.022870894190855	-14.912979431002286	138.0	21	1.05	0.95				
	202	2	53.88210292771929	11.109711943859649	0.0	0.0	2	1.0239309103540604	-14.740594314956565	138.0	22	1.05	0.95				
	203	1	99.98740749473683	20.55296709614035	0.0	0.0	2	1.01437553331412	-12.803774041895652	138.0	21	1.05	0.95				
	204	1	41.1059341922807	8.332283957894736	0.0	0.0	2	1.0146646500922984	-16.00554325324437	138.0	21	1.05	0.95				
	205	1	39.43947740070175	7.776798360701755	0.0	0.0	2	1.0294940163969077	-16.432794617434766	138.0	21	1.05	0.95				
	206	1	75.5460412182456	15.55359672140351	0.0	-100.0	2	1.040388857821796	-17.774695688767693	138.0	22	1.05	0.95				
	207	2	69.4356996491228	13.88713992982456	0.0	0.0	2	0.9893636041202677	-25.732964030019392	138.0	22	1.05	0.95				
	208	1	94.98803711999999	19.44199590175438	0.0	0.0	2	0.9913010218121989	-23.100896263370608	138.0	22	1.05	0.95				
	209	1	97.20997950877192	19.997481498947366	0.0	0.0	2	1.0237343672017987	-14.759976251694177	138.0	23	1.05	0.95				
	210	1	108.31969145263156	22.219423887719298	0.0	0.0	2	1.05	-16.192142853315023	138.0	23	1.05	0.95				
	211	1	0.0	0.0	0.0	0.0	2	1.0148804030987697	-11.075080919685966	230.0	23	1.05	0.95				
	212	1	0.0	0.0	0.0	0.0	2	1.013352467207313	-9.689261524906096	230.0	23	1.05	0.95				
	213	2	147.20368325614032	29.996222248421052	0.0	0.0	2	1.0163357438774083	-9.129882978247297	230.0	24	1.05	0.95				
	214	2	107.76420585543858	21.663938290526314	0.0	0.0	2	1.0226359001922094	-8.373589854791472	230.0	26	1.05	0.95				
	215	2	176.08893431017543	35.551078220350874	0.0	0.0	2	1.0363421676420694	-1.2704299265250671	230.0	26	1.05	0.95				
	216	2	55.54855971929824	11.109711943859649	0.0	0.0	2	1.0393550618061427	-1.1826169164976978	230.0	26	1.05	0.95				
	217	1	0.0	0.0	0.0	0.0	2	1.0430714148914069	0.9038613356408304	230.0	27	1.05	0.95				
	218	2	184.97670386526315	37.7730206091228	0.0	0.0	2	1.0416926205707402	0.31730474789054436	230.0	27	1.05	0.95				
	219	1	100.54289309192981	20.55296709614035	0.0	0.0	2	1.0398827945668605	-0.5579937644566855	230.0	25	1.05	0.95				
	220	1	71.10215644070175	14.442625527017544	0.0	0.0	2	1.0448784681335401	1.0308431314933655	230.0	25	1.05	0.95				
	221	2	0.0	0.0	0.0	0.0	2	1.0417516526633197	0.5876462618190482	230.0	27	1.05	0.95				
	222	2	0.0	0.0	0.0	0.0	2	1.05	7.2171086250901615	230.0	27	1.05	0.95				
	223	2	0.0	0.0	0.0	0.0	2	1.0493453689779269	2.30464278195916	230.0	25	1.05	0.95				
	224	1	0.0	0.0	0.0	0.0	2	1.0137730981173652	-5.544354815639178	230.0	26	1.05	0.95				
	301	2	46.005061680000004	9.371401453333334	0.0	0.0	3	1.0102166629507505	-1.8337915603886943	138.0	31	1.05	0.95				
	302	2	41.31936095333333	8.519455866666666	0.0	0.0	3	1.0098875540792418	-2.0490531124055016	138.0	32	1.05	0.95				
	303	1	76.67510279999999	15.760993353333333	0.0	0.0	3	1.0408684331672204	6.7232604045137645	138.0	31	1.05	0.95				
	304	1	31.521986706666667	6.389591899999999	0.0	0.0	3	1.0119615942557711	-0.8904661930253542	138.0	31	1.05	0.95				
	305	1	30.244068326666664	5.963619106666667	0.0	0.0	3	1.0248350660427814	-1.9941937885698429	138.0	31	1.05	0.95				
	306	1	57.93229989333334	11.927238213333334	0.0	-100.0	3	1.0410018033517485	-2.5988891894198307	138.0	32	1.05	0.95				
	307	2	53.24659916666666	10.649319833333333	0.0	0.0	3	0.991556829124809	-7.090057070988883	138.0	32	1.05	0.95				
	308	1	72.84134766	14.909047766666667	0.0	0.0	3	0.9988549064192741	-5.18292306479168	138.0	32	1.05	0.95				
	309	1	74.54523883333333	15.335020559999998	0.0	0.0	3	1.026674654372434	1.8037066742156882	138.0	33	1.05	0.95				
	310	1	83.06469469999999	17.038911733333332	0.0	0.0	3	1.05	-0.7816404171672946	138.0	33	1.05	0.95				
	311	1	0.0	0.0	0.0	0.0	3	1.0085058460253689	4.327897100598154	230.0	33	1.05	0.95				
	312	1	0.0	0.0	0.0	0.0	3	1.0110165736028238	4.635555591942561	230.0	33	1.05	0.95				
	313	2	112.88279023333332	23.002530840000002	0.0	0.0	3	1.0091442612848316	7.290175608693375	230.0	34	1.05	0.95				
	314	2	82.63872190666666	16.61293894	0.0	0.0	3	1.0075674871942006	5.663462174337518	230.0	36	1.05	0.95				
	315	2	135.03337548666664	27.262258773333333	0.0	0.0	3	1.0390515763145143	10.029438949256871	230.0	36	1.05	0.95				
	316	2	42.59727933333333	8.519455866666666	0.0	0.0	3	1.0363505556163697	10.048536804091668	230.0	36	1.05	0.95				
	317	1	0.0	0.0	0.0	0.0	3	1.05	15.222202204694911	230.0	37	1.05	0.95				
	318	2	141.84894018	28.96614994666667	0.0	0.0	3	1.0467334241425006	12.562834588714935	230.0	37	1.05	0.95				
	319	1	77.10107559333333	15.760993353333333	0.0	0.0	3	1.0264204103801584	8.926692443634527	230.0	35	1.05	0.95				
	320	1	54.524517546666665	11.075292626666666	0.0	0.0	3	1.0208043253654842	8.771699174341391	230.0	35	1.05	0.95				
	321	2	0.0	0.0	0.0	0.0	3	1.0453881211651428	12.361646683961094	230.0	37	1.05	0.95				
	322	2	0.0	0.0	0.0	0.0	3	1.05	17.826904676767594	230.0	37	1.05	0.95				
	323	2	0.0	0.0	0.0	0.0	3	1.0182518450442235	9.020155257164777	230.0	35	1.05	0.95				
	324	1	0.0	0.0	0.0	0.0	3	1.0337009679858484	8.780935817979175	230.0	36	1.05	0.95				
	325	1	0.0	0.0	0.0	0.0	3	1.0186888493102422	9.789658393450434	230.0	35	1.05	0.95				
];
