%% MATPOWER Case Format : Version 2
function mpc = RTS_GMLC
mpc.version = '2';

%%-----  Power Flow Data  -----%%
%% system MVA base
mpc.baseMVA = 100.0;
%% bus data
%    bus_i    type    Pd    Qd    Gs    Bs    area    Vm    Va    baseKV    zone    Vmax    Vmin
mpc.bus = [
	101	2	72.6368134736842	14.796387929824558	0.0	0.0	1	1.0328200191960584	-3.1826966240230434	138.0	11	1.05	0.95				
	102	2	65.23861950877192	13.451261754385966	0.0	0.0	1	1.032292709086879	-3.363924584705954	138.0	12	1.05	0.95				
	103	1	121.06135578947368	24.884834245614034	0.0	0.0	1	1.0223475835005682	-2.8894014286596272	138.0	11	1.05	0.95				
	104	1	49.76966849122807	10.088446315789472	0.0	0.0	1	1.0171329096157844	-5.864855934907363	138.0	11	1.05	0.95				
	105	1	47.75197922807017	9.415883228070175	0.0	0.0	1	1.0325656440229607	-5.924589994338177	138.0	11	1.05	0.95				
	106	1	91.46857992982456	18.83176645614035	0.0	-100.0	1	1.0385458657835278	-8.111704312310895	138.0	12	1.05	0.95				
	107	2	84.07038596491228	16.814077192982456	0.0	0.0	1	1.0178410434318557	-9.23213580591686	138.0	12	1.05	0.95				
	108	1	115.00828799999998	23.539708070175436	0.0	0.0	1	1.0084713535362768	-9.938212587728565	138.0	12	1.05	0.95				
	109	1	117.6985403508772	24.212271157894733	0.0	0.0	1	1.02585197459344	-5.184872957274523	138.0	13	1.05	0.95				
	110	1	131.14980210526315	26.90252350877193	0.0	0.0	1	1.05	-6.580897276833409	138.0	13	1.05	0.95				
	111	1	0.0	0.0	0.0	0.0	1	1.0136595552840724	-1.8801473080433602	230.0	13	1.05	0.95				
	112	1	0.0	0.0	0.0	0.0	1	1.0151901758364335	-1.350071666078998	230.0	13	1.05	0.95				
	113	3	178.22921824561402	36.3184067368421	0.0	0.0	1	1.0143177529827254	-3.2212603629066926e-30	230.0	14	1.05	0.95				
	114	2	130.47723901754384	26.229960421052628	0.0	0.0	1	1.0183883196052168	0.5139127499736855	230.0	16	1.05	0.95				
	115	2	213.20249880701755	43.04403761403508	0.0	0.0	1	1.0446999605473672	8.626229577339364	230.0	16	1.05	0.95				
	116	2	67.25630877192982	13.451261754385966	0.0	0.0	1	1.042876608918955	7.940860052359828	230.0	16	1.05	0.95				
	117	1	0.0	0.0	0.0	0.0	1	1.0448629184211224	11.35060381033094	230.0	17	1.05	0.95				
	118	2	223.9635082105263	45.73428996491228	0.0	0.0	1	1.0480414400316667	11.515294792454121	230.0	17	1.05	0.95				
	119	1	121.73391887719298	24.884834245614034	0.0	0.0	1	1.0361117719616397	6.2102290861807035	230.0	15	1.05	0.95				
	120	1	86.08807522807017	17.486640280701753	0.0	0.0	1	1.0363148628519552	5.9768411138195985	230.0	15	1.05	0.95				
	121	2	0.0	0.0	0.0	0.0	1	1.05	13.21622532781363	230.0	17	1.05	0.95				
	122	2	0.0	0.0	0.0	0.0	1	1.05	24.013821368632904	230.0	17	1.05	0.95				
	123	2	0.0	0.0	0.0	0.0	1	1.0380591539672552	6.349932685980647	230.0	15	1.05	0.95				
	124	1	0.0	0.0	0.0	0.0	1	1.0218943340101299	4.359769893481331	230.0	16	1.05	0.95				
	201	2	64.08940657263159	13.055249487017544	0.0	0.0	2	1.0296774759163096	-10.461338908740474	138.0	21	1.05	0.95				
	202	2	57.56178182912281	11.868408624561406	0.0	0.0	2	1.030053975731825	-10.454366791918817	138.0	22	1.05	0.95				
	203	1	106.81567762105264	21.9565559554386	0.0	0.0	2	1.0221421015916117	-9.067688130206756	138.0	21	1.05	0.95				
	204	1	43.9131119108772	8.901306468421053	0.0	0.0	2	1.0172883436025737	-12.329420384121205	138.0	21	1.05	0.95				
	205	1	42.13285061719298	8.307886037192985	0.0	0.0	2	1.0322948182765537	-12.597099662441293	138.0	21	1.05	0.95				
	206	1	80.70517864701755	16.61577207438597	0.0	-100.0	2	1.0405686113677317	-14.3444090012251	138.0	22	1.05	0.95				
	207	2	74.17755390350878	14.835510780701755	0.0	0.0	2	0.9882676568183144	-23.18625019475157	138.0	22	1.05	0.95				
	208	1	101.47489374	20.769715092982455	0.0	0.0	2	0.9891201155165109	-20.344926591103114	138.0	22	1.05	0.95				
	209	1	103.84857546491229	21.363135524210527	0.0	0.0	2	1.0248895366081816	-11.447089728281437	138.0	23	1.05	0.95				
	210	1	115.71698408947368	23.73681724912281	0.0	0.0	2	1.05	-12.877390666937567	138.0	23	1.05	0.95				
	211	1	0.0	0.0	0.0	0.0	2	1.0155727672078882	-7.751866298960519	230.0	23	1.05	0.95				
	212	1	0.0	0.0	0.0	0.0	2	1.0141942801928732	-6.455577538255096	230.0	23	1.05	0.95				
	213	2	157.2564142754386	32.044703286315794	0.0	0.0	2	1.0172019378636958	-5.973184243198684	230.0	24	1.05	0.95				
	214	2	115.12356365824562	23.143396817894736	0.0	0.0	2	1.0233721677592127	-4.898458174219836	230.0	26	1.05	0.95				
	215	2	188.11427669929824	37.97890759859649	0.0	0.0	2	1.0393630674647214	2.440593202560034	230.0	26	1.05	0.95				
	216	2	59.34204312280702	11.868408624561406	0.0	0.0	2	1.0413423954544054	2.72459216737335	230.0	26	1.05	0.95				
	217	1	0.0	0.0	0.0	0.0	2	1.0445911119052034	5.327022970733551	230.0	27	1.05	0.95				
	218	2	197.60900359894737	40.352589323508774	0.0	0.0	2	1.0455451353593703	5.683283564144573	230.0	27	1.05	0.95				
	219	1	107.40909805228071	21.9565559554386	0.0	0.0	2	1.0410881448005305	2.9902536976257736	230.0	25	1.05	0.95				
	220	1	75.95781519719299	15.428931211929825	0.0	0.0	2	1.045702364472878	4.337214625831771	230.0	25	1.05	0.95				
	221	2	0.0	0.0	0.0	0.0	2	1.0451434779491877	5.3601302138000095	230.0	27	1.05	0.95				
	222	2	0.0	0.0	0.0	0.0	2	1.05	11.85487243528539	230.0	27	1.05	0.95				
	223	2	0.0	0.0	0.0	0.0	2	1.05	5.506118428859081	230.0	25	1.05	0.95				
	224	1	0.0	0.0	0.0	0.0	2	1.018553935860913	-1.8438328458592597	230.0	26	1.05	0.95				
	301	2	56.63081303999999	11.535906359999998	0.0	0.0	3	1.01693264813913	-2.116204821993976	138.0	31	1.05	0.95				
	302	2	50.862859859999986	10.487187599999999	0.0	0.0	3	1.015203688999152	-2.447369673946806	138.0	32	1.05	0.95				
	303	1	94.38468839999999	19.401297059999997	0.0	0.0	3	1.049065768664102	11.329859527890031	138.0	31	1.05	0.95				
	304	1	38.802594119999995	7.865390699999998	0.0	0.0	3	1.0108550504712512	-1.146732846957874	138.0	31	1.05	0.95				
	305	1	37.229515979999995	7.341031319999999	0.0	0.0	3	1.026931194776538	-2.7823539526229513	138.0	31	1.05	0.95				
	306	1	71.31287568	14.682062639999998	0.0	-100.0	3	1.0394126321751749	-3.761383841423233	138.0	32	1.05	0.95				
	307	2	65.54492249999998	13.108984499999998	0.0	0.0	3	0.9909067595339579	-9.492921779586414	138.0	32	1.05	0.95				
	308	1	89.66545397999998	18.352578299999998	0.0	0.0	3	0.9935370283898495	-7.031109775140398	138.0	32	1.05	0.95				
	309	1	91.7628915	18.876937679999997	0.0	0.0	3	1.0243188136559183	2.073218007908237	138.0	33	1.05	0.95				
	310	1	102.2500791	20.974375199999997	0.0	0.0	3	1.05	-1.7705694928357212	138.0	33	1.05	0.95				
	311	1	0.0	0.0	0.0	0.0	3	1.0133763281442676	4.1885800335588685	230.0	33	1.05	0.95				
	312	1	0.0	0.0	0.0	0.0	3	1.013779595973096	4.130472658096115	230.0	33	1.05	0.95				
	313	2	138.95523569999997	28.315406519999996	0.0	0.0	3	1.0128057983265237	6.6263937666630675	230.0	34	1.05	0.95				
	314	2	101.72571971999997	20.450015819999997	0.0	0.0	3	1.020381432592944	6.145320061079622	230.0	36	1.05	0.95				
	315	2	166.22192345999997	33.559000319999996	0.0	0.0	3	1.0445498025064377	12.138762365248144	230.0	36	1.05	0.95				
	316	2	52.43593799999999	10.487187599999999	0.0	0.0	3	1.0408328186326652	12.07433124493024	230.0	36	1.05	0.95				
	317	1	0.0	0.0	0.0	0.0	3	1.05	17.638174937742836	230.0	37	1.05	0.95				
	318	2	174.61167353999997	35.65643784	0.0	0.0	3	1.0439334031984246	14.841699714958057	230.0	37	1.05	0.95				
	319	1	94.90904778	19.401297059999997	0.0	0.0	3	1.0314727592570252	9.68939132175464	230.0	35	1.05	0.95				
	320	1	67.11800063999999	13.633343879999998	0.0	0.0	3	1.0283527252875613	8.604743832680153	230.0	35	1.05	0.95				
	321	2	0.0	0.0	0.0	0.0	3	1.0454190178190874	14.587169985551142	230.0	37	1.05	0.95				
	322	2	0.0	0.0	0.0	0.0	3	1.05	20.127368954742195	230.0	37	1.05	0.95				
	323	2	0.0	0.0	0.0	0.0	3	1.0276001977016473	8.406453820400271	230.0	35	1.05	0.95				
	324	1	0.0	0.0	0.0	0.0	3	1.0417523773732027	11.836661905536872	230.0	36	1.05	0.95				
	325	1	0.0	0.0	0.0	0.0	3	1.029221656705156	8.827060179038694	230.0	35	1.05	0.95				
];
