%% MATPOWER Case Format : Version 2
function mpc = RTS_GMLC
mpc.version = '2';

%%-----  Power Flow Data  -----%%
%% system MVA base
mpc.baseMVA = 100.0;
%% bus data
%    bus_i    type    Pd    Qd    Gs    Bs    area    Vm    Va    baseKV    zone    Vmax    Vmin
mpc.bus = [
	101	2	84.08609598315789	17.128649181754383	0.0	0.0	1	1.0434741555782876	0.4819591573631228	138.0	11	1.05	0.95				
	102	2	75.52177139228068	15.571499256140351	0.0	0.0	1	1.0427534515626191	0.20228282882913745	138.0	12	1.05	0.95				
	103	1	140.14349330526315	28.807273623859647	0.0	0.0	1	1.0266668249731143	-0.9794737990738395	138.0	11	1.05	0.95				
	104	1	57.614547247719294	11.67862444210526	0.0	0.0	1	1.0230098797977507	-3.3368073501598645	138.0	11	1.05	0.95				
	105	1	55.27882235929823	10.900049479298245	0.0	0.0	1	1.0354742420740017	-3.7921004804541267	138.0	11	1.05	0.95				
	106	1	105.88619494175437	21.80009895859649	0.0	-100.0	1	1.0369065143507799	-6.937892688843808	138.0	12	1.05	0.95				
	107	2	97.32187035087718	19.464374070175435	0.0	0.0	1	1.05	-6.447052213155583	138.0	12	1.05	0.95				
	108	1	133.13631863999998	27.25012369824561	0.0	0.0	1	1.024860947654517	-8.21425511670736	138.0	12	1.05	0.95				
	109	1	136.25061849122807	28.028698661052626	0.0	0.0	1	1.0274424816426202	-4.194329233629481	138.0	13	1.05	0.95				
	110	1	151.8221177473684	31.142998512280702	0.0	0.0	1	1.05	-5.725881083725305	138.0	13	1.05	0.95				
	111	1	0.0	0.0	0.0	0.0	1	1.0134159596258383	-1.6893811391802307	230.0	13	1.05	0.95				
	112	1	0.0	0.0	0.0	0.0	1	1.01725260266723	-1.0468783785900533	230.0	13	1.05	0.95				
	113	3	206.32236514385963	42.043047991578945	0.0	0.0	1	1.0153836409568187	1.54930335924766e-26	230.0	14	1.05	0.95				
	114	2	151.04354278456137	30.364423549473678	0.0	0.0	1	1.0134764191126888	0.1603643611699067	230.0	16	1.05	0.95				
	115	2	246.80826320982453	49.828797619649116	0.0	0.0	1	1.0446269184199435	8.302150256309028	230.0	16	1.05	0.95				
	116	2	77.85749628070174	15.571499256140351	0.0	0.0	1	1.042306086636918	7.467523111355187	230.0	16	1.05	0.95				
	117	1	0.0	0.0	0.0	0.0	1	1.0455824957682092	10.551565011580628	230.0	17	1.05	0.95				
	118	2	259.2654626147368	52.943097470877184	0.0	0.0	1	1.047683942825286	11.033329847661426	230.0	17	1.05	0.95				
	119	1	140.92206826807018	28.807273623859647	0.0	0.0	1	1.0358072833660679	5.884870264341782	230.0	15	1.05	0.95				
	120	1	99.65759523929823	20.242949032982455	0.0	0.0	1	1.0362765537702532	5.484119630089247	230.0	15	1.05	0.95				
	121	2	0.0	0.0	0.0	0.0	1	1.05	12.757028244464655	230.0	17	1.05	0.95				
	122	2	0.0	0.0	0.0	0.0	1	1.05	19.465517167902522	230.0	17	1.05	0.95				
	123	2	0.0	0.0	0.0	0.0	1	1.0386455106228392	5.8422917021392715	230.0	15	1.05	0.95				
	124	1	0.0	0.0	0.0	0.0	1	1.0262109348263075	4.853874405978957	230.0	16	1.05	0.95				
	201	2	97.6810955494737	19.89800094526316	0.0	0.0	2	1.05	-17.907275075349418	138.0	21	1.05	0.95				
	202	2	87.73209507684211	18.089091768421053	0.0	0.0	2	1.05	-18.026917242193576	138.0	22	1.05	0.95				
	203	1	162.8018259157895	33.464819771578945	0.0	0.0	2	1.0214505285986513	-12.625330049640247	138.0	21	1.05	0.95				
	204	1	66.92963954315789	13.566818826315789	0.0	0.0	2	1.018997334485711	-18.834587227458588	138.0	21	1.05	0.95				
	205	1	64.21627577789474	12.662364237894739	0.0	0.0	2	1.0375270898501283	-19.492276895577074	138.0	21	1.05	0.95				
	206	1	123.00582402526317	25.324728475789477	0.0	-100.0	2	1.0348837198414393	-21.239602092687417	138.0	22	1.05	0.95				
	207	2	113.05682355263158	22.611364710526317	0.0	0.0	2	0.95	-30.859986213986534	138.0	22	1.05	0.95				
	208	1	154.66173462	31.65591059473684	0.0	0.0	2	0.9531343437080299	-27.892264801523627	138.0	22	1.05	0.95				
	209	1	158.27955297368422	32.5603651831579	0.0	0.0	2	1.023390371786328	-15.84119774085353	138.0	23	1.05	0.95				
	210	1	176.36864474210526	36.178183536842106	0.0	0.0	2	1.0480147328636018	-18.280499304906442	138.0	23	1.05	0.95				
	211	1	0.0	0.0	0.0	0.0	2	1.0326015078263044	-11.505776224528107	230.0	23	1.05	0.95				
	212	1	0.0	0.0	0.0	0.0	2	1.0258467338281285	-6.401601681237681	230.0	23	1.05	0.95				
	213	2	239.68046593157894	48.84054777473685	0.0	0.0	2	1.05	-8.421458119652549	230.0	24	1.05	0.95				
	214	2	175.46419015368423	35.27372894842105	0.0	0.0	2	1.05	-8.921296639863687	230.0	26	1.05	0.95				
	215	2	286.71210452947366	57.885093658947376	0.0	0.0	2	1.042769816410943	0.8246109613996979	230.0	26	1.05	0.95				
	216	2	90.44545884210527	18.089091768421053	0.0	0.0	2	1.0466225454212676	0.35836594609846867	230.0	26	1.05	0.95				
	217	1	0.0	0.0	0.0	0.0	2	1.0481214626675444	3.7225574523957863	230.0	27	1.05	0.95				
	218	2	301.1833779442105	61.50291201263158	0.0	0.0	2	1.05	4.210018948291533	230.0	27	1.05	0.95				
	219	1	163.70628050421053	33.464819771578945	0.0	0.0	2	1.0410330420419804	0.06963750751150882	230.0	25	1.05	0.95				
	220	1	115.77018731789475	23.515819298947367	0.0	0.0	2	1.0446658868772711	1.5132231282706272	230.0	25	1.05	0.95				
	221	2	0.0	0.0	0.0	0.0	2	1.05	4.726497412388414	230.0	27	1.05	0.95				
	222	2	0.0	0.0	0.0	0.0	2	1.05	10.844399026260449	230.0	27	1.05	0.95				
	223	2	0.0	0.0	0.0	0.0	2	1.05	2.9580493995470976	230.0	25	1.05	0.95				
	224	1	0.0	0.0	0.0	0.0	2	1.0177099208154425	-4.167146274648621	230.0	26	1.05	0.95				
	301	2	83.0585257768421	16.91932932491228	0.0	0.0	3	0.9777282563906101	-3.701048372975974	138.0	31	1.05	0.95				
	302	2	74.59886111438595	15.381208477192985	0.0	0.0	3	0.9801347282449959	-3.953658458281385	138.0	32	1.05	0.95				
	303	1	138.43087629473686	28.455235682807018	0.0	0.0	3	0.996573656104902	0.8039748385060917	138.0	31	1.05	0.95				
	304	1	56.910471365614036	11.535906357894737	0.0	0.0	3	0.9728795503334372	-1.6144625957414775	138.0	31	1.05	0.95				
	305	1	54.60329009403508	10.766845934035087	0.0	0.0	3	0.984270040975131	-1.7281428222422617	138.0	31	1.05	0.95				
	306	1	104.5922176449123	21.533691868070175	0.0	-100.0	3	0.9953009711432349	-1.5154313804819732	138.0	32	1.05	0.95				
	307	2	96.13255298245615	19.226510596491227	0.0	0.0	3	0.95	-8.007027238053961	138.0	32	1.05	0.95				
	308	1	131.50933248	26.91711483508772	0.0	0.0	3	0.9558574673655016	-4.106705960320085	138.0	32	1.05	0.95				
	309	1	134.58557417543858	27.686175258947365	0.0	0.0	3	0.996771378791577	3.635541505510215	138.0	33	1.05	0.95				
	310	1	149.96678265263157	30.76241695438597	0.0	0.0	3	1.0153716891925062	2.8863052754713623	138.0	33	1.05	0.95				
	311	1	0.0	0.0	0.0	0.0	3	0.9920084921324005	11.458473311599187	230.0	33	1.05	0.95				
	312	1	0.0	0.0	0.0	0.0	3	0.9960206807025933	12.85791768239647	230.0	33	1.05	0.95				
	313	2	203.80101232280703	41.52926288842105	0.0	0.0	3	1.0246639296053959	20.991795595112162	230.0	34	1.05	0.95				
	314	2	149.1977222287719	29.993356530526317	0.0	0.0	3	1.004276019533794	10.945178342118513	230.0	36	1.05	0.95				
	315	2	243.79215436350879	49.219867127017544	0.0	0.0	3	1.0481516218082993	8.03100749638116	230.0	36	1.05	0.95				
	316	2	76.90604238596491	15.381208477192985	0.0	0.0	3	1.0448659638475444	9.379165617890147	230.0	36	1.05	0.95				
	317	1	0.0	0.0	0.0	0.0	3	1.0488228788659504	9.406985374025496	230.0	37	1.05	0.95				
	318	2	256.09712114526315	52.29610882245615	0.0	0.0	3	1.0477048510438514	8.301685941115984	230.0	37	1.05	0.95				
	319	1	139.1999367185965	28.455235682807018	0.0	0.0	3	1.0373126656928693	11.346178278910147	230.0	35	1.05	0.95				
	320	1	98.43973425403509	19.995571020350877	0.0	0.0	3	1.0349553877370472	13.09224291320892	230.0	35	1.05	0.95				
	321	2	0.0	0.0	0.0	0.0	3	1.05	9.689124132559764	230.0	37	1.05	0.95				
	322	2	0.0	0.0	0.0	0.0	3	1.05	13.924433204162224	230.0	37	1.05	0.95				
	323	2	0.0	0.0	0.0	0.0	3	1.0341286745408538	13.761759402810673	230.0	35	1.05	0.95				
	324	1	0.0	0.0	0.0	0.0	3	1.0217919737599093	7.325942255713033	230.0	36	1.05	0.95				
	325	1	0.0	0.0	0.0	0.0	3	1.036488785776531	13.684117816248234	230.0	35	1.05	0.95				
];
