%% MATPOWER Case Format : Version 2
function mpc = RTS_GMLC
mpc.version = '2';

%%-----  Power Flow Data  -----%%
%% system MVA base
mpc.baseMVA = 100.0;
%% bus data
%    bus_i    type    Pd    Qd    Gs    Bs    area    Vm    Va    baseKV    zone    Vmax    Vmin
mpc.bus = [
	101	2	51.22117762105264	10.433943589473685	0.0	0.0	1	1.0348758634358992	1.7970712391386832	138.0	11	1.05	0.95				
	102	2	46.00420582631579	9.485403263157895	0.0	0.0	1	1.034458615511627	1.6545856030221826	138.0	12	1.05	0.95				
	103	1	85.36862936842105	17.547996036842108	0.0	0.0	1	1.026557921585035	-0.11091904950795074	138.0	11	1.05	0.95				
	104	1	35.095992073684215	7.1140524473684215	0.0	0.0	1	1.021128689661274	-1.5535940626400653	138.0	11	1.05	0.95				
	105	1	33.673181584210525	6.639782284210527	0.0	0.0	1	1.0359558478591946	-1.357749185446577	138.0	11	1.05	0.95				
	106	1	64.5007421894737	13.279564568421055	0.0	-100.0	1	1.0444380596274754	-3.6048965593793785	138.0	12	1.05	0.95				
	107	2	59.28377039473685	11.85675407894737	0.0	0.0	1	1.00849567578943	-6.943510274809975	138.0	12	1.05	0.95				
	108	1	81.1001979	16.599455710526318	0.0	0.0	1	1.0085013422386389	-6.624706770059835	138.0	12	1.05	0.95				
	109	1	82.99727855263158	17.07372587368421	0.0	0.0	1	1.0248628865285767	-2.263012639210887	138.0	13	1.05	0.95				
	110	1	92.48268181578948	18.97080652631579	0.0	0.0	1	1.05	-3.0668805480309587	138.0	13	1.05	0.95				
	111	1	0.0	0.0	0.0	0.0	1	1.004745743692907	-0.4452349011510501	230.0	13	1.05	0.95				
	112	1	0.0	0.0	0.0	0.0	1	1.0095685773570344	0.13943744803187305	230.0	13	1.05	0.95				
	113	3	125.68159323684212	25.61058881052632	0.0	0.0	1	0.9984193674955657	1.8599248303603811e-31	230.0	14	1.05	0.95				
	114	2	92.00841165263158	18.496536363157897	0.0	0.0	1	1.0014813567639094	1.5076043918512239	230.0	16	1.05	0.95				
	115	2	150.34364172105262	30.35329044210527	0.0	0.0	1	1.0359419653226687	7.34607472860089	230.0	16	1.05	0.95				
	116	2	47.42701631578948	9.485403263157895	0.0	0.0	1	1.0325884847730393	7.047607654605844	230.0	16	1.05	0.95				
	117	1	0.0	0.0	0.0	0.0	1	1.0393678109988753	8.785894175400063	230.0	17	1.05	0.95				
	118	2	157.93196433157897	32.25037109473685	0.0	0.0	1	1.0410239706108944	8.769091465620368	230.0	17	1.05	0.95				
	119	1	85.84289953157895	17.547996036842108	0.0	0.0	1	1.027586596159488	6.271192588307302	230.0	15	1.05	0.95				
	120	1	60.70658088421054	12.331024242105265	0.0	0.0	1	1.0266914128758649	6.515372429831531	230.0	15	1.05	0.95				
	121	2	0.0	0.0	0.0	0.0	1	1.0445356879683592	9.840849674510535	230.0	17	1.05	0.95				
	122	2	0.0	0.0	0.0	0.0	1	1.05	15.932673770871173	230.0	17	1.05	0.95				
	123	2	0.0	0.0	0.0	0.0	1	1.0270205739234939	7.014129928729073	230.0	15	1.05	0.95				
	124	1	0.0	0.0	0.0	0.0	1	1.0228045001353423	4.555072594289187	230.0	16	1.05	0.95				
	201	2	53.37950574315789	10.873603021754386	0.0	0.0	2	1.0320898311754636	-6.988716121116356	138.0	21	1.05	0.95				
	202	2	47.9427042322807	9.88509365614035	0.0	0.0	2	1.0324848906931023	-6.965825226844033	138.0	22	1.05	0.95				
	203	1	88.96584290526314	18.287423263859647	0.0	0.0	2	1.0203925223252288	-6.527446867476782	138.0	21	1.05	0.95				
	204	1	36.574846527719295	7.413820242105262	0.0	0.0	2	1.0193984198426203	-9.190179986441258	138.0	21	1.05	0.95				
	205	1	35.09208247929824	6.919565559298246	0.0	0.0	2	1.0347718602921765	-9.342050093533919	138.0	21	1.05	0.95				
	206	1	67.21863686175439	13.839131118596493	0.0	-100.0	2	1.0438788481959282	-11.127054974822737	138.0	22	1.05	0.95				
	207	2	61.78183535087719	12.356367070175438	0.0	0.0	2	0.9901086888030092	-18.586303447291876	138.0	22	1.05	0.95				
	208	1	84.51755075999999	17.298913898245612	0.0	0.0	2	0.9944345617677235	-16.295093405855756	138.0	22	1.05	0.95				
	209	1	86.49456949122806	17.79316858105263	0.0	0.0	2	1.023296562163736	-9.000521541313805	138.0	23	1.05	0.95				
	210	1	96.3796631473684	19.7701873122807	0.0	0.0	2	1.05	-10.163126020432973	138.0	23	1.05	0.95				
	211	1	0.0	0.0	0.0	0.0	2	1.0083266653559253	-6.090347187197703	230.0	23	1.05	0.95				
	212	1	0.0	0.0	0.0	0.0	2	1.0097439374204724	-5.469688184340505	230.0	23	1.05	0.95				
	213	2	130.97749094385964	26.689752871578946	0.0	0.0	2	1.0033403338410667	-5.121776793416403	230.0	24	1.05	0.95				
	214	2	95.8854084645614	19.275932629473683	0.0	0.0	2	1.0122374781634729	-3.365528247094448	230.0	26	1.05	0.95				
	215	2	156.67873444982453	31.63229969964912	0.0	0.0	2	1.0303496847650064	3.5008526543597065	230.0	26	1.05	0.95				
	216	2	49.42546828070175	9.88509365614035	0.0	0.0	2	1.0316749311911937	3.4805329335809065	230.0	26	1.05	0.95				
	217	1	0.0	0.0	0.0	0.0	2	1.0369423935741187	6.354607116354622	230.0	27	1.05	0.95				
	218	2	164.58680937473684	33.609318430877195	0.0	0.0	2	1.0388564185397546	6.9037636415573775	230.0	27	1.05	0.95				
	219	1	89.46009758807017	18.287423263859647	0.0	0.0	2	1.0295703109539383	2.640954120733054	230.0	25	1.05	0.95				
	220	1	63.26459939929824	12.850621752982455	0.0	0.0	2	1.0314271160388508	2.8667903426659542	230.0	25	1.05	0.95				
	221	2	0.0	0.0	0.0	0.0	2	1.0385781616661574	6.524874106340292	230.0	27	1.05	0.95				
	222	2	0.0	0.0	0.0	0.0	2	1.05	12.958657601097372	230.0	27	1.05	0.95				
	223	2	0.0	0.0	0.0	0.0	2	1.033345171216554	3.3648969718350057	230.0	25	1.05	0.95				
	224	1	0.0	0.0	0.0	0.0	2	1.0142194668378355	-0.2565401473389138	230.0	26	1.05	0.95				
	301	2	40.179689962105265	8.184751658947368	0.0	0.0	3	1.0104231131208907	-15.356279078245166	138.0	31	1.05	0.95				
	302	2	36.087314132631576	7.4406833263157885	0.0	0.0	3	1.010406167171977	-15.447251217955818	138.0	32	1.05	0.95				
	303	1	66.9661499368421	13.765264153684209	0.0	0.0	3	1.021360439297953	-10.876929248086748	138.0	31	1.05	0.95				
	304	1	27.530528307368417	5.580512494736841	0.0	0.0	3	1.0123056691352634	-14.18009150975655	138.0	31	1.05	0.95				
	305	1	26.41442580842105	5.2084783284210525	0.0	0.0	3	1.0255366681353024	-14.842337518590792	138.0	31	1.05	0.95				
	306	1	50.596646618947375	10.416956656842105	0.0	-100.0	3	1.0426772162594817	-15.01775751751363	138.0	32	1.05	0.95				
	307	2	46.50427078947368	9.300854157894737	0.0	0.0	3	0.9935273502180801	-18.92122357514548	138.0	32	1.05	0.95				
	308	1	63.61784244	13.02119582105263	0.0	0.0	3	1.0018538246746043	-17.294603576423462	138.0	32	1.05	0.95				
	309	1	65.10597910526316	13.393229987368418	0.0	0.0	3	1.0249020238680853	-11.611030821651596	138.0	33	1.05	0.95				
	310	1	72.54666243157895	14.881366652631577	0.0	0.0	3	1.05	-13.128461970852157	138.0	33	1.05	0.95				
	311	1	0.0	0.0	0.0	0.0	3	1.0032065658464284	-8.114677946027799	230.0	33	1.05	0.95				
	312	1	0.0	0.0	0.0	0.0	3	1.0082057204769832	-7.647402841572094	230.0	33	1.05	0.95				
	313	2	98.5890540736842	20.089844981052632	0.0	0.0	3	1.0061814262840822	-4.7118195070472595	230.0	34	1.05	0.95				
	314	2	72.17462826526315	14.50933248631579	0.0	0.0	3	0.9973265676051751	-6.690530765288522	230.0	36	1.05	0.95				
	315	2	117.93483072210525	23.810186644210525	0.0	0.0	3	1.0220274502504543	-3.309151893347795	230.0	36	1.05	0.95				
	316	2	37.203416631578946	7.4406833263157885	0.0	0.0	3	1.0213791208756884	-2.4762307665782006	230.0	36	1.05	0.95				
	317	1	0.0	0.0	0.0	0.0	3	1.0274093771276427	-1.3780222563420514	230.0	37	1.05	0.95				
	318	2	123.8873773831579	25.298323309473687	0.0	0.0	3	1.0267108267069789	-1.6074088872599979	230.0	37	1.05	0.95				
	319	1	67.3381841031579	13.765264153684209	0.0	0.0	3	1.0177934575963172	-3.0710940051599813	230.0	35	1.05	0.95				
	320	1	47.62037328842105	9.672888324210525	0.0	0.0	3	1.0169530832167584	-2.849298717420034	230.0	35	1.05	0.95				
	321	2	0.0	0.0	0.0	0.0	3	1.0274193927647224	-1.5674378194168006	230.0	37	1.05	0.95				
	322	2	0.0	0.0	0.0	0.0	3	1.040781254949438	2.8908358583413527	230.0	37	1.05	0.95				
	323	2	0.0	0.0	0.0	0.0	3	1.016851080340918	-2.4334516849008505	230.0	35	1.05	0.95				
	324	1	0.0	0.0	0.0	0.0	3	1.0121825579635402	-6.169636096035947	230.0	36	1.05	0.95				
	325	1	0.0	0.0	0.0	0.0	3	1.0160845807272798	-1.3812609440759178	230.0	35	1.05	0.95				
];
