%% MATPOWER Case Format : Version 2
function mpc = RTS_GMLC
mpc.version = '2';

%%-----  Power Flow Data  -----%%
%% system MVA base
mpc.baseMVA = 100.0;
%% bus data
%    bus_i    type    Pd    Qd    Gs    Bs    area    Vm    Va    baseKV    zone    Vmax    Vmin
mpc.bus = [
	101	2	85.96981693894737	17.512370117192983	0.0	0.0	1	1.030142277453724	-3.935376394157478	138.0	11	1.05	0.95				
	102	2	77.21363188035087	15.920336470175439	0.0	0.0	1	1.0301152545117649	-4.021860493627668	138.0	12	1.05	0.95				
	103	1	143.28302823157895	29.452622469824558	0.0	0.0	1	1.0152452284184437	-3.1347186124530624	138.0	11	1.05	0.95				
	104	1	58.905244939649116	11.940252352631578	0.0	0.0	1	1.0138066985796415	-6.669590500793607	138.0	11	1.05	0.95				
	105	1	56.5171944691228	11.144235529122808	0.0	0.0	1	1.0294385848240182	-6.835164997405796	138.0	11	1.05	0.95				
	106	1	108.258287997193	22.288471058245616	0.0	-100.0	1	1.0342502603720307	-9.182161426533039	138.0	12	1.05	0.95				
	107	2	99.5021029385965	19.900420587719296	0.0	0.0	1	1.05	-7.56044118360481	138.0	12	1.05	0.95				
	108	1	136.11887682	27.860588822807014	0.0	0.0	1	1.0240893554627337	-9.532572551380188	138.0	12	1.05	0.95				
	109	1	139.30294411403509	28.656605646315786	0.0	0.0	1	1.0262075130146942	-5.6016244670334085	138.0	13	1.05	0.95				
	110	1	155.2232805842105	31.840672940350878	0.0	0.0	1	1.05	-7.250361629448497	138.0	13	1.05	0.95				
	111	1	0.0	0.0	0.0	0.0	1	1.0174885897671377	-1.8996228102300832	230.0	13	1.05	0.95				
	112	1	0.0	0.0	0.0	0.0	1	1.0180386148332643	-1.3423433149527306	230.0	13	1.05	0.95				
	113	3	210.94445822982456	42.98490846947369	0.0	0.0	1	1.0209403472958987	8.318888330427858e-28	230.0	14	1.05	0.95				
	114	2	154.42726376070175	31.044656116842106	0.0	0.0	1	1.0254301614140846	0.9478898294454297	230.0	16	1.05	0.95				
	115	2	252.33733305228068	50.9450767045614	0.0	0.0	1	1.0422721836082292	10.541789659021553	230.0	16	1.05	0.95				
	116	2	79.60168235087718	15.920336470175439	0.0	0.0	1	1.0425514896768469	9.839678227742127	230.0	16	1.05	0.95				
	117	1	0.0	0.0	0.0	0.0	1	1.045200065329725	14.192010604030672	230.0	17	1.05	0.95				
	118	2	265.07360222842107	54.1291439985965	0.0	0.0	1	1.05	14.786539391383716	230.0	17	1.05	0.95				
	119	1	144.07904505508773	29.452622469824558	0.0	0.0	1	1.0382491290588565	7.6018135891912975	230.0	15	1.05	0.95				
	120	1	101.8901534091228	20.696437411228068	0.0	0.0	1	1.0423324358555723	7.158358225072156	230.0	15	1.05	0.95				
	121	2	0.0	0.0	0.0	0.0	1	1.05	15.596543524025934	230.0	17	1.05	0.95				
	122	2	0.0	0.0	0.0	0.0	1	1.05	27.408844060923624	230.0	17	1.05	0.95				
	123	2	0.0	0.0	0.0	0.0	1	1.0467388258466244	7.4980297951826635	230.0	15	1.05	0.95				
	124	1	0.0	0.0	0.0	0.0	1	1.0147734636429442	5.492170561674165	230.0	16	1.05	0.95				
	201	2	100.28207144842108	20.427829369122808	0.0	0.0	2	1.05	-17.708432781451158	138.0	21	1.05	0.95				
	202	2	90.06815676385965	18.570753971929825	0.0	0.0	2	1.05	-17.772341537262488	138.0	22	1.05	0.95				
	203	1	167.13678574736844	34.35589484807018	0.0	0.0	2	1.0191937887097855	-13.148496752036783	138.0	21	1.05	0.95				
	204	1	68.71178969614036	13.928065478947369	0.0	0.0	2	1.0161456672498377	-19.324358471646903	138.0	21	1.05	0.95				
	205	1	65.92617660035087	12.999527780350878	0.0	0.0	2	1.0347475127594996	-19.915793730541417	138.0	21	1.05	0.95				
	206	1	126.28112700912281	25.999055560701755	0.0	-100.0	2	1.0301991392142025	-22.023096461586853	138.0	22	1.05	0.95				
	207	2	116.06721232456141	23.213442464912283	0.0	0.0	2	0.95	-31.052351314077736	138.0	22	1.05	0.95				
	208	1	158.77994646	32.49881945087719	0.0	0.0	2	0.9511296941914383	-28.54907550474871	138.0	22	1.05	0.95				
	209	1	162.49409725438596	33.427357149473686	0.0	0.0	2	1.0189390291620535	-16.83921355685321	138.0	23	1.05	0.95				
	210	1	181.0648512263158	37.14150794385965	0.0	0.0	2	1.0432914302730327	-19.263506549801438	138.0	23	1.05	0.95				
	211	1	0.0	0.0	0.0	0.0	2	1.0286051765879018	-11.046827651018354	230.0	23	1.05	0.95				
	212	1	0.0	0.0	0.0	0.0	2	1.0180386475163727	-9.516644215323675	230.0	23	1.05	0.95				
	213	2	246.06249012807018	50.14103572421054	0.0	0.0	2	1.05	-6.384833615390643	230.0	24	1.05	0.95				
	214	2	180.1363135277193	36.21297024526316	0.0	0.0	2	1.05	-8.493709912493973	230.0	26	1.05	0.95				
	215	2	294.34645045508773	59.42641271017545	0.0	0.0	2	1.0424234963263255	1.1831197436287182	230.0	26	1.05	0.95				
	216	2	92.85376985964913	18.570753971929825	0.0	0.0	2	1.0467082484323367	0.9123071265356655	230.0	26	1.05	0.95				
	217	1	0.0	0.0	0.0	0.0	2	1.0488119561792137	4.501294119585936	230.0	27	1.05	0.95				
	218	2	309.2030536326316	63.140563504561406	0.0	0.0	2	1.05	4.943912818731622	230.0	27	1.05	0.95				
	219	1	168.0653234459649	34.35589484807018	0.0	0.0	2	1.0409042230492824	0.3886932730289953	230.0	25	1.05	0.95				
	220	1	118.8528254203509	24.141980163508777	0.0	0.0	2	1.0446052356349282	1.6727096955808867	230.0	25	1.05	0.95				
	221	2	0.0	0.0	0.0	0.0	2	1.05	5.4692853146056395	230.0	27	1.05	0.95				
	222	2	0.0	0.0	0.0	0.0	2	1.05	11.601430864053581	230.0	27	1.05	0.95				
	223	2	0.0	0.0	0.0	0.0	2	1.05	3.04757721996885	230.0	25	1.05	0.95				
	224	1	0.0	0.0	0.0	0.0	2	1.01535697489156	-4.127750316107378	230.0	26	1.05	0.95				
	301	2	72.87693768	14.845302120000001	0.0	0.0	3	1.0154461846726732	-12.514193611842277	138.0	31	1.05	0.95				
	302	2	65.45428661999999	13.495729200000001	0.0	0.0	3	1.0138756041247847	-12.88543883678868	138.0	32	1.05	0.95				
	303	1	121.4615628	24.96709902	0.0	0.0	3	1.0393456919199706	-2.774696996356239	138.0	31	1.05	0.95				
	304	1	49.93419804	10.1217969	0.0	0.0	3	1.0104847695086476	-11.111806524892776	138.0	31	1.05	0.95				
	305	1	47.90983866	9.44701044	0.0	0.0	3	1.0239157411180833	-12.828506184052886	138.0	31	1.05	0.95				
	306	1	91.77095856000001	18.89402088	0.0	-100.0	3	1.0346265599608258	-13.74707014206665	138.0	32	1.05	0.95				
	307	2	84.3483075	16.8696615	0.0	0.0	3	1.0050374151306405	-15.39042580323887	138.0	32	1.05	0.95				
	308	1	115.38848466	23.617526099999996	0.0	0.0	3	1.0006717121306377	-14.79115286241729	138.0	32	1.05	0.95				
	309	1	118.08763049999999	24.29231256	0.0	0.0	3	1.0313498047119498	-6.928793214028909	138.0	33	1.05	0.95				
	310	1	131.5833597	26.991458400000003	0.0	0.0	3	1.05	-10.982951765090155	138.0	33	1.05	0.95				
	311	1	0.0	0.0	0.0	0.0	3	1.0193365027474734	-4.369983536860134	230.0	33	1.05	0.95				
	312	1	0.0	0.0	0.0	0.0	3	1.020101482024055	-3.272970578147812	230.0	33	1.05	0.95				
	313	2	178.81841189999997	36.43846884	0.0	0.0	3	1.0262604918740994	-0.41894978696038593	230.0	34	1.05	0.95				
	314	2	130.90857323999998	26.316671940000003	0.0	0.0	3	1.0251427323103897	-3.239862103880696	230.0	36	1.05	0.95				
	315	2	213.90730782	43.18633344	0.0	0.0	3	1.0465993713282404	2.9353511980902907	230.0	36	1.05	0.95				
	316	2	67.478646	13.495729200000001	0.0	0.0	3	1.0445267905424653	2.4590364176287722	230.0	36	1.05	0.95				
	317	1	0.0	0.0	0.0	0.0	3	1.0491732518580834	5.307294193380336	230.0	37	1.05	0.95				
	318	2	224.70389117999997	45.885479280000006	0.0	0.0	3	1.048434777351582	4.834517785182339	230.0	37	1.05	0.95				
	319	1	122.13634926	24.96709902	0.0	0.0	3	1.0402693383137334	2.0414566574276223	230.0	35	1.05	0.95				
	320	1	86.37266688	17.54444796	0.0	0.0	3	1.0422590540386094	2.9500035457933516	230.0	35	1.05	0.95				
	321	2	0.0	0.0	0.0	0.0	3	1.05	6.148383620369127	230.0	37	1.05	0.95				
	322	2	0.0	0.0	0.0	0.0	3	1.05	11.59433784678313	230.0	37	1.05	0.95				
	323	2	0.0	0.0	0.0	0.0	3	1.045301558921992	3.944182193563844	230.0	35	1.05	0.95				
	324	1	0.0	0.0	0.0	0.0	3	1.0358401873802245	0.7973739132196289	230.0	36	1.05	0.95				
	325	1	0.0	0.0	0.0	0.0	3	1.0428905055461322	4.912435078565218	230.0	35	1.05	0.95				
];

%% generator data
%    bus    Pg    Qg    Qmax    Qmin    Vg    mBase    status    Pmax    Pmin    Pc1    Pc2    Qc1min    Qc1max    Qc2min    Qc2max    ramp_agc    ramp_10    ramp_30    ramp_q    apf
