%% MATPOWER Case Format : Version 2
function mpc = RTS_GMLC
mpc.version = '2';

%%-----  Power Flow Data  -----%%
%% system MVA base
mpc.baseMVA = 100.0;
%% bus data
%    bus_i    type    Pd    Qd    Gs    Bs    area    Vm    Va    baseKV    zone    Vmax    Vmin
mpc.bus = [
	101	2	87.03859475368422	17.73008411649123	0.0	0.0	1	1.0331859604265177	-5.196632648810273	138.0	11	1.05	0.95				
	102	2	78.1735526954386	16.1182582877193	0.0	0.0	1	1.0331851516205748	-5.252417426967565	138.0	12	1.05	0.95				
	103	1	145.0643245894737	29.818777832280702	0.0	0.0	1	1.0176294177980583	-5.336605718363864	138.0	11	1.05	0.95				
	104	1	59.637555664561404	12.088693715789473	0.0	0.0	1	1.0154826619100938	-7.735626439710556	138.0	11	1.05	0.95				
	105	1	57.21981692140351	11.28278080140351	0.0	0.0	1	1.030994273598499	-7.826740730975646	138.0	11	1.05	0.95				
	106	1	109.60415635649123	22.56556160280702	0.0	-100.0	1	1.0348551388842793	-10.031413080062578	138.0	12	1.05	0.95				
	107	2	100.73911429824562	20.14782285964912	0.0	0.0	1	1.0480695688996438	-5.827344898760164	138.0	12	1.05	0.95				
	108	1	137.81110836	28.206952003508768	0.0	0.0	1	1.0227833477312818	-8.905472880053168	138.0	12	1.05	0.95				
	109	1	141.03476001754385	29.01286491789474	0.0	0.0	1	1.0269893090480038	-6.505091482378344	138.0	13	1.05	0.95				
	110	1	157.15301830526315	32.2365165754386	0.0	0.0	1	1.05	-7.948518469823779	138.0	13	1.05	0.95				
	111	1	0.0	0.0	0.0	0.0	1	1.0167745980154275	-2.929615176873217	230.0	13	1.05	0.95				
	112	1	0.0	0.0	0.0	0.0	1	1.0180184895579616	-1.812776196882323	230.0	13	1.05	0.95				
	113	3	213.5669223122807	43.51929737684211	0.0	0.0	1	1.0222107026316454	-4.2957652326879224e-23	230.0	14	1.05	0.95				
	114	2	156.3471053908772	31.43060366105263	0.0	0.0	1	1.0211350507060895	-1.1947214863123197	230.0	16	1.05	0.95				
	115	2	255.4743938603509	51.57842652070176	0.0	0.0	1	1.0447745809210982	6.388404150827121	230.0	16	1.05	0.95				
	116	2	80.59129143859649	16.1182582877193	0.0	0.0	1	1.0447445268506192	6.1442522369770405	230.0	16	1.05	0.95				
	117	1	0.0	0.0	0.0	0.0	1	1.0476941731057436	9.078292334888683	230.0	17	1.05	0.95				
	118	2	268.36900049052633	54.802078178245615	0.0	0.0	1	1.0493124580363775	9.683680513180558	230.0	17	1.05	0.95				
	119	1	145.87023750385967	29.818777832280702	0.0	0.0	1	1.0392606869318781	5.188595267994121	230.0	15	1.05	0.95				
	120	1	103.15685304140352	20.95373577403509	0.0	0.0	1	1.0417903484898756	5.874298430626776	230.0	15	1.05	0.95				
	121	2	0.0	0.0	0.0	0.0	1	1.05	10.500530989301813	230.0	17	1.05	0.95				
	122	2	0.0	0.0	0.0	0.0	1	1.05	16.475798864143805	230.0	17	1.05	0.95				
	123	2	0.0	0.0	0.0	0.0	1	1.0456691349907012	6.840135051170879	230.0	15	1.05	0.95				
	124	1	0.0	0.0	0.0	0.0	1	1.0199062965115067	2.0638509916848284	230.0	16	1.05	0.95				
	201	2	84.60821660210527	17.235007085614036	0.0	0.0	2	1.0465007317797246	-10.639961336617828	138.0	21	1.05	0.95				
	202	2	75.99071305929826	15.668188259649126	0.0	0.0	2	1.0470275598427612	-10.66638405851628	138.0	22	1.05	0.95				
	203	1	141.01369433684212	28.986148280350882	0.0	0.0	2	1.0280053926049022	-8.388777468700962	138.0	21	1.05	0.95				
	204	1	57.972296560701764	11.751141194736842	0.0	0.0	2	1.021675443096281	-12.7967667864018	138.0	21	1.05	0.95				
	205	1	55.62206832175439	10.96773178175439	0.0	0.0	2	1.0382003059558336	-13.146480533333708	138.0	21	1.05	0.95				
	206	1	106.54368016561406	21.93546356350878	0.0	-100.0	2	1.03900651687802	-15.269146023734093	138.0	22	1.05	0.95				
	207	2	97.92617662280702	19.585235324561406	0.0	0.0	2	0.9509050815539717	-27.361513902951863	138.0	22	1.05	0.95				
	208	1	133.96300962	27.419329454385966	0.0	0.0	2	0.9573571682290024	-23.405607661957706	138.0	22	1.05	0.95				
	209	1	137.09664727192984	28.202738867368428	0.0	0.0	2	1.0258055576648082	-11.40662519156611	138.0	23	1.05	0.95				
	210	1	152.76483553157897	31.336376519298252	0.0	0.0	2	1.05	-13.261911409510814	138.0	23	1.05	0.95				
	211	1	0.0	0.0	0.0	0.0	2	1.03007057728517	-6.259110470752044	230.0	23	1.05	0.95				
	212	1	0.0	0.0	0.0	0.0	2	1.02237713035946	-4.974579416998699	230.0	23	1.05	0.95				
	213	2	207.60349444035091	42.304108301052636	0.0	0.0	2	1.044906938079401	-2.2684302552518125	230.0	24	1.05	0.95				
	214	2	151.98142611859652	30.552967106315794	0.0	0.0	2	1.047530434441433	-3.914876495121305	230.0	26	1.05	0.95				
	215	2	248.3407839154386	50.1382024308772	0.0	0.0	2	1.0460029778736653	4.319878031325079	230.0	26	1.05	0.95				
	216	2	78.34094129824562	15.668188259649126	0.0	0.0	2	1.0495881235110551	4.233235197746649	230.0	26	1.05	0.95				
	217	1	0.0	0.0	0.0	0.0	2	1.0498250166607894	7.258208579692202	230.0	27	1.05	0.95				
	218	2	260.87533452315796	53.27184008280703	0.0	0.0	2	1.05	8.025292588539152	230.0	27	1.05	0.95				
	219	1	141.7971037498246	28.986148280350882	0.0	0.0	2	1.0440929736024578	3.7868160252407743	230.0	25	1.05	0.95				
	220	1	100.2764048617544	20.368644737543864	0.0	0.0	2	1.0462703437724428	4.8611324212043705	230.0	25	1.05	0.95				
	221	2	0.0	0.0	0.0	0.0	2	1.05	8.512467947766092	230.0	27	1.05	0.95				
	222	2	0.0	0.0	0.0	0.0	2	1.05	14.53227905775915	230.0	27	1.05	0.95				
	223	2	0.0	0.0	0.0	0.0	2	1.05	6.0191504343655975	230.0	25	1.05	0.95				
	224	1	0.0	0.0	0.0	0.0	2	1.023182087807828	-0.4104846250897714	230.0	26	1.05	0.95				
	301	2	69.54571337684212	14.16671939157895	0.0	0.0	3	1.014431270665302	-15.279769691018025	138.0	31	1.05	0.95				
	302	2	62.462353681052626	12.878835810526319	0.0	0.0	3	1.0129329085652903	-15.670878150838998	138.0	32	1.05	0.95				
	303	1	115.90952229473686	23.82584624947369	0.0	0.0	3	1.0282162001512531	-8.937486805300907	138.0	31	1.05	0.95				
	304	1	47.65169249894738	9.659126857894737	0.0	0.0	3	1.0094812346683097	-14.612957223189516	138.0	31	1.05	0.95				
	305	1	45.719867127368424	9.015185067368423	0.0	0.0	3	1.0237731441005056	-15.330359515774337	138.0	31	1.05	0.95				
	306	1	87.57608351157896	18.030370134736845	0.0	-100.0	3	1.0353106954944844	-16.087865308242343	138.0	32	1.05	0.95				
	307	2	80.49272381578947	16.098544763157896	0.0	0.0	3	1.0054918297050621	-17.929406159462854	138.0	32	1.05	0.95				
	308	1	110.11404618	22.537962668421052	0.0	0.0	3	1.001723355025413	-17.54202408719292	138.0	32	1.05	0.95				
	309	1	112.68981334210525	23.18190445894737	0.0	0.0	3	1.0281462621711526	-11.118512628445632	138.0	33	1.05	0.95				
	310	1	125.5686491526316	25.757671621052637	0.0	0.0	3	1.05	-13.317700851609914	138.0	33	1.05	0.95				
	311	1	0.0	0.0	0.0	0.0	3	1.0178847754382134	-6.809154598915792	230.0	33	1.05	0.95				
	312	1	0.0	0.0	0.0	0.0	3	1.0182353941982993	-5.398601929131176	230.0	33	1.05	0.95				
	313	2	170.6445744894737	34.77285668842106	0.0	0.0	3	1.0278184234430077	-2.2035432268831463	230.0	34	1.05	0.95				
	314	2	124.92470736210525	25.11372983052632	0.0	0.0	3	1.0242402509831459	-5.464463652104071	230.0	36	1.05	0.95				
	315	2	204.1295475968421	41.212274593684214	0.0	0.0	3	1.0456215249629455	0.5391389890676787	230.0	36	1.05	0.95				
	316	2	64.39417905263159	12.878835810526319	0.0	0.0	3	1.0438539793748955	0.3470451160968719	230.0	36	1.05	0.95				
	317	1	0.0	0.0	0.0	0.0	3	1.0469361349098598	2.4847023658214717	230.0	37	1.05	0.95				
	318	2	214.43261624526318	43.78804175578948	0.0	0.0	3	1.0474282788624527	2.6628528556672766	230.0	37	1.05	0.95				
	319	1	116.55346408526317	23.82584624947369	0.0	0.0	3	1.0417857964741954	0.733777020996641	230.0	35	1.05	0.95				
	320	1	82.42454918736843	16.742486553684213	0.0	0.0	3	1.0454880197819947	2.2792337724403766	230.0	35	1.05	0.95				
	321	2	0.0	0.0	0.0	0.0	3	1.05	3.8681743007448985	230.0	37	1.05	0.95				
	322	2	0.0	0.0	0.0	0.0	3	1.05	9.100166018689007	230.0	37	1.05	0.95				
	323	2	0.0	0.0	0.0	0.0	3	1.0496456276948372	3.5940030181397775	230.0	35	1.05	0.95				
	324	1	0.0	0.0	0.0	0.0	3	1.027176261960878	-2.984260441572712	230.0	36	1.05	0.95				
	325	1	0.0	0.0	0.0	0.0	3	1.048768839516414	4.16849018018523	230.0	35	1.05	0.95				
];
