%% MATPOWER Case Format : Version 2
function mpc = RTS_GMLC
mpc.version = '2';

%%-----  Power Flow Data  -----%%
%% system MVA base
mpc.baseMVA = 100.0;
%% bus data
%    bus_i    type    Pd    Qd    Gs    Bs    area    Vm    Va    baseKV    zone    Vmax    Vmin
mpc.bus = [
	101	2	87.4393864294737	17.811726865263157	0.0	0.0	1	1.0324643059714582	-5.496886790130135	138.0	11	1.05	0.95				
	102	2	78.53352299684211	16.192478968421053	0.0	0.0	1	1.0324634371924308	-5.558488119503431	138.0	12	1.05	0.95				
	103	1	145.73231071578948	29.95608609157895	0.0	0.0	1	1.0173041753500398	-5.654053278489031	138.0	11	1.05	0.95				
	104	1	59.9121721831579	12.14435922631579	0.0	0.0	1	1.0151167724304615	-8.066083254436535	138.0	11	1.05	0.95				
	105	1	57.48330033789474	11.334735277894739	0.0	0.0	1	1.0305612770108064	-8.152397209095065	138.0	11	1.05	0.95				
	106	1	110.10885698526319	22.669470555789477	0.0	-100.0	1	1.034553624545284	-10.374595202759556	138.0	12	1.05	0.95				
	107	2	101.20299355263158	20.240598710526317	0.0	0.0	1	1.05	-6.912641478992239	138.0	12	1.05	0.95				
	108	1	138.44569518	28.336838194736842	0.0	0.0	1	1.023894324094988	-9.678974195570653	138.0	12	1.05	0.95				
	109	1	141.68419097368422	29.146462143157898	0.0	0.0	1	1.0270703790699915	-6.838252836467147	138.0	13	1.05	0.95				
	110	1	157.87666994210528	32.384957936842106	0.0	0.0	1	1.05	-8.285499051437439	138.0	13	1.05	0.95				
	111	1	0.0	0.0	0.0	0.0	1	1.0166298772672753	-3.1321534427016067	230.0	13	1.05	0.95				
	112	1	0.0	0.0	0.0	0.0	1	1.0181902729393375	-2.0350409370952027	230.0	13	1.05	0.95				
	113	3	214.55034633157894	43.71969321473685	0.0	0.0	1	1.023020092667218	-3.916432107942866e-29	230.0	14	1.05	0.95				
	114	2	157.06704599368422	31.575333988421058	0.0	0.0	1	1.0205375317747971	-1.443775679421707	230.0	16	1.05	0.95				
	115	2	256.6507916494737	51.81593269894738	0.0	0.0	1	1.0446100324043557	6.108208645025501	230.0	16	1.05	0.95				
	116	2	80.96239484210527	16.192478968421053	0.0	0.0	1	1.0446049585286483	5.851313405851299	230.0	16	1.05	0.95				
	117	1	0.0	0.0	0.0	0.0	1	1.0476321270472602	8.8137900910038	230.0	17	1.05	0.95				
	118	2	269.60477482421055	55.054428492631594	0.0	0.0	1	1.04930680144845	9.435174620235754	230.0	17	1.05	0.95				
	119	1	146.54193466421054	29.95608609157895	0.0	0.0	1	1.0390835352429786	4.839846744110625	230.0	15	1.05	0.95				
	120	1	103.63186539789476	21.05022265894737	0.0	0.0	1	1.0416257625889225	5.480082200279349	230.0	15	1.05	0.95				
	121	2	0.0	0.0	0.0	0.0	1	1.05	10.259139010954764	230.0	17	1.05	0.95				
	122	2	0.0	0.0	0.0	0.0	1	1.05	16.20366872540998	230.0	17	1.05	0.95				
	123	2	0.0	0.0	0.0	0.0	1	1.0455122425339678	6.42387195961762	230.0	15	1.05	0.95				
	124	1	0.0	0.0	0.0	0.0	1	1.0196349466399162	1.770498109331087	230.0	16	1.05	0.95				
	201	2	91.71415080000001	18.6825122	0.0	0.0	2	1.05	-13.158950466788479	138.0	21	1.05	0.95				
	202	2	82.3728947	16.984102	0.0	0.0	2	1.05	-13.191034014268313	138.0	22	1.05	0.95				
	203	1	152.856918	31.420588700000003	0.0	0.0	2	1.0260517366420294	-10.140035744661908	138.0	21	1.05	0.95				
	204	1	62.84117740000001	12.7380765	0.0	0.0	2	1.0209880045138329	-15.032619824283913	138.0	21	1.05	0.95				
	205	1	60.293562099999995	11.888871400000003	0.0	0.0	2	1.0385187176010031	-15.469562937976532	138.0	21	1.05	0.95				
	206	1	115.49189360000001	23.777742800000006	0.0	-100.0	2	1.036842385456431	-17.547115628023317	138.0	22	1.05	0.95				
	207	2	106.1506375	21.230127500000002	0.0	0.0	2	0.95	-28.58448550707481	138.0	22	1.05	0.95				
	208	1	145.2140721	29.722178500000002	0.0	0.0	2	0.9547482159948544	-25.137607053181203	138.0	22	1.05	0.95				
	209	1	148.6108925	30.5713836	0.0	0.0	2	1.02454309198608	-13.138611080120016	138.0	23	1.05	0.95				
	210	1	165.5949945	33.968204	0.0	0.0	2	1.0486974539500515	-15.185946058554094	138.0	23	1.05	0.95				
	211	1	0.0	0.0	0.0	0.0	2	1.0311506079313522	-7.584699064703024	230.0	23	1.05	0.95				
	212	1	0.0	0.0	0.0	0.0	2	1.0221363714969394	-6.157447966046864	230.0	23	1.05	0.95				
	213	2	225.03935149999998	45.85707540000001	0.0	0.0	2	1.05	-3.000328232218782	230.0	24	1.05	0.95				
	214	2	164.7457894	33.1189989	0.0	0.0	2	1.05	-5.321305275795428	230.0	26	1.05	0.95				
	215	2	269.1980167	54.3491264	0.0	0.0	2	1.0454752594440626	3.3167207512120433	230.0	26	1.05	0.95				
	216	2	84.92051000000001	16.984102	0.0	0.0	2	1.0493448807311514	3.136335150232446	230.0	26	1.05	0.95				
	217	1	0.0	0.0	0.0	0.0	2	1.0497518466039164	6.195000514480866	230.0	27	1.05	0.95				
	218	2	282.7852983	57.745946800000006	0.0	0.0	2	1.05	6.861193052476715	230.0	27	1.05	0.95				
	219	1	153.7061231	31.420588700000003	0.0	0.0	2	1.0432404650848612	2.7441367843782505	230.0	25	1.05	0.95				
	220	1	108.6982528	22.0793326	0.0	0.0	2	1.0457017330089406	3.9893542209368507	230.0	25	1.05	0.95				
	221	2	0.0	0.0	0.0	0.0	2	1.05	7.405730125745399	230.0	27	1.05	0.95				
	222	2	0.0	0.0	0.0	0.0	2	1.05	13.442642067319882	230.0	27	1.05	0.95				
	223	2	0.0	0.0	0.0	0.0	2	1.05	5.287610788239823	230.0	25	1.05	0.95				
	224	1	0.0	0.0	0.0	0.0	2	1.0210645864950016	-1.6864738029620756	230.0	26	1.05	0.95				
	301	2	70.69028786526316	14.399873454035086	0.0	0.0	3	1.0114181370452513	-14.06649004333513	138.0	31	1.05	0.95				
	302	2	63.490351138245614	13.090794049122808	0.0	0.0	3	1.0102914960920666	-14.351644423810807	138.0	32	1.05	0.95				
	303	1	117.81714644210525	24.217968990877193	0.0	0.0	3	1.0228434791358372	-7.861188541476034	138.0	31	1.05	0.95				
	304	1	48.435937981754385	9.818095536842105	0.0	0.0	3	1.0069234810704977	-12.892026413819488	138.0	31	1.05	0.95				
	305	1	46.47231887438596	9.163555834385965	0.0	0.0	3	1.021725778928315	-13.372339366302361	138.0	31	1.05	0.95				
	306	1	89.01739953403509	18.32711166877193	0.0	-100.0	3	1.034222605043592	-13.716172496552614	138.0	32	1.05	0.95				
	307	2	81.81746280701753	16.363492561403508	0.0	0.0	3	1.005100558564435	-15.958280749833404	138.0	32	1.05	0.95				
	308	1	111.92628912	22.90888958596491	0.0	0.0	3	1.0012250283636044	-15.311996269141927	138.0	32	1.05	0.95				
	309	1	114.54444792982457	23.56342928842105	0.0	0.0	3	1.0266538039475017	-9.021043775478498	138.0	33	1.05	0.95				
	310	1	127.63524197894736	26.181588098245616	0.0	0.0	3	1.05	-10.578284999853642	138.0	33	1.05	0.95				
	311	1	0.0	0.0	0.0	0.0	3	1.0166554444694502	-3.9285100736620966	230.0	33	1.05	0.95				
	312	1	0.0	0.0	0.0	0.0	3	1.0174556401148496	-3.064455060466702	230.0	33	1.05	0.95				
	313	2	173.4530211508772	35.34514393263158	0.0	0.0	3	1.0267440487412514	0.6168750264977926	230.0	34	1.05	0.95				
	314	2	126.98070227649123	25.527048395789475	0.0	0.0	3	1.0240070153026772	-2.0789016637988587	230.0	36	1.05	0.95				
	315	2	207.48908567859647	41.89054095719298	0.0	0.0	3	1.0441780510758056	2.1202494299296846	230.0	36	1.05	0.95				
	316	2	65.45397024561403	13.090794049122808	0.0	0.0	3	1.0412747676734209	1.9083035412897116	230.0	36	1.05	0.95				
	317	1	0.0	0.0	0.0	0.0	3	1.0454127286192225	3.6886935813796318	230.0	37	1.05	0.95				
	318	2	217.96172091789475	44.508699767017546	0.0	0.0	3	1.0463250603659346	3.7671742257649226	230.0	37	1.05	0.95				
	319	1	118.4716861445614	24.217968990877193	0.0	0.0	3	1.0379336826835497	2.1027220346326008	230.0	35	1.05	0.95				
	320	1	83.78108191438596	17.018032263859652	0.0	0.0	3	1.0389224952433807	2.861975696591196	230.0	35	1.05	0.95				
	321	2	0.0	0.0	0.0	0.0	3	1.0494748431447456	5.133627387026279	230.0	37	1.05	0.95				
	322	2	0.0	0.0	0.0	0.0	3	1.05	10.340247552762687	230.0	37	1.05	0.95				
	323	2	0.0	0.0	0.0	0.0	3	1.0408832826233265	3.6239793044159194	230.0	35	1.05	0.95				
	324	1	0.0	0.0	0.0	0.0	3	1.02519874580268	-0.5556825376809403	230.0	36	1.05	0.95				
	325	1	0.0	0.0	0.0	0.0	3	1.0408275900375485	4.184932155264159	230.0	35	1.05	0.95				
];

%% generator data
%    bus    Pg    Qg    Qmax    Qmin    Vg    mBase    status    Pmax    Pmin    Pc1    Pc2    Qc1min    Qc1max    Qc2min    Qc2max    ramp_agc    ramp_10    ramp_30    ramp_q    apf
