%% MATPOWER Case Format : Version 2
function mpc = RTS_GMLC
mpc.version = '2';

%%-----  Power Flow Data  -----%%
%% system MVA base
mpc.baseMVA = 100.0;
%% bus data
%    bus_i    type    Pd    Qd    Gs    Bs    area    Vm    Va    baseKV    zone    Vmax    Vmin
mpc.bus = [
	101	2	75.18852053052632	15.316180108070174	0.0	0.0	1	1.0303623518645548	-1.189125248679727	138.0	11	1.05	0.95				
	102	2	67.53043047649122	13.923800098245614	0.0	0.0	1	1.0303543154731072	-1.26307515125165	138.0	12	1.05	0.95				
	103	1	125.31420088421052	25.759030181754383	0.0	0.0	1	1.0198312024045904	-1.3230930537158807	138.0	11	1.05	0.95				
	104	1	51.518060363508766	10.442850073684209	0.0	0.0	1	1.0156904446661221	-4.301767313927603	138.0	11	1.05	0.95				
	105	1	49.42949034877193	9.74666006877193	0.0	0.0	1	1.0307377053267304	-4.358451633014992	138.0	11	1.05	0.95				
	106	1	94.68184066807018	19.49332013754386	0.0	-100.0	1	1.037074957629617	-6.767528888843161	138.0	12	1.05	0.95				
	107	2	87.0237506140351	17.404750122807016	0.0	0.0	1	1.0435444599061392	-5.509332513966032	138.0	12	1.05	0.95				
	108	1	119.04849084	24.36665017192982	0.0	0.0	1	1.0232965964044143	-7.307057991338255	138.0	12	1.05	0.95				
	109	1	121.83325085964911	25.062840176842105	0.0	0.0	1	1.02601001862374	-3.9612511042427014	138.0	13	1.05	0.95				
	110	1	135.75705095789473	27.84760019649123	0.0	0.0	1	1.05	-5.364414726106257	138.0	13	1.05	0.95				
	111	1	0.0	0.0	0.0	0.0	1	1.013124304638002	-1.0397594542376563	230.0	13	1.05	0.95				
	112	1	0.0	0.0	0.0	0.0	1	1.0157252269423227	-0.7793406210336143	230.0	13	1.05	0.95				
	113	3	184.49035130175437	37.59426026526316	0.0	0.0	1	1.0122837051627294	-5.255952694099462e-31	230.0	14	1.05	0.95				
	114	2	135.06086095298244	27.151410191578947	0.0	0.0	1	1.017346762428962	1.718725347120958	230.0	16	1.05	0.95				
	115	2	220.69223155719294	44.55616031438596	0.0	0.0	1	1.0424459665836798	10.640470437365165	230.0	16	1.05	0.95				
	116	2	69.61900049122806	13.923800098245614	0.0	0.0	1	1.0401280897797278	9.830000178501535	230.0	16	1.05	0.95				
	117	1	0.0	0.0	0.0	0.0	1	1.042123027598168	14.212616250362753	230.0	17	1.05	0.95				
	118	2	231.83127163578945	47.34092033403509	0.0	0.0	1	1.0499999866988026	14.064309280002217	230.0	17	1.05	0.95				
	119	1	126.0103908891228	25.759030181754383	0.0	0.0	1	1.0343309492462793	7.352806067135188	230.0	15	1.05	0.95				
	120	1	89.11232062877193	18.100940127719298	0.0	0.0	1	1.0362592296818045	6.519735252132457	230.0	15	1.05	0.95				
	121	2	0.0	0.0	0.0	0.0	1	1.05	15.574793868035492	230.0	17	1.05	0.95				
	122	2	0.0	0.0	0.0	0.0	1	1.05	33.29781920737362	230.0	17	1.05	0.95				
	123	2	0.0	0.0	0.0	0.0	1	1.0390304190021002	6.580536798949431	230.0	15	1.05	0.95				
	124	1	0.0	0.0	0.0	0.0	1	1.018981183428394	6.20830325614129	230.0	16	1.05	0.95				
	201	2	79.15126710315789	16.123406261754386	0.0	0.0	2	1.0383050567706362	-16.53813348361737	138.0	21	1.05	0.95				
	202	2	71.08956397228069	14.657642056140348	0.0	0.0	2	1.0384847097421268	-16.667558179044054	138.0	22	1.05	0.95				
	203	1	131.91877850526313	27.116637803859646	0.0	0.0	2	1.023462398854172	-12.021011453184078	138.0	21	1.05	0.95				
	204	1	54.23327560771929	10.993231542105262	0.0	0.0	2	1.0178267452992982	-18.359496240841136	138.0	21	1.05	0.95				
	205	1	52.03462929929824	10.260349439298245	0.0	0.0	2	1.0347357400114825	-18.89953720465768	138.0	21	1.05	0.95				
	206	1	99.67196598175438	20.52069887859649	0.0	-100.0	2	1.038491581532478	-20.91998374396965	138.0	22	1.05	0.95				
	207	2	91.61026285087719	18.322052570175437	0.0	0.0	2	0.9622133055438093	-31.836173816119942	138.0	22	1.05	0.95				
	208	1	125.32283958	25.65087359824561	0.0	0.0	2	0.9664302296928978	-28.1888216617001	138.0	22	1.05	0.95				
	209	1	128.25436799122807	26.383755701052632	0.0	0.0	2	1.0240142227367477	-16.77924117467028	138.0	23	1.05	0.95				
	210	1	142.9120100473684	29.315284112280697	0.0	0.0	2	1.05	-18.996641767744617	138.0	23	1.05	0.95				
	211	1	0.0	0.0	0.0	0.0	2	1.0283152772460031	-12.356094274652481	230.0	23	1.05	0.95				
	212	1	0.0	0.0	0.0	0.0	2	1.0201671784729256	-11.28227150344045	230.0	23	1.05	0.95				
	213	2	194.21375724385962	39.575633551578946	0.0	0.0	2	1.0377436522542454	-9.885039354479174	230.0	24	1.05	0.95				
	214	2	142.17912794456137	28.582402009473682	0.0	0.0	2	1.0470020262239113	-9.186492098963054	230.0	26	1.05	0.95				
	215	2	232.32362658982453	46.90445457964912	0.0	0.0	2	1.0440995504870558	0.2249821410899027	230.0	26	1.05	0.95				
	216	2	73.28821028070175	14.657642056140348	0.0	0.0	2	1.0479662516394883	-0.1610025013119178	230.0	26	1.05	0.95				
	217	1	0.0	0.0	0.0	0.0	2	1.04838284594686	3.487025036219706	230.0	27	1.05	0.95				
	218	2	244.04974023473684	49.83598299087719	0.0	0.0	2	1.0499999742009931	3.978657359187494	230.0	27	1.05	0.95				
	219	1	132.65166060807016	27.116637803859646	0.0	0.0	2	1.0437298511518762	-0.908199860618372	230.0	25	1.05	0.95				
	220	1	93.80890915929824	19.054934672982455	0.0	0.0	2	1.046401656830532	-0.18787134493746774	230.0	25	1.05	0.95				
	221	2	0.0	0.0	0.0	0.0	2	1.05	4.1058220799457485	230.0	27	1.05	0.95				
	222	2	0.0	0.0	0.0	0.0	2	1.05	10.375022736015916	230.0	27	1.05	0.95				
	223	2	0.0	0.0	0.0	0.0	2	1.05	0.739854013213242	230.0	25	1.05	0.95				
	224	1	0.0	0.0	0.0	0.0	2	1.0209652183434954	-4.32107168277349	230.0	26	1.05	0.95				
	301	2	62.35368555789474	12.7016766877193	0.0	0.0	3	1.014290269598749	-11.836151350043002	138.0	31	1.05	0.95				
	302	2	56.00284721403509	11.546978807017545	0.0	0.0	3	1.0128738272358966	-12.143652753507446	138.0	32	1.05	0.95				
	303	1	103.92280926315792	21.361910792982457	0.0	0.0	3	1.05	1.8868002011989522	138.0	31	1.05	0.95				
	304	1	42.72382158596491	8.660234105263157	0.0	0.0	3	1.0105059462356425	-10.149005562054606	138.0	31	1.05	0.95				
	305	1	40.99177476491228	8.082885164912282	0.0	0.0	3	1.0248142251606098	-12.520374957330692	138.0	31	1.05	0.95				
	306	1	78.51945588771932	16.165770329824564	0.0	-100.0	3	1.0372772907480539	-13.544426614508373	138.0	32	1.05	0.95				
	307	2	72.16861754385965	14.433723508771932	0.0	0.0	3	0.9911460208271092	-19.46002036443309	138.0	32	1.05	0.95				
	308	1	98.7266688	20.207212912280703	0.0	0.0	3	0.99196289812033	-16.71208550789174	138.0	32	1.05	0.95				
	309	1	101.03606456140352	20.78456185263158	0.0	0.0	3	1.0286130411269658	-6.170339030911873	138.0	33	1.05	0.95				
	310	1	112.58304336842106	23.09395761403509	0.0	0.0	3	1.05	-11.354433227657752	138.0	33	1.05	0.95				
	311	1	0.0	0.0	0.0	0.0	3	1.0166625474290356	-5.287946811892886	230.0	33	1.05	0.95				
	312	1	0.0	0.0	0.0	0.0	3	1.018419972116913	-4.612327648707973	230.0	33	1.05	0.95				
	313	2	152.99746919298246	31.17684277894737	0.0	0.0	3	1.0187144376601347	-2.383487587813234	230.0	34	1.05	0.95				
	314	2	112.00569442807019	22.516608673684214	0.0	0.0	3	1.021406458278346	-4.303740252463664	230.0	36	1.05	0.95				
	315	2	183.01961409122808	36.950332182456144	0.0	0.0	3	1.046888208486045	0.9742030092905256	230.0	36	1.05	0.95				
	316	2	57.73489403508773	11.546978807017545	0.0	0.0	3	1.0436732861118971	0.5755567760629416	230.0	36	1.05	0.95				
	317	1	0.0	0.0	0.0	0.0	3	1.05	3.6192932090748196	230.0	37	1.05	0.95				
	318	2	192.25719713684214	39.25972794385966	0.0	0.0	3	1.0485114196086878	2.887435698435329	230.0	37	1.05	0.95				
	319	1	104.50015820350878	21.361910792982457	0.0	0.0	3	1.0379933961707128	-0.36324918901648917	230.0	35	1.05	0.95				
	320	1	73.90066436491229	15.011072449122809	0.0	0.0	3	1.0376723154613374	-0.08637051910712068	230.0	35	1.05	0.95				
	321	2	0.0	0.0	0.0	0.0	3	1.05	3.779156021089009	230.0	37	1.05	0.95				
	322	2	0.0	0.0	0.0	0.0	3	1.05	8.063885661353446	230.0	37	1.05	0.95				
	323	2	0.0	0.0	0.0	0.0	3	1.0387740013277165	0.4973299611787598	230.0	35	1.05	0.95				
	324	1	0.0	0.0	0.0	0.0	3	1.0443569941566277	1.3306972208900594	230.0	36	1.05	0.95				
	325	1	0.0	0.0	0.0	0.0	3	1.0352074418313244	1.7521733702959505	230.0	35	1.05	0.95				
];
