%% MATPOWER Case Format : Version 2
function mpc = RTS_GMLC
mpc.version = '2';

%%-----  Power Flow Data  -----%%
%% system MVA base
mpc.baseMVA = 100.0;
%% bus data
%    bus_i    type    Pd    Qd    Gs    Bs    area    Vm    Va    baseKV    zone    Vmax    Vmin
mpc.bus = [
	101	2	64.54082137263158	13.147204353684211	0.0	0.0	1	1.0340038680478554	1.2814149151711534	138.0	11	1.05	0.95				
	102	2	57.967219195789475	11.952003957894737	0.0	0.0	1	1.0341043611264045	1.2059410045934913	138.0	12	1.05	0.95				
	103	1	107.56803562105264	22.111207322105265	0.0	0.0	1	1.0227327232865517	0.7247726919974177	138.0	11	1.05	0.95				
	104	1	44.22241464421053	8.964002968421052	0.0	0.0	1	1.0185142517726424	-2.2061316921587233	138.0	11	1.05	0.95				
	105	1	42.42961405052632	8.366402770526317	0.0	0.0	1	1.0336720337754728	-2.1929603153910056	138.0	11	1.05	0.95				
	106	1	81.27362691368421	16.732805541052635	0.0	-100.0	1	1.040604216015532	-4.693036344884657	138.0	12	1.05	0.95				
	107	2	74.70002473684211	14.94000494736842	0.0	0.0	1	1.0355834507618193	-6.920152458511571	138.0	12	1.05	0.95				
	108	1	102.18963384	20.916006926315788	0.0	0.0	1	1.02084014260355	-7.210358074966289	138.0	12	1.05	0.95				
	109	1	104.58003463157894	21.513607124210527	0.0	0.0	1	1.0248748236405887	-2.584521704995568	138.0	13	1.05	0.95				
	110	1	116.53203858947367	23.904007915789474	0.0	0.0	1	1.05	-3.835633201316423	138.0	13	1.05	0.95				
	111	1	0.0	0.0	0.0	0.0	1	1.0069488026106521	-0.12572105924141566	230.0	13	1.05	0.95				
	112	1	0.0	0.0	0.0	0.0	1	1.012977124229284	-0.1873115010660274	230.0	13	1.05	0.95				
	113	3	158.36405244210525	32.27041068631579	0.0	0.0	1	1.006349639889893	4.602450692544978e-30	230.0	14	1.05	0.95				
	114	2	115.93443839157895	23.306407717894736	0.0	0.0	1	1.0039086107899364	2.9621384713369814	230.0	16	1.05	0.95				
	115	2	189.43926273263156	38.24641266526316	0.0	0.0	1	1.0388103744731074	11.90081618844551	230.0	16	1.05	0.95				
	116	2	59.76001978947368	11.952003957894737	0.0	0.0	1	1.0355787805170895	10.853536338703147	230.0	16	1.05	0.95				
	117	1	0.0	0.0	0.0	0.0	1	1.0419327690546243	14.942466445399033	230.0	17	1.05	0.95				
	118	2	199.00086589894735	40.636813456842106	0.0	0.0	1	1.0473629474118769	15.551474948014961	230.0	17	1.05	0.95				
	119	1	108.16563581894738	22.111207322105265	0.0	0.0	1	1.0285528256302914	8.04478674674153	230.0	15	1.05	0.95				
	120	1	76.49282533052632	15.537605145263159	0.0	0.0	1	1.0287466371576444	6.744132468043104	230.0	15	1.05	0.95				
	121	2	0.0	0.0	0.0	0.0	1	1.05	16.200973540781206	230.0	17	1.05	0.95				
	122	2	0.0	0.0	0.0	0.0	1	1.05	26.84986781917461	230.0	17	1.05	0.95				
	123	2	0.0	0.0	0.0	0.0	1	1.0301833503508915	6.482177545542072	230.0	15	1.05	0.95				
	124	1	0.0	0.0	0.0	0.0	1	1.0188652722887193	7.736121949098957	230.0	16	1.05	0.95				
	201	2	78.35227450105263	15.960648509473685	0.0	0.0	2	1.036612138473057	-21.418626394315766	138.0	21	1.05	0.95				
	202	2	70.37195024631579	14.509680463157896	0.0	0.0	2	1.0369278031599043	-21.582521050100087	138.0	22	1.05	0.95				
	203	1	130.58712416842107	26.842908856842108	0.0	0.0	2	1.0170171138115833	-15.753101654445269	138.0	21	1.05	0.95				
	204	1	53.685817713684216	10.88226034736842	0.0	0.0	2	1.016005353595407	-23.407519329450732	138.0	21	1.05	0.95				
	205	1	51.509365644210526	10.156776324210528	0.0	0.0	2	1.033860670644589	-24.032889213454656	138.0	21	1.05	0.95				
	206	1	98.6658271494737	20.313552648421055	0.0	-100.0	2	1.0382048433208944	-26.191328558561988	138.0	22	1.05	0.95				
	207	2	90.68550289473684	18.13710057894737	0.0	0.0	2	0.9626371506192873	-37.008271461611045	138.0	22	1.05	0.95				
	208	1	124.05776795999999	25.391940810526314	0.0	0.0	2	0.9665445725583459	-33.395933635848536	138.0	22	1.05	0.95				
	209	1	126.95970405263157	26.11742483368421	0.0	0.0	2	1.0217673844950095	-21.956825593232562	138.0	23	1.05	0.95				
	210	1	141.46938451578947	29.01936092631579	0.0	0.0	2	1.05	-24.40577751436223	138.0	23	1.05	0.95				
	211	1	0.0	0.0	0.0	0.0	2	1.0290606260639095	-17.939428864100858	230.0	23	1.05	0.95				
	212	1	0.0	0.0	0.0	0.0	2	1.020725785891498	-17.119304975084294	230.0	23	1.05	0.95				
	213	2	192.25326613684211	39.17613725052632	0.0	0.0	2	1.039382500522307	-16.710248859829854	230.0	24	1.05	0.95				
	214	2	140.74390049263158	28.293876903157894	0.0	0.0	2	1.0480106265241174	-13.988272340021265	230.0	26	1.05	0.95				
	215	2	229.97843534105266	46.43097748210526	0.0	0.0	2	1.0399451223944376	-3.0372947670924835	230.0	26	1.05	0.95				
	216	2	72.54840231578947	14.509680463157896	0.0	0.0	2	1.0441776495140003	-3.8394648558325484	230.0	26	1.05	0.95				
	217	1	0.0	0.0	0.0	0.0	2	1.0436863865251371	0.3362641931543819	230.0	27	1.05	0.95				
	218	2	241.58617971157895	49.33291357473685	0.0	0.0	2	1.0461228150466704	0.5837034216798154	230.0	27	1.05	0.95				
	219	1	131.31260819157896	26.842908856842108	0.0	0.0	2	1.0415894269245862	-5.173437636590676	230.0	25	1.05	0.95				
	220	1	92.86195496421053	18.862584602105265	0.0	0.0	2	1.0457723741682008	-4.969863032992985	230.0	25	1.05	0.95				
	221	2	0.0	0.0	0.0	0.0	2	1.0468563116129295	0.4675598791593947	230.0	27	1.05	0.95				
	222	2	0.0	0.0	0.0	0.0	2	1.05	6.9244576240575055	230.0	27	1.05	0.95				
	223	2	0.0	0.0	0.0	0.0	2	1.05	-4.33075437696911	230.0	25	1.05	0.95				
	224	1	0.0	0.0	0.0	0.0	2	1.015374570982133	-7.74812177536524	230.0	26	1.05	0.95				
	301	2	57.826637128421055	11.779500155789474	0.0	0.0	3	1.0382016690661806	-6.266730718720213	138.0	31	1.05	0.95				
	302	2	51.936887050526316	10.708636505263158	0.0	0.0	3	1.033022812868163	-6.6054437027564585	138.0	32	1.05	0.95				
	303	1	96.37772854736842	19.810977534736843	0.0	0.0	3	1.05	9.494241958945967	138.0	31	1.05	0.95				
	304	1	39.621955069473685	8.031477378947368	0.0	0.0	3	1.0118629641118193	-5.161639904391988	138.0	31	1.05	0.95				
	305	1	38.01565959368421	7.496045553684212	0.0	0.0	3	1.0336203615146349	-7.122297337093831	138.0	31	1.05	0.95				
	306	1	72.81872823578948	14.992091107368424	0.0	-100.0	3	1.037023309830029	-8.229286811058246	138.0	32	1.05	0.95				
	307	2	66.92897815789473	13.385795631578947	0.0	0.0	3	0.9517123180489071	-5.695908335312122	138.0	32	1.05	0.95				
	308	1	91.55884212000001	18.740113884210526	0.0	0.0	3	0.9691331365373445	-6.816635254438732	138.0	32	1.05	0.95				
	309	1	93.70056942105263	19.275545709473686	0.0	0.0	3	1.0121892133979757	-1.7214802821529567	138.0	33	1.05	0.95				
	310	1	104.40920592631579	21.417273010526316	0.0	0.0	3	1.0417707753569057	-6.285853943593447	138.0	33	1.05	0.95				
	311	1	0.0	0.0	0.0	0.0	3	0.999923565664511	-2.181410249902718	230.0	33	1.05	0.95				
	312	1	0.0	0.0	0.0	0.0	3	1.0031579216534008	-0.9782946524862806	230.0	33	1.05	0.95				
	313	2	141.88943369473682	28.913318564210527	0.0	0.0	3	1.0006479545202327	1.3201418106574418	230.0	34	1.05	0.95				
	314	2	103.87377410105263	20.88184118526316	0.0	0.0	3	0.9973129689316677	-3.3182266179883917	230.0	36	1.05	0.95				
	315	2	169.73188860842106	34.267636816842106	0.0	0.0	3	1.04999998601428	-1.6404918486765903	230.0	36	1.05	0.95				
	316	2	53.54318252631579	10.708636505263158	0.0	0.0	3	1.0374644861401576	-1.6363197033563486	230.0	36	1.05	0.95				
	317	1	0.0	0.0	0.0	0.0	3	1.0470414433837132	-1.0198817253091172	230.0	37	1.05	0.95				
	318	2	178.2987978126316	36.40936411789474	0.0	0.0	3	1.0483053287870263	-1.9584307773562475	230.0	37	1.05	0.95				
	319	1	96.9131603726316	19.810977534736843	0.0	0.0	3	1.0224255413764276	-1.1527260049212744	230.0	35	1.05	0.95				
	320	1	68.53527363368421	13.921227456842105	0.0	0.0	3	1.013736379322166	0.33317275749231295	230.0	35	1.05	0.95				
	321	2	0.0	0.0	0.0	0.0	3	1.05	-1.3038378299339686	230.0	37	1.05	0.95				
	322	2	0.0	0.0	0.0	0.0	3	1.05	3.1515202755332026	230.0	37	1.05	0.95				
	323	2	0.0	0.0	0.0	0.0	3	1.0106305968188007	1.5850834312907958	230.0	35	1.05	0.95				
	324	1	0.0	0.0	0.0	0.0	3	1.046492110599319	2.612535774000695	230.0	36	1.05	0.95				
	325	1	0.0	0.0	0.0	0.0	3	1.0096586709972621	2.8491003863304494	230.0	35	1.05	0.95				
];
