%% MATPOWER Case Format : Version 2
function mpc = RTS_GMLC
mpc.version = '2';

%%-----  Power Flow Data  -----%%
%% system MVA base
mpc.baseMVA = 100.0;
%% bus data
%    bus_i    type    Pd    Qd    Gs    Bs    area    Vm    Va    baseKV    zone    Vmax    Vmin
mpc.bus = [
	101	2	59.263730829473694	12.07224146526316	0.0	0.0	1	1.033632048706843	-0.4252412057993946	138.0	11	1.05	0.95				
	102	2	53.227610096842106	10.974764968421054	0.0	0.0	1	1.0326184511532568	-0.7691626284844494	138.0	12	1.05	0.95				
	103	1	98.77288471578949	20.30331519157895	0.0	0.0	1	1.0191675693885176	1.6795826321780758	138.0	11	1.05	0.95				
	104	1	40.6066303831579	8.23107372631579	0.0	0.0	1	1.017634033665731	-3.3266236267892686	138.0	11	1.05	0.95				
	105	1	38.96041563789474	7.682335477894737	0.0	0.0	1	1.0344377105472915	-3.4683743735838877	138.0	11	1.05	0.95				
	106	1	74.62840178526316	15.364670955789475	0.0	-100.0	1	1.0420465317399945	-5.760372762455775	138.0	12	1.05	0.95				
	107	2	68.59228105263159	13.718456210526316	0.0	0.0	1	0.9988262055464376	-13.472497223084725	138.0	12	1.05	0.95				
	108	1	93.83424048	19.205838694736844	0.0	0.0	1	0.9972754515171308	-11.16780681742308	138.0	12	1.05	0.95				
	109	1	96.02919347368422	19.754576943157893	0.0	0.0	1	1.0221220692085469	-3.1901573100488765	138.0	13	1.05	0.95				
	110	1	107.00395844210526	21.949529936842108	0.0	0.0	1	1.05	-4.824811491065633	138.0	13	1.05	0.95				
	111	1	0.0	0.0	0.0	0.0	1	1.0115025590128923	0.06723706111057487	230.0	13	1.05	0.95				
	112	1	0.0	0.0	0.0	0.0	1	1.012172072126487	-0.9003256910115307	230.0	13	1.05	0.95				
	113	3	145.41563583157895	29.631865414736847	0.0	0.0	1	1.0079123645540897	-5.26093822822891e-31	230.0	14	1.05	0.95				
	114	2	106.45522019368421	21.400791688421055	0.0	0.0	1	1.0209775500397176	4.219243980869683	230.0	16	1.05	0.95				
	115	2	173.9500247494737	35.11924789894737	0.0	0.0	1	1.0315524346554927	15.726342198100198	230.0	16	1.05	0.95				
	116	2	54.873824842105265	10.974764968421054	0.0	0.0	1	1.0273814891647264	13.560325751013961	230.0	16	1.05	0.95				
	117	1	0.0	0.0	0.0	0.0	1	1.03350281233118	20.466112345828165	230.0	17	1.05	0.95				
	118	2	182.72983672421054	37.31420089263158	0.0	0.0	1	1.0471109654166688	21.384004625395107	230.0	17	1.05	0.95				
	119	1	99.32162296421053	20.30331519157895	0.0	0.0	1	1.0193590993179042	8.846948047414328	230.0	15	1.05	0.95				
	120	1	70.23849579789474	14.267194458947369	0.0	0.0	1	1.0214616991809782	5.81002044617425	230.0	15	1.05	0.95				
	121	2	0.0	0.0	0.0	0.0	1	1.0478483284811946	23.575454951458337	230.0	17	1.05	0.95				
	122	2	0.0	0.0	0.0	0.0	1	1.05	41.36457598927885	230.0	17	1.05	0.95				
	123	2	0.0	0.0	0.0	0.0	1	1.024435164002879	4.567506760764457	230.0	15	1.05	0.95				
	124	1	0.0	0.0	0.0	0.0	1	1.0091206093024365	10.470971222401928	230.0	16	1.05	0.95				
	201	2	53.804501810526325	10.960176294736844	0.0	0.0	2	1.009897662666279	-17.631763132384894	138.0	21	1.05	0.95				
	202	2	48.3244136631579	9.96379663157895	0.0	0.0	2	1.0090826740184122	-17.92715101914595	138.0	22	1.05	0.95				
	203	1	89.67416968421054	18.43302376842105	0.0	0.0	2	1.0140928987716762	-12.908955523942742	138.0	21	1.05	0.95				
	204	1	36.8660475368421	7.472847473684211	0.0	0.0	2	1.0089823230596089	-17.122593434519374	138.0	21	1.05	0.95				
	205	1	35.37147804210527	6.974657642105264	0.0	0.0	2	1.0235913092455382	-17.659239259104005	138.0	21	1.05	0.95				
	206	1	67.75381709473686	13.949315284210527	0.0	-100.0	2	1.038701986110014	-18.267779913572628	138.0	22	1.05	0.95				
	207	2	62.273728947368426	12.454745789473685	0.0	0.0	2	0.9919069304059478	-24.33497093895701	138.0	22	1.05	0.95				
	208	1	85.19046120000002	17.43664410526316	0.0	0.0	2	0.9955317982706952	-22.021069529476485	138.0	22	1.05	0.95				
	209	1	87.1832205263158	17.934833936842107	0.0	0.0	2	1.0244401664704197	-14.41201305488651	138.0	23	1.05	0.95				
	210	1	97.14701715789474	19.9275932631579	0.0	0.0	2	1.05	-16.08421973485411	138.0	23	1.05	0.95				
	211	1	0.0	0.0	0.0	0.0	2	1.0139665926334764	-10.461720067825674	230.0	23	1.05	0.95				
	212	1	0.0	0.0	0.0	0.0	2	1.013684571624636	-8.920663163820677	230.0	23	1.05	0.95				
	213	2	132.02030536842108	26.902250905263163	0.0	0.0	2	1.020283077287287	-8.124338118350954	230.0	24	1.05	0.95				
	214	2	96.6488273263158	19.42940343157895	0.0	0.0	2	1.0177572092635896	-7.70782148420943	230.0	26	1.05	0.95				
	215	2	157.9261766105263	31.88414922105264	0.0	0.0	2	1.0311542663935431	-1.058442936114279	230.0	26	1.05	0.95				
	216	2	49.81898315789474	9.96379663157895	0.0	0.0	2	1.0339478374289097	-0.7928255915384751	230.0	26	1.05	0.95				
	217	1	0.0	0.0	0.0	0.0	2	1.0345590374414368	0.7138997408690642	230.0	27	1.05	0.95				
	218	2	165.89721391578948	33.87690854736843	0.0	0.0	2	1.0331330786903534	-0.026734402182021843	230.0	27	1.05	0.95				
	219	1	90.17235951578948	18.43302376842105	0.0	0.0	2	1.0372853252627854	0.4005645469072729	230.0	25	1.05	0.95				
	220	1	63.76829844210528	12.952935621052633	0.0	0.0	2	1.0443963853268954	2.373153029498413	230.0	25	1.05	0.95				
	221	2	0.0	0.0	0.0	0.0	2	1.035163510819443	0.4390254748172817	230.0	27	1.05	0.95				
	222	2	0.0	0.0	0.0	0.0	2	1.05	7.044587191710373	230.0	27	1.05	0.95				
	223	2	0.0	0.0	0.0	0.0	2	1.05	3.8111517198239024	230.0	25	1.05	0.95				
	224	1	0.0	0.0	0.0	0.0	2	1.0100704525661814	-5.470987326444938	230.0	26	1.05	0.95				
	301	2	41.37551408842105	8.42834546245614	0.0	0.0	3	1.0230041670415289	26.621452836816704	138.0	31	1.05	0.95				
	302	2	37.16134135719298	7.662132238596492	0.0	0.0	3	1.0215648278794838	26.270480544389578	138.0	32	1.05	0.95				
	303	1	68.95919014736842	14.174944641403508	0.0	0.0	3	1.05	40.99915264027527	138.0	31	1.05	0.95				
	304	1	28.349889282807016	5.746599178947368	0.0	0.0	3	1.014963988076938	27.31091802253352	138.0	31	1.05	0.95				
	305	1	27.200569447017543	5.363492567017544	0.0	0.0	3	1.031902124696739	25.003159405273394	138.0	31	1.05	0.95				
	306	1	52.102499222456146	10.726985134035088	0.0	-100.0	3	1.0447825064879097	23.616072515639637	138.0	32	1.05	0.95				
	307	2	47.888326491228064	9.577665298245613	0.0	0.0	3	0.95	20.683116253478126	138.0	32	1.05	0.95				
	308	1	65.51123064	13.408731417543857	0.0	0.0	3	0.9749356601241251	22.23587530817199	138.0	32	1.05	0.95				
	309	1	67.04365708771928	13.791838029473682	0.0	0.0	3	1.0207810563321802	29.756560056806276	138.0	33	1.05	0.95				
	310	1	74.70578932631578	15.324264477192983	0.0	0.0	3	1.05	24.599754712682493	138.0	33	1.05	0.95				
	311	1	0.0	0.0	0.0	0.0	3	1.0095900068602823	27.727257456508358	230.0	33	1.05	0.95				
	312	1	0.0	0.0	0.0	0.0	3	1.0160397300392143	27.92524154493279	230.0	33	1.05	0.95				
	313	2	101.5232521614035	20.687757044210525	0.0	0.0	3	1.0133490138075116	29.496503611201437	230.0	34	1.05	0.95				
	314	2	74.32268271438596	14.941157865263158	0.0	0.0	3	1.0019441702584075	26.812187226221347	230.0	36	1.05	0.95				
	315	2	121.44479598175437	24.51882316350877	0.0	0.0	3	1.0465747227082305	28.252329622677077	230.0	36	1.05	0.95				
	316	2	38.31066119298245	7.662132238596492	0.0	0.0	3	1.0292761714732677	27.81616417209333	230.0	36	1.05	0.95				
	317	1	0.0	0.0	0.0	0.0	3	1.0493791535329808	30.54462844002554	230.0	37	1.05	0.95				
	318	2	127.57450177263156	26.051249611228073	0.0	0.0	3	1.05	27.402440172545024	230.0	37	1.05	0.95				
	319	1	69.34229675929824	14.174944641403508	0.0	0.0	3	1.0239757885758716	26.703634180527576	230.0	35	1.05	0.95				
	320	1	49.03764632701754	9.960771910175438	0.0	0.0	3	1.0218989747950364	26.484037676248413	230.0	35	1.05	0.95				
	321	2	0.0	0.0	0.0	0.0	3	1.05	28.33264263534507	230.0	37	1.05	0.95				
	322	2	0.0	0.0	0.0	0.0	3	1.05	33.547889602577364	230.0	37	1.05	0.95				
	323	2	0.0	0.0	0.0	0.0	3	1.0210820083923302	26.662548469769217	230.0	35	1.05	0.95				
	324	1	0.0	0.0	0.0	0.0	3	1.043695284210185	33.123917875162554	230.0	36	1.05	0.95				
	325	1	0.0	0.0	0.0	0.0	3	1.0246012952806085	26.410699333078767	230.0	35	1.05	0.95				
];
