%% MATPOWER Case Format : Version 2
function mpc = RTS_GMLC
mpc.version = '2';

%%-----  Power Flow Data  -----%%
%% system MVA base
mpc.baseMVA = 100.0;
%% bus data
%    bus_i    type    Pd    Qd    Gs    Bs    area    Vm    Va    baseKV    zone    Vmax    Vmin
mpc.bus = [
	101	2	73.7857496463158	15.030430483508772	0.0	0.0	1	1.0292969295895116	-0.44277985825352945	138.0	11	1.05	0.95				
	102	2	66.2705344045614	13.664027712280703	0.0	0.0	1	1.0293261617590026	-0.5120144613185608	138.0	12	1.05	0.95				
	103	1	122.97624941052632	25.278451267719298	0.0	0.0	1	1.0215601197028183	-0.8436732882000636	138.0	11	1.05	0.95				
	104	1	50.556902535438596	10.248020784210526	0.0	0.0	1	1.0157046024816183	-3.605494114334374	138.0	11	1.05	0.95				
	105	1	48.507298378596495	9.564819398596493	0.0	0.0	1	1.0303473732726702	-3.637291226587783	138.0	11	1.05	0.95				
	106	1	92.91538844350879	19.129638797192985	0.0	-100.0	1	1.0371813095723756	-6.047166690527404	138.0	12	1.05	0.95				
	107	2	85.4001732017544	17.080034640350878	0.0	0.0	1	1.05	-4.513492239956965	138.0	12	1.05	0.95				
	108	1	116.82743694	23.912048496491227	0.0	0.0	1	1.02759695430589	-6.4105303626158205	138.0	12	1.05	0.95				
	109	1	119.56024248245613	24.595249882105264	0.0	0.0	1	1.0264557186130865	-3.359630660069026	138.0	13	1.05	0.95				
	110	1	133.22427019473685	27.328055424561406	0.0	0.0	1	1.05	-4.705512682010565	138.0	13	1.05	0.95				
	111	1	0.0	0.0	0.0	0.0	1	1.011682062694628	-0.7008909230231928	230.0	13	1.05	0.95				
	112	1	0.0	0.0	0.0	0.0	1	1.0152363174155228	-0.18940588032607025	230.0	13	1.05	0.95				
	113	3	181.0483671877193	36.8928748231579	0.0	0.0	1	1.0106715006295621	2.9646981535450236e-28	230.0	14	1.05	0.95				
	114	2	132.5410688091228	26.64485403894737	0.0	0.0	1	1.0134919172315182	2.083663746134962	230.0	16	1.05	0.95				
	115	2	216.57483923964912	43.724888679298246	0.0	0.0	1	1.0455249791350127	10.626470451634745	230.0	16	1.05	0.95				
	116	2	68.32013856140351	13.664027712280703	0.0	0.0	1	1.0435730734980249	10.075295201398689	230.0	16	1.05	0.95				
	117	1	0.0	0.0	0.0	0.0	1	1.0467689407480334	13.626691050859137	230.0	17	1.05	0.95				
	118	2	227.50606140947366	46.457694221754394	0.0	0.0	1	1.0499535410437486	14.165872874933507	230.0	17	1.05	0.95				
	119	1	123.65945079614036	25.278451267719298	0.0	0.0	1	1.0377977809869907	8.228090792766293	230.0	15	1.05	0.95				
	120	1	87.44977735859649	17.76323602596491	0.0	0.0	1	1.0390419525281747	7.910800719944509	230.0	15	1.05	0.95				
	121	2	0.0	0.0	0.0	0.0	1	1.05	14.656219277534378	230.0	17	1.05	0.95				
	122	2	0.0	0.0	0.0	0.0	1	1.05	24.00963605491949	230.0	17	1.05	0.95				
	123	2	0.0	0.0	0.0	0.0	1	1.0413866510435628	8.242543215011107	230.0	15	1.05	0.95				
	124	1	0.0	0.0	0.0	0.0	1	1.0221663172472542	6.383520480801311	230.0	16	1.05	0.95				
	201	2	97.97009286315792	19.956870768421055	0.0	0.0	2	1.05	-16.126180327951378	138.0	21	1.05	0.95				
	202	2	87.99165747894737	18.142609789473685	0.0	0.0	2	1.05	-16.195136660328505	138.0	22	1.05	0.95				
	203	1	163.28348810526316	33.563828110526316	0.0	0.0	2	1.0193851649816141	-11.498631954402633	138.0	21	1.05	0.95				
	204	1	67.12765622105263	13.606957342105265	0.0	0.0	2	1.01715193298551	-17.864223561581504	138.0	21	1.05	0.95				
	205	1	64.40626475263159	12.69982685263158	0.0	0.0	2	1.035824899677113	-18.451883976430796	138.0	21	1.05	0.95				
	206	1	123.36974656842105	25.39965370526316	0.0	-100.0	2	1.0320929432312953	-20.603690163164355	138.0	22	1.05	0.95				
	207	2	113.39131118421054	22.678262236842105	0.0	0.0	2	0.95	-30.156217702879097	138.0	22	1.05	0.95				
	208	1	155.1193137	31.74956713157895	0.0	0.0	2	0.9520445000899858	-27.40453357631391	138.0	22	1.05	0.95				
	209	1	158.74783565789474	32.65669762105263	0.0	0.0	2	1.0198939362791666	-15.570073974214841	138.0	23	1.05	0.95				
	210	1	176.89044544736842	36.28521957894737	0.0	0.0	2	1.0449131078820666	-17.99402679550181	138.0	23	1.05	0.95				
	211	1	0.0	0.0	0.0	0.0	2	1.0294168477313022	-10.000714670555395	230.0	23	1.05	0.95				
	212	1	0.0	0.0	0.0	0.0	2	1.0196154448627834	-8.561062945289287	230.0	23	1.05	0.95				
	213	2	240.3895797105263	48.98504643157896	0.0	0.0	2	1.05	-5.46474460361668	230.0	24	1.05	0.95				
	214	2	175.98331495789475	35.37808908947368	0.0	0.0	2	1.05	-7.537635879929087	230.0	26	1.05	0.95				
	215	2	287.5603651631579	58.05635132631579	0.0	0.0	2	1.0416441375422747	1.869958644873429	230.0	26	1.05	0.95				
	216	2	90.71304894736842	18.142609789473685	0.0	0.0	2	1.0464373981968327	1.6076799161009594	230.0	26	1.05	0.95				
	217	1	0.0	0.0	0.0	0.0	2	1.0481897911574296	5.196655254840287	230.0	27	1.05	0.95				
	218	2	302.0744529947369	61.684873284210525	0.0	0.0	2	1.0499999948735028	5.636424248092126	230.0	27	1.05	0.95				
	219	1	164.19061859473686	33.563828110526316	0.0	0.0	2	1.0410061290484032	0.9711977687962962	230.0	25	1.05	0.95				
	220	1	116.11270265263158	23.58539272631579	0.0	0.0	2	1.0447588717678336	2.1170332419965017	230.0	25	1.05	0.95				
	221	2	0.0	0.0	0.0	0.0	2	1.05	6.114549537527714	230.0	27	1.05	0.95				
	222	2	0.0	0.0	0.0	0.0	2	1.05	12.266252029573549	230.0	27	1.05	0.95				
	223	2	0.0	0.0	0.0	0.0	2	1.05	3.4011058022268004	230.0	25	1.05	0.95				
	224	1	0.0	0.0	0.0	0.0	2	1.0163713929070977	-3.0871018493864435	230.0	26	1.05	0.95				
	301	2	70.70737107789475	14.403353367719301	0.0	0.0	3	1.0145485120971427	-15.352850707338932	138.0	31	1.05	0.95				
	302	2	63.505694394035096	13.093957607017545	0.0	0.0	3	1.0129348614839844	-15.670049596606534	138.0	32	1.05	0.95				
	303	1	117.8456184631579	24.22382157298246	0.0	0.0	3	1.0463144050303084	-2.230494955157342	138.0	31	1.05	0.95				
	304	1	48.44764314596492	9.82046820526316	0.0	0.0	3	1.0090898458077397	-13.617715974170807	138.0	31	1.05	0.95				
	305	1	46.48354950491228	9.165770324912282	0.0	0.0	3	1.023726923738257	-15.576341946530578	138.0	31	1.05	0.95				
	306	1	89.03891172771932	18.331540649824564	0.0	-100.0	3	1.0349986153619186	-16.417711554312657	138.0	32	1.05	0.95				
	307	2	81.83723504385966	16.367447008771933	0.0	0.0	3	1.0033080770902847	-17.89350937113459	138.0	32	1.05	0.95				
	308	1	111.95333754	22.914425812280705	0.0	0.0	3	0.9997816388363585	-17.249761688426013	138.0	32	1.05	0.95				
	309	1	114.57212906140353	23.56912369263158	0.0	0.0	3	1.0292467065890845	-9.279709634673742	138.0	33	1.05	0.95				
	310	1	127.66608666842107	26.18791521403509	0.0	0.0	3	1.05	-13.702748276283092	138.0	33	1.05	0.95				
	311	1	0.0	0.0	0.0	0.0	3	1.0189930761810446	-7.01921604708401	230.0	33	1.05	0.95				
	312	1	0.0	0.0	0.0	0.0	3	1.019483098826683	-6.40328237707221	230.0	33	1.05	0.95				
	313	2	173.49493829298248	35.353685538947374	0.0	0.0	3	1.0239560841496693	-3.569943869963813	230.0	34	1.05	0.95				
	314	2	127.01138878807019	25.533217333684217	0.0	0.0	3	1.0265413178496126	-5.561669053983458	230.0	36	1.05	0.95				
	315	2	207.53922807122808	41.900664342456146	0.0	0.0	3	1.0482213806032494	0.5488757593493541	230.0	36	1.05	0.95				
	316	2	65.46978803508773	13.093957607017545	0.0	0.0	3	1.0462668496734506	0.46282414310330616	230.0	36	1.05	0.95				
	317	1	0.0	0.0	0.0	0.0	3	1.05	3.617402969177036	230.0	37	1.05	0.95				
	318	2	218.01439415684212	44.51945586385966	0.0	0.0	3	1.0481674035276343	3.0176601760384694	230.0	37	1.05	0.95				
	319	1	118.5003163435088	24.22382157298246	0.0	0.0	3	1.0399838649806772	-0.9454331746028372	230.0	35	1.05	0.95				
	320	1	83.80132868491229	17.02214488912281	0.0	0.0	3	1.040189449043101	-0.9391257433590019	230.0	35	1.05	0.95				
	321	2	0.0	0.0	0.0	0.0	3	1.05	3.8868906104863448	230.0	37	1.05	0.95				
	322	2	0.0	0.0	0.0	0.0	3	1.05	9.557943896722104	230.0	37	1.05	0.95				
	323	2	0.0	0.0	0.0	0.0	3	1.041873741501	-0.45080449356083385	230.0	35	1.05	0.95				
	324	1	0.0	0.0	0.0	0.0	3	1.0417791827849083	-0.49149303159691204	230.0	36	1.05	0.95				
	325	1	0.0	0.0	0.0	0.0	3	1.038032513568789	0.8013451786226143	230.0	35	1.05	0.95				
];
