%% MATPOWER Case Format : Version 2
function mpc = RTS_GMLC
mpc.version = '2';

%%-----  Power Flow Data  -----%%
%% system MVA base
mpc.baseMVA = 100.0;
%% bus data
%    bus_i    type    Pd    Qd    Gs    Bs    area    Vm    Va    baseKV    zone    Vmax    Vmin
mpc.bus = [
	101	2	87.39930728842106	17.803562595789472	0.0	0.0	1	1.0480698432492643	0.5845840928246996	138.0	11	1.05	0.95				
	102	2	78.49752599052631	16.18505690526316	0.0	0.0	1	1.0478494919481665	0.42220579229172794	138.0	12	1.05	0.95				
	103	1	145.66551214736842	29.942355274736844	0.0	0.0	1	1.0262424875203362	-1.2814682887598403	138.0	11	1.05	0.95				
	104	1	59.88471054947369	12.138792678947368	0.0	0.0	1	1.0243551122179655	-3.42861524007592	138.0	11	1.05	0.95				
	105	1	57.4569520136842	11.329539833684212	0.0	0.0	1	1.0372617998433207	-3.8594986974898924	138.0	11	1.05	0.95				
	106	1	110.05838695578949	22.659079667368424	0.0	-100.0	1	1.0370440657419027	-7.102443701330387	138.0	12	1.05	0.95				
	107	2	101.15660565789473	20.231321131578948	0.0	0.0	1	1.05	-6.228885501931586	138.0	12	1.05	0.95				
	108	1	138.38223653999998	28.323849584210524	0.0	0.0	1	1.0239368857532678	-8.262219333876065	138.0	12	1.05	0.95				
	109	1	141.61924792105262	29.133102429473684	0.0	0.0	1	1.0273005818956817	-4.396020894829073	138.0	13	1.05	0.95				
	110	1	157.80430482631579	32.37011381052632	0.0	0.0	1	1.05	-5.896157127320586	138.0	13	1.05	0.95				
	111	1	0.0	0.0	0.0	0.0	1	1.0139358753518448	-1.85776463712502	230.0	13	1.05	0.95				
	112	1	0.0	0.0	0.0	0.0	1	1.0173131084672986	-1.1338524381058381	230.0	13	1.05	0.95				
	113	3	214.45200399473686	43.69965364421053	0.0	0.0	1	1.0160171728226586	5.71057870062676e-30	230.0	14	1.05	0.95				
	114	2	156.99505198105263	31.56086096526316	0.0	0.0	1	1.0145498385588345	-0.14437825111669553	230.0	16	1.05	0.95				
	115	2	256.53315194842105	51.79218209684211	0.0	0.0	1	1.0442170085756692	8.028875548435737	230.0	16	1.05	0.95				
	116	2	80.92528452631579	16.18505690526316	0.0	0.0	1	1.0421192025044042	7.177392962599009	230.0	16	1.05	0.95				
	117	1	0.0	0.0	0.0	0.0	1	1.045544620357498	10.233058271289172	230.0	17	1.05	0.95				
	118	2	269.48119747263155	55.029193477894744	0.0	0.0	1	1.047510541833906	10.775551297315785	230.0	17	1.05	0.95				
	119	1	146.47476499263158	29.942355274736844	0.0	0.0	1	1.0354174587984761	5.643660874353281	230.0	15	1.05	0.95				
	120	1	103.58436419368422	21.040573976842104	0.0	0.0	1	1.0360611822952495	5.357805226755689	230.0	15	1.05	0.95				
	121	2	0.0	0.0	0.0	0.0	1	1.05	12.636224354431262	230.0	17	1.05	0.95				
	122	2	0.0	0.0	0.0	0.0	1	1.05	18.57138659632005	230.0	17	1.05	0.95				
	123	2	0.0	0.0	0.0	0.0	1	1.0386856044481183	5.80154995932186	230.0	15	1.05	0.95				
	124	1	0.0	0.0	0.0	0.0	1	1.0257671705073375	4.569917169526039	230.0	16	1.05	0.95				
	201	2	91.5101526694737	18.640957025263162	0.0	0.0	2	1.0434333476324902	-15.723614846864379	138.0	21	1.05	0.95				
	202	2	82.1896741568421	16.946324568421055	0.0	0.0	2	1.0462334725486166	-15.861388771547022	138.0	22	1.05	0.95				
	203	1	152.5169211157895	31.350700451578952	0.0	0.0	2	1.0243264292632412	-11.363133690876863	138.0	21	1.05	0.95				
	204	1	62.701400903157904	12.70974342631579	0.0	0.0	2	1.0200304675758123	-16.925964297228468	138.0	21	1.05	0.95				
	205	1	60.15945221789474	11.862427197894739	0.0	0.0	2	1.0359310282034375	-17.47956753807615	138.0	21	1.05	0.95				
	206	1	115.23500706526318	23.724854395789478	0.0	-100.0	2	1.037220892522879	-19.264956675970158	138.0	22	1.05	0.95				
	207	2	105.9145285526316	21.182905710526317	0.0	0.0	2	0.95	-30.09201688152067	138.0	22	1.05	0.95				
	208	1	144.89107506000002	29.65606799473684	0.0	0.0	2	0.9552094952233577	-26.55488559992273	138.0	22	1.05	0.95				
	209	1	148.28033997368422	30.503384223157898	0.0	0.0	2	1.026001510129545	-14.384415802255614	138.0	23	1.05	0.95				
	210	1	165.22666454210525	33.89264913684211	0.0	0.0	2	1.05	-16.610523664872876	138.0	23	1.05	0.95				
	211	1	0.0	0.0	0.0	0.0	2	1.0339763663865493	-10.336711098988383	230.0	23	1.05	0.95				
	212	1	0.0	0.0	0.0	0.0	2	1.0278791236688944	-5.314144198545245	230.0	23	1.05	0.95				
	213	2	224.53880053157897	45.75507633473685	0.0	0.0	2	1.05	-7.619411156551522	230.0	24	1.05	0.95				
	214	2	164.3793483136842	33.04533290842105	0.0	0.0	2	1.05	-7.793948747634023	230.0	26	1.05	0.95				
	215	2	268.5992444094737	54.22823861894738	0.0	0.0	2	1.0444578739752797	1.3852598670537897	230.0	26	1.05	0.95				
	216	2	84.73162284210527	16.946324568421055	0.0	0.0	2	1.0481095777493332	1.04611283842062	230.0	26	1.05	0.95				
	217	1	0.0	0.0	0.0	0.0	2	1.0486949368057192	4.184203355161963	230.0	27	1.05	0.95				
	218	2	282.15630406421053	57.61750353263159	0.0	0.0	2	1.049999990886174	4.660046070082984	230.0	27	1.05	0.95				
	219	1	153.36423734421055	31.350700451578952	0.0	0.0	2	1.0424592711107503	0.8906210207464087	230.0	25	1.05	0.95				
	220	1	108.45647723789476	22.03022193894737	0.0	0.0	2	1.0453521495437668	2.3407177408283286	230.0	25	1.05	0.95				
	221	2	0.0	0.0	0.0	0.0	2	1.05	5.031543027407682	230.0	27	1.05	0.95				
	222	2	0.0	0.0	0.0	0.0	2	1.05	11.211058300758994	230.0	27	1.05	0.95				
	223	2	0.0	0.0	0.0	0.0	2	1.05	3.749169673249691	230.0	25	1.05	0.95				
	224	1	0.0	0.0	0.0	0.0	2	1.02081180712216	-3.3504526736416023	230.0	26	1.05	0.95				
	301	2	72.85985446736842	14.841822206315788	0.0	0.0	3	0.9903468648248779	1.8604160794851419	138.0	31	1.05	0.95				
	302	2	65.43894336421052	13.492565642105264	0.0	0.0	3	0.9925169229455546	1.7910740689354983	138.0	32	1.05	0.95				
	303	1	121.43309077894737	24.961246437894737	0.0	0.0	3	1.0063973113635187	5.460647907075184	138.0	31	1.05	0.95				
	304	1	49.92249287578947	10.119424231578947	0.0	0.0	3	0.9908557320613167	4.32961840856203	138.0	31	1.05	0.95				
	305	1	47.898608029473685	9.444795949473685	0.0	0.0	3	1.0024811908665614	4.2303921997920275	138.0	31	1.05	0.95				
	306	1	91.7494463663158	18.88959189894737	0.0	-100.0	3	1.017955704649047	4.793223074895512	138.0	32	1.05	0.95				
	307	2	84.32853526315789	16.865707052631578	0.0	0.0	3	0.9687223219201027	0.42738010974169155	138.0	32	1.05	0.95				
	308	1	115.36143623999999	23.61198987368421	0.0	0.0	3	0.9804343354556766	3.58902555534804	138.0	32	1.05	0.95				
	309	1	118.05994936842106	24.286618155789473	0.0	0.0	3	1.0150053612956602	9.216499458478403	138.0	33	1.05	0.95				
	310	1	131.55251501052632	26.985131284210528	0.0	0.0	3	1.0365505829289847	8.812844752234934	138.0	33	1.05	0.95				
	311	1	0.0	0.0	0.0	0.0	3	1.006657699505576	16.192069655208286	230.0	33	1.05	0.95				
	312	1	0.0	0.0	0.0	0.0	3	1.0123213026911162	17.63809938062123	230.0	33	1.05	0.95				
	313	2	178.7764947578947	36.42992723368421	0.0	0.0	3	1.0390893327553739	25.80150434422463	230.0	34	1.05	0.95				
	314	2	130.87788672842103	26.31050300210526	0.0	0.0	3	1.0114752279787893	14.682711959411913	230.0	36	1.05	0.95				
	315	2	213.85716542736844	43.17621005473684	0.0	0.0	3	1.037068153357469	9.282289206106082	230.0	36	1.05	0.95				
	316	2	67.46282821052631	13.492565642105264	0.0	0.0	3	1.0378327153477795	10.988619771514013	230.0	36	1.05	0.95				
	317	1	0.0	0.0	0.0	0.0	3	1.0413853750189814	9.726022131539338	230.0	37	1.05	0.95				
	318	2	224.65121794105266	45.8747231831579	0.0	0.0	3	1.0401526462427029	8.464117973310255	230.0	37	1.05	0.95				
	319	1	122.10771906105265	24.961246437894737	0.0	0.0	3	1.0356180074222234	13.6266397797903	230.0	35	1.05	0.95				
	320	1	86.35242010947368	17.54033533473684	0.0	0.0	3	1.0375383808882506	15.79990834593308	230.0	35	1.05	0.95				
	321	2	0.0	0.0	0.0	0.0	3	1.0408311523449658	9.44288118719226	230.0	37	1.05	0.95				
	322	2	0.0	0.0	0.0	0.0	3	1.05	13.874096636436244	230.0	37	1.05	0.95				
	323	2	0.0	0.0	0.0	0.0	3	1.0388192171329433	16.61634790997676	230.0	35	1.05	0.95				
	324	1	0.0	0.0	0.0	0.0	3	1.0216036615535127	9.788947924243775	230.0	36	1.05	0.95				
	325	1	0.0	0.0	0.0	0.0	3	1.0411246885424923	16.283855273917588	230.0	35	1.05	0.95				
];
