%% MATPOWER Case Format : Version 2
function mpc = RTS_GMLC
mpc.version = '2';

%%-----  Power Flow Data  -----%%
%% system MVA base
mpc.baseMVA = 100.0;
%% bus data
%    bus_i    type    Pd    Qd    Gs    Bs    area    Vm    Va    baseKV    zone    Vmax    Vmin
mpc.bus = [
	101	2	81.66798613894737	16.636071250526317	0.0	0.0	1	1.048822840973467	-0.10255101370959445	138.0	11	1.05	0.95				
	102	2	73.3499505136842	15.123701136842104	0.0	0.0	1	1.04807805993867	-0.3840026238606538	138.0	12	1.05	0.95				
	103	1	136.11331023157896	27.978847103157893	0.0	0.0	1	1.0283908725305015	-1.248045770026121	138.0	11	1.05	0.95				
	104	1	55.957694206315786	11.34277585263158	0.0	0.0	1	1.0252752168348702	-3.8957874274000397	138.0	11	1.05	0.95				
	105	1	53.68913903578947	10.586590795789474	0.0	0.0	1	1.038525039541692	-4.346888470755898	138.0	11	1.05	0.95				
	106	1	102.84116773052632	21.17318159157895	0.0	-100.0	1	1.0388879923321843	-7.46701920547547	138.0	12	1.05	0.95				
	107	2	94.52313210526316	18.90462642105263	0.0	0.0	1	1.0171261681525539	-11.135228213519419	138.0	12	1.05	0.95				
	108	1	129.30764472	26.46647698947368	0.0	0.0	1	1.0048690453861397	-11.163445077938418	138.0	12	1.05	0.95				
	109	1	132.3323849473684	27.222662046315786	0.0	0.0	1	1.026549728650974	-4.799956825209147	138.0	13	1.05	0.95				
	110	1	147.4560860842105	30.24740227368421	0.0	0.0	1	1.05	-6.349027827927689	138.0	13	1.05	0.95				
	111	1	0.0	0.0	0.0	0.0	1	1.0152408676656142	-1.9005871556585983	230.0	13	1.05	0.95				
	112	1	0.0	0.0	0.0	0.0	1	1.0174371192205325	-1.3088191003714307	230.0	13	1.05	0.95				
	113	3	200.38904006315786	40.833993069473685	0.0	0.0	1	1.0173690153050476	-1.7809144648293865e-28	230.0	14	1.05	0.95				
	114	2	146.6999010273684	29.491217216842102	0.0	0.0	1	1.0187724026604332	0.13919008472428174	230.0	16	1.05	0.95				
	115	2	239.71066301894734	48.395843637894735	0.0	0.0	1	1.0450922901070898	8.42030872465328	230.0	16	1.05	0.95				
	116	2	75.61850568421052	15.123701136842104	0.0	0.0	1	1.0435833203699396	7.589515839342906	230.0	16	1.05	0.95				
	117	1	0.0	0.0	0.0	0.0	1	1.046326715566486	10.752677359741654	230.0	17	1.05	0.95				
	118	2	251.80962392842105	51.42058386526316	0.0	0.0	1	1.0480338245700094	11.396268046416589	230.0	17	1.05	0.95				
	119	1	136.86949528842106	27.978847103157893	0.0	0.0	1	1.0372722663019105	5.986246205015637	230.0	15	1.05	0.95				
	120	1	96.79168727578947	19.66081147789474	0.0	0.0	1	1.0376552830372945	5.524051276313539	230.0	15	1.05	0.95				
	121	2	0.0	0.0	0.0	0.0	1	1.05	13.251131574834083	230.0	17	1.05	0.95				
	122	2	0.0	0.0	0.0	0.0	1	1.05	18.78241311913394	230.0	17	1.05	0.95				
	123	2	0.0	0.0	0.0	0.0	1	1.03985919442985	5.83074897219282	230.0	15	1.05	0.95				
	124	1	0.0	0.0	0.0	0.0	1	1.0266917634217365	4.822519369246306	230.0	16	1.05	0.95				
	201	2	81.42924603789474	16.587439007719297	0.0	0.0	2	1.036839487389426	-13.99200439639501	138.0	21	1.05	0.95				
	202	2	73.1355265340351	15.079490007017545	0.0	0.0	2	1.037410093114983	-13.992179367074995	138.0	22	1.05	0.95				
	203	1	135.7154100631579	27.897056512982456	0.0	0.0	2	1.0196659805797441	-11.582561618814465	138.0	21	1.05	0.95				
	204	1	55.79411302596491	11.309617505263157	0.0	0.0	2	1.017740421558568	-15.109734101156748	138.0	21	1.05	0.95				
	205	1	53.532189524912276	10.555643004912282	0.0	0.0	2	1.0338845573766984	-15.510525905179334	138.0	21	1.05	0.95				
	206	1	102.54053204771931	21.111286009824564	0.0	-100.0	2	1.037897222686052	-17.057557566858765	138.0	22	1.05	0.95				
	207	2	94.24681254385965	18.84936250877193	0.0	0.0	2	0.9581157291055398	-28.198626264115646	138.0	22	1.05	0.95				
	208	1	128.92963956	26.389107512280702	0.0	0.0	2	0.9632493225590606	-24.428799654031934	138.0	22	1.05	0.95				
	209	1	131.9455375614035	27.14308201263158	0.0	0.0	2	1.025591758489015	-12.969883102545653	138.0	23	1.05	0.95				
	210	1	147.02502756842105	30.15898001403509	0.0	0.0	2	1.05	-14.674646887253541	138.0	23	1.05	0.95				
	211	1	0.0	0.0	0.0	0.0	2	1.0284521489300336	-9.024418795007831	230.0	23	1.05	0.95				
	212	1	0.0	0.0	0.0	0.0	2	1.0248292805705501	-4.010360763423539	230.0	23	1.05	0.95				
	213	2	199.80324259298246	40.71462301894737	0.0	0.0	2	1.0385193853823955	-6.2405480229061645	230.0	24	1.05	0.95				
	214	2	146.2710530680702	29.405005513684213	0.0	0.0	2	1.0428806917040896	-6.82144364206233	230.0	26	1.05	0.95				
	215	2	239.00991661122805	48.25436802245614	0.0	0.0	2	1.0438396206010576	0.9905983887452894	230.0	26	1.05	0.95				
	216	2	75.39745003508772	15.079490007017545	0.0	0.0	2	1.045975128023134	0.9574861377368937	230.0	26	1.05	0.95				
	217	1	0.0	0.0	0.0	0.0	2	1.047300396123653	3.582986799457608	230.0	27	1.05	0.95				
	218	2	251.07350861684213	51.270266023859655	0.0	0.0	2	1.047829364290756	3.730534742991393	230.0	27	1.05	0.95				
	219	1	136.46938456350878	27.897056512982456	0.0	0.0	2	1.04210034696806	1.0965451280219718	230.0	25	1.05	0.95				
	220	1	96.50873604491228	19.60333700912281	0.0	0.0	2	1.045486337736005	2.6306639285428597	230.0	25	1.05	0.95				
	221	2	0.0	0.0	0.0	0.0	2	1.047877162162216	3.579578591688603	230.0	27	1.05	0.95				
	222	2	0.0	0.0	0.0	0.0	2	1.05	10.091406871719528	230.0	27	1.05	0.95				
	223	2	0.0	0.0	0.0	0.0	2	1.05	4.017799212317966	230.0	25	1.05	0.95				
	224	1	0.0	0.0	0.0	0.0	2	1.0189440311313787	-3.6620369547051763	230.0	26	1.05	0.95				
	301	2	68.12780763789475	13.877886741052633	0.0	0.0	3	0.9978374508870139	6.04856588319099	138.0	31	1.05	0.95				
	302	2	61.18886426736842	12.616260673684213	0.0	0.0	3	0.9991798897687932	6.010954814527429	138.0	32	1.05	0.95				
	303	1	113.54634606315793	23.34008224631579	0.0	0.0	3	1.0142832819963883	8.679616185830389	138.0	31	1.05	0.95				
	304	1	46.68016449263158	9.462195505263159	0.0	0.0	3	1.0019166394418098	8.292501036714558	138.0	31	1.05	0.95				
	305	1	44.78772539157895	8.83138247157895	0.0	0.0	3	1.0138644828229901	8.304281907651205	138.0	31	1.05	0.95				
	306	1	85.79057258105264	17.6627649431579	0.0	-100.0	3	1.0316265274395813	8.856345081560983	138.0	32	1.05	0.95				
	307	2	78.85162921052633	15.770325842105265	0.0	0.0	3	0.9834357885205915	5.019468194148747	138.0	32	1.05	0.95				
	308	1	107.86902876000002	22.07845617894737	0.0	0.0	3	0.9960468217175512	7.855759608704297	138.0	32	1.05	0.95				
	309	1	110.39228089473684	22.70926921263158	0.0	0.0	3	1.0270377653290146	12.721721584181136	138.0	33	1.05	0.95				
	310	1	123.00854156842107	25.232521347368426	0.0	0.0	3	1.05	12.567909572904275	138.0	33	1.05	0.95				
	311	1	0.0	0.0	0.0	0.0	3	1.0174162302237488	19.1444489832104	230.0	33	1.05	0.95				
	312	1	0.0	0.0	0.0	0.0	3	1.0235244301709643	20.59042643401911	230.0	33	1.05	0.95				
	313	2	167.16545392631582	34.063903818947374	0.0	0.0	3	1.0479137607008988	28.454334242598033	230.0	34	1.05	0.95				
	314	2	122.37772853473685	24.601708313684213	0.0	0.0	3	1.0193285992121799	17.270236048269364	230.0	36	1.05	0.95				
	315	2	199.96773167789476	40.37203415578948	0.0	0.0	3	1.0382662851959872	11.063630684883028	230.0	36	1.05	0.95				
	316	2	63.08130336842106	12.616260673684213	0.0	0.0	3	1.0402474934505017	12.667081184289312	230.0	36	1.05	0.95				
	317	1	0.0	0.0	0.0	0.0	3	1.0430167974273055	11.241031934948687	230.0	37	1.05	0.95				
	318	2	210.06074021684213	42.89528629052632	0.0	0.0	3	1.0416088310550182	9.90561965757128	230.0	37	1.05	0.95				
	319	1	114.17715909684212	23.34008224631579	0.0	0.0	3	1.039793133297459	15.603376895332453	230.0	35	1.05	0.95				
	320	1	80.74406831157896	16.401138875789474	0.0	0.0	3	1.0428202160479132	17.873677350988597	230.0	35	1.05	0.95				
	321	2	0.0	0.0	0.0	0.0	3	1.0417416939146884	10.862304554305265	230.0	37	1.05	0.95				
	322	2	0.0	0.0	0.0	0.0	3	1.05	15.334880240454389	230.0	37	1.05	0.95				
	323	2	0.0	0.0	0.0	0.0	3	1.0445346474096102	18.706127512071053	230.0	35	1.05	0.95				
	324	1	0.0	0.0	0.0	0.0	3	1.0264407205877228	12.207615312231484	230.0	36	1.05	0.95				
	325	1	0.0	0.0	0.0	0.0	3	1.0464506990668343	18.247453553843275	230.0	35	1.05	0.95				
];
