%% MATPOWER Case Format : Version 2
function mpc = RTS_GMLC
mpc.version = '2';

%%-----  Power Flow Data  -----%%
%% system MVA base
mpc.baseMVA = 100.0;
%% bus data
%    bus_i    type    Pd    Qd    Gs    Bs    area    Vm    Va    baseKV    zone    Vmax    Vmin
mpc.bus = [
	101	2	72.16922315368423	14.701138049824564	0.0	0.0	1	1.0482213663711173	1.8714838447390438	138.0	11	1.05	0.95				
	102	2	64.81865412877194	13.364670954385968	0.0	0.0	1	1.0475319549117346	1.599665658592171	138.0	12	1.05	0.95				
	103	1	120.2820385894737	24.72464126561404	0.0	0.0	1	1.0305567242739908	-0.05547962656534555	138.0	11	1.05	0.95				
	104	1	49.44928253122808	10.023503215789473	0.0	0.0	1	1.026179089334572	-2.2739273476003485	138.0	11	1.05	0.95				
	105	1	47.44458188807018	9.355269668070179	0.0	0.0	1	1.0390535138563772	-2.6249550687470142	138.0	11	1.05	0.95				
	106	1	90.87976248982457	18.710539336140357	0.0	-100.0	1	1.041024513948276	-5.808872756475372	138.0	12	1.05	0.95				
	107	2	83.52919346491228	16.705838692982457	0.0	0.0	1	1.0129207526884128	-11.80643588477919	138.0	12	1.05	0.95				
	108	1	114.26793666000002	23.38817417017544	0.0	0.0	1	1.0041651970206196	-10.803503477382865	138.0	12	1.05	0.95				
	109	1	116.9408708508772	24.05640771789474	0.0	0.0	1	1.0261926400416677	-3.8237609676631243	138.0	13	1.05	0.95				
	110	1	130.30554180526318	26.729341908771936	0.0	0.0	1	1.05	-5.160054067017609	138.0	13	1.05	0.95				
	111	1	0.0	0.0	0.0	0.0	1	1.0118902529064684	-1.371211765913577	230.0	13	1.05	0.95				
	112	1	0.0	0.0	0.0	0.0	1	1.0160822062788528	-0.9919928694278668	230.0	13	1.05	0.95				
	113	3	177.08189014561404	36.084611576842114	0.0	0.0	1	1.012261399813718	-1.444962492092957e-30	230.0	14	1.05	0.95				
	114	2	129.63730825754388	26.061108361052636	0.0	0.0	1	1.0119192918944482	0.616550749195891	230.0	16	1.05	0.95				
	115	2	211.83003462701757	42.76694705403509	0.0	0.0	1	1.043785942415909	8.357398665288589	230.0	16	1.05	0.95				
	116	2	66.82335477192983	13.364670954385968	0.0	0.0	1	1.0411233269928832	7.420561097400272	230.0	16	1.05	0.95				
	117	1	0.0	0.0	0.0	0.0	1	1.0451739333713206	10.577783152020608	230.0	17	1.05	0.95				
	118	2	222.52177139052637	45.439881244912286	0.0	0.0	1	1.0476112930179704	11.13305912162623	230.0	17	1.05	0.95				
	119	1	120.95027213719301	24.72464126561404	0.0	0.0	1	1.0347075555078196	5.675821018343402	230.0	15	1.05	0.95				
	120	1	85.53389410807019	17.374072240701757	0.0	0.0	1	1.0342449045950273	4.979250666104917	230.0	15	1.05	0.95				
	121	2	0.0	0.0	0.0	0.0	1	1.05	12.753961259244562	230.0	17	1.05	0.95				
	122	2	0.0	0.0	0.0	0.0	1	1.05	19.213976825259937	230.0	17	1.05	0.95				
	123	2	0.0	0.0	0.0	0.0	1	1.0355777660172403	5.096519299613782	230.0	15	1.05	0.95				
	124	1	0.0	0.0	0.0	0.0	1	1.0281242724507678	5.2187671331556285	230.0	16	1.05	0.95				
	201	2	83.38422793263159	16.985676060350876	0.0	0.0	2	1.03874884104323	-16.731638149599476	138.0	21	1.05	0.95				
	202	2	74.89138990245614	15.44152369122807	0.0	0.0	2	1.0392474668157428	-16.78932456195471	138.0	22	1.05	0.95				
	203	1	138.97371322105263	28.56681882877193	0.0	0.0	2	1.0174275515418632	-13.742029294729479	138.0	21	1.05	0.95				
	204	1	57.13363765754386	11.581142768421051	0.0	0.0	2	1.0177333335659997	-18.053781346500845	138.0	21	1.05	0.95				
	205	1	54.817409103859646	10.80906658385965	0.0	0.0	2	1.0345833383135854	-18.479443221795997	138.0	21	1.05	0.95				
	206	1	105.00236110035088	21.6181331677193	0.0	-100.0	2	1.0377480241563062	-20.180633665328486	138.0	22	1.05	0.95				
	207	2	96.50952307017545	19.301904614035088	0.0	0.0	2	0.9531083458131338	-31.68739113228553	138.0	22	1.05	0.95				
	208	1	132.02502755999998	27.02266645964912	0.0	0.0	2	0.9590560411082935	-27.799055449480786	138.0	22	1.05	0.95				
	209	1	135.1133322982456	27.794742644210523	0.0	0.0	2	1.0247203191659644	-15.963243525788208	138.0	23	1.05	0.95				
	210	1	150.55485598947368	30.88304738245614	0.0	0.0	2	1.05	-17.826168613228628	138.0	23	1.05	0.95				
	211	1	0.0	0.0	0.0	0.0	2	1.0305887769732516	-11.952750093144275	230.0	23	1.05	0.95				
	212	1	0.0	0.0	0.0	0.0	2	1.0254806294164678	-7.351545376515389	230.0	23	1.05	0.95				
	213	2	204.60018890877188	41.692113966315794	0.0	0.0	2	1.0413982802705821	-9.383324248038353	230.0	24	1.05	0.95				
	214	2	149.78277980491228	30.110971197894738	0.0	0.0	2	1.0474567545494191	-9.455217964946133	230.0	26	1.05	0.95				
	215	2	244.7481505059649	49.41287581192982	0.0	0.0	2	1.0428664993934476	-0.8129444931613382	230.0	26	1.05	0.95				
	216	2	77.20761845614035	15.44152369122807	0.0	0.0	2	1.0463653872828724	-1.1237302666888849	230.0	26	1.05	0.95				
	217	1	0.0	0.0	0.0	0.0	2	1.046502228292434	1.791804678366356	230.0	27	1.05	0.95				
	218	2	257.1013694589474	52.50118055017544	0.0	0.0	2	1.04730259307108	1.903050370347023	230.0	27	1.05	0.95				
	219	1	139.74578940561403	28.56681882877193	0.0	0.0	2	1.0422820040239409	-1.3491190178521983	230.0	25	1.05	0.95				
	220	1	98.82575162385965	20.07398079859649	0.0	0.0	2	1.045601408239741	-0.09885141708687484	230.0	25	1.05	0.95				
	221	2	0.0	0.0	0.0	0.0	2	1.047441303937221	1.7611786770077904	230.0	27	1.05	0.95				
	222	2	0.0	0.0	0.0	0.0	2	1.05	8.283113338119634	230.0	27	1.05	0.95				
	223	2	0.0	0.0	0.0	0.0	2	1.05	1.1461902231567955	230.0	25	1.05	0.95				
	224	1	0.0	0.0	0.0	0.0	2	1.0170188743877724	-5.592270696065481	230.0	26	1.05	0.95				
	301	2	74.24359378105264	15.123695029473685	0.0	0.0	3	0.9913915772219536	-3.4661309755211684	138.0	31	1.05	0.95				
	302	2	66.68174626631578	13.748813663157897	0.0	0.0	3	0.992772203577842	-3.5485833127873785	138.0	32	1.05	0.95				
	303	1	123.73932296842105	25.435305276842108	0.0	0.0	3	1.0064212755747646	0.9537267281248445	138.0	31	1.05	0.95				
	304	1	50.870610553684216	10.31161024736842	0.0	0.0	3	0.9900939317804386	-0.9974319925927263	138.0	31	1.05	0.95				
	305	1	48.80828850421052	9.624169564210527	0.0	0.0	3	1.0023905919096014	-1.1896974553551645	138.0	31	1.05	0.95				
	306	1	93.49193290947369	19.248339128421055	0.0	-100.0	3	1.0168478457883283	-0.6889371492086712	138.0	32	1.05	0.95				
	307	2	85.93008539473685	17.18601707894737	0.0	0.0	3	0.9718215357105552	-6.054543031262764	138.0	32	1.05	0.95				
	308	1	117.55235682	24.060423910526314	0.0	0.0	3	0.9791382708304346	-2.7669448572325326	138.0	32	1.05	0.95				
	309	1	120.30211955263157	24.74786459368421	0.0	0.0	3	1.0140047204115132	3.960572394766859	138.0	33	1.05	0.95				
	310	1	134.05093321578946	27.497627326315794	0.0	0.0	3	1.0355152451247762	3.349242661433073	138.0	33	1.05	0.95				
	311	1	0.0	0.0	0.0	0.0	3	1.0063643724912905	10.9945481551059	230.0	33	1.05	0.95				
	312	1	0.0	0.0	0.0	0.0	3	1.0105459614191108	12.31938414837525	230.0	33	1.05	0.95				
	313	2	182.1717810368421	37.12179689052632	0.0	0.0	3	1.0353559159340315	19.764918388278744	230.0	34	1.05	0.95				
	314	2	133.36349253263157	26.810186643157895	0.0	0.0	3	1.0129771889746195	10.407486528058994	230.0	36	1.05	0.95				
	315	2	217.91869656105263	43.996203722105264	0.0	0.0	3	1.0380653406722866	6.619633621348737	230.0	36	1.05	0.95				
	316	2	68.74406831578948	13.748813663157897	0.0	0.0	3	1.0381221475456401	8.331515358480457	230.0	36	1.05	0.95				
	317	1	0.0	0.0	0.0	0.0	3	1.0442559372824938	8.249059759251546	230.0	37	1.05	0.95				
	318	2	228.91774749157895	46.745966454736845	0.0	0.0	3	1.0420450588282582	6.500849897250927	230.0	37	1.05	0.95				
	319	1	124.42676365157897	25.435305276842108	0.0	0.0	3	1.0349274976573564	10.540539676332044	230.0	35	1.05	0.95				
	320	1	87.99240744421053	17.873457762105264	0.0	0.0	3	1.0355258763451314	12.314248655034667	230.0	35	1.05	0.95				
	321	2	0.0	0.0	0.0	0.0	3	1.041971606077285	7.1342696197243125	230.0	37	1.05	0.95				
	322	2	0.0	0.0	0.0	0.0	3	1.05	11.898431321167838	230.0	37	1.05	0.95				
	323	2	0.0	0.0	0.0	0.0	3	1.0362104178687637	13.032412453965337	230.0	35	1.05	0.95				
	324	1	0.0	0.0	0.0	0.0	3	1.0207763248057924	6.4748710401617755	230.0	36	1.05	0.95				
	325	1	0.0	0.0	0.0	0.0	3	1.0382828073609665	13.015510541401516	230.0	35	1.05	0.95				
];
