%% MATPOWER Case Format : Version 2
function mpc = RTS_GMLC
mpc.version = '2';

%%-----  Power Flow Data  -----%%
%% system MVA base
mpc.baseMVA = 100.0;
%% bus data
%    bus_i    type    Pd    Qd    Gs    Bs    area    Vm    Va    baseKV    zone    Vmax    Vmin
mpc.bus = [
	101	2	84.86095990736841	17.286491832982456	0.0	0.0	1	1.0317661722868867	-4.088455270837087	138.0	11	1.05	0.95				
	102	2	76.21771399087719	15.714992575438597	0.0	0.0	1	1.0317617682573559	-4.154333850804441	138.0	12	1.05	0.95				
	103	1	141.43493317894735	29.0727362645614	0.0	0.0	1	1.0177299667495394	-4.018021367514249	138.0	11	1.05	0.95				
	104	1	58.1454725291228	11.786244431578947	0.0	0.0	1	1.015081949284585	-6.769386656022148	138.0	11	1.05	0.95				
	105	1	55.78822364280701	11.000494802807017	0.0	0.0	1	1.0304709901316018	-6.872013495521474	138.0	11	1.05	0.95				
	106	1	106.86194951298246	22.000989605614034	0.0	-100.0	1	1.0350240501674366	-9.144391855046473	138.0	12	1.05	0.95				
	107	2	98.21870359649122	19.643740719298243	0.0	0.0	1	1.05	-5.813881235084689	138.0	12	1.05	0.95				
	108	1	134.36318652	27.501237007017544	0.0	0.0	1	1.0245492399582228	-8.507565716921848	138.0	12	1.05	0.95				
	109	1	137.50618503508773	28.286986635789468	0.0	0.0	1	1.0267516208392895	-5.7237158887919355	138.0	13	1.05	0.95				
	110	1	153.2211776105263	31.429985150877194	0.0	0.0	1	1.05	-7.208282352641681	138.0	13	1.05	0.95				
	111	1	0.0	0.0	0.0	0.0	1	1.016078072321534	-2.280998475198346	230.0	13	1.05	0.95				
	112	1	0.0	0.0	0.0	0.0	1	1.0174369172878588	-1.3915458928689932	230.0	13	1.05	0.95				
	113	3	208.22365162456137	42.430479953684205	0.0	0.0	1	1.019759574479203	2.706021486759197e-27	230.0	14	1.05	0.95				
	114	2	152.43542798175437	30.644235522105262	0.0	0.0	1	1.0208244165013427	-0.08061118292961286	230.0	16	1.05	0.95				
	115	2	249.08263232070175	50.28797624140351	0.0	0.0	1	1.0444251783903769	8.182325344594553	230.0	16	1.05	0.95				
	116	2	78.57496287719297	15.714992575438597	0.0	0.0	1	1.044267852219544	7.7855667566293425	230.0	16	1.05	0.95				
	117	1	0.0	0.0	0.0	0.0	1	1.0472279354201828	11.190729673544684	230.0	17	1.05	0.95				
	118	2	261.65462638105265	53.43097475649123	0.0	0.0	1	1.0498915055559541	11.76318168379312	230.0	17	1.05	0.95				
	119	1	142.2206828077193	29.0727362645614	0.0	0.0	1	1.0388584169605504	6.381723412312137	230.0	15	1.05	0.95				
	120	1	100.57595248280703	20.429490348070175	0.0	0.0	1	1.0413457482573472	6.640587762413892	230.0	15	1.05	0.95				
	121	2	0.0	0.0	0.0	0.0	1	1.05	12.51439078856896	230.0	17	1.05	0.95				
	122	2	0.0	0.0	0.0	0.0	1	1.05	20.737807525580738	230.0	17	1.05	0.95				
	123	2	0.0	0.0	0.0	0.0	1	1.044961635776224	7.358942625929517	230.0	15	1.05	0.95				
	124	1	0.0	0.0	0.0	0.0	1	1.019093327775879	3.6792102284436794	230.0	16	1.05	0.95				
	201	2	90.43916259789472	18.42279238105263	0.0	0.0	2	1.05	-12.516424096240346	138.0	21	1.05	0.95				
	202	2	81.2277664073684	16.74799307368421	0.0	0.0	2	1.05	-12.549459238725458	138.0	22	1.05	0.95				
	203	1	150.73193766315788	30.983787186315787	0.0	0.0	2	1.026395523558067	-9.525307437537377	138.0	21	1.05	0.95				
	204	1	61.967574372631574	12.560994805263157	0.0	0.0	2	1.0215524049806406	-14.449321515903597	138.0	21	1.05	0.95				
	205	1	59.455375411578935	11.723595151578948	0.0	0.0	2	1.0390651798761694	-14.879377383980389	138.0	21	1.05	0.95				
	206	1	113.88635290105262	23.447190303157896	0.0	-100.0	2	1.0378089665315136	-16.97438216509705	138.0	22	1.05	0.95				
	207	2	104.67495671052632	20.93499134210526	0.0	0.0	2	0.95	-28.277231825122705	138.0	22	1.05	0.95				
	208	1	143.19534077999998	29.308987878947363	0.0	0.0	2	0.9552391852963458	-24.703184632472137	138.0	22	1.05	0.95				
	209	1	146.54493939473682	30.146387532631575	0.0	0.0	2	1.02511240232781	-12.654201813519531	138.0	23	1.05	0.95				
	210	1	163.29293246842101	33.49598614736842	0.0	0.0	2	1.049502188257012	-14.688391908487082	138.0	23	1.05	0.95				
	211	1	0.0	0.0	0.0	0.0	2	1.031575873924785	-7.204907640028681	230.0	23	1.05	0.95				
	212	1	0.0	0.0	0.0	0.0	2	1.022843159106381	-5.814247555786494	230.0	23	1.05	0.95				
	213	2	221.91090822631577	45.21958129894736	0.0	0.0	2	1.05	-2.7215580114916897	230.0	24	1.05	0.95				
	214	2	162.4555328147368	32.65858649368421	0.0	0.0	2	1.05	-4.953690923588645	230.0	26	1.05	0.95				
	215	2	265.4556902178947	53.593577835789475	0.0	0.0	2	1.044977429923727	3.5064760742883445	230.0	26	1.05	0.95				
	216	2	83.73996536842104	16.74799307368421	0.0	0.0	2	1.0491609368634973	3.4140601383642193	230.0	26	1.05	0.95				
	217	1	0.0	0.0	0.0	0.0	2	1.0496027432469481	6.58932239836729	230.0	27	1.05	0.95				
	218	2	278.8540846768421	56.94317645052631	0.0	0.0	2	1.05	7.22312519269323	230.0	27	1.05	0.95				
	219	1	151.5693373168421	30.983787186315787	0.0	0.0	2	1.0432693150659946	2.9890360481109575	230.0	25	1.05	0.95				
	220	1	107.18715567157895	21.772390995789472	0.0	0.0	2	1.0457671188987907	4.183750672567625	230.0	25	1.05	0.95				
	221	2	0.0	0.0	0.0	0.0	2	1.05	7.711771343123644	230.0	27	1.05	0.95				
	222	2	0.0	0.0	0.0	0.0	2	1.05	13.783359788867216	230.0	27	1.05	0.95				
	223	2	0.0	0.0	0.0	0.0	2	1.05	5.445910266127942	230.0	25	1.05	0.95				
	224	1	0.0	0.0	0.0	0.0	2	1.0214988878544233	-1.341896208802499	230.0	26	1.05	0.95				
	301	2	67.63239481263157	13.776969313684209	0.0	0.0	3	1.013765591413774	-15.923020329058717	138.0	31	1.05	0.95				
	302	2	60.74391015578947	12.524517557894738	0.0	0.0	3	1.0123799860965776	-16.282096329802435	138.0	32	1.05	0.95				
	303	1	112.72065802105263	23.17035748210526	0.0	0.0	3	1.0257111703942017	-9.865862252951406	138.0	31	1.05	0.95				
	304	1	46.34071496421052	9.393388168421051	0.0	0.0	3	1.0093270429635604	-15.164819726893866	138.0	31	1.05	0.95				
	305	1	44.46203733052631	8.767162290526317	0.0	0.0	3	1.0236559763704696	-15.860694200114265	138.0	31	1.05	0.95				
	306	1	85.1667193936842	17.534324581052633	0.0	-100.0	3	1.0356996458339147	-16.536290702789554	138.0	32	1.05	0.95				
	307	2	78.2782347368421	15.655646947368421	0.0	0.0	3	1.004721606292249	-18.588538201884006	138.0	32	1.05	0.95				
	308	1	107.08462511999998	21.917905726315787	0.0	0.0	3	1.0016613256069846	-18.086300070809145	138.0	32	1.05	0.95				
	309	1	109.58952863157893	22.544131604210524	0.0	0.0	3	1.0276892051604885	-11.692412506762588	138.0	33	1.05	0.95				
	310	1	122.11404618947368	25.049035115789476	0.0	0.0	3	1.05	-13.790837302356772	138.0	33	1.05	0.95				
	311	1	0.0	0.0	0.0	0.0	3	1.0172354195671205	-7.2159668236316294	230.0	33	1.05	0.95				
	312	1	0.0	0.0	0.0	0.0	3	1.0173927700355003	-6.035092966191381	230.0	33	1.05	0.95				
	313	2	165.94985764210526	33.81619740631579	0.0	0.0	3	1.0261911127162915	-2.7722749507601816	230.0	34	1.05	0.95				
	314	2	121.48782031157894	24.42280923789474	0.0	0.0	3	1.0242936650608545	-5.608213656657115	230.0	36	1.05	0.95				
	315	2	198.51360329263156	40.07845618526316	0.0	0.0	3	1.0460105836572153	0.7430848778122208	230.0	36	1.05	0.95				
	316	2	62.622587789473684	12.524517557894738	0.0	0.0	3	1.044101705294292	0.4587730495715496	230.0	36	1.05	0.95				
	317	1	0.0	0.0	0.0	0.0	3	1.0480768557458526	3.288621414001558	230.0	37	1.05	0.95				
	318	2	208.53321733894737	42.5833596968421	0.0	0.0	3	1.0479847832599918	3.2379854449791985	230.0	37	1.05	0.95				
	319	1	113.34688389894735	23.17035748210526	0.0	0.0	3	1.0411791430043031	0.4002696177990045	230.0	35	1.05	0.95				
	320	1	80.15691237052631	16.281872825263157	0.0	0.0	3	1.0437812761866685	1.5287283127339697	230.0	35	1.05	0.95				
	321	2	0.0	0.0	0.0	0.0	3	1.05	4.333305790943642	230.0	37	1.05	0.95				
	322	2	0.0	0.0	0.0	0.0	3	1.05	9.69877005504291	230.0	37	1.05	0.95				
	323	2	0.0	0.0	0.0	0.0	3	1.0470237225826717	2.6063709771098877	230.0	35	1.05	0.95				
	324	1	0.0	0.0	0.0	0.0	3	1.0251126044910743	-3.1932066426676746	230.0	36	1.05	0.95				
	325	1	0.0	0.0	0.0	0.0	3	1.0452286344340163	3.430234759502585	230.0	35	1.05	0.95				
];
