%% MATPOWER Case Format : Version 2
function mpc = RTS_GMLC
mpc.version = '2';

%%-----  Power Flow Data  -----%%
%% system MVA base
mpc.baseMVA = 100.0;
%% bus data
%    bus_i    type    Pd    Qd    Gs    Bs    area    Vm    Va    baseKV    zone    Vmax    Vmin
mpc.bus = [
	101	2	55.32261256421054	11.269421077894739	0.0	0.0	1	1.0106218967361302	-0.07071488078394964	138.0	11	1.05	0.95				
	102	2	49.687902025263156	10.24492825263158	0.0	0.0	1	1.0082906139941674	-0.7424355098643665	138.0	12	1.05	0.95				
	103	1	92.20435427368422	18.953117267368423	0.0	0.0	1	1.0201876137607007	1.1209297934199818	138.0	11	1.05	0.95				
	104	1	37.906234534736846	7.683696189473685	0.0	0.0	1	1.0106469262244802	-2.9995861579880314	138.0	11	1.05	0.95				
	105	1	36.36949529684211	7.171449776842106	0.0	0.0	1	1.023052811887266	-3.2478533586681033	138.0	11	1.05	0.95				
	106	1	69.66551211789475	14.342899553684212	0.0	-100.0	1	1.0371535309382527	-5.635954225047151	138.0	12	1.05	0.95				
	107	2	64.03080157894738	12.806160315789475	0.0	0.0	1	0.9893260587973204	-12.501158850176008	138.0	12	1.05	0.95				
	108	1	87.59413656	17.928624442105264	0.0	0.0	1	0.994237673830088	-10.484557318368822	138.0	12	1.05	0.95				
	109	1	89.64312221052633	18.440870854736843	0.0	0.0	1	1.0255500084971125	-3.233328391354934	138.0	13	1.05	0.95				
	110	1	99.88805046315791	20.48985650526316	0.0	0.0	1	1.05	-4.766873135285137	138.0	13	1.05	0.95				
	111	1	0.0	0.0	0.0	0.0	1	1.022909924067861	-0.2259942596241446	230.0	13	1.05	0.95				
	112	1	0.0	0.0	0.0	0.0	1	1.0186284877779639	-1.2051017521736551	230.0	13	1.05	0.95				
	113	3	135.74529934736844	27.66130628210527	0.0	0.0	1	1.008448189838166	2.8192060097620028e-28	230.0	14	1.05	0.95				
	114	2	99.37580405052631	19.977610092631583	0.0	0.0	1	1.05	3.232013712607281	230.0	16	1.05	0.95				
	115	2	162.38211280421052	32.783770408421056	0.0	0.0	1	1.038358970755173	13.484126916543827	230.0	16	1.05	0.95				
	116	2	51.2246412631579	10.24492825263158	0.0	0.0	1	1.0400125888298875	11.462195926903576	230.0	16	1.05	0.95				
	117	1	0.0	0.0	0.0	0.0	1	1.0380859258954196	17.979254191901287	230.0	17	1.05	0.95				
	118	2	170.5780554063158	34.832756058947375	0.0	0.0	1	1.047294906500639	18.762502756110095	230.0	17	1.05	0.95				
	119	1	92.7166006863158	18.953117267368423	0.0	0.0	1	1.0382049456471634	6.948431056422043	230.0	15	1.05	0.95				
	120	1	65.56754081684211	13.318406728421053	0.0	0.0	1	1.0448276882679792	4.010726460730023	230.0	15	1.05	0.95				
	121	2	0.0	0.0	0.0	0.0	1	1.0433590957463583	20.750415340027192	230.0	17	1.05	0.95				
	122	2	0.0	0.0	0.0	0.0	1	1.05	38.71079997826005	230.0	17	1.05	0.95				
	123	2	0.0	0.0	0.0	0.0	1	1.05	2.7861068701758045	230.0	15	1.05	0.95				
	124	1	0.0	0.0	0.0	0.0	1	1.0160677105557743	8.884158188919718	230.0	16	1.05	0.95				
	201	2	48.772548416842106	9.935148751578947	0.0	0.0	2	1.0110239625192987	-16.35627430424991	138.0	21	1.05	0.95				
	202	2	43.80497404105263	9.031953410526317	0.0	0.0	2	1.0101379308564593	-16.646780291378036	138.0	22	1.05	0.95				
	203	1	81.28758069473683	16.70911380947368	0.0	0.0	2	1.01403802349278	-11.958160174479945	138.0	21	1.05	0.95				
	204	1	33.41822761894736	6.773965057894736	0.0	0.0	2	1.0101167568889007	-16.034993947371003	138.0	21	1.05	0.95				
	205	1	32.06343460736842	6.322367387368422	0.0	0.0	2	1.0248806374829436	-16.52801155422064	138.0	21	1.05	0.95				
	206	1	61.41728319157895	12.644734774736843	0.0	-100.0	2	1.0403218391242075	-17.17622373132906	138.0	22	1.05	0.95				
	207	2	56.44970881578947	11.289941763157895	0.0	0.0	2	0.9926752587665886	-22.612131681392558	138.0	22	1.05	0.95				
	208	1	77.22320166	15.805918468421051	0.0	0.0	2	0.9978313962921518	-20.550765303934345	138.0	22	1.05	0.95				
	209	1	79.02959234210526	16.257516138947366	0.0	0.0	2	1.0236682365821994	-13.668222662401336	138.0	23	1.05	0.95				
	210	1	88.06154575263157	18.063906821052633	0.0	0.0	2	1.05	-15.245981273703299	138.0	23	1.05	0.95				
	211	1	0.0	0.0	0.0	0.0	2	1.010996518191347	-10.116261626607983	230.0	23	1.05	0.95				
	212	1	0.0	0.0	0.0	0.0	2	1.0105905784941631	-8.950564912747625	230.0	23	1.05	0.95				
	213	2	119.67338268947367	24.386274208421053	0.0	0.0	2	1.0098919244242954	-8.21441796473993	230.0	24	1.05	0.95				
	214	2	87.60994808210526	17.612309150526315	0.0	0.0	2	1.016968695379944	-7.38833877842212	230.0	26	1.05	0.95				
	215	2	143.1564615568421	28.902250913684206	0.0	0.0	2	1.033545030445664	-0.6779342356571262	230.0	26	1.05	0.95				
	216	2	45.15976705263158	9.031953410526317	0.0	0.0	2	1.0353147699307026	-0.8146892564016847	230.0	26	1.05	0.95				
	217	1	0.0	0.0	0.0	0.0	2	1.0405804400190262	0.5837280268987582	230.0	27	1.05	0.95				
	218	2	150.38202428526316	30.708641595789476	0.0	0.0	2	1.0384505871534055	0.059923558280268664	230.0	27	1.05	0.95				
	219	1	81.73917836526316	16.70911380947368	0.0	0.0	2	1.0355190649834216	-0.27717850087310425	230.0	25	1.05	0.95				
	220	1	57.80450182736841	11.74153943368421	0.0	0.0	2	1.0389448856331573	1.0521689384942785	230.0	25	1.05	0.95				
	221	2	0.0	0.0	0.0	0.0	2	1.038910087996498	0.61044143873151	230.0	27	1.05	0.95				
	222	2	0.0	0.0	0.0	0.0	2	1.05	7.10227871182418	230.0	27	1.05	0.95				
	223	2	0.0	0.0	0.0	0.0	2	1.0419164020961316	2.116864072490348	230.0	25	1.05	0.95				
	224	1	0.0	0.0	0.0	0.0	2	1.0122581727365096	-4.867279856412747	230.0	26	1.05	0.95				
	301	2	45.08256880421053	9.183486237894737	0.0	0.0	3	1.0098927729355616	10.846649756840542	138.0	31	1.05	0.95				
	302	2	40.49082568526316	8.34862385263158	0.0	0.0	3	1.009649308998835	10.682885265143439	138.0	32	1.05	0.95				
	303	1	75.13761467368421	15.44495412736842	0.0	0.0	3	1.0354735302462494	17.965650596847244	138.0	31	1.05	0.95				
	304	1	30.88990825473684	6.261467889473685	0.0	0.0	3	1.012139967849829	12.03166044959211	138.0	31	1.05	0.95				
	305	1	29.637614676842105	5.844036696842106	0.0	0.0	3	1.0247403659952483	10.922184908586656	138.0	31	1.05	0.95				
	306	1	56.77064219789474	11.688073393684212	0.0	-100.0	3	1.041195318100222	10.461601298921323	138.0	32	1.05	0.95				
	307	2	52.178899078947374	10.435779815789473	0.0	0.0	3	0.9738939141388272	6.349583240068401	138.0	32	1.05	0.95				
	308	1	71.38073394	14.610091742105263	0.0	0.0	3	0.9891831314947932	8.148273620739888	138.0	32	1.05	0.95				
	309	1	73.05045871052633	15.027522934736842	0.0	0.0	3	1.027051584555438	14.843206851529512	138.0	33	1.05	0.95				
	310	1	81.3990825631579	16.69724770526316	0.0	0.0	3	1.05	12.343060687866387	138.0	33	1.05	0.95				
	311	1	0.0	0.0	0.0	0.0	3	1.0068346290358334	16.81585449209109	230.0	33	1.05	0.95				
	312	1	0.0	0.0	0.0	0.0	3	1.0134483880138148	16.96429654862681	230.0	33	1.05	0.95				
	313	2	110.61926604736843	22.541284402105266	0.0	0.0	3	1.0106456545612978	19.558999923942086	230.0	34	1.05	0.95				
	314	2	80.98165137052632	16.27981651263158	0.0	0.0	3	0.9992760478141985	17.760497427430412	230.0	36	1.05	0.95				
	315	2	132.3256880642105	26.715596328421054	0.0	0.0	3	1.027132135247905	18.93207253921636	230.0	36	1.05	0.95				
	316	2	41.743119263157894	8.34862385263158	0.0	0.0	3	1.0230522920460743	19.209659982099378	230.0	36	1.05	0.95				
	317	1	0.0	0.0	0.0	0.0	3	1.043221795390233	22.54981026816236	230.0	37	1.05	0.95				
	318	2	139.0045871463158	28.38532109894737	0.0	0.0	3	1.0429345936803693	19.57619061919085	230.0	37	1.05	0.95				
	319	1	75.5550458663158	15.44495412736842	0.0	0.0	3	1.0200404233786704	18.861964155748836	230.0	35	1.05	0.95				
	320	1	53.43119265684211	10.853211008421052	0.0	0.0	3	1.018575334101145	18.671571124835957	230.0	35	1.05	0.95				
	321	2	0.0	0.0	0.0	0.0	3	1.0391622127297115	20.01678468323482	230.0	37	1.05	0.95				
	322	2	0.0	0.0	0.0	0.0	3	1.05	25.332914891658728	230.0	37	1.05	0.95				
	323	2	0.0	0.0	0.0	0.0	3	1.0179981378567011	18.78324356516434	230.0	35	1.05	0.95				
	324	1	0.0	0.0	0.0	0.0	3	1.0271282351556457	19.46183007779749	230.0	36	1.05	0.95				
	325	1	0.0	0.0	0.0	0.0	3	1.0205920258922174	18.964639483304442	230.0	35	1.05	0.95				
];
