%% MATPOWER Case Format : Version 2
function mpc = RTS_GMLC
mpc.version = '2';

%%-----  Power Flow Data  -----%%
%% system MVA base
mpc.baseMVA = 100.0;
%% bus data
%    bus_i    type    Pd    Qd    Gs    Bs    area    Vm    Va    baseKV    zone    Vmax    Vmin
mpc.bus = [
	101	2	99.46313704421054	20.26100939789474	0.0	0.0	1	1.0484335487619425	-2.3655571440805874	138.0	11	1.05	0.95				
	102	2	89.33263234526316	18.41909945263158	0.0	0.0	1	1.0481995424251105	-2.534199850495228	138.0	12	1.05	0.95				
	103	1	165.77189507368422	34.075333987368424	0.0	0.0	1	1.02076800296788	-3.2469258800536953	138.0	11	1.05	0.95				
	104	1	68.15066797473685	13.814324589473683	0.0	0.0	1	1.0226643226887302	-5.939290614278063	138.0	11	1.05	0.95				
	105	1	65.3878030568421	12.893369616842106	0.0	0.0	1	1.036326654380549	-6.476608255228849	138.0	11	1.05	0.95				
	106	1	125.24987627789474	25.786739233684212	0.0	-100.0	1	1.0341364776068886	-9.63170345882856	138.0	12	1.05	0.95				
	107	2	115.11937157894738	23.023874315789474	0.0	0.0	1	1.05	-7.948705990293894	138.0	12	1.05	0.95				
	108	1	157.48330031999998	32.23342404210526	0.0	0.0	1	1.0205146279137352	-10.364191648110241	138.0	12	1.05	0.95				
	109	1	161.16712021052632	33.15437901473684	0.0	0.0	1	1.0274074399495319	-6.0656654356788575	138.0	13	1.05	0.95				
	110	1	179.58621966315792	36.83819890526316	0.0	0.0	1	1.05	-7.82000022456627	138.0	13	1.05	0.95				
	111	1	0.0	0.0	0.0	0.0	1	1.0199175834933096	-2.6323022025039657	230.0	13	1.05	0.95				
	112	1	0.0	0.0	0.0	0.0	1	1.019977780596201	-1.623660022008708	230.0	13	1.05	0.95				
	113	3	244.0530677473684	49.73156852210527	0.0	0.0	1	1.02568666152394	-4.4227788027358005e-28	230.0	14	1.05	0.95				
	114	2	178.66526469052633	35.91724393263158	0.0	0.0	1	1.0269044523127484	-0.6558343958584025	230.0	16	1.05	0.95				
	115	2	291.9427263242105	58.941118248421056	0.0	0.0	1	1.0431148479912526	8.309114328111958	230.0	16	1.05	0.95				
	116	2	92.0954972631579	18.41909945263158	0.0	0.0	1	1.0440890319839005	7.783017923949198	230.0	16	1.05	0.95				
	117	1	0.0	0.0	0.0	0.0	1	1.0473323089833453	11.45531646452164	230.0	17	1.05	0.95				
	118	2	306.6780058863158	62.62493813894737	0.0	0.0	1	1.05	12.344706214303597	230.0	17	1.05	0.95				
	119	1	166.6928500463158	34.075333987368424	0.0	0.0	1	1.0394751340619828	6.366850331419238	230.0	15	1.05	0.95				
	120	1	117.88223649684211	23.944829288421055	0.0	0.0	1	1.0432200792076087	6.438108674347217	230.0	15	1.05	0.95				
	121	2	0.0	0.0	0.0	0.0	1	1.05	13.267287116616444	230.0	17	1.05	0.95				
	122	2	0.0	0.0	0.0	0.0	1	1.05	19.680935764111467	230.0	17	1.05	0.95				
	123	2	0.0	0.0	0.0	0.0	1	1.048110865738592	7.147490260117097	230.0	15	1.05	0.95				
	124	1	0.0	0.0	0.0	0.0	1	1.020280340907764	4.027701742956409	230.0	16	1.05	0.95				
	201	2	102.28805287578948	20.836455215438594	0.0	0.0	2	1.05	-13.995124561575222	138.0	21	1.05	0.95				
	202	2	91.86982526807017	18.94223201403509	0.0	0.0	2	1.05	-14.020527400548685	138.0	22	1.05	0.95				
	203	1	170.4800881263158	35.04312922596491	0.0	0.0	2	1.021796523295095	-10.682841976103616	138.0	21	1.05	0.95				
	204	1	70.08625845192982	14.206674010526315	0.0	0.0	2	1.017196008399038	-15.392721395007912	138.0	21	1.05	0.95				
	205	1	67.24492364982456	13.259562409824563	0.0	0.0	2	1.035046172299125	-15.888891506064578	138.0	21	1.05	0.95				
	206	1	128.8071776954386	26.519124819649125	0.0	-100.0	2	1.0305342938944788	-17.827595409833968	138.0	22	1.05	0.95				
	207	2	118.38895008771931	23.67779001754386	0.0	0.0	2	0.95	-26.8177148681173	138.0	22	1.05	0.95				
	208	1	161.95608371999998	33.148906024561406	0.0	0.0	2	0.9512705661031334	-24.349847775551602	138.0	22	1.05	0.95				
	209	1	165.74453012280702	34.09601762526316	0.0	0.0	2	1.021569455051577	-12.691585756654474	138.0	23	1.05	0.95				
	210	1	184.6867621368421	37.88446402807018	0.0	0.0	2	1.0443096778133663	-14.853276661042056	138.0	23	1.05	0.95				
	211	1	0.0	0.0	0.0	0.0	2	1.0301515378325938	-7.363277241806483	230.0	23	1.05	0.95				
	212	1	0.0	0.0	0.0	0.0	2	1.0223289930617159	-3.4777898852821942	230.0	23	1.05	0.95				
	213	2	250.9845741859649	51.14402643789474	0.0	0.0	2	1.05	-2.7112489749444477	230.0	24	1.05	0.95				
	214	2	183.73965053614035	36.93735242736842	0.0	0.0	2	1.05	-5.354805067575001	230.0	26	1.05	0.95				
	215	2	300.23437742245613	60.61514244491229	0.0	0.0	2	1.0445504590497268	3.5611066961178435	230.0	26	1.05	0.95				
	216	2	94.71116007017544	18.94223201403509	0.0	0.0	2	1.0482269544427576	3.3660293364004503	230.0	26	1.05	0.95				
	217	1	0.0	0.0	0.0	0.0	2	1.049745751229023	6.345284608502532	230.0	27	1.05	0.95				
	218	2	315.3881630336842	64.4035888477193	0.0	0.0	2	1.05	6.862863921553634	230.0	27	1.05	0.95				
	219	1	171.42719972701755	35.04312922596491	0.0	0.0	2	1.0414260519339646	3.2426439804259717	230.0	25	1.05	0.95				
	220	1	121.23028488982457	24.624901618245616	0.0	0.0	2	1.0445764191267677	4.908539468950044	230.0	25	1.05	0.95				
	221	2	0.0	0.0	0.0	0.0	2	1.05	7.493543843247814	230.0	27	1.05	0.95				
	222	2	0.0	0.0	0.0	0.0	2	1.05	13.555009044049683	230.0	27	1.05	0.95				
	223	2	0.0	0.0	0.0	0.0	2	1.05	6.505799625373113	230.0	25	1.05	0.95				
	224	1	0.0	0.0	0.0	0.0	2	1.0177548763144022	-1.7196627022432165	230.0	26	1.05	0.95				
	301	2	79.41980387368422	16.178108196491227	0.0	0.0	3	1.005159542055541	-8.41494962551609	138.0	31	1.05	0.95				
	302	2	71.33074977543859	14.707371087719299	0.0	0.0	3	1.005658896067865	-8.568605263738654	138.0	32	1.05	0.95				
	303	1	132.3663397894737	27.208636512280705	0.0	0.0	3	1.0211169644616265	-0.5457149592606195	138.0	31	1.05	0.95				
	304	1	54.41727302456141	11.030528315789475	0.0	0.0	3	0.9999413775251083	-5.797922937867662	138.0	31	1.05	0.95				
	305	1	52.21116736140351	10.29515976140351	0.0	0.0	3	1.0128428113813601	-6.780454193596219	138.0	31	1.05	0.95				
	306	1	100.01012339649125	20.59031952280702	0.0	-100.0	3	1.0244083855522088	-6.663141344489649	138.0	32	1.05	0.95				
	307	2	91.92106929824561	18.384213859649122	0.0	0.0	3	0.9904027359084897	-9.972039480123843	138.0	32	1.05	0.95				
	308	1	125.74802279999999	25.737899403508774	0.0	0.0	3	0.9938487111125848	-7.261264328137126	138.0	32	1.05	0.95				
	309	1	128.68949701754386	26.473267957894738	0.0	0.0	3	1.0235057011451332	-0.5136959552030321	138.0	33	1.05	0.95				
	310	1	143.39686810526317	29.414742175438597	0.0	0.0	3	1.0425797529097047	-2.7514210952079945	138.0	33	1.05	0.95				
	311	1	0.0	0.0	0.0	0.0	3	1.0160748812338662	6.037151155850334	230.0	33	1.05	0.95				
	312	1	0.0	0.0	0.0	0.0	3	1.0178235073358552	6.9610373235825005	230.0	33	1.05	0.95				
	313	2	194.87266691228072	39.70990193684211	0.0	0.0	3	1.046663031902162	14.436894067543234	230.0	34	1.05	0.95				
	314	2	142.66149955087718	28.679373621052633	0.0	0.0	3	1.02373323921445	6.0781559548563004	230.0	36	1.05	0.95				
	315	2	233.11183174035088	47.063587480701756	0.0	0.0	3	1.0429728037110026	6.419656908060116	230.0	36	1.05	0.95				
	316	2	73.53685543859649	14.707371087719299	0.0	0.0	3	1.04109984291337	7.1673057079586675	230.0	36	1.05	0.95				
	317	1	0.0	0.0	0.0	0.0	3	1.0448202685399428	7.96235627270171	230.0	37	1.05	0.95				
	318	2	244.87772861052633	50.005061698245626	0.0	0.0	3	1.0446574461524436	7.469362208376057	230.0	37	1.05	0.95				
	319	1	133.10170834385966	27.208636512280705	0.0	0.0	3	1.0389058674754719	8.526457927683772	230.0	35	1.05	0.95				
	320	1	94.12717496140351	19.11958241403509	0.0	0.0	3	1.0404466218133273	9.720998196144158	230.0	35	1.05	0.95				
	321	2	0.0	0.0	0.0	0.0	3	1.047481141450218	8.804185881875762	230.0	37	1.05	0.95				
	322	2	0.0	0.0	0.0	0.0	3	1.05	14.244651273718794	230.0	37	1.05	0.95				
	323	2	0.0	0.0	0.0	0.0	3	1.0417064518828163	10.19987021620079	230.0	35	1.05	0.95				
	324	1	0.0	0.0	0.0	0.0	3	1.0279925428569323	5.6179647448115535	230.0	36	1.05	0.95				
	325	1	0.0	0.0	0.0	0.0	3	1.042625905427076	10.461975007782716	230.0	35	1.05	0.95				
];
