%% MATPOWER Case Format : Version 2
function mpc = RTS_GMLC
mpc.version = '2';

%%-----  Power Flow Data  -----%%
%% system MVA base
mpc.baseMVA = 100.0;
%% bus data
%    bus_i    type    Pd    Qd    Gs    Bs    area    Vm    Va    baseKV    zone    Vmax    Vmin
mpc.bus = [
	101	2	97.59277584000003	19.880009893333337	0.0	0.0	1	1.0406642608532823	-5.234416695919072	138.0	11	1.05	0.95				
	102	2	87.65277089333334	18.07273626666667	0.0	0.0	1	1.0406565244684052	-5.309106329398925	138.0	12	1.05	0.95				
	103	1	162.65462640000004	33.434562093333334	0.0	0.0	1	1.016327370019466	-5.553968486975638	138.0	11	1.05	0.95				
	104	1	66.86912418666667	13.5545522	0.0	0.0	1	1.0185353320687058	-7.982256254967446	138.0	11	1.05	0.95				
	105	1	64.15821374666668	12.65091538666667	0.0	0.0	1	1.0332586996783937	-8.369684487486865	138.0	11	1.05	0.95				
	106	1	122.89460661333335	25.30183077333334	0.0	-100.0	1	1.0334797256777635	-10.942538473476493	138.0	12	1.05	0.95				
	107	2	112.95460166666669	22.590920333333337	0.0	0.0	1	1.05	-6.739549464906442	138.0	12	1.05	0.95				
	108	1	154.52189508000004	31.62728846666667	0.0	0.0	1	1.0209979551672579	-10.017541844476428	138.0	12	1.05	0.95				
	109	1	158.13644233333335	32.530925280000005	0.0	0.0	1	1.0272754402126363	-7.079041580113425	138.0	13	1.05	0.95				
	110	1	176.20917860000003	36.14547253333334	0.0	0.0	1	1.05	-8.727863177422703	138.0	13	1.05	0.95				
	111	1	0.0	0.0	0.0	0.0	1	1.0205885642125745	-3.2594410585935654	230.0	13	1.05	0.95				
	112	1	0.0	0.0	0.0	0.0	1	1.0199620829926932	-2.07785371449003	230.0	13	1.05	0.95				
	113	3	239.46375553333334	48.796387920000015	0.0	0.0	1	1.0280846810431197	-5.508201799329266e-28	230.0	14	1.05	0.95				
	114	2	175.30554178666668	35.241835720000005	0.0	0.0	1	1.0282380038621688	-1.517069565995279	230.0	16	1.05	0.95				
	115	2	286.4528698266667	57.83275605333335	0.0	0.0	1	1.0431651402451025	6.771154237649851	230.0	16	1.05	0.95				
	116	2	90.36368133333335	18.07273626666667	0.0	0.0	1	1.0444940502941575	6.486892254128902	230.0	16	1.05	0.95				
	117	1	0.0	0.0	0.0	0.0	1	1.0471850180667643	10.00488277662652	230.0	17	1.05	0.95				
	118	2	300.91105884000007	61.447303306666676	0.0	0.0	1	1.0499999959361783	10.569325702522015	230.0	17	1.05	0.95				
	119	1	163.55826321333336	33.434562093333334	0.0	0.0	1	1.039599429492438	5.356468448310903	230.0	15	1.05	0.95				
	120	1	115.6655121066667	23.49455714666667	0.0	0.0	1	1.04348140657044	5.930524217995149	230.0	15	1.05	0.95				
	121	2	0.0	0.0	0.0	0.0	1	1.05	11.430474810767313	230.0	17	1.05	0.95				
	122	2	0.0	0.0	0.0	0.0	1	1.05	20.07545743240948	230.0	17	1.05	0.95				
	123	2	0.0	0.0	0.0	0.0	1	1.0485215979693103	6.901583098647497	230.0	15	1.05	0.95				
	124	1	0.0	0.0	0.0	0.0	1	1.0176293243089616	2.222418879261504	230.0	16	1.05	0.95				
	201	2	93.21013693894737	18.987250117192982	0.0	0.0	2	1.0484141793706399	-9.91515125109615	138.0	21	1.05	0.95				
	202	2	83.71651188035088	17.26113647017544	0.0	0.0	2	1.0498886810118453	-9.949747290263062	138.0	22	1.05	0.95				
	203	1	155.35022823157894	31.933102469824558	0.0	0.0	2	1.0274470829294784	-7.894245264212857	138.0	21	1.05	0.95				
	204	1	63.866204939649116	12.94585235263158	0.0	0.0	2	1.0220883703697679	-11.54952723083694	138.0	21	1.05	0.95				
	205	1	61.2770344691228	12.082795529122807	0.0	0.0	2	1.0382392823165032	-11.897654988772743	138.0	21	1.05	0.95				
	206	1	117.37572799719298	24.165591058245614	0.0	-100.0	2	1.0375591218644702	-13.800706856244874	138.0	22	1.05	0.95				
	207	2	107.88210293859647	21.576420587719298	0.0	0.0	2	0.95	-24.84070772621533	138.0	22	1.05	0.95				
	208	1	147.58271682	30.206988822807013	0.0	0.0	2	0.9550326995557912	-21.386036272210642	138.0	22	1.05	0.95				
	209	1	151.03494411403508	31.070045646315787	0.0	0.0	2	1.027131574907279	-9.40613478505475	138.0	23	1.05	0.95				
	210	1	168.2960805842105	34.52227294035088	0.0	0.0	2	1.05	-11.227915054251051	138.0	23	1.05	0.95				
	211	1	0.0	0.0	0.0	0.0	2	1.0327580688881526	-4.37226946888184	230.0	23	1.05	0.95				
	212	1	0.0	0.0	0.0	0.0	2	1.0270458895502432	-0.5958356540302546	230.0	23	1.05	0.95				
	213	2	228.71005822982454	46.605068469473686	0.0	0.0	2	1.05	0.1652178178043219	230.0	24	1.05	0.95				
	214	2	167.43302376070176	33.6592161168421	0.0	0.0	2	1.05	-2.6602136861797594	230.0	26	1.05	0.95				
	215	2	273.5890130522807	55.2356367045614	0.0	0.0	2	1.0466921759992471	5.159480375870151	230.0	26	1.05	0.95				
	216	2	86.30568235087719	17.26113647017544	0.0	0.0	2	1.049999998288153	5.087672153998631	230.0	26	1.05	0.95				
	217	1	0.0	0.0	0.0	0.0	2	1.05	7.822580109916433	230.0	27	1.05	0.95				
	218	2	287.39792222842107	58.68786399859649	0.0	0.0	2	1.049368973602343	8.526144450097624	230.0	27	1.05	0.95				
	219	1	156.2132850550877	31.933102469824558	0.0	0.0	2	1.0434110948689026	4.86729467480662	230.0	25	1.05	0.95				
	220	1	110.4712734091228	22.43947741122807	0.0	0.0	2	1.0456528055201273	6.287605351204349	230.0	25	1.05	0.95				
	221	2	0.0	0.0	0.0	0.0	2	1.05	9.12667190479793	230.0	27	1.05	0.95				
	222	2	0.0	0.0	0.0	0.0	2	1.05	15.12691416056986	230.0	27	1.05	0.95				
	223	2	0.0	0.0	0.0	0.0	2	1.05	7.691780212319019	230.0	25	1.05	0.95				
	224	1	0.0	0.0	0.0	0.0	2	1.022908747057408	0.30573631989122285	230.0	26	1.05	0.95				
	301	2	89.8405567957895	18.300854162105264	0.0	0.0	3	1.012245974031932	-17.291952025484207	138.0	31	1.05	0.95				
	302	2	80.69012971473684	16.637140147368424	0.0	0.0	3	1.01223075962721	-17.76289039566939	138.0	32	1.05	0.95				
	303	1	149.73426132631582	30.778709272631584	0.0	0.0	3	1.0089145638597377	-11.571310571416987	138.0	31	1.05	0.95				
	304	1	61.55741854526317	12.477855110526317	0.0	0.0	3	0.9976393498728271	-16.314955780420622	138.0	31	1.05	0.95				
	305	1	59.061847523157894	11.645998103157899	0.0	0.0	3	1.0136497740803028	-16.539861370826845	138.0	31	1.05	0.95				
	306	1	113.1325530021053	23.291996206315797	0.0	-100.0	3	1.0200970740968787	-17.049153074701103	138.0	32	1.05	0.95				
	307	2	103.98212592105264	20.79642518421053	0.0	0.0	3	0.9937721215870639	-19.22006016855349	138.0	32	1.05	0.95				
	308	1	142.24754826	29.114995257894737	0.0	0.0	3	0.986351416632183	-18.438906152005554	138.0	32	1.05	0.95				
	309	1	145.5749762894737	29.946852265263164	0.0	0.0	3	1.015764101812745	-11.652262280306335	138.0	33	1.05	0.95				
	310	1	162.21211643684214	33.27428029473685	0.0	0.0	3	1.0385516269666293	-13.065373580572059	138.0	33	1.05	0.95				
	311	1	0.0	0.0	0.0	0.0	3	1.011889350642832	-5.017778862070782	230.0	33	1.05	0.95				
	312	1	0.0	0.0	0.0	0.0	3	1.0114989425866294	-3.9215189292776653	230.0	33	1.05	0.95				
	313	2	220.44210695263163	44.92027839789475	0.0	0.0	3	1.0310311282793694	0.8396213643403263	230.0	34	1.05	0.95				
	314	2	161.38025942947368	32.44242328736843	0.0	0.0	3	1.0248431626122259	-3.015418349978604	230.0	36	1.05	0.95				
	315	2	263.6986713357895	53.23884847157896	0.0	0.0	3	1.046870405893616	0.7329761103290813	230.0	36	1.05	0.95				
	316	2	83.18570073684212	16.637140147368424	0.0	0.0	3	1.043454090536005	0.906045473835152	230.0	36	1.05	0.95				
	317	1	0.0	0.0	0.0	0.0	3	1.0471049891718647	3.0612199798756943	230.0	37	1.05	0.95				
	318	2	277.00838345368425	56.56627650105265	0.0	0.0	3	1.0470365440263663	2.9473262350817166	230.0	37	1.05	0.95				
	319	1	150.56611833368422	30.778709272631584	0.0	0.0	3	1.0394082908197257	1.489277038594523	230.0	35	1.05	0.95				
	320	1	106.47769694315792	21.62828219157895	0.0	0.0	3	1.0408158360049737	2.45154051612967	230.0	35	1.05	0.95				
	321	2	0.0	0.0	0.0	0.0	3	1.05	4.136216100123333	230.0	37	1.05	0.95				
	322	2	0.0	0.0	0.0	0.0	3	1.05	9.489351534082672	230.0	37	1.05	0.95				
	323	2	0.0	0.0	0.0	0.0	3	1.043227634157121	3.195179612667511	230.0	35	1.05	0.95				
	324	1	0.0	0.0	0.0	0.0	3	1.0192016157292774	-2.3193205000551935	230.0	36	1.05	0.95				
	325	1	0.0	0.0	0.0	0.0	3	1.0424086086758804	3.886173849196589	230.0	35	1.05	0.95				
];
