%% MATPOWER Case Format : Version 2
function mpc = RTS_GMLC
mpc.version = '2';

%%-----  Power Flow Data  -----%%
%% system MVA base
mpc.baseMVA = 100.0;
%% bus data
%    bus_i    type    Pd    Qd    Gs    Bs    area    Vm    Va    baseKV    zone    Vmax    Vmin
mpc.bus = [
	101	2	78.28797626526315	15.947550720701756	0.0	0.0	1	1.0308601014672116	-2.4101818464716533	138.0	11	1.05	0.95				
	102	2	70.31420090491228	14.497773382456142	0.0	0.0	1	1.030888046936119	-2.468373313633867	138.0	12	1.05	0.95				
	103	1	130.47996044210527	26.820880757543858	0.0	0.0	1	1.020267075550712	-2.930326926761088	138.0	11	1.05	0.95				
	104	1	53.641761515087715	10.873330036842106	0.0	0.0	1	1.0158241397308414	-5.333440646644187	138.0	11	1.05	0.95				
	105	1	51.46709550771929	10.148441367719299	0.0	0.0	1	1.0307388734728085	-5.36719835990069	138.0	11	1.05	0.95				
	106	1	98.58485900070177	20.296882735438597	0.0	-100.0	1	1.0365019331816296	-7.681226614691077	138.0	12	1.05	0.95				
	107	2	90.61108364035087	18.122216728070175	0.0	0.0	1	1.05	-5.089966950420884	138.0	12	1.05	0.95				
	108	1	123.95596241999999	25.371103419298247	0.0	0.0	1	1.0264055963560859	-7.451116193463525	138.0	12	1.05	0.95				
	109	1	126.85551709649123	26.09599208842105	0.0	0.0	1	1.0267234922261905	-4.7373036598691005	138.0	13	1.05	0.95				
	110	1	141.35329047894737	28.995546764912284	0.0	0.0	1	1.05	-6.06893610965272	138.0	13	1.05	0.95				
	111	1	0.0	0.0	0.0	0.0	1	1.0128789217229213	-1.7542409892842177	230.0	13	1.05	0.95				
	112	1	0.0	0.0	0.0	0.0	1	1.0159164895424078	-0.9366682143967296	230.0	13	1.05	0.95				
	113	3	192.09549731754385	39.14398813263158	0.0	0.0	1	1.0143306398404535	6.225508605193878e-29	230.0	14	1.05	0.95				
	114	2	140.62840180982457	28.270658095789475	0.0	0.0	1	1.0144527539930264	0.4139675632722328	230.0	16	1.05	0.95				
	115	2	229.78970811192983	46.39287482385966	0.0	0.0	1	1.0448224780627613	8.217861029618613	230.0	16	1.05	0.95				
	116	2	72.4888669122807	14.497773382456142	0.0	0.0	1	1.0429362985100958	7.826002299264814	230.0	16	1.05	0.95				
	117	1	0.0	0.0	0.0	0.0	1	1.0470008984051367	10.815649708582711	230.0	17	1.05	0.95				
	118	2	241.38792681789477	49.292429500350885	0.0	0.0	1	1.0491546225227248	11.458043664422531	230.0	17	1.05	0.95				
	119	1	131.20484911122807	26.820880757543858	0.0	0.0	1	1.0373383495227184	6.514593678034173	230.0	15	1.05	0.95				
	120	1	92.78574964771931	18.847105397192983	0.0	0.0	1	1.0389334674927238	6.744170522606084	230.0	15	1.05	0.95				
	121	2	0.0	0.0	0.0	0.0	1	1.05	12.126401788030433	230.0	17	1.05	0.95				
	122	2	0.0	0.0	0.0	0.0	1	1.05	18.132370299696362	230.0	17	1.05	0.95				
	123	2	0.0	0.0	0.0	0.0	1	1.0417725349294056	7.405939901217185	230.0	15	1.05	0.95				
	124	1	0.0	0.0	0.0	0.0	1	1.0216696662020257	4.097331956064579	230.0	16	1.05	0.95				
	201	2	93.66913269473683	19.080749252631577	0.0	0.0	2	1.05	-14.108227011916867	138.0	21	1.05	0.95				
	202	2	84.12875806842104	17.346135684210527	0.0	0.0	2	1.05	-14.157664862622086	138.0	22	1.05	0.95				
	203	1	156.11522115789472	32.09035101578947	0.0	0.0	2	1.023417180385443	-10.386634816663138	138.0	21	1.05	0.95				
	204	1	64.18070203157895	13.009601763157894	0.0	0.0	2	1.0196844887515464	-15.962017888584217	138.0	21	1.05	0.95				
	205	1	61.57878167894736	12.142294978947369	0.0	0.0	2	1.0376979281323009	-16.46235104577338	138.0	21	1.05	0.95				
	206	1	117.95372265263157	24.284589957894738	0.0	-100.0	2	1.0353965362268929	-18.585537361650122	138.0	22	1.05	0.95				
	207	2	108.41334802631577	21.682669605263154	0.0	0.0	2	0.95	-29.156094912803518	138.0	22	1.05	0.95				
	208	1	148.30946009999997	30.355737447368412	0.0	0.0	2	0.9538841329225849	-25.92680164591488	138.0	22	1.05	0.95				
	209	1	151.7786872368421	31.223044231578946	0.0	0.0	2	1.0228945705194346	-13.956845423441303	138.0	23	1.05	0.95				
	210	1	169.1248229210526	34.69227136842105	0.0	0.0	2	1.0475793092780206	-16.16485605246728	138.0	23	1.05	0.95				
	211	1	0.0	0.0	0.0	0.0	2	1.0306679363488325	-8.466795326641593	230.0	23	1.05	0.95				
	212	1	0.0	0.0	0.0	0.0	2	1.0215409170315322	-7.058651235866389	230.0	23	1.05	0.95				
	213	2	229.83629781578944	46.834566347368416	0.0	0.0	2	1.05	-3.9378059307055158	230.0	24	1.05	0.95				
	214	2	168.25751613684207	33.82496458421052	0.0	0.0	2	1.05	-6.1511359179156955	230.0	26	1.05	0.95				
	215	2	274.9362505947368	55.50763418947368	0.0	0.0	2	1.0434044691558226	2.695668223062594	230.0	26	1.05	0.95				
	216	2	86.73067842105262	17.346135684210527	0.0	0.0	2	1.0479196070601877	2.512991558559609	230.0	26	1.05	0.95				
	217	1	0.0	0.0	0.0	0.0	2	1.048848767885018	5.831844202570749	230.0	27	1.05	0.95				
	218	2	288.81315914210523	58.976861326315785	0.0	0.0	2	1.0499999970821896	6.394639944173229	230.0	27	1.05	0.95				
	219	1	156.98252794210526	32.09035101578947	0.0	0.0	2	1.0422597522950554	1.9896344792335294	230.0	25	1.05	0.95				
	220	1	111.01526837894735	22.549976389473684	0.0	0.0	2	1.0453232887543475	3.156663761643271	230.0	25	1.05	0.95				
	221	2	0.0	0.0	0.0	0.0	2	1.05	6.890973670347029	230.0	27	1.05	0.95				
	222	2	0.0	0.0	0.0	0.0	2	1.05	12.987323529414295	230.0	27	1.05	0.95				
	223	2	0.0	0.0	0.0	0.0	2	1.05	4.424495152451021	230.0	25	1.05	0.95				
	224	1	0.0	0.0	0.0	0.0	2	1.0193568943126925	-2.1651442675132544	230.0	26	1.05	0.95				
	301	2	64.77950016	13.195824106666665	0.0	0.0	3	1.0123511449088898	-14.897536634772226	138.0	31	1.05	0.95				
	302	2	58.18158810666666	11.996203733333333	0.0	0.0	3	1.0111191170101357	-15.209434478484347	138.0	32	1.05	0.95				
	303	1	107.96583360000001	22.192976906666665	0.0	0.0	3	1.0281846921136946	-8.442325245300339	138.0	31	1.05	0.95				
	304	1	44.38595381333333	8.9971528	0.0	0.0	3	1.0093413529790105	-13.96404628853237	138.0	31	1.05	0.95				
	305	1	42.58652325333333	8.397342613333333	0.0	0.0	3	1.0232817567983061	-14.722354968199793	138.0	31	1.05	0.95				
	306	1	81.57418538666667	16.794685226666665	0.0	-100.0	3	1.0361732990683434	-15.30592740222233	138.0	32	1.05	0.95				
	307	2	74.97627333333334	14.995254666666666	0.0	0.0	3	1.0053998477082529	-16.89246906676547	138.0	32	1.05	0.95				
	308	1	102.56754192	20.993356533333333	0.0	0.0	3	1.0031160264895105	-16.525471348556763	138.0	32	1.05	0.95				
	309	1	104.96678266666666	21.59316672	0.0	0.0	3	1.0278487397176568	-10.496522457583902	138.0	33	1.05	0.95				
	310	1	116.9629864	23.992407466666666	0.0	0.0	3	1.05	-12.62275097698066	138.0	33	1.05	0.95				
	311	1	0.0	0.0	0.0	0.0	3	1.015685233289523	-6.2983049066117145	230.0	33	1.05	0.95				
	312	1	0.0	0.0	0.0	0.0	3	1.0166015782715079	-5.096393435862358	230.0	33	1.05	0.95				
	313	2	158.94969946666666	32.38975008	0.0	0.0	3	1.023523337783363	-1.8531227654577425	230.0	34	1.05	0.95				
	314	2	116.36317621333332	23.39259728	0.0	0.0	3	1.0210972345661702	-4.927324345289455	230.0	36	1.05	0.95				
	315	2	190.1398291733333	38.387851946666665	0.0	0.0	3	1.0446544839744376	0.8738447539457591	230.0	36	1.05	0.95				
	316	2	59.981018666666664	11.996203733333333	0.0	0.0	3	1.0422657808524565	0.6441626522272164	230.0	36	1.05	0.95				
	317	1	0.0	0.0	0.0	0.0	3	1.0461938064537226	2.6203686884079627	230.0	37	1.05	0.95				
	318	2	199.73679216	40.787092693333335	0.0	0.0	3	1.0470956750446176	2.7625406248998137	230.0	37	1.05	0.95				
	319	1	108.56564378666667	22.192976906666665	0.0	0.0	3	1.0393011369188867	0.7495159695319857	230.0	35	1.05	0.95				
	320	1	76.77570389333333	15.595064853333332	0.0	0.0	3	1.0416038739889713	1.9756713596282358	230.0	35	1.05	0.95				
	321	2	0.0	0.0	0.0	0.0	3	1.0499999669123743	4.044982809831965	230.0	37	1.05	0.95				
	322	2	0.0	0.0	0.0	0.0	3	1.05	9.26056064119029	230.0	37	1.05	0.95				
	323	2	0.0	0.0	0.0	0.0	3	1.0446122429217495	3.090179237681132	230.0	35	1.05	0.95				
	324	1	0.0	0.0	0.0	0.0	3	1.0267564823469661	-2.5927232437016663	230.0	36	1.05	0.95				
	325	1	0.0	0.0	0.0	0.0	3	1.0433703368950942	3.8455282876431958	230.0	35	1.05	0.95				
];
