%% MATPOWER Case Format : Version 2
function mpc = RTS_GMLC
mpc.version = '2';

%%-----  Power Flow Data  -----%%
%% system MVA base
mpc.baseMVA = 100.0;
%% bus data
%    bus_i    type    Pd    Qd    Gs    Bs    area    Vm    Va    baseKV    zone    Vmax    Vmin
mpc.bus = [
	101	2	59.7446808631579	12.170212768421052	0.0	0.0	1	1.030159776016289	-1.2417933707564617	138.0	11	1.05	0.95				
	102	2	53.65957447894737	11.063829789473685	0.0	0.0	1	1.0291217699546085	-1.5603459814255722	138.0	12	1.05	0.95				
	103	1	99.57446810526316	20.468085110526317	0.0	0.0	1	1.0233204446419064	-0.105507896864599	138.0	11	1.05	0.95				
	104	1	40.936170221052635	8.297872342105263	0.0	0.0	1	1.0171281607684672	-4.0690457491615755	138.0	11	1.05	0.95				
	105	1	39.27659575263158	7.74468085263158	0.0	0.0	1	1.03270148711788	-4.135230383056727	138.0	11	1.05	0.95				
	106	1	75.23404256842106	15.48936170526316	0.0	-100.0	1	1.041155351998247	-6.3400059654683245	138.0	12	1.05	0.95				
	107	2	69.14893618421053	13.829787236842106	0.0	0.0	1	0.9983087015951291	-12.876968674557585	138.0	12	1.05	0.95				
	108	1	94.59574470000001	19.361702131578948	0.0	0.0	1	0.9980940031655808	-11.090392228043228	138.0	12	1.05	0.95				
	109	1	96.80851065789474	19.91489362105263	0.0	0.0	1	1.0242009396907867	-3.8666713608905536	138.0	13	1.05	0.95				
	110	1	107.87234044736842	22.12765957894737	0.0	0.0	1	1.05	-5.312699953705164	138.0	13	1.05	0.95				
	111	1	0.0	0.0	0.0	0.0	1	1.012327596942399	-0.7118244551869624	230.0	13	1.05	0.95				
	112	1	0.0	0.0	0.0	0.0	1	1.01335929536616	-1.0176481536811683	230.0	13	1.05	0.95				
	113	3	146.59574471052633	29.87234043157895	0.0	0.0	1	1.0083402565943034	-2.303070523449664e-28	230.0	14	1.05	0.95				
	114	2	107.31914895789474	21.574468089473687	0.0	0.0	1	1.020504856740483	2.5756408330510303	230.0	16	1.05	0.95				
	115	2	175.3617021631579	35.40425532631579	0.0	0.0	1	1.039619469377287	12.07602843406723	230.0	16	1.05	0.95				
	116	2	55.319148947368426	11.063829789473685	0.0	0.0	1	1.0365339409516399	10.595592002477511	230.0	16	1.05	0.95				
	117	1	0.0	0.0	0.0	0.0	1	1.0403843320673396	16.21567247016403	230.0	17	1.05	0.95				
	118	2	184.21276599473686	37.61702128421053	0.0	0.0	1	1.05	16.788800175375492	230.0	17	1.05	0.95				
	119	1	100.12765959473684	20.468085110526317	0.0	0.0	1	1.0299665666731375	7.435730090508038	230.0	15	1.05	0.95				
	120	1	70.80851065263158	14.38297872631579	0.0	0.0	1	1.0305350817453152	5.742575149263247	230.0	15	1.05	0.95				
	121	2	0.0	0.0	0.0	0.0	1	1.05	18.646840873084496	230.0	17	1.05	0.95				
	122	2	0.0	0.0	0.0	0.0	1	1.05	34.70821985951256	230.0	17	1.05	0.95				
	123	2	0.0	0.0	0.0	0.0	1	1.032053354138201	5.230752180797913	230.0	15	1.05	0.95				
	124	1	0.0	0.0	0.0	0.0	1	1.018253696184335	7.535834979008412	230.0	16	1.05	0.95				
	201	2	54.77349285473684	11.157563359298244	0.0	0.0	2	1.019483590256383	-12.69011302854423	138.0	21	1.05	0.95				
	202	2	49.19471117508771	10.143239417543858	0.0	0.0	2	1.0200919175737428	-12.592098681839499	138.0	22	1.05	0.95				
	203	1	91.28915475789474	18.764992922456138	0.0	0.0	2	1.0158910507713028	-11.011285817183415	138.0	21	1.05	0.95				
	204	1	37.529985844912275	7.607429563157894	0.0	0.0	2	1.0141821769688608	-13.516521161115854	138.0	21	1.05	0.95				
	205	1	36.0084999322807	7.1002675922807015	0.0	0.0	2	1.0284782654082414	-13.8709514823178	138.0	21	1.05	0.95				
	206	1	68.97402803929825	14.200535184561403	0.0	-100.0	2	1.0409655449833397	-15.01005159782736	138.0	22	1.05	0.95				
	207	2	63.395246359649114	12.679049271929824	0.0	0.0	2	0.9894486721580151	-22.061136256494812	138.0	22	1.05	0.95				
	208	1	86.72469702	17.750668980701754	0.0	0.0	2	0.9936895149253193	-19.703305059355394	138.0	22	1.05	0.95				
	209	1	88.75334490350878	18.257830951578946	0.0	0.0	2	1.0242546053619948	-12.183287280283128	138.0	23	1.05	0.95				
	210	1	98.89658432105263	20.286478835087717	0.0	0.0	2	1.05	-13.434903769455284	138.0	23	1.05	0.95				
	211	1	0.0	0.0	0.0	0.0	2	1.0115433052403	-8.667362730049106	230.0	23	1.05	0.95				
	212	1	0.0	0.0	0.0	0.0	2	1.0128845351281643	-7.140444164172938	230.0	23	1.05	0.95				
	213	2	134.39792228245614	27.38674642736842	0.0	0.0	2	1.0134203352670657	-6.5558625218754525	230.0	24	1.05	0.95				
	214	2	98.38942235017542	19.779316864210525	0.0	0.0	2	1.0143606980791127	-6.323306711561717	230.0	26	1.05	0.95				
	215	2	160.77034476807015	32.45836613614035	0.0	0.0	2	1.0311675533457796	-0.27700973121357814	230.0	26	1.05	0.95				
	216	2	50.716197087719294	10.143239417543858	0.0	0.0	2	1.0338777691599905	0.05483319324012737	230.0	26	1.05	0.95				
	217	1	0.0	0.0	0.0	0.0	2	1.0360912569628904	1.4969389540589788	230.0	27	1.05	0.95				
	218	2	168.88493630210525	34.48701401964912	0.0	0.0	2	1.0345257543859365	0.7395251648989555	230.0	27	1.05	0.95				
	219	1	91.79631672877193	18.764992922456138	0.0	0.0	2	1.0371948274158074	1.1841122716529595	230.0	25	1.05	0.95				
	220	1	64.9167322722807	13.186211242807017	0.0	0.0	2	1.044353131821765	3.1183602652812357	230.0	25	1.05	0.95				
	221	2	0.0	0.0	0.0	0.0	2	1.035985824152853	1.210556070045087	230.0	27	1.05	0.95				
	222	2	0.0	0.0	0.0	0.0	2	1.05	7.821825754821739	230.0	27	1.05	0.95				
	223	2	0.0	0.0	0.0	0.0	2	1.05	4.541837889674531	230.0	25	1.05	0.95				
	224	1	0.0	0.0	0.0	0.0	2	1.0121795790737749	-4.278940412582044	230.0	26	1.05	0.95				
	301	2	41.37551408842105	8.42834546245614	0.0	0.0	3	1.0127590127117956	9.620512425846387	138.0	31	1.05	0.95				
	302	2	37.16134135719298	7.662132238596492	0.0	0.0	3	1.0125411345855149	9.354871157203272	138.0	32	1.05	0.95				
	303	1	68.95919014736842	14.174944641403508	0.0	0.0	3	1.0452258056241235	19.585130282642126	138.0	31	1.05	0.95				
	304	1	28.349889282807016	5.746599178947368	0.0	0.0	3	1.0132072278400823	10.227417633987987	138.0	31	1.05	0.95				
	305	1	27.200569447017543	5.363492567017544	0.0	0.0	3	1.0267972767389357	8.965886113994786	138.0	31	1.05	0.95				
	306	1	52.102499222456146	10.726985134035088	0.0	-100.0	3	1.0428315436858622	8.118980013888333	138.0	32	1.05	0.95				
	307	2	47.888326491228064	9.577665298245613	0.0	0.0	3	0.9699756007802041	4.452186470280358	138.0	32	1.05	0.95				
	308	1	65.51123064	13.408731417543857	0.0	0.0	3	0.9876892940344321	6.055982632458953	138.0	32	1.05	0.95				
	309	1	67.04365708771928	13.791838029473682	0.0	0.0	3	1.0248549326070215	12.522559774131707	138.0	33	1.05	0.95				
	310	1	74.70578932631578	15.324264477192983	0.0	0.0	3	1.05	9.5467085727326	138.0	33	1.05	0.95				
	311	1	0.0	0.0	0.0	0.0	3	1.0075423755530455	13.754754354280438	230.0	33	1.05	0.95				
	312	1	0.0	0.0	0.0	0.0	3	1.0140215560182195	13.901602867477601	230.0	33	1.05	0.95				
	313	2	101.5232521614035	20.687757044210525	0.0	0.0	3	1.011526485580779	16.230091483891755	230.0	34	1.05	0.95				
	314	2	74.32268271438596	14.941157865263158	0.0	0.0	3	1.0001233076855571	14.41727803366352	230.0	36	1.05	0.95				
	315	2	121.44479598175437	24.51882316350877	0.0	0.0	3	1.0337141130379295	17.799758669955946	230.0	36	1.05	0.95				
	316	2	38.31066119298245	7.662132238596492	0.0	0.0	3	1.0278747866758013	17.59474453585887	230.0	36	1.05	0.95				
	317	1	0.0	0.0	0.0	0.0	3	1.0491181644410992	21.930394860837097	230.0	37	1.05	0.95				
	318	2	127.57450177263156	26.051249611228073	0.0	0.0	3	1.0499998809996487	19.15602638669542	230.0	37	1.05	0.95				
	319	1	69.34229675929824	14.174944641403508	0.0	0.0	3	1.0228914827489717	16.29070816730687	230.0	35	1.05	0.95				
	320	1	49.03764632701754	9.960771910175438	0.0	0.0	3	1.0211913668383927	15.905690792075312	230.0	35	1.05	0.95				
	321	2	0.0	0.0	0.0	0.0	3	1.045208196107116	19.35234707905152	230.0	37	1.05	0.95				
	322	2	0.0	0.0	0.0	0.0	3	1.05	24.704649242877814	230.0	37	1.05	0.95				
	323	2	0.0	0.0	0.0	0.0	3	1.020570783102555	15.993161097973958	230.0	35	1.05	0.95				
	324	1	0.0	0.0	0.0	0.0	3	1.034737981687197	18.48045938866268	230.0	36	1.05	0.95				
	325	1	0.0	0.0	0.0	0.0	3	1.0233478062906232	16.236080941518843	230.0	35	1.05	0.95				
];
