%% MATPOWER Case Format : Version 2
function mpc = RTS_GMLC
mpc.version = '2';

%%-----  Power Flow Data  -----%%
%% system MVA base
mpc.baseMVA = 100.0;
%% bus data
%    bus_i    type    Pd    Qd    Gs    Bs    area    Vm    Va    baseKV    zone    Vmax    Vmin
mpc.bus = [
	101	2	80.09153882526317	16.31494309403509	0.0	0.0	1	1.0313206479409662	-2.870429698979875	138.0	11	1.05	0.95				
	102	2	71.93406727824562	14.831766449122807	0.0	0.0	1	1.031339523917632	-2.9289833547089237	138.0	12	1.05	0.95				
	103	1	133.48589804210528	27.438767930877194	0.0	0.0	1	1.0197797619926756	-3.284085577751198	138.0	11	1.05	0.95				
	104	1	54.87753586175439	11.123824836842106	0.0	0.0	1	1.0157467992089215	-5.718137021466522	138.0	11	1.05	0.95				
	105	1	52.65277089438596	10.382236514385966	0.0	0.0	1	1.0307841603024963	-5.76629076866943	138.0	11	1.05	0.95				
	106	1	100.8560118540351	20.76447302877193	0.0	-100.0	1	1.0361598846442561	-8.061308013977843	138.0	12	1.05	0.95				
	107	2	92.69854030701754	18.53970806140351	0.0	0.0	1	1.05	-5.039650302521675	138.0	12	1.05	0.95				
	108	1	126.81160313999999	25.955591285964914	0.0	0.0	1	1.0258972486525222	-7.588434701606463	138.0	12	1.05	0.95				
	109	1	129.77795642982457	26.697179608421052	0.0	0.0	1	1.026771837065108	-4.993586945366324	138.0	13	1.05	0.95				
	110	1	144.60972287894737	29.663532898245613	0.0	0.0	1	1.05	-6.3548665415742445	138.0	13	1.05	0.95				
	111	1	0.0	0.0	0.0	0.0	1	1.0136897919915802	-1.9164999801623936	230.0	13	1.05	0.95				
	112	1	0.0	0.0	0.0	0.0	1	1.0162684015909405	-1.0348701396737818	230.0	13	1.05	0.95				
	113	3	196.5209054508772	40.045769412631586	0.0	0.0	1	1.0156560974023365	-1.2531906017778585e-28	230.0	14	1.05	0.95				
	114	2	143.86813455649124	28.921944575789478	0.0	0.0	1	1.0159808891277131	0.20880313628502536	230.0	16	1.05	0.95				
	115	2	235.08349821859647	47.461652637192984	0.0	0.0	1	1.044979493623381	8.036588126625121	230.0	16	1.05	0.95				
	116	2	74.15883224561404	14.831766449122807	0.0	0.0	1	1.0434509229781013	7.67066783640325	230.0	16	1.05	0.95				
	117	1	0.0	0.0	0.0	0.0	1	1.0471989256774425	10.667098603518854	230.0	17	1.05	0.95				
	118	2	246.94891137789475	50.42800592701755	0.0	0.0	1	1.0492354798177068	11.303625197813634	230.0	17	1.05	0.95				
	119	1	134.2274863645614	27.438767930877194	0.0	0.0	1	1.0378992326000065	6.436033307537179	230.0	15	1.05	0.95				
	120	1	94.92330527438597	19.28129638385965	0.0	0.0	1	1.0396959181071612	6.762372795162716	230.0	15	1.05	0.95				
	121	2	0.0	0.0	0.0	0.0	1	1.05	12.004497522489837	230.0	17	1.05	0.95				
	122	2	0.0	0.0	0.0	0.0	1	1.05	18.062853808273502	230.0	17	1.05	0.95				
	123	2	0.0	0.0	0.0	0.0	1	1.0427489369568246	7.488275058548603	230.0	15	1.05	0.95				
	124	1	0.0	0.0	0.0	0.0	1	1.0213621588485822	3.8544158602669993	230.0	16	1.05	0.95				
	201	2	91.73115064421053	18.68597513122807	0.0	0.0	2	1.05	-12.986761623263842	138.0	21	1.05	0.95				
	202	2	82.38816307859649	16.987250119298245	0.0	0.0	2	1.05	-13.027724408268389	138.0	22	1.05	0.95				
	203	1	152.8852510736842	31.42641272070175	0.0	0.0	2	1.025051410279541	-9.656350804262402	138.0	21	1.05	0.95				
	204	1	62.8528254414035	12.740437589473682	0.0	0.0	2	1.0207829744327461	-14.893348247979649	138.0	21	1.05	0.95				
	205	1	60.30473792350877	11.891075083508774	0.0	0.0	2	1.0385281507147186	-15.355319731675438	138.0	21	1.05	0.95				
	206	1	115.51330081122808	23.782150167017548	0.0	-100.0	2	1.036861043619358	-17.46684608609964	138.0	22	1.05	0.95				
	207	2	106.17031324561404	21.234062649122805	0.0	0.0	2	0.95	-28.47735757997537	138.0	22	1.05	0.95				
	208	1	145.24098852	29.727687708771928	0.0	0.0	2	0.9546949152528962	-25.040746717422817	138.0	22	1.05	0.95				
	209	1	148.63843854385965	30.57705021473684	0.0	0.0	2	1.0241831027164876	-13.017554060511722	138.0	23	1.05	0.95				
	210	1	165.6256886631579	33.97450023859649	0.0	0.0	2	1.0487582288468251	-15.1313087724048	138.0	23	1.05	0.95				
	211	1	0.0	0.0	0.0	0.0	2	1.0312203903069919	-7.567138957238288	230.0	23	1.05	0.95				
	212	1	0.0	0.0	0.0	0.0	2	1.0224025162940127	-6.176702002866275	230.0	23	1.05	0.95				
	213	2	225.0810640807017	45.865575322105265	0.0	0.0	2	1.05	-3.0472132306247115	230.0	24	1.05	0.95				
	214	2	164.77632615719298	33.12513773263158	0.0	0.0	2	1.05	-5.315747842019192	230.0	26	1.05	0.95				
	215	2	269.24791439087716	54.35920038175438	0.0	0.0	2	1.044094720737325	3.264335528279638	230.0	26	1.05	0.95				
	216	2	84.93625059649122	16.987250119298245	0.0	0.0	2	1.0485300166514038	3.136026156951778	230.0	26	1.05	0.95				
	217	1	0.0	0.0	0.0	0.0	2	1.049167663184039	6.373147005974159	230.0	27	1.05	0.95				
	218	2	282.8377144863158	57.75665040561404	0.0	0.0	2	1.05	6.976522538124809	230.0	27	1.05	0.95				
	219	1	153.73461357964914	31.42641272070175	0.0	0.0	2	1.0427925650123568	2.6549059797592296	230.0	25	1.05	0.95				
	220	1	108.71840076350875	22.083425155087717	0.0	0.0	2	1.0455686787783678	3.8241022123324124	230.0	25	1.05	0.95				
	221	2	0.0	0.0	0.0	0.0	2	1.05	7.467250608661669	230.0	27	1.05	0.95				
	222	2	0.0	0.0	0.0	0.0	2	1.05	13.549911103152715	230.0	27	1.05	0.95				
	223	2	0.0	0.0	0.0	0.0	2	1.05	5.080574718857556	230.0	25	1.05	0.95				
	224	1	0.0	0.0	0.0	0.0	2	1.0206162837339492	-1.540443993790091	230.0	26	1.05	0.95				
	301	2	79.6418854863158	16.22334704350877	0.0	0.0	3	1.0182337914870567	-19.464003667717662	138.0	31	1.05	0.95				
	302	2	71.5302119645614	14.748497312280703	0.0	0.0	3	1.0166358921902692	-19.891399326544292	138.0	32	1.05	0.95				
	303	1	132.73647581052631	27.2847200277193	0.0	0.0	3	1.019472716178458	-13.1983315169093	138.0	31	1.05	0.95				
	304	1	54.5694400554386	11.061372984210525	0.0	0.0	3	1.0086120937099532	-18.604910197143703	138.0	31	1.05	0.95				
	305	1	52.35716545859649	10.323948118596492	0.0	0.0	3	1.0242352544523643	-19.290117311376186	138.0	31	1.05	0.95				
	306	1	100.28978172350878	20.647896237192985	0.0	-100.0	3	1.033347320371583	-20.01042121002577	138.0	32	1.05	0.95				
	307	2	92.17810820175438	18.435621640350877	0.0	0.0	3	1.0110393428532365	-21.836269110481055	138.0	32	1.05	0.95				
	308	1	126.09965202	25.809870296491226	0.0	0.0	3	1.0017660457171547	-21.542856756110325	138.0	32	1.05	0.95				
	309	1	129.04935148245613	26.54729516210526	0.0	0.0	3	1.0275942635047466	-14.540158270461676	138.0	33	1.05	0.95				
	310	1	143.79784879473684	29.496994624561406	0.0	0.0	3	1.05	-16.757045911453435	138.0	33	1.05	0.95				
	311	1	0.0	0.0	0.0	0.0	3	1.024147463346146	-9.136199756873047	230.0	33	1.05	0.95				
	312	1	0.0	0.0	0.0	0.0	3	1.0188082942911245	-7.718361369619122	230.0	33	1.05	0.95				
	313	2	195.4175893877193	39.8209427431579	0.0	0.0	3	1.03813266650762	-4.399930574970387	230.0	34	1.05	0.95				
	314	2	143.0604239291228	28.759569758947368	0.0	0.0	3	1.03807629252241	-6.933374056608188	230.0	36	1.05	0.95				
	315	2	233.76368239964913	47.195191399298245	0.0	0.0	3	1.0498248033734334	0.48464512348737343	230.0	36	1.05	0.95				
	316	2	73.74248656140351	14.748497312280703	0.0	0.0	3	1.0490355818888268	0.686735499212128	230.0	36	1.05	0.95				
	317	1	0.0	0.0	0.0	0.0	3	1.049218250085087	2.7459918995750794	230.0	37	1.05	0.95				
	318	2	245.56248024947368	50.14489086175439	0.0	0.0	3	1.048034269059495	2.778047634541091	230.0	37	1.05	0.95				
	319	1	133.47390067614035	27.2847200277193	0.0	0.0	3	1.0441022048854116	0.7114632908550373	230.0	35	1.05	0.95				
	320	1	94.39038279859649	19.173046505964912	0.0	0.0	3	1.046303180415879	2.111547254644617	230.0	35	1.05	0.95				
	321	2	0.0	0.0	0.0	0.0	3	1.05	3.940701191281854	230.0	37	1.05	0.95				
	322	2	0.0	0.0	0.0	0.0	3	1.05	9.247714447917666	230.0	37	1.05	0.95				
	323	2	0.0	0.0	0.0	0.0	3	1.05	3.4150774810665454	230.0	35	1.05	0.95				
	324	1	0.0	0.0	0.0	0.0	3	1.0209566869346072	-4.552909074613173	230.0	36	1.05	0.95				
	325	1	0.0	0.0	0.0	0.0	3	1.0484830561807537	4.127493669882816	230.0	35	1.05	0.95				
];

%% generator data
%    bus    Pg    Qg    Qmax    Qmin    Vg    mBase    status    Pmax    Pmin    Pc1    Pc2    Qc1min    Qc1max    Qc2min    Qc2max    ramp_agc    ramp_10    ramp_30    ramp_q    apf
