%% MATPOWER Case Format : Version 2
function mpc = RTS_GMLC
mpc.version = '2';

%%-----  Power Flow Data  -----%%
%% system MVA base
mpc.baseMVA = 100.0;
%% bus data
%    bus_i    type    Pd    Qd    Gs    Bs    area    Vm    Va    baseKV    zone    Vmax    Vmin
mpc.bus = [
	101	2	93.59821872000002	19.066303813333334	0.0	0.0	1	1.044340803991676	-1.361555979707556	138.0	11	1.05	0.95				
	102	2	84.06506681333333	17.333003466666668	0.0	0.0	1	1.0441010867543605	-1.531671298980272	138.0	12	1.05	0.95				
	103	1	155.9970312	32.066056413333335	0.0	0.0	1	1.0211712084705975	-2.2412129488111776	138.0	11	1.05	0.95				
	104	1	64.13211282666667	12.9997526	0.0	0.0	1	1.0212775671124907	-5.024392322451017	138.0	11	1.05	0.95				
	105	1	61.53216230666667	12.13310242666667	0.0	0.0	1	1.0349398437126147	-5.468303701682554	138.0	11	1.05	0.95				
	106	1	117.86442357333335	24.26620485333334	0.0	-100.0	1	1.0347504466848618	-8.569596041727586	138.0	12	1.05	0.95				
	107	2	108.33127166666668	21.666254333333335	0.0	0.0	1	1.05	-7.612814917650519	138.0	12	1.05	0.95				
	108	1	148.19717964	30.332756066666665	0.0	0.0	1	1.0220985867977783	-9.651700135437247	138.0	12	1.05	0.95				
	109	1	151.66378033333334	31.19940624	0.0	0.0	1	1.0271588312370836	-5.277465859953389	138.0	13	1.05	0.95				
	110	1	168.9967838	34.666006933333335	0.0	0.0	1	1.05	-6.956958708258678	138.0	13	1.05	0.95				
	111	1	0.0	0.0	0.0	0.0	1	1.0179867458278127	-2.060701793583532	230.0	13	1.05	0.95				
	112	1	0.0	0.0	0.0	0.0	1	1.0194059862961782	-1.2697000472756395	230.0	13	1.05	0.95				
	113	3	229.66229593333333	46.79910936000001	0.0	0.0	1	1.0226208046042962	2.017750528116858e-30	230.0	14	1.05	0.95				
	114	2	168.13013362666666	33.79935676	0.0	0.0	1	1.0231443103895657	0.18771191555735464	230.0	16	1.05	0.95				
	115	2	274.7281049466667	55.46561109333334	0.0	0.0	1	1.0433888409384495	9.323498730164811	230.0	16	1.05	0.95				
	116	2	86.66501733333334	17.333003466666668	0.0	0.0	1	1.0436732151870818	8.64944961752443	230.0	16	1.05	0.95				
	117	1	0.0	0.0	0.0	0.0	1	1.0472425915020733	12.37067976085565	230.0	17	1.05	0.95				
	118	2	288.59450772	58.93221178666668	0.0	0.0	1	1.05	13.344788424206852	230.0	17	1.05	0.95				
	119	1	156.86368137333335	32.066056413333335	0.0	0.0	1	1.0389375749489578	6.917392675388794	230.0	15	1.05	0.95				
	120	1	110.93122218666667	22.532904506666668	0.0	0.0	1	1.0422715323880816	6.675134390980182	230.0	15	1.05	0.95				
	121	2	0.0	0.0	0.0	0.0	1	1.05	14.279762668515117	230.0	17	1.05	0.95				
	122	2	0.0	0.0	0.0	0.0	1	1.05	20.146234506594023	230.0	17	1.05	0.95				
	123	2	0.0	0.0	0.0	0.0	1	1.0466214017647477	7.175766479797849	230.0	15	1.05	0.95				
	124	1	0.0	0.0	0.0	0.0	1	1.0205873157400494	5.038294183289901	230.0	16	1.05	0.95				
	201	2	104.66803083789473	21.321265541052632	0.0	0.0	2	1.05	-18.3277771507871	138.0	21	1.05	0.95				
	202	2	94.00739806736841	19.38296867368421	0.0	0.0	2	1.05	-18.39819542885968	138.0	22	1.05	0.95				
	203	1	174.44671806315787	35.85849204631579	0.0	0.0	2	1.0167413492382131	-13.317071565008158	138.0	21	1.05	0.95				
	204	1	71.71698409263158	14.537226505263156	0.0	0.0	2	1.0138799908105194	-19.772833577647408	138.0	21	1.05	0.95				
	205	1	68.80953879157894	13.568078071578949	0.0	0.0	2	1.0327873381950674	-20.41661937648165	138.0	21	1.05	0.95				
	206	1	131.80418698105262	27.136156143157898	0.0	-100.0	2	1.0267439770751323	-22.501598934780898	138.0	22	1.05	0.95				
	207	2	121.14355421052632	24.22871084210526	0.0	0.0	2	0.950941758319553	-30.338370098001523	138.0	22	1.05	0.95				
	208	1	165.72438215999998	33.92019517894737	0.0	0.0	2	0.95	-28.3888288284383	138.0	22	1.05	0.95				
	209	1	169.60097589473682	34.88934361263157	0.0	0.0	2	1.0165223225131363	-16.958580146295446	138.0	23	1.05	0.95				
	210	1	188.98394456842104	38.76593734736842	0.0	0.0	2	1.0404652640818937	-19.504626363162956	138.0	23	1.05	0.95				
	211	1	0.0	0.0	0.0	0.0	2	1.0272760606089015	-10.980502594786168	230.0	23	1.05	0.95				
	212	1	0.0	0.0	0.0	0.0	2	1.015567809199597	-9.29046243298487	230.0	23	1.05	0.95				
	213	2	256.82433492631577	52.33401541894737	0.0	0.0	2	1.05	-6.107346934846547	230.0	24	1.05	0.95				
	214	2	188.01479613473683	37.79678891368421	0.0	0.0	2	1.05	-8.402454776031107	230.0	26	1.05	0.95				
	215	2	307.2200534778947	62.02549975578947	0.0	0.0	2	1.0425454779962673	1.6938770727344818	230.0	26	1.05	0.95				
	216	2	96.91484336842105	19.38296867368421	0.0	0.0	2	1.046431672555354	1.3016055921177718	230.0	26	1.05	0.95				
	217	1	0.0	0.0	0.0	0.0	2	1.0488517482230366	4.682106412695162	230.0	27	1.05	0.95				
	218	2	322.72642841684205	65.90209349052631	0.0	0.0	2	1.05	5.102989386691614	230.0	27	1.05	0.95				
	219	1	175.41586649684209	35.85849204631579	0.0	0.0	2	1.0402395966024327	0.9624393295577118	230.0	25	1.05	0.95				
	220	1	124.05099951157894	25.197859275789476	0.0	0.0	2	1.0441455202457173	2.484392449046138	230.0	25	1.05	0.95				
	221	2	0.0	0.0	0.0	0.0	2	1.05	5.700714560731905	230.0	27	1.05	0.95				
	222	2	0.0	0.0	0.0	0.0	2	1.05	11.812983284204494	230.0	27	1.05	0.95				
	223	2	0.0	0.0	0.0	0.0	2	1.05	4.017892478048314	230.0	25	1.05	0.95				
	224	1	0.0	0.0	0.0	0.0	2	1.0134824727368485	-3.856690649479393	230.0	26	1.05	0.95				
	301	2	72.63777285473685	14.796583359298246	0.0	0.0	3	1.0033203477589165	-3.7241654727910625	138.0	31	1.05	0.95				
	302	2	65.23948117508772	13.451439417543861	0.0	0.0	3	1.003379299247637	-3.8238684719912603	138.0	32	1.05	0.95				
	303	1	121.06295475789474	24.885162922456143	0.0	0.0	3	1.0186540641930715	1.7710696945096798	138.0	31	1.05	0.95				
	304	1	49.770325844912286	10.088579563157895	0.0	0.0	3	1.0031656010500014	-1.4823756300862063	138.0	31	1.05	0.95				
	305	1	47.7526099322807	9.416007592280703	0.0	0.0	3	1.0164083100229853	-1.8766770699335704	138.0	31	1.05	0.95				
	306	1	91.46978803929825	18.832015184561406	0.0	-100.0	3	1.031564023587645	-1.5826843207202717	138.0	32	1.05	0.95				
	307	2	84.07149635964912	16.814299271929826	0.0	0.0	3	0.9967639286439528	-5.459676243098205	138.0	32	1.05	0.95				
	308	1	115.00980702000001	23.540018980701756	0.0	0.0	3	1.0010654608643554	-2.8452925844107892	138.0	32	1.05	0.95				
	309	1	117.70009490350877	24.212590951578946	0.0	0.0	3	1.0276706205379404	3.16638536593536	138.0	33	1.05	0.95				
	310	1	131.15153432105265	26.902878835087723	0.0	0.0	3	1.05	2.1229509169597556	138.0	33	1.05	0.95				
	311	1	0.0	0.0	0.0	0.0	3	1.018984574214854	9.476082841015735	230.0	33	1.05	0.95				
	312	1	0.0	0.0	0.0	0.0	3	1.0218433172847285	10.425705933252758	230.0	33	1.05	0.95				
	313	2	178.23157228245614	36.318886427368426	0.0	0.0	3	1.0429221201226908	16.874086046827433	230.0	34	1.05	0.95				
	314	2	130.47896235017544	26.23030686421053	0.0	0.0	3	1.0240088844399517	9.661789570680666	230.0	36	1.05	0.95				
	315	2	213.2053147680702	43.04460613614035	0.0	0.0	3	1.0401496625360556	8.548528236108238	230.0	36	1.05	0.95				
	316	2	67.2571970877193	13.451439417543861	0.0	0.0	3	1.039301401396674	9.33954991425229	230.0	36	1.05	0.95				
	317	1	0.0	0.0	0.0	0.0	3	1.0439144047701667	9.669575850167767	230.0	37	1.05	0.95				
	318	2	223.96646630210526	45.734894019649126	0.0	0.0	3	1.044184397332373	8.999812092876539	230.0	37	1.05	0.95				
	319	1	121.73552672877194	24.885162922456143	0.0	0.0	3	1.0370626854632636	10.547434361788556	230.0	35	1.05	0.95				
	320	1	86.0892122722807	17.48687124280702	0.0	0.0	3	1.0378315085056857	11.532714486762925	230.0	35	1.05	0.95				
	321	2	0.0	0.0	0.0	0.0	3	1.0462608623444931	10.544024702847386	230.0	37	1.05	0.95				
	322	2	0.0	0.0	0.0	0.0	3	1.05	15.96974906678576	230.0	37	1.05	0.95				
	323	2	0.0	0.0	0.0	0.0	3	1.039082040094342	12.148798348139414	230.0	35	1.05	0.95				
	324	1	0.0	0.0	0.0	0.0	3	1.0255586098313567	7.865305466762334	230.0	36	1.05	0.95				
	325	1	0.0	0.0	0.0	0.0	3	1.0404421324874487	12.334024408418832	230.0	35	1.05	0.95				
];

%% generator data
%    bus    Pg    Qg    Qmax    Qmin    Vg    mBase    status    Pmax    Pmin    Pc1    Pc2    Qc1min    Qc1max    Qc2min    Qc2max    ramp_agc    ramp_10    ramp_30    ramp_q    apf
