%% MATPOWER Case Format : Version 2
function mpc = RTS_GMLC
mpc.version = '2';

%%-----  Power Flow Data  -----%%
%% system MVA base
mpc.baseMVA = 100.0;
%% bus data
%    bus_i    type    Pd    Qd    Gs    Bs    area    Vm    Va    baseKV    zone    Vmax    Vmin
mpc.bus = [
	101	2	86.04997525894737	17.528698663859647	0.0	0.0	1	1.049999998565105	0.6547822072949132	138.0	11	1.05	0.95				
	102	2	77.28562592701753	15.935180603508769	0.0	0.0	1	1.0499266263374838	0.5075833390539536	138.0	12	1.05	0.95				
	103	1	143.41662543157895	29.480084116491224	0.0	0.0	1	1.026168295734408	-1.7567539284017248	138.0	11	1.05	0.95				
	104	1	58.96016823298245	11.951385452631577	0.0	0.0	1	1.0253832046732065	-3.3611418856091264	138.0	11	1.05	0.95				
	105	1	56.56989114245613	11.15462642245614	0.0	0.0	1	1.0384749446760746	-3.724445708863047	138.0	11	1.05	0.95				
	106	1	108.35922810385965	22.30925284491228	0.0	-100.0	1	1.037972604073984	-6.920598946229449	138.0	12	1.05	0.95				
	107	2	99.59487877192981	19.91897575438596	0.0	0.0	1	1.0440428800291361	-4.978438529841456	138.0	12	1.05	0.95				
	108	1	136.24579415999997	27.886566056140342	0.0	0.0	1	1.020813719353331	-7.481781436414037	138.0	12	1.05	0.95				
	109	1	139.43283028070172	28.683325086315786	0.0	0.0	1	1.027152386356946	-4.379109485348337	138.0	13	1.05	0.95				
	110	1	155.3680108842105	31.870361207017538	0.0	0.0	1	1.05	-5.744269216717835	138.0	13	1.05	0.95				
	111	1	0.0	0.0	0.0	0.0	1	1.0136977724768186	-1.9800212329908125	230.0	13	1.05	0.95				
	112	1	0.0	0.0	0.0	0.0	1	1.0168372876100475	-1.165854390744796	230.0	13	1.05	0.95				
	113	3	211.1411429964912	43.024987629473685	0.0	0.0	1	1.0148854535550886	-5.06405097081724e-28	230.0	14	1.05	0.95				
	114	2	154.57125185403507	31.0736021768421	0.0	0.0	1	1.0142799090239525	-0.5775099773477094	230.0	16	1.05	0.95				
	115	2	252.57261256561398	50.99257793122807	0.0	0.0	1	1.0437629971449875	6.944504293921762	230.0	16	1.05	0.95				
	116	2	79.67590301754385	15.935180603508769	0.0	0.0	1	1.040962627641149	6.246280277854455	230.0	16	1.05	0.95				
	117	1	0.0	0.0	0.0	0.0	1	1.0452059375383063	9.0362656491835	230.0	17	1.05	0.95				
	118	2	265.320757048421	54.179614051929825	0.0	0.0	1	1.0471822490792617	9.504400236979775	230.0	17	1.05	0.95				
	119	1	144.21338446175437	29.480084116491224	0.0	0.0	1	1.0341528088140208	4.936258341662191	230.0	15	1.05	0.95				
	120	1	101.98515586245614	20.715734784561402	0.0	0.0	1	1.0345992145159824	4.889952838672955	230.0	15	1.05	0.95				
	121	2	0.0	0.0	0.0	0.0	1	1.05	11.171861035465142	230.0	17	1.05	0.95				
	122	2	0.0	0.0	0.0	0.0	1	1.05	16.84559308135803	230.0	17	1.05	0.95				
	123	2	0.0	0.0	0.0	0.0	1	1.037104120786207	5.457889040062762	230.0	15	1.05	0.95				
	124	1	0.0	0.0	0.0	0.0	1	1.0261480803790426	3.712497489330378	230.0	16	1.05	0.95				
	201	2	82.48323626526317	16.802140720701754	0.0	0.0	2	1.039877840976254	-12.306886541586266	138.0	21	1.05	0.95				
	202	2	74.08216590491227	15.274673382456141	0.0	0.0	2	1.0401698387638392	-12.38734440551573	138.0	22	1.05	0.95				
	203	1	137.47206044210526	28.25814575754386	0.0	0.0	2	1.0254142280984453	-9.316191707161893	138.0	21	1.05	0.95				
	204	1	56.51629151508772	11.456005036842106	0.0	0.0	2	1.0190306064224341	-13.79242556118087	138.0	21	1.05	0.95				
	205	1	54.2250905077193	10.6922713677193	0.0	0.0	2	1.0352520031009274	-14.213472527723804	138.0	21	1.05	0.95				
	206	1	103.86777900070176	21.3845427354386	0.0	-100.0	2	1.038174785506848	-16.000709193212092	138.0	22	1.05	0.95				
	207	2	95.46670864035089	19.093341728070175	0.0	0.0	2	0.9558932561072776	-27.393118439263407	138.0	22	1.05	0.95				
	208	1	130.59845742	26.730678419298243	0.0	0.0	2	0.9614588048732652	-23.563448442255076	138.0	22	1.05	0.95				
	209	1	133.65339209649122	27.494412088421054	0.0	0.0	2	1.0259459275817346	-11.859329922776892	138.0	23	1.05	0.95				
	210	1	148.92806547894736	30.549346764912283	0.0	0.0	2	1.05	-13.752519061406472	138.0	23	1.05	0.95				
	211	1	0.0	0.0	0.0	0.0	2	1.0284961066449254	-8.22091326335457	230.0	23	1.05	0.95				
	212	1	0.0	0.0	0.0	0.0	2	1.0250470515566545	-3.4108749905620996	230.0	23	1.05	0.95				
	213	2	202.38942231754385	41.24161813263159	0.0	0.0	2	1.0381719767069448	-5.564592851344901	230.0	24	1.05	0.95				
	214	2	148.16433180982455	29.785613095789476	0.0	0.0	2	1.0423334978312353	-6.107647659682736	230.0	26	1.05	0.95				
	215	2	242.10357311192982	48.87895482385965	0.0	0.0	2	1.0432500199467927	1.67681834304381	230.0	26	1.05	0.95				
	216	2	76.3733669122807	15.274673382456141	0.0	0.0	2	1.0451229283353034	1.6104284205280286	230.0	26	1.05	0.95				
	217	1	0.0	0.0	0.0	0.0	2	1.0464335768416357	4.139390059826964	230.0	27	1.05	0.95				
	218	2	254.32331181789473	51.93388950035088	0.0	0.0	2	1.0470958011412375	4.391362179533291	230.0	27	1.05	0.95				
	219	1	138.23579411122807	28.25814575754386	0.0	0.0	2	1.0414894342715337	1.77325778145645	230.0	25	1.05	0.95				
	220	1	97.7579096477193	19.857075397192983	0.0	0.0	2	1.0452218658410453	3.3473269369152887	230.0	25	1.05	0.95				
	221	2	0.0	0.0	0.0	0.0	2	1.047352397973717	4.358254739018337	230.0	27	1.05	0.95				
	222	2	0.0	0.0	0.0	0.0	2	1.05	10.782101932619296	230.0	27	1.05	0.95				
	223	2	0.0	0.0	0.0	0.0	2	1.05	4.762781793601616	230.0	25	1.05	0.95				
	224	1	0.0	0.0	0.0	0.0	2	1.0228236829539268	-2.412595642746957	230.0	26	1.05	0.95				
	301	2	71.85194560421053	14.636507437894736	0.0	0.0	3	1.000037906282127	-2.3151353093856306	138.0	31	1.05	0.95				
	302	2	64.53369188526315	13.305915852631578	0.0	0.0	3	0.9999112227150565	-2.41372962514062	138.0	32	1.05	0.95				
	303	1	119.75324267368421	24.615944327368418	0.0	0.0	3	1.0209260821701724	3.1230086439527973	138.0	31	1.05	0.95				
	304	1	49.231888654736835	9.979436889473684	0.0	0.0	3	1.0022573558329109	-0.11846695217364502	138.0	31	1.05	0.95				
	305	1	47.236001276842096	9.314141096842105	0.0	0.0	3	1.014897849057803	-0.5297218839763643	138.0	31	1.05	0.95				
	306	1	90.48022779789474	18.62828219368421	0.0	-100.0	3	1.030963868135463	-0.2655420393513591	138.0	32	1.05	0.95				
	307	2	83.16197407894737	16.63239481578947	0.0	0.0	3	0.9933280935433249	-5.022770266465669	138.0	32	1.05	0.95				
	308	1	113.76558053999999	23.28535274210526	0.0	0.0	3	0.9991952156359669	-1.9581638125822638	138.0	32	1.05	0.95				
	309	1	116.42676371052632	23.95064853473684	0.0	0.0	3	1.0284913916485898	4.456073595827	138.0	33	1.05	0.95				
	310	1	129.7326795631579	26.611831705263157	0.0	0.0	3	1.05	3.3822236089591486	138.0	33	1.05	0.95				
	311	1	0.0	0.0	0.0	0.0	3	1.0194865408975953	10.48769484788738	230.0	33	1.05	0.95				
	312	1	0.0	0.0	0.0	0.0	3	1.0232821183780687	11.592126276375433	230.0	33	1.05	0.95				
	313	2	176.3033850473684	35.925972802105264	0.0	0.0	3	1.0453212573963495	18.315608686123763	230.0	34	1.05	0.95				
	314	2	129.0673837705263	25.946535912631578	0.0	0.0	3	1.0229727442869883	10.02254297868724	230.0	36	1.05	0.95				
	315	2	210.8987662642105	42.57893072842105	0.0	0.0	3	1.0372181531845586	7.271725110727447	230.0	36	1.05	0.95				
	316	2	66.52957926315788	13.305915852631578	0.0	0.0	3	1.0377518513194923	8.444340449569097	230.0	36	1.05	0.95				
	317	1	0.0	0.0	0.0	0.0	3	1.0415411307897036	8.076626102808754	230.0	37	1.05	0.95				
	318	2	221.54349894631576	45.24011389894737	0.0	0.0	3	1.0405180815522412	7.267343354860111	230.0	37	1.05	0.95				
	319	1	120.41853846631578	24.615944327368418	0.0	0.0	3	1.0369357339775434	10.304324736783013	230.0	35	1.05	0.95				
	320	1	85.1578614568421	17.29769060842105	0.0	0.0	3	1.0390322049702372	11.742745866229955	230.0	35	1.05	0.95				
	321	2	0.0	0.0	0.0	0.0	3	1.0419583013784597	8.356578954899074	230.0	37	1.05	0.95				
	322	2	0.0	0.0	0.0	0.0	3	1.05	12.568787542782054	230.0	37	1.05	0.95				
	323	2	0.0	0.0	0.0	0.0	3	1.0403495885594618	12.293592828359932	230.0	35	1.05	0.95				
	324	1	0.0	0.0	0.0	0.0	3	1.026594351212467	7.3019932452505145	230.0	36	1.05	0.95				
	325	1	0.0	0.0	0.0	0.0	3	1.0422103330523458	12.203217387002917	230.0	35	1.05	0.95				
];
