%% MATPOWER Case Format : Version 2
function mpc = RTS_GMLC
mpc.version = '2';

%%-----  Power Flow Data  -----%%
%% system MVA base
mpc.baseMVA = 100.0;
%% bus data
%    bus_i    type    Pd    Qd    Gs    Bs    area    Vm    Va    baseKV    zone    Vmax    Vmin
mpc.bus = [
	101	2	60.265710037894735	12.27634834105263	0.0	0.0	1	1.0499999776086797	3.345097809028123	138.0	11	1.05	0.95				
	102	2	54.127535867368415	11.16031667368421	0.0	0.0	1	1.0489049091292793	2.9695056650806175	138.0	12	1.05	0.95				
	103	1	100.44285006315789	20.646585846315787	0.0	0.0	1	1.0333905878607843	1.0933150395491418	138.0	11	1.05	0.95				
	104	1	41.293171692631574	8.370237505263157	0.0	0.0	1	1.0285058049309193	-0.8820079980334865	138.0	11	1.05	0.95				
	105	1	39.61912419157894	7.812221671578948	0.0	0.0	1	1.0412773888867506	-1.1837750144681236	138.0	11	1.05	0.95				
	106	1	75.89015338105263	15.624443343157896	0.0	-100.0	1	1.0444697747152367	-4.325853107190594	138.0	12	1.05	0.95				
	107	2	69.75197921052632	13.950395842105262	0.0	0.0	1	0.9986908274269244	-12.790226441790345	138.0	12	1.05	0.95				
	108	1	95.42070756	19.530554178947366	0.0	0.0	1	0.9977662158886118	-10.594560052563393	138.0	12	1.05	0.95				
	109	1	97.65277089473683	20.088570012631575	0.0	0.0	1	1.0253132923709085	-2.944180813174897	138.0	13	1.05	0.95				
	110	1	108.81308756842105	22.32063334736842	0.0	0.0	1	1.05	-4.107414419106054	138.0	13	1.05	0.95				
	111	1	0.0	0.0	0.0	0.0	1	1.0088215160057972	-0.8633520661361757	230.0	13	1.05	0.95				
	112	1	0.0	0.0	0.0	0.0	1	1.0129318071251487	-0.9572102307528765	230.0	13	1.05	0.95				
	113	3	147.87419592631576	30.132855018947367	0.0	0.0	1	1.005167357683265	-8.9898263601504e-31	230.0	14	1.05	0.95				
	114	2	108.25507173473683	21.76261751368421	0.0	0.0	1	1.008332134119905	1.1357900473302476	230.0	16	1.05	0.95				
	115	2	176.8910192778947	35.71301335578947	0.0	0.0	1	1.0424064523564696	8.599961014026022	230.0	16	1.05	0.95				
	116	2	55.80158336842105	11.16031667368421	0.0	0.0	1	1.0382299225702223	7.266722276360776	230.0	16	1.05	0.95				
	117	1	0.0	0.0	0.0	0.0	1	1.0439999597378082	11.298731902051944	230.0	17	1.05	0.95				
	118	2	185.8192726168421	37.945076690526314	0.0	0.0	1	1.0479984251254537	12.355592429599815	230.0	17	1.05	0.95				
	119	1	101.0008658968421	20.646585846315787	0.0	0.0	1	1.0291654600240525	4.9504177991372815	230.0	15	1.05	0.95				
	120	1	71.42602671157894	14.508411675789473	0.0	0.0	1	1.0257531255198484	3.532807819390828	230.0	15	1.05	0.95				
	121	2	0.0	0.0	0.0	0.0	1	1.05	14.180464118407537	230.0	17	1.05	0.95				
	122	2	0.0	0.0	0.0	0.0	1	1.05	19.622698355281397	230.0	17	1.05	0.95				
	123	2	0.0	0.0	0.0	0.0	1	1.0250550463385038	3.177415515101717	230.0	15	1.05	0.95				
	124	1	0.0	0.0	0.0	0.0	1	1.0292966334052946	5.788888391942047	230.0	16	1.05	0.95				
	201	2	69.92035260631579	14.243034790175438	0.0	0.0	2	1.024275355315281	-13.93944661298316	138.0	21	1.05	0.95				
	202	2	62.79883521122807	12.948213445614035	0.0	0.0	2	1.0251949285534925	-13.804323485972061	138.0	22	1.05	0.95				
	203	1	116.53392101052631	23.954194874385962	0.0	0.0	2	1.0129750410807443	-11.843699647124417	138.0	21	1.05	0.95				
	204	1	47.908389748771924	9.711160084210526	0.0	0.0	2	1.0139322152006733	-14.246407732962272	138.0	21	1.05	0.95				
	205	1	45.96615773192982	9.063749411929825	0.0	0.0	2	1.0289385851038049	-14.685116522833741	138.0	21	1.05	0.95				
	206	1	88.04785143017544	18.12749882385965	0.0	-100.0	2	1.0382082142064608	-15.692573925815715	138.0	22	1.05	0.95				
	207	2	80.9263340350877	16.18526680701754	0.0	0.0	2	0.9825079973049886	-24.800153664313985	138.0	22	1.05	0.95				
	208	1	110.70722495999999	22.65937352982456	0.0	0.0	2	0.9831137251659664	-21.655536692993234	138.0	22	1.05	0.95				
	209	1	113.29686764912279	23.30678420210526	0.0	0.0	2	1.025002789318836	-11.95824680062725	138.0	23	1.05	0.95				
	210	1	126.24508109473682	25.89642689122807	0.0	0.0	2	1.05	-13.374181063579744	138.0	23	1.05	0.95				
	211	1	0.0	0.0	0.0	0.0	2	1.019272621568393	-8.400839764404687	230.0	23	1.05	0.95				
	212	1	0.0	0.0	0.0	0.0	2	1.0209166646379322	-3.2351425536789518	230.0	23	1.05	0.95				
	213	2	171.56382815438596	34.960176303157894	0.0	0.0	2	1.02730507426827	-5.250870397341341	230.0	24	1.05	0.95				
	214	2	125.59767042245613	25.249016218947368	0.0	0.0	2	1.0247954259018868	-6.93173948930901	230.0	26	1.05	0.95				
	215	2	205.22918311298244	41.43428302596491	0.0	0.0	2	1.0319240002184715	-0.9608375828260903	230.0	26	1.05	0.95				
	216	2	64.74106722807016	12.948213445614035	0.0	0.0	2	1.0344516108234614	-0.8311215480857373	230.0	26	1.05	0.95				
	217	1	0.0	0.0	0.0	0.0	2	1.0350229962760142	0.19164393257059567	230.0	27	1.05	0.95				
	218	2	215.58775386947366	44.02392571508772	0.0	0.0	2	1.0332702423944418	-0.6587827473911335	230.0	27	1.05	0.95				
	219	1	117.18133168280703	23.954194874385962	0.0	0.0	2	1.0357821185688645	0.4960129331756522	230.0	25	1.05	0.95				
	220	1	82.86856605192982	16.832677479298244	0.0	0.0	2	1.043187747112899	2.866839055573145	230.0	25	1.05	0.95				
	221	2	0.0	0.0	0.0	0.0	2	1.0354518585420112	0.05289655486246014	230.0	27	1.05	0.95				
	222	2	0.0	0.0	0.0	0.0	2	1.05	6.605352729402248	230.0	27	1.05	0.95				
	223	2	0.0	0.0	0.0	0.0	2	1.05	4.626686673014448	230.0	25	1.05	0.95				
	224	1	0.0	0.0	0.0	0.0	2	1.0113698948099965	-5.003802324811977	230.0	26	1.05	0.95				
	301	2	67.25656436210527	13.700411258947367	0.0	0.0	3	0.9905469867084651	11.544896325084945	138.0	31	1.05	0.95				
	302	2	60.40635873263158	12.45491932631579	0.0	0.0	3	0.9906044601450109	11.524483478061056	138.0	32	1.05	0.95				
	303	1	112.0942739368421	23.04160075368421	0.0	0.0	3	1.0148426662263372	14.571570212868988	138.0	31	1.05	0.95				
	304	1	46.08320150736842	9.341189494736842	0.0	0.0	3	0.9995796009492217	13.95483812764171	138.0	31	1.05	0.95				
	305	1	44.21496360842105	8.718443528421053	0.0	0.0	3	1.010542493374522	13.512776283882731	138.0	31	1.05	0.95				
	306	1	84.69345141894738	17.436887056842107	0.0	-100.0	3	1.0299174491752172	13.915931237612686	138.0	32	1.05	0.95				
	307	2	77.84324578947368	15.568649157894738	0.0	0.0	3	0.9872487901050361	10.020107624588887	138.0	32	1.05	0.95				
	308	1	106.48956024	21.79610882105263	0.0	0.0	3	0.9979960076775178	12.828751112715416	138.0	32	1.05	0.95				
	309	1	108.98054410526316	22.41885478736842	0.0	0.0	3	1.0297590000403454	18.447307879381604	138.0	33	1.05	0.95				
	310	1	121.43546343157894	24.90983865263158	0.0	0.0	3	1.05	17.458457105018997	138.0	33	1.05	0.95				
	311	1	0.0	0.0	0.0	0.0	3	1.0196823727579598	23.9610985076139	230.0	33	1.05	0.95				
	312	1	0.0	0.0	0.0	0.0	3	1.0256369124468556	24.993777926367915	230.0	33	1.05	0.95				
	313	2	165.02768107368422	33.62828218105263	0.0	0.0	3	1.0463155145160319	32.13560712170082	230.0	34	1.05	0.95				
	314	2	120.81271746526316	24.28709268631579	0.0	0.0	3	1.0210656168430028	22.635853231704914	230.0	36	1.05	0.95				
	315	2	197.41047132210528	39.85574184421053	0.0	0.0	3	1.0404546411256785	17.55841038259299	230.0	36	1.05	0.95				
	316	2	62.27459663157895	12.45491932631579	0.0	0.0	3	1.0417805425302797	18.931726823156552	230.0	36	1.05	0.95				
	317	1	0.0	0.0	0.0	0.0	3	1.05	19.41808110956761	230.0	37	1.05	0.95				
	318	2	207.3744067831579	42.34672570947369	0.0	0.0	3	1.0476721060967433	17.041970734886863	230.0	37	1.05	0.95				
	319	1	112.7170199031579	23.04160075368421	0.0	0.0	3	1.041669497915222	20.9497575766385	230.0	35	1.05	0.95				
	320	1	79.71148368842105	16.19139512421053	0.0	0.0	3	1.0438468994060583	22.404666776037764	230.0	35	1.05	0.95				
	321	2	0.0	0.0	0.0	0.0	3	1.0459032012502776	17.8342087023599	230.0	37	1.05	0.95				
	322	2	0.0	0.0	0.0	0.0	3	1.05	22.797851522848497	230.0	37	1.05	0.95				
	323	2	0.0	0.0	0.0	0.0	3	1.0448224827534354	22.86700915848651	230.0	35	1.05	0.95				
	324	1	0.0	0.0	0.0	0.0	3	1.027401292911505	18.284335737328647	230.0	36	1.05	0.95				
	325	1	0.0	0.0	0.0	0.0	3	1.0467131642513554	22.13461677068487	230.0	35	1.05	0.95				
];
