%% MATPOWER Case Format : Version 2
function mpc = RTS_GMLC
mpc.version = '2';

%%-----  Power Flow Data  -----%%
%% system MVA base
mpc.baseMVA = 100.0;
%% bus data
%    bus_i    type    Pd    Qd    Gs    Bs    area    Vm    Va    baseKV    zone    Vmax    Vmin
mpc.bus = [
	101	2	63.017812951578954	12.83696189754386	0.0	0.0	1	1.0348649930129608	0.23977806353314074	138.0	11	1.05	0.95				
	102	2	56.599332002807024	11.66996536140351	0.0	0.0	1	1.0348951015463483	0.19781977053167388	138.0	12	1.05	0.95				
	103	1	105.02968825263159	21.589435918596493	0.0	0.0	1	1.0243647219000918	-1.6429159241736637	138.0	11	1.05	0.95				
	104	1	43.178871837192986	8.752474021052633	0.0	0.0	1	1.0196666712276758	-3.1129102560074067	138.0	11	1.05	0.95				
	105	1	41.42837703298245	8.168975752982458	0.0	0.0	1	1.0344905526577273	-2.9800378107579637	138.0	11	1.05	0.95				
	106	1	79.35576445754387	16.337951505964917	0.0	-100.0	1	1.041383266104371	-5.323854157490438	138.0	12	1.05	0.95				
	107	2	72.93728350877193	14.587456701754387	0.0	0.0	1	1.0293094256086952	-5.412484652981392	138.0	12	1.05	0.95				
	108	1	99.77820384	20.42243938245614	0.0	0.0	1	1.0182152602806884	-6.61836473270368	138.0	12	1.05	0.95				
	109	1	102.11219691228071	21.005937650526317	0.0	0.0	1	1.0257143847753223	-3.468529018397088	138.0	13	1.05	0.95				
	110	1	113.78216227368421	23.33993072280702	0.0	0.0	1	1.05	-4.411617095046702	138.0	13	1.05	0.95				
	111	1	0.0	0.0	0.0	0.0	1	1.0070118298562827	-1.2403237120884785	230.0	13	1.05	0.95				
	112	1	0.0	0.0	0.0	0.0	1	1.0121684841599083	-0.6677059613387861	230.0	13	1.05	0.95				
	113	3	154.6270410385965	31.508906475789477	0.0	0.0	1	1.0043583826524571	6.2234801618100065e-27	230.0	14	1.05	0.95				
	114	2	113.19866400561405	22.756432454736846	0.0	0.0	1	1.0036985858802823	0.48536562094640084	230.0	16	1.05	0.95				
	115	2	184.96895097824563	37.34388915649123	0.0	0.0	1	1.0399328754202064	6.856789155090452	230.0	16	1.05	0.95				
	116	2	58.34982680701755	11.66996536140351	0.0	0.0	1	1.036039101170035	6.389764321541122	230.0	16	1.05	0.95				
	117	1	0.0	0.0	0.0	0.0	1	1.0435089801486723	8.716933768147278	230.0	17	1.05	0.95				
	118	2	194.30492326736842	39.677882228771935	0.0	0.0	1	1.0464670831032281	9.012561858186716	230.0	17	1.05	0.95				
	119	1	105.61318652070175	21.589435918596493	0.0	0.0	1	1.029648215732788	5.139022438961812	230.0	15	1.05	0.95				
	120	1	74.68777831298246	15.170954969824562	0.0	0.0	1	1.0289586614775406	5.171726958521253	230.0	15	1.05	0.95				
	121	2	0.0	0.0	0.0	0.0	1	1.049999167078258	9.806846969413824	230.0	17	1.05	0.95				
	122	2	0.0	0.0	0.0	0.0	1	1.05	15.896768516430884	230.0	17	1.05	0.95				
	123	2	0.0	0.0	0.0	0.0	1	1.0298664873391035	5.632957320730832	230.0	15	1.05	0.95				
	124	1	0.0	0.0	0.0	0.0	1	1.023339115166595	3.693650862645651	230.0	16	1.05	0.95				
	201	2	63.154415254736854	12.86478829263158	0.0	0.0	2	1.0326641711336462	-12.167863594640457	138.0	21	1.05	0.95				
	202	2	56.72202110842105	11.695262084210528	0.0	0.0	2	1.0328535772607441	-12.254936972747823	138.0	22	1.05	0.95				
	203	1	105.25735875789475	21.636234855789475	0.0	0.0	2	1.022479349654528	-9.812281569489638	138.0	21	1.05	0.95				
	204	1	43.27246971157895	8.771446563157895	0.0	0.0	2	1.0179016595138293	-14.519965649155155	138.0	21	1.05	0.95				
	205	1	41.518180398947365	8.18668345894737	0.0	0.0	2	1.033703113903641	-14.82886379145876	138.0	21	1.05	0.95				
	206	1	79.52778217263159	16.37336691789474	0.0	-100.0	2	1.0412427523050187	-16.878463617571157	138.0	22	1.05	0.95				
	207	2	73.09538802631579	14.61907760526316	0.0	0.0	2	0.9880199512454138	-25.7034706029802	138.0	22	1.05	0.95				
	208	1	99.99449082000001	20.46670864736842	0.0	0.0	2	0.989070167089816	-22.90628806891881	138.0	22	1.05	0.95				
	209	1	102.33354323684212	21.051471751578948	0.0	0.0	2	1.0235267235708236	-13.998855189754694	138.0	23	1.05	0.95				
	210	1	114.02880532105264	23.390524168421056	0.0	0.0	2	1.05	-15.679549525223687	138.0	23	1.05	0.95				
	211	1	0.0	0.0	0.0	0.0	2	1.0144102900028042	-10.843784990859081	230.0	23	1.05	0.95				
	212	1	0.0	0.0	0.0	0.0	2	1.0145947952766698	-10.088648425964125	230.0	23	1.05	0.95				
	213	2	154.96222261578947	31.577207627368427	0.0	0.0	2	1.0143333781614925	-9.760014547731128	230.0	24	1.05	0.95				
	214	2	113.4440422168421	22.80576106421053	0.0	0.0	2	1.0218514947562978	-7.784403674379732	230.0	26	1.05	0.95				
	215	2	185.36990403473686	37.42483866947369	0.0	0.0	2	1.0346563526049484	0.4338326371673328	230.0	26	1.05	0.95				
	216	2	58.47631042105264	11.695262084210528	0.0	0.0	2	1.0373911073056112	0.1105375811306795	230.0	26	1.05	0.95				
	217	1	0.0	0.0	0.0	0.0	2	1.040277411791068	3.259889212558135	230.0	27	1.05	0.95				
	218	2	194.7261137021053	39.763891086315795	0.0	0.0	2	1.0417277283499935	3.6513638448420647	230.0	27	1.05	0.95				
	219	1	105.84212186210526	21.636234855789475	0.0	0.0	2	1.0372139952597104	-0.8287015119677706	230.0	25	1.05	0.95				
	220	1	74.84967733894737	15.203840709473685	0.0	0.0	2	1.041767266484293	-0.5322929855424948	230.0	25	1.05	0.95				
	221	2	0.0	0.0	0.0	0.0	2	1.0414772403182486	3.3383186632146113	230.0	27	1.05	0.95				
	222	2	0.0	0.0	0.0	0.0	2	1.05	9.811289158320951	230.0	27	1.05	0.95				
	223	2	0.0	0.0	0.0	0.0	2	1.0455764831437062	0.06026453043345725	230.0	25	1.05	0.95				
	224	1	0.0	0.0	0.0	0.0	2	1.0173816506071505	-3.397176259876064	230.0	26	1.05	0.95				
	301	2	55.26415690105263	11.257513442807017	0.0	0.0	3	1.0221134551644255	-10.469475878650561	138.0	31	1.05	0.95				
	302	2	49.63540017964912	10.234103129824563	0.0	0.0	3	1.0193245255180037	-10.835184814432278	138.0	32	1.05	0.95				
	303	1	92.10692816842105	18.933090790175438	0.0	0.0	3	1.05	4.739139834197712	138.0	31	1.05	0.95				
	304	1	37.866181580350876	7.67557734736842	0.0	0.0	3	1.0100311565283573	-9.62048082062881	138.0	31	1.05	0.95				
	305	1	36.33106611087719	7.163872190877194	0.0	0.0	3	1.0284005389331774	-11.497610668797908	138.0	31	1.05	0.95				
	306	1	69.59190128280703	14.327744381754387	0.0	-100.0	3	1.0385746220953873	-12.67412836828283	138.0	32	1.05	0.95				
	307	2	63.96314456140351	12.792628912280701	0.0	0.0	3	0.983740196731628	-14.234036669883976	138.0	32	1.05	0.95				
	308	1	87.50158176	17.90968047719298	0.0	0.0	3	0.9902480471831686	-13.5317169415239	138.0	32	1.05	0.95				
	309	1	89.5484023859649	18.42138563368421	0.0	0.0	3	1.0188857691692383	-6.499312685934393	138.0	33	1.05	0.95				
	310	1	99.78250551578947	20.468206259649126	0.0	0.0	3	1.0472256107225293	-10.894290106537495	138.0	33	1.05	0.95				
	311	1	0.0	0.0	0.0	0.0	3	1.0066849648265006	-6.400098681969814	230.0	33	1.05	0.95				
	312	1	0.0	0.0	0.0	0.0	3	1.0112706070823456	-5.618084712674589	230.0	33	1.05	0.95				
	313	2	135.60186647017542	27.632078450526315	0.0	0.0	3	1.008727381566448	-3.6285881499080315	230.0	34	1.05	0.95				
	314	2	99.27080035929824	19.956501103157894	0.0	0.0	3	1.0039233202203548	-6.434066871667038	230.0	36	1.05	0.95				
	315	2	162.21053460771927	32.749130015438595	0.0	0.0	3	1.0452244725784388	-2.975290821534606	230.0	36	1.05	0.95				
	316	2	51.170515649122805	10.234103129824563	0.0	0.0	3	1.0377727322212713	-3.41142305902613	230.0	36	1.05	0.95				
	317	1	0.0	0.0	0.0	0.0	3	1.0431024107550275	-2.116536572332032	230.0	37	1.05	0.95				
	318	2	170.39781711157895	34.795950641403515	0.0	0.0	3	1.0430622886379795	-2.271580935530488	230.0	37	1.05	0.95				
	319	1	92.61863332491228	18.933090790175438	0.0	0.0	3	1.0289830821461396	-3.795325642134041	230.0	35	1.05	0.95				
	320	1	65.49826003087719	13.304334068771931	0.0	0.0	3	1.025182856624376	-3.1394302644767316	230.0	35	1.05	0.95				
	321	2	0.0	0.0	0.0	0.0	3	1.045387393764391	-1.5413759821831128	230.0	37	1.05	0.95				
	322	2	0.0	0.0	0.0	0.0	3	1.05	2.5633965097931966	230.0	37	1.05	0.95				
	323	2	0.0	0.0	0.0	0.0	3	1.0242200918879254	-2.3818537141718568	230.0	35	1.05	0.95				
	324	1	0.0	0.0	0.0	0.0	3	1.0443462374334584	-0.02319583452936097	230.0	36	1.05	0.95				
	325	1	0.0	0.0	0.0	0.0	3	1.023318749097809	-1.3397547774020158	230.0	35	1.05	0.95				
];
