%% MATPOWER Case Format : Version 2
function mpc = RTS_GMLC
mpc.version = '2';

%%-----  Power Flow Data  -----%%
%% system MVA base
mpc.baseMVA = 100.0;
%% bus data
%    bus_i    type    Pd    Qd    Gs    Bs    area    Vm    Va    baseKV    zone    Vmax    Vmin
mpc.bus = [
	101	2	60.773379498947364	12.379762490526316	0.0	0.0	1	1.0438044212497086	0.7062799134559099	138.0	11	1.05	0.95				
	102	2	54.583498253684205	11.254329536842105	0.0	0.0	1	1.042764755722329	0.3818141387751666	138.0	12	1.05	0.95				
	103	1	101.28896583157893	20.820509643157894	0.0	0.0	1	1.0274913615911505	-1.5251142511093434	138.0	11	1.05	0.95				
	104	1	41.64101928631579	8.440747152631578	0.0	0.0	1	1.0252759885153502	-2.94420553237925	138.0	11	1.05	0.95				
	105	1	39.952869855789466	7.878030675789474	0.0	0.0	1	1.0388260076347637	-3.1089977800383535	138.0	11	1.05	0.95				
	106	1	76.52944085052631	15.756061351578948	0.0	-100.0	1	1.0435167317270253	-5.841131018655556	138.0	12	1.05	0.95				
	107	2	70.33955960526316	14.06791192105263	0.0	0.0	1	1.0006477094161166	-13.540252146103652	138.0	12	1.05	0.95				
	108	1	96.22451754	19.69507668947368	0.0	0.0	1	0.999062793361237	-11.56059727055401	138.0	12	1.05	0.95				
	109	1	98.47538344736842	20.25779316631579	0.0	0.0	1	1.0251706938247693	-4.228095061901097	138.0	13	1.05	0.95				
	110	1	109.72971298421052	22.50865907368421	0.0	0.0	1	1.05	-5.253017389135898	138.0	13	1.05	0.95				
	111	1	0.0	0.0	0.0	0.0	1	1.0083199177684121	-1.6629718249879142	230.0	13	1.05	0.95				
	112	1	0.0	0.0	0.0	0.0	1	1.0125889146336398	-1.2110619892240746	230.0	13	1.05	0.95				
	113	3	149.11986636315788	30.386689749473682	0.0	0.0	1	1.0069914983174226	-8.984326355479522e-30	230.0	14	1.05	0.95				
	114	2	109.16699650736841	21.945942596842105	0.0	0.0	1	1.0066022380645776	0.05615017678070565	230.0	16	1.05	0.95				
	115	2	178.38112315894736	36.013854517894735	0.0	0.0	1	1.0379535400778883	6.518210593225296	230.0	16	1.05	0.95				
	116	2	56.27164768421052	11.254329536842105	0.0	0.0	1	1.0347420248447343	5.852391891256674	230.0	16	1.05	0.95				
	117	1	0.0	0.0	0.0	0.0	1	1.0403379058444917	8.370164576533105	230.0	17	1.05	0.95				
	118	2	187.38458678842105	38.26472042526316	0.0	0.0	1	1.0423302529177594	8.621306553590255	230.0	17	1.05	0.95				
	119	1	101.85168230842106	20.820509643157894	0.0	0.0	1	1.0286738245624196	4.500759421497283	230.0	15	1.05	0.95				
	120	1	72.02770903578947	14.630628397894737	0.0	0.0	1	1.0278016554769076	4.2823153071607525	230.0	15	1.05	0.95				
	121	2	0.0	0.0	0.0	0.0	1	1.045291586574733	10.024413053505352	230.0	17	1.05	0.95				
	122	2	0.0	0.0	0.0	0.0	1	1.05	16.65742939404502	230.0	17	1.05	0.95				
	123	2	0.0	0.0	0.0	0.0	1	1.0284747687194722	4.590911531060276	230.0	15	1.05	0.95				
	124	1	0.0	0.0	0.0	0.0	1	1.0237851760967198	3.509647392056782	230.0	16	1.05	0.95				
	201	2	57.187470505263164	11.64929954736842	0.0	0.0	2	1.0254517438715212	-14.219313417866852	138.0	21	1.05	0.95				
	202	2	51.36282073157894	10.590272315789473	0.0	0.0	2	1.0263647601624188	-14.058366076812492	138.0	22	1.05	0.95				
	203	1	95.31245084210525	19.592003784210522	0.0	0.0	2	1.0173412398829709	-12.01397414672426	138.0	21	1.05	0.95				
	204	1	39.184007568421045	7.942704236842105	0.0	0.0	2	1.0161679982435639	-15.4558686740694	138.0	21	1.05	0.95				
	205	1	37.59546672105263	7.413190621052632	0.0	0.0	2	1.031146453121717	-15.882749321674853	138.0	21	1.05	0.95				
	206	1	72.01385174736842	14.826381242105263	0.0	-100.0	2	1.0416820707270524	-17.28553649876916	138.0	22	1.05	0.95				
	207	2	66.1892019736842	13.23784039473684	0.0	0.0	2	0.9903820521740662	-24.881963525490267	138.0	22	1.05	0.95				
	208	1	90.54682829999999	18.532976552631578	0.0	0.0	2	0.9930396150441235	-22.393219205744344	138.0	22	1.05	0.95				
	209	1	92.66488276315789	19.06249016842105	0.0	0.0	2	1.0235013163991729	-14.428902454108089	138.0	23	1.05	0.95				
	210	1	103.25515507894735	21.180544631578947	0.0	0.0	2	1.05	-15.875294536871136	138.0	23	1.05	0.95				
	211	1	0.0	0.0	0.0	0.0	2	1.0121952430386596	-10.894615651621994	230.0	23	1.05	0.95				
	212	1	0.0	0.0	0.0	0.0	2	1.0113436918456014	-10.134632498797636	230.0	23	1.05	0.95				
	213	2	140.32110818421052	28.593735252631582	0.0	0.0	2	1.0103898469506296	-9.58264417548308	230.0	24	1.05	0.95				
	214	2	102.72564146315788	20.651031015789474	0.0	0.0	2	1.0198579927962799	-7.754289792979892	230.0	26	1.05	0.95				
	215	2	167.85581620526315	33.88887141052631	0.0	0.0	2	1.0350604385983841	0.4203029812947711	230.0	26	1.05	0.95				
	216	2	52.95136157894736	10.590272315789473	0.0	0.0	2	1.0358615880449382	-0.08925405055019323	230.0	26	1.05	0.95				
	217	1	0.0	0.0	0.0	0.0	2	1.039127069821187	2.726254419705492	230.0	27	1.05	0.95				
	218	2	176.3280340578947	36.00692587368421	0.0	0.0	2	1.0403740873301797	3.0231038754909725	230.0	27	1.05	0.95				
	219	1	95.84196445789473	19.592003784210522	0.0	0.0	2	1.0340820976093426	-0.7707668865639701	230.0	25	1.05	0.95				
	220	1	67.77774282105263	13.767354010526315	0.0	0.0	2	1.0365678349695082	-0.3492075908415819	230.0	25	1.05	0.95				
	221	2	0.0	0.0	0.0	0.0	2	1.0407327335678718	2.917534419885984	230.0	27	1.05	0.95				
	222	2	0.0	0.0	0.0	0.0	2	1.05	9.34527485590688	230.0	27	1.05	0.95				
	223	2	0.0	0.0	0.0	0.0	2	1.039032232505928	0.27772100481624995	230.0	25	1.05	0.95				
	224	1	0.0	0.0	0.0	0.0	2	1.0128897378554247	-4.207940172920309	230.0	26	1.05	0.95				
	301	2	50.39544448421053	10.26573869122807	0.0	0.0	3	1.0070687177752966	-6.028760882054111	138.0	31	1.05	0.95				
	302	2	45.26257513859649	9.332489719298247	0.0	0.0	3	1.0065234535521717	-6.17966538320809	138.0	32	1.05	0.95				
	303	1	83.99240747368421	17.265105980701755	0.0	0.0	3	1.0304139759929285	0.25520736949969225	138.0	31	1.05	0.95				
	304	1	34.53021196140351	6.9993672894736845	0.0	0.0	3	1.0088564247472815	-4.923867377068868	138.0	31	1.05	0.95				
	305	1	33.130338503508774	6.532742803508773	0.0	0.0	3	1.0223664343316174	-5.3901007697718155	138.0	31	1.05	0.95				
	306	1	63.46093009122807	13.065485607017546	0.0	-100.0	3	1.0389512871337592	-5.587038237225462	138.0	32	1.05	0.95				
	307	2	58.32806074561404	11.665612149122808	0.0	0.0	3	0.9940453360187432	-10.071284359088482	138.0	32	1.05	0.95				
	308	1	79.7927871	16.33185700877193	0.0	0.0	3	1.0009537388672023	-7.974672676444361	138.0	32	1.05	0.95				
	309	1	81.65928504385965	16.79848149473684	0.0	0.0	3	1.0255165315178316	-1.9820794546721985	138.0	33	1.05	0.95				
	310	1	90.99177476315789	18.664979438596493	0.0	0.0	3	1.05	-3.2510756424919287	138.0	33	1.05	0.95				
	311	1	0.0	0.0	0.0	0.0	3	1.0063874377995916	1.4846860999264235	230.0	33	1.05	0.95				
	312	1	0.0	0.0	0.0	0.0	3	1.0116535269512632	2.331450102696231	230.0	33	1.05	0.95				
	313	2	123.65548878070176	25.197722242105264	0.0	0.0	3	1.0117136997417495	6.326272880397025	230.0	34	1.05	0.95				
	314	2	90.52515027719298	18.19835495263158	0.0	0.0	3	1.0022674342205182	1.4472984435626635	230.0	36	1.05	0.95				
	315	2	147.9199620508772	29.863967101754383	0.0	0.0	3	1.022451064775304	0.14497536110317935	230.0	36	1.05	0.95				
	316	2	46.66244859649123	9.332489719298247	0.0	0.0	3	1.0204233969264016	0.6764016851214494	230.0	36	1.05	0.95				
	317	1	0.0	0.0	0.0	0.0	3	1.0264123200983815	0.7842591029562961	230.0	37	1.05	0.95				
	318	2	155.38595382631578	31.730465045614036	0.0	0.0	3	1.0258340289605075	0.19188162557237962	230.0	37	1.05	0.95				
	319	1	84.45903195964912	17.265105980701755	0.0	0.0	3	1.019215461278257	2.240907196196796	230.0	35	1.05	0.95				
	320	1	59.72793420350877	12.13223663508772	0.0	0.0	3	1.0193702135945688	3.41065374403643	230.0	35	1.05	0.95				
	321	2	0.0	0.0	0.0	0.0	3	1.026648160389817	0.7282506495753799	230.0	37	1.05	0.95				
	322	2	0.0	0.0	0.0	0.0	3	1.0399710786844854	5.1408696705187245	230.0	37	1.05	0.95				
	323	2	0.0	0.0	0.0	0.0	3	1.0197816461301132	4.11382694818144	230.0	35	1.05	0.95				
	324	1	0.0	0.0	0.0	0.0	3	1.0234311934838793	1.536145148876242	230.0	36	1.05	0.95				
	325	1	0.0	0.0	0.0	0.0	3	1.0213291467391996	4.63061101916502	230.0	35	1.05	0.95				
];
