%% MATPOWER Case Format : Version 2
function mpc = RTS_GMLC
mpc.version = '2';

%%-----  Power Flow Data  -----%%
%% system MVA base
mpc.baseMVA = 100.0;
%% bus data
%    bus_i    type    Pd    Qd    Gs    Bs    area    Vm    Va    baseKV    zone    Vmax    Vmin
mpc.bus = [
	101	2	100.10440375578949	20.391637802105265	0.0	0.0	1	1.0436726999910308	-4.551383714173943	138.0	11	1.05	0.95				
	102	2	89.90858485473684	18.537852547368423	0.0	0.0	1	1.0437016673025348	-4.6335422711685466	138.0	12	1.05	0.95				
	103	1	166.8406729263158	34.29502721263158	0.0	0.0	1	1.018985883882931	-4.651471101736006	138.0	11	1.05	0.95				
	104	1	68.59005442526316	13.903389410526316	0.0	0.0	1	1.0196863515959314	-7.5487385060558045	138.0	11	1.05	0.95				
	105	1	65.8093765431579	12.976496783157895	0.0	0.0	1	1.034315980612777	-7.982135570934726	138.0	11	1.05	0.95				
	106	1	126.05739732210527	25.95299356631579	0.0	-100.0	1	1.0333393152941135	-10.74131879690445	138.0	12	1.05	0.95				
	107	2	115.86157842105263	23.172315684210528	0.0	0.0	1	1.05	-6.851988205337015	138.0	12	1.05	0.95				
	108	1	158.49863928	32.44124195789473	0.0	0.0	1	1.0203570457872608	-10.068973751753335	138.0	12	1.05	0.95				
	109	1	162.2062097894737	33.36813458526316	0.0	0.0	1	1.0275481506410715	-6.815235394502455	138.0	13	1.05	0.95				
	110	1	180.7440623368421	37.07570509473685	0.0	0.0	1	1.05	-8.583314121817166	138.0	13	1.05	0.95				
	111	1	0.0	0.0	0.0	0.0	1	1.021342787770707	-3.127758902943671	230.0	13	1.05	0.95				
	112	1	0.0	0.0	0.0	0.0	1	1.0204179923934928	-1.9349495875740732	230.0	13	1.05	0.95				
	113	3	245.62654625263156	50.052201877894746	0.0	0.0	1	1.0287537082335572	5.174054057651822e-26	230.0	14	1.05	0.95				
	114	2	179.8171697094737	36.14881246736842	0.0	0.0	1	1.0293768623031747	-1.3470806873766246	230.0	16	1.05	0.95				
	115	2	293.8249628757894	59.32112815157895	0.0	0.0	1	1.0434614549935863	7.223302403864419	230.0	16	1.05	0.95				
	116	2	92.68926273684211	18.537852547368423	0.0	0.0	1	1.0450106842262712	6.854493534179157	230.0	16	1.05	0.95				
	117	1	0.0	0.0	0.0	0.0	1	1.0478945414178082	10.26537854532089	230.0	17	1.05	0.95				
	118	2	308.6552449136842	63.02869866105264	0.0	0.0	1	1.05	11.1013201708561	230.0	17	1.05	0.95				
	119	1	167.76756555368422	34.29502721263158	0.0	0.0	1	1.0403182283567496	5.8102549815748885	230.0	15	1.05	0.95				
	120	1	118.6422563031579	24.09920831157895	0.0	0.0	1	1.0440430060812533	6.264393889017336	230.0	15	1.05	0.95				
	121	2	0.0	0.0	0.0	0.0	1	1.05	12.0276852919044	230.0	17	1.05	0.95				
	122	2	0.0	0.0	0.0	0.0	1	1.05	17.85211245146637	230.0	17	1.05	0.95				
	123	2	0.0	0.0	0.0	0.0	1	1.049061107916246	7.186041647022456	230.0	15	1.05	0.95				
	124	1	0.0	0.0	0.0	0.0	1	1.0194076362525495	2.8319688712613615	230.0	16	1.05	0.95				
	201	2	87.48118997052632	17.82024240140351	0.0	0.0	2	1.036512617702301	-9.797635883347612	138.0	21	1.05	0.95				
	202	2	78.57106876982456	16.200220364912283	0.0	0.0	2	1.0391075874173161	-9.881310830568948	138.0	22	1.05	0.95				
	203	1	145.80198328421054	29.970407675087717	0.0	0.0	2	1.0273363627576133	-7.470023841440352	138.0	21	1.05	0.95				
	204	1	59.940815350175434	12.15016527368421	0.0	0.0	2	1.0186974565493012	-11.033982186276255	138.0	21	1.05	0.95				
	205	1	57.5107822954386	11.340154255438598	0.0	0.0	2	1.0329114643382349	-11.408389341201287	138.0	21	1.05	0.95				
	206	1	110.16149848140353	22.680308510877197	0.0	-100.0	2	1.03661625200568	-13.067743267953233	138.0	22	1.05	0.95				
	207	2	101.25137728070175	20.25027545614035	0.0	0.0	2	0.95	-24.634066380315915	138.0	22	1.05	0.95				
	208	1	138.51188412	28.350385638596492	0.0	0.0	2	0.9564177749360383	-20.76166973566862	138.0	22	1.05	0.95				
	209	1	141.75192819298246	29.160396656842103	0.0	0.0	2	1.0280136937922346	-8.708861738256516	138.0	23	1.05	0.95				
	210	1	157.95214855789476	32.40044072982457	0.0	0.0	2	1.05	-10.488590984719375	138.0	23	1.05	0.95				
	211	1	0.0	0.0	0.0	0.0	2	1.0336978163027526	-4.096614829613278	230.0	23	1.05	0.95				
	212	1	0.0	0.0	0.0	0.0	2	1.028863732303115	0.4835427694285118	230.0	23	1.05	0.95				
	213	2	214.65291983508772	43.74059498526316	0.0	0.0	2	1.05	-0.19968222963977092	230.0	24	1.05	0.95				
	214	2	157.14213753964913	31.59042971157895	0.0	0.0	2	1.05	-2.2499157877442495	230.0	26	1.05	0.95				
	215	2	256.77349278385964	51.84070516771931	0.0	0.0	2	1.0467267084829137	5.267011612780889	230.0	26	1.05	0.95				
	216	2	81.0011018245614	16.200220364912283	0.0	0.0	2	1.05	5.3564375338536125	230.0	26	1.05	0.95				
	217	1	0.0	0.0	0.0	0.0	2	1.05	8.14385486961079	230.0	27	1.05	0.95				
	218	2	269.73366907578946	55.08074924070176	0.0	0.0	2	1.0493098870575681	8.886618124120213	230.0	27	1.05	0.95				
	219	1	146.61199430245614	29.970407675087717	0.0	0.0	2	1.0439625963013976	5.183710153806259	230.0	25	1.05	0.95				
	220	1	103.68141033543861	21.06028647438597	0.0	0.0	2	1.0460390143816025	6.546168828758546	230.0	25	1.05	0.95				
	221	2	0.0	0.0	0.0	0.0	2	1.05	9.401447013616972	230.0	27	1.05	0.95				
	222	2	0.0	0.0	0.0	0.0	2	1.05	15.419968969376665	230.0	27	1.05	0.95				
	223	2	0.0	0.0	0.0	0.0	2	1.05	7.881022026773925	230.0	25	1.05	0.95				
	224	1	0.0	0.0	0.0	0.0	2	1.0233370028150928	0.5320948833914657	230.0	26	1.05	0.95				
	301	2	86.16766846736842	17.552673206315788	0.0	0.0	3	0.980468130782732	-9.1303099115969	138.0	31	1.05	0.95				
	302	2	77.39133186421053	15.956975642105265	0.0	0.0	3	0.9819784250829063	-9.446551792910748	138.0	32	1.05	0.95				
	303	1	143.61278077894738	29.520404937894735	0.0	0.0	3	0.9936111708931608	-3.948596144122492	138.0	31	1.05	0.95				
	304	1	59.04080987578947	11.967731731578946	0.0	0.0	3	0.9720661744376536	-7.267477952461458	138.0	31	1.05	0.95				
	305	1	56.647263529473676	11.169882949473685	0.0	0.0	3	0.9848010271531263	-7.4201207300740775	138.0	31	1.05	0.95				
	306	1	108.50743436631578	22.33976589894737	0.0	-100.0	3	0.9938965010160491	-7.386505306153195	138.0	32	1.05	0.95				
	307	2	99.73109776315789	19.94621955263158	0.0	0.0	3	0.95	-13.331994722868298	138.0	32	1.05	0.95				
	308	1	136.43214174	27.924707373684203	0.0	0.0	3	0.9534216273632975	-9.964081365639789	138.0	32	1.05	0.95				
	309	1	139.62353686842104	28.72255615578947	0.0	0.0	3	0.9947857319856016	-2.005661530785215	138.0	33	1.05	0.95				
	310	1	155.5805125105263	31.91395128421053	0.0	0.0	3	1.0140584263726022	-2.9608613390825047	138.0	33	1.05	0.95				
	311	1	0.0	0.0	0.0	0.0	3	0.9918730052068971	5.740048691374711	230.0	33	1.05	0.95				
	312	1	0.0	0.0	0.0	0.0	3	0.9945903743177885	7.051008254495261	230.0	33	1.05	0.95				
	313	2	211.42992725789475	43.08383423368421	0.0	0.0	3	1.0237262821006403	14.589085449012291	230.0	34	1.05	0.95				
	314	2	154.78266372842106	31.116102502105264	0.0	0.0	3	1.0045877842120756	5.841401790556214	230.0	36	1.05	0.95				
	315	2	252.9180639273684	51.06232205473684	0.0	0.0	3	1.041824795108822	4.689728301946396	230.0	36	1.05	0.95				
	316	2	79.78487821052632	15.956975642105265	0.0	0.0	3	1.0372393274351002	5.691543676210597	230.0	36	1.05	0.95				
	317	1	0.0	0.0	0.0	0.0	3	1.0425922241569414	6.466457832599577	230.0	37	1.05	0.95				
	318	2	265.68364444105265	54.25371718315789	0.0	0.0	3	1.0430186791150475	6.043945193405883	230.0	37	1.05	0.95				
	319	1	144.41062956105262	29.520404937894735	0.0	0.0	3	1.0304838046373048	7.054541652767256	230.0	35	1.05	0.95				
	320	1	102.12464410947368	20.74406833473684	0.0	0.0	3	1.0294092172969957	8.56984010320269	230.0	35	1.05	0.95				
	321	2	0.0	0.0	0.0	0.0	3	1.0467474219085844	7.238571885009584	230.0	37	1.05	0.95				
	322	2	0.0	0.0	0.0	0.0	3	1.05	12.405201337036166	230.0	37	1.05	0.95				
	323	2	0.0	0.0	0.0	0.0	3	1.0296815891062248	9.26348166201382	230.0	35	1.05	0.95				
	324	1	0.0	0.0	0.0	0.0	3	1.0153121125071638	3.4490598073445047	230.0	36	1.05	0.95				
	325	1	0.0	0.0	0.0	0.0	3	1.0316748603857036	9.509007630072643	230.0	35	1.05	0.95				
];

%% generator data
%    bus    Pg    Qg    Qmax    Qmin    Vg    mBase    status    Pmax    Pmin    Pc1    Pc2    Qc1min    Qc1max    Qc2min    Qc2max    ramp_agc    ramp_10    ramp_30    ramp_q    apf
