%% MATPOWER Case Format : Version 2
function mpc = RTS_GMLC
mpc.version = '2';

%%-----  Power Flow Data  -----%%
%% system MVA base
mpc.baseMVA = 100.0;
%% bus data
%    bus_i    type    Pd    Qd    Gs    Bs    area    Vm    Va    baseKV    zone    Vmax    Vmin
mpc.bus = [
	101	2	83.4581890231579	17.00074220842105	0.0	0.0	1	1.0335956621385631	-2.807673873525867	138.0	11	1.05	0.95				
	102	2	74.95781791894737	15.455220189473684	0.0	0.0	1	1.033617994308409	-2.8820497370525033	138.0	12	1.05	0.95				
	103	1	139.09698170526318	28.592157350526314	0.0	0.0	1	1.0185148874816123	-3.3430442435936634	138.0	11	1.05	0.95				
	104	1	57.18431470105263	11.591415142105262	0.0	0.0	1	1.016778122869977	-5.855021320152842	138.0	11	1.05	0.95				
	105	1	54.86603167263158	10.81865413263158	0.0	0.0	1	1.0313347451580455	-6.040300269074484	138.0	11	1.05	0.95				
	106	1	105.09549728842107	21.63730826526316	0.0	-100.0	1	1.0355890086009738	-8.549591647452504	138.0	12	1.05	0.95				
	107	2	96.59512618421053	19.319025236842105	0.0	0.0	1	1.05	-7.55536178716776	138.0	12	1.05	0.95				
	108	1	132.14213261999998	27.046635331578944	0.0	0.0	1	1.0248847949467728	-9.342848976987035	138.0	12	1.05	0.95				
	109	1	135.23317665789475	27.81939634105263	0.0	0.0	1	1.026680016668704	-5.433347089336034	138.0	13	1.05	0.95				
	110	1	150.6883968473684	30.910440378947367	0.0	0.0	1	1.05	-6.881615612608642	138.0	13	1.05	0.95				
	111	1	0.0	0.0	0.0	0.0	1	1.014667998960296	-2.067209639673591	230.0	13	1.05	0.95				
	112	1	0.0	0.0	0.0	0.0	1	1.0171222344031254	-1.3393180713348967	230.0	13	1.05	0.95				
	113	3	204.7816675105263	41.72909451157895	0.0	0.0	1	1.0179936745561111	-4.2285440052943915e-26	230.0	14	1.05	0.95				
	114	2	149.91563583789474	30.137679369473684	0.0	0.0	1	1.0179935426727604	0.24279553400981133	230.0	16	1.05	0.95				
	115	2	244.9652400031579	49.45670460631579	0.0	0.0	1	1.0441021498963594	8.706077833457176	230.0	16	1.05	0.95				
	116	2	77.27610094736842	15.455220189473684	0.0	0.0	1	1.0434318122373105	8.17223286925267	230.0	16	1.05	0.95				
	117	1	0.0	0.0	0.0	0.0	1	1.0468714997391864	11.719091331859454	230.0	17	1.05	0.95				
	118	2	257.32941615473686	52.547748644210536	0.0	0.0	1	1.0498608775614544	12.373516202913288	230.0	17	1.05	0.95				
	119	1	139.86974271473684	28.592157350526314	0.0	0.0	1	1.037885265318799	6.45312858003629	230.0	15	1.05	0.95				
	120	1	98.91340921263158	20.09178624631579	0.0	0.0	1	1.040257081558658	6.411369270288209	230.0	15	1.05	0.95				
	121	2	0.0	0.0	0.0	0.0	1	1.05	13.160295289858409	230.0	17	1.05	0.95				
	122	2	0.0	0.0	0.0	0.0	1	1.05	21.205701013442024	230.0	17	1.05	0.95				
	123	2	0.0	0.0	0.0	0.0	1	1.043680960631829	6.957048336592172	230.0	15	1.05	0.95				
	124	1	0.0	0.0	0.0	0.0	1	1.0193916748466463	4.254497569010147	230.0	16	1.05	0.95				
	201	2	102.59405007157896	20.898787977543858	0.0	0.0	2	1.05	-18.724397109249708	138.0	21	1.05	0.95				
	202	2	92.144656082807	18.99889816140351	0.0	0.0	2	1.05	-18.797696650353412	138.0	22	1.05	0.95				
	203	1	170.99008345263158	35.14796159859649	0.0	0.0	2	1.0169619171565842	-13.709366743416457	138.0	21	1.05	0.95				
	204	1	70.29592319719298	14.24917362105263	0.0	0.0	2	1.0147595119361443	-20.272692505915092	138.0	21	1.05	0.95				
	205	1	67.44608847298245	13.299228712982455	0.0	0.0	2	1.033709270130862	-20.908278545061066	138.0	21	1.05	0.95				
	206	1	129.1925074975439	26.59845742596491	0.0	-100.0	2	1.0283694974625404	-23.02671802709985	138.0	22	1.05	0.95				
	207	2	118.74311350877194	23.748622701754385	0.0	0.0	2	0.95	-31.4741454344713	138.0	22	1.05	0.95				
	208	1	162.44057928	33.24807178245614	0.0	0.0	2	0.9501197024043601	-29.242141378929126	138.0	22	1.05	0.95				
	209	1	166.24035891228067	34.19801669052631	0.0	0.0	2	1.0173128491715362	-17.62666927888024	138.0	23	1.05	0.95				
	210	1	185.2392570736842	37.99779632280702	0.0	0.0	2	1.0418041393846325	-20.160013778242906	138.0	23	1.05	0.95				
	211	1	0.0	0.0	0.0	0.0	2	1.0278870592669356	-11.76745433678013	230.0	23	1.05	0.95				
	212	1	0.0	0.0	0.0	0.0	2	1.0169859274663975	-10.242321920485374	230.0	23	1.05	0.95				
	213	2	251.73540063859647	51.29702503578948	0.0	0.0	2	1.05	-7.116100900632835	230.0	24	1.05	0.95				
	214	2	184.289312165614	37.04785141473684	0.0	0.0	2	1.05	-9.104262837943288	230.0	26	1.05	0.95				
	215	2	301.1325358582456	60.796474116491225	0.0	0.0	2	1.040985558067195	0.9990707636332873	230.0	26	1.05	0.95				
	216	2	94.99449080701754	18.99889816140351	0.0	0.0	2	1.0455735429489097	0.6102462378322628	230.0	26	1.05	0.95				
	217	1	0.0	0.0	0.0	0.0	2	1.0481125029722005	4.3128855876198635	230.0	27	1.05	0.95				
	218	2	316.3316543873684	64.59625374877194	0.0	0.0	2	1.05	4.861125355188654	230.0	27	1.05	0.95				
	219	1	171.94002836070175	35.14796159859649	0.0	0.0	2	1.0400490589084141	-0.02765527615637514	230.0	25	1.05	0.95				
	220	1	121.59294823298245	24.69856760982456	0.0	0.0	2	1.044254060431467	1.1991628513854629	230.0	25	1.05	0.95				
	221	2	0.0	0.0	0.0	0.0	2	1.05	5.5375827359844205	230.0	27	1.05	0.95				
	222	2	0.0	0.0	0.0	0.0	2	1.05	11.568796749963244	230.0	27	1.05	0.95				
	223	2	0.0	0.0	0.0	0.0	2	1.05	2.5576249163095546	230.0	25	1.05	0.95				
	224	1	0.0	0.0	0.0	0.0	2	1.0130774270837937	-4.447811453939323	230.0	26	1.05	0.95				
	301	2	78.00189813473686	15.889275545964912	0.0	0.0	3	1.0162212769240029	-11.25790956029619	138.0	31	1.05	0.95				
	302	2	70.05726036175439	14.444795950877195	0.0	0.0	3	1.0143456036562715	-11.669101167662639	138.0	32	1.05	0.95				
	303	1	130.00316355789474	26.72287250912281	0.0	0.0	3	1.0442849940227845	0.8402663717911336	138.0	31	1.05	0.95				
	304	1	53.44574501824562	10.833596963157895	0.0	0.0	3	1.0075524366947648	-10.15180693954035	138.0	31	1.05	0.95				
	305	1	51.27902562561404	10.111357165614036	0.0	0.0	3	1.0235236313175284	-11.313655644219866	138.0	31	1.05	0.95				
	306	1	98.22461246596492	20.222714331228072	0.0	-100.0	3	1.0332791220370794	-12.14146114645957	138.0	32	1.05	0.95				
	307	2	90.27997469298245	18.05599493859649	0.0	0.0	3	1.0040955163708767	-14.272647872096503	138.0	32	1.05	0.95				
	308	1	123.50300538	25.278392914035088	0.0	0.0	3	0.9982371082831917	-13.596707462222382	138.0	32	1.05	0.95				
	309	1	126.39196457017545	26.000632711578948	0.0	0.0	3	1.0272814334135134	-5.959472938744655	138.0	33	1.05	0.95				
	310	1	140.83676052105264	28.88959190175439	0.0	0.0	3	1.05	-9.057954050696814	138.0	33	1.05	0.95				
	311	1	0.0	0.0	0.0	0.0	3	1.0197051442264216	-2.3861074555700608	230.0	33	1.05	0.95				
	312	1	0.0	0.0	0.0	0.0	3	1.020215238976327	-1.548857887268865	230.0	33	1.05	0.95				
	313	2	191.39354634912283	39.00094906736843	0.0	0.0	3	1.0288158264287484	1.7083212677235615	230.0	34	1.05	0.95				
	314	2	140.11452072350878	28.16735210421053	0.0	0.0	3	1.0276888057880664	-0.8910150700125347	230.0	36	1.05	0.95				
	315	2	228.9500158214035	46.22334704280702	0.0	0.0	3	1.0481093329715343	3.757560066641175	230.0	36	1.05	0.95				
	316	2	72.22397975438597	14.444795950877195	0.0	0.0	3	1.0444498075944517	3.214983690446157	230.0	36	1.05	0.95				
	317	1	0.0	0.0	0.0	0.0	3	1.0479941650438636	5.077282924685255	230.0	37	1.05	0.95				
	318	2	240.5058525821053	49.11230623298246	0.0	0.0	3	1.0477457677398043	4.749327642184156	230.0	37	1.05	0.95				
	319	1	130.7254033554386	26.72287250912281	0.0	0.0	3	1.0397314558137827	3.0186968528494753	230.0	35	1.05	0.95				
	320	1	92.44669408561404	18.778234736140355	0.0	0.0	3	1.040380666857906	3.60516254653783	230.0	35	1.05	0.95				
	321	2	0.0	0.0	0.0	0.0	3	1.05	6.356483020787534	230.0	37	1.05	0.95				
	322	2	0.0	0.0	0.0	0.0	3	1.05	11.629813673836761	230.0	37	1.05	0.95				
	323	2	0.0	0.0	0.0	0.0	3	1.042434695232447	4.329773927087497	230.0	35	1.05	0.95				
	324	1	0.0	0.0	0.0	0.0	3	1.0422957511194288	3.621448601020359	230.0	36	1.05	0.95				
	325	1	0.0	0.0	0.0	0.0	3	1.0414545734013818	5.07076669144966	230.0	35	1.05	0.95				
];

%% generator data
%    bus    Pg    Qg    Qmax    Qmin    Vg    mBase    status    Pmax    Pmin    Pc1    Pc2    Qc1min    Qc1max    Qc2min    Qc2max    ramp_agc    ramp_10    ramp_30    ramp_q    apf
