%% MATPOWER Case Format : Version 2
function mpc = RTS_GMLC
mpc.version = '2';

%%-----  Power Flow Data  -----%%
%% system MVA base
mpc.baseMVA = 100.0;
%% bus data
%    bus_i    type    Pd    Qd    Gs    Bs    area    Vm    Va    baseKV    zone    Vmax    Vmin
mpc.bus = [
	101	2	78.58189015578948	16.00742206877193	0.0	0.0	1	1.031245691461578	-2.2140790846970684	138.0	11	1.05	0.95				
	102	2	70.57817912140351	14.552201880701753	0.0	0.0	1	1.031262415189688	-2.2732594288119747	138.0	12	1.05	0.95				
	103	1	130.9698169263158	26.921573479298246	0.0	0.0	1	1.0203290975765467	-2.6790601251565827	138.0	11	1.05	0.95				
	104	1	53.84314695859649	10.914151410526316	0.0	0.0	1	1.0159316464523385	-5.125058826744122	138.0	11	1.05	0.95				
	105	1	51.66031667649123	10.186541316491228	0.0	0.0	1	1.030903717727278	-5.164842614570936	138.0	11	1.05	0.95				
	106	1	98.95497278877194	20.373082632982456	0.0	-100.0	1	1.0365184057072598	-7.478343032528726	138.0	12	1.05	0.95				
	107	2	90.95126175438595	18.19025235087719	0.0	0.0	1	1.05	-4.3210273637616465	138.0	12	1.05	0.95				
	108	1	124.42132607999999	25.466353291228067	0.0	0.0	1	1.026288100878173	-6.921667422326064	138.0	12	1.05	0.95				
	109	1	127.33176645614034	26.193963385263157	0.0	0.0	1	1.0266992644539004	-4.508268162873109	138.0	13	1.05	0.95				
	110	1	141.8839683368421	29.104403761403507	0.0	0.0	1	1.05	-5.853142292801275	138.0	13	1.05	0.95				
	111	1	0.0	0.0	0.0	0.0	1	1.0132049106351955	-1.5978958974878699	230.0	13	1.05	0.95				
	112	1	0.0	0.0	0.0	0.0	1	1.0159015896366903	-0.765618411318971	230.0	13	1.05	0.95				
	113	3	192.81667491929824	39.29094507789474	0.0	0.0	1	1.0141900975832465	-1.818053554197695e-27	230.0	14	1.05	0.95				
	114	2	141.15635824280702	28.37679366736842	0.0	0.0	1	1.0153016042577572	0.6379316328127271	230.0	16	1.05	0.95				
	115	2	230.65239980912278	46.56704601824561	0.0	0.0	1	1.0450874505488588	8.559996545739915	230.0	16	1.05	0.95				
	116	2	72.76100940350877	14.552201880701753	0.0	0.0	1	1.0432893840265607	8.16285584211035	230.0	16	1.05	0.95				
	117	1	0.0	0.0	0.0	0.0	1	1.047145326168071	11.178603205944572	230.0	17	1.05	0.95				
	118	2	242.29416131368419	49.47748639438597	0.0	0.0	1	1.049249342364897	11.825486666228883	230.0	17	1.05	0.95				
	119	1	131.6974270203509	26.921573479298246	0.0	0.0	1	1.037673641060082	6.871757606814329	230.0	15	1.05	0.95				
	120	1	93.13409203649123	18.91786244491228	0.0	0.0	1	1.039273931051848	7.123244294848821	230.0	15	1.05	0.95				
	121	2	0.0	0.0	0.0	0.0	1	1.05	12.504518004672752	230.0	17	1.05	0.95				
	122	2	0.0	0.0	0.0	0.0	1	1.05	18.571710202707013	230.0	17	1.05	0.95				
	123	2	0.0	0.0	0.0	0.0	1	1.0421330738078407	7.798642054260992	230.0	15	1.05	0.95				
	124	1	0.0	0.0	0.0	0.0	1	1.0217386245350537	4.4064136784063646	230.0	16	1.05	0.95				
	201	2	90.66016057263158	18.467810487017545	0.0	0.0	2	1.05	-12.187270818004171	138.0	21	1.05	0.95				
	202	2	81.42625532912281	16.788918624561404	0.0	0.0	2	1.05	-12.226265299563549	138.0	22	1.05	0.95				
	203	1	151.10026762105264	31.059499455438598	0.0	0.0	2	1.0256228754368892	-8.976813818605093	138.0	21	1.05	0.95				
	204	1	62.118998910877195	12.591688968421053	0.0	0.0	2	1.0213200033202203	-14.133156187503866	138.0	21	1.05	0.95				
	205	1	59.60066111719298	11.752243037192985	0.0	0.0	2	1.0389867024047632	-14.58157007429295	138.0	21	1.05	0.95				
	206	1	114.16464664701755	23.50448607438597	0.0	-100.0	2	1.0376712168801412	-16.697088983561674	138.0	22	1.05	0.95				
	207	2	104.93074140350878	20.986148280701755	0.0	0.0	2	0.95	-27.939020048198365	138.0	22	1.05	0.95				
	208	1	143.54525424	29.380607592982454	0.0	0.0	2	0.9551240784194107	-24.39240430865212	138.0	22	1.05	0.95				
	209	1	146.9030379649123	30.220053524210527	0.0	0.0	2	1.0247737580827365	-12.334420716801068	138.0	23	1.05	0.95				
	210	1	163.69195658947368	33.57783724912281	0.0	0.0	2	1.049422555916282	-14.416458224562165	138.0	23	1.05	0.95				
	211	1	0.0	0.0	0.0	0.0	2	1.031544554379368	-6.938495613397454	230.0	23	1.05	0.95				
	212	1	0.0	0.0	0.0	0.0	2	1.022954791101298	-5.568526158389531	230.0	23	1.05	0.95				
	213	2	222.4531717754386	45.33008028631579	0.0	0.0	2	1.05	-2.4425485974513625	230.0	24	1.05	0.95				
	214	2	162.85251065824562	32.73839131789474	0.0	0.0	2	1.05	-4.727986793004675	230.0	26	1.05	0.95				
	215	2	266.10436019929824	53.7245395985965	0.0	0.0	2	1.0441333829879391	3.7007866359995583	230.0	26	1.05	0.95				
	216	2	83.94459312280702	16.788918624561404	0.0	0.0	2	1.0486563087085556	3.6015990538999283	230.0	26	1.05	0.95				
	217	1	0.0	0.0	0.0	0.0	2	1.0491507150856878	6.819195581874341	230.0	27	1.05	0.95				
	218	2	279.5354950989474	57.082323323508774	0.0	0.0	2	1.05	7.437480692027833	230.0	27	1.05	0.95				
	219	1	151.93971355228072	31.059499455438598	0.0	0.0	2	1.0429714204538112	3.1183373182249152	230.0	25	1.05	0.95				
	220	1	107.449079197193	21.82559421192983	0.0	0.0	2	1.0456706473036153	4.266867382516207	230.0	25	1.05	0.95				
	221	2	0.0	0.0	0.0	0.0	2	1.05	7.919463392740271	230.0	27	1.05	0.95				
	222	2	0.0	0.0	0.0	0.0	2	1.05	13.999699249876436	230.0	27	1.05	0.95				
	223	2	0.0	0.0	0.0	0.0	2	1.05	5.5050273011689965	230.0	25	1.05	0.95				
	224	1	0.0	0.0	0.0	0.0	2	1.0211940207262786	-1.0155887975621098	230.0	26	1.05	0.95				
	301	2	70.02404302736842	14.264156912982456	0.0	0.0	3	1.0137874221290686	-16.491320046329186	138.0	31	1.05	0.95				
	302	2	62.89196457087719	12.967415375438595	0.0	0.0	3	1.0124184435661894	-16.851447756562155	138.0	32	1.05	0.95				
	303	1	116.70673837894736	23.9897184445614	0.0	0.0	3	1.0218023064369635	-11.09878648292514	138.0	31	1.05	0.95				
	304	1	47.9794368891228	9.725561531578947	0.0	0.0	3	1.0087842367550637	-15.683736923056305	138.0	31	1.05	0.95				
	305	1	46.03432458280701	9.077190762807017	0.0	0.0	3	1.0232863588436498	-16.301848077611034	138.0	31	1.05	0.95				
	306	1	88.17842455298246	18.154381525614035	0.0	-100.0	3	1.0350253733734578	-16.927281141620433	138.0	32	1.05	0.95				
	307	2	81.04634609649122	16.209269219298246	0.0	0.0	3	1.006842126261575	-18.62385521315117	138.0	32	1.05	0.95				
	308	1	110.87140145999999	22.69297690701754	0.0	0.0	3	1.0023467594234834	-18.311888937871608	138.0	32	1.05	0.95				
	309	1	113.46488453508772	23.34134767578947	0.0	0.0	3	1.027625223092952	-12.079584863320306	138.0	33	1.05	0.95				
	310	1	126.43229991052631	25.93483075087719	0.0	0.0	3	1.05	-14.033941134839177	138.0	33	1.05	0.95				
	311	1	0.0	0.0	0.0	0.0	3	1.0186050718324855	-7.266061691145549	230.0	33	1.05	0.95				
	312	1	0.0	0.0	0.0	0.0	3	1.0179153375709582	-5.896855975131225	230.0	33	1.05	0.95				
	313	2	171.81825372456137	35.01202151368421	0.0	0.0	3	1.0294416954818355	-2.596436132343172	230.0	34	1.05	0.95				
	314	2	125.78392914175438	25.286459982105264	0.0	0.0	3	1.0266332431018153	-5.621606779656502	230.0	36	1.05	0.95				
	315	2	205.53353370070172	41.495729201403506	0.0	0.0	3	1.046734940182212	0.538418939768374	230.0	36	1.05	0.95				
	316	2	64.83707687719298	12.967415375438595	0.0	0.0	3	1.0453495301854758	0.6353858872536764	230.0	36	1.05	0.95				
	317	1	0.0	0.0	0.0	0.0	3	1.047456909404782	2.4945123939719167	230.0	37	1.05	0.95				
	318	2	215.90746600105263	44.08921227649123	0.0	0.0	3	1.0475552477409962	2.6200704601840408	230.0	37	1.05	0.95				
	319	1	117.35510914771929	23.9897184445614	0.0	0.0	3	1.0428142115757488	0.9054283948521156	230.0	35	1.05	0.95				
	320	1	82.99145840280701	16.857639988070176	0.0	0.0	3	1.0461058962778804	2.356018151722457	230.0	35	1.05	0.95				
	321	2	0.0	0.0	0.0	0.0	3	1.05	3.8434393288487034	230.0	37	1.05	0.95				
	322	2	0.0	0.0	0.0	0.0	3	1.05	9.089184967304053	230.0	37	1.05	0.95				
	323	2	0.0	0.0	0.0	0.0	3	1.05	3.622340896311343	230.0	35	1.05	0.95				
	324	1	0.0	0.0	0.0	0.0	3	1.0227794419830885	-3.7628777654219006	230.0	36	1.05	0.95				
	325	1	0.0	0.0	0.0	0.0	3	1.0483698591922996	4.35872853109842	230.0	35	1.05	0.95				
];

%% generator data
%    bus    Pg    Qg    Qmax    Qmin    Vg    mBase    status    Pmax    Pmin    Pc1    Pc2    Qc1min    Qc1max    Qc2min    Qc2max    ramp_agc    ramp_10    ramp_30    ramp_q    apf
