%% MATPOWER Case Format : Version 2
function mpc = RTS_GMLC
mpc.version = '2';

%%-----  Power Flow Data  -----%%
%% system MVA base
mpc.baseMVA = 100.0;
%% bus data
%    bus_i    type    Pd    Qd    Gs    Bs    area    Vm    Va    baseKV    zone    Vmax    Vmin
mpc.bus = [
	101	2	72.79713015157895	14.829045030877195	0.0	0.0	1	1.033699198127357	-1.010621009277508	138.0	11	1.05	0.95				
	102	2	65.38260763614035	13.480950028070177	0.0	0.0	1	1.0336957901554824	-1.076256075319402	138.0	12	1.05	0.95				
	103	1	121.32855025263159	24.939757551929826	0.0	0.0	1	1.0241620723214913	-1.5637065371171157	138.0	11	1.05	0.95				
	104	1	49.87951510385965	10.110712521052632	0.0	0.0	1	1.0178454357518383	-4.162255058219781	138.0	11	1.05	0.95				
	105	1	47.857372599649125	9.436665019649123	0.0	0.0	1	1.0327406413762297	-4.181390590858793	138.0	11	1.05	0.95				
	106	1	91.67046019087721	18.873330039298246	0.0	-100.0	1	1.0385348138187718	-6.575189397462458	138.0	12	1.05	0.95				
	107	2	84.2559376754386	16.851187535087718	0.0	0.0	1	1.0421374161463008	-4.563646348897815	138.0	12	1.05	0.95				
	108	1	115.26212274000001	23.591662549122805	0.0	0.0	1	1.0232369335405926	-6.678067464784964	138.0	12	1.05	0.95				
	109	1	117.95831274561404	24.265710050526316	0.0	0.0	1	1.0263634108512039	-3.968976875853181	138.0	13	1.05	0.95				
	110	1	131.43926277368422	26.961900056140355	0.0	0.0	1	1.05	-5.272595929882261	138.0	13	1.05	0.95				
	111	1	0.0	0.0	0.0	0.0	1	1.0106375641102172	-1.4658801014359408	230.0	13	1.05	0.95				
	112	1	0.0	0.0	0.0	0.0	1	1.014490816948159	-0.882315578697242	230.0	13	1.05	0.95				
	113	3	178.62258787192982	36.39856507578948	0.0	0.0	1	1.009933676454189	-3.22818085481418e-30	230.0	14	1.05	0.95				
	114	2	130.7652152722807	26.287852554736844	0.0	0.0	1	1.0103816787165627	0.48658618632606104	230.0	16	1.05	0.95				
	115	2	213.6730579449123	43.13904008982456	0.0	0.0	1	1.0418581594988048	8.066108810167266	230.0	16	1.05	0.95				
	116	2	67.40475014035087	13.480950028070177	0.0	0.0	1	1.0390045654470443	7.296125456312887	230.0	16	1.05	0.95				
	117	1	0.0	0.0	0.0	0.0	1	1.0435246592783909	9.961188305343123	230.0	17	1.05	0.95				
	118	2	224.4578179673684	45.835230095438604	0.0	0.0	1	1.0453191680267746	10.363461167771911	230.0	17	1.05	0.95				
	119	1	122.00259775403511	24.939757551929826	0.0	0.0	1	1.0328695314048248	5.830620830210775	230.0	15	1.05	0.95				
	120	1	86.27808017964912	17.525235036491228	0.0	0.0	1	1.03300841372893	5.610794914514303	230.0	15	1.05	0.95				
	121	2	0.0	0.0	0.0	0.0	1	1.048250494917506	12.053369522794728	230.0	17	1.05	0.95				
	122	2	0.0	0.0	0.0	0.0	1	1.05	17.74670900545329	230.0	17	1.05	0.95				
	123	2	0.0	0.0	0.0	0.0	1	1.0347411971219211	5.9955926112978	230.0	15	1.05	0.95				
	124	1	0.0	0.0	0.0	0.0	1	1.0231682553155543	4.48660674700357	230.0	16	1.05	0.95				
	201	2	70.94034314526316	14.450810640701755	0.0	0.0	2	1.0345581761259017	-13.342442668897467	138.0	21	1.05	0.95				
	202	2	63.714937824912276	13.13710058245614	0.0	0.0	2	1.0346885792295477	-13.449069388339817	138.0	22	1.05	0.95				
	203	1	118.23390524210527	24.303636077543857	0.0	0.0	2	1.0250859751984565	-9.999661270920228	138.0	21	1.05	0.95				
	204	1	48.60727215508771	9.852825436842105	0.0	0.0	2	1.017785794557432	-15.444844032071343	138.0	21	1.05	0.95				
	205	1	46.6367070677193	9.1959704077193	0.0	0.0	2	1.0337780201712985	-15.86446768653083	138.0	21	1.05	0.95				
	206	1	89.33228396070176	18.3919408154386	0.0	-100.0	2	1.039697276027896	-17.902469315324655	138.0	22	1.05	0.95				
	207	2	82.10687864035087	16.421375728070174	0.0	0.0	2	0.9799596638725006	-27.725304995024082	138.0	22	1.05	0.95				
	208	1	112.32220998	22.98992601929824	0.0	0.0	2	0.9809551280302001	-24.524865318202757	138.0	22	1.05	0.95				
	209	1	114.94963009649122	23.64678104842105	0.0	0.0	2	1.02431151246603	-14.415733498347155	138.0	23	1.05	0.95				
	210	1	128.08673067894736	26.27420116491228	0.0	0.0	2	1.05	-16.352758935667207	138.0	23	1.05	0.95				
	211	1	0.0	0.0	0.0	0.0	2	1.0208741638404786	-10.757991785464183	230.0	23	1.05	0.95				
	212	1	0.0	0.0	0.0	0.0	2	1.0164673864599862	-9.599766369674787	230.0	23	1.05	0.95				
	213	2	174.06658271754384	35.47017157263158	0.0	0.0	2	1.0243992386299436	-9.176031783832379	230.0	24	1.05	0.95				
	214	2	127.42987564982455	25.617346135789475	0.0	0.0	2	1.0335409633491504	-7.589189602117344	230.0	26	1.05	0.95				
	215	2	208.2230442319298	42.03872186385965	0.0	0.0	2	1.041126610854847	1.0637492128577608	230.0	26	1.05	0.95				
	216	2	65.6855029122807	13.13710058245614	0.0	0.0	2	1.043890524252063	0.9194453291820812	230.0	26	1.05	0.95				
	217	1	0.0	0.0	0.0	0.0	2	1.0455563968335362	4.023627136782958	230.0	27	1.05	0.95				
	218	2	218.73272469789472	44.66614198035088	0.0	0.0	2	1.0470897092111349	4.452676945033203	230.0	27	1.05	0.95				
	219	1	118.89076027122807	24.303636077543857	0.0	0.0	2	1.0420835258228116	0.6275686216075954	230.0	25	1.05	0.95				
	220	1	84.0774437277193	17.078230757192983	0.0	0.0	2	1.045978915926904	1.6073412818320731	230.0	25	1.05	0.95				
	221	2	0.0	0.0	0.0	0.0	2	1.0471910381931129	4.344821349436283	230.0	27	1.05	0.95				
	222	2	0.0	0.0	0.0	0.0	2	1.05	10.728068098150462	230.0	27	1.05	0.95				
	223	2	0.0	0.0	0.0	0.0	2	1.05	2.6217326994939114	230.0	25	1.05	0.95				
	224	1	0.0	0.0	0.0	0.0	2	1.021308548134778	-3.0590540684818226	230.0	26	1.05	0.95				
	301	2	57.57038912842105	11.727301489122807	0.0	0.0	3	1.0019640694508567	1.737859512120261	138.0	31	1.05	0.95				
	302	2	51.70673838385965	10.661183171929824	0.0	0.0	3	1.0015079812215606	1.6262384832254357	138.0	32	1.05	0.95				
	303	1	95.95064854736842	19.723188868070174	0.0	0.0	3	1.028070748715118	7.202733995074108	138.0	31	1.05	0.95				
	304	1	39.44637773614035	7.995887378947368	0.0	0.0	3	1.006195476987083	3.3474074389000683	138.0	31	1.05	0.95				
	305	1	37.847200260350874	7.462828220350878	0.0	0.0	3	1.0185135260409952	2.8016755425727142	138.0	31	1.05	0.95				
	306	1	72.49604556912281	14.925656440701756	0.0	-100.0	3	1.0356596087292185	2.785478780134919	138.0	32	1.05	0.95				
	307	2	66.6323948245614	13.32647896491228	0.0	0.0	3	0.9919780654376992	-1.6687605157722405	138.0	32	1.05	0.95				
	308	1	91.15311611999999	18.65707055087719	0.0	0.0	3	0.9996627034804054	0.7397240133190907	138.0	32	1.05	0.95				
	309	1	93.28535275438597	19.190129709473684	0.0	0.0	3	1.0280045309916503	6.922386159569708	138.0	33	1.05	0.95				
	310	1	103.94653592631578	21.32236634385965	0.0	0.0	3	1.05	5.574514696284289	138.0	33	1.05	0.95				
	311	1	0.0	0.0	0.0	0.0	3	1.0113328145224765	11.081999353984981	230.0	33	1.05	0.95				
	312	1	0.0	0.0	0.0	0.0	3	1.0162790299906868	11.885388104881113	230.0	33	1.05	0.95				
	313	2	141.26067702807018	28.785194564210524	0.0	0.0	3	1.0221915373936095	17.001269493144136	230.0	34	1.05	0.95				
	314	2	103.4134767677193	20.78930718526316	0.0	0.0	3	1.0100971623036399	10.765982929159232	230.0	36	1.05	0.95				
	315	2	168.97975327508772	34.11578615017544	0.0	0.0	3	1.0319383637349733	7.963181673351225	230.0	36	1.05	0.95				
	316	2	53.30591585964912	10.661183171929824	0.0	0.0	3	1.0309868223135144	8.984010619262765	230.0	36	1.05	0.95				
	317	1	0.0	0.0	0.0	0.0	3	1.0374793054584996	8.39067498053406	230.0	37	1.05	0.95				
	318	2	177.50869981263156	36.24802278456141	0.0	0.0	3	1.0367887051629787	7.280963898430122	230.0	37	1.05	0.95				
	319	1	96.48370770596492	19.723188868070174	0.0	0.0	3	1.0284967576974566	10.604298425503657	230.0	35	1.05	0.95				
	320	1	68.23157230035088	13.859538123508772	0.0	0.0	3	1.027729167362944	11.717286642688757	230.0	35	1.05	0.95				
	321	2	0.0	0.0	0.0	0.0	3	1.0370369915538824	8.078163229895507	230.0	37	1.05	0.95				
	322	2	0.0	0.0	0.0	0.0	3	1.0499999725887263	12.50890775099374	230.0	37	1.05	0.95				
	323	2	0.0	0.0	0.0	0.0	3	1.0274123175954013	12.251711176440985	230.0	35	1.05	0.95				
	324	1	0.0	0.0	0.0	0.0	3	1.0283783048072215	9.380524753421405	230.0	36	1.05	0.95				
	325	1	0.0	0.0	0.0	0.0	3	1.0300551995271332	12.245285120417574	230.0	35	1.05	0.95				
];
