%% MATPOWER Case Format : Version 2
function mpc = RTS_GMLC
mpc.version = '2';

%%-----  Power Flow Data  -----%%
%% system MVA base
mpc.baseMVA = 100.0;
%% bus data
%    bus_i    type    Pd    Qd    Gs    Bs    area    Vm    Va    baseKV    zone    Vmax    Vmin
mpc.bus = [
	101	2	72.16922315368423	14.701138049824564	0.0	0.0	1	1.0499999985953032	1.0132501507401641	138.0	11	1.05	0.95				
	102	2	64.81865412877194	13.364670954385968	0.0	0.0	1	1.049507031570385	0.7648266338934967	138.0	12	1.05	0.95				
	103	1	120.2820385894737	24.72464126561404	0.0	0.0	1	1.0299489443107575	-1.3264029848777248	138.0	11	1.05	0.95				
	104	1	49.44928253122808	10.023503215789473	0.0	0.0	1	1.0270518575991026	-3.012151350385816	138.0	11	1.05	0.95				
	105	1	47.44458188807018	9.355269668070179	0.0	0.0	1	1.0401480237238916	-3.3137072633388995	138.0	11	1.05	0.95				
	106	1	90.87976248982457	18.710539336140357	0.0	-100.0	1	1.0416650949999244	-6.401240155703792	138.0	12	1.05	0.95				
	107	2	83.52919346491228	16.705838692982457	0.0	0.0	1	1.0071930786485048	-11.964227093084848	138.0	12	1.05	0.95				
	108	1	114.26793666000002	23.38817417017544	0.0	0.0	1	1.0010247134612504	-11.146627034679263	138.0	12	1.05	0.95				
	109	1	116.9408708508772	24.05640771789474	0.0	0.0	1	1.0261348839023636	-4.46049568663515	138.0	13	1.05	0.95				
	110	1	130.30554180526318	26.729341908771936	0.0	0.0	1	1.05	-5.683518666156675	138.0	13	1.05	0.95				
	111	1	0.0	0.0	0.0	0.0	1	1.011845669413328	-1.9261568585336726	230.0	13	1.05	0.95				
	112	1	0.0	0.0	0.0	0.0	1	1.0151648344232935	-1.3337987258833284	230.0	13	1.05	0.95				
	113	3	177.08189014561404	36.084611576842114	0.0	0.0	1	1.0120238269865403	1.2465213496871325e-27	230.0	14	1.05	0.95				
	114	2	129.63730825754388	26.061108361052636	0.0	0.0	1	1.0121269299060318	-0.39939895775551393	230.0	16	1.05	0.95				
	115	2	211.83003462701757	42.76694705403509	0.0	0.0	1	1.042566620888867	6.440631815347483	230.0	16	1.05	0.95				
	116	2	66.82335477192983	13.364670954385968	0.0	0.0	1	1.0393877647996221	5.788342613686647	230.0	16	1.05	0.95				
	117	1	0.0	0.0	0.0	0.0	1	1.0444266905694728	8.544161865955648	230.0	17	1.05	0.95				
	118	2	222.52177139052637	45.439881244912286	0.0	0.0	1	1.0469516186583276	8.883639638219712	230.0	17	1.05	0.95				
	119	1	120.95027213719301	24.72464126561404	0.0	0.0	1	1.0327152639157426	4.5387903980666975	230.0	15	1.05	0.95				
	120	1	85.53389410807019	17.374072240701757	0.0	0.0	1	1.0317390374118318	4.280004483698103	230.0	15	1.05	0.95				
	121	2	0.0	0.0	0.0	0.0	1	1.05	10.305266071319583	230.0	17	1.05	0.95				
	122	2	0.0	0.0	0.0	0.0	1	1.05	17.164544649134786	230.0	17	1.05	0.95				
	123	2	0.0	0.0	0.0	0.0	1	1.0328307916766295	4.640772300627993	230.0	15	1.05	0.95				
	124	1	0.0	0.0	0.0	0.0	1	1.027833870119805	3.5429526155521214	230.0	16	1.05	0.95				
	201	2	73.64331810947368	15.001416651929825	0.0	0.0	2	1.0319051428468171	-11.830845595155495	138.0	21	1.05	0.95				
	202	2	66.14260978350877	13.637651501754386	0.0	0.0	2	1.0324283773093401	-11.803303283893671	138.0	22	1.05	0.95				
	203	1	122.73886351578949	25.229655278245616	0.0	0.0	2	1.017409058323432	-10.662335033759845	138.0	21	1.05	0.95				
	204	1	50.45931055649123	10.22823862631579	0.0	0.0	2	1.0167813271670783	-13.206685738550812	138.0	21	1.05	0.95				
	205	1	48.41366283122807	9.546356051228072	0.0	0.0	2	1.0323470014422302	-13.476296426502632	138.0	21	1.05	0.95				
	206	1	92.73603021192983	19.092712102456144	0.0	-100.0	2	1.0387670159092646	-15.025086764176104	138.0	22	1.05	0.95				
	207	2	85.23532188596492	17.04706437719298	0.0	0.0	2	0.97492996287554	-25.124285325220722	138.0	22	1.05	0.95				
	208	1	116.60192034	23.865890128070173	0.0	0.0	2	0.9769613371524142	-21.785279174883918	138.0	22	1.05	0.95				
	209	1	119.32945064035087	24.547772703157893	0.0	0.0	2	1.0252208912339476	-11.583593379993177	138.0	23	1.05	0.95				
	210	1	132.96710214210526	27.27530300350877	0.0	0.0	2	1.05	-12.985039069140646	138.0	23	1.05	0.95				
	211	1	0.0	0.0	0.0	0.0	2	1.0203407165781337	-8.05162055887241	230.0	23	1.05	0.95				
	212	1	0.0	0.0	0.0	0.0	2	1.0221395622284086	-3.44830582929801	230.0	23	1.05	0.95				
	213	2	180.69888239824562	36.82165905473684	0.0	0.0	2	1.0258129657163892	-5.5941501495878905	230.0	24	1.05	0.95				
	214	2	132.28521956701755	26.593420428421055	0.0	0.0	2	1.0286785426237115	-6.0169929626363245	230.0	26	1.05	0.95				
	215	2	216.15677630280703	43.64048480561404	0.0	0.0	2	1.0390978167966125	1.178918051689551	230.0	26	1.05	0.95				
	216	2	68.18825750877193	13.637651501754386	0.0	0.0	2	1.0407332221397294	1.0530152557375425	230.0	26	1.05	0.95				
	217	1	0.0	0.0	0.0	0.0	2	1.0427204284872416	3.420217046322649	230.0	27	1.05	0.95				
	218	2	227.06689750421054	46.368015105964915	0.0	0.0	2	1.0432318767502682	3.6061687739031805	230.0	27	1.05	0.95				
	219	1	123.4207460908772	25.229655278245616	0.0	0.0	2	1.039839609232042	0.8815055606926087	230.0	25	1.05	0.95				
	220	1	87.28096961122807	17.7289469522807	0.0	0.0	2	1.0448709428316476	2.0166738028933198	230.0	25	1.05	0.95				
	221	2	0.0	0.0	0.0	0.0	2	1.0435772239289092	3.561309160769904	230.0	27	1.05	0.95				
	222	2	0.0	0.0	0.0	0.0	2	1.05	10.011926626157667	230.0	27	1.05	0.95				
	223	2	0.0	0.0	0.0	0.0	2	1.049717192553308	3.1329551011662713	230.0	25	1.05	0.95				
	224	1	0.0	0.0	0.0	0.0	2	1.0161890192392766	-3.211254574775611	230.0	26	1.05	0.95				
	301	2	71.56153117894736	14.57734894385965	0.0	0.0	3	1.0020575915000396	-11.773137852208187	138.0	31	1.05	0.95				
	302	2	64.27285670701754	13.252135403508772	0.0	0.0	3	1.001896151117882	-11.844338714326991	138.0	32	1.05	0.95				
	303	1	119.26921863157895	24.516450496491228	0.0	0.0	3	1.0152920442481026	-6.898409328470775	138.0	31	1.05	0.95				
	304	1	49.032900992982455	9.939101552631579	0.0	0.0	3	1.002816566199562	-9.394090979228968	138.0	31	1.05	0.95				
	305	1	47.04508068245614	9.27649478245614	0.0	0.0	3	1.0158783761004841	-9.881491936852575	138.0	31	1.05	0.95				
	306	1	90.11452074385964	18.55298956491228	0.0	-100.0	3	1.031492666077698	-9.5507925021858	138.0	32	1.05	0.95				
	307	2	82.82584627192982	16.565169254385964	0.0	0.0	3	0.9961822778964541	-14.653725984790169	138.0	32	1.05	0.95				
	308	1	113.3057577	23.191236956140347	0.0	0.0	3	0.9996678406084628	-11.576125030268244	138.0	32	1.05	0.95				
	309	1	115.95618478070176	23.853843726315787	0.0	0.0	3	1.0280339176054676	-4.7023157746463085	138.0	33	1.05	0.95				
	310	1	129.20832018421052	26.504270807017544	0.0	0.0	3	1.05	-5.871228688587353	138.0	33	1.05	0.95				
	311	1	0.0	0.0	0.0	0.0	3	1.020755206960904	1.7435687865611602	230.0	33	1.05	0.95				
	312	1	0.0	0.0	0.0	0.0	3	1.0231294827483257	3.175862717715612	230.0	33	1.05	0.95				
	313	2	175.5907940964912	35.78076558947368	0.0	0.0	3	1.0474998333371126	9.620104468973764	230.0	34	1.05	0.95				
	314	2	128.54571341403508	25.841664036842104	0.0	0.0	3	1.0267875555549448	1.6637322893682038	230.0	36	1.05	0.95				
	315	2	210.04634614561405	42.40683329122807	0.0	0.0	3	1.0406048333550875	1.3175527613361653	230.0	36	1.05	0.95				
	316	2	66.26067701754386	13.252135403508772	0.0	0.0	3	1.0417813663913194	2.8250748843494486	230.0	36	1.05	0.95				
	317	1	0.0	0.0	0.0	0.0	3	1.0477544663144915	4.559137828922331	230.0	37	1.05	0.95				
	318	2	220.64805446842107	45.05726037192982	0.0	0.0	3	1.0443552986206657	2.99067090657048	230.0	37	1.05	0.95				
	319	1	119.93182540175438	24.516450496491228	0.0	0.0	3	1.0404895363834905	4.316988054992052	230.0	35	1.05	0.95				
	320	1	84.81366658245614	17.227776024561404	0.0	0.0	3	1.041974341685837	5.479909183014745	230.0	35	1.05	0.95				
	321	2	0.0	0.0	0.0	0.0	3	1.044241952571755	3.023321083417613	230.0	37	1.05	0.95				
	322	2	0.0	0.0	0.0	0.0	3	1.05	7.962009479683093	230.0	37	1.05	0.95				
	323	2	0.0	0.0	0.0	0.0	3	1.0432463005804273	6.041427191750169	230.0	35	1.05	0.95				
	324	1	0.0	0.0	0.0	0.0	3	1.0216822429338885	-1.0362371285539154	230.0	36	1.05	0.95				
	325	1	0.0	0.0	0.0	0.0	3	1.0437222442624454	6.402500767085527	230.0	35	1.05	0.95				
];
