%% MATPOWER Case Format : Version 2
function mpc = RTS_GMLC
mpc.version = '2';

%%-----  Power Flow Data  -----%%
%% system MVA base
mpc.baseMVA = 100.0;
%% bus data
%    bus_i    type    Pd    Qd    Gs    Bs    area    Vm    Va    baseKV    zone    Vmax    Vmin
mpc.bus = [
	101	2	63.05789213052632	12.845126174736842	0.0	0.0	1	1.0419632427684409	1.6492642784357079	138.0	11	1.05	0.95				
	102	2	56.63532904315789	11.677387431578948	0.0	0.0	1	1.0413977839427815	1.4237979790714768	138.0	12	1.05	0.95				
	103	1	105.09648688421053	21.603166748421053	0.0	0.0	1	1.0301892425856372	-0.2790219653888681	138.0	11	1.05	0.95				
	104	1	43.206333496842106	8.75804057368421	0.0	0.0	1	1.023645227647491	-2.3399894373391277	138.0	11	1.05	0.95				
	105	1	41.45472538210526	8.174171202105263	0.0	0.0	1	1.0373864737757628	-2.404605223934965	138.0	11	1.05	0.95				
	106	1	79.40623453473684	16.348342404210527	0.0	-100.0	1	1.0423284260315788	-5.257135493928049	138.0	12	1.05	0.95				
	107	2	72.98367144736841	14.596734289473684	0.0	0.0	1	1.0091122754920625	-11.693790125841804	138.0	12	1.05	0.95				
	108	1	99.84166254	20.435428005263155	0.0	0.0	1	1.0043114728371036	-10.325638917882571	138.0	12	1.05	0.95				
	109	1	102.1771400263158	21.019297376842104	0.0	0.0	1	1.025854660673753	-3.6011603341950327	138.0	13	1.05	0.95				
	110	1	113.85452745789473	23.354774863157896	0.0	0.0	1	1.05	-4.718291762123114	138.0	13	1.05	0.95				
	111	1	0.0	0.0	0.0	0.0	1	1.0090552968930395	-1.28321014836807	230.0	13	1.05	0.95				
	112	1	0.0	0.0	0.0	0.0	1	1.0142626493967923	-0.8926741938958627	230.0	13	1.05	0.95				
	113	3	154.72538346842103	31.52894606526316	0.0	0.0	1	1.0081570577615768	-1.2436643291858243e-28	230.0	14	1.05	0.95				
	114	2	113.27065808631578	22.770905491578947	0.0	0.0	1	1.006735922895872	0.5638543222665672	230.0	16	1.05	0.95				
	115	2	185.08659079052632	37.36763978105263	0.0	0.0	1	1.0415573333091108	7.348106691788873	230.0	16	1.05	0.95				
	116	2	58.386937157894735	11.677387431578948	0.0	0.0	1	1.0383115517458172	6.6314481299867225	230.0	16	1.05	0.95				
	117	1	0.0	0.0	0.0	0.0	1	1.043950158103522	9.226212674923218	230.0	17	1.05	0.95				
	118	2	194.42850073578947	39.70311726736842	0.0	0.0	1	1.0464511982065008	9.543510040143987	230.0	17	1.05	0.95				
	119	1	105.68035625578946	21.603166748421053	0.0	0.0	1	1.0325412388832018	5.217462036798327	230.0	15	1.05	0.95				
	120	1	74.73527956210526	15.180603661052633	0.0	0.0	1	1.0316481440890721	4.73270628983189	230.0	15	1.05	0.95				
	121	2	0.0	0.0	0.0	0.0	1	1.0497655380791007	10.925009427344744	230.0	17	1.05	0.95				
	122	2	0.0	0.0	0.0	0.0	1	1.05	17.351103484348325	230.0	17	1.05	0.95				
	123	2	0.0	0.0	0.0	0.0	1	1.0323689994644152	4.90705473955162	230.0	15	1.05	0.95				
	124	1	0.0	0.0	0.0	0.0	1	1.0274482482212757	4.4991208056320735	230.0	16	1.05	0.95				
	201	2	78.72627103578948	16.03683298877193	0.0	0.0	2	1.0343524197554521	-16.53564268099087	138.0	21	1.05	0.95				
	202	2	70.7078545414035	14.578939080701755	0.0	0.0	2	1.0349319848989458	-16.555643789836065	138.0	22	1.05	0.95				
	203	1	131.21045172631577	26.971037299298246	0.0	0.0	2	1.0165360095232217	-13.571108786209129	138.0	21	1.05	0.95				
	204	1	53.94207459859649	10.934204310526315	0.0	0.0	2	1.016536769407625	-17.859276489106172	138.0	21	1.05	0.95				
	205	1	51.75523373649122	10.205257356491229	0.0	0.0	2	1.0329254176077096	-18.296802704375093	138.0	21	1.05	0.95				
	206	1	99.13678574877194	20.410514712982458	0.0	-100.0	2	1.0379577535286886	-19.95867580966256	138.0	22	1.05	0.95				
	207	2	91.11836925438597	18.22367385087719	0.0	0.0	2	0.9635038122440948	-30.724710552664913	138.0	22	1.05	0.95				
	208	1	124.64992914	25.513143391228066	0.0	0.0	2	0.9675462072937822	-27.103945600851965	138.0	22	1.05	0.95				
	209	1	127.56571695614034	26.242090345263158	0.0	0.0	2	1.024493332170314	-15.96581726544036	138.0	23	1.05	0.95				
	210	1	142.1446560368421	29.15787816140351	0.0	0.0	2	1.05	-17.78114205618014	138.0	23	1.05	0.95				
	211	1	0.0	0.0	0.0	0.0	2	1.0261059041672076	-12.19604700704648	230.0	23	1.05	0.95				
	212	1	0.0	0.0	0.0	0.0	2	1.0240853762440523	-8.042654518545497	230.0	23	1.05	0.95				
	213	2	193.17094281929823	39.36313551789474	0.0	0.0	2	1.0338191764198652	-9.967476651612726	230.0	24	1.05	0.95				
	214	2	141.415709082807	28.428931207368418	0.0	0.0	2	1.0402740428907147	-9.601652422602259	230.0	26	1.05	0.95				
	215	2	231.07618442912278	46.65260505824561	0.0	0.0	2	1.0411356635832727	-0.9329496300086603	230.0	26	1.05	0.95				
	216	2	72.89469540350876	14.578939080701755	0.0	0.0	2	1.0442395959519402	-1.4164727134050714	230.0	26	1.05	0.95				
	217	1	0.0	0.0	0.0	0.0	2	1.044644590505011	1.64866071092594	230.0	27	1.05	0.95				
	218	2	242.7393356936842	49.56839287438597	0.0	0.0	2	1.0457217625119672	1.8428895229360889	230.0	27	1.05	0.95				
	219	1	131.93939868035088	26.971037299298246	0.0	0.0	2	1.0416118849667786	-2.14328992732832	230.0	25	1.05	0.95				
	220	1	93.30521011649122	18.952620804912282	0.0	0.0	2	1.0456554595945886	-1.4066134862448116	230.0	25	1.05	0.95				
	221	2	0.0	0.0	0.0	0.0	2	1.045796228657157	1.6799894797523975	230.0	27	1.05	0.95				
	222	2	0.0	0.0	0.0	0.0	2	1.05	8.175847681870236	230.0	27	1.05	0.95				
	223	2	0.0	0.0	0.0	0.0	2	1.05	-0.4736640685858231	230.0	25	1.05	0.95				
	224	1	0.0	0.0	0.0	0.0	2	1.016032997734146	-5.607624119447658	230.0	26	1.05	0.95				
	301	2	72.3815248168421	14.744384684912278	0.0	0.0	3	1.0043350134309208	-11.355879005435542	138.0	31	1.05	0.95				
	302	2	65.00933247438596	13.403986077192984	0.0	0.0	3	1.0049074895593348	-11.439326683622076	138.0	32	1.05	0.95				
	303	1	120.63587469473684	24.797374242807017	0.0	0.0	3	1.0159896328969502	-6.71065814659135	138.0	31	1.05	0.95				
	304	1	49.59474848561403	10.052989557894735	0.0	0.0	3	1.0025412071363524	-9.087340921501621	138.0	31	1.05	0.95				
	305	1	47.584150574035085	9.382790254035088	0.0	0.0	3	1.0159460715737685	-9.277337781669596	138.0	31	1.05	0.95				
	306	1	91.14710532491227	18.765580508070176	0.0	-100.0	3	1.0306446683080355	-8.85412832909784	138.0	32	1.05	0.95				
	307	2	83.77491298245614	16.754982596491228	0.0	0.0	3	0.9893445952768947	-14.547619103541365	138.0	32	1.05	0.95				
	308	1	114.60408095999999	23.45697563508772	0.0	0.0	3	0.9936728810408736	-11.405660831020635	138.0	32	1.05	0.95				
	309	1	117.2848781754386	24.127174938947366	0.0	0.0	3	1.025236254470206	-4.424226442104934	138.0	33	1.05	0.95				
	310	1	130.6888642526316	26.80797215438597	0.0	0.0	3	1.0484045911409279	-5.046442758212517	138.0	33	1.05	0.95				
	311	1	0.0	0.0	0.0	0.0	3	1.0167237365979849	2.3097472538794976	230.0	33	1.05	0.95				
	312	1	0.0	0.0	0.0	0.0	3	1.0199287847027776	3.550323200910763	230.0	33	1.05	0.95				
	313	2	177.60281552280702	36.19076240842105	0.0	0.0	3	1.0413863232476015	10.103645556777211	230.0	34	1.05	0.95				
	314	2	130.0186649487719	26.137772850526314	0.0	0.0	3	1.022418697192159	2.3495833634111856	230.0	36	1.05	0.95				
	315	2	212.45317932350875	42.89275544701754	0.0	0.0	3	1.0393960607417587	-0.5900145021886997	230.0	36	1.05	0.95				
	316	2	67.01993038596491	13.403986077192984	0.0	0.0	3	1.0397556613951338	0.9709513502858989	230.0	36	1.05	0.95				
	317	1	0.0	0.0	0.0	0.0	3	1.043168684692313	0.7678748473497025	230.0	37	1.05	0.95				
	318	2	223.17636818526316	45.57355266245614	0.0	0.0	3	1.0409351123590722	-0.36645744536111047	230.0	37	1.05	0.95				
	319	1	121.3060739985965	24.797374242807017	0.0	0.0	3	1.0378922333677114	3.1441468377869097	230.0	35	1.05	0.95				
	320	1	85.78551089403508	17.42518190035088	0.0	0.0	3	1.0396320310296876	4.941587094070461	230.0	35	1.05	0.95				
	321	2	0.0	0.0	0.0	0.0	3	1.0417559023462004	0.12559918023070446	230.0	37	1.05	0.95				
	322	2	0.0	0.0	0.0	0.0	3	1.05	4.702033590033525	230.0	37	1.05	0.95				
	323	2	0.0	0.0	0.0	0.0	3	1.0411395891286666	5.760527507567538	230.0	35	1.05	0.95				
	324	1	0.0	0.0	0.0	0.0	3	1.0248576736308965	-0.8759333509483413	230.0	36	1.05	0.95				
	325	1	0.0	0.0	0.0	0.0	3	1.0415107957989693	6.19846600721714	230.0	35	1.05	0.95				
];
