%% MATPOWER Case Format : Version 2
function mpc = RTS_GMLC
mpc.version = '2';

%%-----  Power Flow Data  -----%%
%% system MVA base
mpc.baseMVA = 100.0;
%% bus data
%    bus_i    type    Pd    Qd    Gs    Bs    area    Vm    Va    baseKV    zone    Vmax    Vmin
mpc.bus = [
	101	2	95.50865906526317	19.45546758736842	0.0	0.0	1	1.0372938067610102	-6.919762897203763	138.0	11	1.05	0.95				
	102	2	85.78092527157895	17.686788715789476	0.0	0.0	1	1.0372708833171111	-6.981068353290373	138.0	12	1.05	0.95				
	103	1	159.18109844210525	32.72055912421053	0.0	0.0	1	1.0153453192269808	-7.303716770154087	138.0	11	1.05	0.95				
	104	1	65.44111824842106	13.265091536842105	0.0	0.0	1	1.0158694754545206	-9.446725170602031	138.0	11	1.05	0.95				
	105	1	62.788099941052636	12.380752101052634	0.0	0.0	1	1.032038486032819	-9.515421353443664	138.0	11	1.05	0.95				
	106	1	120.27016326736843	24.761504202105268	0.0	-100.0	1	1.0335218426020434	-11.771423886298438	138.0	12	1.05	0.95				
	107	2	110.54242947368422	22.108485894736845	0.0	0.0	1	1.0468643711133339	-6.218412240507613	138.0	12	1.05	0.95				
	108	1	151.22204352	30.951880252631582	0.0	0.0	1	1.019545774479312	-9.976410103366181	138.0	12	1.05	0.95				
	109	1	154.7594012631579	31.836219688421053	0.0	0.0	1	1.0272127292916489	-7.897235816409322	138.0	13	1.05	0.95				
	110	1	172.44618997894736	35.37357743157895	0.0	0.0	1	1.05	-9.369014743447092	138.0	13	1.05	0.95				
	111	1	0.0	0.0	0.0	0.0	1	1.0203855575155028	-3.901020756489428	230.0	13	1.05	0.95				
	112	1	0.0	0.0	0.0	0.0	1	1.0203163673068365	-2.4776537487896984	230.0	13	1.05	0.95				
	113	3	234.34995048421055	47.75432953263159	0.0	0.0	1	1.0298983332447293	8.51340136947687e-29	230.0	14	1.05	0.95				
	114	2	171.5618505431579	34.48923799578947	0.0	0.0	1	1.0268155505765786	-2.637565999884783	230.0	16	1.05	0.95				
	115	2	280.3356011452632	56.59772389052632	0.0	0.0	1	1.0444118876286805	4.628498525215501	230.0	16	1.05	0.95				
	116	2	88.43394357894738	17.686788715789476	0.0	0.0	1	1.0458597429222023	4.550558286962379	230.0	16	1.05	0.95				
	117	1	0.0	0.0	0.0	0.0	1	1.0481782912825626	7.373522554853266	230.0	17	1.05	0.95				
	118	2	294.4850321178948	60.135081633684216	0.0	0.0	1	1.0494340992194289	7.9172565443459915	230.0	17	1.05	0.95				
	119	1	160.06543787789477	32.72055912421053	0.0	0.0	1	1.0408443588370717	3.978927689258563	230.0	15	1.05	0.95				
	120	1	113.19544778105264	22.99282533052632	0.0	0.0	1	1.0446771845847493	5.135358732318906	230.0	15	1.05	0.95				
	121	2	0.0	0.0	0.0	0.0	1	1.05	8.843107621845819	230.0	17	1.05	0.95				
	122	2	0.0	0.0	0.0	0.0	1	1.05	14.801983597365075	230.0	17	1.05	0.95				
	123	2	0.0	0.0	0.0	0.0	1	1.0498575681354212	6.409012150898785	230.0	15	1.05	0.95				
	124	1	0.0	0.0	0.0	0.0	1	1.0185579661113335	0.2350943323530085	230.0	16	1.05	0.95				
	201	2	80.9192507494737	16.48355107859649	0.0	0.0	2	1.040849520211463	-7.536799480693445	138.0	21	1.05	0.95				
	202	2	72.67747521017544	14.985046435087721	0.0	0.0	2	1.0408270391685823	-7.635111713627958	138.0	22	1.05	0.95				
	203	1	134.8654179157895	27.72233590491228	0.0	0.0	2	1.0291001220443323	-6.088094547470252	138.0	21	1.05	0.95				
	204	1	55.44467180982456	11.238784826315792	0.0	0.0	2	1.0202476734658723	-9.277230313538304	138.0	21	1.05	0.95				
	205	1	53.196914844561405	10.489532504561405	0.0	0.0	2	1.0359345510885771	-9.525995075069885	138.0	21	1.05	0.95				
	206	1	101.89831575859651	20.97906500912281	0.0	-100.0	2	1.0387411268665334	-11.351818801282727	138.0	22	1.05	0.95				
	207	2	93.65654021929825	18.731308043859652	0.0	0.0	2	0.96011940425216	-22.65022010298193	138.0	22	1.05	0.95				
	208	1	128.12214702000003	26.223831261403515	0.0	0.0	2	0.9650354177215344	-18.91635513673917	138.0	22	1.05	0.95				
	209	1	131.11915630701756	26.973083583157898	0.0	0.0	2	1.0270288844908138	-7.6049818611759425	138.0	23	1.05	0.95				
	210	1	146.10420274210526	29.970092870175442	0.0	0.0	2	1.05	-9.198378500062823	138.0	23	1.05	0.95				
	211	1	0.0	0.0	0.0	0.0	2	1.0258145568896706	-2.8674720404060148	230.0	23	1.05	0.95				
	212	1	0.0	0.0	0.0	0.0	2	1.022705337024027	-0.0791597359563658	230.0	23	1.05	0.95				
	213	2	198.5518652649123	40.45962537473685	0.0	0.0	2	1.0372978103295216	1.0691669345779589	230.0	24	1.05	0.95				
	214	2	145.3549504203509	29.220840548421055	0.0	0.0	2	1.03908040808482	-0.9267497236338773	230.0	26	1.05	0.95				
	215	2	237.51298599614037	47.95214859228071	0.0	0.0	2	1.0467051173941653	6.259290700669181	230.0	26	1.05	0.95				
	216	2	74.92523217543861	14.985046435087721	0.0	0.0	2	1.048618099087938	6.404555838574329	230.0	26	1.05	0.95				
	217	1	0.0	0.0	0.0	0.0	2	1.05	8.945236900332231	230.0	27	1.05	0.95				
	218	2	249.50102314421056	50.949157879298255	0.0	0.0	2	1.05	9.8377352129427	230.0	27	1.05	0.95				
	219	1	135.6146702375439	27.72233590491228	0.0	0.0	2	1.0437857783695785	6.300829370414027	230.0	25	1.05	0.95				
	220	1	95.90429718456141	19.48056036561404	0.0	0.0	2	1.0461866001962756	7.611480704106317	230.0	25	1.05	0.95				
	221	2	0.0	0.0	0.0	0.0	2	1.05	10.361815758712215	230.0	27	1.05	0.95				
	222	2	0.0	0.0	0.0	0.0	2	1.05	16.317837184141165	230.0	27	1.05	0.95				
	223	2	0.0	0.0	0.0	0.0	2	1.05	8.874265509580056	230.0	25	1.05	0.95				
	224	1	0.0	0.0	0.0	0.0	2	1.024521561516359	1.662174590283847	230.0	26	1.05	0.95				
	301	2	74.43150900631579	15.161974056842107	0.0	0.0	3	1.0137553986493435	-15.302521797484419	138.0	31	1.05	0.95				
	302	2	66.85052197789474	13.78361277894737	0.0	0.0	3	1.012362442804962	-15.667301139598651	138.0	32	1.05	0.95				
	303	1	124.05251501052632	25.499683641052634	0.0	0.0	3	1.019298908203369	-9.895642184464947	138.0	31	1.05	0.95				
	304	1	50.99936728210527	10.337709584210526	0.0	0.0	3	1.0070688248364124	-14.483197182377303	138.0	31	1.05	0.95				
	305	1	48.93182536526316	9.64852894526316	0.0	0.0	3	1.0225174852009848	-14.826730531132224	138.0	31	1.05	0.95				
	306	1	93.72856689684211	19.29705789052632	0.0	-100.0	3	1.033716951401161	-15.332743392334814	138.0	32	1.05	0.95				
	307	2	86.14757986842105	17.22951597368421	0.0	0.0	3	1.0049368358582322	-18.028583022837775	138.0	32	1.05	0.95				
	308	1	117.84988926	24.121322363157898	0.0	0.0	3	0.9996994083145622	-17.312212894905212	138.0	32	1.05	0.95				
	309	1	120.60661181578949	24.810503002105264	0.0	0.0	3	1.0262562401346085	-10.691349653180977	138.0	33	1.05	0.95				
	310	1	134.39022459473685	27.56722555789474	0.0	0.0	3	1.05	-12.141402578319337	138.0	33	1.05	0.95				
	311	1	0.0	0.0	0.0	0.0	3	1.018502242808292	-5.266090773789762	230.0	33	1.05	0.95				
	312	1	0.0	0.0	0.0	0.0	3	1.0184413117605842	-4.307646345903394	230.0	33	1.05	0.95				
	313	2	182.63286932105265	37.215754503157896	0.0	0.0	3	1.030231326613607	-0.6677399866029656	230.0	34	1.05	0.95				
	314	2	133.7010439557895	26.87804491894737	0.0	0.0	3	1.0276285608452973	-3.223522986436204	230.0	36	1.05	0.95				
	315	2	218.47026254631578	44.10756089263158	0.0	0.0	3	1.0459724277029143	1.5781733580982782	230.0	36	1.05	0.95				
	316	2	68.91806389473685	13.78361277894737	0.0	0.0	3	1.0434612349740169	1.3906400094626663	230.0	36	1.05	0.95				
	317	1	0.0	0.0	0.0	0.0	3	1.0466086137372472	3.5292935317025864	230.0	37	1.05	0.95				
	318	2	229.4971527694737	46.864283448421055	0.0	0.0	3	1.0473322056421979	3.7898507166185245	230.0	37	1.05	0.95				
	319	1	124.74169564947371	25.499683641052634	0.0	0.0	3	1.0405474772294907	1.592148978536035	230.0	35	1.05	0.95				
	320	1	88.21512178526316	17.91869661263158	0.0	0.0	3	1.042362549874298	2.4429855157789846	230.0	35	1.05	0.95				
	321	2	0.0	0.0	0.0	0.0	3	1.05	4.96237652976687	230.0	37	1.05	0.95				
	322	2	0.0	0.0	0.0	0.0	3	1.05	10.174779470212822	230.0	37	1.05	0.95				
	323	2	0.0	0.0	0.0	0.0	3	1.044994346496842	3.287277555058971	230.0	35	1.05	0.95				
	324	1	0.0	0.0	0.0	0.0	3	1.0231019310288185	-1.636174522740264	230.0	36	1.05	0.95				
	325	1	0.0	0.0	0.0	0.0	3	1.0449450432714649	3.7544874708156786	230.0	35	1.05	0.95				
];
