%% MATPOWER Case Format : Version 2
function mpc = RTS_GMLC
mpc.version = '2';

%%-----  Power Flow Data  -----%%
%% system MVA base
mpc.baseMVA = 100.0;
%% bus data
%    bus_i    type    Pd    Qd    Gs    Bs    area    Vm    Va    baseKV    zone    Vmax    Vmin
mpc.bus = [
	101	2	63.017812951578954	12.83696189754386	0.0	0.0	1	1.0339991653349898	-1.4057853795270083	138.0	11	1.05	0.95				
	102	2	56.599332002807024	11.66996536140351	0.0	0.0	1	1.0335371721670856	-1.5624347755279429	138.0	12	1.05	0.95				
	103	1	105.02968825263159	21.589435918596493	0.0	0.0	1	1.0243761025934235	-2.3378625733419285	138.0	11	1.05	0.95				
	104	1	43.178871837192986	8.752474021052633	0.0	0.0	1	1.019152159866009	-4.359491869391835	138.0	11	1.05	0.95				
	105	1	41.42837703298245	8.168975752982458	0.0	0.0	1	1.0342775547580738	-4.283846863802023	138.0	11	1.05	0.95				
	106	1	79.35576445754387	16.337951505964917	0.0	-100.0	1	1.0413304862409563	-6.469011084157986	138.0	12	1.05	0.95				
	107	2	72.93728350877193	14.587456701754387	0.0	0.0	1	1.0132138725116289	-8.572590864840075	138.0	12	1.05	0.95				
	108	1	99.77820384	20.42243938245614	0.0	0.0	1	1.0082798463485911	-8.828375572657121	138.0	12	1.05	0.95				
	109	1	102.11219691228071	21.005937650526317	0.0	0.0	1	1.0254758033597497	-4.287121603849614	138.0	13	1.05	0.95				
	110	1	113.78216227368421	23.33993072280702	0.0	0.0	1	1.05	-5.364121157318488	138.0	13	1.05	0.95				
	111	1	0.0	0.0	0.0	0.0	1	1.0090422759540838	-1.600339358583635	230.0	13	1.05	0.95				
	112	1	0.0	0.0	0.0	0.0	1	1.0123898696193958	-0.9503748166957715	230.0	13	1.05	0.95				
	113	3	154.6270410385965	31.508906475789477	0.0	0.0	1	1.0069658651662727	4.564538105619185e-30	230.0	14	1.05	0.95				
	114	2	113.19866400561405	22.756432454736846	0.0	0.0	1	1.0090286958437542	0.3152803260990331	230.0	16	1.05	0.95				
	115	2	184.96895097824563	37.34388915649123	0.0	0.0	1	1.0401360802786381	6.898206307128672	230.0	16	1.05	0.95				
	116	2	58.34982680701755	11.66996536140351	0.0	0.0	1	1.037228751228251	6.510598641577406	230.0	16	1.05	0.95				
	117	1	0.0	0.0	0.0	0.0	1	1.0421005462166635	8.931844713582517	230.0	17	1.05	0.95				
	118	2	194.30492326736842	39.677882228771935	0.0	0.0	1	1.0443853032287984	8.941266733246787	230.0	17	1.05	0.95				
	119	1	105.61318652070175	21.589435918596493	0.0	0.0	1	1.0312410204164313	5.427114230980416	230.0	15	1.05	0.95				
	120	1	74.68777831298246	15.170954969824562	0.0	0.0	1	1.0308253325820855	5.603113862319297	230.0	15	1.05	0.95				
	121	2	0.0	0.0	0.0	0.0	1	1.0476742202890532	10.287878907107988	230.0	17	1.05	0.95				
	122	2	0.0	0.0	0.0	0.0	1	1.05	18.675025007762702	230.0	17	1.05	0.95				
	123	2	0.0	0.0	0.0	0.0	1	1.031907086687206	6.141478646085031	230.0	15	1.05	0.95				
	124	1	0.0	0.0	0.0	0.0	1	1.0226464072735966	3.459387864759855	230.0	16	1.05	0.95				
	201	2	55.86148277052633	11.379190934736844	0.0	0.0	2	1.0317646604401962	-8.72870266338491	138.0	21	1.05	0.95				
	202	2	50.1718873031579	10.344719031578949	0.0	0.0	2	1.0321258541101073	-8.710614441186156	138.0	22	1.05	0.95				
	203	1	93.10247128421054	19.137730208421054	0.0	0.0	2	1.0218448493202106	-8.015319600241307	138.0	21	1.05	0.95				
	204	1	38.27546041684211	7.75853927368421	0.0	0.0	2	1.0190917965050705	-10.856854583776903	138.0	21	1.05	0.95				
	205	1	36.72375256210527	7.241303322105265	0.0	0.0	2	1.0343192299038746	-11.039787741517161	138.0	21	1.05	0.95				
	206	1	70.34408941473686	14.48260664421053	0.0	-100.0	2	1.043165303741826	-12.820825305397296	138.0	22	1.05	0.95				
	207	2	64.65449394736844	12.930898789473686	0.0	0.0	2	0.9895742791014425	-20.59274368047593	138.0	22	1.05	0.95				
	208	1	88.44734772	18.10325830526316	0.0	0.0	2	0.9932097792814075	-18.176376416268905	138.0	22	1.05	0.95				
	209	1	90.5162915263158	18.620494256842107	0.0	0.0	2	1.0238101808623226	-10.509619708017416	138.0	23	1.05	0.95				
	210	1	100.86101055789473	20.689438063157898	0.0	0.0	2	1.05	-11.744595458597413	138.0	23	1.05	0.95				
	211	1	0.0	0.0	0.0	0.0	2	1.009868872476484	-7.407109831570388	230.0	23	1.05	0.95				
	212	1	0.0	0.0	0.0	0.0	2	1.0106002070477427	-6.688406853244368	230.0	23	1.05	0.95				
	213	2	137.06752716842107	27.930741385263165	0.0	0.0	2	1.0059044778762307	-6.305584483710709	230.0	24	1.05	0.95				
	214	2	100.3437746063158	20.172202111578947	0.0	0.0	2	1.0149614666364415	-4.5856033544160555	230.0	26	1.05	0.95				
	215	2	163.96379665052632	33.103100901052635	0.0	0.0	2	1.033625879447926	2.5766975132587056	230.0	26	1.05	0.95				
	216	2	51.72359515789474	10.344719031578949	0.0	0.0	2	1.0345916578584722	2.5301825248933323	230.0	26	1.05	0.95				
	217	1	0.0	0.0	0.0	0.0	2	1.0396140385544343	5.377127826237497	230.0	27	1.05	0.95				
	218	2	172.2395718757895	35.17204470736843	0.0	0.0	2	1.0413045416962885	5.894808757596407	230.0	27	1.05	0.95				
	219	1	93.61970723578949	19.137730208421054	0.0	0.0	2	1.0323351677019454	1.8174303181237834	230.0	25	1.05	0.95				
	220	1	66.20620180210527	13.448134741052634	0.0	0.0	2	1.0342811339595894	2.1918014267981274	230.0	25	1.05	0.95				
	221	2	0.0	0.0	0.0	0.0	2	1.040961063423788	5.543236436393423	230.0	27	1.05	0.95				
	222	2	0.0	0.0	0.0	0.0	2	1.05	11.98119011412038	230.0	27	1.05	0.95				
	223	2	0.0	0.0	0.0	0.0	2	1.0363851020427	2.7860821834786873	230.0	25	1.05	0.95				
	224	1	0.0	0.0	0.0	0.0	2	1.0160882943178782	-1.385744602025038	230.0	26	1.05	0.95				
	301	2	42.77633661473684	8.713698199298245	0.0	0.0	3	1.0119013398170846	-6.364889046602315	138.0	31	1.05	0.95				
	302	2	38.41948751508772	7.921543817543859	0.0	0.0	3	1.011638444521846	-6.635872385800265	138.0	32	1.05	0.95				
	303	1	71.29389435789474	14.65485606245614	0.0	0.0	3	1.04375477972971	4.0697866567998435	138.0	31	1.05	0.95				
	304	1	29.30971212491228	5.941157863157894	0.0	0.0	3	1.0125447477198801	-5.647768177948055	138.0	31	1.05	0.95				
	305	1	28.121480552280698	5.545080672280702	0.0	0.0	3	1.0261756145910619	-7.08804560351826	138.0	31	1.05	0.95				
	306	1	53.86649795929824	11.090161344561404	0.0	-100.0	3	1.0422288950981384	-7.982588433899917	138.0	32	1.05	0.95				
	307	2	49.50964885964912	9.901929771929824	0.0	0.0	3	0.9907846910379849	-11.894994839144616	138.0	32	1.05	0.95				
	308	1	67.72919963999999	13.862701680701752	0.0	0.0	3	0.9991797969269652	-10.145823606680578	138.0	32	1.05	0.95				
	309	1	69.31350840350876	14.258778871578945	0.0	0.0	3	1.0249903984221604	-3.2068665356053083	138.0	33	1.05	0.95				
	310	1	77.23505222105263	15.843087635087718	0.0	0.0	3	1.05	-6.533530793583802	138.0	33	1.05	0.95				
	311	1	0.0	0.0	0.0	0.0	3	1.0059523140286875	-2.5008107029901745	230.0	33	1.05	0.95				
	312	1	0.0	0.0	0.0	0.0	3	1.01184966131949	-1.8475112842397405	230.0	33	1.05	0.95				
	313	2	104.96045558245612	21.38816830736842	0.0	0.0	3	1.0087200263571117	0.38814156653075876	230.0	34	1.05	0.95				
	314	2	76.83897503017543	15.447010444210527	0.0	0.0	3	0.9974328191775879	-2.5390813568663537	230.0	36	1.05	0.95				
	315	2	125.55646950807015	25.34894021614035	0.0	0.0	3	1.0292956534603364	-0.2585145923143585	230.0	36	1.05	0.95				
	316	2	39.607719087719296	7.921543817543859	0.0	0.0	3	1.0239393879778178	-0.23026507539885946	230.0	36	1.05	0.95				
	317	1	0.0	0.0	0.0	0.0	3	1.0305170575353564	0.553044848200004	230.0	37	1.05	0.95				
	318	2	131.89370456210526	26.93324897964912	0.0	0.0	3	1.0302675900780998	0.2795593577438424	230.0	37	1.05	0.95				
	319	1	71.68997154877192	14.65485606245614	0.0	0.0	3	1.0186465292558067	-0.4245275927859953	230.0	35	1.05	0.95				
	320	1	50.6978804322807	10.298006962807017	0.0	0.0	3	1.016574126316721	0.19254923089778517	230.0	35	1.05	0.95				
	321	2	0.0	0.0	0.0	0.0	3	1.03187104792421	0.6339095973447892	230.0	37	1.05	0.95				
	322	2	0.0	0.0	0.0	0.0	3	1.0446490053425967	4.9532700766887645	230.0	37	1.05	0.95				
	323	2	0.0	0.0	0.0	0.0	3	1.0160186765840153	0.8458854787111679	230.0	35	1.05	0.95				
	324	1	0.0	0.0	0.0	0.0	3	1.032066276979846	1.3958371386337514	230.0	36	1.05	0.95				
	325	1	0.0	0.0	0.0	0.0	3	1.0168069447485828	1.6673191612973841	230.0	35	1.05	0.95				
];
