%% MATPOWER Case Format : Version 2
function mpc = RTS_GMLC
mpc.version = '2';

%%-----  Power Flow Data  -----%%
%% system MVA base
mpc.baseMVA = 100.0;
%% bus data
%    bus_i    type    Pd    Qd    Gs    Bs    area    Vm    Va    baseKV    zone    Vmax    Vmin
mpc.bus = [
	101	2	84.7674418736842	17.26744186315789	0.0	0.0	1	1.0474815552446406	-2.2117051332288113	138.0	11	1.05	0.95				
	102	2	76.13372094210526	15.697674421052632	0.0	0.0	1	1.0461981526527433	-2.63567456128767	138.0	12	1.05	0.95				
	103	1	141.27906978947365	29.040697678947364	0.0	0.0	1	1.0250441689332401	-1.5690882154081685	138.0	11	1.05	0.95				
	104	1	58.08139535789473	11.77325581578947	0.0	0.0	1	1.0237940986943237	-5.539115822804455	138.0	11	1.05	0.95				
	105	1	55.72674419473683	10.988372094736842	0.0	0.0	1	1.0377594718440255	-6.15005000684308	138.0	11	1.05	0.95				
	106	1	106.7441860631579	21.976744189473685	0.0	-100.0	1	1.0379217969063823	-9.158484523935586	138.0	12	1.05	0.95				
	107	2	98.11046513157893	19.622093026315788	0.0	0.0	1	1.0042582840225136	-15.725605853687954	138.0	12	1.05	0.95				
	108	1	134.21511629999998	27.4709302368421	0.0	0.0	1	0.9942773753768152	-14.421972392043292	138.0	12	1.05	0.95				
	109	1	137.3546511842105	28.25581395789473	0.0	0.0	1	1.025591888618202	-5.859895115263394	138.0	13	1.05	0.95				
	110	1	153.05232560526315	31.395348842105264	0.0	0.0	1	1.05	-7.739837152018353	138.0	13	1.05	0.95				
	111	1	0.0	0.0	0.0	0.0	1	1.020075098978497	-2.171025324036529	230.0	13	1.05	0.95				
	112	1	0.0	0.0	0.0	0.0	1	1.0188556047340596	-1.8243988423896305	230.0	13	1.05	0.95				
	113	3	207.99418607894734	42.3837209368421	0.0	0.0	1	1.0237305620817505	-9.659926708781005e-27	230.0	14	1.05	0.95				
	114	2	152.2674418842105	30.610465121052627	0.0	0.0	1	1.0311104502377957	0.5062362464235454	230.0	16	1.05	0.95				
	115	2	248.80813957368417	50.23255814736841	0.0	0.0	1	1.0420011940246525	10.406996008675309	230.0	16	1.05	0.95				
	116	2	78.48837210526315	15.697674421052632	0.0	0.0	1	1.0426456285579098	9.125747549113749	230.0	16	1.05	0.95				
	117	1	0.0	0.0	0.0	0.0	1	1.0461799809952048	13.415530396212851	230.0	17	1.05	0.95				
	118	2	261.3662791105263	53.37209303157895	0.0	0.0	1	1.0499999792907542	14.438886334096871	230.0	17	1.05	0.95				
	119	1	142.0639535105263	29.040697678947364	0.0	0.0	1	1.0372965022475518	6.812894158327659	230.0	15	1.05	0.95				
	120	1	100.46511629473682	20.406976747368418	0.0	0.0	1	1.0394389097431114	5.798263740336172	230.0	15	1.05	0.95				
	121	2	0.0	0.0	0.0	0.0	1	1.05	16.73191100844001	230.0	17	1.05	0.95				
	122	2	0.0	0.0	0.0	0.0	1	1.05	23.102051764282894	230.0	17	1.05	0.95				
	123	2	0.0	0.0	0.0	0.0	1	1.042729934693154	5.82066584389327	230.0	15	1.05	0.95				
	124	1	0.0	0.0	0.0	0.0	1	1.0206331144010525	5.946290783141244	230.0	16	1.05	0.95				
	201	2	76.9412875831579	15.673225248421055	0.0	0.0	2	1.0306318255173228	-12.269914003916893	138.0	21	1.05	0.95				
	202	2	69.10467495894737	14.248386589473686	0.0	0.0	2	1.0317035914701194	-12.057983670683106	138.0	22	1.05	0.95				
	203	1	128.23547930526317	26.359515190526317	0.0	0.0	2	1.0162254618408142	-10.749128355932717	138.0	21	1.05	0.95				
	204	1	52.71903038105263	10.686289942105264	0.0	0.0	2	1.0160581264487725	-12.444498109604497	138.0	21	1.05	0.95				
	205	1	50.58177239263158	9.97387061263158	0.0	0.0	2	1.0312401345516402	-12.86943479149244	138.0	21	1.05	0.95				
	206	1	96.88902880842106	19.94774122526316	0.0	-100.0	2	1.037887486846325	-13.832267680822778	138.0	22	1.05	0.95				
	207	2	89.05241618421054	17.810483236842106	0.0	0.0	2	0.9683281970416467	-24.00739049743051	138.0	22	1.05	0.95				
	208	1	121.82370534	24.934676531578948	0.0	0.0	2	0.9716496766943417	-20.492703606978452	138.0	22	1.05	0.95				
	209	1	124.67338265789473	25.647095861052634	0.0	0.0	2	1.0259826285951368	-9.859667935700218	138.0	23	1.05	0.95				
	210	1	138.92176924736845	28.49677317894737	0.0	0.0	2	1.05	-11.214537930810991	138.0	23	1.05	0.95				
	211	1	0.0	0.0	0.0	0.0	2	1.0261552130860032	-5.5467497477473815	230.0	23	1.05	0.95				
	212	1	0.0	0.0	0.0	0.0	2	1.0221083933003319	-0.015701463852657103	230.0	23	1.05	0.95				
	213	2	188.79112231052633	38.47064379157895	0.0	0.0	2	1.0371146657095782	-2.0396273380607832	230.0	24	1.05	0.95				
	214	2	138.20934991789474	27.784353849473685	0.0	0.0	2	1.0383114162465765	-3.764438376842961	230.0	26	1.05	0.95				
	215	2	225.8369274431579	45.59483708631579	0.0	0.0	2	1.0446151992029395	2.6312939211288304	230.0	26	1.05	0.95				
	216	2	71.24193294736843	14.248386589473686	0.0	0.0	2	1.0460467925405506	3.1379454642768785	230.0	26	1.05	0.95				
	217	1	0.0	0.0	0.0	0.0	2	1.047869347341459	4.949085282417538	230.0	27	1.05	0.95				
	218	2	237.23563671473684	48.44451440421053	0.0	0.0	2	1.047677871844197	4.918055593573094	230.0	27	1.05	0.95				
	219	1	128.94789863473684	26.359515190526317	0.0	0.0	2	1.0414796833580984	4.713975643287152	230.0	25	1.05	0.95				
	220	1	91.18967417263158	18.522902566315793	0.0	0.0	2	1.0448073140869578	7.423468328232562	230.0	25	1.05	0.95				
	221	2	0.0	0.0	0.0	0.0	2	1.0482443360408817	4.923120084192629	230.0	27	1.05	0.95				
	222	2	0.0	0.0	0.0	0.0	2	1.05	11.4442622702831	230.0	27	1.05	0.95				
	223	2	0.0	0.0	0.0	0.0	2	1.05	9.422414851253524	230.0	25	1.05	0.95				
	224	1	0.0	0.0	0.0	0.0	2	1.0170011987353846	-2.302485799292688	230.0	26	1.05	0.95				
	301	2	69.34071497684211	14.124960458245614	0.0	0.0	3	0.9907639207642831	24.765490848844788	138.0	31	1.05	0.95				
	302	2	62.278234747719296	12.840873143859652	0.0	0.0	3	0.9902208529526282	24.578136163269722	138.0	32	1.05	0.95				
	303	1	115.56785829473685	23.755615316140354	0.0	0.0	3	1.0366702802741325	32.56915799644376	138.0	31	1.05	0.95				
	304	1	47.51123063228071	9.630654857894736	0.0	0.0	3	0.9999504721558404	26.405424775615156	138.0	31	1.05	0.95				
	305	1	45.58509966070176	8.988611200701756	0.0	0.0	3	1.0110830005986364	25.81847340424454	138.0	31	1.05	0.95				
	306	1	87.31793737824563	17.977222401403512	0.0	-100.0	3	1.0295557344416688	25.687623266587785	138.0	32	1.05	0.95				
	307	2	80.2554571491228	16.051091429824563	0.0	0.0	3	0.9815116578995883	21.952578643951792	138.0	32	1.05	0.95				
	308	1	109.78946538000001	22.471528001754386	0.0	0.0	3	0.9953329205966399	24.832824167486212	138.0	32	1.05	0.95				
	309	1	112.35764000877194	23.113571658947368	0.0	0.0	3	1.0305705139366417	30.495645169256143	138.0	33	1.05	0.95				
	310	1	125.19851315263159	25.681746287719303	0.0	0.0	3	1.05	28.92968509970415	138.0	33	1.05	0.95				
	311	1	0.0	0.0	0.0	0.0	3	1.0204067130241607	34.76831637680922	230.0	33	1.05	0.95				
	312	1	0.0	0.0	0.0	0.0	3	1.0282717161200583	35.806746941377035	230.0	33	1.05	0.95				
	313	2	170.14156915614035	34.670357488421054	0.0	0.0	3	1.0480115898242564	43.04327082624243	230.0	34	1.05	0.95				
	314	2	124.55646949543859	25.039702630526318	0.0	0.0	3	1.0189574948999105	32.40272559569882	230.0	36	1.05	0.95				
	315	2	203.52783933017545	41.09079406035088	0.0	0.0	3	1.0457485856599957	26.302035904426123	230.0	36	1.05	0.95				
	316	2	64.20436571929825	12.840873143859652	0.0	0.0	3	1.0437744472425527	27.259154040523423	230.0	36	1.05	0.95				
	317	1	0.0	0.0	0.0	0.0	3	1.05	26.529923937568835	230.0	37	1.05	0.95				
	318	2	213.80053784526316	43.658968689122815	0.0	0.0	3	1.048454107745579	24.299506784105386	230.0	37	1.05	0.95				
	319	1	116.20990195192984	23.755615316140354	0.0	0.0	3	1.0445310362475348	29.258395472275	230.0	35	1.05	0.95				
	320	1	82.18158812070176	16.693135087017545	0.0	0.0	3	1.0476247319915035	30.716181342480283	230.0	35	1.05	0.95				
	321	2	0.0	0.0	0.0	0.0	3	1.0480485863304543	25.573657489799437	230.0	37	1.05	0.95				
	322	2	0.0	0.0	0.0	0.0	3	1.05	30.293757637427504	230.0	37	1.05	0.95				
	323	2	0.0	0.0	0.0	0.0	3	1.0491042323159114	31.16303451558948	230.0	35	1.05	0.95				
	324	1	0.0	0.0	0.0	0.0	3	1.0423226378047707	30.64319911107694	230.0	36	1.05	0.95				
	325	1	0.0	0.0	0.0	0.0	3	1.05	29.94770802060723	230.0	35	1.05	0.95				
];
