%% MATPOWER Case Format : Version 2
function mpc = RTS_GMLC
mpc.version = '2';

%%-----  Power Flow Data  -----%%
%% system MVA base
mpc.baseMVA = 100.0;
%% bus data
%    bus_i    type    Pd    Qd    Gs    Bs    area    Vm    Va    baseKV    zone    Vmax    Vmin
mpc.bus = [
	101	2	92.71647701052632	18.88668976140351	0.0	0.0	1	1.0487070897007293	-0.7077272659482843	138.0	11	1.05	0.95				
	102	2	83.27313212982456	17.16971796491228	0.0	0.0	1	1.0484894454806193	-0.8687303196157539	138.0	12	1.05	0.95				
	103	1	154.52746168421055	31.76397823508772	0.0	0.0	1	1.0240761864121877	-2.216886880367394	138.0	11	1.05	0.95				
	104	1	63.52795647017544	12.877288473684208	0.0	0.0	1	1.0236904516165604	-4.559041665475437	138.0	11	1.05	0.95				
	105	1	60.95249877543859	12.018802575438597	0.0	0.0	1	1.0371124370154934	-4.9982680014877054	138.0	11	1.05	0.95				
	106	1	116.75408216140353	24.037605150877194	0.0	-100.0	1	1.0359016878498535	-8.198317427629382	138.0	12	1.05	0.95				
	107	2	107.31073728070174	21.46214745614035	0.0	0.0	1	1.05	-6.512373823359151	138.0	12	1.05	0.95				
	108	1	146.8010886	30.04700643859649	0.0	0.0	1	1.0224616893207172	-8.910836808753086	138.0	12	1.05	0.95				
	109	1	150.23503219298246	30.905492336842105	0.0	0.0	1	1.0273342929621219	-5.135221565558376	138.0	13	1.05	0.95				
	110	1	167.40475015789474	34.33943592982456	0.0	0.0	1	1.05	-6.725148844966944	138.0	13	1.05	0.95				
	111	1	0.0	0.0	0.0	0.0	1	1.0163302072853937	-2.250590896668986	230.0	13	1.05	0.95				
	112	1	0.0	0.0	0.0	0.0	1	1.0183444186294262	-1.386230168335678	230.0	13	1.05	0.95				
	113	3	227.4987630350877	46.35823850526316	0.0	0.0	1	1.019892919261296	-2.0046641389237503e-30	230.0	14	1.05	0.95				
	114	2	166.54626425964912	33.48095003157895	0.0	0.0	1	1.0193882344996534	-0.5193723010650961	230.0	16	1.05	0.95				
	115	2	272.14002974385966	54.94309748771931	0.0	0.0	1	1.043634766273487	7.910912315119546	230.0	16	1.05	0.95				
	116	2	85.8485898245614	17.16971796491228	0.0	0.0	1	1.04271488448224	7.159087855598682	230.0	16	1.05	0.95				
	117	1	0.0	0.0	0.0	0.0	1	1.0464661323707074	10.50622736107882	230.0	17	1.05	0.95				
	118	2	285.8758041157895	58.377041080701765	0.0	0.0	1	1.0488561053402188	11.269482517196096	230.0	17	1.05	0.95				
	119	1	155.38594758245614	31.76397823508772	0.0	0.0	1	1.0366376840145637	5.71140663559962	230.0	15	1.05	0.95				
	120	1	109.88619497543861	22.320633354385965	0.0	0.0	1	1.0383868838071597	5.619552726358465	230.0	15	1.05	0.95				
	121	2	0.0	0.0	0.0	0.0	1	1.05	12.707929365657602	230.0	17	1.05	0.95				
	122	2	0.0	0.0	0.0	0.0	1	1.05	18.355622697627872	230.0	17	1.05	0.95				
	123	2	0.0	0.0	0.0	0.0	1	1.0418730405474834	6.202106370199513	230.0	15	1.05	0.95				
	124	1	0.0	0.0	0.0	0.0	1	1.023634079657294	4.151837689601493	230.0	16	1.05	0.95				
	201	2	88.16118370105264	17.958759642807017	0.0	0.0	2	1.0377667383925309	-13.669488512632052	138.0	21	1.05	0.95				
	202	2	79.18180387964911	16.326145129824564	0.0	0.0	2	1.040586297944216	-13.791316875058829	138.0	22	1.05	0.95				
	203	1	146.93530616842105	30.203368490175436	0.0	0.0	2	1.02577892009929	-10.105386750772512	138.0	21	1.05	0.95				
	204	1	60.40673698035087	12.24460884736842	0.0	0.0	2	1.0186359875315936	-15.000209766294542	138.0	21	1.05	0.95				
	205	1	57.957815210877186	11.428301590877194	0.0	0.0	2	1.03344368044086	-15.479975560415697	138.0	21	1.05	0.95				
	206	1	111.01778688280702	22.856603181754387	0.0	-100.0	2	1.0367390426352623	-17.262300038921587	138.0	22	1.05	0.95				
	207	2	102.0384070614035	20.407681412280702	0.0	0.0	2	0.95	-28.639640957259143	138.0	22	1.05	0.95				
	208	1	139.58854086	28.570753977192982	0.0	0.0	2	0.9560884355525112	-24.84581585481014	138.0	22	1.05	0.95				
	209	1	142.8537698859649	29.387061233684207	0.0	0.0	2	1.0269149961435111	-12.695296270843015	138.0	23	1.05	0.95				
	210	1	159.17991501578948	32.65229025964913	0.0	0.0	2	1.05	-14.748104784333892	138.0	23	1.05	0.95				
	211	1	0.0	0.0	0.0	0.0	2	1.03429488638894	-8.669672625602512	230.0	23	1.05	0.95				
	212	1	0.0	0.0	0.0	0.0	2	1.0284721112369755	-3.755803256864556	230.0	23	1.05	0.95				
	213	2	216.3214229701754	44.08059185052632	0.0	0.0	2	1.05	-5.97482995457557	230.0	24	1.05	0.95				
	214	2	158.36360775929822	31.835983003157896	0.0	0.0	2	1.05	-6.210258853521783	230.0	26	1.05	0.95				
	215	2	258.76940030771925	52.243664415438595	0.0	0.0	2	1.0457232187604446	2.528657488140163	230.0	26	1.05	0.95				
	216	2	81.63072564912281	16.326145129824564	0.0	0.0	2	1.0492070332655452	2.3048607433634936	230.0	26	1.05	0.95				
	217	1	0.0	0.0	0.0	0.0	2	1.0493943535196237	5.326628859048259	230.0	27	1.05	0.95				
	218	2	271.83031641157896	55.50889344140351	0.0	0.0	2	1.05	5.875362406304146	230.0	27	1.05	0.95				
	219	1	147.75161342491228	30.203368490175436	0.0	0.0	2	1.0433894716522019	2.2445751112236563	230.0	25	1.05	0.95				
	220	1	104.48732883087719	21.223988668771927	0.0	0.0	2	1.0457720683502811	3.718089902121065	230.0	25	1.05	0.95				
	221	2	0.0	0.0	0.0	0.0	2	1.05	6.238685508966033	230.0	27	1.05	0.95				
	222	2	0.0	0.0	0.0	0.0	2	1.05	12.392918763723083	230.0	27	1.05	0.95				
	223	2	0.0	0.0	0.0	0.0	2	1.05	5.117837484923271	230.0	25	1.05	0.95				
	224	1	0.0	0.0	0.0	0.0	2	1.0222870826149935	-2.1653184308489206	230.0	26	1.05	0.95				
	301	2	77.5406516968421	15.795317938245615	0.0	0.0	3	0.9886353277039046	-1.9355235817806558	138.0	31	1.05	0.95				
	302	2	69.6429927277193	14.359379943859649	0.0	0.0	3	0.9901151853509914	-2.057153017402157	138.0	32	1.05	0.95				
	303	1	129.23441949473684	26.56485289614035	0.0	0.0	3	1.0069488623537457	3.9454741918163245	138.0	31	1.05	0.95				
	304	1	53.1297057922807	10.769534957894738	0.0	0.0	3	0.9858162697697102	0.6239434541197139	138.0	31	1.05	0.95				
	305	1	50.97579880070175	10.051565960701755	0.0	0.0	3	0.9978629819629181	0.19457008983992288	138.0	31	1.05	0.95				
	306	1	97.64378361824562	20.10313192140351	0.0	-100.0	3	1.0109236176519714	0.5797422766408266	138.0	32	1.05	0.95				
	307	2	89.7461246491228	17.949224929824563	0.0	0.0	3	0.9666184071258151	-4.6246486818058825	138.0	32	1.05	0.95				
	308	1	122.77269851999999	25.128914901754385	0.0	0.0	3	0.9740457918621855	-1.1488145873346118	138.0	32	1.05	0.95				
	309	1	125.64457450877194	25.84688389894737	0.0	0.0	3	1.0100948016055242	5.841150077204855	138.0	33	1.05	0.95				
	310	1	140.00395445263158	28.718759887719298	0.0	0.0	3	1.0299780307202289	4.717352238687769	138.0	33	1.05	0.95				
	311	1	0.0	0.0	0.0	0.0	3	1.0024401373483525	12.733749023308315	230.0	33	1.05	0.95				
	312	1	0.0	0.0	0.0	0.0	3	1.0068723927060361	14.011161118753858	230.0	33	1.05	0.95				
	313	2	190.26178425614034	38.77032584842105	0.0	0.0	3	1.0336353777602505	21.75270668757099	230.0	34	1.05	0.95				
	314	2	139.2859854554386	28.000790890526318	0.0	0.0	3	1.0088830647334324	12.014611425684516	230.0	36	1.05	0.95				
	315	2	227.59617211017544	45.95001582035088	0.0	0.0	3	1.0358720190407495	9.155412292230148	230.0	36	1.05	0.95				
	316	2	71.79689971929825	14.359379943859649	0.0	0.0	3	1.034432864342481	10.328133517450574	230.0	36	1.05	0.95				
	317	1	0.0	0.0	0.0	0.0	3	1.0400670429959828	9.986303188076107	230.0	37	1.05	0.95				
	318	2	239.08367606526318	48.82189180912281	0.0	0.0	3	1.039941493078848	9.183851655973756	230.0	37	1.05	0.95				
	319	1	129.95238849192984	26.56485289614035	0.0	0.0	3	1.0313782393753954	12.215616939142963	230.0	35	1.05	0.95				
	320	1	91.90003164070176	18.667193927017543	0.0	0.0	3	1.03229279030486	13.798810128940158	230.0	35	1.05	0.95				
	321	2	0.0	0.0	0.0	0.0	3	1.0420042219494126	10.603674176327853	230.0	37	1.05	0.95				
	322	2	0.0	0.0	0.0	0.0	3	1.05	14.681746152079919	230.0	37	1.05	0.95				
	323	2	0.0	0.0	0.0	0.0	3	1.0332791161331347	14.460230698804704	230.0	35	1.05	0.95				
	324	1	0.0	0.0	0.0	0.0	3	1.0197803964219532	8.957336245857224	230.0	36	1.05	0.95				
	325	1	0.0	0.0	0.0	0.0	3	1.0358144039358288	14.319249564778945	230.0	35	1.05	0.95				
];
