%% MATPOWER Case Format : Version 2
function mpc = RTS_GMLC
mpc.version = '2';

%%-----  Power Flow Data  -----%%
%% system MVA base
mpc.baseMVA = 100.0;
%% bus data
%    bus_i    type    Pd    Qd    Gs    Bs    area    Vm    Va    baseKV    zone    Vmax    Vmin
mpc.bus = [
	101	2	55.79020288421053	11.364670957894738	0.0	0.0	1	1.0456799418768659	1.8850921524546185	138.0	11	1.05	0.95				
	102	2	50.107867405263164	10.33151905263158	0.0	0.0	1	1.0446415873497377	1.5684674132209597	138.0	12	1.05	0.95				
	103	1	92.98367147368421	19.11331024736842	0.0	0.0	1	1.0286286808130842	-0.5075038549571049	138.0	11	1.05	0.95				
	104	1	38.22662049473684	7.748639289473684	0.0	0.0	1	1.0262127191231045	-1.9464928883729853	138.0	11	1.05	0.95				
	105	1	36.676892636842105	7.232063336842106	0.0	0.0	1	1.0402891385523245	-2.003911793698453	138.0	11	1.05	0.95				
	106	1	70.25432955789475	14.464126673684213	0.0	-100.0	1	1.0451923276513024	-4.7407483637696295	138.0	12	1.05	0.95				
	107	2	64.57199407894737	12.914398815789474	0.0	0.0	1	0.9995439112046819	-11.625846887028827	138.0	12	1.05	0.95				
	108	1	88.3344879	18.080158342105264	0.0	0.0	1	1.0003806931313874	-9.964029645859425	138.0	12	1.05	0.95				
	109	1	90.40079171052632	18.59673429473684	0.0	0.0	1	1.0246150894851072	-3.442164035198564	138.0	13	1.05	0.95				
	110	1	100.7323107631579	20.66303810526316	0.0	0.0	1	1.05	-4.3768554642781945	138.0	13	1.05	0.95				
	111	1	0.0	0.0	0.0	0.0	1	1.006156984887144	-1.2266133519515363	230.0	13	1.05	0.95				
	112	1	0.0	0.0	0.0	0.0	1	1.0103302336020334	-1.2218732815969735	230.0	13	1.05	0.95				
	113	3	136.8926274473684	27.895101442105265	0.0	0.0	1	1.0018275329341733	1.7795010815157814e-33	230.0	14	1.05	0.95				
	114	2	100.21573481052633	20.14646215263158	0.0	0.0	1	1.0039375986174917	0.4973312162851622	230.0	16	1.05	0.95				
	115	2	163.75457698421053	33.06086096842105	0.0	0.0	1	1.0361827996162374	7.119060683447306	230.0	16	1.05	0.95				
	116	2	51.657595263157894	10.33151905263158	0.0	0.0	1	1.0323149239656837	6.014658980821538	230.0	16	1.05	0.95				
	117	1	0.0	0.0	0.0	0.0	1	1.0386863427149922	9.593412602578265	230.0	17	1.05	0.95				
	118	2	172.01979222631581	35.127164778947375	0.0	0.0	1	1.0418117463969954	10.40224163865995	230.0	17	1.05	0.95				
	119	1	93.5002474263158	19.11331024736842	0.0	0.0	1	1.0233736558929916	3.856617025478374	230.0	15	1.05	0.95				
	120	1	66.1217219368421	13.430974768421052	0.0	0.0	1	1.020145028400516	2.8608042510086777	230.0	15	1.05	0.95				
	121	2	0.0	0.0	0.0	0.0	1	1.044161165489574	12.234646725684115	230.0	17	1.05	0.95				
	122	2	0.0	0.0	0.0	0.0	1	1.05	17.91813870469198	230.0	17	1.05	0.95				
	123	2	0.0	0.0	0.0	0.0	1	1.0193188023452178	2.7120082737797486	230.0	15	1.05	0.95				
	124	1	0.0	0.0	0.0	0.0	1	1.0235576078875461	4.25825092536125	230.0	16	1.05	0.95				
	201	2	58.275460421052635	11.87092712280702	0.0	0.0	2	1.0172229513138502	-12.150318669977857	138.0	21	1.05	0.95				
	202	2	52.339996859649126	10.791751929824562	0.0	0.0	2	1.0174046922543822	-12.159736263805634	138.0	22	1.05	0.95				
	203	1	97.12576736842107	19.96474107017544	0.0	0.0	2	1.0141626210289871	-9.897473205022493	138.0	21	1.05	0.95				
	204	1	39.92948214035088	8.093813947368421	0.0	0.0	2	1.0124396406552423	-12.318384843261247	138.0	21	1.05	0.95				
	205	1	38.31071935087719	7.554226350877194	0.0	0.0	2	1.026850537825677	-12.705438689672272	138.0	21	1.05	0.95				
	206	1	73.38391312280703	15.108452701754388	0.0	-100.0	2	1.0395033960803552	-13.559887301153996	138.0	22	1.05	0.95				
	207	2	67.4484495614035	13.489689912280703	0.0	0.0	2	0.9917629089423505	-20.808027651768057	138.0	22	1.05	0.95				
	208	1	92.269479	18.885565877192985	0.0	0.0	2	0.9936677868826876	-18.264546413923455	138.0	22	1.05	0.95				
	209	1	94.42782938596493	19.42515347368421	0.0	0.0	2	1.0247588393430647	-10.22696051687144	138.0	23	1.05	0.95				
	210	1	105.21958131578948	21.583503859649124	0.0	0.0	2	1.05	-11.534258883460518	138.0	23	1.05	0.95				
	211	1	0.0	0.0	0.0	0.0	2	1.0124431663243394	-6.782164047497872	230.0	23	1.05	0.95				
	212	1	0.0	0.0	0.0	0.0	2	1.0157349644408145	-3.3806288761446543	230.0	23	1.05	0.95				
	213	2	142.99071307017545	29.137730210526318	0.0	0.0	2	1.0160229628553992	-4.083855944832338	230.0	24	1.05	0.95				
	214	2	104.67999371929825	21.043916263157897	0.0	0.0	2	1.01438336397109	-5.002234846421704	230.0	26	1.05	0.95				
	215	2	171.04926808771933	34.5336061754386	0.0	0.0	2	1.028519863161809	0.5765269780839808	230.0	26	1.05	0.95				
	216	2	53.95875964912281	10.791751929824562	0.0	0.0	2	1.0309013667581581	0.8240054186751421	230.0	26	1.05	0.95				
	217	1	0.0	0.0	0.0	0.0	2	1.0322301446074573	1.621533714000916	230.0	27	1.05	0.95				
	218	2	179.68266963157896	36.691956561403515	0.0	0.0	2	1.0307800515875685	0.9889197927583806	230.0	27	1.05	0.95				
	219	1	97.66535496491228	19.96474107017544	0.0	0.0	2	1.0341394192298645	2.239644234573085	230.0	25	1.05	0.95				
	220	1	69.0672123508772	14.029277508771932	0.0	0.0	2	1.041907351675159	4.48557137416303	230.0	25	1.05	0.95				
	221	2	0.0	0.0	0.0	0.0	2	1.0329701486305565	1.656002959796261	230.0	27	1.05	0.95				
	222	2	0.0	0.0	0.0	0.0	2	1.05	8.13771512103464	230.0	27	1.05	0.95				
	223	2	0.0	0.0	0.0	0.0	2	1.0482864810321477	6.101412779531173	230.0	25	1.05	0.95				
	224	1	0.0	0.0	0.0	0.0	2	1.0102293800483866	-3.3312855698154404	230.0	26	1.05	0.95				
	301	2	42.81050300210526	8.720658018947368	0.0	0.0	3	1.0079907904338778	10.468263840515478	138.0	31	1.05	0.95				
	302	2	38.450173992631576	7.927870926315789	0.0	0.0	3	1.007892121471413	10.397834109656387	138.0	32	1.05	0.95				
	303	1	71.3508383368421	14.66656121368421	0.0	0.0	3	1.0201543738247512	13.818105926107156	138.0	31	1.05	0.95				
	304	1	29.33312242736842	5.945903194736841	0.0	0.0	3	1.0101287345999523	11.578250701759226	138.0	31	1.05	0.95				
	305	1	28.14394178842105	5.549509648421052	0.0	0.0	3	1.023729333843043	11.431121712826274	138.0	31	1.05	0.95				
	306	1	53.909522298947365	11.099019296842105	0.0	-100.0	3	1.0412975913204183	11.479498728177946	138.0	32	1.05	0.95				
	307	2	49.54919328947368	9.909838657894737	0.0	0.0	3	0.9737398670547865	7.955480746381814	138.0	32	1.05	0.95				
	308	1	67.78329642	13.873774121052628	0.0	0.0	3	0.9914801743415139	9.610237021154225	138.0	32	1.05	0.95				
	309	1	69.36887060526315	14.270167667368419	0.0	0.0	3	1.0238919155823878	14.17894687448222	138.0	33	1.05	0.95				
	310	1	77.29674153157895	15.855741852631578	0.0	0.0	3	1.05	13.669344407630806	138.0	33	1.05	0.95				
	311	1	0.0	0.0	0.0	0.0	3	1.0041278389272235	18.276455202532937	230.0	33	1.05	0.95				
	312	1	0.0	0.0	0.0	0.0	3	1.0110239827087717	18.262530510876104	230.0	33	1.05	0.95				
	313	2	105.04428977368421	21.40525150105263	0.0	0.0	3	1.0106228582866816	22.35448856108477	230.0	34	1.05	0.95				
	314	2	76.90034798526315	15.459348306315787	0.0	0.0	3	0.9973233429664672	19.168862307301133	230.0	36	1.05	0.95				
	315	2	125.65675418210525	25.36918696421052	0.0	0.0	3	1.022014973811722	18.532670890535588	230.0	36	1.05	0.95				
	316	2	39.63935463157895	7.927870926315789	0.0	0.0	3	1.0191715351631874	19.0364793760659	230.0	36	1.05	0.95				
	317	1	0.0	0.0	0.0	0.0	3	1.0387298896649018	21.661095395978563	230.0	37	1.05	0.95				
	318	2	131.99905092315788	26.954761149473683	0.0	0.0	3	1.0391031208269124	19.250520349961814	230.0	37	1.05	0.95				
	319	1	71.7472318831579	14.66656121368421	0.0	0.0	3	1.0178036708368068	19.018184174581048	230.0	35	1.05	0.95				
	320	1	50.73837392842104	10.306232204210525	0.0	0.0	3	1.0166055783565509	18.670814933674	230.0	35	1.05	0.95				
	321	2	0.0	0.0	0.0	0.0	3	1.0353400279710039	19.64239616465974	230.0	37	1.05	0.95				
	322	2	0.0	0.0	0.0	0.0	3	1.0499999817771715	24.743100900444386	230.0	37	1.05	0.95				
	323	2	0.0	0.0	0.0	0.0	3	1.0155866296891374	18.477967062782483	230.0	35	1.05	0.95				
	324	1	0.0	0.0	0.0	0.0	3	1.016283479711503	18.15316612979497	230.0	36	1.05	0.95				
	325	1	0.0	0.0	0.0	0.0	3	1.0194362793979346	17.953943382668417	230.0	35	1.05	0.95				
];
