%% MATPOWER Case Format : Version 2
function mpc = RTS_GMLC
mpc.version = '2';

%%-----  Power Flow Data  -----%%
%% system MVA base
mpc.baseMVA = 100.0;
%% bus data
%    bus_i    type    Pd    Qd    Gs    Bs    area    Vm    Va    baseKV    zone    Vmax    Vmin
mpc.bus = [
	101	2	56.698664021052636	11.54972785614035	0.0	0.0	1	1.0314179393134502	-1.2278634861753581	138.0	11	1.05	0.95				
	102	2	50.923800092982454	10.499752596491229	0.0	0.0	1	1.0305814630230017	-1.4913522081371857	138.0	12	1.05	0.95				
	103	1	94.49777336842105	19.424542303508773	0.0	0.0	1	1.0269146958204787	-1.3898175494484881	138.0	11	1.05	0.95				
	104	1	38.849084607017545	7.874814447368421	0.0	0.0	1	1.018821834188721	-4.155340738790918	138.0	11	1.05	0.95				
	105	1	37.274121717543856	7.34982681754386	0.0	0.0	1	1.033724015003937	-4.107853429924199	138.0	11	1.05	0.95				
	106	1	71.39831765614035	14.69965363508772	0.0	-100.0	1	1.042304439249197	-6.2711372620053005	138.0	12	1.05	0.95				
	107	2	65.62345372807017	13.124690745614034	0.0	0.0	1	1.0007424659276758	-12.879034788763438	138.0	12	1.05	0.95				
	108	1	89.77288469999999	18.374567043859646	0.0	0.0	1	1.0007083216568737	-11.080204057623494	138.0	12	1.05	0.95				
	109	1	91.87283521929824	18.89955467368421	0.0	0.0	1	1.0251624024240682	-4.200187344158314	138.0	13	1.05	0.95				
	110	1	102.37258781578946	20.999505192982458	0.0	0.0	1	1.05	-5.365141409277277	138.0	13	1.05	0.95				
	111	1	0.0	0.0	0.0	0.0	1	1.0088402827422072	-1.2913042725275659	230.0	13	1.05	0.95				
	112	1	0.0	0.0	0.0	0.0	1	1.0122813694594939	-1.0889039015599289	230.0	13	1.05	0.95				
	113	3	139.12172190350876	28.349332010526318	0.0	0.0	1	1.0063776387915402	3.747765946740244e-29	230.0	14	1.05	0.95				
	114	2	101.84760018596491	20.474517563157892	0.0	0.0	1	1.0100617455756864	1.159396556895213	230.0	16	1.05	0.95				
	115	2	166.42107865438595	33.59920830877193	0.0	0.0	1	1.0428344363726896	8.527773674502168	230.0	16	1.05	0.95				
	116	2	52.498762982456135	10.499752596491229	0.0	0.0	1	1.0396333096238126	7.705658553449609	230.0	16	1.05	0.95				
	117	1	0.0	0.0	0.0	0.0	1	1.043871457681137	10.832605223625766	230.0	17	1.05	0.95				
	118	2	174.82088073157894	35.699158828070175	0.0	0.0	1	1.0471899601638268	11.031405923667737	230.0	17	1.05	0.95				
	119	1	95.02276099824562	19.424542303508773	0.0	0.0	1	1.0322733100290016	5.863705628085868	230.0	15	1.05	0.95				
	120	1	67.19841661754386	13.649678375438596	0.0	0.0	1	1.0304023518186731	5.260270926859935	230.0	15	1.05	0.95				
	121	2	0.0	0.0	0.0	0.0	1	1.0499999962912343	12.421962569436186	230.0	17	1.05	0.95				
	122	2	0.0	0.0	0.0	0.0	1	1.05	22.02816972601383	230.0	17	1.05	0.95				
	123	2	0.0	0.0	0.0	0.0	1	1.0303104692431542	5.3268815792470585	230.0	15	1.05	0.95				
	124	1	0.0	0.0	0.0	0.0	1	1.0244569159080839	4.833789019410237	230.0	16	1.05	0.95				
	201	2	57.25546984421052	11.663151264561403	0.0	0.0	2	1.0266535380294781	-12.938431727992107	138.0	21	1.05	0.95				
	202	2	51.42389421192982	10.602864785964911	0.0	0.0	2	1.027420386892215	-12.82000044665245	138.0	22	1.05	0.95				
	203	1	95.42578307368422	19.615299854035086	0.0	0.0	2	1.0173414088410329	-11.412842888798803	138.0	21	1.05	0.95				
	204	1	39.23059970807017	7.9521485894736825	0.0	0.0	2	1.0166693028601066	-14.442618491301813	138.0	21	1.05	0.95				
	205	1	37.64016999017544	7.422005350175438	0.0	0.0	2	1.0317079297448366	-14.7717796724823	138.0	21	1.05	0.95				
	206	1	72.0994805445614	14.844010700350877	0.0	-100.0	2	1.0418590822532838	-16.27739766955234	138.0	22	1.05	0.95				
	207	2	66.2679049122807	13.253580982456139	0.0	0.0	2	0.989723489468831	-24.00502275283731	138.0	22	1.05	0.95				
	208	1	90.65449392	18.555013375438595	0.0	0.0	2	0.9926558353214021	-21.514797939953677	138.0	22	1.05	0.95				
	209	1	92.77506687719298	19.08515661473684	0.0	0.0	2	1.0235942386646906	-13.600413216939197	138.0	23	1.05	0.95				
	210	1	103.3779316631579	21.205729571929822	0.0	0.0	2	1.05	-14.937160775150469	138.0	23	1.05	0.95				
	211	1	0.0	0.0	0.0	0.0	2	1.0117757965848964	-10.149716653179311	230.0	23	1.05	0.95				
	212	1	0.0	0.0	0.0	0.0	2	1.0117893885437268	-9.235340724883267	230.0	23	1.05	0.95				
	213	2	140.48795841403506	28.62773492210526	0.0	0.0	2	1.0105322422279037	-8.74016224688356	230.0	24	1.05	0.95				
	214	2	102.84778842385964	20.67558633263158	0.0	0.0	2	1.017896331611466	-7.223846290667407	230.0	26	1.05	0.95				
	215	2	168.05540685754386	33.92916731508772	0.0	0.0	2	1.0334485174803063	0.3051379134756571	230.0	26	1.05	0.95				
	216	2	53.014323929824556	10.602864785964911	0.0	0.0	2	1.035078238203273	0.1359043871131455	230.0	26	1.05	0.95				
	217	1	0.0	0.0	0.0	0.0	2	1.0387729871272704	2.9488623166464842	230.0	27	1.05	0.95				
	218	2	176.5376986863158	36.0497402722807	0.0	0.0	2	1.0398068988038989	3.1597507921649264	230.0	27	1.05	0.95				
	219	1	95.95592631298246	19.615299854035086	0.0	0.0	2	1.034660329259384	-0.20702662519206613	230.0	25	1.05	0.95				
	220	1	67.85833463017543	13.783724221754385	0.0	0.0	2	1.0383087148420067	0.5085448401053836	230.0	25	1.05	0.95				
	221	2	0.0	0.0	0.0	0.0	2	1.0399674360807802	2.9757742138137644	230.0	27	1.05	0.95				
	222	2	0.0	0.0	0.0	0.0	2	1.05	9.46744490553225	230.0	27	1.05	0.95				
	223	2	0.0	0.0	0.0	0.0	2	1.041507286316849	1.2944035931555598	230.0	25	1.05	0.95				
	224	1	0.0	0.0	0.0	0.0	2	1.0128623538170431	-4.061992582677253	230.0	26	1.05	0.95				
	301	2	44.05757672842106	8.974691555789475	0.0	0.0	3	1.0097830433204036	-1.7009099532053211	138.0	31	1.05	0.95				
	302	2	39.57023095052632	8.158810505263158	0.0	0.0	3	1.0096637338526728	-1.9740145862736822	138.0	32	1.05	0.95				
	303	1	73.42929454736843	15.093799434736843	0.0	0.0	3	1.045549635325265	9.489878058465218	138.0	31	1.05	0.95				
	304	1	30.187598869473685	6.119107878947369	0.0	0.0	3	1.0122645024152384	-0.643094208332982	138.0	31	1.05	0.95				
	305	1	28.963777293684213	5.711167353684211	0.0	0.0	3	1.024912749727216	-2.6882964944669925	138.0	31	1.05	0.95				
	306	1	55.47991143578949	11.422334707368423	0.0	-100.0	3	1.0413511359509766	-3.732659108285632	138.0	32	1.05	0.95				
	307	2	50.99256565789474	10.198513131578949	0.0	0.0	3	0.9877050536126661	-7.347746362977158	138.0	32	1.05	0.95				
	308	1	69.75782982000001	14.277918384210528	0.0	0.0	3	0.9971819329176287	-5.5488822499882495	138.0	32	1.05	0.95				
	309	1	71.38959192105264	14.685858909473684	0.0	0.0	3	1.0268787771874919	2.116166761979938	138.0	33	1.05	0.95				
	310	1	79.5484024263158	16.317621010526317	0.0	0.0	3	1.05	-2.3566819482708667	138.0	33	1.05	0.95				
	311	1	0.0	0.0	0.0	0.0	3	1.008462257752339	1.4284565027654643	230.0	33	1.05	0.95				
	312	1	0.0	0.0	0.0	0.0	3	1.0143734604574406	2.1844027144338294	230.0	33	1.05	0.95				
	313	2	108.10423919473683	22.02878836421053	0.0	0.0	3	1.0110938204996818	4.111148316859527	230.0	34	1.05	0.95				
	314	2	79.14046190105265	15.909680485263161	0.0	0.0	3	1.000031794778339	0.7349040353626818	230.0	36	1.05	0.95				
	315	2	129.31714650842105	26.108193616842108	0.0	0.0	3	1.0346192393408769	2.528674506306841	230.0	36	1.05	0.95				
	316	2	40.794052526315795	8.158810505263158	0.0	0.0	3	1.0270851810583068	2.20472926890399	230.0	36	1.05	0.95				
	317	1	0.0	0.0	0.0	0.0	3	1.0374145085858446	4.052323836154336	230.0	37	1.05	0.95				
	318	2	135.8441949126316	27.739955717894745	0.0	0.0	3	1.036735323683971	3.1584850609518886	230.0	37	1.05	0.95				
	319	1	73.83723507263159	15.093799434736843	0.0	0.0	3	1.0211313232647699	2.2282071911907395	230.0	35	1.05	0.95				
	320	1	52.216387233684216	10.606453656842106	0.0	0.0	3	1.018630515457643	3.0553488255248937	230.0	35	1.05	0.95				
	321	2	0.0	0.0	0.0	0.0	3	1.037866625361324	3.5060603834706687	230.0	37	1.05	0.95				
	322	2	0.0	0.0	0.0	0.0	3	1.049999989533381	8.030050180741496	230.0	37	1.05	0.95				
	323	2	0.0	0.0	0.0	0.0	3	1.0179650428916256	3.8328452724200535	230.0	35	1.05	0.95				
	324	1	0.0	0.0	0.0	0.0	3	1.0361646803362539	5.193994096837685	230.0	36	1.05	0.95				
	325	1	0.0	0.0	0.0	0.0	3	1.0191154325086071	4.582889209824116	230.0	35	1.05	0.95				
];
