%% MATPOWER Case Format : Version 2
function mpc = RTS_GMLC
mpc.version = '2';

%%-----  Power Flow Data  -----%%
%% system MVA base
mpc.baseMVA = 100.0;
%% bus data
%    bus_i    type    Pd    Qd    Gs    Bs    area    Vm    Va    baseKV    zone    Vmax    Vmin
mpc.bus = [
	101	2	86.39732804210526	17.5994557122807	0.0	0.0	1	1.0472128091598096	0.3601188249591538	138.0	11	1.05	0.95				
	102	2	77.59760018596491	15.999505192982454	0.0	0.0	1	1.0470424890889434	0.21948881571392084	138.0	12	1.05	0.95				
	103	1	143.9955467368421	29.599084607017538	0.0	0.0	1	1.0258710814765086	-1.6535002658450748	138.0	11	1.05	0.95				
	104	1	59.198169214035076	11.99962889473684	0.0	0.0	1	1.0240974268492435	-3.5594141293632937	138.0	11	1.05	0.95				
	105	1	56.79824343508771	11.199653635087719	0.0	0.0	1	1.0370714398538323	-3.956624121865037	138.0	11	1.05	0.95				
	106	1	108.7966353122807	22.399307270175438	0.0	-100.0	1	1.037229751282206	-7.115262523200752	138.0	12	1.05	0.95				
	107	2	99.99690745614033	19.999381491228068	0.0	0.0	1	1.05	-5.512457297473986	138.0	12	1.05	0.95				
	108	1	136.79576939999998	27.999134087719295	0.0	0.0	1	1.0242628653964687	-7.828632699736386	138.0	12	1.05	0.95				
	109	1	139.99567043859648	28.799109347368418	0.0	0.0	1	1.027318644849022	-4.44974760088481	138.0	13	1.05	0.95				
	110	1	155.99517563157895	31.999010385964908	0.0	0.0	1	1.05	-5.886820032155755	138.0	13	1.05	0.95				
	111	1	0.0	0.0	0.0	0.0	1	1.0135261091144379	-1.9554827997585398	230.0	13	1.05	0.95				
	112	1	0.0	0.0	0.0	0.0	1	1.0170894702884004	-1.1808233566982882	230.0	13	1.05	0.95				
	113	3	211.9934438070175	43.19866402105263	0.0	0.0	1	1.015516050758316	5.192233660812653e-30	230.0	14	1.05	0.95				
	114	2	155.19520037192981	31.19903512631579	0.0	0.0	1	1.0135692041338558	-0.3987957396678511	230.0	16	1.05	0.95				
	115	2	253.5921573087719	51.19841661754385	0.0	0.0	1	1.0440567148612308	7.413085203354321	230.0	16	1.05	0.95				
	116	2	79.99752596491227	15.999505192982454	0.0	0.0	1	1.0413703222136816	6.649347961159114	230.0	16	1.05	0.95				
	117	1	0.0	0.0	0.0	0.0	1	1.045298408223973	9.514895511135093	230.0	17	1.05	0.95				
	118	2	266.3917614631579	54.39831765614035	0.0	0.0	1	1.0472142642930216	10.008797620050855	230.0	17	1.05	0.95				
	119	1	144.7955219964912	29.599084607017538	0.0	0.0	1	1.0348415358924985	5.274976812086643	230.0	15	1.05	0.95				
	120	1	102.3968332350877	20.799356750877195	0.0	0.0	1	1.0354410116996449	5.109029645242879	230.0	15	1.05	0.95				
	121	2	0.0	0.0	0.0	0.0	1	1.05	11.814455476677047	230.0	17	1.05	0.95				
	122	2	0.0	0.0	0.0	0.0	1	1.05	17.441236858428727	230.0	17	1.05	0.95				
	123	2	0.0	0.0	0.0	0.0	1	1.038018926198463	5.612582166894266	230.0	15	1.05	0.95				
	124	1	0.0	0.0	0.0	0.0	1	1.0258080414583086	4.046211122893262	230.0	16	1.05	0.95				
	201	2	85.91720445473686	17.501652759298246	0.0	0.0	2	1.0337552138784714	-13.414531770661558	138.0	21	1.05	0.95				
	202	2	77.16637807508772	15.910593417543861	0.0	0.0	2	1.0366796085867602	-13.536847433641471	138.0	22	1.05	0.95				
	203	1	143.19534075789474	29.434597822456144	0.0	0.0	2	1.0257622513709659	-10.036779804476206	138.0	21	1.05	0.95				
	204	1	58.86919564491229	11.932945063157895	0.0	0.0	2	1.0174186540413392	-14.872139549920947	138.0	21	1.05	0.95				
	205	1	56.48260663228071	11.137415392280705	0.0	0.0	2	1.0316530394285974	-15.33038731123683	138.0	21	1.05	0.95				
	206	1	108.19203523929826	22.27483078456141	0.0	-100.0	2	1.0363617240457543	-17.150260453622494	138.0	22	1.05	0.95				
	207	2	99.44120885964914	19.888241771929827	0.0	0.0	2	0.95	-28.860244250874878	138.0	22	1.05	0.95				
	208	1	136.03557372	27.843538480701756	0.0	0.0	2	0.9566104062178556	-24.908468059140525	138.0	22	1.05	0.95				
	209	1	139.21769240350878	28.63906815157895	0.0	0.0	2	1.0271276721682916	-12.747700675073673	138.0	23	1.05	0.95				
	210	1	155.12828582105266	31.821186835087722	0.0	0.0	2	1.05	-14.759824147027242	138.0	23	1.05	0.95				
	211	1	0.0	0.0	0.0	0.0	2	1.0346361181558965	-8.921952792410524	230.0	23	1.05	0.95				
	212	1	0.0	0.0	0.0	0.0	2	1.0291270542148203	-3.9901907978713496	230.0	23	1.05	0.95				
	213	2	210.81536278245613	42.95860222736843	0.0	0.0	2	1.05	-6.236414015253699	230.0	24	1.05	0.95				
	214	2	154.33275615017544	31.02565716421053	0.0	0.0	2	1.05	-6.666570604161068	230.0	26	1.05	0.95				
	215	2	252.1829056680702	50.913898936140356	0.0	0.0	2	1.0462615992246733	1.5789168497727624	230.0	26	1.05	0.95				
	216	2	79.55296708771931	15.910593417543861	0.0	0.0	2	1.049754849899466	1.4238033948815374	230.0	26	1.05	0.95				
	217	1	0.0	0.0	0.0	0.0	2	1.0493101492244457	4.175109242762297	230.0	27	1.05	0.95				
	218	2	264.9113804021053	54.09601761964913	0.0	0.0	2	1.0499900829788693	4.511327378450952	230.0	27	1.05	0.95				
	219	1	143.99087042877196	29.434597822456144	0.0	0.0	2	1.0438647674919421	1.508217419638275	230.0	25	1.05	0.95				
	220	1	101.82779787228071	20.68377144280702	0.0	0.0	2	1.045971874792994	3.0684859007274325	230.0	25	1.05	0.95				
	221	2	0.0	0.0	0.0	0.0	2	1.05	4.631547349457308	230.0	27	1.05	0.95				
	222	2	0.0	0.0	0.0	0.0	2	1.05	10.964786034489407	230.0	27	1.05	0.95				
	223	2	0.0	0.0	0.0	0.0	2	1.05	4.501226190720139	230.0	25	1.05	0.95				
	224	1	0.0	0.0	0.0	0.0	2	1.0239933492099533	-2.7326509549932028	230.0	26	1.05	0.95				
	301	2	74.43150900631579	15.161974056842107	0.0	0.0	3	0.9872549507230745	-1.0037973094833856	138.0	31	1.05	0.95				
	302	2	66.85052197789474	13.78361277894737	0.0	0.0	3	0.9890985008061374	-1.0830838165157366	138.0	32	1.05	0.95				
	303	1	124.05251501052632	25.499683641052634	0.0	0.0	3	1.002797376798722	3.1613496650296082	138.0	31	1.05	0.95				
	304	1	50.99936728210527	10.337709584210526	0.0	0.0	3	0.9864929440360632	1.5263801941276918	138.0	31	1.05	0.95				
	305	1	48.93182536526316	9.64852894526316	0.0	0.0	3	0.9983612714783382	1.3547467233347876	138.0	31	1.05	0.95				
	306	1	93.72856689684211	19.29705789052632	0.0	-100.0	3	1.0130122023375572	1.8938101982596127	138.0	32	1.05	0.95				
	307	2	86.14757986842105	17.22951597368421	0.0	0.0	3	0.9657914409359004	-3.0621854675091704	138.0	32	1.05	0.95				
	308	1	117.84988926	24.121322363157898	0.0	0.0	3	0.9752385676566222	0.23556549198547239	138.0	32	1.05	0.95				
	309	1	120.60661181578949	24.810503002105264	0.0	0.0	3	1.0107615450846756	6.55723307123145	138.0	33	1.05	0.95				
	310	1	134.39022459473685	27.56722555789474	0.0	0.0	3	1.0319303144572518	5.996327284612918	138.0	33	1.05	0.95				
	311	1	0.0	0.0	0.0	0.0	3	1.003524453160319	13.745677755680079	230.0	33	1.05	0.95				
	312	1	0.0	0.0	0.0	0.0	3	1.0085860941629372	15.133219491421517	230.0	33	1.05	0.95				
	313	2	182.63286932105265	37.215754503157896	0.0	0.0	3	1.036545640422387	23.225336623894176	230.0	34	1.05	0.95				
	314	2	133.7010439557895	26.87804491894737	0.0	0.0	3	1.0095586649366983	12.616485909345684	230.0	36	1.05	0.95				
	315	2	218.47026254631578	44.10756089263158	0.0	0.0	3	1.0358511037149167	8.379234866572345	230.0	36	1.05	0.95				
	316	2	68.91806389473685	13.78361277894737	0.0	0.0	3	1.0357573441224597	9.912313681404648	230.0	36	1.05	0.95				
	317	1	0.0	0.0	0.0	0.0	3	1.0401112955465	9.072925657021546	230.0	37	1.05	0.95				
	318	2	229.4971527694737	46.864283448421055	0.0	0.0	3	1.0391804090402375	8.033412560344717	230.0	37	1.05	0.95				
	319	1	124.74169564947371	25.499683641052634	0.0	0.0	3	1.0335242805607332	12.322709283664105	230.0	35	1.05	0.95				
	320	1	88.21512178526316	17.91869661263158	0.0	0.0	3	1.0351164201699807	14.242166548583	230.0	35	1.05	0.95				
	321	2	0.0	0.0	0.0	0.0	3	1.0404559401532936	9.10156522985063	230.0	37	1.05	0.95				
	322	2	0.0	0.0	0.0	0.0	3	1.05	13.407936946667778	230.0	37	1.05	0.95				
	323	2	0.0	0.0	0.0	0.0	3	1.0361860719953035	14.94641472085398	230.0	35	1.05	0.95				
	324	1	0.0	0.0	0.0	0.0	3	1.0183941434327057	8.37662067083828	230.0	36	1.05	0.95				
	325	1	0.0	0.0	0.0	0.0	3	1.0386369413099614	14.686814318737051	230.0	35	1.05	0.95				
];
