%% MATPOWER Case Format : Version 2
function mpc = RTS_GMLC
mpc.version = '2';

%%-----  Power Flow Data  -----%%
%% system MVA base
mpc.baseMVA = 100.0;
%% bus data
%    bus_i    type    Pd    Qd    Gs    Bs    area    Vm    Va    baseKV    zone    Vmax    Vmin
mpc.bus = [
	101	2	78.58189015578948	16.00742206877193	0.0	0.0	1	1.0	-2.089320707162132	138.0	11	1.05	0.95				
	102	2	70.57817912140351	14.552201880701753	0.0	0.0	1	1.0	-2.1506701230763627	138.0	12	1.05	0.95				
	103	1	130.9698169263158	26.921573479298246	0.0	0.0	1	1.0	-2.6229496833574126	138.0	11	1.05	0.95				
	104	1	53.84314695859649	10.914151410526316	0.0	0.0	1	1.0	-5.339691896396902	138.0	11	1.05	0.95				
	105	1	51.66031667649123	10.186541316491228	0.0	0.0	1	1.0	-5.3096528998557915	138.0	11	1.05	0.95				
	106	1	98.95497278877194	20.373082632982456	0.0	-100.0	1	1.0	-7.751583487320144	138.0	12	1.05	0.95				
	107	2	90.95126175438595	18.19025235087719	0.0	0.0	1	1.0	-5.148216134892841	138.0	12	1.05	0.95				
	108	1	124.42132607999999	25.466353291228067	0.0	0.0	1	1.0	-7.839519016664859	138.0	12	1.05	0.95				
	109	1	127.33176645614034	26.193963385263157	0.0	0.0	1	1.0	-4.5262555921554055	138.0	13	1.05	0.95				
	110	1	141.8839683368421	29.104403761403507	0.0	0.0	1	1.0	-5.865113218544814	138.0	13	1.05	0.95				
	111	1	0.0	0.0	0.0	0.0	1	1.0	-1.507173778385979	230.0	13	1.05	0.95				
	112	1	0.0	0.0	0.0	0.0	1	1.0	-0.4761802010688482	230.0	13	1.05	0.95				
	113	3	192.81667491929824	39.29094507789474	0.0	0.0	1	1.0	6.513073197436367e-22	230.0	14	1.05	0.95				
	114	2	141.15635824280702	28.37679366736842	0.0	0.0	1	1.0	0.9146014453355117	230.0	16	1.05	0.95				
	115	2	230.65239980912278	46.56704601824561	0.0	0.0	1	1.0	9.384186717596076	230.0	16	1.05	0.95				
	116	2	72.76100940350877	14.552201880701753	0.0	0.0	1	1.0	9.099160852971458	230.0	16	1.05	0.95				
	117	1	0.0	0.0	0.0	0.0	1	1.0	12.227783014695362	230.0	17	1.05	0.95				
	118	2	242.29416131368419	49.47748639438597	0.0	0.0	1	1.0	12.845136986999707	230.0	17	1.05	0.95				
	119	1	131.6974270203509	26.921573479298246	0.0	0.0	1	1.0	8.054148350009106	230.0	15	1.05	0.95				
	120	1	93.13409203649123	18.91786244491228	0.0	0.0	1	1.0	8.679403900310206	230.0	15	1.05	0.95				
	121	2	0.0	0.0	0.0	0.0	1	1.0	13.494620802450195	230.0	17	1.05	0.95				
	122	2	0.0	0.0	0.0	0.0	1	1.0	20.300046891310785	230.0	17	1.05	0.95				
	123	2	0.0	0.0	0.0	0.0	1	1.0	9.622195987942298	230.0	15	1.05	0.95				
	124	1	0.0	0.0	0.0	0.0	1	1.0	4.743805304372702	230.0	16	1.05	0.95				
	201	2	90.66016057263158	18.467810487017545	0.0	0.0	2	1.0	-17.278892663046786	138.0	21	1.05	0.95				
	202	2	81.42625532912281	16.788918624561404	0.0	0.0	2	1.0	-17.48998902114685	138.0	22	1.05	0.95				
	203	1	151.10026762105264	31.059499455438598	0.0	0.0	2	1.0	-11.913720497696067	138.0	21	1.05	0.95				
	204	1	62.118998910877195	12.591688968421053	0.0	0.0	2	1.0	-19.395277465528522	138.0	21	1.05	0.95				
	205	1	59.60066111719298	11.752243037192985	0.0	0.0	2	1.0	-19.967202419150485	138.0	21	1.05	0.95				
	206	1	114.16464664701755	23.50448607438597	0.0	-100.0	2	1.0	-22.252213286416765	138.0	22	1.05	0.95				
	207	2	104.93074140350878	20.986148280701755	0.0	0.0	2	1.0	-34.73649024881365	138.0	22	1.05	0.95				
	208	1	143.54525424	29.380607592982454	0.0	0.0	2	1.0	-30.816805512181837	138.0	22	1.05	0.95				
	209	1	146.9030379649123	30.220053524210527	0.0	0.0	2	1.0	-17.004335324410597	138.0	23	1.05	0.95				
	210	1	163.69195658947368	33.57783724912281	0.0	0.0	2	1.0	-19.543477913823207	138.0	23	1.05	0.95				
	211	1	0.0	0.0	0.0	0.0	2	1.0	-11.513213658391706	230.0	23	1.05	0.95				
	212	1	0.0	0.0	0.0	0.0	2	1.0	-10.389587870849567	230.0	23	1.05	0.95				
	213	2	222.4531717754386	45.33008028631579	0.0	0.0	2	1.0	-7.845906256001009	230.0	24	1.05	0.95				
	214	2	162.85251065824562	32.73839131789474	0.0	0.0	2	1.0	-7.86489484068976	230.0	26	1.05	0.95				
	215	2	266.10436019929824	53.7245395985965	0.0	0.0	2	1.0	3.305741182995554	230.0	26	1.05	0.95				
	216	2	83.94459312280702	16.788918624561404	0.0	0.0	2	1.0	2.769485132546608	230.0	26	1.05	0.95				
	217	1	0.0	0.0	0.0	0.0	2	1.0	7.153405156279559	230.0	27	1.05	0.95				
	218	2	279.5354950989474	57.082323323508774	0.0	0.0	2	1.0	7.977362635018454	230.0	27	1.05	0.95				
	219	1	151.93971355228072	31.059499455438598	0.0	0.0	2	1.0	1.383221227641851	230.0	25	1.05	0.95				
	220	1	107.449079197193	21.82559421192983	0.0	0.0	2	1.0	1.9477253664137044	230.0	25	1.05	0.95				
	221	2	0.0	0.0	0.0	0.0	2	1.0	8.633005697787862	230.0	27	1.05	0.95				
	222	2	0.0	0.0	0.0	0.0	2	1.0	15.270592934931209	230.0	27	1.05	0.95				
	223	2	0.0	0.0	0.0	0.0	2	1.0	2.948904841919082	230.0	25	1.05	0.95				
	224	1	0.0	0.0	0.0	0.0	2	1.0	-2.5761031422457648	230.0	26	1.05	0.95				
	301	2	70.02404302736842	14.264156912982456	0.0	0.0	3	1.0	-26.434165000729706	138.0	31	1.05	0.95				
	302	2	62.89196457087719	12.967415375438595	0.0	0.0	3	1.0	-26.60530475370848	138.0	32	1.05	0.95				
	303	1	116.70673837894736	23.9897184445614	0.0	0.0	3	1.0	-17.658851224857365	138.0	31	1.05	0.95				
	304	1	47.9794368891228	9.725561531578947	0.0	0.0	3	1.0	-24.202244874801057	138.0	31	1.05	0.95				
	305	1	46.03432458280701	9.077190762807017	0.0	0.0	3	1.0	-25.267361403418224	138.0	31	1.05	0.95				
	306	1	88.17842455298246	18.154381525614035	0.0	-100.0	3	1.0	-25.2476821011208	138.0	32	1.05	0.95				
	307	2	81.04634609649122	16.209269219298246	0.0	0.0	3	1.0	-33.095955594497944	138.0	32	1.05	0.95				
	308	1	110.87140145999999	22.69297690701754	0.0	0.0	3	1.0	-30.06847173737932	138.0	32	1.05	0.95				
	309	1	113.46488453508772	23.34134767578947	0.0	0.0	3	1.0	-19.182926631577768	138.0	33	1.05	0.95				
	310	1	126.43229991052631	25.93483075087719	0.0	0.0	3	1.0	-21.578262682100394	138.0	33	1.05	0.95				
	311	1	0.0	0.0	0.0	0.0	3	1.0	-13.257335529447225	230.0	33	1.05	0.95				
	312	1	0.0	0.0	0.0	0.0	3	1.0	-11.660086422859989	230.0	33	1.05	0.95				
	313	2	171.81825372456137	35.01202151368421	0.0	0.0	3	1.0	-7.9863601526712165	230.0	34	1.05	0.95				
	314	2	125.78392914175438	25.286459982105264	0.0	0.0	3	1.0	-10.64272291191012	230.0	36	1.05	0.95				
	315	2	205.53353370070172	41.495729201403506	0.0	0.0	3	1.0	-2.9100653459549384	230.0	36	1.05	0.95				
	316	2	64.83707687719298	12.967415375438595	0.0	0.0	3	1.0	-2.712529606348744	230.0	36	1.05	0.95				
	317	1	0.0	0.0	0.0	0.0	3	1.0	-0.49350759111223763	230.0	37	1.05	0.95				
	318	2	215.90746600105263	44.08921227649123	0.0	0.0	3	1.0	-0.3501866580168265	230.0	37	1.05	0.95				
	319	1	117.35510914771929	23.9897184445614	0.0	0.0	3	1.0	-2.109434475347384	230.0	35	1.05	0.95				
	320	1	82.99145840280701	16.857639988070176	0.0	0.0	3	1.0	-0.219916936098431	230.0	35	1.05	0.95				
	321	2	0.0	0.0	0.0	0.0	3	1.0	1.0001107300656056	230.0	37	1.05	0.95				
	322	2	0.0	0.0	0.0	0.0	3	1.0	7.34342588509672	230.0	37	1.05	0.95				
	323	2	0.0	0.0	0.0	0.0	3	1.0	1.355139687584205	230.0	35	1.05	0.95				
	324	1	0.0	0.0	0.0	0.0	3	1.0	-8.610008244466139	230.0	36	1.05	0.95				
	325	1	0.0	0.0	0.0	0.0	3	1.0	2.37161455937377	230.0	35	1.05	0.95				
];

%% generator data
%    bus    Pg    Qg    Qmax    Qmin    Vg    mBase    status    Pmax    Pmin    Pc1    Pc2    Qc1min    Qc1max    Qc2min    Qc2max    ramp_agc    ramp_10    ramp_30    ramp_q    apf
