%% MATPOWER Case Format : Version 2
function mpc = RTS_GMLC
mpc.version = '2';

%%-----  Power Flow Data  -----%%
%% system MVA base
mpc.baseMVA = 100.0;
%% bus data
%    bus_i    type    Pd    Qd    Gs    Bs    area    Vm    Va    baseKV    zone    Vmax    Vmin
mpc.bus = [
	101	2	80.91984168000002	16.483671453333333	0.0	0.0	1	1.046523051199254	0.6534913525574937	138.0	11	1.05	0.95				
	102	2	72.67800595333334	14.98515586666667	0.0	0.0	1	1.0458701805936905	0.4151988211360488	138.0	12	1.05	0.95				
	103	1	134.86640280000003	27.722538353333338	0.0	0.0	1	1.0273866550324058	-1.4722465309313029	138.0	11	1.05	0.95				
	104	1	55.445076706666676	11.238866900000001	0.0	0.0	1	1.0247234668495462	-3.124045588374213	138.0	11	1.05	0.95				
	105	1	53.19730332666667	10.489609106666668	0.0	0.0	1	1.0375280943271705	-3.498382643520458	138.0	11	1.05	0.95				
	106	1	101.89905989333334	20.979218213333336	0.0	-100.0	1	1.038614513722157	-6.548011778686647	138.0	12	1.05	0.95				
	107	2	93.65722416666668	18.731444833333335	0.0	0.0	1	1.0434442005332447	-4.63092164733636	138.0	12	1.05	0.95				
	108	1	128.12308266000002	26.224022766666664	0.0	0.0	1	1.0219089839680695	-6.999388714941762	138.0	12	1.05	0.95				
	109	1	131.12011383333336	26.973280560000003	0.0	0.0	1	1.0271612477228496	-4.0707925234581	138.0	13	1.05	0.95				
	110	1	146.1052697	29.97031173333334	0.0	0.0	1	1.05	-5.415152974523535	138.0	13	1.05	0.95				
	111	1	0.0	0.0	0.0	0.0	1	1.0118602550688771	-1.8755457106040732	230.0	13	1.05	0.95				
	112	1	0.0	0.0	0.0	0.0	1	1.0158430466178432	-1.0667452480438733	230.0	13	1.05	0.95				
	113	3	198.55331523333334	40.45992084000001	0.0	0.0	1	1.012124101069571	-3.358814771571683e-29	230.0	14	1.05	0.95				
	114	2	145.35601190666668	29.22105394	0.0	0.0	1	1.010739609874185	-0.5764620795786509	230.0	16	1.05	0.95				
	115	2	237.51472048666668	47.95249877333334	0.0	0.0	1	1.0423493247331015	6.314789639711528	230.0	16	1.05	0.95				
	116	2	74.92577933333334	14.98515586666667	0.0	0.0	1	1.039395813335498	5.799951117292034	230.0	16	1.05	0.95				
	117	1	0.0	0.0	0.0	0.0	1	1.044674989341661	8.30785278807112	230.0	17	1.05	0.95				
	118	2	249.50284518000007	50.94952994666667	0.0	0.0	1	1.0468246748554928	8.66482223665666	230.0	17	1.05	0.95				
	119	1	135.61566059333333	27.722538353333338	0.0	0.0	1	1.0331235539391683	4.74331564865029	230.0	15	1.05	0.95				
	120	1	95.90499754666668	19.48070262666667	0.0	0.0	1	1.0331718962048027	4.732603763727114	230.0	15	1.05	0.95				
	121	2	0.0	0.0	0.0	0.0	1	1.0497225341109275	9.912206407235091	230.0	17	1.05	0.95				
	122	2	0.0	0.0	0.0	0.0	1	1.05	15.796094929882772	230.0	17	1.05	0.95				
	123	2	0.0	0.0	0.0	0.0	1	1.0352462394317463	5.2872391476461935	230.0	15	1.05	0.95				
	124	1	0.0	0.0	0.0	0.0	1	1.0267173228681195	3.4171750478526044	230.0	16	1.05	0.95				
	201	2	81.48024557052632	16.597827801403508	0.0	0.0	2	1.0389811219028642	-12.538175562282643	138.0	21	1.05	0.95				
	202	2	73.18133166982456	15.088934364912282	0.0	0.0	2	1.0392789852350133	-12.619475901957282	138.0	22	1.05	0.95				
	203	1	135.80040928421053	27.914528575087722	0.0	0.0	2	1.0245560135641965	-9.564604255362584	138.0	21	1.05	0.95				
	204	1	55.829057150175444	11.316700773684211	0.0	0.0	2	1.0186968295939471	-14.074924458390797	138.0	21	1.05	0.95				
	205	1	53.56571699543859	10.562254055438599	0.0	0.0	2	1.0349100848415558	-14.490745341883356	138.0	21	1.05	0.95				
	206	1	102.60475368140351	21.124508110877198	0.0	-100.0	2	1.0382144224715049	-16.29507367936708	138.0	22	1.05	0.95				
	207	2	94.30583978070175	18.861167956140353	0.0	0.0	2	0.9580492031132348	-27.547321376708847	138.0	22	1.05	0.95				
	208	1	129.01038882	26.40563513859649	0.0	0.0	2	0.9632031875212245	-23.77492990181403	138.0	22	1.05	0.95				
	209	1	132.02817569298247	27.160081856842105	0.0	0.0	2	1.0257269377299383	-12.218372495938597	138.0	23	1.05	0.95				
	210	1	147.11711005789473	30.177868729824564	0.0	0.0	2	1.05	-14.103535024055384	138.0	23	1.05	0.95				
	211	1	0.0	0.0	0.0	0.0	2	1.0271978038627358	-8.770994985015392	230.0	23	1.05	0.95				
	212	1	0.0	0.0	0.0	0.0	2	1.0253445070416976	-3.8526206914179535	230.0	23	1.05	0.95				
	213	2	199.9283803350877	40.74012278526316	0.0	0.0	2	1.036029779913404	-6.226416020482053	230.0	24	1.05	0.95				
	214	2	146.36266333964912	29.42342201157895	0.0	0.0	2	1.0398367634930528	-6.733500170151926	230.0	26	1.05	0.95				
	215	2	239.15960968385966	48.2845899677193	0.0	0.0	2	1.0414043690099297	0.9488924946195355	230.0	26	1.05	0.95				
	216	2	75.44467182456141	15.088934364912282	0.0	0.0	2	1.0437552261499718	0.821674102675781	230.0	26	1.05	0.95				
	217	1	0.0	0.0	0.0	0.0	2	1.0451343859761644	3.497250453041344	230.0	27	1.05	0.95				
	218	2	251.23075717578948	51.302376840701754	0.0	0.0	2	1.0458979945388251	3.741653433481081	230.0	27	1.05	0.95				
	219	1	136.55485600245615	27.914528575087722	0.0	0.0	2	1.0409252716506925	0.6914569271977602	230.0	25	1.05	0.95				
	220	1	96.5691799354386	19.615614674385967	0.0	0.0	2	1.045154973982754	1.9947635619542794	230.0	25	1.05	0.95				
	221	2	0.0	0.0	0.0	0.0	2	1.0461098967109959	3.680615969872813	230.0	27	1.05	0.95				
	222	2	0.0	0.0	0.0	0.0	2	1.05	10.117138476302303	230.0	27	1.05	0.95				
	223	2	0.0	0.0	0.0	0.0	2	1.05	3.255189194217643	230.0	25	1.05	0.95				
	224	1	0.0	0.0	0.0	0.0	2	1.0219724208918894	-2.964778779706927	230.0	26	1.05	0.95				
	301	2	79.93229991157895	16.28250553754386	0.0	0.0	3	0.9874884233839686	-15.772753313490268	138.0	31	1.05	0.95				
	302	2	71.79104714280702	14.80227776140351	0.0	0.0	3	0.988343452101213	-15.90475472224829	138.0	32	1.05	0.95				
	303	1	133.22049985263158	27.38421385859649	0.0	0.0	3	1.003257751574705	-8.873615576878702	138.0	31	1.05	0.95				
	304	1	54.76842771719298	11.10170832105263	0.0	0.0	3	0.982601779422585	-13.029746025725723	138.0	31	1.05	0.95				
	305	1	52.548086052982455	10.361594432982457	0.0	0.0	3	0.995059990048866	-13.746150338918792	138.0	31	1.05	0.95				
	306	1	100.65548877754387	20.723188865964914	0.0	-100.0	3	1.0067381210364488	-13.43931384972458	138.0	32	1.05	0.95				
	307	2	92.51423600877193	18.502847201754385	0.0	0.0	3	0.968703350821202	-18.66642892748493	138.0	32	1.05	0.95				
	308	1	126.55947486	25.903986082456136	0.0	0.0	3	0.9731986481490629	-15.037522323695677	138.0	32	1.05	0.95				
	309	1	129.5199304122807	26.644099970526312	0.0	0.0	3	1.0071593005277917	-7.541201331509903	138.0	33	1.05	0.95				
	310	1	144.3222081736842	29.60455552280702	0.0	0.0	3	1.0260652922716853	-9.231237771363682	138.0	33	1.05	0.95				
	311	1	0.0	0.0	0.0	0.0	3	1.0019307103470525	-0.6287916441552152	230.0	33	1.05	0.95				
	312	1	0.0	0.0	0.0	0.0	3	1.0045181637733434	1.2535696164638828	230.0	33	1.05	0.95				
	313	2	196.1301803385965	39.966149955789476	0.0	0.0	3	1.0351822737544327	8.623084726899073	230.0	34	1.05	0.95				
	314	2	143.58209428561403	28.864441634736842	0.0	0.0	3	1.0112434236801189	-1.3087570064212055	230.0	36	1.05	0.95				
	315	2	234.6161025182456	47.36728883649123	0.0	0.0	3	1.0394161141641933	0.11111224688831339	230.0	36	1.05	0.95				
	316	2	74.01138880701754	14.80227776140351	0.0	0.0	3	1.0369712861387075	1.1150483709722196	230.0	36	1.05	0.95				
	317	1	0.0	0.0	0.0	0.0	3	1.0439501403860096	2.841915788145372	230.0	37	1.05	0.95				
	318	2	246.45792472736844	50.32774438877193	0.0	0.0	3	1.0429964872637814	2.1151967049079756	230.0	37	1.05	0.95				
	319	1	133.96061374070177	27.38421385859649	0.0	0.0	3	1.0333212351663306	2.5166163466523117	230.0	35	1.05	0.95				
	320	1	94.73457767298245	19.24296108982456	0.0	0.0	3	1.0339667911947001	3.851664371333837	230.0	35	1.05	0.95				
	321	2	0.0	0.0	0.0	0.0	3	1.0453535230424893	2.983105891880517	230.0	37	1.05	0.95				
	322	2	0.0	0.0	0.0	0.0	3	1.05	7.2591974977563885	230.0	37	1.05	0.95				
	323	2	0.0	0.0	0.0	0.0	3	1.0351865035356556	4.542829877201449	230.0	35	1.05	0.95				
	324	1	0.0	0.0	0.0	0.0	3	1.0157060491130756	-2.4145795282795217	230.0	36	1.05	0.95				
	325	1	0.0	0.0	0.0	0.0	3	1.0359872673645916	5.00335769069834	230.0	35	1.05	0.95				
];
